# Export File Created with QBlade CE v2.0.9.7b_beta windows on 13.08.2026 at 22:23:59
Blade_NACA_0018_Circ70_Sol0.25 Simulation 3.13;Blade_NACA_0018_Circ70_Sol0.25 Simulation 3.13;Blade_NACA_0018_Circ70_Sol0.25 Simulation 3.13;Blade_NACA_0018_Circ70_Sol0.25 Simulation 3.13;Blade_NACA_0018_Circ70_Sol0.25 Simulation 3.13;Blade_NACA_0018_Circ70_Sol0.25 Simulation 3.13;Blade_NACA_0018_Circ70_Sol0.25 Simulation 3.13;Blade_NACA_0018_Circ70_Sol0.25 Simulation 3.13;Blade_NACA_0018_Circ70_Sol0.25 Simulation 3.13;Blade_NACA_0018_Circ70_Sol0.25 Simulation 3.13;Blade_NACA_0018_Circ70_Sol0.25 Simulation 3.13;Blade_NACA_0018_Circ70_Sol0.25 Simulation 3.13;Blade_NACA_0018_Circ70_Sol0.25 Simulation 3.13;Blade_NACA_0018_Circ70_Sol0.25 Simulation 3.13;Blade_NACA_0018_Circ70_Sol0.25 Simulation 3.13;Blade_NACA_0018_Circ70_Sol0.25 Simulation 3.13;Blade_NACA_0018_Circ70_Sol0.25 Simulation 3.13;Blade_NACA_0018_Circ70_Sol0.25 Simulation 3.13;Blade_NACA_0018_Circ70_Sol0.25 Simulation 3.13;Blade_NACA_0018_Circ70_Sol0.25 Simulation 3.13;Blade_NACA_0018_Circ70_Sol0.25 Simulation 3.13;Blade_NACA_0018_Circ70_Sol0.25 Simulation 3.13;Blade_NACA_0018_Circ70_Sol0.25 Simulation 3.13;Blade_NACA_0018_Circ70_Sol0.25 Simulation 3.13;Blade_NACA_0018_Circ70_Sol0.25 Simulation 3.13;Blade_NACA_0018_Circ70_Sol0.25 Simulation 3.13;Blade_NACA_0018_Circ70_Sol0.25 Simulation 3.13;Blade_NACA_0018_Circ70_Sol0.25 Simulation 3.13;Blade_NACA_0018_Circ70_Sol0.25 Simulation 3.13;Blade_NACA_0018_Circ70_Sol0.25 Simulation 3.13;Blade_NACA_0018_Circ70_Sol0.25 Simulation 3.13;Blade_NACA_0018_Circ70_Sol0.25 Simulation 3.13;Blade_NACA_0018_Circ70_Sol0.25 Simulation 3.13;Blade_NACA_0018_Circ70_Sol0.25 Simulation 3.13;Blade_NACA_0018_Circ70_Sol0.25 Simulation 3.13;Blade_NACA_0018_Circ70_Sol0.25 Simulation 3.13;Blade_NACA_0018_Circ70_Sol0.25 Simulation 3.13;Blade_NACA_0018_Circ70_Sol0.25 Simulation 3.13;Blade_NACA_0018_Circ70_Sol0.25 Simulation 3.13;Blade_NACA_0018_Circ70_Sol0.25 Simulation 3.13;Blade_NACA_0018_Circ70_Sol0.25 Simulation 3.13;Blade_NACA_0018_Circ70_Sol0.25 Simulation 3.13;Blade_NACA_0018_Circ70_Sol0.25 Simulation 3.13;Blade_NACA_0018_Circ70_Sol0.25 Simulation 3.13;Blade_NACA_0018_Circ70_Sol0.25 Simulation 3.13;Blade_NACA_0018_Circ70_Sol0.25 Simulation 3.13;Blade_NACA_0018_Circ70_Sol0.25 Simulation 3.13;Blade_NACA_0018_Circ70_Sol0.25 Simulation 3.13;Blade_NACA_0018_Circ70_Sol0.25 Simulation 3.13;Blade_NACA_0018_Circ70_Sol0.25 Simulation 3.13;Blade_NACA_0018_Circ70_Sol0.25 Simulation 3.13;Blade_NACA_0018_Circ70_Sol0.25 Simulation 3.13;Blade_NACA_0018_Circ70_Sol0.25 Simulation 3.13;Blade_NACA_0018_Circ70_Sol0.25 Simulation 3.13;Blade_NACA_0018_Circ70_Sol0.25 Simulation 3.13;Blade_NACA_0018_Circ70_Sol0.25 Simulation 3.13;Blade_NACA_0018_Circ70_Sol0.25 Simulation 3.13;Blade_NACA_0018_Circ70_Sol0.25 Simulation 3.13;Blade_NACA_0018_Circ70_Sol0.25 Simulation 3.13;Blade_NACA_0018_Circ70_Sol0.25 Simulation 3.13;Blade_NACA_0018_Circ70_Sol0.25 Simulation 3.13;Blade_NACA_0018_Circ70_Sol0.25 Simulation 3.13;Blade_NACA_0018_Circ70_Sol0.25 Simulation 3.13;Blade_NACA_0018_Circ70_Sol0.25 Simulation 3.13;Blade_NACA_0018_Circ70_Sol0.25 Simulation 3.13;Blade_NACA_0018_Circ70_Sol0.25 Simulation 3.13;Blade_NACA_0018_Circ70_Sol0.25 Simulation 3.13;Blade_NACA_0018_Circ70_Sol0.25 Simulation 3.13;Blade_NACA_0018_Circ70_Sol0.25 Simulation 3.13;Blade_NACA_0018_Circ70_Sol0.25 Simulation 3.13;Blade_NACA_0018_Circ70_Sol0.25 Simulation 3.13;Blade_NACA_0018_Circ70_Sol0.25 Simulation 3.13;Blade_NACA_0018_Circ70_Sol0.25 Simulation 3.13;Blade_NACA_0018_Circ70_Sol0.25 Simulation 3.13;Blade_NACA_0018_Circ70_Sol0.25 Simulation 3.13;Blade_NACA_0018_Circ70_Sol0.25 Simulation 3.13;Blade_NACA_0018_Circ70_Sol0.25 Simulation 3.13;Blade_NACA_0018_Circ70_Sol0.25 Simulation 3.13;Blade_NACA_0018_Circ70_Sol0.25 Simulation 3.13;Blade_NACA_0018_Circ70_Sol0.25 Simulation 3.13;Blade_NACA_0018_Circ70_Sol0.25 Simulation 3.13;Blade_NACA_0018_Circ70_Sol0.25 Simulation 3.13;Blade_NACA_0018_Circ70_Sol0.25 Simulation 3.13;Blade_NACA_0018_Circ70_Sol0.25 Simulation 3.13;Blade_NACA_0018_Circ70_Sol0.25 Simulation 3.13;Blade_NACA_0018_Circ70_Sol0.25 Simulation 3.13;Blade_NACA_0018_Circ70_Sol0.25 Simulation 3.13;Blade_NACA_0018_Circ70_Sol0.25 Simulation 3.13;Blade_NACA_0018_Circ70_Sol0.25 Simulation 3.13;Blade_NACA_0018_Circ70_Sol0.25 Simulation 3.13;Blade_NACA_0018_Circ70_Sol0.25 Simulation 3.13;Blade_NACA_0018_Circ70_Sol0.25 Simulation 3.13;Blade_NACA_0018_Circ70_Sol0.25 Simulation 3.13;Blade_NACA_0018_Circ70_Sol0.25 Simulation 3.13;Blade_NACA_0018_Circ70_Sol0.25 Simulation 3.13;Blade_NACA_0018_Circ70_Sol0.25 Simulation 3.13;Blade_NACA_0018_Circ70_Sol0.25 Simulation 3.13;Blade_NACA_0018_Circ70_Sol0.25 Simulation 3.13;Blade_NACA_0018_Circ70_Sol0.25 Simulation 3.13;Blade_NACA_0018_Circ70_Sol0.25 Simulation 3.13;Blade_NACA_0018_Circ70_Sol0.25 Simulation 3.13;Blade_NACA_0018_Circ70_Sol0.25 Simulation 3.13;Blade_NACA_0018_Circ70_Sol0.25 Simulation 3.13;Blade_NACA_0018_Circ70_Sol0.25 Simulation 3.13;Blade_NACA_0018_Circ70_Sol0.25 Simulation 3.13;Blade_NACA_0018_Circ70_Sol0.25 Simulation 3.13;Blade_NACA_0018_Circ70_Sol0.25 Simulation 3.13;Blade_NACA_0018_Circ70_Sol0.25 Simulation 3.13;Blade_NACA_0018_Circ70_Sol0.25 Simulation 3.13;Blade_NACA_0018_Circ70_Sol0.25 Simulation 3.13;Blade_NACA_0018_Circ70_Sol0.25 Simulation 3.13;Blade_NACA_0018_Circ70_Sol0.25 Simulation 3.13;Blade_NACA_0018_Circ70_Sol0.25 Simulation 3.13;Blade_NACA_0018_Circ70_Sol0.25 Simulation 3.13;Blade_NACA_0018_Circ70_Sol0.25 Simulation 3.13;Blade_NACA_0018_Circ70_Sol0.25 Simulation 3.13;Blade_NACA_0018_Circ70_Sol0.25 Simulation 3.13;Blade_NACA_0018_Circ70_Sol0.25 Simulation 3.13;Blade_NACA_0018_Circ70_Sol0.25 Simulation 3.13;Blade_NACA_0018_Circ70_Sol0.25 Simulation 3.13;Blade_NACA_0018_Circ70_Sol0.25 Simulation 3.13;Blade_NACA_0018_Circ70_Sol0.25 Simulation 3.13;Blade_NACA_0018_Circ70_Sol0.25 Simulation 3.13;Blade_NACA_0018_Circ70_Sol0.25 Simulation 3.13;Blade_NACA_0018_Circ70_Sol0.25 Simulation 3.13;Blade_NACA_0018_Circ70_Sol0.25 Simulation 3.13;Blade_NACA_0018_Circ70_Sol0.25 Simulation 3.13;Blade_NACA_0018_Circ70_Sol0.25 Simulation 3.13;Blade_NACA_0018_Circ70_Sol0.25 Simulation 3.13;Blade_NACA_0018_Circ70_Sol0.25 Simulation 3.13;Blade_NACA_0018_Circ70_Sol0.25 Simulation 3.13;Blade_NACA_0018_Circ70_Sol0.25 Simulation 3.13;Blade_NACA_0018_Circ70_Sol0.25 Simulation 3.13;Blade_NACA_0018_Circ70_Sol0.25 Simulation 3.13;Blade_NACA_0018_Circ70_Sol0.25 Simulation 3.13;Blade_NACA_0018_Circ70_Sol0.25 Simulation 3.13;Blade_NACA_0018_Circ70_Sol0.25 Simulation 3.13;Blade_NACA_0018_Circ70_Sol0.25 Simulation 3.13;Blade_NACA_0018_Circ70_Sol0.25 Simulation 3.13;Blade_NACA_0018_Circ70_Sol0.25 Simulation 3.13;Blade_NACA_0018_Circ70_Sol0.25 Simulation 3.13;Blade_NACA_0018_Circ70_Sol0.25 Simulation 3.13;Blade_NACA_0018_Circ70_Sol0.25 Simulation 3.13;Blade_NACA_0018_Circ70_Sol0.25 Simulation 3.13;Blade_NACA_0018_Circ70_Sol0.25 Simulation 3.13;Blade_NACA_0018_Circ70_Sol0.25 Simulation 3.13;Blade_NACA_0018_Circ70_Sol0.25 Simulation 3.13;Blade_NACA_0018_Circ70_Sol0.25 Simulation 3.13;Blade_NACA_0018_Circ70_Sol0.25 Simulation 3.13;Blade_NACA_0018_Circ70_Sol0.25 Simulation 3.13;Blade_NACA_0018_Circ70_Sol0.25 Simulation 3.13;Blade_NACA_0018_Circ70_Sol0.25 Simulation 3.13;Blade_NACA_0018_Circ70_Sol0.25 Simulation 3.13;Blade_NACA_0018_Circ70_Sol0.25 Simulation 3.13;Blade_NACA_0018_Circ70_Sol0.25 Simulation 3.13;Blade_NACA_0018_Circ70_Sol0.25 Simulation 3.13;Blade_NACA_0018_Circ70_Sol0.25 Simulation 3.13;Blade_NACA_0018_Circ70_Sol0.25 Simulation 3.13;Blade_NACA_0018_Circ70_Sol0.25 Simulation 3.13;Blade_NACA_0018_Circ70_Sol0.25 Simulation 3.13;Blade_NACA_0018_Circ70_Sol0.25 Simulation 3.13;Blade_NACA_0018_Circ70_Sol0.25 Simulation 3.13;Blade_NACA_0018_Circ70_Sol0.25 Simulation 3.13;Blade_NACA_0018_Circ70_Sol0.25 Simulation 3.13;Blade_NACA_0018_Circ70_Sol0.25 Simulation 3.13;Blade_NACA_0018_Circ70_Sol0.25 Simulation 3.13;Blade_NACA_0018_Circ70_Sol0.25 Simulation 3.13;Blade_NACA_0018_Circ70_Sol0.25 Simulation 3.13;Blade_NACA_0018_Circ70_Sol0.25 Simulation 3.13;Blade_NACA_0018_Circ70_Sol0.25 Simulation 3.13;Blade_NACA_0018_Circ70_Sol0.25 Simulation 3.13;Blade_NACA_0018_Circ70_Sol0.25 Simulation 3.13;Blade_NACA_0018_Circ70_Sol0.25 Simulation 3.13;Blade_NACA_0018_Circ70_Sol0.25 Simulation 3.13;Blade_NACA_0018_Circ70_Sol0.25 Simulation 3.13;Blade_NACA_0018_Circ70_Sol0.25 Simulation 3.13;Blade_NACA_0018_Circ70_Sol0.25 Simulation 3.13;Blade_NACA_0018_Circ70_Sol0.25 Simulation 3.13;Blade_NACA_0018_Circ70_Sol0.25 Simulation 3.13;Blade_NACA_0018_Circ70_Sol0.25 Simulation 3.13;Blade_NACA_0018_Circ70_Sol0.25 Simulation 3.13;Blade_NACA_0018_Circ70_Sol0.25 Simulation 3.13;Blade_NACA_0018_Circ70_Sol0.25 Simulation 3.13;Blade_NACA_0018_Circ70_Sol0.25 Simulation 3.13;Blade_NACA_0018_Circ70_Sol0.25 Simulation 3.13;Blade_NACA_0018_Circ70_Sol0.25 Simulation 3.13;Blade_NACA_0018_Circ70_Sol0.25 Simulation 3.13;Blade_NACA_0018_Circ70_Sol0.25 Simulation 3.13;Blade_NACA_0018_Circ70_Sol0.25 Simulation 3.13;Blade_NACA_0018_Circ70_Sol0.25 Simulation 3.13;Blade_NACA_0018_Circ70_Sol0.25 Simulation 3.13;Blade_NACA_0018_Circ70_Sol0.25 Simulation 3.13;Blade_NACA_0018_Circ70_Sol0.25 Simulation 3.13;Blade_NACA_0018_Circ70_Sol0.25 Simulation 3.13;Blade_NACA_0018_Circ70_Sol0.25 Simulation 3.13;Blade_NACA_0018_Circ70_Sol0.25 Simulation 3.13;Blade_NACA_0018_Circ70_Sol0.25 Simulation 3.13;Blade_NACA_0018_Circ70_Sol0.25 Simulation 3.13;Blade_NACA_0018_Circ70_Sol0.25 Simulation 3.13;Blade_NACA_0018_Circ70_Sol0.25 Simulation 3.13;Blade_NACA_0018_Circ70_Sol0.25 Simulation 3.13;Blade_NACA_0018_Circ70_Sol0.25 Simulation 3.13;Blade_NACA_0018_Circ70_Sol0.25 Simulation 3.13;Blade_NACA_0018_Circ70_Sol0.25 Simulation 3.13;Blade_NACA_0018_Circ70_Sol0.25 Simulation 3.13;Blade_NACA_0018_Circ70_Sol0.25 Simulation 3.13;Blade_NACA_0018_Circ70_Sol0.25 Simulation 3.13;Blade_NACA_0018_Circ70_Sol0.25 Simulation 3.13;Blade_NACA_0018_Circ70_Sol0.25 Simulation 3.13;Blade_NACA_0018_Circ70_Sol0.25 Simulation 3.13;Blade_NACA_0018_Circ70_Sol0.25 Simulation 3.13;Blade_NACA_0018_Circ70_Sol0.25 Simulation 3.13;Blade_NACA_0018_Circ70_Sol0.25 Simulation 3.13;Blade_NACA_0018_Circ70_Sol0.25 Simulation 3.13;Blade_NACA_0018_Circ70_Sol0.25 Simulation 3.13;Blade_NACA_0018_Circ70_Sol0.25 Simulation 3.13;Blade_NACA_0018_Circ70_Sol0.25 Simulation 3.13;Blade_NACA_0018_Circ70_Sol0.25 Simulation 3.13;Blade_NACA_0018_Circ70_Sol0.25 Simulation 3.13;Blade_NACA_0018_Circ70_Sol0.25 Simulation 3.13;Blade_NACA_0018_Circ70_Sol0.25 Simulation 3.13;Blade_NACA_0018_Circ70_Sol0.25 Simulation 3.13;Blade_NACA_0018_Circ70_Sol0.25 Simulation 3.13;Blade_NACA_0018_Circ70_Sol0.25 Simulation 3.13;Blade_NACA_0018_Circ70_Sol0.25 Simulation 3.13;Blade_NACA_0018_Circ70_Sol0.25 Simulation 3.13;Blade_NACA_0018_Circ70_Sol0.25 Simulation 3.13;Blade_NACA_0018_Circ70_Sol0.25 Simulation 3.13;Blade_NACA_0018_Circ70_Sol0.25 Simulation 3.13;Blade_NACA_0018_Circ70_Sol0.25 Simulation 3.13;Blade_NACA_0018_Circ70_Sol0.25 Simulation 3.13;Blade_NACA_0018_Circ70_Sol0.25 Simulation 3.13;Blade_NACA_0018_Circ70_Sol0.25 Simulation 3.13;Blade_NACA_0018_Circ70_Sol0.25 Simulation 3.13;Blade_NACA_0018_Circ70_Sol0.25 Simulation 3.13;Blade_NACA_0018_Circ70_Sol0.25 Simulation 3.13;Blade_NACA_0018_Circ70_Sol0.25 Simulation 3.13;Blade_NACA_0018_Circ70_Sol0.25 Simulation 3.13;Blade_NACA_0018_Circ70_Sol0.25 Simulation 3.13;Blade_NACA_0018_Circ70_Sol0.25 Simulation 3.13;Blade_NACA_0018_Circ70_Sol0.25 Simulation 3.13;Blade_NACA_0018_Circ70_Sol0.25 Simulation 3.13;Blade_NACA_0018_Circ70_Sol0.25 Simulation 3.13;Blade_NACA_0018_Circ70_Sol0.25 Simulation 3.13;Blade_NACA_0018_Circ70_Sol0.25 Simulation 3.13;Blade_NACA_0018_Circ70_Sol0.25 Simulation 3.13;Blade_NACA_0018_Circ70_Sol0.25 Simulation 3.13;Blade_NACA_0018_Circ70_Sol0.25 Simulation 3.13;Blade_NACA_0018_Circ70_Sol0.25 Simulation 3.13;Blade_NACA_0018_Circ70_Sol0.25 Simulation 3.13;Blade_NACA_0018_Circ70_Sol0.25 Simulation 3.13;Blade_NACA_0018_Circ70_Sol0.25 Simulation 3.13;Blade_NACA_0018_Circ70_Sol0.25 Simulation 3.13;Blade_NACA_0018_Circ70_Sol0.25 Simulation 3.13;Blade_NACA_0018_Circ70_Sol0.25 Simulation 3.13;Blade_NACA_0018_Circ70_Sol0.25 Simulation 3.13;Blade_NACA_0018_Circ70_Sol0.25 Simulation 3.13;Blade_NACA_0018_Circ70_Sol0.25 Simulation 3.13;Blade_NACA_0018_Circ70_Sol0.25 Simulation 3.13;Blade_NACA_0018_Circ70_Sol0.25 Simulation 3.13;Blade_NACA_0018_Circ70_Sol0.25 Simulation 3.13;Blade_NACA_0018_Circ70_Sol0.25 Simulation 3.13;Blade_NACA_0018_Circ70_Sol0.25 Simulation 3.13;Blade_NACA_0018_Circ70_Sol0.25 Simulation 3.13;Blade_NACA_0018_Circ70_Sol0.25 Simulation 3.13;Blade_NACA_0018_Circ70_Sol0.25 Simulation 3.13;Blade_NACA_0018_Circ70_Sol0.25 Simulation 3.13;Blade_NACA_0018_Circ70_Sol0.25 Simulation 3.13;Blade_NACA_0018_Circ70_Sol0.25 Simulation 3.13;Blade_NACA_0018_Circ70_Sol0.25 Simulation 3.13;Blade_NACA_0018_Circ70_Sol0.25 Simulation 3.13;Blade_NACA_0018_Circ70_Sol0.25 Simulation 3.13;Blade_NACA_0018_Circ70_Sol0.25 Simulation 3.13;Blade_NACA_0018_Circ70_Sol0.25 Simulation 3.13;Blade_NACA_0018_Circ70_Sol0.25 Simulation 3.13;Blade_NACA_0018_Circ70_Sol0.25 Simulation 3.13;Blade_NACA_0018_Circ70_Sol0.25 Simulation 3.13;Blade_NACA_0018_Circ70_Sol0.25 Simulation 3.13;Blade_NACA_0018_Circ70_Sol0.25 Simulation 3.13;Blade_NACA_0018_Circ70_Sol0.25 Simulation 3.13;Blade_NACA_0018_Circ70_Sol0.25 Simulation 3.13;Blade_NACA_0018_Circ70_Sol0.25 Simulation 3.13;Blade_NACA_0018_Circ70_Sol0.25 Simulation 3.13;Blade_NACA_0018_Circ70_Sol0.25 Simulation 3.13;Blade_NACA_0018_Circ70_Sol0.25 Simulation 3.13;Blade_NACA_0018_Circ70_Sol0.25 Simulation 3.13;Blade_NACA_0018_Circ70_Sol0.25 Simulation 3.13;Blade_NACA_0018_Circ70_Sol0.25 Simulation 3.13;Blade_NACA_0018_Circ70_Sol0.25 Simulation 3.13;Blade_NACA_0018_Circ70_Sol0.25 Simulation 3.13;Blade_NACA_0018_Circ70_Sol0.25 Simulation 3.13;Blade_NACA_0018_Circ70_Sol0.25 Simulation 3.13;Blade_NACA_0018_Circ70_Sol0.25 Simulation 3.13;Blade_NACA_0018_Circ70_Sol0.25 Simulation 3.13;Blade_NACA_0018_Circ70_Sol0.25 Simulation 3.13;Blade_NACA_0018_Circ70_Sol0.25 Simulation 3.13;Blade_NACA_0018_Circ70_Sol0.25 Simulation 3.13;Blade_NACA_0018_Circ70_Sol0.25 Simulation 3.13;Blade_NACA_0018_Circ70_Sol0.25 Simulation 3.13;Blade_NACA_0018_Circ70_Sol0.25 Simulation 3.13;Blade_NACA_0018_Circ70_Sol0.25 Simulation 3.13;Blade_NACA_0018_Circ70_Sol0.25 Simulation 3.13;Blade_NACA_0018_Circ70_Sol0.25 Simulation 3.13;Blade_NACA_0018_Circ70_Sol0.25 Simulation 3.13;Blade_NACA_0018_Circ70_Sol0.25 Simulation 3.13;Blade_NACA_0018_Circ70_Sol0.25 Simulation 3.13;Blade_NACA_0018_Circ70_Sol0.25 Simulation 3.13;Blade_NACA_0018_Circ70_Sol0.25 Simulation 3.13;Blade_NACA_0018_Circ70_Sol0.25 Simulation 3.13;Blade_NACA_0018_Circ70_Sol0.25 Simulation 3.13;Blade_NACA_0018_Circ70_Sol0.25 Simulation 3.13;Blade_NACA_0018_Circ70_Sol0.25 Simulation 3.13;Blade_NACA_0018_Circ70_Sol0.25 Simulation 3.13;Blade_NACA_0018_Circ70_Sol0.25 Simulation 3.13;Blade_NACA_0018_Circ70_Sol0.25 Simulation 3.13;Blade_NACA_0018_Circ70_Sol0.25 Simulation 3.13;Blade_NACA_0018_Circ70_Sol0.25 Simulation 3.13;Blade_NACA_0018_Circ70_Sol0.25 Simulation 3.13;Blade_NACA_0018_Circ70_Sol0.25 Simulation 3.13;Blade_NACA_0018_Circ70_Sol0.25 Simulation 3.13;Blade_NACA_0018_Circ70_Sol0.25 Simulation 3.13;Blade_NACA_0018_Circ70_Sol0.25 Simulation 3.13;Blade_NACA_0018_Circ70_Sol0.25 Simulation 3.13;Blade_NACA_0018_Circ70_Sol0.25 Simulation 3.13;Blade_NACA_0018_Circ70_Sol0.25 Simulation 3.13;Blade_NACA_0018_Circ70_Sol0.25 Simulation 3.13;Blade_NACA_0018_Circ70_Sol0.25 Simulation 3.13;Blade_NACA_0018_Circ70_Sol0.25 Simulation 3.13;Blade_NACA_0018_Circ70_Sol0.25 Simulation 3.13;Blade_NACA_0018_Circ70_Sol0.25 Simulation 3.13;Blade_NACA_0018_Circ70_Sol0.25 Simulation 3.13;Blade_NACA_0018_Circ70_Sol0.25 Simulation 3.13;Blade_NACA_0018_Circ70_Sol0.25 Simulation 3.13;Blade_NACA_0018_Circ70_Sol0.25 Simulation 3.13;Blade_NACA_0018_Circ70_Sol0.25 Simulation 3.13;Blade_NACA_0018_Circ70_Sol0.25 Simulation 3.13;Blade_NACA_0018_Circ70_Sol0.25 Simulation 3.13;Blade_NACA_0018_Circ70_Sol0.25 Simulation 3.13;Blade_NACA_0018_Circ70_Sol0.25 Simulation 3.13;Blade_NACA_0018_Circ70_Sol0.25 Simulation 3.13;Blade_NACA_0018_Circ70_Sol0.25 Simulation 3.13;Blade_NACA_0018_Circ70_Sol0.25 Simulation 3.13;Blade_NACA_0018_Circ70_Sol0.25 Simulation 3.13;Blade_NACA_0018_Circ70_Sol0.25 Simulation 3.13;Blade_NACA_0018_Circ70_Sol0.25 Simulation 3.13;Blade_NACA_0018_Circ70_Sol0.25 Simulation 3.13;Blade_NACA_0018_Circ70_Sol0.25 Simulation 3.13;Blade_NACA_0018_Circ70_Sol0.25 Simulation 3.13;Blade_NACA_0018_Circ70_Sol0.25 Simulation 3.13;Blade_NACA_0018_Circ70_Sol0.25 Simulation 3.13;Blade_NACA_0018_Circ70_Sol0.25 Simulation 3.13;Blade_NACA_0018_Circ70_Sol0.25 Simulation 3.13;Blade_NACA_0018_Circ70_Sol0.25 Simulation 3.13;Blade_NACA_0018_Circ70_Sol0.25 Simulation 3.13;Blade_NACA_0018_Circ70_Sol0.25 Simulation 3.13;Blade_NACA_0018_Circ70_Sol0.25 Simulation 3.13;Blade_NACA_0018_Circ70_Sol0.25 Simulation 3.13;Blade_NACA_0018_Circ70_Sol0.25 Simulation 3.13;Blade_NACA_0018_Circ70_Sol0.25 Simulation 3.13;Blade_NACA_0018_Circ70_Sol0.25 Simulation 3.13;Blade_NACA_0018_Circ70_Sol0.25 Simulation 3.13;Blade_NACA_0018_Circ70_Sol0.25 Simulation 3.13;Blade_NACA_0018_Circ70_Sol0.25 Simulation 3.13;Blade_NACA_0018_Circ70_Sol0.25 Simulation 3.13;Blade_NACA_0018_Circ70_Sol0.25 Simulation 3.13;Blade_NACA_0018_Circ70_Sol0.25 Simulation 3.13;Blade_NACA_0018_Circ70_Sol0.25 Simulation 3.13;Blade_NACA_0018_Circ70_Sol0.25 Simulation 3.13;Blade_NACA_0018_Circ70_Sol0.25 Simulation 3.13;Blade_NACA_0018_Circ70_Sol0.25 Simulation 3.13;Blade_NACA_0018_Circ70_Sol0.25 Simulation 3.13;Blade_NACA_0018_Circ70_Sol0.25 Simulation 3.13;Blade_NACA_0018_Circ70_Sol0.25 Simulation 3.13;Blade_NACA_0018_Circ70_Sol0.25 Simulation 3.13;Blade_NACA_0018_Circ70_Sol0.25 Simulation 3.13;Blade_NACA_0018_Circ70_Sol0.25 Simulation 3.13;Blade_NACA_0018_Circ70_Sol0.25 Simulation 3.13;Blade_NACA_0018_Circ70_Sol0.25 Simulation 3.13;Blade_NACA_0018_Circ70_Sol0.25 Simulation 3.13;Blade_NACA_0018_Circ70_Sol0.25 Simulation 3.13;Blade_NACA_0018_Circ70_Sol0.25 Simulation 3.13;Blade_NACA_0018_Circ70_Sol0.25 Simulation 3.13;Blade_NACA_0018_Circ70_Sol0.25 Simulation 3.13;Blade_NACA_0018_Circ70_Sol0.25 Simulation 3.13;Blade_NACA_0018_Circ70_Sol0.25 Simulation 3.13;Blade_NACA_0018_Circ70_Sol0.25 Simulation 3.13;Blade_NACA_0018_Circ70_Sol0.25 Simulation 3.13;Blade_NACA_0018_Circ70_Sol0.25 Simulation 3.13;Blade_NACA_0018_Circ70_Sol0.25 Simulation 3.13;Blade_NACA_0018_Circ70_Sol0.25 Simulation 3.13;Blade_NACA_0018_Circ70_Sol0.25 Simulation 3.13;Blade_NACA_0018_Circ70_Sol0.25 Simulation 3.13;Blade_NACA_0018_Circ70_Sol0.25 Simulation 3.13;Blade_NACA_0018_Circ70_Sol0.25 Simulation 3.13;Blade_NACA_0018_Circ70_Sol0.25 Simulation 3.13;Blade_NACA_0018_Circ70_Sol0.25 Simulation 3.13;Blade_NACA_0018_Circ70_Sol0.25 Simulation 3.13;Blade_NACA_0018_Circ70_Sol0.25 Simulation 3.13;Blade_NACA_0018_Circ70_Sol0.25 Simulation 3.13;Blade_NACA_0018_Circ70_Sol0.25 Simulation 3.13;Blade_NACA_0018_Circ70_Sol0.25 Simulation 3.13;Blade_NACA_0018_Circ70_Sol0.25 Simulation 3.13;Blade_NACA_0018_Circ70_Sol0.25 Simulation 3.13;Blade_NACA_0018_Circ70_Sol0.25 Simulation 3.13;Blade_NACA_0018_Circ70_Sol0.25 Simulation 3.13;Blade_NACA_0018_Circ70_Sol0.25 Simulation 3.13;Blade_NACA_0018_Circ70_Sol0.25 Simulation 3.13;Blade_NACA_0018_Circ70_Sol0.25 Simulation 3.13;Blade_NACA_0018_Circ70_Sol0.25 Simulation 3.13;Blade_NACA_0018_Circ70_Sol0.25 Simulation 3.13;Blade_NACA_0018_Circ70_Sol0.25 Simulation 3.13;Blade_NACA_0018_Circ70_Sol0.25 Simulation 3.13;Blade_NACA_0018_Circ70_Sol0.25 Simulation 3.13;Blade_NACA_0018_Circ70_Sol0.25 Simulation 3.13;Blade_NACA_0018_Circ70_Sol0.25 Simulation 3.13;Blade_NACA_0018_Circ70_Sol0.25 Simulation 3.13;Blade_NACA_0018_Circ70_Sol0.25 Simulation 3.13;Blade_NACA_0018_Circ70_Sol0.25 Simulation 3.13;Blade_NACA_0018_Circ70_Sol0.25 Simulation 3.13;Blade_NACA_0018_Circ70_Sol0.25 Simulation 3.13;Blade_NACA_0018_Circ70_Sol0.25 Simulation 3.13;Blade_NACA_0018_Circ70_Sol0.25 Simulation 3.13;Blade_NACA_0018_Circ70_Sol0.25 Simulation 3.13;Blade_NACA_0018_Circ70_Sol0.25 Simulation 3.13;Blade_NACA_0018_Circ70_Sol0.25 Simulation 3.13;Blade_NACA_0018_Circ70_Sol0.25 Simulation 3.13;Blade_NACA_0018_Circ70_Sol0.25 Simulation 3.13;Blade_NACA_0018_Circ70_Sol0.25 Simulation 3.13;Blade_NACA_0018_Circ70_Sol0.25 Simulation 3.13;Blade_NACA_0018_Circ70_Sol0.25 Simulation 3.13;Blade_NACA_0018_Circ70_Sol0.25 Simulation 3.13;Blade_NACA_0018_Circ70_Sol0.25 Simulation 3.13;Blade_NACA_0018_Circ70_Sol0.25 Simulation 3.13;Blade_NACA_0018_Circ70_Sol0.25 Simulation 3.13;Blade_NACA_0018_Circ70_Sol0.25 Simulation 3.13;Blade_NACA_0018_Circ70_Sol0.25 Simulation 3.13;Blade_NACA_0018_Circ70_Sol0.25 Simulation 3.13;Blade_NACA_0018_Circ70_Sol0.25 Simulation 3.13;Blade_NACA_0018_Circ70_Sol0.25 Simulation 3.13;Blade_NACA_0018_Circ70_Sol0.25 Simulation 3.13;Blade_NACA_0018_Circ70_Sol0.25 Simulation 3.13;Blade_NACA_0018_Circ70_Sol0.25 Simulation 3.13;Blade_NACA_0018_Circ70_Sol0.25 Simulation 3.13;Blade_NACA_0018_Circ70_Sol0.25 Simulation 3.13;Blade_NACA_0018_Circ70_Sol0.25 Simulation 3.13;Blade_NACA_0018_Circ70_Sol0.25 Simulation 3.13;Blade_NACA_0018_Circ70_Sol0.25 Simulation 3.13;Blade_NACA_0018_Circ70_Sol0.25 Simulation 3.13;Blade_NACA_0018_Circ70_Sol0.25 Simulation 3.13;Blade_NACA_0018_Circ70_Sol0.25 Simulation 3.13;Blade_NACA_0018_Circ70_Sol0.25 Simulation 3.13;Blade_NACA_0018_Circ70_Sol0.25 Simulation 3.13;Blade_NACA_0018_Circ70_Sol0.25 Simulation 3.13;Blade_NACA_0018_Circ70_Sol0.25 Simulation 3.13;Blade_NACA_0018_Circ70_Sol0.25 Simulation 3.13;Blade_NACA_0018_Circ70_Sol0.25 Simulation 3.13;Blade_NACA_0018_Circ70_Sol0.25 Simulation 3.13;Blade_NACA_0018_Circ70_Sol0.25 Simulation 3.13;Blade_NACA_0018_Circ70_Sol0.25 Simulation 3.13;Blade_NACA_0018_Circ70_Sol0.25 Simulation 3.13;Blade_NACA_0018_Circ70_Sol0.25 Simulation 3.13;Blade_NACA_0018_Circ70_Sol0.25 Simulation 3.13;Blade_NACA_0018_Circ70_Sol0.25 Simulation 3.13;Blade_NACA_0018_Circ70_Sol0.25 Simulation 3.13;Blade_NACA_0018_Circ70_Sol0.25 Simulation 3.13;Blade_NACA_0018_Circ70_Sol0.25 Simulation 3.13;Blade_NACA_0018_Circ70_Sol0.25 Simulation 3.13;Blade_NACA_0018_Circ70_Sol0.25 Simulation 3.13;Blade_NACA_0018_Circ70_Sol0.25 Simulation 3.13;Blade_NACA_0018_Circ70_Sol0.25 Simulation 3.13;Blade_NACA_0018_Circ70_Sol0.25 Simulation 3.13;Blade_NACA_0018_Circ70_Sol0.25 Simulation 3.13;Blade_NACA_0018_Circ70_Sol0.25 Simulation 3.13;Blade_NACA_0018_Circ70_Sol0.25 Simulation 3.13;Blade_NACA_0018_Circ70_Sol0.25 Simulation 3.13;Blade_NACA_0018_Circ70_Sol0.25 Simulation 3.13;Blade_NACA_0018_Circ70_Sol0.25 Simulation 3.13;Blade_NACA_0018_Circ70_Sol0.25 Simulation 3.13;Blade_NACA_0018_Circ70_Sol0.25 Simulation 3.13;Blade_NACA_0018_Circ70_Sol0.25 Simulation 3.13;Blade_NACA_0018_Circ70_Sol0.25 Simulation 3.13;Blade_NACA_0018_Circ70_Sol0.25 Simulation 3.13;Blade_NACA_0018_Circ70_Sol0.25 Simulation 3.13;Blade_NACA_0018_Circ70_Sol0.25 Simulation 3.13;Blade_NACA_0018_Circ70_Sol0.25 Simulation 3.13;Blade_NACA_0018_Circ70_Sol0.25 Simulation 3.13;Blade_NACA_0018_Circ70_Sol0.25 Simulation 3.13;Blade_NACA_0018_Circ70_Sol0.25 Simulation 3.13;Blade_NACA_0018_Circ70_Sol0.25 Simulation 3.13;Blade_NACA_0018_Circ70_Sol0.25 Simulation 3.13;Blade_NACA_0018_Circ70_Sol0.25 Simulation 3.13;Blade_NACA_0018_Circ70_Sol0.25 Simulation 3.13;Blade_NACA_0018_Circ70_Sol0.25 Simulation 3.13;Blade_NACA_0018_Circ70_Sol0.25 Simulation 3.13;Blade_NACA_0018_Circ70_Sol0.25 Simulation 3.13;Blade_NACA_0018_Circ70_Sol0.25 Simulation 3.13;Blade_NACA_0018_Circ70_Sol0.25 Simulation 3.13;Blade_NACA_0018_Circ70_Sol0.25 Simulation 3.13;Blade_NACA_0018_Circ70_Sol0.25 Simulation 3.13;Blade_NACA_0018_Circ70_Sol0.25 Simulation 3.13;Blade_NACA_0018_Circ70_Sol0.25 Simulation 3.13;Blade_NACA_0018_Circ70_Sol0.25 Simulation 3.13;Blade_NACA_0018_Circ70_Sol0.25 Simulation 3.13;Blade_NACA_0018_Circ70_Sol0.25 Simulation 3.13;Blade_NACA_0018_Circ70_Sol0.25 Simulation 3.13;Blade_NACA_0018_Circ70_Sol0.25 Simulation 3.13;Blade_NACA_0018_Circ70_Sol0.25 Simulation 3.13;Blade_NACA_0018_Circ70_Sol0.25 Simulation 3.13;Blade_NACA_0018_Circ70_Sol0.25 Simulation 3.13;Blade_NACA_0018_Circ70_Sol0.25 Simulation 3.13;Blade_NACA_0018_Circ70_Sol0.25 Simulation 3.13;Blade_NACA_0018_Circ70_Sol0.25 Simulation 3.13;Blade_NACA_0018_Circ70_Sol0.25 Simulation 3.13;Blade_NACA_0018_Circ70_Sol0.25 Simulation 3.13;Blade_NACA_0018_Circ70_Sol0.25 Simulation 3.13;Blade_NACA_0018_Circ70_Sol0.25 Simulation 3.13;Blade_NACA_0018_Circ70_Sol0.25 Simulation 3.13;Blade_NACA_0018_Circ70_Sol0.25 Simulation 3.13;Blade_NACA_0018_Circ70_Sol0.25 Simulation 3.13;Blade_NACA_0018_Circ70_Sol0.25 Simulation 3.13;Blade_NACA_0018_Circ70_Sol0.25 Simulation 3.13;Blade_NACA_0018_Circ70_Sol0.25 Simulation 3.13;Blade_NACA_0018_Circ70_Sol0.25 Simulation 3.13;Blade_NACA_0018_Circ70_Sol0.25 Simulation 3.13;Blade_NACA_0018_Circ70_Sol0.25 Simulation 3.13;Blade_NACA_0018_Circ70_Sol0.25 Simulation 3.13;Blade_NACA_0018_Circ70_Sol0.25 Simulation 3.13;Blade_NACA_0018_Circ70_Sol0.25 Simulation 3.13;Blade_NACA_0018_Circ70_Sol0.25 Simulation 3.13;Blade_NACA_0018_Circ70_Sol0.25 Simulation 3.13;Blade_NACA_0018_Circ70_Sol0.25 Simulation 3.13;Blade_NACA_0018_Circ70_Sol0.25 Simulation 3.13;Blade_NACA_0018_Circ70_Sol0.25 Simulation 3.13;Blade_NACA_0018_Circ70_Sol0.25 Simulation 3.13;Blade_NACA_0018_Circ70_Sol0.25 Simulation 3.13;Blade_NACA_0018_Circ70_Sol0.25 Simulation 3.13;Blade_NACA_0018_Circ70_Sol0.25 Simulation 3.13;Blade_NACA_0018_Circ70_Sol0.25 Simulation 3.13;Blade_NACA_0018_Circ70_Sol0.25 Simulation 3.13;Blade_NACA_0018_Circ70_Sol0.25 Simulation 3.13;Blade_NACA_0018_Circ70_Sol0.25 Simulation 3.13;Blade_NACA_0018_Circ70_Sol0.25 Simulation 3.13;Blade_NACA_0018_Circ70_Sol0.25 Simulation 3.13;Blade_NACA_0018_Circ70_Sol0.25 Simulation 3.13;Blade_NACA_0018_Circ70_Sol0.25 Simulation 3.13;Blade_NACA_0018_Circ70_Sol0.25 Simulation 3.13;Blade_NACA_0018_Circ70_Sol0.25 Simulation 3.13;Blade_NACA_0018_Circ70_Sol0.25 Simulation 3.13;Blade_NACA_0018_Circ70_Sol0.25 Simulation 3.13;Blade_NACA_0018_Circ70_Sol0.25 Simulation 3.13;Blade_NACA_0018_Circ70_Sol0.25 Simulation 3.13;Blade_NACA_0018_Circ70_Sol0.25 Simulation 3.13;Blade_NACA_0018_Circ70_Sol0.25 Simulation 3.13;Blade_NACA_0018_Circ70_Sol0.25 Simulation 3.13;Blade_NACA_0018_Circ70_Sol0.25 Simulation 3.13;Blade_NACA_0018_Circ70_Sol0.25 Simulation 3.13;Blade_NACA_0018_Circ70_Sol0.25 Simulation 3.13;Blade_NACA_0018_Circ70_Sol0.25 Simulation 3.13;Blade_NACA_0018_Circ70_Sol0.25 Simulation 3.13;Blade_NACA_0018_Circ70_Sol0.25 Simulation 3.13;Blade_NACA_0018_Circ70_Sol0.25 Simulation 3.13;Blade_NACA_0018_Circ70_Sol0.25 Simulation 3.13;Blade_NACA_0018_Circ70_Sol0.25 Simulation 3.13;Blade_NACA_0018_Circ70_Sol0.25 Simulation 3.13;Blade_NACA_0018_Circ70_Sol0.25 Simulation 3.13;Blade_NACA_0018_Circ70_Sol0.25 Simulation 3.13;Blade_NACA_0018_Circ70_Sol0.25 Simulation 3.13;Blade_NACA_0018_Circ70_Sol0.25 Simulation 3.13;Blade_NACA_0018_Circ70_Sol0.25 Simulation 3.13;Blade_NACA_0018_Circ70_Sol0.25 Simulation 3.13;Blade_NACA_0018_Circ70_Sol0.25 Simulation 3.13;Blade_NACA_0018_Circ70_Sol0.25 Simulation 3.13;Blade_NACA_0018_Circ70_Sol0.25 Simulation 3.13;Blade_NACA_0018_Circ70_Sol0.25 Simulation 3.13;Blade_NACA_0018_Circ70_Sol0.25 Simulation 3.13;Blade_NACA_0018_Circ70_Sol0.25 Simulation 3.13;Blade_NACA_0018_Circ70_Sol0.25 Simulation 3.13;Blade_NACA_0018_Circ70_Sol0.25 Simulation 3.13;Blade_NACA_0018_Circ70_Sol0.25 Simulation 3.13;Blade_NACA_0018_Circ70_Sol0.25 Simulation 3.13;Blade_NACA_0018_Circ70_Sol0.25 Simulation 3.13;Blade_NACA_0018_Circ70_Sol0.25 Simulation 3.13;Blade_NACA_0018_Circ70_Sol0.25 Simulation 3.13;Blade_NACA_0018_Circ70_Sol0.25 Simulation 3.13;Blade_NACA_0018_Circ70_Sol0.25 Simulation 3.13;Blade_NACA_0018_Circ70_Sol0.25 Simulation 3.13;Blade_NACA_0018_Circ70_Sol0.25 Simulation 3.13;Blade_NACA_0018_Circ70_Sol0.25 Simulation 3.13;Blade_NACA_0018_Circ70_Sol0.25 Simulation 3.13;Blade_NACA_0018_Circ70_Sol0.25 Simulation 3.13;Blade_NACA_0018_Circ70_Sol0.25 Simulation 3.13;Blade_NACA_0018_Circ70_Sol0.25 Simulation 3.13;Blade_NACA_0018_Circ70_Sol0.25 Simulation 3.13;Blade_NACA_0018_Circ70_Sol0.25 Simulation 3.13;Blade_NACA_0018_Circ70_Sol0.25 Simulation 3.13;Blade_NACA_0018_Circ70_Sol0.25 Simulation 3.13;Blade_NACA_0018_Circ70_Sol0.25 Simulation 3.13;Blade_NACA_0018_Circ70_Sol0.25 Simulation 3.13;Blade_NACA_0018_Circ70_Sol0.25 Simulation 3.13;Blade_NACA_0018_Circ70_Sol0.25 Simulation 3.13;Blade_NACA_0018_Circ70_Sol0.25 Simulation 3.13;Blade_NACA_0018_Circ70_Sol0.25 Simulation 3.13;Blade_NACA_0018_Circ70_Sol0.25 Simulation 3.13;Blade_NACA_0018_Circ70_Sol0.25 Simulation 3.13;Blade_NACA_0018_Circ70_Sol0.25 Simulation 3.13;Blade_NACA_0018_Circ70_Sol0.25 Simulation 3.13;Blade_NACA_0018_Circ70_Sol0.25 Simulation 3.13;Blade_NACA_0018_Circ70_Sol0.25 Simulation 3.13;Blade_NACA_0018_Circ70_Sol0.25 Simulation 3.13;Blade_NACA_0018_Circ70_Sol0.25 Simulation 3.13;Blade_NACA_0018_Circ70_Sol0.25 Simulation 3.13;Blade_NACA_0018_Circ70_Sol0.25 Simulation 3.13;Blade_NACA_0018_Circ70_Sol0.25 Simulation 3.13;Blade_NACA_0018_Circ70_Sol0.25 Simulation 3.13;Blade_NACA_0018_Circ70_Sol0.25 Simulation 3.13;Blade_NACA_0018_Circ70_Sol0.25 Simulation 3.13;Blade_NACA_0018_Circ70_Sol0.25 Simulation 3.13;Blade_NACA_0018_Circ70_Sol0.25 Simulation 3.13;Blade_NACA_0018_Circ70_Sol0.25 Simulation 3.13;Blade_NACA_0018_Circ70_Sol0.25 Simulation 3.13;Blade_NACA_0018_Circ70_Sol0.25 Simulation 3.13;Blade_NACA_0018_Circ70_Sol0.25 Simulation 3.13;Blade_NACA_0018_Circ70_Sol0.25 Simulation 3.13;Blade_NACA_0018_Circ70_Sol0.25 Simulation 3.13;Blade_NACA_0018_Circ70_Sol0.25 Simulation 3.13;Blade_NACA_0018_Circ70_Sol0.25 Simulation 3.13;Blade_NACA_0018_Circ70_Sol0.25 Simulation 3.13;Blade_NACA_0018_Circ70_Sol0.25 Simulation 3.13;Blade_NACA_0018_Circ70_Sol0.25 Simulation 3.13;Blade_NACA_0018_Circ70_Sol0.25 Simulation 3.13;Blade_NACA_0018_Circ70_Sol0.25 Simulation 3.13;Blade_NACA_0018_Circ70_Sol0.25 Simulation 3.13;Blade_NACA_0018_Circ70_Sol0.25 Simulation 3.13;Blade_NACA_0018_Circ70_Sol0.25 Simulation 3.13;Blade_NACA_0018_Circ70_Sol0.25 Simulation 3.13;Blade_NACA_0018_Circ70_Sol0.25 Simulation 3.13;Blade_NACA_0018_Circ70_Sol0.25 Simulation 3.13;Blade_NACA_0018_Circ70_Sol0.25 Simulation 3.13;Blade_NACA_0018_Circ70_Sol0.25 Simulation 3.13;Blade_NACA_0018_Circ70_Sol0.25 Simulation 3.13;Blade_NACA_0018_Circ70_Sol0.25 Simulation 3.13;Blade_NACA_0018_Circ70_Sol0.25 Simulation 3.13;Blade_NACA_0018_Circ70_Sol0.25 Simulation 3.13;Blade_NACA_0018_Circ70_Sol0.25 Simulation 3.13;Blade_NACA_0018_Circ70_Sol0.25 Simulation 3.13;Blade_NACA_0018_Circ70_Sol0.25 Simulation 3.13;Blade_NACA_0018_Circ70_Sol0.25 Simulation 3.13;Blade_NACA_0018_Circ70_Sol0.25 Simulation 3.13;Blade_NACA_0018_Circ70_Sol0.25 Simulation 3.13;Blade_NACA_0018_Circ70_Sol0.25 Simulation 3.13;Blade_NACA_0018_Circ70_Sol0.25 Simulation 3.13;Blade_NACA_0018_Circ70_Sol0.25 Simulation 3.13;Blade_NACA_0018_Circ70_Sol0.25 Simulation 3.13;Blade_NACA_0018_Circ70_Sol0.25 Simulation 3.13;Blade_NACA_0018_Circ70_Sol0.25 Simulation 3.13;Blade_NACA_0018_Circ70_Sol0.25 Simulation 3.13;Blade_NACA_0018_Circ70_Sol0.25 Simulation 3.13;Blade_NACA_0018_Circ70_Sol0.25 Simulation 3.13;Blade_NACA_0018_Circ70_Sol0.25 Simulation 3.13;Blade_NACA_0018_Circ70_Sol0.25 Simulation 3.13;Blade_NACA_0018_Circ70_Sol0.25 Simulation 3.13;Blade_NACA_0018_Circ70_Sol0.25 Simulation 3.13;Blade_NACA_0018_Circ70_Sol0.25 Simulation 3.13;Blade_NACA_0018_Circ70_Sol0.25 Simulation 3.13;Blade_NACA_0018_Circ70_Sol0.25 Simulation 3.13;Blade_NACA_0018_Circ70_Sol0.25 Simulation 3.13;Blade_NACA_0018_Circ70_Sol0.25 Simulation 3.13;Blade_NACA_0018_Circ70_Sol0.25 Simulation 3.13;Blade_NACA_0018_Circ70_Sol0.25 Simulation 3.13;Blade_NACA_0018_Circ70_Sol0.25 Simulation 3.13;Blade_NACA_0018_Circ70_Sol0.25 Simulation 3.13;Blade_NACA_0018_Circ70_Sol0.25 Simulation 3.13;Blade_NACA_0018_Circ70_Sol0.25 Simulation 3.13;Blade_NACA_0018_Circ70_Sol0.25 Simulation 3.13;Blade_NACA_0018_Circ70_Sol0.25 Simulation 3.13;Blade_NACA_0018_Circ70_Sol0.25 Simulation 3.13;Blade_NACA_0018_Circ70_Sol0.25 Simulation 3.13;Blade_NACA_0018_Circ70_Sol0.25 Simulation 3.13;Blade_NACA_0018_Circ70_Sol0.25 Simulation 3.13;Blade_NACA_0018_Circ70_Sol0.25 Simulation 3.13;Blade_NACA_0018_Circ70_Sol0.25 Simulation 3.13;Blade_NACA_0018_Circ70_Sol0.25 Simulation 3.13;Blade_NACA_0018_Circ70_Sol0.25 Simulation 3.13;Blade_NACA_0018_Circ70_Sol0.25 Simulation 3.13;Blade_NACA_0018_Circ70_Sol0.25 Simulation 3.13;Blade_NACA_0018_Circ70_Sol0.25 Simulation 3.13;Blade_NACA_0018_Circ70_Sol0.25 Simulation 3.13;Blade_NACA_0018_Circ70_Sol0.25 Simulation 3.13;Blade_NACA_0018_Circ70_Sol0.25 Simulation 3.13;Blade_NACA_0018_Circ70_Sol0.25 Simulation 3.13;Blade_NACA_0018_Circ70_Sol0.25 Simulation 3.13;Blade_NACA_0018_Circ70_Sol0.25 Simulation 3.13;Blade_NACA_0018_Circ70_Sol0.25 Simulation 3.13;Blade_NACA_0018_Circ70_Sol0.25 Simulation 3.13;Blade_NACA_0018_Circ70_Sol0.25 Simulation 3.13;Blade_NACA_0018_Circ70_Sol0.25 Simulation 3.13;Blade_NACA_0018_Circ70_Sol0.25 Simulation 3.13;Blade_NACA_0018_Circ70_Sol0.25 Simulation 3.13;Blade_NACA_0018_Circ70_Sol0.25 Simulation 3.13;Blade_NACA_0018_Circ70_Sol0.25 Simulation 3.13;Blade_NACA_0018_Circ70_Sol0.25 Simulation 3.13;Blade_NACA_0018_Circ70_Sol0.25 Simulation 3.13;Blade_NACA_0018_Circ70_Sol0.25 Simulation 3.13;Blade_NACA_0018_Circ70_Sol0.25 Simulation 3.13;Blade_NACA_0018_Circ70_Sol0.25 Simulation 3.13;Blade_NACA_0018_Circ70_Sol0.25 Simulation 3.13;Blade_NACA_0018_Circ70_Sol0.25 Simulation 3.13;Blade_NACA_0018_Circ70_Sol0.25 Simulation 3.13;Blade_NACA_0018_Circ70_Sol0.25 Simulation 3.13;Blade_NACA_0018_Circ70_Sol0.25 Simulation 3.13;Blade_NACA_0018_Circ70_Sol0.25 Simulation 3.13;Blade_NACA_0018_Circ70_Sol0.25 Simulation 3.13;Blade_NACA_0018_Circ70_Sol0.25 Simulation 3.13;Blade_NACA_0018_Circ70_Sol0.25 Simulation 3.13;Blade_NACA_0018_Circ70_Sol0.25 Simulation 3.13;Blade_NACA_0018_Circ70_Sol0.25 Simulation 3.13;Blade_NACA_0018_Circ70_Sol0.25 Simulation 3.13;Blade_NACA_0018_Circ70_Sol0.25 Simulation 3.13;Blade_NACA_0018_Circ70_Sol0.25 Simulation 3.13;Blade_NACA_0018_Circ70_Sol0.25 Simulation 3.13;Blade_NACA_0018_Circ70_Sol0.25 Simulation 3.13;Blade_NACA_0018_Circ70_Sol0.25 Simulation 3.13;Blade_NACA_0018_Circ70_Sol0.25 Simulation 3.13;Blade_NACA_0018_Circ70_Sol0.25 Simulation 3.13;Blade_NACA_0018_Circ70_Sol0.25 Simulation 3.13;Blade_NACA_0018_Circ70_Sol0.25 Simulation 3.13;Blade_NACA_0018_Circ70_Sol0.25 Simulation 3.13;Blade_NACA_0018_Circ70_Sol0.25 Simulation 3.13;Blade_NACA_0018_Circ70_Sol0.25 Simulation 3.13;Blade_NACA_0018_Circ70_Sol0.25 Simulation 3.13;Blade_NACA_0018_Circ70_Sol0.25 Simulation 3.13;Blade_NACA_0018_Circ70_Sol0.25 Simulation 3.13;Blade_NACA_0018_Circ70_Sol0.25 Simulation 3.13;Blade_NACA_0018_Circ70_Sol0.25 Simulation 3.13;Blade_NACA_0018_Circ70_Sol0.25 Simulation 3.13;Blade_NACA_0018_Circ70_Sol0.25 Simulation 3.13;Blade_NACA_0018_Circ70_Sol0.25 Simulation 3.13;Blade_NACA_0018_Circ70_Sol0.25 Simulation 3.13;Blade_NACA_0018_Circ70_Sol0.25 Simulation 3.13;Blade_NACA_0018_Circ70_Sol0.25 Simulation 3.13;Blade_NACA_0018_Circ70_Sol0.25 Simulation 3.13;Blade_NACA_0018_Circ70_Sol0.25 Simulation 3.13;Blade_NACA_0018_Circ70_Sol0.25 Simulation 3.13;Blade_NACA_0018_Circ70_Sol0.25 Simulation 3.13;Blade_NACA_0018_Circ70_Sol0.25 Simulation 3.13;Blade_NACA_0018_Circ70_Sol0.25 Simulation 3.13;Blade_NACA_0018_Circ70_Sol0.25 Simulation 3.13;Blade_NACA_0018_Circ70_Sol0.25 Simulation 3.13;Blade_NACA_0018_Circ70_Sol0.25 Simulation 3.13;Blade_NACA_0018_Circ70_Sol0.25 Simulation 3.13;Blade_NACA_0018_Circ70_Sol0.25 Simulation 3.13;Blade_NACA_0018_Circ70_Sol0.25 Simulation 3.13;Blade_NACA_0018_Circ70_Sol0.25 Simulation 3.13;Blade_NACA_0018_Circ70_Sol0.25 Simulation 3.13;Blade_NACA_0018_Circ70_Sol0.25 Simulation 3.13;Blade_NACA_0018_Circ70_Sol0.25 Simulation 3.13;Blade_NACA_0018_Circ70_Sol0.25 Simulation 3.13;Blade_NACA_0018_Circ70_Sol0.25 Simulation 3.13;Blade_NACA_0018_Circ70_Sol0.25 Simulation 3.13;Blade_NACA_0018_Circ70_Sol0.25 Simulation 3.13;Blade_NACA_0018_Circ70_Sol0.25 Simulation 3.13;Blade_NACA_0018_Circ70_Sol0.25 Simulation 3.13;Blade_NACA_0018_Circ70_Sol0.25 Simulation 3.13;Blade_NACA_0018_Circ70_Sol0.25 Simulation 3.13;Blade_NACA_0018_Circ70_Sol0.25 Simulation 3.13;Blade_NACA_0018_Circ70_Sol0.25 Simulation 3.13;Blade_NACA_0018_Circ70_Sol0.25 Simulation 3.13;Blade_NACA_0018_Circ70_Sol0.25 Simulation 3.13;Blade_NACA_0018_Circ70_Sol0.25 Simulation 3.13;Blade_NACA_0018_Circ70_Sol0.25 Simulation 3.13;Blade_NACA_0018_Circ70_Sol0.25 Simulation 3.13;Blade_NACA_0018_Circ70_Sol0.25 Simulation 3.13;Blade_NACA_0018_Circ70_Sol0.25 Simulation 3.13;Blade_NACA_0018_Circ70_Sol0.25 Simulation 3.13;Blade_NACA_0018_Circ70_Sol0.25 Simulation 3.13;Blade_NACA_0018_Circ70_Sol0.25 Simulation 3.13;Blade_NACA_0018_Circ70_Sol0.25 Simulation 3.13;Blade_NACA_0018_Circ70_Sol0.25 Simulation 3.13;Blade_NACA_0018_Circ70_Sol0.25 Simulation 3.13;Blade_NACA_0018_Circ70_Sol0.25 Simulation 3.13;Blade_NACA_0018_Circ70_Sol0.25 Simulation 3.13;Blade_NACA_0018_Circ70_Sol0.25 Simulation 3.13;Blade_NACA_0018_Circ70_Sol0.25 Simulation 3.13;Blade_NACA_0018_Circ70_Sol0.25 Simulation 3.13;Blade_NACA_0018_Circ70_Sol0.25 Simulation 3.13;Blade_NACA_0018_Circ70_Sol0.25 Simulation 3.13;Blade_NACA_0018_Circ70_Sol0.25 Simulation 3.13;Blade_NACA_0018_Circ70_Sol0.25 Simulation 3.13;Blade_NACA_0018_Circ70_Sol0.25 Simulation 3.13;Blade_NACA_0018_Circ70_Sol0.25 Simulation 3.13;Blade_NACA_0018_Circ70_Sol0.25 Simulation 3.13;Blade_NACA_0018_Circ70_Sol0.25 Simulation 3.13;Blade_NACA_0018_Circ70_Sol0.25 Simulation 3.13;Blade_NACA_0018_Circ70_Sol0.25 Simulation 3.13;Blade_NACA_0018_Circ70_Sol0.25 Simulation 3.13;Blade_NACA_0018_Circ70_Sol0.25 Simulation 3.13;Blade_NACA_0018_Circ70_Sol0.25 Simulation 3.13;Blade_NACA_0018_Circ70_Sol0.25 Simulation 3.13;Blade_NACA_0018_Circ70_Sol0.25 Simulation 3.13;Blade_NACA_0018_Circ70_Sol0.25 Simulation 3.13;Blade_NACA_0018_Circ70_Sol0.25 Simulation 3.13;Blade_NACA_0018_Circ70_Sol0.25 Simulation 3.13;Blade_NACA_0018_Circ70_Sol0.25 Simulation 3.13;Blade_NACA_0018_Circ70_Sol0.25 Simulation 3.13;Blade_NACA_0018_Circ70_Sol0.25 Simulation 3.13;Blade_NACA_0018_Circ70_Sol0.25 Simulation 3.13;Blade_NACA_0018_Circ70_Sol0.25 Simulation 3.13;Blade_NACA_0018_Circ70_Sol0.25 Simulation 3.13;Blade_NACA_0018_Circ70_Sol0.25 Simulation 3.13;Blade_NACA_0018_Circ70_Sol0.25 Simulation 3.13;Blade_NACA_0018_Circ70_Sol0.25 Simulation 3.13;Blade_NACA_0018_Circ70_Sol0.25 Simulation 3.13;Blade_NACA_0018_Circ70_Sol0.25 Simulation 3.13;Blade_NACA_0018_Circ70_Sol0.25 Simulation 3.13;Blade_NACA_0018_Circ70_Sol0.25 Simulation 3.13;Blade_NACA_0018_Circ70_Sol0.25 Simulation 3.13;Blade_NACA_0018_Circ70_Sol0.25 Simulation 3.13;Blade_NACA_0018_Circ70_Sol0.25 Simulation 3.13;Blade_NACA_0018_Circ70_Sol0.25 Simulation 3.13;Blade_NACA_0018_Circ70_Sol0.25 Simulation 3.13;Blade_NACA_0018_Circ70_Sol0.25 Simulation 3.13;Blade_NACA_0018_Circ70_Sol0.25 Simulation 3.13;Blade_NACA_0018_Circ70_Sol0.25 Simulation 3.13;Blade_NACA_0018_Circ70_Sol0.25 Simulation 3.13;Blade_NACA_0018_Circ70_Sol0.25 Simulation 3.13;Blade_NACA_0018_Circ70_Sol0.25 Simulation 3.13;Blade_NACA_0018_Circ70_Sol0.25 Simulation 3.13;Blade_NACA_0018_Circ70_Sol0.25 Simulation 3.13;Blade_NACA_0018_Circ70_Sol0.25 Simulation 3.13;Blade_NACA_0018_Circ70_Sol0.25 Simulation 3.13;Blade_NACA_0018_Circ70_Sol0.25 Simulation 3.13;Blade_NACA_0018_Circ70_Sol0.25 Simulation 3.13;Blade_NACA_0018_Circ70_Sol0.25 Simulation 3.13;Blade_NACA_0018_Circ70_Sol0.25 Simulation 3.13;Blade_NACA_0018_Circ70_Sol0.25 Simulation 3.13;Blade_NACA_0018_Circ70_Sol0.25 Simulation 3.13;Blade_NACA_0018_Circ70_Sol0.25 Simulation 3.13;Blade_NACA_0018_Circ70_Sol0.25 Simulation 3.13;Blade_NACA_0018_Circ70_Sol0.25 Simulation 3.13;Blade_NACA_0018_Circ70_Sol0.25 Simulation 3.13;Blade_NACA_0018_Circ70_Sol0.25 Simulation 3.13;Blade_NACA_0018_Circ70_Sol0.25 Simulation 3.13;Blade_NACA_0018_Circ70_Sol0.25 Simulation 3.13;Blade_NACA_0018_Circ70_Sol0.25 Simulation 3.13;Blade_NACA_0018_Circ70_Sol0.25 Simulation 3.13;Blade_NACA_0018_Circ70_Sol0.25 Simulation 3.13;Blade_NACA_0018_Circ70_Sol0.25 Simulation 3.13;Blade_NACA_0018_Circ70_Sol0.25 Simulation 3.13;Blade_NACA_0018_Circ70_Sol0.25 Simulation 3.13;Blade_NACA_0018_Circ70_Sol0.25 Simulation 3.13;Blade_NACA_0018_Circ70_Sol0.25 Simulation 3.13;Blade_NACA_0018_Circ70_Sol0.25 Simulation 3.13;Blade_NACA_0018_Circ70_Sol0.25 Simulation 3.13;Blade_NACA_0018_Circ70_Sol0.25 Simulation 3.13;Blade_NACA_0018_Circ70_Sol0.25 Simulation 3.13;Blade_NACA_0018_Circ70_Sol0.25 Simulation 3.13;Blade_NACA_0018_Circ70_Sol0.25 Simulation 3.13;Blade_NACA_0018_Circ70_Sol0.25 Simulation 3.13;Blade_NACA_0018_Circ70_Sol0.25 Simulation 3.13;Blade_NACA_0018_Circ70_Sol0.25 Simulation 3.13;Blade_NACA_0018_Circ70_Sol0.25 Simulation 3.13;Blade_NACA_0018_Circ70_Sol0.25 Simulation 3.13;Blade_NACA_0018_Circ70_Sol0.25 Simulation 3.13;Blade_NACA_0018_Circ70_Sol0.25 Simulation 3.13;Blade_NACA_0018_Circ70_Sol0.25 Simulation 3.13;Blade_NACA_0018_Circ70_Sol0.25 Simulation 3.13;Blade_NACA_0018_Circ70_Sol0.25 Simulation 3.13;Blade_NACA_0018_Circ70_Sol0.25 Simulation 3.13;Blade_NACA_0018_Circ70_Sol0.25 Simulation 3.13;Blade_NACA_0018_Circ70_Sol0.25 Simulation 3.13;Blade_NACA_0018_Circ70_Sol0.25 Simulation 3.13;Blade_NACA_0018_Circ70_Sol0.25 Simulation 3.13;Blade_NACA_0018_Circ70_Sol0.25 Simulation 3.13;Blade_NACA_0018_Circ70_Sol0.25 Simulation 3.13;Blade_NACA_0018_Circ70_Sol0.25 Simulation 3.13;Blade_NACA_0018_Circ70_Sol0.25 Simulation 3.13;Blade_NACA_0018_Circ70_Sol0.25 Simulation 3.13;Blade_NACA_0018_Circ70_Sol0.25 Simulation 3.13;Blade_NACA_0018_Circ70_Sol0.25 Simulation 3.13;Blade_NACA_0018_Circ70_Sol0.25 Simulation 3.13;Blade_NACA_0018_Circ70_Sol0.25 Simulation 3.13;Blade_NACA_0018_Circ70_Sol0.25 Simulation 3.13;Blade_NACA_0018_Circ70_Sol0.25 Simulation 3.13;Blade_NACA_0018_Circ70_Sol0.25 Simulation 3.13;Blade_NACA_0018_Circ70_Sol0.25 Simulation 3.13;Blade_NACA_0018_Circ70_Sol0.25 Simulation 3.13;Blade_NACA_0018_Circ70_Sol0.25 Simulation 3.13;Blade_NACA_0018_Circ70_Sol0.25 Simulation 3.13;Blade_NACA_0018_Circ70_Sol0.25 Simulation 3.13;Blade_NACA_0018_Circ70_Sol0.25 Simulation 3.13;Blade_NACA_0018_Circ70_Sol0.25 Simulation 3.13;Blade_NACA_0018_Circ70_Sol0.25 Simulation 3.13;Blade_NACA_0018_Circ70_Sol0.25 Simulation 3.13;Blade_NACA_0018_Circ70_Sol0.25 Simulation 3.13;Blade_NACA_0018_Circ70_Sol0.25 Simulation 3.13;Blade_NACA_0018_Circ70_Sol0.25 Simulation 3.13;Blade_NACA_0018_Circ70_Sol0.25 Simulation 3.13;Blade_NACA_0018_Circ70_Sol0.25 Simulation 3.13;Blade_NACA_0018_Circ70_Sol0.25 Simulation 3.13;Blade_NACA_0018_Circ70_Sol0.25 Simulation 3.13;Blade_NACA_0018_Circ70_Sol0.25 Simulation 3.13;Blade_NACA_0018_Circ70_Sol0.25 Simulation 3.13;Blade_NACA_0018_Circ70_Sol0.25 Simulation 3.13;Blade_NACA_0018_Circ70_Sol0.25 Simulation 3.13;Blade_NACA_0018_Circ70_Sol0.25 Simulation 3.13;Blade_NACA_0018_Circ70_Sol0.25 Simulation 3.13;Blade_NACA_0018_Circ70_Sol0.25 Simulation 3.13;Blade_NACA_0018_Circ70_Sol0.25 Simulation 3.13;Blade_NACA_0018_Circ70_Sol0.25 Simulation 3.13;Blade_NACA_0018_Circ70_Sol0.25 Simulation 3.13;Blade_NACA_0018_Circ70_Sol0.25 Simulation 3.13;Blade_NACA_0018_Circ70_Sol0.25 Simulation 3.13;Blade_NACA_0018_Circ70_Sol0.25 Simulation 3.13;Blade_NACA_0018_Circ70_Sol0.25 Simulation 3.13;Blade_NACA_0018_Circ70_Sol0.25 Simulation 3.13;Blade_NACA_0018_Circ70_Sol0.25 Simulation 3.13;Blade_NACA_0018_Circ70_Sol0.25 Simulation 3.13;Blade_NACA_0018_Circ70_Sol0.25 Simulation 3.13;Blade_NACA_0018_Circ70_Sol0.25 Simulation 3.13;Blade_NACA_0018_Circ70_Sol0.25 Simulation 3.13;Blade_NACA_0018_Circ70_Sol0.25 Simulation 3.13;Blade_NACA_0018_Circ70_Sol0.25 Simulation 3.13;Blade_NACA_0018_Circ70_Sol0.25 Simulation 3.13;Blade_NACA_0018_Circ70_Sol0.25 Simulation 3.13;Blade_NACA_0018_Circ70_Sol0.25 Simulation 3.13;Blade_NACA_0018_Circ70_Sol0.25 Simulation 3.13;Blade_NACA_0018_Circ70_Sol0.25 Simulation 3.13;Blade_NACA_0018_Circ70_Sol0.25 Simulation 3.13;Blade_NACA_0018_Circ70_Sol0.25 Simulation 3.13;Blade_NACA_0018_Circ70_Sol0.25 Simulation 3.13;Blade_NACA_0018_Circ70_Sol0.25 Simulation 3.13;Blade_NACA_0018_Circ70_Sol0.25 Simulation 3.13;Blade_NACA_0018_Circ70_Sol0.25 Simulation 3.13;Blade_NACA_0018_Circ70_Sol0.25 Simulation 3.13;Blade_NACA_0018_Circ70_Sol0.25 Simulation 3.13;Blade_NACA_0018_Circ70_Sol0.25 Simulation 3.13;Blade_NACA_0018_Circ70_Sol0.25 Simulation 3.13;Blade_NACA_0018_Circ70_Sol0.25 Simulation 3.13;Blade_NACA_0018_Circ70_Sol0.25 Simulation 3.13;Blade_NACA_0018_Circ70_Sol0.25 Simulation 3.13;Blade_NACA_0018_Circ70_Sol0.25 Simulation 3.13;Blade_NACA_0018_Circ70_Sol0.25 Simulation 3.13;Blade_NACA_0018_Circ70_Sol0.25 Simulation 3.13;Blade_NACA_0018_Circ70_Sol0.25 Simulation 3.13;Blade_NACA_0018_Circ70_Sol0.25 Simulation 3.13;Blade_NACA_0018_Circ70_Sol0.25 Simulation 3.13;Blade_NACA_0018_Circ70_Sol0.25 Simulation 3.13;Blade_NACA_0018_Circ70_Sol0.25 Simulation 3.13;Blade_NACA_0018_Circ70_Sol0.25 Simulation 3.13;Blade_NACA_0018_Circ70_Sol0.25 Simulation 3.13;Blade_NACA_0018_Circ70_Sol0.25 Simulation 3.13;Blade_NACA_0018_Circ70_Sol0.25 Simulation 3.13;Blade_NACA_0018_Circ70_Sol0.25 Simulation 3.13;Blade_NACA_0018_Circ70_Sol0.25 Simulation 3.13;Blade_NACA_0018_Circ70_Sol0.25 Simulation 3.13;Blade_NACA_0018_Circ70_Sol0.25 Simulation 3.13;Blade_NACA_0018_Circ70_Sol0.25 Simulation 3.13;Blade_NACA_0018_Circ70_Sol0.25 Simulation 3.13;Blade_NACA_0018_Circ70_Sol0.25 Simulation 3.13;Blade_NACA_0018_Circ70_Sol0.25 Simulation 3.13;Blade_NACA_0018_Circ70_Sol0.25 Simulation 3.13;Blade_NACA_0018_Circ70_Sol0.25 Simulation 3.13;Blade_NACA_0018_Circ70_Sol0.25 Simulation 3.13;Blade_NACA_0018_Circ70_Sol0.25 Simulation 3.13;Blade_NACA_0018_Circ70_Sol0.25 Simulation 3.13;Blade_NACA_0018_Circ70_Sol0.25 Simulation 3.13;Blade_NACA_0018_Circ70_Sol0.25 Simulation 3.13;Blade_NACA_0018_Circ70_Sol0.25 Simulation 3.13;Blade_NACA_0018_Circ70_Sol0.25 Simulation 3.13;Blade_NACA_0018_Circ70_Sol0.25 Simulation 3.13;Blade_NACA_0018_Circ70_Sol0.25 Simulation 3.13;Blade_NACA_0018_Circ70_Sol0.25 Simulation 3.13;Blade_NACA_0018_Circ70_Sol0.25 Simulation 3.13;Blade_NACA_0018_Circ70_Sol0.25 Simulation 3.13;Blade_NACA_0018_Circ70_Sol0.25 Simulation 3.13;Blade_NACA_0018_Circ70_Sol0.25 Simulation 3.13;Blade_NACA_0018_Circ70_Sol0.25 Simulation 3.13;Blade_NACA_0018_Circ70_Sol0.25 Simulation 3.13;Blade_NACA_0018_Circ70_Sol0.25 Simulation 3.13;Blade_NACA_0018_Circ70_Sol0.25 Simulation 3.13;Blade_NACA_0018_Circ70_Sol0.25 Simulation 3.13;Blade_NACA_0018_Circ70_Sol0.25 Simulation 3.13;Blade_NACA_0018_Circ70_Sol0.25 Simulation 3.13;Blade_NACA_0018_Circ70_Sol0.25 Simulation 3.13;Blade_NACA_0018_Circ70_Sol0.25 Simulation 3.13;Blade_NACA_0018_Circ70_Sol0.25 Simulation 3.13;Blade_NACA_0018_Circ70_Sol0.25 Simulation 3.13;Blade_NACA_0018_Circ70_Sol0.25 Simulation 3.13;Blade_NACA_0018_Circ70_Sol0.25 Simulation 3.13;Blade_NACA_0018_Circ70_Sol0.25 Simulation 3.13;Blade_NACA_0018_Circ70_Sol0.25 Simulation 3.13;Blade_NACA_0018_Circ70_Sol0.25 Simulation 3.13;Blade_NACA_0018_Circ70_Sol0.25 Simulation 3.13;Blade_NACA_0018_Circ70_Sol0.25 Simulation 3.13;Blade_NACA_0018_Circ70_Sol0.25 Simulation 3.13;Blade_NACA_0018_Circ70_Sol0.25 Simulation 3.13;Blade_NACA_0018_Circ70_Sol0.25 Simulation 3.13;Blade_NACA_0018_Circ70_Sol0.25 Simulation 3.13;Blade_NACA_0018_Circ70_Sol0.25 Simulation 3.13;Blade_NACA_0018_Circ70_Sol0.25 Simulation 3.13;Blade_NACA_0018_Circ70_Sol0.25 Simulation 3.13;Blade_NACA_0018_Circ70_Sol0.25 Simulation 3.13;Blade_NACA_0018_Circ70_Sol0.25 Simulation 3.13;Blade_NACA_0018_Circ70_Sol0.25 Simulation 3.13;Blade_NACA_0018_Circ70_Sol0.25 Simulation 3.13;Blade_NACA_0018_Circ70_Sol0.25 Simulation 3.13;Blade_NACA_0018_Circ70_Sol0.25 Simulation 3.13;Blade_NACA_0018_Circ70_Sol0.25 Simulation 3.13;Blade_NACA_0018_Circ70_Sol0.25 Simulation 3.13;Blade_NACA_0018_Circ70_Sol0.25 Simulation 3.13;Blade_NACA_0018_Circ70_Sol0.25 Simulation 3.13;Blade_NACA_0018_Circ70_Sol0.25 Simulation 3.13;Blade_NACA_0018_Circ70_Sol0.25 Simulation 3.13;Blade_NACA_0018_Circ70_Sol0.25 Simulation 3.13;Blade_NACA_0018_Circ70_Sol0.25 Simulation 3.13;Blade_NACA_0018_Circ70_Sol0.25 Simulation 3.13;Blade_NACA_0018_Circ70_Sol0.25 Simulation 3.13;Blade_NACA_0018_Circ70_Sol0.25 Simulation 3.13;Blade_NACA_0018_Circ70_Sol0.25 Simulation 3.13;Blade_NACA_0018_Circ70_Sol0.25 Simulation 3.13;Blade_NACA_0018_Circ70_Sol0.25 Simulation 3.13;Blade_NACA_0018_Circ70_Sol0.25 Simulation 3.13;Blade_NACA_0018_Circ70_Sol0.25 Simulation 3.13;Blade_NACA_0018_Circ70_Sol0.25 Simulation 3.13;Blade_NACA_0018_Circ70_Sol0.25 Simulation 3.13;Blade_NACA_0018_Circ70_Sol0.25 Simulation 3.13;Blade_NACA_0018_Circ70_Sol0.25 Simulation 3.13;Blade_NACA_0018_Circ70_Sol0.25 Simulation 3.13;Blade_NACA_0018_Circ70_Sol0.25 Simulation 3.13;Blade_NACA_0018_Circ70_Sol0.25 Simulation 3.13;Blade_NACA_0018_Circ70_Sol0.25 Simulation 3.13;Blade_NACA_0018_Circ70_Sol0.25 Simulation 3.13;Blade_NACA_0018_Circ70_Sol0.25 Simulation 3.13;Blade_NACA_0018_Circ70_Sol0.25 Simulation 3.13;Blade_NACA_0018_Circ70_Sol0.25 Simulation 3.13;Blade_NACA_0018_Circ70_Sol0.25 Simulation 3.13;Blade_NACA_0018_Circ70_Sol0.25 Simulation 3.13;Blade_NACA_0018_Circ70_Sol0.25 Simulation 3.13;Blade_NACA_0018_Circ70_Sol0.25 Simulation 3.13;Blade_NACA_0018_Circ70_Sol0.25 Simulation 3.13;Blade_NACA_0018_Circ70_Sol0.25 Simulation 3.13;Blade_NACA_0018_Circ70_Sol0.25 Simulation 3.13;Blade_NACA_0018_Circ70_Sol0.25 Simulation 3.13;Blade_NACA_0018_Circ70_Sol0.25 Simulation 3.13;Blade_NACA_0018_Circ70_Sol0.25 Simulation 3.13;Blade_NACA_0018_Circ70_Sol0.25 Simulation 3.13;Blade_NACA_0018_Circ70_Sol0.25 Simulation 3.13;Blade_NACA_0018_Circ70_Sol0.25 Simulation 3.13;Blade_NACA_0018_Circ70_Sol0.25 Simulation 3.13;Blade_NACA_0018_Circ70_Sol0.25 Simulation 3.13;Blade_NACA_0018_Circ70_Sol0.25 Simulation 3.13;Blade_NACA_0018_Circ70_Sol0.25 Simulation 3.13;Blade_NACA_0018_Circ70_Sol0.25 Simulation 3.13;Blade_NACA_0018_Circ70_Sol0.25 Simulation 3.13;Blade_NACA_0018_Circ70_Sol0.25 Simulation 3.13;Blade_NACA_0018_Circ70_Sol0.25 Simulation 3.13;Blade_NACA_0018_Circ70_Sol0.25 Simulation 3.13;Blade_NACA_0018_Circ70_Sol0.25 Simulation 3.13;Blade_NACA_0018_Circ70_Sol0.25 Simulation 3.13;Blade_NACA_0018_Circ70_Sol0.25 Simulation 3.13;Blade_NACA_0018_Circ70_Sol0.25 Simulation 3.13;Blade_NACA_0018_Circ70_Sol0.25 Simulation 3.13;Blade_NACA_0018_Circ70_Sol0.25 Simulation 3.13;Blade_NACA_0018_Circ70_Sol0.25 Simulation 3.13;Blade_NACA_0018_Circ70_Sol0.25 Simulation 3.13;Blade_NACA_0018_Circ70_Sol0.25 Simulation 3.13;Blade_NACA_0018_Circ70_Sol0.25 Simulation 3.13;Blade_NACA_0018_Circ70_Sol0.25 Simulation 3.13;Blade_NACA_0018_Circ70_Sol0.25 Simulation 3.13;Blade_NACA_0018_Circ70_Sol0.25 Simulation 3.13;Blade_NACA_0018_Circ70_Sol0.25 Simulation 3.13;Blade_NACA_0018_Circ70_Sol0.25 Simulation 3.13;Blade_NACA_0018_Circ70_Sol0.25 Simulation 3.13;Blade_NACA_0018_Circ70_Sol0.25 Simulation 3.13;Blade_NACA_0018_Circ70_Sol0.25 Simulation 3.13;Blade_NACA_0018_Circ70_Sol0.25 Simulation 3.13;Blade_NACA_0018_Circ70_Sol0.25 Simulation 3.13;Blade_NACA_0018_Circ70_Sol0.25 Simulation 3.13;Blade_NACA_0018_Circ70_Sol0.25 Simulation 3.13;Blade_NACA_0018_Circ70_Sol0.25 Simulation 3.13;Blade_NACA_0018_Circ70_Sol0.25 Simulation 3.13;Blade_NACA_0018_Circ70_Sol0.25 Simulation 3.13;Blade_NACA_0018_Circ70_Sol0.25 Simulation 3.13;Blade_NACA_0018_Circ70_Sol0.25 Simulation 3.13;Blade_NACA_0018_Circ70_Sol0.25 Simulation 3.13;Blade_NACA_0018_Circ70_Sol0.25 Simulation 3.13;Blade_NACA_0018_Circ70_Sol0.25 Simulation 3.13;Blade_NACA_0018_Circ70_Sol0.25 Simulation 3.13;Blade_NACA_0018_Circ70_Sol0.25 Simulation 3.13;Blade_NACA_0018_Circ70_Sol0.25 Simulation 3.13;Blade_NACA_0018_Circ70_Sol0.25 Simulation 3.13;Blade_NACA_0018_Circ70_Sol0.25 Simulation 3.13;Blade_NACA_0018_Circ70_Sol0.25 Simulation 3.13;Blade_NACA_0018_Circ70_Sol0.25 Simulation 3.13;Blade_NACA_0018_Circ70_Sol0.25 Simulation 3.13;Blade_NACA_0018_Circ70_Sol0.25 Simulation 3.13;Blade_NACA_0018_Circ70_Sol0.25 Simulation 3.13;Blade_NACA_0018_Circ70_Sol0.25 Simulation 3.13;Blade_NACA_0018_Circ70_Sol0.25 Simulation 3.13;Blade_NACA_0018_Circ70_Sol0.25 Simulation 3.13;Blade_NACA_0018_Circ70_Sol0.25 Simulation 3.13;Blade_NACA_0018_Circ70_Sol0.25 Simulation 3.13;Blade_NACA_0018_Circ70_Sol0.25 Simulation 3.13;Blade_NACA_0018_Circ70_Sol0.25 Simulation 3.13;Blade_NACA_0018_Circ70_Sol0.25 Simulation 3.13;Blade_NACA_0018_Circ70_Sol0.25 Simulation 3.13;Blade_NACA_0018_Circ70_Sol0.25 Simulation 3.13;Blade_NACA_0018_Circ70_Sol0.25 Simulation 3.13;Blade_NACA_0018_Circ70_Sol0.25 Simulation 3.13;Blade_NACA_0018_Circ70_Sol0.25 Simulation 3.13;Blade_NACA_0018_Circ70_Sol0.25 Simulation 3.13;Blade_NACA_0018_Circ70_Sol0.25 Simulation 3.13;Blade_NACA_0018_Circ70_Sol0.25 Simulation 3.13;Blade_NACA_0018_Circ70_Sol0.25 Simulation 3.13;Blade_NACA_0018_Circ70_Sol0.25 Simulation 3.13;Blade_NACA_0018_Circ70_Sol0.25 Simulation 3.13;Blade_NACA_0018_Circ70_Sol0.25 Simulation 3.13;Blade_NACA_0018_Circ70_Sol0.25 Simulation 3.13;Blade_NACA_0018_Circ70_Sol0.25 Simulation 3.13;Blade_NACA_0018_Circ70_Sol0.25 Simulation 3.13;Blade_NACA_0018_Circ70_Sol0.25 Simulation 3.13;Blade_NACA_0018_Circ70_Sol0.25 Simulation 3.13;Blade_NACA_0018_Circ70_Sol0.25 Simulation 3.13;Blade_NACA_0018_Circ70_Sol0.25 Simulation 3.13;Blade_NACA_0018_Circ70_Sol0.25 Simulation 3.13;Blade_NACA_0018_Circ70_Sol0.25 Simulation 3.13;Blade_NACA_0018_Circ70_Sol0.25 Simulation 3.13;Blade_NACA_0018_Circ70_Sol0.25 Simulation 3.13;Blade_NACA_0018_Circ70_Sol0.25 Simulation 3.13;Blade_NACA_0018_Circ70_Sol0.25 Simulation 3.13;Blade_NACA_0018_Circ70_Sol0.25 Simulation 3.13;Blade_NACA_0018_Circ70_Sol0.25 Simulation 3.13;Blade_NACA_0018_Circ70_Sol0.25 Simulation 3.13;Blade_NACA_0018_Circ70_Sol0.25 Simulation 3.13;Blade_NACA_0018_Circ70_Sol0.25 Simulation 3.13;Blade_NACA_0018_Circ70_Sol0.25 Simulation 3.13;Blade_NACA_0018_Circ70_Sol0.25 Simulation 3.13;Blade_NACA_0018_Circ70_Sol0.25 Simulation 3.13;Blade_NACA_0018_Circ70_Sol0.25 Simulation 3.13;Blade_NACA_0018_Circ70_Sol0.25 Simulation 3.13;Blade_NACA_0018_Circ70_Sol0.25 Simulation 3.13;Blade_NACA_0018_Circ70_Sol0.25 Simulation 3.13;Blade_NACA_0018_Circ70_Sol0.25 Simulation 3.13;Blade_NACA_0018_Circ70_Sol0.25 Simulation 3.13;Blade_NACA_0018_Circ70_Sol0.25 Simulation 3.13;Blade_NACA_0018_Circ70_Sol0.25 Simulation 3.13;Blade_NACA_0018_Circ70_Sol0.25 Simulation 3.13;Blade_NACA_0018_Circ70_Sol0.25 Simulation 3.13;Blade_NACA_0018_Circ70_Sol0.25 Simulation 3.13;Blade_NACA_0018_Circ70_Sol0.25 Simulation 3.13;Blade_NACA_0018_Circ70_Sol0.25 Simulation 3.13;Blade_NACA_0018_Circ70_Sol0.25 Simulation 3.13;Blade_NACA_0018_Circ70_Sol0.25 Simulation 3.13;Blade_NACA_0018_Circ70_Sol0.25 Simulation 3.13;Blade_NACA_0018_Circ70_Sol0.25 Simulation 3.13;Blade_NACA_0018_Circ70_Sol0.25 Simulation 3.13;Blade_NACA_0018_Circ70_Sol0.25 Simulation 3.13;Blade_NACA_0018_Circ70_Sol0.25 Simulation 3.13;Blade_NACA_0018_Circ70_Sol0.25 Simulation 3.13;Blade_NACA_0018_Circ70_Sol0.25 Simulation 3.13;Blade_NACA_0018_Circ70_Sol0.25 Simulation 3.13;Blade_NACA_0018_Circ70_Sol0.25 Simulation 3.13;Blade_NACA_0018_Circ70_Sol0.25 Simulation 3.13;Blade_NACA_0018_Circ70_Sol0.25 Simulation 3.13;Blade_NACA_0018_Circ70_Sol0.25 Simulation 3.13;Blade_NACA_0018_Circ70_Sol0.25 Simulation 3.13;Blade_NACA_0018_Circ70_Sol0.25 Simulation 3.13;Blade_NACA_0018_Circ70_Sol0.25 Simulation 3.13;Blade_NACA_0018_Circ70_Sol0.25 Simulation 3.13;Blade_NACA_0018_Circ70_Sol0.25 Simulation 3.13;Blade_NACA_0018_Circ70_Sol0.25 Simulation 3.13;Blade_NACA_0018_Circ70_Sol0.25 Simulation 3.13;Blade_NACA_0018_Circ70_Sol0.25 Simulation 3.13;Blade_NACA_0018_Circ70_Sol0.25 Simulation 3.13;Blade_NACA_0018_Circ70_Sol0.25 Simulation 3.13;Blade_NACA_0018_Circ70_Sol0.25 Simulation 3.13;Blade_NACA_0018_Circ70_Sol0.25 Simulation 3.13;Blade_NACA_0018_Circ70_Sol0.25 Simulation 3.13;Blade_NACA_0018_Circ70_Sol0.25 Simulation 3.13;Blade_NACA_0018_Circ70_Sol0.25 Simulation 3.13;Blade_NACA_0018_Circ70_Sol0.25 Simulation 3.13;Blade_NACA_0018_Circ70_Sol0.25 Simulation 3.13;Blade_NACA_0018_Circ70_Sol0.25 Simulation 3.13;Blade_NACA_0018_Circ70_Sol0.25 Simulation 3.13;Blade_NACA_0018_Circ70_Sol0.25 Simulation 3.13;Blade_NACA_0018_Circ70_Sol0.25 Simulation 3.13;Blade_NACA_0018_Circ70_Sol0.25 Simulation 3.13;Blade_NACA_0018_Circ70_Sol0.25 Simulation 3.13;Blade_NACA_0018_Circ70_Sol0.25 Simulation 3.13;Blade_NACA_0018_Circ70_Sol0.25 Simulation 3.13;Blade_NACA_0018_Circ70_Sol0.25 Simulation 3.13;Blade_NACA_0018_Circ70_Sol0.25 Simulation 3.13;Blade_NACA_0018_Circ70_Sol0.25 Simulation 3.13;Blade_NACA_0018_Circ70_Sol0.25 Simulation 3.13;Blade_NACA_0018_Circ70_Sol0.25 Simulation 3.13;Blade_NACA_0018_Circ70_Sol0.25 Simulation 3.13;Blade_NACA_0018_Circ70_Sol0.25 Simulation 3.13;Blade_NACA_0018_Circ70_Sol0.25 Simulation 3.13;Blade_NACA_0018_Circ70_Sol0.25 Simulation 3.13;Blade_NACA_0018_Circ70_Sol0.25 Simulation 3.13;Blade_NACA_0018_Circ70_Sol0.25 Simulation 3.13;Blade_NACA_0018_Circ70_Sol0.25 Simulation 3.13;Blade_NACA_0018_Circ70_Sol0.25 Simulation 3.13;Blade_NACA_0018_Circ70_Sol0.25 Simulation 3.13;Blade_NACA_0018_Circ70_Sol0.25 Simulation 3.13;Blade_NACA_0018_Circ70_Sol0.25 Simulation 3.13;Blade_NACA_0018_Circ70_Sol0.25 Simulation 3.13;Blade_NACA_0018_Circ70_Sol0.25 Simulation 3.13;Blade_NACA_0018_Circ70_Sol0.25 Simulation 3.13;Blade_NACA_0018_Circ70_Sol0.25 Simulation 3.13;Blade_NACA_0018_Circ70_Sol0.25 Simulation 3.13;Blade_NACA_0018_Circ70_Sol0.25 Simulation 3.13;Blade_NACA_0018_Circ70_Sol0.25 Simulation 3.13;Blade_NACA_0018_Circ70_Sol0.25 Simulation 3.13;Blade_NACA_0018_Circ70_Sol0.25 Simulation 3.13;Blade_NACA_0018_Circ70_Sol0.25 Simulation 3.13;Blade_NACA_0018_Circ70_Sol0.25 Simulation 3.13;Blade_NACA_0018_Circ70_Sol0.25 Simulation 3.13;Blade_NACA_0018_Circ70_Sol0.25 Simulation 3.13;Blade_NACA_0018_Circ70_Sol0.25 Simulation 3.13;Blade_NACA_0018_Circ70_Sol0.25 Simulation 3.13;Blade_NACA_0018_Circ70_Sol0.25 Simulation 3.13;Blade_NACA_0018_Circ70_Sol0.25 Simulation 3.13;Blade_NACA_0018_Circ70_Sol0.25 Simulation 3.13;Blade_NACA_0018_Circ70_Sol0.25 Simulation 3.13;Blade_NACA_0018_Circ70_Sol0.25 Simulation 3.13;Blade_NACA_0018_Circ70_Sol0.25 Simulation 3.13;Blade_NACA_0018_Circ70_Sol0.25 Simulation 3.13;Blade_NACA_0018_Circ70_Sol0.25 Simulation 3.13;Blade_NACA_0018_Circ70_Sol0.25 Simulation 3.13;Blade_NACA_0018_Circ70_Sol0.25 Simulation 3.13;Blade_NACA_0018_Circ70_Sol0.25 Simulation 3.13;Blade_NACA_0018_Circ70_Sol0.25 Simulation 3.13;Blade_NACA_0018_Circ70_Sol0.25 Simulation 3.13;Blade_NACA_0018_Circ70_Sol0.25 Simulation 3.13;Blade_NACA_0018_Circ70_Sol0.25 Simulation 3.13;Blade_NACA_0018_Circ70_Sol0.25 Simulation 3.13;Blade_NACA_0018_Circ70_Sol0.25 Simulation 3.13;Blade_NACA_0018_Circ70_Sol0.25 Simulation 3.13;Blade_NACA_0018_Circ70_Sol0.25 Simulation 3.13;Blade_NACA_0018_Circ70_Sol0.25 Simulation 3.13;Blade_NACA_0018_Circ70_Sol0.25 Simulation 3.13;Blade_NACA_0018_Circ70_Sol0.25 Simulation 3.13;Blade_NACA_0018_Circ70_Sol0.25 Simulation 3.13;Blade_NACA_0018_Circ70_Sol0.25 Simulation 3.13;Blade_NACA_0018_Circ70_Sol0.25 Simulation 3.13;Blade_NACA_0018_Circ70_Sol0.25 Simulation 3.13;Blade_NACA_0018_Circ70_Sol0.25 Simulation 3.13;Blade_NACA_0018_Circ70_Sol0.25 Simulation 3.13;Blade_NACA_0018_Circ70_Sol0.25 Simulation 3.13;Blade_NACA_0018_Circ70_Sol0.25 Simulation 3.13;Blade_NACA_0018_Circ70_Sol0.25 Simulation 3.13;Blade_NACA_0018_Circ70_Sol0.25 Simulation 3.13;Blade_NACA_0018_Circ70_Sol0.25 Simulation 3.13;Blade_NACA_0018_Circ70_Sol0.25 Simulation 3.13;Blade_NACA_0018_Circ70_Sol0.25 Simulation 3.13;Blade_NACA_0018_Circ70_Sol0.25 Simulation 3.13;Blade_NACA_0018_Circ70_Sol0.25 Simulation 3.13;Blade_NACA_0018_Circ70_Sol0.25 Simulation 3.13;Blade_NACA_0018_Circ70_Sol0.25 Simulation 3.13;Blade_NACA_0018_Circ70_Sol0.25 Simulation 3.13;Blade_NACA_0018_Circ70_Sol0.25 Simulation 3.13;Blade_NACA_0018_Circ70_Sol0.25 Simulation 3.13;Blade_NACA_0018_Circ70_Sol0.25 Simulation 3.13;Blade_NACA_0018_Circ70_Sol0.25 Simulation 3.13;Blade_NACA_0018_Circ70_Sol0.25 Simulation 3.13;Blade_NACA_0018_Circ70_Sol0.25 Simulation 3.13;Blade_NACA_0018_Circ70_Sol0.25 Simulation 3.13;Blade_NACA_0018_Circ70_Sol0.25 Simulation 3.13;Blade_NACA_0018_Circ70_Sol0.25 Simulation 3.13;Blade_NACA_0018_Circ70_Sol0.25 Simulation 3.13;Blade_NACA_0018_Circ70_Sol0.25 Simulation 3.13;Blade_NACA_0018_Circ70_Sol0.25 Simulation 3.13;Blade_NACA_0018_Circ70_Sol0.25 Simulation 3.13;Blade_NACA_0018_Circ70_Sol0.25 Simulation 3.13;Blade_NACA_0018_Circ70_Sol0.25 Simulation 3.13;Blade_NACA_0018_Circ70_Sol0.25 Simulation 3.13;Blade_NACA_0018_Circ70_Sol0.25 Simulation 3.13;Blade_NACA_0018_Circ70_Sol0.25 Simulation 3.13;Blade_NACA_0018_Circ70_Sol0.25 Simulation 3.13;Blade_NACA_0018_Circ70_Sol0.25 Simulation 3.13;Blade_NACA_0018_Circ70_Sol0.25 Simulation 3.13;Blade_NACA_0018_Circ70_Sol0.25 Simulation 3.13;Blade_NACA_0018_Circ70_Sol0.25 Simulation 3.13;Blade_NACA_0018_Circ70_Sol0.25 Simulation 3.13;Blade_NACA_0018_Circ70_Sol0.25 Simulation 3.13;Blade_NACA_0018_Circ70_Sol0.25 Simulation 3.13;Blade_NACA_0018_Circ70_Sol0.25 Simulation 3.13;Blade_NACA_0018_Circ70_Sol0.25 Simulation 3.13;Blade_NACA_0018_Circ70_Sol0.25 Simulation 3.13;Blade_NACA_0018_Circ70_Sol0.25 Simulation 3.13;Blade_NACA_0018_Circ70_Sol0.25 Simulation 3.13;Blade_NACA_0018_Circ70_Sol0.25 Simulation 3.13;Blade_NACA_0018_Circ70_Sol0.25 Simulation 3.13;Blade_NACA_0018_Circ70_Sol0.25 Simulation 3.13;Blade_NACA_0018_Circ70_Sol0.25 Simulation 3.13;Blade_NACA_0018_Circ70_Sol0.25 Simulation 3.13;Blade_NACA_0018_Circ70_Sol0.25 Simulation 3.13;Blade_NACA_0018_Circ70_Sol0.25 Simulation 3.13;Blade_NACA_0018_Circ70_Sol0.25 Simulation 3.13;Blade_NACA_0018_Circ70_Sol0.25 Simulation 3.13;Blade_NACA_0018_Circ70_Sol0.25 Simulation 3.13;Blade_NACA_0018_Circ70_Sol0.25 Simulation 3.13;Blade_NACA_0018_Circ70_Sol0.25 Simulation 3.13;Blade_NACA_0018_Circ70_Sol0.25 Simulation 3.13;Blade_NACA_0018_Circ70_Sol0.25 Simulation 3.13;Blade_NACA_0018_Circ70_Sol0.25 Simulation 3.13;Blade_NACA_0018_Circ70_Sol0.25 Simulation 3.13;Blade_NACA_0018_Circ70_Sol0.25 Simulation 3.13;Blade_NACA_0018_Circ70_Sol0.25 Simulation 3.13;Blade_NACA_0018_Circ70_Sol0.25 Simulation 3.13;Blade_NACA_0018_Circ70_Sol0.25 Simulation 3.13;Blade_NACA_0018_Circ70_Sol0.25 Simulation 3.13;Blade_NACA_0018_Circ70_Sol0.25 Simulation 3.13
Azimuthal Angle Theta [deg];Rotor Torque [Nm];Azimuthal Angle Theta [deg];Rotor Torque [Nm];Azimuthal Angle Theta [deg];Rotor Torque [Nm];Azimuthal Angle Theta [deg];Rotor Torque [Nm];Azimuthal Angle Theta [deg];Rotor Torque [Nm];Azimuthal Angle Theta [deg];Rotor Torque [Nm];Azimuthal Angle Theta [deg];Rotor Torque [Nm];Azimuthal Angle Theta [deg];Rotor Torque [Nm];Azimuthal Angle Theta [deg];Rotor Torque [Nm];Azimuthal Angle Theta [deg];Rotor Torque [Nm];Azimuthal Angle Theta [deg];Rotor Torque [Nm];Azimuthal Angle Theta [deg];Rotor Torque [Nm];Azimuthal Angle Theta [deg];Rotor Torque [Nm];Azimuthal Angle Theta [deg];Rotor Torque [Nm];Azimuthal Angle Theta [deg];Rotor Torque [Nm];Azimuthal Angle Theta [deg];Rotor Torque [Nm];Azimuthal Angle Theta [deg];Rotor Torque [Nm];Azimuthal Angle Theta [deg];Rotor Torque [Nm];Azimuthal Angle Theta [deg];Rotor Torque [Nm];Azimuthal Angle Theta [deg];Rotor Torque [Nm];Azimuthal Angle Theta [deg];Rotor Torque [Nm];Azimuthal Angle Theta [deg];Rotor Torque [Nm];Azimuthal Angle Theta [deg];Rotor Torque [Nm];Azimuthal Angle Theta [deg];Rotor Torque [Nm];Azimuthal Angle Theta [deg];Rotor Torque [Nm];Azimuthal Angle Theta [deg];Rotor Torque [Nm];Azimuthal Angle Theta [deg];Rotor Torque [Nm];Azimuthal Angle Theta [deg];Rotor Torque [Nm];Azimuthal Angle Theta [deg];Rotor Torque [Nm];Azimuthal Angle Theta [deg];Rotor Torque [Nm];Azimuthal Angle Theta [deg];Rotor Torque [Nm];Azimuthal Angle Theta [deg];Rotor Torque [Nm];Azimuthal Angle Theta [deg];Rotor Torque [Nm];Azimuthal Angle Theta [deg];Rotor Torque [Nm];Azimuthal Angle Theta [deg];Rotor Torque [Nm];Azimuthal Angle Theta [deg];Rotor Torque [Nm];Azimuthal Angle Theta [deg];Rotor Torque [Nm];Azimuthal Angle Theta [deg];Rotor Torque [Nm];Azimuthal Angle Theta [deg];Rotor Torque [Nm];Azimuthal Angle Theta [deg];Rotor Torque [Nm];Azimuthal Angle Theta [deg];Rotor Torque [Nm];Azimuthal Angle Theta [deg];Rotor Torque [Nm];Azimuthal Angle Theta [deg];Rotor Torque [Nm];Azimuthal Angle Theta [deg];Rotor Torque [Nm];Azimuthal Angle Theta [deg];Rotor Torque [Nm];Azimuthal Angle Theta [deg];Rotor Torque [Nm];Azimuthal Angle Theta [deg];Rotor Torque [Nm];Azimuthal Angle Theta [deg];Rotor Torque [Nm];Azimuthal Angle Theta [deg];Rotor Torque [Nm];Azimuthal Angle Theta [deg];Rotor Torque [Nm];Azimuthal Angle Theta [deg];Rotor Torque [Nm];Azimuthal Angle Theta [deg];Rotor Torque [Nm];Azimuthal Angle Theta [deg];Rotor Torque [Nm];Azimuthal Angle Theta [deg];Rotor Torque [Nm];Azimuthal Angle Theta [deg];Rotor Torque [Nm];Azimuthal Angle Theta [deg];Rotor Torque [Nm];Azimuthal Angle Theta [deg];Rotor Torque [Nm];Azimuthal Angle Theta [deg];Rotor Torque [Nm];Azimuthal Angle Theta [deg];Rotor Torque [Nm];Azimuthal Angle Theta [deg];Rotor Torque [Nm];Azimuthal Angle Theta [deg];Rotor Torque [Nm];Azimuthal Angle Theta [deg];Rotor Torque [Nm];Azimuthal Angle Theta [deg];Rotor Torque [Nm];Azimuthal Angle Theta [deg];Rotor Torque [Nm];Azimuthal Angle Theta [deg];Rotor Torque [Nm];Azimuthal Angle Theta [deg];Rotor Torque [Nm];Azimuthal Angle Theta [deg];Rotor Torque [Nm];Azimuthal Angle Theta [deg];Rotor Torque [Nm];Azimuthal Angle Theta [deg];Rotor Torque [Nm];Azimuthal Angle Theta [deg];Rotor Torque [Nm];Azimuthal Angle Theta [deg];Rotor Torque [Nm];Azimuthal Angle Theta [deg];Rotor Torque [Nm];Azimuthal Angle Theta [deg];Rotor Torque [Nm];Azimuthal Angle Theta [deg];Rotor Torque [Nm];Azimuthal Angle Theta [deg];Rotor Torque [Nm];Azimuthal Angle Theta [deg];Rotor Torque [Nm];Azimuthal Angle Theta [deg];Rotor Torque [Nm];Azimuthal Angle Theta [deg];Rotor Torque [Nm];Azimuthal Angle Theta [deg];Rotor Torque [Nm];Azimuthal Angle Theta [deg];Rotor Torque [Nm];Azimuthal Angle Theta [deg];Rotor Torque [Nm];Azimuthal Angle Theta [deg];Rotor Torque [Nm];Azimuthal Angle Theta [deg];Rotor Torque [Nm];Azimuthal Angle Theta [deg];Rotor Torque [Nm];Azimuthal Angle Theta [deg];Rotor Torque [Nm];Azimuthal Angle Theta [deg];Rotor Torque [Nm];Azimuthal Angle Theta [deg];Rotor Torque [Nm];Azimuthal Angle Theta [deg];Rotor Torque [Nm];Azimuthal Angle Theta [deg];Rotor Torque [Nm];Azimuthal Angle Theta [deg];Rotor Torque [Nm];Azimuthal Angle Theta [deg];Rotor Torque [Nm];Azimuthal Angle Theta [deg];Rotor Torque [Nm];Azimuthal Angle Theta [deg];Rotor Torque [Nm];Azimuthal Angle Theta [deg];Rotor Torque [Nm];Azimuthal Angle Theta [deg];Rotor Torque [Nm];Azimuthal Angle Theta [deg];Rotor Torque [Nm];Azimuthal Angle Theta [deg];Rotor Torque [Nm];Azimuthal Angle Theta [deg];Rotor Torque [Nm];Azimuthal Angle Theta [deg];Rotor Torque [Nm];Azimuthal Angle Theta [deg];Rotor Torque [Nm];Azimuthal Angle Theta [deg];Rotor Torque [Nm];Azimuthal Angle Theta [deg];Rotor Torque [Nm];Azimuthal Angle Theta [deg];Rotor Torque [Nm];Azimuthal Angle Theta [deg];Rotor Torque [Nm];Azimuthal Angle Theta [deg];Rotor Torque [Nm];Azimuthal Angle Theta [deg];Rotor Torque [Nm];Azimuthal Angle Theta [deg];Rotor Torque [Nm];Azimuthal Angle Theta [deg];Rotor Torque [Nm];Azimuthal Angle Theta [deg];Rotor Torque [Nm];Azimuthal Angle Theta [deg];Rotor Torque [Nm];Azimuthal Angle Theta [deg];Rotor Torque [Nm];Azimuthal Angle Theta [deg];Rotor Torque [Nm];Azimuthal Angle Theta [deg];Rotor Torque [Nm];Azimuthal Angle Theta [deg];Rotor Torque [Nm];Azimuthal Angle Theta [deg];Rotor Torque [Nm];Azimuthal Angle Theta [deg];Rotor Torque [Nm];Azimuthal Angle Theta [deg];Rotor Torque [Nm];Azimuthal Angle Theta [deg];Rotor Torque [Nm];Azimuthal Angle Theta [deg];Rotor Torque [Nm];Azimuthal Angle Theta [deg];Rotor Torque [Nm];Azimuthal Angle Theta [deg];Rotor Torque [Nm];Azimuthal Angle Theta [deg];Rotor Torque [Nm];Azimuthal Angle Theta [deg];Rotor Torque [Nm];Azimuthal Angle Theta [deg];Rotor Torque [Nm];Azimuthal Angle Theta [deg];Rotor Torque [Nm];Azimuthal Angle Theta [deg];Rotor Torque [Nm];Azimuthal Angle Theta [deg];Rotor Torque [Nm];Azimuthal Angle Theta [deg];Rotor Torque [Nm];Azimuthal Angle Theta [deg];Rotor Torque [Nm];Azimuthal Angle Theta [deg];Rotor Torque [Nm];Azimuthal Angle Theta [deg];Rotor Torque [Nm];Azimuthal Angle Theta [deg];Rotor Torque [Nm];Azimuthal Angle Theta [deg];Rotor Torque [Nm];Azimuthal Angle Theta [deg];Rotor Torque [Nm];Azimuthal Angle Theta [deg];Rotor Torque [Nm];Azimuthal Angle Theta [deg];Rotor Torque [Nm];Azimuthal Angle Theta [deg];Rotor Torque [Nm];Azimuthal Angle Theta [deg];Rotor Torque [Nm];Azimuthal Angle Theta [deg];Rotor Torque [Nm];Azimuthal Angle Theta [deg];Rotor Torque [Nm];Azimuthal Angle Theta [deg];Rotor Torque [Nm];Azimuthal Angle Theta [deg];Rotor Torque [Nm];Azimuthal Angle Theta [deg];Rotor Torque [Nm];Azimuthal Angle Theta [deg];Rotor Torque [Nm];Azimuthal Angle Theta [deg];Rotor Torque [Nm];Azimuthal Angle Theta [deg];Rotor Torque [Nm];Azimuthal Angle Theta [deg];Rotor Torque [Nm];Azimuthal Angle Theta [deg];Rotor Torque [Nm];Azimuthal Angle Theta [deg];Rotor Torque [Nm];Azimuthal Angle Theta [deg];Rotor Torque [Nm];Azimuthal Angle Theta [deg];Rotor Torque [Nm];Azimuthal Angle Theta [deg];Rotor Torque [Nm];Azimuthal Angle Theta [deg];Rotor Torque [Nm];Azimuthal Angle Theta [deg];Rotor Torque [Nm];Azimuthal Angle Theta [deg];Rotor Torque [Nm];Azimuthal Angle Theta [deg];Rotor Torque [Nm];Azimuthal Angle Theta [deg];Rotor Torque [Nm];Azimuthal Angle Theta [deg];Rotor Torque [Nm];Azimuthal Angle Theta [deg];Rotor Torque [Nm];Azimuthal Angle Theta [deg];Rotor Torque [Nm];Azimuthal Angle Theta [deg];Rotor Torque [Nm];Azimuthal Angle Theta [deg];Rotor Torque [Nm];Azimuthal Angle Theta [deg];Rotor Torque [Nm];Azimuthal Angle Theta [deg];Rotor Torque [Nm];Azimuthal Angle Theta [deg];Rotor Torque [Nm];Azimuthal Angle Theta [deg];Rotor Torque [Nm];Azimuthal Angle Theta [deg];Rotor Torque [Nm];Azimuthal Angle Theta [deg];Rotor Torque [Nm];Azimuthal Angle Theta [deg];Rotor Torque [Nm];Azimuthal Angle Theta [deg];Rotor Torque [Nm];Azimuthal Angle Theta [deg];Rotor Torque [Nm];Azimuthal Angle Theta [deg];Rotor Torque [Nm];Azimuthal Angle Theta [deg];Rotor Torque [Nm];Azimuthal Angle Theta [deg];Rotor Torque [Nm];Azimuthal Angle Theta [deg];Rotor Torque [Nm];Azimuthal Angle Theta [deg];Rotor Torque [Nm];Azimuthal Angle Theta [deg];Rotor Torque [Nm];Azimuthal Angle Theta [deg];Rotor Torque [Nm];Azimuthal Angle Theta [deg];Rotor Torque [Nm];Azimuthal Angle Theta [deg];Rotor Torque [Nm];Azimuthal Angle Theta [deg];Rotor Torque [Nm];Azimuthal Angle Theta [deg];Rotor Torque [Nm];Azimuthal Angle Theta [deg];Rotor Torque [Nm];Azimuthal Angle Theta [deg];Rotor Torque [Nm];Azimuthal Angle Theta [deg];Rotor Torque [Nm];Azimuthal Angle Theta [deg];Rotor Torque [Nm];Azimuthal Angle Theta [deg];Rotor Torque [Nm];Azimuthal Angle Theta [deg];Rotor Torque [Nm];Azimuthal Angle Theta [deg];Rotor Torque [Nm];Azimuthal Angle Theta [deg];Rotor Torque [Nm];Azimuthal Angle Theta [deg];Rotor Torque [Nm];Azimuthal Angle Theta [deg];Rotor Torque [Nm];Azimuthal Angle Theta [deg];Rotor Torque [Nm];Azimuthal Angle Theta [deg];Rotor Torque [Nm];Azimuthal Angle Theta [deg];Rotor Torque [Nm];Azimuthal Angle Theta [deg];Rotor Torque [Nm];Azimuthal Angle Theta [deg];Rotor Torque [Nm];Azimuthal Angle Theta [deg];Rotor Torque [Nm];Azimuthal Angle Theta [deg];Rotor Torque [Nm];Azimuthal Angle Theta [deg];Rotor Torque [Nm];Azimuthal Angle Theta [deg];Rotor Torque [Nm];Azimuthal Angle Theta [deg];Rotor Torque [Nm];Azimuthal Angle Theta [deg];Rotor Torque [Nm];Azimuthal Angle Theta [deg];Rotor Torque [Nm];Azimuthal Angle Theta [deg];Rotor Torque [Nm];Azimuthal Angle Theta [deg];Rotor Torque [Nm];Azimuthal Angle Theta [deg];Rotor Torque [Nm];Azimuthal Angle Theta [deg];Rotor Torque [Nm];Azimuthal Angle Theta [deg];Rotor Torque [Nm];Azimuthal Angle Theta [deg];Rotor Torque [Nm];Azimuthal Angle Theta [deg];Rotor Torque [Nm];Azimuthal Angle Theta [deg];Rotor Torque [Nm];Azimuthal Angle Theta [deg];Rotor Torque [Nm];Azimuthal Angle Theta [deg];Rotor Torque [Nm];Azimuthal Angle Theta [deg];Rotor Torque [Nm];Azimuthal Angle Theta [deg];Rotor Torque [Nm];Azimuthal Angle Theta [deg];Rotor Torque [Nm];Azimuthal Angle Theta [deg];Rotor Torque [Nm];Azimuthal Angle Theta [deg];Rotor Torque [Nm];Azimuthal Angle Theta [deg];Rotor Torque [Nm];Azimuthal Angle Theta [deg];Rotor Torque [Nm];Azimuthal Angle Theta [deg];Rotor Torque [Nm];Azimuthal Angle Theta [deg];Rotor Torque [Nm];Azimuthal Angle Theta [deg];Rotor Torque [Nm];Azimuthal Angle Theta [deg];Rotor Torque [Nm];Azimuthal Angle Theta [deg];Rotor Torque [Nm];Azimuthal Angle Theta [deg];Rotor Torque [Nm];Azimuthal Angle Theta [deg];Rotor Torque [Nm];Azimuthal Angle Theta [deg];Rotor Torque [Nm];Azimuthal Angle Theta [deg];Rotor Torque [Nm];Azimuthal Angle Theta [deg];Rotor Torque [Nm];Azimuthal Angle Theta [deg];Rotor Torque [Nm];Azimuthal Angle Theta [deg];Rotor Torque [Nm];Azimuthal Angle Theta [deg];Rotor Torque [Nm];Azimuthal Angle Theta [deg];Rotor Torque [Nm];Azimuthal Angle Theta [deg];Rotor Torque [Nm];Azimuthal Angle Theta [deg];Rotor Torque [Nm];Azimuthal Angle Theta [deg];Rotor Torque [Nm];Azimuthal Angle Theta [deg];Rotor Torque [Nm];Azimuthal Angle Theta [deg];Rotor Torque [Nm];Azimuthal Angle Theta [deg];Rotor Torque [Nm];Azimuthal Angle Theta [deg];Rotor Torque [Nm];Azimuthal Angle Theta [deg];Rotor Torque [Nm];Azimuthal Angle Theta [deg];Rotor Torque [Nm];Azimuthal Angle Theta [deg];Rotor Torque [Nm];Azimuthal Angle Theta [deg];Rotor Torque [Nm];Azimuthal Angle Theta [deg];Rotor Torque [Nm];Azimuthal Angle Theta [deg];Rotor Torque [Nm];Azimuthal Angle Theta [deg];Rotor Torque [Nm];Azimuthal Angle Theta [deg];Rotor Torque [Nm];Azimuthal Angle Theta [deg];Rotor Torque [Nm];Azimuthal Angle Theta [deg];Rotor Torque [Nm];Azimuthal Angle Theta [deg];Rotor Torque [Nm];Azimuthal Angle Theta [deg];Rotor Torque [Nm];Azimuthal Angle Theta [deg];Rotor Torque [Nm];Azimuthal Angle Theta [deg];Rotor Torque [Nm];Azimuthal Angle Theta [deg];Rotor Torque [Nm];Azimuthal Angle Theta [deg];Rotor Torque [Nm];Azimuthal Angle Theta [deg];Rotor Torque [Nm];Azimuthal Angle Theta [deg];Rotor Torque [Nm];Azimuthal Angle Theta [deg];Rotor Torque [Nm];Azimuthal Angle Theta [deg];Rotor Torque [Nm];Azimuthal Angle Theta [deg];Rotor Torque [Nm];Azimuthal Angle Theta [deg];Rotor Torque [Nm];Azimuthal Angle Theta [deg];Rotor Torque [Nm];Azimuthal Angle Theta [deg];Rotor Torque [Nm];Azimuthal Angle Theta [deg];Rotor Torque [Nm];Azimuthal Angle Theta [deg];Rotor Torque [Nm];Azimuthal Angle Theta [deg];Rotor Torque [Nm];Azimuthal Angle Theta [deg];Rotor Torque [Nm];Azimuthal Angle Theta [deg];Rotor Torque [Nm];Azimuthal Angle Theta [deg];Rotor Torque [Nm];Azimuthal Angle Theta [deg];Rotor Torque [Nm];Azimuthal Angle Theta [deg];Rotor Torque [Nm];Azimuthal Angle Theta [deg];Rotor Torque [Nm];Azimuthal Angle Theta [deg];Rotor Torque [Nm];Azimuthal Angle Theta [deg];Rotor Torque [Nm];Azimuthal Angle Theta [deg];Rotor Torque [Nm];Azimuthal Angle Theta [deg];Rotor Torque [Nm];Azimuthal Angle Theta [deg];Rotor Torque [Nm];Azimuthal Angle Theta [deg];Rotor Torque [Nm];Azimuthal Angle Theta [deg];Rotor Torque [Nm];Azimuthal Angle Theta [deg];Rotor Torque [Nm];Azimuthal Angle Theta [deg];Rotor Torque [Nm];Azimuthal Angle Theta [deg];Rotor Torque [Nm];Azimuthal Angle Theta [deg];Rotor Torque [Nm];Azimuthal Angle Theta [deg];Rotor Torque [Nm];Azimuthal Angle Theta [deg];Rotor Torque [Nm];Azimuthal Angle Theta [deg];Rotor Torque [Nm];Azimuthal Angle Theta [deg];Rotor Torque [Nm];Azimuthal Angle Theta [deg];Rotor Torque [Nm];Azimuthal Angle Theta [deg];Rotor Torque [Nm];Azimuthal Angle Theta [deg];Rotor Torque [Nm];Azimuthal Angle Theta [deg];Rotor Torque [Nm];Azimuthal Angle Theta [deg];Rotor Torque [Nm];Azimuthal Angle Theta [deg];Rotor Torque [Nm];Azimuthal Angle Theta [deg];Rotor Torque [Nm];Azimuthal Angle Theta [deg];Rotor Torque [Nm];Azimuthal Angle Theta [deg];Rotor Torque [Nm];Azimuthal Angle Theta [deg];Rotor Torque [Nm];Azimuthal Angle Theta [deg];Rotor Torque [Nm];Azimuthal Angle Theta [deg];Rotor Torque [Nm];Azimuthal Angle Theta [deg];Rotor Torque [Nm];Azimuthal Angle Theta [deg];Rotor Torque [Nm];Azimuthal Angle Theta [deg];Rotor Torque [Nm];Azimuthal Angle Theta [deg];Rotor Torque [Nm];Azimuthal Angle Theta [deg];Rotor Torque [Nm];Azimuthal Angle Theta [deg];Rotor Torque [Nm];Azimuthal Angle Theta [deg];Rotor Torque [Nm];Azimuthal Angle Theta [deg];Rotor Torque [Nm];Azimuthal Angle Theta [deg];Rotor Torque [Nm];Azimuthal Angle Theta [deg];Rotor Torque [Nm];Azimuthal Angle Theta [deg];Rotor Torque [Nm];Azimuthal Angle Theta [deg];Rotor Torque [Nm];Azimuthal Angle Theta [deg];Rotor Torque [Nm];Azimuthal Angle Theta [deg];Rotor Torque [Nm];Azimuthal Angle Theta [deg];Rotor Torque [Nm];Azimuthal Angle Theta [deg];Rotor Torque [Nm];Azimuthal Angle Theta [deg];Rotor Torque [Nm];Azimuthal Angle Theta [deg];Rotor Torque [Nm];Azimuthal Angle Theta [deg];Rotor Torque [Nm];Azimuthal Angle Theta [deg];Rotor Torque [Nm];Azimuthal Angle Theta [deg];Rotor Torque [Nm];Azimuthal Angle Theta [deg];Rotor Torque [Nm];Azimuthal Angle Theta [deg];Rotor Torque [Nm];Azimuthal Angle Theta [deg];Rotor Torque [Nm];Azimuthal Angle Theta [deg];Rotor Torque [Nm];Azimuthal Angle Theta [deg];Rotor Torque [Nm];Azimuthal Angle Theta [deg];Rotor Torque [Nm];Azimuthal Angle Theta [deg];Rotor Torque [Nm];Azimuthal Angle Theta [deg];Rotor Torque [Nm];Azimuthal Angle Theta [deg];Rotor Torque [Nm];Azimuthal Angle Theta [deg];Rotor Torque [Nm];Azimuthal Angle Theta [deg];Rotor Torque [Nm];Azimuthal Angle Theta [deg];Rotor Torque [Nm];Azimuthal Angle Theta [deg];Rotor Torque [Nm];Azimuthal Angle Theta [deg];Rotor Torque [Nm];Azimuthal Angle Theta [deg];Rotor Torque [Nm];Azimuthal Angle Theta [deg];Rotor Torque [Nm];Azimuthal Angle Theta [deg];Rotor Torque [Nm];Azimuthal Angle Theta [deg];Rotor Torque [Nm];Azimuthal Angle Theta [deg];Rotor Torque [Nm];Azimuthal Angle Theta [deg];Rotor Torque [Nm];Azimuthal Angle Theta [deg];Rotor Torque [Nm];Azimuthal Angle Theta [deg];Rotor Torque [Nm];Azimuthal Angle Theta [deg];Rotor Torque [Nm];Azimuthal Angle Theta [deg];Rotor Torque [Nm];Azimuthal Angle Theta [deg];Rotor Torque [Nm];Azimuthal Angle Theta [deg];Rotor Torque [Nm];Azimuthal Angle Theta [deg];Rotor Torque [Nm];Azimuthal Angle Theta [deg];Rotor Torque [Nm];Azimuthal Angle Theta [deg];Rotor Torque [Nm];Azimuthal Angle Theta [deg];Rotor Torque [Nm];Azimuthal Angle Theta [deg];Rotor Torque [Nm];Azimuthal Angle Theta [deg];Rotor Torque [Nm];Azimuthal Angle Theta [deg];Rotor Torque [Nm];Azimuthal Angle Theta [deg];Rotor Torque [Nm];Azimuthal Angle Theta [deg];Rotor Torque [Nm];Azimuthal Angle Theta [deg];Rotor Torque [Nm];Azimuthal Angle Theta [deg];Rotor Torque [Nm];Azimuthal Angle Theta [deg];Rotor Torque [Nm];Azimuthal Angle Theta [deg];Rotor Torque [Nm];Azimuthal Angle Theta [deg];Rotor Torque [Nm];Azimuthal Angle Theta [deg];Rotor Torque [Nm];Azimuthal Angle Theta [deg];Rotor Torque [Nm];Azimuthal Angle Theta [deg];Rotor Torque [Nm];Azimuthal Angle Theta [deg];Rotor Torque [Nm];Azimuthal Angle Theta [deg];Rotor Torque [Nm];Azimuthal Angle Theta [deg];Rotor Torque [Nm];Azimuthal Angle Theta [deg];Rotor Torque [Nm];Azimuthal Angle Theta [deg];Rotor Torque [Nm];Azimuthal Angle Theta [deg];Rotor Torque [Nm];Azimuthal Angle Theta [deg];Rotor Torque [Nm];Azimuthal Angle Theta [deg];Rotor Torque [Nm];Azimuthal Angle Theta [deg];Rotor Torque [Nm];Azimuthal Angle Theta [deg];Rotor Torque [Nm];Azimuthal Angle Theta [deg];Rotor Torque [Nm];Azimuthal Angle Theta [deg];Rotor Torque [Nm];Azimuthal Angle Theta [deg];Rotor Torque [Nm];Azimuthal Angle Theta [deg];Rotor Torque [Nm];Azimuthal Angle Theta [deg];Rotor Torque [Nm];Azimuthal Angle Theta [deg];Rotor Torque [Nm];Azimuthal Angle Theta [deg];Rotor Torque [Nm];Azimuthal Angle Theta [deg];Rotor Torque [Nm];Azimuthal Angle Theta [deg];Rotor Torque [Nm];Azimuthal Angle Theta [deg];Rotor Torque [Nm];Azimuthal Angle Theta [deg];Rotor Torque [Nm];Azimuthal Angle Theta [deg];Rotor Torque [Nm];Azimuthal Angle Theta [deg];Rotor Torque [Nm];Azimuthal Angle Theta [deg];Rotor Torque [Nm];Azimuthal Angle Theta [deg];Rotor Torque [Nm];Azimuthal Angle Theta [deg];Rotor Torque [Nm];Azimuthal Angle Theta [deg];Rotor Torque [Nm];Azimuthal Angle Theta [deg];Rotor Torque [Nm];Azimuthal Angle Theta [deg];Rotor Torque [Nm];Azimuthal Angle Theta [deg];Rotor Torque [Nm];Azimuthal Angle Theta [deg];Rotor Torque [Nm];Azimuthal Angle Theta [deg];Rotor Torque [Nm];Azimuthal Angle Theta [deg];Rotor Torque [Nm];Azimuthal Angle Theta [deg];Rotor Torque [Nm];Azimuthal Angle Theta [deg];Rotor Torque [Nm];Azimuthal Angle Theta [deg];Rotor Torque [Nm];Azimuthal Angle Theta [deg];Rotor Torque [Nm];Azimuthal Angle Theta [deg];Rotor Torque [Nm];Azimuthal Angle Theta [deg];Rotor Torque [Nm];Azimuthal Angle Theta [deg];Rotor Torque [Nm];Azimuthal Angle Theta [deg];Rotor Torque [Nm];Azimuthal Angle Theta [deg];Rotor Torque [Nm];Azimuthal Angle Theta [deg];Rotor Torque [Nm];Azimuthal Angle Theta [deg];Rotor Torque [Nm];Azimuthal Angle Theta [deg];Rotor Torque [Nm];Azimuthal Angle Theta [deg];Rotor Torque [Nm];Azimuthal Angle Theta [deg];Rotor Torque [Nm];Azimuthal Angle Theta [deg];Rotor Torque [Nm];Azimuthal Angle Theta [deg];Rotor Torque [Nm];Azimuthal Angle Theta [deg];Rotor Torque [Nm];Azimuthal Angle Theta [deg];Rotor Torque [Nm];Azimuthal Angle Theta [deg];Rotor Torque [Nm];Azimuthal Angle Theta [deg];Rotor Torque [Nm];Azimuthal Angle Theta [deg];Rotor Torque [Nm];Azimuthal Angle Theta [deg];Rotor Torque [Nm];Azimuthal Angle Theta [deg];Rotor Torque [Nm];Azimuthal Angle Theta [deg];Rotor Torque [Nm];Azimuthal Angle Theta [deg];Rotor Torque [Nm];Azimuthal Angle Theta [deg];Rotor Torque [Nm];Azimuthal Angle Theta [deg];Rotor Torque [Nm];Azimuthal Angle Theta [deg];Rotor Torque [Nm];Azimuthal Angle Theta [deg];Rotor Torque [Nm];Azimuthal Angle Theta [deg];Rotor Torque [Nm];Azimuthal Angle Theta [deg];Rotor Torque [Nm];Azimuthal Angle Theta [deg];Rotor Torque [Nm];Azimuthal Angle Theta [deg];Rotor Torque [Nm];Azimuthal Angle Theta [deg];Rotor Torque [Nm];Azimuthal Angle Theta [deg];Rotor Torque [Nm];Azimuthal Angle Theta [deg];Rotor Torque [Nm];Azimuthal Angle Theta [deg];Rotor Torque [Nm];Azimuthal Angle Theta [deg];Rotor Torque [Nm];Azimuthal Angle Theta [deg];Rotor Torque [Nm];Azimuthal Angle Theta [deg];Rotor Torque [Nm];Azimuthal Angle Theta [deg];Rotor Torque [Nm];Azimuthal Angle Theta [deg];Rotor Torque [Nm];Azimuthal Angle Theta [deg];Rotor Torque [Nm];Azimuthal Angle Theta [deg];Rotor Torque [Nm];Azimuthal Angle Theta [deg];Rotor Torque [Nm];Azimuthal Angle Theta [deg];Rotor Torque [Nm];Azimuthal Angle Theta [deg];Rotor Torque [Nm];Azimuthal Angle Theta [deg];Rotor Torque [Nm];Azimuthal Angle Theta [deg];Rotor Torque [Nm];Azimuthal Angle Theta [deg];Rotor Torque [Nm];Azimuthal Angle Theta [deg];Rotor Torque [Nm];Azimuthal Angle Theta [deg];Rotor Torque [Nm];Azimuthal Angle Theta [deg];Rotor Torque [Nm];Azimuthal Angle Theta [deg];Rotor Torque [Nm];Azimuthal Angle Theta [deg];Rotor Torque [Nm];Azimuthal Angle Theta [deg];Rotor Torque [Nm];Azimuthal Angle Theta [deg];Rotor Torque [Nm];Azimuthal Angle Theta [deg];Rotor Torque [Nm];Azimuthal Angle Theta [deg];Rotor Torque [Nm];Azimuthal Angle Theta [deg];Rotor Torque [Nm];Azimuthal Angle Theta [deg];Rotor Torque [Nm];Azimuthal Angle Theta [deg];Rotor Torque [Nm];Azimuthal Angle Theta [deg];Rotor Torque [Nm];Azimuthal Angle Theta [deg];Rotor Torque [Nm];Azimuthal Angle Theta [deg];Rotor Torque [Nm];Azimuthal Angle Theta [deg];Rotor Torque [Nm];Azimuthal Angle Theta [deg];Rotor Torque [Nm];Azimuthal Angle Theta [deg];Rotor Torque [Nm];Azimuthal Angle Theta [deg];Rotor Torque [Nm];Azimuthal Angle Theta [deg];Rotor Torque [Nm];Azimuthal Angle Theta [deg];Rotor Torque [Nm];Azimuthal Angle Theta [deg];Rotor Torque [Nm];Azimuthal Angle Theta [deg];Rotor Torque [Nm];Azimuthal Angle Theta [deg];Rotor Torque [Nm];Azimuthal Angle Theta [deg];Rotor Torque [Nm];Azimuthal Angle Theta [deg];Rotor Torque [Nm];Azimuthal Angle Theta [deg];Rotor Torque [Nm];Azimuthal Angle Theta [deg];Rotor Torque [Nm];Azimuthal Angle Theta [deg];Rotor Torque [Nm];Azimuthal Angle Theta [deg];Rotor Torque [Nm];Azimuthal Angle Theta [deg];Rotor Torque [Nm];Azimuthal Angle Theta [deg];Rotor Torque [Nm];Azimuthal Angle Theta [deg];Rotor Torque [Nm];Azimuthal Angle Theta [deg];Rotor Torque [Nm];Azimuthal Angle Theta [deg];Rotor Torque [Nm];Azimuthal Angle Theta [deg];Rotor Torque [Nm];Azimuthal Angle Theta [deg];Rotor Torque [Nm];Azimuthal Angle Theta [deg];Rotor Torque [Nm];Azimuthal Angle Theta [deg];Rotor Torque [Nm];Azimuthal Angle Theta [deg];Rotor Torque [Nm];Azimuthal Angle Theta [deg];Rotor Torque [Nm];Azimuthal Angle Theta [deg];Rotor Torque [Nm];Azimuthal Angle Theta [deg];Rotor Torque [Nm];Azimuthal Angle Theta [deg];Rotor Torque [Nm];Azimuthal Angle Theta [deg];Rotor Torque [Nm];Azimuthal Angle Theta [deg];Rotor Torque [Nm];Azimuthal Angle Theta [deg];Rotor Torque [Nm];Azimuthal Angle Theta [deg];Rotor Torque [Nm];Azimuthal Angle Theta [deg];Rotor Torque [Nm];Azimuthal Angle Theta [deg];Rotor Torque [Nm];Azimuthal Angle Theta [deg];Rotor Torque [Nm];Azimuthal Angle Theta [deg];Rotor Torque [Nm];Azimuthal Angle Theta [deg];Rotor Torque [Nm];Azimuthal Angle Theta [deg];Rotor Torque [Nm];Azimuthal Angle Theta [deg];Rotor Torque [Nm];Azimuthal Angle Theta [deg];Rotor Torque [Nm];Azimuthal Angle Theta [deg];Rotor Torque [Nm];Azimuthal Angle Theta [deg];Rotor Torque [Nm];Azimuthal Angle Theta [deg];Rotor Torque [Nm];Azimuthal Angle Theta [deg];Rotor Torque [Nm];Azimuthal Angle Theta [deg];Rotor Torque [Nm];Azimuthal Angle Theta [deg];Rotor Torque [Nm];Azimuthal Angle Theta [deg];Rotor Torque [Nm];Azimuthal Angle Theta [deg];Rotor Torque [Nm];Azimuthal Angle Theta [deg];Rotor Torque [Nm];Azimuthal Angle Theta [deg];Rotor Torque [Nm];Azimuthal Angle Theta [deg];Rotor Torque [Nm];Azimuthal Angle Theta [deg];Rotor Torque [Nm];Azimuthal Angle Theta [deg];Rotor Torque [Nm];Azimuthal Angle Theta [deg];Rotor Torque [Nm];Azimuthal Angle Theta [deg];Rotor Torque [Nm];Azimuthal Angle Theta [deg];Rotor Torque [Nm];Azimuthal Angle Theta [deg];Rotor Torque [Nm];Azimuthal Angle Theta [deg];Rotor Torque [Nm];Azimuthal Angle Theta [deg];Rotor Torque [Nm];Azimuthal Angle Theta [deg];Rotor Torque [Nm];Azimuthal Angle Theta [deg];Rotor Torque [Nm];Azimuthal Angle Theta [deg];Rotor Torque [Nm];Azimuthal Angle Theta [deg];Rotor Torque [Nm];Azimuthal Angle Theta [deg];Rotor Torque [Nm];Azimuthal Angle Theta [deg];Rotor Torque [Nm];Azimuthal Angle Theta [deg];Rotor Torque [Nm];Azimuthal Angle Theta [deg];Rotor Torque [Nm];Azimuthal Angle Theta [deg];Rotor Torque [Nm];Azimuthal Angle Theta [deg];Rotor Torque [Nm];Azimuthal Angle Theta [deg];Rotor Torque [Nm];Azimuthal Angle Theta [deg];Rotor Torque [Nm];Azimuthal Angle Theta [deg];Rotor Torque [Nm];Azimuthal Angle Theta [deg];Rotor Torque [Nm];Azimuthal Angle Theta [deg];Rotor Torque [Nm];Azimuthal Angle Theta [deg];Rotor Torque [Nm];Azimuthal Angle Theta [deg];Rotor Torque [Nm];Azimuthal Angle Theta [deg];Rotor Torque [Nm];Azimuthal Angle Theta [deg];Rotor Torque [Nm];Azimuthal Angle Theta [deg];Rotor Torque [Nm];Azimuthal Angle Theta [deg];Rotor Torque [Nm];Azimuthal Angle Theta [deg];Rotor Torque [Nm];Azimuthal Angle Theta [deg];Rotor Torque [Nm];Azimuthal Angle Theta [deg];Rotor Torque [Nm];Azimuthal Angle Theta [deg];Rotor Torque [Nm];Azimuthal Angle Theta [deg];Rotor Torque [Nm];Azimuthal Angle Theta [deg];Rotor Torque [Nm];Azimuthal Angle Theta [deg];Rotor Torque [Nm];Azimuthal Angle Theta [deg];Rotor Torque [Nm];Azimuthal Angle Theta [deg];Rotor Torque [Nm];Azimuthal Angle Theta [deg];Rotor Torque [Nm];Azimuthal Angle Theta [deg];Rotor Torque [Nm];Azimuthal Angle Theta [deg];Rotor Torque [Nm];Azimuthal Angle Theta [deg];Rotor Torque [Nm];Azimuthal Angle Theta [deg];Rotor Torque [Nm];Azimuthal Angle Theta [deg];Rotor Torque [Nm];Azimuthal Angle Theta [deg];Rotor Torque [Nm];Azimuthal Angle Theta [deg];Rotor Torque [Nm];Azimuthal Angle Theta [deg];Rotor Torque [Nm];Azimuthal Angle Theta [deg];Rotor Torque [Nm];Azimuthal Angle Theta [deg];Rotor Torque [Nm];Azimuthal Angle Theta [deg];Rotor Torque [Nm];Azimuthal Angle Theta [deg];Rotor Torque [Nm];Azimuthal Angle Theta [deg];Rotor Torque [Nm];Azimuthal Angle Theta [deg];Rotor Torque [Nm];Azimuthal Angle Theta [deg];Rotor Torque [Nm];Azimuthal Angle Theta [deg];Rotor Torque [Nm];Azimuthal Angle Theta [deg];Rotor Torque [Nm];Azimuthal Angle Theta [deg];Rotor Torque [Nm];Azimuthal Angle Theta [deg];Rotor Torque [Nm];Azimuthal Angle Theta [deg];Rotor Torque [Nm];Azimuthal Angle Theta [deg];Rotor Torque [Nm];Azimuthal Angle Theta [deg];Rotor Torque [Nm];Azimuthal Angle Theta [deg];Rotor Torque [Nm];Azimuthal Angle Theta [deg];Rotor Torque [Nm];Azimuthal Angle Theta [deg];Rotor Torque [Nm];Azimuthal Angle Theta [deg];Rotor Torque [Nm];Azimuthal Angle Theta [deg];Rotor Torque [Nm];Azimuthal Angle Theta [deg];Rotor Torque [Nm];Azimuthal Angle Theta [deg];Rotor Torque [Nm];Azimuthal Angle Theta [deg];Rotor Torque [Nm];Azimuthal Angle Theta [deg];Rotor Torque [Nm];Azimuthal Angle Theta [deg];Rotor Torque [Nm];Azimuthal Angle Theta [deg];Rotor Torque [Nm];Azimuthal Angle Theta [deg];Rotor Torque [Nm];Azimuthal Angle Theta [deg];Rotor Torque [Nm];Azimuthal Angle Theta [deg];Rotor Torque [Nm];Azimuthal Angle Theta [deg];Rotor Torque [Nm];Azimuthal Angle Theta [deg];Rotor Torque [Nm];Azimuthal Angle Theta [deg];Rotor Torque [Nm];Azimuthal Angle Theta [deg];Rotor Torque [Nm];Azimuthal Angle Theta [deg];Rotor Torque [Nm];Azimuthal Angle Theta [deg];Rotor Torque [Nm];Azimuthal Angle Theta [deg];Rotor Torque [Nm];Azimuthal Angle Theta [deg];Rotor Torque [Nm];Azimuthal Angle Theta [deg];Rotor Torque [Nm];Azimuthal Angle Theta [deg];Rotor Torque [Nm];Azimuthal Angle Theta [deg];Rotor Torque [Nm];Azimuthal Angle Theta [deg];Rotor Torque [Nm];Azimuthal Angle Theta [deg];Rotor Torque [Nm];Azimuthal Angle Theta [deg];Rotor Torque [Nm];Azimuthal Angle Theta [deg];Rotor Torque [Nm];Azimuthal Angle Theta [deg];Rotor Torque [Nm];Azimuthal Angle Theta [deg];Rotor Torque [Nm];Azimuthal Angle Theta [deg];Rotor Torque [Nm];Azimuthal Angle Theta [deg];Rotor Torque [Nm];Azimuthal Angle Theta [deg];Rotor Torque [Nm];Azimuthal Angle Theta [deg];Rotor Torque [Nm];Azimuthal Angle Theta [deg];Rotor Torque [Nm];Azimuthal Angle Theta [deg];Rotor Torque [Nm];Azimuthal Angle Theta [deg];Rotor Torque [Nm];Azimuthal Angle Theta [deg];Rotor Torque [Nm];Azimuthal Angle Theta [deg];Rotor Torque [Nm];Azimuthal Angle Theta [deg];Rotor Torque [Nm];Azimuthal Angle Theta [deg];Rotor Torque [Nm];Azimuthal Angle Theta [deg];Rotor Torque [Nm];Azimuthal Angle Theta [deg];Rotor Torque [Nm];Azimuthal Angle Theta [deg];Rotor Torque [Nm];Azimuthal Angle Theta [deg];Rotor Torque [Nm];Azimuthal Angle Theta [deg];Rotor Torque [Nm];Azimuthal Angle Theta [deg];Rotor Torque [Nm];Azimuthal Angle Theta [deg];Rotor Torque [Nm];Azimuthal Angle Theta [deg];Rotor Torque [Nm];Azimuthal Angle Theta [deg];Rotor Torque [Nm];Azimuthal Angle Theta [deg];Rotor Torque [Nm];Azimuthal Angle Theta [deg];Rotor Torque [Nm];Azimuthal Angle Theta [deg];Rotor Torque [Nm];Azimuthal Angle Theta [deg];Rotor Torque [Nm];Azimuthal Angle Theta [deg];Rotor Torque [Nm];Azimuthal Angle Theta [deg];Rotor Torque [Nm];Azimuthal Angle Theta [deg];Rotor Torque [Nm];Azimuthal Angle Theta [deg];Rotor Torque [Nm];Azimuthal Angle Theta [deg];Rotor Torque [Nm];Azimuthal Angle Theta [deg];Rotor Torque [Nm];Azimuthal Angle Theta [deg];Rotor Torque [Nm];Azimuthal Angle Theta [deg];Rotor Torque [Nm];Azimuthal Angle Theta [deg];Rotor Torque [Nm];Azimuthal Angle Theta [deg];Rotor Torque [Nm];Azimuthal Angle Theta [deg];Rotor Torque [Nm];Azimuthal Angle Theta [deg];Rotor Torque [Nm];Azimuthal Angle Theta [deg];Rotor Torque [Nm];Azimuthal Angle Theta [deg];Rotor Torque [Nm];Azimuthal Angle Theta [deg];Rotor Torque [Nm];Azimuthal Angle Theta [deg];Rotor Torque [Nm];Azimuthal Angle Theta [deg];Rotor Torque [Nm];Azimuthal Angle Theta [deg];Rotor Torque [Nm];Azimuthal Angle Theta [deg];Rotor Torque [Nm];Azimuthal Angle Theta [deg];Rotor Torque [Nm];Azimuthal Angle Theta [deg];Rotor Torque [Nm];Azimuthal Angle Theta [deg];Rotor Torque [Nm];Azimuthal Angle Theta [deg];Rotor Torque [Nm];Azimuthal Angle Theta [deg];Rotor Torque [Nm];Azimuthal Angle Theta [deg];Rotor Torque [Nm];Azimuthal Angle Theta [deg];Rotor Torque [Nm];Azimuthal Angle Theta [deg];Rotor Torque [Nm];Azimuthal Angle Theta [deg];Rotor Torque [Nm];Azimuthal Angle Theta [deg];Rotor Torque [Nm];Azimuthal Angle Theta [deg];Rotor Torque [Nm];Azimuthal Angle Theta [deg];Rotor Torque [Nm];Azimuthal Angle Theta [deg];Rotor Torque [Nm];Azimuthal Angle Theta [deg];Rotor Torque [Nm];Azimuthal Angle Theta [deg];Rotor Torque [Nm];Azimuthal Angle Theta [deg];Rotor Torque [Nm];Azimuthal Angle Theta [deg];Rotor Torque [Nm];Azimuthal Angle Theta [deg];Rotor Torque [Nm];Azimuthal Angle Theta [deg];Rotor Torque [Nm];Azimuthal Angle Theta [deg];Rotor Torque [Nm];Azimuthal Angle Theta [deg];Rotor Torque [Nm];Azimuthal Angle Theta [deg];Rotor Torque [Nm];Azimuthal Angle Theta [deg];Rotor Torque [Nm];Azimuthal Angle Theta [deg];Rotor Torque [Nm];Azimuthal Angle Theta [deg];Rotor Torque [Nm];Azimuthal Angle Theta [deg];Rotor Torque [Nm];Azimuthal Angle Theta [deg];Rotor Torque [Nm];Azimuthal Angle Theta [deg];Rotor Torque [Nm];Azimuthal Angle Theta [deg];Rotor Torque [Nm];Azimuthal Angle Theta [deg];Rotor Torque [Nm];Azimuthal Angle Theta [deg];Rotor Torque [Nm];Azimuthal Angle Theta [deg];Rotor Torque [Nm];Azimuthal Angle Theta [deg];Rotor Torque [Nm];Azimuthal Angle Theta [deg];Rotor Torque [Nm];Azimuthal Angle Theta [deg];Rotor Torque [Nm];Azimuthal Angle Theta [deg];Rotor Torque [Nm];Azimuthal Angle Theta [deg];Rotor Torque [Nm];Azimuthal Angle Theta [deg];Rotor Torque [Nm];Azimuthal Angle Theta [deg];Rotor Torque [Nm];Azimuthal Angle Theta [deg];Rotor Torque [Nm];Azimuthal Angle Theta [deg];Rotor Torque [Nm];Azimuthal Angle Theta [deg];Rotor Torque [Nm];Azimuthal Angle Theta [deg];Rotor Torque [Nm];Azimuthal Angle Theta [deg];Rotor Torque [Nm];Azimuthal Angle Theta [deg];Rotor Torque [Nm];Azimuthal Angle Theta [deg];Rotor Torque [Nm];Azimuthal Angle Theta [deg];Rotor Torque [Nm];Azimuthal Angle Theta [deg];Rotor Torque [Nm];Azimuthal Angle Theta [deg];Rotor Torque [Nm];Azimuthal Angle Theta [deg];Rotor Torque [Nm];Azimuthal Angle Theta [deg];Rotor Torque [Nm];Azimuthal Angle Theta [deg];Rotor Torque [Nm];Azimuthal Angle Theta [deg];Rotor Torque [Nm];Azimuthal Angle Theta [deg];Rotor Torque [Nm];Azimuthal Angle Theta [deg];Rotor Torque [Nm];Azimuthal Angle Theta [deg];Rotor Torque [Nm];Azimuthal Angle Theta [deg];Rotor Torque [Nm];Azimuthal Angle Theta [deg];Rotor Torque [Nm];Azimuthal Angle Theta [deg];Rotor Torque [Nm];Azimuthal Angle Theta [deg];Rotor Torque [Nm];Azimuthal Angle Theta [deg];Rotor Torque [Nm];Azimuthal Angle Theta [deg];Rotor Torque [Nm];Azimuthal Angle Theta [deg];Rotor Torque [Nm];Azimuthal Angle Theta [deg];Rotor Torque [Nm];Azimuthal Angle Theta [deg];Rotor Torque [Nm];Azimuthal Angle Theta [deg];Rotor Torque [Nm];Azimuthal Angle Theta [deg];Rotor Torque [Nm];Azimuthal Angle Theta [deg];Rotor Torque [Nm];Azimuthal Angle Theta [deg];Rotor Torque [Nm];Azimuthal Angle Theta [deg];Rotor Torque [Nm];Azimuthal Angle Theta [deg];Rotor Torque [Nm];Azimuthal Angle Theta [deg];Rotor Torque [Nm];Azimuthal Angle Theta [deg];Rotor Torque [Nm];Azimuthal Angle Theta [deg];Rotor Torque [Nm];Azimuthal Angle Theta [deg];Rotor Torque [Nm];Azimuthal Angle Theta [deg];Rotor Torque [Nm];Azimuthal Angle Theta [deg];Rotor Torque [Nm];Azimuthal Angle Theta [deg];Rotor Torque [Nm];Azimuthal Angle Theta [deg];Rotor Torque [Nm];Azimuthal Angle Theta [deg];Rotor Torque [Nm];Azimuthal Angle Theta [deg];Rotor Torque [Nm];Azimuthal Angle Theta [deg];Rotor Torque [Nm];Azimuthal Angle Theta [deg];Rotor Torque [Nm];Azimuthal Angle Theta [deg];Rotor Torque [Nm];Azimuthal Angle Theta [deg];Rotor Torque [Nm];Azimuthal Angle Theta [deg];Rotor Torque [Nm];Azimuthal Angle Theta [deg];Rotor Torque [Nm];Azimuthal Angle Theta [deg];Rotor Torque [Nm];Azimuthal Angle Theta [deg];Rotor Torque [Nm];Azimuthal Angle Theta [deg];Rotor Torque [Nm];Azimuthal Angle Theta [deg];Rotor Torque [Nm];Azimuthal Angle Theta [deg];Rotor Torque [Nm];Azimuthal Angle Theta [deg];Rotor Torque [Nm];Azimuthal Angle Theta [deg];Rotor Torque [Nm];Azimuthal Angle Theta [deg];Rotor Torque [Nm];Azimuthal Angle Theta [deg];Rotor Torque [Nm];Azimuthal Angle Theta [deg];Rotor Torque [Nm];Azimuthal Angle Theta [deg];Rotor Torque [Nm];Azimuthal Angle Theta [deg];Rotor Torque [Nm];Azimuthal Angle Theta [deg];Rotor Torque [Nm];Azimuthal Angle Theta [deg];Rotor Torque [Nm];Azimuthal Angle Theta [deg];Rotor Torque [Nm];Azimuthal Angle Theta [deg];Rotor Torque [Nm];Azimuthal Angle Theta [deg];Rotor Torque [Nm];Azimuthal Angle Theta [deg];Rotor Torque [Nm];Azimuthal Angle Theta [deg];Rotor Torque [Nm];Azimuthal Angle Theta [deg];Rotor Torque [Nm];Azimuthal Angle Theta [deg];Rotor Torque [Nm];Azimuthal Angle Theta [deg];Rotor Torque [Nm];Azimuthal Angle Theta [deg];Rotor Torque [Nm];Azimuthal Angle Theta [deg];Rotor Torque [Nm];Azimuthal Angle Theta [deg];Rotor Torque [Nm];Azimuthal Angle Theta [deg];Rotor Torque [Nm];Azimuthal Angle Theta [deg];Rotor Torque [Nm];Azimuthal Angle Theta [deg];Rotor Torque [Nm];Azimuthal Angle Theta [deg];Rotor Torque [Nm];Azimuthal Angle Theta [deg];Rotor Torque [Nm];Azimuthal Angle Theta [deg];Rotor Torque [Nm];Azimuthal Angle Theta [deg];Rotor Torque [Nm];Azimuthal Angle Theta [deg];Rotor Torque [Nm];Azimuthal Angle Theta [deg];Rotor Torque [Nm];Azimuthal Angle Theta [deg];Rotor Torque [Nm];Azimuthal Angle Theta [deg];Rotor Torque [Nm];Azimuthal Angle Theta [deg];Rotor Torque [Nm];Azimuthal Angle Theta [deg];Rotor Torque [Nm];Azimuthal Angle Theta [deg];Rotor Torque [Nm];Azimuthal Angle Theta [deg];Rotor Torque [Nm];Azimuthal Angle Theta [deg];Rotor Torque [Nm];Azimuthal Angle Theta [deg];Rotor Torque [Nm];Azimuthal Angle Theta [deg];Rotor Torque [Nm];Azimuthal Angle Theta [deg];Rotor Torque [Nm];Azimuthal Angle Theta [deg];Rotor Torque [Nm];Azimuthal Angle Theta [deg];Rotor Torque [Nm];Azimuthal Angle Theta [deg];Rotor Torque [Nm];Azimuthal Angle Theta [deg];Rotor Torque [Nm];Azimuthal Angle Theta [deg];Rotor Torque [Nm];Azimuthal Angle Theta [deg];Rotor Torque [Nm];Azimuthal Angle Theta [deg];Rotor Torque [Nm];Azimuthal Angle Theta [deg];Rotor Torque [Nm];Azimuthal Angle Theta [deg];Rotor Torque [Nm];Azimuthal Angle Theta [deg];Rotor Torque [Nm];Azimuthal Angle Theta [deg];Rotor Torque [Nm];Azimuthal Angle Theta [deg];Rotor Torque [Nm];Azimuthal Angle Theta [deg];Rotor Torque [Nm];Azimuthal Angle Theta [deg];Rotor Torque [Nm];Azimuthal Angle Theta [deg];Rotor Torque [Nm];Azimuthal Angle Theta [deg];Rotor Torque [Nm];Azimuthal Angle Theta [deg];Rotor Torque [Nm];Azimuthal Angle Theta [deg];Rotor Torque [Nm];Azimuthal Angle Theta [deg];Rotor Torque [Nm];Azimuthal Angle Theta [deg];Rotor Torque [Nm];Azimuthal Angle Theta [deg];Rotor Torque [Nm];Azimuthal Angle Theta [deg];Rotor Torque [Nm];Azimuthal Angle Theta [deg];Rotor Torque [Nm];Azimuthal Angle Theta [deg];Rotor Torque [Nm];Azimuthal Angle Theta [deg];Rotor Torque [Nm];Azimuthal Angle Theta [deg];Rotor Torque [Nm];Azimuthal Angle Theta [deg];Rotor Torque [Nm];Azimuthal Angle Theta [deg];Rotor Torque [Nm];Azimuthal Angle Theta [deg];Rotor Torque [Nm];Azimuthal Angle Theta [deg];Rotor Torque [Nm];Azimuthal Angle Theta [deg];Rotor Torque [Nm];Azimuthal Angle Theta [deg];Rotor Torque [Nm];Azimuthal Angle Theta [deg];Rotor Torque [Nm];Azimuthal Angle Theta [deg];Rotor Torque [Nm];Azimuthal Angle Theta [deg];Rotor Torque [Nm];Azimuthal Angle Theta [deg];Rotor Torque [Nm];Azimuthal Angle Theta [deg];Rotor Torque [Nm];Azimuthal Angle Theta [deg];Rotor Torque [Nm];Azimuthal Angle Theta [deg];Rotor Torque [Nm];Azimuthal Angle Theta [deg];Rotor Torque [Nm];Azimuthal Angle Theta [deg];Rotor Torque [Nm];Azimuthal Angle Theta [deg];Rotor Torque [Nm];Azimuthal Angle Theta [deg];Rotor Torque [Nm];Azimuthal Angle Theta [deg];Rotor Torque [Nm];Azimuthal Angle Theta [deg];Rotor Torque [Nm];Azimuthal Angle Theta [deg];Rotor Torque [Nm];Azimuthal Angle Theta [deg];Rotor Torque [Nm];Azimuthal Angle Theta [deg];Rotor Torque [Nm];Azimuthal Angle Theta [deg];Rotor Torque [Nm];Azimuthal Angle Theta [deg];Rotor Torque [Nm];Azimuthal Angle Theta [deg];Rotor Torque [Nm];Azimuthal Angle Theta [deg];Rotor Torque [Nm];Azimuthal Angle Theta [deg];Rotor Torque [Nm];Azimuthal Angle Theta [deg];Rotor Torque [Nm];Azimuthal Angle Theta [deg];Rotor Torque [Nm];Azimuthal Angle Theta [deg];Rotor Torque [Nm];Azimuthal Angle Theta [deg];Rotor Torque [Nm];Azimuthal Angle Theta [deg];Rotor Torque [Nm];Azimuthal Angle Theta [deg];Rotor Torque [Nm];Azimuthal Angle Theta [deg];Rotor Torque [Nm];Azimuthal Angle Theta [deg];Rotor Torque [Nm];Azimuthal Angle Theta [deg];Rotor Torque [Nm];Azimuthal Angle Theta [deg];Rotor Torque [Nm];Azimuthal Angle Theta [deg];Rotor Torque [Nm];Azimuthal Angle Theta [deg];Rotor Torque [Nm];Azimuthal Angle Theta [deg];Rotor Torque [Nm];Azimuthal Angle Theta [deg];Rotor Torque [Nm];Azimuthal Angle Theta [deg];Rotor Torque [Nm];Azimuthal Angle Theta [deg];Rotor Torque [Nm];Azimuthal Angle Theta [deg];Rotor Torque [Nm];Azimuthal Angle Theta [deg];Rotor Torque [Nm];Azimuthal Angle Theta [deg];Rotor Torque [Nm];Azimuthal Angle Theta [deg];Rotor Torque [Nm];Azimuthal Angle Theta [deg];Rotor Torque [Nm];Azimuthal Angle Theta [deg];Rotor Torque [Nm];Azimuthal Angle Theta [deg];Rotor Torque [Nm];Azimuthal Angle Theta [deg];Rotor Torque [Nm];Azimuthal Angle Theta [deg];Rotor Torque [Nm];Azimuthal Angle Theta [deg];Rotor Torque [Nm];Azimuthal Angle Theta [deg];Rotor Torque [Nm];Azimuthal Angle Theta [deg];Rotor Torque [Nm];Azimuthal Angle Theta [deg];Rotor Torque [Nm];Azimuthal Angle Theta [deg];Rotor Torque [Nm];Azimuthal Angle Theta [deg];Rotor Torque [Nm];Azimuthal Angle Theta [deg];Rotor Torque [Nm];Azimuthal Angle Theta [deg];Rotor Torque [Nm];Azimuthal Angle Theta [deg];Rotor Torque [Nm];Azimuthal Angle Theta [deg];Rotor Torque [Nm];Azimuthal Angle Theta [deg];Rotor Torque [Nm];Azimuthal Angle Theta [deg];Rotor Torque [Nm];Azimuthal Angle Theta [deg];Rotor Torque [Nm];Azimuthal Angle Theta [deg];Rotor Torque [Nm];Azimuthal Angle Theta [deg];Rotor Torque [Nm];Azimuthal Angle Theta [deg];Rotor Torque [Nm];Azimuthal Angle Theta [deg];Rotor Torque [Nm];Azimuthal Angle Theta [deg];Rotor Torque [Nm];Azimuthal Angle Theta [deg];Rotor Torque [Nm];Azimuthal Angle Theta [deg];Rotor Torque [Nm];Azimuthal Angle Theta [deg];Rotor Torque [Nm];Azimuthal Angle Theta [deg];Rotor Torque [Nm];Azimuthal Angle Theta [deg];Rotor Torque [Nm];Azimuthal Angle Theta [deg];Rotor Torque [Nm];Azimuthal Angle Theta [deg];Rotor Torque [Nm];Azimuthal Angle Theta [deg];Rotor Torque [Nm];Azimuthal Angle Theta [deg];Rotor Torque [Nm];Azimuthal Angle Theta [deg];Rotor Torque [Nm];Azimuthal Angle Theta [deg];Rotor Torque [Nm];Azimuthal Angle Theta [deg];Rotor Torque [Nm];Azimuthal Angle Theta [deg];Rotor Torque [Nm];Azimuthal Angle Theta [deg];Rotor Torque [Nm];Azimuthal Angle Theta [deg];Rotor Torque [Nm];Azimuthal Angle Theta [deg];Rotor Torque [Nm];Azimuthal Angle Theta [deg];Rotor Torque [Nm];Azimuthal Angle Theta [deg];Rotor Torque [Nm];Azimuthal Angle Theta [deg];Rotor Torque [Nm];Azimuthal Angle Theta [deg];Rotor Torque [Nm];Azimuthal Angle Theta [deg];Rotor Torque [Nm];Azimuthal Angle Theta [deg];Rotor Torque [Nm];Azimuthal Angle Theta [deg];Rotor Torque [Nm];Azimuthal Angle Theta [deg];Rotor Torque [Nm];Azimuthal Angle Theta [deg];Rotor Torque [Nm];Azimuthal Angle Theta [deg];Rotor Torque [Nm];Azimuthal Angle Theta [deg];Rotor Torque [Nm];Azimuthal Angle Theta [deg];Rotor Torque [Nm];Azimuthal Angle Theta [deg];Rotor Torque [Nm];Azimuthal Angle Theta [deg];Rotor Torque [Nm];Azimuthal Angle Theta [deg];Rotor Torque [Nm];Azimuthal Angle Theta [deg];Rotor Torque [Nm];Azimuthal Angle Theta [deg];Rotor Torque [Nm];Azimuthal Angle Theta [deg];Rotor Torque [Nm];Azimuthal Angle Theta [deg];Rotor Torque [Nm];Azimuthal Angle Theta [deg];Rotor Torque [Nm];Azimuthal Angle Theta [deg];Rotor Torque [Nm];Azimuthal Angle Theta [deg];Rotor Torque [Nm];Azimuthal Angle Theta [deg];Rotor Torque [Nm];Azimuthal Angle Theta [deg];Rotor Torque [Nm];Azimuthal Angle Theta [deg];Rotor Torque [Nm];Azimuthal Angle Theta [deg];Rotor Torque [Nm];Azimuthal Angle Theta [deg];Rotor Torque [Nm];Azimuthal Angle Theta [deg];Rotor Torque [Nm];Azimuthal Angle Theta [deg];Rotor Torque [Nm];Azimuthal Angle Theta [deg];Rotor Torque [Nm];Azimuthal Angle Theta [deg];Rotor Torque [Nm];Azimuthal Angle Theta [deg];Rotor Torque [Nm];Azimuthal Angle Theta [deg];Rotor Torque [Nm];Azimuthal Angle Theta [deg];Rotor Torque [Nm];Azimuthal Angle Theta [deg];Rotor Torque [Nm];Azimuthal Angle Theta [deg];Rotor Torque [Nm];Azimuthal Angle Theta [deg];Rotor Torque [Nm];Azimuthal Angle Theta [deg];Rotor Torque [Nm];Azimuthal Angle Theta [deg];Rotor Torque [Nm];Azimuthal Angle Theta [deg];Rotor Torque [Nm];Azimuthal Angle Theta [deg];Rotor Torque [Nm];Azimuthal Angle Theta [deg];Rotor Torque [Nm];Azimuthal Angle Theta [deg];Rotor Torque [Nm];Azimuthal Angle Theta [deg];Rotor Torque [Nm];Azimuthal Angle Theta [deg];Rotor Torque [Nm];Azimuthal Angle Theta [deg];Rotor Torque [Nm];Azimuthal Angle Theta [deg];Rotor Torque [Nm];Azimuthal Angle Theta [deg];Rotor Torque [Nm];Azimuthal Angle Theta [deg];Rotor Torque [Nm];Azimuthal Angle Theta [deg];Rotor Torque [Nm];Azimuthal Angle Theta [deg];Rotor Torque [Nm];Azimuthal Angle Theta [deg];Rotor Torque [Nm];Azimuthal Angle Theta [deg];Rotor Torque [Nm];Azimuthal Angle Theta [deg];Rotor Torque [Nm];Azimuthal Angle Theta [deg];Rotor Torque [Nm];Azimuthal Angle Theta [deg];Rotor Torque [Nm];Azimuthal Angle Theta [deg];Rotor Torque [Nm];Azimuthal Angle Theta [deg];Rotor Torque [Nm];Azimuthal Angle Theta [deg];Rotor Torque [Nm];Azimuthal Angle Theta [deg];Rotor Torque [Nm];Azimuthal Angle Theta [deg];Rotor Torque [Nm];Azimuthal Angle Theta [deg];Rotor Torque [Nm];Azimuthal Angle Theta [deg];Rotor Torque [Nm];Azimuthal Angle Theta [deg];Rotor Torque [Nm];Azimuthal Angle Theta [deg];Rotor Torque [Nm];Azimuthal Angle Theta [deg];Rotor Torque [Nm];Azimuthal Angle Theta [deg];Rotor Torque [Nm];Azimuthal Angle Theta [deg];Rotor Torque [Nm];Azimuthal Angle Theta [deg];Rotor Torque [Nm];Azimuthal Angle Theta [deg];Rotor Torque [Nm];Azimuthal Angle Theta [deg];Rotor Torque [Nm];Azimuthal Angle Theta [deg];Rotor Torque [Nm];Azimuthal Angle Theta [deg];Rotor Torque [Nm];Azimuthal Angle Theta [deg];Rotor Torque [Nm];Azimuthal Angle Theta [deg];Rotor Torque [Nm];Azimuthal Angle Theta [deg];Rotor Torque [Nm];Azimuthal Angle Theta [deg];Rotor Torque [Nm];Azimuthal Angle Theta [deg];Rotor Torque [Nm];Azimuthal Angle Theta [deg];Rotor Torque [Nm];Azimuthal Angle Theta [deg];Rotor Torque [Nm];Azimuthal Angle Theta [deg];Rotor Torque [Nm];Azimuthal Angle Theta [deg];Rotor Torque [Nm];Azimuthal Angle Theta [deg];Rotor Torque [Nm];Azimuthal Angle Theta [deg];Rotor Torque [Nm];Azimuthal Angle Theta [deg];Rotor Torque [Nm];Azimuthal Angle Theta [deg];Rotor Torque [Nm];Azimuthal Angle Theta [deg];Rotor Torque [Nm];Azimuthal Angle Theta [deg];Rotor Torque [Nm];Azimuthal Angle Theta [deg];Rotor Torque [Nm];Azimuthal Angle Theta [deg];Rotor Torque [Nm];Azimuthal Angle Theta [deg];Rotor Torque [Nm];Azimuthal Angle Theta [deg];Rotor Torque [Nm];Azimuthal Angle Theta [deg];Rotor Torque [Nm];Azimuthal Angle Theta [deg];Rotor Torque [Nm];Azimuthal Angle Theta [deg];Rotor Torque [Nm];Azimuthal Angle Theta [deg];Rotor Torque [Nm];Azimuthal Angle Theta [deg];Rotor Torque [Nm];Azimuthal Angle Theta [deg];Rotor Torque [Nm];Azimuthal Angle Theta [deg];Rotor Torque [Nm];Azimuthal Angle Theta [deg];Rotor Torque [Nm];Azimuthal Angle Theta [deg];Rotor Torque [Nm];Azimuthal Angle Theta [deg];Rotor Torque [Nm];Azimuthal Angle Theta [deg];Rotor Torque [Nm];Azimuthal Angle Theta [deg];Rotor Torque [Nm];Azimuthal Angle Theta [deg];Rotor Torque [Nm];Azimuthal Angle Theta [deg];Rotor Torque [Nm];Azimuthal Angle Theta [deg];Rotor Torque [Nm];Azimuthal Angle Theta [deg];Rotor Torque [Nm];Azimuthal Angle Theta [deg];Rotor Torque [Nm];Azimuthal Angle Theta [deg];Rotor Torque [Nm];Azimuthal Angle Theta [deg];Rotor Torque [Nm];Azimuthal Angle Theta [deg];Rotor Torque [Nm];Azimuthal Angle Theta [deg];Rotor Torque [Nm];Azimuthal Angle Theta [deg];Rotor Torque [Nm];Azimuthal Angle Theta [deg];Rotor Torque [Nm];Azimuthal Angle Theta [deg];Rotor Torque [Nm];Azimuthal Angle Theta [deg];Rotor Torque [Nm];Azimuthal Angle Theta [deg];Rotor Torque [Nm];Azimuthal Angle Theta [deg];Rotor Torque [Nm];Azimuthal Angle Theta [deg];Rotor Torque [Nm];Azimuthal Angle Theta [deg];Rotor Torque [Nm];Azimuthal Angle Theta [deg];Rotor Torque [Nm];Azimuthal Angle Theta [deg];Rotor Torque [Nm];Azimuthal Angle Theta [deg];Rotor Torque [Nm];Azimuthal Angle Theta [deg];Rotor Torque [Nm];Azimuthal Angle Theta [deg];Rotor Torque [Nm];Azimuthal Angle Theta [deg];Rotor Torque [Nm];Azimuthal Angle Theta [deg];Rotor Torque [Nm];Azimuthal Angle Theta [deg];Rotor Torque [Nm];Azimuthal Angle Theta [deg];Rotor Torque [Nm];Azimuthal Angle Theta [deg];Rotor Torque [Nm];Azimuthal Angle Theta [deg];Rotor Torque [Nm];Azimuthal Angle Theta [deg];Rotor Torque [Nm];Azimuthal Angle Theta [deg];Rotor Torque [Nm];Azimuthal Angle Theta [deg];Rotor Torque [Nm];Azimuthal Angle Theta [deg];Rotor Torque [Nm];Azimuthal Angle Theta [deg];Rotor Torque [Nm];Azimuthal Angle Theta [deg];Rotor Torque [Nm];Azimuthal Angle Theta [deg];Rotor Torque [Nm];Azimuthal Angle Theta [deg];Rotor Torque [Nm];Azimuthal Angle Theta [deg];Rotor Torque [Nm];Azimuthal Angle Theta [deg];Rotor Torque [Nm];Azimuthal Angle Theta [deg];Rotor Torque [Nm];Azimuthal Angle Theta [deg];Rotor Torque [Nm];Azimuthal Angle Theta [deg];Rotor Torque [Nm];Azimuthal Angle Theta [deg];Rotor Torque [Nm];Azimuthal Angle Theta [deg];Rotor Torque [Nm];Azimuthal Angle Theta [deg];Rotor Torque [Nm];Azimuthal Angle Theta [deg];Rotor Torque [Nm];Azimuthal Angle Theta [deg];Rotor Torque [Nm];Azimuthal Angle Theta [deg];Rotor Torque [Nm];Azimuthal Angle Theta [deg];Rotor Torque [Nm];Azimuthal Angle Theta [deg];Rotor Torque [Nm];Azimuthal Angle Theta [deg];Rotor Torque [Nm];Azimuthal Angle Theta [deg];Rotor Torque [Nm];Azimuthal Angle Theta [deg];Rotor Torque [Nm];Azimuthal Angle Theta [deg];Rotor Torque [Nm];Azimuthal Angle Theta [deg];Rotor Torque [Nm];Azimuthal Angle Theta [deg];Rotor Torque [Nm];Azimuthal Angle Theta [deg];Rotor Torque [Nm];Azimuthal Angle Theta [deg];Rotor Torque [Nm];Azimuthal Angle Theta [deg];Rotor Torque [Nm];Azimuthal Angle Theta [deg];Rotor Torque [Nm];Azimuthal Angle Theta [deg];Rotor Torque [Nm];Azimuthal Angle Theta [deg];Rotor Torque [Nm];Azimuthal Angle Theta [deg];Rotor Torque [Nm];Azimuthal Angle Theta [deg];Rotor Torque [Nm];Azimuthal Angle Theta [deg];Rotor Torque [Nm];Azimuthal Angle Theta [deg];Rotor Torque [Nm];Azimuthal Angle Theta [deg];Rotor Torque [Nm];Azimuthal Angle Theta [deg];Rotor Torque [Nm];Azimuthal Angle Theta [deg];Rotor Torque [Nm];Azimuthal Angle Theta [deg];Rotor Torque [Nm];Azimuthal Angle Theta [deg];Rotor Torque [Nm];Azimuthal Angle Theta [deg];Rotor Torque [Nm];Azimuthal Angle Theta [deg];Rotor Torque [Nm];Azimuthal Angle Theta [deg];Rotor Torque [Nm];Azimuthal Angle Theta [deg];Rotor Torque [Nm];Azimuthal Angle Theta [deg];Rotor Torque [Nm];Azimuthal Angle Theta [deg];Rotor Torque [Nm];Azimuthal Angle Theta [deg];Rotor Torque [Nm];Azimuthal Angle Theta [deg];Rotor Torque [Nm];Azimuthal Angle Theta [deg];Rotor Torque [Nm];Azimuthal Angle Theta [deg];Rotor Torque [Nm];Azimuthal Angle Theta [deg];Rotor Torque [Nm];Azimuthal Angle Theta [deg];Rotor Torque [Nm];Azimuthal Angle Theta [deg];Rotor Torque [Nm];Azimuthal Angle Theta [deg];Rotor Torque [Nm];Azimuthal Angle Theta [deg];Rotor Torque [Nm];Azimuthal Angle Theta [deg];Rotor Torque [Nm];Azimuthal Angle Theta [deg];Rotor Torque [Nm];Azimuthal Angle Theta [deg];Rotor Torque [Nm];Azimuthal Angle Theta [deg];Rotor Torque [Nm];Azimuthal Angle Theta [deg];Rotor Torque [Nm];Azimuthal Angle Theta [deg];Rotor Torque [Nm];Azimuthal Angle Theta [deg];Rotor Torque [Nm];Azimuthal Angle Theta [deg];Rotor Torque [Nm];Azimuthal Angle Theta [deg];Rotor Torque [Nm];Azimuthal Angle Theta [deg];Rotor Torque [Nm];Azimuthal Angle Theta [deg];Rotor Torque [Nm];Azimuthal Angle Theta [deg];Rotor Torque [Nm];Azimuthal Angle Theta [deg];Rotor Torque [Nm];Azimuthal Angle Theta [deg];Rotor Torque [Nm];Azimuthal Angle Theta [deg];Rotor Torque [Nm];Azimuthal Angle Theta [deg];Rotor Torque [Nm];Azimuthal Angle Theta [deg];Rotor Torque [Nm];Azimuthal Angle Theta [deg];Rotor Torque [Nm];Azimuthal Angle Theta [deg];Rotor Torque [Nm];Azimuthal Angle Theta [deg];Rotor Torque [Nm];Azimuthal Angle Theta [deg];Rotor Torque [Nm];Azimuthal Angle Theta [deg];Rotor Torque [Nm];Azimuthal Angle Theta [deg];Rotor Torque [Nm];Azimuthal Angle Theta [deg];Rotor Torque [Nm];Azimuthal Angle Theta [deg];Rotor Torque [Nm];Azimuthal Angle Theta [deg];Rotor Torque [Nm];Azimuthal Angle Theta [deg];Rotor Torque [Nm];Azimuthal Angle Theta [deg];Rotor Torque [Nm];Azimuthal Angle Theta [deg];Rotor Torque [Nm];Azimuthal Angle Theta [deg];Rotor Torque [Nm];Azimuthal Angle Theta [deg];Rotor Torque [Nm];Azimuthal Angle Theta [deg];Rotor Torque [Nm];Azimuthal Angle Theta [deg];Rotor Torque [Nm];Azimuthal Angle Theta [deg];Rotor Torque [Nm];Azimuthal Angle Theta [deg];Rotor Torque [Nm];Azimuthal Angle Theta [deg];Rotor Torque [Nm];Azimuthal Angle Theta [deg];Rotor Torque [Nm];Azimuthal Angle Theta [deg];Rotor Torque [Nm];Azimuthal Angle Theta [deg];Rotor Torque [Nm];Azimuthal Angle Theta [deg];Rotor Torque [Nm];Azimuthal Angle Theta [deg];Rotor Torque [Nm];Azimuthal Angle Theta [deg];Rotor Torque [Nm];Azimuthal Angle Theta [deg];Rotor Torque [Nm];Azimuthal Angle Theta [deg];Rotor Torque [Nm];Azimuthal Angle Theta [deg];Rotor Torque [Nm];Azimuthal Angle Theta [deg];Rotor Torque [Nm];Azimuthal Angle Theta [deg];Rotor Torque [Nm];Azimuthal Angle Theta [deg];Rotor Torque [Nm];Azimuthal Angle Theta [deg];Rotor Torque [Nm];Azimuthal Angle Theta [deg];Rotor Torque [Nm];Azimuthal Angle Theta [deg];Rotor Torque [Nm];Azimuthal Angle Theta [deg];Rotor Torque [Nm];Azimuthal Angle Theta [deg];Rotor Torque [Nm];Azimuthal Angle Theta [deg];Rotor Torque [Nm];Azimuthal Angle Theta [deg];Rotor Torque [Nm];Azimuthal Angle Theta [deg];Rotor Torque [Nm];Azimuthal Angle Theta [deg];Rotor Torque [Nm];Azimuthal Angle Theta [deg];Rotor Torque [Nm];Azimuthal Angle Theta [deg];Rotor Torque [Nm];Azimuthal Angle Theta [deg];Rotor Torque [Nm];Azimuthal Angle Theta [deg];Rotor Torque [Nm];Azimuthal Angle Theta [deg];Rotor Torque [Nm];Azimuthal Angle Theta [deg];Rotor Torque [Nm];Azimuthal Angle Theta [deg];Rotor Torque [Nm];Azimuthal Angle Theta [deg];Rotor Torque [Nm];Azimuthal Angle Theta [deg];Rotor Torque [Nm];Azimuthal Angle Theta [deg];Rotor Torque [Nm];Azimuthal Angle Theta [deg];Rotor Torque [Nm];Azimuthal Angle Theta [deg];Rotor Torque [Nm];Azimuthal Angle Theta [deg];Rotor Torque [Nm];Azimuthal Angle Theta [deg];Rotor Torque [Nm];Azimuthal Angle Theta [deg];Rotor Torque [Nm];Azimuthal Angle Theta [deg];Rotor Torque [Nm];Azimuthal Angle Theta [deg];Rotor Torque [Nm];Azimuthal Angle Theta [deg];Rotor Torque [Nm];Azimuthal Angle Theta [deg];Rotor Torque [Nm];Azimuthal Angle Theta [deg];Rotor Torque [Nm];Azimuthal Angle Theta [deg];Rotor Torque [Nm];Azimuthal Angle Theta [deg];Rotor Torque [Nm];Azimuthal Angle Theta [deg];Rotor Torque [Nm];Azimuthal Angle Theta [deg];Rotor Torque [Nm];Azimuthal Angle Theta [deg];Rotor Torque [Nm];Azimuthal Angle Theta [deg];Rotor Torque [Nm];Azimuthal Angle Theta [deg];Rotor Torque [Nm];Azimuthal Angle Theta [deg];Rotor Torque [Nm];Azimuthal Angle Theta [deg];Rotor Torque [Nm];Azimuthal Angle Theta [deg];Rotor Torque [Nm];Azimuthal Angle Theta [deg];Rotor Torque [Nm];Azimuthal Angle Theta [deg];Rotor Torque [Nm];Azimuthal Angle Theta [deg];Rotor Torque [Nm];Azimuthal Angle Theta [deg];Rotor Torque [Nm];Azimuthal Angle Theta [deg];Rotor Torque [Nm];Azimuthal Angle Theta [deg];Rotor Torque [Nm];Azimuthal Angle Theta [deg];Rotor Torque [Nm];Azimuthal Angle Theta [deg];Rotor Torque [Nm];Azimuthal Angle Theta [deg];Rotor Torque [Nm];Azimuthal Angle Theta [deg];Rotor Torque [Nm];Azimuthal Angle Theta [deg];Rotor Torque [Nm];Azimuthal Angle Theta [deg];Rotor Torque [Nm];Azimuthal Angle Theta [deg];Rotor Torque [Nm];Azimuthal Angle Theta [deg];Rotor Torque [Nm];Azimuthal Angle Theta [deg];Rotor Torque [Nm];Azimuthal Angle Theta [deg];Rotor Torque [Nm];Azimuthal Angle Theta [deg];Rotor Torque [Nm];Azimuthal Angle Theta [deg];Rotor Torque [Nm];Azimuthal Angle Theta [deg];Rotor Torque [Nm];Azimuthal Angle Theta [deg];Rotor Torque [Nm];Azimuthal Angle Theta [deg];Rotor Torque [Nm];Azimuthal Angle Theta [deg];Rotor Torque [Nm];Azimuthal Angle Theta [deg];Rotor Torque [Nm];Azimuthal Angle Theta [deg];Rotor Torque [Nm];Azimuthal Angle Theta [deg];Rotor Torque [Nm];Azimuthal Angle Theta [deg];Rotor Torque [Nm];Azimuthal Angle Theta [deg];Rotor Torque [Nm];Azimuthal Angle Theta [deg];Rotor Torque [Nm];Azimuthal Angle Theta [deg];Rotor Torque [Nm];Azimuthal Angle Theta [deg];Rotor Torque [Nm];Azimuthal Angle Theta [deg];Rotor Torque [Nm];Azimuthal Angle Theta [deg];Rotor Torque [Nm];Azimuthal Angle Theta [deg];Rotor Torque [Nm];Azimuthal Angle Theta [deg];Rotor Torque [Nm];Azimuthal Angle Theta [deg];Rotor Torque [Nm];Azimuthal Angle Theta [deg];Rotor Torque [Nm];Azimuthal Angle Theta [deg];Rotor Torque [Nm];Azimuthal Angle Theta [deg];Rotor Torque [Nm];Azimuthal Angle Theta [deg];Rotor Torque [Nm];Azimuthal Angle Theta [deg];Rotor Torque [Nm];Azimuthal Angle Theta [deg];Rotor Torque [Nm];Azimuthal Angle Theta [deg];Rotor Torque [Nm];Azimuthal Angle Theta [deg];Rotor Torque [Nm];Azimuthal Angle Theta [deg];Rotor Torque [Nm];Azimuthal Angle Theta [deg];Rotor Torque [Nm];Azimuthal Angle Theta [deg];Rotor Torque [Nm];Azimuthal Angle Theta [deg];Rotor Torque [Nm];Azimuthal Angle Theta [deg];Rotor Torque [Nm];Azimuthal Angle Theta [deg];Rotor Torque [Nm];Azimuthal Angle Theta [deg];Rotor Torque [Nm];Azimuthal Angle Theta [deg];Rotor Torque [Nm];Azimuthal Angle Theta [deg];Rotor Torque [Nm];Azimuthal Angle Theta [deg];Rotor Torque [Nm];Azimuthal Angle Theta [deg];Rotor Torque [Nm];Azimuthal Angle Theta [deg];Rotor Torque [Nm];Azimuthal Angle Theta [deg];Rotor Torque [Nm];Azimuthal Angle Theta [deg];Rotor Torque [Nm];Azimuthal Angle Theta [deg];Rotor Torque [Nm];Azimuthal Angle Theta [deg];Rotor Torque [Nm];Azimuthal Angle Theta [deg];Rotor Torque [Nm];Azimuthal Angle Theta [deg];Rotor Torque [Nm];Azimuthal Angle Theta [deg];Rotor Torque [Nm];Azimuthal Angle Theta [deg];Rotor Torque [Nm];Azimuthal Angle Theta [deg];Rotor Torque [Nm];Azimuthal Angle Theta [deg];Rotor Torque [Nm];Azimuthal Angle Theta [deg];Rotor Torque [Nm];Azimuthal Angle Theta [deg];Rotor Torque [Nm];Azimuthal Angle Theta [deg];Rotor Torque [Nm];Azimuthal Angle Theta [deg];Rotor Torque [Nm];Azimuthal Angle Theta [deg];Rotor Torque [Nm];Azimuthal Angle Theta [deg];Rotor Torque [Nm];Azimuthal Angle Theta [deg];Rotor Torque [Nm];Azimuthal Angle Theta [deg];Rotor Torque [Nm];Azimuthal Angle Theta [deg];Rotor Torque [Nm];Azimuthal Angle Theta [deg];Rotor Torque [Nm];Azimuthal Angle Theta [deg];Rotor Torque [Nm];Azimuthal Angle Theta [deg];Rotor Torque [Nm];Azimuthal Angle Theta [deg];Rotor Torque [Nm];Azimuthal Angle Theta [deg];Rotor Torque [Nm];Azimuthal Angle Theta [deg];Rotor Torque [Nm];Azimuthal Angle Theta [deg];Rotor Torque [Nm];Azimuthal Angle Theta [deg];Rotor Torque [Nm];Azimuthal Angle Theta [deg];Rotor Torque [Nm];Azimuthal Angle Theta [deg];Rotor Torque [Nm];Azimuthal Angle Theta [deg];Rotor Torque [Nm];Azimuthal Angle Theta [deg];Rotor Torque [Nm];Azimuthal Angle Theta [deg];Rotor Torque [Nm];Azimuthal Angle Theta [deg];Rotor Torque [Nm];Azimuthal Angle Theta [deg];Rotor Torque [Nm];Azimuthal Angle Theta [deg];Rotor Torque [Nm];Azimuthal Angle Theta [deg];Rotor Torque [Nm];Azimuthal Angle Theta [deg];Rotor Torque [Nm];Azimuthal Angle Theta [deg];Rotor Torque [Nm];Azimuthal Angle Theta [deg];Rotor Torque [Nm];Azimuthal Angle Theta [deg];Rotor Torque [Nm];Azimuthal Angle Theta [deg];Rotor Torque [Nm];Azimuthal Angle Theta [deg];Rotor Torque [Nm];Azimuthal Angle Theta [deg];Rotor Torque [Nm];Azimuthal Angle Theta [deg];Rotor Torque [Nm];Azimuthal Angle Theta [deg];Rotor Torque [Nm];Azimuthal Angle Theta [deg];Rotor Torque [Nm];Azimuthal Angle Theta [deg];Rotor Torque [Nm];Azimuthal Angle Theta [deg];Rotor Torque [Nm];Azimuthal Angle Theta [deg];Rotor Torque [Nm];Azimuthal Angle Theta [deg];Rotor Torque [Nm];Azimuthal Angle Theta [deg];Rotor Torque [Nm];Azimuthal Angle Theta [deg];Rotor Torque [Nm];Azimuthal Angle Theta [deg];Rotor Torque [Nm];Azimuthal Angle Theta [deg];Rotor Torque [Nm];Azimuthal Angle Theta [deg];Rotor Torque [Nm];Azimuthal Angle Theta [deg];Rotor Torque [Nm];Azimuthal Angle Theta [deg];Rotor Torque [Nm];Azimuthal Angle Theta [deg];Rotor Torque [Nm];Azimuthal Angle Theta [deg];Rotor Torque [Nm];Azimuthal Angle Theta [deg];Rotor Torque [Nm];Azimuthal Angle Theta [deg];Rotor Torque [Nm];Azimuthal Angle Theta [deg];Rotor Torque [Nm];Azimuthal Angle Theta [deg];Rotor Torque [Nm];Azimuthal Angle Theta [deg];Rotor Torque [Nm];Azimuthal Angle Theta [deg];Rotor Torque [Nm];Azimuthal Angle Theta [deg];Rotor Torque [Nm];Azimuthal Angle Theta [deg];Rotor Torque [Nm];Azimuthal Angle Theta [deg];Rotor Torque [Nm];Azimuthal Angle Theta [deg];Rotor Torque [Nm];Azimuthal Angle Theta [deg];Rotor Torque [Nm];Azimuthal Angle Theta [deg];Rotor Torque [Nm];Azimuthal Angle Theta [deg];Rotor Torque [Nm];Azimuthal Angle Theta [deg];Rotor Torque [Nm];Azimuthal Angle Theta [deg];Rotor Torque [Nm];Azimuthal Angle Theta [deg];Rotor Torque [Nm];Azimuthal Angle Theta [deg];Rotor Torque [Nm];Azimuthal Angle Theta [deg];Rotor Torque [Nm];Azimuthal Angle Theta [deg];Rotor Torque [Nm];Azimuthal Angle Theta [deg];Rotor Torque [Nm];Azimuthal Angle Theta [deg];Rotor Torque [Nm];Azimuthal Angle Theta [deg];Rotor Torque [Nm];Azimuthal Angle Theta [deg];Rotor Torque [Nm];Azimuthal Angle Theta [deg];Rotor Torque [Nm];Azimuthal Angle Theta [deg];Rotor Torque [Nm];Azimuthal Angle Theta [deg];Rotor Torque [Nm];Azimuthal Angle Theta [deg];Rotor Torque [Nm];Azimuthal Angle Theta [deg];Rotor Torque [Nm];Azimuthal Angle Theta [deg];Rotor Torque [Nm];Azimuthal Angle Theta [deg];Rotor Torque [Nm]
2.5000000e+00;1.6204162e-02;2.5000000e+00;2.1381404e-02;2.5000000e+00;2.9187433e-02;2.5000000e+00;3.9070755e-02;2.5000000e+00;5.0712857e-02;2.5000000e+00;6.4348191e-02;2.5000000e+00;7.8993455e-02;2.5000000e+00;9.5236361e-02;2.5000000e+00;1.1156756e-01;2.5000000e+00;1.2199026e-01;2.5000000e+00;1.3294747e-01;2.5000000e+00;1.5791449e-01;2.5000000e+00;1.9125222e-01;2.5000000e+00;2.2518143e-01;2.5000000e+00;2.3776609e-01;2.5000000e+00;2.3975784e-01;2.5000000e+00;2.3341736e-01;2.5000000e+00;2.1955234e-01;2.5000000e+00;1.6204162e-02;2.5000000e+00;2.1381404e-02;2.5000000e+00;2.9187433e-02;2.5000000e+00;3.9070755e-02;2.5000000e+00;5.0712857e-02;2.5000000e+00;6.4348191e-02;2.5000000e+00;7.8993455e-02;2.5000000e+00;9.5236361e-02;2.5000000e+00;1.1156756e-01;2.5000000e+00;1.2199026e-01;2.5000000e+00;1.3294747e-01;2.5000000e+00;1.5791449e-01;2.5000000e+00;1.9125222e-01;2.5000000e+00;2.2518143e-01;2.5000000e+00;2.3776609e-01;2.5000000e+00;2.3975784e-01;2.5000000e+00;2.3341736e-01;2.5000000e+00;2.1955234e-01;2.5000000e+00;1.6204162e-02;2.5000000e+00;2.1381404e-02;2.5000000e+00;2.9187433e-02;2.5000000e+00;3.9070755e-02;2.5000000e+00;5.0712857e-02;2.5000000e+00;6.4348191e-02;2.5000000e+00;7.8993455e-02;2.5000000e+00;9.5236361e-02;2.5000000e+00;1.1156756e-01;2.5000000e+00;1.2199026e-01;2.5000000e+00;1.3294747e-01;2.5000000e+00;1.5791449e-01;2.5000000e+00;1.9125222e-01;2.5000000e+00;2.2518143e-01;2.5000000e+00;2.3776609e-01;2.5000000e+00;2.3975784e-01;2.5000000e+00;2.3341736e-01;2.5000000e+00;2.1955234e-01;2.5000000e+00;1.6204162e-02;2.5000000e+00;2.1381404e-02;2.5000000e+00;2.9187433e-02;2.5000000e+00;3.9070755e-02;2.5000000e+00;5.0712857e-02;2.5000000e+00;6.4348191e-02;2.5000000e+00;7.8993455e-02;2.5000000e+00;9.5236361e-02;2.5000000e+00;1.1156756e-01;2.5000000e+00;1.2199026e-01;2.5000000e+00;1.3294747e-01;2.5000000e+00;1.5791449e-01;2.5000000e+00;1.9125222e-01;2.5000000e+00;2.2518143e-01;2.5000000e+00;2.3776609e-01;2.5000000e+00;2.3975784e-01;2.5000000e+00;2.3341736e-01;2.5000000e+00;2.1955234e-01;2.5000000e+00;1.6204162e-02;2.5000000e+00;2.1381404e-02;2.5000000e+00;2.9187433e-02;2.5000000e+00;3.9070755e-02;2.5000000e+00;5.0712857e-02;2.5000000e+00;6.4348191e-02;2.5000000e+00;7.8993455e-02;2.5000000e+00;9.5236361e-02;2.5000000e+00;1.1156756e-01;2.5000000e+00;1.2199026e-01;2.5000000e+00;1.3294747e-01;2.5000000e+00;1.5791449e-01;2.5000000e+00;1.9125222e-01;2.5000000e+00;2.2518143e-01;2.5000000e+00;2.3776609e-01;2.5000000e+00;2.3975784e-01;2.5000000e+00;2.3341736e-01;2.5000000e+00;2.1955234e-01;2.5000000e+00;1.6204162e-02;2.5000000e+00;2.1381404e-02;2.5000000e+00;2.9187433e-02;2.5000000e+00;3.9070755e-02;2.5000000e+00;5.0712857e-02;2.5000000e+00;6.4348191e-02;2.5000000e+00;7.8993455e-02;2.5000000e+00;9.5236361e-02;2.5000000e+00;1.1156756e-01;2.5000000e+00;1.2199026e-01;2.5000000e+00;1.3294747e-01;2.5000000e+00;1.5791449e-01;2.5000000e+00;1.9125222e-01;2.5000000e+00;2.2518143e-01;2.5000000e+00;2.3776609e-01;2.5000000e+00;2.3975784e-01;2.5000000e+00;2.3341736e-01;2.5000000e+00;2.1955234e-01;2.5000000e+00;1.6204162e-02;2.5000000e+00;2.1381404e-02;2.5000000e+00;2.9187433e-02;2.5000000e+00;3.9070755e-02;2.5000000e+00;5.0712857e-02;2.5000000e+00;6.4348191e-02;2.5000000e+00;7.8993455e-02;2.5000000e+00;9.5236361e-02;2.5000000e+00;1.1156756e-01;2.5000000e+00;1.2199026e-01;2.5000000e+00;1.3294747e-01;2.5000000e+00;1.5791449e-01;2.5000000e+00;1.9125222e-01;2.5000000e+00;2.2518143e-01;2.5000000e+00;2.3776609e-01;2.5000000e+00;2.3975784e-01;2.5000000e+00;2.3341736e-01;2.5000000e+00;2.1955234e-01;2.5000000e+00;1.6204162e-02;2.5000000e+00;2.1381404e-02;2.5000000e+00;2.9187433e-02;2.5000000e+00;3.9070755e-02;2.5000000e+00;5.0712857e-02;2.5000000e+00;6.4348191e-02;2.5000000e+00;7.8993455e-02;2.5000000e+00;9.5236361e-02;2.5000000e+00;1.1156756e-01;2.5000000e+00;1.2199026e-01;2.5000000e+00;1.3294747e-01;2.5000000e+00;1.5791449e-01;2.5000000e+00;1.9125222e-01;2.5000000e+00;2.2518143e-01;2.5000000e+00;2.3776609e-01;2.5000000e+00;2.3975784e-01;2.5000000e+00;2.3341736e-01;2.5000000e+00;2.1955234e-01;2.5000000e+00;1.6204162e-02;2.5000000e+00;2.1381404e-02;2.5000000e+00;2.9187433e-02;2.5000000e+00;3.9070755e-02;2.5000000e+00;5.0712857e-02;2.5000000e+00;6.4348191e-02;2.5000000e+00;7.8993455e-02;2.5000000e+00;9.5236361e-02;2.5000000e+00;1.1156756e-01;2.5000000e+00;1.2199026e-01;2.5000000e+00;1.3294747e-01;2.5000000e+00;1.5791449e-01;2.5000000e+00;1.9125222e-01;2.5000000e+00;2.2518143e-01;2.5000000e+00;2.3776609e-01;2.5000000e+00;2.3975784e-01;2.5000000e+00;2.3341736e-01;2.5000000e+00;2.1955234e-01;2.5000000e+00;1.6204162e-02;2.5000000e+00;2.1381404e-02;2.5000000e+00;2.9187433e-02;2.5000000e+00;3.9070755e-02;2.5000000e+00;5.0712857e-02;2.5000000e+00;6.4348191e-02;2.5000000e+00;7.8993455e-02;2.5000000e+00;9.5236361e-02;2.5000000e+00;1.1156756e-01;2.5000000e+00;1.2199026e-01;2.5000000e+00;1.3294747e-01;2.5000000e+00;1.5791449e-01;2.5000000e+00;1.9125222e-01;2.5000000e+00;2.2518143e-01;2.5000000e+00;2.3776609e-01;2.5000000e+00;2.3975784e-01;2.5000000e+00;2.3341736e-01;2.5000000e+00;2.1955234e-01;2.5000000e+00;1.6204162e-02;2.5000000e+00;2.1381404e-02;2.5000000e+00;2.9187433e-02;2.5000000e+00;3.9070755e-02;2.5000000e+00;5.0712857e-02;2.5000000e+00;6.4348191e-02;2.5000000e+00;7.8993455e-02;2.5000000e+00;9.5236361e-02;2.5000000e+00;1.1156756e-01;2.5000000e+00;1.2199026e-01;2.5000000e+00;1.3294747e-01;2.5000000e+00;1.5791449e-01;2.5000000e+00;1.9125222e-01;2.5000000e+00;2.2518143e-01;2.5000000e+00;2.3776609e-01;2.5000000e+00;2.3975784e-01;2.5000000e+00;2.3341736e-01;2.5000000e+00;2.1955234e-01;2.5000000e+00;1.6204162e-02;2.5000000e+00;2.1381404e-02;2.5000000e+00;2.9187433e-02;2.5000000e+00;3.9070755e-02;2.5000000e+00;5.0712857e-02;2.5000000e+00;6.4348191e-02;2.5000000e+00;7.8993455e-02;2.5000000e+00;9.5236361e-02;2.5000000e+00;1.1156756e-01;2.5000000e+00;1.2199026e-01;2.5000000e+00;1.3294747e-01;2.5000000e+00;1.5791449e-01;2.5000000e+00;1.9125222e-01;2.5000000e+00;2.2518143e-01;2.5000000e+00;2.3776609e-01;2.5000000e+00;2.3975784e-01;2.5000000e+00;2.3341736e-01;2.5000000e+00;2.1955234e-01;2.5000000e+00;1.6204162e-02;2.5000000e+00;2.1381404e-02;2.5000000e+00;2.9187433e-02;2.5000000e+00;3.9070755e-02;2.5000000e+00;5.0712857e-02;2.5000000e+00;6.4348191e-02;2.5000000e+00;7.8993455e-02;2.5000000e+00;9.5236361e-02;2.5000000e+00;1.1156756e-01;2.5000000e+00;1.2199026e-01;2.5000000e+00;1.3294747e-01;2.5000000e+00;1.5791449e-01;2.5000000e+00;1.9125222e-01;2.5000000e+00;2.2518143e-01;2.5000000e+00;2.3776609e-01;2.5000000e+00;2.3975784e-01;2.5000000e+00;2.3341736e-01;2.5000000e+00;2.1955234e-01;2.5000000e+00;1.6204162e-02;2.5000000e+00;2.1381404e-02;2.5000000e+00;2.9187433e-02;2.5000000e+00;3.9070755e-02;2.5000000e+00;5.0712857e-02;2.5000000e+00;6.4348191e-02;2.5000000e+00;7.8993455e-02;2.5000000e+00;9.5236361e-02;2.5000000e+00;1.1156756e-01;2.5000000e+00;1.2199026e-01;2.5000000e+00;1.3294747e-01;2.5000000e+00;1.5791449e-01;2.5000000e+00;1.9125222e-01;2.5000000e+00;2.2518143e-01;2.5000000e+00;2.3776609e-01;2.5000000e+00;2.3975784e-01;2.5000000e+00;2.3341736e-01;2.5000000e+00;2.1955234e-01;2.5000000e+00;1.6204162e-02;2.5000000e+00;2.1381404e-02;2.5000000e+00;2.9187433e-02;2.5000000e+00;3.9070755e-02;2.5000000e+00;5.0712857e-02;2.5000000e+00;6.4348191e-02;2.5000000e+00;7.8993455e-02;2.5000000e+00;9.5236361e-02;2.5000000e+00;1.1156756e-01;2.5000000e+00;1.2199026e-01;2.5000000e+00;1.3294747e-01;2.5000000e+00;1.5791449e-01;2.5000000e+00;1.9125222e-01;2.5000000e+00;2.2518143e-01;2.5000000e+00;2.3776609e-01;2.5000000e+00;2.3975784e-01;2.5000000e+00;2.3341736e-01;2.5000000e+00;2.1955234e-01;2.5000000e+00;1.6204162e-02;2.5000000e+00;2.1381404e-02;2.5000000e+00;2.9187433e-02;2.5000000e+00;3.9070755e-02;2.5000000e+00;5.0712857e-02;2.5000000e+00;6.4348191e-02;2.5000000e+00;7.8993455e-02;2.5000000e+00;9.5236361e-02;2.5000000e+00;1.1156756e-01;2.5000000e+00;1.2199026e-01;2.5000000e+00;1.3294747e-01;2.5000000e+00;1.5791449e-01;2.5000000e+00;1.9125222e-01;2.5000000e+00;2.2518143e-01;2.5000000e+00;2.3776609e-01;2.5000000e+00;2.3975784e-01;2.5000000e+00;2.3341736e-01;2.5000000e+00;2.1955234e-01;2.5000000e+00;1.6204162e-02;2.5000000e+00;2.1381404e-02;2.5000000e+00;2.9187433e-02;2.5000000e+00;3.9070755e-02;2.5000000e+00;5.0712857e-02;2.5000000e+00;6.4348191e-02;2.5000000e+00;7.8993455e-02;2.5000000e+00;9.5236361e-02;2.5000000e+00;1.1156756e-01;2.5000000e+00;1.2199026e-01;2.5000000e+00;1.3294747e-01;2.5000000e+00;1.5791449e-01;2.5000000e+00;1.9125222e-01;2.5000000e+00;2.2518143e-01;2.5000000e+00;2.3776609e-01;2.5000000e+00;2.3975784e-01;2.5000000e+00;2.3341736e-01;2.5000000e+00;2.1955234e-01;2.5000000e+00;1.6204162e-02;2.5000000e+00;2.1381404e-02;2.5000000e+00;2.9187433e-02;2.5000000e+00;3.9070755e-02;2.5000000e+00;5.0712857e-02;2.5000000e+00;6.4348191e-02;2.5000000e+00;7.8993455e-02;2.5000000e+00;9.5236361e-02;2.5000000e+00;1.1156756e-01;2.5000000e+00;1.2199026e-01;2.5000000e+00;1.3294747e-01;2.5000000e+00;1.5791449e-01;2.5000000e+00;1.9125222e-01;2.5000000e+00;2.2518143e-01;2.5000000e+00;2.3776609e-01;2.5000000e+00;2.3975784e-01;2.5000000e+00;2.3341736e-01;2.5000000e+00;2.1955234e-01;2.5000000e+00;1.6204162e-02;2.5000000e+00;2.1381404e-02;2.5000000e+00;2.9187433e-02;2.5000000e+00;3.9070755e-02;2.5000000e+00;5.0712857e-02;2.5000000e+00;6.4348191e-02;2.5000000e+00;7.8993455e-02;2.5000000e+00;9.5236361e-02;2.5000000e+00;1.1156756e-01;2.5000000e+00;1.2199026e-01;2.5000000e+00;1.3294747e-01;2.5000000e+00;1.5791449e-01;2.5000000e+00;1.9125222e-01;2.5000000e+00;2.2518143e-01;2.5000000e+00;2.3776609e-01;2.5000000e+00;2.3975784e-01;2.5000000e+00;2.3341736e-01;2.5000000e+00;2.1955234e-01;2.5000000e+00;1.6204162e-02;2.5000000e+00;2.1381404e-02;2.5000000e+00;2.9187433e-02;2.5000000e+00;3.9070755e-02;2.5000000e+00;5.0712857e-02;2.5000000e+00;6.4348191e-02;2.5000000e+00;7.8993455e-02;2.5000000e+00;9.5236361e-02;2.5000000e+00;1.1156756e-01;2.5000000e+00;1.2199026e-01;2.5000000e+00;1.3294747e-01;2.5000000e+00;1.5791449e-01;2.5000000e+00;1.9125222e-01;2.5000000e+00;2.2518143e-01;2.5000000e+00;2.3776609e-01;2.5000000e+00;2.3975784e-01;2.5000000e+00;2.3341736e-01;2.5000000e+00;2.1955234e-01;2.5000000e+00;1.6204162e-02;2.5000000e+00;2.1381404e-02;2.5000000e+00;2.9187433e-02;2.5000000e+00;3.9070755e-02;2.5000000e+00;5.0712857e-02;2.5000000e+00;6.4348191e-02;2.5000000e+00;7.8993455e-02;2.5000000e+00;9.5236361e-02;2.5000000e+00;1.1156756e-01;2.5000000e+00;1.2199026e-01;2.5000000e+00;1.3294747e-01;2.5000000e+00;1.5791449e-01;2.5000000e+00;1.9125222e-01;2.5000000e+00;2.2518143e-01;2.5000000e+00;2.3776609e-01;2.5000000e+00;2.3975784e-01;2.5000000e+00;2.3341736e-01;2.5000000e+00;2.1955234e-01;2.5000000e+00;1.6204162e-02;2.5000000e+00;2.1381404e-02;2.5000000e+00;2.9187433e-02;2.5000000e+00;3.9070755e-02;2.5000000e+00;5.0712857e-02;2.5000000e+00;6.4348191e-02;2.5000000e+00;7.8993455e-02;2.5000000e+00;9.5236361e-02;2.5000000e+00;1.1156756e-01;2.5000000e+00;1.2199026e-01;2.5000000e+00;1.3294747e-01;2.5000000e+00;1.5791449e-01;2.5000000e+00;1.9125222e-01;2.5000000e+00;2.2518143e-01;2.5000000e+00;2.3776609e-01;2.5000000e+00;2.3975784e-01;2.5000000e+00;2.3341736e-01;2.5000000e+00;2.1955234e-01;2.5000000e+00;1.6204162e-02;2.5000000e+00;2.1381404e-02;2.5000000e+00;2.9187433e-02;2.5000000e+00;3.9070755e-02;2.5000000e+00;5.0712857e-02;2.5000000e+00;6.4348191e-02;2.5000000e+00;7.8993455e-02;2.5000000e+00;9.5236361e-02;2.5000000e+00;1.1156756e-01;2.5000000e+00;1.2199026e-01;2.5000000e+00;1.3294747e-01;2.5000000e+00;1.5791449e-01;2.5000000e+00;1.9125222e-01;2.5000000e+00;2.2518143e-01;2.5000000e+00;2.3776609e-01;2.5000000e+00;2.3975784e-01;2.5000000e+00;2.3341736e-01;2.5000000e+00;2.1955234e-01;2.5000000e+00;1.6204162e-02;2.5000000e+00;2.1381404e-02;2.5000000e+00;2.9187433e-02;2.5000000e+00;3.9070755e-02;2.5000000e+00;5.0712857e-02;2.5000000e+00;6.4348191e-02;2.5000000e+00;7.8993455e-02;2.5000000e+00;9.5236361e-02;2.5000000e+00;1.1156756e-01;2.5000000e+00;1.2199026e-01;2.5000000e+00;1.3294747e-01;2.5000000e+00;1.5791449e-01;2.5000000e+00;1.9125222e-01;2.5000000e+00;2.2518143e-01;2.5000000e+00;2.3776609e-01;2.5000000e+00;2.3975784e-01;2.5000000e+00;2.3341736e-01;2.5000000e+00;2.1955234e-01;2.5000000e+00;1.6204162e-02;2.5000000e+00;2.1381404e-02;2.5000000e+00;2.9187433e-02;2.5000000e+00;3.9070755e-02;2.5000000e+00;5.0712857e-02;2.5000000e+00;6.4348191e-02;2.5000000e+00;7.8993455e-02;2.5000000e+00;9.5236361e-02;2.5000000e+00;1.1156756e-01;2.5000000e+00;1.2199026e-01;2.5000000e+00;1.3294747e-01;2.5000000e+00;1.5791449e-01;2.5000000e+00;1.9125222e-01;2.5000000e+00;2.2518143e-01;2.5000000e+00;2.3776609e-01;2.5000000e+00;2.3975784e-01;2.5000000e+00;2.3341736e-01;2.5000000e+00;2.1955234e-01;2.5000000e+00;1.6204162e-02;2.5000000e+00;2.1381404e-02;2.5000000e+00;2.9187433e-02;2.5000000e+00;3.9070755e-02;2.5000000e+00;5.0712857e-02;2.5000000e+00;6.4348191e-02;2.5000000e+00;7.8993455e-02;2.5000000e+00;9.5236361e-02;2.5000000e+00;1.1156756e-01;2.5000000e+00;1.2199026e-01;2.5000000e+00;1.3294747e-01;2.5000000e+00;1.5791449e-01;2.5000000e+00;1.9125222e-01;2.5000000e+00;2.2518143e-01;2.5000000e+00;2.3776609e-01;2.5000000e+00;2.3975784e-01;2.5000000e+00;2.3341736e-01;2.5000000e+00;2.1955234e-01;2.5000000e+00;1.6204162e-02;2.5000000e+00;2.1381404e-02;2.5000000e+00;2.9187433e-02;2.5000000e+00;3.9070755e-02;2.5000000e+00;5.0712857e-02;2.5000000e+00;6.4348191e-02;2.5000000e+00;7.8993455e-02;2.5000000e+00;9.5236361e-02;2.5000000e+00;1.1156756e-01;2.5000000e+00;1.2199026e-01;2.5000000e+00;1.3294747e-01;2.5000000e+00;1.5791449e-01;2.5000000e+00;1.9125222e-01;2.5000000e+00;2.2518143e-01;2.5000000e+00;2.3776609e-01;2.5000000e+00;2.3975784e-01;2.5000000e+00;2.3341736e-01;2.5000000e+00;2.1955234e-01;2.5000000e+00;1.6204162e-02;2.5000000e+00;2.1381404e-02;2.5000000e+00;2.9187433e-02;2.5000000e+00;3.9070755e-02;2.5000000e+00;5.0712857e-02;2.5000000e+00;6.4348191e-02;2.5000000e+00;7.8993455e-02;2.5000000e+00;9.5236361e-02;2.5000000e+00;1.1156756e-01;2.5000000e+00;1.2199026e-01;2.5000000e+00;1.3294747e-01;2.5000000e+00;1.5791449e-01;2.5000000e+00;1.9125222e-01;2.5000000e+00;2.2518143e-01;2.5000000e+00;2.3776609e-01;2.5000000e+00;2.3975784e-01;2.5000000e+00;2.3341736e-01;2.5000000e+00;2.1955234e-01;2.5000000e+00;1.6204162e-02;2.5000000e+00;2.1381404e-02;2.5000000e+00;2.9187433e-02;2.5000000e+00;3.9070755e-02;2.5000000e+00;5.0712857e-02;2.5000000e+00;6.4348191e-02;2.5000000e+00;7.8993455e-02;2.5000000e+00;9.5236361e-02;2.5000000e+00;1.1156756e-01;2.5000000e+00;1.2199026e-01;2.5000000e+00;1.3294747e-01;2.5000000e+00;1.5791449e-01;2.5000000e+00;1.9125222e-01;2.5000000e+00;2.2518143e-01;2.5000000e+00;2.3776609e-01;2.5000000e+00;2.3975784e-01;2.5000000e+00;2.3341736e-01;2.5000000e+00;2.1955234e-01;2.5000000e+00;1.6204162e-02;2.5000000e+00;2.1381404e-02;2.5000000e+00;2.9187433e-02;2.5000000e+00;3.9070755e-02;2.5000000e+00;5.0712857e-02;2.5000000e+00;6.4348191e-02;2.5000000e+00;7.8993455e-02;2.5000000e+00;9.5236361e-02;2.5000000e+00;1.1156756e-01;2.5000000e+00;1.2199026e-01;2.5000000e+00;1.3294747e-01;2.5000000e+00;1.5791449e-01;2.5000000e+00;1.9125222e-01;2.5000000e+00;2.2518143e-01;2.5000000e+00;2.3776609e-01;2.5000000e+00;2.3975784e-01;2.5000000e+00;2.3341736e-01;2.5000000e+00;2.1955234e-01;2.5000000e+00;1.6204162e-02;2.5000000e+00;2.1381404e-02;2.5000000e+00;2.9187433e-02;2.5000000e+00;3.9070755e-02;2.5000000e+00;5.0712857e-02;2.5000000e+00;6.4348191e-02;2.5000000e+00;7.8993455e-02;2.5000000e+00;9.5236361e-02;2.5000000e+00;1.1156756e-01;2.5000000e+00;1.2199026e-01;2.5000000e+00;1.3294747e-01;2.5000000e+00;1.5791449e-01;2.5000000e+00;1.9125222e-01;2.5000000e+00;2.2518143e-01;2.5000000e+00;2.3776609e-01;2.5000000e+00;2.3975784e-01;2.5000000e+00;2.3341736e-01;2.5000000e+00;2.1955234e-01;2.5000000e+00;1.6204162e-02;2.5000000e+00;2.1381404e-02;2.5000000e+00;2.9187433e-02;2.5000000e+00;3.9070755e-02;2.5000000e+00;5.0712857e-02;2.5000000e+00;6.4348191e-02;2.5000000e+00;7.8993455e-02;2.5000000e+00;9.5236361e-02;2.5000000e+00;1.1156756e-01;2.5000000e+00;1.2199026e-01;2.5000000e+00;1.3294747e-01;2.5000000e+00;1.5791449e-01;2.5000000e+00;1.9125222e-01;2.5000000e+00;2.2518143e-01;2.5000000e+00;2.3776609e-01;2.5000000e+00;2.3975784e-01;2.5000000e+00;2.3341736e-01;2.5000000e+00;2.1955234e-01;2.5000000e+00;1.6204162e-02;2.5000000e+00;2.1381404e-02;2.5000000e+00;2.9187433e-02;2.5000000e+00;3.9070755e-02;2.5000000e+00;5.0712857e-02;2.5000000e+00;6.4348191e-02;2.5000000e+00;7.8993455e-02;2.5000000e+00;9.5236361e-02;2.5000000e+00;1.1156756e-01;2.5000000e+00;1.2199026e-01;2.5000000e+00;1.3294747e-01;2.5000000e+00;1.5791449e-01;2.5000000e+00;1.9125222e-01;2.5000000e+00;2.2518143e-01;2.5000000e+00;2.3776609e-01;2.5000000e+00;2.3975784e-01;2.5000000e+00;2.3341736e-01;2.5000000e+00;2.1955234e-01;2.5000000e+00;1.6204162e-02;2.5000000e+00;2.1381404e-02;2.5000000e+00;2.9187433e-02;2.5000000e+00;3.9070755e-02;2.5000000e+00;5.0712857e-02;2.5000000e+00;6.4348191e-02;2.5000000e+00;7.8993455e-02;2.5000000e+00;9.5236361e-02;2.5000000e+00;1.1156756e-01;2.5000000e+00;1.2199026e-01;2.5000000e+00;1.3294747e-01;2.5000000e+00;1.5791449e-01;2.5000000e+00;1.9125222e-01;2.5000000e+00;2.2518143e-01;2.5000000e+00;2.3776609e-01;2.5000000e+00;2.3975784e-01;2.5000000e+00;2.3341736e-01;2.5000000e+00;2.1955234e-01;2.5000000e+00;1.6204162e-02;2.5000000e+00;2.1381404e-02;2.5000000e+00;2.9187433e-02;2.5000000e+00;3.9070755e-02;2.5000000e+00;5.0712857e-02;2.5000000e+00;6.4348191e-02;2.5000000e+00;7.8993455e-02;2.5000000e+00;9.5236361e-02;2.5000000e+00;1.1156756e-01;2.5000000e+00;1.2199026e-01;2.5000000e+00;1.3294747e-01;2.5000000e+00;1.5791449e-01;2.5000000e+00;1.9125222e-01;2.5000000e+00;2.2518143e-01;2.5000000e+00;2.3776609e-01;2.5000000e+00;2.3975784e-01;2.5000000e+00;2.3341736e-01;2.5000000e+00;2.1955234e-01;2.5000000e+00;1.6204162e-02;2.5000000e+00;2.1381404e-02;2.5000000e+00;2.9187433e-02;2.5000000e+00;3.9070755e-02;2.5000000e+00;5.0712857e-02;2.5000000e+00;6.4348191e-02;2.5000000e+00;7.8993455e-02;2.5000000e+00;9.5236361e-02;2.5000000e+00;1.1156756e-01;2.5000000e+00;1.2199026e-01;2.5000000e+00;1.3294747e-01;2.5000000e+00;1.5791449e-01;2.5000000e+00;1.9125222e-01;2.5000000e+00;2.2518143e-01;2.5000000e+00;2.3776609e-01;2.5000000e+00;2.3975784e-01;2.5000000e+00;2.3341736e-01;2.5000000e+00;2.1955234e-01;2.5000000e+00;1.6204162e-02;2.5000000e+00;2.1381404e-02;2.5000000e+00;2.9187433e-02;2.5000000e+00;3.9070755e-02;2.5000000e+00;5.0712857e-02;2.5000000e+00;6.4348191e-02;2.5000000e+00;7.8993455e-02;2.5000000e+00;9.5236361e-02;2.5000000e+00;1.1156756e-01;2.5000000e+00;1.2199026e-01;2.5000000e+00;1.3294747e-01;2.5000000e+00;1.5791449e-01;2.5000000e+00;1.9125222e-01;2.5000000e+00;2.2518143e-01;2.5000000e+00;2.3776609e-01;2.5000000e+00;2.3975784e-01;2.5000000e+00;2.3341736e-01;2.5000000e+00;2.1955234e-01;2.5000000e+00;1.6204162e-02;2.5000000e+00;2.1381404e-02;2.5000000e+00;2.9187433e-02;2.5000000e+00;3.9070755e-02;2.5000000e+00;5.0712857e-02;2.5000000e+00;6.4348191e-02;2.5000000e+00;7.8993455e-02;2.5000000e+00;9.5236361e-02;2.5000000e+00;1.1156756e-01;2.5000000e+00;1.2199026e-01;2.5000000e+00;1.3294747e-01;2.5000000e+00;1.5791449e-01;2.5000000e+00;1.9125222e-01;2.5000000e+00;2.2518143e-01;2.5000000e+00;2.3776609e-01;2.5000000e+00;2.3975784e-01;2.5000000e+00;2.3341736e-01;2.5000000e+00;2.1955234e-01;2.5000000e+00;1.6204162e-02;2.5000000e+00;2.1381404e-02;2.5000000e+00;2.9187433e-02;2.5000000e+00;3.9070755e-02;2.5000000e+00;5.0712857e-02;2.5000000e+00;6.4348191e-02;2.5000000e+00;7.8993455e-02;2.5000000e+00;9.5236361e-02;2.5000000e+00;1.1156756e-01;2.5000000e+00;1.2199026e-01;2.5000000e+00;1.3294747e-01;2.5000000e+00;1.5791449e-01;2.5000000e+00;1.9125222e-01;2.5000000e+00;2.2518143e-01;2.5000000e+00;2.3776609e-01;2.5000000e+00;2.3975784e-01;2.5000000e+00;2.3341736e-01;2.5000000e+00;2.1955234e-01;2.5000000e+00;1.6204162e-02;2.5000000e+00;2.1381404e-02;2.5000000e+00;2.9187433e-02;2.5000000e+00;3.9070755e-02;2.5000000e+00;5.0712857e-02;2.5000000e+00;6.4348191e-02;2.5000000e+00;7.8993455e-02;2.5000000e+00;9.5236361e-02;2.5000000e+00;1.1156756e-01;2.5000000e+00;1.2199026e-01;2.5000000e+00;1.3294747e-01;2.5000000e+00;1.5791449e-01;2.5000000e+00;1.9125222e-01;2.5000000e+00;2.2518143e-01;2.5000000e+00;2.3776609e-01;2.5000000e+00;2.3975784e-01;2.5000000e+00;2.3341736e-01;2.5000000e+00;2.1955234e-01;2.5000000e+00;1.6204162e-02;2.5000000e+00;2.1381404e-02;2.5000000e+00;2.9187433e-02;2.5000000e+00;3.9070755e-02;2.5000000e+00;5.0712857e-02;2.5000000e+00;6.4348191e-02;2.5000000e+00;7.8993455e-02;2.5000000e+00;9.5236361e-02;2.5000000e+00;1.1156756e-01;2.5000000e+00;1.2199026e-01;2.5000000e+00;1.3294747e-01;2.5000000e+00;1.5791449e-01;2.5000000e+00;1.9125222e-01;2.5000000e+00;2.2518143e-01;2.5000000e+00;2.3776609e-01;2.5000000e+00;2.3975784e-01;2.5000000e+00;2.3341736e-01;2.5000000e+00;2.1955234e-01;2.5000000e+00;1.6204162e-02;2.5000000e+00;2.1381404e-02;2.5000000e+00;2.9187433e-02;2.5000000e+00;3.9070755e-02;2.5000000e+00;5.0712857e-02;2.5000000e+00;6.4348191e-02;2.5000000e+00;7.8993455e-02;2.5000000e+00;9.5236361e-02;2.5000000e+00;1.1156756e-01;2.5000000e+00;1.2199026e-01;2.5000000e+00;1.3294747e-01;2.5000000e+00;1.5791449e-01;2.5000000e+00;1.9125222e-01;2.5000000e+00;2.2518143e-01;2.5000000e+00;2.3776609e-01;2.5000000e+00;2.3975784e-01;2.5000000e+00;2.3341736e-01;2.5000000e+00;2.1955234e-01;2.5000000e+00;1.6204162e-02;2.5000000e+00;2.1381404e-02;2.5000000e+00;2.9187433e-02;2.5000000e+00;3.9070755e-02;2.5000000e+00;5.0712857e-02;2.5000000e+00;6.4348191e-02;2.5000000e+00;7.8993455e-02;2.5000000e+00;9.5236361e-02;2.5000000e+00;1.1156756e-01;2.5000000e+00;1.2199026e-01;2.5000000e+00;1.3294747e-01;2.5000000e+00;1.5791449e-01;2.5000000e+00;1.9125222e-01;2.5000000e+00;2.2518143e-01;2.5000000e+00;2.3776609e-01;2.5000000e+00;2.3975784e-01;2.5000000e+00;2.3341736e-01;2.5000000e+00;2.1955234e-01;2.5000000e+00;1.6204162e-02;2.5000000e+00;2.1381404e-02;2.5000000e+00;2.9187433e-02;2.5000000e+00;3.9070755e-02;2.5000000e+00;5.0712857e-02;2.5000000e+00;6.4348191e-02;2.5000000e+00;7.8993455e-02;2.5000000e+00;9.5236361e-02;2.5000000e+00;1.1156756e-01;2.5000000e+00;1.2199026e-01;2.5000000e+00;1.3294747e-01;2.5000000e+00;1.5791449e-01;2.5000000e+00;1.9125222e-01;2.5000000e+00;2.2518143e-01;2.5000000e+00;2.3776609e-01;2.5000000e+00;2.3975784e-01;2.5000000e+00;2.3341736e-01;2.5000000e+00;2.1955234e-01;2.5000000e+00;1.6204162e-02;2.5000000e+00;2.1381404e-02;2.5000000e+00;2.9187433e-02;2.5000000e+00;3.9070755e-02;2.5000000e+00;5.0712857e-02;2.5000000e+00;6.4348191e-02;2.5000000e+00;7.8993455e-02;2.5000000e+00;9.5236361e-02;2.5000000e+00;1.1156756e-01;2.5000000e+00;1.2199026e-01;2.5000000e+00;1.3294747e-01;2.5000000e+00;1.5791449e-01;2.5000000e+00;1.9125222e-01;2.5000000e+00;2.2518143e-01;2.5000000e+00;2.3776609e-01;2.5000000e+00;2.3975784e-01;2.5000000e+00;2.3341736e-01;2.5000000e+00;2.1955234e-01;2.5000000e+00;1.6204162e-02;2.5000000e+00;2.1381404e-02;2.5000000e+00;2.9187433e-02;2.5000000e+00;3.9070755e-02;2.5000000e+00;5.0712857e-02;2.5000000e+00;6.4348191e-02;2.5000000e+00;7.8993455e-02;2.5000000e+00;9.5236361e-02;2.5000000e+00;1.1156756e-01;2.5000000e+00;1.2199026e-01;2.5000000e+00;1.3294747e-01;2.5000000e+00;1.5791449e-01;2.5000000e+00;1.9125222e-01;2.5000000e+00;2.2518143e-01;2.5000000e+00;2.3776609e-01;2.5000000e+00;2.3975784e-01;2.5000000e+00;2.3341736e-01;2.5000000e+00;2.1955234e-01;2.5000000e+00;1.6204162e-02;2.5000000e+00;2.1381404e-02;2.5000000e+00;2.9187433e-02;2.5000000e+00;3.9070755e-02;2.5000000e+00;5.0712857e-02;2.5000000e+00;6.4348191e-02;2.5000000e+00;7.8993455e-02;2.5000000e+00;9.5236361e-02;2.5000000e+00;1.1156756e-01;2.5000000e+00;1.2199026e-01;2.5000000e+00;1.3294747e-01;2.5000000e+00;1.5791449e-01;2.5000000e+00;1.9125222e-01;2.5000000e+00;2.2518143e-01;2.5000000e+00;2.3776609e-01;2.5000000e+00;2.3975784e-01;2.5000000e+00;2.3341736e-01;2.5000000e+00;2.1955234e-01;2.5000000e+00;1.6204162e-02;2.5000000e+00;2.1381404e-02;2.5000000e+00;2.9187433e-02;2.5000000e+00;3.9070755e-02;2.5000000e+00;5.0712857e-02;2.5000000e+00;6.4348191e-02;2.5000000e+00;7.8993455e-02;2.5000000e+00;9.5236361e-02;2.5000000e+00;1.1156756e-01;2.5000000e+00;1.2199026e-01;2.5000000e+00;1.3294747e-01;2.5000000e+00;1.5791449e-01;2.5000000e+00;1.9125222e-01;2.5000000e+00;2.2518143e-01;2.5000000e+00;2.3776609e-01;2.5000000e+00;2.3975784e-01;2.5000000e+00;2.3341736e-01;2.5000000e+00;2.1955234e-01;2.5000000e+00;1.6204162e-02;2.5000000e+00;2.1381404e-02;2.5000000e+00;2.9187433e-02;2.5000000e+00;3.9070755e-02;2.5000000e+00;5.0712857e-02;2.5000000e+00;6.4348191e-02;2.5000000e+00;7.8993455e-02;2.5000000e+00;9.5236361e-02;2.5000000e+00;1.1156756e-01;2.5000000e+00;1.2199026e-01;2.5000000e+00;1.3294747e-01;2.5000000e+00;1.5791449e-01;2.5000000e+00;1.9125222e-01;2.5000000e+00;2.2518143e-01;2.5000000e+00;2.3776609e-01;2.5000000e+00;2.3975784e-01;2.5000000e+00;2.3341736e-01;2.5000000e+00;2.1955234e-01;2.5000000e+00;1.6204162e-02;2.5000000e+00;2.1381404e-02;2.5000000e+00;2.9187433e-02;2.5000000e+00;3.9070755e-02;2.5000000e+00;5.0712857e-02;2.5000000e+00;6.4348191e-02;2.5000000e+00;7.8993455e-02;2.5000000e+00;9.5236361e-02;2.5000000e+00;1.1156756e-01;2.5000000e+00;1.2199026e-01;2.5000000e+00;1.3294747e-01;2.5000000e+00;1.5791449e-01;2.5000000e+00;1.9125222e-01;2.5000000e+00;2.2518143e-01;2.5000000e+00;2.3776609e-01;2.5000000e+00;2.3975784e-01;2.5000000e+00;2.3341736e-01;2.5000000e+00;2.1955234e-01;2.5000000e+00;1.6204162e-02;2.5000000e+00;2.1381404e-02;2.5000000e+00;2.9187433e-02;2.5000000e+00;3.9070755e-02;2.5000000e+00;5.0712857e-02;2.5000000e+00;6.4348191e-02;2.5000000e+00;7.8993455e-02;2.5000000e+00;9.5236361e-02;2.5000000e+00;1.1156756e-01;2.5000000e+00;1.2199026e-01;2.5000000e+00;1.3294747e-01;2.5000000e+00;1.5791449e-01;2.5000000e+00;1.9125222e-01;2.5000000e+00;2.2518143e-01;2.5000000e+00;2.3776609e-01;2.5000000e+00;2.3975784e-01;2.5000000e+00;2.3341736e-01;2.5000000e+00;2.1955234e-01;2.5000000e+00;1.6204162e-02;2.5000000e+00;2.1381404e-02;2.5000000e+00;2.9187433e-02;2.5000000e+00;3.9070755e-02;2.5000000e+00;5.0712857e-02;2.5000000e+00;6.4348191e-02;2.5000000e+00;7.8993455e-02;2.5000000e+00;9.5236361e-02;2.5000000e+00;1.1156756e-01;2.5000000e+00;1.2199026e-01;2.5000000e+00;1.3294747e-01;2.5000000e+00;1.5791449e-01;2.5000000e+00;1.9125222e-01;2.5000000e+00;2.2518143e-01;2.5000000e+00;2.3776609e-01;2.5000000e+00;2.3975784e-01;2.5000000e+00;2.3341736e-01;2.5000000e+00;2.1955234e-01;2.5000000e+00;1.6204162e-02;2.5000000e+00;2.1381404e-02;2.5000000e+00;2.9187433e-02;2.5000000e+00;3.9070755e-02;2.5000000e+00;5.0712857e-02;2.5000000e+00;6.4348191e-02;2.5000000e+00;7.8993455e-02;2.5000000e+00;9.5236361e-02;2.5000000e+00;1.1156756e-01;2.5000000e+00;1.2199026e-01;2.5000000e+00;1.3294747e-01;2.5000000e+00;1.5791449e-01;2.5000000e+00;1.9125222e-01;2.5000000e+00;2.2518143e-01;2.5000000e+00;2.3776609e-01;2.5000000e+00;2.3975784e-01;2.5000000e+00;2.3341736e-01;2.5000000e+00;2.1955234e-01;2.5000000e+00;1.6204162e-02;2.5000000e+00;2.1381404e-02;2.5000000e+00;2.9187433e-02;2.5000000e+00;3.9070755e-02;2.5000000e+00;5.0712857e-02;2.5000000e+00;6.4348191e-02;2.5000000e+00;7.8993455e-02;2.5000000e+00;9.5236361e-02;2.5000000e+00;1.1156756e-01;2.5000000e+00;1.2199026e-01;2.5000000e+00;1.3294747e-01;2.5000000e+00;1.5791449e-01;2.5000000e+00;1.9125222e-01;2.5000000e+00;2.2518143e-01;2.5000000e+00;2.3776609e-01;2.5000000e+00;2.3975784e-01;2.5000000e+00;2.3341736e-01;2.5000000e+00;2.1955234e-01;2.5000000e+00;1.6204162e-02;2.5000000e+00;2.1381404e-02;2.5000000e+00;2.9187433e-02;2.5000000e+00;3.9070755e-02;2.5000000e+00;5.0712857e-02;2.5000000e+00;6.4348191e-02;2.5000000e+00;7.8993455e-02;2.5000000e+00;9.5236361e-02;2.5000000e+00;1.1156756e-01;2.5000000e+00;1.2199026e-01;2.5000000e+00;1.3294747e-01;2.5000000e+00;1.5791449e-01;2.5000000e+00;1.9125222e-01;2.5000000e+00;2.2518143e-01;2.5000000e+00;2.3776609e-01;2.5000000e+00;2.3975784e-01;2.5000000e+00;2.3341736e-01;2.5000000e+00;2.1955234e-01;2.5000000e+00;1.6204162e-02;2.5000000e+00;2.1381404e-02;2.5000000e+00;2.9187433e-02;2.5000000e+00;3.9070755e-02;2.5000000e+00;5.0712857e-02;2.5000000e+00;6.4348191e-02;2.5000000e+00;7.8993455e-02;2.5000000e+00;9.5236361e-02;2.5000000e+00;1.1156756e-01;2.5000000e+00;1.2199026e-01;2.5000000e+00;1.3294747e-01;2.5000000e+00;1.5791449e-01;2.5000000e+00;1.9125222e-01;2.5000000e+00;2.2518143e-01;2.5000000e+00;2.3776609e-01;2.5000000e+00;2.3975784e-01;2.5000000e+00;2.3341736e-01;2.5000000e+00;2.1955234e-01;2.5000000e+00;1.6204162e-02;2.5000000e+00;2.1381404e-02;2.5000000e+00;2.9187433e-02;2.5000000e+00;3.9070755e-02;2.5000000e+00;5.0712857e-02;2.5000000e+00;6.4348191e-02;2.5000000e+00;7.8993455e-02;2.5000000e+00;9.5236361e-02;2.5000000e+00;1.1156756e-01;2.5000000e+00;1.2199026e-01;2.5000000e+00;1.3294747e-01;2.5000000e+00;1.5791449e-01;2.5000000e+00;1.9125222e-01;2.5000000e+00;2.2518143e-01;2.5000000e+00;2.3776609e-01;2.5000000e+00;2.3975784e-01;2.5000000e+00;2.3341736e-01;2.5000000e+00;2.1955234e-01;2.5000000e+00;1.6204162e-02;2.5000000e+00;2.1381404e-02;2.5000000e+00;2.9187433e-02;2.5000000e+00;3.9070755e-02;2.5000000e+00;5.0712857e-02;2.5000000e+00;6.4348191e-02;2.5000000e+00;7.8993455e-02;2.5000000e+00;9.5236361e-02;2.5000000e+00;1.1156756e-01;2.5000000e+00;1.2199026e-01;2.5000000e+00;1.3294747e-01;2.5000000e+00;1.5791449e-01;2.5000000e+00;1.9125222e-01;2.5000000e+00;2.2518143e-01;2.5000000e+00;2.3776609e-01;2.5000000e+00;2.3975784e-01;2.5000000e+00;2.3341736e-01;2.5000000e+00;2.1955234e-01;2.5000000e+00;1.6204162e-02;2.5000000e+00;2.1381404e-02;2.5000000e+00;2.9187433e-02;2.5000000e+00;3.9070755e-02;2.5000000e+00;5.0712857e-02;2.5000000e+00;6.4348191e-02;2.5000000e+00;7.8993455e-02;2.5000000e+00;9.5236361e-02;2.5000000e+00;1.1156756e-01;2.5000000e+00;1.2199026e-01;2.5000000e+00;1.3294747e-01;2.5000000e+00;1.5791449e-01;2.5000000e+00;1.9125222e-01;2.5000000e+00;2.2518143e-01;2.5000000e+00;2.3776609e-01;2.5000000e+00;2.3975784e-01;2.5000000e+00;2.3341736e-01;2.5000000e+00;2.1955234e-01;2.5000000e+00;1.6204162e-02;2.5000000e+00;2.1381404e-02;2.5000000e+00;2.9187433e-02;2.5000000e+00;3.9070755e-02;2.5000000e+00;5.0712857e-02;2.5000000e+00;6.4348191e-02;2.5000000e+00;7.8993455e-02;2.5000000e+00;9.5236361e-02;2.5000000e+00;1.1156756e-01;2.5000000e+00;1.2199026e-01;2.5000000e+00;1.3294747e-01;2.5000000e+00;1.5791449e-01;2.5000000e+00;1.9125222e-01;2.5000000e+00;2.2518143e-01;2.5000000e+00;2.3776609e-01;2.5000000e+00;2.3975784e-01;2.5000000e+00;2.3341736e-01;2.5000000e+00;2.1955234e-01;2.5000000e+00;1.6204162e-02;2.5000000e+00;2.1381404e-02;2.5000000e+00;2.9187433e-02;2.5000000e+00;3.9070755e-02;2.5000000e+00;5.0712857e-02;2.5000000e+00;6.4348191e-02;2.5000000e+00;7.8993455e-02;2.5000000e+00;9.5236361e-02;2.5000000e+00;1.1156756e-01;2.5000000e+00;1.2199026e-01;2.5000000e+00;1.3294747e-01;2.5000000e+00;1.5791449e-01;2.5000000e+00;1.9125222e-01;2.5000000e+00;2.2518143e-01;2.5000000e+00;2.3776609e-01;2.5000000e+00;2.3975784e-01;2.5000000e+00;2.3341736e-01;2.5000000e+00;2.1955234e-01;2.5000000e+00;1.6204162e-02;2.5000000e+00;2.1381404e-02;2.5000000e+00;2.9187433e-02;2.5000000e+00;3.9070755e-02;2.5000000e+00;5.0712857e-02;2.5000000e+00;6.4348191e-02;2.5000000e+00;7.8993455e-02;2.5000000e+00;9.5236361e-02;2.5000000e+00;1.1156756e-01;2.5000000e+00;1.2199026e-01;2.5000000e+00;1.3294747e-01;2.5000000e+00;1.5791449e-01;2.5000000e+00;1.9125222e-01;2.5000000e+00;2.2518143e-01;2.5000000e+00;2.3776609e-01;2.5000000e+00;2.3975784e-01;2.5000000e+00;2.3341736e-01;2.5000000e+00;2.1955234e-01;2.5000000e+00;1.6204162e-02;2.5000000e+00;2.1381404e-02;2.5000000e+00;2.9187433e-02;2.5000000e+00;3.9070755e-02;2.5000000e+00;5.0712857e-02;2.5000000e+00;6.4348191e-02;2.5000000e+00;7.8993455e-02;2.5000000e+00;9.5236361e-02;2.5000000e+00;1.1156756e-01;2.5000000e+00;1.2199026e-01;2.5000000e+00;1.3294747e-01;2.5000000e+00;1.5791449e-01;2.5000000e+00;1.9125222e-01;2.5000000e+00;2.2518143e-01;2.5000000e+00;2.3776609e-01;2.5000000e+00;2.3975784e-01;2.5000000e+00;2.3341736e-01;2.5000000e+00;2.1955234e-01;2.5000000e+00;1.6204162e-02;2.5000000e+00;2.1381404e-02;2.5000000e+00;2.9187433e-02;2.5000000e+00;3.9070755e-02;2.5000000e+00;5.0712857e-02;2.5000000e+00;6.4348191e-02;2.5000000e+00;7.8993455e-02;2.5000000e+00;9.5236361e-02;2.5000000e+00;1.1156756e-01;2.5000000e+00;1.2199026e-01;2.5000000e+00;1.3294747e-01;2.5000000e+00;1.5791449e-01;2.5000000e+00;1.9125222e-01;2.5000000e+00;2.2518143e-01;2.5000000e+00;2.3776609e-01;2.5000000e+00;2.3975784e-01;2.5000000e+00;2.3341736e-01;2.5000000e+00;2.1955234e-01;2.5000000e+00;1.6204162e-02;2.5000000e+00;2.1381404e-02;2.5000000e+00;2.9187433e-02;2.5000000e+00;3.9070755e-02;2.5000000e+00;5.0712857e-02;2.5000000e+00;6.4348191e-02;2.5000000e+00;7.8993455e-02;2.5000000e+00;9.5236361e-02;2.5000000e+00;1.1156756e-01;2.5000000e+00;1.2199026e-01;2.5000000e+00;1.3294747e-01;2.5000000e+00;1.5791449e-01;2.5000000e+00;1.9125222e-01;2.5000000e+00;2.2518143e-01;2.5000000e+00;2.3776609e-01;2.5000000e+00;2.3975784e-01;2.5000000e+00;2.3341736e-01;2.5000000e+00;2.1955234e-01;2.5000000e+00;1.6204162e-02;2.5000000e+00;2.1381404e-02;2.5000000e+00;2.9187433e-02;2.5000000e+00;3.9070755e-02;2.5000000e+00;5.0712857e-02;2.5000000e+00;6.4348191e-02;2.5000000e+00;7.8993455e-02;2.5000000e+00;9.5236361e-02;2.5000000e+00;1.1156756e-01;2.5000000e+00;1.2199026e-01;2.5000000e+00;1.3294747e-01;2.5000000e+00;1.5791449e-01;2.5000000e+00;1.9125222e-01;2.5000000e+00;2.2518143e-01;2.5000000e+00;2.3776609e-01;2.5000000e+00;2.3975784e-01;2.5000000e+00;2.3341736e-01;2.5000000e+00;2.1955234e-01;2.5000000e+00;1.6204162e-02;2.5000000e+00;2.1381404e-02;2.5000000e+00;2.9187433e-02;2.5000000e+00;3.9070755e-02;2.5000000e+00;5.0712857e-02;2.5000000e+00;6.4348191e-02;2.5000000e+00;7.8993455e-02;2.5000000e+00;9.5236361e-02;2.5000000e+00;1.1156756e-01;2.5000000e+00;1.2199026e-01;2.5000000e+00;1.3294747e-01;2.5000000e+00;1.5791449e-01;2.5000000e+00;1.9125222e-01;2.5000000e+00;2.2518143e-01;2.5000000e+00;2.3776609e-01;2.5000000e+00;2.3975784e-01;2.5000000e+00;2.3341736e-01;2.5000000e+00;2.1955234e-01;2.5000000e+00;1.6204162e-02;2.5000000e+00;2.1381404e-02;2.5000000e+00;2.9187433e-02;2.5000000e+00;3.9070755e-02;2.5000000e+00;5.0712857e-02;2.5000000e+00;6.4348191e-02;2.5000000e+00;7.8993455e-02;2.5000000e+00;9.5236361e-02;2.5000000e+00;1.1156756e-01;2.5000000e+00;1.2199026e-01;2.5000000e+00;1.3294747e-01;2.5000000e+00;1.5791449e-01;2.5000000e+00;1.9125222e-01;2.5000000e+00;2.2518143e-01;2.5000000e+00;2.3776609e-01;2.5000000e+00;2.3975784e-01;2.5000000e+00;2.3341736e-01;2.5000000e+00;2.1955234e-01;2.5000000e+00;1.6204162e-02;2.5000000e+00;2.1381404e-02;2.5000000e+00;2.9187433e-02;2.5000000e+00;3.9070755e-02;2.5000000e+00;5.0712857e-02;2.5000000e+00;6.4348191e-02;2.5000000e+00;7.8993455e-02;2.5000000e+00;9.5236361e-02;2.5000000e+00;1.1156756e-01;2.5000000e+00;1.2199026e-01;2.5000000e+00;1.3294747e-01;2.5000000e+00;1.5791449e-01;2.5000000e+00;1.9125222e-01;2.5000000e+00;2.2518143e-01;2.5000000e+00;2.3776609e-01;2.5000000e+00;2.3975784e-01;2.5000000e+00;2.3341736e-01;2.5000000e+00;2.1955234e-01;2.5000000e+00;1.6204162e-02;2.5000000e+00;2.1381404e-02;2.5000000e+00;2.9187433e-02;2.5000000e+00;3.9070755e-02;2.5000000e+00;5.0712857e-02;2.5000000e+00;6.4348191e-02;2.5000000e+00;7.8993455e-02;2.5000000e+00;9.5236361e-02;2.5000000e+00;1.1156756e-01;2.5000000e+00;1.2199026e-01;2.5000000e+00;1.3294747e-01;2.5000000e+00;1.5791449e-01;2.5000000e+00;1.9125222e-01;2.5000000e+00;2.2518143e-01;2.5000000e+00;2.3776609e-01;2.5000000e+00;2.3975784e-01;2.5000000e+00;2.3341736e-01;2.5000000e+00;2.1955234e-01;2.5000000e+00;1.6204162e-02;2.5000000e+00;2.1381404e-02;2.5000000e+00;2.9187433e-02;2.5000000e+00;3.9070755e-02;2.5000000e+00;5.0712857e-02;2.5000000e+00;6.4348191e-02;2.5000000e+00;7.8993455e-02;2.5000000e+00;9.5236361e-02;2.5000000e+00;1.1156756e-01;2.5000000e+00;1.2199026e-01;2.5000000e+00;1.3294747e-01;2.5000000e+00;1.5791449e-01;2.5000000e+00;1.9125222e-01;2.5000000e+00;2.2518143e-01;2.5000000e+00;2.3776609e-01;2.5000000e+00;2.3975784e-01;2.5000000e+00;2.3341736e-01;2.5000000e+00;2.1955234e-01;2.5000000e+00;1.6204162e-02;2.5000000e+00;2.1381404e-02;2.5000000e+00;2.9187433e-02;2.5000000e+00;3.9070755e-02;2.5000000e+00;5.0712857e-02;2.5000000e+00;6.4348191e-02;2.5000000e+00;7.8993455e-02;2.5000000e+00;9.5236361e-02;2.5000000e+00;1.1156756e-01;2.5000000e+00;1.2199026e-01;2.5000000e+00;1.3294747e-01;2.5000000e+00;1.5791449e-01;2.5000000e+00;1.9125222e-01;2.5000000e+00;2.2518143e-01;2.5000000e+00;2.3776609e-01;2.5000000e+00;2.3975784e-01;2.5000000e+00;2.3341736e-01;2.5000000e+00;2.1955234e-01;2.5000000e+00;1.6204162e-02;2.5000000e+00;2.1381404e-02;2.5000000e+00;2.9187433e-02;2.5000000e+00;3.9070755e-02;2.5000000e+00;5.0712857e-02;2.5000000e+00;6.4348191e-02;2.5000000e+00;7.8993455e-02;2.5000000e+00;9.5236361e-02;2.5000000e+00;1.1156756e-01;2.5000000e+00;1.2199026e-01;2.5000000e+00;1.3294747e-01;2.5000000e+00;1.5791449e-01;2.5000000e+00;1.9125222e-01;2.5000000e+00;2.2518143e-01;2.5000000e+00;2.3776609e-01;2.5000000e+00;2.3975784e-01;2.5000000e+00;2.3341736e-01;2.5000000e+00;2.1955234e-01
7.5000000e+00;1.7041959e-02;7.5000000e+00;2.2364456e-02;7.5000000e+00;3.0302836e-02;7.5000000e+00;4.0488012e-02;7.5000000e+00;5.2415330e-02;7.5000000e+00;6.5990068e-02;7.5000000e+00;8.1314109e-02;7.5000000e+00;9.8039128e-02;7.5000000e+00;1.1394221e-01;7.5000000e+00;1.2714805e-01;7.5000000e+00;1.3852179e-01;7.5000000e+00;1.6503811e-01;7.5000000e+00;1.9782260e-01;7.5000000e+00;2.2795552e-01;7.5000000e+00;2.3796800e-01;7.5000000e+00;2.3785242e-01;7.5000000e+00;2.2975938e-01;7.5000000e+00;2.1424480e-01;7.5000000e+00;1.7041959e-02;7.5000000e+00;2.2364456e-02;7.5000000e+00;3.0302836e-02;7.5000000e+00;4.0488012e-02;7.5000000e+00;5.2415330e-02;7.5000000e+00;6.5990068e-02;7.5000000e+00;8.1314109e-02;7.5000000e+00;9.8039128e-02;7.5000000e+00;1.1394221e-01;7.5000000e+00;1.2714805e-01;7.5000000e+00;1.3852179e-01;7.5000000e+00;1.6503811e-01;7.5000000e+00;1.9782260e-01;7.5000000e+00;2.2795552e-01;7.5000000e+00;2.3796800e-01;7.5000000e+00;2.3785242e-01;7.5000000e+00;2.2975938e-01;7.5000000e+00;2.1424480e-01;7.5000000e+00;1.7041959e-02;7.5000000e+00;2.2364456e-02;7.5000000e+00;3.0302836e-02;7.5000000e+00;4.0488012e-02;7.5000000e+00;5.2415330e-02;7.5000000e+00;6.5990068e-02;7.5000000e+00;8.1314109e-02;7.5000000e+00;9.8039128e-02;7.5000000e+00;1.1394221e-01;7.5000000e+00;1.2714805e-01;7.5000000e+00;1.3852179e-01;7.5000000e+00;1.6503811e-01;7.5000000e+00;1.9782260e-01;7.5000000e+00;2.2795552e-01;7.5000000e+00;2.3796800e-01;7.5000000e+00;2.3785242e-01;7.5000000e+00;2.2975938e-01;7.5000000e+00;2.1424480e-01;7.5000000e+00;1.7041959e-02;7.5000000e+00;2.2364456e-02;7.5000000e+00;3.0302836e-02;7.5000000e+00;4.0488012e-02;7.5000000e+00;5.2415330e-02;7.5000000e+00;6.5990068e-02;7.5000000e+00;8.1314109e-02;7.5000000e+00;9.8039128e-02;7.5000000e+00;1.1394221e-01;7.5000000e+00;1.2714805e-01;7.5000000e+00;1.3852179e-01;7.5000000e+00;1.6503811e-01;7.5000000e+00;1.9782260e-01;7.5000000e+00;2.2795552e-01;7.5000000e+00;2.3796800e-01;7.5000000e+00;2.3785242e-01;7.5000000e+00;2.2975938e-01;7.5000000e+00;2.1424480e-01;7.5000000e+00;1.7041959e-02;7.5000000e+00;2.2364456e-02;7.5000000e+00;3.0302836e-02;7.5000000e+00;4.0488012e-02;7.5000000e+00;5.2415330e-02;7.5000000e+00;6.5990068e-02;7.5000000e+00;8.1314109e-02;7.5000000e+00;9.8039128e-02;7.5000000e+00;1.1394221e-01;7.5000000e+00;1.2714805e-01;7.5000000e+00;1.3852179e-01;7.5000000e+00;1.6503811e-01;7.5000000e+00;1.9782260e-01;7.5000000e+00;2.2795552e-01;7.5000000e+00;2.3796800e-01;7.5000000e+00;2.3785242e-01;7.5000000e+00;2.2975938e-01;7.5000000e+00;2.1424480e-01;7.5000000e+00;1.7041959e-02;7.5000000e+00;2.2364456e-02;7.5000000e+00;3.0302836e-02;7.5000000e+00;4.0488012e-02;7.5000000e+00;5.2415330e-02;7.5000000e+00;6.5990068e-02;7.5000000e+00;8.1314109e-02;7.5000000e+00;9.8039128e-02;7.5000000e+00;1.1394221e-01;7.5000000e+00;1.2714805e-01;7.5000000e+00;1.3852179e-01;7.5000000e+00;1.6503811e-01;7.5000000e+00;1.9782260e-01;7.5000000e+00;2.2795552e-01;7.5000000e+00;2.3796800e-01;7.5000000e+00;2.3785242e-01;7.5000000e+00;2.2975938e-01;7.5000000e+00;2.1424480e-01;7.5000000e+00;1.7041959e-02;7.5000000e+00;2.2364456e-02;7.5000000e+00;3.0302836e-02;7.5000000e+00;4.0488012e-02;7.5000000e+00;5.2415330e-02;7.5000000e+00;6.5990068e-02;7.5000000e+00;8.1314109e-02;7.5000000e+00;9.8039128e-02;7.5000000e+00;1.1394221e-01;7.5000000e+00;1.2714805e-01;7.5000000e+00;1.3852179e-01;7.5000000e+00;1.6503811e-01;7.5000000e+00;1.9782260e-01;7.5000000e+00;2.2795552e-01;7.5000000e+00;2.3796800e-01;7.5000000e+00;2.3785242e-01;7.5000000e+00;2.2975938e-01;7.5000000e+00;2.1424480e-01;7.5000000e+00;1.7041959e-02;7.5000000e+00;2.2364456e-02;7.5000000e+00;3.0302836e-02;7.5000000e+00;4.0488012e-02;7.5000000e+00;5.2415330e-02;7.5000000e+00;6.5990068e-02;7.5000000e+00;8.1314109e-02;7.5000000e+00;9.8039128e-02;7.5000000e+00;1.1394221e-01;7.5000000e+00;1.2714805e-01;7.5000000e+00;1.3852179e-01;7.5000000e+00;1.6503811e-01;7.5000000e+00;1.9782260e-01;7.5000000e+00;2.2795552e-01;7.5000000e+00;2.3796800e-01;7.5000000e+00;2.3785242e-01;7.5000000e+00;2.2975938e-01;7.5000000e+00;2.1424480e-01;7.5000000e+00;1.7041959e-02;7.5000000e+00;2.2364456e-02;7.5000000e+00;3.0302836e-02;7.5000000e+00;4.0488012e-02;7.5000000e+00;5.2415330e-02;7.5000000e+00;6.5990068e-02;7.5000000e+00;8.1314109e-02;7.5000000e+00;9.8039128e-02;7.5000000e+00;1.1394221e-01;7.5000000e+00;1.2714805e-01;7.5000000e+00;1.3852179e-01;7.5000000e+00;1.6503811e-01;7.5000000e+00;1.9782260e-01;7.5000000e+00;2.2795552e-01;7.5000000e+00;2.3796800e-01;7.5000000e+00;2.3785242e-01;7.5000000e+00;2.2975938e-01;7.5000000e+00;2.1424480e-01;7.5000000e+00;1.7041959e-02;7.5000000e+00;2.2364456e-02;7.5000000e+00;3.0302836e-02;7.5000000e+00;4.0488012e-02;7.5000000e+00;5.2415330e-02;7.5000000e+00;6.5990068e-02;7.5000000e+00;8.1314109e-02;7.5000000e+00;9.8039128e-02;7.5000000e+00;1.1394221e-01;7.5000000e+00;1.2714805e-01;7.5000000e+00;1.3852179e-01;7.5000000e+00;1.6503811e-01;7.5000000e+00;1.9782260e-01;7.5000000e+00;2.2795552e-01;7.5000000e+00;2.3796800e-01;7.5000000e+00;2.3785242e-01;7.5000000e+00;2.2975938e-01;7.5000000e+00;2.1424480e-01;7.5000000e+00;1.7041959e-02;7.5000000e+00;2.2364456e-02;7.5000000e+00;3.0302836e-02;7.5000000e+00;4.0488012e-02;7.5000000e+00;5.2415330e-02;7.5000000e+00;6.5990068e-02;7.5000000e+00;8.1314109e-02;7.5000000e+00;9.8039128e-02;7.5000000e+00;1.1394221e-01;7.5000000e+00;1.2714805e-01;7.5000000e+00;1.3852179e-01;7.5000000e+00;1.6503811e-01;7.5000000e+00;1.9782260e-01;7.5000000e+00;2.2795552e-01;7.5000000e+00;2.3796800e-01;7.5000000e+00;2.3785242e-01;7.5000000e+00;2.2975938e-01;7.5000000e+00;2.1424480e-01;7.5000000e+00;1.7041959e-02;7.5000000e+00;2.2364456e-02;7.5000000e+00;3.0302836e-02;7.5000000e+00;4.0488012e-02;7.5000000e+00;5.2415330e-02;7.5000000e+00;6.5990068e-02;7.5000000e+00;8.1314109e-02;7.5000000e+00;9.8039128e-02;7.5000000e+00;1.1394221e-01;7.5000000e+00;1.2714805e-01;7.5000000e+00;1.3852179e-01;7.5000000e+00;1.6503811e-01;7.5000000e+00;1.9782260e-01;7.5000000e+00;2.2795552e-01;7.5000000e+00;2.3796800e-01;7.5000000e+00;2.3785242e-01;7.5000000e+00;2.2975938e-01;7.5000000e+00;2.1424480e-01;7.5000000e+00;1.7041959e-02;7.5000000e+00;2.2364456e-02;7.5000000e+00;3.0302836e-02;7.5000000e+00;4.0488012e-02;7.5000000e+00;5.2415330e-02;7.5000000e+00;6.5990068e-02;7.5000000e+00;8.1314109e-02;7.5000000e+00;9.8039128e-02;7.5000000e+00;1.1394221e-01;7.5000000e+00;1.2714805e-01;7.5000000e+00;1.3852179e-01;7.5000000e+00;1.6503811e-01;7.5000000e+00;1.9782260e-01;7.5000000e+00;2.2795552e-01;7.5000000e+00;2.3796800e-01;7.5000000e+00;2.3785242e-01;7.5000000e+00;2.2975938e-01;7.5000000e+00;2.1424480e-01;7.5000000e+00;1.7041959e-02;7.5000000e+00;2.2364456e-02;7.5000000e+00;3.0302836e-02;7.5000000e+00;4.0488012e-02;7.5000000e+00;5.2415330e-02;7.5000000e+00;6.5990068e-02;7.5000000e+00;8.1314109e-02;7.5000000e+00;9.8039128e-02;7.5000000e+00;1.1394221e-01;7.5000000e+00;1.2714805e-01;7.5000000e+00;1.3852179e-01;7.5000000e+00;1.6503811e-01;7.5000000e+00;1.9782260e-01;7.5000000e+00;2.2795552e-01;7.5000000e+00;2.3796800e-01;7.5000000e+00;2.3785242e-01;7.5000000e+00;2.2975938e-01;7.5000000e+00;2.1424480e-01;7.5000000e+00;1.7041959e-02;7.5000000e+00;2.2364456e-02;7.5000000e+00;3.0302836e-02;7.5000000e+00;4.0488012e-02;7.5000000e+00;5.2415330e-02;7.5000000e+00;6.5990068e-02;7.5000000e+00;8.1314109e-02;7.5000000e+00;9.8039128e-02;7.5000000e+00;1.1394221e-01;7.5000000e+00;1.2714805e-01;7.5000000e+00;1.3852179e-01;7.5000000e+00;1.6503811e-01;7.5000000e+00;1.9782260e-01;7.5000000e+00;2.2795552e-01;7.5000000e+00;2.3796800e-01;7.5000000e+00;2.3785242e-01;7.5000000e+00;2.2975938e-01;7.5000000e+00;2.1424480e-01;7.5000000e+00;1.7041959e-02;7.5000000e+00;2.2364456e-02;7.5000000e+00;3.0302836e-02;7.5000000e+00;4.0488012e-02;7.5000000e+00;5.2415330e-02;7.5000000e+00;6.5990068e-02;7.5000000e+00;8.1314109e-02;7.5000000e+00;9.8039128e-02;7.5000000e+00;1.1394221e-01;7.5000000e+00;1.2714805e-01;7.5000000e+00;1.3852179e-01;7.5000000e+00;1.6503811e-01;7.5000000e+00;1.9782260e-01;7.5000000e+00;2.2795552e-01;7.5000000e+00;2.3796800e-01;7.5000000e+00;2.3785242e-01;7.5000000e+00;2.2975938e-01;7.5000000e+00;2.1424480e-01;7.5000000e+00;1.7041959e-02;7.5000000e+00;2.2364456e-02;7.5000000e+00;3.0302836e-02;7.5000000e+00;4.0488012e-02;7.5000000e+00;5.2415330e-02;7.5000000e+00;6.5990068e-02;7.5000000e+00;8.1314109e-02;7.5000000e+00;9.8039128e-02;7.5000000e+00;1.1394221e-01;7.5000000e+00;1.2714805e-01;7.5000000e+00;1.3852179e-01;7.5000000e+00;1.6503811e-01;7.5000000e+00;1.9782260e-01;7.5000000e+00;2.2795552e-01;7.5000000e+00;2.3796800e-01;7.5000000e+00;2.3785242e-01;7.5000000e+00;2.2975938e-01;7.5000000e+00;2.1424480e-01;7.5000000e+00;1.7041959e-02;7.5000000e+00;2.2364456e-02;7.5000000e+00;3.0302836e-02;7.5000000e+00;4.0488012e-02;7.5000000e+00;5.2415330e-02;7.5000000e+00;6.5990068e-02;7.5000000e+00;8.1314109e-02;7.5000000e+00;9.8039128e-02;7.5000000e+00;1.1394221e-01;7.5000000e+00;1.2714805e-01;7.5000000e+00;1.3852179e-01;7.5000000e+00;1.6503811e-01;7.5000000e+00;1.9782260e-01;7.5000000e+00;2.2795552e-01;7.5000000e+00;2.3796800e-01;7.5000000e+00;2.3785242e-01;7.5000000e+00;2.2975938e-01;7.5000000e+00;2.1424480e-01;7.5000000e+00;1.7041959e-02;7.5000000e+00;2.2364456e-02;7.5000000e+00;3.0302836e-02;7.5000000e+00;4.0488012e-02;7.5000000e+00;5.2415330e-02;7.5000000e+00;6.5990068e-02;7.5000000e+00;8.1314109e-02;7.5000000e+00;9.8039128e-02;7.5000000e+00;1.1394221e-01;7.5000000e+00;1.2714805e-01;7.5000000e+00;1.3852179e-01;7.5000000e+00;1.6503811e-01;7.5000000e+00;1.9782260e-01;7.5000000e+00;2.2795552e-01;7.5000000e+00;2.3796800e-01;7.5000000e+00;2.3785242e-01;7.5000000e+00;2.2975938e-01;7.5000000e+00;2.1424480e-01;7.5000000e+00;1.7041959e-02;7.5000000e+00;2.2364456e-02;7.5000000e+00;3.0302836e-02;7.5000000e+00;4.0488012e-02;7.5000000e+00;5.2415330e-02;7.5000000e+00;6.5990068e-02;7.5000000e+00;8.1314109e-02;7.5000000e+00;9.8039128e-02;7.5000000e+00;1.1394221e-01;7.5000000e+00;1.2714805e-01;7.5000000e+00;1.3852179e-01;7.5000000e+00;1.6503811e-01;7.5000000e+00;1.9782260e-01;7.5000000e+00;2.2795552e-01;7.5000000e+00;2.3796800e-01;7.5000000e+00;2.3785242e-01;7.5000000e+00;2.2975938e-01;7.5000000e+00;2.1424480e-01;7.5000000e+00;1.7041959e-02;7.5000000e+00;2.2364456e-02;7.5000000e+00;3.0302836e-02;7.5000000e+00;4.0488012e-02;7.5000000e+00;5.2415330e-02;7.5000000e+00;6.5990068e-02;7.5000000e+00;8.1314109e-02;7.5000000e+00;9.8039128e-02;7.5000000e+00;1.1394221e-01;7.5000000e+00;1.2714805e-01;7.5000000e+00;1.3852179e-01;7.5000000e+00;1.6503811e-01;7.5000000e+00;1.9782260e-01;7.5000000e+00;2.2795552e-01;7.5000000e+00;2.3796800e-01;7.5000000e+00;2.3785242e-01;7.5000000e+00;2.2975938e-01;7.5000000e+00;2.1424480e-01;7.5000000e+00;1.7041959e-02;7.5000000e+00;2.2364456e-02;7.5000000e+00;3.0302836e-02;7.5000000e+00;4.0488012e-02;7.5000000e+00;5.2415330e-02;7.5000000e+00;6.5990068e-02;7.5000000e+00;8.1314109e-02;7.5000000e+00;9.8039128e-02;7.5000000e+00;1.1394221e-01;7.5000000e+00;1.2714805e-01;7.5000000e+00;1.3852179e-01;7.5000000e+00;1.6503811e-01;7.5000000e+00;1.9782260e-01;7.5000000e+00;2.2795552e-01;7.5000000e+00;2.3796800e-01;7.5000000e+00;2.3785242e-01;7.5000000e+00;2.2975938e-01;7.5000000e+00;2.1424480e-01;7.5000000e+00;1.7041959e-02;7.5000000e+00;2.2364456e-02;7.5000000e+00;3.0302836e-02;7.5000000e+00;4.0488012e-02;7.5000000e+00;5.2415330e-02;7.5000000e+00;6.5990068e-02;7.5000000e+00;8.1314109e-02;7.5000000e+00;9.8039128e-02;7.5000000e+00;1.1394221e-01;7.5000000e+00;1.2714805e-01;7.5000000e+00;1.3852179e-01;7.5000000e+00;1.6503811e-01;7.5000000e+00;1.9782260e-01;7.5000000e+00;2.2795552e-01;7.5000000e+00;2.3796800e-01;7.5000000e+00;2.3785242e-01;7.5000000e+00;2.2975938e-01;7.5000000e+00;2.1424480e-01;7.5000000e+00;1.7041959e-02;7.5000000e+00;2.2364456e-02;7.5000000e+00;3.0302836e-02;7.5000000e+00;4.0488012e-02;7.5000000e+00;5.2415330e-02;7.5000000e+00;6.5990068e-02;7.5000000e+00;8.1314109e-02;7.5000000e+00;9.8039128e-02;7.5000000e+00;1.1394221e-01;7.5000000e+00;1.2714805e-01;7.5000000e+00;1.3852179e-01;7.5000000e+00;1.6503811e-01;7.5000000e+00;1.9782260e-01;7.5000000e+00;2.2795552e-01;7.5000000e+00;2.3796800e-01;7.5000000e+00;2.3785242e-01;7.5000000e+00;2.2975938e-01;7.5000000e+00;2.1424480e-01;7.5000000e+00;1.7041959e-02;7.5000000e+00;2.2364456e-02;7.5000000e+00;3.0302836e-02;7.5000000e+00;4.0488012e-02;7.5000000e+00;5.2415330e-02;7.5000000e+00;6.5990068e-02;7.5000000e+00;8.1314109e-02;7.5000000e+00;9.8039128e-02;7.5000000e+00;1.1394221e-01;7.5000000e+00;1.2714805e-01;7.5000000e+00;1.3852179e-01;7.5000000e+00;1.6503811e-01;7.5000000e+00;1.9782260e-01;7.5000000e+00;2.2795552e-01;7.5000000e+00;2.3796800e-01;7.5000000e+00;2.3785242e-01;7.5000000e+00;2.2975938e-01;7.5000000e+00;2.1424480e-01;7.5000000e+00;1.7041959e-02;7.5000000e+00;2.2364456e-02;7.5000000e+00;3.0302836e-02;7.5000000e+00;4.0488012e-02;7.5000000e+00;5.2415330e-02;7.5000000e+00;6.5990068e-02;7.5000000e+00;8.1314109e-02;7.5000000e+00;9.8039128e-02;7.5000000e+00;1.1394221e-01;7.5000000e+00;1.2714805e-01;7.5000000e+00;1.3852179e-01;7.5000000e+00;1.6503811e-01;7.5000000e+00;1.9782260e-01;7.5000000e+00;2.2795552e-01;7.5000000e+00;2.3796800e-01;7.5000000e+00;2.3785242e-01;7.5000000e+00;2.2975938e-01;7.5000000e+00;2.1424480e-01;7.5000000e+00;1.7041959e-02;7.5000000e+00;2.2364456e-02;7.5000000e+00;3.0302836e-02;7.5000000e+00;4.0488012e-02;7.5000000e+00;5.2415330e-02;7.5000000e+00;6.5990068e-02;7.5000000e+00;8.1314109e-02;7.5000000e+00;9.8039128e-02;7.5000000e+00;1.1394221e-01;7.5000000e+00;1.2714805e-01;7.5000000e+00;1.3852179e-01;7.5000000e+00;1.6503811e-01;7.5000000e+00;1.9782260e-01;7.5000000e+00;2.2795552e-01;7.5000000e+00;2.3796800e-01;7.5000000e+00;2.3785242e-01;7.5000000e+00;2.2975938e-01;7.5000000e+00;2.1424480e-01;7.5000000e+00;1.7041959e-02;7.5000000e+00;2.2364456e-02;7.5000000e+00;3.0302836e-02;7.5000000e+00;4.0488012e-02;7.5000000e+00;5.2415330e-02;7.5000000e+00;6.5990068e-02;7.5000000e+00;8.1314109e-02;7.5000000e+00;9.8039128e-02;7.5000000e+00;1.1394221e-01;7.5000000e+00;1.2714805e-01;7.5000000e+00;1.3852179e-01;7.5000000e+00;1.6503811e-01;7.5000000e+00;1.9782260e-01;7.5000000e+00;2.2795552e-01;7.5000000e+00;2.3796800e-01;7.5000000e+00;2.3785242e-01;7.5000000e+00;2.2975938e-01;7.5000000e+00;2.1424480e-01;7.5000000e+00;1.7041959e-02;7.5000000e+00;2.2364456e-02;7.5000000e+00;3.0302836e-02;7.5000000e+00;4.0488012e-02;7.5000000e+00;5.2415330e-02;7.5000000e+00;6.5990068e-02;7.5000000e+00;8.1314109e-02;7.5000000e+00;9.8039128e-02;7.5000000e+00;1.1394221e-01;7.5000000e+00;1.2714805e-01;7.5000000e+00;1.3852179e-01;7.5000000e+00;1.6503811e-01;7.5000000e+00;1.9782260e-01;7.5000000e+00;2.2795552e-01;7.5000000e+00;2.3796800e-01;7.5000000e+00;2.3785242e-01;7.5000000e+00;2.2975938e-01;7.5000000e+00;2.1424480e-01;7.5000000e+00;1.7041959e-02;7.5000000e+00;2.2364456e-02;7.5000000e+00;3.0302836e-02;7.5000000e+00;4.0488012e-02;7.5000000e+00;5.2415330e-02;7.5000000e+00;6.5990068e-02;7.5000000e+00;8.1314109e-02;7.5000000e+00;9.8039128e-02;7.5000000e+00;1.1394221e-01;7.5000000e+00;1.2714805e-01;7.5000000e+00;1.3852179e-01;7.5000000e+00;1.6503811e-01;7.5000000e+00;1.9782260e-01;7.5000000e+00;2.2795552e-01;7.5000000e+00;2.3796800e-01;7.5000000e+00;2.3785242e-01;7.5000000e+00;2.2975938e-01;7.5000000e+00;2.1424480e-01;7.5000000e+00;1.7041959e-02;7.5000000e+00;2.2364456e-02;7.5000000e+00;3.0302836e-02;7.5000000e+00;4.0488012e-02;7.5000000e+00;5.2415330e-02;7.5000000e+00;6.5990068e-02;7.5000000e+00;8.1314109e-02;7.5000000e+00;9.8039128e-02;7.5000000e+00;1.1394221e-01;7.5000000e+00;1.2714805e-01;7.5000000e+00;1.3852179e-01;7.5000000e+00;1.6503811e-01;7.5000000e+00;1.9782260e-01;7.5000000e+00;2.2795552e-01;7.5000000e+00;2.3796800e-01;7.5000000e+00;2.3785242e-01;7.5000000e+00;2.2975938e-01;7.5000000e+00;2.1424480e-01;7.5000000e+00;1.7041959e-02;7.5000000e+00;2.2364456e-02;7.5000000e+00;3.0302836e-02;7.5000000e+00;4.0488012e-02;7.5000000e+00;5.2415330e-02;7.5000000e+00;6.5990068e-02;7.5000000e+00;8.1314109e-02;7.5000000e+00;9.8039128e-02;7.5000000e+00;1.1394221e-01;7.5000000e+00;1.2714805e-01;7.5000000e+00;1.3852179e-01;7.5000000e+00;1.6503811e-01;7.5000000e+00;1.9782260e-01;7.5000000e+00;2.2795552e-01;7.5000000e+00;2.3796800e-01;7.5000000e+00;2.3785242e-01;7.5000000e+00;2.2975938e-01;7.5000000e+00;2.1424480e-01;7.5000000e+00;1.7041959e-02;7.5000000e+00;2.2364456e-02;7.5000000e+00;3.0302836e-02;7.5000000e+00;4.0488012e-02;7.5000000e+00;5.2415330e-02;7.5000000e+00;6.5990068e-02;7.5000000e+00;8.1314109e-02;7.5000000e+00;9.8039128e-02;7.5000000e+00;1.1394221e-01;7.5000000e+00;1.2714805e-01;7.5000000e+00;1.3852179e-01;7.5000000e+00;1.6503811e-01;7.5000000e+00;1.9782260e-01;7.5000000e+00;2.2795552e-01;7.5000000e+00;2.3796800e-01;7.5000000e+00;2.3785242e-01;7.5000000e+00;2.2975938e-01;7.5000000e+00;2.1424480e-01;7.5000000e+00;1.7041959e-02;7.5000000e+00;2.2364456e-02;7.5000000e+00;3.0302836e-02;7.5000000e+00;4.0488012e-02;7.5000000e+00;5.2415330e-02;7.5000000e+00;6.5990068e-02;7.5000000e+00;8.1314109e-02;7.5000000e+00;9.8039128e-02;7.5000000e+00;1.1394221e-01;7.5000000e+00;1.2714805e-01;7.5000000e+00;1.3852179e-01;7.5000000e+00;1.6503811e-01;7.5000000e+00;1.9782260e-01;7.5000000e+00;2.2795552e-01;7.5000000e+00;2.3796800e-01;7.5000000e+00;2.3785242e-01;7.5000000e+00;2.2975938e-01;7.5000000e+00;2.1424480e-01;7.5000000e+00;1.7041959e-02;7.5000000e+00;2.2364456e-02;7.5000000e+00;3.0302836e-02;7.5000000e+00;4.0488012e-02;7.5000000e+00;5.2415330e-02;7.5000000e+00;6.5990068e-02;7.5000000e+00;8.1314109e-02;7.5000000e+00;9.8039128e-02;7.5000000e+00;1.1394221e-01;7.5000000e+00;1.2714805e-01;7.5000000e+00;1.3852179e-01;7.5000000e+00;1.6503811e-01;7.5000000e+00;1.9782260e-01;7.5000000e+00;2.2795552e-01;7.5000000e+00;2.3796800e-01;7.5000000e+00;2.3785242e-01;7.5000000e+00;2.2975938e-01;7.5000000e+00;2.1424480e-01;7.5000000e+00;1.7041959e-02;7.5000000e+00;2.2364456e-02;7.5000000e+00;3.0302836e-02;7.5000000e+00;4.0488012e-02;7.5000000e+00;5.2415330e-02;7.5000000e+00;6.5990068e-02;7.5000000e+00;8.1314109e-02;7.5000000e+00;9.8039128e-02;7.5000000e+00;1.1394221e-01;7.5000000e+00;1.2714805e-01;7.5000000e+00;1.3852179e-01;7.5000000e+00;1.6503811e-01;7.5000000e+00;1.9782260e-01;7.5000000e+00;2.2795552e-01;7.5000000e+00;2.3796800e-01;7.5000000e+00;2.3785242e-01;7.5000000e+00;2.2975938e-01;7.5000000e+00;2.1424480e-01;7.5000000e+00;1.7041959e-02;7.5000000e+00;2.2364456e-02;7.5000000e+00;3.0302836e-02;7.5000000e+00;4.0488012e-02;7.5000000e+00;5.2415330e-02;7.5000000e+00;6.5990068e-02;7.5000000e+00;8.1314109e-02;7.5000000e+00;9.8039128e-02;7.5000000e+00;1.1394221e-01;7.5000000e+00;1.2714805e-01;7.5000000e+00;1.3852179e-01;7.5000000e+00;1.6503811e-01;7.5000000e+00;1.9782260e-01;7.5000000e+00;2.2795552e-01;7.5000000e+00;2.3796800e-01;7.5000000e+00;2.3785242e-01;7.5000000e+00;2.2975938e-01;7.5000000e+00;2.1424480e-01;7.5000000e+00;1.7041959e-02;7.5000000e+00;2.2364456e-02;7.5000000e+00;3.0302836e-02;7.5000000e+00;4.0488012e-02;7.5000000e+00;5.2415330e-02;7.5000000e+00;6.5990068e-02;7.5000000e+00;8.1314109e-02;7.5000000e+00;9.8039128e-02;7.5000000e+00;1.1394221e-01;7.5000000e+00;1.2714805e-01;7.5000000e+00;1.3852179e-01;7.5000000e+00;1.6503811e-01;7.5000000e+00;1.9782260e-01;7.5000000e+00;2.2795552e-01;7.5000000e+00;2.3796800e-01;7.5000000e+00;2.3785242e-01;7.5000000e+00;2.2975938e-01;7.5000000e+00;2.1424480e-01;7.5000000e+00;1.7041959e-02;7.5000000e+00;2.2364456e-02;7.5000000e+00;3.0302836e-02;7.5000000e+00;4.0488012e-02;7.5000000e+00;5.2415330e-02;7.5000000e+00;6.5990068e-02;7.5000000e+00;8.1314109e-02;7.5000000e+00;9.8039128e-02;7.5000000e+00;1.1394221e-01;7.5000000e+00;1.2714805e-01;7.5000000e+00;1.3852179e-01;7.5000000e+00;1.6503811e-01;7.5000000e+00;1.9782260e-01;7.5000000e+00;2.2795552e-01;7.5000000e+00;2.3796800e-01;7.5000000e+00;2.3785242e-01;7.5000000e+00;2.2975938e-01;7.5000000e+00;2.1424480e-01;7.5000000e+00;1.7041959e-02;7.5000000e+00;2.2364456e-02;7.5000000e+00;3.0302836e-02;7.5000000e+00;4.0488012e-02;7.5000000e+00;5.2415330e-02;7.5000000e+00;6.5990068e-02;7.5000000e+00;8.1314109e-02;7.5000000e+00;9.8039128e-02;7.5000000e+00;1.1394221e-01;7.5000000e+00;1.2714805e-01;7.5000000e+00;1.3852179e-01;7.5000000e+00;1.6503811e-01;7.5000000e+00;1.9782260e-01;7.5000000e+00;2.2795552e-01;7.5000000e+00;2.3796800e-01;7.5000000e+00;2.3785242e-01;7.5000000e+00;2.2975938e-01;7.5000000e+00;2.1424480e-01;7.5000000e+00;1.7041959e-02;7.5000000e+00;2.2364456e-02;7.5000000e+00;3.0302836e-02;7.5000000e+00;4.0488012e-02;7.5000000e+00;5.2415330e-02;7.5000000e+00;6.5990068e-02;7.5000000e+00;8.1314109e-02;7.5000000e+00;9.8039128e-02;7.5000000e+00;1.1394221e-01;7.5000000e+00;1.2714805e-01;7.5000000e+00;1.3852179e-01;7.5000000e+00;1.6503811e-01;7.5000000e+00;1.9782260e-01;7.5000000e+00;2.2795552e-01;7.5000000e+00;2.3796800e-01;7.5000000e+00;2.3785242e-01;7.5000000e+00;2.2975938e-01;7.5000000e+00;2.1424480e-01;7.5000000e+00;1.7041959e-02;7.5000000e+00;2.2364456e-02;7.5000000e+00;3.0302836e-02;7.5000000e+00;4.0488012e-02;7.5000000e+00;5.2415330e-02;7.5000000e+00;6.5990068e-02;7.5000000e+00;8.1314109e-02;7.5000000e+00;9.8039128e-02;7.5000000e+00;1.1394221e-01;7.5000000e+00;1.2714805e-01;7.5000000e+00;1.3852179e-01;7.5000000e+00;1.6503811e-01;7.5000000e+00;1.9782260e-01;7.5000000e+00;2.2795552e-01;7.5000000e+00;2.3796800e-01;7.5000000e+00;2.3785242e-01;7.5000000e+00;2.2975938e-01;7.5000000e+00;2.1424480e-01;7.5000000e+00;1.7041959e-02;7.5000000e+00;2.2364456e-02;7.5000000e+00;3.0302836e-02;7.5000000e+00;4.0488012e-02;7.5000000e+00;5.2415330e-02;7.5000000e+00;6.5990068e-02;7.5000000e+00;8.1314109e-02;7.5000000e+00;9.8039128e-02;7.5000000e+00;1.1394221e-01;7.5000000e+00;1.2714805e-01;7.5000000e+00;1.3852179e-01;7.5000000e+00;1.6503811e-01;7.5000000e+00;1.9782260e-01;7.5000000e+00;2.2795552e-01;7.5000000e+00;2.3796800e-01;7.5000000e+00;2.3785242e-01;7.5000000e+00;2.2975938e-01;7.5000000e+00;2.1424480e-01;7.5000000e+00;1.7041959e-02;7.5000000e+00;2.2364456e-02;7.5000000e+00;3.0302836e-02;7.5000000e+00;4.0488012e-02;7.5000000e+00;5.2415330e-02;7.5000000e+00;6.5990068e-02;7.5000000e+00;8.1314109e-02;7.5000000e+00;9.8039128e-02;7.5000000e+00;1.1394221e-01;7.5000000e+00;1.2714805e-01;7.5000000e+00;1.3852179e-01;7.5000000e+00;1.6503811e-01;7.5000000e+00;1.9782260e-01;7.5000000e+00;2.2795552e-01;7.5000000e+00;2.3796800e-01;7.5000000e+00;2.3785242e-01;7.5000000e+00;2.2975938e-01;7.5000000e+00;2.1424480e-01;7.5000000e+00;1.7041959e-02;7.5000000e+00;2.2364456e-02;7.5000000e+00;3.0302836e-02;7.5000000e+00;4.0488012e-02;7.5000000e+00;5.2415330e-02;7.5000000e+00;6.5990068e-02;7.5000000e+00;8.1314109e-02;7.5000000e+00;9.8039128e-02;7.5000000e+00;1.1394221e-01;7.5000000e+00;1.2714805e-01;7.5000000e+00;1.3852179e-01;7.5000000e+00;1.6503811e-01;7.5000000e+00;1.9782260e-01;7.5000000e+00;2.2795552e-01;7.5000000e+00;2.3796800e-01;7.5000000e+00;2.3785242e-01;7.5000000e+00;2.2975938e-01;7.5000000e+00;2.1424480e-01;7.5000000e+00;1.7041959e-02;7.5000000e+00;2.2364456e-02;7.5000000e+00;3.0302836e-02;7.5000000e+00;4.0488012e-02;7.5000000e+00;5.2415330e-02;7.5000000e+00;6.5990068e-02;7.5000000e+00;8.1314109e-02;7.5000000e+00;9.8039128e-02;7.5000000e+00;1.1394221e-01;7.5000000e+00;1.2714805e-01;7.5000000e+00;1.3852179e-01;7.5000000e+00;1.6503811e-01;7.5000000e+00;1.9782260e-01;7.5000000e+00;2.2795552e-01;7.5000000e+00;2.3796800e-01;7.5000000e+00;2.3785242e-01;7.5000000e+00;2.2975938e-01;7.5000000e+00;2.1424480e-01;7.5000000e+00;1.7041959e-02;7.5000000e+00;2.2364456e-02;7.5000000e+00;3.0302836e-02;7.5000000e+00;4.0488012e-02;7.5000000e+00;5.2415330e-02;7.5000000e+00;6.5990068e-02;7.5000000e+00;8.1314109e-02;7.5000000e+00;9.8039128e-02;7.5000000e+00;1.1394221e-01;7.5000000e+00;1.2714805e-01;7.5000000e+00;1.3852179e-01;7.5000000e+00;1.6503811e-01;7.5000000e+00;1.9782260e-01;7.5000000e+00;2.2795552e-01;7.5000000e+00;2.3796800e-01;7.5000000e+00;2.3785242e-01;7.5000000e+00;2.2975938e-01;7.5000000e+00;2.1424480e-01;7.5000000e+00;1.7041959e-02;7.5000000e+00;2.2364456e-02;7.5000000e+00;3.0302836e-02;7.5000000e+00;4.0488012e-02;7.5000000e+00;5.2415330e-02;7.5000000e+00;6.5990068e-02;7.5000000e+00;8.1314109e-02;7.5000000e+00;9.8039128e-02;7.5000000e+00;1.1394221e-01;7.5000000e+00;1.2714805e-01;7.5000000e+00;1.3852179e-01;7.5000000e+00;1.6503811e-01;7.5000000e+00;1.9782260e-01;7.5000000e+00;2.2795552e-01;7.5000000e+00;2.3796800e-01;7.5000000e+00;2.3785242e-01;7.5000000e+00;2.2975938e-01;7.5000000e+00;2.1424480e-01;7.5000000e+00;1.7041959e-02;7.5000000e+00;2.2364456e-02;7.5000000e+00;3.0302836e-02;7.5000000e+00;4.0488012e-02;7.5000000e+00;5.2415330e-02;7.5000000e+00;6.5990068e-02;7.5000000e+00;8.1314109e-02;7.5000000e+00;9.8039128e-02;7.5000000e+00;1.1394221e-01;7.5000000e+00;1.2714805e-01;7.5000000e+00;1.3852179e-01;7.5000000e+00;1.6503811e-01;7.5000000e+00;1.9782260e-01;7.5000000e+00;2.2795552e-01;7.5000000e+00;2.3796800e-01;7.5000000e+00;2.3785242e-01;7.5000000e+00;2.2975938e-01;7.5000000e+00;2.1424480e-01;7.5000000e+00;1.7041959e-02;7.5000000e+00;2.2364456e-02;7.5000000e+00;3.0302836e-02;7.5000000e+00;4.0488012e-02;7.5000000e+00;5.2415330e-02;7.5000000e+00;6.5990068e-02;7.5000000e+00;8.1314109e-02;7.5000000e+00;9.8039128e-02;7.5000000e+00;1.1394221e-01;7.5000000e+00;1.2714805e-01;7.5000000e+00;1.3852179e-01;7.5000000e+00;1.6503811e-01;7.5000000e+00;1.9782260e-01;7.5000000e+00;2.2795552e-01;7.5000000e+00;2.3796800e-01;7.5000000e+00;2.3785242e-01;7.5000000e+00;2.2975938e-01;7.5000000e+00;2.1424480e-01;7.5000000e+00;1.7041959e-02;7.5000000e+00;2.2364456e-02;7.5000000e+00;3.0302836e-02;7.5000000e+00;4.0488012e-02;7.5000000e+00;5.2415330e-02;7.5000000e+00;6.5990068e-02;7.5000000e+00;8.1314109e-02;7.5000000e+00;9.8039128e-02;7.5000000e+00;1.1394221e-01;7.5000000e+00;1.2714805e-01;7.5000000e+00;1.3852179e-01;7.5000000e+00;1.6503811e-01;7.5000000e+00;1.9782260e-01;7.5000000e+00;2.2795552e-01;7.5000000e+00;2.3796800e-01;7.5000000e+00;2.3785242e-01;7.5000000e+00;2.2975938e-01;7.5000000e+00;2.1424480e-01;7.5000000e+00;1.7041959e-02;7.5000000e+00;2.2364456e-02;7.5000000e+00;3.0302836e-02;7.5000000e+00;4.0488012e-02;7.5000000e+00;5.2415330e-02;7.5000000e+00;6.5990068e-02;7.5000000e+00;8.1314109e-02;7.5000000e+00;9.8039128e-02;7.5000000e+00;1.1394221e-01;7.5000000e+00;1.2714805e-01;7.5000000e+00;1.3852179e-01;7.5000000e+00;1.6503811e-01;7.5000000e+00;1.9782260e-01;7.5000000e+00;2.2795552e-01;7.5000000e+00;2.3796800e-01;7.5000000e+00;2.3785242e-01;7.5000000e+00;2.2975938e-01;7.5000000e+00;2.1424480e-01;7.5000000e+00;1.7041959e-02;7.5000000e+00;2.2364456e-02;7.5000000e+00;3.0302836e-02;7.5000000e+00;4.0488012e-02;7.5000000e+00;5.2415330e-02;7.5000000e+00;6.5990068e-02;7.5000000e+00;8.1314109e-02;7.5000000e+00;9.8039128e-02;7.5000000e+00;1.1394221e-01;7.5000000e+00;1.2714805e-01;7.5000000e+00;1.3852179e-01;7.5000000e+00;1.6503811e-01;7.5000000e+00;1.9782260e-01;7.5000000e+00;2.2795552e-01;7.5000000e+00;2.3796800e-01;7.5000000e+00;2.3785242e-01;7.5000000e+00;2.2975938e-01;7.5000000e+00;2.1424480e-01;7.5000000e+00;1.7041959e-02;7.5000000e+00;2.2364456e-02;7.5000000e+00;3.0302836e-02;7.5000000e+00;4.0488012e-02;7.5000000e+00;5.2415330e-02;7.5000000e+00;6.5990068e-02;7.5000000e+00;8.1314109e-02;7.5000000e+00;9.8039128e-02;7.5000000e+00;1.1394221e-01;7.5000000e+00;1.2714805e-01;7.5000000e+00;1.3852179e-01;7.5000000e+00;1.6503811e-01;7.5000000e+00;1.9782260e-01;7.5000000e+00;2.2795552e-01;7.5000000e+00;2.3796800e-01;7.5000000e+00;2.3785242e-01;7.5000000e+00;2.2975938e-01;7.5000000e+00;2.1424480e-01;7.5000000e+00;1.7041959e-02;7.5000000e+00;2.2364456e-02;7.5000000e+00;3.0302836e-02;7.5000000e+00;4.0488012e-02;7.5000000e+00;5.2415330e-02;7.5000000e+00;6.5990068e-02;7.5000000e+00;8.1314109e-02;7.5000000e+00;9.8039128e-02;7.5000000e+00;1.1394221e-01;7.5000000e+00;1.2714805e-01;7.5000000e+00;1.3852179e-01;7.5000000e+00;1.6503811e-01;7.5000000e+00;1.9782260e-01;7.5000000e+00;2.2795552e-01;7.5000000e+00;2.3796800e-01;7.5000000e+00;2.3785242e-01;7.5000000e+00;2.2975938e-01;7.5000000e+00;2.1424480e-01;7.5000000e+00;1.7041959e-02;7.5000000e+00;2.2364456e-02;7.5000000e+00;3.0302836e-02;7.5000000e+00;4.0488012e-02;7.5000000e+00;5.2415330e-02;7.5000000e+00;6.5990068e-02;7.5000000e+00;8.1314109e-02;7.5000000e+00;9.8039128e-02;7.5000000e+00;1.1394221e-01;7.5000000e+00;1.2714805e-01;7.5000000e+00;1.3852179e-01;7.5000000e+00;1.6503811e-01;7.5000000e+00;1.9782260e-01;7.5000000e+00;2.2795552e-01;7.5000000e+00;2.3796800e-01;7.5000000e+00;2.3785242e-01;7.5000000e+00;2.2975938e-01;7.5000000e+00;2.1424480e-01;7.5000000e+00;1.7041959e-02;7.5000000e+00;2.2364456e-02;7.5000000e+00;3.0302836e-02;7.5000000e+00;4.0488012e-02;7.5000000e+00;5.2415330e-02;7.5000000e+00;6.5990068e-02;7.5000000e+00;8.1314109e-02;7.5000000e+00;9.8039128e-02;7.5000000e+00;1.1394221e-01;7.5000000e+00;1.2714805e-01;7.5000000e+00;1.3852179e-01;7.5000000e+00;1.6503811e-01;7.5000000e+00;1.9782260e-01;7.5000000e+00;2.2795552e-01;7.5000000e+00;2.3796800e-01;7.5000000e+00;2.3785242e-01;7.5000000e+00;2.2975938e-01;7.5000000e+00;2.1424480e-01;7.5000000e+00;1.7041959e-02;7.5000000e+00;2.2364456e-02;7.5000000e+00;3.0302836e-02;7.5000000e+00;4.0488012e-02;7.5000000e+00;5.2415330e-02;7.5000000e+00;6.5990068e-02;7.5000000e+00;8.1314109e-02;7.5000000e+00;9.8039128e-02;7.5000000e+00;1.1394221e-01;7.5000000e+00;1.2714805e-01;7.5000000e+00;1.3852179e-01;7.5000000e+00;1.6503811e-01;7.5000000e+00;1.9782260e-01;7.5000000e+00;2.2795552e-01;7.5000000e+00;2.3796800e-01;7.5000000e+00;2.3785242e-01;7.5000000e+00;2.2975938e-01;7.5000000e+00;2.1424480e-01;7.5000000e+00;1.7041959e-02;7.5000000e+00;2.2364456e-02;7.5000000e+00;3.0302836e-02;7.5000000e+00;4.0488012e-02;7.5000000e+00;5.2415330e-02;7.5000000e+00;6.5990068e-02;7.5000000e+00;8.1314109e-02;7.5000000e+00;9.8039128e-02;7.5000000e+00;1.1394221e-01;7.5000000e+00;1.2714805e-01;7.5000000e+00;1.3852179e-01;7.5000000e+00;1.6503811e-01;7.5000000e+00;1.9782260e-01;7.5000000e+00;2.2795552e-01;7.5000000e+00;2.3796800e-01;7.5000000e+00;2.3785242e-01;7.5000000e+00;2.2975938e-01;7.5000000e+00;2.1424480e-01;7.5000000e+00;1.7041959e-02;7.5000000e+00;2.2364456e-02;7.5000000e+00;3.0302836e-02;7.5000000e+00;4.0488012e-02;7.5000000e+00;5.2415330e-02;7.5000000e+00;6.5990068e-02;7.5000000e+00;8.1314109e-02;7.5000000e+00;9.8039128e-02;7.5000000e+00;1.1394221e-01;7.5000000e+00;1.2714805e-01;7.5000000e+00;1.3852179e-01;7.5000000e+00;1.6503811e-01;7.5000000e+00;1.9782260e-01;7.5000000e+00;2.2795552e-01;7.5000000e+00;2.3796800e-01;7.5000000e+00;2.3785242e-01;7.5000000e+00;2.2975938e-01;7.5000000e+00;2.1424480e-01;7.5000000e+00;1.7041959e-02;7.5000000e+00;2.2364456e-02;7.5000000e+00;3.0302836e-02;7.5000000e+00;4.0488012e-02;7.5000000e+00;5.2415330e-02;7.5000000e+00;6.5990068e-02;7.5000000e+00;8.1314109e-02;7.5000000e+00;9.8039128e-02;7.5000000e+00;1.1394221e-01;7.5000000e+00;1.2714805e-01;7.5000000e+00;1.3852179e-01;7.5000000e+00;1.6503811e-01;7.5000000e+00;1.9782260e-01;7.5000000e+00;2.2795552e-01;7.5000000e+00;2.3796800e-01;7.5000000e+00;2.3785242e-01;7.5000000e+00;2.2975938e-01;7.5000000e+00;2.1424480e-01;7.5000000e+00;1.7041959e-02;7.5000000e+00;2.2364456e-02;7.5000000e+00;3.0302836e-02;7.5000000e+00;4.0488012e-02;7.5000000e+00;5.2415330e-02;7.5000000e+00;6.5990068e-02;7.5000000e+00;8.1314109e-02;7.5000000e+00;9.8039128e-02;7.5000000e+00;1.1394221e-01;7.5000000e+00;1.2714805e-01;7.5000000e+00;1.3852179e-01;7.5000000e+00;1.6503811e-01;7.5000000e+00;1.9782260e-01;7.5000000e+00;2.2795552e-01;7.5000000e+00;2.3796800e-01;7.5000000e+00;2.3785242e-01;7.5000000e+00;2.2975938e-01;7.5000000e+00;2.1424480e-01;7.5000000e+00;1.7041959e-02;7.5000000e+00;2.2364456e-02;7.5000000e+00;3.0302836e-02;7.5000000e+00;4.0488012e-02;7.5000000e+00;5.2415330e-02;7.5000000e+00;6.5990068e-02;7.5000000e+00;8.1314109e-02;7.5000000e+00;9.8039128e-02;7.5000000e+00;1.1394221e-01;7.5000000e+00;1.2714805e-01;7.5000000e+00;1.3852179e-01;7.5000000e+00;1.6503811e-01;7.5000000e+00;1.9782260e-01;7.5000000e+00;2.2795552e-01;7.5000000e+00;2.3796800e-01;7.5000000e+00;2.3785242e-01;7.5000000e+00;2.2975938e-01;7.5000000e+00;2.1424480e-01;7.5000000e+00;1.7041959e-02;7.5000000e+00;2.2364456e-02;7.5000000e+00;3.0302836e-02;7.5000000e+00;4.0488012e-02;7.5000000e+00;5.2415330e-02;7.5000000e+00;6.5990068e-02;7.5000000e+00;8.1314109e-02;7.5000000e+00;9.8039128e-02;7.5000000e+00;1.1394221e-01;7.5000000e+00;1.2714805e-01;7.5000000e+00;1.3852179e-01;7.5000000e+00;1.6503811e-01;7.5000000e+00;1.9782260e-01;7.5000000e+00;2.2795552e-01;7.5000000e+00;2.3796800e-01;7.5000000e+00;2.3785242e-01;7.5000000e+00;2.2975938e-01;7.5000000e+00;2.1424480e-01;7.5000000e+00;1.7041959e-02;7.5000000e+00;2.2364456e-02;7.5000000e+00;3.0302836e-02;7.5000000e+00;4.0488012e-02;7.5000000e+00;5.2415330e-02;7.5000000e+00;6.5990068e-02;7.5000000e+00;8.1314109e-02;7.5000000e+00;9.8039128e-02;7.5000000e+00;1.1394221e-01;7.5000000e+00;1.2714805e-01;7.5000000e+00;1.3852179e-01;7.5000000e+00;1.6503811e-01;7.5000000e+00;1.9782260e-01;7.5000000e+00;2.2795552e-01;7.5000000e+00;2.3796800e-01;7.5000000e+00;2.3785242e-01;7.5000000e+00;2.2975938e-01;7.5000000e+00;2.1424480e-01;7.5000000e+00;1.7041959e-02;7.5000000e+00;2.2364456e-02;7.5000000e+00;3.0302836e-02;7.5000000e+00;4.0488012e-02;7.5000000e+00;5.2415330e-02;7.5000000e+00;6.5990068e-02;7.5000000e+00;8.1314109e-02;7.5000000e+00;9.8039128e-02;7.5000000e+00;1.1394221e-01;7.5000000e+00;1.2714805e-01;7.5000000e+00;1.3852179e-01;7.5000000e+00;1.6503811e-01;7.5000000e+00;1.9782260e-01;7.5000000e+00;2.2795552e-01;7.5000000e+00;2.3796800e-01;7.5000000e+00;2.3785242e-01;7.5000000e+00;2.2975938e-01;7.5000000e+00;2.1424480e-01;7.5000000e+00;1.7041959e-02;7.5000000e+00;2.2364456e-02;7.5000000e+00;3.0302836e-02;7.5000000e+00;4.0488012e-02;7.5000000e+00;5.2415330e-02;7.5000000e+00;6.5990068e-02;7.5000000e+00;8.1314109e-02;7.5000000e+00;9.8039128e-02;7.5000000e+00;1.1394221e-01;7.5000000e+00;1.2714805e-01;7.5000000e+00;1.3852179e-01;7.5000000e+00;1.6503811e-01;7.5000000e+00;1.9782260e-01;7.5000000e+00;2.2795552e-01;7.5000000e+00;2.3796800e-01;7.5000000e+00;2.3785242e-01;7.5000000e+00;2.2975938e-01;7.5000000e+00;2.1424480e-01;7.5000000e+00;1.7041959e-02;7.5000000e+00;2.2364456e-02;7.5000000e+00;3.0302836e-02;7.5000000e+00;4.0488012e-02;7.5000000e+00;5.2415330e-02;7.5000000e+00;6.5990068e-02;7.5000000e+00;8.1314109e-02;7.5000000e+00;9.8039128e-02;7.5000000e+00;1.1394221e-01;7.5000000e+00;1.2714805e-01;7.5000000e+00;1.3852179e-01;7.5000000e+00;1.6503811e-01;7.5000000e+00;1.9782260e-01;7.5000000e+00;2.2795552e-01;7.5000000e+00;2.3796800e-01;7.5000000e+00;2.3785242e-01;7.5000000e+00;2.2975938e-01;7.5000000e+00;2.1424480e-01;7.5000000e+00;1.7041959e-02;7.5000000e+00;2.2364456e-02;7.5000000e+00;3.0302836e-02;7.5000000e+00;4.0488012e-02;7.5000000e+00;5.2415330e-02;7.5000000e+00;6.5990068e-02;7.5000000e+00;8.1314109e-02;7.5000000e+00;9.8039128e-02;7.5000000e+00;1.1394221e-01;7.5000000e+00;1.2714805e-01;7.5000000e+00;1.3852179e-01;7.5000000e+00;1.6503811e-01;7.5000000e+00;1.9782260e-01;7.5000000e+00;2.2795552e-01;7.5000000e+00;2.3796800e-01;7.5000000e+00;2.3785242e-01;7.5000000e+00;2.2975938e-01;7.5000000e+00;2.1424480e-01;7.5000000e+00;1.7041959e-02;7.5000000e+00;2.2364456e-02;7.5000000e+00;3.0302836e-02;7.5000000e+00;4.0488012e-02;7.5000000e+00;5.2415330e-02;7.5000000e+00;6.5990068e-02;7.5000000e+00;8.1314109e-02;7.5000000e+00;9.8039128e-02;7.5000000e+00;1.1394221e-01;7.5000000e+00;1.2714805e-01;7.5000000e+00;1.3852179e-01;7.5000000e+00;1.6503811e-01;7.5000000e+00;1.9782260e-01;7.5000000e+00;2.2795552e-01;7.5000000e+00;2.3796800e-01;7.5000000e+00;2.3785242e-01;7.5000000e+00;2.2975938e-01;7.5000000e+00;2.1424480e-01;7.5000000e+00;1.7041959e-02;7.5000000e+00;2.2364456e-02;7.5000000e+00;3.0302836e-02;7.5000000e+00;4.0488012e-02;7.5000000e+00;5.2415330e-02;7.5000000e+00;6.5990068e-02;7.5000000e+00;8.1314109e-02;7.5000000e+00;9.8039128e-02;7.5000000e+00;1.1394221e-01;7.5000000e+00;1.2714805e-01;7.5000000e+00;1.3852179e-01;7.5000000e+00;1.6503811e-01;7.5000000e+00;1.9782260e-01;7.5000000e+00;2.2795552e-01;7.5000000e+00;2.3796800e-01;7.5000000e+00;2.3785242e-01;7.5000000e+00;2.2975938e-01;7.5000000e+00;2.1424480e-01;7.5000000e+00;1.7041959e-02;7.5000000e+00;2.2364456e-02;7.5000000e+00;3.0302836e-02;7.5000000e+00;4.0488012e-02;7.5000000e+00;5.2415330e-02;7.5000000e+00;6.5990068e-02;7.5000000e+00;8.1314109e-02;7.5000000e+00;9.8039128e-02;7.5000000e+00;1.1394221e-01;7.5000000e+00;1.2714805e-01;7.5000000e+00;1.3852179e-01;7.5000000e+00;1.6503811e-01;7.5000000e+00;1.9782260e-01;7.5000000e+00;2.2795552e-01;7.5000000e+00;2.3796800e-01;7.5000000e+00;2.3785242e-01;7.5000000e+00;2.2975938e-01;7.5000000e+00;2.1424480e-01;7.5000000e+00;1.7041959e-02;7.5000000e+00;2.2364456e-02;7.5000000e+00;3.0302836e-02;7.5000000e+00;4.0488012e-02;7.5000000e+00;5.2415330e-02;7.5000000e+00;6.5990068e-02;7.5000000e+00;8.1314109e-02;7.5000000e+00;9.8039128e-02;7.5000000e+00;1.1394221e-01;7.5000000e+00;1.2714805e-01;7.5000000e+00;1.3852179e-01;7.5000000e+00;1.6503811e-01;7.5000000e+00;1.9782260e-01;7.5000000e+00;2.2795552e-01;7.5000000e+00;2.3796800e-01;7.5000000e+00;2.3785242e-01;7.5000000e+00;2.2975938e-01;7.5000000e+00;2.1424480e-01
1.2500000e+01;1.8517906e-02;1.2500000e+01;2.4673142e-02;1.2500000e+01;3.3209059e-02;1.2500000e+01;4.4062763e-02;1.2500000e+01;5.6624111e-02;1.2500000e+01;7.0812836e-02;1.2500000e+01;8.7012351e-02;1.2500000e+01;1.0372602e-01;1.2500000e+01;1.2048702e-01;1.2500000e+01;1.3427277e-01;1.2500000e+01;1.4743626e-01;1.2500000e+01;1.7515989e-01;1.2500000e+01;2.0717597e-01;1.2500000e+01;2.3312742e-01;1.2500000e+01;2.4022841e-01;1.2500000e+01;2.3781553e-01;1.2500000e+01;2.2753364e-01;1.2500000e+01;2.1007395e-01;1.2500000e+01;1.8517906e-02;1.2500000e+01;2.4673142e-02;1.2500000e+01;3.3209059e-02;1.2500000e+01;4.4062763e-02;1.2500000e+01;5.6624111e-02;1.2500000e+01;7.0812836e-02;1.2500000e+01;8.7012351e-02;1.2500000e+01;1.0372602e-01;1.2500000e+01;1.2048702e-01;1.2500000e+01;1.3427277e-01;1.2500000e+01;1.4743626e-01;1.2500000e+01;1.7515989e-01;1.2500000e+01;2.0717597e-01;1.2500000e+01;2.3312742e-01;1.2500000e+01;2.4022841e-01;1.2500000e+01;2.3781553e-01;1.2500000e+01;2.2753364e-01;1.2500000e+01;2.1007395e-01;1.2500000e+01;1.8517906e-02;1.2500000e+01;2.4673142e-02;1.2500000e+01;3.3209059e-02;1.2500000e+01;4.4062763e-02;1.2500000e+01;5.6624111e-02;1.2500000e+01;7.0812836e-02;1.2500000e+01;8.7012351e-02;1.2500000e+01;1.0372602e-01;1.2500000e+01;1.2048702e-01;1.2500000e+01;1.3427277e-01;1.2500000e+01;1.4743626e-01;1.2500000e+01;1.7515989e-01;1.2500000e+01;2.0717597e-01;1.2500000e+01;2.3312742e-01;1.2500000e+01;2.4022841e-01;1.2500000e+01;2.3781553e-01;1.2500000e+01;2.2753364e-01;1.2500000e+01;2.1007395e-01;1.2500000e+01;1.8517906e-02;1.2500000e+01;2.4673142e-02;1.2500000e+01;3.3209059e-02;1.2500000e+01;4.4062763e-02;1.2500000e+01;5.6624111e-02;1.2500000e+01;7.0812836e-02;1.2500000e+01;8.7012351e-02;1.2500000e+01;1.0372602e-01;1.2500000e+01;1.2048702e-01;1.2500000e+01;1.3427277e-01;1.2500000e+01;1.4743626e-01;1.2500000e+01;1.7515989e-01;1.2500000e+01;2.0717597e-01;1.2500000e+01;2.3312742e-01;1.2500000e+01;2.4022841e-01;1.2500000e+01;2.3781553e-01;1.2500000e+01;2.2753364e-01;1.2500000e+01;2.1007395e-01;1.2500000e+01;1.8517906e-02;1.2500000e+01;2.4673142e-02;1.2500000e+01;3.3209059e-02;1.2500000e+01;4.4062763e-02;1.2500000e+01;5.6624111e-02;1.2500000e+01;7.0812836e-02;1.2500000e+01;8.7012351e-02;1.2500000e+01;1.0372602e-01;1.2500000e+01;1.2048702e-01;1.2500000e+01;1.3427277e-01;1.2500000e+01;1.4743626e-01;1.2500000e+01;1.7515989e-01;1.2500000e+01;2.0717597e-01;1.2500000e+01;2.3312742e-01;1.2500000e+01;2.4022841e-01;1.2500000e+01;2.3781553e-01;1.2500000e+01;2.2753364e-01;1.2500000e+01;2.1007395e-01;1.2500000e+01;1.8517906e-02;1.2500000e+01;2.4673142e-02;1.2500000e+01;3.3209059e-02;1.2500000e+01;4.4062763e-02;1.2500000e+01;5.6624111e-02;1.2500000e+01;7.0812836e-02;1.2500000e+01;8.7012351e-02;1.2500000e+01;1.0372602e-01;1.2500000e+01;1.2048702e-01;1.2500000e+01;1.3427277e-01;1.2500000e+01;1.4743626e-01;1.2500000e+01;1.7515989e-01;1.2500000e+01;2.0717597e-01;1.2500000e+01;2.3312742e-01;1.2500000e+01;2.4022841e-01;1.2500000e+01;2.3781553e-01;1.2500000e+01;2.2753364e-01;1.2500000e+01;2.1007395e-01;1.2500000e+01;1.8517906e-02;1.2500000e+01;2.4673142e-02;1.2500000e+01;3.3209059e-02;1.2500000e+01;4.4062763e-02;1.2500000e+01;5.6624111e-02;1.2500000e+01;7.0812836e-02;1.2500000e+01;8.7012351e-02;1.2500000e+01;1.0372602e-01;1.2500000e+01;1.2048702e-01;1.2500000e+01;1.3427277e-01;1.2500000e+01;1.4743626e-01;1.2500000e+01;1.7515989e-01;1.2500000e+01;2.0717597e-01;1.2500000e+01;2.3312742e-01;1.2500000e+01;2.4022841e-01;1.2500000e+01;2.3781553e-01;1.2500000e+01;2.2753364e-01;1.2500000e+01;2.1007395e-01;1.2500000e+01;1.8517906e-02;1.2500000e+01;2.4673142e-02;1.2500000e+01;3.3209059e-02;1.2500000e+01;4.4062763e-02;1.2500000e+01;5.6624111e-02;1.2500000e+01;7.0812836e-02;1.2500000e+01;8.7012351e-02;1.2500000e+01;1.0372602e-01;1.2500000e+01;1.2048702e-01;1.2500000e+01;1.3427277e-01;1.2500000e+01;1.4743626e-01;1.2500000e+01;1.7515989e-01;1.2500000e+01;2.0717597e-01;1.2500000e+01;2.3312742e-01;1.2500000e+01;2.4022841e-01;1.2500000e+01;2.3781553e-01;1.2500000e+01;2.2753364e-01;1.2500000e+01;2.1007395e-01;1.2500000e+01;1.8517906e-02;1.2500000e+01;2.4673142e-02;1.2500000e+01;3.3209059e-02;1.2500000e+01;4.4062763e-02;1.2500000e+01;5.6624111e-02;1.2500000e+01;7.0812836e-02;1.2500000e+01;8.7012351e-02;1.2500000e+01;1.0372602e-01;1.2500000e+01;1.2048702e-01;1.2500000e+01;1.3427277e-01;1.2500000e+01;1.4743626e-01;1.2500000e+01;1.7515989e-01;1.2500000e+01;2.0717597e-01;1.2500000e+01;2.3312742e-01;1.2500000e+01;2.4022841e-01;1.2500000e+01;2.3781553e-01;1.2500000e+01;2.2753364e-01;1.2500000e+01;2.1007395e-01;1.2500000e+01;1.8517906e-02;1.2500000e+01;2.4673142e-02;1.2500000e+01;3.3209059e-02;1.2500000e+01;4.4062763e-02;1.2500000e+01;5.6624111e-02;1.2500000e+01;7.0812836e-02;1.2500000e+01;8.7012351e-02;1.2500000e+01;1.0372602e-01;1.2500000e+01;1.2048702e-01;1.2500000e+01;1.3427277e-01;1.2500000e+01;1.4743626e-01;1.2500000e+01;1.7515989e-01;1.2500000e+01;2.0717597e-01;1.2500000e+01;2.3312742e-01;1.2500000e+01;2.4022841e-01;1.2500000e+01;2.3781553e-01;1.2500000e+01;2.2753364e-01;1.2500000e+01;2.1007395e-01;1.2500000e+01;1.8517906e-02;1.2500000e+01;2.4673142e-02;1.2500000e+01;3.3209059e-02;1.2500000e+01;4.4062763e-02;1.2500000e+01;5.6624111e-02;1.2500000e+01;7.0812836e-02;1.2500000e+01;8.7012351e-02;1.2500000e+01;1.0372602e-01;1.2500000e+01;1.2048702e-01;1.2500000e+01;1.3427277e-01;1.2500000e+01;1.4743626e-01;1.2500000e+01;1.7515989e-01;1.2500000e+01;2.0717597e-01;1.2500000e+01;2.3312742e-01;1.2500000e+01;2.4022841e-01;1.2500000e+01;2.3781553e-01;1.2500000e+01;2.2753364e-01;1.2500000e+01;2.1007395e-01;1.2500000e+01;1.8517906e-02;1.2500000e+01;2.4673142e-02;1.2500000e+01;3.3209059e-02;1.2500000e+01;4.4062763e-02;1.2500000e+01;5.6624111e-02;1.2500000e+01;7.0812836e-02;1.2500000e+01;8.7012351e-02;1.2500000e+01;1.0372602e-01;1.2500000e+01;1.2048702e-01;1.2500000e+01;1.3427277e-01;1.2500000e+01;1.4743626e-01;1.2500000e+01;1.7515989e-01;1.2500000e+01;2.0717597e-01;1.2500000e+01;2.3312742e-01;1.2500000e+01;2.4022841e-01;1.2500000e+01;2.3781553e-01;1.2500000e+01;2.2753364e-01;1.2500000e+01;2.1007395e-01;1.2500000e+01;1.8517906e-02;1.2500000e+01;2.4673142e-02;1.2500000e+01;3.3209059e-02;1.2500000e+01;4.4062763e-02;1.2500000e+01;5.6624111e-02;1.2500000e+01;7.0812836e-02;1.2500000e+01;8.7012351e-02;1.2500000e+01;1.0372602e-01;1.2500000e+01;1.2048702e-01;1.2500000e+01;1.3427277e-01;1.2500000e+01;1.4743626e-01;1.2500000e+01;1.7515989e-01;1.2500000e+01;2.0717597e-01;1.2500000e+01;2.3312742e-01;1.2500000e+01;2.4022841e-01;1.2500000e+01;2.3781553e-01;1.2500000e+01;2.2753364e-01;1.2500000e+01;2.1007395e-01;1.2500000e+01;1.8517906e-02;1.2500000e+01;2.4673142e-02;1.2500000e+01;3.3209059e-02;1.2500000e+01;4.4062763e-02;1.2500000e+01;5.6624111e-02;1.2500000e+01;7.0812836e-02;1.2500000e+01;8.7012351e-02;1.2500000e+01;1.0372602e-01;1.2500000e+01;1.2048702e-01;1.2500000e+01;1.3427277e-01;1.2500000e+01;1.4743626e-01;1.2500000e+01;1.7515989e-01;1.2500000e+01;2.0717597e-01;1.2500000e+01;2.3312742e-01;1.2500000e+01;2.4022841e-01;1.2500000e+01;2.3781553e-01;1.2500000e+01;2.2753364e-01;1.2500000e+01;2.1007395e-01;1.2500000e+01;1.8517906e-02;1.2500000e+01;2.4673142e-02;1.2500000e+01;3.3209059e-02;1.2500000e+01;4.4062763e-02;1.2500000e+01;5.6624111e-02;1.2500000e+01;7.0812836e-02;1.2500000e+01;8.7012351e-02;1.2500000e+01;1.0372602e-01;1.2500000e+01;1.2048702e-01;1.2500000e+01;1.3427277e-01;1.2500000e+01;1.4743626e-01;1.2500000e+01;1.7515989e-01;1.2500000e+01;2.0717597e-01;1.2500000e+01;2.3312742e-01;1.2500000e+01;2.4022841e-01;1.2500000e+01;2.3781553e-01;1.2500000e+01;2.2753364e-01;1.2500000e+01;2.1007395e-01;1.2500000e+01;1.8517906e-02;1.2500000e+01;2.4673142e-02;1.2500000e+01;3.3209059e-02;1.2500000e+01;4.4062763e-02;1.2500000e+01;5.6624111e-02;1.2500000e+01;7.0812836e-02;1.2500000e+01;8.7012351e-02;1.2500000e+01;1.0372602e-01;1.2500000e+01;1.2048702e-01;1.2500000e+01;1.3427277e-01;1.2500000e+01;1.4743626e-01;1.2500000e+01;1.7515989e-01;1.2500000e+01;2.0717597e-01;1.2500000e+01;2.3312742e-01;1.2500000e+01;2.4022841e-01;1.2500000e+01;2.3781553e-01;1.2500000e+01;2.2753364e-01;1.2500000e+01;2.1007395e-01;1.2500000e+01;1.8517906e-02;1.2500000e+01;2.4673142e-02;1.2500000e+01;3.3209059e-02;1.2500000e+01;4.4062763e-02;1.2500000e+01;5.6624111e-02;1.2500000e+01;7.0812836e-02;1.2500000e+01;8.7012351e-02;1.2500000e+01;1.0372602e-01;1.2500000e+01;1.2048702e-01;1.2500000e+01;1.3427277e-01;1.2500000e+01;1.4743626e-01;1.2500000e+01;1.7515989e-01;1.2500000e+01;2.0717597e-01;1.2500000e+01;2.3312742e-01;1.2500000e+01;2.4022841e-01;1.2500000e+01;2.3781553e-01;1.2500000e+01;2.2753364e-01;1.2500000e+01;2.1007395e-01;1.2500000e+01;1.8517906e-02;1.2500000e+01;2.4673142e-02;1.2500000e+01;3.3209059e-02;1.2500000e+01;4.4062763e-02;1.2500000e+01;5.6624111e-02;1.2500000e+01;7.0812836e-02;1.2500000e+01;8.7012351e-02;1.2500000e+01;1.0372602e-01;1.2500000e+01;1.2048702e-01;1.2500000e+01;1.3427277e-01;1.2500000e+01;1.4743626e-01;1.2500000e+01;1.7515989e-01;1.2500000e+01;2.0717597e-01;1.2500000e+01;2.3312742e-01;1.2500000e+01;2.4022841e-01;1.2500000e+01;2.3781553e-01;1.2500000e+01;2.2753364e-01;1.2500000e+01;2.1007395e-01;1.2500000e+01;1.8517906e-02;1.2500000e+01;2.4673142e-02;1.2500000e+01;3.3209059e-02;1.2500000e+01;4.4062763e-02;1.2500000e+01;5.6624111e-02;1.2500000e+01;7.0812836e-02;1.2500000e+01;8.7012351e-02;1.2500000e+01;1.0372602e-01;1.2500000e+01;1.2048702e-01;1.2500000e+01;1.3427277e-01;1.2500000e+01;1.4743626e-01;1.2500000e+01;1.7515989e-01;1.2500000e+01;2.0717597e-01;1.2500000e+01;2.3312742e-01;1.2500000e+01;2.4022841e-01;1.2500000e+01;2.3781553e-01;1.2500000e+01;2.2753364e-01;1.2500000e+01;2.1007395e-01;1.2500000e+01;1.8517906e-02;1.2500000e+01;2.4673142e-02;1.2500000e+01;3.3209059e-02;1.2500000e+01;4.4062763e-02;1.2500000e+01;5.6624111e-02;1.2500000e+01;7.0812836e-02;1.2500000e+01;8.7012351e-02;1.2500000e+01;1.0372602e-01;1.2500000e+01;1.2048702e-01;1.2500000e+01;1.3427277e-01;1.2500000e+01;1.4743626e-01;1.2500000e+01;1.7515989e-01;1.2500000e+01;2.0717597e-01;1.2500000e+01;2.3312742e-01;1.2500000e+01;2.4022841e-01;1.2500000e+01;2.3781553e-01;1.2500000e+01;2.2753364e-01;1.2500000e+01;2.1007395e-01;1.2500000e+01;1.8517906e-02;1.2500000e+01;2.4673142e-02;1.2500000e+01;3.3209059e-02;1.2500000e+01;4.4062763e-02;1.2500000e+01;5.6624111e-02;1.2500000e+01;7.0812836e-02;1.2500000e+01;8.7012351e-02;1.2500000e+01;1.0372602e-01;1.2500000e+01;1.2048702e-01;1.2500000e+01;1.3427277e-01;1.2500000e+01;1.4743626e-01;1.2500000e+01;1.7515989e-01;1.2500000e+01;2.0717597e-01;1.2500000e+01;2.3312742e-01;1.2500000e+01;2.4022841e-01;1.2500000e+01;2.3781553e-01;1.2500000e+01;2.2753364e-01;1.2500000e+01;2.1007395e-01;1.2500000e+01;1.8517906e-02;1.2500000e+01;2.4673142e-02;1.2500000e+01;3.3209059e-02;1.2500000e+01;4.4062763e-02;1.2500000e+01;5.6624111e-02;1.2500000e+01;7.0812836e-02;1.2500000e+01;8.7012351e-02;1.2500000e+01;1.0372602e-01;1.2500000e+01;1.2048702e-01;1.2500000e+01;1.3427277e-01;1.2500000e+01;1.4743626e-01;1.2500000e+01;1.7515989e-01;1.2500000e+01;2.0717597e-01;1.2500000e+01;2.3312742e-01;1.2500000e+01;2.4022841e-01;1.2500000e+01;2.3781553e-01;1.2500000e+01;2.2753364e-01;1.2500000e+01;2.1007395e-01;1.2500000e+01;1.8517906e-02;1.2500000e+01;2.4673142e-02;1.2500000e+01;3.3209059e-02;1.2500000e+01;4.4062763e-02;1.2500000e+01;5.6624111e-02;1.2500000e+01;7.0812836e-02;1.2500000e+01;8.7012351e-02;1.2500000e+01;1.0372602e-01;1.2500000e+01;1.2048702e-01;1.2500000e+01;1.3427277e-01;1.2500000e+01;1.4743626e-01;1.2500000e+01;1.7515989e-01;1.2500000e+01;2.0717597e-01;1.2500000e+01;2.3312742e-01;1.2500000e+01;2.4022841e-01;1.2500000e+01;2.3781553e-01;1.2500000e+01;2.2753364e-01;1.2500000e+01;2.1007395e-01;1.2500000e+01;1.8517906e-02;1.2500000e+01;2.4673142e-02;1.2500000e+01;3.3209059e-02;1.2500000e+01;4.4062763e-02;1.2500000e+01;5.6624111e-02;1.2500000e+01;7.0812836e-02;1.2500000e+01;8.7012351e-02;1.2500000e+01;1.0372602e-01;1.2500000e+01;1.2048702e-01;1.2500000e+01;1.3427277e-01;1.2500000e+01;1.4743626e-01;1.2500000e+01;1.7515989e-01;1.2500000e+01;2.0717597e-01;1.2500000e+01;2.3312742e-01;1.2500000e+01;2.4022841e-01;1.2500000e+01;2.3781553e-01;1.2500000e+01;2.2753364e-01;1.2500000e+01;2.1007395e-01;1.2500000e+01;1.8517906e-02;1.2500000e+01;2.4673142e-02;1.2500000e+01;3.3209059e-02;1.2500000e+01;4.4062763e-02;1.2500000e+01;5.6624111e-02;1.2500000e+01;7.0812836e-02;1.2500000e+01;8.7012351e-02;1.2500000e+01;1.0372602e-01;1.2500000e+01;1.2048702e-01;1.2500000e+01;1.3427277e-01;1.2500000e+01;1.4743626e-01;1.2500000e+01;1.7515989e-01;1.2500000e+01;2.0717597e-01;1.2500000e+01;2.3312742e-01;1.2500000e+01;2.4022841e-01;1.2500000e+01;2.3781553e-01;1.2500000e+01;2.2753364e-01;1.2500000e+01;2.1007395e-01;1.2500000e+01;1.8517906e-02;1.2500000e+01;2.4673142e-02;1.2500000e+01;3.3209059e-02;1.2500000e+01;4.4062763e-02;1.2500000e+01;5.6624111e-02;1.2500000e+01;7.0812836e-02;1.2500000e+01;8.7012351e-02;1.2500000e+01;1.0372602e-01;1.2500000e+01;1.2048702e-01;1.2500000e+01;1.3427277e-01;1.2500000e+01;1.4743626e-01;1.2500000e+01;1.7515989e-01;1.2500000e+01;2.0717597e-01;1.2500000e+01;2.3312742e-01;1.2500000e+01;2.4022841e-01;1.2500000e+01;2.3781553e-01;1.2500000e+01;2.2753364e-01;1.2500000e+01;2.1007395e-01;1.2500000e+01;1.8517906e-02;1.2500000e+01;2.4673142e-02;1.2500000e+01;3.3209059e-02;1.2500000e+01;4.4062763e-02;1.2500000e+01;5.6624111e-02;1.2500000e+01;7.0812836e-02;1.2500000e+01;8.7012351e-02;1.2500000e+01;1.0372602e-01;1.2500000e+01;1.2048702e-01;1.2500000e+01;1.3427277e-01;1.2500000e+01;1.4743626e-01;1.2500000e+01;1.7515989e-01;1.2500000e+01;2.0717597e-01;1.2500000e+01;2.3312742e-01;1.2500000e+01;2.4022841e-01;1.2500000e+01;2.3781553e-01;1.2500000e+01;2.2753364e-01;1.2500000e+01;2.1007395e-01;1.2500000e+01;1.8517906e-02;1.2500000e+01;2.4673142e-02;1.2500000e+01;3.3209059e-02;1.2500000e+01;4.4062763e-02;1.2500000e+01;5.6624111e-02;1.2500000e+01;7.0812836e-02;1.2500000e+01;8.7012351e-02;1.2500000e+01;1.0372602e-01;1.2500000e+01;1.2048702e-01;1.2500000e+01;1.3427277e-01;1.2500000e+01;1.4743626e-01;1.2500000e+01;1.7515989e-01;1.2500000e+01;2.0717597e-01;1.2500000e+01;2.3312742e-01;1.2500000e+01;2.4022841e-01;1.2500000e+01;2.3781553e-01;1.2500000e+01;2.2753364e-01;1.2500000e+01;2.1007395e-01;1.2500000e+01;1.8517906e-02;1.2500000e+01;2.4673142e-02;1.2500000e+01;3.3209059e-02;1.2500000e+01;4.4062763e-02;1.2500000e+01;5.6624111e-02;1.2500000e+01;7.0812836e-02;1.2500000e+01;8.7012351e-02;1.2500000e+01;1.0372602e-01;1.2500000e+01;1.2048702e-01;1.2500000e+01;1.3427277e-01;1.2500000e+01;1.4743626e-01;1.2500000e+01;1.7515989e-01;1.2500000e+01;2.0717597e-01;1.2500000e+01;2.3312742e-01;1.2500000e+01;2.4022841e-01;1.2500000e+01;2.3781553e-01;1.2500000e+01;2.2753364e-01;1.2500000e+01;2.1007395e-01;1.2500000e+01;1.8517906e-02;1.2500000e+01;2.4673142e-02;1.2500000e+01;3.3209059e-02;1.2500000e+01;4.4062763e-02;1.2500000e+01;5.6624111e-02;1.2500000e+01;7.0812836e-02;1.2500000e+01;8.7012351e-02;1.2500000e+01;1.0372602e-01;1.2500000e+01;1.2048702e-01;1.2500000e+01;1.3427277e-01;1.2500000e+01;1.4743626e-01;1.2500000e+01;1.7515989e-01;1.2500000e+01;2.0717597e-01;1.2500000e+01;2.3312742e-01;1.2500000e+01;2.4022841e-01;1.2500000e+01;2.3781553e-01;1.2500000e+01;2.2753364e-01;1.2500000e+01;2.1007395e-01;1.2500000e+01;1.8517906e-02;1.2500000e+01;2.4673142e-02;1.2500000e+01;3.3209059e-02;1.2500000e+01;4.4062763e-02;1.2500000e+01;5.6624111e-02;1.2500000e+01;7.0812836e-02;1.2500000e+01;8.7012351e-02;1.2500000e+01;1.0372602e-01;1.2500000e+01;1.2048702e-01;1.2500000e+01;1.3427277e-01;1.2500000e+01;1.4743626e-01;1.2500000e+01;1.7515989e-01;1.2500000e+01;2.0717597e-01;1.2500000e+01;2.3312742e-01;1.2500000e+01;2.4022841e-01;1.2500000e+01;2.3781553e-01;1.2500000e+01;2.2753364e-01;1.2500000e+01;2.1007395e-01;1.2500000e+01;1.8517906e-02;1.2500000e+01;2.4673142e-02;1.2500000e+01;3.3209059e-02;1.2500000e+01;4.4062763e-02;1.2500000e+01;5.6624111e-02;1.2500000e+01;7.0812836e-02;1.2500000e+01;8.7012351e-02;1.2500000e+01;1.0372602e-01;1.2500000e+01;1.2048702e-01;1.2500000e+01;1.3427277e-01;1.2500000e+01;1.4743626e-01;1.2500000e+01;1.7515989e-01;1.2500000e+01;2.0717597e-01;1.2500000e+01;2.3312742e-01;1.2500000e+01;2.4022841e-01;1.2500000e+01;2.3781553e-01;1.2500000e+01;2.2753364e-01;1.2500000e+01;2.1007395e-01;1.2500000e+01;1.8517906e-02;1.2500000e+01;2.4673142e-02;1.2500000e+01;3.3209059e-02;1.2500000e+01;4.4062763e-02;1.2500000e+01;5.6624111e-02;1.2500000e+01;7.0812836e-02;1.2500000e+01;8.7012351e-02;1.2500000e+01;1.0372602e-01;1.2500000e+01;1.2048702e-01;1.2500000e+01;1.3427277e-01;1.2500000e+01;1.4743626e-01;1.2500000e+01;1.7515989e-01;1.2500000e+01;2.0717597e-01;1.2500000e+01;2.3312742e-01;1.2500000e+01;2.4022841e-01;1.2500000e+01;2.3781553e-01;1.2500000e+01;2.2753364e-01;1.2500000e+01;2.1007395e-01;1.2500000e+01;1.8517906e-02;1.2500000e+01;2.4673142e-02;1.2500000e+01;3.3209059e-02;1.2500000e+01;4.4062763e-02;1.2500000e+01;5.6624111e-02;1.2500000e+01;7.0812836e-02;1.2500000e+01;8.7012351e-02;1.2500000e+01;1.0372602e-01;1.2500000e+01;1.2048702e-01;1.2500000e+01;1.3427277e-01;1.2500000e+01;1.4743626e-01;1.2500000e+01;1.7515989e-01;1.2500000e+01;2.0717597e-01;1.2500000e+01;2.3312742e-01;1.2500000e+01;2.4022841e-01;1.2500000e+01;2.3781553e-01;1.2500000e+01;2.2753364e-01;1.2500000e+01;2.1007395e-01;1.2500000e+01;1.8517906e-02;1.2500000e+01;2.4673142e-02;1.2500000e+01;3.3209059e-02;1.2500000e+01;4.4062763e-02;1.2500000e+01;5.6624111e-02;1.2500000e+01;7.0812836e-02;1.2500000e+01;8.7012351e-02;1.2500000e+01;1.0372602e-01;1.2500000e+01;1.2048702e-01;1.2500000e+01;1.3427277e-01;1.2500000e+01;1.4743626e-01;1.2500000e+01;1.7515989e-01;1.2500000e+01;2.0717597e-01;1.2500000e+01;2.3312742e-01;1.2500000e+01;2.4022841e-01;1.2500000e+01;2.3781553e-01;1.2500000e+01;2.2753364e-01;1.2500000e+01;2.1007395e-01;1.2500000e+01;1.8517906e-02;1.2500000e+01;2.4673142e-02;1.2500000e+01;3.3209059e-02;1.2500000e+01;4.4062763e-02;1.2500000e+01;5.6624111e-02;1.2500000e+01;7.0812836e-02;1.2500000e+01;8.7012351e-02;1.2500000e+01;1.0372602e-01;1.2500000e+01;1.2048702e-01;1.2500000e+01;1.3427277e-01;1.2500000e+01;1.4743626e-01;1.2500000e+01;1.7515989e-01;1.2500000e+01;2.0717597e-01;1.2500000e+01;2.3312742e-01;1.2500000e+01;2.4022841e-01;1.2500000e+01;2.3781553e-01;1.2500000e+01;2.2753364e-01;1.2500000e+01;2.1007395e-01;1.2500000e+01;1.8517906e-02;1.2500000e+01;2.4673142e-02;1.2500000e+01;3.3209059e-02;1.2500000e+01;4.4062763e-02;1.2500000e+01;5.6624111e-02;1.2500000e+01;7.0812836e-02;1.2500000e+01;8.7012351e-02;1.2500000e+01;1.0372602e-01;1.2500000e+01;1.2048702e-01;1.2500000e+01;1.3427277e-01;1.2500000e+01;1.4743626e-01;1.2500000e+01;1.7515989e-01;1.2500000e+01;2.0717597e-01;1.2500000e+01;2.3312742e-01;1.2500000e+01;2.4022841e-01;1.2500000e+01;2.3781553e-01;1.2500000e+01;2.2753364e-01;1.2500000e+01;2.1007395e-01;1.2500000e+01;1.8517906e-02;1.2500000e+01;2.4673142e-02;1.2500000e+01;3.3209059e-02;1.2500000e+01;4.4062763e-02;1.2500000e+01;5.6624111e-02;1.2500000e+01;7.0812836e-02;1.2500000e+01;8.7012351e-02;1.2500000e+01;1.0372602e-01;1.2500000e+01;1.2048702e-01;1.2500000e+01;1.3427277e-01;1.2500000e+01;1.4743626e-01;1.2500000e+01;1.7515989e-01;1.2500000e+01;2.0717597e-01;1.2500000e+01;2.3312742e-01;1.2500000e+01;2.4022841e-01;1.2500000e+01;2.3781553e-01;1.2500000e+01;2.2753364e-01;1.2500000e+01;2.1007395e-01;1.2500000e+01;1.8517906e-02;1.2500000e+01;2.4673142e-02;1.2500000e+01;3.3209059e-02;1.2500000e+01;4.4062763e-02;1.2500000e+01;5.6624111e-02;1.2500000e+01;7.0812836e-02;1.2500000e+01;8.7012351e-02;1.2500000e+01;1.0372602e-01;1.2500000e+01;1.2048702e-01;1.2500000e+01;1.3427277e-01;1.2500000e+01;1.4743626e-01;1.2500000e+01;1.7515989e-01;1.2500000e+01;2.0717597e-01;1.2500000e+01;2.3312742e-01;1.2500000e+01;2.4022841e-01;1.2500000e+01;2.3781553e-01;1.2500000e+01;2.2753364e-01;1.2500000e+01;2.1007395e-01;1.2500000e+01;1.8517906e-02;1.2500000e+01;2.4673142e-02;1.2500000e+01;3.3209059e-02;1.2500000e+01;4.4062763e-02;1.2500000e+01;5.6624111e-02;1.2500000e+01;7.0812836e-02;1.2500000e+01;8.7012351e-02;1.2500000e+01;1.0372602e-01;1.2500000e+01;1.2048702e-01;1.2500000e+01;1.3427277e-01;1.2500000e+01;1.4743626e-01;1.2500000e+01;1.7515989e-01;1.2500000e+01;2.0717597e-01;1.2500000e+01;2.3312742e-01;1.2500000e+01;2.4022841e-01;1.2500000e+01;2.3781553e-01;1.2500000e+01;2.2753364e-01;1.2500000e+01;2.1007395e-01;1.2500000e+01;1.8517906e-02;1.2500000e+01;2.4673142e-02;1.2500000e+01;3.3209059e-02;1.2500000e+01;4.4062763e-02;1.2500000e+01;5.6624111e-02;1.2500000e+01;7.0812836e-02;1.2500000e+01;8.7012351e-02;1.2500000e+01;1.0372602e-01;1.2500000e+01;1.2048702e-01;1.2500000e+01;1.3427277e-01;1.2500000e+01;1.4743626e-01;1.2500000e+01;1.7515989e-01;1.2500000e+01;2.0717597e-01;1.2500000e+01;2.3312742e-01;1.2500000e+01;2.4022841e-01;1.2500000e+01;2.3781553e-01;1.2500000e+01;2.2753364e-01;1.2500000e+01;2.1007395e-01;1.2500000e+01;1.8517906e-02;1.2500000e+01;2.4673142e-02;1.2500000e+01;3.3209059e-02;1.2500000e+01;4.4062763e-02;1.2500000e+01;5.6624111e-02;1.2500000e+01;7.0812836e-02;1.2500000e+01;8.7012351e-02;1.2500000e+01;1.0372602e-01;1.2500000e+01;1.2048702e-01;1.2500000e+01;1.3427277e-01;1.2500000e+01;1.4743626e-01;1.2500000e+01;1.7515989e-01;1.2500000e+01;2.0717597e-01;1.2500000e+01;2.3312742e-01;1.2500000e+01;2.4022841e-01;1.2500000e+01;2.3781553e-01;1.2500000e+01;2.2753364e-01;1.2500000e+01;2.1007395e-01;1.2500000e+01;1.8517906e-02;1.2500000e+01;2.4673142e-02;1.2500000e+01;3.3209059e-02;1.2500000e+01;4.4062763e-02;1.2500000e+01;5.6624111e-02;1.2500000e+01;7.0812836e-02;1.2500000e+01;8.7012351e-02;1.2500000e+01;1.0372602e-01;1.2500000e+01;1.2048702e-01;1.2500000e+01;1.3427277e-01;1.2500000e+01;1.4743626e-01;1.2500000e+01;1.7515989e-01;1.2500000e+01;2.0717597e-01;1.2500000e+01;2.3312742e-01;1.2500000e+01;2.4022841e-01;1.2500000e+01;2.3781553e-01;1.2500000e+01;2.2753364e-01;1.2500000e+01;2.1007395e-01;1.2500000e+01;1.8517906e-02;1.2500000e+01;2.4673142e-02;1.2500000e+01;3.3209059e-02;1.2500000e+01;4.4062763e-02;1.2500000e+01;5.6624111e-02;1.2500000e+01;7.0812836e-02;1.2500000e+01;8.7012351e-02;1.2500000e+01;1.0372602e-01;1.2500000e+01;1.2048702e-01;1.2500000e+01;1.3427277e-01;1.2500000e+01;1.4743626e-01;1.2500000e+01;1.7515989e-01;1.2500000e+01;2.0717597e-01;1.2500000e+01;2.3312742e-01;1.2500000e+01;2.4022841e-01;1.2500000e+01;2.3781553e-01;1.2500000e+01;2.2753364e-01;1.2500000e+01;2.1007395e-01;1.2500000e+01;1.8517906e-02;1.2500000e+01;2.4673142e-02;1.2500000e+01;3.3209059e-02;1.2500000e+01;4.4062763e-02;1.2500000e+01;5.6624111e-02;1.2500000e+01;7.0812836e-02;1.2500000e+01;8.7012351e-02;1.2500000e+01;1.0372602e-01;1.2500000e+01;1.2048702e-01;1.2500000e+01;1.3427277e-01;1.2500000e+01;1.4743626e-01;1.2500000e+01;1.7515989e-01;1.2500000e+01;2.0717597e-01;1.2500000e+01;2.3312742e-01;1.2500000e+01;2.4022841e-01;1.2500000e+01;2.3781553e-01;1.2500000e+01;2.2753364e-01;1.2500000e+01;2.1007395e-01;1.2500000e+01;1.8517906e-02;1.2500000e+01;2.4673142e-02;1.2500000e+01;3.3209059e-02;1.2500000e+01;4.4062763e-02;1.2500000e+01;5.6624111e-02;1.2500000e+01;7.0812836e-02;1.2500000e+01;8.7012351e-02;1.2500000e+01;1.0372602e-01;1.2500000e+01;1.2048702e-01;1.2500000e+01;1.3427277e-01;1.2500000e+01;1.4743626e-01;1.2500000e+01;1.7515989e-01;1.2500000e+01;2.0717597e-01;1.2500000e+01;2.3312742e-01;1.2500000e+01;2.4022841e-01;1.2500000e+01;2.3781553e-01;1.2500000e+01;2.2753364e-01;1.2500000e+01;2.1007395e-01;1.2500000e+01;1.8517906e-02;1.2500000e+01;2.4673142e-02;1.2500000e+01;3.3209059e-02;1.2500000e+01;4.4062763e-02;1.2500000e+01;5.6624111e-02;1.2500000e+01;7.0812836e-02;1.2500000e+01;8.7012351e-02;1.2500000e+01;1.0372602e-01;1.2500000e+01;1.2048702e-01;1.2500000e+01;1.3427277e-01;1.2500000e+01;1.4743626e-01;1.2500000e+01;1.7515989e-01;1.2500000e+01;2.0717597e-01;1.2500000e+01;2.3312742e-01;1.2500000e+01;2.4022841e-01;1.2500000e+01;2.3781553e-01;1.2500000e+01;2.2753364e-01;1.2500000e+01;2.1007395e-01;1.2500000e+01;1.8517906e-02;1.2500000e+01;2.4673142e-02;1.2500000e+01;3.3209059e-02;1.2500000e+01;4.4062763e-02;1.2500000e+01;5.6624111e-02;1.2500000e+01;7.0812836e-02;1.2500000e+01;8.7012351e-02;1.2500000e+01;1.0372602e-01;1.2500000e+01;1.2048702e-01;1.2500000e+01;1.3427277e-01;1.2500000e+01;1.4743626e-01;1.2500000e+01;1.7515989e-01;1.2500000e+01;2.0717597e-01;1.2500000e+01;2.3312742e-01;1.2500000e+01;2.4022841e-01;1.2500000e+01;2.3781553e-01;1.2500000e+01;2.2753364e-01;1.2500000e+01;2.1007395e-01;1.2500000e+01;1.8517906e-02;1.2500000e+01;2.4673142e-02;1.2500000e+01;3.3209059e-02;1.2500000e+01;4.4062763e-02;1.2500000e+01;5.6624111e-02;1.2500000e+01;7.0812836e-02;1.2500000e+01;8.7012351e-02;1.2500000e+01;1.0372602e-01;1.2500000e+01;1.2048702e-01;1.2500000e+01;1.3427277e-01;1.2500000e+01;1.4743626e-01;1.2500000e+01;1.7515989e-01;1.2500000e+01;2.0717597e-01;1.2500000e+01;2.3312742e-01;1.2500000e+01;2.4022841e-01;1.2500000e+01;2.3781553e-01;1.2500000e+01;2.2753364e-01;1.2500000e+01;2.1007395e-01;1.2500000e+01;1.8517906e-02;1.2500000e+01;2.4673142e-02;1.2500000e+01;3.3209059e-02;1.2500000e+01;4.4062763e-02;1.2500000e+01;5.6624111e-02;1.2500000e+01;7.0812836e-02;1.2500000e+01;8.7012351e-02;1.2500000e+01;1.0372602e-01;1.2500000e+01;1.2048702e-01;1.2500000e+01;1.3427277e-01;1.2500000e+01;1.4743626e-01;1.2500000e+01;1.7515989e-01;1.2500000e+01;2.0717597e-01;1.2500000e+01;2.3312742e-01;1.2500000e+01;2.4022841e-01;1.2500000e+01;2.3781553e-01;1.2500000e+01;2.2753364e-01;1.2500000e+01;2.1007395e-01;1.2500000e+01;1.8517906e-02;1.2500000e+01;2.4673142e-02;1.2500000e+01;3.3209059e-02;1.2500000e+01;4.4062763e-02;1.2500000e+01;5.6624111e-02;1.2500000e+01;7.0812836e-02;1.2500000e+01;8.7012351e-02;1.2500000e+01;1.0372602e-01;1.2500000e+01;1.2048702e-01;1.2500000e+01;1.3427277e-01;1.2500000e+01;1.4743626e-01;1.2500000e+01;1.7515989e-01;1.2500000e+01;2.0717597e-01;1.2500000e+01;2.3312742e-01;1.2500000e+01;2.4022841e-01;1.2500000e+01;2.3781553e-01;1.2500000e+01;2.2753364e-01;1.2500000e+01;2.1007395e-01;1.2500000e+01;1.8517906e-02;1.2500000e+01;2.4673142e-02;1.2500000e+01;3.3209059e-02;1.2500000e+01;4.4062763e-02;1.2500000e+01;5.6624111e-02;1.2500000e+01;7.0812836e-02;1.2500000e+01;8.7012351e-02;1.2500000e+01;1.0372602e-01;1.2500000e+01;1.2048702e-01;1.2500000e+01;1.3427277e-01;1.2500000e+01;1.4743626e-01;1.2500000e+01;1.7515989e-01;1.2500000e+01;2.0717597e-01;1.2500000e+01;2.3312742e-01;1.2500000e+01;2.4022841e-01;1.2500000e+01;2.3781553e-01;1.2500000e+01;2.2753364e-01;1.2500000e+01;2.1007395e-01;1.2500000e+01;1.8517906e-02;1.2500000e+01;2.4673142e-02;1.2500000e+01;3.3209059e-02;1.2500000e+01;4.4062763e-02;1.2500000e+01;5.6624111e-02;1.2500000e+01;7.0812836e-02;1.2500000e+01;8.7012351e-02;1.2500000e+01;1.0372602e-01;1.2500000e+01;1.2048702e-01;1.2500000e+01;1.3427277e-01;1.2500000e+01;1.4743626e-01;1.2500000e+01;1.7515989e-01;1.2500000e+01;2.0717597e-01;1.2500000e+01;2.3312742e-01;1.2500000e+01;2.4022841e-01;1.2500000e+01;2.3781553e-01;1.2500000e+01;2.2753364e-01;1.2500000e+01;2.1007395e-01;1.2500000e+01;1.8517906e-02;1.2500000e+01;2.4673142e-02;1.2500000e+01;3.3209059e-02;1.2500000e+01;4.4062763e-02;1.2500000e+01;5.6624111e-02;1.2500000e+01;7.0812836e-02;1.2500000e+01;8.7012351e-02;1.2500000e+01;1.0372602e-01;1.2500000e+01;1.2048702e-01;1.2500000e+01;1.3427277e-01;1.2500000e+01;1.4743626e-01;1.2500000e+01;1.7515989e-01;1.2500000e+01;2.0717597e-01;1.2500000e+01;2.3312742e-01;1.2500000e+01;2.4022841e-01;1.2500000e+01;2.3781553e-01;1.2500000e+01;2.2753364e-01;1.2500000e+01;2.1007395e-01;1.2500000e+01;1.8517906e-02;1.2500000e+01;2.4673142e-02;1.2500000e+01;3.3209059e-02;1.2500000e+01;4.4062763e-02;1.2500000e+01;5.6624111e-02;1.2500000e+01;7.0812836e-02;1.2500000e+01;8.7012351e-02;1.2500000e+01;1.0372602e-01;1.2500000e+01;1.2048702e-01;1.2500000e+01;1.3427277e-01;1.2500000e+01;1.4743626e-01;1.2500000e+01;1.7515989e-01;1.2500000e+01;2.0717597e-01;1.2500000e+01;2.3312742e-01;1.2500000e+01;2.4022841e-01;1.2500000e+01;2.3781553e-01;1.2500000e+01;2.2753364e-01;1.2500000e+01;2.1007395e-01;1.2500000e+01;1.8517906e-02;1.2500000e+01;2.4673142e-02;1.2500000e+01;3.3209059e-02;1.2500000e+01;4.4062763e-02;1.2500000e+01;5.6624111e-02;1.2500000e+01;7.0812836e-02;1.2500000e+01;8.7012351e-02;1.2500000e+01;1.0372602e-01;1.2500000e+01;1.2048702e-01;1.2500000e+01;1.3427277e-01;1.2500000e+01;1.4743626e-01;1.2500000e+01;1.7515989e-01;1.2500000e+01;2.0717597e-01;1.2500000e+01;2.3312742e-01;1.2500000e+01;2.4022841e-01;1.2500000e+01;2.3781553e-01;1.2500000e+01;2.2753364e-01;1.2500000e+01;2.1007395e-01;1.2500000e+01;1.8517906e-02;1.2500000e+01;2.4673142e-02;1.2500000e+01;3.3209059e-02;1.2500000e+01;4.4062763e-02;1.2500000e+01;5.6624111e-02;1.2500000e+01;7.0812836e-02;1.2500000e+01;8.7012351e-02;1.2500000e+01;1.0372602e-01;1.2500000e+01;1.2048702e-01;1.2500000e+01;1.3427277e-01;1.2500000e+01;1.4743626e-01;1.2500000e+01;1.7515989e-01;1.2500000e+01;2.0717597e-01;1.2500000e+01;2.3312742e-01;1.2500000e+01;2.4022841e-01;1.2500000e+01;2.3781553e-01;1.2500000e+01;2.2753364e-01;1.2500000e+01;2.1007395e-01;1.2500000e+01;1.8517906e-02;1.2500000e+01;2.4673142e-02;1.2500000e+01;3.3209059e-02;1.2500000e+01;4.4062763e-02;1.2500000e+01;5.6624111e-02;1.2500000e+01;7.0812836e-02;1.2500000e+01;8.7012351e-02;1.2500000e+01;1.0372602e-01;1.2500000e+01;1.2048702e-01;1.2500000e+01;1.3427277e-01;1.2500000e+01;1.4743626e-01;1.2500000e+01;1.7515989e-01;1.2500000e+01;2.0717597e-01;1.2500000e+01;2.3312742e-01;1.2500000e+01;2.4022841e-01;1.2500000e+01;2.3781553e-01;1.2500000e+01;2.2753364e-01;1.2500000e+01;2.1007395e-01;1.2500000e+01;1.8517906e-02;1.2500000e+01;2.4673142e-02;1.2500000e+01;3.3209059e-02;1.2500000e+01;4.4062763e-02;1.2500000e+01;5.6624111e-02;1.2500000e+01;7.0812836e-02;1.2500000e+01;8.7012351e-02;1.2500000e+01;1.0372602e-01;1.2500000e+01;1.2048702e-01;1.2500000e+01;1.3427277e-01;1.2500000e+01;1.4743626e-01;1.2500000e+01;1.7515989e-01;1.2500000e+01;2.0717597e-01;1.2500000e+01;2.3312742e-01;1.2500000e+01;2.4022841e-01;1.2500000e+01;2.3781553e-01;1.2500000e+01;2.2753364e-01;1.2500000e+01;2.1007395e-01;1.2500000e+01;1.8517906e-02;1.2500000e+01;2.4673142e-02;1.2500000e+01;3.3209059e-02;1.2500000e+01;4.4062763e-02;1.2500000e+01;5.6624111e-02;1.2500000e+01;7.0812836e-02;1.2500000e+01;8.7012351e-02;1.2500000e+01;1.0372602e-01;1.2500000e+01;1.2048702e-01;1.2500000e+01;1.3427277e-01;1.2500000e+01;1.4743626e-01;1.2500000e+01;1.7515989e-01;1.2500000e+01;2.0717597e-01;1.2500000e+01;2.3312742e-01;1.2500000e+01;2.4022841e-01;1.2500000e+01;2.3781553e-01;1.2500000e+01;2.2753364e-01;1.2500000e+01;2.1007395e-01;1.2500000e+01;1.8517906e-02;1.2500000e+01;2.4673142e-02;1.2500000e+01;3.3209059e-02;1.2500000e+01;4.4062763e-02;1.2500000e+01;5.6624111e-02;1.2500000e+01;7.0812836e-02;1.2500000e+01;8.7012351e-02;1.2500000e+01;1.0372602e-01;1.2500000e+01;1.2048702e-01;1.2500000e+01;1.3427277e-01;1.2500000e+01;1.4743626e-01;1.2500000e+01;1.7515989e-01;1.2500000e+01;2.0717597e-01;1.2500000e+01;2.3312742e-01;1.2500000e+01;2.4022841e-01;1.2500000e+01;2.3781553e-01;1.2500000e+01;2.2753364e-01;1.2500000e+01;2.1007395e-01;1.2500000e+01;1.8517906e-02;1.2500000e+01;2.4673142e-02;1.2500000e+01;3.3209059e-02;1.2500000e+01;4.4062763e-02;1.2500000e+01;5.6624111e-02;1.2500000e+01;7.0812836e-02;1.2500000e+01;8.7012351e-02;1.2500000e+01;1.0372602e-01;1.2500000e+01;1.2048702e-01;1.2500000e+01;1.3427277e-01;1.2500000e+01;1.4743626e-01;1.2500000e+01;1.7515989e-01;1.2500000e+01;2.0717597e-01;1.2500000e+01;2.3312742e-01;1.2500000e+01;2.4022841e-01;1.2500000e+01;2.3781553e-01;1.2500000e+01;2.2753364e-01;1.2500000e+01;2.1007395e-01;1.2500000e+01;1.8517906e-02;1.2500000e+01;2.4673142e-02;1.2500000e+01;3.3209059e-02;1.2500000e+01;4.4062763e-02;1.2500000e+01;5.6624111e-02;1.2500000e+01;7.0812836e-02;1.2500000e+01;8.7012351e-02;1.2500000e+01;1.0372602e-01;1.2500000e+01;1.2048702e-01;1.2500000e+01;1.3427277e-01;1.2500000e+01;1.4743626e-01;1.2500000e+01;1.7515989e-01;1.2500000e+01;2.0717597e-01;1.2500000e+01;2.3312742e-01;1.2500000e+01;2.4022841e-01;1.2500000e+01;2.3781553e-01;1.2500000e+01;2.2753364e-01;1.2500000e+01;2.1007395e-01;1.2500000e+01;1.8517906e-02;1.2500000e+01;2.4673142e-02;1.2500000e+01;3.3209059e-02;1.2500000e+01;4.4062763e-02;1.2500000e+01;5.6624111e-02;1.2500000e+01;7.0812836e-02;1.2500000e+01;8.7012351e-02;1.2500000e+01;1.0372602e-01;1.2500000e+01;1.2048702e-01;1.2500000e+01;1.3427277e-01;1.2500000e+01;1.4743626e-01;1.2500000e+01;1.7515989e-01;1.2500000e+01;2.0717597e-01;1.2500000e+01;2.3312742e-01;1.2500000e+01;2.4022841e-01;1.2500000e+01;2.3781553e-01;1.2500000e+01;2.2753364e-01;1.2500000e+01;2.1007395e-01;1.2500000e+01;1.8517906e-02;1.2500000e+01;2.4673142e-02;1.2500000e+01;3.3209059e-02;1.2500000e+01;4.4062763e-02;1.2500000e+01;5.6624111e-02;1.2500000e+01;7.0812836e-02;1.2500000e+01;8.7012351e-02;1.2500000e+01;1.0372602e-01;1.2500000e+01;1.2048702e-01;1.2500000e+01;1.3427277e-01;1.2500000e+01;1.4743626e-01;1.2500000e+01;1.7515989e-01;1.2500000e+01;2.0717597e-01;1.2500000e+01;2.3312742e-01;1.2500000e+01;2.4022841e-01;1.2500000e+01;2.3781553e-01;1.2500000e+01;2.2753364e-01;1.2500000e+01;2.1007395e-01;1.2500000e+01;1.8517906e-02;1.2500000e+01;2.4673142e-02;1.2500000e+01;3.3209059e-02;1.2500000e+01;4.4062763e-02;1.2500000e+01;5.6624111e-02;1.2500000e+01;7.0812836e-02;1.2500000e+01;8.7012351e-02;1.2500000e+01;1.0372602e-01;1.2500000e+01;1.2048702e-01;1.2500000e+01;1.3427277e-01;1.2500000e+01;1.4743626e-01;1.2500000e+01;1.7515989e-01;1.2500000e+01;2.0717597e-01;1.2500000e+01;2.3312742e-01;1.2500000e+01;2.4022841e-01;1.2500000e+01;2.3781553e-01;1.2500000e+01;2.2753364e-01;1.2500000e+01;2.1007395e-01;1.2500000e+01;1.8517906e-02;1.2500000e+01;2.4673142e-02;1.2500000e+01;3.3209059e-02;1.2500000e+01;4.4062763e-02;1.2500000e+01;5.6624111e-02;1.2500000e+01;7.0812836e-02;1.2500000e+01;8.7012351e-02;1.2500000e+01;1.0372602e-01;1.2500000e+01;1.2048702e-01;1.2500000e+01;1.3427277e-01;1.2500000e+01;1.4743626e-01;1.2500000e+01;1.7515989e-01;1.2500000e+01;2.0717597e-01;1.2500000e+01;2.3312742e-01;1.2500000e+01;2.4022841e-01;1.2500000e+01;2.3781553e-01;1.2500000e+01;2.2753364e-01;1.2500000e+01;2.1007395e-01;1.2500000e+01;1.8517906e-02;1.2500000e+01;2.4673142e-02;1.2500000e+01;3.3209059e-02;1.2500000e+01;4.4062763e-02;1.2500000e+01;5.6624111e-02;1.2500000e+01;7.0812836e-02;1.2500000e+01;8.7012351e-02;1.2500000e+01;1.0372602e-01;1.2500000e+01;1.2048702e-01;1.2500000e+01;1.3427277e-01;1.2500000e+01;1.4743626e-01;1.2500000e+01;1.7515989e-01;1.2500000e+01;2.0717597e-01;1.2500000e+01;2.3312742e-01;1.2500000e+01;2.4022841e-01;1.2500000e+01;2.3781553e-01;1.2500000e+01;2.2753364e-01;1.2500000e+01;2.1007395e-01;1.2500000e+01;1.8517906e-02;1.2500000e+01;2.4673142e-02;1.2500000e+01;3.3209059e-02;1.2500000e+01;4.4062763e-02;1.2500000e+01;5.6624111e-02;1.2500000e+01;7.0812836e-02;1.2500000e+01;8.7012351e-02;1.2500000e+01;1.0372602e-01;1.2500000e+01;1.2048702e-01;1.2500000e+01;1.3427277e-01;1.2500000e+01;1.4743626e-01;1.2500000e+01;1.7515989e-01;1.2500000e+01;2.0717597e-01;1.2500000e+01;2.3312742e-01;1.2500000e+01;2.4022841e-01;1.2500000e+01;2.3781553e-01;1.2500000e+01;2.2753364e-01;1.2500000e+01;2.1007395e-01;1.2500000e+01;1.8517906e-02;1.2500000e+01;2.4673142e-02;1.2500000e+01;3.3209059e-02;1.2500000e+01;4.4062763e-02;1.2500000e+01;5.6624111e-02;1.2500000e+01;7.0812836e-02;1.2500000e+01;8.7012351e-02;1.2500000e+01;1.0372602e-01;1.2500000e+01;1.2048702e-01;1.2500000e+01;1.3427277e-01;1.2500000e+01;1.4743626e-01;1.2500000e+01;1.7515989e-01;1.2500000e+01;2.0717597e-01;1.2500000e+01;2.3312742e-01;1.2500000e+01;2.4022841e-01;1.2500000e+01;2.3781553e-01;1.2500000e+01;2.2753364e-01;1.2500000e+01;2.1007395e-01;1.2500000e+01;1.8517906e-02;1.2500000e+01;2.4673142e-02;1.2500000e+01;3.3209059e-02;1.2500000e+01;4.4062763e-02;1.2500000e+01;5.6624111e-02;1.2500000e+01;7.0812836e-02;1.2500000e+01;8.7012351e-02;1.2500000e+01;1.0372602e-01;1.2500000e+01;1.2048702e-01;1.2500000e+01;1.3427277e-01;1.2500000e+01;1.4743626e-01;1.2500000e+01;1.7515989e-01;1.2500000e+01;2.0717597e-01;1.2500000e+01;2.3312742e-01;1.2500000e+01;2.4022841e-01;1.2500000e+01;2.3781553e-01;1.2500000e+01;2.2753364e-01;1.2500000e+01;2.1007395e-01;1.2500000e+01;1.8517906e-02;1.2500000e+01;2.4673142e-02;1.2500000e+01;3.3209059e-02;1.2500000e+01;4.4062763e-02;1.2500000e+01;5.6624111e-02;1.2500000e+01;7.0812836e-02;1.2500000e+01;8.7012351e-02;1.2500000e+01;1.0372602e-01;1.2500000e+01;1.2048702e-01;1.2500000e+01;1.3427277e-01;1.2500000e+01;1.4743626e-01;1.2500000e+01;1.7515989e-01;1.2500000e+01;2.0717597e-01;1.2500000e+01;2.3312742e-01;1.2500000e+01;2.4022841e-01;1.2500000e+01;2.3781553e-01;1.2500000e+01;2.2753364e-01;1.2500000e+01;2.1007395e-01;1.2500000e+01;1.8517906e-02;1.2500000e+01;2.4673142e-02;1.2500000e+01;3.3209059e-02;1.2500000e+01;4.4062763e-02;1.2500000e+01;5.6624111e-02;1.2500000e+01;7.0812836e-02;1.2500000e+01;8.7012351e-02;1.2500000e+01;1.0372602e-01;1.2500000e+01;1.2048702e-01;1.2500000e+01;1.3427277e-01;1.2500000e+01;1.4743626e-01;1.2500000e+01;1.7515989e-01;1.2500000e+01;2.0717597e-01;1.2500000e+01;2.3312742e-01;1.2500000e+01;2.4022841e-01;1.2500000e+01;2.3781553e-01;1.2500000e+01;2.2753364e-01;1.2500000e+01;2.1007395e-01
1.7500000e+01;1.9121939e-02;1.7500000e+01;2.7333826e-02;1.7500000e+01;3.7502550e-02;1.7500000e+01;4.9536794e-02;1.7500000e+01;6.3304342e-02;1.7500000e+01;7.8823000e-02;1.7500000e+01;9.5482752e-02;1.7500000e+01;1.1246911e-01;1.7500000e+01;1.3026083e-01;1.7500000e+01;1.4404303e-01;1.7500000e+01;1.5959994e-01;1.7500000e+01;1.8760948e-01;1.7500000e+01;2.1817678e-01;1.7500000e+01;2.3949024e-01;1.7500000e+01;2.4341750e-01;1.7500000e+01;2.3878407e-01;1.7500000e+01;2.2656044e-01;1.7500000e+01;2.0726871e-01;1.7500000e+01;1.9121939e-02;1.7500000e+01;2.7333826e-02;1.7500000e+01;3.7502550e-02;1.7500000e+01;4.9536794e-02;1.7500000e+01;6.3304342e-02;1.7500000e+01;7.8823000e-02;1.7500000e+01;9.5482752e-02;1.7500000e+01;1.1246911e-01;1.7500000e+01;1.3026083e-01;1.7500000e+01;1.4404303e-01;1.7500000e+01;1.5959994e-01;1.7500000e+01;1.8760948e-01;1.7500000e+01;2.1817678e-01;1.7500000e+01;2.3949024e-01;1.7500000e+01;2.4341750e-01;1.7500000e+01;2.3878407e-01;1.7500000e+01;2.2656044e-01;1.7500000e+01;2.0726871e-01;1.7500000e+01;1.9121939e-02;1.7500000e+01;2.7333826e-02;1.7500000e+01;3.7502550e-02;1.7500000e+01;4.9536794e-02;1.7500000e+01;6.3304342e-02;1.7500000e+01;7.8823000e-02;1.7500000e+01;9.5482752e-02;1.7500000e+01;1.1246911e-01;1.7500000e+01;1.3026083e-01;1.7500000e+01;1.4404303e-01;1.7500000e+01;1.5959994e-01;1.7500000e+01;1.8760948e-01;1.7500000e+01;2.1817678e-01;1.7500000e+01;2.3949024e-01;1.7500000e+01;2.4341750e-01;1.7500000e+01;2.3878407e-01;1.7500000e+01;2.2656044e-01;1.7500000e+01;2.0726871e-01;1.7500000e+01;1.9121939e-02;1.7500000e+01;2.7333826e-02;1.7500000e+01;3.7502550e-02;1.7500000e+01;4.9536794e-02;1.7500000e+01;6.3304342e-02;1.7500000e+01;7.8823000e-02;1.7500000e+01;9.5482752e-02;1.7500000e+01;1.1246911e-01;1.7500000e+01;1.3026083e-01;1.7500000e+01;1.4404303e-01;1.7500000e+01;1.5959994e-01;1.7500000e+01;1.8760948e-01;1.7500000e+01;2.1817678e-01;1.7500000e+01;2.3949024e-01;1.7500000e+01;2.4341750e-01;1.7500000e+01;2.3878407e-01;1.7500000e+01;2.2656044e-01;1.7500000e+01;2.0726871e-01;1.7500000e+01;1.9121939e-02;1.7500000e+01;2.7333826e-02;1.7500000e+01;3.7502550e-02;1.7500000e+01;4.9536794e-02;1.7500000e+01;6.3304342e-02;1.7500000e+01;7.8823000e-02;1.7500000e+01;9.5482752e-02;1.7500000e+01;1.1246911e-01;1.7500000e+01;1.3026083e-01;1.7500000e+01;1.4404303e-01;1.7500000e+01;1.5959994e-01;1.7500000e+01;1.8760948e-01;1.7500000e+01;2.1817678e-01;1.7500000e+01;2.3949024e-01;1.7500000e+01;2.4341750e-01;1.7500000e+01;2.3878407e-01;1.7500000e+01;2.2656044e-01;1.7500000e+01;2.0726871e-01;1.7500000e+01;1.9121939e-02;1.7500000e+01;2.7333826e-02;1.7500000e+01;3.7502550e-02;1.7500000e+01;4.9536794e-02;1.7500000e+01;6.3304342e-02;1.7500000e+01;7.8823000e-02;1.7500000e+01;9.5482752e-02;1.7500000e+01;1.1246911e-01;1.7500000e+01;1.3026083e-01;1.7500000e+01;1.4404303e-01;1.7500000e+01;1.5959994e-01;1.7500000e+01;1.8760948e-01;1.7500000e+01;2.1817678e-01;1.7500000e+01;2.3949024e-01;1.7500000e+01;2.4341750e-01;1.7500000e+01;2.3878407e-01;1.7500000e+01;2.2656044e-01;1.7500000e+01;2.0726871e-01;1.7500000e+01;1.9121939e-02;1.7500000e+01;2.7333826e-02;1.7500000e+01;3.7502550e-02;1.7500000e+01;4.9536794e-02;1.7500000e+01;6.3304342e-02;1.7500000e+01;7.8823000e-02;1.7500000e+01;9.5482752e-02;1.7500000e+01;1.1246911e-01;1.7500000e+01;1.3026083e-01;1.7500000e+01;1.4404303e-01;1.7500000e+01;1.5959994e-01;1.7500000e+01;1.8760948e-01;1.7500000e+01;2.1817678e-01;1.7500000e+01;2.3949024e-01;1.7500000e+01;2.4341750e-01;1.7500000e+01;2.3878407e-01;1.7500000e+01;2.2656044e-01;1.7500000e+01;2.0726871e-01;1.7500000e+01;1.9121939e-02;1.7500000e+01;2.7333826e-02;1.7500000e+01;3.7502550e-02;1.7500000e+01;4.9536794e-02;1.7500000e+01;6.3304342e-02;1.7500000e+01;7.8823000e-02;1.7500000e+01;9.5482752e-02;1.7500000e+01;1.1246911e-01;1.7500000e+01;1.3026083e-01;1.7500000e+01;1.4404303e-01;1.7500000e+01;1.5959994e-01;1.7500000e+01;1.8760948e-01;1.7500000e+01;2.1817678e-01;1.7500000e+01;2.3949024e-01;1.7500000e+01;2.4341750e-01;1.7500000e+01;2.3878407e-01;1.7500000e+01;2.2656044e-01;1.7500000e+01;2.0726871e-01;1.7500000e+01;1.9121939e-02;1.7500000e+01;2.7333826e-02;1.7500000e+01;3.7502550e-02;1.7500000e+01;4.9536794e-02;1.7500000e+01;6.3304342e-02;1.7500000e+01;7.8823000e-02;1.7500000e+01;9.5482752e-02;1.7500000e+01;1.1246911e-01;1.7500000e+01;1.3026083e-01;1.7500000e+01;1.4404303e-01;1.7500000e+01;1.5959994e-01;1.7500000e+01;1.8760948e-01;1.7500000e+01;2.1817678e-01;1.7500000e+01;2.3949024e-01;1.7500000e+01;2.4341750e-01;1.7500000e+01;2.3878407e-01;1.7500000e+01;2.2656044e-01;1.7500000e+01;2.0726871e-01;1.7500000e+01;1.9121939e-02;1.7500000e+01;2.7333826e-02;1.7500000e+01;3.7502550e-02;1.7500000e+01;4.9536794e-02;1.7500000e+01;6.3304342e-02;1.7500000e+01;7.8823000e-02;1.7500000e+01;9.5482752e-02;1.7500000e+01;1.1246911e-01;1.7500000e+01;1.3026083e-01;1.7500000e+01;1.4404303e-01;1.7500000e+01;1.5959994e-01;1.7500000e+01;1.8760948e-01;1.7500000e+01;2.1817678e-01;1.7500000e+01;2.3949024e-01;1.7500000e+01;2.4341750e-01;1.7500000e+01;2.3878407e-01;1.7500000e+01;2.2656044e-01;1.7500000e+01;2.0726871e-01;1.7500000e+01;1.9121939e-02;1.7500000e+01;2.7333826e-02;1.7500000e+01;3.7502550e-02;1.7500000e+01;4.9536794e-02;1.7500000e+01;6.3304342e-02;1.7500000e+01;7.8823000e-02;1.7500000e+01;9.5482752e-02;1.7500000e+01;1.1246911e-01;1.7500000e+01;1.3026083e-01;1.7500000e+01;1.4404303e-01;1.7500000e+01;1.5959994e-01;1.7500000e+01;1.8760948e-01;1.7500000e+01;2.1817678e-01;1.7500000e+01;2.3949024e-01;1.7500000e+01;2.4341750e-01;1.7500000e+01;2.3878407e-01;1.7500000e+01;2.2656044e-01;1.7500000e+01;2.0726871e-01;1.7500000e+01;1.9121939e-02;1.7500000e+01;2.7333826e-02;1.7500000e+01;3.7502550e-02;1.7500000e+01;4.9536794e-02;1.7500000e+01;6.3304342e-02;1.7500000e+01;7.8823000e-02;1.7500000e+01;9.5482752e-02;1.7500000e+01;1.1246911e-01;1.7500000e+01;1.3026083e-01;1.7500000e+01;1.4404303e-01;1.7500000e+01;1.5959994e-01;1.7500000e+01;1.8760948e-01;1.7500000e+01;2.1817678e-01;1.7500000e+01;2.3949024e-01;1.7500000e+01;2.4341750e-01;1.7500000e+01;2.3878407e-01;1.7500000e+01;2.2656044e-01;1.7500000e+01;2.0726871e-01;1.7500000e+01;1.9121939e-02;1.7500000e+01;2.7333826e-02;1.7500000e+01;3.7502550e-02;1.7500000e+01;4.9536794e-02;1.7500000e+01;6.3304342e-02;1.7500000e+01;7.8823000e-02;1.7500000e+01;9.5482752e-02;1.7500000e+01;1.1246911e-01;1.7500000e+01;1.3026083e-01;1.7500000e+01;1.4404303e-01;1.7500000e+01;1.5959994e-01;1.7500000e+01;1.8760948e-01;1.7500000e+01;2.1817678e-01;1.7500000e+01;2.3949024e-01;1.7500000e+01;2.4341750e-01;1.7500000e+01;2.3878407e-01;1.7500000e+01;2.2656044e-01;1.7500000e+01;2.0726871e-01;1.7500000e+01;1.9121939e-02;1.7500000e+01;2.7333826e-02;1.7500000e+01;3.7502550e-02;1.7500000e+01;4.9536794e-02;1.7500000e+01;6.3304342e-02;1.7500000e+01;7.8823000e-02;1.7500000e+01;9.5482752e-02;1.7500000e+01;1.1246911e-01;1.7500000e+01;1.3026083e-01;1.7500000e+01;1.4404303e-01;1.7500000e+01;1.5959994e-01;1.7500000e+01;1.8760948e-01;1.7500000e+01;2.1817678e-01;1.7500000e+01;2.3949024e-01;1.7500000e+01;2.4341750e-01;1.7500000e+01;2.3878407e-01;1.7500000e+01;2.2656044e-01;1.7500000e+01;2.0726871e-01;1.7500000e+01;1.9121939e-02;1.7500000e+01;2.7333826e-02;1.7500000e+01;3.7502550e-02;1.7500000e+01;4.9536794e-02;1.7500000e+01;6.3304342e-02;1.7500000e+01;7.8823000e-02;1.7500000e+01;9.5482752e-02;1.7500000e+01;1.1246911e-01;1.7500000e+01;1.3026083e-01;1.7500000e+01;1.4404303e-01;1.7500000e+01;1.5959994e-01;1.7500000e+01;1.8760948e-01;1.7500000e+01;2.1817678e-01;1.7500000e+01;2.3949024e-01;1.7500000e+01;2.4341750e-01;1.7500000e+01;2.3878407e-01;1.7500000e+01;2.2656044e-01;1.7500000e+01;2.0726871e-01;1.7500000e+01;1.9121939e-02;1.7500000e+01;2.7333826e-02;1.7500000e+01;3.7502550e-02;1.7500000e+01;4.9536794e-02;1.7500000e+01;6.3304342e-02;1.7500000e+01;7.8823000e-02;1.7500000e+01;9.5482752e-02;1.7500000e+01;1.1246911e-01;1.7500000e+01;1.3026083e-01;1.7500000e+01;1.4404303e-01;1.7500000e+01;1.5959994e-01;1.7500000e+01;1.8760948e-01;1.7500000e+01;2.1817678e-01;1.7500000e+01;2.3949024e-01;1.7500000e+01;2.4341750e-01;1.7500000e+01;2.3878407e-01;1.7500000e+01;2.2656044e-01;1.7500000e+01;2.0726871e-01;1.7500000e+01;1.9121939e-02;1.7500000e+01;2.7333826e-02;1.7500000e+01;3.7502550e-02;1.7500000e+01;4.9536794e-02;1.7500000e+01;6.3304342e-02;1.7500000e+01;7.8823000e-02;1.7500000e+01;9.5482752e-02;1.7500000e+01;1.1246911e-01;1.7500000e+01;1.3026083e-01;1.7500000e+01;1.4404303e-01;1.7500000e+01;1.5959994e-01;1.7500000e+01;1.8760948e-01;1.7500000e+01;2.1817678e-01;1.7500000e+01;2.3949024e-01;1.7500000e+01;2.4341750e-01;1.7500000e+01;2.3878407e-01;1.7500000e+01;2.2656044e-01;1.7500000e+01;2.0726871e-01;1.7500000e+01;1.9121939e-02;1.7500000e+01;2.7333826e-02;1.7500000e+01;3.7502550e-02;1.7500000e+01;4.9536794e-02;1.7500000e+01;6.3304342e-02;1.7500000e+01;7.8823000e-02;1.7500000e+01;9.5482752e-02;1.7500000e+01;1.1246911e-01;1.7500000e+01;1.3026083e-01;1.7500000e+01;1.4404303e-01;1.7500000e+01;1.5959994e-01;1.7500000e+01;1.8760948e-01;1.7500000e+01;2.1817678e-01;1.7500000e+01;2.3949024e-01;1.7500000e+01;2.4341750e-01;1.7500000e+01;2.3878407e-01;1.7500000e+01;2.2656044e-01;1.7500000e+01;2.0726871e-01;1.7500000e+01;1.9121939e-02;1.7500000e+01;2.7333826e-02;1.7500000e+01;3.7502550e-02;1.7500000e+01;4.9536794e-02;1.7500000e+01;6.3304342e-02;1.7500000e+01;7.8823000e-02;1.7500000e+01;9.5482752e-02;1.7500000e+01;1.1246911e-01;1.7500000e+01;1.3026083e-01;1.7500000e+01;1.4404303e-01;1.7500000e+01;1.5959994e-01;1.7500000e+01;1.8760948e-01;1.7500000e+01;2.1817678e-01;1.7500000e+01;2.3949024e-01;1.7500000e+01;2.4341750e-01;1.7500000e+01;2.3878407e-01;1.7500000e+01;2.2656044e-01;1.7500000e+01;2.0726871e-01;1.7500000e+01;1.9121939e-02;1.7500000e+01;2.7333826e-02;1.7500000e+01;3.7502550e-02;1.7500000e+01;4.9536794e-02;1.7500000e+01;6.3304342e-02;1.7500000e+01;7.8823000e-02;1.7500000e+01;9.5482752e-02;1.7500000e+01;1.1246911e-01;1.7500000e+01;1.3026083e-01;1.7500000e+01;1.4404303e-01;1.7500000e+01;1.5959994e-01;1.7500000e+01;1.8760948e-01;1.7500000e+01;2.1817678e-01;1.7500000e+01;2.3949024e-01;1.7500000e+01;2.4341750e-01;1.7500000e+01;2.3878407e-01;1.7500000e+01;2.2656044e-01;1.7500000e+01;2.0726871e-01;1.7500000e+01;1.9121939e-02;1.7500000e+01;2.7333826e-02;1.7500000e+01;3.7502550e-02;1.7500000e+01;4.9536794e-02;1.7500000e+01;6.3304342e-02;1.7500000e+01;7.8823000e-02;1.7500000e+01;9.5482752e-02;1.7500000e+01;1.1246911e-01;1.7500000e+01;1.3026083e-01;1.7500000e+01;1.4404303e-01;1.7500000e+01;1.5959994e-01;1.7500000e+01;1.8760948e-01;1.7500000e+01;2.1817678e-01;1.7500000e+01;2.3949024e-01;1.7500000e+01;2.4341750e-01;1.7500000e+01;2.3878407e-01;1.7500000e+01;2.2656044e-01;1.7500000e+01;2.0726871e-01;1.7500000e+01;1.9121939e-02;1.7500000e+01;2.7333826e-02;1.7500000e+01;3.7502550e-02;1.7500000e+01;4.9536794e-02;1.7500000e+01;6.3304342e-02;1.7500000e+01;7.8823000e-02;1.7500000e+01;9.5482752e-02;1.7500000e+01;1.1246911e-01;1.7500000e+01;1.3026083e-01;1.7500000e+01;1.4404303e-01;1.7500000e+01;1.5959994e-01;1.7500000e+01;1.8760948e-01;1.7500000e+01;2.1817678e-01;1.7500000e+01;2.3949024e-01;1.7500000e+01;2.4341750e-01;1.7500000e+01;2.3878407e-01;1.7500000e+01;2.2656044e-01;1.7500000e+01;2.0726871e-01;1.7500000e+01;1.9121939e-02;1.7500000e+01;2.7333826e-02;1.7500000e+01;3.7502550e-02;1.7500000e+01;4.9536794e-02;1.7500000e+01;6.3304342e-02;1.7500000e+01;7.8823000e-02;1.7500000e+01;9.5482752e-02;1.7500000e+01;1.1246911e-01;1.7500000e+01;1.3026083e-01;1.7500000e+01;1.4404303e-01;1.7500000e+01;1.5959994e-01;1.7500000e+01;1.8760948e-01;1.7500000e+01;2.1817678e-01;1.7500000e+01;2.3949024e-01;1.7500000e+01;2.4341750e-01;1.7500000e+01;2.3878407e-01;1.7500000e+01;2.2656044e-01;1.7500000e+01;2.0726871e-01;1.7500000e+01;1.9121939e-02;1.7500000e+01;2.7333826e-02;1.7500000e+01;3.7502550e-02;1.7500000e+01;4.9536794e-02;1.7500000e+01;6.3304342e-02;1.7500000e+01;7.8823000e-02;1.7500000e+01;9.5482752e-02;1.7500000e+01;1.1246911e-01;1.7500000e+01;1.3026083e-01;1.7500000e+01;1.4404303e-01;1.7500000e+01;1.5959994e-01;1.7500000e+01;1.8760948e-01;1.7500000e+01;2.1817678e-01;1.7500000e+01;2.3949024e-01;1.7500000e+01;2.4341750e-01;1.7500000e+01;2.3878407e-01;1.7500000e+01;2.2656044e-01;1.7500000e+01;2.0726871e-01;1.7500000e+01;1.9121939e-02;1.7500000e+01;2.7333826e-02;1.7500000e+01;3.7502550e-02;1.7500000e+01;4.9536794e-02;1.7500000e+01;6.3304342e-02;1.7500000e+01;7.8823000e-02;1.7500000e+01;9.5482752e-02;1.7500000e+01;1.1246911e-01;1.7500000e+01;1.3026083e-01;1.7500000e+01;1.4404303e-01;1.7500000e+01;1.5959994e-01;1.7500000e+01;1.8760948e-01;1.7500000e+01;2.1817678e-01;1.7500000e+01;2.3949024e-01;1.7500000e+01;2.4341750e-01;1.7500000e+01;2.3878407e-01;1.7500000e+01;2.2656044e-01;1.7500000e+01;2.0726871e-01;1.7500000e+01;1.9121939e-02;1.7500000e+01;2.7333826e-02;1.7500000e+01;3.7502550e-02;1.7500000e+01;4.9536794e-02;1.7500000e+01;6.3304342e-02;1.7500000e+01;7.8823000e-02;1.7500000e+01;9.5482752e-02;1.7500000e+01;1.1246911e-01;1.7500000e+01;1.3026083e-01;1.7500000e+01;1.4404303e-01;1.7500000e+01;1.5959994e-01;1.7500000e+01;1.8760948e-01;1.7500000e+01;2.1817678e-01;1.7500000e+01;2.3949024e-01;1.7500000e+01;2.4341750e-01;1.7500000e+01;2.3878407e-01;1.7500000e+01;2.2656044e-01;1.7500000e+01;2.0726871e-01;1.7500000e+01;1.9121939e-02;1.7500000e+01;2.7333826e-02;1.7500000e+01;3.7502550e-02;1.7500000e+01;4.9536794e-02;1.7500000e+01;6.3304342e-02;1.7500000e+01;7.8823000e-02;1.7500000e+01;9.5482752e-02;1.7500000e+01;1.1246911e-01;1.7500000e+01;1.3026083e-01;1.7500000e+01;1.4404303e-01;1.7500000e+01;1.5959994e-01;1.7500000e+01;1.8760948e-01;1.7500000e+01;2.1817678e-01;1.7500000e+01;2.3949024e-01;1.7500000e+01;2.4341750e-01;1.7500000e+01;2.3878407e-01;1.7500000e+01;2.2656044e-01;1.7500000e+01;2.0726871e-01;1.7500000e+01;1.9121939e-02;1.7500000e+01;2.7333826e-02;1.7500000e+01;3.7502550e-02;1.7500000e+01;4.9536794e-02;1.7500000e+01;6.3304342e-02;1.7500000e+01;7.8823000e-02;1.7500000e+01;9.5482752e-02;1.7500000e+01;1.1246911e-01;1.7500000e+01;1.3026083e-01;1.7500000e+01;1.4404303e-01;1.7500000e+01;1.5959994e-01;1.7500000e+01;1.8760948e-01;1.7500000e+01;2.1817678e-01;1.7500000e+01;2.3949024e-01;1.7500000e+01;2.4341750e-01;1.7500000e+01;2.3878407e-01;1.7500000e+01;2.2656044e-01;1.7500000e+01;2.0726871e-01;1.7500000e+01;1.9121939e-02;1.7500000e+01;2.7333826e-02;1.7500000e+01;3.7502550e-02;1.7500000e+01;4.9536794e-02;1.7500000e+01;6.3304342e-02;1.7500000e+01;7.8823000e-02;1.7500000e+01;9.5482752e-02;1.7500000e+01;1.1246911e-01;1.7500000e+01;1.3026083e-01;1.7500000e+01;1.4404303e-01;1.7500000e+01;1.5959994e-01;1.7500000e+01;1.8760948e-01;1.7500000e+01;2.1817678e-01;1.7500000e+01;2.3949024e-01;1.7500000e+01;2.4341750e-01;1.7500000e+01;2.3878407e-01;1.7500000e+01;2.2656044e-01;1.7500000e+01;2.0726871e-01;1.7500000e+01;1.9121939e-02;1.7500000e+01;2.7333826e-02;1.7500000e+01;3.7502550e-02;1.7500000e+01;4.9536794e-02;1.7500000e+01;6.3304342e-02;1.7500000e+01;7.8823000e-02;1.7500000e+01;9.5482752e-02;1.7500000e+01;1.1246911e-01;1.7500000e+01;1.3026083e-01;1.7500000e+01;1.4404303e-01;1.7500000e+01;1.5959994e-01;1.7500000e+01;1.8760948e-01;1.7500000e+01;2.1817678e-01;1.7500000e+01;2.3949024e-01;1.7500000e+01;2.4341750e-01;1.7500000e+01;2.3878407e-01;1.7500000e+01;2.2656044e-01;1.7500000e+01;2.0726871e-01;1.7500000e+01;1.9121939e-02;1.7500000e+01;2.7333826e-02;1.7500000e+01;3.7502550e-02;1.7500000e+01;4.9536794e-02;1.7500000e+01;6.3304342e-02;1.7500000e+01;7.8823000e-02;1.7500000e+01;9.5482752e-02;1.7500000e+01;1.1246911e-01;1.7500000e+01;1.3026083e-01;1.7500000e+01;1.4404303e-01;1.7500000e+01;1.5959994e-01;1.7500000e+01;1.8760948e-01;1.7500000e+01;2.1817678e-01;1.7500000e+01;2.3949024e-01;1.7500000e+01;2.4341750e-01;1.7500000e+01;2.3878407e-01;1.7500000e+01;2.2656044e-01;1.7500000e+01;2.0726871e-01;1.7500000e+01;1.9121939e-02;1.7500000e+01;2.7333826e-02;1.7500000e+01;3.7502550e-02;1.7500000e+01;4.9536794e-02;1.7500000e+01;6.3304342e-02;1.7500000e+01;7.8823000e-02;1.7500000e+01;9.5482752e-02;1.7500000e+01;1.1246911e-01;1.7500000e+01;1.3026083e-01;1.7500000e+01;1.4404303e-01;1.7500000e+01;1.5959994e-01;1.7500000e+01;1.8760948e-01;1.7500000e+01;2.1817678e-01;1.7500000e+01;2.3949024e-01;1.7500000e+01;2.4341750e-01;1.7500000e+01;2.3878407e-01;1.7500000e+01;2.2656044e-01;1.7500000e+01;2.0726871e-01;1.7500000e+01;1.9121939e-02;1.7500000e+01;2.7333826e-02;1.7500000e+01;3.7502550e-02;1.7500000e+01;4.9536794e-02;1.7500000e+01;6.3304342e-02;1.7500000e+01;7.8823000e-02;1.7500000e+01;9.5482752e-02;1.7500000e+01;1.1246911e-01;1.7500000e+01;1.3026083e-01;1.7500000e+01;1.4404303e-01;1.7500000e+01;1.5959994e-01;1.7500000e+01;1.8760948e-01;1.7500000e+01;2.1817678e-01;1.7500000e+01;2.3949024e-01;1.7500000e+01;2.4341750e-01;1.7500000e+01;2.3878407e-01;1.7500000e+01;2.2656044e-01;1.7500000e+01;2.0726871e-01;1.7500000e+01;1.9121939e-02;1.7500000e+01;2.7333826e-02;1.7500000e+01;3.7502550e-02;1.7500000e+01;4.9536794e-02;1.7500000e+01;6.3304342e-02;1.7500000e+01;7.8823000e-02;1.7500000e+01;9.5482752e-02;1.7500000e+01;1.1246911e-01;1.7500000e+01;1.3026083e-01;1.7500000e+01;1.4404303e-01;1.7500000e+01;1.5959994e-01;1.7500000e+01;1.8760948e-01;1.7500000e+01;2.1817678e-01;1.7500000e+01;2.3949024e-01;1.7500000e+01;2.4341750e-01;1.7500000e+01;2.3878407e-01;1.7500000e+01;2.2656044e-01;1.7500000e+01;2.0726871e-01;1.7500000e+01;1.9121939e-02;1.7500000e+01;2.7333826e-02;1.7500000e+01;3.7502550e-02;1.7500000e+01;4.9536794e-02;1.7500000e+01;6.3304342e-02;1.7500000e+01;7.8823000e-02;1.7500000e+01;9.5482752e-02;1.7500000e+01;1.1246911e-01;1.7500000e+01;1.3026083e-01;1.7500000e+01;1.4404303e-01;1.7500000e+01;1.5959994e-01;1.7500000e+01;1.8760948e-01;1.7500000e+01;2.1817678e-01;1.7500000e+01;2.3949024e-01;1.7500000e+01;2.4341750e-01;1.7500000e+01;2.3878407e-01;1.7500000e+01;2.2656044e-01;1.7500000e+01;2.0726871e-01;1.7500000e+01;1.9121939e-02;1.7500000e+01;2.7333826e-02;1.7500000e+01;3.7502550e-02;1.7500000e+01;4.9536794e-02;1.7500000e+01;6.3304342e-02;1.7500000e+01;7.8823000e-02;1.7500000e+01;9.5482752e-02;1.7500000e+01;1.1246911e-01;1.7500000e+01;1.3026083e-01;1.7500000e+01;1.4404303e-01;1.7500000e+01;1.5959994e-01;1.7500000e+01;1.8760948e-01;1.7500000e+01;2.1817678e-01;1.7500000e+01;2.3949024e-01;1.7500000e+01;2.4341750e-01;1.7500000e+01;2.3878407e-01;1.7500000e+01;2.2656044e-01;1.7500000e+01;2.0726871e-01;1.7500000e+01;1.9121939e-02;1.7500000e+01;2.7333826e-02;1.7500000e+01;3.7502550e-02;1.7500000e+01;4.9536794e-02;1.7500000e+01;6.3304342e-02;1.7500000e+01;7.8823000e-02;1.7500000e+01;9.5482752e-02;1.7500000e+01;1.1246911e-01;1.7500000e+01;1.3026083e-01;1.7500000e+01;1.4404303e-01;1.7500000e+01;1.5959994e-01;1.7500000e+01;1.8760948e-01;1.7500000e+01;2.1817678e-01;1.7500000e+01;2.3949024e-01;1.7500000e+01;2.4341750e-01;1.7500000e+01;2.3878407e-01;1.7500000e+01;2.2656044e-01;1.7500000e+01;2.0726871e-01;1.7500000e+01;1.9121939e-02;1.7500000e+01;2.7333826e-02;1.7500000e+01;3.7502550e-02;1.7500000e+01;4.9536794e-02;1.7500000e+01;6.3304342e-02;1.7500000e+01;7.8823000e-02;1.7500000e+01;9.5482752e-02;1.7500000e+01;1.1246911e-01;1.7500000e+01;1.3026083e-01;1.7500000e+01;1.4404303e-01;1.7500000e+01;1.5959994e-01;1.7500000e+01;1.8760948e-01;1.7500000e+01;2.1817678e-01;1.7500000e+01;2.3949024e-01;1.7500000e+01;2.4341750e-01;1.7500000e+01;2.3878407e-01;1.7500000e+01;2.2656044e-01;1.7500000e+01;2.0726871e-01;1.7500000e+01;1.9121939e-02;1.7500000e+01;2.7333826e-02;1.7500000e+01;3.7502550e-02;1.7500000e+01;4.9536794e-02;1.7500000e+01;6.3304342e-02;1.7500000e+01;7.8823000e-02;1.7500000e+01;9.5482752e-02;1.7500000e+01;1.1246911e-01;1.7500000e+01;1.3026083e-01;1.7500000e+01;1.4404303e-01;1.7500000e+01;1.5959994e-01;1.7500000e+01;1.8760948e-01;1.7500000e+01;2.1817678e-01;1.7500000e+01;2.3949024e-01;1.7500000e+01;2.4341750e-01;1.7500000e+01;2.3878407e-01;1.7500000e+01;2.2656044e-01;1.7500000e+01;2.0726871e-01;1.7500000e+01;1.9121939e-02;1.7500000e+01;2.7333826e-02;1.7500000e+01;3.7502550e-02;1.7500000e+01;4.9536794e-02;1.7500000e+01;6.3304342e-02;1.7500000e+01;7.8823000e-02;1.7500000e+01;9.5482752e-02;1.7500000e+01;1.1246911e-01;1.7500000e+01;1.3026083e-01;1.7500000e+01;1.4404303e-01;1.7500000e+01;1.5959994e-01;1.7500000e+01;1.8760948e-01;1.7500000e+01;2.1817678e-01;1.7500000e+01;2.3949024e-01;1.7500000e+01;2.4341750e-01;1.7500000e+01;2.3878407e-01;1.7500000e+01;2.2656044e-01;1.7500000e+01;2.0726871e-01;1.7500000e+01;1.9121939e-02;1.7500000e+01;2.7333826e-02;1.7500000e+01;3.7502550e-02;1.7500000e+01;4.9536794e-02;1.7500000e+01;6.3304342e-02;1.7500000e+01;7.8823000e-02;1.7500000e+01;9.5482752e-02;1.7500000e+01;1.1246911e-01;1.7500000e+01;1.3026083e-01;1.7500000e+01;1.4404303e-01;1.7500000e+01;1.5959994e-01;1.7500000e+01;1.8760948e-01;1.7500000e+01;2.1817678e-01;1.7500000e+01;2.3949024e-01;1.7500000e+01;2.4341750e-01;1.7500000e+01;2.3878407e-01;1.7500000e+01;2.2656044e-01;1.7500000e+01;2.0726871e-01;1.7500000e+01;1.9121939e-02;1.7500000e+01;2.7333826e-02;1.7500000e+01;3.7502550e-02;1.7500000e+01;4.9536794e-02;1.7500000e+01;6.3304342e-02;1.7500000e+01;7.8823000e-02;1.7500000e+01;9.5482752e-02;1.7500000e+01;1.1246911e-01;1.7500000e+01;1.3026083e-01;1.7500000e+01;1.4404303e-01;1.7500000e+01;1.5959994e-01;1.7500000e+01;1.8760948e-01;1.7500000e+01;2.1817678e-01;1.7500000e+01;2.3949024e-01;1.7500000e+01;2.4341750e-01;1.7500000e+01;2.3878407e-01;1.7500000e+01;2.2656044e-01;1.7500000e+01;2.0726871e-01;1.7500000e+01;1.9121939e-02;1.7500000e+01;2.7333826e-02;1.7500000e+01;3.7502550e-02;1.7500000e+01;4.9536794e-02;1.7500000e+01;6.3304342e-02;1.7500000e+01;7.8823000e-02;1.7500000e+01;9.5482752e-02;1.7500000e+01;1.1246911e-01;1.7500000e+01;1.3026083e-01;1.7500000e+01;1.4404303e-01;1.7500000e+01;1.5959994e-01;1.7500000e+01;1.8760948e-01;1.7500000e+01;2.1817678e-01;1.7500000e+01;2.3949024e-01;1.7500000e+01;2.4341750e-01;1.7500000e+01;2.3878407e-01;1.7500000e+01;2.2656044e-01;1.7500000e+01;2.0726871e-01;1.7500000e+01;1.9121939e-02;1.7500000e+01;2.7333826e-02;1.7500000e+01;3.7502550e-02;1.7500000e+01;4.9536794e-02;1.7500000e+01;6.3304342e-02;1.7500000e+01;7.8823000e-02;1.7500000e+01;9.5482752e-02;1.7500000e+01;1.1246911e-01;1.7500000e+01;1.3026083e-01;1.7500000e+01;1.4404303e-01;1.7500000e+01;1.5959994e-01;1.7500000e+01;1.8760948e-01;1.7500000e+01;2.1817678e-01;1.7500000e+01;2.3949024e-01;1.7500000e+01;2.4341750e-01;1.7500000e+01;2.3878407e-01;1.7500000e+01;2.2656044e-01;1.7500000e+01;2.0726871e-01;1.7500000e+01;1.9121939e-02;1.7500000e+01;2.7333826e-02;1.7500000e+01;3.7502550e-02;1.7500000e+01;4.9536794e-02;1.7500000e+01;6.3304342e-02;1.7500000e+01;7.8823000e-02;1.7500000e+01;9.5482752e-02;1.7500000e+01;1.1246911e-01;1.7500000e+01;1.3026083e-01;1.7500000e+01;1.4404303e-01;1.7500000e+01;1.5959994e-01;1.7500000e+01;1.8760948e-01;1.7500000e+01;2.1817678e-01;1.7500000e+01;2.3949024e-01;1.7500000e+01;2.4341750e-01;1.7500000e+01;2.3878407e-01;1.7500000e+01;2.2656044e-01;1.7500000e+01;2.0726871e-01;1.7500000e+01;1.9121939e-02;1.7500000e+01;2.7333826e-02;1.7500000e+01;3.7502550e-02;1.7500000e+01;4.9536794e-02;1.7500000e+01;6.3304342e-02;1.7500000e+01;7.8823000e-02;1.7500000e+01;9.5482752e-02;1.7500000e+01;1.1246911e-01;1.7500000e+01;1.3026083e-01;1.7500000e+01;1.4404303e-01;1.7500000e+01;1.5959994e-01;1.7500000e+01;1.8760948e-01;1.7500000e+01;2.1817678e-01;1.7500000e+01;2.3949024e-01;1.7500000e+01;2.4341750e-01;1.7500000e+01;2.3878407e-01;1.7500000e+01;2.2656044e-01;1.7500000e+01;2.0726871e-01;1.7500000e+01;1.9121939e-02;1.7500000e+01;2.7333826e-02;1.7500000e+01;3.7502550e-02;1.7500000e+01;4.9536794e-02;1.7500000e+01;6.3304342e-02;1.7500000e+01;7.8823000e-02;1.7500000e+01;9.5482752e-02;1.7500000e+01;1.1246911e-01;1.7500000e+01;1.3026083e-01;1.7500000e+01;1.4404303e-01;1.7500000e+01;1.5959994e-01;1.7500000e+01;1.8760948e-01;1.7500000e+01;2.1817678e-01;1.7500000e+01;2.3949024e-01;1.7500000e+01;2.4341750e-01;1.7500000e+01;2.3878407e-01;1.7500000e+01;2.2656044e-01;1.7500000e+01;2.0726871e-01;1.7500000e+01;1.9121939e-02;1.7500000e+01;2.7333826e-02;1.7500000e+01;3.7502550e-02;1.7500000e+01;4.9536794e-02;1.7500000e+01;6.3304342e-02;1.7500000e+01;7.8823000e-02;1.7500000e+01;9.5482752e-02;1.7500000e+01;1.1246911e-01;1.7500000e+01;1.3026083e-01;1.7500000e+01;1.4404303e-01;1.7500000e+01;1.5959994e-01;1.7500000e+01;1.8760948e-01;1.7500000e+01;2.1817678e-01;1.7500000e+01;2.3949024e-01;1.7500000e+01;2.4341750e-01;1.7500000e+01;2.3878407e-01;1.7500000e+01;2.2656044e-01;1.7500000e+01;2.0726871e-01;1.7500000e+01;1.9121939e-02;1.7500000e+01;2.7333826e-02;1.7500000e+01;3.7502550e-02;1.7500000e+01;4.9536794e-02;1.7500000e+01;6.3304342e-02;1.7500000e+01;7.8823000e-02;1.7500000e+01;9.5482752e-02;1.7500000e+01;1.1246911e-01;1.7500000e+01;1.3026083e-01;1.7500000e+01;1.4404303e-01;1.7500000e+01;1.5959994e-01;1.7500000e+01;1.8760948e-01;1.7500000e+01;2.1817678e-01;1.7500000e+01;2.3949024e-01;1.7500000e+01;2.4341750e-01;1.7500000e+01;2.3878407e-01;1.7500000e+01;2.2656044e-01;1.7500000e+01;2.0726871e-01;1.7500000e+01;1.9121939e-02;1.7500000e+01;2.7333826e-02;1.7500000e+01;3.7502550e-02;1.7500000e+01;4.9536794e-02;1.7500000e+01;6.3304342e-02;1.7500000e+01;7.8823000e-02;1.7500000e+01;9.5482752e-02;1.7500000e+01;1.1246911e-01;1.7500000e+01;1.3026083e-01;1.7500000e+01;1.4404303e-01;1.7500000e+01;1.5959994e-01;1.7500000e+01;1.8760948e-01;1.7500000e+01;2.1817678e-01;1.7500000e+01;2.3949024e-01;1.7500000e+01;2.4341750e-01;1.7500000e+01;2.3878407e-01;1.7500000e+01;2.2656044e-01;1.7500000e+01;2.0726871e-01;1.7500000e+01;1.9121939e-02;1.7500000e+01;2.7333826e-02;1.7500000e+01;3.7502550e-02;1.7500000e+01;4.9536794e-02;1.7500000e+01;6.3304342e-02;1.7500000e+01;7.8823000e-02;1.7500000e+01;9.5482752e-02;1.7500000e+01;1.1246911e-01;1.7500000e+01;1.3026083e-01;1.7500000e+01;1.4404303e-01;1.7500000e+01;1.5959994e-01;1.7500000e+01;1.8760948e-01;1.7500000e+01;2.1817678e-01;1.7500000e+01;2.3949024e-01;1.7500000e+01;2.4341750e-01;1.7500000e+01;2.3878407e-01;1.7500000e+01;2.2656044e-01;1.7500000e+01;2.0726871e-01;1.7500000e+01;1.9121939e-02;1.7500000e+01;2.7333826e-02;1.7500000e+01;3.7502550e-02;1.7500000e+01;4.9536794e-02;1.7500000e+01;6.3304342e-02;1.7500000e+01;7.8823000e-02;1.7500000e+01;9.5482752e-02;1.7500000e+01;1.1246911e-01;1.7500000e+01;1.3026083e-01;1.7500000e+01;1.4404303e-01;1.7500000e+01;1.5959994e-01;1.7500000e+01;1.8760948e-01;1.7500000e+01;2.1817678e-01;1.7500000e+01;2.3949024e-01;1.7500000e+01;2.4341750e-01;1.7500000e+01;2.3878407e-01;1.7500000e+01;2.2656044e-01;1.7500000e+01;2.0726871e-01;1.7500000e+01;1.9121939e-02;1.7500000e+01;2.7333826e-02;1.7500000e+01;3.7502550e-02;1.7500000e+01;4.9536794e-02;1.7500000e+01;6.3304342e-02;1.7500000e+01;7.8823000e-02;1.7500000e+01;9.5482752e-02;1.7500000e+01;1.1246911e-01;1.7500000e+01;1.3026083e-01;1.7500000e+01;1.4404303e-01;1.7500000e+01;1.5959994e-01;1.7500000e+01;1.8760948e-01;1.7500000e+01;2.1817678e-01;1.7500000e+01;2.3949024e-01;1.7500000e+01;2.4341750e-01;1.7500000e+01;2.3878407e-01;1.7500000e+01;2.2656044e-01;1.7500000e+01;2.0726871e-01;1.7500000e+01;1.9121939e-02;1.7500000e+01;2.7333826e-02;1.7500000e+01;3.7502550e-02;1.7500000e+01;4.9536794e-02;1.7500000e+01;6.3304342e-02;1.7500000e+01;7.8823000e-02;1.7500000e+01;9.5482752e-02;1.7500000e+01;1.1246911e-01;1.7500000e+01;1.3026083e-01;1.7500000e+01;1.4404303e-01;1.7500000e+01;1.5959994e-01;1.7500000e+01;1.8760948e-01;1.7500000e+01;2.1817678e-01;1.7500000e+01;2.3949024e-01;1.7500000e+01;2.4341750e-01;1.7500000e+01;2.3878407e-01;1.7500000e+01;2.2656044e-01;1.7500000e+01;2.0726871e-01;1.7500000e+01;1.9121939e-02;1.7500000e+01;2.7333826e-02;1.7500000e+01;3.7502550e-02;1.7500000e+01;4.9536794e-02;1.7500000e+01;6.3304342e-02;1.7500000e+01;7.8823000e-02;1.7500000e+01;9.5482752e-02;1.7500000e+01;1.1246911e-01;1.7500000e+01;1.3026083e-01;1.7500000e+01;1.4404303e-01;1.7500000e+01;1.5959994e-01;1.7500000e+01;1.8760948e-01;1.7500000e+01;2.1817678e-01;1.7500000e+01;2.3949024e-01;1.7500000e+01;2.4341750e-01;1.7500000e+01;2.3878407e-01;1.7500000e+01;2.2656044e-01;1.7500000e+01;2.0726871e-01;1.7500000e+01;1.9121939e-02;1.7500000e+01;2.7333826e-02;1.7500000e+01;3.7502550e-02;1.7500000e+01;4.9536794e-02;1.7500000e+01;6.3304342e-02;1.7500000e+01;7.8823000e-02;1.7500000e+01;9.5482752e-02;1.7500000e+01;1.1246911e-01;1.7500000e+01;1.3026083e-01;1.7500000e+01;1.4404303e-01;1.7500000e+01;1.5959994e-01;1.7500000e+01;1.8760948e-01;1.7500000e+01;2.1817678e-01;1.7500000e+01;2.3949024e-01;1.7500000e+01;2.4341750e-01;1.7500000e+01;2.3878407e-01;1.7500000e+01;2.2656044e-01;1.7500000e+01;2.0726871e-01;1.7500000e+01;1.9121939e-02;1.7500000e+01;2.7333826e-02;1.7500000e+01;3.7502550e-02;1.7500000e+01;4.9536794e-02;1.7500000e+01;6.3304342e-02;1.7500000e+01;7.8823000e-02;1.7500000e+01;9.5482752e-02;1.7500000e+01;1.1246911e-01;1.7500000e+01;1.3026083e-01;1.7500000e+01;1.4404303e-01;1.7500000e+01;1.5959994e-01;1.7500000e+01;1.8760948e-01;1.7500000e+01;2.1817678e-01;1.7500000e+01;2.3949024e-01;1.7500000e+01;2.4341750e-01;1.7500000e+01;2.3878407e-01;1.7500000e+01;2.2656044e-01;1.7500000e+01;2.0726871e-01;1.7500000e+01;1.9121939e-02;1.7500000e+01;2.7333826e-02;1.7500000e+01;3.7502550e-02;1.7500000e+01;4.9536794e-02;1.7500000e+01;6.3304342e-02;1.7500000e+01;7.8823000e-02;1.7500000e+01;9.5482752e-02;1.7500000e+01;1.1246911e-01;1.7500000e+01;1.3026083e-01;1.7500000e+01;1.4404303e-01;1.7500000e+01;1.5959994e-01;1.7500000e+01;1.8760948e-01;1.7500000e+01;2.1817678e-01;1.7500000e+01;2.3949024e-01;1.7500000e+01;2.4341750e-01;1.7500000e+01;2.3878407e-01;1.7500000e+01;2.2656044e-01;1.7500000e+01;2.0726871e-01;1.7500000e+01;1.9121939e-02;1.7500000e+01;2.7333826e-02;1.7500000e+01;3.7502550e-02;1.7500000e+01;4.9536794e-02;1.7500000e+01;6.3304342e-02;1.7500000e+01;7.8823000e-02;1.7500000e+01;9.5482752e-02;1.7500000e+01;1.1246911e-01;1.7500000e+01;1.3026083e-01;1.7500000e+01;1.4404303e-01;1.7500000e+01;1.5959994e-01;1.7500000e+01;1.8760948e-01;1.7500000e+01;2.1817678e-01;1.7500000e+01;2.3949024e-01;1.7500000e+01;2.4341750e-01;1.7500000e+01;2.3878407e-01;1.7500000e+01;2.2656044e-01;1.7500000e+01;2.0726871e-01;1.7500000e+01;1.9121939e-02;1.7500000e+01;2.7333826e-02;1.7500000e+01;3.7502550e-02;1.7500000e+01;4.9536794e-02;1.7500000e+01;6.3304342e-02;1.7500000e+01;7.8823000e-02;1.7500000e+01;9.5482752e-02;1.7500000e+01;1.1246911e-01;1.7500000e+01;1.3026083e-01;1.7500000e+01;1.4404303e-01;1.7500000e+01;1.5959994e-01;1.7500000e+01;1.8760948e-01;1.7500000e+01;2.1817678e-01;1.7500000e+01;2.3949024e-01;1.7500000e+01;2.4341750e-01;1.7500000e+01;2.3878407e-01;1.7500000e+01;2.2656044e-01;1.7500000e+01;2.0726871e-01;1.7500000e+01;1.9121939e-02;1.7500000e+01;2.7333826e-02;1.7500000e+01;3.7502550e-02;1.7500000e+01;4.9536794e-02;1.7500000e+01;6.3304342e-02;1.7500000e+01;7.8823000e-02;1.7500000e+01;9.5482752e-02;1.7500000e+01;1.1246911e-01;1.7500000e+01;1.3026083e-01;1.7500000e+01;1.4404303e-01;1.7500000e+01;1.5959994e-01;1.7500000e+01;1.8760948e-01;1.7500000e+01;2.1817678e-01;1.7500000e+01;2.3949024e-01;1.7500000e+01;2.4341750e-01;1.7500000e+01;2.3878407e-01;1.7500000e+01;2.2656044e-01;1.7500000e+01;2.0726871e-01;1.7500000e+01;1.9121939e-02;1.7500000e+01;2.7333826e-02;1.7500000e+01;3.7502550e-02;1.7500000e+01;4.9536794e-02;1.7500000e+01;6.3304342e-02;1.7500000e+01;7.8823000e-02;1.7500000e+01;9.5482752e-02;1.7500000e+01;1.1246911e-01;1.7500000e+01;1.3026083e-01;1.7500000e+01;1.4404303e-01;1.7500000e+01;1.5959994e-01;1.7500000e+01;1.8760948e-01;1.7500000e+01;2.1817678e-01;1.7500000e+01;2.3949024e-01;1.7500000e+01;2.4341750e-01;1.7500000e+01;2.3878407e-01;1.7500000e+01;2.2656044e-01;1.7500000e+01;2.0726871e-01;1.7500000e+01;1.9121939e-02;1.7500000e+01;2.7333826e-02;1.7500000e+01;3.7502550e-02;1.7500000e+01;4.9536794e-02;1.7500000e+01;6.3304342e-02;1.7500000e+01;7.8823000e-02;1.7500000e+01;9.5482752e-02;1.7500000e+01;1.1246911e-01;1.7500000e+01;1.3026083e-01;1.7500000e+01;1.4404303e-01;1.7500000e+01;1.5959994e-01;1.7500000e+01;1.8760948e-01;1.7500000e+01;2.1817678e-01;1.7500000e+01;2.3949024e-01;1.7500000e+01;2.4341750e-01;1.7500000e+01;2.3878407e-01;1.7500000e+01;2.2656044e-01;1.7500000e+01;2.0726871e-01;1.7500000e+01;1.9121939e-02;1.7500000e+01;2.7333826e-02;1.7500000e+01;3.7502550e-02;1.7500000e+01;4.9536794e-02;1.7500000e+01;6.3304342e-02;1.7500000e+01;7.8823000e-02;1.7500000e+01;9.5482752e-02;1.7500000e+01;1.1246911e-01;1.7500000e+01;1.3026083e-01;1.7500000e+01;1.4404303e-01;1.7500000e+01;1.5959994e-01;1.7500000e+01;1.8760948e-01;1.7500000e+01;2.1817678e-01;1.7500000e+01;2.3949024e-01;1.7500000e+01;2.4341750e-01;1.7500000e+01;2.3878407e-01;1.7500000e+01;2.2656044e-01;1.7500000e+01;2.0726871e-01;1.7500000e+01;1.9121939e-02;1.7500000e+01;2.7333826e-02;1.7500000e+01;3.7502550e-02;1.7500000e+01;4.9536794e-02;1.7500000e+01;6.3304342e-02;1.7500000e+01;7.8823000e-02;1.7500000e+01;9.5482752e-02;1.7500000e+01;1.1246911e-01;1.7500000e+01;1.3026083e-01;1.7500000e+01;1.4404303e-01;1.7500000e+01;1.5959994e-01;1.7500000e+01;1.8760948e-01;1.7500000e+01;2.1817678e-01;1.7500000e+01;2.3949024e-01;1.7500000e+01;2.4341750e-01;1.7500000e+01;2.3878407e-01;1.7500000e+01;2.2656044e-01;1.7500000e+01;2.0726871e-01;1.7500000e+01;1.9121939e-02;1.7500000e+01;2.7333826e-02;1.7500000e+01;3.7502550e-02;1.7500000e+01;4.9536794e-02;1.7500000e+01;6.3304342e-02;1.7500000e+01;7.8823000e-02;1.7500000e+01;9.5482752e-02;1.7500000e+01;1.1246911e-01;1.7500000e+01;1.3026083e-01;1.7500000e+01;1.4404303e-01;1.7500000e+01;1.5959994e-01;1.7500000e+01;1.8760948e-01;1.7500000e+01;2.1817678e-01;1.7500000e+01;2.3949024e-01;1.7500000e+01;2.4341750e-01;1.7500000e+01;2.3878407e-01;1.7500000e+01;2.2656044e-01;1.7500000e+01;2.0726871e-01;1.7500000e+01;1.9121939e-02;1.7500000e+01;2.7333826e-02;1.7500000e+01;3.7502550e-02;1.7500000e+01;4.9536794e-02;1.7500000e+01;6.3304342e-02;1.7500000e+01;7.8823000e-02;1.7500000e+01;9.5482752e-02;1.7500000e+01;1.1246911e-01;1.7500000e+01;1.3026083e-01;1.7500000e+01;1.4404303e-01;1.7500000e+01;1.5959994e-01;1.7500000e+01;1.8760948e-01;1.7500000e+01;2.1817678e-01;1.7500000e+01;2.3949024e-01;1.7500000e+01;2.4341750e-01;1.7500000e+01;2.3878407e-01;1.7500000e+01;2.2656044e-01;1.7500000e+01;2.0726871e-01;1.7500000e+01;1.9121939e-02;1.7500000e+01;2.7333826e-02;1.7500000e+01;3.7502550e-02;1.7500000e+01;4.9536794e-02;1.7500000e+01;6.3304342e-02;1.7500000e+01;7.8823000e-02;1.7500000e+01;9.5482752e-02;1.7500000e+01;1.1246911e-01;1.7500000e+01;1.3026083e-01;1.7500000e+01;1.4404303e-01;1.7500000e+01;1.5959994e-01;1.7500000e+01;1.8760948e-01;1.7500000e+01;2.1817678e-01;1.7500000e+01;2.3949024e-01;1.7500000e+01;2.4341750e-01;1.7500000e+01;2.3878407e-01;1.7500000e+01;2.2656044e-01;1.7500000e+01;2.0726871e-01;1.7500000e+01;1.9121939e-02;1.7500000e+01;2.7333826e-02;1.7500000e+01;3.7502550e-02;1.7500000e+01;4.9536794e-02;1.7500000e+01;6.3304342e-02;1.7500000e+01;7.8823000e-02;1.7500000e+01;9.5482752e-02;1.7500000e+01;1.1246911e-01;1.7500000e+01;1.3026083e-01;1.7500000e+01;1.4404303e-01;1.7500000e+01;1.5959994e-01;1.7500000e+01;1.8760948e-01;1.7500000e+01;2.1817678e-01;1.7500000e+01;2.3949024e-01;1.7500000e+01;2.4341750e-01;1.7500000e+01;2.3878407e-01;1.7500000e+01;2.2656044e-01;1.7500000e+01;2.0726871e-01;1.7500000e+01;1.9121939e-02;1.7500000e+01;2.7333826e-02;1.7500000e+01;3.7502550e-02;1.7500000e+01;4.9536794e-02;1.7500000e+01;6.3304342e-02;1.7500000e+01;7.8823000e-02;1.7500000e+01;9.5482752e-02;1.7500000e+01;1.1246911e-01;1.7500000e+01;1.3026083e-01;1.7500000e+01;1.4404303e-01;1.7500000e+01;1.5959994e-01;1.7500000e+01;1.8760948e-01;1.7500000e+01;2.1817678e-01;1.7500000e+01;2.3949024e-01;1.7500000e+01;2.4341750e-01;1.7500000e+01;2.3878407e-01;1.7500000e+01;2.2656044e-01;1.7500000e+01;2.0726871e-01;1.7500000e+01;1.9121939e-02;1.7500000e+01;2.7333826e-02;1.7500000e+01;3.7502550e-02;1.7500000e+01;4.9536794e-02;1.7500000e+01;6.3304342e-02;1.7500000e+01;7.8823000e-02;1.7500000e+01;9.5482752e-02;1.7500000e+01;1.1246911e-01;1.7500000e+01;1.3026083e-01;1.7500000e+01;1.4404303e-01;1.7500000e+01;1.5959994e-01;1.7500000e+01;1.8760948e-01;1.7500000e+01;2.1817678e-01;1.7500000e+01;2.3949024e-01;1.7500000e+01;2.4341750e-01;1.7500000e+01;2.3878407e-01;1.7500000e+01;2.2656044e-01;1.7500000e+01;2.0726871e-01;1.7500000e+01;1.9121939e-02;1.7500000e+01;2.7333826e-02;1.7500000e+01;3.7502550e-02;1.7500000e+01;4.9536794e-02;1.7500000e+01;6.3304342e-02;1.7500000e+01;7.8823000e-02;1.7500000e+01;9.5482752e-02;1.7500000e+01;1.1246911e-01;1.7500000e+01;1.3026083e-01;1.7500000e+01;1.4404303e-01;1.7500000e+01;1.5959994e-01;1.7500000e+01;1.8760948e-01;1.7500000e+01;2.1817678e-01;1.7500000e+01;2.3949024e-01;1.7500000e+01;2.4341750e-01;1.7500000e+01;2.3878407e-01;1.7500000e+01;2.2656044e-01;1.7500000e+01;2.0726871e-01;1.7500000e+01;1.9121939e-02;1.7500000e+01;2.7333826e-02;1.7500000e+01;3.7502550e-02;1.7500000e+01;4.9536794e-02;1.7500000e+01;6.3304342e-02;1.7500000e+01;7.8823000e-02;1.7500000e+01;9.5482752e-02;1.7500000e+01;1.1246911e-01;1.7500000e+01;1.3026083e-01;1.7500000e+01;1.4404303e-01;1.7500000e+01;1.5959994e-01;1.7500000e+01;1.8760948e-01;1.7500000e+01;2.1817678e-01;1.7500000e+01;2.3949024e-01;1.7500000e+01;2.4341750e-01;1.7500000e+01;2.3878407e-01;1.7500000e+01;2.2656044e-01;1.7500000e+01;2.0726871e-01
2.2500000e+01;1.9101316e-02;2.2500000e+01;2.8311778e-02;2.2500000e+01;4.0473536e-02;2.2500000e+01;5.5185646e-02;2.2500000e+01;7.1087100e-02;2.2500000e+01;8.8081971e-02;2.2500000e+01;1.0556330e-01;2.2500000e+01;1.2398873e-01;2.2500000e+01;1.4149937e-01;2.2500000e+01;1.5646596e-01;2.2500000e+01;1.7389607e-01;2.2500000e+01;2.0160514e-01;2.2500000e+01;2.3019974e-01;2.2500000e+01;2.4650174e-01;2.2500000e+01;2.4750786e-01;2.2500000e+01;2.4061039e-01;2.2500000e+01;2.2641030e-01;2.2500000e+01;2.0539728e-01;2.2500000e+01;1.9101316e-02;2.2500000e+01;2.8311778e-02;2.2500000e+01;4.0473536e-02;2.2500000e+01;5.5185646e-02;2.2500000e+01;7.1087100e-02;2.2500000e+01;8.8081971e-02;2.2500000e+01;1.0556330e-01;2.2500000e+01;1.2398873e-01;2.2500000e+01;1.4149937e-01;2.2500000e+01;1.5646596e-01;2.2500000e+01;1.7389607e-01;2.2500000e+01;2.0160514e-01;2.2500000e+01;2.3019974e-01;2.2500000e+01;2.4650174e-01;2.2500000e+01;2.4750786e-01;2.2500000e+01;2.4061039e-01;2.2500000e+01;2.2641030e-01;2.2500000e+01;2.0539728e-01;2.2500000e+01;1.9101316e-02;2.2500000e+01;2.8311778e-02;2.2500000e+01;4.0473536e-02;2.2500000e+01;5.5185646e-02;2.2500000e+01;7.1087100e-02;2.2500000e+01;8.8081971e-02;2.2500000e+01;1.0556330e-01;2.2500000e+01;1.2398873e-01;2.2500000e+01;1.4149937e-01;2.2500000e+01;1.5646596e-01;2.2500000e+01;1.7389607e-01;2.2500000e+01;2.0160514e-01;2.2500000e+01;2.3019974e-01;2.2500000e+01;2.4650174e-01;2.2500000e+01;2.4750786e-01;2.2500000e+01;2.4061039e-01;2.2500000e+01;2.2641030e-01;2.2500000e+01;2.0539728e-01;2.2500000e+01;1.9101316e-02;2.2500000e+01;2.8311778e-02;2.2500000e+01;4.0473536e-02;2.2500000e+01;5.5185646e-02;2.2500000e+01;7.1087100e-02;2.2500000e+01;8.8081971e-02;2.2500000e+01;1.0556330e-01;2.2500000e+01;1.2398873e-01;2.2500000e+01;1.4149937e-01;2.2500000e+01;1.5646596e-01;2.2500000e+01;1.7389607e-01;2.2500000e+01;2.0160514e-01;2.2500000e+01;2.3019974e-01;2.2500000e+01;2.4650174e-01;2.2500000e+01;2.4750786e-01;2.2500000e+01;2.4061039e-01;2.2500000e+01;2.2641030e-01;2.2500000e+01;2.0539728e-01;2.2500000e+01;1.9101316e-02;2.2500000e+01;2.8311778e-02;2.2500000e+01;4.0473536e-02;2.2500000e+01;5.5185646e-02;2.2500000e+01;7.1087100e-02;2.2500000e+01;8.8081971e-02;2.2500000e+01;1.0556330e-01;2.2500000e+01;1.2398873e-01;2.2500000e+01;1.4149937e-01;2.2500000e+01;1.5646596e-01;2.2500000e+01;1.7389607e-01;2.2500000e+01;2.0160514e-01;2.2500000e+01;2.3019974e-01;2.2500000e+01;2.4650174e-01;2.2500000e+01;2.4750786e-01;2.2500000e+01;2.4061039e-01;2.2500000e+01;2.2641030e-01;2.2500000e+01;2.0539728e-01;2.2500000e+01;1.9101316e-02;2.2500000e+01;2.8311778e-02;2.2500000e+01;4.0473536e-02;2.2500000e+01;5.5185646e-02;2.2500000e+01;7.1087100e-02;2.2500000e+01;8.8081971e-02;2.2500000e+01;1.0556330e-01;2.2500000e+01;1.2398873e-01;2.2500000e+01;1.4149937e-01;2.2500000e+01;1.5646596e-01;2.2500000e+01;1.7389607e-01;2.2500000e+01;2.0160514e-01;2.2500000e+01;2.3019974e-01;2.2500000e+01;2.4650174e-01;2.2500000e+01;2.4750786e-01;2.2500000e+01;2.4061039e-01;2.2500000e+01;2.2641030e-01;2.2500000e+01;2.0539728e-01;2.2500000e+01;1.9101316e-02;2.2500000e+01;2.8311778e-02;2.2500000e+01;4.0473536e-02;2.2500000e+01;5.5185646e-02;2.2500000e+01;7.1087100e-02;2.2500000e+01;8.8081971e-02;2.2500000e+01;1.0556330e-01;2.2500000e+01;1.2398873e-01;2.2500000e+01;1.4149937e-01;2.2500000e+01;1.5646596e-01;2.2500000e+01;1.7389607e-01;2.2500000e+01;2.0160514e-01;2.2500000e+01;2.3019974e-01;2.2500000e+01;2.4650174e-01;2.2500000e+01;2.4750786e-01;2.2500000e+01;2.4061039e-01;2.2500000e+01;2.2641030e-01;2.2500000e+01;2.0539728e-01;2.2500000e+01;1.9101316e-02;2.2500000e+01;2.8311778e-02;2.2500000e+01;4.0473536e-02;2.2500000e+01;5.5185646e-02;2.2500000e+01;7.1087100e-02;2.2500000e+01;8.8081971e-02;2.2500000e+01;1.0556330e-01;2.2500000e+01;1.2398873e-01;2.2500000e+01;1.4149937e-01;2.2500000e+01;1.5646596e-01;2.2500000e+01;1.7389607e-01;2.2500000e+01;2.0160514e-01;2.2500000e+01;2.3019974e-01;2.2500000e+01;2.4650174e-01;2.2500000e+01;2.4750786e-01;2.2500000e+01;2.4061039e-01;2.2500000e+01;2.2641030e-01;2.2500000e+01;2.0539728e-01;2.2500000e+01;1.9101316e-02;2.2500000e+01;2.8311778e-02;2.2500000e+01;4.0473536e-02;2.2500000e+01;5.5185646e-02;2.2500000e+01;7.1087100e-02;2.2500000e+01;8.8081971e-02;2.2500000e+01;1.0556330e-01;2.2500000e+01;1.2398873e-01;2.2500000e+01;1.4149937e-01;2.2500000e+01;1.5646596e-01;2.2500000e+01;1.7389607e-01;2.2500000e+01;2.0160514e-01;2.2500000e+01;2.3019974e-01;2.2500000e+01;2.4650174e-01;2.2500000e+01;2.4750786e-01;2.2500000e+01;2.4061039e-01;2.2500000e+01;2.2641030e-01;2.2500000e+01;2.0539728e-01;2.2500000e+01;1.9101316e-02;2.2500000e+01;2.8311778e-02;2.2500000e+01;4.0473536e-02;2.2500000e+01;5.5185646e-02;2.2500000e+01;7.1087100e-02;2.2500000e+01;8.8081971e-02;2.2500000e+01;1.0556330e-01;2.2500000e+01;1.2398873e-01;2.2500000e+01;1.4149937e-01;2.2500000e+01;1.5646596e-01;2.2500000e+01;1.7389607e-01;2.2500000e+01;2.0160514e-01;2.2500000e+01;2.3019974e-01;2.2500000e+01;2.4650174e-01;2.2500000e+01;2.4750786e-01;2.2500000e+01;2.4061039e-01;2.2500000e+01;2.2641030e-01;2.2500000e+01;2.0539728e-01;2.2500000e+01;1.9101316e-02;2.2500000e+01;2.8311778e-02;2.2500000e+01;4.0473536e-02;2.2500000e+01;5.5185646e-02;2.2500000e+01;7.1087100e-02;2.2500000e+01;8.8081971e-02;2.2500000e+01;1.0556330e-01;2.2500000e+01;1.2398873e-01;2.2500000e+01;1.4149937e-01;2.2500000e+01;1.5646596e-01;2.2500000e+01;1.7389607e-01;2.2500000e+01;2.0160514e-01;2.2500000e+01;2.3019974e-01;2.2500000e+01;2.4650174e-01;2.2500000e+01;2.4750786e-01;2.2500000e+01;2.4061039e-01;2.2500000e+01;2.2641030e-01;2.2500000e+01;2.0539728e-01;2.2500000e+01;1.9101316e-02;2.2500000e+01;2.8311778e-02;2.2500000e+01;4.0473536e-02;2.2500000e+01;5.5185646e-02;2.2500000e+01;7.1087100e-02;2.2500000e+01;8.8081971e-02;2.2500000e+01;1.0556330e-01;2.2500000e+01;1.2398873e-01;2.2500000e+01;1.4149937e-01;2.2500000e+01;1.5646596e-01;2.2500000e+01;1.7389607e-01;2.2500000e+01;2.0160514e-01;2.2500000e+01;2.3019974e-01;2.2500000e+01;2.4650174e-01;2.2500000e+01;2.4750786e-01;2.2500000e+01;2.4061039e-01;2.2500000e+01;2.2641030e-01;2.2500000e+01;2.0539728e-01;2.2500000e+01;1.9101316e-02;2.2500000e+01;2.8311778e-02;2.2500000e+01;4.0473536e-02;2.2500000e+01;5.5185646e-02;2.2500000e+01;7.1087100e-02;2.2500000e+01;8.8081971e-02;2.2500000e+01;1.0556330e-01;2.2500000e+01;1.2398873e-01;2.2500000e+01;1.4149937e-01;2.2500000e+01;1.5646596e-01;2.2500000e+01;1.7389607e-01;2.2500000e+01;2.0160514e-01;2.2500000e+01;2.3019974e-01;2.2500000e+01;2.4650174e-01;2.2500000e+01;2.4750786e-01;2.2500000e+01;2.4061039e-01;2.2500000e+01;2.2641030e-01;2.2500000e+01;2.0539728e-01;2.2500000e+01;1.9101316e-02;2.2500000e+01;2.8311778e-02;2.2500000e+01;4.0473536e-02;2.2500000e+01;5.5185646e-02;2.2500000e+01;7.1087100e-02;2.2500000e+01;8.8081971e-02;2.2500000e+01;1.0556330e-01;2.2500000e+01;1.2398873e-01;2.2500000e+01;1.4149937e-01;2.2500000e+01;1.5646596e-01;2.2500000e+01;1.7389607e-01;2.2500000e+01;2.0160514e-01;2.2500000e+01;2.3019974e-01;2.2500000e+01;2.4650174e-01;2.2500000e+01;2.4750786e-01;2.2500000e+01;2.4061039e-01;2.2500000e+01;2.2641030e-01;2.2500000e+01;2.0539728e-01;2.2500000e+01;1.9101316e-02;2.2500000e+01;2.8311778e-02;2.2500000e+01;4.0473536e-02;2.2500000e+01;5.5185646e-02;2.2500000e+01;7.1087100e-02;2.2500000e+01;8.8081971e-02;2.2500000e+01;1.0556330e-01;2.2500000e+01;1.2398873e-01;2.2500000e+01;1.4149937e-01;2.2500000e+01;1.5646596e-01;2.2500000e+01;1.7389607e-01;2.2500000e+01;2.0160514e-01;2.2500000e+01;2.3019974e-01;2.2500000e+01;2.4650174e-01;2.2500000e+01;2.4750786e-01;2.2500000e+01;2.4061039e-01;2.2500000e+01;2.2641030e-01;2.2500000e+01;2.0539728e-01;2.2500000e+01;1.9101316e-02;2.2500000e+01;2.8311778e-02;2.2500000e+01;4.0473536e-02;2.2500000e+01;5.5185646e-02;2.2500000e+01;7.1087100e-02;2.2500000e+01;8.8081971e-02;2.2500000e+01;1.0556330e-01;2.2500000e+01;1.2398873e-01;2.2500000e+01;1.4149937e-01;2.2500000e+01;1.5646596e-01;2.2500000e+01;1.7389607e-01;2.2500000e+01;2.0160514e-01;2.2500000e+01;2.3019974e-01;2.2500000e+01;2.4650174e-01;2.2500000e+01;2.4750786e-01;2.2500000e+01;2.4061039e-01;2.2500000e+01;2.2641030e-01;2.2500000e+01;2.0539728e-01;2.2500000e+01;1.9101316e-02;2.2500000e+01;2.8311778e-02;2.2500000e+01;4.0473536e-02;2.2500000e+01;5.5185646e-02;2.2500000e+01;7.1087100e-02;2.2500000e+01;8.8081971e-02;2.2500000e+01;1.0556330e-01;2.2500000e+01;1.2398873e-01;2.2500000e+01;1.4149937e-01;2.2500000e+01;1.5646596e-01;2.2500000e+01;1.7389607e-01;2.2500000e+01;2.0160514e-01;2.2500000e+01;2.3019974e-01;2.2500000e+01;2.4650174e-01;2.2500000e+01;2.4750786e-01;2.2500000e+01;2.4061039e-01;2.2500000e+01;2.2641030e-01;2.2500000e+01;2.0539728e-01;2.2500000e+01;1.9101316e-02;2.2500000e+01;2.8311778e-02;2.2500000e+01;4.0473536e-02;2.2500000e+01;5.5185646e-02;2.2500000e+01;7.1087100e-02;2.2500000e+01;8.8081971e-02;2.2500000e+01;1.0556330e-01;2.2500000e+01;1.2398873e-01;2.2500000e+01;1.4149937e-01;2.2500000e+01;1.5646596e-01;2.2500000e+01;1.7389607e-01;2.2500000e+01;2.0160514e-01;2.2500000e+01;2.3019974e-01;2.2500000e+01;2.4650174e-01;2.2500000e+01;2.4750786e-01;2.2500000e+01;2.4061039e-01;2.2500000e+01;2.2641030e-01;2.2500000e+01;2.0539728e-01;2.2500000e+01;1.9101316e-02;2.2500000e+01;2.8311778e-02;2.2500000e+01;4.0473536e-02;2.2500000e+01;5.5185646e-02;2.2500000e+01;7.1087100e-02;2.2500000e+01;8.8081971e-02;2.2500000e+01;1.0556330e-01;2.2500000e+01;1.2398873e-01;2.2500000e+01;1.4149937e-01;2.2500000e+01;1.5646596e-01;2.2500000e+01;1.7389607e-01;2.2500000e+01;2.0160514e-01;2.2500000e+01;2.3019974e-01;2.2500000e+01;2.4650174e-01;2.2500000e+01;2.4750786e-01;2.2500000e+01;2.4061039e-01;2.2500000e+01;2.2641030e-01;2.2500000e+01;2.0539728e-01;2.2500000e+01;1.9101316e-02;2.2500000e+01;2.8311778e-02;2.2500000e+01;4.0473536e-02;2.2500000e+01;5.5185646e-02;2.2500000e+01;7.1087100e-02;2.2500000e+01;8.8081971e-02;2.2500000e+01;1.0556330e-01;2.2500000e+01;1.2398873e-01;2.2500000e+01;1.4149937e-01;2.2500000e+01;1.5646596e-01;2.2500000e+01;1.7389607e-01;2.2500000e+01;2.0160514e-01;2.2500000e+01;2.3019974e-01;2.2500000e+01;2.4650174e-01;2.2500000e+01;2.4750786e-01;2.2500000e+01;2.4061039e-01;2.2500000e+01;2.2641030e-01;2.2500000e+01;2.0539728e-01;2.2500000e+01;1.9101316e-02;2.2500000e+01;2.8311778e-02;2.2500000e+01;4.0473536e-02;2.2500000e+01;5.5185646e-02;2.2500000e+01;7.1087100e-02;2.2500000e+01;8.8081971e-02;2.2500000e+01;1.0556330e-01;2.2500000e+01;1.2398873e-01;2.2500000e+01;1.4149937e-01;2.2500000e+01;1.5646596e-01;2.2500000e+01;1.7389607e-01;2.2500000e+01;2.0160514e-01;2.2500000e+01;2.3019974e-01;2.2500000e+01;2.4650174e-01;2.2500000e+01;2.4750786e-01;2.2500000e+01;2.4061039e-01;2.2500000e+01;2.2641030e-01;2.2500000e+01;2.0539728e-01;2.2500000e+01;1.9101316e-02;2.2500000e+01;2.8311778e-02;2.2500000e+01;4.0473536e-02;2.2500000e+01;5.5185646e-02;2.2500000e+01;7.1087100e-02;2.2500000e+01;8.8081971e-02;2.2500000e+01;1.0556330e-01;2.2500000e+01;1.2398873e-01;2.2500000e+01;1.4149937e-01;2.2500000e+01;1.5646596e-01;2.2500000e+01;1.7389607e-01;2.2500000e+01;2.0160514e-01;2.2500000e+01;2.3019974e-01;2.2500000e+01;2.4650174e-01;2.2500000e+01;2.4750786e-01;2.2500000e+01;2.4061039e-01;2.2500000e+01;2.2641030e-01;2.2500000e+01;2.0539728e-01;2.2500000e+01;1.9101316e-02;2.2500000e+01;2.8311778e-02;2.2500000e+01;4.0473536e-02;2.2500000e+01;5.5185646e-02;2.2500000e+01;7.1087100e-02;2.2500000e+01;8.8081971e-02;2.2500000e+01;1.0556330e-01;2.2500000e+01;1.2398873e-01;2.2500000e+01;1.4149937e-01;2.2500000e+01;1.5646596e-01;2.2500000e+01;1.7389607e-01;2.2500000e+01;2.0160514e-01;2.2500000e+01;2.3019974e-01;2.2500000e+01;2.4650174e-01;2.2500000e+01;2.4750786e-01;2.2500000e+01;2.4061039e-01;2.2500000e+01;2.2641030e-01;2.2500000e+01;2.0539728e-01;2.2500000e+01;1.9101316e-02;2.2500000e+01;2.8311778e-02;2.2500000e+01;4.0473536e-02;2.2500000e+01;5.5185646e-02;2.2500000e+01;7.1087100e-02;2.2500000e+01;8.8081971e-02;2.2500000e+01;1.0556330e-01;2.2500000e+01;1.2398873e-01;2.2500000e+01;1.4149937e-01;2.2500000e+01;1.5646596e-01;2.2500000e+01;1.7389607e-01;2.2500000e+01;2.0160514e-01;2.2500000e+01;2.3019974e-01;2.2500000e+01;2.4650174e-01;2.2500000e+01;2.4750786e-01;2.2500000e+01;2.4061039e-01;2.2500000e+01;2.2641030e-01;2.2500000e+01;2.0539728e-01;2.2500000e+01;1.9101316e-02;2.2500000e+01;2.8311778e-02;2.2500000e+01;4.0473536e-02;2.2500000e+01;5.5185646e-02;2.2500000e+01;7.1087100e-02;2.2500000e+01;8.8081971e-02;2.2500000e+01;1.0556330e-01;2.2500000e+01;1.2398873e-01;2.2500000e+01;1.4149937e-01;2.2500000e+01;1.5646596e-01;2.2500000e+01;1.7389607e-01;2.2500000e+01;2.0160514e-01;2.2500000e+01;2.3019974e-01;2.2500000e+01;2.4650174e-01;2.2500000e+01;2.4750786e-01;2.2500000e+01;2.4061039e-01;2.2500000e+01;2.2641030e-01;2.2500000e+01;2.0539728e-01;2.2500000e+01;1.9101316e-02;2.2500000e+01;2.8311778e-02;2.2500000e+01;4.0473536e-02;2.2500000e+01;5.5185646e-02;2.2500000e+01;7.1087100e-02;2.2500000e+01;8.8081971e-02;2.2500000e+01;1.0556330e-01;2.2500000e+01;1.2398873e-01;2.2500000e+01;1.4149937e-01;2.2500000e+01;1.5646596e-01;2.2500000e+01;1.7389607e-01;2.2500000e+01;2.0160514e-01;2.2500000e+01;2.3019974e-01;2.2500000e+01;2.4650174e-01;2.2500000e+01;2.4750786e-01;2.2500000e+01;2.4061039e-01;2.2500000e+01;2.2641030e-01;2.2500000e+01;2.0539728e-01;2.2500000e+01;1.9101316e-02;2.2500000e+01;2.8311778e-02;2.2500000e+01;4.0473536e-02;2.2500000e+01;5.5185646e-02;2.2500000e+01;7.1087100e-02;2.2500000e+01;8.8081971e-02;2.2500000e+01;1.0556330e-01;2.2500000e+01;1.2398873e-01;2.2500000e+01;1.4149937e-01;2.2500000e+01;1.5646596e-01;2.2500000e+01;1.7389607e-01;2.2500000e+01;2.0160514e-01;2.2500000e+01;2.3019974e-01;2.2500000e+01;2.4650174e-01;2.2500000e+01;2.4750786e-01;2.2500000e+01;2.4061039e-01;2.2500000e+01;2.2641030e-01;2.2500000e+01;2.0539728e-01;2.2500000e+01;1.9101316e-02;2.2500000e+01;2.8311778e-02;2.2500000e+01;4.0473536e-02;2.2500000e+01;5.5185646e-02;2.2500000e+01;7.1087100e-02;2.2500000e+01;8.8081971e-02;2.2500000e+01;1.0556330e-01;2.2500000e+01;1.2398873e-01;2.2500000e+01;1.4149937e-01;2.2500000e+01;1.5646596e-01;2.2500000e+01;1.7389607e-01;2.2500000e+01;2.0160514e-01;2.2500000e+01;2.3019974e-01;2.2500000e+01;2.4650174e-01;2.2500000e+01;2.4750786e-01;2.2500000e+01;2.4061039e-01;2.2500000e+01;2.2641030e-01;2.2500000e+01;2.0539728e-01;2.2500000e+01;1.9101316e-02;2.2500000e+01;2.8311778e-02;2.2500000e+01;4.0473536e-02;2.2500000e+01;5.5185646e-02;2.2500000e+01;7.1087100e-02;2.2500000e+01;8.8081971e-02;2.2500000e+01;1.0556330e-01;2.2500000e+01;1.2398873e-01;2.2500000e+01;1.4149937e-01;2.2500000e+01;1.5646596e-01;2.2500000e+01;1.7389607e-01;2.2500000e+01;2.0160514e-01;2.2500000e+01;2.3019974e-01;2.2500000e+01;2.4650174e-01;2.2500000e+01;2.4750786e-01;2.2500000e+01;2.4061039e-01;2.2500000e+01;2.2641030e-01;2.2500000e+01;2.0539728e-01;2.2500000e+01;1.9101316e-02;2.2500000e+01;2.8311778e-02;2.2500000e+01;4.0473536e-02;2.2500000e+01;5.5185646e-02;2.2500000e+01;7.1087100e-02;2.2500000e+01;8.8081971e-02;2.2500000e+01;1.0556330e-01;2.2500000e+01;1.2398873e-01;2.2500000e+01;1.4149937e-01;2.2500000e+01;1.5646596e-01;2.2500000e+01;1.7389607e-01;2.2500000e+01;2.0160514e-01;2.2500000e+01;2.3019974e-01;2.2500000e+01;2.4650174e-01;2.2500000e+01;2.4750786e-01;2.2500000e+01;2.4061039e-01;2.2500000e+01;2.2641030e-01;2.2500000e+01;2.0539728e-01;2.2500000e+01;1.9101316e-02;2.2500000e+01;2.8311778e-02;2.2500000e+01;4.0473536e-02;2.2500000e+01;5.5185646e-02;2.2500000e+01;7.1087100e-02;2.2500000e+01;8.8081971e-02;2.2500000e+01;1.0556330e-01;2.2500000e+01;1.2398873e-01;2.2500000e+01;1.4149937e-01;2.2500000e+01;1.5646596e-01;2.2500000e+01;1.7389607e-01;2.2500000e+01;2.0160514e-01;2.2500000e+01;2.3019974e-01;2.2500000e+01;2.4650174e-01;2.2500000e+01;2.4750786e-01;2.2500000e+01;2.4061039e-01;2.2500000e+01;2.2641030e-01;2.2500000e+01;2.0539728e-01;2.2500000e+01;1.9101316e-02;2.2500000e+01;2.8311778e-02;2.2500000e+01;4.0473536e-02;2.2500000e+01;5.5185646e-02;2.2500000e+01;7.1087100e-02;2.2500000e+01;8.8081971e-02;2.2500000e+01;1.0556330e-01;2.2500000e+01;1.2398873e-01;2.2500000e+01;1.4149937e-01;2.2500000e+01;1.5646596e-01;2.2500000e+01;1.7389607e-01;2.2500000e+01;2.0160514e-01;2.2500000e+01;2.3019974e-01;2.2500000e+01;2.4650174e-01;2.2500000e+01;2.4750786e-01;2.2500000e+01;2.4061039e-01;2.2500000e+01;2.2641030e-01;2.2500000e+01;2.0539728e-01;2.2500000e+01;1.9101316e-02;2.2500000e+01;2.8311778e-02;2.2500000e+01;4.0473536e-02;2.2500000e+01;5.5185646e-02;2.2500000e+01;7.1087100e-02;2.2500000e+01;8.8081971e-02;2.2500000e+01;1.0556330e-01;2.2500000e+01;1.2398873e-01;2.2500000e+01;1.4149937e-01;2.2500000e+01;1.5646596e-01;2.2500000e+01;1.7389607e-01;2.2500000e+01;2.0160514e-01;2.2500000e+01;2.3019974e-01;2.2500000e+01;2.4650174e-01;2.2500000e+01;2.4750786e-01;2.2500000e+01;2.4061039e-01;2.2500000e+01;2.2641030e-01;2.2500000e+01;2.0539728e-01;2.2500000e+01;1.9101316e-02;2.2500000e+01;2.8311778e-02;2.2500000e+01;4.0473536e-02;2.2500000e+01;5.5185646e-02;2.2500000e+01;7.1087100e-02;2.2500000e+01;8.8081971e-02;2.2500000e+01;1.0556330e-01;2.2500000e+01;1.2398873e-01;2.2500000e+01;1.4149937e-01;2.2500000e+01;1.5646596e-01;2.2500000e+01;1.7389607e-01;2.2500000e+01;2.0160514e-01;2.2500000e+01;2.3019974e-01;2.2500000e+01;2.4650174e-01;2.2500000e+01;2.4750786e-01;2.2500000e+01;2.4061039e-01;2.2500000e+01;2.2641030e-01;2.2500000e+01;2.0539728e-01;2.2500000e+01;1.9101316e-02;2.2500000e+01;2.8311778e-02;2.2500000e+01;4.0473536e-02;2.2500000e+01;5.5185646e-02;2.2500000e+01;7.1087100e-02;2.2500000e+01;8.8081971e-02;2.2500000e+01;1.0556330e-01;2.2500000e+01;1.2398873e-01;2.2500000e+01;1.4149937e-01;2.2500000e+01;1.5646596e-01;2.2500000e+01;1.7389607e-01;2.2500000e+01;2.0160514e-01;2.2500000e+01;2.3019974e-01;2.2500000e+01;2.4650174e-01;2.2500000e+01;2.4750786e-01;2.2500000e+01;2.4061039e-01;2.2500000e+01;2.2641030e-01;2.2500000e+01;2.0539728e-01;2.2500000e+01;1.9101316e-02;2.2500000e+01;2.8311778e-02;2.2500000e+01;4.0473536e-02;2.2500000e+01;5.5185646e-02;2.2500000e+01;7.1087100e-02;2.2500000e+01;8.8081971e-02;2.2500000e+01;1.0556330e-01;2.2500000e+01;1.2398873e-01;2.2500000e+01;1.4149937e-01;2.2500000e+01;1.5646596e-01;2.2500000e+01;1.7389607e-01;2.2500000e+01;2.0160514e-01;2.2500000e+01;2.3019974e-01;2.2500000e+01;2.4650174e-01;2.2500000e+01;2.4750786e-01;2.2500000e+01;2.4061039e-01;2.2500000e+01;2.2641030e-01;2.2500000e+01;2.0539728e-01;2.2500000e+01;1.9101316e-02;2.2500000e+01;2.8311778e-02;2.2500000e+01;4.0473536e-02;2.2500000e+01;5.5185646e-02;2.2500000e+01;7.1087100e-02;2.2500000e+01;8.8081971e-02;2.2500000e+01;1.0556330e-01;2.2500000e+01;1.2398873e-01;2.2500000e+01;1.4149937e-01;2.2500000e+01;1.5646596e-01;2.2500000e+01;1.7389607e-01;2.2500000e+01;2.0160514e-01;2.2500000e+01;2.3019974e-01;2.2500000e+01;2.4650174e-01;2.2500000e+01;2.4750786e-01;2.2500000e+01;2.4061039e-01;2.2500000e+01;2.2641030e-01;2.2500000e+01;2.0539728e-01;2.2500000e+01;1.9101316e-02;2.2500000e+01;2.8311778e-02;2.2500000e+01;4.0473536e-02;2.2500000e+01;5.5185646e-02;2.2500000e+01;7.1087100e-02;2.2500000e+01;8.8081971e-02;2.2500000e+01;1.0556330e-01;2.2500000e+01;1.2398873e-01;2.2500000e+01;1.4149937e-01;2.2500000e+01;1.5646596e-01;2.2500000e+01;1.7389607e-01;2.2500000e+01;2.0160514e-01;2.2500000e+01;2.3019974e-01;2.2500000e+01;2.4650174e-01;2.2500000e+01;2.4750786e-01;2.2500000e+01;2.4061039e-01;2.2500000e+01;2.2641030e-01;2.2500000e+01;2.0539728e-01;2.2500000e+01;1.9101316e-02;2.2500000e+01;2.8311778e-02;2.2500000e+01;4.0473536e-02;2.2500000e+01;5.5185646e-02;2.2500000e+01;7.1087100e-02;2.2500000e+01;8.8081971e-02;2.2500000e+01;1.0556330e-01;2.2500000e+01;1.2398873e-01;2.2500000e+01;1.4149937e-01;2.2500000e+01;1.5646596e-01;2.2500000e+01;1.7389607e-01;2.2500000e+01;2.0160514e-01;2.2500000e+01;2.3019974e-01;2.2500000e+01;2.4650174e-01;2.2500000e+01;2.4750786e-01;2.2500000e+01;2.4061039e-01;2.2500000e+01;2.2641030e-01;2.2500000e+01;2.0539728e-01;2.2500000e+01;1.9101316e-02;2.2500000e+01;2.8311778e-02;2.2500000e+01;4.0473536e-02;2.2500000e+01;5.5185646e-02;2.2500000e+01;7.1087100e-02;2.2500000e+01;8.8081971e-02;2.2500000e+01;1.0556330e-01;2.2500000e+01;1.2398873e-01;2.2500000e+01;1.4149937e-01;2.2500000e+01;1.5646596e-01;2.2500000e+01;1.7389607e-01;2.2500000e+01;2.0160514e-01;2.2500000e+01;2.3019974e-01;2.2500000e+01;2.4650174e-01;2.2500000e+01;2.4750786e-01;2.2500000e+01;2.4061039e-01;2.2500000e+01;2.2641030e-01;2.2500000e+01;2.0539728e-01;2.2500000e+01;1.9101316e-02;2.2500000e+01;2.8311778e-02;2.2500000e+01;4.0473536e-02;2.2500000e+01;5.5185646e-02;2.2500000e+01;7.1087100e-02;2.2500000e+01;8.8081971e-02;2.2500000e+01;1.0556330e-01;2.2500000e+01;1.2398873e-01;2.2500000e+01;1.4149937e-01;2.2500000e+01;1.5646596e-01;2.2500000e+01;1.7389607e-01;2.2500000e+01;2.0160514e-01;2.2500000e+01;2.3019974e-01;2.2500000e+01;2.4650174e-01;2.2500000e+01;2.4750786e-01;2.2500000e+01;2.4061039e-01;2.2500000e+01;2.2641030e-01;2.2500000e+01;2.0539728e-01;2.2500000e+01;1.9101316e-02;2.2500000e+01;2.8311778e-02;2.2500000e+01;4.0473536e-02;2.2500000e+01;5.5185646e-02;2.2500000e+01;7.1087100e-02;2.2500000e+01;8.8081971e-02;2.2500000e+01;1.0556330e-01;2.2500000e+01;1.2398873e-01;2.2500000e+01;1.4149937e-01;2.2500000e+01;1.5646596e-01;2.2500000e+01;1.7389607e-01;2.2500000e+01;2.0160514e-01;2.2500000e+01;2.3019974e-01;2.2500000e+01;2.4650174e-01;2.2500000e+01;2.4750786e-01;2.2500000e+01;2.4061039e-01;2.2500000e+01;2.2641030e-01;2.2500000e+01;2.0539728e-01;2.2500000e+01;1.9101316e-02;2.2500000e+01;2.8311778e-02;2.2500000e+01;4.0473536e-02;2.2500000e+01;5.5185646e-02;2.2500000e+01;7.1087100e-02;2.2500000e+01;8.8081971e-02;2.2500000e+01;1.0556330e-01;2.2500000e+01;1.2398873e-01;2.2500000e+01;1.4149937e-01;2.2500000e+01;1.5646596e-01;2.2500000e+01;1.7389607e-01;2.2500000e+01;2.0160514e-01;2.2500000e+01;2.3019974e-01;2.2500000e+01;2.4650174e-01;2.2500000e+01;2.4750786e-01;2.2500000e+01;2.4061039e-01;2.2500000e+01;2.2641030e-01;2.2500000e+01;2.0539728e-01;2.2500000e+01;1.9101316e-02;2.2500000e+01;2.8311778e-02;2.2500000e+01;4.0473536e-02;2.2500000e+01;5.5185646e-02;2.2500000e+01;7.1087100e-02;2.2500000e+01;8.8081971e-02;2.2500000e+01;1.0556330e-01;2.2500000e+01;1.2398873e-01;2.2500000e+01;1.4149937e-01;2.2500000e+01;1.5646596e-01;2.2500000e+01;1.7389607e-01;2.2500000e+01;2.0160514e-01;2.2500000e+01;2.3019974e-01;2.2500000e+01;2.4650174e-01;2.2500000e+01;2.4750786e-01;2.2500000e+01;2.4061039e-01;2.2500000e+01;2.2641030e-01;2.2500000e+01;2.0539728e-01;2.2500000e+01;1.9101316e-02;2.2500000e+01;2.8311778e-02;2.2500000e+01;4.0473536e-02;2.2500000e+01;5.5185646e-02;2.2500000e+01;7.1087100e-02;2.2500000e+01;8.8081971e-02;2.2500000e+01;1.0556330e-01;2.2500000e+01;1.2398873e-01;2.2500000e+01;1.4149937e-01;2.2500000e+01;1.5646596e-01;2.2500000e+01;1.7389607e-01;2.2500000e+01;2.0160514e-01;2.2500000e+01;2.3019974e-01;2.2500000e+01;2.4650174e-01;2.2500000e+01;2.4750786e-01;2.2500000e+01;2.4061039e-01;2.2500000e+01;2.2641030e-01;2.2500000e+01;2.0539728e-01;2.2500000e+01;1.9101316e-02;2.2500000e+01;2.8311778e-02;2.2500000e+01;4.0473536e-02;2.2500000e+01;5.5185646e-02;2.2500000e+01;7.1087100e-02;2.2500000e+01;8.8081971e-02;2.2500000e+01;1.0556330e-01;2.2500000e+01;1.2398873e-01;2.2500000e+01;1.4149937e-01;2.2500000e+01;1.5646596e-01;2.2500000e+01;1.7389607e-01;2.2500000e+01;2.0160514e-01;2.2500000e+01;2.3019974e-01;2.2500000e+01;2.4650174e-01;2.2500000e+01;2.4750786e-01;2.2500000e+01;2.4061039e-01;2.2500000e+01;2.2641030e-01;2.2500000e+01;2.0539728e-01;2.2500000e+01;1.9101316e-02;2.2500000e+01;2.8311778e-02;2.2500000e+01;4.0473536e-02;2.2500000e+01;5.5185646e-02;2.2500000e+01;7.1087100e-02;2.2500000e+01;8.8081971e-02;2.2500000e+01;1.0556330e-01;2.2500000e+01;1.2398873e-01;2.2500000e+01;1.4149937e-01;2.2500000e+01;1.5646596e-01;2.2500000e+01;1.7389607e-01;2.2500000e+01;2.0160514e-01;2.2500000e+01;2.3019974e-01;2.2500000e+01;2.4650174e-01;2.2500000e+01;2.4750786e-01;2.2500000e+01;2.4061039e-01;2.2500000e+01;2.2641030e-01;2.2500000e+01;2.0539728e-01;2.2500000e+01;1.9101316e-02;2.2500000e+01;2.8311778e-02;2.2500000e+01;4.0473536e-02;2.2500000e+01;5.5185646e-02;2.2500000e+01;7.1087100e-02;2.2500000e+01;8.8081971e-02;2.2500000e+01;1.0556330e-01;2.2500000e+01;1.2398873e-01;2.2500000e+01;1.4149937e-01;2.2500000e+01;1.5646596e-01;2.2500000e+01;1.7389607e-01;2.2500000e+01;2.0160514e-01;2.2500000e+01;2.3019974e-01;2.2500000e+01;2.4650174e-01;2.2500000e+01;2.4750786e-01;2.2500000e+01;2.4061039e-01;2.2500000e+01;2.2641030e-01;2.2500000e+01;2.0539728e-01;2.2500000e+01;1.9101316e-02;2.2500000e+01;2.8311778e-02;2.2500000e+01;4.0473536e-02;2.2500000e+01;5.5185646e-02;2.2500000e+01;7.1087100e-02;2.2500000e+01;8.8081971e-02;2.2500000e+01;1.0556330e-01;2.2500000e+01;1.2398873e-01;2.2500000e+01;1.4149937e-01;2.2500000e+01;1.5646596e-01;2.2500000e+01;1.7389607e-01;2.2500000e+01;2.0160514e-01;2.2500000e+01;2.3019974e-01;2.2500000e+01;2.4650174e-01;2.2500000e+01;2.4750786e-01;2.2500000e+01;2.4061039e-01;2.2500000e+01;2.2641030e-01;2.2500000e+01;2.0539728e-01;2.2500000e+01;1.9101316e-02;2.2500000e+01;2.8311778e-02;2.2500000e+01;4.0473536e-02;2.2500000e+01;5.5185646e-02;2.2500000e+01;7.1087100e-02;2.2500000e+01;8.8081971e-02;2.2500000e+01;1.0556330e-01;2.2500000e+01;1.2398873e-01;2.2500000e+01;1.4149937e-01;2.2500000e+01;1.5646596e-01;2.2500000e+01;1.7389607e-01;2.2500000e+01;2.0160514e-01;2.2500000e+01;2.3019974e-01;2.2500000e+01;2.4650174e-01;2.2500000e+01;2.4750786e-01;2.2500000e+01;2.4061039e-01;2.2500000e+01;2.2641030e-01;2.2500000e+01;2.0539728e-01;2.2500000e+01;1.9101316e-02;2.2500000e+01;2.8311778e-02;2.2500000e+01;4.0473536e-02;2.2500000e+01;5.5185646e-02;2.2500000e+01;7.1087100e-02;2.2500000e+01;8.8081971e-02;2.2500000e+01;1.0556330e-01;2.2500000e+01;1.2398873e-01;2.2500000e+01;1.4149937e-01;2.2500000e+01;1.5646596e-01;2.2500000e+01;1.7389607e-01;2.2500000e+01;2.0160514e-01;2.2500000e+01;2.3019974e-01;2.2500000e+01;2.4650174e-01;2.2500000e+01;2.4750786e-01;2.2500000e+01;2.4061039e-01;2.2500000e+01;2.2641030e-01;2.2500000e+01;2.0539728e-01;2.2500000e+01;1.9101316e-02;2.2500000e+01;2.8311778e-02;2.2500000e+01;4.0473536e-02;2.2500000e+01;5.5185646e-02;2.2500000e+01;7.1087100e-02;2.2500000e+01;8.8081971e-02;2.2500000e+01;1.0556330e-01;2.2500000e+01;1.2398873e-01;2.2500000e+01;1.4149937e-01;2.2500000e+01;1.5646596e-01;2.2500000e+01;1.7389607e-01;2.2500000e+01;2.0160514e-01;2.2500000e+01;2.3019974e-01;2.2500000e+01;2.4650174e-01;2.2500000e+01;2.4750786e-01;2.2500000e+01;2.4061039e-01;2.2500000e+01;2.2641030e-01;2.2500000e+01;2.0539728e-01;2.2500000e+01;1.9101316e-02;2.2500000e+01;2.8311778e-02;2.2500000e+01;4.0473536e-02;2.2500000e+01;5.5185646e-02;2.2500000e+01;7.1087100e-02;2.2500000e+01;8.8081971e-02;2.2500000e+01;1.0556330e-01;2.2500000e+01;1.2398873e-01;2.2500000e+01;1.4149937e-01;2.2500000e+01;1.5646596e-01;2.2500000e+01;1.7389607e-01;2.2500000e+01;2.0160514e-01;2.2500000e+01;2.3019974e-01;2.2500000e+01;2.4650174e-01;2.2500000e+01;2.4750786e-01;2.2500000e+01;2.4061039e-01;2.2500000e+01;2.2641030e-01;2.2500000e+01;2.0539728e-01;2.2500000e+01;1.9101316e-02;2.2500000e+01;2.8311778e-02;2.2500000e+01;4.0473536e-02;2.2500000e+01;5.5185646e-02;2.2500000e+01;7.1087100e-02;2.2500000e+01;8.8081971e-02;2.2500000e+01;1.0556330e-01;2.2500000e+01;1.2398873e-01;2.2500000e+01;1.4149937e-01;2.2500000e+01;1.5646596e-01;2.2500000e+01;1.7389607e-01;2.2500000e+01;2.0160514e-01;2.2500000e+01;2.3019974e-01;2.2500000e+01;2.4650174e-01;2.2500000e+01;2.4750786e-01;2.2500000e+01;2.4061039e-01;2.2500000e+01;2.2641030e-01;2.2500000e+01;2.0539728e-01;2.2500000e+01;1.9101316e-02;2.2500000e+01;2.8311778e-02;2.2500000e+01;4.0473536e-02;2.2500000e+01;5.5185646e-02;2.2500000e+01;7.1087100e-02;2.2500000e+01;8.8081971e-02;2.2500000e+01;1.0556330e-01;2.2500000e+01;1.2398873e-01;2.2500000e+01;1.4149937e-01;2.2500000e+01;1.5646596e-01;2.2500000e+01;1.7389607e-01;2.2500000e+01;2.0160514e-01;2.2500000e+01;2.3019974e-01;2.2500000e+01;2.4650174e-01;2.2500000e+01;2.4750786e-01;2.2500000e+01;2.4061039e-01;2.2500000e+01;2.2641030e-01;2.2500000e+01;2.0539728e-01;2.2500000e+01;1.9101316e-02;2.2500000e+01;2.8311778e-02;2.2500000e+01;4.0473536e-02;2.2500000e+01;5.5185646e-02;2.2500000e+01;7.1087100e-02;2.2500000e+01;8.8081971e-02;2.2500000e+01;1.0556330e-01;2.2500000e+01;1.2398873e-01;2.2500000e+01;1.4149937e-01;2.2500000e+01;1.5646596e-01;2.2500000e+01;1.7389607e-01;2.2500000e+01;2.0160514e-01;2.2500000e+01;2.3019974e-01;2.2500000e+01;2.4650174e-01;2.2500000e+01;2.4750786e-01;2.2500000e+01;2.4061039e-01;2.2500000e+01;2.2641030e-01;2.2500000e+01;2.0539728e-01;2.2500000e+01;1.9101316e-02;2.2500000e+01;2.8311778e-02;2.2500000e+01;4.0473536e-02;2.2500000e+01;5.5185646e-02;2.2500000e+01;7.1087100e-02;2.2500000e+01;8.8081971e-02;2.2500000e+01;1.0556330e-01;2.2500000e+01;1.2398873e-01;2.2500000e+01;1.4149937e-01;2.2500000e+01;1.5646596e-01;2.2500000e+01;1.7389607e-01;2.2500000e+01;2.0160514e-01;2.2500000e+01;2.3019974e-01;2.2500000e+01;2.4650174e-01;2.2500000e+01;2.4750786e-01;2.2500000e+01;2.4061039e-01;2.2500000e+01;2.2641030e-01;2.2500000e+01;2.0539728e-01;2.2500000e+01;1.9101316e-02;2.2500000e+01;2.8311778e-02;2.2500000e+01;4.0473536e-02;2.2500000e+01;5.5185646e-02;2.2500000e+01;7.1087100e-02;2.2500000e+01;8.8081971e-02;2.2500000e+01;1.0556330e-01;2.2500000e+01;1.2398873e-01;2.2500000e+01;1.4149937e-01;2.2500000e+01;1.5646596e-01;2.2500000e+01;1.7389607e-01;2.2500000e+01;2.0160514e-01;2.2500000e+01;2.3019974e-01;2.2500000e+01;2.4650174e-01;2.2500000e+01;2.4750786e-01;2.2500000e+01;2.4061039e-01;2.2500000e+01;2.2641030e-01;2.2500000e+01;2.0539728e-01;2.2500000e+01;1.9101316e-02;2.2500000e+01;2.8311778e-02;2.2500000e+01;4.0473536e-02;2.2500000e+01;5.5185646e-02;2.2500000e+01;7.1087100e-02;2.2500000e+01;8.8081971e-02;2.2500000e+01;1.0556330e-01;2.2500000e+01;1.2398873e-01;2.2500000e+01;1.4149937e-01;2.2500000e+01;1.5646596e-01;2.2500000e+01;1.7389607e-01;2.2500000e+01;2.0160514e-01;2.2500000e+01;2.3019974e-01;2.2500000e+01;2.4650174e-01;2.2500000e+01;2.4750786e-01;2.2500000e+01;2.4061039e-01;2.2500000e+01;2.2641030e-01;2.2500000e+01;2.0539728e-01;2.2500000e+01;1.9101316e-02;2.2500000e+01;2.8311778e-02;2.2500000e+01;4.0473536e-02;2.2500000e+01;5.5185646e-02;2.2500000e+01;7.1087100e-02;2.2500000e+01;8.8081971e-02;2.2500000e+01;1.0556330e-01;2.2500000e+01;1.2398873e-01;2.2500000e+01;1.4149937e-01;2.2500000e+01;1.5646596e-01;2.2500000e+01;1.7389607e-01;2.2500000e+01;2.0160514e-01;2.2500000e+01;2.3019974e-01;2.2500000e+01;2.4650174e-01;2.2500000e+01;2.4750786e-01;2.2500000e+01;2.4061039e-01;2.2500000e+01;2.2641030e-01;2.2500000e+01;2.0539728e-01;2.2500000e+01;1.9101316e-02;2.2500000e+01;2.8311778e-02;2.2500000e+01;4.0473536e-02;2.2500000e+01;5.5185646e-02;2.2500000e+01;7.1087100e-02;2.2500000e+01;8.8081971e-02;2.2500000e+01;1.0556330e-01;2.2500000e+01;1.2398873e-01;2.2500000e+01;1.4149937e-01;2.2500000e+01;1.5646596e-01;2.2500000e+01;1.7389607e-01;2.2500000e+01;2.0160514e-01;2.2500000e+01;2.3019974e-01;2.2500000e+01;2.4650174e-01;2.2500000e+01;2.4750786e-01;2.2500000e+01;2.4061039e-01;2.2500000e+01;2.2641030e-01;2.2500000e+01;2.0539728e-01;2.2500000e+01;1.9101316e-02;2.2500000e+01;2.8311778e-02;2.2500000e+01;4.0473536e-02;2.2500000e+01;5.5185646e-02;2.2500000e+01;7.1087100e-02;2.2500000e+01;8.8081971e-02;2.2500000e+01;1.0556330e-01;2.2500000e+01;1.2398873e-01;2.2500000e+01;1.4149937e-01;2.2500000e+01;1.5646596e-01;2.2500000e+01;1.7389607e-01;2.2500000e+01;2.0160514e-01;2.2500000e+01;2.3019974e-01;2.2500000e+01;2.4650174e-01;2.2500000e+01;2.4750786e-01;2.2500000e+01;2.4061039e-01;2.2500000e+01;2.2641030e-01;2.2500000e+01;2.0539728e-01;2.2500000e+01;1.9101316e-02;2.2500000e+01;2.8311778e-02;2.2500000e+01;4.0473536e-02;2.2500000e+01;5.5185646e-02;2.2500000e+01;7.1087100e-02;2.2500000e+01;8.8081971e-02;2.2500000e+01;1.0556330e-01;2.2500000e+01;1.2398873e-01;2.2500000e+01;1.4149937e-01;2.2500000e+01;1.5646596e-01;2.2500000e+01;1.7389607e-01;2.2500000e+01;2.0160514e-01;2.2500000e+01;2.3019974e-01;2.2500000e+01;2.4650174e-01;2.2500000e+01;2.4750786e-01;2.2500000e+01;2.4061039e-01;2.2500000e+01;2.2641030e-01;2.2500000e+01;2.0539728e-01;2.2500000e+01;1.9101316e-02;2.2500000e+01;2.8311778e-02;2.2500000e+01;4.0473536e-02;2.2500000e+01;5.5185646e-02;2.2500000e+01;7.1087100e-02;2.2500000e+01;8.8081971e-02;2.2500000e+01;1.0556330e-01;2.2500000e+01;1.2398873e-01;2.2500000e+01;1.4149937e-01;2.2500000e+01;1.5646596e-01;2.2500000e+01;1.7389607e-01;2.2500000e+01;2.0160514e-01;2.2500000e+01;2.3019974e-01;2.2500000e+01;2.4650174e-01;2.2500000e+01;2.4750786e-01;2.2500000e+01;2.4061039e-01;2.2500000e+01;2.2641030e-01;2.2500000e+01;2.0539728e-01;2.2500000e+01;1.9101316e-02;2.2500000e+01;2.8311778e-02;2.2500000e+01;4.0473536e-02;2.2500000e+01;5.5185646e-02;2.2500000e+01;7.1087100e-02;2.2500000e+01;8.8081971e-02;2.2500000e+01;1.0556330e-01;2.2500000e+01;1.2398873e-01;2.2500000e+01;1.4149937e-01;2.2500000e+01;1.5646596e-01;2.2500000e+01;1.7389607e-01;2.2500000e+01;2.0160514e-01;2.2500000e+01;2.3019974e-01;2.2500000e+01;2.4650174e-01;2.2500000e+01;2.4750786e-01;2.2500000e+01;2.4061039e-01;2.2500000e+01;2.2641030e-01;2.2500000e+01;2.0539728e-01;2.2500000e+01;1.9101316e-02;2.2500000e+01;2.8311778e-02;2.2500000e+01;4.0473536e-02;2.2500000e+01;5.5185646e-02;2.2500000e+01;7.1087100e-02;2.2500000e+01;8.8081971e-02;2.2500000e+01;1.0556330e-01;2.2500000e+01;1.2398873e-01;2.2500000e+01;1.4149937e-01;2.2500000e+01;1.5646596e-01;2.2500000e+01;1.7389607e-01;2.2500000e+01;2.0160514e-01;2.2500000e+01;2.3019974e-01;2.2500000e+01;2.4650174e-01;2.2500000e+01;2.4750786e-01;2.2500000e+01;2.4061039e-01;2.2500000e+01;2.2641030e-01;2.2500000e+01;2.0539728e-01;2.2500000e+01;1.9101316e-02;2.2500000e+01;2.8311778e-02;2.2500000e+01;4.0473536e-02;2.2500000e+01;5.5185646e-02;2.2500000e+01;7.1087100e-02;2.2500000e+01;8.8081971e-02;2.2500000e+01;1.0556330e-01;2.2500000e+01;1.2398873e-01;2.2500000e+01;1.4149937e-01;2.2500000e+01;1.5646596e-01;2.2500000e+01;1.7389607e-01;2.2500000e+01;2.0160514e-01;2.2500000e+01;2.3019974e-01;2.2500000e+01;2.4650174e-01;2.2500000e+01;2.4750786e-01;2.2500000e+01;2.4061039e-01;2.2500000e+01;2.2641030e-01;2.2500000e+01;2.0539728e-01;2.2500000e+01;1.9101316e-02;2.2500000e+01;2.8311778e-02;2.2500000e+01;4.0473536e-02;2.2500000e+01;5.5185646e-02;2.2500000e+01;7.1087100e-02;2.2500000e+01;8.8081971e-02;2.2500000e+01;1.0556330e-01;2.2500000e+01;1.2398873e-01;2.2500000e+01;1.4149937e-01;2.2500000e+01;1.5646596e-01;2.2500000e+01;1.7389607e-01;2.2500000e+01;2.0160514e-01;2.2500000e+01;2.3019974e-01;2.2500000e+01;2.4650174e-01;2.2500000e+01;2.4750786e-01;2.2500000e+01;2.4061039e-01;2.2500000e+01;2.2641030e-01;2.2500000e+01;2.0539728e-01;2.2500000e+01;1.9101316e-02;2.2500000e+01;2.8311778e-02;2.2500000e+01;4.0473536e-02;2.2500000e+01;5.5185646e-02;2.2500000e+01;7.1087100e-02;2.2500000e+01;8.8081971e-02;2.2500000e+01;1.0556330e-01;2.2500000e+01;1.2398873e-01;2.2500000e+01;1.4149937e-01;2.2500000e+01;1.5646596e-01;2.2500000e+01;1.7389607e-01;2.2500000e+01;2.0160514e-01;2.2500000e+01;2.3019974e-01;2.2500000e+01;2.4650174e-01;2.2500000e+01;2.4750786e-01;2.2500000e+01;2.4061039e-01;2.2500000e+01;2.2641030e-01;2.2500000e+01;2.0539728e-01;2.2500000e+01;1.9101316e-02;2.2500000e+01;2.8311778e-02;2.2500000e+01;4.0473536e-02;2.2500000e+01;5.5185646e-02;2.2500000e+01;7.1087100e-02;2.2500000e+01;8.8081971e-02;2.2500000e+01;1.0556330e-01;2.2500000e+01;1.2398873e-01;2.2500000e+01;1.4149937e-01;2.2500000e+01;1.5646596e-01;2.2500000e+01;1.7389607e-01;2.2500000e+01;2.0160514e-01;2.2500000e+01;2.3019974e-01;2.2500000e+01;2.4650174e-01;2.2500000e+01;2.4750786e-01;2.2500000e+01;2.4061039e-01;2.2500000e+01;2.2641030e-01;2.2500000e+01;2.0539728e-01;2.2500000e+01;1.9101316e-02;2.2500000e+01;2.8311778e-02;2.2500000e+01;4.0473536e-02;2.2500000e+01;5.5185646e-02;2.2500000e+01;7.1087100e-02;2.2500000e+01;8.8081971e-02;2.2500000e+01;1.0556330e-01;2.2500000e+01;1.2398873e-01;2.2500000e+01;1.4149937e-01;2.2500000e+01;1.5646596e-01;2.2500000e+01;1.7389607e-01;2.2500000e+01;2.0160514e-01;2.2500000e+01;2.3019974e-01;2.2500000e+01;2.4650174e-01;2.2500000e+01;2.4750786e-01;2.2500000e+01;2.4061039e-01;2.2500000e+01;2.2641030e-01;2.2500000e+01;2.0539728e-01;2.2500000e+01;1.9101316e-02;2.2500000e+01;2.8311778e-02;2.2500000e+01;4.0473536e-02;2.2500000e+01;5.5185646e-02;2.2500000e+01;7.1087100e-02;2.2500000e+01;8.8081971e-02;2.2500000e+01;1.0556330e-01;2.2500000e+01;1.2398873e-01;2.2500000e+01;1.4149937e-01;2.2500000e+01;1.5646596e-01;2.2500000e+01;1.7389607e-01;2.2500000e+01;2.0160514e-01;2.2500000e+01;2.3019974e-01;2.2500000e+01;2.4650174e-01;2.2500000e+01;2.4750786e-01;2.2500000e+01;2.4061039e-01;2.2500000e+01;2.2641030e-01;2.2500000e+01;2.0539728e-01;2.2500000e+01;1.9101316e-02;2.2500000e+01;2.8311778e-02;2.2500000e+01;4.0473536e-02;2.2500000e+01;5.5185646e-02;2.2500000e+01;7.1087100e-02;2.2500000e+01;8.8081971e-02;2.2500000e+01;1.0556330e-01;2.2500000e+01;1.2398873e-01;2.2500000e+01;1.4149937e-01;2.2500000e+01;1.5646596e-01;2.2500000e+01;1.7389607e-01;2.2500000e+01;2.0160514e-01;2.2500000e+01;2.3019974e-01;2.2500000e+01;2.4650174e-01;2.2500000e+01;2.4750786e-01;2.2500000e+01;2.4061039e-01;2.2500000e+01;2.2641030e-01;2.2500000e+01;2.0539728e-01
2.7500000e+01;2.1612216e-02;2.7500000e+01;3.0111142e-02;2.7500000e+01;4.2484932e-02;2.7500000e+01;5.8315739e-02;2.7500000e+01;7.6873273e-02;2.7500000e+01;9.6539289e-02;2.7500000e+01;1.1613786e-01;2.7500000e+01;1.3573493e-01;2.7500000e+01;1.5350185e-01;2.7500000e+01;1.7032675e-01;2.7500000e+01;1.8906876e-01;2.7500000e+01;2.1676326e-01;2.7500000e+01;2.4259847e-01;2.7500000e+01;2.5394917e-01;2.7500000e+01;2.5228506e-01;2.7500000e+01;2.4332654e-01;2.7500000e+01;2.2731303e-01;2.7500000e+01;2.0487940e-01;2.7500000e+01;2.1612216e-02;2.7500000e+01;3.0111142e-02;2.7500000e+01;4.2484932e-02;2.7500000e+01;5.8315739e-02;2.7500000e+01;7.6873273e-02;2.7500000e+01;9.6539289e-02;2.7500000e+01;1.1613786e-01;2.7500000e+01;1.3573493e-01;2.7500000e+01;1.5350185e-01;2.7500000e+01;1.7032675e-01;2.7500000e+01;1.8906876e-01;2.7500000e+01;2.1676326e-01;2.7500000e+01;2.4259847e-01;2.7500000e+01;2.5394917e-01;2.7500000e+01;2.5228506e-01;2.7500000e+01;2.4332654e-01;2.7500000e+01;2.2731303e-01;2.7500000e+01;2.0487940e-01;2.7500000e+01;2.1612216e-02;2.7500000e+01;3.0111142e-02;2.7500000e+01;4.2484932e-02;2.7500000e+01;5.8315739e-02;2.7500000e+01;7.6873273e-02;2.7500000e+01;9.6539289e-02;2.7500000e+01;1.1613786e-01;2.7500000e+01;1.3573493e-01;2.7500000e+01;1.5350185e-01;2.7500000e+01;1.7032675e-01;2.7500000e+01;1.8906876e-01;2.7500000e+01;2.1676326e-01;2.7500000e+01;2.4259847e-01;2.7500000e+01;2.5394917e-01;2.7500000e+01;2.5228506e-01;2.7500000e+01;2.4332654e-01;2.7500000e+01;2.2731303e-01;2.7500000e+01;2.0487940e-01;2.7500000e+01;2.1612216e-02;2.7500000e+01;3.0111142e-02;2.7500000e+01;4.2484932e-02;2.7500000e+01;5.8315739e-02;2.7500000e+01;7.6873273e-02;2.7500000e+01;9.6539289e-02;2.7500000e+01;1.1613786e-01;2.7500000e+01;1.3573493e-01;2.7500000e+01;1.5350185e-01;2.7500000e+01;1.7032675e-01;2.7500000e+01;1.8906876e-01;2.7500000e+01;2.1676326e-01;2.7500000e+01;2.4259847e-01;2.7500000e+01;2.5394917e-01;2.7500000e+01;2.5228506e-01;2.7500000e+01;2.4332654e-01;2.7500000e+01;2.2731303e-01;2.7500000e+01;2.0487940e-01;2.7500000e+01;2.1612216e-02;2.7500000e+01;3.0111142e-02;2.7500000e+01;4.2484932e-02;2.7500000e+01;5.8315739e-02;2.7500000e+01;7.6873273e-02;2.7500000e+01;9.6539289e-02;2.7500000e+01;1.1613786e-01;2.7500000e+01;1.3573493e-01;2.7500000e+01;1.5350185e-01;2.7500000e+01;1.7032675e-01;2.7500000e+01;1.8906876e-01;2.7500000e+01;2.1676326e-01;2.7500000e+01;2.4259847e-01;2.7500000e+01;2.5394917e-01;2.7500000e+01;2.5228506e-01;2.7500000e+01;2.4332654e-01;2.7500000e+01;2.2731303e-01;2.7500000e+01;2.0487940e-01;2.7500000e+01;2.1612216e-02;2.7500000e+01;3.0111142e-02;2.7500000e+01;4.2484932e-02;2.7500000e+01;5.8315739e-02;2.7500000e+01;7.6873273e-02;2.7500000e+01;9.6539289e-02;2.7500000e+01;1.1613786e-01;2.7500000e+01;1.3573493e-01;2.7500000e+01;1.5350185e-01;2.7500000e+01;1.7032675e-01;2.7500000e+01;1.8906876e-01;2.7500000e+01;2.1676326e-01;2.7500000e+01;2.4259847e-01;2.7500000e+01;2.5394917e-01;2.7500000e+01;2.5228506e-01;2.7500000e+01;2.4332654e-01;2.7500000e+01;2.2731303e-01;2.7500000e+01;2.0487940e-01;2.7500000e+01;2.1612216e-02;2.7500000e+01;3.0111142e-02;2.7500000e+01;4.2484932e-02;2.7500000e+01;5.8315739e-02;2.7500000e+01;7.6873273e-02;2.7500000e+01;9.6539289e-02;2.7500000e+01;1.1613786e-01;2.7500000e+01;1.3573493e-01;2.7500000e+01;1.5350185e-01;2.7500000e+01;1.7032675e-01;2.7500000e+01;1.8906876e-01;2.7500000e+01;2.1676326e-01;2.7500000e+01;2.4259847e-01;2.7500000e+01;2.5394917e-01;2.7500000e+01;2.5228506e-01;2.7500000e+01;2.4332654e-01;2.7500000e+01;2.2731303e-01;2.7500000e+01;2.0487940e-01;2.7500000e+01;2.1612216e-02;2.7500000e+01;3.0111142e-02;2.7500000e+01;4.2484932e-02;2.7500000e+01;5.8315739e-02;2.7500000e+01;7.6873273e-02;2.7500000e+01;9.6539289e-02;2.7500000e+01;1.1613786e-01;2.7500000e+01;1.3573493e-01;2.7500000e+01;1.5350185e-01;2.7500000e+01;1.7032675e-01;2.7500000e+01;1.8906876e-01;2.7500000e+01;2.1676326e-01;2.7500000e+01;2.4259847e-01;2.7500000e+01;2.5394917e-01;2.7500000e+01;2.5228506e-01;2.7500000e+01;2.4332654e-01;2.7500000e+01;2.2731303e-01;2.7500000e+01;2.0487940e-01;2.7500000e+01;2.1612216e-02;2.7500000e+01;3.0111142e-02;2.7500000e+01;4.2484932e-02;2.7500000e+01;5.8315739e-02;2.7500000e+01;7.6873273e-02;2.7500000e+01;9.6539289e-02;2.7500000e+01;1.1613786e-01;2.7500000e+01;1.3573493e-01;2.7500000e+01;1.5350185e-01;2.7500000e+01;1.7032675e-01;2.7500000e+01;1.8906876e-01;2.7500000e+01;2.1676326e-01;2.7500000e+01;2.4259847e-01;2.7500000e+01;2.5394917e-01;2.7500000e+01;2.5228506e-01;2.7500000e+01;2.4332654e-01;2.7500000e+01;2.2731303e-01;2.7500000e+01;2.0487940e-01;2.7500000e+01;2.1612216e-02;2.7500000e+01;3.0111142e-02;2.7500000e+01;4.2484932e-02;2.7500000e+01;5.8315739e-02;2.7500000e+01;7.6873273e-02;2.7500000e+01;9.6539289e-02;2.7500000e+01;1.1613786e-01;2.7500000e+01;1.3573493e-01;2.7500000e+01;1.5350185e-01;2.7500000e+01;1.7032675e-01;2.7500000e+01;1.8906876e-01;2.7500000e+01;2.1676326e-01;2.7500000e+01;2.4259847e-01;2.7500000e+01;2.5394917e-01;2.7500000e+01;2.5228506e-01;2.7500000e+01;2.4332654e-01;2.7500000e+01;2.2731303e-01;2.7500000e+01;2.0487940e-01;2.7500000e+01;2.1612216e-02;2.7500000e+01;3.0111142e-02;2.7500000e+01;4.2484932e-02;2.7500000e+01;5.8315739e-02;2.7500000e+01;7.6873273e-02;2.7500000e+01;9.6539289e-02;2.7500000e+01;1.1613786e-01;2.7500000e+01;1.3573493e-01;2.7500000e+01;1.5350185e-01;2.7500000e+01;1.7032675e-01;2.7500000e+01;1.8906876e-01;2.7500000e+01;2.1676326e-01;2.7500000e+01;2.4259847e-01;2.7500000e+01;2.5394917e-01;2.7500000e+01;2.5228506e-01;2.7500000e+01;2.4332654e-01;2.7500000e+01;2.2731303e-01;2.7500000e+01;2.0487940e-01;2.7500000e+01;2.1612216e-02;2.7500000e+01;3.0111142e-02;2.7500000e+01;4.2484932e-02;2.7500000e+01;5.8315739e-02;2.7500000e+01;7.6873273e-02;2.7500000e+01;9.6539289e-02;2.7500000e+01;1.1613786e-01;2.7500000e+01;1.3573493e-01;2.7500000e+01;1.5350185e-01;2.7500000e+01;1.7032675e-01;2.7500000e+01;1.8906876e-01;2.7500000e+01;2.1676326e-01;2.7500000e+01;2.4259847e-01;2.7500000e+01;2.5394917e-01;2.7500000e+01;2.5228506e-01;2.7500000e+01;2.4332654e-01;2.7500000e+01;2.2731303e-01;2.7500000e+01;2.0487940e-01;2.7500000e+01;2.1612216e-02;2.7500000e+01;3.0111142e-02;2.7500000e+01;4.2484932e-02;2.7500000e+01;5.8315739e-02;2.7500000e+01;7.6873273e-02;2.7500000e+01;9.6539289e-02;2.7500000e+01;1.1613786e-01;2.7500000e+01;1.3573493e-01;2.7500000e+01;1.5350185e-01;2.7500000e+01;1.7032675e-01;2.7500000e+01;1.8906876e-01;2.7500000e+01;2.1676326e-01;2.7500000e+01;2.4259847e-01;2.7500000e+01;2.5394917e-01;2.7500000e+01;2.5228506e-01;2.7500000e+01;2.4332654e-01;2.7500000e+01;2.2731303e-01;2.7500000e+01;2.0487940e-01;2.7500000e+01;2.1612216e-02;2.7500000e+01;3.0111142e-02;2.7500000e+01;4.2484932e-02;2.7500000e+01;5.8315739e-02;2.7500000e+01;7.6873273e-02;2.7500000e+01;9.6539289e-02;2.7500000e+01;1.1613786e-01;2.7500000e+01;1.3573493e-01;2.7500000e+01;1.5350185e-01;2.7500000e+01;1.7032675e-01;2.7500000e+01;1.8906876e-01;2.7500000e+01;2.1676326e-01;2.7500000e+01;2.4259847e-01;2.7500000e+01;2.5394917e-01;2.7500000e+01;2.5228506e-01;2.7500000e+01;2.4332654e-01;2.7500000e+01;2.2731303e-01;2.7500000e+01;2.0487940e-01;2.7500000e+01;2.1612216e-02;2.7500000e+01;3.0111142e-02;2.7500000e+01;4.2484932e-02;2.7500000e+01;5.8315739e-02;2.7500000e+01;7.6873273e-02;2.7500000e+01;9.6539289e-02;2.7500000e+01;1.1613786e-01;2.7500000e+01;1.3573493e-01;2.7500000e+01;1.5350185e-01;2.7500000e+01;1.7032675e-01;2.7500000e+01;1.8906876e-01;2.7500000e+01;2.1676326e-01;2.7500000e+01;2.4259847e-01;2.7500000e+01;2.5394917e-01;2.7500000e+01;2.5228506e-01;2.7500000e+01;2.4332654e-01;2.7500000e+01;2.2731303e-01;2.7500000e+01;2.0487940e-01;2.7500000e+01;2.1612216e-02;2.7500000e+01;3.0111142e-02;2.7500000e+01;4.2484932e-02;2.7500000e+01;5.8315739e-02;2.7500000e+01;7.6873273e-02;2.7500000e+01;9.6539289e-02;2.7500000e+01;1.1613786e-01;2.7500000e+01;1.3573493e-01;2.7500000e+01;1.5350185e-01;2.7500000e+01;1.7032675e-01;2.7500000e+01;1.8906876e-01;2.7500000e+01;2.1676326e-01;2.7500000e+01;2.4259847e-01;2.7500000e+01;2.5394917e-01;2.7500000e+01;2.5228506e-01;2.7500000e+01;2.4332654e-01;2.7500000e+01;2.2731303e-01;2.7500000e+01;2.0487940e-01;2.7500000e+01;2.1612216e-02;2.7500000e+01;3.0111142e-02;2.7500000e+01;4.2484932e-02;2.7500000e+01;5.8315739e-02;2.7500000e+01;7.6873273e-02;2.7500000e+01;9.6539289e-02;2.7500000e+01;1.1613786e-01;2.7500000e+01;1.3573493e-01;2.7500000e+01;1.5350185e-01;2.7500000e+01;1.7032675e-01;2.7500000e+01;1.8906876e-01;2.7500000e+01;2.1676326e-01;2.7500000e+01;2.4259847e-01;2.7500000e+01;2.5394917e-01;2.7500000e+01;2.5228506e-01;2.7500000e+01;2.4332654e-01;2.7500000e+01;2.2731303e-01;2.7500000e+01;2.0487940e-01;2.7500000e+01;2.1612216e-02;2.7500000e+01;3.0111142e-02;2.7500000e+01;4.2484932e-02;2.7500000e+01;5.8315739e-02;2.7500000e+01;7.6873273e-02;2.7500000e+01;9.6539289e-02;2.7500000e+01;1.1613786e-01;2.7500000e+01;1.3573493e-01;2.7500000e+01;1.5350185e-01;2.7500000e+01;1.7032675e-01;2.7500000e+01;1.8906876e-01;2.7500000e+01;2.1676326e-01;2.7500000e+01;2.4259847e-01;2.7500000e+01;2.5394917e-01;2.7500000e+01;2.5228506e-01;2.7500000e+01;2.4332654e-01;2.7500000e+01;2.2731303e-01;2.7500000e+01;2.0487940e-01;2.7500000e+01;2.1612216e-02;2.7500000e+01;3.0111142e-02;2.7500000e+01;4.2484932e-02;2.7500000e+01;5.8315739e-02;2.7500000e+01;7.6873273e-02;2.7500000e+01;9.6539289e-02;2.7500000e+01;1.1613786e-01;2.7500000e+01;1.3573493e-01;2.7500000e+01;1.5350185e-01;2.7500000e+01;1.7032675e-01;2.7500000e+01;1.8906876e-01;2.7500000e+01;2.1676326e-01;2.7500000e+01;2.4259847e-01;2.7500000e+01;2.5394917e-01;2.7500000e+01;2.5228506e-01;2.7500000e+01;2.4332654e-01;2.7500000e+01;2.2731303e-01;2.7500000e+01;2.0487940e-01;2.7500000e+01;2.1612216e-02;2.7500000e+01;3.0111142e-02;2.7500000e+01;4.2484932e-02;2.7500000e+01;5.8315739e-02;2.7500000e+01;7.6873273e-02;2.7500000e+01;9.6539289e-02;2.7500000e+01;1.1613786e-01;2.7500000e+01;1.3573493e-01;2.7500000e+01;1.5350185e-01;2.7500000e+01;1.7032675e-01;2.7500000e+01;1.8906876e-01;2.7500000e+01;2.1676326e-01;2.7500000e+01;2.4259847e-01;2.7500000e+01;2.5394917e-01;2.7500000e+01;2.5228506e-01;2.7500000e+01;2.4332654e-01;2.7500000e+01;2.2731303e-01;2.7500000e+01;2.0487940e-01;2.7500000e+01;2.1612216e-02;2.7500000e+01;3.0111142e-02;2.7500000e+01;4.2484932e-02;2.7500000e+01;5.8315739e-02;2.7500000e+01;7.6873273e-02;2.7500000e+01;9.6539289e-02;2.7500000e+01;1.1613786e-01;2.7500000e+01;1.3573493e-01;2.7500000e+01;1.5350185e-01;2.7500000e+01;1.7032675e-01;2.7500000e+01;1.8906876e-01;2.7500000e+01;2.1676326e-01;2.7500000e+01;2.4259847e-01;2.7500000e+01;2.5394917e-01;2.7500000e+01;2.5228506e-01;2.7500000e+01;2.4332654e-01;2.7500000e+01;2.2731303e-01;2.7500000e+01;2.0487940e-01;2.7500000e+01;2.1612216e-02;2.7500000e+01;3.0111142e-02;2.7500000e+01;4.2484932e-02;2.7500000e+01;5.8315739e-02;2.7500000e+01;7.6873273e-02;2.7500000e+01;9.6539289e-02;2.7500000e+01;1.1613786e-01;2.7500000e+01;1.3573493e-01;2.7500000e+01;1.5350185e-01;2.7500000e+01;1.7032675e-01;2.7500000e+01;1.8906876e-01;2.7500000e+01;2.1676326e-01;2.7500000e+01;2.4259847e-01;2.7500000e+01;2.5394917e-01;2.7500000e+01;2.5228506e-01;2.7500000e+01;2.4332654e-01;2.7500000e+01;2.2731303e-01;2.7500000e+01;2.0487940e-01;2.7500000e+01;2.1612216e-02;2.7500000e+01;3.0111142e-02;2.7500000e+01;4.2484932e-02;2.7500000e+01;5.8315739e-02;2.7500000e+01;7.6873273e-02;2.7500000e+01;9.6539289e-02;2.7500000e+01;1.1613786e-01;2.7500000e+01;1.3573493e-01;2.7500000e+01;1.5350185e-01;2.7500000e+01;1.7032675e-01;2.7500000e+01;1.8906876e-01;2.7500000e+01;2.1676326e-01;2.7500000e+01;2.4259847e-01;2.7500000e+01;2.5394917e-01;2.7500000e+01;2.5228506e-01;2.7500000e+01;2.4332654e-01;2.7500000e+01;2.2731303e-01;2.7500000e+01;2.0487940e-01;2.7500000e+01;2.1612216e-02;2.7500000e+01;3.0111142e-02;2.7500000e+01;4.2484932e-02;2.7500000e+01;5.8315739e-02;2.7500000e+01;7.6873273e-02;2.7500000e+01;9.6539289e-02;2.7500000e+01;1.1613786e-01;2.7500000e+01;1.3573493e-01;2.7500000e+01;1.5350185e-01;2.7500000e+01;1.7032675e-01;2.7500000e+01;1.8906876e-01;2.7500000e+01;2.1676326e-01;2.7500000e+01;2.4259847e-01;2.7500000e+01;2.5394917e-01;2.7500000e+01;2.5228506e-01;2.7500000e+01;2.4332654e-01;2.7500000e+01;2.2731303e-01;2.7500000e+01;2.0487940e-01;2.7500000e+01;2.1612216e-02;2.7500000e+01;3.0111142e-02;2.7500000e+01;4.2484932e-02;2.7500000e+01;5.8315739e-02;2.7500000e+01;7.6873273e-02;2.7500000e+01;9.6539289e-02;2.7500000e+01;1.1613786e-01;2.7500000e+01;1.3573493e-01;2.7500000e+01;1.5350185e-01;2.7500000e+01;1.7032675e-01;2.7500000e+01;1.8906876e-01;2.7500000e+01;2.1676326e-01;2.7500000e+01;2.4259847e-01;2.7500000e+01;2.5394917e-01;2.7500000e+01;2.5228506e-01;2.7500000e+01;2.4332654e-01;2.7500000e+01;2.2731303e-01;2.7500000e+01;2.0487940e-01;2.7500000e+01;2.1612216e-02;2.7500000e+01;3.0111142e-02;2.7500000e+01;4.2484932e-02;2.7500000e+01;5.8315739e-02;2.7500000e+01;7.6873273e-02;2.7500000e+01;9.6539289e-02;2.7500000e+01;1.1613786e-01;2.7500000e+01;1.3573493e-01;2.7500000e+01;1.5350185e-01;2.7500000e+01;1.7032675e-01;2.7500000e+01;1.8906876e-01;2.7500000e+01;2.1676326e-01;2.7500000e+01;2.4259847e-01;2.7500000e+01;2.5394917e-01;2.7500000e+01;2.5228506e-01;2.7500000e+01;2.4332654e-01;2.7500000e+01;2.2731303e-01;2.7500000e+01;2.0487940e-01;2.7500000e+01;2.1612216e-02;2.7500000e+01;3.0111142e-02;2.7500000e+01;4.2484932e-02;2.7500000e+01;5.8315739e-02;2.7500000e+01;7.6873273e-02;2.7500000e+01;9.6539289e-02;2.7500000e+01;1.1613786e-01;2.7500000e+01;1.3573493e-01;2.7500000e+01;1.5350185e-01;2.7500000e+01;1.7032675e-01;2.7500000e+01;1.8906876e-01;2.7500000e+01;2.1676326e-01;2.7500000e+01;2.4259847e-01;2.7500000e+01;2.5394917e-01;2.7500000e+01;2.5228506e-01;2.7500000e+01;2.4332654e-01;2.7500000e+01;2.2731303e-01;2.7500000e+01;2.0487940e-01;2.7500000e+01;2.1612216e-02;2.7500000e+01;3.0111142e-02;2.7500000e+01;4.2484932e-02;2.7500000e+01;5.8315739e-02;2.7500000e+01;7.6873273e-02;2.7500000e+01;9.6539289e-02;2.7500000e+01;1.1613786e-01;2.7500000e+01;1.3573493e-01;2.7500000e+01;1.5350185e-01;2.7500000e+01;1.7032675e-01;2.7500000e+01;1.8906876e-01;2.7500000e+01;2.1676326e-01;2.7500000e+01;2.4259847e-01;2.7500000e+01;2.5394917e-01;2.7500000e+01;2.5228506e-01;2.7500000e+01;2.4332654e-01;2.7500000e+01;2.2731303e-01;2.7500000e+01;2.0487940e-01;2.7500000e+01;2.1612216e-02;2.7500000e+01;3.0111142e-02;2.7500000e+01;4.2484932e-02;2.7500000e+01;5.8315739e-02;2.7500000e+01;7.6873273e-02;2.7500000e+01;9.6539289e-02;2.7500000e+01;1.1613786e-01;2.7500000e+01;1.3573493e-01;2.7500000e+01;1.5350185e-01;2.7500000e+01;1.7032675e-01;2.7500000e+01;1.8906876e-01;2.7500000e+01;2.1676326e-01;2.7500000e+01;2.4259847e-01;2.7500000e+01;2.5394917e-01;2.7500000e+01;2.5228506e-01;2.7500000e+01;2.4332654e-01;2.7500000e+01;2.2731303e-01;2.7500000e+01;2.0487940e-01;2.7500000e+01;2.1612216e-02;2.7500000e+01;3.0111142e-02;2.7500000e+01;4.2484932e-02;2.7500000e+01;5.8315739e-02;2.7500000e+01;7.6873273e-02;2.7500000e+01;9.6539289e-02;2.7500000e+01;1.1613786e-01;2.7500000e+01;1.3573493e-01;2.7500000e+01;1.5350185e-01;2.7500000e+01;1.7032675e-01;2.7500000e+01;1.8906876e-01;2.7500000e+01;2.1676326e-01;2.7500000e+01;2.4259847e-01;2.7500000e+01;2.5394917e-01;2.7500000e+01;2.5228506e-01;2.7500000e+01;2.4332654e-01;2.7500000e+01;2.2731303e-01;2.7500000e+01;2.0487940e-01;2.7500000e+01;2.1612216e-02;2.7500000e+01;3.0111142e-02;2.7500000e+01;4.2484932e-02;2.7500000e+01;5.8315739e-02;2.7500000e+01;7.6873273e-02;2.7500000e+01;9.6539289e-02;2.7500000e+01;1.1613786e-01;2.7500000e+01;1.3573493e-01;2.7500000e+01;1.5350185e-01;2.7500000e+01;1.7032675e-01;2.7500000e+01;1.8906876e-01;2.7500000e+01;2.1676326e-01;2.7500000e+01;2.4259847e-01;2.7500000e+01;2.5394917e-01;2.7500000e+01;2.5228506e-01;2.7500000e+01;2.4332654e-01;2.7500000e+01;2.2731303e-01;2.7500000e+01;2.0487940e-01;2.7500000e+01;2.1612216e-02;2.7500000e+01;3.0111142e-02;2.7500000e+01;4.2484932e-02;2.7500000e+01;5.8315739e-02;2.7500000e+01;7.6873273e-02;2.7500000e+01;9.6539289e-02;2.7500000e+01;1.1613786e-01;2.7500000e+01;1.3573493e-01;2.7500000e+01;1.5350185e-01;2.7500000e+01;1.7032675e-01;2.7500000e+01;1.8906876e-01;2.7500000e+01;2.1676326e-01;2.7500000e+01;2.4259847e-01;2.7500000e+01;2.5394917e-01;2.7500000e+01;2.5228506e-01;2.7500000e+01;2.4332654e-01;2.7500000e+01;2.2731303e-01;2.7500000e+01;2.0487940e-01;2.7500000e+01;2.1612216e-02;2.7500000e+01;3.0111142e-02;2.7500000e+01;4.2484932e-02;2.7500000e+01;5.8315739e-02;2.7500000e+01;7.6873273e-02;2.7500000e+01;9.6539289e-02;2.7500000e+01;1.1613786e-01;2.7500000e+01;1.3573493e-01;2.7500000e+01;1.5350185e-01;2.7500000e+01;1.7032675e-01;2.7500000e+01;1.8906876e-01;2.7500000e+01;2.1676326e-01;2.7500000e+01;2.4259847e-01;2.7500000e+01;2.5394917e-01;2.7500000e+01;2.5228506e-01;2.7500000e+01;2.4332654e-01;2.7500000e+01;2.2731303e-01;2.7500000e+01;2.0487940e-01;2.7500000e+01;2.1612216e-02;2.7500000e+01;3.0111142e-02;2.7500000e+01;4.2484932e-02;2.7500000e+01;5.8315739e-02;2.7500000e+01;7.6873273e-02;2.7500000e+01;9.6539289e-02;2.7500000e+01;1.1613786e-01;2.7500000e+01;1.3573493e-01;2.7500000e+01;1.5350185e-01;2.7500000e+01;1.7032675e-01;2.7500000e+01;1.8906876e-01;2.7500000e+01;2.1676326e-01;2.7500000e+01;2.4259847e-01;2.7500000e+01;2.5394917e-01;2.7500000e+01;2.5228506e-01;2.7500000e+01;2.4332654e-01;2.7500000e+01;2.2731303e-01;2.7500000e+01;2.0487940e-01;2.7500000e+01;2.1612216e-02;2.7500000e+01;3.0111142e-02;2.7500000e+01;4.2484932e-02;2.7500000e+01;5.8315739e-02;2.7500000e+01;7.6873273e-02;2.7500000e+01;9.6539289e-02;2.7500000e+01;1.1613786e-01;2.7500000e+01;1.3573493e-01;2.7500000e+01;1.5350185e-01;2.7500000e+01;1.7032675e-01;2.7500000e+01;1.8906876e-01;2.7500000e+01;2.1676326e-01;2.7500000e+01;2.4259847e-01;2.7500000e+01;2.5394917e-01;2.7500000e+01;2.5228506e-01;2.7500000e+01;2.4332654e-01;2.7500000e+01;2.2731303e-01;2.7500000e+01;2.0487940e-01;2.7500000e+01;2.1612216e-02;2.7500000e+01;3.0111142e-02;2.7500000e+01;4.2484932e-02;2.7500000e+01;5.8315739e-02;2.7500000e+01;7.6873273e-02;2.7500000e+01;9.6539289e-02;2.7500000e+01;1.1613786e-01;2.7500000e+01;1.3573493e-01;2.7500000e+01;1.5350185e-01;2.7500000e+01;1.7032675e-01;2.7500000e+01;1.8906876e-01;2.7500000e+01;2.1676326e-01;2.7500000e+01;2.4259847e-01;2.7500000e+01;2.5394917e-01;2.7500000e+01;2.5228506e-01;2.7500000e+01;2.4332654e-01;2.7500000e+01;2.2731303e-01;2.7500000e+01;2.0487940e-01;2.7500000e+01;2.1612216e-02;2.7500000e+01;3.0111142e-02;2.7500000e+01;4.2484932e-02;2.7500000e+01;5.8315739e-02;2.7500000e+01;7.6873273e-02;2.7500000e+01;9.6539289e-02;2.7500000e+01;1.1613786e-01;2.7500000e+01;1.3573493e-01;2.7500000e+01;1.5350185e-01;2.7500000e+01;1.7032675e-01;2.7500000e+01;1.8906876e-01;2.7500000e+01;2.1676326e-01;2.7500000e+01;2.4259847e-01;2.7500000e+01;2.5394917e-01;2.7500000e+01;2.5228506e-01;2.7500000e+01;2.4332654e-01;2.7500000e+01;2.2731303e-01;2.7500000e+01;2.0487940e-01;2.7500000e+01;2.1612216e-02;2.7500000e+01;3.0111142e-02;2.7500000e+01;4.2484932e-02;2.7500000e+01;5.8315739e-02;2.7500000e+01;7.6873273e-02;2.7500000e+01;9.6539289e-02;2.7500000e+01;1.1613786e-01;2.7500000e+01;1.3573493e-01;2.7500000e+01;1.5350185e-01;2.7500000e+01;1.7032675e-01;2.7500000e+01;1.8906876e-01;2.7500000e+01;2.1676326e-01;2.7500000e+01;2.4259847e-01;2.7500000e+01;2.5394917e-01;2.7500000e+01;2.5228506e-01;2.7500000e+01;2.4332654e-01;2.7500000e+01;2.2731303e-01;2.7500000e+01;2.0487940e-01;2.7500000e+01;2.1612216e-02;2.7500000e+01;3.0111142e-02;2.7500000e+01;4.2484932e-02;2.7500000e+01;5.8315739e-02;2.7500000e+01;7.6873273e-02;2.7500000e+01;9.6539289e-02;2.7500000e+01;1.1613786e-01;2.7500000e+01;1.3573493e-01;2.7500000e+01;1.5350185e-01;2.7500000e+01;1.7032675e-01;2.7500000e+01;1.8906876e-01;2.7500000e+01;2.1676326e-01;2.7500000e+01;2.4259847e-01;2.7500000e+01;2.5394917e-01;2.7500000e+01;2.5228506e-01;2.7500000e+01;2.4332654e-01;2.7500000e+01;2.2731303e-01;2.7500000e+01;2.0487940e-01;2.7500000e+01;2.1612216e-02;2.7500000e+01;3.0111142e-02;2.7500000e+01;4.2484932e-02;2.7500000e+01;5.8315739e-02;2.7500000e+01;7.6873273e-02;2.7500000e+01;9.6539289e-02;2.7500000e+01;1.1613786e-01;2.7500000e+01;1.3573493e-01;2.7500000e+01;1.5350185e-01;2.7500000e+01;1.7032675e-01;2.7500000e+01;1.8906876e-01;2.7500000e+01;2.1676326e-01;2.7500000e+01;2.4259847e-01;2.7500000e+01;2.5394917e-01;2.7500000e+01;2.5228506e-01;2.7500000e+01;2.4332654e-01;2.7500000e+01;2.2731303e-01;2.7500000e+01;2.0487940e-01;2.7500000e+01;2.1612216e-02;2.7500000e+01;3.0111142e-02;2.7500000e+01;4.2484932e-02;2.7500000e+01;5.8315739e-02;2.7500000e+01;7.6873273e-02;2.7500000e+01;9.6539289e-02;2.7500000e+01;1.1613786e-01;2.7500000e+01;1.3573493e-01;2.7500000e+01;1.5350185e-01;2.7500000e+01;1.7032675e-01;2.7500000e+01;1.8906876e-01;2.7500000e+01;2.1676326e-01;2.7500000e+01;2.4259847e-01;2.7500000e+01;2.5394917e-01;2.7500000e+01;2.5228506e-01;2.7500000e+01;2.4332654e-01;2.7500000e+01;2.2731303e-01;2.7500000e+01;2.0487940e-01;2.7500000e+01;2.1612216e-02;2.7500000e+01;3.0111142e-02;2.7500000e+01;4.2484932e-02;2.7500000e+01;5.8315739e-02;2.7500000e+01;7.6873273e-02;2.7500000e+01;9.6539289e-02;2.7500000e+01;1.1613786e-01;2.7500000e+01;1.3573493e-01;2.7500000e+01;1.5350185e-01;2.7500000e+01;1.7032675e-01;2.7500000e+01;1.8906876e-01;2.7500000e+01;2.1676326e-01;2.7500000e+01;2.4259847e-01;2.7500000e+01;2.5394917e-01;2.7500000e+01;2.5228506e-01;2.7500000e+01;2.4332654e-01;2.7500000e+01;2.2731303e-01;2.7500000e+01;2.0487940e-01;2.7500000e+01;2.1612216e-02;2.7500000e+01;3.0111142e-02;2.7500000e+01;4.2484932e-02;2.7500000e+01;5.8315739e-02;2.7500000e+01;7.6873273e-02;2.7500000e+01;9.6539289e-02;2.7500000e+01;1.1613786e-01;2.7500000e+01;1.3573493e-01;2.7500000e+01;1.5350185e-01;2.7500000e+01;1.7032675e-01;2.7500000e+01;1.8906876e-01;2.7500000e+01;2.1676326e-01;2.7500000e+01;2.4259847e-01;2.7500000e+01;2.5394917e-01;2.7500000e+01;2.5228506e-01;2.7500000e+01;2.4332654e-01;2.7500000e+01;2.2731303e-01;2.7500000e+01;2.0487940e-01;2.7500000e+01;2.1612216e-02;2.7500000e+01;3.0111142e-02;2.7500000e+01;4.2484932e-02;2.7500000e+01;5.8315739e-02;2.7500000e+01;7.6873273e-02;2.7500000e+01;9.6539289e-02;2.7500000e+01;1.1613786e-01;2.7500000e+01;1.3573493e-01;2.7500000e+01;1.5350185e-01;2.7500000e+01;1.7032675e-01;2.7500000e+01;1.8906876e-01;2.7500000e+01;2.1676326e-01;2.7500000e+01;2.4259847e-01;2.7500000e+01;2.5394917e-01;2.7500000e+01;2.5228506e-01;2.7500000e+01;2.4332654e-01;2.7500000e+01;2.2731303e-01;2.7500000e+01;2.0487940e-01;2.7500000e+01;2.1612216e-02;2.7500000e+01;3.0111142e-02;2.7500000e+01;4.2484932e-02;2.7500000e+01;5.8315739e-02;2.7500000e+01;7.6873273e-02;2.7500000e+01;9.6539289e-02;2.7500000e+01;1.1613786e-01;2.7500000e+01;1.3573493e-01;2.7500000e+01;1.5350185e-01;2.7500000e+01;1.7032675e-01;2.7500000e+01;1.8906876e-01;2.7500000e+01;2.1676326e-01;2.7500000e+01;2.4259847e-01;2.7500000e+01;2.5394917e-01;2.7500000e+01;2.5228506e-01;2.7500000e+01;2.4332654e-01;2.7500000e+01;2.2731303e-01;2.7500000e+01;2.0487940e-01;2.7500000e+01;2.1612216e-02;2.7500000e+01;3.0111142e-02;2.7500000e+01;4.2484932e-02;2.7500000e+01;5.8315739e-02;2.7500000e+01;7.6873273e-02;2.7500000e+01;9.6539289e-02;2.7500000e+01;1.1613786e-01;2.7500000e+01;1.3573493e-01;2.7500000e+01;1.5350185e-01;2.7500000e+01;1.7032675e-01;2.7500000e+01;1.8906876e-01;2.7500000e+01;2.1676326e-01;2.7500000e+01;2.4259847e-01;2.7500000e+01;2.5394917e-01;2.7500000e+01;2.5228506e-01;2.7500000e+01;2.4332654e-01;2.7500000e+01;2.2731303e-01;2.7500000e+01;2.0487940e-01;2.7500000e+01;2.1612216e-02;2.7500000e+01;3.0111142e-02;2.7500000e+01;4.2484932e-02;2.7500000e+01;5.8315739e-02;2.7500000e+01;7.6873273e-02;2.7500000e+01;9.6539289e-02;2.7500000e+01;1.1613786e-01;2.7500000e+01;1.3573493e-01;2.7500000e+01;1.5350185e-01;2.7500000e+01;1.7032675e-01;2.7500000e+01;1.8906876e-01;2.7500000e+01;2.1676326e-01;2.7500000e+01;2.4259847e-01;2.7500000e+01;2.5394917e-01;2.7500000e+01;2.5228506e-01;2.7500000e+01;2.4332654e-01;2.7500000e+01;2.2731303e-01;2.7500000e+01;2.0487940e-01;2.7500000e+01;2.1612216e-02;2.7500000e+01;3.0111142e-02;2.7500000e+01;4.2484932e-02;2.7500000e+01;5.8315739e-02;2.7500000e+01;7.6873273e-02;2.7500000e+01;9.6539289e-02;2.7500000e+01;1.1613786e-01;2.7500000e+01;1.3573493e-01;2.7500000e+01;1.5350185e-01;2.7500000e+01;1.7032675e-01;2.7500000e+01;1.8906876e-01;2.7500000e+01;2.1676326e-01;2.7500000e+01;2.4259847e-01;2.7500000e+01;2.5394917e-01;2.7500000e+01;2.5228506e-01;2.7500000e+01;2.4332654e-01;2.7500000e+01;2.2731303e-01;2.7500000e+01;2.0487940e-01;2.7500000e+01;2.1612216e-02;2.7500000e+01;3.0111142e-02;2.7500000e+01;4.2484932e-02;2.7500000e+01;5.8315739e-02;2.7500000e+01;7.6873273e-02;2.7500000e+01;9.6539289e-02;2.7500000e+01;1.1613786e-01;2.7500000e+01;1.3573493e-01;2.7500000e+01;1.5350185e-01;2.7500000e+01;1.7032675e-01;2.7500000e+01;1.8906876e-01;2.7500000e+01;2.1676326e-01;2.7500000e+01;2.4259847e-01;2.7500000e+01;2.5394917e-01;2.7500000e+01;2.5228506e-01;2.7500000e+01;2.4332654e-01;2.7500000e+01;2.2731303e-01;2.7500000e+01;2.0487940e-01;2.7500000e+01;2.1612216e-02;2.7500000e+01;3.0111142e-02;2.7500000e+01;4.2484932e-02;2.7500000e+01;5.8315739e-02;2.7500000e+01;7.6873273e-02;2.7500000e+01;9.6539289e-02;2.7500000e+01;1.1613786e-01;2.7500000e+01;1.3573493e-01;2.7500000e+01;1.5350185e-01;2.7500000e+01;1.7032675e-01;2.7500000e+01;1.8906876e-01;2.7500000e+01;2.1676326e-01;2.7500000e+01;2.4259847e-01;2.7500000e+01;2.5394917e-01;2.7500000e+01;2.5228506e-01;2.7500000e+01;2.4332654e-01;2.7500000e+01;2.2731303e-01;2.7500000e+01;2.0487940e-01;2.7500000e+01;2.1612216e-02;2.7500000e+01;3.0111142e-02;2.7500000e+01;4.2484932e-02;2.7500000e+01;5.8315739e-02;2.7500000e+01;7.6873273e-02;2.7500000e+01;9.6539289e-02;2.7500000e+01;1.1613786e-01;2.7500000e+01;1.3573493e-01;2.7500000e+01;1.5350185e-01;2.7500000e+01;1.7032675e-01;2.7500000e+01;1.8906876e-01;2.7500000e+01;2.1676326e-01;2.7500000e+01;2.4259847e-01;2.7500000e+01;2.5394917e-01;2.7500000e+01;2.5228506e-01;2.7500000e+01;2.4332654e-01;2.7500000e+01;2.2731303e-01;2.7500000e+01;2.0487940e-01;2.7500000e+01;2.1612216e-02;2.7500000e+01;3.0111142e-02;2.7500000e+01;4.2484932e-02;2.7500000e+01;5.8315739e-02;2.7500000e+01;7.6873273e-02;2.7500000e+01;9.6539289e-02;2.7500000e+01;1.1613786e-01;2.7500000e+01;1.3573493e-01;2.7500000e+01;1.5350185e-01;2.7500000e+01;1.7032675e-01;2.7500000e+01;1.8906876e-01;2.7500000e+01;2.1676326e-01;2.7500000e+01;2.4259847e-01;2.7500000e+01;2.5394917e-01;2.7500000e+01;2.5228506e-01;2.7500000e+01;2.4332654e-01;2.7500000e+01;2.2731303e-01;2.7500000e+01;2.0487940e-01;2.7500000e+01;2.1612216e-02;2.7500000e+01;3.0111142e-02;2.7500000e+01;4.2484932e-02;2.7500000e+01;5.8315739e-02;2.7500000e+01;7.6873273e-02;2.7500000e+01;9.6539289e-02;2.7500000e+01;1.1613786e-01;2.7500000e+01;1.3573493e-01;2.7500000e+01;1.5350185e-01;2.7500000e+01;1.7032675e-01;2.7500000e+01;1.8906876e-01;2.7500000e+01;2.1676326e-01;2.7500000e+01;2.4259847e-01;2.7500000e+01;2.5394917e-01;2.7500000e+01;2.5228506e-01;2.7500000e+01;2.4332654e-01;2.7500000e+01;2.2731303e-01;2.7500000e+01;2.0487940e-01;2.7500000e+01;2.1612216e-02;2.7500000e+01;3.0111142e-02;2.7500000e+01;4.2484932e-02;2.7500000e+01;5.8315739e-02;2.7500000e+01;7.6873273e-02;2.7500000e+01;9.6539289e-02;2.7500000e+01;1.1613786e-01;2.7500000e+01;1.3573493e-01;2.7500000e+01;1.5350185e-01;2.7500000e+01;1.7032675e-01;2.7500000e+01;1.8906876e-01;2.7500000e+01;2.1676326e-01;2.7500000e+01;2.4259847e-01;2.7500000e+01;2.5394917e-01;2.7500000e+01;2.5228506e-01;2.7500000e+01;2.4332654e-01;2.7500000e+01;2.2731303e-01;2.7500000e+01;2.0487940e-01;2.7500000e+01;2.1612216e-02;2.7500000e+01;3.0111142e-02;2.7500000e+01;4.2484932e-02;2.7500000e+01;5.8315739e-02;2.7500000e+01;7.6873273e-02;2.7500000e+01;9.6539289e-02;2.7500000e+01;1.1613786e-01;2.7500000e+01;1.3573493e-01;2.7500000e+01;1.5350185e-01;2.7500000e+01;1.7032675e-01;2.7500000e+01;1.8906876e-01;2.7500000e+01;2.1676326e-01;2.7500000e+01;2.4259847e-01;2.7500000e+01;2.5394917e-01;2.7500000e+01;2.5228506e-01;2.7500000e+01;2.4332654e-01;2.7500000e+01;2.2731303e-01;2.7500000e+01;2.0487940e-01;2.7500000e+01;2.1612216e-02;2.7500000e+01;3.0111142e-02;2.7500000e+01;4.2484932e-02;2.7500000e+01;5.8315739e-02;2.7500000e+01;7.6873273e-02;2.7500000e+01;9.6539289e-02;2.7500000e+01;1.1613786e-01;2.7500000e+01;1.3573493e-01;2.7500000e+01;1.5350185e-01;2.7500000e+01;1.7032675e-01;2.7500000e+01;1.8906876e-01;2.7500000e+01;2.1676326e-01;2.7500000e+01;2.4259847e-01;2.7500000e+01;2.5394917e-01;2.7500000e+01;2.5228506e-01;2.7500000e+01;2.4332654e-01;2.7500000e+01;2.2731303e-01;2.7500000e+01;2.0487940e-01;2.7500000e+01;2.1612216e-02;2.7500000e+01;3.0111142e-02;2.7500000e+01;4.2484932e-02;2.7500000e+01;5.8315739e-02;2.7500000e+01;7.6873273e-02;2.7500000e+01;9.6539289e-02;2.7500000e+01;1.1613786e-01;2.7500000e+01;1.3573493e-01;2.7500000e+01;1.5350185e-01;2.7500000e+01;1.7032675e-01;2.7500000e+01;1.8906876e-01;2.7500000e+01;2.1676326e-01;2.7500000e+01;2.4259847e-01;2.7500000e+01;2.5394917e-01;2.7500000e+01;2.5228506e-01;2.7500000e+01;2.4332654e-01;2.7500000e+01;2.2731303e-01;2.7500000e+01;2.0487940e-01;2.7500000e+01;2.1612216e-02;2.7500000e+01;3.0111142e-02;2.7500000e+01;4.2484932e-02;2.7500000e+01;5.8315739e-02;2.7500000e+01;7.6873273e-02;2.7500000e+01;9.6539289e-02;2.7500000e+01;1.1613786e-01;2.7500000e+01;1.3573493e-01;2.7500000e+01;1.5350185e-01;2.7500000e+01;1.7032675e-01;2.7500000e+01;1.8906876e-01;2.7500000e+01;2.1676326e-01;2.7500000e+01;2.4259847e-01;2.7500000e+01;2.5394917e-01;2.7500000e+01;2.5228506e-01;2.7500000e+01;2.4332654e-01;2.7500000e+01;2.2731303e-01;2.7500000e+01;2.0487940e-01;2.7500000e+01;2.1612216e-02;2.7500000e+01;3.0111142e-02;2.7500000e+01;4.2484932e-02;2.7500000e+01;5.8315739e-02;2.7500000e+01;7.6873273e-02;2.7500000e+01;9.6539289e-02;2.7500000e+01;1.1613786e-01;2.7500000e+01;1.3573493e-01;2.7500000e+01;1.5350185e-01;2.7500000e+01;1.7032675e-01;2.7500000e+01;1.8906876e-01;2.7500000e+01;2.1676326e-01;2.7500000e+01;2.4259847e-01;2.7500000e+01;2.5394917e-01;2.7500000e+01;2.5228506e-01;2.7500000e+01;2.4332654e-01;2.7500000e+01;2.2731303e-01;2.7500000e+01;2.0487940e-01;2.7500000e+01;2.1612216e-02;2.7500000e+01;3.0111142e-02;2.7500000e+01;4.2484932e-02;2.7500000e+01;5.8315739e-02;2.7500000e+01;7.6873273e-02;2.7500000e+01;9.6539289e-02;2.7500000e+01;1.1613786e-01;2.7500000e+01;1.3573493e-01;2.7500000e+01;1.5350185e-01;2.7500000e+01;1.7032675e-01;2.7500000e+01;1.8906876e-01;2.7500000e+01;2.1676326e-01;2.7500000e+01;2.4259847e-01;2.7500000e+01;2.5394917e-01;2.7500000e+01;2.5228506e-01;2.7500000e+01;2.4332654e-01;2.7500000e+01;2.2731303e-01;2.7500000e+01;2.0487940e-01;2.7500000e+01;2.1612216e-02;2.7500000e+01;3.0111142e-02;2.7500000e+01;4.2484932e-02;2.7500000e+01;5.8315739e-02;2.7500000e+01;7.6873273e-02;2.7500000e+01;9.6539289e-02;2.7500000e+01;1.1613786e-01;2.7500000e+01;1.3573493e-01;2.7500000e+01;1.5350185e-01;2.7500000e+01;1.7032675e-01;2.7500000e+01;1.8906876e-01;2.7500000e+01;2.1676326e-01;2.7500000e+01;2.4259847e-01;2.7500000e+01;2.5394917e-01;2.7500000e+01;2.5228506e-01;2.7500000e+01;2.4332654e-01;2.7500000e+01;2.2731303e-01;2.7500000e+01;2.0487940e-01;2.7500000e+01;2.1612216e-02;2.7500000e+01;3.0111142e-02;2.7500000e+01;4.2484932e-02;2.7500000e+01;5.8315739e-02;2.7500000e+01;7.6873273e-02;2.7500000e+01;9.6539289e-02;2.7500000e+01;1.1613786e-01;2.7500000e+01;1.3573493e-01;2.7500000e+01;1.5350185e-01;2.7500000e+01;1.7032675e-01;2.7500000e+01;1.8906876e-01;2.7500000e+01;2.1676326e-01;2.7500000e+01;2.4259847e-01;2.7500000e+01;2.5394917e-01;2.7500000e+01;2.5228506e-01;2.7500000e+01;2.4332654e-01;2.7500000e+01;2.2731303e-01;2.7500000e+01;2.0487940e-01;2.7500000e+01;2.1612216e-02;2.7500000e+01;3.0111142e-02;2.7500000e+01;4.2484932e-02;2.7500000e+01;5.8315739e-02;2.7500000e+01;7.6873273e-02;2.7500000e+01;9.6539289e-02;2.7500000e+01;1.1613786e-01;2.7500000e+01;1.3573493e-01;2.7500000e+01;1.5350185e-01;2.7500000e+01;1.7032675e-01;2.7500000e+01;1.8906876e-01;2.7500000e+01;2.1676326e-01;2.7500000e+01;2.4259847e-01;2.7500000e+01;2.5394917e-01;2.7500000e+01;2.5228506e-01;2.7500000e+01;2.4332654e-01;2.7500000e+01;2.2731303e-01;2.7500000e+01;2.0487940e-01;2.7500000e+01;2.1612216e-02;2.7500000e+01;3.0111142e-02;2.7500000e+01;4.2484932e-02;2.7500000e+01;5.8315739e-02;2.7500000e+01;7.6873273e-02;2.7500000e+01;9.6539289e-02;2.7500000e+01;1.1613786e-01;2.7500000e+01;1.3573493e-01;2.7500000e+01;1.5350185e-01;2.7500000e+01;1.7032675e-01;2.7500000e+01;1.8906876e-01;2.7500000e+01;2.1676326e-01;2.7500000e+01;2.4259847e-01;2.7500000e+01;2.5394917e-01;2.7500000e+01;2.5228506e-01;2.7500000e+01;2.4332654e-01;2.7500000e+01;2.2731303e-01;2.7500000e+01;2.0487940e-01;2.7500000e+01;2.1612216e-02;2.7500000e+01;3.0111142e-02;2.7500000e+01;4.2484932e-02;2.7500000e+01;5.8315739e-02;2.7500000e+01;7.6873273e-02;2.7500000e+01;9.6539289e-02;2.7500000e+01;1.1613786e-01;2.7500000e+01;1.3573493e-01;2.7500000e+01;1.5350185e-01;2.7500000e+01;1.7032675e-01;2.7500000e+01;1.8906876e-01;2.7500000e+01;2.1676326e-01;2.7500000e+01;2.4259847e-01;2.7500000e+01;2.5394917e-01;2.7500000e+01;2.5228506e-01;2.7500000e+01;2.4332654e-01;2.7500000e+01;2.2731303e-01;2.7500000e+01;2.0487940e-01;2.7500000e+01;2.1612216e-02;2.7500000e+01;3.0111142e-02;2.7500000e+01;4.2484932e-02;2.7500000e+01;5.8315739e-02;2.7500000e+01;7.6873273e-02;2.7500000e+01;9.6539289e-02;2.7500000e+01;1.1613786e-01;2.7500000e+01;1.3573493e-01;2.7500000e+01;1.5350185e-01;2.7500000e+01;1.7032675e-01;2.7500000e+01;1.8906876e-01;2.7500000e+01;2.1676326e-01;2.7500000e+01;2.4259847e-01;2.7500000e+01;2.5394917e-01;2.7500000e+01;2.5228506e-01;2.7500000e+01;2.4332654e-01;2.7500000e+01;2.2731303e-01;2.7500000e+01;2.0487940e-01;2.7500000e+01;2.1612216e-02;2.7500000e+01;3.0111142e-02;2.7500000e+01;4.2484932e-02;2.7500000e+01;5.8315739e-02;2.7500000e+01;7.6873273e-02;2.7500000e+01;9.6539289e-02;2.7500000e+01;1.1613786e-01;2.7500000e+01;1.3573493e-01;2.7500000e+01;1.5350185e-01;2.7500000e+01;1.7032675e-01;2.7500000e+01;1.8906876e-01;2.7500000e+01;2.1676326e-01;2.7500000e+01;2.4259847e-01;2.7500000e+01;2.5394917e-01;2.7500000e+01;2.5228506e-01;2.7500000e+01;2.4332654e-01;2.7500000e+01;2.2731303e-01;2.7500000e+01;2.0487940e-01;2.7500000e+01;2.1612216e-02;2.7500000e+01;3.0111142e-02;2.7500000e+01;4.2484932e-02;2.7500000e+01;5.8315739e-02;2.7500000e+01;7.6873273e-02;2.7500000e+01;9.6539289e-02;2.7500000e+01;1.1613786e-01;2.7500000e+01;1.3573493e-01;2.7500000e+01;1.5350185e-01;2.7500000e+01;1.7032675e-01;2.7500000e+01;1.8906876e-01;2.7500000e+01;2.1676326e-01;2.7500000e+01;2.4259847e-01;2.7500000e+01;2.5394917e-01;2.7500000e+01;2.5228506e-01;2.7500000e+01;2.4332654e-01;2.7500000e+01;2.2731303e-01;2.7500000e+01;2.0487940e-01;2.7500000e+01;2.1612216e-02;2.7500000e+01;3.0111142e-02;2.7500000e+01;4.2484932e-02;2.7500000e+01;5.8315739e-02;2.7500000e+01;7.6873273e-02;2.7500000e+01;9.6539289e-02;2.7500000e+01;1.1613786e-01;2.7500000e+01;1.3573493e-01;2.7500000e+01;1.5350185e-01;2.7500000e+01;1.7032675e-01;2.7500000e+01;1.8906876e-01;2.7500000e+01;2.1676326e-01;2.7500000e+01;2.4259847e-01;2.7500000e+01;2.5394917e-01;2.7500000e+01;2.5228506e-01;2.7500000e+01;2.4332654e-01;2.7500000e+01;2.2731303e-01;2.7500000e+01;2.0487940e-01;2.7500000e+01;2.1612216e-02;2.7500000e+01;3.0111142e-02;2.7500000e+01;4.2484932e-02;2.7500000e+01;5.8315739e-02;2.7500000e+01;7.6873273e-02;2.7500000e+01;9.6539289e-02;2.7500000e+01;1.1613786e-01;2.7500000e+01;1.3573493e-01;2.7500000e+01;1.5350185e-01;2.7500000e+01;1.7032675e-01;2.7500000e+01;1.8906876e-01;2.7500000e+01;2.1676326e-01;2.7500000e+01;2.4259847e-01;2.7500000e+01;2.5394917e-01;2.7500000e+01;2.5228506e-01;2.7500000e+01;2.4332654e-01;2.7500000e+01;2.2731303e-01;2.7500000e+01;2.0487940e-01;2.7500000e+01;2.1612216e-02;2.7500000e+01;3.0111142e-02;2.7500000e+01;4.2484932e-02;2.7500000e+01;5.8315739e-02;2.7500000e+01;7.6873273e-02;2.7500000e+01;9.6539289e-02;2.7500000e+01;1.1613786e-01;2.7500000e+01;1.3573493e-01;2.7500000e+01;1.5350185e-01;2.7500000e+01;1.7032675e-01;2.7500000e+01;1.8906876e-01;2.7500000e+01;2.1676326e-01;2.7500000e+01;2.4259847e-01;2.7500000e+01;2.5394917e-01;2.7500000e+01;2.5228506e-01;2.7500000e+01;2.4332654e-01;2.7500000e+01;2.2731303e-01;2.7500000e+01;2.0487940e-01;2.7500000e+01;2.1612216e-02;2.7500000e+01;3.0111142e-02;2.7500000e+01;4.2484932e-02;2.7500000e+01;5.8315739e-02;2.7500000e+01;7.6873273e-02;2.7500000e+01;9.6539289e-02;2.7500000e+01;1.1613786e-01;2.7500000e+01;1.3573493e-01;2.7500000e+01;1.5350185e-01;2.7500000e+01;1.7032675e-01;2.7500000e+01;1.8906876e-01;2.7500000e+01;2.1676326e-01;2.7500000e+01;2.4259847e-01;2.7500000e+01;2.5394917e-01;2.7500000e+01;2.5228506e-01;2.7500000e+01;2.4332654e-01;2.7500000e+01;2.2731303e-01;2.7500000e+01;2.0487940e-01;2.7500000e+01;2.1612216e-02;2.7500000e+01;3.0111142e-02;2.7500000e+01;4.2484932e-02;2.7500000e+01;5.8315739e-02;2.7500000e+01;7.6873273e-02;2.7500000e+01;9.6539289e-02;2.7500000e+01;1.1613786e-01;2.7500000e+01;1.3573493e-01;2.7500000e+01;1.5350185e-01;2.7500000e+01;1.7032675e-01;2.7500000e+01;1.8906876e-01;2.7500000e+01;2.1676326e-01;2.7500000e+01;2.4259847e-01;2.7500000e+01;2.5394917e-01;2.7500000e+01;2.5228506e-01;2.7500000e+01;2.4332654e-01;2.7500000e+01;2.2731303e-01;2.7500000e+01;2.0487940e-01
3.2500000e+01;2.5576819e-02;3.2500000e+01;3.4940489e-02;3.2500000e+01;4.6730578e-02;3.2500000e+01;6.1877802e-02;3.2500000e+01;8.0489077e-02;3.2500000e+01;1.0192513e-01;3.2500000e+01;1.2459970e-01;3.2500000e+01;1.4658228e-01;3.2500000e+01;1.6557777e-01;3.2500000e+01;1.8470703e-01;3.2500000e+01;2.0445701e-01;3.2500000e+01;2.3250949e-01;3.2500000e+01;2.5490361e-01;3.2500000e+01;2.6141584e-01;3.2500000e+01;2.5742137e-01;3.2500000e+01;2.4677746e-01;3.2500000e+01;2.2934321e-01;3.2500000e+01;2.0583740e-01;3.2500000e+01;2.5576819e-02;3.2500000e+01;3.4940489e-02;3.2500000e+01;4.6730578e-02;3.2500000e+01;6.1877802e-02;3.2500000e+01;8.0489077e-02;3.2500000e+01;1.0192513e-01;3.2500000e+01;1.2459970e-01;3.2500000e+01;1.4658228e-01;3.2500000e+01;1.6557777e-01;3.2500000e+01;1.8470703e-01;3.2500000e+01;2.0445701e-01;3.2500000e+01;2.3250949e-01;3.2500000e+01;2.5490361e-01;3.2500000e+01;2.6141584e-01;3.2500000e+01;2.5742137e-01;3.2500000e+01;2.4677746e-01;3.2500000e+01;2.2934321e-01;3.2500000e+01;2.0583740e-01;3.2500000e+01;2.5576819e-02;3.2500000e+01;3.4940489e-02;3.2500000e+01;4.6730578e-02;3.2500000e+01;6.1877802e-02;3.2500000e+01;8.0489077e-02;3.2500000e+01;1.0192513e-01;3.2500000e+01;1.2459970e-01;3.2500000e+01;1.4658228e-01;3.2500000e+01;1.6557777e-01;3.2500000e+01;1.8470703e-01;3.2500000e+01;2.0445701e-01;3.2500000e+01;2.3250949e-01;3.2500000e+01;2.5490361e-01;3.2500000e+01;2.6141584e-01;3.2500000e+01;2.5742137e-01;3.2500000e+01;2.4677746e-01;3.2500000e+01;2.2934321e-01;3.2500000e+01;2.0583740e-01;3.2500000e+01;2.5576819e-02;3.2500000e+01;3.4940489e-02;3.2500000e+01;4.6730578e-02;3.2500000e+01;6.1877802e-02;3.2500000e+01;8.0489077e-02;3.2500000e+01;1.0192513e-01;3.2500000e+01;1.2459970e-01;3.2500000e+01;1.4658228e-01;3.2500000e+01;1.6557777e-01;3.2500000e+01;1.8470703e-01;3.2500000e+01;2.0445701e-01;3.2500000e+01;2.3250949e-01;3.2500000e+01;2.5490361e-01;3.2500000e+01;2.6141584e-01;3.2500000e+01;2.5742137e-01;3.2500000e+01;2.4677746e-01;3.2500000e+01;2.2934321e-01;3.2500000e+01;2.0583740e-01;3.2500000e+01;2.5576819e-02;3.2500000e+01;3.4940489e-02;3.2500000e+01;4.6730578e-02;3.2500000e+01;6.1877802e-02;3.2500000e+01;8.0489077e-02;3.2500000e+01;1.0192513e-01;3.2500000e+01;1.2459970e-01;3.2500000e+01;1.4658228e-01;3.2500000e+01;1.6557777e-01;3.2500000e+01;1.8470703e-01;3.2500000e+01;2.0445701e-01;3.2500000e+01;2.3250949e-01;3.2500000e+01;2.5490361e-01;3.2500000e+01;2.6141584e-01;3.2500000e+01;2.5742137e-01;3.2500000e+01;2.4677746e-01;3.2500000e+01;2.2934321e-01;3.2500000e+01;2.0583740e-01;3.2500000e+01;2.5576819e-02;3.2500000e+01;3.4940489e-02;3.2500000e+01;4.6730578e-02;3.2500000e+01;6.1877802e-02;3.2500000e+01;8.0489077e-02;3.2500000e+01;1.0192513e-01;3.2500000e+01;1.2459970e-01;3.2500000e+01;1.4658228e-01;3.2500000e+01;1.6557777e-01;3.2500000e+01;1.8470703e-01;3.2500000e+01;2.0445701e-01;3.2500000e+01;2.3250949e-01;3.2500000e+01;2.5490361e-01;3.2500000e+01;2.6141584e-01;3.2500000e+01;2.5742137e-01;3.2500000e+01;2.4677746e-01;3.2500000e+01;2.2934321e-01;3.2500000e+01;2.0583740e-01;3.2500000e+01;2.5576819e-02;3.2500000e+01;3.4940489e-02;3.2500000e+01;4.6730578e-02;3.2500000e+01;6.1877802e-02;3.2500000e+01;8.0489077e-02;3.2500000e+01;1.0192513e-01;3.2500000e+01;1.2459970e-01;3.2500000e+01;1.4658228e-01;3.2500000e+01;1.6557777e-01;3.2500000e+01;1.8470703e-01;3.2500000e+01;2.0445701e-01;3.2500000e+01;2.3250949e-01;3.2500000e+01;2.5490361e-01;3.2500000e+01;2.6141584e-01;3.2500000e+01;2.5742137e-01;3.2500000e+01;2.4677746e-01;3.2500000e+01;2.2934321e-01;3.2500000e+01;2.0583740e-01;3.2500000e+01;2.5576819e-02;3.2500000e+01;3.4940489e-02;3.2500000e+01;4.6730578e-02;3.2500000e+01;6.1877802e-02;3.2500000e+01;8.0489077e-02;3.2500000e+01;1.0192513e-01;3.2500000e+01;1.2459970e-01;3.2500000e+01;1.4658228e-01;3.2500000e+01;1.6557777e-01;3.2500000e+01;1.8470703e-01;3.2500000e+01;2.0445701e-01;3.2500000e+01;2.3250949e-01;3.2500000e+01;2.5490361e-01;3.2500000e+01;2.6141584e-01;3.2500000e+01;2.5742137e-01;3.2500000e+01;2.4677746e-01;3.2500000e+01;2.2934321e-01;3.2500000e+01;2.0583740e-01;3.2500000e+01;2.5576819e-02;3.2500000e+01;3.4940489e-02;3.2500000e+01;4.6730578e-02;3.2500000e+01;6.1877802e-02;3.2500000e+01;8.0489077e-02;3.2500000e+01;1.0192513e-01;3.2500000e+01;1.2459970e-01;3.2500000e+01;1.4658228e-01;3.2500000e+01;1.6557777e-01;3.2500000e+01;1.8470703e-01;3.2500000e+01;2.0445701e-01;3.2500000e+01;2.3250949e-01;3.2500000e+01;2.5490361e-01;3.2500000e+01;2.6141584e-01;3.2500000e+01;2.5742137e-01;3.2500000e+01;2.4677746e-01;3.2500000e+01;2.2934321e-01;3.2500000e+01;2.0583740e-01;3.2500000e+01;2.5576819e-02;3.2500000e+01;3.4940489e-02;3.2500000e+01;4.6730578e-02;3.2500000e+01;6.1877802e-02;3.2500000e+01;8.0489077e-02;3.2500000e+01;1.0192513e-01;3.2500000e+01;1.2459970e-01;3.2500000e+01;1.4658228e-01;3.2500000e+01;1.6557777e-01;3.2500000e+01;1.8470703e-01;3.2500000e+01;2.0445701e-01;3.2500000e+01;2.3250949e-01;3.2500000e+01;2.5490361e-01;3.2500000e+01;2.6141584e-01;3.2500000e+01;2.5742137e-01;3.2500000e+01;2.4677746e-01;3.2500000e+01;2.2934321e-01;3.2500000e+01;2.0583740e-01;3.2500000e+01;2.5576819e-02;3.2500000e+01;3.4940489e-02;3.2500000e+01;4.6730578e-02;3.2500000e+01;6.1877802e-02;3.2500000e+01;8.0489077e-02;3.2500000e+01;1.0192513e-01;3.2500000e+01;1.2459970e-01;3.2500000e+01;1.4658228e-01;3.2500000e+01;1.6557777e-01;3.2500000e+01;1.8470703e-01;3.2500000e+01;2.0445701e-01;3.2500000e+01;2.3250949e-01;3.2500000e+01;2.5490361e-01;3.2500000e+01;2.6141584e-01;3.2500000e+01;2.5742137e-01;3.2500000e+01;2.4677746e-01;3.2500000e+01;2.2934321e-01;3.2500000e+01;2.0583740e-01;3.2500000e+01;2.5576819e-02;3.2500000e+01;3.4940489e-02;3.2500000e+01;4.6730578e-02;3.2500000e+01;6.1877802e-02;3.2500000e+01;8.0489077e-02;3.2500000e+01;1.0192513e-01;3.2500000e+01;1.2459970e-01;3.2500000e+01;1.4658228e-01;3.2500000e+01;1.6557777e-01;3.2500000e+01;1.8470703e-01;3.2500000e+01;2.0445701e-01;3.2500000e+01;2.3250949e-01;3.2500000e+01;2.5490361e-01;3.2500000e+01;2.6141584e-01;3.2500000e+01;2.5742137e-01;3.2500000e+01;2.4677746e-01;3.2500000e+01;2.2934321e-01;3.2500000e+01;2.0583740e-01;3.2500000e+01;2.5576819e-02;3.2500000e+01;3.4940489e-02;3.2500000e+01;4.6730578e-02;3.2500000e+01;6.1877802e-02;3.2500000e+01;8.0489077e-02;3.2500000e+01;1.0192513e-01;3.2500000e+01;1.2459970e-01;3.2500000e+01;1.4658228e-01;3.2500000e+01;1.6557777e-01;3.2500000e+01;1.8470703e-01;3.2500000e+01;2.0445701e-01;3.2500000e+01;2.3250949e-01;3.2500000e+01;2.5490361e-01;3.2500000e+01;2.6141584e-01;3.2500000e+01;2.5742137e-01;3.2500000e+01;2.4677746e-01;3.2500000e+01;2.2934321e-01;3.2500000e+01;2.0583740e-01;3.2500000e+01;2.5576819e-02;3.2500000e+01;3.4940489e-02;3.2500000e+01;4.6730578e-02;3.2500000e+01;6.1877802e-02;3.2500000e+01;8.0489077e-02;3.2500000e+01;1.0192513e-01;3.2500000e+01;1.2459970e-01;3.2500000e+01;1.4658228e-01;3.2500000e+01;1.6557777e-01;3.2500000e+01;1.8470703e-01;3.2500000e+01;2.0445701e-01;3.2500000e+01;2.3250949e-01;3.2500000e+01;2.5490361e-01;3.2500000e+01;2.6141584e-01;3.2500000e+01;2.5742137e-01;3.2500000e+01;2.4677746e-01;3.2500000e+01;2.2934321e-01;3.2500000e+01;2.0583740e-01;3.2500000e+01;2.5576819e-02;3.2500000e+01;3.4940489e-02;3.2500000e+01;4.6730578e-02;3.2500000e+01;6.1877802e-02;3.2500000e+01;8.0489077e-02;3.2500000e+01;1.0192513e-01;3.2500000e+01;1.2459970e-01;3.2500000e+01;1.4658228e-01;3.2500000e+01;1.6557777e-01;3.2500000e+01;1.8470703e-01;3.2500000e+01;2.0445701e-01;3.2500000e+01;2.3250949e-01;3.2500000e+01;2.5490361e-01;3.2500000e+01;2.6141584e-01;3.2500000e+01;2.5742137e-01;3.2500000e+01;2.4677746e-01;3.2500000e+01;2.2934321e-01;3.2500000e+01;2.0583740e-01;3.2500000e+01;2.5576819e-02;3.2500000e+01;3.4940489e-02;3.2500000e+01;4.6730578e-02;3.2500000e+01;6.1877802e-02;3.2500000e+01;8.0489077e-02;3.2500000e+01;1.0192513e-01;3.2500000e+01;1.2459970e-01;3.2500000e+01;1.4658228e-01;3.2500000e+01;1.6557777e-01;3.2500000e+01;1.8470703e-01;3.2500000e+01;2.0445701e-01;3.2500000e+01;2.3250949e-01;3.2500000e+01;2.5490361e-01;3.2500000e+01;2.6141584e-01;3.2500000e+01;2.5742137e-01;3.2500000e+01;2.4677746e-01;3.2500000e+01;2.2934321e-01;3.2500000e+01;2.0583740e-01;3.2500000e+01;2.5576819e-02;3.2500000e+01;3.4940489e-02;3.2500000e+01;4.6730578e-02;3.2500000e+01;6.1877802e-02;3.2500000e+01;8.0489077e-02;3.2500000e+01;1.0192513e-01;3.2500000e+01;1.2459970e-01;3.2500000e+01;1.4658228e-01;3.2500000e+01;1.6557777e-01;3.2500000e+01;1.8470703e-01;3.2500000e+01;2.0445701e-01;3.2500000e+01;2.3250949e-01;3.2500000e+01;2.5490361e-01;3.2500000e+01;2.6141584e-01;3.2500000e+01;2.5742137e-01;3.2500000e+01;2.4677746e-01;3.2500000e+01;2.2934321e-01;3.2500000e+01;2.0583740e-01;3.2500000e+01;2.5576819e-02;3.2500000e+01;3.4940489e-02;3.2500000e+01;4.6730578e-02;3.2500000e+01;6.1877802e-02;3.2500000e+01;8.0489077e-02;3.2500000e+01;1.0192513e-01;3.2500000e+01;1.2459970e-01;3.2500000e+01;1.4658228e-01;3.2500000e+01;1.6557777e-01;3.2500000e+01;1.8470703e-01;3.2500000e+01;2.0445701e-01;3.2500000e+01;2.3250949e-01;3.2500000e+01;2.5490361e-01;3.2500000e+01;2.6141584e-01;3.2500000e+01;2.5742137e-01;3.2500000e+01;2.4677746e-01;3.2500000e+01;2.2934321e-01;3.2500000e+01;2.0583740e-01;3.2500000e+01;2.5576819e-02;3.2500000e+01;3.4940489e-02;3.2500000e+01;4.6730578e-02;3.2500000e+01;6.1877802e-02;3.2500000e+01;8.0489077e-02;3.2500000e+01;1.0192513e-01;3.2500000e+01;1.2459970e-01;3.2500000e+01;1.4658228e-01;3.2500000e+01;1.6557777e-01;3.2500000e+01;1.8470703e-01;3.2500000e+01;2.0445701e-01;3.2500000e+01;2.3250949e-01;3.2500000e+01;2.5490361e-01;3.2500000e+01;2.6141584e-01;3.2500000e+01;2.5742137e-01;3.2500000e+01;2.4677746e-01;3.2500000e+01;2.2934321e-01;3.2500000e+01;2.0583740e-01;3.2500000e+01;2.5576819e-02;3.2500000e+01;3.4940489e-02;3.2500000e+01;4.6730578e-02;3.2500000e+01;6.1877802e-02;3.2500000e+01;8.0489077e-02;3.2500000e+01;1.0192513e-01;3.2500000e+01;1.2459970e-01;3.2500000e+01;1.4658228e-01;3.2500000e+01;1.6557777e-01;3.2500000e+01;1.8470703e-01;3.2500000e+01;2.0445701e-01;3.2500000e+01;2.3250949e-01;3.2500000e+01;2.5490361e-01;3.2500000e+01;2.6141584e-01;3.2500000e+01;2.5742137e-01;3.2500000e+01;2.4677746e-01;3.2500000e+01;2.2934321e-01;3.2500000e+01;2.0583740e-01;3.2500000e+01;2.5576819e-02;3.2500000e+01;3.4940489e-02;3.2500000e+01;4.6730578e-02;3.2500000e+01;6.1877802e-02;3.2500000e+01;8.0489077e-02;3.2500000e+01;1.0192513e-01;3.2500000e+01;1.2459970e-01;3.2500000e+01;1.4658228e-01;3.2500000e+01;1.6557777e-01;3.2500000e+01;1.8470703e-01;3.2500000e+01;2.0445701e-01;3.2500000e+01;2.3250949e-01;3.2500000e+01;2.5490361e-01;3.2500000e+01;2.6141584e-01;3.2500000e+01;2.5742137e-01;3.2500000e+01;2.4677746e-01;3.2500000e+01;2.2934321e-01;3.2500000e+01;2.0583740e-01;3.2500000e+01;2.5576819e-02;3.2500000e+01;3.4940489e-02;3.2500000e+01;4.6730578e-02;3.2500000e+01;6.1877802e-02;3.2500000e+01;8.0489077e-02;3.2500000e+01;1.0192513e-01;3.2500000e+01;1.2459970e-01;3.2500000e+01;1.4658228e-01;3.2500000e+01;1.6557777e-01;3.2500000e+01;1.8470703e-01;3.2500000e+01;2.0445701e-01;3.2500000e+01;2.3250949e-01;3.2500000e+01;2.5490361e-01;3.2500000e+01;2.6141584e-01;3.2500000e+01;2.5742137e-01;3.2500000e+01;2.4677746e-01;3.2500000e+01;2.2934321e-01;3.2500000e+01;2.0583740e-01;3.2500000e+01;2.5576819e-02;3.2500000e+01;3.4940489e-02;3.2500000e+01;4.6730578e-02;3.2500000e+01;6.1877802e-02;3.2500000e+01;8.0489077e-02;3.2500000e+01;1.0192513e-01;3.2500000e+01;1.2459970e-01;3.2500000e+01;1.4658228e-01;3.2500000e+01;1.6557777e-01;3.2500000e+01;1.8470703e-01;3.2500000e+01;2.0445701e-01;3.2500000e+01;2.3250949e-01;3.2500000e+01;2.5490361e-01;3.2500000e+01;2.6141584e-01;3.2500000e+01;2.5742137e-01;3.2500000e+01;2.4677746e-01;3.2500000e+01;2.2934321e-01;3.2500000e+01;2.0583740e-01;3.2500000e+01;2.5576819e-02;3.2500000e+01;3.4940489e-02;3.2500000e+01;4.6730578e-02;3.2500000e+01;6.1877802e-02;3.2500000e+01;8.0489077e-02;3.2500000e+01;1.0192513e-01;3.2500000e+01;1.2459970e-01;3.2500000e+01;1.4658228e-01;3.2500000e+01;1.6557777e-01;3.2500000e+01;1.8470703e-01;3.2500000e+01;2.0445701e-01;3.2500000e+01;2.3250949e-01;3.2500000e+01;2.5490361e-01;3.2500000e+01;2.6141584e-01;3.2500000e+01;2.5742137e-01;3.2500000e+01;2.4677746e-01;3.2500000e+01;2.2934321e-01;3.2500000e+01;2.0583740e-01;3.2500000e+01;2.5576819e-02;3.2500000e+01;3.4940489e-02;3.2500000e+01;4.6730578e-02;3.2500000e+01;6.1877802e-02;3.2500000e+01;8.0489077e-02;3.2500000e+01;1.0192513e-01;3.2500000e+01;1.2459970e-01;3.2500000e+01;1.4658228e-01;3.2500000e+01;1.6557777e-01;3.2500000e+01;1.8470703e-01;3.2500000e+01;2.0445701e-01;3.2500000e+01;2.3250949e-01;3.2500000e+01;2.5490361e-01;3.2500000e+01;2.6141584e-01;3.2500000e+01;2.5742137e-01;3.2500000e+01;2.4677746e-01;3.2500000e+01;2.2934321e-01;3.2500000e+01;2.0583740e-01;3.2500000e+01;2.5576819e-02;3.2500000e+01;3.4940489e-02;3.2500000e+01;4.6730578e-02;3.2500000e+01;6.1877802e-02;3.2500000e+01;8.0489077e-02;3.2500000e+01;1.0192513e-01;3.2500000e+01;1.2459970e-01;3.2500000e+01;1.4658228e-01;3.2500000e+01;1.6557777e-01;3.2500000e+01;1.8470703e-01;3.2500000e+01;2.0445701e-01;3.2500000e+01;2.3250949e-01;3.2500000e+01;2.5490361e-01;3.2500000e+01;2.6141584e-01;3.2500000e+01;2.5742137e-01;3.2500000e+01;2.4677746e-01;3.2500000e+01;2.2934321e-01;3.2500000e+01;2.0583740e-01;3.2500000e+01;2.5576819e-02;3.2500000e+01;3.4940489e-02;3.2500000e+01;4.6730578e-02;3.2500000e+01;6.1877802e-02;3.2500000e+01;8.0489077e-02;3.2500000e+01;1.0192513e-01;3.2500000e+01;1.2459970e-01;3.2500000e+01;1.4658228e-01;3.2500000e+01;1.6557777e-01;3.2500000e+01;1.8470703e-01;3.2500000e+01;2.0445701e-01;3.2500000e+01;2.3250949e-01;3.2500000e+01;2.5490361e-01;3.2500000e+01;2.6141584e-01;3.2500000e+01;2.5742137e-01;3.2500000e+01;2.4677746e-01;3.2500000e+01;2.2934321e-01;3.2500000e+01;2.0583740e-01;3.2500000e+01;2.5576819e-02;3.2500000e+01;3.4940489e-02;3.2500000e+01;4.6730578e-02;3.2500000e+01;6.1877802e-02;3.2500000e+01;8.0489077e-02;3.2500000e+01;1.0192513e-01;3.2500000e+01;1.2459970e-01;3.2500000e+01;1.4658228e-01;3.2500000e+01;1.6557777e-01;3.2500000e+01;1.8470703e-01;3.2500000e+01;2.0445701e-01;3.2500000e+01;2.3250949e-01;3.2500000e+01;2.5490361e-01;3.2500000e+01;2.6141584e-01;3.2500000e+01;2.5742137e-01;3.2500000e+01;2.4677746e-01;3.2500000e+01;2.2934321e-01;3.2500000e+01;2.0583740e-01;3.2500000e+01;2.5576819e-02;3.2500000e+01;3.4940489e-02;3.2500000e+01;4.6730578e-02;3.2500000e+01;6.1877802e-02;3.2500000e+01;8.0489077e-02;3.2500000e+01;1.0192513e-01;3.2500000e+01;1.2459970e-01;3.2500000e+01;1.4658228e-01;3.2500000e+01;1.6557777e-01;3.2500000e+01;1.8470703e-01;3.2500000e+01;2.0445701e-01;3.2500000e+01;2.3250949e-01;3.2500000e+01;2.5490361e-01;3.2500000e+01;2.6141584e-01;3.2500000e+01;2.5742137e-01;3.2500000e+01;2.4677746e-01;3.2500000e+01;2.2934321e-01;3.2500000e+01;2.0583740e-01;3.2500000e+01;2.5576819e-02;3.2500000e+01;3.4940489e-02;3.2500000e+01;4.6730578e-02;3.2500000e+01;6.1877802e-02;3.2500000e+01;8.0489077e-02;3.2500000e+01;1.0192513e-01;3.2500000e+01;1.2459970e-01;3.2500000e+01;1.4658228e-01;3.2500000e+01;1.6557777e-01;3.2500000e+01;1.8470703e-01;3.2500000e+01;2.0445701e-01;3.2500000e+01;2.3250949e-01;3.2500000e+01;2.5490361e-01;3.2500000e+01;2.6141584e-01;3.2500000e+01;2.5742137e-01;3.2500000e+01;2.4677746e-01;3.2500000e+01;2.2934321e-01;3.2500000e+01;2.0583740e-01;3.2500000e+01;2.5576819e-02;3.2500000e+01;3.4940489e-02;3.2500000e+01;4.6730578e-02;3.2500000e+01;6.1877802e-02;3.2500000e+01;8.0489077e-02;3.2500000e+01;1.0192513e-01;3.2500000e+01;1.2459970e-01;3.2500000e+01;1.4658228e-01;3.2500000e+01;1.6557777e-01;3.2500000e+01;1.8470703e-01;3.2500000e+01;2.0445701e-01;3.2500000e+01;2.3250949e-01;3.2500000e+01;2.5490361e-01;3.2500000e+01;2.6141584e-01;3.2500000e+01;2.5742137e-01;3.2500000e+01;2.4677746e-01;3.2500000e+01;2.2934321e-01;3.2500000e+01;2.0583740e-01;3.2500000e+01;2.5576819e-02;3.2500000e+01;3.4940489e-02;3.2500000e+01;4.6730578e-02;3.2500000e+01;6.1877802e-02;3.2500000e+01;8.0489077e-02;3.2500000e+01;1.0192513e-01;3.2500000e+01;1.2459970e-01;3.2500000e+01;1.4658228e-01;3.2500000e+01;1.6557777e-01;3.2500000e+01;1.8470703e-01;3.2500000e+01;2.0445701e-01;3.2500000e+01;2.3250949e-01;3.2500000e+01;2.5490361e-01;3.2500000e+01;2.6141584e-01;3.2500000e+01;2.5742137e-01;3.2500000e+01;2.4677746e-01;3.2500000e+01;2.2934321e-01;3.2500000e+01;2.0583740e-01;3.2500000e+01;2.5576819e-02;3.2500000e+01;3.4940489e-02;3.2500000e+01;4.6730578e-02;3.2500000e+01;6.1877802e-02;3.2500000e+01;8.0489077e-02;3.2500000e+01;1.0192513e-01;3.2500000e+01;1.2459970e-01;3.2500000e+01;1.4658228e-01;3.2500000e+01;1.6557777e-01;3.2500000e+01;1.8470703e-01;3.2500000e+01;2.0445701e-01;3.2500000e+01;2.3250949e-01;3.2500000e+01;2.5490361e-01;3.2500000e+01;2.6141584e-01;3.2500000e+01;2.5742137e-01;3.2500000e+01;2.4677746e-01;3.2500000e+01;2.2934321e-01;3.2500000e+01;2.0583740e-01;3.2500000e+01;2.5576819e-02;3.2500000e+01;3.4940489e-02;3.2500000e+01;4.6730578e-02;3.2500000e+01;6.1877802e-02;3.2500000e+01;8.0489077e-02;3.2500000e+01;1.0192513e-01;3.2500000e+01;1.2459970e-01;3.2500000e+01;1.4658228e-01;3.2500000e+01;1.6557777e-01;3.2500000e+01;1.8470703e-01;3.2500000e+01;2.0445701e-01;3.2500000e+01;2.3250949e-01;3.2500000e+01;2.5490361e-01;3.2500000e+01;2.6141584e-01;3.2500000e+01;2.5742137e-01;3.2500000e+01;2.4677746e-01;3.2500000e+01;2.2934321e-01;3.2500000e+01;2.0583740e-01;3.2500000e+01;2.5576819e-02;3.2500000e+01;3.4940489e-02;3.2500000e+01;4.6730578e-02;3.2500000e+01;6.1877802e-02;3.2500000e+01;8.0489077e-02;3.2500000e+01;1.0192513e-01;3.2500000e+01;1.2459970e-01;3.2500000e+01;1.4658228e-01;3.2500000e+01;1.6557777e-01;3.2500000e+01;1.8470703e-01;3.2500000e+01;2.0445701e-01;3.2500000e+01;2.3250949e-01;3.2500000e+01;2.5490361e-01;3.2500000e+01;2.6141584e-01;3.2500000e+01;2.5742137e-01;3.2500000e+01;2.4677746e-01;3.2500000e+01;2.2934321e-01;3.2500000e+01;2.0583740e-01;3.2500000e+01;2.5576819e-02;3.2500000e+01;3.4940489e-02;3.2500000e+01;4.6730578e-02;3.2500000e+01;6.1877802e-02;3.2500000e+01;8.0489077e-02;3.2500000e+01;1.0192513e-01;3.2500000e+01;1.2459970e-01;3.2500000e+01;1.4658228e-01;3.2500000e+01;1.6557777e-01;3.2500000e+01;1.8470703e-01;3.2500000e+01;2.0445701e-01;3.2500000e+01;2.3250949e-01;3.2500000e+01;2.5490361e-01;3.2500000e+01;2.6141584e-01;3.2500000e+01;2.5742137e-01;3.2500000e+01;2.4677746e-01;3.2500000e+01;2.2934321e-01;3.2500000e+01;2.0583740e-01;3.2500000e+01;2.5576819e-02;3.2500000e+01;3.4940489e-02;3.2500000e+01;4.6730578e-02;3.2500000e+01;6.1877802e-02;3.2500000e+01;8.0489077e-02;3.2500000e+01;1.0192513e-01;3.2500000e+01;1.2459970e-01;3.2500000e+01;1.4658228e-01;3.2500000e+01;1.6557777e-01;3.2500000e+01;1.8470703e-01;3.2500000e+01;2.0445701e-01;3.2500000e+01;2.3250949e-01;3.2500000e+01;2.5490361e-01;3.2500000e+01;2.6141584e-01;3.2500000e+01;2.5742137e-01;3.2500000e+01;2.4677746e-01;3.2500000e+01;2.2934321e-01;3.2500000e+01;2.0583740e-01;3.2500000e+01;2.5576819e-02;3.2500000e+01;3.4940489e-02;3.2500000e+01;4.6730578e-02;3.2500000e+01;6.1877802e-02;3.2500000e+01;8.0489077e-02;3.2500000e+01;1.0192513e-01;3.2500000e+01;1.2459970e-01;3.2500000e+01;1.4658228e-01;3.2500000e+01;1.6557777e-01;3.2500000e+01;1.8470703e-01;3.2500000e+01;2.0445701e-01;3.2500000e+01;2.3250949e-01;3.2500000e+01;2.5490361e-01;3.2500000e+01;2.6141584e-01;3.2500000e+01;2.5742137e-01;3.2500000e+01;2.4677746e-01;3.2500000e+01;2.2934321e-01;3.2500000e+01;2.0583740e-01;3.2500000e+01;2.5576819e-02;3.2500000e+01;3.4940489e-02;3.2500000e+01;4.6730578e-02;3.2500000e+01;6.1877802e-02;3.2500000e+01;8.0489077e-02;3.2500000e+01;1.0192513e-01;3.2500000e+01;1.2459970e-01;3.2500000e+01;1.4658228e-01;3.2500000e+01;1.6557777e-01;3.2500000e+01;1.8470703e-01;3.2500000e+01;2.0445701e-01;3.2500000e+01;2.3250949e-01;3.2500000e+01;2.5490361e-01;3.2500000e+01;2.6141584e-01;3.2500000e+01;2.5742137e-01;3.2500000e+01;2.4677746e-01;3.2500000e+01;2.2934321e-01;3.2500000e+01;2.0583740e-01;3.2500000e+01;2.5576819e-02;3.2500000e+01;3.4940489e-02;3.2500000e+01;4.6730578e-02;3.2500000e+01;6.1877802e-02;3.2500000e+01;8.0489077e-02;3.2500000e+01;1.0192513e-01;3.2500000e+01;1.2459970e-01;3.2500000e+01;1.4658228e-01;3.2500000e+01;1.6557777e-01;3.2500000e+01;1.8470703e-01;3.2500000e+01;2.0445701e-01;3.2500000e+01;2.3250949e-01;3.2500000e+01;2.5490361e-01;3.2500000e+01;2.6141584e-01;3.2500000e+01;2.5742137e-01;3.2500000e+01;2.4677746e-01;3.2500000e+01;2.2934321e-01;3.2500000e+01;2.0583740e-01;3.2500000e+01;2.5576819e-02;3.2500000e+01;3.4940489e-02;3.2500000e+01;4.6730578e-02;3.2500000e+01;6.1877802e-02;3.2500000e+01;8.0489077e-02;3.2500000e+01;1.0192513e-01;3.2500000e+01;1.2459970e-01;3.2500000e+01;1.4658228e-01;3.2500000e+01;1.6557777e-01;3.2500000e+01;1.8470703e-01;3.2500000e+01;2.0445701e-01;3.2500000e+01;2.3250949e-01;3.2500000e+01;2.5490361e-01;3.2500000e+01;2.6141584e-01;3.2500000e+01;2.5742137e-01;3.2500000e+01;2.4677746e-01;3.2500000e+01;2.2934321e-01;3.2500000e+01;2.0583740e-01;3.2500000e+01;2.5576819e-02;3.2500000e+01;3.4940489e-02;3.2500000e+01;4.6730578e-02;3.2500000e+01;6.1877802e-02;3.2500000e+01;8.0489077e-02;3.2500000e+01;1.0192513e-01;3.2500000e+01;1.2459970e-01;3.2500000e+01;1.4658228e-01;3.2500000e+01;1.6557777e-01;3.2500000e+01;1.8470703e-01;3.2500000e+01;2.0445701e-01;3.2500000e+01;2.3250949e-01;3.2500000e+01;2.5490361e-01;3.2500000e+01;2.6141584e-01;3.2500000e+01;2.5742137e-01;3.2500000e+01;2.4677746e-01;3.2500000e+01;2.2934321e-01;3.2500000e+01;2.0583740e-01;3.2500000e+01;2.5576819e-02;3.2500000e+01;3.4940489e-02;3.2500000e+01;4.6730578e-02;3.2500000e+01;6.1877802e-02;3.2500000e+01;8.0489077e-02;3.2500000e+01;1.0192513e-01;3.2500000e+01;1.2459970e-01;3.2500000e+01;1.4658228e-01;3.2500000e+01;1.6557777e-01;3.2500000e+01;1.8470703e-01;3.2500000e+01;2.0445701e-01;3.2500000e+01;2.3250949e-01;3.2500000e+01;2.5490361e-01;3.2500000e+01;2.6141584e-01;3.2500000e+01;2.5742137e-01;3.2500000e+01;2.4677746e-01;3.2500000e+01;2.2934321e-01;3.2500000e+01;2.0583740e-01;3.2500000e+01;2.5576819e-02;3.2500000e+01;3.4940489e-02;3.2500000e+01;4.6730578e-02;3.2500000e+01;6.1877802e-02;3.2500000e+01;8.0489077e-02;3.2500000e+01;1.0192513e-01;3.2500000e+01;1.2459970e-01;3.2500000e+01;1.4658228e-01;3.2500000e+01;1.6557777e-01;3.2500000e+01;1.8470703e-01;3.2500000e+01;2.0445701e-01;3.2500000e+01;2.3250949e-01;3.2500000e+01;2.5490361e-01;3.2500000e+01;2.6141584e-01;3.2500000e+01;2.5742137e-01;3.2500000e+01;2.4677746e-01;3.2500000e+01;2.2934321e-01;3.2500000e+01;2.0583740e-01;3.2500000e+01;2.5576819e-02;3.2500000e+01;3.4940489e-02;3.2500000e+01;4.6730578e-02;3.2500000e+01;6.1877802e-02;3.2500000e+01;8.0489077e-02;3.2500000e+01;1.0192513e-01;3.2500000e+01;1.2459970e-01;3.2500000e+01;1.4658228e-01;3.2500000e+01;1.6557777e-01;3.2500000e+01;1.8470703e-01;3.2500000e+01;2.0445701e-01;3.2500000e+01;2.3250949e-01;3.2500000e+01;2.5490361e-01;3.2500000e+01;2.6141584e-01;3.2500000e+01;2.5742137e-01;3.2500000e+01;2.4677746e-01;3.2500000e+01;2.2934321e-01;3.2500000e+01;2.0583740e-01;3.2500000e+01;2.5576819e-02;3.2500000e+01;3.4940489e-02;3.2500000e+01;4.6730578e-02;3.2500000e+01;6.1877802e-02;3.2500000e+01;8.0489077e-02;3.2500000e+01;1.0192513e-01;3.2500000e+01;1.2459970e-01;3.2500000e+01;1.4658228e-01;3.2500000e+01;1.6557777e-01;3.2500000e+01;1.8470703e-01;3.2500000e+01;2.0445701e-01;3.2500000e+01;2.3250949e-01;3.2500000e+01;2.5490361e-01;3.2500000e+01;2.6141584e-01;3.2500000e+01;2.5742137e-01;3.2500000e+01;2.4677746e-01;3.2500000e+01;2.2934321e-01;3.2500000e+01;2.0583740e-01;3.2500000e+01;2.5576819e-02;3.2500000e+01;3.4940489e-02;3.2500000e+01;4.6730578e-02;3.2500000e+01;6.1877802e-02;3.2500000e+01;8.0489077e-02;3.2500000e+01;1.0192513e-01;3.2500000e+01;1.2459970e-01;3.2500000e+01;1.4658228e-01;3.2500000e+01;1.6557777e-01;3.2500000e+01;1.8470703e-01;3.2500000e+01;2.0445701e-01;3.2500000e+01;2.3250949e-01;3.2500000e+01;2.5490361e-01;3.2500000e+01;2.6141584e-01;3.2500000e+01;2.5742137e-01;3.2500000e+01;2.4677746e-01;3.2500000e+01;2.2934321e-01;3.2500000e+01;2.0583740e-01;3.2500000e+01;2.5576819e-02;3.2500000e+01;3.4940489e-02;3.2500000e+01;4.6730578e-02;3.2500000e+01;6.1877802e-02;3.2500000e+01;8.0489077e-02;3.2500000e+01;1.0192513e-01;3.2500000e+01;1.2459970e-01;3.2500000e+01;1.4658228e-01;3.2500000e+01;1.6557777e-01;3.2500000e+01;1.8470703e-01;3.2500000e+01;2.0445701e-01;3.2500000e+01;2.3250949e-01;3.2500000e+01;2.5490361e-01;3.2500000e+01;2.6141584e-01;3.2500000e+01;2.5742137e-01;3.2500000e+01;2.4677746e-01;3.2500000e+01;2.2934321e-01;3.2500000e+01;2.0583740e-01;3.2500000e+01;2.5576819e-02;3.2500000e+01;3.4940489e-02;3.2500000e+01;4.6730578e-02;3.2500000e+01;6.1877802e-02;3.2500000e+01;8.0489077e-02;3.2500000e+01;1.0192513e-01;3.2500000e+01;1.2459970e-01;3.2500000e+01;1.4658228e-01;3.2500000e+01;1.6557777e-01;3.2500000e+01;1.8470703e-01;3.2500000e+01;2.0445701e-01;3.2500000e+01;2.3250949e-01;3.2500000e+01;2.5490361e-01;3.2500000e+01;2.6141584e-01;3.2500000e+01;2.5742137e-01;3.2500000e+01;2.4677746e-01;3.2500000e+01;2.2934321e-01;3.2500000e+01;2.0583740e-01;3.2500000e+01;2.5576819e-02;3.2500000e+01;3.4940489e-02;3.2500000e+01;4.6730578e-02;3.2500000e+01;6.1877802e-02;3.2500000e+01;8.0489077e-02;3.2500000e+01;1.0192513e-01;3.2500000e+01;1.2459970e-01;3.2500000e+01;1.4658228e-01;3.2500000e+01;1.6557777e-01;3.2500000e+01;1.8470703e-01;3.2500000e+01;2.0445701e-01;3.2500000e+01;2.3250949e-01;3.2500000e+01;2.5490361e-01;3.2500000e+01;2.6141584e-01;3.2500000e+01;2.5742137e-01;3.2500000e+01;2.4677746e-01;3.2500000e+01;2.2934321e-01;3.2500000e+01;2.0583740e-01;3.2500000e+01;2.5576819e-02;3.2500000e+01;3.4940489e-02;3.2500000e+01;4.6730578e-02;3.2500000e+01;6.1877802e-02;3.2500000e+01;8.0489077e-02;3.2500000e+01;1.0192513e-01;3.2500000e+01;1.2459970e-01;3.2500000e+01;1.4658228e-01;3.2500000e+01;1.6557777e-01;3.2500000e+01;1.8470703e-01;3.2500000e+01;2.0445701e-01;3.2500000e+01;2.3250949e-01;3.2500000e+01;2.5490361e-01;3.2500000e+01;2.6141584e-01;3.2500000e+01;2.5742137e-01;3.2500000e+01;2.4677746e-01;3.2500000e+01;2.2934321e-01;3.2500000e+01;2.0583740e-01;3.2500000e+01;2.5576819e-02;3.2500000e+01;3.4940489e-02;3.2500000e+01;4.6730578e-02;3.2500000e+01;6.1877802e-02;3.2500000e+01;8.0489077e-02;3.2500000e+01;1.0192513e-01;3.2500000e+01;1.2459970e-01;3.2500000e+01;1.4658228e-01;3.2500000e+01;1.6557777e-01;3.2500000e+01;1.8470703e-01;3.2500000e+01;2.0445701e-01;3.2500000e+01;2.3250949e-01;3.2500000e+01;2.5490361e-01;3.2500000e+01;2.6141584e-01;3.2500000e+01;2.5742137e-01;3.2500000e+01;2.4677746e-01;3.2500000e+01;2.2934321e-01;3.2500000e+01;2.0583740e-01;3.2500000e+01;2.5576819e-02;3.2500000e+01;3.4940489e-02;3.2500000e+01;4.6730578e-02;3.2500000e+01;6.1877802e-02;3.2500000e+01;8.0489077e-02;3.2500000e+01;1.0192513e-01;3.2500000e+01;1.2459970e-01;3.2500000e+01;1.4658228e-01;3.2500000e+01;1.6557777e-01;3.2500000e+01;1.8470703e-01;3.2500000e+01;2.0445701e-01;3.2500000e+01;2.3250949e-01;3.2500000e+01;2.5490361e-01;3.2500000e+01;2.6141584e-01;3.2500000e+01;2.5742137e-01;3.2500000e+01;2.4677746e-01;3.2500000e+01;2.2934321e-01;3.2500000e+01;2.0583740e-01;3.2500000e+01;2.5576819e-02;3.2500000e+01;3.4940489e-02;3.2500000e+01;4.6730578e-02;3.2500000e+01;6.1877802e-02;3.2500000e+01;8.0489077e-02;3.2500000e+01;1.0192513e-01;3.2500000e+01;1.2459970e-01;3.2500000e+01;1.4658228e-01;3.2500000e+01;1.6557777e-01;3.2500000e+01;1.8470703e-01;3.2500000e+01;2.0445701e-01;3.2500000e+01;2.3250949e-01;3.2500000e+01;2.5490361e-01;3.2500000e+01;2.6141584e-01;3.2500000e+01;2.5742137e-01;3.2500000e+01;2.4677746e-01;3.2500000e+01;2.2934321e-01;3.2500000e+01;2.0583740e-01;3.2500000e+01;2.5576819e-02;3.2500000e+01;3.4940489e-02;3.2500000e+01;4.6730578e-02;3.2500000e+01;6.1877802e-02;3.2500000e+01;8.0489077e-02;3.2500000e+01;1.0192513e-01;3.2500000e+01;1.2459970e-01;3.2500000e+01;1.4658228e-01;3.2500000e+01;1.6557777e-01;3.2500000e+01;1.8470703e-01;3.2500000e+01;2.0445701e-01;3.2500000e+01;2.3250949e-01;3.2500000e+01;2.5490361e-01;3.2500000e+01;2.6141584e-01;3.2500000e+01;2.5742137e-01;3.2500000e+01;2.4677746e-01;3.2500000e+01;2.2934321e-01;3.2500000e+01;2.0583740e-01;3.2500000e+01;2.5576819e-02;3.2500000e+01;3.4940489e-02;3.2500000e+01;4.6730578e-02;3.2500000e+01;6.1877802e-02;3.2500000e+01;8.0489077e-02;3.2500000e+01;1.0192513e-01;3.2500000e+01;1.2459970e-01;3.2500000e+01;1.4658228e-01;3.2500000e+01;1.6557777e-01;3.2500000e+01;1.8470703e-01;3.2500000e+01;2.0445701e-01;3.2500000e+01;2.3250949e-01;3.2500000e+01;2.5490361e-01;3.2500000e+01;2.6141584e-01;3.2500000e+01;2.5742137e-01;3.2500000e+01;2.4677746e-01;3.2500000e+01;2.2934321e-01;3.2500000e+01;2.0583740e-01;3.2500000e+01;2.5576819e-02;3.2500000e+01;3.4940489e-02;3.2500000e+01;4.6730578e-02;3.2500000e+01;6.1877802e-02;3.2500000e+01;8.0489077e-02;3.2500000e+01;1.0192513e-01;3.2500000e+01;1.2459970e-01;3.2500000e+01;1.4658228e-01;3.2500000e+01;1.6557777e-01;3.2500000e+01;1.8470703e-01;3.2500000e+01;2.0445701e-01;3.2500000e+01;2.3250949e-01;3.2500000e+01;2.5490361e-01;3.2500000e+01;2.6141584e-01;3.2500000e+01;2.5742137e-01;3.2500000e+01;2.4677746e-01;3.2500000e+01;2.2934321e-01;3.2500000e+01;2.0583740e-01;3.2500000e+01;2.5576819e-02;3.2500000e+01;3.4940489e-02;3.2500000e+01;4.6730578e-02;3.2500000e+01;6.1877802e-02;3.2500000e+01;8.0489077e-02;3.2500000e+01;1.0192513e-01;3.2500000e+01;1.2459970e-01;3.2500000e+01;1.4658228e-01;3.2500000e+01;1.6557777e-01;3.2500000e+01;1.8470703e-01;3.2500000e+01;2.0445701e-01;3.2500000e+01;2.3250949e-01;3.2500000e+01;2.5490361e-01;3.2500000e+01;2.6141584e-01;3.2500000e+01;2.5742137e-01;3.2500000e+01;2.4677746e-01;3.2500000e+01;2.2934321e-01;3.2500000e+01;2.0583740e-01;3.2500000e+01;2.5576819e-02;3.2500000e+01;3.4940489e-02;3.2500000e+01;4.6730578e-02;3.2500000e+01;6.1877802e-02;3.2500000e+01;8.0489077e-02;3.2500000e+01;1.0192513e-01;3.2500000e+01;1.2459970e-01;3.2500000e+01;1.4658228e-01;3.2500000e+01;1.6557777e-01;3.2500000e+01;1.8470703e-01;3.2500000e+01;2.0445701e-01;3.2500000e+01;2.3250949e-01;3.2500000e+01;2.5490361e-01;3.2500000e+01;2.6141584e-01;3.2500000e+01;2.5742137e-01;3.2500000e+01;2.4677746e-01;3.2500000e+01;2.2934321e-01;3.2500000e+01;2.0583740e-01;3.2500000e+01;2.5576819e-02;3.2500000e+01;3.4940489e-02;3.2500000e+01;4.6730578e-02;3.2500000e+01;6.1877802e-02;3.2500000e+01;8.0489077e-02;3.2500000e+01;1.0192513e-01;3.2500000e+01;1.2459970e-01;3.2500000e+01;1.4658228e-01;3.2500000e+01;1.6557777e-01;3.2500000e+01;1.8470703e-01;3.2500000e+01;2.0445701e-01;3.2500000e+01;2.3250949e-01;3.2500000e+01;2.5490361e-01;3.2500000e+01;2.6141584e-01;3.2500000e+01;2.5742137e-01;3.2500000e+01;2.4677746e-01;3.2500000e+01;2.2934321e-01;3.2500000e+01;2.0583740e-01;3.2500000e+01;2.5576819e-02;3.2500000e+01;3.4940489e-02;3.2500000e+01;4.6730578e-02;3.2500000e+01;6.1877802e-02;3.2500000e+01;8.0489077e-02;3.2500000e+01;1.0192513e-01;3.2500000e+01;1.2459970e-01;3.2500000e+01;1.4658228e-01;3.2500000e+01;1.6557777e-01;3.2500000e+01;1.8470703e-01;3.2500000e+01;2.0445701e-01;3.2500000e+01;2.3250949e-01;3.2500000e+01;2.5490361e-01;3.2500000e+01;2.6141584e-01;3.2500000e+01;2.5742137e-01;3.2500000e+01;2.4677746e-01;3.2500000e+01;2.2934321e-01;3.2500000e+01;2.0583740e-01;3.2500000e+01;2.5576819e-02;3.2500000e+01;3.4940489e-02;3.2500000e+01;4.6730578e-02;3.2500000e+01;6.1877802e-02;3.2500000e+01;8.0489077e-02;3.2500000e+01;1.0192513e-01;3.2500000e+01;1.2459970e-01;3.2500000e+01;1.4658228e-01;3.2500000e+01;1.6557777e-01;3.2500000e+01;1.8470703e-01;3.2500000e+01;2.0445701e-01;3.2500000e+01;2.3250949e-01;3.2500000e+01;2.5490361e-01;3.2500000e+01;2.6141584e-01;3.2500000e+01;2.5742137e-01;3.2500000e+01;2.4677746e-01;3.2500000e+01;2.2934321e-01;3.2500000e+01;2.0583740e-01;3.2500000e+01;2.5576819e-02;3.2500000e+01;3.4940489e-02;3.2500000e+01;4.6730578e-02;3.2500000e+01;6.1877802e-02;3.2500000e+01;8.0489077e-02;3.2500000e+01;1.0192513e-01;3.2500000e+01;1.2459970e-01;3.2500000e+01;1.4658228e-01;3.2500000e+01;1.6557777e-01;3.2500000e+01;1.8470703e-01;3.2500000e+01;2.0445701e-01;3.2500000e+01;2.3250949e-01;3.2500000e+01;2.5490361e-01;3.2500000e+01;2.6141584e-01;3.2500000e+01;2.5742137e-01;3.2500000e+01;2.4677746e-01;3.2500000e+01;2.2934321e-01;3.2500000e+01;2.0583740e-01;3.2500000e+01;2.5576819e-02;3.2500000e+01;3.4940489e-02;3.2500000e+01;4.6730578e-02;3.2500000e+01;6.1877802e-02;3.2500000e+01;8.0489077e-02;3.2500000e+01;1.0192513e-01;3.2500000e+01;1.2459970e-01;3.2500000e+01;1.4658228e-01;3.2500000e+01;1.6557777e-01;3.2500000e+01;1.8470703e-01;3.2500000e+01;2.0445701e-01;3.2500000e+01;2.3250949e-01;3.2500000e+01;2.5490361e-01;3.2500000e+01;2.6141584e-01;3.2500000e+01;2.5742137e-01;3.2500000e+01;2.4677746e-01;3.2500000e+01;2.2934321e-01;3.2500000e+01;2.0583740e-01;3.2500000e+01;2.5576819e-02;3.2500000e+01;3.4940489e-02;3.2500000e+01;4.6730578e-02;3.2500000e+01;6.1877802e-02;3.2500000e+01;8.0489077e-02;3.2500000e+01;1.0192513e-01;3.2500000e+01;1.2459970e-01;3.2500000e+01;1.4658228e-01;3.2500000e+01;1.6557777e-01;3.2500000e+01;1.8470703e-01;3.2500000e+01;2.0445701e-01;3.2500000e+01;2.3250949e-01;3.2500000e+01;2.5490361e-01;3.2500000e+01;2.6141584e-01;3.2500000e+01;2.5742137e-01;3.2500000e+01;2.4677746e-01;3.2500000e+01;2.2934321e-01;3.2500000e+01;2.0583740e-01;3.2500000e+01;2.5576819e-02;3.2500000e+01;3.4940489e-02;3.2500000e+01;4.6730578e-02;3.2500000e+01;6.1877802e-02;3.2500000e+01;8.0489077e-02;3.2500000e+01;1.0192513e-01;3.2500000e+01;1.2459970e-01;3.2500000e+01;1.4658228e-01;3.2500000e+01;1.6557777e-01;3.2500000e+01;1.8470703e-01;3.2500000e+01;2.0445701e-01;3.2500000e+01;2.3250949e-01;3.2500000e+01;2.5490361e-01;3.2500000e+01;2.6141584e-01;3.2500000e+01;2.5742137e-01;3.2500000e+01;2.4677746e-01;3.2500000e+01;2.2934321e-01;3.2500000e+01;2.0583740e-01;3.2500000e+01;2.5576819e-02;3.2500000e+01;3.4940489e-02;3.2500000e+01;4.6730578e-02;3.2500000e+01;6.1877802e-02;3.2500000e+01;8.0489077e-02;3.2500000e+01;1.0192513e-01;3.2500000e+01;1.2459970e-01;3.2500000e+01;1.4658228e-01;3.2500000e+01;1.6557777e-01;3.2500000e+01;1.8470703e-01;3.2500000e+01;2.0445701e-01;3.2500000e+01;2.3250949e-01;3.2500000e+01;2.5490361e-01;3.2500000e+01;2.6141584e-01;3.2500000e+01;2.5742137e-01;3.2500000e+01;2.4677746e-01;3.2500000e+01;2.2934321e-01;3.2500000e+01;2.0583740e-01;3.2500000e+01;2.5576819e-02;3.2500000e+01;3.4940489e-02;3.2500000e+01;4.6730578e-02;3.2500000e+01;6.1877802e-02;3.2500000e+01;8.0489077e-02;3.2500000e+01;1.0192513e-01;3.2500000e+01;1.2459970e-01;3.2500000e+01;1.4658228e-01;3.2500000e+01;1.6557777e-01;3.2500000e+01;1.8470703e-01;3.2500000e+01;2.0445701e-01;3.2500000e+01;2.3250949e-01;3.2500000e+01;2.5490361e-01;3.2500000e+01;2.6141584e-01;3.2500000e+01;2.5742137e-01;3.2500000e+01;2.4677746e-01;3.2500000e+01;2.2934321e-01;3.2500000e+01;2.0583740e-01;3.2500000e+01;2.5576819e-02;3.2500000e+01;3.4940489e-02;3.2500000e+01;4.6730578e-02;3.2500000e+01;6.1877802e-02;3.2500000e+01;8.0489077e-02;3.2500000e+01;1.0192513e-01;3.2500000e+01;1.2459970e-01;3.2500000e+01;1.4658228e-01;3.2500000e+01;1.6557777e-01;3.2500000e+01;1.8470703e-01;3.2500000e+01;2.0445701e-01;3.2500000e+01;2.3250949e-01;3.2500000e+01;2.5490361e-01;3.2500000e+01;2.6141584e-01;3.2500000e+01;2.5742137e-01;3.2500000e+01;2.4677746e-01;3.2500000e+01;2.2934321e-01;3.2500000e+01;2.0583740e-01;3.2500000e+01;2.5576819e-02;3.2500000e+01;3.4940489e-02;3.2500000e+01;4.6730578e-02;3.2500000e+01;6.1877802e-02;3.2500000e+01;8.0489077e-02;3.2500000e+01;1.0192513e-01;3.2500000e+01;1.2459970e-01;3.2500000e+01;1.4658228e-01;3.2500000e+01;1.6557777e-01;3.2500000e+01;1.8470703e-01;3.2500000e+01;2.0445701e-01;3.2500000e+01;2.3250949e-01;3.2500000e+01;2.5490361e-01;3.2500000e+01;2.6141584e-01;3.2500000e+01;2.5742137e-01;3.2500000e+01;2.4677746e-01;3.2500000e+01;2.2934321e-01;3.2500000e+01;2.0583740e-01;3.2500000e+01;2.5576819e-02;3.2500000e+01;3.4940489e-02;3.2500000e+01;4.6730578e-02;3.2500000e+01;6.1877802e-02;3.2500000e+01;8.0489077e-02;3.2500000e+01;1.0192513e-01;3.2500000e+01;1.2459970e-01;3.2500000e+01;1.4658228e-01;3.2500000e+01;1.6557777e-01;3.2500000e+01;1.8470703e-01;3.2500000e+01;2.0445701e-01;3.2500000e+01;2.3250949e-01;3.2500000e+01;2.5490361e-01;3.2500000e+01;2.6141584e-01;3.2500000e+01;2.5742137e-01;3.2500000e+01;2.4677746e-01;3.2500000e+01;2.2934321e-01;3.2500000e+01;2.0583740e-01;3.2500000e+01;2.5576819e-02;3.2500000e+01;3.4940489e-02;3.2500000e+01;4.6730578e-02;3.2500000e+01;6.1877802e-02;3.2500000e+01;8.0489077e-02;3.2500000e+01;1.0192513e-01;3.2500000e+01;1.2459970e-01;3.2500000e+01;1.4658228e-01;3.2500000e+01;1.6557777e-01;3.2500000e+01;1.8470703e-01;3.2500000e+01;2.0445701e-01;3.2500000e+01;2.3250949e-01;3.2500000e+01;2.5490361e-01;3.2500000e+01;2.6141584e-01;3.2500000e+01;2.5742137e-01;3.2500000e+01;2.4677746e-01;3.2500000e+01;2.2934321e-01;3.2500000e+01;2.0583740e-01;3.2500000e+01;2.5576819e-02;3.2500000e+01;3.4940489e-02;3.2500000e+01;4.6730578e-02;3.2500000e+01;6.1877802e-02;3.2500000e+01;8.0489077e-02;3.2500000e+01;1.0192513e-01;3.2500000e+01;1.2459970e-01;3.2500000e+01;1.4658228e-01;3.2500000e+01;1.6557777e-01;3.2500000e+01;1.8470703e-01;3.2500000e+01;2.0445701e-01;3.2500000e+01;2.3250949e-01;3.2500000e+01;2.5490361e-01;3.2500000e+01;2.6141584e-01;3.2500000e+01;2.5742137e-01;3.2500000e+01;2.4677746e-01;3.2500000e+01;2.2934321e-01;3.2500000e+01;2.0583740e-01
3.7500000e+01;2.9430095e-02;3.7500000e+01;4.0282413e-02;3.7500000e+01;5.2589372e-02;3.7500000e+01;6.7265913e-02;3.7500000e+01;8.5289113e-02;3.7500000e+01;1.0577056e-01;3.7500000e+01;1.2949601e-01;3.7500000e+01;1.5435530e-01;3.7500000e+01;1.7648688e-01;3.7500000e+01;1.9841999e-01;3.7500000e+01;2.1933520e-01;3.7500000e+01;2.4825883e-01;3.7500000e+01;2.6585278e-01;3.7500000e+01;2.6875335e-01;3.7500000e+01;2.6297510e-01;3.7500000e+01;2.5096846e-01;3.7500000e+01;2.3237857e-01;3.7500000e+01;2.0818764e-01;3.7500000e+01;2.9430095e-02;3.7500000e+01;4.0282413e-02;3.7500000e+01;5.2589372e-02;3.7500000e+01;6.7265913e-02;3.7500000e+01;8.5289113e-02;3.7500000e+01;1.0577056e-01;3.7500000e+01;1.2949601e-01;3.7500000e+01;1.5435530e-01;3.7500000e+01;1.7648688e-01;3.7500000e+01;1.9841999e-01;3.7500000e+01;2.1933520e-01;3.7500000e+01;2.4825883e-01;3.7500000e+01;2.6585278e-01;3.7500000e+01;2.6875335e-01;3.7500000e+01;2.6297510e-01;3.7500000e+01;2.5096846e-01;3.7500000e+01;2.3237857e-01;3.7500000e+01;2.0818764e-01;3.7500000e+01;2.9430095e-02;3.7500000e+01;4.0282413e-02;3.7500000e+01;5.2589372e-02;3.7500000e+01;6.7265913e-02;3.7500000e+01;8.5289113e-02;3.7500000e+01;1.0577056e-01;3.7500000e+01;1.2949601e-01;3.7500000e+01;1.5435530e-01;3.7500000e+01;1.7648688e-01;3.7500000e+01;1.9841999e-01;3.7500000e+01;2.1933520e-01;3.7500000e+01;2.4825883e-01;3.7500000e+01;2.6585278e-01;3.7500000e+01;2.6875335e-01;3.7500000e+01;2.6297510e-01;3.7500000e+01;2.5096846e-01;3.7500000e+01;2.3237857e-01;3.7500000e+01;2.0818764e-01;3.7500000e+01;2.9430095e-02;3.7500000e+01;4.0282413e-02;3.7500000e+01;5.2589372e-02;3.7500000e+01;6.7265913e-02;3.7500000e+01;8.5289113e-02;3.7500000e+01;1.0577056e-01;3.7500000e+01;1.2949601e-01;3.7500000e+01;1.5435530e-01;3.7500000e+01;1.7648688e-01;3.7500000e+01;1.9841999e-01;3.7500000e+01;2.1933520e-01;3.7500000e+01;2.4825883e-01;3.7500000e+01;2.6585278e-01;3.7500000e+01;2.6875335e-01;3.7500000e+01;2.6297510e-01;3.7500000e+01;2.5096846e-01;3.7500000e+01;2.3237857e-01;3.7500000e+01;2.0818764e-01;3.7500000e+01;2.9430095e-02;3.7500000e+01;4.0282413e-02;3.7500000e+01;5.2589372e-02;3.7500000e+01;6.7265913e-02;3.7500000e+01;8.5289113e-02;3.7500000e+01;1.0577056e-01;3.7500000e+01;1.2949601e-01;3.7500000e+01;1.5435530e-01;3.7500000e+01;1.7648688e-01;3.7500000e+01;1.9841999e-01;3.7500000e+01;2.1933520e-01;3.7500000e+01;2.4825883e-01;3.7500000e+01;2.6585278e-01;3.7500000e+01;2.6875335e-01;3.7500000e+01;2.6297510e-01;3.7500000e+01;2.5096846e-01;3.7500000e+01;2.3237857e-01;3.7500000e+01;2.0818764e-01;3.7500000e+01;2.9430095e-02;3.7500000e+01;4.0282413e-02;3.7500000e+01;5.2589372e-02;3.7500000e+01;6.7265913e-02;3.7500000e+01;8.5289113e-02;3.7500000e+01;1.0577056e-01;3.7500000e+01;1.2949601e-01;3.7500000e+01;1.5435530e-01;3.7500000e+01;1.7648688e-01;3.7500000e+01;1.9841999e-01;3.7500000e+01;2.1933520e-01;3.7500000e+01;2.4825883e-01;3.7500000e+01;2.6585278e-01;3.7500000e+01;2.6875335e-01;3.7500000e+01;2.6297510e-01;3.7500000e+01;2.5096846e-01;3.7500000e+01;2.3237857e-01;3.7500000e+01;2.0818764e-01;3.7500000e+01;2.9430095e-02;3.7500000e+01;4.0282413e-02;3.7500000e+01;5.2589372e-02;3.7500000e+01;6.7265913e-02;3.7500000e+01;8.5289113e-02;3.7500000e+01;1.0577056e-01;3.7500000e+01;1.2949601e-01;3.7500000e+01;1.5435530e-01;3.7500000e+01;1.7648688e-01;3.7500000e+01;1.9841999e-01;3.7500000e+01;2.1933520e-01;3.7500000e+01;2.4825883e-01;3.7500000e+01;2.6585278e-01;3.7500000e+01;2.6875335e-01;3.7500000e+01;2.6297510e-01;3.7500000e+01;2.5096846e-01;3.7500000e+01;2.3237857e-01;3.7500000e+01;2.0818764e-01;3.7500000e+01;2.9430095e-02;3.7500000e+01;4.0282413e-02;3.7500000e+01;5.2589372e-02;3.7500000e+01;6.7265913e-02;3.7500000e+01;8.5289113e-02;3.7500000e+01;1.0577056e-01;3.7500000e+01;1.2949601e-01;3.7500000e+01;1.5435530e-01;3.7500000e+01;1.7648688e-01;3.7500000e+01;1.9841999e-01;3.7500000e+01;2.1933520e-01;3.7500000e+01;2.4825883e-01;3.7500000e+01;2.6585278e-01;3.7500000e+01;2.6875335e-01;3.7500000e+01;2.6297510e-01;3.7500000e+01;2.5096846e-01;3.7500000e+01;2.3237857e-01;3.7500000e+01;2.0818764e-01;3.7500000e+01;2.9430095e-02;3.7500000e+01;4.0282413e-02;3.7500000e+01;5.2589372e-02;3.7500000e+01;6.7265913e-02;3.7500000e+01;8.5289113e-02;3.7500000e+01;1.0577056e-01;3.7500000e+01;1.2949601e-01;3.7500000e+01;1.5435530e-01;3.7500000e+01;1.7648688e-01;3.7500000e+01;1.9841999e-01;3.7500000e+01;2.1933520e-01;3.7500000e+01;2.4825883e-01;3.7500000e+01;2.6585278e-01;3.7500000e+01;2.6875335e-01;3.7500000e+01;2.6297510e-01;3.7500000e+01;2.5096846e-01;3.7500000e+01;2.3237857e-01;3.7500000e+01;2.0818764e-01;3.7500000e+01;2.9430095e-02;3.7500000e+01;4.0282413e-02;3.7500000e+01;5.2589372e-02;3.7500000e+01;6.7265913e-02;3.7500000e+01;8.5289113e-02;3.7500000e+01;1.0577056e-01;3.7500000e+01;1.2949601e-01;3.7500000e+01;1.5435530e-01;3.7500000e+01;1.7648688e-01;3.7500000e+01;1.9841999e-01;3.7500000e+01;2.1933520e-01;3.7500000e+01;2.4825883e-01;3.7500000e+01;2.6585278e-01;3.7500000e+01;2.6875335e-01;3.7500000e+01;2.6297510e-01;3.7500000e+01;2.5096846e-01;3.7500000e+01;2.3237857e-01;3.7500000e+01;2.0818764e-01;3.7500000e+01;2.9430095e-02;3.7500000e+01;4.0282413e-02;3.7500000e+01;5.2589372e-02;3.7500000e+01;6.7265913e-02;3.7500000e+01;8.5289113e-02;3.7500000e+01;1.0577056e-01;3.7500000e+01;1.2949601e-01;3.7500000e+01;1.5435530e-01;3.7500000e+01;1.7648688e-01;3.7500000e+01;1.9841999e-01;3.7500000e+01;2.1933520e-01;3.7500000e+01;2.4825883e-01;3.7500000e+01;2.6585278e-01;3.7500000e+01;2.6875335e-01;3.7500000e+01;2.6297510e-01;3.7500000e+01;2.5096846e-01;3.7500000e+01;2.3237857e-01;3.7500000e+01;2.0818764e-01;3.7500000e+01;2.9430095e-02;3.7500000e+01;4.0282413e-02;3.7500000e+01;5.2589372e-02;3.7500000e+01;6.7265913e-02;3.7500000e+01;8.5289113e-02;3.7500000e+01;1.0577056e-01;3.7500000e+01;1.2949601e-01;3.7500000e+01;1.5435530e-01;3.7500000e+01;1.7648688e-01;3.7500000e+01;1.9841999e-01;3.7500000e+01;2.1933520e-01;3.7500000e+01;2.4825883e-01;3.7500000e+01;2.6585278e-01;3.7500000e+01;2.6875335e-01;3.7500000e+01;2.6297510e-01;3.7500000e+01;2.5096846e-01;3.7500000e+01;2.3237857e-01;3.7500000e+01;2.0818764e-01;3.7500000e+01;2.9430095e-02;3.7500000e+01;4.0282413e-02;3.7500000e+01;5.2589372e-02;3.7500000e+01;6.7265913e-02;3.7500000e+01;8.5289113e-02;3.7500000e+01;1.0577056e-01;3.7500000e+01;1.2949601e-01;3.7500000e+01;1.5435530e-01;3.7500000e+01;1.7648688e-01;3.7500000e+01;1.9841999e-01;3.7500000e+01;2.1933520e-01;3.7500000e+01;2.4825883e-01;3.7500000e+01;2.6585278e-01;3.7500000e+01;2.6875335e-01;3.7500000e+01;2.6297510e-01;3.7500000e+01;2.5096846e-01;3.7500000e+01;2.3237857e-01;3.7500000e+01;2.0818764e-01;3.7500000e+01;2.9430095e-02;3.7500000e+01;4.0282413e-02;3.7500000e+01;5.2589372e-02;3.7500000e+01;6.7265913e-02;3.7500000e+01;8.5289113e-02;3.7500000e+01;1.0577056e-01;3.7500000e+01;1.2949601e-01;3.7500000e+01;1.5435530e-01;3.7500000e+01;1.7648688e-01;3.7500000e+01;1.9841999e-01;3.7500000e+01;2.1933520e-01;3.7500000e+01;2.4825883e-01;3.7500000e+01;2.6585278e-01;3.7500000e+01;2.6875335e-01;3.7500000e+01;2.6297510e-01;3.7500000e+01;2.5096846e-01;3.7500000e+01;2.3237857e-01;3.7500000e+01;2.0818764e-01;3.7500000e+01;2.9430095e-02;3.7500000e+01;4.0282413e-02;3.7500000e+01;5.2589372e-02;3.7500000e+01;6.7265913e-02;3.7500000e+01;8.5289113e-02;3.7500000e+01;1.0577056e-01;3.7500000e+01;1.2949601e-01;3.7500000e+01;1.5435530e-01;3.7500000e+01;1.7648688e-01;3.7500000e+01;1.9841999e-01;3.7500000e+01;2.1933520e-01;3.7500000e+01;2.4825883e-01;3.7500000e+01;2.6585278e-01;3.7500000e+01;2.6875335e-01;3.7500000e+01;2.6297510e-01;3.7500000e+01;2.5096846e-01;3.7500000e+01;2.3237857e-01;3.7500000e+01;2.0818764e-01;3.7500000e+01;2.9430095e-02;3.7500000e+01;4.0282413e-02;3.7500000e+01;5.2589372e-02;3.7500000e+01;6.7265913e-02;3.7500000e+01;8.5289113e-02;3.7500000e+01;1.0577056e-01;3.7500000e+01;1.2949601e-01;3.7500000e+01;1.5435530e-01;3.7500000e+01;1.7648688e-01;3.7500000e+01;1.9841999e-01;3.7500000e+01;2.1933520e-01;3.7500000e+01;2.4825883e-01;3.7500000e+01;2.6585278e-01;3.7500000e+01;2.6875335e-01;3.7500000e+01;2.6297510e-01;3.7500000e+01;2.5096846e-01;3.7500000e+01;2.3237857e-01;3.7500000e+01;2.0818764e-01;3.7500000e+01;2.9430095e-02;3.7500000e+01;4.0282413e-02;3.7500000e+01;5.2589372e-02;3.7500000e+01;6.7265913e-02;3.7500000e+01;8.5289113e-02;3.7500000e+01;1.0577056e-01;3.7500000e+01;1.2949601e-01;3.7500000e+01;1.5435530e-01;3.7500000e+01;1.7648688e-01;3.7500000e+01;1.9841999e-01;3.7500000e+01;2.1933520e-01;3.7500000e+01;2.4825883e-01;3.7500000e+01;2.6585278e-01;3.7500000e+01;2.6875335e-01;3.7500000e+01;2.6297510e-01;3.7500000e+01;2.5096846e-01;3.7500000e+01;2.3237857e-01;3.7500000e+01;2.0818764e-01;3.7500000e+01;2.9430095e-02;3.7500000e+01;4.0282413e-02;3.7500000e+01;5.2589372e-02;3.7500000e+01;6.7265913e-02;3.7500000e+01;8.5289113e-02;3.7500000e+01;1.0577056e-01;3.7500000e+01;1.2949601e-01;3.7500000e+01;1.5435530e-01;3.7500000e+01;1.7648688e-01;3.7500000e+01;1.9841999e-01;3.7500000e+01;2.1933520e-01;3.7500000e+01;2.4825883e-01;3.7500000e+01;2.6585278e-01;3.7500000e+01;2.6875335e-01;3.7500000e+01;2.6297510e-01;3.7500000e+01;2.5096846e-01;3.7500000e+01;2.3237857e-01;3.7500000e+01;2.0818764e-01;3.7500000e+01;2.9430095e-02;3.7500000e+01;4.0282413e-02;3.7500000e+01;5.2589372e-02;3.7500000e+01;6.7265913e-02;3.7500000e+01;8.5289113e-02;3.7500000e+01;1.0577056e-01;3.7500000e+01;1.2949601e-01;3.7500000e+01;1.5435530e-01;3.7500000e+01;1.7648688e-01;3.7500000e+01;1.9841999e-01;3.7500000e+01;2.1933520e-01;3.7500000e+01;2.4825883e-01;3.7500000e+01;2.6585278e-01;3.7500000e+01;2.6875335e-01;3.7500000e+01;2.6297510e-01;3.7500000e+01;2.5096846e-01;3.7500000e+01;2.3237857e-01;3.7500000e+01;2.0818764e-01;3.7500000e+01;2.9430095e-02;3.7500000e+01;4.0282413e-02;3.7500000e+01;5.2589372e-02;3.7500000e+01;6.7265913e-02;3.7500000e+01;8.5289113e-02;3.7500000e+01;1.0577056e-01;3.7500000e+01;1.2949601e-01;3.7500000e+01;1.5435530e-01;3.7500000e+01;1.7648688e-01;3.7500000e+01;1.9841999e-01;3.7500000e+01;2.1933520e-01;3.7500000e+01;2.4825883e-01;3.7500000e+01;2.6585278e-01;3.7500000e+01;2.6875335e-01;3.7500000e+01;2.6297510e-01;3.7500000e+01;2.5096846e-01;3.7500000e+01;2.3237857e-01;3.7500000e+01;2.0818764e-01;3.7500000e+01;2.9430095e-02;3.7500000e+01;4.0282413e-02;3.7500000e+01;5.2589372e-02;3.7500000e+01;6.7265913e-02;3.7500000e+01;8.5289113e-02;3.7500000e+01;1.0577056e-01;3.7500000e+01;1.2949601e-01;3.7500000e+01;1.5435530e-01;3.7500000e+01;1.7648688e-01;3.7500000e+01;1.9841999e-01;3.7500000e+01;2.1933520e-01;3.7500000e+01;2.4825883e-01;3.7500000e+01;2.6585278e-01;3.7500000e+01;2.6875335e-01;3.7500000e+01;2.6297510e-01;3.7500000e+01;2.5096846e-01;3.7500000e+01;2.3237857e-01;3.7500000e+01;2.0818764e-01;3.7500000e+01;2.9430095e-02;3.7500000e+01;4.0282413e-02;3.7500000e+01;5.2589372e-02;3.7500000e+01;6.7265913e-02;3.7500000e+01;8.5289113e-02;3.7500000e+01;1.0577056e-01;3.7500000e+01;1.2949601e-01;3.7500000e+01;1.5435530e-01;3.7500000e+01;1.7648688e-01;3.7500000e+01;1.9841999e-01;3.7500000e+01;2.1933520e-01;3.7500000e+01;2.4825883e-01;3.7500000e+01;2.6585278e-01;3.7500000e+01;2.6875335e-01;3.7500000e+01;2.6297510e-01;3.7500000e+01;2.5096846e-01;3.7500000e+01;2.3237857e-01;3.7500000e+01;2.0818764e-01;3.7500000e+01;2.9430095e-02;3.7500000e+01;4.0282413e-02;3.7500000e+01;5.2589372e-02;3.7500000e+01;6.7265913e-02;3.7500000e+01;8.5289113e-02;3.7500000e+01;1.0577056e-01;3.7500000e+01;1.2949601e-01;3.7500000e+01;1.5435530e-01;3.7500000e+01;1.7648688e-01;3.7500000e+01;1.9841999e-01;3.7500000e+01;2.1933520e-01;3.7500000e+01;2.4825883e-01;3.7500000e+01;2.6585278e-01;3.7500000e+01;2.6875335e-01;3.7500000e+01;2.6297510e-01;3.7500000e+01;2.5096846e-01;3.7500000e+01;2.3237857e-01;3.7500000e+01;2.0818764e-01;3.7500000e+01;2.9430095e-02;3.7500000e+01;4.0282413e-02;3.7500000e+01;5.2589372e-02;3.7500000e+01;6.7265913e-02;3.7500000e+01;8.5289113e-02;3.7500000e+01;1.0577056e-01;3.7500000e+01;1.2949601e-01;3.7500000e+01;1.5435530e-01;3.7500000e+01;1.7648688e-01;3.7500000e+01;1.9841999e-01;3.7500000e+01;2.1933520e-01;3.7500000e+01;2.4825883e-01;3.7500000e+01;2.6585278e-01;3.7500000e+01;2.6875335e-01;3.7500000e+01;2.6297510e-01;3.7500000e+01;2.5096846e-01;3.7500000e+01;2.3237857e-01;3.7500000e+01;2.0818764e-01;3.7500000e+01;2.9430095e-02;3.7500000e+01;4.0282413e-02;3.7500000e+01;5.2589372e-02;3.7500000e+01;6.7265913e-02;3.7500000e+01;8.5289113e-02;3.7500000e+01;1.0577056e-01;3.7500000e+01;1.2949601e-01;3.7500000e+01;1.5435530e-01;3.7500000e+01;1.7648688e-01;3.7500000e+01;1.9841999e-01;3.7500000e+01;2.1933520e-01;3.7500000e+01;2.4825883e-01;3.7500000e+01;2.6585278e-01;3.7500000e+01;2.6875335e-01;3.7500000e+01;2.6297510e-01;3.7500000e+01;2.5096846e-01;3.7500000e+01;2.3237857e-01;3.7500000e+01;2.0818764e-01;3.7500000e+01;2.9430095e-02;3.7500000e+01;4.0282413e-02;3.7500000e+01;5.2589372e-02;3.7500000e+01;6.7265913e-02;3.7500000e+01;8.5289113e-02;3.7500000e+01;1.0577056e-01;3.7500000e+01;1.2949601e-01;3.7500000e+01;1.5435530e-01;3.7500000e+01;1.7648688e-01;3.7500000e+01;1.9841999e-01;3.7500000e+01;2.1933520e-01;3.7500000e+01;2.4825883e-01;3.7500000e+01;2.6585278e-01;3.7500000e+01;2.6875335e-01;3.7500000e+01;2.6297510e-01;3.7500000e+01;2.5096846e-01;3.7500000e+01;2.3237857e-01;3.7500000e+01;2.0818764e-01;3.7500000e+01;2.9430095e-02;3.7500000e+01;4.0282413e-02;3.7500000e+01;5.2589372e-02;3.7500000e+01;6.7265913e-02;3.7500000e+01;8.5289113e-02;3.7500000e+01;1.0577056e-01;3.7500000e+01;1.2949601e-01;3.7500000e+01;1.5435530e-01;3.7500000e+01;1.7648688e-01;3.7500000e+01;1.9841999e-01;3.7500000e+01;2.1933520e-01;3.7500000e+01;2.4825883e-01;3.7500000e+01;2.6585278e-01;3.7500000e+01;2.6875335e-01;3.7500000e+01;2.6297510e-01;3.7500000e+01;2.5096846e-01;3.7500000e+01;2.3237857e-01;3.7500000e+01;2.0818764e-01;3.7500000e+01;2.9430095e-02;3.7500000e+01;4.0282413e-02;3.7500000e+01;5.2589372e-02;3.7500000e+01;6.7265913e-02;3.7500000e+01;8.5289113e-02;3.7500000e+01;1.0577056e-01;3.7500000e+01;1.2949601e-01;3.7500000e+01;1.5435530e-01;3.7500000e+01;1.7648688e-01;3.7500000e+01;1.9841999e-01;3.7500000e+01;2.1933520e-01;3.7500000e+01;2.4825883e-01;3.7500000e+01;2.6585278e-01;3.7500000e+01;2.6875335e-01;3.7500000e+01;2.6297510e-01;3.7500000e+01;2.5096846e-01;3.7500000e+01;2.3237857e-01;3.7500000e+01;2.0818764e-01;3.7500000e+01;2.9430095e-02;3.7500000e+01;4.0282413e-02;3.7500000e+01;5.2589372e-02;3.7500000e+01;6.7265913e-02;3.7500000e+01;8.5289113e-02;3.7500000e+01;1.0577056e-01;3.7500000e+01;1.2949601e-01;3.7500000e+01;1.5435530e-01;3.7500000e+01;1.7648688e-01;3.7500000e+01;1.9841999e-01;3.7500000e+01;2.1933520e-01;3.7500000e+01;2.4825883e-01;3.7500000e+01;2.6585278e-01;3.7500000e+01;2.6875335e-01;3.7500000e+01;2.6297510e-01;3.7500000e+01;2.5096846e-01;3.7500000e+01;2.3237857e-01;3.7500000e+01;2.0818764e-01;3.7500000e+01;2.9430095e-02;3.7500000e+01;4.0282413e-02;3.7500000e+01;5.2589372e-02;3.7500000e+01;6.7265913e-02;3.7500000e+01;8.5289113e-02;3.7500000e+01;1.0577056e-01;3.7500000e+01;1.2949601e-01;3.7500000e+01;1.5435530e-01;3.7500000e+01;1.7648688e-01;3.7500000e+01;1.9841999e-01;3.7500000e+01;2.1933520e-01;3.7500000e+01;2.4825883e-01;3.7500000e+01;2.6585278e-01;3.7500000e+01;2.6875335e-01;3.7500000e+01;2.6297510e-01;3.7500000e+01;2.5096846e-01;3.7500000e+01;2.3237857e-01;3.7500000e+01;2.0818764e-01;3.7500000e+01;2.9430095e-02;3.7500000e+01;4.0282413e-02;3.7500000e+01;5.2589372e-02;3.7500000e+01;6.7265913e-02;3.7500000e+01;8.5289113e-02;3.7500000e+01;1.0577056e-01;3.7500000e+01;1.2949601e-01;3.7500000e+01;1.5435530e-01;3.7500000e+01;1.7648688e-01;3.7500000e+01;1.9841999e-01;3.7500000e+01;2.1933520e-01;3.7500000e+01;2.4825883e-01;3.7500000e+01;2.6585278e-01;3.7500000e+01;2.6875335e-01;3.7500000e+01;2.6297510e-01;3.7500000e+01;2.5096846e-01;3.7500000e+01;2.3237857e-01;3.7500000e+01;2.0818764e-01;3.7500000e+01;2.9430095e-02;3.7500000e+01;4.0282413e-02;3.7500000e+01;5.2589372e-02;3.7500000e+01;6.7265913e-02;3.7500000e+01;8.5289113e-02;3.7500000e+01;1.0577056e-01;3.7500000e+01;1.2949601e-01;3.7500000e+01;1.5435530e-01;3.7500000e+01;1.7648688e-01;3.7500000e+01;1.9841999e-01;3.7500000e+01;2.1933520e-01;3.7500000e+01;2.4825883e-01;3.7500000e+01;2.6585278e-01;3.7500000e+01;2.6875335e-01;3.7500000e+01;2.6297510e-01;3.7500000e+01;2.5096846e-01;3.7500000e+01;2.3237857e-01;3.7500000e+01;2.0818764e-01;3.7500000e+01;2.9430095e-02;3.7500000e+01;4.0282413e-02;3.7500000e+01;5.2589372e-02;3.7500000e+01;6.7265913e-02;3.7500000e+01;8.5289113e-02;3.7500000e+01;1.0577056e-01;3.7500000e+01;1.2949601e-01;3.7500000e+01;1.5435530e-01;3.7500000e+01;1.7648688e-01;3.7500000e+01;1.9841999e-01;3.7500000e+01;2.1933520e-01;3.7500000e+01;2.4825883e-01;3.7500000e+01;2.6585278e-01;3.7500000e+01;2.6875335e-01;3.7500000e+01;2.6297510e-01;3.7500000e+01;2.5096846e-01;3.7500000e+01;2.3237857e-01;3.7500000e+01;2.0818764e-01;3.7500000e+01;2.9430095e-02;3.7500000e+01;4.0282413e-02;3.7500000e+01;5.2589372e-02;3.7500000e+01;6.7265913e-02;3.7500000e+01;8.5289113e-02;3.7500000e+01;1.0577056e-01;3.7500000e+01;1.2949601e-01;3.7500000e+01;1.5435530e-01;3.7500000e+01;1.7648688e-01;3.7500000e+01;1.9841999e-01;3.7500000e+01;2.1933520e-01;3.7500000e+01;2.4825883e-01;3.7500000e+01;2.6585278e-01;3.7500000e+01;2.6875335e-01;3.7500000e+01;2.6297510e-01;3.7500000e+01;2.5096846e-01;3.7500000e+01;2.3237857e-01;3.7500000e+01;2.0818764e-01;3.7500000e+01;2.9430095e-02;3.7500000e+01;4.0282413e-02;3.7500000e+01;5.2589372e-02;3.7500000e+01;6.7265913e-02;3.7500000e+01;8.5289113e-02;3.7500000e+01;1.0577056e-01;3.7500000e+01;1.2949601e-01;3.7500000e+01;1.5435530e-01;3.7500000e+01;1.7648688e-01;3.7500000e+01;1.9841999e-01;3.7500000e+01;2.1933520e-01;3.7500000e+01;2.4825883e-01;3.7500000e+01;2.6585278e-01;3.7500000e+01;2.6875335e-01;3.7500000e+01;2.6297510e-01;3.7500000e+01;2.5096846e-01;3.7500000e+01;2.3237857e-01;3.7500000e+01;2.0818764e-01;3.7500000e+01;2.9430095e-02;3.7500000e+01;4.0282413e-02;3.7500000e+01;5.2589372e-02;3.7500000e+01;6.7265913e-02;3.7500000e+01;8.5289113e-02;3.7500000e+01;1.0577056e-01;3.7500000e+01;1.2949601e-01;3.7500000e+01;1.5435530e-01;3.7500000e+01;1.7648688e-01;3.7500000e+01;1.9841999e-01;3.7500000e+01;2.1933520e-01;3.7500000e+01;2.4825883e-01;3.7500000e+01;2.6585278e-01;3.7500000e+01;2.6875335e-01;3.7500000e+01;2.6297510e-01;3.7500000e+01;2.5096846e-01;3.7500000e+01;2.3237857e-01;3.7500000e+01;2.0818764e-01;3.7500000e+01;2.9430095e-02;3.7500000e+01;4.0282413e-02;3.7500000e+01;5.2589372e-02;3.7500000e+01;6.7265913e-02;3.7500000e+01;8.5289113e-02;3.7500000e+01;1.0577056e-01;3.7500000e+01;1.2949601e-01;3.7500000e+01;1.5435530e-01;3.7500000e+01;1.7648688e-01;3.7500000e+01;1.9841999e-01;3.7500000e+01;2.1933520e-01;3.7500000e+01;2.4825883e-01;3.7500000e+01;2.6585278e-01;3.7500000e+01;2.6875335e-01;3.7500000e+01;2.6297510e-01;3.7500000e+01;2.5096846e-01;3.7500000e+01;2.3237857e-01;3.7500000e+01;2.0818764e-01;3.7500000e+01;2.9430095e-02;3.7500000e+01;4.0282413e-02;3.7500000e+01;5.2589372e-02;3.7500000e+01;6.7265913e-02;3.7500000e+01;8.5289113e-02;3.7500000e+01;1.0577056e-01;3.7500000e+01;1.2949601e-01;3.7500000e+01;1.5435530e-01;3.7500000e+01;1.7648688e-01;3.7500000e+01;1.9841999e-01;3.7500000e+01;2.1933520e-01;3.7500000e+01;2.4825883e-01;3.7500000e+01;2.6585278e-01;3.7500000e+01;2.6875335e-01;3.7500000e+01;2.6297510e-01;3.7500000e+01;2.5096846e-01;3.7500000e+01;2.3237857e-01;3.7500000e+01;2.0818764e-01;3.7500000e+01;2.9430095e-02;3.7500000e+01;4.0282413e-02;3.7500000e+01;5.2589372e-02;3.7500000e+01;6.7265913e-02;3.7500000e+01;8.5289113e-02;3.7500000e+01;1.0577056e-01;3.7500000e+01;1.2949601e-01;3.7500000e+01;1.5435530e-01;3.7500000e+01;1.7648688e-01;3.7500000e+01;1.9841999e-01;3.7500000e+01;2.1933520e-01;3.7500000e+01;2.4825883e-01;3.7500000e+01;2.6585278e-01;3.7500000e+01;2.6875335e-01;3.7500000e+01;2.6297510e-01;3.7500000e+01;2.5096846e-01;3.7500000e+01;2.3237857e-01;3.7500000e+01;2.0818764e-01;3.7500000e+01;2.9430095e-02;3.7500000e+01;4.0282413e-02;3.7500000e+01;5.2589372e-02;3.7500000e+01;6.7265913e-02;3.7500000e+01;8.5289113e-02;3.7500000e+01;1.0577056e-01;3.7500000e+01;1.2949601e-01;3.7500000e+01;1.5435530e-01;3.7500000e+01;1.7648688e-01;3.7500000e+01;1.9841999e-01;3.7500000e+01;2.1933520e-01;3.7500000e+01;2.4825883e-01;3.7500000e+01;2.6585278e-01;3.7500000e+01;2.6875335e-01;3.7500000e+01;2.6297510e-01;3.7500000e+01;2.5096846e-01;3.7500000e+01;2.3237857e-01;3.7500000e+01;2.0818764e-01;3.7500000e+01;2.9430095e-02;3.7500000e+01;4.0282413e-02;3.7500000e+01;5.2589372e-02;3.7500000e+01;6.7265913e-02;3.7500000e+01;8.5289113e-02;3.7500000e+01;1.0577056e-01;3.7500000e+01;1.2949601e-01;3.7500000e+01;1.5435530e-01;3.7500000e+01;1.7648688e-01;3.7500000e+01;1.9841999e-01;3.7500000e+01;2.1933520e-01;3.7500000e+01;2.4825883e-01;3.7500000e+01;2.6585278e-01;3.7500000e+01;2.6875335e-01;3.7500000e+01;2.6297510e-01;3.7500000e+01;2.5096846e-01;3.7500000e+01;2.3237857e-01;3.7500000e+01;2.0818764e-01;3.7500000e+01;2.9430095e-02;3.7500000e+01;4.0282413e-02;3.7500000e+01;5.2589372e-02;3.7500000e+01;6.7265913e-02;3.7500000e+01;8.5289113e-02;3.7500000e+01;1.0577056e-01;3.7500000e+01;1.2949601e-01;3.7500000e+01;1.5435530e-01;3.7500000e+01;1.7648688e-01;3.7500000e+01;1.9841999e-01;3.7500000e+01;2.1933520e-01;3.7500000e+01;2.4825883e-01;3.7500000e+01;2.6585278e-01;3.7500000e+01;2.6875335e-01;3.7500000e+01;2.6297510e-01;3.7500000e+01;2.5096846e-01;3.7500000e+01;2.3237857e-01;3.7500000e+01;2.0818764e-01;3.7500000e+01;2.9430095e-02;3.7500000e+01;4.0282413e-02;3.7500000e+01;5.2589372e-02;3.7500000e+01;6.7265913e-02;3.7500000e+01;8.5289113e-02;3.7500000e+01;1.0577056e-01;3.7500000e+01;1.2949601e-01;3.7500000e+01;1.5435530e-01;3.7500000e+01;1.7648688e-01;3.7500000e+01;1.9841999e-01;3.7500000e+01;2.1933520e-01;3.7500000e+01;2.4825883e-01;3.7500000e+01;2.6585278e-01;3.7500000e+01;2.6875335e-01;3.7500000e+01;2.6297510e-01;3.7500000e+01;2.5096846e-01;3.7500000e+01;2.3237857e-01;3.7500000e+01;2.0818764e-01;3.7500000e+01;2.9430095e-02;3.7500000e+01;4.0282413e-02;3.7500000e+01;5.2589372e-02;3.7500000e+01;6.7265913e-02;3.7500000e+01;8.5289113e-02;3.7500000e+01;1.0577056e-01;3.7500000e+01;1.2949601e-01;3.7500000e+01;1.5435530e-01;3.7500000e+01;1.7648688e-01;3.7500000e+01;1.9841999e-01;3.7500000e+01;2.1933520e-01;3.7500000e+01;2.4825883e-01;3.7500000e+01;2.6585278e-01;3.7500000e+01;2.6875335e-01;3.7500000e+01;2.6297510e-01;3.7500000e+01;2.5096846e-01;3.7500000e+01;2.3237857e-01;3.7500000e+01;2.0818764e-01;3.7500000e+01;2.9430095e-02;3.7500000e+01;4.0282413e-02;3.7500000e+01;5.2589372e-02;3.7500000e+01;6.7265913e-02;3.7500000e+01;8.5289113e-02;3.7500000e+01;1.0577056e-01;3.7500000e+01;1.2949601e-01;3.7500000e+01;1.5435530e-01;3.7500000e+01;1.7648688e-01;3.7500000e+01;1.9841999e-01;3.7500000e+01;2.1933520e-01;3.7500000e+01;2.4825883e-01;3.7500000e+01;2.6585278e-01;3.7500000e+01;2.6875335e-01;3.7500000e+01;2.6297510e-01;3.7500000e+01;2.5096846e-01;3.7500000e+01;2.3237857e-01;3.7500000e+01;2.0818764e-01;3.7500000e+01;2.9430095e-02;3.7500000e+01;4.0282413e-02;3.7500000e+01;5.2589372e-02;3.7500000e+01;6.7265913e-02;3.7500000e+01;8.5289113e-02;3.7500000e+01;1.0577056e-01;3.7500000e+01;1.2949601e-01;3.7500000e+01;1.5435530e-01;3.7500000e+01;1.7648688e-01;3.7500000e+01;1.9841999e-01;3.7500000e+01;2.1933520e-01;3.7500000e+01;2.4825883e-01;3.7500000e+01;2.6585278e-01;3.7500000e+01;2.6875335e-01;3.7500000e+01;2.6297510e-01;3.7500000e+01;2.5096846e-01;3.7500000e+01;2.3237857e-01;3.7500000e+01;2.0818764e-01;3.7500000e+01;2.9430095e-02;3.7500000e+01;4.0282413e-02;3.7500000e+01;5.2589372e-02;3.7500000e+01;6.7265913e-02;3.7500000e+01;8.5289113e-02;3.7500000e+01;1.0577056e-01;3.7500000e+01;1.2949601e-01;3.7500000e+01;1.5435530e-01;3.7500000e+01;1.7648688e-01;3.7500000e+01;1.9841999e-01;3.7500000e+01;2.1933520e-01;3.7500000e+01;2.4825883e-01;3.7500000e+01;2.6585278e-01;3.7500000e+01;2.6875335e-01;3.7500000e+01;2.6297510e-01;3.7500000e+01;2.5096846e-01;3.7500000e+01;2.3237857e-01;3.7500000e+01;2.0818764e-01;3.7500000e+01;2.9430095e-02;3.7500000e+01;4.0282413e-02;3.7500000e+01;5.2589372e-02;3.7500000e+01;6.7265913e-02;3.7500000e+01;8.5289113e-02;3.7500000e+01;1.0577056e-01;3.7500000e+01;1.2949601e-01;3.7500000e+01;1.5435530e-01;3.7500000e+01;1.7648688e-01;3.7500000e+01;1.9841999e-01;3.7500000e+01;2.1933520e-01;3.7500000e+01;2.4825883e-01;3.7500000e+01;2.6585278e-01;3.7500000e+01;2.6875335e-01;3.7500000e+01;2.6297510e-01;3.7500000e+01;2.5096846e-01;3.7500000e+01;2.3237857e-01;3.7500000e+01;2.0818764e-01;3.7500000e+01;2.9430095e-02;3.7500000e+01;4.0282413e-02;3.7500000e+01;5.2589372e-02;3.7500000e+01;6.7265913e-02;3.7500000e+01;8.5289113e-02;3.7500000e+01;1.0577056e-01;3.7500000e+01;1.2949601e-01;3.7500000e+01;1.5435530e-01;3.7500000e+01;1.7648688e-01;3.7500000e+01;1.9841999e-01;3.7500000e+01;2.1933520e-01;3.7500000e+01;2.4825883e-01;3.7500000e+01;2.6585278e-01;3.7500000e+01;2.6875335e-01;3.7500000e+01;2.6297510e-01;3.7500000e+01;2.5096846e-01;3.7500000e+01;2.3237857e-01;3.7500000e+01;2.0818764e-01;3.7500000e+01;2.9430095e-02;3.7500000e+01;4.0282413e-02;3.7500000e+01;5.2589372e-02;3.7500000e+01;6.7265913e-02;3.7500000e+01;8.5289113e-02;3.7500000e+01;1.0577056e-01;3.7500000e+01;1.2949601e-01;3.7500000e+01;1.5435530e-01;3.7500000e+01;1.7648688e-01;3.7500000e+01;1.9841999e-01;3.7500000e+01;2.1933520e-01;3.7500000e+01;2.4825883e-01;3.7500000e+01;2.6585278e-01;3.7500000e+01;2.6875335e-01;3.7500000e+01;2.6297510e-01;3.7500000e+01;2.5096846e-01;3.7500000e+01;2.3237857e-01;3.7500000e+01;2.0818764e-01;3.7500000e+01;2.9430095e-02;3.7500000e+01;4.0282413e-02;3.7500000e+01;5.2589372e-02;3.7500000e+01;6.7265913e-02;3.7500000e+01;8.5289113e-02;3.7500000e+01;1.0577056e-01;3.7500000e+01;1.2949601e-01;3.7500000e+01;1.5435530e-01;3.7500000e+01;1.7648688e-01;3.7500000e+01;1.9841999e-01;3.7500000e+01;2.1933520e-01;3.7500000e+01;2.4825883e-01;3.7500000e+01;2.6585278e-01;3.7500000e+01;2.6875335e-01;3.7500000e+01;2.6297510e-01;3.7500000e+01;2.5096846e-01;3.7500000e+01;2.3237857e-01;3.7500000e+01;2.0818764e-01;3.7500000e+01;2.9430095e-02;3.7500000e+01;4.0282413e-02;3.7500000e+01;5.2589372e-02;3.7500000e+01;6.7265913e-02;3.7500000e+01;8.5289113e-02;3.7500000e+01;1.0577056e-01;3.7500000e+01;1.2949601e-01;3.7500000e+01;1.5435530e-01;3.7500000e+01;1.7648688e-01;3.7500000e+01;1.9841999e-01;3.7500000e+01;2.1933520e-01;3.7500000e+01;2.4825883e-01;3.7500000e+01;2.6585278e-01;3.7500000e+01;2.6875335e-01;3.7500000e+01;2.6297510e-01;3.7500000e+01;2.5096846e-01;3.7500000e+01;2.3237857e-01;3.7500000e+01;2.0818764e-01;3.7500000e+01;2.9430095e-02;3.7500000e+01;4.0282413e-02;3.7500000e+01;5.2589372e-02;3.7500000e+01;6.7265913e-02;3.7500000e+01;8.5289113e-02;3.7500000e+01;1.0577056e-01;3.7500000e+01;1.2949601e-01;3.7500000e+01;1.5435530e-01;3.7500000e+01;1.7648688e-01;3.7500000e+01;1.9841999e-01;3.7500000e+01;2.1933520e-01;3.7500000e+01;2.4825883e-01;3.7500000e+01;2.6585278e-01;3.7500000e+01;2.6875335e-01;3.7500000e+01;2.6297510e-01;3.7500000e+01;2.5096846e-01;3.7500000e+01;2.3237857e-01;3.7500000e+01;2.0818764e-01;3.7500000e+01;2.9430095e-02;3.7500000e+01;4.0282413e-02;3.7500000e+01;5.2589372e-02;3.7500000e+01;6.7265913e-02;3.7500000e+01;8.5289113e-02;3.7500000e+01;1.0577056e-01;3.7500000e+01;1.2949601e-01;3.7500000e+01;1.5435530e-01;3.7500000e+01;1.7648688e-01;3.7500000e+01;1.9841999e-01;3.7500000e+01;2.1933520e-01;3.7500000e+01;2.4825883e-01;3.7500000e+01;2.6585278e-01;3.7500000e+01;2.6875335e-01;3.7500000e+01;2.6297510e-01;3.7500000e+01;2.5096846e-01;3.7500000e+01;2.3237857e-01;3.7500000e+01;2.0818764e-01;3.7500000e+01;2.9430095e-02;3.7500000e+01;4.0282413e-02;3.7500000e+01;5.2589372e-02;3.7500000e+01;6.7265913e-02;3.7500000e+01;8.5289113e-02;3.7500000e+01;1.0577056e-01;3.7500000e+01;1.2949601e-01;3.7500000e+01;1.5435530e-01;3.7500000e+01;1.7648688e-01;3.7500000e+01;1.9841999e-01;3.7500000e+01;2.1933520e-01;3.7500000e+01;2.4825883e-01;3.7500000e+01;2.6585278e-01;3.7500000e+01;2.6875335e-01;3.7500000e+01;2.6297510e-01;3.7500000e+01;2.5096846e-01;3.7500000e+01;2.3237857e-01;3.7500000e+01;2.0818764e-01;3.7500000e+01;2.9430095e-02;3.7500000e+01;4.0282413e-02;3.7500000e+01;5.2589372e-02;3.7500000e+01;6.7265913e-02;3.7500000e+01;8.5289113e-02;3.7500000e+01;1.0577056e-01;3.7500000e+01;1.2949601e-01;3.7500000e+01;1.5435530e-01;3.7500000e+01;1.7648688e-01;3.7500000e+01;1.9841999e-01;3.7500000e+01;2.1933520e-01;3.7500000e+01;2.4825883e-01;3.7500000e+01;2.6585278e-01;3.7500000e+01;2.6875335e-01;3.7500000e+01;2.6297510e-01;3.7500000e+01;2.5096846e-01;3.7500000e+01;2.3237857e-01;3.7500000e+01;2.0818764e-01;3.7500000e+01;2.9430095e-02;3.7500000e+01;4.0282413e-02;3.7500000e+01;5.2589372e-02;3.7500000e+01;6.7265913e-02;3.7500000e+01;8.5289113e-02;3.7500000e+01;1.0577056e-01;3.7500000e+01;1.2949601e-01;3.7500000e+01;1.5435530e-01;3.7500000e+01;1.7648688e-01;3.7500000e+01;1.9841999e-01;3.7500000e+01;2.1933520e-01;3.7500000e+01;2.4825883e-01;3.7500000e+01;2.6585278e-01;3.7500000e+01;2.6875335e-01;3.7500000e+01;2.6297510e-01;3.7500000e+01;2.5096846e-01;3.7500000e+01;2.3237857e-01;3.7500000e+01;2.0818764e-01;3.7500000e+01;2.9430095e-02;3.7500000e+01;4.0282413e-02;3.7500000e+01;5.2589372e-02;3.7500000e+01;6.7265913e-02;3.7500000e+01;8.5289113e-02;3.7500000e+01;1.0577056e-01;3.7500000e+01;1.2949601e-01;3.7500000e+01;1.5435530e-01;3.7500000e+01;1.7648688e-01;3.7500000e+01;1.9841999e-01;3.7500000e+01;2.1933520e-01;3.7500000e+01;2.4825883e-01;3.7500000e+01;2.6585278e-01;3.7500000e+01;2.6875335e-01;3.7500000e+01;2.6297510e-01;3.7500000e+01;2.5096846e-01;3.7500000e+01;2.3237857e-01;3.7500000e+01;2.0818764e-01;3.7500000e+01;2.9430095e-02;3.7500000e+01;4.0282413e-02;3.7500000e+01;5.2589372e-02;3.7500000e+01;6.7265913e-02;3.7500000e+01;8.5289113e-02;3.7500000e+01;1.0577056e-01;3.7500000e+01;1.2949601e-01;3.7500000e+01;1.5435530e-01;3.7500000e+01;1.7648688e-01;3.7500000e+01;1.9841999e-01;3.7500000e+01;2.1933520e-01;3.7500000e+01;2.4825883e-01;3.7500000e+01;2.6585278e-01;3.7500000e+01;2.6875335e-01;3.7500000e+01;2.6297510e-01;3.7500000e+01;2.5096846e-01;3.7500000e+01;2.3237857e-01;3.7500000e+01;2.0818764e-01;3.7500000e+01;2.9430095e-02;3.7500000e+01;4.0282413e-02;3.7500000e+01;5.2589372e-02;3.7500000e+01;6.7265913e-02;3.7500000e+01;8.5289113e-02;3.7500000e+01;1.0577056e-01;3.7500000e+01;1.2949601e-01;3.7500000e+01;1.5435530e-01;3.7500000e+01;1.7648688e-01;3.7500000e+01;1.9841999e-01;3.7500000e+01;2.1933520e-01;3.7500000e+01;2.4825883e-01;3.7500000e+01;2.6585278e-01;3.7500000e+01;2.6875335e-01;3.7500000e+01;2.6297510e-01;3.7500000e+01;2.5096846e-01;3.7500000e+01;2.3237857e-01;3.7500000e+01;2.0818764e-01;3.7500000e+01;2.9430095e-02;3.7500000e+01;4.0282413e-02;3.7500000e+01;5.2589372e-02;3.7500000e+01;6.7265913e-02;3.7500000e+01;8.5289113e-02;3.7500000e+01;1.0577056e-01;3.7500000e+01;1.2949601e-01;3.7500000e+01;1.5435530e-01;3.7500000e+01;1.7648688e-01;3.7500000e+01;1.9841999e-01;3.7500000e+01;2.1933520e-01;3.7500000e+01;2.4825883e-01;3.7500000e+01;2.6585278e-01;3.7500000e+01;2.6875335e-01;3.7500000e+01;2.6297510e-01;3.7500000e+01;2.5096846e-01;3.7500000e+01;2.3237857e-01;3.7500000e+01;2.0818764e-01;3.7500000e+01;2.9430095e-02;3.7500000e+01;4.0282413e-02;3.7500000e+01;5.2589372e-02;3.7500000e+01;6.7265913e-02;3.7500000e+01;8.5289113e-02;3.7500000e+01;1.0577056e-01;3.7500000e+01;1.2949601e-01;3.7500000e+01;1.5435530e-01;3.7500000e+01;1.7648688e-01;3.7500000e+01;1.9841999e-01;3.7500000e+01;2.1933520e-01;3.7500000e+01;2.4825883e-01;3.7500000e+01;2.6585278e-01;3.7500000e+01;2.6875335e-01;3.7500000e+01;2.6297510e-01;3.7500000e+01;2.5096846e-01;3.7500000e+01;2.3237857e-01;3.7500000e+01;2.0818764e-01;3.7500000e+01;2.9430095e-02;3.7500000e+01;4.0282413e-02;3.7500000e+01;5.2589372e-02;3.7500000e+01;6.7265913e-02;3.7500000e+01;8.5289113e-02;3.7500000e+01;1.0577056e-01;3.7500000e+01;1.2949601e-01;3.7500000e+01;1.5435530e-01;3.7500000e+01;1.7648688e-01;3.7500000e+01;1.9841999e-01;3.7500000e+01;2.1933520e-01;3.7500000e+01;2.4825883e-01;3.7500000e+01;2.6585278e-01;3.7500000e+01;2.6875335e-01;3.7500000e+01;2.6297510e-01;3.7500000e+01;2.5096846e-01;3.7500000e+01;2.3237857e-01;3.7500000e+01;2.0818764e-01;3.7500000e+01;2.9430095e-02;3.7500000e+01;4.0282413e-02;3.7500000e+01;5.2589372e-02;3.7500000e+01;6.7265913e-02;3.7500000e+01;8.5289113e-02;3.7500000e+01;1.0577056e-01;3.7500000e+01;1.2949601e-01;3.7500000e+01;1.5435530e-01;3.7500000e+01;1.7648688e-01;3.7500000e+01;1.9841999e-01;3.7500000e+01;2.1933520e-01;3.7500000e+01;2.4825883e-01;3.7500000e+01;2.6585278e-01;3.7500000e+01;2.6875335e-01;3.7500000e+01;2.6297510e-01;3.7500000e+01;2.5096846e-01;3.7500000e+01;2.3237857e-01;3.7500000e+01;2.0818764e-01;3.7500000e+01;2.9430095e-02;3.7500000e+01;4.0282413e-02;3.7500000e+01;5.2589372e-02;3.7500000e+01;6.7265913e-02;3.7500000e+01;8.5289113e-02;3.7500000e+01;1.0577056e-01;3.7500000e+01;1.2949601e-01;3.7500000e+01;1.5435530e-01;3.7500000e+01;1.7648688e-01;3.7500000e+01;1.9841999e-01;3.7500000e+01;2.1933520e-01;3.7500000e+01;2.4825883e-01;3.7500000e+01;2.6585278e-01;3.7500000e+01;2.6875335e-01;3.7500000e+01;2.6297510e-01;3.7500000e+01;2.5096846e-01;3.7500000e+01;2.3237857e-01;3.7500000e+01;2.0818764e-01;3.7500000e+01;2.9430095e-02;3.7500000e+01;4.0282413e-02;3.7500000e+01;5.2589372e-02;3.7500000e+01;6.7265913e-02;3.7500000e+01;8.5289113e-02;3.7500000e+01;1.0577056e-01;3.7500000e+01;1.2949601e-01;3.7500000e+01;1.5435530e-01;3.7500000e+01;1.7648688e-01;3.7500000e+01;1.9841999e-01;3.7500000e+01;2.1933520e-01;3.7500000e+01;2.4825883e-01;3.7500000e+01;2.6585278e-01;3.7500000e+01;2.6875335e-01;3.7500000e+01;2.6297510e-01;3.7500000e+01;2.5096846e-01;3.7500000e+01;2.3237857e-01;3.7500000e+01;2.0818764e-01;3.7500000e+01;2.9430095e-02;3.7500000e+01;4.0282413e-02;3.7500000e+01;5.2589372e-02;3.7500000e+01;6.7265913e-02;3.7500000e+01;8.5289113e-02;3.7500000e+01;1.0577056e-01;3.7500000e+01;1.2949601e-01;3.7500000e+01;1.5435530e-01;3.7500000e+01;1.7648688e-01;3.7500000e+01;1.9841999e-01;3.7500000e+01;2.1933520e-01;3.7500000e+01;2.4825883e-01;3.7500000e+01;2.6585278e-01;3.7500000e+01;2.6875335e-01;3.7500000e+01;2.6297510e-01;3.7500000e+01;2.5096846e-01;3.7500000e+01;2.3237857e-01;3.7500000e+01;2.0818764e-01;3.7500000e+01;2.9430095e-02;3.7500000e+01;4.0282413e-02;3.7500000e+01;5.2589372e-02;3.7500000e+01;6.7265913e-02;3.7500000e+01;8.5289113e-02;3.7500000e+01;1.0577056e-01;3.7500000e+01;1.2949601e-01;3.7500000e+01;1.5435530e-01;3.7500000e+01;1.7648688e-01;3.7500000e+01;1.9841999e-01;3.7500000e+01;2.1933520e-01;3.7500000e+01;2.4825883e-01;3.7500000e+01;2.6585278e-01;3.7500000e+01;2.6875335e-01;3.7500000e+01;2.6297510e-01;3.7500000e+01;2.5096846e-01;3.7500000e+01;2.3237857e-01;3.7500000e+01;2.0818764e-01;3.7500000e+01;2.9430095e-02;3.7500000e+01;4.0282413e-02;3.7500000e+01;5.2589372e-02;3.7500000e+01;6.7265913e-02;3.7500000e+01;8.5289113e-02;3.7500000e+01;1.0577056e-01;3.7500000e+01;1.2949601e-01;3.7500000e+01;1.5435530e-01;3.7500000e+01;1.7648688e-01;3.7500000e+01;1.9841999e-01;3.7500000e+01;2.1933520e-01;3.7500000e+01;2.4825883e-01;3.7500000e+01;2.6585278e-01;3.7500000e+01;2.6875335e-01;3.7500000e+01;2.6297510e-01;3.7500000e+01;2.5096846e-01;3.7500000e+01;2.3237857e-01;3.7500000e+01;2.0818764e-01;3.7500000e+01;2.9430095e-02;3.7500000e+01;4.0282413e-02;3.7500000e+01;5.2589372e-02;3.7500000e+01;6.7265913e-02;3.7500000e+01;8.5289113e-02;3.7500000e+01;1.0577056e-01;3.7500000e+01;1.2949601e-01;3.7500000e+01;1.5435530e-01;3.7500000e+01;1.7648688e-01;3.7500000e+01;1.9841999e-01;3.7500000e+01;2.1933520e-01;3.7500000e+01;2.4825883e-01;3.7500000e+01;2.6585278e-01;3.7500000e+01;2.6875335e-01;3.7500000e+01;2.6297510e-01;3.7500000e+01;2.5096846e-01;3.7500000e+01;2.3237857e-01;3.7500000e+01;2.0818764e-01;3.7500000e+01;2.9430095e-02;3.7500000e+01;4.0282413e-02;3.7500000e+01;5.2589372e-02;3.7500000e+01;6.7265913e-02;3.7500000e+01;8.5289113e-02;3.7500000e+01;1.0577056e-01;3.7500000e+01;1.2949601e-01;3.7500000e+01;1.5435530e-01;3.7500000e+01;1.7648688e-01;3.7500000e+01;1.9841999e-01;3.7500000e+01;2.1933520e-01;3.7500000e+01;2.4825883e-01;3.7500000e+01;2.6585278e-01;3.7500000e+01;2.6875335e-01;3.7500000e+01;2.6297510e-01;3.7500000e+01;2.5096846e-01;3.7500000e+01;2.3237857e-01;3.7500000e+01;2.0818764e-01;3.7500000e+01;2.9430095e-02;3.7500000e+01;4.0282413e-02;3.7500000e+01;5.2589372e-02;3.7500000e+01;6.7265913e-02;3.7500000e+01;8.5289113e-02;3.7500000e+01;1.0577056e-01;3.7500000e+01;1.2949601e-01;3.7500000e+01;1.5435530e-01;3.7500000e+01;1.7648688e-01;3.7500000e+01;1.9841999e-01;3.7500000e+01;2.1933520e-01;3.7500000e+01;2.4825883e-01;3.7500000e+01;2.6585278e-01;3.7500000e+01;2.6875335e-01;3.7500000e+01;2.6297510e-01;3.7500000e+01;2.5096846e-01;3.7500000e+01;2.3237857e-01;3.7500000e+01;2.0818764e-01;3.7500000e+01;2.9430095e-02;3.7500000e+01;4.0282413e-02;3.7500000e+01;5.2589372e-02;3.7500000e+01;6.7265913e-02;3.7500000e+01;8.5289113e-02;3.7500000e+01;1.0577056e-01;3.7500000e+01;1.2949601e-01;3.7500000e+01;1.5435530e-01;3.7500000e+01;1.7648688e-01;3.7500000e+01;1.9841999e-01;3.7500000e+01;2.1933520e-01;3.7500000e+01;2.4825883e-01;3.7500000e+01;2.6585278e-01;3.7500000e+01;2.6875335e-01;3.7500000e+01;2.6297510e-01;3.7500000e+01;2.5096846e-01;3.7500000e+01;2.3237857e-01;3.7500000e+01;2.0818764e-01
4.2500000e+01;3.2530747e-02;4.2500000e+01;4.4588417e-02;4.2500000e+01;5.8160223e-02;4.2500000e+01;7.4033082e-02;4.2500000e+01;9.1206506e-02;4.2500000e+01;1.1151896e-01;4.2500000e+01;1.3403267e-01;4.2500000e+01;1.5819182e-01;4.2500000e+01;1.8419681e-01;4.2500000e+01;2.1058488e-01;4.2500000e+01;2.3379318e-01;4.2500000e+01;2.6177925e-01;4.2500000e+01;2.7484816e-01;4.2500000e+01;2.7564970e-01;4.2500000e+01;2.6863933e-01;4.2500000e+01;2.5571865e-01;4.2500000e+01;2.3644176e-01;4.2500000e+01;2.1197379e-01;4.2500000e+01;3.2530747e-02;4.2500000e+01;4.4588417e-02;4.2500000e+01;5.8160223e-02;4.2500000e+01;7.4033082e-02;4.2500000e+01;9.1206506e-02;4.2500000e+01;1.1151896e-01;4.2500000e+01;1.3403267e-01;4.2500000e+01;1.5819182e-01;4.2500000e+01;1.8419681e-01;4.2500000e+01;2.1058488e-01;4.2500000e+01;2.3379318e-01;4.2500000e+01;2.6177925e-01;4.2500000e+01;2.7484816e-01;4.2500000e+01;2.7564970e-01;4.2500000e+01;2.6863933e-01;4.2500000e+01;2.5571865e-01;4.2500000e+01;2.3644176e-01;4.2500000e+01;2.1197379e-01;4.2500000e+01;3.2530747e-02;4.2500000e+01;4.4588417e-02;4.2500000e+01;5.8160223e-02;4.2500000e+01;7.4033082e-02;4.2500000e+01;9.1206506e-02;4.2500000e+01;1.1151896e-01;4.2500000e+01;1.3403267e-01;4.2500000e+01;1.5819182e-01;4.2500000e+01;1.8419681e-01;4.2500000e+01;2.1058488e-01;4.2500000e+01;2.3379318e-01;4.2500000e+01;2.6177925e-01;4.2500000e+01;2.7484816e-01;4.2500000e+01;2.7564970e-01;4.2500000e+01;2.6863933e-01;4.2500000e+01;2.5571865e-01;4.2500000e+01;2.3644176e-01;4.2500000e+01;2.1197379e-01;4.2500000e+01;3.2530747e-02;4.2500000e+01;4.4588417e-02;4.2500000e+01;5.8160223e-02;4.2500000e+01;7.4033082e-02;4.2500000e+01;9.1206506e-02;4.2500000e+01;1.1151896e-01;4.2500000e+01;1.3403267e-01;4.2500000e+01;1.5819182e-01;4.2500000e+01;1.8419681e-01;4.2500000e+01;2.1058488e-01;4.2500000e+01;2.3379318e-01;4.2500000e+01;2.6177925e-01;4.2500000e+01;2.7484816e-01;4.2500000e+01;2.7564970e-01;4.2500000e+01;2.6863933e-01;4.2500000e+01;2.5571865e-01;4.2500000e+01;2.3644176e-01;4.2500000e+01;2.1197379e-01;4.2500000e+01;3.2530747e-02;4.2500000e+01;4.4588417e-02;4.2500000e+01;5.8160223e-02;4.2500000e+01;7.4033082e-02;4.2500000e+01;9.1206506e-02;4.2500000e+01;1.1151896e-01;4.2500000e+01;1.3403267e-01;4.2500000e+01;1.5819182e-01;4.2500000e+01;1.8419681e-01;4.2500000e+01;2.1058488e-01;4.2500000e+01;2.3379318e-01;4.2500000e+01;2.6177925e-01;4.2500000e+01;2.7484816e-01;4.2500000e+01;2.7564970e-01;4.2500000e+01;2.6863933e-01;4.2500000e+01;2.5571865e-01;4.2500000e+01;2.3644176e-01;4.2500000e+01;2.1197379e-01;4.2500000e+01;3.2530747e-02;4.2500000e+01;4.4588417e-02;4.2500000e+01;5.8160223e-02;4.2500000e+01;7.4033082e-02;4.2500000e+01;9.1206506e-02;4.2500000e+01;1.1151896e-01;4.2500000e+01;1.3403267e-01;4.2500000e+01;1.5819182e-01;4.2500000e+01;1.8419681e-01;4.2500000e+01;2.1058488e-01;4.2500000e+01;2.3379318e-01;4.2500000e+01;2.6177925e-01;4.2500000e+01;2.7484816e-01;4.2500000e+01;2.7564970e-01;4.2500000e+01;2.6863933e-01;4.2500000e+01;2.5571865e-01;4.2500000e+01;2.3644176e-01;4.2500000e+01;2.1197379e-01;4.2500000e+01;3.2530747e-02;4.2500000e+01;4.4588417e-02;4.2500000e+01;5.8160223e-02;4.2500000e+01;7.4033082e-02;4.2500000e+01;9.1206506e-02;4.2500000e+01;1.1151896e-01;4.2500000e+01;1.3403267e-01;4.2500000e+01;1.5819182e-01;4.2500000e+01;1.8419681e-01;4.2500000e+01;2.1058488e-01;4.2500000e+01;2.3379318e-01;4.2500000e+01;2.6177925e-01;4.2500000e+01;2.7484816e-01;4.2500000e+01;2.7564970e-01;4.2500000e+01;2.6863933e-01;4.2500000e+01;2.5571865e-01;4.2500000e+01;2.3644176e-01;4.2500000e+01;2.1197379e-01;4.2500000e+01;3.2530747e-02;4.2500000e+01;4.4588417e-02;4.2500000e+01;5.8160223e-02;4.2500000e+01;7.4033082e-02;4.2500000e+01;9.1206506e-02;4.2500000e+01;1.1151896e-01;4.2500000e+01;1.3403267e-01;4.2500000e+01;1.5819182e-01;4.2500000e+01;1.8419681e-01;4.2500000e+01;2.1058488e-01;4.2500000e+01;2.3379318e-01;4.2500000e+01;2.6177925e-01;4.2500000e+01;2.7484816e-01;4.2500000e+01;2.7564970e-01;4.2500000e+01;2.6863933e-01;4.2500000e+01;2.5571865e-01;4.2500000e+01;2.3644176e-01;4.2500000e+01;2.1197379e-01;4.2500000e+01;3.2530747e-02;4.2500000e+01;4.4588417e-02;4.2500000e+01;5.8160223e-02;4.2500000e+01;7.4033082e-02;4.2500000e+01;9.1206506e-02;4.2500000e+01;1.1151896e-01;4.2500000e+01;1.3403267e-01;4.2500000e+01;1.5819182e-01;4.2500000e+01;1.8419681e-01;4.2500000e+01;2.1058488e-01;4.2500000e+01;2.3379318e-01;4.2500000e+01;2.6177925e-01;4.2500000e+01;2.7484816e-01;4.2500000e+01;2.7564970e-01;4.2500000e+01;2.6863933e-01;4.2500000e+01;2.5571865e-01;4.2500000e+01;2.3644176e-01;4.2500000e+01;2.1197379e-01;4.2500000e+01;3.2530747e-02;4.2500000e+01;4.4588417e-02;4.2500000e+01;5.8160223e-02;4.2500000e+01;7.4033082e-02;4.2500000e+01;9.1206506e-02;4.2500000e+01;1.1151896e-01;4.2500000e+01;1.3403267e-01;4.2500000e+01;1.5819182e-01;4.2500000e+01;1.8419681e-01;4.2500000e+01;2.1058488e-01;4.2500000e+01;2.3379318e-01;4.2500000e+01;2.6177925e-01;4.2500000e+01;2.7484816e-01;4.2500000e+01;2.7564970e-01;4.2500000e+01;2.6863933e-01;4.2500000e+01;2.5571865e-01;4.2500000e+01;2.3644176e-01;4.2500000e+01;2.1197379e-01;4.2500000e+01;3.2530747e-02;4.2500000e+01;4.4588417e-02;4.2500000e+01;5.8160223e-02;4.2500000e+01;7.4033082e-02;4.2500000e+01;9.1206506e-02;4.2500000e+01;1.1151896e-01;4.2500000e+01;1.3403267e-01;4.2500000e+01;1.5819182e-01;4.2500000e+01;1.8419681e-01;4.2500000e+01;2.1058488e-01;4.2500000e+01;2.3379318e-01;4.2500000e+01;2.6177925e-01;4.2500000e+01;2.7484816e-01;4.2500000e+01;2.7564970e-01;4.2500000e+01;2.6863933e-01;4.2500000e+01;2.5571865e-01;4.2500000e+01;2.3644176e-01;4.2500000e+01;2.1197379e-01;4.2500000e+01;3.2530747e-02;4.2500000e+01;4.4588417e-02;4.2500000e+01;5.8160223e-02;4.2500000e+01;7.4033082e-02;4.2500000e+01;9.1206506e-02;4.2500000e+01;1.1151896e-01;4.2500000e+01;1.3403267e-01;4.2500000e+01;1.5819182e-01;4.2500000e+01;1.8419681e-01;4.2500000e+01;2.1058488e-01;4.2500000e+01;2.3379318e-01;4.2500000e+01;2.6177925e-01;4.2500000e+01;2.7484816e-01;4.2500000e+01;2.7564970e-01;4.2500000e+01;2.6863933e-01;4.2500000e+01;2.5571865e-01;4.2500000e+01;2.3644176e-01;4.2500000e+01;2.1197379e-01;4.2500000e+01;3.2530747e-02;4.2500000e+01;4.4588417e-02;4.2500000e+01;5.8160223e-02;4.2500000e+01;7.4033082e-02;4.2500000e+01;9.1206506e-02;4.2500000e+01;1.1151896e-01;4.2500000e+01;1.3403267e-01;4.2500000e+01;1.5819182e-01;4.2500000e+01;1.8419681e-01;4.2500000e+01;2.1058488e-01;4.2500000e+01;2.3379318e-01;4.2500000e+01;2.6177925e-01;4.2500000e+01;2.7484816e-01;4.2500000e+01;2.7564970e-01;4.2500000e+01;2.6863933e-01;4.2500000e+01;2.5571865e-01;4.2500000e+01;2.3644176e-01;4.2500000e+01;2.1197379e-01;4.2500000e+01;3.2530747e-02;4.2500000e+01;4.4588417e-02;4.2500000e+01;5.8160223e-02;4.2500000e+01;7.4033082e-02;4.2500000e+01;9.1206506e-02;4.2500000e+01;1.1151896e-01;4.2500000e+01;1.3403267e-01;4.2500000e+01;1.5819182e-01;4.2500000e+01;1.8419681e-01;4.2500000e+01;2.1058488e-01;4.2500000e+01;2.3379318e-01;4.2500000e+01;2.6177925e-01;4.2500000e+01;2.7484816e-01;4.2500000e+01;2.7564970e-01;4.2500000e+01;2.6863933e-01;4.2500000e+01;2.5571865e-01;4.2500000e+01;2.3644176e-01;4.2500000e+01;2.1197379e-01;4.2500000e+01;3.2530747e-02;4.2500000e+01;4.4588417e-02;4.2500000e+01;5.8160223e-02;4.2500000e+01;7.4033082e-02;4.2500000e+01;9.1206506e-02;4.2500000e+01;1.1151896e-01;4.2500000e+01;1.3403267e-01;4.2500000e+01;1.5819182e-01;4.2500000e+01;1.8419681e-01;4.2500000e+01;2.1058488e-01;4.2500000e+01;2.3379318e-01;4.2500000e+01;2.6177925e-01;4.2500000e+01;2.7484816e-01;4.2500000e+01;2.7564970e-01;4.2500000e+01;2.6863933e-01;4.2500000e+01;2.5571865e-01;4.2500000e+01;2.3644176e-01;4.2500000e+01;2.1197379e-01;4.2500000e+01;3.2530747e-02;4.2500000e+01;4.4588417e-02;4.2500000e+01;5.8160223e-02;4.2500000e+01;7.4033082e-02;4.2500000e+01;9.1206506e-02;4.2500000e+01;1.1151896e-01;4.2500000e+01;1.3403267e-01;4.2500000e+01;1.5819182e-01;4.2500000e+01;1.8419681e-01;4.2500000e+01;2.1058488e-01;4.2500000e+01;2.3379318e-01;4.2500000e+01;2.6177925e-01;4.2500000e+01;2.7484816e-01;4.2500000e+01;2.7564970e-01;4.2500000e+01;2.6863933e-01;4.2500000e+01;2.5571865e-01;4.2500000e+01;2.3644176e-01;4.2500000e+01;2.1197379e-01;4.2500000e+01;3.2530747e-02;4.2500000e+01;4.4588417e-02;4.2500000e+01;5.8160223e-02;4.2500000e+01;7.4033082e-02;4.2500000e+01;9.1206506e-02;4.2500000e+01;1.1151896e-01;4.2500000e+01;1.3403267e-01;4.2500000e+01;1.5819182e-01;4.2500000e+01;1.8419681e-01;4.2500000e+01;2.1058488e-01;4.2500000e+01;2.3379318e-01;4.2500000e+01;2.6177925e-01;4.2500000e+01;2.7484816e-01;4.2500000e+01;2.7564970e-01;4.2500000e+01;2.6863933e-01;4.2500000e+01;2.5571865e-01;4.2500000e+01;2.3644176e-01;4.2500000e+01;2.1197379e-01;4.2500000e+01;3.2530747e-02;4.2500000e+01;4.4588417e-02;4.2500000e+01;5.8160223e-02;4.2500000e+01;7.4033082e-02;4.2500000e+01;9.1206506e-02;4.2500000e+01;1.1151896e-01;4.2500000e+01;1.3403267e-01;4.2500000e+01;1.5819182e-01;4.2500000e+01;1.8419681e-01;4.2500000e+01;2.1058488e-01;4.2500000e+01;2.3379318e-01;4.2500000e+01;2.6177925e-01;4.2500000e+01;2.7484816e-01;4.2500000e+01;2.7564970e-01;4.2500000e+01;2.6863933e-01;4.2500000e+01;2.5571865e-01;4.2500000e+01;2.3644176e-01;4.2500000e+01;2.1197379e-01;4.2500000e+01;3.2530747e-02;4.2500000e+01;4.4588417e-02;4.2500000e+01;5.8160223e-02;4.2500000e+01;7.4033082e-02;4.2500000e+01;9.1206506e-02;4.2500000e+01;1.1151896e-01;4.2500000e+01;1.3403267e-01;4.2500000e+01;1.5819182e-01;4.2500000e+01;1.8419681e-01;4.2500000e+01;2.1058488e-01;4.2500000e+01;2.3379318e-01;4.2500000e+01;2.6177925e-01;4.2500000e+01;2.7484816e-01;4.2500000e+01;2.7564970e-01;4.2500000e+01;2.6863933e-01;4.2500000e+01;2.5571865e-01;4.2500000e+01;2.3644176e-01;4.2500000e+01;2.1197379e-01;4.2500000e+01;3.2530747e-02;4.2500000e+01;4.4588417e-02;4.2500000e+01;5.8160223e-02;4.2500000e+01;7.4033082e-02;4.2500000e+01;9.1206506e-02;4.2500000e+01;1.1151896e-01;4.2500000e+01;1.3403267e-01;4.2500000e+01;1.5819182e-01;4.2500000e+01;1.8419681e-01;4.2500000e+01;2.1058488e-01;4.2500000e+01;2.3379318e-01;4.2500000e+01;2.6177925e-01;4.2500000e+01;2.7484816e-01;4.2500000e+01;2.7564970e-01;4.2500000e+01;2.6863933e-01;4.2500000e+01;2.5571865e-01;4.2500000e+01;2.3644176e-01;4.2500000e+01;2.1197379e-01;4.2500000e+01;3.2530747e-02;4.2500000e+01;4.4588417e-02;4.2500000e+01;5.8160223e-02;4.2500000e+01;7.4033082e-02;4.2500000e+01;9.1206506e-02;4.2500000e+01;1.1151896e-01;4.2500000e+01;1.3403267e-01;4.2500000e+01;1.5819182e-01;4.2500000e+01;1.8419681e-01;4.2500000e+01;2.1058488e-01;4.2500000e+01;2.3379318e-01;4.2500000e+01;2.6177925e-01;4.2500000e+01;2.7484816e-01;4.2500000e+01;2.7564970e-01;4.2500000e+01;2.6863933e-01;4.2500000e+01;2.5571865e-01;4.2500000e+01;2.3644176e-01;4.2500000e+01;2.1197379e-01;4.2500000e+01;3.2530747e-02;4.2500000e+01;4.4588417e-02;4.2500000e+01;5.8160223e-02;4.2500000e+01;7.4033082e-02;4.2500000e+01;9.1206506e-02;4.2500000e+01;1.1151896e-01;4.2500000e+01;1.3403267e-01;4.2500000e+01;1.5819182e-01;4.2500000e+01;1.8419681e-01;4.2500000e+01;2.1058488e-01;4.2500000e+01;2.3379318e-01;4.2500000e+01;2.6177925e-01;4.2500000e+01;2.7484816e-01;4.2500000e+01;2.7564970e-01;4.2500000e+01;2.6863933e-01;4.2500000e+01;2.5571865e-01;4.2500000e+01;2.3644176e-01;4.2500000e+01;2.1197379e-01;4.2500000e+01;3.2530747e-02;4.2500000e+01;4.4588417e-02;4.2500000e+01;5.8160223e-02;4.2500000e+01;7.4033082e-02;4.2500000e+01;9.1206506e-02;4.2500000e+01;1.1151896e-01;4.2500000e+01;1.3403267e-01;4.2500000e+01;1.5819182e-01;4.2500000e+01;1.8419681e-01;4.2500000e+01;2.1058488e-01;4.2500000e+01;2.3379318e-01;4.2500000e+01;2.6177925e-01;4.2500000e+01;2.7484816e-01;4.2500000e+01;2.7564970e-01;4.2500000e+01;2.6863933e-01;4.2500000e+01;2.5571865e-01;4.2500000e+01;2.3644176e-01;4.2500000e+01;2.1197379e-01;4.2500000e+01;3.2530747e-02;4.2500000e+01;4.4588417e-02;4.2500000e+01;5.8160223e-02;4.2500000e+01;7.4033082e-02;4.2500000e+01;9.1206506e-02;4.2500000e+01;1.1151896e-01;4.2500000e+01;1.3403267e-01;4.2500000e+01;1.5819182e-01;4.2500000e+01;1.8419681e-01;4.2500000e+01;2.1058488e-01;4.2500000e+01;2.3379318e-01;4.2500000e+01;2.6177925e-01;4.2500000e+01;2.7484816e-01;4.2500000e+01;2.7564970e-01;4.2500000e+01;2.6863933e-01;4.2500000e+01;2.5571865e-01;4.2500000e+01;2.3644176e-01;4.2500000e+01;2.1197379e-01;4.2500000e+01;3.2530747e-02;4.2500000e+01;4.4588417e-02;4.2500000e+01;5.8160223e-02;4.2500000e+01;7.4033082e-02;4.2500000e+01;9.1206506e-02;4.2500000e+01;1.1151896e-01;4.2500000e+01;1.3403267e-01;4.2500000e+01;1.5819182e-01;4.2500000e+01;1.8419681e-01;4.2500000e+01;2.1058488e-01;4.2500000e+01;2.3379318e-01;4.2500000e+01;2.6177925e-01;4.2500000e+01;2.7484816e-01;4.2500000e+01;2.7564970e-01;4.2500000e+01;2.6863933e-01;4.2500000e+01;2.5571865e-01;4.2500000e+01;2.3644176e-01;4.2500000e+01;2.1197379e-01;4.2500000e+01;3.2530747e-02;4.2500000e+01;4.4588417e-02;4.2500000e+01;5.8160223e-02;4.2500000e+01;7.4033082e-02;4.2500000e+01;9.1206506e-02;4.2500000e+01;1.1151896e-01;4.2500000e+01;1.3403267e-01;4.2500000e+01;1.5819182e-01;4.2500000e+01;1.8419681e-01;4.2500000e+01;2.1058488e-01;4.2500000e+01;2.3379318e-01;4.2500000e+01;2.6177925e-01;4.2500000e+01;2.7484816e-01;4.2500000e+01;2.7564970e-01;4.2500000e+01;2.6863933e-01;4.2500000e+01;2.5571865e-01;4.2500000e+01;2.3644176e-01;4.2500000e+01;2.1197379e-01;4.2500000e+01;3.2530747e-02;4.2500000e+01;4.4588417e-02;4.2500000e+01;5.8160223e-02;4.2500000e+01;7.4033082e-02;4.2500000e+01;9.1206506e-02;4.2500000e+01;1.1151896e-01;4.2500000e+01;1.3403267e-01;4.2500000e+01;1.5819182e-01;4.2500000e+01;1.8419681e-01;4.2500000e+01;2.1058488e-01;4.2500000e+01;2.3379318e-01;4.2500000e+01;2.6177925e-01;4.2500000e+01;2.7484816e-01;4.2500000e+01;2.7564970e-01;4.2500000e+01;2.6863933e-01;4.2500000e+01;2.5571865e-01;4.2500000e+01;2.3644176e-01;4.2500000e+01;2.1197379e-01;4.2500000e+01;3.2530747e-02;4.2500000e+01;4.4588417e-02;4.2500000e+01;5.8160223e-02;4.2500000e+01;7.4033082e-02;4.2500000e+01;9.1206506e-02;4.2500000e+01;1.1151896e-01;4.2500000e+01;1.3403267e-01;4.2500000e+01;1.5819182e-01;4.2500000e+01;1.8419681e-01;4.2500000e+01;2.1058488e-01;4.2500000e+01;2.3379318e-01;4.2500000e+01;2.6177925e-01;4.2500000e+01;2.7484816e-01;4.2500000e+01;2.7564970e-01;4.2500000e+01;2.6863933e-01;4.2500000e+01;2.5571865e-01;4.2500000e+01;2.3644176e-01;4.2500000e+01;2.1197379e-01;4.2500000e+01;3.2530747e-02;4.2500000e+01;4.4588417e-02;4.2500000e+01;5.8160223e-02;4.2500000e+01;7.4033082e-02;4.2500000e+01;9.1206506e-02;4.2500000e+01;1.1151896e-01;4.2500000e+01;1.3403267e-01;4.2500000e+01;1.5819182e-01;4.2500000e+01;1.8419681e-01;4.2500000e+01;2.1058488e-01;4.2500000e+01;2.3379318e-01;4.2500000e+01;2.6177925e-01;4.2500000e+01;2.7484816e-01;4.2500000e+01;2.7564970e-01;4.2500000e+01;2.6863933e-01;4.2500000e+01;2.5571865e-01;4.2500000e+01;2.3644176e-01;4.2500000e+01;2.1197379e-01;4.2500000e+01;3.2530747e-02;4.2500000e+01;4.4588417e-02;4.2500000e+01;5.8160223e-02;4.2500000e+01;7.4033082e-02;4.2500000e+01;9.1206506e-02;4.2500000e+01;1.1151896e-01;4.2500000e+01;1.3403267e-01;4.2500000e+01;1.5819182e-01;4.2500000e+01;1.8419681e-01;4.2500000e+01;2.1058488e-01;4.2500000e+01;2.3379318e-01;4.2500000e+01;2.6177925e-01;4.2500000e+01;2.7484816e-01;4.2500000e+01;2.7564970e-01;4.2500000e+01;2.6863933e-01;4.2500000e+01;2.5571865e-01;4.2500000e+01;2.3644176e-01;4.2500000e+01;2.1197379e-01;4.2500000e+01;3.2530747e-02;4.2500000e+01;4.4588417e-02;4.2500000e+01;5.8160223e-02;4.2500000e+01;7.4033082e-02;4.2500000e+01;9.1206506e-02;4.2500000e+01;1.1151896e-01;4.2500000e+01;1.3403267e-01;4.2500000e+01;1.5819182e-01;4.2500000e+01;1.8419681e-01;4.2500000e+01;2.1058488e-01;4.2500000e+01;2.3379318e-01;4.2500000e+01;2.6177925e-01;4.2500000e+01;2.7484816e-01;4.2500000e+01;2.7564970e-01;4.2500000e+01;2.6863933e-01;4.2500000e+01;2.5571865e-01;4.2500000e+01;2.3644176e-01;4.2500000e+01;2.1197379e-01;4.2500000e+01;3.2530747e-02;4.2500000e+01;4.4588417e-02;4.2500000e+01;5.8160223e-02;4.2500000e+01;7.4033082e-02;4.2500000e+01;9.1206506e-02;4.2500000e+01;1.1151896e-01;4.2500000e+01;1.3403267e-01;4.2500000e+01;1.5819182e-01;4.2500000e+01;1.8419681e-01;4.2500000e+01;2.1058488e-01;4.2500000e+01;2.3379318e-01;4.2500000e+01;2.6177925e-01;4.2500000e+01;2.7484816e-01;4.2500000e+01;2.7564970e-01;4.2500000e+01;2.6863933e-01;4.2500000e+01;2.5571865e-01;4.2500000e+01;2.3644176e-01;4.2500000e+01;2.1197379e-01;4.2500000e+01;3.2530747e-02;4.2500000e+01;4.4588417e-02;4.2500000e+01;5.8160223e-02;4.2500000e+01;7.4033082e-02;4.2500000e+01;9.1206506e-02;4.2500000e+01;1.1151896e-01;4.2500000e+01;1.3403267e-01;4.2500000e+01;1.5819182e-01;4.2500000e+01;1.8419681e-01;4.2500000e+01;2.1058488e-01;4.2500000e+01;2.3379318e-01;4.2500000e+01;2.6177925e-01;4.2500000e+01;2.7484816e-01;4.2500000e+01;2.7564970e-01;4.2500000e+01;2.6863933e-01;4.2500000e+01;2.5571865e-01;4.2500000e+01;2.3644176e-01;4.2500000e+01;2.1197379e-01;4.2500000e+01;3.2530747e-02;4.2500000e+01;4.4588417e-02;4.2500000e+01;5.8160223e-02;4.2500000e+01;7.4033082e-02;4.2500000e+01;9.1206506e-02;4.2500000e+01;1.1151896e-01;4.2500000e+01;1.3403267e-01;4.2500000e+01;1.5819182e-01;4.2500000e+01;1.8419681e-01;4.2500000e+01;2.1058488e-01;4.2500000e+01;2.3379318e-01;4.2500000e+01;2.6177925e-01;4.2500000e+01;2.7484816e-01;4.2500000e+01;2.7564970e-01;4.2500000e+01;2.6863933e-01;4.2500000e+01;2.5571865e-01;4.2500000e+01;2.3644176e-01;4.2500000e+01;2.1197379e-01;4.2500000e+01;3.2530747e-02;4.2500000e+01;4.4588417e-02;4.2500000e+01;5.8160223e-02;4.2500000e+01;7.4033082e-02;4.2500000e+01;9.1206506e-02;4.2500000e+01;1.1151896e-01;4.2500000e+01;1.3403267e-01;4.2500000e+01;1.5819182e-01;4.2500000e+01;1.8419681e-01;4.2500000e+01;2.1058488e-01;4.2500000e+01;2.3379318e-01;4.2500000e+01;2.6177925e-01;4.2500000e+01;2.7484816e-01;4.2500000e+01;2.7564970e-01;4.2500000e+01;2.6863933e-01;4.2500000e+01;2.5571865e-01;4.2500000e+01;2.3644176e-01;4.2500000e+01;2.1197379e-01;4.2500000e+01;3.2530747e-02;4.2500000e+01;4.4588417e-02;4.2500000e+01;5.8160223e-02;4.2500000e+01;7.4033082e-02;4.2500000e+01;9.1206506e-02;4.2500000e+01;1.1151896e-01;4.2500000e+01;1.3403267e-01;4.2500000e+01;1.5819182e-01;4.2500000e+01;1.8419681e-01;4.2500000e+01;2.1058488e-01;4.2500000e+01;2.3379318e-01;4.2500000e+01;2.6177925e-01;4.2500000e+01;2.7484816e-01;4.2500000e+01;2.7564970e-01;4.2500000e+01;2.6863933e-01;4.2500000e+01;2.5571865e-01;4.2500000e+01;2.3644176e-01;4.2500000e+01;2.1197379e-01;4.2500000e+01;3.2530747e-02;4.2500000e+01;4.4588417e-02;4.2500000e+01;5.8160223e-02;4.2500000e+01;7.4033082e-02;4.2500000e+01;9.1206506e-02;4.2500000e+01;1.1151896e-01;4.2500000e+01;1.3403267e-01;4.2500000e+01;1.5819182e-01;4.2500000e+01;1.8419681e-01;4.2500000e+01;2.1058488e-01;4.2500000e+01;2.3379318e-01;4.2500000e+01;2.6177925e-01;4.2500000e+01;2.7484816e-01;4.2500000e+01;2.7564970e-01;4.2500000e+01;2.6863933e-01;4.2500000e+01;2.5571865e-01;4.2500000e+01;2.3644176e-01;4.2500000e+01;2.1197379e-01;4.2500000e+01;3.2530747e-02;4.2500000e+01;4.4588417e-02;4.2500000e+01;5.8160223e-02;4.2500000e+01;7.4033082e-02;4.2500000e+01;9.1206506e-02;4.2500000e+01;1.1151896e-01;4.2500000e+01;1.3403267e-01;4.2500000e+01;1.5819182e-01;4.2500000e+01;1.8419681e-01;4.2500000e+01;2.1058488e-01;4.2500000e+01;2.3379318e-01;4.2500000e+01;2.6177925e-01;4.2500000e+01;2.7484816e-01;4.2500000e+01;2.7564970e-01;4.2500000e+01;2.6863933e-01;4.2500000e+01;2.5571865e-01;4.2500000e+01;2.3644176e-01;4.2500000e+01;2.1197379e-01;4.2500000e+01;3.2530747e-02;4.2500000e+01;4.4588417e-02;4.2500000e+01;5.8160223e-02;4.2500000e+01;7.4033082e-02;4.2500000e+01;9.1206506e-02;4.2500000e+01;1.1151896e-01;4.2500000e+01;1.3403267e-01;4.2500000e+01;1.5819182e-01;4.2500000e+01;1.8419681e-01;4.2500000e+01;2.1058488e-01;4.2500000e+01;2.3379318e-01;4.2500000e+01;2.6177925e-01;4.2500000e+01;2.7484816e-01;4.2500000e+01;2.7564970e-01;4.2500000e+01;2.6863933e-01;4.2500000e+01;2.5571865e-01;4.2500000e+01;2.3644176e-01;4.2500000e+01;2.1197379e-01;4.2500000e+01;3.2530747e-02;4.2500000e+01;4.4588417e-02;4.2500000e+01;5.8160223e-02;4.2500000e+01;7.4033082e-02;4.2500000e+01;9.1206506e-02;4.2500000e+01;1.1151896e-01;4.2500000e+01;1.3403267e-01;4.2500000e+01;1.5819182e-01;4.2500000e+01;1.8419681e-01;4.2500000e+01;2.1058488e-01;4.2500000e+01;2.3379318e-01;4.2500000e+01;2.6177925e-01;4.2500000e+01;2.7484816e-01;4.2500000e+01;2.7564970e-01;4.2500000e+01;2.6863933e-01;4.2500000e+01;2.5571865e-01;4.2500000e+01;2.3644176e-01;4.2500000e+01;2.1197379e-01;4.2500000e+01;3.2530747e-02;4.2500000e+01;4.4588417e-02;4.2500000e+01;5.8160223e-02;4.2500000e+01;7.4033082e-02;4.2500000e+01;9.1206506e-02;4.2500000e+01;1.1151896e-01;4.2500000e+01;1.3403267e-01;4.2500000e+01;1.5819182e-01;4.2500000e+01;1.8419681e-01;4.2500000e+01;2.1058488e-01;4.2500000e+01;2.3379318e-01;4.2500000e+01;2.6177925e-01;4.2500000e+01;2.7484816e-01;4.2500000e+01;2.7564970e-01;4.2500000e+01;2.6863933e-01;4.2500000e+01;2.5571865e-01;4.2500000e+01;2.3644176e-01;4.2500000e+01;2.1197379e-01;4.2500000e+01;3.2530747e-02;4.2500000e+01;4.4588417e-02;4.2500000e+01;5.8160223e-02;4.2500000e+01;7.4033082e-02;4.2500000e+01;9.1206506e-02;4.2500000e+01;1.1151896e-01;4.2500000e+01;1.3403267e-01;4.2500000e+01;1.5819182e-01;4.2500000e+01;1.8419681e-01;4.2500000e+01;2.1058488e-01;4.2500000e+01;2.3379318e-01;4.2500000e+01;2.6177925e-01;4.2500000e+01;2.7484816e-01;4.2500000e+01;2.7564970e-01;4.2500000e+01;2.6863933e-01;4.2500000e+01;2.5571865e-01;4.2500000e+01;2.3644176e-01;4.2500000e+01;2.1197379e-01;4.2500000e+01;3.2530747e-02;4.2500000e+01;4.4588417e-02;4.2500000e+01;5.8160223e-02;4.2500000e+01;7.4033082e-02;4.2500000e+01;9.1206506e-02;4.2500000e+01;1.1151896e-01;4.2500000e+01;1.3403267e-01;4.2500000e+01;1.5819182e-01;4.2500000e+01;1.8419681e-01;4.2500000e+01;2.1058488e-01;4.2500000e+01;2.3379318e-01;4.2500000e+01;2.6177925e-01;4.2500000e+01;2.7484816e-01;4.2500000e+01;2.7564970e-01;4.2500000e+01;2.6863933e-01;4.2500000e+01;2.5571865e-01;4.2500000e+01;2.3644176e-01;4.2500000e+01;2.1197379e-01;4.2500000e+01;3.2530747e-02;4.2500000e+01;4.4588417e-02;4.2500000e+01;5.8160223e-02;4.2500000e+01;7.4033082e-02;4.2500000e+01;9.1206506e-02;4.2500000e+01;1.1151896e-01;4.2500000e+01;1.3403267e-01;4.2500000e+01;1.5819182e-01;4.2500000e+01;1.8419681e-01;4.2500000e+01;2.1058488e-01;4.2500000e+01;2.3379318e-01;4.2500000e+01;2.6177925e-01;4.2500000e+01;2.7484816e-01;4.2500000e+01;2.7564970e-01;4.2500000e+01;2.6863933e-01;4.2500000e+01;2.5571865e-01;4.2500000e+01;2.3644176e-01;4.2500000e+01;2.1197379e-01;4.2500000e+01;3.2530747e-02;4.2500000e+01;4.4588417e-02;4.2500000e+01;5.8160223e-02;4.2500000e+01;7.4033082e-02;4.2500000e+01;9.1206506e-02;4.2500000e+01;1.1151896e-01;4.2500000e+01;1.3403267e-01;4.2500000e+01;1.5819182e-01;4.2500000e+01;1.8419681e-01;4.2500000e+01;2.1058488e-01;4.2500000e+01;2.3379318e-01;4.2500000e+01;2.6177925e-01;4.2500000e+01;2.7484816e-01;4.2500000e+01;2.7564970e-01;4.2500000e+01;2.6863933e-01;4.2500000e+01;2.5571865e-01;4.2500000e+01;2.3644176e-01;4.2500000e+01;2.1197379e-01;4.2500000e+01;3.2530747e-02;4.2500000e+01;4.4588417e-02;4.2500000e+01;5.8160223e-02;4.2500000e+01;7.4033082e-02;4.2500000e+01;9.1206506e-02;4.2500000e+01;1.1151896e-01;4.2500000e+01;1.3403267e-01;4.2500000e+01;1.5819182e-01;4.2500000e+01;1.8419681e-01;4.2500000e+01;2.1058488e-01;4.2500000e+01;2.3379318e-01;4.2500000e+01;2.6177925e-01;4.2500000e+01;2.7484816e-01;4.2500000e+01;2.7564970e-01;4.2500000e+01;2.6863933e-01;4.2500000e+01;2.5571865e-01;4.2500000e+01;2.3644176e-01;4.2500000e+01;2.1197379e-01;4.2500000e+01;3.2530747e-02;4.2500000e+01;4.4588417e-02;4.2500000e+01;5.8160223e-02;4.2500000e+01;7.4033082e-02;4.2500000e+01;9.1206506e-02;4.2500000e+01;1.1151896e-01;4.2500000e+01;1.3403267e-01;4.2500000e+01;1.5819182e-01;4.2500000e+01;1.8419681e-01;4.2500000e+01;2.1058488e-01;4.2500000e+01;2.3379318e-01;4.2500000e+01;2.6177925e-01;4.2500000e+01;2.7484816e-01;4.2500000e+01;2.7564970e-01;4.2500000e+01;2.6863933e-01;4.2500000e+01;2.5571865e-01;4.2500000e+01;2.3644176e-01;4.2500000e+01;2.1197379e-01;4.2500000e+01;3.2530747e-02;4.2500000e+01;4.4588417e-02;4.2500000e+01;5.8160223e-02;4.2500000e+01;7.4033082e-02;4.2500000e+01;9.1206506e-02;4.2500000e+01;1.1151896e-01;4.2500000e+01;1.3403267e-01;4.2500000e+01;1.5819182e-01;4.2500000e+01;1.8419681e-01;4.2500000e+01;2.1058488e-01;4.2500000e+01;2.3379318e-01;4.2500000e+01;2.6177925e-01;4.2500000e+01;2.7484816e-01;4.2500000e+01;2.7564970e-01;4.2500000e+01;2.6863933e-01;4.2500000e+01;2.5571865e-01;4.2500000e+01;2.3644176e-01;4.2500000e+01;2.1197379e-01;4.2500000e+01;3.2530747e-02;4.2500000e+01;4.4588417e-02;4.2500000e+01;5.8160223e-02;4.2500000e+01;7.4033082e-02;4.2500000e+01;9.1206506e-02;4.2500000e+01;1.1151896e-01;4.2500000e+01;1.3403267e-01;4.2500000e+01;1.5819182e-01;4.2500000e+01;1.8419681e-01;4.2500000e+01;2.1058488e-01;4.2500000e+01;2.3379318e-01;4.2500000e+01;2.6177925e-01;4.2500000e+01;2.7484816e-01;4.2500000e+01;2.7564970e-01;4.2500000e+01;2.6863933e-01;4.2500000e+01;2.5571865e-01;4.2500000e+01;2.3644176e-01;4.2500000e+01;2.1197379e-01;4.2500000e+01;3.2530747e-02;4.2500000e+01;4.4588417e-02;4.2500000e+01;5.8160223e-02;4.2500000e+01;7.4033082e-02;4.2500000e+01;9.1206506e-02;4.2500000e+01;1.1151896e-01;4.2500000e+01;1.3403267e-01;4.2500000e+01;1.5819182e-01;4.2500000e+01;1.8419681e-01;4.2500000e+01;2.1058488e-01;4.2500000e+01;2.3379318e-01;4.2500000e+01;2.6177925e-01;4.2500000e+01;2.7484816e-01;4.2500000e+01;2.7564970e-01;4.2500000e+01;2.6863933e-01;4.2500000e+01;2.5571865e-01;4.2500000e+01;2.3644176e-01;4.2500000e+01;2.1197379e-01;4.2500000e+01;3.2530747e-02;4.2500000e+01;4.4588417e-02;4.2500000e+01;5.8160223e-02;4.2500000e+01;7.4033082e-02;4.2500000e+01;9.1206506e-02;4.2500000e+01;1.1151896e-01;4.2500000e+01;1.3403267e-01;4.2500000e+01;1.5819182e-01;4.2500000e+01;1.8419681e-01;4.2500000e+01;2.1058488e-01;4.2500000e+01;2.3379318e-01;4.2500000e+01;2.6177925e-01;4.2500000e+01;2.7484816e-01;4.2500000e+01;2.7564970e-01;4.2500000e+01;2.6863933e-01;4.2500000e+01;2.5571865e-01;4.2500000e+01;2.3644176e-01;4.2500000e+01;2.1197379e-01;4.2500000e+01;3.2530747e-02;4.2500000e+01;4.4588417e-02;4.2500000e+01;5.8160223e-02;4.2500000e+01;7.4033082e-02;4.2500000e+01;9.1206506e-02;4.2500000e+01;1.1151896e-01;4.2500000e+01;1.3403267e-01;4.2500000e+01;1.5819182e-01;4.2500000e+01;1.8419681e-01;4.2500000e+01;2.1058488e-01;4.2500000e+01;2.3379318e-01;4.2500000e+01;2.6177925e-01;4.2500000e+01;2.7484816e-01;4.2500000e+01;2.7564970e-01;4.2500000e+01;2.6863933e-01;4.2500000e+01;2.5571865e-01;4.2500000e+01;2.3644176e-01;4.2500000e+01;2.1197379e-01;4.2500000e+01;3.2530747e-02;4.2500000e+01;4.4588417e-02;4.2500000e+01;5.8160223e-02;4.2500000e+01;7.4033082e-02;4.2500000e+01;9.1206506e-02;4.2500000e+01;1.1151896e-01;4.2500000e+01;1.3403267e-01;4.2500000e+01;1.5819182e-01;4.2500000e+01;1.8419681e-01;4.2500000e+01;2.1058488e-01;4.2500000e+01;2.3379318e-01;4.2500000e+01;2.6177925e-01;4.2500000e+01;2.7484816e-01;4.2500000e+01;2.7564970e-01;4.2500000e+01;2.6863933e-01;4.2500000e+01;2.5571865e-01;4.2500000e+01;2.3644176e-01;4.2500000e+01;2.1197379e-01;4.2500000e+01;3.2530747e-02;4.2500000e+01;4.4588417e-02;4.2500000e+01;5.8160223e-02;4.2500000e+01;7.4033082e-02;4.2500000e+01;9.1206506e-02;4.2500000e+01;1.1151896e-01;4.2500000e+01;1.3403267e-01;4.2500000e+01;1.5819182e-01;4.2500000e+01;1.8419681e-01;4.2500000e+01;2.1058488e-01;4.2500000e+01;2.3379318e-01;4.2500000e+01;2.6177925e-01;4.2500000e+01;2.7484816e-01;4.2500000e+01;2.7564970e-01;4.2500000e+01;2.6863933e-01;4.2500000e+01;2.5571865e-01;4.2500000e+01;2.3644176e-01;4.2500000e+01;2.1197379e-01;4.2500000e+01;3.2530747e-02;4.2500000e+01;4.4588417e-02;4.2500000e+01;5.8160223e-02;4.2500000e+01;7.4033082e-02;4.2500000e+01;9.1206506e-02;4.2500000e+01;1.1151896e-01;4.2500000e+01;1.3403267e-01;4.2500000e+01;1.5819182e-01;4.2500000e+01;1.8419681e-01;4.2500000e+01;2.1058488e-01;4.2500000e+01;2.3379318e-01;4.2500000e+01;2.6177925e-01;4.2500000e+01;2.7484816e-01;4.2500000e+01;2.7564970e-01;4.2500000e+01;2.6863933e-01;4.2500000e+01;2.5571865e-01;4.2500000e+01;2.3644176e-01;4.2500000e+01;2.1197379e-01;4.2500000e+01;3.2530747e-02;4.2500000e+01;4.4588417e-02;4.2500000e+01;5.8160223e-02;4.2500000e+01;7.4033082e-02;4.2500000e+01;9.1206506e-02;4.2500000e+01;1.1151896e-01;4.2500000e+01;1.3403267e-01;4.2500000e+01;1.5819182e-01;4.2500000e+01;1.8419681e-01;4.2500000e+01;2.1058488e-01;4.2500000e+01;2.3379318e-01;4.2500000e+01;2.6177925e-01;4.2500000e+01;2.7484816e-01;4.2500000e+01;2.7564970e-01;4.2500000e+01;2.6863933e-01;4.2500000e+01;2.5571865e-01;4.2500000e+01;2.3644176e-01;4.2500000e+01;2.1197379e-01;4.2500000e+01;3.2530747e-02;4.2500000e+01;4.4588417e-02;4.2500000e+01;5.8160223e-02;4.2500000e+01;7.4033082e-02;4.2500000e+01;9.1206506e-02;4.2500000e+01;1.1151896e-01;4.2500000e+01;1.3403267e-01;4.2500000e+01;1.5819182e-01;4.2500000e+01;1.8419681e-01;4.2500000e+01;2.1058488e-01;4.2500000e+01;2.3379318e-01;4.2500000e+01;2.6177925e-01;4.2500000e+01;2.7484816e-01;4.2500000e+01;2.7564970e-01;4.2500000e+01;2.6863933e-01;4.2500000e+01;2.5571865e-01;4.2500000e+01;2.3644176e-01;4.2500000e+01;2.1197379e-01;4.2500000e+01;3.2530747e-02;4.2500000e+01;4.4588417e-02;4.2500000e+01;5.8160223e-02;4.2500000e+01;7.4033082e-02;4.2500000e+01;9.1206506e-02;4.2500000e+01;1.1151896e-01;4.2500000e+01;1.3403267e-01;4.2500000e+01;1.5819182e-01;4.2500000e+01;1.8419681e-01;4.2500000e+01;2.1058488e-01;4.2500000e+01;2.3379318e-01;4.2500000e+01;2.6177925e-01;4.2500000e+01;2.7484816e-01;4.2500000e+01;2.7564970e-01;4.2500000e+01;2.6863933e-01;4.2500000e+01;2.5571865e-01;4.2500000e+01;2.3644176e-01;4.2500000e+01;2.1197379e-01;4.2500000e+01;3.2530747e-02;4.2500000e+01;4.4588417e-02;4.2500000e+01;5.8160223e-02;4.2500000e+01;7.4033082e-02;4.2500000e+01;9.1206506e-02;4.2500000e+01;1.1151896e-01;4.2500000e+01;1.3403267e-01;4.2500000e+01;1.5819182e-01;4.2500000e+01;1.8419681e-01;4.2500000e+01;2.1058488e-01;4.2500000e+01;2.3379318e-01;4.2500000e+01;2.6177925e-01;4.2500000e+01;2.7484816e-01;4.2500000e+01;2.7564970e-01;4.2500000e+01;2.6863933e-01;4.2500000e+01;2.5571865e-01;4.2500000e+01;2.3644176e-01;4.2500000e+01;2.1197379e-01;4.2500000e+01;3.2530747e-02;4.2500000e+01;4.4588417e-02;4.2500000e+01;5.8160223e-02;4.2500000e+01;7.4033082e-02;4.2500000e+01;9.1206506e-02;4.2500000e+01;1.1151896e-01;4.2500000e+01;1.3403267e-01;4.2500000e+01;1.5819182e-01;4.2500000e+01;1.8419681e-01;4.2500000e+01;2.1058488e-01;4.2500000e+01;2.3379318e-01;4.2500000e+01;2.6177925e-01;4.2500000e+01;2.7484816e-01;4.2500000e+01;2.7564970e-01;4.2500000e+01;2.6863933e-01;4.2500000e+01;2.5571865e-01;4.2500000e+01;2.3644176e-01;4.2500000e+01;2.1197379e-01;4.2500000e+01;3.2530747e-02;4.2500000e+01;4.4588417e-02;4.2500000e+01;5.8160223e-02;4.2500000e+01;7.4033082e-02;4.2500000e+01;9.1206506e-02;4.2500000e+01;1.1151896e-01;4.2500000e+01;1.3403267e-01;4.2500000e+01;1.5819182e-01;4.2500000e+01;1.8419681e-01;4.2500000e+01;2.1058488e-01;4.2500000e+01;2.3379318e-01;4.2500000e+01;2.6177925e-01;4.2500000e+01;2.7484816e-01;4.2500000e+01;2.7564970e-01;4.2500000e+01;2.6863933e-01;4.2500000e+01;2.5571865e-01;4.2500000e+01;2.3644176e-01;4.2500000e+01;2.1197379e-01;4.2500000e+01;3.2530747e-02;4.2500000e+01;4.4588417e-02;4.2500000e+01;5.8160223e-02;4.2500000e+01;7.4033082e-02;4.2500000e+01;9.1206506e-02;4.2500000e+01;1.1151896e-01;4.2500000e+01;1.3403267e-01;4.2500000e+01;1.5819182e-01;4.2500000e+01;1.8419681e-01;4.2500000e+01;2.1058488e-01;4.2500000e+01;2.3379318e-01;4.2500000e+01;2.6177925e-01;4.2500000e+01;2.7484816e-01;4.2500000e+01;2.7564970e-01;4.2500000e+01;2.6863933e-01;4.2500000e+01;2.5571865e-01;4.2500000e+01;2.3644176e-01;4.2500000e+01;2.1197379e-01;4.2500000e+01;3.2530747e-02;4.2500000e+01;4.4588417e-02;4.2500000e+01;5.8160223e-02;4.2500000e+01;7.4033082e-02;4.2500000e+01;9.1206506e-02;4.2500000e+01;1.1151896e-01;4.2500000e+01;1.3403267e-01;4.2500000e+01;1.5819182e-01;4.2500000e+01;1.8419681e-01;4.2500000e+01;2.1058488e-01;4.2500000e+01;2.3379318e-01;4.2500000e+01;2.6177925e-01;4.2500000e+01;2.7484816e-01;4.2500000e+01;2.7564970e-01;4.2500000e+01;2.6863933e-01;4.2500000e+01;2.5571865e-01;4.2500000e+01;2.3644176e-01;4.2500000e+01;2.1197379e-01;4.2500000e+01;3.2530747e-02;4.2500000e+01;4.4588417e-02;4.2500000e+01;5.8160223e-02;4.2500000e+01;7.4033082e-02;4.2500000e+01;9.1206506e-02;4.2500000e+01;1.1151896e-01;4.2500000e+01;1.3403267e-01;4.2500000e+01;1.5819182e-01;4.2500000e+01;1.8419681e-01;4.2500000e+01;2.1058488e-01;4.2500000e+01;2.3379318e-01;4.2500000e+01;2.6177925e-01;4.2500000e+01;2.7484816e-01;4.2500000e+01;2.7564970e-01;4.2500000e+01;2.6863933e-01;4.2500000e+01;2.5571865e-01;4.2500000e+01;2.3644176e-01;4.2500000e+01;2.1197379e-01;4.2500000e+01;3.2530747e-02;4.2500000e+01;4.4588417e-02;4.2500000e+01;5.8160223e-02;4.2500000e+01;7.4033082e-02;4.2500000e+01;9.1206506e-02;4.2500000e+01;1.1151896e-01;4.2500000e+01;1.3403267e-01;4.2500000e+01;1.5819182e-01;4.2500000e+01;1.8419681e-01;4.2500000e+01;2.1058488e-01;4.2500000e+01;2.3379318e-01;4.2500000e+01;2.6177925e-01;4.2500000e+01;2.7484816e-01;4.2500000e+01;2.7564970e-01;4.2500000e+01;2.6863933e-01;4.2500000e+01;2.5571865e-01;4.2500000e+01;2.3644176e-01;4.2500000e+01;2.1197379e-01;4.2500000e+01;3.2530747e-02;4.2500000e+01;4.4588417e-02;4.2500000e+01;5.8160223e-02;4.2500000e+01;7.4033082e-02;4.2500000e+01;9.1206506e-02;4.2500000e+01;1.1151896e-01;4.2500000e+01;1.3403267e-01;4.2500000e+01;1.5819182e-01;4.2500000e+01;1.8419681e-01;4.2500000e+01;2.1058488e-01;4.2500000e+01;2.3379318e-01;4.2500000e+01;2.6177925e-01;4.2500000e+01;2.7484816e-01;4.2500000e+01;2.7564970e-01;4.2500000e+01;2.6863933e-01;4.2500000e+01;2.5571865e-01;4.2500000e+01;2.3644176e-01;4.2500000e+01;2.1197379e-01;4.2500000e+01;3.2530747e-02;4.2500000e+01;4.4588417e-02;4.2500000e+01;5.8160223e-02;4.2500000e+01;7.4033082e-02;4.2500000e+01;9.1206506e-02;4.2500000e+01;1.1151896e-01;4.2500000e+01;1.3403267e-01;4.2500000e+01;1.5819182e-01;4.2500000e+01;1.8419681e-01;4.2500000e+01;2.1058488e-01;4.2500000e+01;2.3379318e-01;4.2500000e+01;2.6177925e-01;4.2500000e+01;2.7484816e-01;4.2500000e+01;2.7564970e-01;4.2500000e+01;2.6863933e-01;4.2500000e+01;2.5571865e-01;4.2500000e+01;2.3644176e-01;4.2500000e+01;2.1197379e-01;4.2500000e+01;3.2530747e-02;4.2500000e+01;4.4588417e-02;4.2500000e+01;5.8160223e-02;4.2500000e+01;7.4033082e-02;4.2500000e+01;9.1206506e-02;4.2500000e+01;1.1151896e-01;4.2500000e+01;1.3403267e-01;4.2500000e+01;1.5819182e-01;4.2500000e+01;1.8419681e-01;4.2500000e+01;2.1058488e-01;4.2500000e+01;2.3379318e-01;4.2500000e+01;2.6177925e-01;4.2500000e+01;2.7484816e-01;4.2500000e+01;2.7564970e-01;4.2500000e+01;2.6863933e-01;4.2500000e+01;2.5571865e-01;4.2500000e+01;2.3644176e-01;4.2500000e+01;2.1197379e-01;4.2500000e+01;3.2530747e-02;4.2500000e+01;4.4588417e-02;4.2500000e+01;5.8160223e-02;4.2500000e+01;7.4033082e-02;4.2500000e+01;9.1206506e-02;4.2500000e+01;1.1151896e-01;4.2500000e+01;1.3403267e-01;4.2500000e+01;1.5819182e-01;4.2500000e+01;1.8419681e-01;4.2500000e+01;2.1058488e-01;4.2500000e+01;2.3379318e-01;4.2500000e+01;2.6177925e-01;4.2500000e+01;2.7484816e-01;4.2500000e+01;2.7564970e-01;4.2500000e+01;2.6863933e-01;4.2500000e+01;2.5571865e-01;4.2500000e+01;2.3644176e-01;4.2500000e+01;2.1197379e-01;4.2500000e+01;3.2530747e-02;4.2500000e+01;4.4588417e-02;4.2500000e+01;5.8160223e-02;4.2500000e+01;7.4033082e-02;4.2500000e+01;9.1206506e-02;4.2500000e+01;1.1151896e-01;4.2500000e+01;1.3403267e-01;4.2500000e+01;1.5819182e-01;4.2500000e+01;1.8419681e-01;4.2500000e+01;2.1058488e-01;4.2500000e+01;2.3379318e-01;4.2500000e+01;2.6177925e-01;4.2500000e+01;2.7484816e-01;4.2500000e+01;2.7564970e-01;4.2500000e+01;2.6863933e-01;4.2500000e+01;2.5571865e-01;4.2500000e+01;2.3644176e-01;4.2500000e+01;2.1197379e-01;4.2500000e+01;3.2530747e-02;4.2500000e+01;4.4588417e-02;4.2500000e+01;5.8160223e-02;4.2500000e+01;7.4033082e-02;4.2500000e+01;9.1206506e-02;4.2500000e+01;1.1151896e-01;4.2500000e+01;1.3403267e-01;4.2500000e+01;1.5819182e-01;4.2500000e+01;1.8419681e-01;4.2500000e+01;2.1058488e-01;4.2500000e+01;2.3379318e-01;4.2500000e+01;2.6177925e-01;4.2500000e+01;2.7484816e-01;4.2500000e+01;2.7564970e-01;4.2500000e+01;2.6863933e-01;4.2500000e+01;2.5571865e-01;4.2500000e+01;2.3644176e-01;4.2500000e+01;2.1197379e-01;4.2500000e+01;3.2530747e-02;4.2500000e+01;4.4588417e-02;4.2500000e+01;5.8160223e-02;4.2500000e+01;7.4033082e-02;4.2500000e+01;9.1206506e-02;4.2500000e+01;1.1151896e-01;4.2500000e+01;1.3403267e-01;4.2500000e+01;1.5819182e-01;4.2500000e+01;1.8419681e-01;4.2500000e+01;2.1058488e-01;4.2500000e+01;2.3379318e-01;4.2500000e+01;2.6177925e-01;4.2500000e+01;2.7484816e-01;4.2500000e+01;2.7564970e-01;4.2500000e+01;2.6863933e-01;4.2500000e+01;2.5571865e-01;4.2500000e+01;2.3644176e-01;4.2500000e+01;2.1197379e-01;4.2500000e+01;3.2530747e-02;4.2500000e+01;4.4588417e-02;4.2500000e+01;5.8160223e-02;4.2500000e+01;7.4033082e-02;4.2500000e+01;9.1206506e-02;4.2500000e+01;1.1151896e-01;4.2500000e+01;1.3403267e-01;4.2500000e+01;1.5819182e-01;4.2500000e+01;1.8419681e-01;4.2500000e+01;2.1058488e-01;4.2500000e+01;2.3379318e-01;4.2500000e+01;2.6177925e-01;4.2500000e+01;2.7484816e-01;4.2500000e+01;2.7564970e-01;4.2500000e+01;2.6863933e-01;4.2500000e+01;2.5571865e-01;4.2500000e+01;2.3644176e-01;4.2500000e+01;2.1197379e-01
4.7500000e+01;3.4572266e-02;4.7500000e+01;4.7692560e-02;4.7500000e+01;6.2618457e-02;4.7500000e+01;7.9806156e-02;4.7500000e+01;9.8251253e-02;4.7500000e+01;1.1751178e-01;4.7500000e+01;1.3929883e-01;4.7500000e+01;1.6277003e-01;4.7500000e+01;1.8941620e-01;4.7500000e+01;2.1935266e-01;4.7500000e+01;2.4672019e-01;4.7500000e+01;2.7170509e-01;4.7500000e+01;2.8198898e-01;4.7500000e+01;2.8168947e-01;4.7500000e+01;2.7423769e-01;4.7500000e+01;2.6094526e-01;4.7500000e+01;2.4149311e-01;4.7500000e+01;2.1714422e-01;4.7500000e+01;3.4572266e-02;4.7500000e+01;4.7692560e-02;4.7500000e+01;6.2618457e-02;4.7500000e+01;7.9806156e-02;4.7500000e+01;9.8251253e-02;4.7500000e+01;1.1751178e-01;4.7500000e+01;1.3929883e-01;4.7500000e+01;1.6277003e-01;4.7500000e+01;1.8941620e-01;4.7500000e+01;2.1935266e-01;4.7500000e+01;2.4672019e-01;4.7500000e+01;2.7170509e-01;4.7500000e+01;2.8198898e-01;4.7500000e+01;2.8168947e-01;4.7500000e+01;2.7423769e-01;4.7500000e+01;2.6094526e-01;4.7500000e+01;2.4149311e-01;4.7500000e+01;2.1714422e-01;4.7500000e+01;3.4572266e-02;4.7500000e+01;4.7692560e-02;4.7500000e+01;6.2618457e-02;4.7500000e+01;7.9806156e-02;4.7500000e+01;9.8251253e-02;4.7500000e+01;1.1751178e-01;4.7500000e+01;1.3929883e-01;4.7500000e+01;1.6277003e-01;4.7500000e+01;1.8941620e-01;4.7500000e+01;2.1935266e-01;4.7500000e+01;2.4672019e-01;4.7500000e+01;2.7170509e-01;4.7500000e+01;2.8198898e-01;4.7500000e+01;2.8168947e-01;4.7500000e+01;2.7423769e-01;4.7500000e+01;2.6094526e-01;4.7500000e+01;2.4149311e-01;4.7500000e+01;2.1714422e-01;4.7500000e+01;3.4572266e-02;4.7500000e+01;4.7692560e-02;4.7500000e+01;6.2618457e-02;4.7500000e+01;7.9806156e-02;4.7500000e+01;9.8251253e-02;4.7500000e+01;1.1751178e-01;4.7500000e+01;1.3929883e-01;4.7500000e+01;1.6277003e-01;4.7500000e+01;1.8941620e-01;4.7500000e+01;2.1935266e-01;4.7500000e+01;2.4672019e-01;4.7500000e+01;2.7170509e-01;4.7500000e+01;2.8198898e-01;4.7500000e+01;2.8168947e-01;4.7500000e+01;2.7423769e-01;4.7500000e+01;2.6094526e-01;4.7500000e+01;2.4149311e-01;4.7500000e+01;2.1714422e-01;4.7500000e+01;3.4572266e-02;4.7500000e+01;4.7692560e-02;4.7500000e+01;6.2618457e-02;4.7500000e+01;7.9806156e-02;4.7500000e+01;9.8251253e-02;4.7500000e+01;1.1751178e-01;4.7500000e+01;1.3929883e-01;4.7500000e+01;1.6277003e-01;4.7500000e+01;1.8941620e-01;4.7500000e+01;2.1935266e-01;4.7500000e+01;2.4672019e-01;4.7500000e+01;2.7170509e-01;4.7500000e+01;2.8198898e-01;4.7500000e+01;2.8168947e-01;4.7500000e+01;2.7423769e-01;4.7500000e+01;2.6094526e-01;4.7500000e+01;2.4149311e-01;4.7500000e+01;2.1714422e-01;4.7500000e+01;3.4572266e-02;4.7500000e+01;4.7692560e-02;4.7500000e+01;6.2618457e-02;4.7500000e+01;7.9806156e-02;4.7500000e+01;9.8251253e-02;4.7500000e+01;1.1751178e-01;4.7500000e+01;1.3929883e-01;4.7500000e+01;1.6277003e-01;4.7500000e+01;1.8941620e-01;4.7500000e+01;2.1935266e-01;4.7500000e+01;2.4672019e-01;4.7500000e+01;2.7170509e-01;4.7500000e+01;2.8198898e-01;4.7500000e+01;2.8168947e-01;4.7500000e+01;2.7423769e-01;4.7500000e+01;2.6094526e-01;4.7500000e+01;2.4149311e-01;4.7500000e+01;2.1714422e-01;4.7500000e+01;3.4572266e-02;4.7500000e+01;4.7692560e-02;4.7500000e+01;6.2618457e-02;4.7500000e+01;7.9806156e-02;4.7500000e+01;9.8251253e-02;4.7500000e+01;1.1751178e-01;4.7500000e+01;1.3929883e-01;4.7500000e+01;1.6277003e-01;4.7500000e+01;1.8941620e-01;4.7500000e+01;2.1935266e-01;4.7500000e+01;2.4672019e-01;4.7500000e+01;2.7170509e-01;4.7500000e+01;2.8198898e-01;4.7500000e+01;2.8168947e-01;4.7500000e+01;2.7423769e-01;4.7500000e+01;2.6094526e-01;4.7500000e+01;2.4149311e-01;4.7500000e+01;2.1714422e-01;4.7500000e+01;3.4572266e-02;4.7500000e+01;4.7692560e-02;4.7500000e+01;6.2618457e-02;4.7500000e+01;7.9806156e-02;4.7500000e+01;9.8251253e-02;4.7500000e+01;1.1751178e-01;4.7500000e+01;1.3929883e-01;4.7500000e+01;1.6277003e-01;4.7500000e+01;1.8941620e-01;4.7500000e+01;2.1935266e-01;4.7500000e+01;2.4672019e-01;4.7500000e+01;2.7170509e-01;4.7500000e+01;2.8198898e-01;4.7500000e+01;2.8168947e-01;4.7500000e+01;2.7423769e-01;4.7500000e+01;2.6094526e-01;4.7500000e+01;2.4149311e-01;4.7500000e+01;2.1714422e-01;4.7500000e+01;3.4572266e-02;4.7500000e+01;4.7692560e-02;4.7500000e+01;6.2618457e-02;4.7500000e+01;7.9806156e-02;4.7500000e+01;9.8251253e-02;4.7500000e+01;1.1751178e-01;4.7500000e+01;1.3929883e-01;4.7500000e+01;1.6277003e-01;4.7500000e+01;1.8941620e-01;4.7500000e+01;2.1935266e-01;4.7500000e+01;2.4672019e-01;4.7500000e+01;2.7170509e-01;4.7500000e+01;2.8198898e-01;4.7500000e+01;2.8168947e-01;4.7500000e+01;2.7423769e-01;4.7500000e+01;2.6094526e-01;4.7500000e+01;2.4149311e-01;4.7500000e+01;2.1714422e-01;4.7500000e+01;3.4572266e-02;4.7500000e+01;4.7692560e-02;4.7500000e+01;6.2618457e-02;4.7500000e+01;7.9806156e-02;4.7500000e+01;9.8251253e-02;4.7500000e+01;1.1751178e-01;4.7500000e+01;1.3929883e-01;4.7500000e+01;1.6277003e-01;4.7500000e+01;1.8941620e-01;4.7500000e+01;2.1935266e-01;4.7500000e+01;2.4672019e-01;4.7500000e+01;2.7170509e-01;4.7500000e+01;2.8198898e-01;4.7500000e+01;2.8168947e-01;4.7500000e+01;2.7423769e-01;4.7500000e+01;2.6094526e-01;4.7500000e+01;2.4149311e-01;4.7500000e+01;2.1714422e-01;4.7500000e+01;3.4572266e-02;4.7500000e+01;4.7692560e-02;4.7500000e+01;6.2618457e-02;4.7500000e+01;7.9806156e-02;4.7500000e+01;9.8251253e-02;4.7500000e+01;1.1751178e-01;4.7500000e+01;1.3929883e-01;4.7500000e+01;1.6277003e-01;4.7500000e+01;1.8941620e-01;4.7500000e+01;2.1935266e-01;4.7500000e+01;2.4672019e-01;4.7500000e+01;2.7170509e-01;4.7500000e+01;2.8198898e-01;4.7500000e+01;2.8168947e-01;4.7500000e+01;2.7423769e-01;4.7500000e+01;2.6094526e-01;4.7500000e+01;2.4149311e-01;4.7500000e+01;2.1714422e-01;4.7500000e+01;3.4572266e-02;4.7500000e+01;4.7692560e-02;4.7500000e+01;6.2618457e-02;4.7500000e+01;7.9806156e-02;4.7500000e+01;9.8251253e-02;4.7500000e+01;1.1751178e-01;4.7500000e+01;1.3929883e-01;4.7500000e+01;1.6277003e-01;4.7500000e+01;1.8941620e-01;4.7500000e+01;2.1935266e-01;4.7500000e+01;2.4672019e-01;4.7500000e+01;2.7170509e-01;4.7500000e+01;2.8198898e-01;4.7500000e+01;2.8168947e-01;4.7500000e+01;2.7423769e-01;4.7500000e+01;2.6094526e-01;4.7500000e+01;2.4149311e-01;4.7500000e+01;2.1714422e-01;4.7500000e+01;3.4572266e-02;4.7500000e+01;4.7692560e-02;4.7500000e+01;6.2618457e-02;4.7500000e+01;7.9806156e-02;4.7500000e+01;9.8251253e-02;4.7500000e+01;1.1751178e-01;4.7500000e+01;1.3929883e-01;4.7500000e+01;1.6277003e-01;4.7500000e+01;1.8941620e-01;4.7500000e+01;2.1935266e-01;4.7500000e+01;2.4672019e-01;4.7500000e+01;2.7170509e-01;4.7500000e+01;2.8198898e-01;4.7500000e+01;2.8168947e-01;4.7500000e+01;2.7423769e-01;4.7500000e+01;2.6094526e-01;4.7500000e+01;2.4149311e-01;4.7500000e+01;2.1714422e-01;4.7500000e+01;3.4572266e-02;4.7500000e+01;4.7692560e-02;4.7500000e+01;6.2618457e-02;4.7500000e+01;7.9806156e-02;4.7500000e+01;9.8251253e-02;4.7500000e+01;1.1751178e-01;4.7500000e+01;1.3929883e-01;4.7500000e+01;1.6277003e-01;4.7500000e+01;1.8941620e-01;4.7500000e+01;2.1935266e-01;4.7500000e+01;2.4672019e-01;4.7500000e+01;2.7170509e-01;4.7500000e+01;2.8198898e-01;4.7500000e+01;2.8168947e-01;4.7500000e+01;2.7423769e-01;4.7500000e+01;2.6094526e-01;4.7500000e+01;2.4149311e-01;4.7500000e+01;2.1714422e-01;4.7500000e+01;3.4572266e-02;4.7500000e+01;4.7692560e-02;4.7500000e+01;6.2618457e-02;4.7500000e+01;7.9806156e-02;4.7500000e+01;9.8251253e-02;4.7500000e+01;1.1751178e-01;4.7500000e+01;1.3929883e-01;4.7500000e+01;1.6277003e-01;4.7500000e+01;1.8941620e-01;4.7500000e+01;2.1935266e-01;4.7500000e+01;2.4672019e-01;4.7500000e+01;2.7170509e-01;4.7500000e+01;2.8198898e-01;4.7500000e+01;2.8168947e-01;4.7500000e+01;2.7423769e-01;4.7500000e+01;2.6094526e-01;4.7500000e+01;2.4149311e-01;4.7500000e+01;2.1714422e-01;4.7500000e+01;3.4572266e-02;4.7500000e+01;4.7692560e-02;4.7500000e+01;6.2618457e-02;4.7500000e+01;7.9806156e-02;4.7500000e+01;9.8251253e-02;4.7500000e+01;1.1751178e-01;4.7500000e+01;1.3929883e-01;4.7500000e+01;1.6277003e-01;4.7500000e+01;1.8941620e-01;4.7500000e+01;2.1935266e-01;4.7500000e+01;2.4672019e-01;4.7500000e+01;2.7170509e-01;4.7500000e+01;2.8198898e-01;4.7500000e+01;2.8168947e-01;4.7500000e+01;2.7423769e-01;4.7500000e+01;2.6094526e-01;4.7500000e+01;2.4149311e-01;4.7500000e+01;2.1714422e-01;4.7500000e+01;3.4572266e-02;4.7500000e+01;4.7692560e-02;4.7500000e+01;6.2618457e-02;4.7500000e+01;7.9806156e-02;4.7500000e+01;9.8251253e-02;4.7500000e+01;1.1751178e-01;4.7500000e+01;1.3929883e-01;4.7500000e+01;1.6277003e-01;4.7500000e+01;1.8941620e-01;4.7500000e+01;2.1935266e-01;4.7500000e+01;2.4672019e-01;4.7500000e+01;2.7170509e-01;4.7500000e+01;2.8198898e-01;4.7500000e+01;2.8168947e-01;4.7500000e+01;2.7423769e-01;4.7500000e+01;2.6094526e-01;4.7500000e+01;2.4149311e-01;4.7500000e+01;2.1714422e-01;4.7500000e+01;3.4572266e-02;4.7500000e+01;4.7692560e-02;4.7500000e+01;6.2618457e-02;4.7500000e+01;7.9806156e-02;4.7500000e+01;9.8251253e-02;4.7500000e+01;1.1751178e-01;4.7500000e+01;1.3929883e-01;4.7500000e+01;1.6277003e-01;4.7500000e+01;1.8941620e-01;4.7500000e+01;2.1935266e-01;4.7500000e+01;2.4672019e-01;4.7500000e+01;2.7170509e-01;4.7500000e+01;2.8198898e-01;4.7500000e+01;2.8168947e-01;4.7500000e+01;2.7423769e-01;4.7500000e+01;2.6094526e-01;4.7500000e+01;2.4149311e-01;4.7500000e+01;2.1714422e-01;4.7500000e+01;3.4572266e-02;4.7500000e+01;4.7692560e-02;4.7500000e+01;6.2618457e-02;4.7500000e+01;7.9806156e-02;4.7500000e+01;9.8251253e-02;4.7500000e+01;1.1751178e-01;4.7500000e+01;1.3929883e-01;4.7500000e+01;1.6277003e-01;4.7500000e+01;1.8941620e-01;4.7500000e+01;2.1935266e-01;4.7500000e+01;2.4672019e-01;4.7500000e+01;2.7170509e-01;4.7500000e+01;2.8198898e-01;4.7500000e+01;2.8168947e-01;4.7500000e+01;2.7423769e-01;4.7500000e+01;2.6094526e-01;4.7500000e+01;2.4149311e-01;4.7500000e+01;2.1714422e-01;4.7500000e+01;3.4572266e-02;4.7500000e+01;4.7692560e-02;4.7500000e+01;6.2618457e-02;4.7500000e+01;7.9806156e-02;4.7500000e+01;9.8251253e-02;4.7500000e+01;1.1751178e-01;4.7500000e+01;1.3929883e-01;4.7500000e+01;1.6277003e-01;4.7500000e+01;1.8941620e-01;4.7500000e+01;2.1935266e-01;4.7500000e+01;2.4672019e-01;4.7500000e+01;2.7170509e-01;4.7500000e+01;2.8198898e-01;4.7500000e+01;2.8168947e-01;4.7500000e+01;2.7423769e-01;4.7500000e+01;2.6094526e-01;4.7500000e+01;2.4149311e-01;4.7500000e+01;2.1714422e-01;4.7500000e+01;3.4572266e-02;4.7500000e+01;4.7692560e-02;4.7500000e+01;6.2618457e-02;4.7500000e+01;7.9806156e-02;4.7500000e+01;9.8251253e-02;4.7500000e+01;1.1751178e-01;4.7500000e+01;1.3929883e-01;4.7500000e+01;1.6277003e-01;4.7500000e+01;1.8941620e-01;4.7500000e+01;2.1935266e-01;4.7500000e+01;2.4672019e-01;4.7500000e+01;2.7170509e-01;4.7500000e+01;2.8198898e-01;4.7500000e+01;2.8168947e-01;4.7500000e+01;2.7423769e-01;4.7500000e+01;2.6094526e-01;4.7500000e+01;2.4149311e-01;4.7500000e+01;2.1714422e-01;4.7500000e+01;3.4572266e-02;4.7500000e+01;4.7692560e-02;4.7500000e+01;6.2618457e-02;4.7500000e+01;7.9806156e-02;4.7500000e+01;9.8251253e-02;4.7500000e+01;1.1751178e-01;4.7500000e+01;1.3929883e-01;4.7500000e+01;1.6277003e-01;4.7500000e+01;1.8941620e-01;4.7500000e+01;2.1935266e-01;4.7500000e+01;2.4672019e-01;4.7500000e+01;2.7170509e-01;4.7500000e+01;2.8198898e-01;4.7500000e+01;2.8168947e-01;4.7500000e+01;2.7423769e-01;4.7500000e+01;2.6094526e-01;4.7500000e+01;2.4149311e-01;4.7500000e+01;2.1714422e-01;4.7500000e+01;3.4572266e-02;4.7500000e+01;4.7692560e-02;4.7500000e+01;6.2618457e-02;4.7500000e+01;7.9806156e-02;4.7500000e+01;9.8251253e-02;4.7500000e+01;1.1751178e-01;4.7500000e+01;1.3929883e-01;4.7500000e+01;1.6277003e-01;4.7500000e+01;1.8941620e-01;4.7500000e+01;2.1935266e-01;4.7500000e+01;2.4672019e-01;4.7500000e+01;2.7170509e-01;4.7500000e+01;2.8198898e-01;4.7500000e+01;2.8168947e-01;4.7500000e+01;2.7423769e-01;4.7500000e+01;2.6094526e-01;4.7500000e+01;2.4149311e-01;4.7500000e+01;2.1714422e-01;4.7500000e+01;3.4572266e-02;4.7500000e+01;4.7692560e-02;4.7500000e+01;6.2618457e-02;4.7500000e+01;7.9806156e-02;4.7500000e+01;9.8251253e-02;4.7500000e+01;1.1751178e-01;4.7500000e+01;1.3929883e-01;4.7500000e+01;1.6277003e-01;4.7500000e+01;1.8941620e-01;4.7500000e+01;2.1935266e-01;4.7500000e+01;2.4672019e-01;4.7500000e+01;2.7170509e-01;4.7500000e+01;2.8198898e-01;4.7500000e+01;2.8168947e-01;4.7500000e+01;2.7423769e-01;4.7500000e+01;2.6094526e-01;4.7500000e+01;2.4149311e-01;4.7500000e+01;2.1714422e-01;4.7500000e+01;3.4572266e-02;4.7500000e+01;4.7692560e-02;4.7500000e+01;6.2618457e-02;4.7500000e+01;7.9806156e-02;4.7500000e+01;9.8251253e-02;4.7500000e+01;1.1751178e-01;4.7500000e+01;1.3929883e-01;4.7500000e+01;1.6277003e-01;4.7500000e+01;1.8941620e-01;4.7500000e+01;2.1935266e-01;4.7500000e+01;2.4672019e-01;4.7500000e+01;2.7170509e-01;4.7500000e+01;2.8198898e-01;4.7500000e+01;2.8168947e-01;4.7500000e+01;2.7423769e-01;4.7500000e+01;2.6094526e-01;4.7500000e+01;2.4149311e-01;4.7500000e+01;2.1714422e-01;4.7500000e+01;3.4572266e-02;4.7500000e+01;4.7692560e-02;4.7500000e+01;6.2618457e-02;4.7500000e+01;7.9806156e-02;4.7500000e+01;9.8251253e-02;4.7500000e+01;1.1751178e-01;4.7500000e+01;1.3929883e-01;4.7500000e+01;1.6277003e-01;4.7500000e+01;1.8941620e-01;4.7500000e+01;2.1935266e-01;4.7500000e+01;2.4672019e-01;4.7500000e+01;2.7170509e-01;4.7500000e+01;2.8198898e-01;4.7500000e+01;2.8168947e-01;4.7500000e+01;2.7423769e-01;4.7500000e+01;2.6094526e-01;4.7500000e+01;2.4149311e-01;4.7500000e+01;2.1714422e-01;4.7500000e+01;3.4572266e-02;4.7500000e+01;4.7692560e-02;4.7500000e+01;6.2618457e-02;4.7500000e+01;7.9806156e-02;4.7500000e+01;9.8251253e-02;4.7500000e+01;1.1751178e-01;4.7500000e+01;1.3929883e-01;4.7500000e+01;1.6277003e-01;4.7500000e+01;1.8941620e-01;4.7500000e+01;2.1935266e-01;4.7500000e+01;2.4672019e-01;4.7500000e+01;2.7170509e-01;4.7500000e+01;2.8198898e-01;4.7500000e+01;2.8168947e-01;4.7500000e+01;2.7423769e-01;4.7500000e+01;2.6094526e-01;4.7500000e+01;2.4149311e-01;4.7500000e+01;2.1714422e-01;4.7500000e+01;3.4572266e-02;4.7500000e+01;4.7692560e-02;4.7500000e+01;6.2618457e-02;4.7500000e+01;7.9806156e-02;4.7500000e+01;9.8251253e-02;4.7500000e+01;1.1751178e-01;4.7500000e+01;1.3929883e-01;4.7500000e+01;1.6277003e-01;4.7500000e+01;1.8941620e-01;4.7500000e+01;2.1935266e-01;4.7500000e+01;2.4672019e-01;4.7500000e+01;2.7170509e-01;4.7500000e+01;2.8198898e-01;4.7500000e+01;2.8168947e-01;4.7500000e+01;2.7423769e-01;4.7500000e+01;2.6094526e-01;4.7500000e+01;2.4149311e-01;4.7500000e+01;2.1714422e-01;4.7500000e+01;3.4572266e-02;4.7500000e+01;4.7692560e-02;4.7500000e+01;6.2618457e-02;4.7500000e+01;7.9806156e-02;4.7500000e+01;9.8251253e-02;4.7500000e+01;1.1751178e-01;4.7500000e+01;1.3929883e-01;4.7500000e+01;1.6277003e-01;4.7500000e+01;1.8941620e-01;4.7500000e+01;2.1935266e-01;4.7500000e+01;2.4672019e-01;4.7500000e+01;2.7170509e-01;4.7500000e+01;2.8198898e-01;4.7500000e+01;2.8168947e-01;4.7500000e+01;2.7423769e-01;4.7500000e+01;2.6094526e-01;4.7500000e+01;2.4149311e-01;4.7500000e+01;2.1714422e-01;4.7500000e+01;3.4572266e-02;4.7500000e+01;4.7692560e-02;4.7500000e+01;6.2618457e-02;4.7500000e+01;7.9806156e-02;4.7500000e+01;9.8251253e-02;4.7500000e+01;1.1751178e-01;4.7500000e+01;1.3929883e-01;4.7500000e+01;1.6277003e-01;4.7500000e+01;1.8941620e-01;4.7500000e+01;2.1935266e-01;4.7500000e+01;2.4672019e-01;4.7500000e+01;2.7170509e-01;4.7500000e+01;2.8198898e-01;4.7500000e+01;2.8168947e-01;4.7500000e+01;2.7423769e-01;4.7500000e+01;2.6094526e-01;4.7500000e+01;2.4149311e-01;4.7500000e+01;2.1714422e-01;4.7500000e+01;3.4572266e-02;4.7500000e+01;4.7692560e-02;4.7500000e+01;6.2618457e-02;4.7500000e+01;7.9806156e-02;4.7500000e+01;9.8251253e-02;4.7500000e+01;1.1751178e-01;4.7500000e+01;1.3929883e-01;4.7500000e+01;1.6277003e-01;4.7500000e+01;1.8941620e-01;4.7500000e+01;2.1935266e-01;4.7500000e+01;2.4672019e-01;4.7500000e+01;2.7170509e-01;4.7500000e+01;2.8198898e-01;4.7500000e+01;2.8168947e-01;4.7500000e+01;2.7423769e-01;4.7500000e+01;2.6094526e-01;4.7500000e+01;2.4149311e-01;4.7500000e+01;2.1714422e-01;4.7500000e+01;3.4572266e-02;4.7500000e+01;4.7692560e-02;4.7500000e+01;6.2618457e-02;4.7500000e+01;7.9806156e-02;4.7500000e+01;9.8251253e-02;4.7500000e+01;1.1751178e-01;4.7500000e+01;1.3929883e-01;4.7500000e+01;1.6277003e-01;4.7500000e+01;1.8941620e-01;4.7500000e+01;2.1935266e-01;4.7500000e+01;2.4672019e-01;4.7500000e+01;2.7170509e-01;4.7500000e+01;2.8198898e-01;4.7500000e+01;2.8168947e-01;4.7500000e+01;2.7423769e-01;4.7500000e+01;2.6094526e-01;4.7500000e+01;2.4149311e-01;4.7500000e+01;2.1714422e-01;4.7500000e+01;3.4572266e-02;4.7500000e+01;4.7692560e-02;4.7500000e+01;6.2618457e-02;4.7500000e+01;7.9806156e-02;4.7500000e+01;9.8251253e-02;4.7500000e+01;1.1751178e-01;4.7500000e+01;1.3929883e-01;4.7500000e+01;1.6277003e-01;4.7500000e+01;1.8941620e-01;4.7500000e+01;2.1935266e-01;4.7500000e+01;2.4672019e-01;4.7500000e+01;2.7170509e-01;4.7500000e+01;2.8198898e-01;4.7500000e+01;2.8168947e-01;4.7500000e+01;2.7423769e-01;4.7500000e+01;2.6094526e-01;4.7500000e+01;2.4149311e-01;4.7500000e+01;2.1714422e-01;4.7500000e+01;3.4572266e-02;4.7500000e+01;4.7692560e-02;4.7500000e+01;6.2618457e-02;4.7500000e+01;7.9806156e-02;4.7500000e+01;9.8251253e-02;4.7500000e+01;1.1751178e-01;4.7500000e+01;1.3929883e-01;4.7500000e+01;1.6277003e-01;4.7500000e+01;1.8941620e-01;4.7500000e+01;2.1935266e-01;4.7500000e+01;2.4672019e-01;4.7500000e+01;2.7170509e-01;4.7500000e+01;2.8198898e-01;4.7500000e+01;2.8168947e-01;4.7500000e+01;2.7423769e-01;4.7500000e+01;2.6094526e-01;4.7500000e+01;2.4149311e-01;4.7500000e+01;2.1714422e-01;4.7500000e+01;3.4572266e-02;4.7500000e+01;4.7692560e-02;4.7500000e+01;6.2618457e-02;4.7500000e+01;7.9806156e-02;4.7500000e+01;9.8251253e-02;4.7500000e+01;1.1751178e-01;4.7500000e+01;1.3929883e-01;4.7500000e+01;1.6277003e-01;4.7500000e+01;1.8941620e-01;4.7500000e+01;2.1935266e-01;4.7500000e+01;2.4672019e-01;4.7500000e+01;2.7170509e-01;4.7500000e+01;2.8198898e-01;4.7500000e+01;2.8168947e-01;4.7500000e+01;2.7423769e-01;4.7500000e+01;2.6094526e-01;4.7500000e+01;2.4149311e-01;4.7500000e+01;2.1714422e-01;4.7500000e+01;3.4572266e-02;4.7500000e+01;4.7692560e-02;4.7500000e+01;6.2618457e-02;4.7500000e+01;7.9806156e-02;4.7500000e+01;9.8251253e-02;4.7500000e+01;1.1751178e-01;4.7500000e+01;1.3929883e-01;4.7500000e+01;1.6277003e-01;4.7500000e+01;1.8941620e-01;4.7500000e+01;2.1935266e-01;4.7500000e+01;2.4672019e-01;4.7500000e+01;2.7170509e-01;4.7500000e+01;2.8198898e-01;4.7500000e+01;2.8168947e-01;4.7500000e+01;2.7423769e-01;4.7500000e+01;2.6094526e-01;4.7500000e+01;2.4149311e-01;4.7500000e+01;2.1714422e-01;4.7500000e+01;3.4572266e-02;4.7500000e+01;4.7692560e-02;4.7500000e+01;6.2618457e-02;4.7500000e+01;7.9806156e-02;4.7500000e+01;9.8251253e-02;4.7500000e+01;1.1751178e-01;4.7500000e+01;1.3929883e-01;4.7500000e+01;1.6277003e-01;4.7500000e+01;1.8941620e-01;4.7500000e+01;2.1935266e-01;4.7500000e+01;2.4672019e-01;4.7500000e+01;2.7170509e-01;4.7500000e+01;2.8198898e-01;4.7500000e+01;2.8168947e-01;4.7500000e+01;2.7423769e-01;4.7500000e+01;2.6094526e-01;4.7500000e+01;2.4149311e-01;4.7500000e+01;2.1714422e-01;4.7500000e+01;3.4572266e-02;4.7500000e+01;4.7692560e-02;4.7500000e+01;6.2618457e-02;4.7500000e+01;7.9806156e-02;4.7500000e+01;9.8251253e-02;4.7500000e+01;1.1751178e-01;4.7500000e+01;1.3929883e-01;4.7500000e+01;1.6277003e-01;4.7500000e+01;1.8941620e-01;4.7500000e+01;2.1935266e-01;4.7500000e+01;2.4672019e-01;4.7500000e+01;2.7170509e-01;4.7500000e+01;2.8198898e-01;4.7500000e+01;2.8168947e-01;4.7500000e+01;2.7423769e-01;4.7500000e+01;2.6094526e-01;4.7500000e+01;2.4149311e-01;4.7500000e+01;2.1714422e-01;4.7500000e+01;3.4572266e-02;4.7500000e+01;4.7692560e-02;4.7500000e+01;6.2618457e-02;4.7500000e+01;7.9806156e-02;4.7500000e+01;9.8251253e-02;4.7500000e+01;1.1751178e-01;4.7500000e+01;1.3929883e-01;4.7500000e+01;1.6277003e-01;4.7500000e+01;1.8941620e-01;4.7500000e+01;2.1935266e-01;4.7500000e+01;2.4672019e-01;4.7500000e+01;2.7170509e-01;4.7500000e+01;2.8198898e-01;4.7500000e+01;2.8168947e-01;4.7500000e+01;2.7423769e-01;4.7500000e+01;2.6094526e-01;4.7500000e+01;2.4149311e-01;4.7500000e+01;2.1714422e-01;4.7500000e+01;3.4572266e-02;4.7500000e+01;4.7692560e-02;4.7500000e+01;6.2618457e-02;4.7500000e+01;7.9806156e-02;4.7500000e+01;9.8251253e-02;4.7500000e+01;1.1751178e-01;4.7500000e+01;1.3929883e-01;4.7500000e+01;1.6277003e-01;4.7500000e+01;1.8941620e-01;4.7500000e+01;2.1935266e-01;4.7500000e+01;2.4672019e-01;4.7500000e+01;2.7170509e-01;4.7500000e+01;2.8198898e-01;4.7500000e+01;2.8168947e-01;4.7500000e+01;2.7423769e-01;4.7500000e+01;2.6094526e-01;4.7500000e+01;2.4149311e-01;4.7500000e+01;2.1714422e-01;4.7500000e+01;3.4572266e-02;4.7500000e+01;4.7692560e-02;4.7500000e+01;6.2618457e-02;4.7500000e+01;7.9806156e-02;4.7500000e+01;9.8251253e-02;4.7500000e+01;1.1751178e-01;4.7500000e+01;1.3929883e-01;4.7500000e+01;1.6277003e-01;4.7500000e+01;1.8941620e-01;4.7500000e+01;2.1935266e-01;4.7500000e+01;2.4672019e-01;4.7500000e+01;2.7170509e-01;4.7500000e+01;2.8198898e-01;4.7500000e+01;2.8168947e-01;4.7500000e+01;2.7423769e-01;4.7500000e+01;2.6094526e-01;4.7500000e+01;2.4149311e-01;4.7500000e+01;2.1714422e-01;4.7500000e+01;3.4572266e-02;4.7500000e+01;4.7692560e-02;4.7500000e+01;6.2618457e-02;4.7500000e+01;7.9806156e-02;4.7500000e+01;9.8251253e-02;4.7500000e+01;1.1751178e-01;4.7500000e+01;1.3929883e-01;4.7500000e+01;1.6277003e-01;4.7500000e+01;1.8941620e-01;4.7500000e+01;2.1935266e-01;4.7500000e+01;2.4672019e-01;4.7500000e+01;2.7170509e-01;4.7500000e+01;2.8198898e-01;4.7500000e+01;2.8168947e-01;4.7500000e+01;2.7423769e-01;4.7500000e+01;2.6094526e-01;4.7500000e+01;2.4149311e-01;4.7500000e+01;2.1714422e-01;4.7500000e+01;3.4572266e-02;4.7500000e+01;4.7692560e-02;4.7500000e+01;6.2618457e-02;4.7500000e+01;7.9806156e-02;4.7500000e+01;9.8251253e-02;4.7500000e+01;1.1751178e-01;4.7500000e+01;1.3929883e-01;4.7500000e+01;1.6277003e-01;4.7500000e+01;1.8941620e-01;4.7500000e+01;2.1935266e-01;4.7500000e+01;2.4672019e-01;4.7500000e+01;2.7170509e-01;4.7500000e+01;2.8198898e-01;4.7500000e+01;2.8168947e-01;4.7500000e+01;2.7423769e-01;4.7500000e+01;2.6094526e-01;4.7500000e+01;2.4149311e-01;4.7500000e+01;2.1714422e-01;4.7500000e+01;3.4572266e-02;4.7500000e+01;4.7692560e-02;4.7500000e+01;6.2618457e-02;4.7500000e+01;7.9806156e-02;4.7500000e+01;9.8251253e-02;4.7500000e+01;1.1751178e-01;4.7500000e+01;1.3929883e-01;4.7500000e+01;1.6277003e-01;4.7500000e+01;1.8941620e-01;4.7500000e+01;2.1935266e-01;4.7500000e+01;2.4672019e-01;4.7500000e+01;2.7170509e-01;4.7500000e+01;2.8198898e-01;4.7500000e+01;2.8168947e-01;4.7500000e+01;2.7423769e-01;4.7500000e+01;2.6094526e-01;4.7500000e+01;2.4149311e-01;4.7500000e+01;2.1714422e-01;4.7500000e+01;3.4572266e-02;4.7500000e+01;4.7692560e-02;4.7500000e+01;6.2618457e-02;4.7500000e+01;7.9806156e-02;4.7500000e+01;9.8251253e-02;4.7500000e+01;1.1751178e-01;4.7500000e+01;1.3929883e-01;4.7500000e+01;1.6277003e-01;4.7500000e+01;1.8941620e-01;4.7500000e+01;2.1935266e-01;4.7500000e+01;2.4672019e-01;4.7500000e+01;2.7170509e-01;4.7500000e+01;2.8198898e-01;4.7500000e+01;2.8168947e-01;4.7500000e+01;2.7423769e-01;4.7500000e+01;2.6094526e-01;4.7500000e+01;2.4149311e-01;4.7500000e+01;2.1714422e-01;4.7500000e+01;3.4572266e-02;4.7500000e+01;4.7692560e-02;4.7500000e+01;6.2618457e-02;4.7500000e+01;7.9806156e-02;4.7500000e+01;9.8251253e-02;4.7500000e+01;1.1751178e-01;4.7500000e+01;1.3929883e-01;4.7500000e+01;1.6277003e-01;4.7500000e+01;1.8941620e-01;4.7500000e+01;2.1935266e-01;4.7500000e+01;2.4672019e-01;4.7500000e+01;2.7170509e-01;4.7500000e+01;2.8198898e-01;4.7500000e+01;2.8168947e-01;4.7500000e+01;2.7423769e-01;4.7500000e+01;2.6094526e-01;4.7500000e+01;2.4149311e-01;4.7500000e+01;2.1714422e-01;4.7500000e+01;3.4572266e-02;4.7500000e+01;4.7692560e-02;4.7500000e+01;6.2618457e-02;4.7500000e+01;7.9806156e-02;4.7500000e+01;9.8251253e-02;4.7500000e+01;1.1751178e-01;4.7500000e+01;1.3929883e-01;4.7500000e+01;1.6277003e-01;4.7500000e+01;1.8941620e-01;4.7500000e+01;2.1935266e-01;4.7500000e+01;2.4672019e-01;4.7500000e+01;2.7170509e-01;4.7500000e+01;2.8198898e-01;4.7500000e+01;2.8168947e-01;4.7500000e+01;2.7423769e-01;4.7500000e+01;2.6094526e-01;4.7500000e+01;2.4149311e-01;4.7500000e+01;2.1714422e-01;4.7500000e+01;3.4572266e-02;4.7500000e+01;4.7692560e-02;4.7500000e+01;6.2618457e-02;4.7500000e+01;7.9806156e-02;4.7500000e+01;9.8251253e-02;4.7500000e+01;1.1751178e-01;4.7500000e+01;1.3929883e-01;4.7500000e+01;1.6277003e-01;4.7500000e+01;1.8941620e-01;4.7500000e+01;2.1935266e-01;4.7500000e+01;2.4672019e-01;4.7500000e+01;2.7170509e-01;4.7500000e+01;2.8198898e-01;4.7500000e+01;2.8168947e-01;4.7500000e+01;2.7423769e-01;4.7500000e+01;2.6094526e-01;4.7500000e+01;2.4149311e-01;4.7500000e+01;2.1714422e-01;4.7500000e+01;3.4572266e-02;4.7500000e+01;4.7692560e-02;4.7500000e+01;6.2618457e-02;4.7500000e+01;7.9806156e-02;4.7500000e+01;9.8251253e-02;4.7500000e+01;1.1751178e-01;4.7500000e+01;1.3929883e-01;4.7500000e+01;1.6277003e-01;4.7500000e+01;1.8941620e-01;4.7500000e+01;2.1935266e-01;4.7500000e+01;2.4672019e-01;4.7500000e+01;2.7170509e-01;4.7500000e+01;2.8198898e-01;4.7500000e+01;2.8168947e-01;4.7500000e+01;2.7423769e-01;4.7500000e+01;2.6094526e-01;4.7500000e+01;2.4149311e-01;4.7500000e+01;2.1714422e-01;4.7500000e+01;3.4572266e-02;4.7500000e+01;4.7692560e-02;4.7500000e+01;6.2618457e-02;4.7500000e+01;7.9806156e-02;4.7500000e+01;9.8251253e-02;4.7500000e+01;1.1751178e-01;4.7500000e+01;1.3929883e-01;4.7500000e+01;1.6277003e-01;4.7500000e+01;1.8941620e-01;4.7500000e+01;2.1935266e-01;4.7500000e+01;2.4672019e-01;4.7500000e+01;2.7170509e-01;4.7500000e+01;2.8198898e-01;4.7500000e+01;2.8168947e-01;4.7500000e+01;2.7423769e-01;4.7500000e+01;2.6094526e-01;4.7500000e+01;2.4149311e-01;4.7500000e+01;2.1714422e-01;4.7500000e+01;3.4572266e-02;4.7500000e+01;4.7692560e-02;4.7500000e+01;6.2618457e-02;4.7500000e+01;7.9806156e-02;4.7500000e+01;9.8251253e-02;4.7500000e+01;1.1751178e-01;4.7500000e+01;1.3929883e-01;4.7500000e+01;1.6277003e-01;4.7500000e+01;1.8941620e-01;4.7500000e+01;2.1935266e-01;4.7500000e+01;2.4672019e-01;4.7500000e+01;2.7170509e-01;4.7500000e+01;2.8198898e-01;4.7500000e+01;2.8168947e-01;4.7500000e+01;2.7423769e-01;4.7500000e+01;2.6094526e-01;4.7500000e+01;2.4149311e-01;4.7500000e+01;2.1714422e-01;4.7500000e+01;3.4572266e-02;4.7500000e+01;4.7692560e-02;4.7500000e+01;6.2618457e-02;4.7500000e+01;7.9806156e-02;4.7500000e+01;9.8251253e-02;4.7500000e+01;1.1751178e-01;4.7500000e+01;1.3929883e-01;4.7500000e+01;1.6277003e-01;4.7500000e+01;1.8941620e-01;4.7500000e+01;2.1935266e-01;4.7500000e+01;2.4672019e-01;4.7500000e+01;2.7170509e-01;4.7500000e+01;2.8198898e-01;4.7500000e+01;2.8168947e-01;4.7500000e+01;2.7423769e-01;4.7500000e+01;2.6094526e-01;4.7500000e+01;2.4149311e-01;4.7500000e+01;2.1714422e-01;4.7500000e+01;3.4572266e-02;4.7500000e+01;4.7692560e-02;4.7500000e+01;6.2618457e-02;4.7500000e+01;7.9806156e-02;4.7500000e+01;9.8251253e-02;4.7500000e+01;1.1751178e-01;4.7500000e+01;1.3929883e-01;4.7500000e+01;1.6277003e-01;4.7500000e+01;1.8941620e-01;4.7500000e+01;2.1935266e-01;4.7500000e+01;2.4672019e-01;4.7500000e+01;2.7170509e-01;4.7500000e+01;2.8198898e-01;4.7500000e+01;2.8168947e-01;4.7500000e+01;2.7423769e-01;4.7500000e+01;2.6094526e-01;4.7500000e+01;2.4149311e-01;4.7500000e+01;2.1714422e-01;4.7500000e+01;3.4572266e-02;4.7500000e+01;4.7692560e-02;4.7500000e+01;6.2618457e-02;4.7500000e+01;7.9806156e-02;4.7500000e+01;9.8251253e-02;4.7500000e+01;1.1751178e-01;4.7500000e+01;1.3929883e-01;4.7500000e+01;1.6277003e-01;4.7500000e+01;1.8941620e-01;4.7500000e+01;2.1935266e-01;4.7500000e+01;2.4672019e-01;4.7500000e+01;2.7170509e-01;4.7500000e+01;2.8198898e-01;4.7500000e+01;2.8168947e-01;4.7500000e+01;2.7423769e-01;4.7500000e+01;2.6094526e-01;4.7500000e+01;2.4149311e-01;4.7500000e+01;2.1714422e-01;4.7500000e+01;3.4572266e-02;4.7500000e+01;4.7692560e-02;4.7500000e+01;6.2618457e-02;4.7500000e+01;7.9806156e-02;4.7500000e+01;9.8251253e-02;4.7500000e+01;1.1751178e-01;4.7500000e+01;1.3929883e-01;4.7500000e+01;1.6277003e-01;4.7500000e+01;1.8941620e-01;4.7500000e+01;2.1935266e-01;4.7500000e+01;2.4672019e-01;4.7500000e+01;2.7170509e-01;4.7500000e+01;2.8198898e-01;4.7500000e+01;2.8168947e-01;4.7500000e+01;2.7423769e-01;4.7500000e+01;2.6094526e-01;4.7500000e+01;2.4149311e-01;4.7500000e+01;2.1714422e-01;4.7500000e+01;3.4572266e-02;4.7500000e+01;4.7692560e-02;4.7500000e+01;6.2618457e-02;4.7500000e+01;7.9806156e-02;4.7500000e+01;9.8251253e-02;4.7500000e+01;1.1751178e-01;4.7500000e+01;1.3929883e-01;4.7500000e+01;1.6277003e-01;4.7500000e+01;1.8941620e-01;4.7500000e+01;2.1935266e-01;4.7500000e+01;2.4672019e-01;4.7500000e+01;2.7170509e-01;4.7500000e+01;2.8198898e-01;4.7500000e+01;2.8168947e-01;4.7500000e+01;2.7423769e-01;4.7500000e+01;2.6094526e-01;4.7500000e+01;2.4149311e-01;4.7500000e+01;2.1714422e-01;4.7500000e+01;3.4572266e-02;4.7500000e+01;4.7692560e-02;4.7500000e+01;6.2618457e-02;4.7500000e+01;7.9806156e-02;4.7500000e+01;9.8251253e-02;4.7500000e+01;1.1751178e-01;4.7500000e+01;1.3929883e-01;4.7500000e+01;1.6277003e-01;4.7500000e+01;1.8941620e-01;4.7500000e+01;2.1935266e-01;4.7500000e+01;2.4672019e-01;4.7500000e+01;2.7170509e-01;4.7500000e+01;2.8198898e-01;4.7500000e+01;2.8168947e-01;4.7500000e+01;2.7423769e-01;4.7500000e+01;2.6094526e-01;4.7500000e+01;2.4149311e-01;4.7500000e+01;2.1714422e-01;4.7500000e+01;3.4572266e-02;4.7500000e+01;4.7692560e-02;4.7500000e+01;6.2618457e-02;4.7500000e+01;7.9806156e-02;4.7500000e+01;9.8251253e-02;4.7500000e+01;1.1751178e-01;4.7500000e+01;1.3929883e-01;4.7500000e+01;1.6277003e-01;4.7500000e+01;1.8941620e-01;4.7500000e+01;2.1935266e-01;4.7500000e+01;2.4672019e-01;4.7500000e+01;2.7170509e-01;4.7500000e+01;2.8198898e-01;4.7500000e+01;2.8168947e-01;4.7500000e+01;2.7423769e-01;4.7500000e+01;2.6094526e-01;4.7500000e+01;2.4149311e-01;4.7500000e+01;2.1714422e-01;4.7500000e+01;3.4572266e-02;4.7500000e+01;4.7692560e-02;4.7500000e+01;6.2618457e-02;4.7500000e+01;7.9806156e-02;4.7500000e+01;9.8251253e-02;4.7500000e+01;1.1751178e-01;4.7500000e+01;1.3929883e-01;4.7500000e+01;1.6277003e-01;4.7500000e+01;1.8941620e-01;4.7500000e+01;2.1935266e-01;4.7500000e+01;2.4672019e-01;4.7500000e+01;2.7170509e-01;4.7500000e+01;2.8198898e-01;4.7500000e+01;2.8168947e-01;4.7500000e+01;2.7423769e-01;4.7500000e+01;2.6094526e-01;4.7500000e+01;2.4149311e-01;4.7500000e+01;2.1714422e-01;4.7500000e+01;3.4572266e-02;4.7500000e+01;4.7692560e-02;4.7500000e+01;6.2618457e-02;4.7500000e+01;7.9806156e-02;4.7500000e+01;9.8251253e-02;4.7500000e+01;1.1751178e-01;4.7500000e+01;1.3929883e-01;4.7500000e+01;1.6277003e-01;4.7500000e+01;1.8941620e-01;4.7500000e+01;2.1935266e-01;4.7500000e+01;2.4672019e-01;4.7500000e+01;2.7170509e-01;4.7500000e+01;2.8198898e-01;4.7500000e+01;2.8168947e-01;4.7500000e+01;2.7423769e-01;4.7500000e+01;2.6094526e-01;4.7500000e+01;2.4149311e-01;4.7500000e+01;2.1714422e-01;4.7500000e+01;3.4572266e-02;4.7500000e+01;4.7692560e-02;4.7500000e+01;6.2618457e-02;4.7500000e+01;7.9806156e-02;4.7500000e+01;9.8251253e-02;4.7500000e+01;1.1751178e-01;4.7500000e+01;1.3929883e-01;4.7500000e+01;1.6277003e-01;4.7500000e+01;1.8941620e-01;4.7500000e+01;2.1935266e-01;4.7500000e+01;2.4672019e-01;4.7500000e+01;2.7170509e-01;4.7500000e+01;2.8198898e-01;4.7500000e+01;2.8168947e-01;4.7500000e+01;2.7423769e-01;4.7500000e+01;2.6094526e-01;4.7500000e+01;2.4149311e-01;4.7500000e+01;2.1714422e-01;4.7500000e+01;3.4572266e-02;4.7500000e+01;4.7692560e-02;4.7500000e+01;6.2618457e-02;4.7500000e+01;7.9806156e-02;4.7500000e+01;9.8251253e-02;4.7500000e+01;1.1751178e-01;4.7500000e+01;1.3929883e-01;4.7500000e+01;1.6277003e-01;4.7500000e+01;1.8941620e-01;4.7500000e+01;2.1935266e-01;4.7500000e+01;2.4672019e-01;4.7500000e+01;2.7170509e-01;4.7500000e+01;2.8198898e-01;4.7500000e+01;2.8168947e-01;4.7500000e+01;2.7423769e-01;4.7500000e+01;2.6094526e-01;4.7500000e+01;2.4149311e-01;4.7500000e+01;2.1714422e-01;4.7500000e+01;3.4572266e-02;4.7500000e+01;4.7692560e-02;4.7500000e+01;6.2618457e-02;4.7500000e+01;7.9806156e-02;4.7500000e+01;9.8251253e-02;4.7500000e+01;1.1751178e-01;4.7500000e+01;1.3929883e-01;4.7500000e+01;1.6277003e-01;4.7500000e+01;1.8941620e-01;4.7500000e+01;2.1935266e-01;4.7500000e+01;2.4672019e-01;4.7500000e+01;2.7170509e-01;4.7500000e+01;2.8198898e-01;4.7500000e+01;2.8168947e-01;4.7500000e+01;2.7423769e-01;4.7500000e+01;2.6094526e-01;4.7500000e+01;2.4149311e-01;4.7500000e+01;2.1714422e-01;4.7500000e+01;3.4572266e-02;4.7500000e+01;4.7692560e-02;4.7500000e+01;6.2618457e-02;4.7500000e+01;7.9806156e-02;4.7500000e+01;9.8251253e-02;4.7500000e+01;1.1751178e-01;4.7500000e+01;1.3929883e-01;4.7500000e+01;1.6277003e-01;4.7500000e+01;1.8941620e-01;4.7500000e+01;2.1935266e-01;4.7500000e+01;2.4672019e-01;4.7500000e+01;2.7170509e-01;4.7500000e+01;2.8198898e-01;4.7500000e+01;2.8168947e-01;4.7500000e+01;2.7423769e-01;4.7500000e+01;2.6094526e-01;4.7500000e+01;2.4149311e-01;4.7500000e+01;2.1714422e-01;4.7500000e+01;3.4572266e-02;4.7500000e+01;4.7692560e-02;4.7500000e+01;6.2618457e-02;4.7500000e+01;7.9806156e-02;4.7500000e+01;9.8251253e-02;4.7500000e+01;1.1751178e-01;4.7500000e+01;1.3929883e-01;4.7500000e+01;1.6277003e-01;4.7500000e+01;1.8941620e-01;4.7500000e+01;2.1935266e-01;4.7500000e+01;2.4672019e-01;4.7500000e+01;2.7170509e-01;4.7500000e+01;2.8198898e-01;4.7500000e+01;2.8168947e-01;4.7500000e+01;2.7423769e-01;4.7500000e+01;2.6094526e-01;4.7500000e+01;2.4149311e-01;4.7500000e+01;2.1714422e-01;4.7500000e+01;3.4572266e-02;4.7500000e+01;4.7692560e-02;4.7500000e+01;6.2618457e-02;4.7500000e+01;7.9806156e-02;4.7500000e+01;9.8251253e-02;4.7500000e+01;1.1751178e-01;4.7500000e+01;1.3929883e-01;4.7500000e+01;1.6277003e-01;4.7500000e+01;1.8941620e-01;4.7500000e+01;2.1935266e-01;4.7500000e+01;2.4672019e-01;4.7500000e+01;2.7170509e-01;4.7500000e+01;2.8198898e-01;4.7500000e+01;2.8168947e-01;4.7500000e+01;2.7423769e-01;4.7500000e+01;2.6094526e-01;4.7500000e+01;2.4149311e-01;4.7500000e+01;2.1714422e-01;4.7500000e+01;3.4572266e-02;4.7500000e+01;4.7692560e-02;4.7500000e+01;6.2618457e-02;4.7500000e+01;7.9806156e-02;4.7500000e+01;9.8251253e-02;4.7500000e+01;1.1751178e-01;4.7500000e+01;1.3929883e-01;4.7500000e+01;1.6277003e-01;4.7500000e+01;1.8941620e-01;4.7500000e+01;2.1935266e-01;4.7500000e+01;2.4672019e-01;4.7500000e+01;2.7170509e-01;4.7500000e+01;2.8198898e-01;4.7500000e+01;2.8168947e-01;4.7500000e+01;2.7423769e-01;4.7500000e+01;2.6094526e-01;4.7500000e+01;2.4149311e-01;4.7500000e+01;2.1714422e-01;4.7500000e+01;3.4572266e-02;4.7500000e+01;4.7692560e-02;4.7500000e+01;6.2618457e-02;4.7500000e+01;7.9806156e-02;4.7500000e+01;9.8251253e-02;4.7500000e+01;1.1751178e-01;4.7500000e+01;1.3929883e-01;4.7500000e+01;1.6277003e-01;4.7500000e+01;1.8941620e-01;4.7500000e+01;2.1935266e-01;4.7500000e+01;2.4672019e-01;4.7500000e+01;2.7170509e-01;4.7500000e+01;2.8198898e-01;4.7500000e+01;2.8168947e-01;4.7500000e+01;2.7423769e-01;4.7500000e+01;2.6094526e-01;4.7500000e+01;2.4149311e-01;4.7500000e+01;2.1714422e-01;4.7500000e+01;3.4572266e-02;4.7500000e+01;4.7692560e-02;4.7500000e+01;6.2618457e-02;4.7500000e+01;7.9806156e-02;4.7500000e+01;9.8251253e-02;4.7500000e+01;1.1751178e-01;4.7500000e+01;1.3929883e-01;4.7500000e+01;1.6277003e-01;4.7500000e+01;1.8941620e-01;4.7500000e+01;2.1935266e-01;4.7500000e+01;2.4672019e-01;4.7500000e+01;2.7170509e-01;4.7500000e+01;2.8198898e-01;4.7500000e+01;2.8168947e-01;4.7500000e+01;2.7423769e-01;4.7500000e+01;2.6094526e-01;4.7500000e+01;2.4149311e-01;4.7500000e+01;2.1714422e-01;4.7500000e+01;3.4572266e-02;4.7500000e+01;4.7692560e-02;4.7500000e+01;6.2618457e-02;4.7500000e+01;7.9806156e-02;4.7500000e+01;9.8251253e-02;4.7500000e+01;1.1751178e-01;4.7500000e+01;1.3929883e-01;4.7500000e+01;1.6277003e-01;4.7500000e+01;1.8941620e-01;4.7500000e+01;2.1935266e-01;4.7500000e+01;2.4672019e-01;4.7500000e+01;2.7170509e-01;4.7500000e+01;2.8198898e-01;4.7500000e+01;2.8168947e-01;4.7500000e+01;2.7423769e-01;4.7500000e+01;2.6094526e-01;4.7500000e+01;2.4149311e-01;4.7500000e+01;2.1714422e-01;4.7500000e+01;3.4572266e-02;4.7500000e+01;4.7692560e-02;4.7500000e+01;6.2618457e-02;4.7500000e+01;7.9806156e-02;4.7500000e+01;9.8251253e-02;4.7500000e+01;1.1751178e-01;4.7500000e+01;1.3929883e-01;4.7500000e+01;1.6277003e-01;4.7500000e+01;1.8941620e-01;4.7500000e+01;2.1935266e-01;4.7500000e+01;2.4672019e-01;4.7500000e+01;2.7170509e-01;4.7500000e+01;2.8198898e-01;4.7500000e+01;2.8168947e-01;4.7500000e+01;2.7423769e-01;4.7500000e+01;2.6094526e-01;4.7500000e+01;2.4149311e-01;4.7500000e+01;2.1714422e-01;4.7500000e+01;3.4572266e-02;4.7500000e+01;4.7692560e-02;4.7500000e+01;6.2618457e-02;4.7500000e+01;7.9806156e-02;4.7500000e+01;9.8251253e-02;4.7500000e+01;1.1751178e-01;4.7500000e+01;1.3929883e-01;4.7500000e+01;1.6277003e-01;4.7500000e+01;1.8941620e-01;4.7500000e+01;2.1935266e-01;4.7500000e+01;2.4672019e-01;4.7500000e+01;2.7170509e-01;4.7500000e+01;2.8198898e-01;4.7500000e+01;2.8168947e-01;4.7500000e+01;2.7423769e-01;4.7500000e+01;2.6094526e-01;4.7500000e+01;2.4149311e-01;4.7500000e+01;2.1714422e-01;4.7500000e+01;3.4572266e-02;4.7500000e+01;4.7692560e-02;4.7500000e+01;6.2618457e-02;4.7500000e+01;7.9806156e-02;4.7500000e+01;9.8251253e-02;4.7500000e+01;1.1751178e-01;4.7500000e+01;1.3929883e-01;4.7500000e+01;1.6277003e-01;4.7500000e+01;1.8941620e-01;4.7500000e+01;2.1935266e-01;4.7500000e+01;2.4672019e-01;4.7500000e+01;2.7170509e-01;4.7500000e+01;2.8198898e-01;4.7500000e+01;2.8168947e-01;4.7500000e+01;2.7423769e-01;4.7500000e+01;2.6094526e-01;4.7500000e+01;2.4149311e-01;4.7500000e+01;2.1714422e-01
5.2500000e+01;3.6332019e-02;5.2500000e+01;4.9471598e-02;5.2500000e+01;6.5732449e-02;5.2500000e+01;8.3680347e-02;5.2500000e+01;1.0381012e-01;5.2500000e+01;1.2332842e-01;5.2500000e+01;1.4440639e-01;5.2500000e+01;1.6758429e-01;5.2500000e+01;1.9486773e-01;5.2500000e+01;2.2408225e-01;5.2500000e+01;2.5419745e-01;5.2500000e+01;2.7766404e-01;5.2500000e+01;2.8698003e-01;5.2500000e+01;2.8664356e-01;5.2500000e+01;2.7945751e-01;5.2500000e+01;2.6632300e-01;5.2500000e+01;2.4715781e-01;5.2500000e+01;2.2321534e-01;5.2500000e+01;3.6332019e-02;5.2500000e+01;4.9471598e-02;5.2500000e+01;6.5732449e-02;5.2500000e+01;8.3680347e-02;5.2500000e+01;1.0381012e-01;5.2500000e+01;1.2332842e-01;5.2500000e+01;1.4440639e-01;5.2500000e+01;1.6758429e-01;5.2500000e+01;1.9486773e-01;5.2500000e+01;2.2408225e-01;5.2500000e+01;2.5419745e-01;5.2500000e+01;2.7766404e-01;5.2500000e+01;2.8698003e-01;5.2500000e+01;2.8664356e-01;5.2500000e+01;2.7945751e-01;5.2500000e+01;2.6632300e-01;5.2500000e+01;2.4715781e-01;5.2500000e+01;2.2321534e-01;5.2500000e+01;3.6332019e-02;5.2500000e+01;4.9471598e-02;5.2500000e+01;6.5732449e-02;5.2500000e+01;8.3680347e-02;5.2500000e+01;1.0381012e-01;5.2500000e+01;1.2332842e-01;5.2500000e+01;1.4440639e-01;5.2500000e+01;1.6758429e-01;5.2500000e+01;1.9486773e-01;5.2500000e+01;2.2408225e-01;5.2500000e+01;2.5419745e-01;5.2500000e+01;2.7766404e-01;5.2500000e+01;2.8698003e-01;5.2500000e+01;2.8664356e-01;5.2500000e+01;2.7945751e-01;5.2500000e+01;2.6632300e-01;5.2500000e+01;2.4715781e-01;5.2500000e+01;2.2321534e-01;5.2500000e+01;3.6332019e-02;5.2500000e+01;4.9471598e-02;5.2500000e+01;6.5732449e-02;5.2500000e+01;8.3680347e-02;5.2500000e+01;1.0381012e-01;5.2500000e+01;1.2332842e-01;5.2500000e+01;1.4440639e-01;5.2500000e+01;1.6758429e-01;5.2500000e+01;1.9486773e-01;5.2500000e+01;2.2408225e-01;5.2500000e+01;2.5419745e-01;5.2500000e+01;2.7766404e-01;5.2500000e+01;2.8698003e-01;5.2500000e+01;2.8664356e-01;5.2500000e+01;2.7945751e-01;5.2500000e+01;2.6632300e-01;5.2500000e+01;2.4715781e-01;5.2500000e+01;2.2321534e-01;5.2500000e+01;3.6332019e-02;5.2500000e+01;4.9471598e-02;5.2500000e+01;6.5732449e-02;5.2500000e+01;8.3680347e-02;5.2500000e+01;1.0381012e-01;5.2500000e+01;1.2332842e-01;5.2500000e+01;1.4440639e-01;5.2500000e+01;1.6758429e-01;5.2500000e+01;1.9486773e-01;5.2500000e+01;2.2408225e-01;5.2500000e+01;2.5419745e-01;5.2500000e+01;2.7766404e-01;5.2500000e+01;2.8698003e-01;5.2500000e+01;2.8664356e-01;5.2500000e+01;2.7945751e-01;5.2500000e+01;2.6632300e-01;5.2500000e+01;2.4715781e-01;5.2500000e+01;2.2321534e-01;5.2500000e+01;3.6332019e-02;5.2500000e+01;4.9471598e-02;5.2500000e+01;6.5732449e-02;5.2500000e+01;8.3680347e-02;5.2500000e+01;1.0381012e-01;5.2500000e+01;1.2332842e-01;5.2500000e+01;1.4440639e-01;5.2500000e+01;1.6758429e-01;5.2500000e+01;1.9486773e-01;5.2500000e+01;2.2408225e-01;5.2500000e+01;2.5419745e-01;5.2500000e+01;2.7766404e-01;5.2500000e+01;2.8698003e-01;5.2500000e+01;2.8664356e-01;5.2500000e+01;2.7945751e-01;5.2500000e+01;2.6632300e-01;5.2500000e+01;2.4715781e-01;5.2500000e+01;2.2321534e-01;5.2500000e+01;3.6332019e-02;5.2500000e+01;4.9471598e-02;5.2500000e+01;6.5732449e-02;5.2500000e+01;8.3680347e-02;5.2500000e+01;1.0381012e-01;5.2500000e+01;1.2332842e-01;5.2500000e+01;1.4440639e-01;5.2500000e+01;1.6758429e-01;5.2500000e+01;1.9486773e-01;5.2500000e+01;2.2408225e-01;5.2500000e+01;2.5419745e-01;5.2500000e+01;2.7766404e-01;5.2500000e+01;2.8698003e-01;5.2500000e+01;2.8664356e-01;5.2500000e+01;2.7945751e-01;5.2500000e+01;2.6632300e-01;5.2500000e+01;2.4715781e-01;5.2500000e+01;2.2321534e-01;5.2500000e+01;3.6332019e-02;5.2500000e+01;4.9471598e-02;5.2500000e+01;6.5732449e-02;5.2500000e+01;8.3680347e-02;5.2500000e+01;1.0381012e-01;5.2500000e+01;1.2332842e-01;5.2500000e+01;1.4440639e-01;5.2500000e+01;1.6758429e-01;5.2500000e+01;1.9486773e-01;5.2500000e+01;2.2408225e-01;5.2500000e+01;2.5419745e-01;5.2500000e+01;2.7766404e-01;5.2500000e+01;2.8698003e-01;5.2500000e+01;2.8664356e-01;5.2500000e+01;2.7945751e-01;5.2500000e+01;2.6632300e-01;5.2500000e+01;2.4715781e-01;5.2500000e+01;2.2321534e-01;5.2500000e+01;3.6332019e-02;5.2500000e+01;4.9471598e-02;5.2500000e+01;6.5732449e-02;5.2500000e+01;8.3680347e-02;5.2500000e+01;1.0381012e-01;5.2500000e+01;1.2332842e-01;5.2500000e+01;1.4440639e-01;5.2500000e+01;1.6758429e-01;5.2500000e+01;1.9486773e-01;5.2500000e+01;2.2408225e-01;5.2500000e+01;2.5419745e-01;5.2500000e+01;2.7766404e-01;5.2500000e+01;2.8698003e-01;5.2500000e+01;2.8664356e-01;5.2500000e+01;2.7945751e-01;5.2500000e+01;2.6632300e-01;5.2500000e+01;2.4715781e-01;5.2500000e+01;2.2321534e-01;5.2500000e+01;3.6332019e-02;5.2500000e+01;4.9471598e-02;5.2500000e+01;6.5732449e-02;5.2500000e+01;8.3680347e-02;5.2500000e+01;1.0381012e-01;5.2500000e+01;1.2332842e-01;5.2500000e+01;1.4440639e-01;5.2500000e+01;1.6758429e-01;5.2500000e+01;1.9486773e-01;5.2500000e+01;2.2408225e-01;5.2500000e+01;2.5419745e-01;5.2500000e+01;2.7766404e-01;5.2500000e+01;2.8698003e-01;5.2500000e+01;2.8664356e-01;5.2500000e+01;2.7945751e-01;5.2500000e+01;2.6632300e-01;5.2500000e+01;2.4715781e-01;5.2500000e+01;2.2321534e-01;5.2500000e+01;3.6332019e-02;5.2500000e+01;4.9471598e-02;5.2500000e+01;6.5732449e-02;5.2500000e+01;8.3680347e-02;5.2500000e+01;1.0381012e-01;5.2500000e+01;1.2332842e-01;5.2500000e+01;1.4440639e-01;5.2500000e+01;1.6758429e-01;5.2500000e+01;1.9486773e-01;5.2500000e+01;2.2408225e-01;5.2500000e+01;2.5419745e-01;5.2500000e+01;2.7766404e-01;5.2500000e+01;2.8698003e-01;5.2500000e+01;2.8664356e-01;5.2500000e+01;2.7945751e-01;5.2500000e+01;2.6632300e-01;5.2500000e+01;2.4715781e-01;5.2500000e+01;2.2321534e-01;5.2500000e+01;3.6332019e-02;5.2500000e+01;4.9471598e-02;5.2500000e+01;6.5732449e-02;5.2500000e+01;8.3680347e-02;5.2500000e+01;1.0381012e-01;5.2500000e+01;1.2332842e-01;5.2500000e+01;1.4440639e-01;5.2500000e+01;1.6758429e-01;5.2500000e+01;1.9486773e-01;5.2500000e+01;2.2408225e-01;5.2500000e+01;2.5419745e-01;5.2500000e+01;2.7766404e-01;5.2500000e+01;2.8698003e-01;5.2500000e+01;2.8664356e-01;5.2500000e+01;2.7945751e-01;5.2500000e+01;2.6632300e-01;5.2500000e+01;2.4715781e-01;5.2500000e+01;2.2321534e-01;5.2500000e+01;3.6332019e-02;5.2500000e+01;4.9471598e-02;5.2500000e+01;6.5732449e-02;5.2500000e+01;8.3680347e-02;5.2500000e+01;1.0381012e-01;5.2500000e+01;1.2332842e-01;5.2500000e+01;1.4440639e-01;5.2500000e+01;1.6758429e-01;5.2500000e+01;1.9486773e-01;5.2500000e+01;2.2408225e-01;5.2500000e+01;2.5419745e-01;5.2500000e+01;2.7766404e-01;5.2500000e+01;2.8698003e-01;5.2500000e+01;2.8664356e-01;5.2500000e+01;2.7945751e-01;5.2500000e+01;2.6632300e-01;5.2500000e+01;2.4715781e-01;5.2500000e+01;2.2321534e-01;5.2500000e+01;3.6332019e-02;5.2500000e+01;4.9471598e-02;5.2500000e+01;6.5732449e-02;5.2500000e+01;8.3680347e-02;5.2500000e+01;1.0381012e-01;5.2500000e+01;1.2332842e-01;5.2500000e+01;1.4440639e-01;5.2500000e+01;1.6758429e-01;5.2500000e+01;1.9486773e-01;5.2500000e+01;2.2408225e-01;5.2500000e+01;2.5419745e-01;5.2500000e+01;2.7766404e-01;5.2500000e+01;2.8698003e-01;5.2500000e+01;2.8664356e-01;5.2500000e+01;2.7945751e-01;5.2500000e+01;2.6632300e-01;5.2500000e+01;2.4715781e-01;5.2500000e+01;2.2321534e-01;5.2500000e+01;3.6332019e-02;5.2500000e+01;4.9471598e-02;5.2500000e+01;6.5732449e-02;5.2500000e+01;8.3680347e-02;5.2500000e+01;1.0381012e-01;5.2500000e+01;1.2332842e-01;5.2500000e+01;1.4440639e-01;5.2500000e+01;1.6758429e-01;5.2500000e+01;1.9486773e-01;5.2500000e+01;2.2408225e-01;5.2500000e+01;2.5419745e-01;5.2500000e+01;2.7766404e-01;5.2500000e+01;2.8698003e-01;5.2500000e+01;2.8664356e-01;5.2500000e+01;2.7945751e-01;5.2500000e+01;2.6632300e-01;5.2500000e+01;2.4715781e-01;5.2500000e+01;2.2321534e-01;5.2500000e+01;3.6332019e-02;5.2500000e+01;4.9471598e-02;5.2500000e+01;6.5732449e-02;5.2500000e+01;8.3680347e-02;5.2500000e+01;1.0381012e-01;5.2500000e+01;1.2332842e-01;5.2500000e+01;1.4440639e-01;5.2500000e+01;1.6758429e-01;5.2500000e+01;1.9486773e-01;5.2500000e+01;2.2408225e-01;5.2500000e+01;2.5419745e-01;5.2500000e+01;2.7766404e-01;5.2500000e+01;2.8698003e-01;5.2500000e+01;2.8664356e-01;5.2500000e+01;2.7945751e-01;5.2500000e+01;2.6632300e-01;5.2500000e+01;2.4715781e-01;5.2500000e+01;2.2321534e-01;5.2500000e+01;3.6332019e-02;5.2500000e+01;4.9471598e-02;5.2500000e+01;6.5732449e-02;5.2500000e+01;8.3680347e-02;5.2500000e+01;1.0381012e-01;5.2500000e+01;1.2332842e-01;5.2500000e+01;1.4440639e-01;5.2500000e+01;1.6758429e-01;5.2500000e+01;1.9486773e-01;5.2500000e+01;2.2408225e-01;5.2500000e+01;2.5419745e-01;5.2500000e+01;2.7766404e-01;5.2500000e+01;2.8698003e-01;5.2500000e+01;2.8664356e-01;5.2500000e+01;2.7945751e-01;5.2500000e+01;2.6632300e-01;5.2500000e+01;2.4715781e-01;5.2500000e+01;2.2321534e-01;5.2500000e+01;3.6332019e-02;5.2500000e+01;4.9471598e-02;5.2500000e+01;6.5732449e-02;5.2500000e+01;8.3680347e-02;5.2500000e+01;1.0381012e-01;5.2500000e+01;1.2332842e-01;5.2500000e+01;1.4440639e-01;5.2500000e+01;1.6758429e-01;5.2500000e+01;1.9486773e-01;5.2500000e+01;2.2408225e-01;5.2500000e+01;2.5419745e-01;5.2500000e+01;2.7766404e-01;5.2500000e+01;2.8698003e-01;5.2500000e+01;2.8664356e-01;5.2500000e+01;2.7945751e-01;5.2500000e+01;2.6632300e-01;5.2500000e+01;2.4715781e-01;5.2500000e+01;2.2321534e-01;5.2500000e+01;3.6332019e-02;5.2500000e+01;4.9471598e-02;5.2500000e+01;6.5732449e-02;5.2500000e+01;8.3680347e-02;5.2500000e+01;1.0381012e-01;5.2500000e+01;1.2332842e-01;5.2500000e+01;1.4440639e-01;5.2500000e+01;1.6758429e-01;5.2500000e+01;1.9486773e-01;5.2500000e+01;2.2408225e-01;5.2500000e+01;2.5419745e-01;5.2500000e+01;2.7766404e-01;5.2500000e+01;2.8698003e-01;5.2500000e+01;2.8664356e-01;5.2500000e+01;2.7945751e-01;5.2500000e+01;2.6632300e-01;5.2500000e+01;2.4715781e-01;5.2500000e+01;2.2321534e-01;5.2500000e+01;3.6332019e-02;5.2500000e+01;4.9471598e-02;5.2500000e+01;6.5732449e-02;5.2500000e+01;8.3680347e-02;5.2500000e+01;1.0381012e-01;5.2500000e+01;1.2332842e-01;5.2500000e+01;1.4440639e-01;5.2500000e+01;1.6758429e-01;5.2500000e+01;1.9486773e-01;5.2500000e+01;2.2408225e-01;5.2500000e+01;2.5419745e-01;5.2500000e+01;2.7766404e-01;5.2500000e+01;2.8698003e-01;5.2500000e+01;2.8664356e-01;5.2500000e+01;2.7945751e-01;5.2500000e+01;2.6632300e-01;5.2500000e+01;2.4715781e-01;5.2500000e+01;2.2321534e-01;5.2500000e+01;3.6332019e-02;5.2500000e+01;4.9471598e-02;5.2500000e+01;6.5732449e-02;5.2500000e+01;8.3680347e-02;5.2500000e+01;1.0381012e-01;5.2500000e+01;1.2332842e-01;5.2500000e+01;1.4440639e-01;5.2500000e+01;1.6758429e-01;5.2500000e+01;1.9486773e-01;5.2500000e+01;2.2408225e-01;5.2500000e+01;2.5419745e-01;5.2500000e+01;2.7766404e-01;5.2500000e+01;2.8698003e-01;5.2500000e+01;2.8664356e-01;5.2500000e+01;2.7945751e-01;5.2500000e+01;2.6632300e-01;5.2500000e+01;2.4715781e-01;5.2500000e+01;2.2321534e-01;5.2500000e+01;3.6332019e-02;5.2500000e+01;4.9471598e-02;5.2500000e+01;6.5732449e-02;5.2500000e+01;8.3680347e-02;5.2500000e+01;1.0381012e-01;5.2500000e+01;1.2332842e-01;5.2500000e+01;1.4440639e-01;5.2500000e+01;1.6758429e-01;5.2500000e+01;1.9486773e-01;5.2500000e+01;2.2408225e-01;5.2500000e+01;2.5419745e-01;5.2500000e+01;2.7766404e-01;5.2500000e+01;2.8698003e-01;5.2500000e+01;2.8664356e-01;5.2500000e+01;2.7945751e-01;5.2500000e+01;2.6632300e-01;5.2500000e+01;2.4715781e-01;5.2500000e+01;2.2321534e-01;5.2500000e+01;3.6332019e-02;5.2500000e+01;4.9471598e-02;5.2500000e+01;6.5732449e-02;5.2500000e+01;8.3680347e-02;5.2500000e+01;1.0381012e-01;5.2500000e+01;1.2332842e-01;5.2500000e+01;1.4440639e-01;5.2500000e+01;1.6758429e-01;5.2500000e+01;1.9486773e-01;5.2500000e+01;2.2408225e-01;5.2500000e+01;2.5419745e-01;5.2500000e+01;2.7766404e-01;5.2500000e+01;2.8698003e-01;5.2500000e+01;2.8664356e-01;5.2500000e+01;2.7945751e-01;5.2500000e+01;2.6632300e-01;5.2500000e+01;2.4715781e-01;5.2500000e+01;2.2321534e-01;5.2500000e+01;3.6332019e-02;5.2500000e+01;4.9471598e-02;5.2500000e+01;6.5732449e-02;5.2500000e+01;8.3680347e-02;5.2500000e+01;1.0381012e-01;5.2500000e+01;1.2332842e-01;5.2500000e+01;1.4440639e-01;5.2500000e+01;1.6758429e-01;5.2500000e+01;1.9486773e-01;5.2500000e+01;2.2408225e-01;5.2500000e+01;2.5419745e-01;5.2500000e+01;2.7766404e-01;5.2500000e+01;2.8698003e-01;5.2500000e+01;2.8664356e-01;5.2500000e+01;2.7945751e-01;5.2500000e+01;2.6632300e-01;5.2500000e+01;2.4715781e-01;5.2500000e+01;2.2321534e-01;5.2500000e+01;3.6332019e-02;5.2500000e+01;4.9471598e-02;5.2500000e+01;6.5732449e-02;5.2500000e+01;8.3680347e-02;5.2500000e+01;1.0381012e-01;5.2500000e+01;1.2332842e-01;5.2500000e+01;1.4440639e-01;5.2500000e+01;1.6758429e-01;5.2500000e+01;1.9486773e-01;5.2500000e+01;2.2408225e-01;5.2500000e+01;2.5419745e-01;5.2500000e+01;2.7766404e-01;5.2500000e+01;2.8698003e-01;5.2500000e+01;2.8664356e-01;5.2500000e+01;2.7945751e-01;5.2500000e+01;2.6632300e-01;5.2500000e+01;2.4715781e-01;5.2500000e+01;2.2321534e-01;5.2500000e+01;3.6332019e-02;5.2500000e+01;4.9471598e-02;5.2500000e+01;6.5732449e-02;5.2500000e+01;8.3680347e-02;5.2500000e+01;1.0381012e-01;5.2500000e+01;1.2332842e-01;5.2500000e+01;1.4440639e-01;5.2500000e+01;1.6758429e-01;5.2500000e+01;1.9486773e-01;5.2500000e+01;2.2408225e-01;5.2500000e+01;2.5419745e-01;5.2500000e+01;2.7766404e-01;5.2500000e+01;2.8698003e-01;5.2500000e+01;2.8664356e-01;5.2500000e+01;2.7945751e-01;5.2500000e+01;2.6632300e-01;5.2500000e+01;2.4715781e-01;5.2500000e+01;2.2321534e-01;5.2500000e+01;3.6332019e-02;5.2500000e+01;4.9471598e-02;5.2500000e+01;6.5732449e-02;5.2500000e+01;8.3680347e-02;5.2500000e+01;1.0381012e-01;5.2500000e+01;1.2332842e-01;5.2500000e+01;1.4440639e-01;5.2500000e+01;1.6758429e-01;5.2500000e+01;1.9486773e-01;5.2500000e+01;2.2408225e-01;5.2500000e+01;2.5419745e-01;5.2500000e+01;2.7766404e-01;5.2500000e+01;2.8698003e-01;5.2500000e+01;2.8664356e-01;5.2500000e+01;2.7945751e-01;5.2500000e+01;2.6632300e-01;5.2500000e+01;2.4715781e-01;5.2500000e+01;2.2321534e-01;5.2500000e+01;3.6332019e-02;5.2500000e+01;4.9471598e-02;5.2500000e+01;6.5732449e-02;5.2500000e+01;8.3680347e-02;5.2500000e+01;1.0381012e-01;5.2500000e+01;1.2332842e-01;5.2500000e+01;1.4440639e-01;5.2500000e+01;1.6758429e-01;5.2500000e+01;1.9486773e-01;5.2500000e+01;2.2408225e-01;5.2500000e+01;2.5419745e-01;5.2500000e+01;2.7766404e-01;5.2500000e+01;2.8698003e-01;5.2500000e+01;2.8664356e-01;5.2500000e+01;2.7945751e-01;5.2500000e+01;2.6632300e-01;5.2500000e+01;2.4715781e-01;5.2500000e+01;2.2321534e-01;5.2500000e+01;3.6332019e-02;5.2500000e+01;4.9471598e-02;5.2500000e+01;6.5732449e-02;5.2500000e+01;8.3680347e-02;5.2500000e+01;1.0381012e-01;5.2500000e+01;1.2332842e-01;5.2500000e+01;1.4440639e-01;5.2500000e+01;1.6758429e-01;5.2500000e+01;1.9486773e-01;5.2500000e+01;2.2408225e-01;5.2500000e+01;2.5419745e-01;5.2500000e+01;2.7766404e-01;5.2500000e+01;2.8698003e-01;5.2500000e+01;2.8664356e-01;5.2500000e+01;2.7945751e-01;5.2500000e+01;2.6632300e-01;5.2500000e+01;2.4715781e-01;5.2500000e+01;2.2321534e-01;5.2500000e+01;3.6332019e-02;5.2500000e+01;4.9471598e-02;5.2500000e+01;6.5732449e-02;5.2500000e+01;8.3680347e-02;5.2500000e+01;1.0381012e-01;5.2500000e+01;1.2332842e-01;5.2500000e+01;1.4440639e-01;5.2500000e+01;1.6758429e-01;5.2500000e+01;1.9486773e-01;5.2500000e+01;2.2408225e-01;5.2500000e+01;2.5419745e-01;5.2500000e+01;2.7766404e-01;5.2500000e+01;2.8698003e-01;5.2500000e+01;2.8664356e-01;5.2500000e+01;2.7945751e-01;5.2500000e+01;2.6632300e-01;5.2500000e+01;2.4715781e-01;5.2500000e+01;2.2321534e-01;5.2500000e+01;3.6332019e-02;5.2500000e+01;4.9471598e-02;5.2500000e+01;6.5732449e-02;5.2500000e+01;8.3680347e-02;5.2500000e+01;1.0381012e-01;5.2500000e+01;1.2332842e-01;5.2500000e+01;1.4440639e-01;5.2500000e+01;1.6758429e-01;5.2500000e+01;1.9486773e-01;5.2500000e+01;2.2408225e-01;5.2500000e+01;2.5419745e-01;5.2500000e+01;2.7766404e-01;5.2500000e+01;2.8698003e-01;5.2500000e+01;2.8664356e-01;5.2500000e+01;2.7945751e-01;5.2500000e+01;2.6632300e-01;5.2500000e+01;2.4715781e-01;5.2500000e+01;2.2321534e-01;5.2500000e+01;3.6332019e-02;5.2500000e+01;4.9471598e-02;5.2500000e+01;6.5732449e-02;5.2500000e+01;8.3680347e-02;5.2500000e+01;1.0381012e-01;5.2500000e+01;1.2332842e-01;5.2500000e+01;1.4440639e-01;5.2500000e+01;1.6758429e-01;5.2500000e+01;1.9486773e-01;5.2500000e+01;2.2408225e-01;5.2500000e+01;2.5419745e-01;5.2500000e+01;2.7766404e-01;5.2500000e+01;2.8698003e-01;5.2500000e+01;2.8664356e-01;5.2500000e+01;2.7945751e-01;5.2500000e+01;2.6632300e-01;5.2500000e+01;2.4715781e-01;5.2500000e+01;2.2321534e-01;5.2500000e+01;3.6332019e-02;5.2500000e+01;4.9471598e-02;5.2500000e+01;6.5732449e-02;5.2500000e+01;8.3680347e-02;5.2500000e+01;1.0381012e-01;5.2500000e+01;1.2332842e-01;5.2500000e+01;1.4440639e-01;5.2500000e+01;1.6758429e-01;5.2500000e+01;1.9486773e-01;5.2500000e+01;2.2408225e-01;5.2500000e+01;2.5419745e-01;5.2500000e+01;2.7766404e-01;5.2500000e+01;2.8698003e-01;5.2500000e+01;2.8664356e-01;5.2500000e+01;2.7945751e-01;5.2500000e+01;2.6632300e-01;5.2500000e+01;2.4715781e-01;5.2500000e+01;2.2321534e-01;5.2500000e+01;3.6332019e-02;5.2500000e+01;4.9471598e-02;5.2500000e+01;6.5732449e-02;5.2500000e+01;8.3680347e-02;5.2500000e+01;1.0381012e-01;5.2500000e+01;1.2332842e-01;5.2500000e+01;1.4440639e-01;5.2500000e+01;1.6758429e-01;5.2500000e+01;1.9486773e-01;5.2500000e+01;2.2408225e-01;5.2500000e+01;2.5419745e-01;5.2500000e+01;2.7766404e-01;5.2500000e+01;2.8698003e-01;5.2500000e+01;2.8664356e-01;5.2500000e+01;2.7945751e-01;5.2500000e+01;2.6632300e-01;5.2500000e+01;2.4715781e-01;5.2500000e+01;2.2321534e-01;5.2500000e+01;3.6332019e-02;5.2500000e+01;4.9471598e-02;5.2500000e+01;6.5732449e-02;5.2500000e+01;8.3680347e-02;5.2500000e+01;1.0381012e-01;5.2500000e+01;1.2332842e-01;5.2500000e+01;1.4440639e-01;5.2500000e+01;1.6758429e-01;5.2500000e+01;1.9486773e-01;5.2500000e+01;2.2408225e-01;5.2500000e+01;2.5419745e-01;5.2500000e+01;2.7766404e-01;5.2500000e+01;2.8698003e-01;5.2500000e+01;2.8664356e-01;5.2500000e+01;2.7945751e-01;5.2500000e+01;2.6632300e-01;5.2500000e+01;2.4715781e-01;5.2500000e+01;2.2321534e-01;5.2500000e+01;3.6332019e-02;5.2500000e+01;4.9471598e-02;5.2500000e+01;6.5732449e-02;5.2500000e+01;8.3680347e-02;5.2500000e+01;1.0381012e-01;5.2500000e+01;1.2332842e-01;5.2500000e+01;1.4440639e-01;5.2500000e+01;1.6758429e-01;5.2500000e+01;1.9486773e-01;5.2500000e+01;2.2408225e-01;5.2500000e+01;2.5419745e-01;5.2500000e+01;2.7766404e-01;5.2500000e+01;2.8698003e-01;5.2500000e+01;2.8664356e-01;5.2500000e+01;2.7945751e-01;5.2500000e+01;2.6632300e-01;5.2500000e+01;2.4715781e-01;5.2500000e+01;2.2321534e-01;5.2500000e+01;3.6332019e-02;5.2500000e+01;4.9471598e-02;5.2500000e+01;6.5732449e-02;5.2500000e+01;8.3680347e-02;5.2500000e+01;1.0381012e-01;5.2500000e+01;1.2332842e-01;5.2500000e+01;1.4440639e-01;5.2500000e+01;1.6758429e-01;5.2500000e+01;1.9486773e-01;5.2500000e+01;2.2408225e-01;5.2500000e+01;2.5419745e-01;5.2500000e+01;2.7766404e-01;5.2500000e+01;2.8698003e-01;5.2500000e+01;2.8664356e-01;5.2500000e+01;2.7945751e-01;5.2500000e+01;2.6632300e-01;5.2500000e+01;2.4715781e-01;5.2500000e+01;2.2321534e-01;5.2500000e+01;3.6332019e-02;5.2500000e+01;4.9471598e-02;5.2500000e+01;6.5732449e-02;5.2500000e+01;8.3680347e-02;5.2500000e+01;1.0381012e-01;5.2500000e+01;1.2332842e-01;5.2500000e+01;1.4440639e-01;5.2500000e+01;1.6758429e-01;5.2500000e+01;1.9486773e-01;5.2500000e+01;2.2408225e-01;5.2500000e+01;2.5419745e-01;5.2500000e+01;2.7766404e-01;5.2500000e+01;2.8698003e-01;5.2500000e+01;2.8664356e-01;5.2500000e+01;2.7945751e-01;5.2500000e+01;2.6632300e-01;5.2500000e+01;2.4715781e-01;5.2500000e+01;2.2321534e-01;5.2500000e+01;3.6332019e-02;5.2500000e+01;4.9471598e-02;5.2500000e+01;6.5732449e-02;5.2500000e+01;8.3680347e-02;5.2500000e+01;1.0381012e-01;5.2500000e+01;1.2332842e-01;5.2500000e+01;1.4440639e-01;5.2500000e+01;1.6758429e-01;5.2500000e+01;1.9486773e-01;5.2500000e+01;2.2408225e-01;5.2500000e+01;2.5419745e-01;5.2500000e+01;2.7766404e-01;5.2500000e+01;2.8698003e-01;5.2500000e+01;2.8664356e-01;5.2500000e+01;2.7945751e-01;5.2500000e+01;2.6632300e-01;5.2500000e+01;2.4715781e-01;5.2500000e+01;2.2321534e-01;5.2500000e+01;3.6332019e-02;5.2500000e+01;4.9471598e-02;5.2500000e+01;6.5732449e-02;5.2500000e+01;8.3680347e-02;5.2500000e+01;1.0381012e-01;5.2500000e+01;1.2332842e-01;5.2500000e+01;1.4440639e-01;5.2500000e+01;1.6758429e-01;5.2500000e+01;1.9486773e-01;5.2500000e+01;2.2408225e-01;5.2500000e+01;2.5419745e-01;5.2500000e+01;2.7766404e-01;5.2500000e+01;2.8698003e-01;5.2500000e+01;2.8664356e-01;5.2500000e+01;2.7945751e-01;5.2500000e+01;2.6632300e-01;5.2500000e+01;2.4715781e-01;5.2500000e+01;2.2321534e-01;5.2500000e+01;3.6332019e-02;5.2500000e+01;4.9471598e-02;5.2500000e+01;6.5732449e-02;5.2500000e+01;8.3680347e-02;5.2500000e+01;1.0381012e-01;5.2500000e+01;1.2332842e-01;5.2500000e+01;1.4440639e-01;5.2500000e+01;1.6758429e-01;5.2500000e+01;1.9486773e-01;5.2500000e+01;2.2408225e-01;5.2500000e+01;2.5419745e-01;5.2500000e+01;2.7766404e-01;5.2500000e+01;2.8698003e-01;5.2500000e+01;2.8664356e-01;5.2500000e+01;2.7945751e-01;5.2500000e+01;2.6632300e-01;5.2500000e+01;2.4715781e-01;5.2500000e+01;2.2321534e-01;5.2500000e+01;3.6332019e-02;5.2500000e+01;4.9471598e-02;5.2500000e+01;6.5732449e-02;5.2500000e+01;8.3680347e-02;5.2500000e+01;1.0381012e-01;5.2500000e+01;1.2332842e-01;5.2500000e+01;1.4440639e-01;5.2500000e+01;1.6758429e-01;5.2500000e+01;1.9486773e-01;5.2500000e+01;2.2408225e-01;5.2500000e+01;2.5419745e-01;5.2500000e+01;2.7766404e-01;5.2500000e+01;2.8698003e-01;5.2500000e+01;2.8664356e-01;5.2500000e+01;2.7945751e-01;5.2500000e+01;2.6632300e-01;5.2500000e+01;2.4715781e-01;5.2500000e+01;2.2321534e-01;5.2500000e+01;3.6332019e-02;5.2500000e+01;4.9471598e-02;5.2500000e+01;6.5732449e-02;5.2500000e+01;8.3680347e-02;5.2500000e+01;1.0381012e-01;5.2500000e+01;1.2332842e-01;5.2500000e+01;1.4440639e-01;5.2500000e+01;1.6758429e-01;5.2500000e+01;1.9486773e-01;5.2500000e+01;2.2408225e-01;5.2500000e+01;2.5419745e-01;5.2500000e+01;2.7766404e-01;5.2500000e+01;2.8698003e-01;5.2500000e+01;2.8664356e-01;5.2500000e+01;2.7945751e-01;5.2500000e+01;2.6632300e-01;5.2500000e+01;2.4715781e-01;5.2500000e+01;2.2321534e-01;5.2500000e+01;3.6332019e-02;5.2500000e+01;4.9471598e-02;5.2500000e+01;6.5732449e-02;5.2500000e+01;8.3680347e-02;5.2500000e+01;1.0381012e-01;5.2500000e+01;1.2332842e-01;5.2500000e+01;1.4440639e-01;5.2500000e+01;1.6758429e-01;5.2500000e+01;1.9486773e-01;5.2500000e+01;2.2408225e-01;5.2500000e+01;2.5419745e-01;5.2500000e+01;2.7766404e-01;5.2500000e+01;2.8698003e-01;5.2500000e+01;2.8664356e-01;5.2500000e+01;2.7945751e-01;5.2500000e+01;2.6632300e-01;5.2500000e+01;2.4715781e-01;5.2500000e+01;2.2321534e-01;5.2500000e+01;3.6332019e-02;5.2500000e+01;4.9471598e-02;5.2500000e+01;6.5732449e-02;5.2500000e+01;8.3680347e-02;5.2500000e+01;1.0381012e-01;5.2500000e+01;1.2332842e-01;5.2500000e+01;1.4440639e-01;5.2500000e+01;1.6758429e-01;5.2500000e+01;1.9486773e-01;5.2500000e+01;2.2408225e-01;5.2500000e+01;2.5419745e-01;5.2500000e+01;2.7766404e-01;5.2500000e+01;2.8698003e-01;5.2500000e+01;2.8664356e-01;5.2500000e+01;2.7945751e-01;5.2500000e+01;2.6632300e-01;5.2500000e+01;2.4715781e-01;5.2500000e+01;2.2321534e-01;5.2500000e+01;3.6332019e-02;5.2500000e+01;4.9471598e-02;5.2500000e+01;6.5732449e-02;5.2500000e+01;8.3680347e-02;5.2500000e+01;1.0381012e-01;5.2500000e+01;1.2332842e-01;5.2500000e+01;1.4440639e-01;5.2500000e+01;1.6758429e-01;5.2500000e+01;1.9486773e-01;5.2500000e+01;2.2408225e-01;5.2500000e+01;2.5419745e-01;5.2500000e+01;2.7766404e-01;5.2500000e+01;2.8698003e-01;5.2500000e+01;2.8664356e-01;5.2500000e+01;2.7945751e-01;5.2500000e+01;2.6632300e-01;5.2500000e+01;2.4715781e-01;5.2500000e+01;2.2321534e-01;5.2500000e+01;3.6332019e-02;5.2500000e+01;4.9471598e-02;5.2500000e+01;6.5732449e-02;5.2500000e+01;8.3680347e-02;5.2500000e+01;1.0381012e-01;5.2500000e+01;1.2332842e-01;5.2500000e+01;1.4440639e-01;5.2500000e+01;1.6758429e-01;5.2500000e+01;1.9486773e-01;5.2500000e+01;2.2408225e-01;5.2500000e+01;2.5419745e-01;5.2500000e+01;2.7766404e-01;5.2500000e+01;2.8698003e-01;5.2500000e+01;2.8664356e-01;5.2500000e+01;2.7945751e-01;5.2500000e+01;2.6632300e-01;5.2500000e+01;2.4715781e-01;5.2500000e+01;2.2321534e-01;5.2500000e+01;3.6332019e-02;5.2500000e+01;4.9471598e-02;5.2500000e+01;6.5732449e-02;5.2500000e+01;8.3680347e-02;5.2500000e+01;1.0381012e-01;5.2500000e+01;1.2332842e-01;5.2500000e+01;1.4440639e-01;5.2500000e+01;1.6758429e-01;5.2500000e+01;1.9486773e-01;5.2500000e+01;2.2408225e-01;5.2500000e+01;2.5419745e-01;5.2500000e+01;2.7766404e-01;5.2500000e+01;2.8698003e-01;5.2500000e+01;2.8664356e-01;5.2500000e+01;2.7945751e-01;5.2500000e+01;2.6632300e-01;5.2500000e+01;2.4715781e-01;5.2500000e+01;2.2321534e-01;5.2500000e+01;3.6332019e-02;5.2500000e+01;4.9471598e-02;5.2500000e+01;6.5732449e-02;5.2500000e+01;8.3680347e-02;5.2500000e+01;1.0381012e-01;5.2500000e+01;1.2332842e-01;5.2500000e+01;1.4440639e-01;5.2500000e+01;1.6758429e-01;5.2500000e+01;1.9486773e-01;5.2500000e+01;2.2408225e-01;5.2500000e+01;2.5419745e-01;5.2500000e+01;2.7766404e-01;5.2500000e+01;2.8698003e-01;5.2500000e+01;2.8664356e-01;5.2500000e+01;2.7945751e-01;5.2500000e+01;2.6632300e-01;5.2500000e+01;2.4715781e-01;5.2500000e+01;2.2321534e-01;5.2500000e+01;3.6332019e-02;5.2500000e+01;4.9471598e-02;5.2500000e+01;6.5732449e-02;5.2500000e+01;8.3680347e-02;5.2500000e+01;1.0381012e-01;5.2500000e+01;1.2332842e-01;5.2500000e+01;1.4440639e-01;5.2500000e+01;1.6758429e-01;5.2500000e+01;1.9486773e-01;5.2500000e+01;2.2408225e-01;5.2500000e+01;2.5419745e-01;5.2500000e+01;2.7766404e-01;5.2500000e+01;2.8698003e-01;5.2500000e+01;2.8664356e-01;5.2500000e+01;2.7945751e-01;5.2500000e+01;2.6632300e-01;5.2500000e+01;2.4715781e-01;5.2500000e+01;2.2321534e-01;5.2500000e+01;3.6332019e-02;5.2500000e+01;4.9471598e-02;5.2500000e+01;6.5732449e-02;5.2500000e+01;8.3680347e-02;5.2500000e+01;1.0381012e-01;5.2500000e+01;1.2332842e-01;5.2500000e+01;1.4440639e-01;5.2500000e+01;1.6758429e-01;5.2500000e+01;1.9486773e-01;5.2500000e+01;2.2408225e-01;5.2500000e+01;2.5419745e-01;5.2500000e+01;2.7766404e-01;5.2500000e+01;2.8698003e-01;5.2500000e+01;2.8664356e-01;5.2500000e+01;2.7945751e-01;5.2500000e+01;2.6632300e-01;5.2500000e+01;2.4715781e-01;5.2500000e+01;2.2321534e-01;5.2500000e+01;3.6332019e-02;5.2500000e+01;4.9471598e-02;5.2500000e+01;6.5732449e-02;5.2500000e+01;8.3680347e-02;5.2500000e+01;1.0381012e-01;5.2500000e+01;1.2332842e-01;5.2500000e+01;1.4440639e-01;5.2500000e+01;1.6758429e-01;5.2500000e+01;1.9486773e-01;5.2500000e+01;2.2408225e-01;5.2500000e+01;2.5419745e-01;5.2500000e+01;2.7766404e-01;5.2500000e+01;2.8698003e-01;5.2500000e+01;2.8664356e-01;5.2500000e+01;2.7945751e-01;5.2500000e+01;2.6632300e-01;5.2500000e+01;2.4715781e-01;5.2500000e+01;2.2321534e-01;5.2500000e+01;3.6332019e-02;5.2500000e+01;4.9471598e-02;5.2500000e+01;6.5732449e-02;5.2500000e+01;8.3680347e-02;5.2500000e+01;1.0381012e-01;5.2500000e+01;1.2332842e-01;5.2500000e+01;1.4440639e-01;5.2500000e+01;1.6758429e-01;5.2500000e+01;1.9486773e-01;5.2500000e+01;2.2408225e-01;5.2500000e+01;2.5419745e-01;5.2500000e+01;2.7766404e-01;5.2500000e+01;2.8698003e-01;5.2500000e+01;2.8664356e-01;5.2500000e+01;2.7945751e-01;5.2500000e+01;2.6632300e-01;5.2500000e+01;2.4715781e-01;5.2500000e+01;2.2321534e-01;5.2500000e+01;3.6332019e-02;5.2500000e+01;4.9471598e-02;5.2500000e+01;6.5732449e-02;5.2500000e+01;8.3680347e-02;5.2500000e+01;1.0381012e-01;5.2500000e+01;1.2332842e-01;5.2500000e+01;1.4440639e-01;5.2500000e+01;1.6758429e-01;5.2500000e+01;1.9486773e-01;5.2500000e+01;2.2408225e-01;5.2500000e+01;2.5419745e-01;5.2500000e+01;2.7766404e-01;5.2500000e+01;2.8698003e-01;5.2500000e+01;2.8664356e-01;5.2500000e+01;2.7945751e-01;5.2500000e+01;2.6632300e-01;5.2500000e+01;2.4715781e-01;5.2500000e+01;2.2321534e-01;5.2500000e+01;3.6332019e-02;5.2500000e+01;4.9471598e-02;5.2500000e+01;6.5732449e-02;5.2500000e+01;8.3680347e-02;5.2500000e+01;1.0381012e-01;5.2500000e+01;1.2332842e-01;5.2500000e+01;1.4440639e-01;5.2500000e+01;1.6758429e-01;5.2500000e+01;1.9486773e-01;5.2500000e+01;2.2408225e-01;5.2500000e+01;2.5419745e-01;5.2500000e+01;2.7766404e-01;5.2500000e+01;2.8698003e-01;5.2500000e+01;2.8664356e-01;5.2500000e+01;2.7945751e-01;5.2500000e+01;2.6632300e-01;5.2500000e+01;2.4715781e-01;5.2500000e+01;2.2321534e-01;5.2500000e+01;3.6332019e-02;5.2500000e+01;4.9471598e-02;5.2500000e+01;6.5732449e-02;5.2500000e+01;8.3680347e-02;5.2500000e+01;1.0381012e-01;5.2500000e+01;1.2332842e-01;5.2500000e+01;1.4440639e-01;5.2500000e+01;1.6758429e-01;5.2500000e+01;1.9486773e-01;5.2500000e+01;2.2408225e-01;5.2500000e+01;2.5419745e-01;5.2500000e+01;2.7766404e-01;5.2500000e+01;2.8698003e-01;5.2500000e+01;2.8664356e-01;5.2500000e+01;2.7945751e-01;5.2500000e+01;2.6632300e-01;5.2500000e+01;2.4715781e-01;5.2500000e+01;2.2321534e-01;5.2500000e+01;3.6332019e-02;5.2500000e+01;4.9471598e-02;5.2500000e+01;6.5732449e-02;5.2500000e+01;8.3680347e-02;5.2500000e+01;1.0381012e-01;5.2500000e+01;1.2332842e-01;5.2500000e+01;1.4440639e-01;5.2500000e+01;1.6758429e-01;5.2500000e+01;1.9486773e-01;5.2500000e+01;2.2408225e-01;5.2500000e+01;2.5419745e-01;5.2500000e+01;2.7766404e-01;5.2500000e+01;2.8698003e-01;5.2500000e+01;2.8664356e-01;5.2500000e+01;2.7945751e-01;5.2500000e+01;2.6632300e-01;5.2500000e+01;2.4715781e-01;5.2500000e+01;2.2321534e-01;5.2500000e+01;3.6332019e-02;5.2500000e+01;4.9471598e-02;5.2500000e+01;6.5732449e-02;5.2500000e+01;8.3680347e-02;5.2500000e+01;1.0381012e-01;5.2500000e+01;1.2332842e-01;5.2500000e+01;1.4440639e-01;5.2500000e+01;1.6758429e-01;5.2500000e+01;1.9486773e-01;5.2500000e+01;2.2408225e-01;5.2500000e+01;2.5419745e-01;5.2500000e+01;2.7766404e-01;5.2500000e+01;2.8698003e-01;5.2500000e+01;2.8664356e-01;5.2500000e+01;2.7945751e-01;5.2500000e+01;2.6632300e-01;5.2500000e+01;2.4715781e-01;5.2500000e+01;2.2321534e-01;5.2500000e+01;3.6332019e-02;5.2500000e+01;4.9471598e-02;5.2500000e+01;6.5732449e-02;5.2500000e+01;8.3680347e-02;5.2500000e+01;1.0381012e-01;5.2500000e+01;1.2332842e-01;5.2500000e+01;1.4440639e-01;5.2500000e+01;1.6758429e-01;5.2500000e+01;1.9486773e-01;5.2500000e+01;2.2408225e-01;5.2500000e+01;2.5419745e-01;5.2500000e+01;2.7766404e-01;5.2500000e+01;2.8698003e-01;5.2500000e+01;2.8664356e-01;5.2500000e+01;2.7945751e-01;5.2500000e+01;2.6632300e-01;5.2500000e+01;2.4715781e-01;5.2500000e+01;2.2321534e-01;5.2500000e+01;3.6332019e-02;5.2500000e+01;4.9471598e-02;5.2500000e+01;6.5732449e-02;5.2500000e+01;8.3680347e-02;5.2500000e+01;1.0381012e-01;5.2500000e+01;1.2332842e-01;5.2500000e+01;1.4440639e-01;5.2500000e+01;1.6758429e-01;5.2500000e+01;1.9486773e-01;5.2500000e+01;2.2408225e-01;5.2500000e+01;2.5419745e-01;5.2500000e+01;2.7766404e-01;5.2500000e+01;2.8698003e-01;5.2500000e+01;2.8664356e-01;5.2500000e+01;2.7945751e-01;5.2500000e+01;2.6632300e-01;5.2500000e+01;2.4715781e-01;5.2500000e+01;2.2321534e-01;5.2500000e+01;3.6332019e-02;5.2500000e+01;4.9471598e-02;5.2500000e+01;6.5732449e-02;5.2500000e+01;8.3680347e-02;5.2500000e+01;1.0381012e-01;5.2500000e+01;1.2332842e-01;5.2500000e+01;1.4440639e-01;5.2500000e+01;1.6758429e-01;5.2500000e+01;1.9486773e-01;5.2500000e+01;2.2408225e-01;5.2500000e+01;2.5419745e-01;5.2500000e+01;2.7766404e-01;5.2500000e+01;2.8698003e-01;5.2500000e+01;2.8664356e-01;5.2500000e+01;2.7945751e-01;5.2500000e+01;2.6632300e-01;5.2500000e+01;2.4715781e-01;5.2500000e+01;2.2321534e-01;5.2500000e+01;3.6332019e-02;5.2500000e+01;4.9471598e-02;5.2500000e+01;6.5732449e-02;5.2500000e+01;8.3680347e-02;5.2500000e+01;1.0381012e-01;5.2500000e+01;1.2332842e-01;5.2500000e+01;1.4440639e-01;5.2500000e+01;1.6758429e-01;5.2500000e+01;1.9486773e-01;5.2500000e+01;2.2408225e-01;5.2500000e+01;2.5419745e-01;5.2500000e+01;2.7766404e-01;5.2500000e+01;2.8698003e-01;5.2500000e+01;2.8664356e-01;5.2500000e+01;2.7945751e-01;5.2500000e+01;2.6632300e-01;5.2500000e+01;2.4715781e-01;5.2500000e+01;2.2321534e-01;5.2500000e+01;3.6332019e-02;5.2500000e+01;4.9471598e-02;5.2500000e+01;6.5732449e-02;5.2500000e+01;8.3680347e-02;5.2500000e+01;1.0381012e-01;5.2500000e+01;1.2332842e-01;5.2500000e+01;1.4440639e-01;5.2500000e+01;1.6758429e-01;5.2500000e+01;1.9486773e-01;5.2500000e+01;2.2408225e-01;5.2500000e+01;2.5419745e-01;5.2500000e+01;2.7766404e-01;5.2500000e+01;2.8698003e-01;5.2500000e+01;2.8664356e-01;5.2500000e+01;2.7945751e-01;5.2500000e+01;2.6632300e-01;5.2500000e+01;2.4715781e-01;5.2500000e+01;2.2321534e-01;5.2500000e+01;3.6332019e-02;5.2500000e+01;4.9471598e-02;5.2500000e+01;6.5732449e-02;5.2500000e+01;8.3680347e-02;5.2500000e+01;1.0381012e-01;5.2500000e+01;1.2332842e-01;5.2500000e+01;1.4440639e-01;5.2500000e+01;1.6758429e-01;5.2500000e+01;1.9486773e-01;5.2500000e+01;2.2408225e-01;5.2500000e+01;2.5419745e-01;5.2500000e+01;2.7766404e-01;5.2500000e+01;2.8698003e-01;5.2500000e+01;2.8664356e-01;5.2500000e+01;2.7945751e-01;5.2500000e+01;2.6632300e-01;5.2500000e+01;2.4715781e-01;5.2500000e+01;2.2321534e-01;5.2500000e+01;3.6332019e-02;5.2500000e+01;4.9471598e-02;5.2500000e+01;6.5732449e-02;5.2500000e+01;8.3680347e-02;5.2500000e+01;1.0381012e-01;5.2500000e+01;1.2332842e-01;5.2500000e+01;1.4440639e-01;5.2500000e+01;1.6758429e-01;5.2500000e+01;1.9486773e-01;5.2500000e+01;2.2408225e-01;5.2500000e+01;2.5419745e-01;5.2500000e+01;2.7766404e-01;5.2500000e+01;2.8698003e-01;5.2500000e+01;2.8664356e-01;5.2500000e+01;2.7945751e-01;5.2500000e+01;2.6632300e-01;5.2500000e+01;2.4715781e-01;5.2500000e+01;2.2321534e-01;5.2500000e+01;3.6332019e-02;5.2500000e+01;4.9471598e-02;5.2500000e+01;6.5732449e-02;5.2500000e+01;8.3680347e-02;5.2500000e+01;1.0381012e-01;5.2500000e+01;1.2332842e-01;5.2500000e+01;1.4440639e-01;5.2500000e+01;1.6758429e-01;5.2500000e+01;1.9486773e-01;5.2500000e+01;2.2408225e-01;5.2500000e+01;2.5419745e-01;5.2500000e+01;2.7766404e-01;5.2500000e+01;2.8698003e-01;5.2500000e+01;2.8664356e-01;5.2500000e+01;2.7945751e-01;5.2500000e+01;2.6632300e-01;5.2500000e+01;2.4715781e-01;5.2500000e+01;2.2321534e-01;5.2500000e+01;3.6332019e-02;5.2500000e+01;4.9471598e-02;5.2500000e+01;6.5732449e-02;5.2500000e+01;8.3680347e-02;5.2500000e+01;1.0381012e-01;5.2500000e+01;1.2332842e-01;5.2500000e+01;1.4440639e-01;5.2500000e+01;1.6758429e-01;5.2500000e+01;1.9486773e-01;5.2500000e+01;2.2408225e-01;5.2500000e+01;2.5419745e-01;5.2500000e+01;2.7766404e-01;5.2500000e+01;2.8698003e-01;5.2500000e+01;2.8664356e-01;5.2500000e+01;2.7945751e-01;5.2500000e+01;2.6632300e-01;5.2500000e+01;2.4715781e-01;5.2500000e+01;2.2321534e-01;5.2500000e+01;3.6332019e-02;5.2500000e+01;4.9471598e-02;5.2500000e+01;6.5732449e-02;5.2500000e+01;8.3680347e-02;5.2500000e+01;1.0381012e-01;5.2500000e+01;1.2332842e-01;5.2500000e+01;1.4440639e-01;5.2500000e+01;1.6758429e-01;5.2500000e+01;1.9486773e-01;5.2500000e+01;2.2408225e-01;5.2500000e+01;2.5419745e-01;5.2500000e+01;2.7766404e-01;5.2500000e+01;2.8698003e-01;5.2500000e+01;2.8664356e-01;5.2500000e+01;2.7945751e-01;5.2500000e+01;2.6632300e-01;5.2500000e+01;2.4715781e-01;5.2500000e+01;2.2321534e-01;5.2500000e+01;3.6332019e-02;5.2500000e+01;4.9471598e-02;5.2500000e+01;6.5732449e-02;5.2500000e+01;8.3680347e-02;5.2500000e+01;1.0381012e-01;5.2500000e+01;1.2332842e-01;5.2500000e+01;1.4440639e-01;5.2500000e+01;1.6758429e-01;5.2500000e+01;1.9486773e-01;5.2500000e+01;2.2408225e-01;5.2500000e+01;2.5419745e-01;5.2500000e+01;2.7766404e-01;5.2500000e+01;2.8698003e-01;5.2500000e+01;2.8664356e-01;5.2500000e+01;2.7945751e-01;5.2500000e+01;2.6632300e-01;5.2500000e+01;2.4715781e-01;5.2500000e+01;2.2321534e-01;5.2500000e+01;3.6332019e-02;5.2500000e+01;4.9471598e-02;5.2500000e+01;6.5732449e-02;5.2500000e+01;8.3680347e-02;5.2500000e+01;1.0381012e-01;5.2500000e+01;1.2332842e-01;5.2500000e+01;1.4440639e-01;5.2500000e+01;1.6758429e-01;5.2500000e+01;1.9486773e-01;5.2500000e+01;2.2408225e-01;5.2500000e+01;2.5419745e-01;5.2500000e+01;2.7766404e-01;5.2500000e+01;2.8698003e-01;5.2500000e+01;2.8664356e-01;5.2500000e+01;2.7945751e-01;5.2500000e+01;2.6632300e-01;5.2500000e+01;2.4715781e-01;5.2500000e+01;2.2321534e-01;5.2500000e+01;3.6332019e-02;5.2500000e+01;4.9471598e-02;5.2500000e+01;6.5732449e-02;5.2500000e+01;8.3680347e-02;5.2500000e+01;1.0381012e-01;5.2500000e+01;1.2332842e-01;5.2500000e+01;1.4440639e-01;5.2500000e+01;1.6758429e-01;5.2500000e+01;1.9486773e-01;5.2500000e+01;2.2408225e-01;5.2500000e+01;2.5419745e-01;5.2500000e+01;2.7766404e-01;5.2500000e+01;2.8698003e-01;5.2500000e+01;2.8664356e-01;5.2500000e+01;2.7945751e-01;5.2500000e+01;2.6632300e-01;5.2500000e+01;2.4715781e-01;5.2500000e+01;2.2321534e-01;5.2500000e+01;3.6332019e-02;5.2500000e+01;4.9471598e-02;5.2500000e+01;6.5732449e-02;5.2500000e+01;8.3680347e-02;5.2500000e+01;1.0381012e-01;5.2500000e+01;1.2332842e-01;5.2500000e+01;1.4440639e-01;5.2500000e+01;1.6758429e-01;5.2500000e+01;1.9486773e-01;5.2500000e+01;2.2408225e-01;5.2500000e+01;2.5419745e-01;5.2500000e+01;2.7766404e-01;5.2500000e+01;2.8698003e-01;5.2500000e+01;2.8664356e-01;5.2500000e+01;2.7945751e-01;5.2500000e+01;2.6632300e-01;5.2500000e+01;2.4715781e-01;5.2500000e+01;2.2321534e-01;5.2500000e+01;3.6332019e-02;5.2500000e+01;4.9471598e-02;5.2500000e+01;6.5732449e-02;5.2500000e+01;8.3680347e-02;5.2500000e+01;1.0381012e-01;5.2500000e+01;1.2332842e-01;5.2500000e+01;1.4440639e-01;5.2500000e+01;1.6758429e-01;5.2500000e+01;1.9486773e-01;5.2500000e+01;2.2408225e-01;5.2500000e+01;2.5419745e-01;5.2500000e+01;2.7766404e-01;5.2500000e+01;2.8698003e-01;5.2500000e+01;2.8664356e-01;5.2500000e+01;2.7945751e-01;5.2500000e+01;2.6632300e-01;5.2500000e+01;2.4715781e-01;5.2500000e+01;2.2321534e-01
5.7500000e+01;3.6988594e-02;5.7500000e+01;5.0635129e-02;5.7500000e+01;6.7208789e-02;5.7500000e+01;8.6143598e-02;5.7500000e+01;1.0623354e-01;5.7500000e+01;1.2746079e-01;5.7500000e+01;1.4868873e-01;5.7500000e+01;1.7167236e-01;5.7500000e+01;1.9903265e-01;5.7500000e+01;2.2450611e-01;5.7500000e+01;2.5498202e-01;5.7500000e+01;2.7881142e-01;5.7500000e+01;2.8901678e-01;5.7500000e+01;2.8971583e-01;5.7500000e+01;2.8369927e-01;5.7500000e+01;2.7128270e-01;5.7500000e+01;2.5274271e-01;5.7500000e+01;2.2952482e-01;5.7500000e+01;3.6988594e-02;5.7500000e+01;5.0635129e-02;5.7500000e+01;6.7208789e-02;5.7500000e+01;8.6143598e-02;5.7500000e+01;1.0623354e-01;5.7500000e+01;1.2746079e-01;5.7500000e+01;1.4868873e-01;5.7500000e+01;1.7167236e-01;5.7500000e+01;1.9903265e-01;5.7500000e+01;2.2450611e-01;5.7500000e+01;2.5498202e-01;5.7500000e+01;2.7881142e-01;5.7500000e+01;2.8901678e-01;5.7500000e+01;2.8971583e-01;5.7500000e+01;2.8369927e-01;5.7500000e+01;2.7128270e-01;5.7500000e+01;2.5274271e-01;5.7500000e+01;2.2952482e-01;5.7500000e+01;3.6988594e-02;5.7500000e+01;5.0635129e-02;5.7500000e+01;6.7208789e-02;5.7500000e+01;8.6143598e-02;5.7500000e+01;1.0623354e-01;5.7500000e+01;1.2746079e-01;5.7500000e+01;1.4868873e-01;5.7500000e+01;1.7167236e-01;5.7500000e+01;1.9903265e-01;5.7500000e+01;2.2450611e-01;5.7500000e+01;2.5498202e-01;5.7500000e+01;2.7881142e-01;5.7500000e+01;2.8901678e-01;5.7500000e+01;2.8971583e-01;5.7500000e+01;2.8369927e-01;5.7500000e+01;2.7128270e-01;5.7500000e+01;2.5274271e-01;5.7500000e+01;2.2952482e-01;5.7500000e+01;3.6988594e-02;5.7500000e+01;5.0635129e-02;5.7500000e+01;6.7208789e-02;5.7500000e+01;8.6143598e-02;5.7500000e+01;1.0623354e-01;5.7500000e+01;1.2746079e-01;5.7500000e+01;1.4868873e-01;5.7500000e+01;1.7167236e-01;5.7500000e+01;1.9903265e-01;5.7500000e+01;2.2450611e-01;5.7500000e+01;2.5498202e-01;5.7500000e+01;2.7881142e-01;5.7500000e+01;2.8901678e-01;5.7500000e+01;2.8971583e-01;5.7500000e+01;2.8369927e-01;5.7500000e+01;2.7128270e-01;5.7500000e+01;2.5274271e-01;5.7500000e+01;2.2952482e-01;5.7500000e+01;3.6988594e-02;5.7500000e+01;5.0635129e-02;5.7500000e+01;6.7208789e-02;5.7500000e+01;8.6143598e-02;5.7500000e+01;1.0623354e-01;5.7500000e+01;1.2746079e-01;5.7500000e+01;1.4868873e-01;5.7500000e+01;1.7167236e-01;5.7500000e+01;1.9903265e-01;5.7500000e+01;2.2450611e-01;5.7500000e+01;2.5498202e-01;5.7500000e+01;2.7881142e-01;5.7500000e+01;2.8901678e-01;5.7500000e+01;2.8971583e-01;5.7500000e+01;2.8369927e-01;5.7500000e+01;2.7128270e-01;5.7500000e+01;2.5274271e-01;5.7500000e+01;2.2952482e-01;5.7500000e+01;3.6988594e-02;5.7500000e+01;5.0635129e-02;5.7500000e+01;6.7208789e-02;5.7500000e+01;8.6143598e-02;5.7500000e+01;1.0623354e-01;5.7500000e+01;1.2746079e-01;5.7500000e+01;1.4868873e-01;5.7500000e+01;1.7167236e-01;5.7500000e+01;1.9903265e-01;5.7500000e+01;2.2450611e-01;5.7500000e+01;2.5498202e-01;5.7500000e+01;2.7881142e-01;5.7500000e+01;2.8901678e-01;5.7500000e+01;2.8971583e-01;5.7500000e+01;2.8369927e-01;5.7500000e+01;2.7128270e-01;5.7500000e+01;2.5274271e-01;5.7500000e+01;2.2952482e-01;5.7500000e+01;3.6988594e-02;5.7500000e+01;5.0635129e-02;5.7500000e+01;6.7208789e-02;5.7500000e+01;8.6143598e-02;5.7500000e+01;1.0623354e-01;5.7500000e+01;1.2746079e-01;5.7500000e+01;1.4868873e-01;5.7500000e+01;1.7167236e-01;5.7500000e+01;1.9903265e-01;5.7500000e+01;2.2450611e-01;5.7500000e+01;2.5498202e-01;5.7500000e+01;2.7881142e-01;5.7500000e+01;2.8901678e-01;5.7500000e+01;2.8971583e-01;5.7500000e+01;2.8369927e-01;5.7500000e+01;2.7128270e-01;5.7500000e+01;2.5274271e-01;5.7500000e+01;2.2952482e-01;5.7500000e+01;3.6988594e-02;5.7500000e+01;5.0635129e-02;5.7500000e+01;6.7208789e-02;5.7500000e+01;8.6143598e-02;5.7500000e+01;1.0623354e-01;5.7500000e+01;1.2746079e-01;5.7500000e+01;1.4868873e-01;5.7500000e+01;1.7167236e-01;5.7500000e+01;1.9903265e-01;5.7500000e+01;2.2450611e-01;5.7500000e+01;2.5498202e-01;5.7500000e+01;2.7881142e-01;5.7500000e+01;2.8901678e-01;5.7500000e+01;2.8971583e-01;5.7500000e+01;2.8369927e-01;5.7500000e+01;2.7128270e-01;5.7500000e+01;2.5274271e-01;5.7500000e+01;2.2952482e-01;5.7500000e+01;3.6988594e-02;5.7500000e+01;5.0635129e-02;5.7500000e+01;6.7208789e-02;5.7500000e+01;8.6143598e-02;5.7500000e+01;1.0623354e-01;5.7500000e+01;1.2746079e-01;5.7500000e+01;1.4868873e-01;5.7500000e+01;1.7167236e-01;5.7500000e+01;1.9903265e-01;5.7500000e+01;2.2450611e-01;5.7500000e+01;2.5498202e-01;5.7500000e+01;2.7881142e-01;5.7500000e+01;2.8901678e-01;5.7500000e+01;2.8971583e-01;5.7500000e+01;2.8369927e-01;5.7500000e+01;2.7128270e-01;5.7500000e+01;2.5274271e-01;5.7500000e+01;2.2952482e-01;5.7500000e+01;3.6988594e-02;5.7500000e+01;5.0635129e-02;5.7500000e+01;6.7208789e-02;5.7500000e+01;8.6143598e-02;5.7500000e+01;1.0623354e-01;5.7500000e+01;1.2746079e-01;5.7500000e+01;1.4868873e-01;5.7500000e+01;1.7167236e-01;5.7500000e+01;1.9903265e-01;5.7500000e+01;2.2450611e-01;5.7500000e+01;2.5498202e-01;5.7500000e+01;2.7881142e-01;5.7500000e+01;2.8901678e-01;5.7500000e+01;2.8971583e-01;5.7500000e+01;2.8369927e-01;5.7500000e+01;2.7128270e-01;5.7500000e+01;2.5274271e-01;5.7500000e+01;2.2952482e-01;5.7500000e+01;3.6988594e-02;5.7500000e+01;5.0635129e-02;5.7500000e+01;6.7208789e-02;5.7500000e+01;8.6143598e-02;5.7500000e+01;1.0623354e-01;5.7500000e+01;1.2746079e-01;5.7500000e+01;1.4868873e-01;5.7500000e+01;1.7167236e-01;5.7500000e+01;1.9903265e-01;5.7500000e+01;2.2450611e-01;5.7500000e+01;2.5498202e-01;5.7500000e+01;2.7881142e-01;5.7500000e+01;2.8901678e-01;5.7500000e+01;2.8971583e-01;5.7500000e+01;2.8369927e-01;5.7500000e+01;2.7128270e-01;5.7500000e+01;2.5274271e-01;5.7500000e+01;2.2952482e-01;5.7500000e+01;3.6988594e-02;5.7500000e+01;5.0635129e-02;5.7500000e+01;6.7208789e-02;5.7500000e+01;8.6143598e-02;5.7500000e+01;1.0623354e-01;5.7500000e+01;1.2746079e-01;5.7500000e+01;1.4868873e-01;5.7500000e+01;1.7167236e-01;5.7500000e+01;1.9903265e-01;5.7500000e+01;2.2450611e-01;5.7500000e+01;2.5498202e-01;5.7500000e+01;2.7881142e-01;5.7500000e+01;2.8901678e-01;5.7500000e+01;2.8971583e-01;5.7500000e+01;2.8369927e-01;5.7500000e+01;2.7128270e-01;5.7500000e+01;2.5274271e-01;5.7500000e+01;2.2952482e-01;5.7500000e+01;3.6988594e-02;5.7500000e+01;5.0635129e-02;5.7500000e+01;6.7208789e-02;5.7500000e+01;8.6143598e-02;5.7500000e+01;1.0623354e-01;5.7500000e+01;1.2746079e-01;5.7500000e+01;1.4868873e-01;5.7500000e+01;1.7167236e-01;5.7500000e+01;1.9903265e-01;5.7500000e+01;2.2450611e-01;5.7500000e+01;2.5498202e-01;5.7500000e+01;2.7881142e-01;5.7500000e+01;2.8901678e-01;5.7500000e+01;2.8971583e-01;5.7500000e+01;2.8369927e-01;5.7500000e+01;2.7128270e-01;5.7500000e+01;2.5274271e-01;5.7500000e+01;2.2952482e-01;5.7500000e+01;3.6988594e-02;5.7500000e+01;5.0635129e-02;5.7500000e+01;6.7208789e-02;5.7500000e+01;8.6143598e-02;5.7500000e+01;1.0623354e-01;5.7500000e+01;1.2746079e-01;5.7500000e+01;1.4868873e-01;5.7500000e+01;1.7167236e-01;5.7500000e+01;1.9903265e-01;5.7500000e+01;2.2450611e-01;5.7500000e+01;2.5498202e-01;5.7500000e+01;2.7881142e-01;5.7500000e+01;2.8901678e-01;5.7500000e+01;2.8971583e-01;5.7500000e+01;2.8369927e-01;5.7500000e+01;2.7128270e-01;5.7500000e+01;2.5274271e-01;5.7500000e+01;2.2952482e-01;5.7500000e+01;3.6988594e-02;5.7500000e+01;5.0635129e-02;5.7500000e+01;6.7208789e-02;5.7500000e+01;8.6143598e-02;5.7500000e+01;1.0623354e-01;5.7500000e+01;1.2746079e-01;5.7500000e+01;1.4868873e-01;5.7500000e+01;1.7167236e-01;5.7500000e+01;1.9903265e-01;5.7500000e+01;2.2450611e-01;5.7500000e+01;2.5498202e-01;5.7500000e+01;2.7881142e-01;5.7500000e+01;2.8901678e-01;5.7500000e+01;2.8971583e-01;5.7500000e+01;2.8369927e-01;5.7500000e+01;2.7128270e-01;5.7500000e+01;2.5274271e-01;5.7500000e+01;2.2952482e-01;5.7500000e+01;3.6988594e-02;5.7500000e+01;5.0635129e-02;5.7500000e+01;6.7208789e-02;5.7500000e+01;8.6143598e-02;5.7500000e+01;1.0623354e-01;5.7500000e+01;1.2746079e-01;5.7500000e+01;1.4868873e-01;5.7500000e+01;1.7167236e-01;5.7500000e+01;1.9903265e-01;5.7500000e+01;2.2450611e-01;5.7500000e+01;2.5498202e-01;5.7500000e+01;2.7881142e-01;5.7500000e+01;2.8901678e-01;5.7500000e+01;2.8971583e-01;5.7500000e+01;2.8369927e-01;5.7500000e+01;2.7128270e-01;5.7500000e+01;2.5274271e-01;5.7500000e+01;2.2952482e-01;5.7500000e+01;3.6988594e-02;5.7500000e+01;5.0635129e-02;5.7500000e+01;6.7208789e-02;5.7500000e+01;8.6143598e-02;5.7500000e+01;1.0623354e-01;5.7500000e+01;1.2746079e-01;5.7500000e+01;1.4868873e-01;5.7500000e+01;1.7167236e-01;5.7500000e+01;1.9903265e-01;5.7500000e+01;2.2450611e-01;5.7500000e+01;2.5498202e-01;5.7500000e+01;2.7881142e-01;5.7500000e+01;2.8901678e-01;5.7500000e+01;2.8971583e-01;5.7500000e+01;2.8369927e-01;5.7500000e+01;2.7128270e-01;5.7500000e+01;2.5274271e-01;5.7500000e+01;2.2952482e-01;5.7500000e+01;3.6988594e-02;5.7500000e+01;5.0635129e-02;5.7500000e+01;6.7208789e-02;5.7500000e+01;8.6143598e-02;5.7500000e+01;1.0623354e-01;5.7500000e+01;1.2746079e-01;5.7500000e+01;1.4868873e-01;5.7500000e+01;1.7167236e-01;5.7500000e+01;1.9903265e-01;5.7500000e+01;2.2450611e-01;5.7500000e+01;2.5498202e-01;5.7500000e+01;2.7881142e-01;5.7500000e+01;2.8901678e-01;5.7500000e+01;2.8971583e-01;5.7500000e+01;2.8369927e-01;5.7500000e+01;2.7128270e-01;5.7500000e+01;2.5274271e-01;5.7500000e+01;2.2952482e-01;5.7500000e+01;3.6988594e-02;5.7500000e+01;5.0635129e-02;5.7500000e+01;6.7208789e-02;5.7500000e+01;8.6143598e-02;5.7500000e+01;1.0623354e-01;5.7500000e+01;1.2746079e-01;5.7500000e+01;1.4868873e-01;5.7500000e+01;1.7167236e-01;5.7500000e+01;1.9903265e-01;5.7500000e+01;2.2450611e-01;5.7500000e+01;2.5498202e-01;5.7500000e+01;2.7881142e-01;5.7500000e+01;2.8901678e-01;5.7500000e+01;2.8971583e-01;5.7500000e+01;2.8369927e-01;5.7500000e+01;2.7128270e-01;5.7500000e+01;2.5274271e-01;5.7500000e+01;2.2952482e-01;5.7500000e+01;3.6988594e-02;5.7500000e+01;5.0635129e-02;5.7500000e+01;6.7208789e-02;5.7500000e+01;8.6143598e-02;5.7500000e+01;1.0623354e-01;5.7500000e+01;1.2746079e-01;5.7500000e+01;1.4868873e-01;5.7500000e+01;1.7167236e-01;5.7500000e+01;1.9903265e-01;5.7500000e+01;2.2450611e-01;5.7500000e+01;2.5498202e-01;5.7500000e+01;2.7881142e-01;5.7500000e+01;2.8901678e-01;5.7500000e+01;2.8971583e-01;5.7500000e+01;2.8369927e-01;5.7500000e+01;2.7128270e-01;5.7500000e+01;2.5274271e-01;5.7500000e+01;2.2952482e-01;5.7500000e+01;3.6988594e-02;5.7500000e+01;5.0635129e-02;5.7500000e+01;6.7208789e-02;5.7500000e+01;8.6143598e-02;5.7500000e+01;1.0623354e-01;5.7500000e+01;1.2746079e-01;5.7500000e+01;1.4868873e-01;5.7500000e+01;1.7167236e-01;5.7500000e+01;1.9903265e-01;5.7500000e+01;2.2450611e-01;5.7500000e+01;2.5498202e-01;5.7500000e+01;2.7881142e-01;5.7500000e+01;2.8901678e-01;5.7500000e+01;2.8971583e-01;5.7500000e+01;2.8369927e-01;5.7500000e+01;2.7128270e-01;5.7500000e+01;2.5274271e-01;5.7500000e+01;2.2952482e-01;5.7500000e+01;3.6988594e-02;5.7500000e+01;5.0635129e-02;5.7500000e+01;6.7208789e-02;5.7500000e+01;8.6143598e-02;5.7500000e+01;1.0623354e-01;5.7500000e+01;1.2746079e-01;5.7500000e+01;1.4868873e-01;5.7500000e+01;1.7167236e-01;5.7500000e+01;1.9903265e-01;5.7500000e+01;2.2450611e-01;5.7500000e+01;2.5498202e-01;5.7500000e+01;2.7881142e-01;5.7500000e+01;2.8901678e-01;5.7500000e+01;2.8971583e-01;5.7500000e+01;2.8369927e-01;5.7500000e+01;2.7128270e-01;5.7500000e+01;2.5274271e-01;5.7500000e+01;2.2952482e-01;5.7500000e+01;3.6988594e-02;5.7500000e+01;5.0635129e-02;5.7500000e+01;6.7208789e-02;5.7500000e+01;8.6143598e-02;5.7500000e+01;1.0623354e-01;5.7500000e+01;1.2746079e-01;5.7500000e+01;1.4868873e-01;5.7500000e+01;1.7167236e-01;5.7500000e+01;1.9903265e-01;5.7500000e+01;2.2450611e-01;5.7500000e+01;2.5498202e-01;5.7500000e+01;2.7881142e-01;5.7500000e+01;2.8901678e-01;5.7500000e+01;2.8971583e-01;5.7500000e+01;2.8369927e-01;5.7500000e+01;2.7128270e-01;5.7500000e+01;2.5274271e-01;5.7500000e+01;2.2952482e-01;5.7500000e+01;3.6988594e-02;5.7500000e+01;5.0635129e-02;5.7500000e+01;6.7208789e-02;5.7500000e+01;8.6143598e-02;5.7500000e+01;1.0623354e-01;5.7500000e+01;1.2746079e-01;5.7500000e+01;1.4868873e-01;5.7500000e+01;1.7167236e-01;5.7500000e+01;1.9903265e-01;5.7500000e+01;2.2450611e-01;5.7500000e+01;2.5498202e-01;5.7500000e+01;2.7881142e-01;5.7500000e+01;2.8901678e-01;5.7500000e+01;2.8971583e-01;5.7500000e+01;2.8369927e-01;5.7500000e+01;2.7128270e-01;5.7500000e+01;2.5274271e-01;5.7500000e+01;2.2952482e-01;5.7500000e+01;3.6988594e-02;5.7500000e+01;5.0635129e-02;5.7500000e+01;6.7208789e-02;5.7500000e+01;8.6143598e-02;5.7500000e+01;1.0623354e-01;5.7500000e+01;1.2746079e-01;5.7500000e+01;1.4868873e-01;5.7500000e+01;1.7167236e-01;5.7500000e+01;1.9903265e-01;5.7500000e+01;2.2450611e-01;5.7500000e+01;2.5498202e-01;5.7500000e+01;2.7881142e-01;5.7500000e+01;2.8901678e-01;5.7500000e+01;2.8971583e-01;5.7500000e+01;2.8369927e-01;5.7500000e+01;2.7128270e-01;5.7500000e+01;2.5274271e-01;5.7500000e+01;2.2952482e-01;5.7500000e+01;3.6988594e-02;5.7500000e+01;5.0635129e-02;5.7500000e+01;6.7208789e-02;5.7500000e+01;8.6143598e-02;5.7500000e+01;1.0623354e-01;5.7500000e+01;1.2746079e-01;5.7500000e+01;1.4868873e-01;5.7500000e+01;1.7167236e-01;5.7500000e+01;1.9903265e-01;5.7500000e+01;2.2450611e-01;5.7500000e+01;2.5498202e-01;5.7500000e+01;2.7881142e-01;5.7500000e+01;2.8901678e-01;5.7500000e+01;2.8971583e-01;5.7500000e+01;2.8369927e-01;5.7500000e+01;2.7128270e-01;5.7500000e+01;2.5274271e-01;5.7500000e+01;2.2952482e-01;5.7500000e+01;3.6988594e-02;5.7500000e+01;5.0635129e-02;5.7500000e+01;6.7208789e-02;5.7500000e+01;8.6143598e-02;5.7500000e+01;1.0623354e-01;5.7500000e+01;1.2746079e-01;5.7500000e+01;1.4868873e-01;5.7500000e+01;1.7167236e-01;5.7500000e+01;1.9903265e-01;5.7500000e+01;2.2450611e-01;5.7500000e+01;2.5498202e-01;5.7500000e+01;2.7881142e-01;5.7500000e+01;2.8901678e-01;5.7500000e+01;2.8971583e-01;5.7500000e+01;2.8369927e-01;5.7500000e+01;2.7128270e-01;5.7500000e+01;2.5274271e-01;5.7500000e+01;2.2952482e-01;5.7500000e+01;3.6988594e-02;5.7500000e+01;5.0635129e-02;5.7500000e+01;6.7208789e-02;5.7500000e+01;8.6143598e-02;5.7500000e+01;1.0623354e-01;5.7500000e+01;1.2746079e-01;5.7500000e+01;1.4868873e-01;5.7500000e+01;1.7167236e-01;5.7500000e+01;1.9903265e-01;5.7500000e+01;2.2450611e-01;5.7500000e+01;2.5498202e-01;5.7500000e+01;2.7881142e-01;5.7500000e+01;2.8901678e-01;5.7500000e+01;2.8971583e-01;5.7500000e+01;2.8369927e-01;5.7500000e+01;2.7128270e-01;5.7500000e+01;2.5274271e-01;5.7500000e+01;2.2952482e-01;5.7500000e+01;3.6988594e-02;5.7500000e+01;5.0635129e-02;5.7500000e+01;6.7208789e-02;5.7500000e+01;8.6143598e-02;5.7500000e+01;1.0623354e-01;5.7500000e+01;1.2746079e-01;5.7500000e+01;1.4868873e-01;5.7500000e+01;1.7167236e-01;5.7500000e+01;1.9903265e-01;5.7500000e+01;2.2450611e-01;5.7500000e+01;2.5498202e-01;5.7500000e+01;2.7881142e-01;5.7500000e+01;2.8901678e-01;5.7500000e+01;2.8971583e-01;5.7500000e+01;2.8369927e-01;5.7500000e+01;2.7128270e-01;5.7500000e+01;2.5274271e-01;5.7500000e+01;2.2952482e-01;5.7500000e+01;3.6988594e-02;5.7500000e+01;5.0635129e-02;5.7500000e+01;6.7208789e-02;5.7500000e+01;8.6143598e-02;5.7500000e+01;1.0623354e-01;5.7500000e+01;1.2746079e-01;5.7500000e+01;1.4868873e-01;5.7500000e+01;1.7167236e-01;5.7500000e+01;1.9903265e-01;5.7500000e+01;2.2450611e-01;5.7500000e+01;2.5498202e-01;5.7500000e+01;2.7881142e-01;5.7500000e+01;2.8901678e-01;5.7500000e+01;2.8971583e-01;5.7500000e+01;2.8369927e-01;5.7500000e+01;2.7128270e-01;5.7500000e+01;2.5274271e-01;5.7500000e+01;2.2952482e-01;5.7500000e+01;3.6988594e-02;5.7500000e+01;5.0635129e-02;5.7500000e+01;6.7208789e-02;5.7500000e+01;8.6143598e-02;5.7500000e+01;1.0623354e-01;5.7500000e+01;1.2746079e-01;5.7500000e+01;1.4868873e-01;5.7500000e+01;1.7167236e-01;5.7500000e+01;1.9903265e-01;5.7500000e+01;2.2450611e-01;5.7500000e+01;2.5498202e-01;5.7500000e+01;2.7881142e-01;5.7500000e+01;2.8901678e-01;5.7500000e+01;2.8971583e-01;5.7500000e+01;2.8369927e-01;5.7500000e+01;2.7128270e-01;5.7500000e+01;2.5274271e-01;5.7500000e+01;2.2952482e-01;5.7500000e+01;3.6988594e-02;5.7500000e+01;5.0635129e-02;5.7500000e+01;6.7208789e-02;5.7500000e+01;8.6143598e-02;5.7500000e+01;1.0623354e-01;5.7500000e+01;1.2746079e-01;5.7500000e+01;1.4868873e-01;5.7500000e+01;1.7167236e-01;5.7500000e+01;1.9903265e-01;5.7500000e+01;2.2450611e-01;5.7500000e+01;2.5498202e-01;5.7500000e+01;2.7881142e-01;5.7500000e+01;2.8901678e-01;5.7500000e+01;2.8971583e-01;5.7500000e+01;2.8369927e-01;5.7500000e+01;2.7128270e-01;5.7500000e+01;2.5274271e-01;5.7500000e+01;2.2952482e-01;5.7500000e+01;3.6988594e-02;5.7500000e+01;5.0635129e-02;5.7500000e+01;6.7208789e-02;5.7500000e+01;8.6143598e-02;5.7500000e+01;1.0623354e-01;5.7500000e+01;1.2746079e-01;5.7500000e+01;1.4868873e-01;5.7500000e+01;1.7167236e-01;5.7500000e+01;1.9903265e-01;5.7500000e+01;2.2450611e-01;5.7500000e+01;2.5498202e-01;5.7500000e+01;2.7881142e-01;5.7500000e+01;2.8901678e-01;5.7500000e+01;2.8971583e-01;5.7500000e+01;2.8369927e-01;5.7500000e+01;2.7128270e-01;5.7500000e+01;2.5274271e-01;5.7500000e+01;2.2952482e-01;5.7500000e+01;3.6988594e-02;5.7500000e+01;5.0635129e-02;5.7500000e+01;6.7208789e-02;5.7500000e+01;8.6143598e-02;5.7500000e+01;1.0623354e-01;5.7500000e+01;1.2746079e-01;5.7500000e+01;1.4868873e-01;5.7500000e+01;1.7167236e-01;5.7500000e+01;1.9903265e-01;5.7500000e+01;2.2450611e-01;5.7500000e+01;2.5498202e-01;5.7500000e+01;2.7881142e-01;5.7500000e+01;2.8901678e-01;5.7500000e+01;2.8971583e-01;5.7500000e+01;2.8369927e-01;5.7500000e+01;2.7128270e-01;5.7500000e+01;2.5274271e-01;5.7500000e+01;2.2952482e-01;5.7500000e+01;3.6988594e-02;5.7500000e+01;5.0635129e-02;5.7500000e+01;6.7208789e-02;5.7500000e+01;8.6143598e-02;5.7500000e+01;1.0623354e-01;5.7500000e+01;1.2746079e-01;5.7500000e+01;1.4868873e-01;5.7500000e+01;1.7167236e-01;5.7500000e+01;1.9903265e-01;5.7500000e+01;2.2450611e-01;5.7500000e+01;2.5498202e-01;5.7500000e+01;2.7881142e-01;5.7500000e+01;2.8901678e-01;5.7500000e+01;2.8971583e-01;5.7500000e+01;2.8369927e-01;5.7500000e+01;2.7128270e-01;5.7500000e+01;2.5274271e-01;5.7500000e+01;2.2952482e-01;5.7500000e+01;3.6988594e-02;5.7500000e+01;5.0635129e-02;5.7500000e+01;6.7208789e-02;5.7500000e+01;8.6143598e-02;5.7500000e+01;1.0623354e-01;5.7500000e+01;1.2746079e-01;5.7500000e+01;1.4868873e-01;5.7500000e+01;1.7167236e-01;5.7500000e+01;1.9903265e-01;5.7500000e+01;2.2450611e-01;5.7500000e+01;2.5498202e-01;5.7500000e+01;2.7881142e-01;5.7500000e+01;2.8901678e-01;5.7500000e+01;2.8971583e-01;5.7500000e+01;2.8369927e-01;5.7500000e+01;2.7128270e-01;5.7500000e+01;2.5274271e-01;5.7500000e+01;2.2952482e-01;5.7500000e+01;3.6988594e-02;5.7500000e+01;5.0635129e-02;5.7500000e+01;6.7208789e-02;5.7500000e+01;8.6143598e-02;5.7500000e+01;1.0623354e-01;5.7500000e+01;1.2746079e-01;5.7500000e+01;1.4868873e-01;5.7500000e+01;1.7167236e-01;5.7500000e+01;1.9903265e-01;5.7500000e+01;2.2450611e-01;5.7500000e+01;2.5498202e-01;5.7500000e+01;2.7881142e-01;5.7500000e+01;2.8901678e-01;5.7500000e+01;2.8971583e-01;5.7500000e+01;2.8369927e-01;5.7500000e+01;2.7128270e-01;5.7500000e+01;2.5274271e-01;5.7500000e+01;2.2952482e-01;5.7500000e+01;3.6988594e-02;5.7500000e+01;5.0635129e-02;5.7500000e+01;6.7208789e-02;5.7500000e+01;8.6143598e-02;5.7500000e+01;1.0623354e-01;5.7500000e+01;1.2746079e-01;5.7500000e+01;1.4868873e-01;5.7500000e+01;1.7167236e-01;5.7500000e+01;1.9903265e-01;5.7500000e+01;2.2450611e-01;5.7500000e+01;2.5498202e-01;5.7500000e+01;2.7881142e-01;5.7500000e+01;2.8901678e-01;5.7500000e+01;2.8971583e-01;5.7500000e+01;2.8369927e-01;5.7500000e+01;2.7128270e-01;5.7500000e+01;2.5274271e-01;5.7500000e+01;2.2952482e-01;5.7500000e+01;3.6988594e-02;5.7500000e+01;5.0635129e-02;5.7500000e+01;6.7208789e-02;5.7500000e+01;8.6143598e-02;5.7500000e+01;1.0623354e-01;5.7500000e+01;1.2746079e-01;5.7500000e+01;1.4868873e-01;5.7500000e+01;1.7167236e-01;5.7500000e+01;1.9903265e-01;5.7500000e+01;2.2450611e-01;5.7500000e+01;2.5498202e-01;5.7500000e+01;2.7881142e-01;5.7500000e+01;2.8901678e-01;5.7500000e+01;2.8971583e-01;5.7500000e+01;2.8369927e-01;5.7500000e+01;2.7128270e-01;5.7500000e+01;2.5274271e-01;5.7500000e+01;2.2952482e-01;5.7500000e+01;3.6988594e-02;5.7500000e+01;5.0635129e-02;5.7500000e+01;6.7208789e-02;5.7500000e+01;8.6143598e-02;5.7500000e+01;1.0623354e-01;5.7500000e+01;1.2746079e-01;5.7500000e+01;1.4868873e-01;5.7500000e+01;1.7167236e-01;5.7500000e+01;1.9903265e-01;5.7500000e+01;2.2450611e-01;5.7500000e+01;2.5498202e-01;5.7500000e+01;2.7881142e-01;5.7500000e+01;2.8901678e-01;5.7500000e+01;2.8971583e-01;5.7500000e+01;2.8369927e-01;5.7500000e+01;2.7128270e-01;5.7500000e+01;2.5274271e-01;5.7500000e+01;2.2952482e-01;5.7500000e+01;3.6988594e-02;5.7500000e+01;5.0635129e-02;5.7500000e+01;6.7208789e-02;5.7500000e+01;8.6143598e-02;5.7500000e+01;1.0623354e-01;5.7500000e+01;1.2746079e-01;5.7500000e+01;1.4868873e-01;5.7500000e+01;1.7167236e-01;5.7500000e+01;1.9903265e-01;5.7500000e+01;2.2450611e-01;5.7500000e+01;2.5498202e-01;5.7500000e+01;2.7881142e-01;5.7500000e+01;2.8901678e-01;5.7500000e+01;2.8971583e-01;5.7500000e+01;2.8369927e-01;5.7500000e+01;2.7128270e-01;5.7500000e+01;2.5274271e-01;5.7500000e+01;2.2952482e-01;5.7500000e+01;3.6988594e-02;5.7500000e+01;5.0635129e-02;5.7500000e+01;6.7208789e-02;5.7500000e+01;8.6143598e-02;5.7500000e+01;1.0623354e-01;5.7500000e+01;1.2746079e-01;5.7500000e+01;1.4868873e-01;5.7500000e+01;1.7167236e-01;5.7500000e+01;1.9903265e-01;5.7500000e+01;2.2450611e-01;5.7500000e+01;2.5498202e-01;5.7500000e+01;2.7881142e-01;5.7500000e+01;2.8901678e-01;5.7500000e+01;2.8971583e-01;5.7500000e+01;2.8369927e-01;5.7500000e+01;2.7128270e-01;5.7500000e+01;2.5274271e-01;5.7500000e+01;2.2952482e-01;5.7500000e+01;3.6988594e-02;5.7500000e+01;5.0635129e-02;5.7500000e+01;6.7208789e-02;5.7500000e+01;8.6143598e-02;5.7500000e+01;1.0623354e-01;5.7500000e+01;1.2746079e-01;5.7500000e+01;1.4868873e-01;5.7500000e+01;1.7167236e-01;5.7500000e+01;1.9903265e-01;5.7500000e+01;2.2450611e-01;5.7500000e+01;2.5498202e-01;5.7500000e+01;2.7881142e-01;5.7500000e+01;2.8901678e-01;5.7500000e+01;2.8971583e-01;5.7500000e+01;2.8369927e-01;5.7500000e+01;2.7128270e-01;5.7500000e+01;2.5274271e-01;5.7500000e+01;2.2952482e-01;5.7500000e+01;3.6988594e-02;5.7500000e+01;5.0635129e-02;5.7500000e+01;6.7208789e-02;5.7500000e+01;8.6143598e-02;5.7500000e+01;1.0623354e-01;5.7500000e+01;1.2746079e-01;5.7500000e+01;1.4868873e-01;5.7500000e+01;1.7167236e-01;5.7500000e+01;1.9903265e-01;5.7500000e+01;2.2450611e-01;5.7500000e+01;2.5498202e-01;5.7500000e+01;2.7881142e-01;5.7500000e+01;2.8901678e-01;5.7500000e+01;2.8971583e-01;5.7500000e+01;2.8369927e-01;5.7500000e+01;2.7128270e-01;5.7500000e+01;2.5274271e-01;5.7500000e+01;2.2952482e-01;5.7500000e+01;3.6988594e-02;5.7500000e+01;5.0635129e-02;5.7500000e+01;6.7208789e-02;5.7500000e+01;8.6143598e-02;5.7500000e+01;1.0623354e-01;5.7500000e+01;1.2746079e-01;5.7500000e+01;1.4868873e-01;5.7500000e+01;1.7167236e-01;5.7500000e+01;1.9903265e-01;5.7500000e+01;2.2450611e-01;5.7500000e+01;2.5498202e-01;5.7500000e+01;2.7881142e-01;5.7500000e+01;2.8901678e-01;5.7500000e+01;2.8971583e-01;5.7500000e+01;2.8369927e-01;5.7500000e+01;2.7128270e-01;5.7500000e+01;2.5274271e-01;5.7500000e+01;2.2952482e-01;5.7500000e+01;3.6988594e-02;5.7500000e+01;5.0635129e-02;5.7500000e+01;6.7208789e-02;5.7500000e+01;8.6143598e-02;5.7500000e+01;1.0623354e-01;5.7500000e+01;1.2746079e-01;5.7500000e+01;1.4868873e-01;5.7500000e+01;1.7167236e-01;5.7500000e+01;1.9903265e-01;5.7500000e+01;2.2450611e-01;5.7500000e+01;2.5498202e-01;5.7500000e+01;2.7881142e-01;5.7500000e+01;2.8901678e-01;5.7500000e+01;2.8971583e-01;5.7500000e+01;2.8369927e-01;5.7500000e+01;2.7128270e-01;5.7500000e+01;2.5274271e-01;5.7500000e+01;2.2952482e-01;5.7500000e+01;3.6988594e-02;5.7500000e+01;5.0635129e-02;5.7500000e+01;6.7208789e-02;5.7500000e+01;8.6143598e-02;5.7500000e+01;1.0623354e-01;5.7500000e+01;1.2746079e-01;5.7500000e+01;1.4868873e-01;5.7500000e+01;1.7167236e-01;5.7500000e+01;1.9903265e-01;5.7500000e+01;2.2450611e-01;5.7500000e+01;2.5498202e-01;5.7500000e+01;2.7881142e-01;5.7500000e+01;2.8901678e-01;5.7500000e+01;2.8971583e-01;5.7500000e+01;2.8369927e-01;5.7500000e+01;2.7128270e-01;5.7500000e+01;2.5274271e-01;5.7500000e+01;2.2952482e-01;5.7500000e+01;3.6988594e-02;5.7500000e+01;5.0635129e-02;5.7500000e+01;6.7208789e-02;5.7500000e+01;8.6143598e-02;5.7500000e+01;1.0623354e-01;5.7500000e+01;1.2746079e-01;5.7500000e+01;1.4868873e-01;5.7500000e+01;1.7167236e-01;5.7500000e+01;1.9903265e-01;5.7500000e+01;2.2450611e-01;5.7500000e+01;2.5498202e-01;5.7500000e+01;2.7881142e-01;5.7500000e+01;2.8901678e-01;5.7500000e+01;2.8971583e-01;5.7500000e+01;2.8369927e-01;5.7500000e+01;2.7128270e-01;5.7500000e+01;2.5274271e-01;5.7500000e+01;2.2952482e-01;5.7500000e+01;3.6988594e-02;5.7500000e+01;5.0635129e-02;5.7500000e+01;6.7208789e-02;5.7500000e+01;8.6143598e-02;5.7500000e+01;1.0623354e-01;5.7500000e+01;1.2746079e-01;5.7500000e+01;1.4868873e-01;5.7500000e+01;1.7167236e-01;5.7500000e+01;1.9903265e-01;5.7500000e+01;2.2450611e-01;5.7500000e+01;2.5498202e-01;5.7500000e+01;2.7881142e-01;5.7500000e+01;2.8901678e-01;5.7500000e+01;2.8971583e-01;5.7500000e+01;2.8369927e-01;5.7500000e+01;2.7128270e-01;5.7500000e+01;2.5274271e-01;5.7500000e+01;2.2952482e-01;5.7500000e+01;3.6988594e-02;5.7500000e+01;5.0635129e-02;5.7500000e+01;6.7208789e-02;5.7500000e+01;8.6143598e-02;5.7500000e+01;1.0623354e-01;5.7500000e+01;1.2746079e-01;5.7500000e+01;1.4868873e-01;5.7500000e+01;1.7167236e-01;5.7500000e+01;1.9903265e-01;5.7500000e+01;2.2450611e-01;5.7500000e+01;2.5498202e-01;5.7500000e+01;2.7881142e-01;5.7500000e+01;2.8901678e-01;5.7500000e+01;2.8971583e-01;5.7500000e+01;2.8369927e-01;5.7500000e+01;2.7128270e-01;5.7500000e+01;2.5274271e-01;5.7500000e+01;2.2952482e-01;5.7500000e+01;3.6988594e-02;5.7500000e+01;5.0635129e-02;5.7500000e+01;6.7208789e-02;5.7500000e+01;8.6143598e-02;5.7500000e+01;1.0623354e-01;5.7500000e+01;1.2746079e-01;5.7500000e+01;1.4868873e-01;5.7500000e+01;1.7167236e-01;5.7500000e+01;1.9903265e-01;5.7500000e+01;2.2450611e-01;5.7500000e+01;2.5498202e-01;5.7500000e+01;2.7881142e-01;5.7500000e+01;2.8901678e-01;5.7500000e+01;2.8971583e-01;5.7500000e+01;2.8369927e-01;5.7500000e+01;2.7128270e-01;5.7500000e+01;2.5274271e-01;5.7500000e+01;2.2952482e-01;5.7500000e+01;3.6988594e-02;5.7500000e+01;5.0635129e-02;5.7500000e+01;6.7208789e-02;5.7500000e+01;8.6143598e-02;5.7500000e+01;1.0623354e-01;5.7500000e+01;1.2746079e-01;5.7500000e+01;1.4868873e-01;5.7500000e+01;1.7167236e-01;5.7500000e+01;1.9903265e-01;5.7500000e+01;2.2450611e-01;5.7500000e+01;2.5498202e-01;5.7500000e+01;2.7881142e-01;5.7500000e+01;2.8901678e-01;5.7500000e+01;2.8971583e-01;5.7500000e+01;2.8369927e-01;5.7500000e+01;2.7128270e-01;5.7500000e+01;2.5274271e-01;5.7500000e+01;2.2952482e-01;5.7500000e+01;3.6988594e-02;5.7500000e+01;5.0635129e-02;5.7500000e+01;6.7208789e-02;5.7500000e+01;8.6143598e-02;5.7500000e+01;1.0623354e-01;5.7500000e+01;1.2746079e-01;5.7500000e+01;1.4868873e-01;5.7500000e+01;1.7167236e-01;5.7500000e+01;1.9903265e-01;5.7500000e+01;2.2450611e-01;5.7500000e+01;2.5498202e-01;5.7500000e+01;2.7881142e-01;5.7500000e+01;2.8901678e-01;5.7500000e+01;2.8971583e-01;5.7500000e+01;2.8369927e-01;5.7500000e+01;2.7128270e-01;5.7500000e+01;2.5274271e-01;5.7500000e+01;2.2952482e-01;5.7500000e+01;3.6988594e-02;5.7500000e+01;5.0635129e-02;5.7500000e+01;6.7208789e-02;5.7500000e+01;8.6143598e-02;5.7500000e+01;1.0623354e-01;5.7500000e+01;1.2746079e-01;5.7500000e+01;1.4868873e-01;5.7500000e+01;1.7167236e-01;5.7500000e+01;1.9903265e-01;5.7500000e+01;2.2450611e-01;5.7500000e+01;2.5498202e-01;5.7500000e+01;2.7881142e-01;5.7500000e+01;2.8901678e-01;5.7500000e+01;2.8971583e-01;5.7500000e+01;2.8369927e-01;5.7500000e+01;2.7128270e-01;5.7500000e+01;2.5274271e-01;5.7500000e+01;2.2952482e-01;5.7500000e+01;3.6988594e-02;5.7500000e+01;5.0635129e-02;5.7500000e+01;6.7208789e-02;5.7500000e+01;8.6143598e-02;5.7500000e+01;1.0623354e-01;5.7500000e+01;1.2746079e-01;5.7500000e+01;1.4868873e-01;5.7500000e+01;1.7167236e-01;5.7500000e+01;1.9903265e-01;5.7500000e+01;2.2450611e-01;5.7500000e+01;2.5498202e-01;5.7500000e+01;2.7881142e-01;5.7500000e+01;2.8901678e-01;5.7500000e+01;2.8971583e-01;5.7500000e+01;2.8369927e-01;5.7500000e+01;2.7128270e-01;5.7500000e+01;2.5274271e-01;5.7500000e+01;2.2952482e-01;5.7500000e+01;3.6988594e-02;5.7500000e+01;5.0635129e-02;5.7500000e+01;6.7208789e-02;5.7500000e+01;8.6143598e-02;5.7500000e+01;1.0623354e-01;5.7500000e+01;1.2746079e-01;5.7500000e+01;1.4868873e-01;5.7500000e+01;1.7167236e-01;5.7500000e+01;1.9903265e-01;5.7500000e+01;2.2450611e-01;5.7500000e+01;2.5498202e-01;5.7500000e+01;2.7881142e-01;5.7500000e+01;2.8901678e-01;5.7500000e+01;2.8971583e-01;5.7500000e+01;2.8369927e-01;5.7500000e+01;2.7128270e-01;5.7500000e+01;2.5274271e-01;5.7500000e+01;2.2952482e-01;5.7500000e+01;3.6988594e-02;5.7500000e+01;5.0635129e-02;5.7500000e+01;6.7208789e-02;5.7500000e+01;8.6143598e-02;5.7500000e+01;1.0623354e-01;5.7500000e+01;1.2746079e-01;5.7500000e+01;1.4868873e-01;5.7500000e+01;1.7167236e-01;5.7500000e+01;1.9903265e-01;5.7500000e+01;2.2450611e-01;5.7500000e+01;2.5498202e-01;5.7500000e+01;2.7881142e-01;5.7500000e+01;2.8901678e-01;5.7500000e+01;2.8971583e-01;5.7500000e+01;2.8369927e-01;5.7500000e+01;2.7128270e-01;5.7500000e+01;2.5274271e-01;5.7500000e+01;2.2952482e-01;5.7500000e+01;3.6988594e-02;5.7500000e+01;5.0635129e-02;5.7500000e+01;6.7208789e-02;5.7500000e+01;8.6143598e-02;5.7500000e+01;1.0623354e-01;5.7500000e+01;1.2746079e-01;5.7500000e+01;1.4868873e-01;5.7500000e+01;1.7167236e-01;5.7500000e+01;1.9903265e-01;5.7500000e+01;2.2450611e-01;5.7500000e+01;2.5498202e-01;5.7500000e+01;2.7881142e-01;5.7500000e+01;2.8901678e-01;5.7500000e+01;2.8971583e-01;5.7500000e+01;2.8369927e-01;5.7500000e+01;2.7128270e-01;5.7500000e+01;2.5274271e-01;5.7500000e+01;2.2952482e-01;5.7500000e+01;3.6988594e-02;5.7500000e+01;5.0635129e-02;5.7500000e+01;6.7208789e-02;5.7500000e+01;8.6143598e-02;5.7500000e+01;1.0623354e-01;5.7500000e+01;1.2746079e-01;5.7500000e+01;1.4868873e-01;5.7500000e+01;1.7167236e-01;5.7500000e+01;1.9903265e-01;5.7500000e+01;2.2450611e-01;5.7500000e+01;2.5498202e-01;5.7500000e+01;2.7881142e-01;5.7500000e+01;2.8901678e-01;5.7500000e+01;2.8971583e-01;5.7500000e+01;2.8369927e-01;5.7500000e+01;2.7128270e-01;5.7500000e+01;2.5274271e-01;5.7500000e+01;2.2952482e-01;5.7500000e+01;3.6988594e-02;5.7500000e+01;5.0635129e-02;5.7500000e+01;6.7208789e-02;5.7500000e+01;8.6143598e-02;5.7500000e+01;1.0623354e-01;5.7500000e+01;1.2746079e-01;5.7500000e+01;1.4868873e-01;5.7500000e+01;1.7167236e-01;5.7500000e+01;1.9903265e-01;5.7500000e+01;2.2450611e-01;5.7500000e+01;2.5498202e-01;5.7500000e+01;2.7881142e-01;5.7500000e+01;2.8901678e-01;5.7500000e+01;2.8971583e-01;5.7500000e+01;2.8369927e-01;5.7500000e+01;2.7128270e-01;5.7500000e+01;2.5274271e-01;5.7500000e+01;2.2952482e-01;5.7500000e+01;3.6988594e-02;5.7500000e+01;5.0635129e-02;5.7500000e+01;6.7208789e-02;5.7500000e+01;8.6143598e-02;5.7500000e+01;1.0623354e-01;5.7500000e+01;1.2746079e-01;5.7500000e+01;1.4868873e-01;5.7500000e+01;1.7167236e-01;5.7500000e+01;1.9903265e-01;5.7500000e+01;2.2450611e-01;5.7500000e+01;2.5498202e-01;5.7500000e+01;2.7881142e-01;5.7500000e+01;2.8901678e-01;5.7500000e+01;2.8971583e-01;5.7500000e+01;2.8369927e-01;5.7500000e+01;2.7128270e-01;5.7500000e+01;2.5274271e-01;5.7500000e+01;2.2952482e-01;5.7500000e+01;3.6988594e-02;5.7500000e+01;5.0635129e-02;5.7500000e+01;6.7208789e-02;5.7500000e+01;8.6143598e-02;5.7500000e+01;1.0623354e-01;5.7500000e+01;1.2746079e-01;5.7500000e+01;1.4868873e-01;5.7500000e+01;1.7167236e-01;5.7500000e+01;1.9903265e-01;5.7500000e+01;2.2450611e-01;5.7500000e+01;2.5498202e-01;5.7500000e+01;2.7881142e-01;5.7500000e+01;2.8901678e-01;5.7500000e+01;2.8971583e-01;5.7500000e+01;2.8369927e-01;5.7500000e+01;2.7128270e-01;5.7500000e+01;2.5274271e-01;5.7500000e+01;2.2952482e-01;5.7500000e+01;3.6988594e-02;5.7500000e+01;5.0635129e-02;5.7500000e+01;6.7208789e-02;5.7500000e+01;8.6143598e-02;5.7500000e+01;1.0623354e-01;5.7500000e+01;1.2746079e-01;5.7500000e+01;1.4868873e-01;5.7500000e+01;1.7167236e-01;5.7500000e+01;1.9903265e-01;5.7500000e+01;2.2450611e-01;5.7500000e+01;2.5498202e-01;5.7500000e+01;2.7881142e-01;5.7500000e+01;2.8901678e-01;5.7500000e+01;2.8971583e-01;5.7500000e+01;2.8369927e-01;5.7500000e+01;2.7128270e-01;5.7500000e+01;2.5274271e-01;5.7500000e+01;2.2952482e-01;5.7500000e+01;3.6988594e-02;5.7500000e+01;5.0635129e-02;5.7500000e+01;6.7208789e-02;5.7500000e+01;8.6143598e-02;5.7500000e+01;1.0623354e-01;5.7500000e+01;1.2746079e-01;5.7500000e+01;1.4868873e-01;5.7500000e+01;1.7167236e-01;5.7500000e+01;1.9903265e-01;5.7500000e+01;2.2450611e-01;5.7500000e+01;2.5498202e-01;5.7500000e+01;2.7881142e-01;5.7500000e+01;2.8901678e-01;5.7500000e+01;2.8971583e-01;5.7500000e+01;2.8369927e-01;5.7500000e+01;2.7128270e-01;5.7500000e+01;2.5274271e-01;5.7500000e+01;2.2952482e-01;5.7500000e+01;3.6988594e-02;5.7500000e+01;5.0635129e-02;5.7500000e+01;6.7208789e-02;5.7500000e+01;8.6143598e-02;5.7500000e+01;1.0623354e-01;5.7500000e+01;1.2746079e-01;5.7500000e+01;1.4868873e-01;5.7500000e+01;1.7167236e-01;5.7500000e+01;1.9903265e-01;5.7500000e+01;2.2450611e-01;5.7500000e+01;2.5498202e-01;5.7500000e+01;2.7881142e-01;5.7500000e+01;2.8901678e-01;5.7500000e+01;2.8971583e-01;5.7500000e+01;2.8369927e-01;5.7500000e+01;2.7128270e-01;5.7500000e+01;2.5274271e-01;5.7500000e+01;2.2952482e-01;5.7500000e+01;3.6988594e-02;5.7500000e+01;5.0635129e-02;5.7500000e+01;6.7208789e-02;5.7500000e+01;8.6143598e-02;5.7500000e+01;1.0623354e-01;5.7500000e+01;1.2746079e-01;5.7500000e+01;1.4868873e-01;5.7500000e+01;1.7167236e-01;5.7500000e+01;1.9903265e-01;5.7500000e+01;2.2450611e-01;5.7500000e+01;2.5498202e-01;5.7500000e+01;2.7881142e-01;5.7500000e+01;2.8901678e-01;5.7500000e+01;2.8971583e-01;5.7500000e+01;2.8369927e-01;5.7500000e+01;2.7128270e-01;5.7500000e+01;2.5274271e-01;5.7500000e+01;2.2952482e-01;5.7500000e+01;3.6988594e-02;5.7500000e+01;5.0635129e-02;5.7500000e+01;6.7208789e-02;5.7500000e+01;8.6143598e-02;5.7500000e+01;1.0623354e-01;5.7500000e+01;1.2746079e-01;5.7500000e+01;1.4868873e-01;5.7500000e+01;1.7167236e-01;5.7500000e+01;1.9903265e-01;5.7500000e+01;2.2450611e-01;5.7500000e+01;2.5498202e-01;5.7500000e+01;2.7881142e-01;5.7500000e+01;2.8901678e-01;5.7500000e+01;2.8971583e-01;5.7500000e+01;2.8369927e-01;5.7500000e+01;2.7128270e-01;5.7500000e+01;2.5274271e-01;5.7500000e+01;2.2952482e-01;5.7500000e+01;3.6988594e-02;5.7500000e+01;5.0635129e-02;5.7500000e+01;6.7208789e-02;5.7500000e+01;8.6143598e-02;5.7500000e+01;1.0623354e-01;5.7500000e+01;1.2746079e-01;5.7500000e+01;1.4868873e-01;5.7500000e+01;1.7167236e-01;5.7500000e+01;1.9903265e-01;5.7500000e+01;2.2450611e-01;5.7500000e+01;2.5498202e-01;5.7500000e+01;2.7881142e-01;5.7500000e+01;2.8901678e-01;5.7500000e+01;2.8971583e-01;5.7500000e+01;2.8369927e-01;5.7500000e+01;2.7128270e-01;5.7500000e+01;2.5274271e-01;5.7500000e+01;2.2952482e-01;5.7500000e+01;3.6988594e-02;5.7500000e+01;5.0635129e-02;5.7500000e+01;6.7208789e-02;5.7500000e+01;8.6143598e-02;5.7500000e+01;1.0623354e-01;5.7500000e+01;1.2746079e-01;5.7500000e+01;1.4868873e-01;5.7500000e+01;1.7167236e-01;5.7500000e+01;1.9903265e-01;5.7500000e+01;2.2450611e-01;5.7500000e+01;2.5498202e-01;5.7500000e+01;2.7881142e-01;5.7500000e+01;2.8901678e-01;5.7500000e+01;2.8971583e-01;5.7500000e+01;2.8369927e-01;5.7500000e+01;2.7128270e-01;5.7500000e+01;2.5274271e-01;5.7500000e+01;2.2952482e-01;5.7500000e+01;3.6988594e-02;5.7500000e+01;5.0635129e-02;5.7500000e+01;6.7208789e-02;5.7500000e+01;8.6143598e-02;5.7500000e+01;1.0623354e-01;5.7500000e+01;1.2746079e-01;5.7500000e+01;1.4868873e-01;5.7500000e+01;1.7167236e-01;5.7500000e+01;1.9903265e-01;5.7500000e+01;2.2450611e-01;5.7500000e+01;2.5498202e-01;5.7500000e+01;2.7881142e-01;5.7500000e+01;2.8901678e-01;5.7500000e+01;2.8971583e-01;5.7500000e+01;2.8369927e-01;5.7500000e+01;2.7128270e-01;5.7500000e+01;2.5274271e-01;5.7500000e+01;2.2952482e-01;5.7500000e+01;3.6988594e-02;5.7500000e+01;5.0635129e-02;5.7500000e+01;6.7208789e-02;5.7500000e+01;8.6143598e-02;5.7500000e+01;1.0623354e-01;5.7500000e+01;1.2746079e-01;5.7500000e+01;1.4868873e-01;5.7500000e+01;1.7167236e-01;5.7500000e+01;1.9903265e-01;5.7500000e+01;2.2450611e-01;5.7500000e+01;2.5498202e-01;5.7500000e+01;2.7881142e-01;5.7500000e+01;2.8901678e-01;5.7500000e+01;2.8971583e-01;5.7500000e+01;2.8369927e-01;5.7500000e+01;2.7128270e-01;5.7500000e+01;2.5274271e-01;5.7500000e+01;2.2952482e-01;5.7500000e+01;3.6988594e-02;5.7500000e+01;5.0635129e-02;5.7500000e+01;6.7208789e-02;5.7500000e+01;8.6143598e-02;5.7500000e+01;1.0623354e-01;5.7500000e+01;1.2746079e-01;5.7500000e+01;1.4868873e-01;5.7500000e+01;1.7167236e-01;5.7500000e+01;1.9903265e-01;5.7500000e+01;2.2450611e-01;5.7500000e+01;2.5498202e-01;5.7500000e+01;2.7881142e-01;5.7500000e+01;2.8901678e-01;5.7500000e+01;2.8971583e-01;5.7500000e+01;2.8369927e-01;5.7500000e+01;2.7128270e-01;5.7500000e+01;2.5274271e-01;5.7500000e+01;2.2952482e-01;5.7500000e+01;3.6988594e-02;5.7500000e+01;5.0635129e-02;5.7500000e+01;6.7208789e-02;5.7500000e+01;8.6143598e-02;5.7500000e+01;1.0623354e-01;5.7500000e+01;1.2746079e-01;5.7500000e+01;1.4868873e-01;5.7500000e+01;1.7167236e-01;5.7500000e+01;1.9903265e-01;5.7500000e+01;2.2450611e-01;5.7500000e+01;2.5498202e-01;5.7500000e+01;2.7881142e-01;5.7500000e+01;2.8901678e-01;5.7500000e+01;2.8971583e-01;5.7500000e+01;2.8369927e-01;5.7500000e+01;2.7128270e-01;5.7500000e+01;2.5274271e-01;5.7500000e+01;2.2952482e-01
6.2500000e+01;3.7068509e-02;6.2500000e+01;5.1452287e-02;6.2500000e+01;6.7784697e-02;6.2500000e+01;8.6625278e-02;6.2500000e+01;1.0732527e-01;6.2500000e+01;1.2881511e-01;6.2500000e+01;1.5131785e-01;6.2500000e+01;1.7392430e-01;6.2500000e+01;1.9868082e-01;6.2500000e+01;2.2272110e-01;6.2500000e+01;2.5067833e-01;6.2500000e+01;2.7420700e-01;6.2500000e+01;2.8763592e-01;6.2500000e+01;2.9022652e-01;6.2500000e+01;2.8592041e-01;6.2500000e+01;2.7492261e-01;6.2500000e+01;2.5751576e-01;6.2500000e+01;2.3537517e-01;6.2500000e+01;3.7068509e-02;6.2500000e+01;5.1452287e-02;6.2500000e+01;6.7784697e-02;6.2500000e+01;8.6625278e-02;6.2500000e+01;1.0732527e-01;6.2500000e+01;1.2881511e-01;6.2500000e+01;1.5131785e-01;6.2500000e+01;1.7392430e-01;6.2500000e+01;1.9868082e-01;6.2500000e+01;2.2272110e-01;6.2500000e+01;2.5067833e-01;6.2500000e+01;2.7420700e-01;6.2500000e+01;2.8763592e-01;6.2500000e+01;2.9022652e-01;6.2500000e+01;2.8592041e-01;6.2500000e+01;2.7492261e-01;6.2500000e+01;2.5751576e-01;6.2500000e+01;2.3537517e-01;6.2500000e+01;3.7068509e-02;6.2500000e+01;5.1452287e-02;6.2500000e+01;6.7784697e-02;6.2500000e+01;8.6625278e-02;6.2500000e+01;1.0732527e-01;6.2500000e+01;1.2881511e-01;6.2500000e+01;1.5131785e-01;6.2500000e+01;1.7392430e-01;6.2500000e+01;1.9868082e-01;6.2500000e+01;2.2272110e-01;6.2500000e+01;2.5067833e-01;6.2500000e+01;2.7420700e-01;6.2500000e+01;2.8763592e-01;6.2500000e+01;2.9022652e-01;6.2500000e+01;2.8592041e-01;6.2500000e+01;2.7492261e-01;6.2500000e+01;2.5751576e-01;6.2500000e+01;2.3537517e-01;6.2500000e+01;3.7068509e-02;6.2500000e+01;5.1452287e-02;6.2500000e+01;6.7784697e-02;6.2500000e+01;8.6625278e-02;6.2500000e+01;1.0732527e-01;6.2500000e+01;1.2881511e-01;6.2500000e+01;1.5131785e-01;6.2500000e+01;1.7392430e-01;6.2500000e+01;1.9868082e-01;6.2500000e+01;2.2272110e-01;6.2500000e+01;2.5067833e-01;6.2500000e+01;2.7420700e-01;6.2500000e+01;2.8763592e-01;6.2500000e+01;2.9022652e-01;6.2500000e+01;2.8592041e-01;6.2500000e+01;2.7492261e-01;6.2500000e+01;2.5751576e-01;6.2500000e+01;2.3537517e-01;6.2500000e+01;3.7068509e-02;6.2500000e+01;5.1452287e-02;6.2500000e+01;6.7784697e-02;6.2500000e+01;8.6625278e-02;6.2500000e+01;1.0732527e-01;6.2500000e+01;1.2881511e-01;6.2500000e+01;1.5131785e-01;6.2500000e+01;1.7392430e-01;6.2500000e+01;1.9868082e-01;6.2500000e+01;2.2272110e-01;6.2500000e+01;2.5067833e-01;6.2500000e+01;2.7420700e-01;6.2500000e+01;2.8763592e-01;6.2500000e+01;2.9022652e-01;6.2500000e+01;2.8592041e-01;6.2500000e+01;2.7492261e-01;6.2500000e+01;2.5751576e-01;6.2500000e+01;2.3537517e-01;6.2500000e+01;3.7068509e-02;6.2500000e+01;5.1452287e-02;6.2500000e+01;6.7784697e-02;6.2500000e+01;8.6625278e-02;6.2500000e+01;1.0732527e-01;6.2500000e+01;1.2881511e-01;6.2500000e+01;1.5131785e-01;6.2500000e+01;1.7392430e-01;6.2500000e+01;1.9868082e-01;6.2500000e+01;2.2272110e-01;6.2500000e+01;2.5067833e-01;6.2500000e+01;2.7420700e-01;6.2500000e+01;2.8763592e-01;6.2500000e+01;2.9022652e-01;6.2500000e+01;2.8592041e-01;6.2500000e+01;2.7492261e-01;6.2500000e+01;2.5751576e-01;6.2500000e+01;2.3537517e-01;6.2500000e+01;3.7068509e-02;6.2500000e+01;5.1452287e-02;6.2500000e+01;6.7784697e-02;6.2500000e+01;8.6625278e-02;6.2500000e+01;1.0732527e-01;6.2500000e+01;1.2881511e-01;6.2500000e+01;1.5131785e-01;6.2500000e+01;1.7392430e-01;6.2500000e+01;1.9868082e-01;6.2500000e+01;2.2272110e-01;6.2500000e+01;2.5067833e-01;6.2500000e+01;2.7420700e-01;6.2500000e+01;2.8763592e-01;6.2500000e+01;2.9022652e-01;6.2500000e+01;2.8592041e-01;6.2500000e+01;2.7492261e-01;6.2500000e+01;2.5751576e-01;6.2500000e+01;2.3537517e-01;6.2500000e+01;3.7068509e-02;6.2500000e+01;5.1452287e-02;6.2500000e+01;6.7784697e-02;6.2500000e+01;8.6625278e-02;6.2500000e+01;1.0732527e-01;6.2500000e+01;1.2881511e-01;6.2500000e+01;1.5131785e-01;6.2500000e+01;1.7392430e-01;6.2500000e+01;1.9868082e-01;6.2500000e+01;2.2272110e-01;6.2500000e+01;2.5067833e-01;6.2500000e+01;2.7420700e-01;6.2500000e+01;2.8763592e-01;6.2500000e+01;2.9022652e-01;6.2500000e+01;2.8592041e-01;6.2500000e+01;2.7492261e-01;6.2500000e+01;2.5751576e-01;6.2500000e+01;2.3537517e-01;6.2500000e+01;3.7068509e-02;6.2500000e+01;5.1452287e-02;6.2500000e+01;6.7784697e-02;6.2500000e+01;8.6625278e-02;6.2500000e+01;1.0732527e-01;6.2500000e+01;1.2881511e-01;6.2500000e+01;1.5131785e-01;6.2500000e+01;1.7392430e-01;6.2500000e+01;1.9868082e-01;6.2500000e+01;2.2272110e-01;6.2500000e+01;2.5067833e-01;6.2500000e+01;2.7420700e-01;6.2500000e+01;2.8763592e-01;6.2500000e+01;2.9022652e-01;6.2500000e+01;2.8592041e-01;6.2500000e+01;2.7492261e-01;6.2500000e+01;2.5751576e-01;6.2500000e+01;2.3537517e-01;6.2500000e+01;3.7068509e-02;6.2500000e+01;5.1452287e-02;6.2500000e+01;6.7784697e-02;6.2500000e+01;8.6625278e-02;6.2500000e+01;1.0732527e-01;6.2500000e+01;1.2881511e-01;6.2500000e+01;1.5131785e-01;6.2500000e+01;1.7392430e-01;6.2500000e+01;1.9868082e-01;6.2500000e+01;2.2272110e-01;6.2500000e+01;2.5067833e-01;6.2500000e+01;2.7420700e-01;6.2500000e+01;2.8763592e-01;6.2500000e+01;2.9022652e-01;6.2500000e+01;2.8592041e-01;6.2500000e+01;2.7492261e-01;6.2500000e+01;2.5751576e-01;6.2500000e+01;2.3537517e-01;6.2500000e+01;3.7068509e-02;6.2500000e+01;5.1452287e-02;6.2500000e+01;6.7784697e-02;6.2500000e+01;8.6625278e-02;6.2500000e+01;1.0732527e-01;6.2500000e+01;1.2881511e-01;6.2500000e+01;1.5131785e-01;6.2500000e+01;1.7392430e-01;6.2500000e+01;1.9868082e-01;6.2500000e+01;2.2272110e-01;6.2500000e+01;2.5067833e-01;6.2500000e+01;2.7420700e-01;6.2500000e+01;2.8763592e-01;6.2500000e+01;2.9022652e-01;6.2500000e+01;2.8592041e-01;6.2500000e+01;2.7492261e-01;6.2500000e+01;2.5751576e-01;6.2500000e+01;2.3537517e-01;6.2500000e+01;3.7068509e-02;6.2500000e+01;5.1452287e-02;6.2500000e+01;6.7784697e-02;6.2500000e+01;8.6625278e-02;6.2500000e+01;1.0732527e-01;6.2500000e+01;1.2881511e-01;6.2500000e+01;1.5131785e-01;6.2500000e+01;1.7392430e-01;6.2500000e+01;1.9868082e-01;6.2500000e+01;2.2272110e-01;6.2500000e+01;2.5067833e-01;6.2500000e+01;2.7420700e-01;6.2500000e+01;2.8763592e-01;6.2500000e+01;2.9022652e-01;6.2500000e+01;2.8592041e-01;6.2500000e+01;2.7492261e-01;6.2500000e+01;2.5751576e-01;6.2500000e+01;2.3537517e-01;6.2500000e+01;3.7068509e-02;6.2500000e+01;5.1452287e-02;6.2500000e+01;6.7784697e-02;6.2500000e+01;8.6625278e-02;6.2500000e+01;1.0732527e-01;6.2500000e+01;1.2881511e-01;6.2500000e+01;1.5131785e-01;6.2500000e+01;1.7392430e-01;6.2500000e+01;1.9868082e-01;6.2500000e+01;2.2272110e-01;6.2500000e+01;2.5067833e-01;6.2500000e+01;2.7420700e-01;6.2500000e+01;2.8763592e-01;6.2500000e+01;2.9022652e-01;6.2500000e+01;2.8592041e-01;6.2500000e+01;2.7492261e-01;6.2500000e+01;2.5751576e-01;6.2500000e+01;2.3537517e-01;6.2500000e+01;3.7068509e-02;6.2500000e+01;5.1452287e-02;6.2500000e+01;6.7784697e-02;6.2500000e+01;8.6625278e-02;6.2500000e+01;1.0732527e-01;6.2500000e+01;1.2881511e-01;6.2500000e+01;1.5131785e-01;6.2500000e+01;1.7392430e-01;6.2500000e+01;1.9868082e-01;6.2500000e+01;2.2272110e-01;6.2500000e+01;2.5067833e-01;6.2500000e+01;2.7420700e-01;6.2500000e+01;2.8763592e-01;6.2500000e+01;2.9022652e-01;6.2500000e+01;2.8592041e-01;6.2500000e+01;2.7492261e-01;6.2500000e+01;2.5751576e-01;6.2500000e+01;2.3537517e-01;6.2500000e+01;3.7068509e-02;6.2500000e+01;5.1452287e-02;6.2500000e+01;6.7784697e-02;6.2500000e+01;8.6625278e-02;6.2500000e+01;1.0732527e-01;6.2500000e+01;1.2881511e-01;6.2500000e+01;1.5131785e-01;6.2500000e+01;1.7392430e-01;6.2500000e+01;1.9868082e-01;6.2500000e+01;2.2272110e-01;6.2500000e+01;2.5067833e-01;6.2500000e+01;2.7420700e-01;6.2500000e+01;2.8763592e-01;6.2500000e+01;2.9022652e-01;6.2500000e+01;2.8592041e-01;6.2500000e+01;2.7492261e-01;6.2500000e+01;2.5751576e-01;6.2500000e+01;2.3537517e-01;6.2500000e+01;3.7068509e-02;6.2500000e+01;5.1452287e-02;6.2500000e+01;6.7784697e-02;6.2500000e+01;8.6625278e-02;6.2500000e+01;1.0732527e-01;6.2500000e+01;1.2881511e-01;6.2500000e+01;1.5131785e-01;6.2500000e+01;1.7392430e-01;6.2500000e+01;1.9868082e-01;6.2500000e+01;2.2272110e-01;6.2500000e+01;2.5067833e-01;6.2500000e+01;2.7420700e-01;6.2500000e+01;2.8763592e-01;6.2500000e+01;2.9022652e-01;6.2500000e+01;2.8592041e-01;6.2500000e+01;2.7492261e-01;6.2500000e+01;2.5751576e-01;6.2500000e+01;2.3537517e-01;6.2500000e+01;3.7068509e-02;6.2500000e+01;5.1452287e-02;6.2500000e+01;6.7784697e-02;6.2500000e+01;8.6625278e-02;6.2500000e+01;1.0732527e-01;6.2500000e+01;1.2881511e-01;6.2500000e+01;1.5131785e-01;6.2500000e+01;1.7392430e-01;6.2500000e+01;1.9868082e-01;6.2500000e+01;2.2272110e-01;6.2500000e+01;2.5067833e-01;6.2500000e+01;2.7420700e-01;6.2500000e+01;2.8763592e-01;6.2500000e+01;2.9022652e-01;6.2500000e+01;2.8592041e-01;6.2500000e+01;2.7492261e-01;6.2500000e+01;2.5751576e-01;6.2500000e+01;2.3537517e-01;6.2500000e+01;3.7068509e-02;6.2500000e+01;5.1452287e-02;6.2500000e+01;6.7784697e-02;6.2500000e+01;8.6625278e-02;6.2500000e+01;1.0732527e-01;6.2500000e+01;1.2881511e-01;6.2500000e+01;1.5131785e-01;6.2500000e+01;1.7392430e-01;6.2500000e+01;1.9868082e-01;6.2500000e+01;2.2272110e-01;6.2500000e+01;2.5067833e-01;6.2500000e+01;2.7420700e-01;6.2500000e+01;2.8763592e-01;6.2500000e+01;2.9022652e-01;6.2500000e+01;2.8592041e-01;6.2500000e+01;2.7492261e-01;6.2500000e+01;2.5751576e-01;6.2500000e+01;2.3537517e-01;6.2500000e+01;3.7068509e-02;6.2500000e+01;5.1452287e-02;6.2500000e+01;6.7784697e-02;6.2500000e+01;8.6625278e-02;6.2500000e+01;1.0732527e-01;6.2500000e+01;1.2881511e-01;6.2500000e+01;1.5131785e-01;6.2500000e+01;1.7392430e-01;6.2500000e+01;1.9868082e-01;6.2500000e+01;2.2272110e-01;6.2500000e+01;2.5067833e-01;6.2500000e+01;2.7420700e-01;6.2500000e+01;2.8763592e-01;6.2500000e+01;2.9022652e-01;6.2500000e+01;2.8592041e-01;6.2500000e+01;2.7492261e-01;6.2500000e+01;2.5751576e-01;6.2500000e+01;2.3537517e-01;6.2500000e+01;3.7068509e-02;6.2500000e+01;5.1452287e-02;6.2500000e+01;6.7784697e-02;6.2500000e+01;8.6625278e-02;6.2500000e+01;1.0732527e-01;6.2500000e+01;1.2881511e-01;6.2500000e+01;1.5131785e-01;6.2500000e+01;1.7392430e-01;6.2500000e+01;1.9868082e-01;6.2500000e+01;2.2272110e-01;6.2500000e+01;2.5067833e-01;6.2500000e+01;2.7420700e-01;6.2500000e+01;2.8763592e-01;6.2500000e+01;2.9022652e-01;6.2500000e+01;2.8592041e-01;6.2500000e+01;2.7492261e-01;6.2500000e+01;2.5751576e-01;6.2500000e+01;2.3537517e-01;6.2500000e+01;3.7068509e-02;6.2500000e+01;5.1452287e-02;6.2500000e+01;6.7784697e-02;6.2500000e+01;8.6625278e-02;6.2500000e+01;1.0732527e-01;6.2500000e+01;1.2881511e-01;6.2500000e+01;1.5131785e-01;6.2500000e+01;1.7392430e-01;6.2500000e+01;1.9868082e-01;6.2500000e+01;2.2272110e-01;6.2500000e+01;2.5067833e-01;6.2500000e+01;2.7420700e-01;6.2500000e+01;2.8763592e-01;6.2500000e+01;2.9022652e-01;6.2500000e+01;2.8592041e-01;6.2500000e+01;2.7492261e-01;6.2500000e+01;2.5751576e-01;6.2500000e+01;2.3537517e-01;6.2500000e+01;3.7068509e-02;6.2500000e+01;5.1452287e-02;6.2500000e+01;6.7784697e-02;6.2500000e+01;8.6625278e-02;6.2500000e+01;1.0732527e-01;6.2500000e+01;1.2881511e-01;6.2500000e+01;1.5131785e-01;6.2500000e+01;1.7392430e-01;6.2500000e+01;1.9868082e-01;6.2500000e+01;2.2272110e-01;6.2500000e+01;2.5067833e-01;6.2500000e+01;2.7420700e-01;6.2500000e+01;2.8763592e-01;6.2500000e+01;2.9022652e-01;6.2500000e+01;2.8592041e-01;6.2500000e+01;2.7492261e-01;6.2500000e+01;2.5751576e-01;6.2500000e+01;2.3537517e-01;6.2500000e+01;3.7068509e-02;6.2500000e+01;5.1452287e-02;6.2500000e+01;6.7784697e-02;6.2500000e+01;8.6625278e-02;6.2500000e+01;1.0732527e-01;6.2500000e+01;1.2881511e-01;6.2500000e+01;1.5131785e-01;6.2500000e+01;1.7392430e-01;6.2500000e+01;1.9868082e-01;6.2500000e+01;2.2272110e-01;6.2500000e+01;2.5067833e-01;6.2500000e+01;2.7420700e-01;6.2500000e+01;2.8763592e-01;6.2500000e+01;2.9022652e-01;6.2500000e+01;2.8592041e-01;6.2500000e+01;2.7492261e-01;6.2500000e+01;2.5751576e-01;6.2500000e+01;2.3537517e-01;6.2500000e+01;3.7068509e-02;6.2500000e+01;5.1452287e-02;6.2500000e+01;6.7784697e-02;6.2500000e+01;8.6625278e-02;6.2500000e+01;1.0732527e-01;6.2500000e+01;1.2881511e-01;6.2500000e+01;1.5131785e-01;6.2500000e+01;1.7392430e-01;6.2500000e+01;1.9868082e-01;6.2500000e+01;2.2272110e-01;6.2500000e+01;2.5067833e-01;6.2500000e+01;2.7420700e-01;6.2500000e+01;2.8763592e-01;6.2500000e+01;2.9022652e-01;6.2500000e+01;2.8592041e-01;6.2500000e+01;2.7492261e-01;6.2500000e+01;2.5751576e-01;6.2500000e+01;2.3537517e-01;6.2500000e+01;3.7068509e-02;6.2500000e+01;5.1452287e-02;6.2500000e+01;6.7784697e-02;6.2500000e+01;8.6625278e-02;6.2500000e+01;1.0732527e-01;6.2500000e+01;1.2881511e-01;6.2500000e+01;1.5131785e-01;6.2500000e+01;1.7392430e-01;6.2500000e+01;1.9868082e-01;6.2500000e+01;2.2272110e-01;6.2500000e+01;2.5067833e-01;6.2500000e+01;2.7420700e-01;6.2500000e+01;2.8763592e-01;6.2500000e+01;2.9022652e-01;6.2500000e+01;2.8592041e-01;6.2500000e+01;2.7492261e-01;6.2500000e+01;2.5751576e-01;6.2500000e+01;2.3537517e-01;6.2500000e+01;3.7068509e-02;6.2500000e+01;5.1452287e-02;6.2500000e+01;6.7784697e-02;6.2500000e+01;8.6625278e-02;6.2500000e+01;1.0732527e-01;6.2500000e+01;1.2881511e-01;6.2500000e+01;1.5131785e-01;6.2500000e+01;1.7392430e-01;6.2500000e+01;1.9868082e-01;6.2500000e+01;2.2272110e-01;6.2500000e+01;2.5067833e-01;6.2500000e+01;2.7420700e-01;6.2500000e+01;2.8763592e-01;6.2500000e+01;2.9022652e-01;6.2500000e+01;2.8592041e-01;6.2500000e+01;2.7492261e-01;6.2500000e+01;2.5751576e-01;6.2500000e+01;2.3537517e-01;6.2500000e+01;3.7068509e-02;6.2500000e+01;5.1452287e-02;6.2500000e+01;6.7784697e-02;6.2500000e+01;8.6625278e-02;6.2500000e+01;1.0732527e-01;6.2500000e+01;1.2881511e-01;6.2500000e+01;1.5131785e-01;6.2500000e+01;1.7392430e-01;6.2500000e+01;1.9868082e-01;6.2500000e+01;2.2272110e-01;6.2500000e+01;2.5067833e-01;6.2500000e+01;2.7420700e-01;6.2500000e+01;2.8763592e-01;6.2500000e+01;2.9022652e-01;6.2500000e+01;2.8592041e-01;6.2500000e+01;2.7492261e-01;6.2500000e+01;2.5751576e-01;6.2500000e+01;2.3537517e-01;6.2500000e+01;3.7068509e-02;6.2500000e+01;5.1452287e-02;6.2500000e+01;6.7784697e-02;6.2500000e+01;8.6625278e-02;6.2500000e+01;1.0732527e-01;6.2500000e+01;1.2881511e-01;6.2500000e+01;1.5131785e-01;6.2500000e+01;1.7392430e-01;6.2500000e+01;1.9868082e-01;6.2500000e+01;2.2272110e-01;6.2500000e+01;2.5067833e-01;6.2500000e+01;2.7420700e-01;6.2500000e+01;2.8763592e-01;6.2500000e+01;2.9022652e-01;6.2500000e+01;2.8592041e-01;6.2500000e+01;2.7492261e-01;6.2500000e+01;2.5751576e-01;6.2500000e+01;2.3537517e-01;6.2500000e+01;3.7068509e-02;6.2500000e+01;5.1452287e-02;6.2500000e+01;6.7784697e-02;6.2500000e+01;8.6625278e-02;6.2500000e+01;1.0732527e-01;6.2500000e+01;1.2881511e-01;6.2500000e+01;1.5131785e-01;6.2500000e+01;1.7392430e-01;6.2500000e+01;1.9868082e-01;6.2500000e+01;2.2272110e-01;6.2500000e+01;2.5067833e-01;6.2500000e+01;2.7420700e-01;6.2500000e+01;2.8763592e-01;6.2500000e+01;2.9022652e-01;6.2500000e+01;2.8592041e-01;6.2500000e+01;2.7492261e-01;6.2500000e+01;2.5751576e-01;6.2500000e+01;2.3537517e-01;6.2500000e+01;3.7068509e-02;6.2500000e+01;5.1452287e-02;6.2500000e+01;6.7784697e-02;6.2500000e+01;8.6625278e-02;6.2500000e+01;1.0732527e-01;6.2500000e+01;1.2881511e-01;6.2500000e+01;1.5131785e-01;6.2500000e+01;1.7392430e-01;6.2500000e+01;1.9868082e-01;6.2500000e+01;2.2272110e-01;6.2500000e+01;2.5067833e-01;6.2500000e+01;2.7420700e-01;6.2500000e+01;2.8763592e-01;6.2500000e+01;2.9022652e-01;6.2500000e+01;2.8592041e-01;6.2500000e+01;2.7492261e-01;6.2500000e+01;2.5751576e-01;6.2500000e+01;2.3537517e-01;6.2500000e+01;3.7068509e-02;6.2500000e+01;5.1452287e-02;6.2500000e+01;6.7784697e-02;6.2500000e+01;8.6625278e-02;6.2500000e+01;1.0732527e-01;6.2500000e+01;1.2881511e-01;6.2500000e+01;1.5131785e-01;6.2500000e+01;1.7392430e-01;6.2500000e+01;1.9868082e-01;6.2500000e+01;2.2272110e-01;6.2500000e+01;2.5067833e-01;6.2500000e+01;2.7420700e-01;6.2500000e+01;2.8763592e-01;6.2500000e+01;2.9022652e-01;6.2500000e+01;2.8592041e-01;6.2500000e+01;2.7492261e-01;6.2500000e+01;2.5751576e-01;6.2500000e+01;2.3537517e-01;6.2500000e+01;3.7068509e-02;6.2500000e+01;5.1452287e-02;6.2500000e+01;6.7784697e-02;6.2500000e+01;8.6625278e-02;6.2500000e+01;1.0732527e-01;6.2500000e+01;1.2881511e-01;6.2500000e+01;1.5131785e-01;6.2500000e+01;1.7392430e-01;6.2500000e+01;1.9868082e-01;6.2500000e+01;2.2272110e-01;6.2500000e+01;2.5067833e-01;6.2500000e+01;2.7420700e-01;6.2500000e+01;2.8763592e-01;6.2500000e+01;2.9022652e-01;6.2500000e+01;2.8592041e-01;6.2500000e+01;2.7492261e-01;6.2500000e+01;2.5751576e-01;6.2500000e+01;2.3537517e-01;6.2500000e+01;3.7068509e-02;6.2500000e+01;5.1452287e-02;6.2500000e+01;6.7784697e-02;6.2500000e+01;8.6625278e-02;6.2500000e+01;1.0732527e-01;6.2500000e+01;1.2881511e-01;6.2500000e+01;1.5131785e-01;6.2500000e+01;1.7392430e-01;6.2500000e+01;1.9868082e-01;6.2500000e+01;2.2272110e-01;6.2500000e+01;2.5067833e-01;6.2500000e+01;2.7420700e-01;6.2500000e+01;2.8763592e-01;6.2500000e+01;2.9022652e-01;6.2500000e+01;2.8592041e-01;6.2500000e+01;2.7492261e-01;6.2500000e+01;2.5751576e-01;6.2500000e+01;2.3537517e-01;6.2500000e+01;3.7068509e-02;6.2500000e+01;5.1452287e-02;6.2500000e+01;6.7784697e-02;6.2500000e+01;8.6625278e-02;6.2500000e+01;1.0732527e-01;6.2500000e+01;1.2881511e-01;6.2500000e+01;1.5131785e-01;6.2500000e+01;1.7392430e-01;6.2500000e+01;1.9868082e-01;6.2500000e+01;2.2272110e-01;6.2500000e+01;2.5067833e-01;6.2500000e+01;2.7420700e-01;6.2500000e+01;2.8763592e-01;6.2500000e+01;2.9022652e-01;6.2500000e+01;2.8592041e-01;6.2500000e+01;2.7492261e-01;6.2500000e+01;2.5751576e-01;6.2500000e+01;2.3537517e-01;6.2500000e+01;3.7068509e-02;6.2500000e+01;5.1452287e-02;6.2500000e+01;6.7784697e-02;6.2500000e+01;8.6625278e-02;6.2500000e+01;1.0732527e-01;6.2500000e+01;1.2881511e-01;6.2500000e+01;1.5131785e-01;6.2500000e+01;1.7392430e-01;6.2500000e+01;1.9868082e-01;6.2500000e+01;2.2272110e-01;6.2500000e+01;2.5067833e-01;6.2500000e+01;2.7420700e-01;6.2500000e+01;2.8763592e-01;6.2500000e+01;2.9022652e-01;6.2500000e+01;2.8592041e-01;6.2500000e+01;2.7492261e-01;6.2500000e+01;2.5751576e-01;6.2500000e+01;2.3537517e-01;6.2500000e+01;3.7068509e-02;6.2500000e+01;5.1452287e-02;6.2500000e+01;6.7784697e-02;6.2500000e+01;8.6625278e-02;6.2500000e+01;1.0732527e-01;6.2500000e+01;1.2881511e-01;6.2500000e+01;1.5131785e-01;6.2500000e+01;1.7392430e-01;6.2500000e+01;1.9868082e-01;6.2500000e+01;2.2272110e-01;6.2500000e+01;2.5067833e-01;6.2500000e+01;2.7420700e-01;6.2500000e+01;2.8763592e-01;6.2500000e+01;2.9022652e-01;6.2500000e+01;2.8592041e-01;6.2500000e+01;2.7492261e-01;6.2500000e+01;2.5751576e-01;6.2500000e+01;2.3537517e-01;6.2500000e+01;3.7068509e-02;6.2500000e+01;5.1452287e-02;6.2500000e+01;6.7784697e-02;6.2500000e+01;8.6625278e-02;6.2500000e+01;1.0732527e-01;6.2500000e+01;1.2881511e-01;6.2500000e+01;1.5131785e-01;6.2500000e+01;1.7392430e-01;6.2500000e+01;1.9868082e-01;6.2500000e+01;2.2272110e-01;6.2500000e+01;2.5067833e-01;6.2500000e+01;2.7420700e-01;6.2500000e+01;2.8763592e-01;6.2500000e+01;2.9022652e-01;6.2500000e+01;2.8592041e-01;6.2500000e+01;2.7492261e-01;6.2500000e+01;2.5751576e-01;6.2500000e+01;2.3537517e-01;6.2500000e+01;3.7068509e-02;6.2500000e+01;5.1452287e-02;6.2500000e+01;6.7784697e-02;6.2500000e+01;8.6625278e-02;6.2500000e+01;1.0732527e-01;6.2500000e+01;1.2881511e-01;6.2500000e+01;1.5131785e-01;6.2500000e+01;1.7392430e-01;6.2500000e+01;1.9868082e-01;6.2500000e+01;2.2272110e-01;6.2500000e+01;2.5067833e-01;6.2500000e+01;2.7420700e-01;6.2500000e+01;2.8763592e-01;6.2500000e+01;2.9022652e-01;6.2500000e+01;2.8592041e-01;6.2500000e+01;2.7492261e-01;6.2500000e+01;2.5751576e-01;6.2500000e+01;2.3537517e-01;6.2500000e+01;3.7068509e-02;6.2500000e+01;5.1452287e-02;6.2500000e+01;6.7784697e-02;6.2500000e+01;8.6625278e-02;6.2500000e+01;1.0732527e-01;6.2500000e+01;1.2881511e-01;6.2500000e+01;1.5131785e-01;6.2500000e+01;1.7392430e-01;6.2500000e+01;1.9868082e-01;6.2500000e+01;2.2272110e-01;6.2500000e+01;2.5067833e-01;6.2500000e+01;2.7420700e-01;6.2500000e+01;2.8763592e-01;6.2500000e+01;2.9022652e-01;6.2500000e+01;2.8592041e-01;6.2500000e+01;2.7492261e-01;6.2500000e+01;2.5751576e-01;6.2500000e+01;2.3537517e-01;6.2500000e+01;3.7068509e-02;6.2500000e+01;5.1452287e-02;6.2500000e+01;6.7784697e-02;6.2500000e+01;8.6625278e-02;6.2500000e+01;1.0732527e-01;6.2500000e+01;1.2881511e-01;6.2500000e+01;1.5131785e-01;6.2500000e+01;1.7392430e-01;6.2500000e+01;1.9868082e-01;6.2500000e+01;2.2272110e-01;6.2500000e+01;2.5067833e-01;6.2500000e+01;2.7420700e-01;6.2500000e+01;2.8763592e-01;6.2500000e+01;2.9022652e-01;6.2500000e+01;2.8592041e-01;6.2500000e+01;2.7492261e-01;6.2500000e+01;2.5751576e-01;6.2500000e+01;2.3537517e-01;6.2500000e+01;3.7068509e-02;6.2500000e+01;5.1452287e-02;6.2500000e+01;6.7784697e-02;6.2500000e+01;8.6625278e-02;6.2500000e+01;1.0732527e-01;6.2500000e+01;1.2881511e-01;6.2500000e+01;1.5131785e-01;6.2500000e+01;1.7392430e-01;6.2500000e+01;1.9868082e-01;6.2500000e+01;2.2272110e-01;6.2500000e+01;2.5067833e-01;6.2500000e+01;2.7420700e-01;6.2500000e+01;2.8763592e-01;6.2500000e+01;2.9022652e-01;6.2500000e+01;2.8592041e-01;6.2500000e+01;2.7492261e-01;6.2500000e+01;2.5751576e-01;6.2500000e+01;2.3537517e-01;6.2500000e+01;3.7068509e-02;6.2500000e+01;5.1452287e-02;6.2500000e+01;6.7784697e-02;6.2500000e+01;8.6625278e-02;6.2500000e+01;1.0732527e-01;6.2500000e+01;1.2881511e-01;6.2500000e+01;1.5131785e-01;6.2500000e+01;1.7392430e-01;6.2500000e+01;1.9868082e-01;6.2500000e+01;2.2272110e-01;6.2500000e+01;2.5067833e-01;6.2500000e+01;2.7420700e-01;6.2500000e+01;2.8763592e-01;6.2500000e+01;2.9022652e-01;6.2500000e+01;2.8592041e-01;6.2500000e+01;2.7492261e-01;6.2500000e+01;2.5751576e-01;6.2500000e+01;2.3537517e-01;6.2500000e+01;3.7068509e-02;6.2500000e+01;5.1452287e-02;6.2500000e+01;6.7784697e-02;6.2500000e+01;8.6625278e-02;6.2500000e+01;1.0732527e-01;6.2500000e+01;1.2881511e-01;6.2500000e+01;1.5131785e-01;6.2500000e+01;1.7392430e-01;6.2500000e+01;1.9868082e-01;6.2500000e+01;2.2272110e-01;6.2500000e+01;2.5067833e-01;6.2500000e+01;2.7420700e-01;6.2500000e+01;2.8763592e-01;6.2500000e+01;2.9022652e-01;6.2500000e+01;2.8592041e-01;6.2500000e+01;2.7492261e-01;6.2500000e+01;2.5751576e-01;6.2500000e+01;2.3537517e-01;6.2500000e+01;3.7068509e-02;6.2500000e+01;5.1452287e-02;6.2500000e+01;6.7784697e-02;6.2500000e+01;8.6625278e-02;6.2500000e+01;1.0732527e-01;6.2500000e+01;1.2881511e-01;6.2500000e+01;1.5131785e-01;6.2500000e+01;1.7392430e-01;6.2500000e+01;1.9868082e-01;6.2500000e+01;2.2272110e-01;6.2500000e+01;2.5067833e-01;6.2500000e+01;2.7420700e-01;6.2500000e+01;2.8763592e-01;6.2500000e+01;2.9022652e-01;6.2500000e+01;2.8592041e-01;6.2500000e+01;2.7492261e-01;6.2500000e+01;2.5751576e-01;6.2500000e+01;2.3537517e-01;6.2500000e+01;3.7068509e-02;6.2500000e+01;5.1452287e-02;6.2500000e+01;6.7784697e-02;6.2500000e+01;8.6625278e-02;6.2500000e+01;1.0732527e-01;6.2500000e+01;1.2881511e-01;6.2500000e+01;1.5131785e-01;6.2500000e+01;1.7392430e-01;6.2500000e+01;1.9868082e-01;6.2500000e+01;2.2272110e-01;6.2500000e+01;2.5067833e-01;6.2500000e+01;2.7420700e-01;6.2500000e+01;2.8763592e-01;6.2500000e+01;2.9022652e-01;6.2500000e+01;2.8592041e-01;6.2500000e+01;2.7492261e-01;6.2500000e+01;2.5751576e-01;6.2500000e+01;2.3537517e-01;6.2500000e+01;3.7068509e-02;6.2500000e+01;5.1452287e-02;6.2500000e+01;6.7784697e-02;6.2500000e+01;8.6625278e-02;6.2500000e+01;1.0732527e-01;6.2500000e+01;1.2881511e-01;6.2500000e+01;1.5131785e-01;6.2500000e+01;1.7392430e-01;6.2500000e+01;1.9868082e-01;6.2500000e+01;2.2272110e-01;6.2500000e+01;2.5067833e-01;6.2500000e+01;2.7420700e-01;6.2500000e+01;2.8763592e-01;6.2500000e+01;2.9022652e-01;6.2500000e+01;2.8592041e-01;6.2500000e+01;2.7492261e-01;6.2500000e+01;2.5751576e-01;6.2500000e+01;2.3537517e-01;6.2500000e+01;3.7068509e-02;6.2500000e+01;5.1452287e-02;6.2500000e+01;6.7784697e-02;6.2500000e+01;8.6625278e-02;6.2500000e+01;1.0732527e-01;6.2500000e+01;1.2881511e-01;6.2500000e+01;1.5131785e-01;6.2500000e+01;1.7392430e-01;6.2500000e+01;1.9868082e-01;6.2500000e+01;2.2272110e-01;6.2500000e+01;2.5067833e-01;6.2500000e+01;2.7420700e-01;6.2500000e+01;2.8763592e-01;6.2500000e+01;2.9022652e-01;6.2500000e+01;2.8592041e-01;6.2500000e+01;2.7492261e-01;6.2500000e+01;2.5751576e-01;6.2500000e+01;2.3537517e-01;6.2500000e+01;3.7068509e-02;6.2500000e+01;5.1452287e-02;6.2500000e+01;6.7784697e-02;6.2500000e+01;8.6625278e-02;6.2500000e+01;1.0732527e-01;6.2500000e+01;1.2881511e-01;6.2500000e+01;1.5131785e-01;6.2500000e+01;1.7392430e-01;6.2500000e+01;1.9868082e-01;6.2500000e+01;2.2272110e-01;6.2500000e+01;2.5067833e-01;6.2500000e+01;2.7420700e-01;6.2500000e+01;2.8763592e-01;6.2500000e+01;2.9022652e-01;6.2500000e+01;2.8592041e-01;6.2500000e+01;2.7492261e-01;6.2500000e+01;2.5751576e-01;6.2500000e+01;2.3537517e-01;6.2500000e+01;3.7068509e-02;6.2500000e+01;5.1452287e-02;6.2500000e+01;6.7784697e-02;6.2500000e+01;8.6625278e-02;6.2500000e+01;1.0732527e-01;6.2500000e+01;1.2881511e-01;6.2500000e+01;1.5131785e-01;6.2500000e+01;1.7392430e-01;6.2500000e+01;1.9868082e-01;6.2500000e+01;2.2272110e-01;6.2500000e+01;2.5067833e-01;6.2500000e+01;2.7420700e-01;6.2500000e+01;2.8763592e-01;6.2500000e+01;2.9022652e-01;6.2500000e+01;2.8592041e-01;6.2500000e+01;2.7492261e-01;6.2500000e+01;2.5751576e-01;6.2500000e+01;2.3537517e-01;6.2500000e+01;3.7068509e-02;6.2500000e+01;5.1452287e-02;6.2500000e+01;6.7784697e-02;6.2500000e+01;8.6625278e-02;6.2500000e+01;1.0732527e-01;6.2500000e+01;1.2881511e-01;6.2500000e+01;1.5131785e-01;6.2500000e+01;1.7392430e-01;6.2500000e+01;1.9868082e-01;6.2500000e+01;2.2272110e-01;6.2500000e+01;2.5067833e-01;6.2500000e+01;2.7420700e-01;6.2500000e+01;2.8763592e-01;6.2500000e+01;2.9022652e-01;6.2500000e+01;2.8592041e-01;6.2500000e+01;2.7492261e-01;6.2500000e+01;2.5751576e-01;6.2500000e+01;2.3537517e-01;6.2500000e+01;3.7068509e-02;6.2500000e+01;5.1452287e-02;6.2500000e+01;6.7784697e-02;6.2500000e+01;8.6625278e-02;6.2500000e+01;1.0732527e-01;6.2500000e+01;1.2881511e-01;6.2500000e+01;1.5131785e-01;6.2500000e+01;1.7392430e-01;6.2500000e+01;1.9868082e-01;6.2500000e+01;2.2272110e-01;6.2500000e+01;2.5067833e-01;6.2500000e+01;2.7420700e-01;6.2500000e+01;2.8763592e-01;6.2500000e+01;2.9022652e-01;6.2500000e+01;2.8592041e-01;6.2500000e+01;2.7492261e-01;6.2500000e+01;2.5751576e-01;6.2500000e+01;2.3537517e-01;6.2500000e+01;3.7068509e-02;6.2500000e+01;5.1452287e-02;6.2500000e+01;6.7784697e-02;6.2500000e+01;8.6625278e-02;6.2500000e+01;1.0732527e-01;6.2500000e+01;1.2881511e-01;6.2500000e+01;1.5131785e-01;6.2500000e+01;1.7392430e-01;6.2500000e+01;1.9868082e-01;6.2500000e+01;2.2272110e-01;6.2500000e+01;2.5067833e-01;6.2500000e+01;2.7420700e-01;6.2500000e+01;2.8763592e-01;6.2500000e+01;2.9022652e-01;6.2500000e+01;2.8592041e-01;6.2500000e+01;2.7492261e-01;6.2500000e+01;2.5751576e-01;6.2500000e+01;2.3537517e-01;6.2500000e+01;3.7068509e-02;6.2500000e+01;5.1452287e-02;6.2500000e+01;6.7784697e-02;6.2500000e+01;8.6625278e-02;6.2500000e+01;1.0732527e-01;6.2500000e+01;1.2881511e-01;6.2500000e+01;1.5131785e-01;6.2500000e+01;1.7392430e-01;6.2500000e+01;1.9868082e-01;6.2500000e+01;2.2272110e-01;6.2500000e+01;2.5067833e-01;6.2500000e+01;2.7420700e-01;6.2500000e+01;2.8763592e-01;6.2500000e+01;2.9022652e-01;6.2500000e+01;2.8592041e-01;6.2500000e+01;2.7492261e-01;6.2500000e+01;2.5751576e-01;6.2500000e+01;2.3537517e-01;6.2500000e+01;3.7068509e-02;6.2500000e+01;5.1452287e-02;6.2500000e+01;6.7784697e-02;6.2500000e+01;8.6625278e-02;6.2500000e+01;1.0732527e-01;6.2500000e+01;1.2881511e-01;6.2500000e+01;1.5131785e-01;6.2500000e+01;1.7392430e-01;6.2500000e+01;1.9868082e-01;6.2500000e+01;2.2272110e-01;6.2500000e+01;2.5067833e-01;6.2500000e+01;2.7420700e-01;6.2500000e+01;2.8763592e-01;6.2500000e+01;2.9022652e-01;6.2500000e+01;2.8592041e-01;6.2500000e+01;2.7492261e-01;6.2500000e+01;2.5751576e-01;6.2500000e+01;2.3537517e-01;6.2500000e+01;3.7068509e-02;6.2500000e+01;5.1452287e-02;6.2500000e+01;6.7784697e-02;6.2500000e+01;8.6625278e-02;6.2500000e+01;1.0732527e-01;6.2500000e+01;1.2881511e-01;6.2500000e+01;1.5131785e-01;6.2500000e+01;1.7392430e-01;6.2500000e+01;1.9868082e-01;6.2500000e+01;2.2272110e-01;6.2500000e+01;2.5067833e-01;6.2500000e+01;2.7420700e-01;6.2500000e+01;2.8763592e-01;6.2500000e+01;2.9022652e-01;6.2500000e+01;2.8592041e-01;6.2500000e+01;2.7492261e-01;6.2500000e+01;2.5751576e-01;6.2500000e+01;2.3537517e-01;6.2500000e+01;3.7068509e-02;6.2500000e+01;5.1452287e-02;6.2500000e+01;6.7784697e-02;6.2500000e+01;8.6625278e-02;6.2500000e+01;1.0732527e-01;6.2500000e+01;1.2881511e-01;6.2500000e+01;1.5131785e-01;6.2500000e+01;1.7392430e-01;6.2500000e+01;1.9868082e-01;6.2500000e+01;2.2272110e-01;6.2500000e+01;2.5067833e-01;6.2500000e+01;2.7420700e-01;6.2500000e+01;2.8763592e-01;6.2500000e+01;2.9022652e-01;6.2500000e+01;2.8592041e-01;6.2500000e+01;2.7492261e-01;6.2500000e+01;2.5751576e-01;6.2500000e+01;2.3537517e-01;6.2500000e+01;3.7068509e-02;6.2500000e+01;5.1452287e-02;6.2500000e+01;6.7784697e-02;6.2500000e+01;8.6625278e-02;6.2500000e+01;1.0732527e-01;6.2500000e+01;1.2881511e-01;6.2500000e+01;1.5131785e-01;6.2500000e+01;1.7392430e-01;6.2500000e+01;1.9868082e-01;6.2500000e+01;2.2272110e-01;6.2500000e+01;2.5067833e-01;6.2500000e+01;2.7420700e-01;6.2500000e+01;2.8763592e-01;6.2500000e+01;2.9022652e-01;6.2500000e+01;2.8592041e-01;6.2500000e+01;2.7492261e-01;6.2500000e+01;2.5751576e-01;6.2500000e+01;2.3537517e-01;6.2500000e+01;3.7068509e-02;6.2500000e+01;5.1452287e-02;6.2500000e+01;6.7784697e-02;6.2500000e+01;8.6625278e-02;6.2500000e+01;1.0732527e-01;6.2500000e+01;1.2881511e-01;6.2500000e+01;1.5131785e-01;6.2500000e+01;1.7392430e-01;6.2500000e+01;1.9868082e-01;6.2500000e+01;2.2272110e-01;6.2500000e+01;2.5067833e-01;6.2500000e+01;2.7420700e-01;6.2500000e+01;2.8763592e-01;6.2500000e+01;2.9022652e-01;6.2500000e+01;2.8592041e-01;6.2500000e+01;2.7492261e-01;6.2500000e+01;2.5751576e-01;6.2500000e+01;2.3537517e-01;6.2500000e+01;3.7068509e-02;6.2500000e+01;5.1452287e-02;6.2500000e+01;6.7784697e-02;6.2500000e+01;8.6625278e-02;6.2500000e+01;1.0732527e-01;6.2500000e+01;1.2881511e-01;6.2500000e+01;1.5131785e-01;6.2500000e+01;1.7392430e-01;6.2500000e+01;1.9868082e-01;6.2500000e+01;2.2272110e-01;6.2500000e+01;2.5067833e-01;6.2500000e+01;2.7420700e-01;6.2500000e+01;2.8763592e-01;6.2500000e+01;2.9022652e-01;6.2500000e+01;2.8592041e-01;6.2500000e+01;2.7492261e-01;6.2500000e+01;2.5751576e-01;6.2500000e+01;2.3537517e-01;6.2500000e+01;3.7068509e-02;6.2500000e+01;5.1452287e-02;6.2500000e+01;6.7784697e-02;6.2500000e+01;8.6625278e-02;6.2500000e+01;1.0732527e-01;6.2500000e+01;1.2881511e-01;6.2500000e+01;1.5131785e-01;6.2500000e+01;1.7392430e-01;6.2500000e+01;1.9868082e-01;6.2500000e+01;2.2272110e-01;6.2500000e+01;2.5067833e-01;6.2500000e+01;2.7420700e-01;6.2500000e+01;2.8763592e-01;6.2500000e+01;2.9022652e-01;6.2500000e+01;2.8592041e-01;6.2500000e+01;2.7492261e-01;6.2500000e+01;2.5751576e-01;6.2500000e+01;2.3537517e-01;6.2500000e+01;3.7068509e-02;6.2500000e+01;5.1452287e-02;6.2500000e+01;6.7784697e-02;6.2500000e+01;8.6625278e-02;6.2500000e+01;1.0732527e-01;6.2500000e+01;1.2881511e-01;6.2500000e+01;1.5131785e-01;6.2500000e+01;1.7392430e-01;6.2500000e+01;1.9868082e-01;6.2500000e+01;2.2272110e-01;6.2500000e+01;2.5067833e-01;6.2500000e+01;2.7420700e-01;6.2500000e+01;2.8763592e-01;6.2500000e+01;2.9022652e-01;6.2500000e+01;2.8592041e-01;6.2500000e+01;2.7492261e-01;6.2500000e+01;2.5751576e-01;6.2500000e+01;2.3537517e-01;6.2500000e+01;3.7068509e-02;6.2500000e+01;5.1452287e-02;6.2500000e+01;6.7784697e-02;6.2500000e+01;8.6625278e-02;6.2500000e+01;1.0732527e-01;6.2500000e+01;1.2881511e-01;6.2500000e+01;1.5131785e-01;6.2500000e+01;1.7392430e-01;6.2500000e+01;1.9868082e-01;6.2500000e+01;2.2272110e-01;6.2500000e+01;2.5067833e-01;6.2500000e+01;2.7420700e-01;6.2500000e+01;2.8763592e-01;6.2500000e+01;2.9022652e-01;6.2500000e+01;2.8592041e-01;6.2500000e+01;2.7492261e-01;6.2500000e+01;2.5751576e-01;6.2500000e+01;2.3537517e-01;6.2500000e+01;3.7068509e-02;6.2500000e+01;5.1452287e-02;6.2500000e+01;6.7784697e-02;6.2500000e+01;8.6625278e-02;6.2500000e+01;1.0732527e-01;6.2500000e+01;1.2881511e-01;6.2500000e+01;1.5131785e-01;6.2500000e+01;1.7392430e-01;6.2500000e+01;1.9868082e-01;6.2500000e+01;2.2272110e-01;6.2500000e+01;2.5067833e-01;6.2500000e+01;2.7420700e-01;6.2500000e+01;2.8763592e-01;6.2500000e+01;2.9022652e-01;6.2500000e+01;2.8592041e-01;6.2500000e+01;2.7492261e-01;6.2500000e+01;2.5751576e-01;6.2500000e+01;2.3537517e-01;6.2500000e+01;3.7068509e-02;6.2500000e+01;5.1452287e-02;6.2500000e+01;6.7784697e-02;6.2500000e+01;8.6625278e-02;6.2500000e+01;1.0732527e-01;6.2500000e+01;1.2881511e-01;6.2500000e+01;1.5131785e-01;6.2500000e+01;1.7392430e-01;6.2500000e+01;1.9868082e-01;6.2500000e+01;2.2272110e-01;6.2500000e+01;2.5067833e-01;6.2500000e+01;2.7420700e-01;6.2500000e+01;2.8763592e-01;6.2500000e+01;2.9022652e-01;6.2500000e+01;2.8592041e-01;6.2500000e+01;2.7492261e-01;6.2500000e+01;2.5751576e-01;6.2500000e+01;2.3537517e-01;6.2500000e+01;3.7068509e-02;6.2500000e+01;5.1452287e-02;6.2500000e+01;6.7784697e-02;6.2500000e+01;8.6625278e-02;6.2500000e+01;1.0732527e-01;6.2500000e+01;1.2881511e-01;6.2500000e+01;1.5131785e-01;6.2500000e+01;1.7392430e-01;6.2500000e+01;1.9868082e-01;6.2500000e+01;2.2272110e-01;6.2500000e+01;2.5067833e-01;6.2500000e+01;2.7420700e-01;6.2500000e+01;2.8763592e-01;6.2500000e+01;2.9022652e-01;6.2500000e+01;2.8592041e-01;6.2500000e+01;2.7492261e-01;6.2500000e+01;2.5751576e-01;6.2500000e+01;2.3537517e-01;6.2500000e+01;3.7068509e-02;6.2500000e+01;5.1452287e-02;6.2500000e+01;6.7784697e-02;6.2500000e+01;8.6625278e-02;6.2500000e+01;1.0732527e-01;6.2500000e+01;1.2881511e-01;6.2500000e+01;1.5131785e-01;6.2500000e+01;1.7392430e-01;6.2500000e+01;1.9868082e-01;6.2500000e+01;2.2272110e-01;6.2500000e+01;2.5067833e-01;6.2500000e+01;2.7420700e-01;6.2500000e+01;2.8763592e-01;6.2500000e+01;2.9022652e-01;6.2500000e+01;2.8592041e-01;6.2500000e+01;2.7492261e-01;6.2500000e+01;2.5751576e-01;6.2500000e+01;2.3537517e-01;6.2500000e+01;3.7068509e-02;6.2500000e+01;5.1452287e-02;6.2500000e+01;6.7784697e-02;6.2500000e+01;8.6625278e-02;6.2500000e+01;1.0732527e-01;6.2500000e+01;1.2881511e-01;6.2500000e+01;1.5131785e-01;6.2500000e+01;1.7392430e-01;6.2500000e+01;1.9868082e-01;6.2500000e+01;2.2272110e-01;6.2500000e+01;2.5067833e-01;6.2500000e+01;2.7420700e-01;6.2500000e+01;2.8763592e-01;6.2500000e+01;2.9022652e-01;6.2500000e+01;2.8592041e-01;6.2500000e+01;2.7492261e-01;6.2500000e+01;2.5751576e-01;6.2500000e+01;2.3537517e-01;6.2500000e+01;3.7068509e-02;6.2500000e+01;5.1452287e-02;6.2500000e+01;6.7784697e-02;6.2500000e+01;8.6625278e-02;6.2500000e+01;1.0732527e-01;6.2500000e+01;1.2881511e-01;6.2500000e+01;1.5131785e-01;6.2500000e+01;1.7392430e-01;6.2500000e+01;1.9868082e-01;6.2500000e+01;2.2272110e-01;6.2500000e+01;2.5067833e-01;6.2500000e+01;2.7420700e-01;6.2500000e+01;2.8763592e-01;6.2500000e+01;2.9022652e-01;6.2500000e+01;2.8592041e-01;6.2500000e+01;2.7492261e-01;6.2500000e+01;2.5751576e-01;6.2500000e+01;2.3537517e-01;6.2500000e+01;3.7068509e-02;6.2500000e+01;5.1452287e-02;6.2500000e+01;6.7784697e-02;6.2500000e+01;8.6625278e-02;6.2500000e+01;1.0732527e-01;6.2500000e+01;1.2881511e-01;6.2500000e+01;1.5131785e-01;6.2500000e+01;1.7392430e-01;6.2500000e+01;1.9868082e-01;6.2500000e+01;2.2272110e-01;6.2500000e+01;2.5067833e-01;6.2500000e+01;2.7420700e-01;6.2500000e+01;2.8763592e-01;6.2500000e+01;2.9022652e-01;6.2500000e+01;2.8592041e-01;6.2500000e+01;2.7492261e-01;6.2500000e+01;2.5751576e-01;6.2500000e+01;2.3537517e-01;6.2500000e+01;3.7068509e-02;6.2500000e+01;5.1452287e-02;6.2500000e+01;6.7784697e-02;6.2500000e+01;8.6625278e-02;6.2500000e+01;1.0732527e-01;6.2500000e+01;1.2881511e-01;6.2500000e+01;1.5131785e-01;6.2500000e+01;1.7392430e-01;6.2500000e+01;1.9868082e-01;6.2500000e+01;2.2272110e-01;6.2500000e+01;2.5067833e-01;6.2500000e+01;2.7420700e-01;6.2500000e+01;2.8763592e-01;6.2500000e+01;2.9022652e-01;6.2500000e+01;2.8592041e-01;6.2500000e+01;2.7492261e-01;6.2500000e+01;2.5751576e-01;6.2500000e+01;2.3537517e-01;6.2500000e+01;3.7068509e-02;6.2500000e+01;5.1452287e-02;6.2500000e+01;6.7784697e-02;6.2500000e+01;8.6625278e-02;6.2500000e+01;1.0732527e-01;6.2500000e+01;1.2881511e-01;6.2500000e+01;1.5131785e-01;6.2500000e+01;1.7392430e-01;6.2500000e+01;1.9868082e-01;6.2500000e+01;2.2272110e-01;6.2500000e+01;2.5067833e-01;6.2500000e+01;2.7420700e-01;6.2500000e+01;2.8763592e-01;6.2500000e+01;2.9022652e-01;6.2500000e+01;2.8592041e-01;6.2500000e+01;2.7492261e-01;6.2500000e+01;2.5751576e-01;6.2500000e+01;2.3537517e-01;6.2500000e+01;3.7068509e-02;6.2500000e+01;5.1452287e-02;6.2500000e+01;6.7784697e-02;6.2500000e+01;8.6625278e-02;6.2500000e+01;1.0732527e-01;6.2500000e+01;1.2881511e-01;6.2500000e+01;1.5131785e-01;6.2500000e+01;1.7392430e-01;6.2500000e+01;1.9868082e-01;6.2500000e+01;2.2272110e-01;6.2500000e+01;2.5067833e-01;6.2500000e+01;2.7420700e-01;6.2500000e+01;2.8763592e-01;6.2500000e+01;2.9022652e-01;6.2500000e+01;2.8592041e-01;6.2500000e+01;2.7492261e-01;6.2500000e+01;2.5751576e-01;6.2500000e+01;2.3537517e-01;6.2500000e+01;3.7068509e-02;6.2500000e+01;5.1452287e-02;6.2500000e+01;6.7784697e-02;6.2500000e+01;8.6625278e-02;6.2500000e+01;1.0732527e-01;6.2500000e+01;1.2881511e-01;6.2500000e+01;1.5131785e-01;6.2500000e+01;1.7392430e-01;6.2500000e+01;1.9868082e-01;6.2500000e+01;2.2272110e-01;6.2500000e+01;2.5067833e-01;6.2500000e+01;2.7420700e-01;6.2500000e+01;2.8763592e-01;6.2500000e+01;2.9022652e-01;6.2500000e+01;2.8592041e-01;6.2500000e+01;2.7492261e-01;6.2500000e+01;2.5751576e-01;6.2500000e+01;2.3537517e-01
6.7500000e+01;3.7363041e-02;6.7500000e+01;5.0527848e-02;6.7500000e+01;6.7573823e-02;6.7500000e+01;8.6166844e-02;6.7500000e+01;1.0658984e-01;6.7500000e+01;1.2863424e-01;6.7500000e+01;1.5111500e-01;6.7500000e+01;1.7260908e-01;6.7500000e+01;1.9353387e-01;6.7500000e+01;2.1896745e-01;6.7500000e+01;2.4337740e-01;6.7500000e+01;2.6504537e-01;6.7500000e+01;2.8231886e-01;6.7500000e+01;2.8796512e-01;6.7500000e+01;2.8587037e-01;6.7500000e+01;2.7661645e-01;6.7500000e+01;2.6076707e-01;6.7500000e+01;2.4021049e-01;6.7500000e+01;3.7363041e-02;6.7500000e+01;5.0527848e-02;6.7500000e+01;6.7573823e-02;6.7500000e+01;8.6166844e-02;6.7500000e+01;1.0658984e-01;6.7500000e+01;1.2863424e-01;6.7500000e+01;1.5111500e-01;6.7500000e+01;1.7260908e-01;6.7500000e+01;1.9353387e-01;6.7500000e+01;2.1896745e-01;6.7500000e+01;2.4337740e-01;6.7500000e+01;2.6504537e-01;6.7500000e+01;2.8231886e-01;6.7500000e+01;2.8796512e-01;6.7500000e+01;2.8587037e-01;6.7500000e+01;2.7661645e-01;6.7500000e+01;2.6076707e-01;6.7500000e+01;2.4021049e-01;6.7500000e+01;3.7363041e-02;6.7500000e+01;5.0527848e-02;6.7500000e+01;6.7573823e-02;6.7500000e+01;8.6166844e-02;6.7500000e+01;1.0658984e-01;6.7500000e+01;1.2863424e-01;6.7500000e+01;1.5111500e-01;6.7500000e+01;1.7260908e-01;6.7500000e+01;1.9353387e-01;6.7500000e+01;2.1896745e-01;6.7500000e+01;2.4337740e-01;6.7500000e+01;2.6504537e-01;6.7500000e+01;2.8231886e-01;6.7500000e+01;2.8796512e-01;6.7500000e+01;2.8587037e-01;6.7500000e+01;2.7661645e-01;6.7500000e+01;2.6076707e-01;6.7500000e+01;2.4021049e-01;6.7500000e+01;3.7363041e-02;6.7500000e+01;5.0527848e-02;6.7500000e+01;6.7573823e-02;6.7500000e+01;8.6166844e-02;6.7500000e+01;1.0658984e-01;6.7500000e+01;1.2863424e-01;6.7500000e+01;1.5111500e-01;6.7500000e+01;1.7260908e-01;6.7500000e+01;1.9353387e-01;6.7500000e+01;2.1896745e-01;6.7500000e+01;2.4337740e-01;6.7500000e+01;2.6504537e-01;6.7500000e+01;2.8231886e-01;6.7500000e+01;2.8796512e-01;6.7500000e+01;2.8587037e-01;6.7500000e+01;2.7661645e-01;6.7500000e+01;2.6076707e-01;6.7500000e+01;2.4021049e-01;6.7500000e+01;3.7363041e-02;6.7500000e+01;5.0527848e-02;6.7500000e+01;6.7573823e-02;6.7500000e+01;8.6166844e-02;6.7500000e+01;1.0658984e-01;6.7500000e+01;1.2863424e-01;6.7500000e+01;1.5111500e-01;6.7500000e+01;1.7260908e-01;6.7500000e+01;1.9353387e-01;6.7500000e+01;2.1896745e-01;6.7500000e+01;2.4337740e-01;6.7500000e+01;2.6504537e-01;6.7500000e+01;2.8231886e-01;6.7500000e+01;2.8796512e-01;6.7500000e+01;2.8587037e-01;6.7500000e+01;2.7661645e-01;6.7500000e+01;2.6076707e-01;6.7500000e+01;2.4021049e-01;6.7500000e+01;3.7363041e-02;6.7500000e+01;5.0527848e-02;6.7500000e+01;6.7573823e-02;6.7500000e+01;8.6166844e-02;6.7500000e+01;1.0658984e-01;6.7500000e+01;1.2863424e-01;6.7500000e+01;1.5111500e-01;6.7500000e+01;1.7260908e-01;6.7500000e+01;1.9353387e-01;6.7500000e+01;2.1896745e-01;6.7500000e+01;2.4337740e-01;6.7500000e+01;2.6504537e-01;6.7500000e+01;2.8231886e-01;6.7500000e+01;2.8796512e-01;6.7500000e+01;2.8587037e-01;6.7500000e+01;2.7661645e-01;6.7500000e+01;2.6076707e-01;6.7500000e+01;2.4021049e-01;6.7500000e+01;3.7363041e-02;6.7500000e+01;5.0527848e-02;6.7500000e+01;6.7573823e-02;6.7500000e+01;8.6166844e-02;6.7500000e+01;1.0658984e-01;6.7500000e+01;1.2863424e-01;6.7500000e+01;1.5111500e-01;6.7500000e+01;1.7260908e-01;6.7500000e+01;1.9353387e-01;6.7500000e+01;2.1896745e-01;6.7500000e+01;2.4337740e-01;6.7500000e+01;2.6504537e-01;6.7500000e+01;2.8231886e-01;6.7500000e+01;2.8796512e-01;6.7500000e+01;2.8587037e-01;6.7500000e+01;2.7661645e-01;6.7500000e+01;2.6076707e-01;6.7500000e+01;2.4021049e-01;6.7500000e+01;3.7363041e-02;6.7500000e+01;5.0527848e-02;6.7500000e+01;6.7573823e-02;6.7500000e+01;8.6166844e-02;6.7500000e+01;1.0658984e-01;6.7500000e+01;1.2863424e-01;6.7500000e+01;1.5111500e-01;6.7500000e+01;1.7260908e-01;6.7500000e+01;1.9353387e-01;6.7500000e+01;2.1896745e-01;6.7500000e+01;2.4337740e-01;6.7500000e+01;2.6504537e-01;6.7500000e+01;2.8231886e-01;6.7500000e+01;2.8796512e-01;6.7500000e+01;2.8587037e-01;6.7500000e+01;2.7661645e-01;6.7500000e+01;2.6076707e-01;6.7500000e+01;2.4021049e-01;6.7500000e+01;3.7363041e-02;6.7500000e+01;5.0527848e-02;6.7500000e+01;6.7573823e-02;6.7500000e+01;8.6166844e-02;6.7500000e+01;1.0658984e-01;6.7500000e+01;1.2863424e-01;6.7500000e+01;1.5111500e-01;6.7500000e+01;1.7260908e-01;6.7500000e+01;1.9353387e-01;6.7500000e+01;2.1896745e-01;6.7500000e+01;2.4337740e-01;6.7500000e+01;2.6504537e-01;6.7500000e+01;2.8231886e-01;6.7500000e+01;2.8796512e-01;6.7500000e+01;2.8587037e-01;6.7500000e+01;2.7661645e-01;6.7500000e+01;2.6076707e-01;6.7500000e+01;2.4021049e-01;6.7500000e+01;3.7363041e-02;6.7500000e+01;5.0527848e-02;6.7500000e+01;6.7573823e-02;6.7500000e+01;8.6166844e-02;6.7500000e+01;1.0658984e-01;6.7500000e+01;1.2863424e-01;6.7500000e+01;1.5111500e-01;6.7500000e+01;1.7260908e-01;6.7500000e+01;1.9353387e-01;6.7500000e+01;2.1896745e-01;6.7500000e+01;2.4337740e-01;6.7500000e+01;2.6504537e-01;6.7500000e+01;2.8231886e-01;6.7500000e+01;2.8796512e-01;6.7500000e+01;2.8587037e-01;6.7500000e+01;2.7661645e-01;6.7500000e+01;2.6076707e-01;6.7500000e+01;2.4021049e-01;6.7500000e+01;3.7363041e-02;6.7500000e+01;5.0527848e-02;6.7500000e+01;6.7573823e-02;6.7500000e+01;8.6166844e-02;6.7500000e+01;1.0658984e-01;6.7500000e+01;1.2863424e-01;6.7500000e+01;1.5111500e-01;6.7500000e+01;1.7260908e-01;6.7500000e+01;1.9353387e-01;6.7500000e+01;2.1896745e-01;6.7500000e+01;2.4337740e-01;6.7500000e+01;2.6504537e-01;6.7500000e+01;2.8231886e-01;6.7500000e+01;2.8796512e-01;6.7500000e+01;2.8587037e-01;6.7500000e+01;2.7661645e-01;6.7500000e+01;2.6076707e-01;6.7500000e+01;2.4021049e-01;6.7500000e+01;3.7363041e-02;6.7500000e+01;5.0527848e-02;6.7500000e+01;6.7573823e-02;6.7500000e+01;8.6166844e-02;6.7500000e+01;1.0658984e-01;6.7500000e+01;1.2863424e-01;6.7500000e+01;1.5111500e-01;6.7500000e+01;1.7260908e-01;6.7500000e+01;1.9353387e-01;6.7500000e+01;2.1896745e-01;6.7500000e+01;2.4337740e-01;6.7500000e+01;2.6504537e-01;6.7500000e+01;2.8231886e-01;6.7500000e+01;2.8796512e-01;6.7500000e+01;2.8587037e-01;6.7500000e+01;2.7661645e-01;6.7500000e+01;2.6076707e-01;6.7500000e+01;2.4021049e-01;6.7500000e+01;3.7363041e-02;6.7500000e+01;5.0527848e-02;6.7500000e+01;6.7573823e-02;6.7500000e+01;8.6166844e-02;6.7500000e+01;1.0658984e-01;6.7500000e+01;1.2863424e-01;6.7500000e+01;1.5111500e-01;6.7500000e+01;1.7260908e-01;6.7500000e+01;1.9353387e-01;6.7500000e+01;2.1896745e-01;6.7500000e+01;2.4337740e-01;6.7500000e+01;2.6504537e-01;6.7500000e+01;2.8231886e-01;6.7500000e+01;2.8796512e-01;6.7500000e+01;2.8587037e-01;6.7500000e+01;2.7661645e-01;6.7500000e+01;2.6076707e-01;6.7500000e+01;2.4021049e-01;6.7500000e+01;3.7363041e-02;6.7500000e+01;5.0527848e-02;6.7500000e+01;6.7573823e-02;6.7500000e+01;8.6166844e-02;6.7500000e+01;1.0658984e-01;6.7500000e+01;1.2863424e-01;6.7500000e+01;1.5111500e-01;6.7500000e+01;1.7260908e-01;6.7500000e+01;1.9353387e-01;6.7500000e+01;2.1896745e-01;6.7500000e+01;2.4337740e-01;6.7500000e+01;2.6504537e-01;6.7500000e+01;2.8231886e-01;6.7500000e+01;2.8796512e-01;6.7500000e+01;2.8587037e-01;6.7500000e+01;2.7661645e-01;6.7500000e+01;2.6076707e-01;6.7500000e+01;2.4021049e-01;6.7500000e+01;3.7363041e-02;6.7500000e+01;5.0527848e-02;6.7500000e+01;6.7573823e-02;6.7500000e+01;8.6166844e-02;6.7500000e+01;1.0658984e-01;6.7500000e+01;1.2863424e-01;6.7500000e+01;1.5111500e-01;6.7500000e+01;1.7260908e-01;6.7500000e+01;1.9353387e-01;6.7500000e+01;2.1896745e-01;6.7500000e+01;2.4337740e-01;6.7500000e+01;2.6504537e-01;6.7500000e+01;2.8231886e-01;6.7500000e+01;2.8796512e-01;6.7500000e+01;2.8587037e-01;6.7500000e+01;2.7661645e-01;6.7500000e+01;2.6076707e-01;6.7500000e+01;2.4021049e-01;6.7500000e+01;3.7363041e-02;6.7500000e+01;5.0527848e-02;6.7500000e+01;6.7573823e-02;6.7500000e+01;8.6166844e-02;6.7500000e+01;1.0658984e-01;6.7500000e+01;1.2863424e-01;6.7500000e+01;1.5111500e-01;6.7500000e+01;1.7260908e-01;6.7500000e+01;1.9353387e-01;6.7500000e+01;2.1896745e-01;6.7500000e+01;2.4337740e-01;6.7500000e+01;2.6504537e-01;6.7500000e+01;2.8231886e-01;6.7500000e+01;2.8796512e-01;6.7500000e+01;2.8587037e-01;6.7500000e+01;2.7661645e-01;6.7500000e+01;2.6076707e-01;6.7500000e+01;2.4021049e-01;6.7500000e+01;3.7363041e-02;6.7500000e+01;5.0527848e-02;6.7500000e+01;6.7573823e-02;6.7500000e+01;8.6166844e-02;6.7500000e+01;1.0658984e-01;6.7500000e+01;1.2863424e-01;6.7500000e+01;1.5111500e-01;6.7500000e+01;1.7260908e-01;6.7500000e+01;1.9353387e-01;6.7500000e+01;2.1896745e-01;6.7500000e+01;2.4337740e-01;6.7500000e+01;2.6504537e-01;6.7500000e+01;2.8231886e-01;6.7500000e+01;2.8796512e-01;6.7500000e+01;2.8587037e-01;6.7500000e+01;2.7661645e-01;6.7500000e+01;2.6076707e-01;6.7500000e+01;2.4021049e-01;6.7500000e+01;3.7363041e-02;6.7500000e+01;5.0527848e-02;6.7500000e+01;6.7573823e-02;6.7500000e+01;8.6166844e-02;6.7500000e+01;1.0658984e-01;6.7500000e+01;1.2863424e-01;6.7500000e+01;1.5111500e-01;6.7500000e+01;1.7260908e-01;6.7500000e+01;1.9353387e-01;6.7500000e+01;2.1896745e-01;6.7500000e+01;2.4337740e-01;6.7500000e+01;2.6504537e-01;6.7500000e+01;2.8231886e-01;6.7500000e+01;2.8796512e-01;6.7500000e+01;2.8587037e-01;6.7500000e+01;2.7661645e-01;6.7500000e+01;2.6076707e-01;6.7500000e+01;2.4021049e-01;6.7500000e+01;3.7363041e-02;6.7500000e+01;5.0527848e-02;6.7500000e+01;6.7573823e-02;6.7500000e+01;8.6166844e-02;6.7500000e+01;1.0658984e-01;6.7500000e+01;1.2863424e-01;6.7500000e+01;1.5111500e-01;6.7500000e+01;1.7260908e-01;6.7500000e+01;1.9353387e-01;6.7500000e+01;2.1896745e-01;6.7500000e+01;2.4337740e-01;6.7500000e+01;2.6504537e-01;6.7500000e+01;2.8231886e-01;6.7500000e+01;2.8796512e-01;6.7500000e+01;2.8587037e-01;6.7500000e+01;2.7661645e-01;6.7500000e+01;2.6076707e-01;6.7500000e+01;2.4021049e-01;6.7500000e+01;3.7363041e-02;6.7500000e+01;5.0527848e-02;6.7500000e+01;6.7573823e-02;6.7500000e+01;8.6166844e-02;6.7500000e+01;1.0658984e-01;6.7500000e+01;1.2863424e-01;6.7500000e+01;1.5111500e-01;6.7500000e+01;1.7260908e-01;6.7500000e+01;1.9353387e-01;6.7500000e+01;2.1896745e-01;6.7500000e+01;2.4337740e-01;6.7500000e+01;2.6504537e-01;6.7500000e+01;2.8231886e-01;6.7500000e+01;2.8796512e-01;6.7500000e+01;2.8587037e-01;6.7500000e+01;2.7661645e-01;6.7500000e+01;2.6076707e-01;6.7500000e+01;2.4021049e-01;6.7500000e+01;3.7363041e-02;6.7500000e+01;5.0527848e-02;6.7500000e+01;6.7573823e-02;6.7500000e+01;8.6166844e-02;6.7500000e+01;1.0658984e-01;6.7500000e+01;1.2863424e-01;6.7500000e+01;1.5111500e-01;6.7500000e+01;1.7260908e-01;6.7500000e+01;1.9353387e-01;6.7500000e+01;2.1896745e-01;6.7500000e+01;2.4337740e-01;6.7500000e+01;2.6504537e-01;6.7500000e+01;2.8231886e-01;6.7500000e+01;2.8796512e-01;6.7500000e+01;2.8587037e-01;6.7500000e+01;2.7661645e-01;6.7500000e+01;2.6076707e-01;6.7500000e+01;2.4021049e-01;6.7500000e+01;3.7363041e-02;6.7500000e+01;5.0527848e-02;6.7500000e+01;6.7573823e-02;6.7500000e+01;8.6166844e-02;6.7500000e+01;1.0658984e-01;6.7500000e+01;1.2863424e-01;6.7500000e+01;1.5111500e-01;6.7500000e+01;1.7260908e-01;6.7500000e+01;1.9353387e-01;6.7500000e+01;2.1896745e-01;6.7500000e+01;2.4337740e-01;6.7500000e+01;2.6504537e-01;6.7500000e+01;2.8231886e-01;6.7500000e+01;2.8796512e-01;6.7500000e+01;2.8587037e-01;6.7500000e+01;2.7661645e-01;6.7500000e+01;2.6076707e-01;6.7500000e+01;2.4021049e-01;6.7500000e+01;3.7363041e-02;6.7500000e+01;5.0527848e-02;6.7500000e+01;6.7573823e-02;6.7500000e+01;8.6166844e-02;6.7500000e+01;1.0658984e-01;6.7500000e+01;1.2863424e-01;6.7500000e+01;1.5111500e-01;6.7500000e+01;1.7260908e-01;6.7500000e+01;1.9353387e-01;6.7500000e+01;2.1896745e-01;6.7500000e+01;2.4337740e-01;6.7500000e+01;2.6504537e-01;6.7500000e+01;2.8231886e-01;6.7500000e+01;2.8796512e-01;6.7500000e+01;2.8587037e-01;6.7500000e+01;2.7661645e-01;6.7500000e+01;2.6076707e-01;6.7500000e+01;2.4021049e-01;6.7500000e+01;3.7363041e-02;6.7500000e+01;5.0527848e-02;6.7500000e+01;6.7573823e-02;6.7500000e+01;8.6166844e-02;6.7500000e+01;1.0658984e-01;6.7500000e+01;1.2863424e-01;6.7500000e+01;1.5111500e-01;6.7500000e+01;1.7260908e-01;6.7500000e+01;1.9353387e-01;6.7500000e+01;2.1896745e-01;6.7500000e+01;2.4337740e-01;6.7500000e+01;2.6504537e-01;6.7500000e+01;2.8231886e-01;6.7500000e+01;2.8796512e-01;6.7500000e+01;2.8587037e-01;6.7500000e+01;2.7661645e-01;6.7500000e+01;2.6076707e-01;6.7500000e+01;2.4021049e-01;6.7500000e+01;3.7363041e-02;6.7500000e+01;5.0527848e-02;6.7500000e+01;6.7573823e-02;6.7500000e+01;8.6166844e-02;6.7500000e+01;1.0658984e-01;6.7500000e+01;1.2863424e-01;6.7500000e+01;1.5111500e-01;6.7500000e+01;1.7260908e-01;6.7500000e+01;1.9353387e-01;6.7500000e+01;2.1896745e-01;6.7500000e+01;2.4337740e-01;6.7500000e+01;2.6504537e-01;6.7500000e+01;2.8231886e-01;6.7500000e+01;2.8796512e-01;6.7500000e+01;2.8587037e-01;6.7500000e+01;2.7661645e-01;6.7500000e+01;2.6076707e-01;6.7500000e+01;2.4021049e-01;6.7500000e+01;3.7363041e-02;6.7500000e+01;5.0527848e-02;6.7500000e+01;6.7573823e-02;6.7500000e+01;8.6166844e-02;6.7500000e+01;1.0658984e-01;6.7500000e+01;1.2863424e-01;6.7500000e+01;1.5111500e-01;6.7500000e+01;1.7260908e-01;6.7500000e+01;1.9353387e-01;6.7500000e+01;2.1896745e-01;6.7500000e+01;2.4337740e-01;6.7500000e+01;2.6504537e-01;6.7500000e+01;2.8231886e-01;6.7500000e+01;2.8796512e-01;6.7500000e+01;2.8587037e-01;6.7500000e+01;2.7661645e-01;6.7500000e+01;2.6076707e-01;6.7500000e+01;2.4021049e-01;6.7500000e+01;3.7363041e-02;6.7500000e+01;5.0527848e-02;6.7500000e+01;6.7573823e-02;6.7500000e+01;8.6166844e-02;6.7500000e+01;1.0658984e-01;6.7500000e+01;1.2863424e-01;6.7500000e+01;1.5111500e-01;6.7500000e+01;1.7260908e-01;6.7500000e+01;1.9353387e-01;6.7500000e+01;2.1896745e-01;6.7500000e+01;2.4337740e-01;6.7500000e+01;2.6504537e-01;6.7500000e+01;2.8231886e-01;6.7500000e+01;2.8796512e-01;6.7500000e+01;2.8587037e-01;6.7500000e+01;2.7661645e-01;6.7500000e+01;2.6076707e-01;6.7500000e+01;2.4021049e-01;6.7500000e+01;3.7363041e-02;6.7500000e+01;5.0527848e-02;6.7500000e+01;6.7573823e-02;6.7500000e+01;8.6166844e-02;6.7500000e+01;1.0658984e-01;6.7500000e+01;1.2863424e-01;6.7500000e+01;1.5111500e-01;6.7500000e+01;1.7260908e-01;6.7500000e+01;1.9353387e-01;6.7500000e+01;2.1896745e-01;6.7500000e+01;2.4337740e-01;6.7500000e+01;2.6504537e-01;6.7500000e+01;2.8231886e-01;6.7500000e+01;2.8796512e-01;6.7500000e+01;2.8587037e-01;6.7500000e+01;2.7661645e-01;6.7500000e+01;2.6076707e-01;6.7500000e+01;2.4021049e-01;6.7500000e+01;3.7363041e-02;6.7500000e+01;5.0527848e-02;6.7500000e+01;6.7573823e-02;6.7500000e+01;8.6166844e-02;6.7500000e+01;1.0658984e-01;6.7500000e+01;1.2863424e-01;6.7500000e+01;1.5111500e-01;6.7500000e+01;1.7260908e-01;6.7500000e+01;1.9353387e-01;6.7500000e+01;2.1896745e-01;6.7500000e+01;2.4337740e-01;6.7500000e+01;2.6504537e-01;6.7500000e+01;2.8231886e-01;6.7500000e+01;2.8796512e-01;6.7500000e+01;2.8587037e-01;6.7500000e+01;2.7661645e-01;6.7500000e+01;2.6076707e-01;6.7500000e+01;2.4021049e-01;6.7500000e+01;3.7363041e-02;6.7500000e+01;5.0527848e-02;6.7500000e+01;6.7573823e-02;6.7500000e+01;8.6166844e-02;6.7500000e+01;1.0658984e-01;6.7500000e+01;1.2863424e-01;6.7500000e+01;1.5111500e-01;6.7500000e+01;1.7260908e-01;6.7500000e+01;1.9353387e-01;6.7500000e+01;2.1896745e-01;6.7500000e+01;2.4337740e-01;6.7500000e+01;2.6504537e-01;6.7500000e+01;2.8231886e-01;6.7500000e+01;2.8796512e-01;6.7500000e+01;2.8587037e-01;6.7500000e+01;2.7661645e-01;6.7500000e+01;2.6076707e-01;6.7500000e+01;2.4021049e-01;6.7500000e+01;3.7363041e-02;6.7500000e+01;5.0527848e-02;6.7500000e+01;6.7573823e-02;6.7500000e+01;8.6166844e-02;6.7500000e+01;1.0658984e-01;6.7500000e+01;1.2863424e-01;6.7500000e+01;1.5111500e-01;6.7500000e+01;1.7260908e-01;6.7500000e+01;1.9353387e-01;6.7500000e+01;2.1896745e-01;6.7500000e+01;2.4337740e-01;6.7500000e+01;2.6504537e-01;6.7500000e+01;2.8231886e-01;6.7500000e+01;2.8796512e-01;6.7500000e+01;2.8587037e-01;6.7500000e+01;2.7661645e-01;6.7500000e+01;2.6076707e-01;6.7500000e+01;2.4021049e-01;6.7500000e+01;3.7363041e-02;6.7500000e+01;5.0527848e-02;6.7500000e+01;6.7573823e-02;6.7500000e+01;8.6166844e-02;6.7500000e+01;1.0658984e-01;6.7500000e+01;1.2863424e-01;6.7500000e+01;1.5111500e-01;6.7500000e+01;1.7260908e-01;6.7500000e+01;1.9353387e-01;6.7500000e+01;2.1896745e-01;6.7500000e+01;2.4337740e-01;6.7500000e+01;2.6504537e-01;6.7500000e+01;2.8231886e-01;6.7500000e+01;2.8796512e-01;6.7500000e+01;2.8587037e-01;6.7500000e+01;2.7661645e-01;6.7500000e+01;2.6076707e-01;6.7500000e+01;2.4021049e-01;6.7500000e+01;3.7363041e-02;6.7500000e+01;5.0527848e-02;6.7500000e+01;6.7573823e-02;6.7500000e+01;8.6166844e-02;6.7500000e+01;1.0658984e-01;6.7500000e+01;1.2863424e-01;6.7500000e+01;1.5111500e-01;6.7500000e+01;1.7260908e-01;6.7500000e+01;1.9353387e-01;6.7500000e+01;2.1896745e-01;6.7500000e+01;2.4337740e-01;6.7500000e+01;2.6504537e-01;6.7500000e+01;2.8231886e-01;6.7500000e+01;2.8796512e-01;6.7500000e+01;2.8587037e-01;6.7500000e+01;2.7661645e-01;6.7500000e+01;2.6076707e-01;6.7500000e+01;2.4021049e-01;6.7500000e+01;3.7363041e-02;6.7500000e+01;5.0527848e-02;6.7500000e+01;6.7573823e-02;6.7500000e+01;8.6166844e-02;6.7500000e+01;1.0658984e-01;6.7500000e+01;1.2863424e-01;6.7500000e+01;1.5111500e-01;6.7500000e+01;1.7260908e-01;6.7500000e+01;1.9353387e-01;6.7500000e+01;2.1896745e-01;6.7500000e+01;2.4337740e-01;6.7500000e+01;2.6504537e-01;6.7500000e+01;2.8231886e-01;6.7500000e+01;2.8796512e-01;6.7500000e+01;2.8587037e-01;6.7500000e+01;2.7661645e-01;6.7500000e+01;2.6076707e-01;6.7500000e+01;2.4021049e-01;6.7500000e+01;3.7363041e-02;6.7500000e+01;5.0527848e-02;6.7500000e+01;6.7573823e-02;6.7500000e+01;8.6166844e-02;6.7500000e+01;1.0658984e-01;6.7500000e+01;1.2863424e-01;6.7500000e+01;1.5111500e-01;6.7500000e+01;1.7260908e-01;6.7500000e+01;1.9353387e-01;6.7500000e+01;2.1896745e-01;6.7500000e+01;2.4337740e-01;6.7500000e+01;2.6504537e-01;6.7500000e+01;2.8231886e-01;6.7500000e+01;2.8796512e-01;6.7500000e+01;2.8587037e-01;6.7500000e+01;2.7661645e-01;6.7500000e+01;2.6076707e-01;6.7500000e+01;2.4021049e-01;6.7500000e+01;3.7363041e-02;6.7500000e+01;5.0527848e-02;6.7500000e+01;6.7573823e-02;6.7500000e+01;8.6166844e-02;6.7500000e+01;1.0658984e-01;6.7500000e+01;1.2863424e-01;6.7500000e+01;1.5111500e-01;6.7500000e+01;1.7260908e-01;6.7500000e+01;1.9353387e-01;6.7500000e+01;2.1896745e-01;6.7500000e+01;2.4337740e-01;6.7500000e+01;2.6504537e-01;6.7500000e+01;2.8231886e-01;6.7500000e+01;2.8796512e-01;6.7500000e+01;2.8587037e-01;6.7500000e+01;2.7661645e-01;6.7500000e+01;2.6076707e-01;6.7500000e+01;2.4021049e-01;6.7500000e+01;3.7363041e-02;6.7500000e+01;5.0527848e-02;6.7500000e+01;6.7573823e-02;6.7500000e+01;8.6166844e-02;6.7500000e+01;1.0658984e-01;6.7500000e+01;1.2863424e-01;6.7500000e+01;1.5111500e-01;6.7500000e+01;1.7260908e-01;6.7500000e+01;1.9353387e-01;6.7500000e+01;2.1896745e-01;6.7500000e+01;2.4337740e-01;6.7500000e+01;2.6504537e-01;6.7500000e+01;2.8231886e-01;6.7500000e+01;2.8796512e-01;6.7500000e+01;2.8587037e-01;6.7500000e+01;2.7661645e-01;6.7500000e+01;2.6076707e-01;6.7500000e+01;2.4021049e-01;6.7500000e+01;3.7363041e-02;6.7500000e+01;5.0527848e-02;6.7500000e+01;6.7573823e-02;6.7500000e+01;8.6166844e-02;6.7500000e+01;1.0658984e-01;6.7500000e+01;1.2863424e-01;6.7500000e+01;1.5111500e-01;6.7500000e+01;1.7260908e-01;6.7500000e+01;1.9353387e-01;6.7500000e+01;2.1896745e-01;6.7500000e+01;2.4337740e-01;6.7500000e+01;2.6504537e-01;6.7500000e+01;2.8231886e-01;6.7500000e+01;2.8796512e-01;6.7500000e+01;2.8587037e-01;6.7500000e+01;2.7661645e-01;6.7500000e+01;2.6076707e-01;6.7500000e+01;2.4021049e-01;6.7500000e+01;3.7363041e-02;6.7500000e+01;5.0527848e-02;6.7500000e+01;6.7573823e-02;6.7500000e+01;8.6166844e-02;6.7500000e+01;1.0658984e-01;6.7500000e+01;1.2863424e-01;6.7500000e+01;1.5111500e-01;6.7500000e+01;1.7260908e-01;6.7500000e+01;1.9353387e-01;6.7500000e+01;2.1896745e-01;6.7500000e+01;2.4337740e-01;6.7500000e+01;2.6504537e-01;6.7500000e+01;2.8231886e-01;6.7500000e+01;2.8796512e-01;6.7500000e+01;2.8587037e-01;6.7500000e+01;2.7661645e-01;6.7500000e+01;2.6076707e-01;6.7500000e+01;2.4021049e-01;6.7500000e+01;3.7363041e-02;6.7500000e+01;5.0527848e-02;6.7500000e+01;6.7573823e-02;6.7500000e+01;8.6166844e-02;6.7500000e+01;1.0658984e-01;6.7500000e+01;1.2863424e-01;6.7500000e+01;1.5111500e-01;6.7500000e+01;1.7260908e-01;6.7500000e+01;1.9353387e-01;6.7500000e+01;2.1896745e-01;6.7500000e+01;2.4337740e-01;6.7500000e+01;2.6504537e-01;6.7500000e+01;2.8231886e-01;6.7500000e+01;2.8796512e-01;6.7500000e+01;2.8587037e-01;6.7500000e+01;2.7661645e-01;6.7500000e+01;2.6076707e-01;6.7500000e+01;2.4021049e-01;6.7500000e+01;3.7363041e-02;6.7500000e+01;5.0527848e-02;6.7500000e+01;6.7573823e-02;6.7500000e+01;8.6166844e-02;6.7500000e+01;1.0658984e-01;6.7500000e+01;1.2863424e-01;6.7500000e+01;1.5111500e-01;6.7500000e+01;1.7260908e-01;6.7500000e+01;1.9353387e-01;6.7500000e+01;2.1896745e-01;6.7500000e+01;2.4337740e-01;6.7500000e+01;2.6504537e-01;6.7500000e+01;2.8231886e-01;6.7500000e+01;2.8796512e-01;6.7500000e+01;2.8587037e-01;6.7500000e+01;2.7661645e-01;6.7500000e+01;2.6076707e-01;6.7500000e+01;2.4021049e-01;6.7500000e+01;3.7363041e-02;6.7500000e+01;5.0527848e-02;6.7500000e+01;6.7573823e-02;6.7500000e+01;8.6166844e-02;6.7500000e+01;1.0658984e-01;6.7500000e+01;1.2863424e-01;6.7500000e+01;1.5111500e-01;6.7500000e+01;1.7260908e-01;6.7500000e+01;1.9353387e-01;6.7500000e+01;2.1896745e-01;6.7500000e+01;2.4337740e-01;6.7500000e+01;2.6504537e-01;6.7500000e+01;2.8231886e-01;6.7500000e+01;2.8796512e-01;6.7500000e+01;2.8587037e-01;6.7500000e+01;2.7661645e-01;6.7500000e+01;2.6076707e-01;6.7500000e+01;2.4021049e-01;6.7500000e+01;3.7363041e-02;6.7500000e+01;5.0527848e-02;6.7500000e+01;6.7573823e-02;6.7500000e+01;8.6166844e-02;6.7500000e+01;1.0658984e-01;6.7500000e+01;1.2863424e-01;6.7500000e+01;1.5111500e-01;6.7500000e+01;1.7260908e-01;6.7500000e+01;1.9353387e-01;6.7500000e+01;2.1896745e-01;6.7500000e+01;2.4337740e-01;6.7500000e+01;2.6504537e-01;6.7500000e+01;2.8231886e-01;6.7500000e+01;2.8796512e-01;6.7500000e+01;2.8587037e-01;6.7500000e+01;2.7661645e-01;6.7500000e+01;2.6076707e-01;6.7500000e+01;2.4021049e-01;6.7500000e+01;3.7363041e-02;6.7500000e+01;5.0527848e-02;6.7500000e+01;6.7573823e-02;6.7500000e+01;8.6166844e-02;6.7500000e+01;1.0658984e-01;6.7500000e+01;1.2863424e-01;6.7500000e+01;1.5111500e-01;6.7500000e+01;1.7260908e-01;6.7500000e+01;1.9353387e-01;6.7500000e+01;2.1896745e-01;6.7500000e+01;2.4337740e-01;6.7500000e+01;2.6504537e-01;6.7500000e+01;2.8231886e-01;6.7500000e+01;2.8796512e-01;6.7500000e+01;2.8587037e-01;6.7500000e+01;2.7661645e-01;6.7500000e+01;2.6076707e-01;6.7500000e+01;2.4021049e-01;6.7500000e+01;3.7363041e-02;6.7500000e+01;5.0527848e-02;6.7500000e+01;6.7573823e-02;6.7500000e+01;8.6166844e-02;6.7500000e+01;1.0658984e-01;6.7500000e+01;1.2863424e-01;6.7500000e+01;1.5111500e-01;6.7500000e+01;1.7260908e-01;6.7500000e+01;1.9353387e-01;6.7500000e+01;2.1896745e-01;6.7500000e+01;2.4337740e-01;6.7500000e+01;2.6504537e-01;6.7500000e+01;2.8231886e-01;6.7500000e+01;2.8796512e-01;6.7500000e+01;2.8587037e-01;6.7500000e+01;2.7661645e-01;6.7500000e+01;2.6076707e-01;6.7500000e+01;2.4021049e-01;6.7500000e+01;3.7363041e-02;6.7500000e+01;5.0527848e-02;6.7500000e+01;6.7573823e-02;6.7500000e+01;8.6166844e-02;6.7500000e+01;1.0658984e-01;6.7500000e+01;1.2863424e-01;6.7500000e+01;1.5111500e-01;6.7500000e+01;1.7260908e-01;6.7500000e+01;1.9353387e-01;6.7500000e+01;2.1896745e-01;6.7500000e+01;2.4337740e-01;6.7500000e+01;2.6504537e-01;6.7500000e+01;2.8231886e-01;6.7500000e+01;2.8796512e-01;6.7500000e+01;2.8587037e-01;6.7500000e+01;2.7661645e-01;6.7500000e+01;2.6076707e-01;6.7500000e+01;2.4021049e-01;6.7500000e+01;3.7363041e-02;6.7500000e+01;5.0527848e-02;6.7500000e+01;6.7573823e-02;6.7500000e+01;8.6166844e-02;6.7500000e+01;1.0658984e-01;6.7500000e+01;1.2863424e-01;6.7500000e+01;1.5111500e-01;6.7500000e+01;1.7260908e-01;6.7500000e+01;1.9353387e-01;6.7500000e+01;2.1896745e-01;6.7500000e+01;2.4337740e-01;6.7500000e+01;2.6504537e-01;6.7500000e+01;2.8231886e-01;6.7500000e+01;2.8796512e-01;6.7500000e+01;2.8587037e-01;6.7500000e+01;2.7661645e-01;6.7500000e+01;2.6076707e-01;6.7500000e+01;2.4021049e-01;6.7500000e+01;3.7363041e-02;6.7500000e+01;5.0527848e-02;6.7500000e+01;6.7573823e-02;6.7500000e+01;8.6166844e-02;6.7500000e+01;1.0658984e-01;6.7500000e+01;1.2863424e-01;6.7500000e+01;1.5111500e-01;6.7500000e+01;1.7260908e-01;6.7500000e+01;1.9353387e-01;6.7500000e+01;2.1896745e-01;6.7500000e+01;2.4337740e-01;6.7500000e+01;2.6504537e-01;6.7500000e+01;2.8231886e-01;6.7500000e+01;2.8796512e-01;6.7500000e+01;2.8587037e-01;6.7500000e+01;2.7661645e-01;6.7500000e+01;2.6076707e-01;6.7500000e+01;2.4021049e-01;6.7500000e+01;3.7363041e-02;6.7500000e+01;5.0527848e-02;6.7500000e+01;6.7573823e-02;6.7500000e+01;8.6166844e-02;6.7500000e+01;1.0658984e-01;6.7500000e+01;1.2863424e-01;6.7500000e+01;1.5111500e-01;6.7500000e+01;1.7260908e-01;6.7500000e+01;1.9353387e-01;6.7500000e+01;2.1896745e-01;6.7500000e+01;2.4337740e-01;6.7500000e+01;2.6504537e-01;6.7500000e+01;2.8231886e-01;6.7500000e+01;2.8796512e-01;6.7500000e+01;2.8587037e-01;6.7500000e+01;2.7661645e-01;6.7500000e+01;2.6076707e-01;6.7500000e+01;2.4021049e-01;6.7500000e+01;3.7363041e-02;6.7500000e+01;5.0527848e-02;6.7500000e+01;6.7573823e-02;6.7500000e+01;8.6166844e-02;6.7500000e+01;1.0658984e-01;6.7500000e+01;1.2863424e-01;6.7500000e+01;1.5111500e-01;6.7500000e+01;1.7260908e-01;6.7500000e+01;1.9353387e-01;6.7500000e+01;2.1896745e-01;6.7500000e+01;2.4337740e-01;6.7500000e+01;2.6504537e-01;6.7500000e+01;2.8231886e-01;6.7500000e+01;2.8796512e-01;6.7500000e+01;2.8587037e-01;6.7500000e+01;2.7661645e-01;6.7500000e+01;2.6076707e-01;6.7500000e+01;2.4021049e-01;6.7500000e+01;3.7363041e-02;6.7500000e+01;5.0527848e-02;6.7500000e+01;6.7573823e-02;6.7500000e+01;8.6166844e-02;6.7500000e+01;1.0658984e-01;6.7500000e+01;1.2863424e-01;6.7500000e+01;1.5111500e-01;6.7500000e+01;1.7260908e-01;6.7500000e+01;1.9353387e-01;6.7500000e+01;2.1896745e-01;6.7500000e+01;2.4337740e-01;6.7500000e+01;2.6504537e-01;6.7500000e+01;2.8231886e-01;6.7500000e+01;2.8796512e-01;6.7500000e+01;2.8587037e-01;6.7500000e+01;2.7661645e-01;6.7500000e+01;2.6076707e-01;6.7500000e+01;2.4021049e-01;6.7500000e+01;3.7363041e-02;6.7500000e+01;5.0527848e-02;6.7500000e+01;6.7573823e-02;6.7500000e+01;8.6166844e-02;6.7500000e+01;1.0658984e-01;6.7500000e+01;1.2863424e-01;6.7500000e+01;1.5111500e-01;6.7500000e+01;1.7260908e-01;6.7500000e+01;1.9353387e-01;6.7500000e+01;2.1896745e-01;6.7500000e+01;2.4337740e-01;6.7500000e+01;2.6504537e-01;6.7500000e+01;2.8231886e-01;6.7500000e+01;2.8796512e-01;6.7500000e+01;2.8587037e-01;6.7500000e+01;2.7661645e-01;6.7500000e+01;2.6076707e-01;6.7500000e+01;2.4021049e-01;6.7500000e+01;3.7363041e-02;6.7500000e+01;5.0527848e-02;6.7500000e+01;6.7573823e-02;6.7500000e+01;8.6166844e-02;6.7500000e+01;1.0658984e-01;6.7500000e+01;1.2863424e-01;6.7500000e+01;1.5111500e-01;6.7500000e+01;1.7260908e-01;6.7500000e+01;1.9353387e-01;6.7500000e+01;2.1896745e-01;6.7500000e+01;2.4337740e-01;6.7500000e+01;2.6504537e-01;6.7500000e+01;2.8231886e-01;6.7500000e+01;2.8796512e-01;6.7500000e+01;2.8587037e-01;6.7500000e+01;2.7661645e-01;6.7500000e+01;2.6076707e-01;6.7500000e+01;2.4021049e-01;6.7500000e+01;3.7363041e-02;6.7500000e+01;5.0527848e-02;6.7500000e+01;6.7573823e-02;6.7500000e+01;8.6166844e-02;6.7500000e+01;1.0658984e-01;6.7500000e+01;1.2863424e-01;6.7500000e+01;1.5111500e-01;6.7500000e+01;1.7260908e-01;6.7500000e+01;1.9353387e-01;6.7500000e+01;2.1896745e-01;6.7500000e+01;2.4337740e-01;6.7500000e+01;2.6504537e-01;6.7500000e+01;2.8231886e-01;6.7500000e+01;2.8796512e-01;6.7500000e+01;2.8587037e-01;6.7500000e+01;2.7661645e-01;6.7500000e+01;2.6076707e-01;6.7500000e+01;2.4021049e-01;6.7500000e+01;3.7363041e-02;6.7500000e+01;5.0527848e-02;6.7500000e+01;6.7573823e-02;6.7500000e+01;8.6166844e-02;6.7500000e+01;1.0658984e-01;6.7500000e+01;1.2863424e-01;6.7500000e+01;1.5111500e-01;6.7500000e+01;1.7260908e-01;6.7500000e+01;1.9353387e-01;6.7500000e+01;2.1896745e-01;6.7500000e+01;2.4337740e-01;6.7500000e+01;2.6504537e-01;6.7500000e+01;2.8231886e-01;6.7500000e+01;2.8796512e-01;6.7500000e+01;2.8587037e-01;6.7500000e+01;2.7661645e-01;6.7500000e+01;2.6076707e-01;6.7500000e+01;2.4021049e-01;6.7500000e+01;3.7363041e-02;6.7500000e+01;5.0527848e-02;6.7500000e+01;6.7573823e-02;6.7500000e+01;8.6166844e-02;6.7500000e+01;1.0658984e-01;6.7500000e+01;1.2863424e-01;6.7500000e+01;1.5111500e-01;6.7500000e+01;1.7260908e-01;6.7500000e+01;1.9353387e-01;6.7500000e+01;2.1896745e-01;6.7500000e+01;2.4337740e-01;6.7500000e+01;2.6504537e-01;6.7500000e+01;2.8231886e-01;6.7500000e+01;2.8796512e-01;6.7500000e+01;2.8587037e-01;6.7500000e+01;2.7661645e-01;6.7500000e+01;2.6076707e-01;6.7500000e+01;2.4021049e-01;6.7500000e+01;3.7363041e-02;6.7500000e+01;5.0527848e-02;6.7500000e+01;6.7573823e-02;6.7500000e+01;8.6166844e-02;6.7500000e+01;1.0658984e-01;6.7500000e+01;1.2863424e-01;6.7500000e+01;1.5111500e-01;6.7500000e+01;1.7260908e-01;6.7500000e+01;1.9353387e-01;6.7500000e+01;2.1896745e-01;6.7500000e+01;2.4337740e-01;6.7500000e+01;2.6504537e-01;6.7500000e+01;2.8231886e-01;6.7500000e+01;2.8796512e-01;6.7500000e+01;2.8587037e-01;6.7500000e+01;2.7661645e-01;6.7500000e+01;2.6076707e-01;6.7500000e+01;2.4021049e-01;6.7500000e+01;3.7363041e-02;6.7500000e+01;5.0527848e-02;6.7500000e+01;6.7573823e-02;6.7500000e+01;8.6166844e-02;6.7500000e+01;1.0658984e-01;6.7500000e+01;1.2863424e-01;6.7500000e+01;1.5111500e-01;6.7500000e+01;1.7260908e-01;6.7500000e+01;1.9353387e-01;6.7500000e+01;2.1896745e-01;6.7500000e+01;2.4337740e-01;6.7500000e+01;2.6504537e-01;6.7500000e+01;2.8231886e-01;6.7500000e+01;2.8796512e-01;6.7500000e+01;2.8587037e-01;6.7500000e+01;2.7661645e-01;6.7500000e+01;2.6076707e-01;6.7500000e+01;2.4021049e-01;6.7500000e+01;3.7363041e-02;6.7500000e+01;5.0527848e-02;6.7500000e+01;6.7573823e-02;6.7500000e+01;8.6166844e-02;6.7500000e+01;1.0658984e-01;6.7500000e+01;1.2863424e-01;6.7500000e+01;1.5111500e-01;6.7500000e+01;1.7260908e-01;6.7500000e+01;1.9353387e-01;6.7500000e+01;2.1896745e-01;6.7500000e+01;2.4337740e-01;6.7500000e+01;2.6504537e-01;6.7500000e+01;2.8231886e-01;6.7500000e+01;2.8796512e-01;6.7500000e+01;2.8587037e-01;6.7500000e+01;2.7661645e-01;6.7500000e+01;2.6076707e-01;6.7500000e+01;2.4021049e-01;6.7500000e+01;3.7363041e-02;6.7500000e+01;5.0527848e-02;6.7500000e+01;6.7573823e-02;6.7500000e+01;8.6166844e-02;6.7500000e+01;1.0658984e-01;6.7500000e+01;1.2863424e-01;6.7500000e+01;1.5111500e-01;6.7500000e+01;1.7260908e-01;6.7500000e+01;1.9353387e-01;6.7500000e+01;2.1896745e-01;6.7500000e+01;2.4337740e-01;6.7500000e+01;2.6504537e-01;6.7500000e+01;2.8231886e-01;6.7500000e+01;2.8796512e-01;6.7500000e+01;2.8587037e-01;6.7500000e+01;2.7661645e-01;6.7500000e+01;2.6076707e-01;6.7500000e+01;2.4021049e-01;6.7500000e+01;3.7363041e-02;6.7500000e+01;5.0527848e-02;6.7500000e+01;6.7573823e-02;6.7500000e+01;8.6166844e-02;6.7500000e+01;1.0658984e-01;6.7500000e+01;1.2863424e-01;6.7500000e+01;1.5111500e-01;6.7500000e+01;1.7260908e-01;6.7500000e+01;1.9353387e-01;6.7500000e+01;2.1896745e-01;6.7500000e+01;2.4337740e-01;6.7500000e+01;2.6504537e-01;6.7500000e+01;2.8231886e-01;6.7500000e+01;2.8796512e-01;6.7500000e+01;2.8587037e-01;6.7500000e+01;2.7661645e-01;6.7500000e+01;2.6076707e-01;6.7500000e+01;2.4021049e-01;6.7500000e+01;3.7363041e-02;6.7500000e+01;5.0527848e-02;6.7500000e+01;6.7573823e-02;6.7500000e+01;8.6166844e-02;6.7500000e+01;1.0658984e-01;6.7500000e+01;1.2863424e-01;6.7500000e+01;1.5111500e-01;6.7500000e+01;1.7260908e-01;6.7500000e+01;1.9353387e-01;6.7500000e+01;2.1896745e-01;6.7500000e+01;2.4337740e-01;6.7500000e+01;2.6504537e-01;6.7500000e+01;2.8231886e-01;6.7500000e+01;2.8796512e-01;6.7500000e+01;2.8587037e-01;6.7500000e+01;2.7661645e-01;6.7500000e+01;2.6076707e-01;6.7500000e+01;2.4021049e-01;6.7500000e+01;3.7363041e-02;6.7500000e+01;5.0527848e-02;6.7500000e+01;6.7573823e-02;6.7500000e+01;8.6166844e-02;6.7500000e+01;1.0658984e-01;6.7500000e+01;1.2863424e-01;6.7500000e+01;1.5111500e-01;6.7500000e+01;1.7260908e-01;6.7500000e+01;1.9353387e-01;6.7500000e+01;2.1896745e-01;6.7500000e+01;2.4337740e-01;6.7500000e+01;2.6504537e-01;6.7500000e+01;2.8231886e-01;6.7500000e+01;2.8796512e-01;6.7500000e+01;2.8587037e-01;6.7500000e+01;2.7661645e-01;6.7500000e+01;2.6076707e-01;6.7500000e+01;2.4021049e-01;6.7500000e+01;3.7363041e-02;6.7500000e+01;5.0527848e-02;6.7500000e+01;6.7573823e-02;6.7500000e+01;8.6166844e-02;6.7500000e+01;1.0658984e-01;6.7500000e+01;1.2863424e-01;6.7500000e+01;1.5111500e-01;6.7500000e+01;1.7260908e-01;6.7500000e+01;1.9353387e-01;6.7500000e+01;2.1896745e-01;6.7500000e+01;2.4337740e-01;6.7500000e+01;2.6504537e-01;6.7500000e+01;2.8231886e-01;6.7500000e+01;2.8796512e-01;6.7500000e+01;2.8587037e-01;6.7500000e+01;2.7661645e-01;6.7500000e+01;2.6076707e-01;6.7500000e+01;2.4021049e-01;6.7500000e+01;3.7363041e-02;6.7500000e+01;5.0527848e-02;6.7500000e+01;6.7573823e-02;6.7500000e+01;8.6166844e-02;6.7500000e+01;1.0658984e-01;6.7500000e+01;1.2863424e-01;6.7500000e+01;1.5111500e-01;6.7500000e+01;1.7260908e-01;6.7500000e+01;1.9353387e-01;6.7500000e+01;2.1896745e-01;6.7500000e+01;2.4337740e-01;6.7500000e+01;2.6504537e-01;6.7500000e+01;2.8231886e-01;6.7500000e+01;2.8796512e-01;6.7500000e+01;2.8587037e-01;6.7500000e+01;2.7661645e-01;6.7500000e+01;2.6076707e-01;6.7500000e+01;2.4021049e-01;6.7500000e+01;3.7363041e-02;6.7500000e+01;5.0527848e-02;6.7500000e+01;6.7573823e-02;6.7500000e+01;8.6166844e-02;6.7500000e+01;1.0658984e-01;6.7500000e+01;1.2863424e-01;6.7500000e+01;1.5111500e-01;6.7500000e+01;1.7260908e-01;6.7500000e+01;1.9353387e-01;6.7500000e+01;2.1896745e-01;6.7500000e+01;2.4337740e-01;6.7500000e+01;2.6504537e-01;6.7500000e+01;2.8231886e-01;6.7500000e+01;2.8796512e-01;6.7500000e+01;2.8587037e-01;6.7500000e+01;2.7661645e-01;6.7500000e+01;2.6076707e-01;6.7500000e+01;2.4021049e-01;6.7500000e+01;3.7363041e-02;6.7500000e+01;5.0527848e-02;6.7500000e+01;6.7573823e-02;6.7500000e+01;8.6166844e-02;6.7500000e+01;1.0658984e-01;6.7500000e+01;1.2863424e-01;6.7500000e+01;1.5111500e-01;6.7500000e+01;1.7260908e-01;6.7500000e+01;1.9353387e-01;6.7500000e+01;2.1896745e-01;6.7500000e+01;2.4337740e-01;6.7500000e+01;2.6504537e-01;6.7500000e+01;2.8231886e-01;6.7500000e+01;2.8796512e-01;6.7500000e+01;2.8587037e-01;6.7500000e+01;2.7661645e-01;6.7500000e+01;2.6076707e-01;6.7500000e+01;2.4021049e-01;6.7500000e+01;3.7363041e-02;6.7500000e+01;5.0527848e-02;6.7500000e+01;6.7573823e-02;6.7500000e+01;8.6166844e-02;6.7500000e+01;1.0658984e-01;6.7500000e+01;1.2863424e-01;6.7500000e+01;1.5111500e-01;6.7500000e+01;1.7260908e-01;6.7500000e+01;1.9353387e-01;6.7500000e+01;2.1896745e-01;6.7500000e+01;2.4337740e-01;6.7500000e+01;2.6504537e-01;6.7500000e+01;2.8231886e-01;6.7500000e+01;2.8796512e-01;6.7500000e+01;2.8587037e-01;6.7500000e+01;2.7661645e-01;6.7500000e+01;2.6076707e-01;6.7500000e+01;2.4021049e-01;6.7500000e+01;3.7363041e-02;6.7500000e+01;5.0527848e-02;6.7500000e+01;6.7573823e-02;6.7500000e+01;8.6166844e-02;6.7500000e+01;1.0658984e-01;6.7500000e+01;1.2863424e-01;6.7500000e+01;1.5111500e-01;6.7500000e+01;1.7260908e-01;6.7500000e+01;1.9353387e-01;6.7500000e+01;2.1896745e-01;6.7500000e+01;2.4337740e-01;6.7500000e+01;2.6504537e-01;6.7500000e+01;2.8231886e-01;6.7500000e+01;2.8796512e-01;6.7500000e+01;2.8587037e-01;6.7500000e+01;2.7661645e-01;6.7500000e+01;2.6076707e-01;6.7500000e+01;2.4021049e-01;6.7500000e+01;3.7363041e-02;6.7500000e+01;5.0527848e-02;6.7500000e+01;6.7573823e-02;6.7500000e+01;8.6166844e-02;6.7500000e+01;1.0658984e-01;6.7500000e+01;1.2863424e-01;6.7500000e+01;1.5111500e-01;6.7500000e+01;1.7260908e-01;6.7500000e+01;1.9353387e-01;6.7500000e+01;2.1896745e-01;6.7500000e+01;2.4337740e-01;6.7500000e+01;2.6504537e-01;6.7500000e+01;2.8231886e-01;6.7500000e+01;2.8796512e-01;6.7500000e+01;2.8587037e-01;6.7500000e+01;2.7661645e-01;6.7500000e+01;2.6076707e-01;6.7500000e+01;2.4021049e-01;6.7500000e+01;3.7363041e-02;6.7500000e+01;5.0527848e-02;6.7500000e+01;6.7573823e-02;6.7500000e+01;8.6166844e-02;6.7500000e+01;1.0658984e-01;6.7500000e+01;1.2863424e-01;6.7500000e+01;1.5111500e-01;6.7500000e+01;1.7260908e-01;6.7500000e+01;1.9353387e-01;6.7500000e+01;2.1896745e-01;6.7500000e+01;2.4337740e-01;6.7500000e+01;2.6504537e-01;6.7500000e+01;2.8231886e-01;6.7500000e+01;2.8796512e-01;6.7500000e+01;2.8587037e-01;6.7500000e+01;2.7661645e-01;6.7500000e+01;2.6076707e-01;6.7500000e+01;2.4021049e-01;6.7500000e+01;3.7363041e-02;6.7500000e+01;5.0527848e-02;6.7500000e+01;6.7573823e-02;6.7500000e+01;8.6166844e-02;6.7500000e+01;1.0658984e-01;6.7500000e+01;1.2863424e-01;6.7500000e+01;1.5111500e-01;6.7500000e+01;1.7260908e-01;6.7500000e+01;1.9353387e-01;6.7500000e+01;2.1896745e-01;6.7500000e+01;2.4337740e-01;6.7500000e+01;2.6504537e-01;6.7500000e+01;2.8231886e-01;6.7500000e+01;2.8796512e-01;6.7500000e+01;2.8587037e-01;6.7500000e+01;2.7661645e-01;6.7500000e+01;2.6076707e-01;6.7500000e+01;2.4021049e-01;6.7500000e+01;3.7363041e-02;6.7500000e+01;5.0527848e-02;6.7500000e+01;6.7573823e-02;6.7500000e+01;8.6166844e-02;6.7500000e+01;1.0658984e-01;6.7500000e+01;1.2863424e-01;6.7500000e+01;1.5111500e-01;6.7500000e+01;1.7260908e-01;6.7500000e+01;1.9353387e-01;6.7500000e+01;2.1896745e-01;6.7500000e+01;2.4337740e-01;6.7500000e+01;2.6504537e-01;6.7500000e+01;2.8231886e-01;6.7500000e+01;2.8796512e-01;6.7500000e+01;2.8587037e-01;6.7500000e+01;2.7661645e-01;6.7500000e+01;2.6076707e-01;6.7500000e+01;2.4021049e-01
7.2500000e+01;3.6542539e-02;7.2500000e+01;5.0185576e-02;7.2500000e+01;6.6374220e-02;7.2500000e+01;8.4116504e-02;7.2500000e+01;1.0473314e-01;7.2500000e+01;1.2568946e-01;7.2500000e+01;1.4727637e-01;7.2500000e+01;1.6750230e-01;7.2500000e+01;1.8692926e-01;7.2500000e+01;2.1126087e-01;7.2500000e+01;2.3310156e-01;7.2500000e+01;2.5334075e-01;7.2500000e+01;2.7304122e-01;7.2500000e+01;2.8321862e-01;7.2500000e+01;2.8359866e-01;7.2500000e+01;2.7643231e-01;7.2500000e+01;2.6258793e-01;7.2500000e+01;2.4398884e-01;7.2500000e+01;3.6542539e-02;7.2500000e+01;5.0185576e-02;7.2500000e+01;6.6374220e-02;7.2500000e+01;8.4116504e-02;7.2500000e+01;1.0473314e-01;7.2500000e+01;1.2568946e-01;7.2500000e+01;1.4727637e-01;7.2500000e+01;1.6750230e-01;7.2500000e+01;1.8692926e-01;7.2500000e+01;2.1126087e-01;7.2500000e+01;2.3310156e-01;7.2500000e+01;2.5334075e-01;7.2500000e+01;2.7304122e-01;7.2500000e+01;2.8321862e-01;7.2500000e+01;2.8359866e-01;7.2500000e+01;2.7643231e-01;7.2500000e+01;2.6258793e-01;7.2500000e+01;2.4398884e-01;7.2500000e+01;3.6542539e-02;7.2500000e+01;5.0185576e-02;7.2500000e+01;6.6374220e-02;7.2500000e+01;8.4116504e-02;7.2500000e+01;1.0473314e-01;7.2500000e+01;1.2568946e-01;7.2500000e+01;1.4727637e-01;7.2500000e+01;1.6750230e-01;7.2500000e+01;1.8692926e-01;7.2500000e+01;2.1126087e-01;7.2500000e+01;2.3310156e-01;7.2500000e+01;2.5334075e-01;7.2500000e+01;2.7304122e-01;7.2500000e+01;2.8321862e-01;7.2500000e+01;2.8359866e-01;7.2500000e+01;2.7643231e-01;7.2500000e+01;2.6258793e-01;7.2500000e+01;2.4398884e-01;7.2500000e+01;3.6542539e-02;7.2500000e+01;5.0185576e-02;7.2500000e+01;6.6374220e-02;7.2500000e+01;8.4116504e-02;7.2500000e+01;1.0473314e-01;7.2500000e+01;1.2568946e-01;7.2500000e+01;1.4727637e-01;7.2500000e+01;1.6750230e-01;7.2500000e+01;1.8692926e-01;7.2500000e+01;2.1126087e-01;7.2500000e+01;2.3310156e-01;7.2500000e+01;2.5334075e-01;7.2500000e+01;2.7304122e-01;7.2500000e+01;2.8321862e-01;7.2500000e+01;2.8359866e-01;7.2500000e+01;2.7643231e-01;7.2500000e+01;2.6258793e-01;7.2500000e+01;2.4398884e-01;7.2500000e+01;3.6542539e-02;7.2500000e+01;5.0185576e-02;7.2500000e+01;6.6374220e-02;7.2500000e+01;8.4116504e-02;7.2500000e+01;1.0473314e-01;7.2500000e+01;1.2568946e-01;7.2500000e+01;1.4727637e-01;7.2500000e+01;1.6750230e-01;7.2500000e+01;1.8692926e-01;7.2500000e+01;2.1126087e-01;7.2500000e+01;2.3310156e-01;7.2500000e+01;2.5334075e-01;7.2500000e+01;2.7304122e-01;7.2500000e+01;2.8321862e-01;7.2500000e+01;2.8359866e-01;7.2500000e+01;2.7643231e-01;7.2500000e+01;2.6258793e-01;7.2500000e+01;2.4398884e-01;7.2500000e+01;3.6542539e-02;7.2500000e+01;5.0185576e-02;7.2500000e+01;6.6374220e-02;7.2500000e+01;8.4116504e-02;7.2500000e+01;1.0473314e-01;7.2500000e+01;1.2568946e-01;7.2500000e+01;1.4727637e-01;7.2500000e+01;1.6750230e-01;7.2500000e+01;1.8692926e-01;7.2500000e+01;2.1126087e-01;7.2500000e+01;2.3310156e-01;7.2500000e+01;2.5334075e-01;7.2500000e+01;2.7304122e-01;7.2500000e+01;2.8321862e-01;7.2500000e+01;2.8359866e-01;7.2500000e+01;2.7643231e-01;7.2500000e+01;2.6258793e-01;7.2500000e+01;2.4398884e-01;7.2500000e+01;3.6542539e-02;7.2500000e+01;5.0185576e-02;7.2500000e+01;6.6374220e-02;7.2500000e+01;8.4116504e-02;7.2500000e+01;1.0473314e-01;7.2500000e+01;1.2568946e-01;7.2500000e+01;1.4727637e-01;7.2500000e+01;1.6750230e-01;7.2500000e+01;1.8692926e-01;7.2500000e+01;2.1126087e-01;7.2500000e+01;2.3310156e-01;7.2500000e+01;2.5334075e-01;7.2500000e+01;2.7304122e-01;7.2500000e+01;2.8321862e-01;7.2500000e+01;2.8359866e-01;7.2500000e+01;2.7643231e-01;7.2500000e+01;2.6258793e-01;7.2500000e+01;2.4398884e-01;7.2500000e+01;3.6542539e-02;7.2500000e+01;5.0185576e-02;7.2500000e+01;6.6374220e-02;7.2500000e+01;8.4116504e-02;7.2500000e+01;1.0473314e-01;7.2500000e+01;1.2568946e-01;7.2500000e+01;1.4727637e-01;7.2500000e+01;1.6750230e-01;7.2500000e+01;1.8692926e-01;7.2500000e+01;2.1126087e-01;7.2500000e+01;2.3310156e-01;7.2500000e+01;2.5334075e-01;7.2500000e+01;2.7304122e-01;7.2500000e+01;2.8321862e-01;7.2500000e+01;2.8359866e-01;7.2500000e+01;2.7643231e-01;7.2500000e+01;2.6258793e-01;7.2500000e+01;2.4398884e-01;7.2500000e+01;3.6542539e-02;7.2500000e+01;5.0185576e-02;7.2500000e+01;6.6374220e-02;7.2500000e+01;8.4116504e-02;7.2500000e+01;1.0473314e-01;7.2500000e+01;1.2568946e-01;7.2500000e+01;1.4727637e-01;7.2500000e+01;1.6750230e-01;7.2500000e+01;1.8692926e-01;7.2500000e+01;2.1126087e-01;7.2500000e+01;2.3310156e-01;7.2500000e+01;2.5334075e-01;7.2500000e+01;2.7304122e-01;7.2500000e+01;2.8321862e-01;7.2500000e+01;2.8359866e-01;7.2500000e+01;2.7643231e-01;7.2500000e+01;2.6258793e-01;7.2500000e+01;2.4398884e-01;7.2500000e+01;3.6542539e-02;7.2500000e+01;5.0185576e-02;7.2500000e+01;6.6374220e-02;7.2500000e+01;8.4116504e-02;7.2500000e+01;1.0473314e-01;7.2500000e+01;1.2568946e-01;7.2500000e+01;1.4727637e-01;7.2500000e+01;1.6750230e-01;7.2500000e+01;1.8692926e-01;7.2500000e+01;2.1126087e-01;7.2500000e+01;2.3310156e-01;7.2500000e+01;2.5334075e-01;7.2500000e+01;2.7304122e-01;7.2500000e+01;2.8321862e-01;7.2500000e+01;2.8359866e-01;7.2500000e+01;2.7643231e-01;7.2500000e+01;2.6258793e-01;7.2500000e+01;2.4398884e-01;7.2500000e+01;3.6542539e-02;7.2500000e+01;5.0185576e-02;7.2500000e+01;6.6374220e-02;7.2500000e+01;8.4116504e-02;7.2500000e+01;1.0473314e-01;7.2500000e+01;1.2568946e-01;7.2500000e+01;1.4727637e-01;7.2500000e+01;1.6750230e-01;7.2500000e+01;1.8692926e-01;7.2500000e+01;2.1126087e-01;7.2500000e+01;2.3310156e-01;7.2500000e+01;2.5334075e-01;7.2500000e+01;2.7304122e-01;7.2500000e+01;2.8321862e-01;7.2500000e+01;2.8359866e-01;7.2500000e+01;2.7643231e-01;7.2500000e+01;2.6258793e-01;7.2500000e+01;2.4398884e-01;7.2500000e+01;3.6542539e-02;7.2500000e+01;5.0185576e-02;7.2500000e+01;6.6374220e-02;7.2500000e+01;8.4116504e-02;7.2500000e+01;1.0473314e-01;7.2500000e+01;1.2568946e-01;7.2500000e+01;1.4727637e-01;7.2500000e+01;1.6750230e-01;7.2500000e+01;1.8692926e-01;7.2500000e+01;2.1126087e-01;7.2500000e+01;2.3310156e-01;7.2500000e+01;2.5334075e-01;7.2500000e+01;2.7304122e-01;7.2500000e+01;2.8321862e-01;7.2500000e+01;2.8359866e-01;7.2500000e+01;2.7643231e-01;7.2500000e+01;2.6258793e-01;7.2500000e+01;2.4398884e-01;7.2500000e+01;3.6542539e-02;7.2500000e+01;5.0185576e-02;7.2500000e+01;6.6374220e-02;7.2500000e+01;8.4116504e-02;7.2500000e+01;1.0473314e-01;7.2500000e+01;1.2568946e-01;7.2500000e+01;1.4727637e-01;7.2500000e+01;1.6750230e-01;7.2500000e+01;1.8692926e-01;7.2500000e+01;2.1126087e-01;7.2500000e+01;2.3310156e-01;7.2500000e+01;2.5334075e-01;7.2500000e+01;2.7304122e-01;7.2500000e+01;2.8321862e-01;7.2500000e+01;2.8359866e-01;7.2500000e+01;2.7643231e-01;7.2500000e+01;2.6258793e-01;7.2500000e+01;2.4398884e-01;7.2500000e+01;3.6542539e-02;7.2500000e+01;5.0185576e-02;7.2500000e+01;6.6374220e-02;7.2500000e+01;8.4116504e-02;7.2500000e+01;1.0473314e-01;7.2500000e+01;1.2568946e-01;7.2500000e+01;1.4727637e-01;7.2500000e+01;1.6750230e-01;7.2500000e+01;1.8692926e-01;7.2500000e+01;2.1126087e-01;7.2500000e+01;2.3310156e-01;7.2500000e+01;2.5334075e-01;7.2500000e+01;2.7304122e-01;7.2500000e+01;2.8321862e-01;7.2500000e+01;2.8359866e-01;7.2500000e+01;2.7643231e-01;7.2500000e+01;2.6258793e-01;7.2500000e+01;2.4398884e-01;7.2500000e+01;3.6542539e-02;7.2500000e+01;5.0185576e-02;7.2500000e+01;6.6374220e-02;7.2500000e+01;8.4116504e-02;7.2500000e+01;1.0473314e-01;7.2500000e+01;1.2568946e-01;7.2500000e+01;1.4727637e-01;7.2500000e+01;1.6750230e-01;7.2500000e+01;1.8692926e-01;7.2500000e+01;2.1126087e-01;7.2500000e+01;2.3310156e-01;7.2500000e+01;2.5334075e-01;7.2500000e+01;2.7304122e-01;7.2500000e+01;2.8321862e-01;7.2500000e+01;2.8359866e-01;7.2500000e+01;2.7643231e-01;7.2500000e+01;2.6258793e-01;7.2500000e+01;2.4398884e-01;7.2500000e+01;3.6542539e-02;7.2500000e+01;5.0185576e-02;7.2500000e+01;6.6374220e-02;7.2500000e+01;8.4116504e-02;7.2500000e+01;1.0473314e-01;7.2500000e+01;1.2568946e-01;7.2500000e+01;1.4727637e-01;7.2500000e+01;1.6750230e-01;7.2500000e+01;1.8692926e-01;7.2500000e+01;2.1126087e-01;7.2500000e+01;2.3310156e-01;7.2500000e+01;2.5334075e-01;7.2500000e+01;2.7304122e-01;7.2500000e+01;2.8321862e-01;7.2500000e+01;2.8359866e-01;7.2500000e+01;2.7643231e-01;7.2500000e+01;2.6258793e-01;7.2500000e+01;2.4398884e-01;7.2500000e+01;3.6542539e-02;7.2500000e+01;5.0185576e-02;7.2500000e+01;6.6374220e-02;7.2500000e+01;8.4116504e-02;7.2500000e+01;1.0473314e-01;7.2500000e+01;1.2568946e-01;7.2500000e+01;1.4727637e-01;7.2500000e+01;1.6750230e-01;7.2500000e+01;1.8692926e-01;7.2500000e+01;2.1126087e-01;7.2500000e+01;2.3310156e-01;7.2500000e+01;2.5334075e-01;7.2500000e+01;2.7304122e-01;7.2500000e+01;2.8321862e-01;7.2500000e+01;2.8359866e-01;7.2500000e+01;2.7643231e-01;7.2500000e+01;2.6258793e-01;7.2500000e+01;2.4398884e-01;7.2500000e+01;3.6542539e-02;7.2500000e+01;5.0185576e-02;7.2500000e+01;6.6374220e-02;7.2500000e+01;8.4116504e-02;7.2500000e+01;1.0473314e-01;7.2500000e+01;1.2568946e-01;7.2500000e+01;1.4727637e-01;7.2500000e+01;1.6750230e-01;7.2500000e+01;1.8692926e-01;7.2500000e+01;2.1126087e-01;7.2500000e+01;2.3310156e-01;7.2500000e+01;2.5334075e-01;7.2500000e+01;2.7304122e-01;7.2500000e+01;2.8321862e-01;7.2500000e+01;2.8359866e-01;7.2500000e+01;2.7643231e-01;7.2500000e+01;2.6258793e-01;7.2500000e+01;2.4398884e-01;7.2500000e+01;3.6542539e-02;7.2500000e+01;5.0185576e-02;7.2500000e+01;6.6374220e-02;7.2500000e+01;8.4116504e-02;7.2500000e+01;1.0473314e-01;7.2500000e+01;1.2568946e-01;7.2500000e+01;1.4727637e-01;7.2500000e+01;1.6750230e-01;7.2500000e+01;1.8692926e-01;7.2500000e+01;2.1126087e-01;7.2500000e+01;2.3310156e-01;7.2500000e+01;2.5334075e-01;7.2500000e+01;2.7304122e-01;7.2500000e+01;2.8321862e-01;7.2500000e+01;2.8359866e-01;7.2500000e+01;2.7643231e-01;7.2500000e+01;2.6258793e-01;7.2500000e+01;2.4398884e-01;7.2500000e+01;3.6542539e-02;7.2500000e+01;5.0185576e-02;7.2500000e+01;6.6374220e-02;7.2500000e+01;8.4116504e-02;7.2500000e+01;1.0473314e-01;7.2500000e+01;1.2568946e-01;7.2500000e+01;1.4727637e-01;7.2500000e+01;1.6750230e-01;7.2500000e+01;1.8692926e-01;7.2500000e+01;2.1126087e-01;7.2500000e+01;2.3310156e-01;7.2500000e+01;2.5334075e-01;7.2500000e+01;2.7304122e-01;7.2500000e+01;2.8321862e-01;7.2500000e+01;2.8359866e-01;7.2500000e+01;2.7643231e-01;7.2500000e+01;2.6258793e-01;7.2500000e+01;2.4398884e-01;7.2500000e+01;3.6542539e-02;7.2500000e+01;5.0185576e-02;7.2500000e+01;6.6374220e-02;7.2500000e+01;8.4116504e-02;7.2500000e+01;1.0473314e-01;7.2500000e+01;1.2568946e-01;7.2500000e+01;1.4727637e-01;7.2500000e+01;1.6750230e-01;7.2500000e+01;1.8692926e-01;7.2500000e+01;2.1126087e-01;7.2500000e+01;2.3310156e-01;7.2500000e+01;2.5334075e-01;7.2500000e+01;2.7304122e-01;7.2500000e+01;2.8321862e-01;7.2500000e+01;2.8359866e-01;7.2500000e+01;2.7643231e-01;7.2500000e+01;2.6258793e-01;7.2500000e+01;2.4398884e-01;7.2500000e+01;3.6542539e-02;7.2500000e+01;5.0185576e-02;7.2500000e+01;6.6374220e-02;7.2500000e+01;8.4116504e-02;7.2500000e+01;1.0473314e-01;7.2500000e+01;1.2568946e-01;7.2500000e+01;1.4727637e-01;7.2500000e+01;1.6750230e-01;7.2500000e+01;1.8692926e-01;7.2500000e+01;2.1126087e-01;7.2500000e+01;2.3310156e-01;7.2500000e+01;2.5334075e-01;7.2500000e+01;2.7304122e-01;7.2500000e+01;2.8321862e-01;7.2500000e+01;2.8359866e-01;7.2500000e+01;2.7643231e-01;7.2500000e+01;2.6258793e-01;7.2500000e+01;2.4398884e-01;7.2500000e+01;3.6542539e-02;7.2500000e+01;5.0185576e-02;7.2500000e+01;6.6374220e-02;7.2500000e+01;8.4116504e-02;7.2500000e+01;1.0473314e-01;7.2500000e+01;1.2568946e-01;7.2500000e+01;1.4727637e-01;7.2500000e+01;1.6750230e-01;7.2500000e+01;1.8692926e-01;7.2500000e+01;2.1126087e-01;7.2500000e+01;2.3310156e-01;7.2500000e+01;2.5334075e-01;7.2500000e+01;2.7304122e-01;7.2500000e+01;2.8321862e-01;7.2500000e+01;2.8359866e-01;7.2500000e+01;2.7643231e-01;7.2500000e+01;2.6258793e-01;7.2500000e+01;2.4398884e-01;7.2500000e+01;3.6542539e-02;7.2500000e+01;5.0185576e-02;7.2500000e+01;6.6374220e-02;7.2500000e+01;8.4116504e-02;7.2500000e+01;1.0473314e-01;7.2500000e+01;1.2568946e-01;7.2500000e+01;1.4727637e-01;7.2500000e+01;1.6750230e-01;7.2500000e+01;1.8692926e-01;7.2500000e+01;2.1126087e-01;7.2500000e+01;2.3310156e-01;7.2500000e+01;2.5334075e-01;7.2500000e+01;2.7304122e-01;7.2500000e+01;2.8321862e-01;7.2500000e+01;2.8359866e-01;7.2500000e+01;2.7643231e-01;7.2500000e+01;2.6258793e-01;7.2500000e+01;2.4398884e-01;7.2500000e+01;3.6542539e-02;7.2500000e+01;5.0185576e-02;7.2500000e+01;6.6374220e-02;7.2500000e+01;8.4116504e-02;7.2500000e+01;1.0473314e-01;7.2500000e+01;1.2568946e-01;7.2500000e+01;1.4727637e-01;7.2500000e+01;1.6750230e-01;7.2500000e+01;1.8692926e-01;7.2500000e+01;2.1126087e-01;7.2500000e+01;2.3310156e-01;7.2500000e+01;2.5334075e-01;7.2500000e+01;2.7304122e-01;7.2500000e+01;2.8321862e-01;7.2500000e+01;2.8359866e-01;7.2500000e+01;2.7643231e-01;7.2500000e+01;2.6258793e-01;7.2500000e+01;2.4398884e-01;7.2500000e+01;3.6542539e-02;7.2500000e+01;5.0185576e-02;7.2500000e+01;6.6374220e-02;7.2500000e+01;8.4116504e-02;7.2500000e+01;1.0473314e-01;7.2500000e+01;1.2568946e-01;7.2500000e+01;1.4727637e-01;7.2500000e+01;1.6750230e-01;7.2500000e+01;1.8692926e-01;7.2500000e+01;2.1126087e-01;7.2500000e+01;2.3310156e-01;7.2500000e+01;2.5334075e-01;7.2500000e+01;2.7304122e-01;7.2500000e+01;2.8321862e-01;7.2500000e+01;2.8359866e-01;7.2500000e+01;2.7643231e-01;7.2500000e+01;2.6258793e-01;7.2500000e+01;2.4398884e-01;7.2500000e+01;3.6542539e-02;7.2500000e+01;5.0185576e-02;7.2500000e+01;6.6374220e-02;7.2500000e+01;8.4116504e-02;7.2500000e+01;1.0473314e-01;7.2500000e+01;1.2568946e-01;7.2500000e+01;1.4727637e-01;7.2500000e+01;1.6750230e-01;7.2500000e+01;1.8692926e-01;7.2500000e+01;2.1126087e-01;7.2500000e+01;2.3310156e-01;7.2500000e+01;2.5334075e-01;7.2500000e+01;2.7304122e-01;7.2500000e+01;2.8321862e-01;7.2500000e+01;2.8359866e-01;7.2500000e+01;2.7643231e-01;7.2500000e+01;2.6258793e-01;7.2500000e+01;2.4398884e-01;7.2500000e+01;3.6542539e-02;7.2500000e+01;5.0185576e-02;7.2500000e+01;6.6374220e-02;7.2500000e+01;8.4116504e-02;7.2500000e+01;1.0473314e-01;7.2500000e+01;1.2568946e-01;7.2500000e+01;1.4727637e-01;7.2500000e+01;1.6750230e-01;7.2500000e+01;1.8692926e-01;7.2500000e+01;2.1126087e-01;7.2500000e+01;2.3310156e-01;7.2500000e+01;2.5334075e-01;7.2500000e+01;2.7304122e-01;7.2500000e+01;2.8321862e-01;7.2500000e+01;2.8359866e-01;7.2500000e+01;2.7643231e-01;7.2500000e+01;2.6258793e-01;7.2500000e+01;2.4398884e-01;7.2500000e+01;3.6542539e-02;7.2500000e+01;5.0185576e-02;7.2500000e+01;6.6374220e-02;7.2500000e+01;8.4116504e-02;7.2500000e+01;1.0473314e-01;7.2500000e+01;1.2568946e-01;7.2500000e+01;1.4727637e-01;7.2500000e+01;1.6750230e-01;7.2500000e+01;1.8692926e-01;7.2500000e+01;2.1126087e-01;7.2500000e+01;2.3310156e-01;7.2500000e+01;2.5334075e-01;7.2500000e+01;2.7304122e-01;7.2500000e+01;2.8321862e-01;7.2500000e+01;2.8359866e-01;7.2500000e+01;2.7643231e-01;7.2500000e+01;2.6258793e-01;7.2500000e+01;2.4398884e-01;7.2500000e+01;3.6542539e-02;7.2500000e+01;5.0185576e-02;7.2500000e+01;6.6374220e-02;7.2500000e+01;8.4116504e-02;7.2500000e+01;1.0473314e-01;7.2500000e+01;1.2568946e-01;7.2500000e+01;1.4727637e-01;7.2500000e+01;1.6750230e-01;7.2500000e+01;1.8692926e-01;7.2500000e+01;2.1126087e-01;7.2500000e+01;2.3310156e-01;7.2500000e+01;2.5334075e-01;7.2500000e+01;2.7304122e-01;7.2500000e+01;2.8321862e-01;7.2500000e+01;2.8359866e-01;7.2500000e+01;2.7643231e-01;7.2500000e+01;2.6258793e-01;7.2500000e+01;2.4398884e-01;7.2500000e+01;3.6542539e-02;7.2500000e+01;5.0185576e-02;7.2500000e+01;6.6374220e-02;7.2500000e+01;8.4116504e-02;7.2500000e+01;1.0473314e-01;7.2500000e+01;1.2568946e-01;7.2500000e+01;1.4727637e-01;7.2500000e+01;1.6750230e-01;7.2500000e+01;1.8692926e-01;7.2500000e+01;2.1126087e-01;7.2500000e+01;2.3310156e-01;7.2500000e+01;2.5334075e-01;7.2500000e+01;2.7304122e-01;7.2500000e+01;2.8321862e-01;7.2500000e+01;2.8359866e-01;7.2500000e+01;2.7643231e-01;7.2500000e+01;2.6258793e-01;7.2500000e+01;2.4398884e-01;7.2500000e+01;3.6542539e-02;7.2500000e+01;5.0185576e-02;7.2500000e+01;6.6374220e-02;7.2500000e+01;8.4116504e-02;7.2500000e+01;1.0473314e-01;7.2500000e+01;1.2568946e-01;7.2500000e+01;1.4727637e-01;7.2500000e+01;1.6750230e-01;7.2500000e+01;1.8692926e-01;7.2500000e+01;2.1126087e-01;7.2500000e+01;2.3310156e-01;7.2500000e+01;2.5334075e-01;7.2500000e+01;2.7304122e-01;7.2500000e+01;2.8321862e-01;7.2500000e+01;2.8359866e-01;7.2500000e+01;2.7643231e-01;7.2500000e+01;2.6258793e-01;7.2500000e+01;2.4398884e-01;7.2500000e+01;3.6542539e-02;7.2500000e+01;5.0185576e-02;7.2500000e+01;6.6374220e-02;7.2500000e+01;8.4116504e-02;7.2500000e+01;1.0473314e-01;7.2500000e+01;1.2568946e-01;7.2500000e+01;1.4727637e-01;7.2500000e+01;1.6750230e-01;7.2500000e+01;1.8692926e-01;7.2500000e+01;2.1126087e-01;7.2500000e+01;2.3310156e-01;7.2500000e+01;2.5334075e-01;7.2500000e+01;2.7304122e-01;7.2500000e+01;2.8321862e-01;7.2500000e+01;2.8359866e-01;7.2500000e+01;2.7643231e-01;7.2500000e+01;2.6258793e-01;7.2500000e+01;2.4398884e-01;7.2500000e+01;3.6542539e-02;7.2500000e+01;5.0185576e-02;7.2500000e+01;6.6374220e-02;7.2500000e+01;8.4116504e-02;7.2500000e+01;1.0473314e-01;7.2500000e+01;1.2568946e-01;7.2500000e+01;1.4727637e-01;7.2500000e+01;1.6750230e-01;7.2500000e+01;1.8692926e-01;7.2500000e+01;2.1126087e-01;7.2500000e+01;2.3310156e-01;7.2500000e+01;2.5334075e-01;7.2500000e+01;2.7304122e-01;7.2500000e+01;2.8321862e-01;7.2500000e+01;2.8359866e-01;7.2500000e+01;2.7643231e-01;7.2500000e+01;2.6258793e-01;7.2500000e+01;2.4398884e-01;7.2500000e+01;3.6542539e-02;7.2500000e+01;5.0185576e-02;7.2500000e+01;6.6374220e-02;7.2500000e+01;8.4116504e-02;7.2500000e+01;1.0473314e-01;7.2500000e+01;1.2568946e-01;7.2500000e+01;1.4727637e-01;7.2500000e+01;1.6750230e-01;7.2500000e+01;1.8692926e-01;7.2500000e+01;2.1126087e-01;7.2500000e+01;2.3310156e-01;7.2500000e+01;2.5334075e-01;7.2500000e+01;2.7304122e-01;7.2500000e+01;2.8321862e-01;7.2500000e+01;2.8359866e-01;7.2500000e+01;2.7643231e-01;7.2500000e+01;2.6258793e-01;7.2500000e+01;2.4398884e-01;7.2500000e+01;3.6542539e-02;7.2500000e+01;5.0185576e-02;7.2500000e+01;6.6374220e-02;7.2500000e+01;8.4116504e-02;7.2500000e+01;1.0473314e-01;7.2500000e+01;1.2568946e-01;7.2500000e+01;1.4727637e-01;7.2500000e+01;1.6750230e-01;7.2500000e+01;1.8692926e-01;7.2500000e+01;2.1126087e-01;7.2500000e+01;2.3310156e-01;7.2500000e+01;2.5334075e-01;7.2500000e+01;2.7304122e-01;7.2500000e+01;2.8321862e-01;7.2500000e+01;2.8359866e-01;7.2500000e+01;2.7643231e-01;7.2500000e+01;2.6258793e-01;7.2500000e+01;2.4398884e-01;7.2500000e+01;3.6542539e-02;7.2500000e+01;5.0185576e-02;7.2500000e+01;6.6374220e-02;7.2500000e+01;8.4116504e-02;7.2500000e+01;1.0473314e-01;7.2500000e+01;1.2568946e-01;7.2500000e+01;1.4727637e-01;7.2500000e+01;1.6750230e-01;7.2500000e+01;1.8692926e-01;7.2500000e+01;2.1126087e-01;7.2500000e+01;2.3310156e-01;7.2500000e+01;2.5334075e-01;7.2500000e+01;2.7304122e-01;7.2500000e+01;2.8321862e-01;7.2500000e+01;2.8359866e-01;7.2500000e+01;2.7643231e-01;7.2500000e+01;2.6258793e-01;7.2500000e+01;2.4398884e-01;7.2500000e+01;3.6542539e-02;7.2500000e+01;5.0185576e-02;7.2500000e+01;6.6374220e-02;7.2500000e+01;8.4116504e-02;7.2500000e+01;1.0473314e-01;7.2500000e+01;1.2568946e-01;7.2500000e+01;1.4727637e-01;7.2500000e+01;1.6750230e-01;7.2500000e+01;1.8692926e-01;7.2500000e+01;2.1126087e-01;7.2500000e+01;2.3310156e-01;7.2500000e+01;2.5334075e-01;7.2500000e+01;2.7304122e-01;7.2500000e+01;2.8321862e-01;7.2500000e+01;2.8359866e-01;7.2500000e+01;2.7643231e-01;7.2500000e+01;2.6258793e-01;7.2500000e+01;2.4398884e-01;7.2500000e+01;3.6542539e-02;7.2500000e+01;5.0185576e-02;7.2500000e+01;6.6374220e-02;7.2500000e+01;8.4116504e-02;7.2500000e+01;1.0473314e-01;7.2500000e+01;1.2568946e-01;7.2500000e+01;1.4727637e-01;7.2500000e+01;1.6750230e-01;7.2500000e+01;1.8692926e-01;7.2500000e+01;2.1126087e-01;7.2500000e+01;2.3310156e-01;7.2500000e+01;2.5334075e-01;7.2500000e+01;2.7304122e-01;7.2500000e+01;2.8321862e-01;7.2500000e+01;2.8359866e-01;7.2500000e+01;2.7643231e-01;7.2500000e+01;2.6258793e-01;7.2500000e+01;2.4398884e-01;7.2500000e+01;3.6542539e-02;7.2500000e+01;5.0185576e-02;7.2500000e+01;6.6374220e-02;7.2500000e+01;8.4116504e-02;7.2500000e+01;1.0473314e-01;7.2500000e+01;1.2568946e-01;7.2500000e+01;1.4727637e-01;7.2500000e+01;1.6750230e-01;7.2500000e+01;1.8692926e-01;7.2500000e+01;2.1126087e-01;7.2500000e+01;2.3310156e-01;7.2500000e+01;2.5334075e-01;7.2500000e+01;2.7304122e-01;7.2500000e+01;2.8321862e-01;7.2500000e+01;2.8359866e-01;7.2500000e+01;2.7643231e-01;7.2500000e+01;2.6258793e-01;7.2500000e+01;2.4398884e-01;7.2500000e+01;3.6542539e-02;7.2500000e+01;5.0185576e-02;7.2500000e+01;6.6374220e-02;7.2500000e+01;8.4116504e-02;7.2500000e+01;1.0473314e-01;7.2500000e+01;1.2568946e-01;7.2500000e+01;1.4727637e-01;7.2500000e+01;1.6750230e-01;7.2500000e+01;1.8692926e-01;7.2500000e+01;2.1126087e-01;7.2500000e+01;2.3310156e-01;7.2500000e+01;2.5334075e-01;7.2500000e+01;2.7304122e-01;7.2500000e+01;2.8321862e-01;7.2500000e+01;2.8359866e-01;7.2500000e+01;2.7643231e-01;7.2500000e+01;2.6258793e-01;7.2500000e+01;2.4398884e-01;7.2500000e+01;3.6542539e-02;7.2500000e+01;5.0185576e-02;7.2500000e+01;6.6374220e-02;7.2500000e+01;8.4116504e-02;7.2500000e+01;1.0473314e-01;7.2500000e+01;1.2568946e-01;7.2500000e+01;1.4727637e-01;7.2500000e+01;1.6750230e-01;7.2500000e+01;1.8692926e-01;7.2500000e+01;2.1126087e-01;7.2500000e+01;2.3310156e-01;7.2500000e+01;2.5334075e-01;7.2500000e+01;2.7304122e-01;7.2500000e+01;2.8321862e-01;7.2500000e+01;2.8359866e-01;7.2500000e+01;2.7643231e-01;7.2500000e+01;2.6258793e-01;7.2500000e+01;2.4398884e-01;7.2500000e+01;3.6542539e-02;7.2500000e+01;5.0185576e-02;7.2500000e+01;6.6374220e-02;7.2500000e+01;8.4116504e-02;7.2500000e+01;1.0473314e-01;7.2500000e+01;1.2568946e-01;7.2500000e+01;1.4727637e-01;7.2500000e+01;1.6750230e-01;7.2500000e+01;1.8692926e-01;7.2500000e+01;2.1126087e-01;7.2500000e+01;2.3310156e-01;7.2500000e+01;2.5334075e-01;7.2500000e+01;2.7304122e-01;7.2500000e+01;2.8321862e-01;7.2500000e+01;2.8359866e-01;7.2500000e+01;2.7643231e-01;7.2500000e+01;2.6258793e-01;7.2500000e+01;2.4398884e-01;7.2500000e+01;3.6542539e-02;7.2500000e+01;5.0185576e-02;7.2500000e+01;6.6374220e-02;7.2500000e+01;8.4116504e-02;7.2500000e+01;1.0473314e-01;7.2500000e+01;1.2568946e-01;7.2500000e+01;1.4727637e-01;7.2500000e+01;1.6750230e-01;7.2500000e+01;1.8692926e-01;7.2500000e+01;2.1126087e-01;7.2500000e+01;2.3310156e-01;7.2500000e+01;2.5334075e-01;7.2500000e+01;2.7304122e-01;7.2500000e+01;2.8321862e-01;7.2500000e+01;2.8359866e-01;7.2500000e+01;2.7643231e-01;7.2500000e+01;2.6258793e-01;7.2500000e+01;2.4398884e-01;7.2500000e+01;3.6542539e-02;7.2500000e+01;5.0185576e-02;7.2500000e+01;6.6374220e-02;7.2500000e+01;8.4116504e-02;7.2500000e+01;1.0473314e-01;7.2500000e+01;1.2568946e-01;7.2500000e+01;1.4727637e-01;7.2500000e+01;1.6750230e-01;7.2500000e+01;1.8692926e-01;7.2500000e+01;2.1126087e-01;7.2500000e+01;2.3310156e-01;7.2500000e+01;2.5334075e-01;7.2500000e+01;2.7304122e-01;7.2500000e+01;2.8321862e-01;7.2500000e+01;2.8359866e-01;7.2500000e+01;2.7643231e-01;7.2500000e+01;2.6258793e-01;7.2500000e+01;2.4398884e-01;7.2500000e+01;3.6542539e-02;7.2500000e+01;5.0185576e-02;7.2500000e+01;6.6374220e-02;7.2500000e+01;8.4116504e-02;7.2500000e+01;1.0473314e-01;7.2500000e+01;1.2568946e-01;7.2500000e+01;1.4727637e-01;7.2500000e+01;1.6750230e-01;7.2500000e+01;1.8692926e-01;7.2500000e+01;2.1126087e-01;7.2500000e+01;2.3310156e-01;7.2500000e+01;2.5334075e-01;7.2500000e+01;2.7304122e-01;7.2500000e+01;2.8321862e-01;7.2500000e+01;2.8359866e-01;7.2500000e+01;2.7643231e-01;7.2500000e+01;2.6258793e-01;7.2500000e+01;2.4398884e-01;7.2500000e+01;3.6542539e-02;7.2500000e+01;5.0185576e-02;7.2500000e+01;6.6374220e-02;7.2500000e+01;8.4116504e-02;7.2500000e+01;1.0473314e-01;7.2500000e+01;1.2568946e-01;7.2500000e+01;1.4727637e-01;7.2500000e+01;1.6750230e-01;7.2500000e+01;1.8692926e-01;7.2500000e+01;2.1126087e-01;7.2500000e+01;2.3310156e-01;7.2500000e+01;2.5334075e-01;7.2500000e+01;2.7304122e-01;7.2500000e+01;2.8321862e-01;7.2500000e+01;2.8359866e-01;7.2500000e+01;2.7643231e-01;7.2500000e+01;2.6258793e-01;7.2500000e+01;2.4398884e-01;7.2500000e+01;3.6542539e-02;7.2500000e+01;5.0185576e-02;7.2500000e+01;6.6374220e-02;7.2500000e+01;8.4116504e-02;7.2500000e+01;1.0473314e-01;7.2500000e+01;1.2568946e-01;7.2500000e+01;1.4727637e-01;7.2500000e+01;1.6750230e-01;7.2500000e+01;1.8692926e-01;7.2500000e+01;2.1126087e-01;7.2500000e+01;2.3310156e-01;7.2500000e+01;2.5334075e-01;7.2500000e+01;2.7304122e-01;7.2500000e+01;2.8321862e-01;7.2500000e+01;2.8359866e-01;7.2500000e+01;2.7643231e-01;7.2500000e+01;2.6258793e-01;7.2500000e+01;2.4398884e-01;7.2500000e+01;3.6542539e-02;7.2500000e+01;5.0185576e-02;7.2500000e+01;6.6374220e-02;7.2500000e+01;8.4116504e-02;7.2500000e+01;1.0473314e-01;7.2500000e+01;1.2568946e-01;7.2500000e+01;1.4727637e-01;7.2500000e+01;1.6750230e-01;7.2500000e+01;1.8692926e-01;7.2500000e+01;2.1126087e-01;7.2500000e+01;2.3310156e-01;7.2500000e+01;2.5334075e-01;7.2500000e+01;2.7304122e-01;7.2500000e+01;2.8321862e-01;7.2500000e+01;2.8359866e-01;7.2500000e+01;2.7643231e-01;7.2500000e+01;2.6258793e-01;7.2500000e+01;2.4398884e-01;7.2500000e+01;3.6542539e-02;7.2500000e+01;5.0185576e-02;7.2500000e+01;6.6374220e-02;7.2500000e+01;8.4116504e-02;7.2500000e+01;1.0473314e-01;7.2500000e+01;1.2568946e-01;7.2500000e+01;1.4727637e-01;7.2500000e+01;1.6750230e-01;7.2500000e+01;1.8692926e-01;7.2500000e+01;2.1126087e-01;7.2500000e+01;2.3310156e-01;7.2500000e+01;2.5334075e-01;7.2500000e+01;2.7304122e-01;7.2500000e+01;2.8321862e-01;7.2500000e+01;2.8359866e-01;7.2500000e+01;2.7643231e-01;7.2500000e+01;2.6258793e-01;7.2500000e+01;2.4398884e-01;7.2500000e+01;3.6542539e-02;7.2500000e+01;5.0185576e-02;7.2500000e+01;6.6374220e-02;7.2500000e+01;8.4116504e-02;7.2500000e+01;1.0473314e-01;7.2500000e+01;1.2568946e-01;7.2500000e+01;1.4727637e-01;7.2500000e+01;1.6750230e-01;7.2500000e+01;1.8692926e-01;7.2500000e+01;2.1126087e-01;7.2500000e+01;2.3310156e-01;7.2500000e+01;2.5334075e-01;7.2500000e+01;2.7304122e-01;7.2500000e+01;2.8321862e-01;7.2500000e+01;2.8359866e-01;7.2500000e+01;2.7643231e-01;7.2500000e+01;2.6258793e-01;7.2500000e+01;2.4398884e-01;7.2500000e+01;3.6542539e-02;7.2500000e+01;5.0185576e-02;7.2500000e+01;6.6374220e-02;7.2500000e+01;8.4116504e-02;7.2500000e+01;1.0473314e-01;7.2500000e+01;1.2568946e-01;7.2500000e+01;1.4727637e-01;7.2500000e+01;1.6750230e-01;7.2500000e+01;1.8692926e-01;7.2500000e+01;2.1126087e-01;7.2500000e+01;2.3310156e-01;7.2500000e+01;2.5334075e-01;7.2500000e+01;2.7304122e-01;7.2500000e+01;2.8321862e-01;7.2500000e+01;2.8359866e-01;7.2500000e+01;2.7643231e-01;7.2500000e+01;2.6258793e-01;7.2500000e+01;2.4398884e-01;7.2500000e+01;3.6542539e-02;7.2500000e+01;5.0185576e-02;7.2500000e+01;6.6374220e-02;7.2500000e+01;8.4116504e-02;7.2500000e+01;1.0473314e-01;7.2500000e+01;1.2568946e-01;7.2500000e+01;1.4727637e-01;7.2500000e+01;1.6750230e-01;7.2500000e+01;1.8692926e-01;7.2500000e+01;2.1126087e-01;7.2500000e+01;2.3310156e-01;7.2500000e+01;2.5334075e-01;7.2500000e+01;2.7304122e-01;7.2500000e+01;2.8321862e-01;7.2500000e+01;2.8359866e-01;7.2500000e+01;2.7643231e-01;7.2500000e+01;2.6258793e-01;7.2500000e+01;2.4398884e-01;7.2500000e+01;3.6542539e-02;7.2500000e+01;5.0185576e-02;7.2500000e+01;6.6374220e-02;7.2500000e+01;8.4116504e-02;7.2500000e+01;1.0473314e-01;7.2500000e+01;1.2568946e-01;7.2500000e+01;1.4727637e-01;7.2500000e+01;1.6750230e-01;7.2500000e+01;1.8692926e-01;7.2500000e+01;2.1126087e-01;7.2500000e+01;2.3310156e-01;7.2500000e+01;2.5334075e-01;7.2500000e+01;2.7304122e-01;7.2500000e+01;2.8321862e-01;7.2500000e+01;2.8359866e-01;7.2500000e+01;2.7643231e-01;7.2500000e+01;2.6258793e-01;7.2500000e+01;2.4398884e-01;7.2500000e+01;3.6542539e-02;7.2500000e+01;5.0185576e-02;7.2500000e+01;6.6374220e-02;7.2500000e+01;8.4116504e-02;7.2500000e+01;1.0473314e-01;7.2500000e+01;1.2568946e-01;7.2500000e+01;1.4727637e-01;7.2500000e+01;1.6750230e-01;7.2500000e+01;1.8692926e-01;7.2500000e+01;2.1126087e-01;7.2500000e+01;2.3310156e-01;7.2500000e+01;2.5334075e-01;7.2500000e+01;2.7304122e-01;7.2500000e+01;2.8321862e-01;7.2500000e+01;2.8359866e-01;7.2500000e+01;2.7643231e-01;7.2500000e+01;2.6258793e-01;7.2500000e+01;2.4398884e-01;7.2500000e+01;3.6542539e-02;7.2500000e+01;5.0185576e-02;7.2500000e+01;6.6374220e-02;7.2500000e+01;8.4116504e-02;7.2500000e+01;1.0473314e-01;7.2500000e+01;1.2568946e-01;7.2500000e+01;1.4727637e-01;7.2500000e+01;1.6750230e-01;7.2500000e+01;1.8692926e-01;7.2500000e+01;2.1126087e-01;7.2500000e+01;2.3310156e-01;7.2500000e+01;2.5334075e-01;7.2500000e+01;2.7304122e-01;7.2500000e+01;2.8321862e-01;7.2500000e+01;2.8359866e-01;7.2500000e+01;2.7643231e-01;7.2500000e+01;2.6258793e-01;7.2500000e+01;2.4398884e-01;7.2500000e+01;3.6542539e-02;7.2500000e+01;5.0185576e-02;7.2500000e+01;6.6374220e-02;7.2500000e+01;8.4116504e-02;7.2500000e+01;1.0473314e-01;7.2500000e+01;1.2568946e-01;7.2500000e+01;1.4727637e-01;7.2500000e+01;1.6750230e-01;7.2500000e+01;1.8692926e-01;7.2500000e+01;2.1126087e-01;7.2500000e+01;2.3310156e-01;7.2500000e+01;2.5334075e-01;7.2500000e+01;2.7304122e-01;7.2500000e+01;2.8321862e-01;7.2500000e+01;2.8359866e-01;7.2500000e+01;2.7643231e-01;7.2500000e+01;2.6258793e-01;7.2500000e+01;2.4398884e-01;7.2500000e+01;3.6542539e-02;7.2500000e+01;5.0185576e-02;7.2500000e+01;6.6374220e-02;7.2500000e+01;8.4116504e-02;7.2500000e+01;1.0473314e-01;7.2500000e+01;1.2568946e-01;7.2500000e+01;1.4727637e-01;7.2500000e+01;1.6750230e-01;7.2500000e+01;1.8692926e-01;7.2500000e+01;2.1126087e-01;7.2500000e+01;2.3310156e-01;7.2500000e+01;2.5334075e-01;7.2500000e+01;2.7304122e-01;7.2500000e+01;2.8321862e-01;7.2500000e+01;2.8359866e-01;7.2500000e+01;2.7643231e-01;7.2500000e+01;2.6258793e-01;7.2500000e+01;2.4398884e-01;7.2500000e+01;3.6542539e-02;7.2500000e+01;5.0185576e-02;7.2500000e+01;6.6374220e-02;7.2500000e+01;8.4116504e-02;7.2500000e+01;1.0473314e-01;7.2500000e+01;1.2568946e-01;7.2500000e+01;1.4727637e-01;7.2500000e+01;1.6750230e-01;7.2500000e+01;1.8692926e-01;7.2500000e+01;2.1126087e-01;7.2500000e+01;2.3310156e-01;7.2500000e+01;2.5334075e-01;7.2500000e+01;2.7304122e-01;7.2500000e+01;2.8321862e-01;7.2500000e+01;2.8359866e-01;7.2500000e+01;2.7643231e-01;7.2500000e+01;2.6258793e-01;7.2500000e+01;2.4398884e-01;7.2500000e+01;3.6542539e-02;7.2500000e+01;5.0185576e-02;7.2500000e+01;6.6374220e-02;7.2500000e+01;8.4116504e-02;7.2500000e+01;1.0473314e-01;7.2500000e+01;1.2568946e-01;7.2500000e+01;1.4727637e-01;7.2500000e+01;1.6750230e-01;7.2500000e+01;1.8692926e-01;7.2500000e+01;2.1126087e-01;7.2500000e+01;2.3310156e-01;7.2500000e+01;2.5334075e-01;7.2500000e+01;2.7304122e-01;7.2500000e+01;2.8321862e-01;7.2500000e+01;2.8359866e-01;7.2500000e+01;2.7643231e-01;7.2500000e+01;2.6258793e-01;7.2500000e+01;2.4398884e-01;7.2500000e+01;3.6542539e-02;7.2500000e+01;5.0185576e-02;7.2500000e+01;6.6374220e-02;7.2500000e+01;8.4116504e-02;7.2500000e+01;1.0473314e-01;7.2500000e+01;1.2568946e-01;7.2500000e+01;1.4727637e-01;7.2500000e+01;1.6750230e-01;7.2500000e+01;1.8692926e-01;7.2500000e+01;2.1126087e-01;7.2500000e+01;2.3310156e-01;7.2500000e+01;2.5334075e-01;7.2500000e+01;2.7304122e-01;7.2500000e+01;2.8321862e-01;7.2500000e+01;2.8359866e-01;7.2500000e+01;2.7643231e-01;7.2500000e+01;2.6258793e-01;7.2500000e+01;2.4398884e-01;7.2500000e+01;3.6542539e-02;7.2500000e+01;5.0185576e-02;7.2500000e+01;6.6374220e-02;7.2500000e+01;8.4116504e-02;7.2500000e+01;1.0473314e-01;7.2500000e+01;1.2568946e-01;7.2500000e+01;1.4727637e-01;7.2500000e+01;1.6750230e-01;7.2500000e+01;1.8692926e-01;7.2500000e+01;2.1126087e-01;7.2500000e+01;2.3310156e-01;7.2500000e+01;2.5334075e-01;7.2500000e+01;2.7304122e-01;7.2500000e+01;2.8321862e-01;7.2500000e+01;2.8359866e-01;7.2500000e+01;2.7643231e-01;7.2500000e+01;2.6258793e-01;7.2500000e+01;2.4398884e-01;7.2500000e+01;3.6542539e-02;7.2500000e+01;5.0185576e-02;7.2500000e+01;6.6374220e-02;7.2500000e+01;8.4116504e-02;7.2500000e+01;1.0473314e-01;7.2500000e+01;1.2568946e-01;7.2500000e+01;1.4727637e-01;7.2500000e+01;1.6750230e-01;7.2500000e+01;1.8692926e-01;7.2500000e+01;2.1126087e-01;7.2500000e+01;2.3310156e-01;7.2500000e+01;2.5334075e-01;7.2500000e+01;2.7304122e-01;7.2500000e+01;2.8321862e-01;7.2500000e+01;2.8359866e-01;7.2500000e+01;2.7643231e-01;7.2500000e+01;2.6258793e-01;7.2500000e+01;2.4398884e-01;7.2500000e+01;3.6542539e-02;7.2500000e+01;5.0185576e-02;7.2500000e+01;6.6374220e-02;7.2500000e+01;8.4116504e-02;7.2500000e+01;1.0473314e-01;7.2500000e+01;1.2568946e-01;7.2500000e+01;1.4727637e-01;7.2500000e+01;1.6750230e-01;7.2500000e+01;1.8692926e-01;7.2500000e+01;2.1126087e-01;7.2500000e+01;2.3310156e-01;7.2500000e+01;2.5334075e-01;7.2500000e+01;2.7304122e-01;7.2500000e+01;2.8321862e-01;7.2500000e+01;2.8359866e-01;7.2500000e+01;2.7643231e-01;7.2500000e+01;2.6258793e-01;7.2500000e+01;2.4398884e-01;7.2500000e+01;3.6542539e-02;7.2500000e+01;5.0185576e-02;7.2500000e+01;6.6374220e-02;7.2500000e+01;8.4116504e-02;7.2500000e+01;1.0473314e-01;7.2500000e+01;1.2568946e-01;7.2500000e+01;1.4727637e-01;7.2500000e+01;1.6750230e-01;7.2500000e+01;1.8692926e-01;7.2500000e+01;2.1126087e-01;7.2500000e+01;2.3310156e-01;7.2500000e+01;2.5334075e-01;7.2500000e+01;2.7304122e-01;7.2500000e+01;2.8321862e-01;7.2500000e+01;2.8359866e-01;7.2500000e+01;2.7643231e-01;7.2500000e+01;2.6258793e-01;7.2500000e+01;2.4398884e-01;7.2500000e+01;3.6542539e-02;7.2500000e+01;5.0185576e-02;7.2500000e+01;6.6374220e-02;7.2500000e+01;8.4116504e-02;7.2500000e+01;1.0473314e-01;7.2500000e+01;1.2568946e-01;7.2500000e+01;1.4727637e-01;7.2500000e+01;1.6750230e-01;7.2500000e+01;1.8692926e-01;7.2500000e+01;2.1126087e-01;7.2500000e+01;2.3310156e-01;7.2500000e+01;2.5334075e-01;7.2500000e+01;2.7304122e-01;7.2500000e+01;2.8321862e-01;7.2500000e+01;2.8359866e-01;7.2500000e+01;2.7643231e-01;7.2500000e+01;2.6258793e-01;7.2500000e+01;2.4398884e-01;7.2500000e+01;3.6542539e-02;7.2500000e+01;5.0185576e-02;7.2500000e+01;6.6374220e-02;7.2500000e+01;8.4116504e-02;7.2500000e+01;1.0473314e-01;7.2500000e+01;1.2568946e-01;7.2500000e+01;1.4727637e-01;7.2500000e+01;1.6750230e-01;7.2500000e+01;1.8692926e-01;7.2500000e+01;2.1126087e-01;7.2500000e+01;2.3310156e-01;7.2500000e+01;2.5334075e-01;7.2500000e+01;2.7304122e-01;7.2500000e+01;2.8321862e-01;7.2500000e+01;2.8359866e-01;7.2500000e+01;2.7643231e-01;7.2500000e+01;2.6258793e-01;7.2500000e+01;2.4398884e-01;7.2500000e+01;3.6542539e-02;7.2500000e+01;5.0185576e-02;7.2500000e+01;6.6374220e-02;7.2500000e+01;8.4116504e-02;7.2500000e+01;1.0473314e-01;7.2500000e+01;1.2568946e-01;7.2500000e+01;1.4727637e-01;7.2500000e+01;1.6750230e-01;7.2500000e+01;1.8692926e-01;7.2500000e+01;2.1126087e-01;7.2500000e+01;2.3310156e-01;7.2500000e+01;2.5334075e-01;7.2500000e+01;2.7304122e-01;7.2500000e+01;2.8321862e-01;7.2500000e+01;2.8359866e-01;7.2500000e+01;2.7643231e-01;7.2500000e+01;2.6258793e-01;7.2500000e+01;2.4398884e-01;7.2500000e+01;3.6542539e-02;7.2500000e+01;5.0185576e-02;7.2500000e+01;6.6374220e-02;7.2500000e+01;8.4116504e-02;7.2500000e+01;1.0473314e-01;7.2500000e+01;1.2568946e-01;7.2500000e+01;1.4727637e-01;7.2500000e+01;1.6750230e-01;7.2500000e+01;1.8692926e-01;7.2500000e+01;2.1126087e-01;7.2500000e+01;2.3310156e-01;7.2500000e+01;2.5334075e-01;7.2500000e+01;2.7304122e-01;7.2500000e+01;2.8321862e-01;7.2500000e+01;2.8359866e-01;7.2500000e+01;2.7643231e-01;7.2500000e+01;2.6258793e-01;7.2500000e+01;2.4398884e-01;7.2500000e+01;3.6542539e-02;7.2500000e+01;5.0185576e-02;7.2500000e+01;6.6374220e-02;7.2500000e+01;8.4116504e-02;7.2500000e+01;1.0473314e-01;7.2500000e+01;1.2568946e-01;7.2500000e+01;1.4727637e-01;7.2500000e+01;1.6750230e-01;7.2500000e+01;1.8692926e-01;7.2500000e+01;2.1126087e-01;7.2500000e+01;2.3310156e-01;7.2500000e+01;2.5334075e-01;7.2500000e+01;2.7304122e-01;7.2500000e+01;2.8321862e-01;7.2500000e+01;2.8359866e-01;7.2500000e+01;2.7643231e-01;7.2500000e+01;2.6258793e-01;7.2500000e+01;2.4398884e-01;7.2500000e+01;3.6542539e-02;7.2500000e+01;5.0185576e-02;7.2500000e+01;6.6374220e-02;7.2500000e+01;8.4116504e-02;7.2500000e+01;1.0473314e-01;7.2500000e+01;1.2568946e-01;7.2500000e+01;1.4727637e-01;7.2500000e+01;1.6750230e-01;7.2500000e+01;1.8692926e-01;7.2500000e+01;2.1126087e-01;7.2500000e+01;2.3310156e-01;7.2500000e+01;2.5334075e-01;7.2500000e+01;2.7304122e-01;7.2500000e+01;2.8321862e-01;7.2500000e+01;2.8359866e-01;7.2500000e+01;2.7643231e-01;7.2500000e+01;2.6258793e-01;7.2500000e+01;2.4398884e-01;7.2500000e+01;3.6542539e-02;7.2500000e+01;5.0185576e-02;7.2500000e+01;6.6374220e-02;7.2500000e+01;8.4116504e-02;7.2500000e+01;1.0473314e-01;7.2500000e+01;1.2568946e-01;7.2500000e+01;1.4727637e-01;7.2500000e+01;1.6750230e-01;7.2500000e+01;1.8692926e-01;7.2500000e+01;2.1126087e-01;7.2500000e+01;2.3310156e-01;7.2500000e+01;2.5334075e-01;7.2500000e+01;2.7304122e-01;7.2500000e+01;2.8321862e-01;7.2500000e+01;2.8359866e-01;7.2500000e+01;2.7643231e-01;7.2500000e+01;2.6258793e-01;7.2500000e+01;2.4398884e-01;7.2500000e+01;3.6542539e-02;7.2500000e+01;5.0185576e-02;7.2500000e+01;6.6374220e-02;7.2500000e+01;8.4116504e-02;7.2500000e+01;1.0473314e-01;7.2500000e+01;1.2568946e-01;7.2500000e+01;1.4727637e-01;7.2500000e+01;1.6750230e-01;7.2500000e+01;1.8692926e-01;7.2500000e+01;2.1126087e-01;7.2500000e+01;2.3310156e-01;7.2500000e+01;2.5334075e-01;7.2500000e+01;2.7304122e-01;7.2500000e+01;2.8321862e-01;7.2500000e+01;2.8359866e-01;7.2500000e+01;2.7643231e-01;7.2500000e+01;2.6258793e-01;7.2500000e+01;2.4398884e-01
7.7500000e+01;3.4778085e-02;7.7500000e+01;4.8639487e-02;7.7500000e+01;6.3586868e-02;7.7500000e+01;8.1402555e-02;7.7500000e+01;1.0089745e-01;7.7500000e+01;1.2067857e-01;7.7500000e+01;1.4124385e-01;7.7500000e+01;1.5947464e-01;7.7500000e+01;1.8044247e-01;7.7500000e+01;1.9935305e-01;7.7500000e+01;2.1981628e-01;7.7500000e+01;2.4004468e-01;7.7500000e+01;2.6166332e-01;7.7500000e+01;2.7691174e-01;7.7500000e+01;2.8007153e-01;7.7500000e+01;2.7530125e-01;7.7500000e+01;2.6347589e-01;7.7500000e+01;2.4665830e-01;7.7500000e+01;3.4778085e-02;7.7500000e+01;4.8639487e-02;7.7500000e+01;6.3586868e-02;7.7500000e+01;8.1402555e-02;7.7500000e+01;1.0089745e-01;7.7500000e+01;1.2067857e-01;7.7500000e+01;1.4124385e-01;7.7500000e+01;1.5947464e-01;7.7500000e+01;1.8044247e-01;7.7500000e+01;1.9935305e-01;7.7500000e+01;2.1981628e-01;7.7500000e+01;2.4004468e-01;7.7500000e+01;2.6166332e-01;7.7500000e+01;2.7691174e-01;7.7500000e+01;2.8007153e-01;7.7500000e+01;2.7530125e-01;7.7500000e+01;2.6347589e-01;7.7500000e+01;2.4665830e-01;7.7500000e+01;3.4778085e-02;7.7500000e+01;4.8639487e-02;7.7500000e+01;6.3586868e-02;7.7500000e+01;8.1402555e-02;7.7500000e+01;1.0089745e-01;7.7500000e+01;1.2067857e-01;7.7500000e+01;1.4124385e-01;7.7500000e+01;1.5947464e-01;7.7500000e+01;1.8044247e-01;7.7500000e+01;1.9935305e-01;7.7500000e+01;2.1981628e-01;7.7500000e+01;2.4004468e-01;7.7500000e+01;2.6166332e-01;7.7500000e+01;2.7691174e-01;7.7500000e+01;2.8007153e-01;7.7500000e+01;2.7530125e-01;7.7500000e+01;2.6347589e-01;7.7500000e+01;2.4665830e-01;7.7500000e+01;3.4778085e-02;7.7500000e+01;4.8639487e-02;7.7500000e+01;6.3586868e-02;7.7500000e+01;8.1402555e-02;7.7500000e+01;1.0089745e-01;7.7500000e+01;1.2067857e-01;7.7500000e+01;1.4124385e-01;7.7500000e+01;1.5947464e-01;7.7500000e+01;1.8044247e-01;7.7500000e+01;1.9935305e-01;7.7500000e+01;2.1981628e-01;7.7500000e+01;2.4004468e-01;7.7500000e+01;2.6166332e-01;7.7500000e+01;2.7691174e-01;7.7500000e+01;2.8007153e-01;7.7500000e+01;2.7530125e-01;7.7500000e+01;2.6347589e-01;7.7500000e+01;2.4665830e-01;7.7500000e+01;3.4778085e-02;7.7500000e+01;4.8639487e-02;7.7500000e+01;6.3586868e-02;7.7500000e+01;8.1402555e-02;7.7500000e+01;1.0089745e-01;7.7500000e+01;1.2067857e-01;7.7500000e+01;1.4124385e-01;7.7500000e+01;1.5947464e-01;7.7500000e+01;1.8044247e-01;7.7500000e+01;1.9935305e-01;7.7500000e+01;2.1981628e-01;7.7500000e+01;2.4004468e-01;7.7500000e+01;2.6166332e-01;7.7500000e+01;2.7691174e-01;7.7500000e+01;2.8007153e-01;7.7500000e+01;2.7530125e-01;7.7500000e+01;2.6347589e-01;7.7500000e+01;2.4665830e-01;7.7500000e+01;3.4778085e-02;7.7500000e+01;4.8639487e-02;7.7500000e+01;6.3586868e-02;7.7500000e+01;8.1402555e-02;7.7500000e+01;1.0089745e-01;7.7500000e+01;1.2067857e-01;7.7500000e+01;1.4124385e-01;7.7500000e+01;1.5947464e-01;7.7500000e+01;1.8044247e-01;7.7500000e+01;1.9935305e-01;7.7500000e+01;2.1981628e-01;7.7500000e+01;2.4004468e-01;7.7500000e+01;2.6166332e-01;7.7500000e+01;2.7691174e-01;7.7500000e+01;2.8007153e-01;7.7500000e+01;2.7530125e-01;7.7500000e+01;2.6347589e-01;7.7500000e+01;2.4665830e-01;7.7500000e+01;3.4778085e-02;7.7500000e+01;4.8639487e-02;7.7500000e+01;6.3586868e-02;7.7500000e+01;8.1402555e-02;7.7500000e+01;1.0089745e-01;7.7500000e+01;1.2067857e-01;7.7500000e+01;1.4124385e-01;7.7500000e+01;1.5947464e-01;7.7500000e+01;1.8044247e-01;7.7500000e+01;1.9935305e-01;7.7500000e+01;2.1981628e-01;7.7500000e+01;2.4004468e-01;7.7500000e+01;2.6166332e-01;7.7500000e+01;2.7691174e-01;7.7500000e+01;2.8007153e-01;7.7500000e+01;2.7530125e-01;7.7500000e+01;2.6347589e-01;7.7500000e+01;2.4665830e-01;7.7500000e+01;3.4778085e-02;7.7500000e+01;4.8639487e-02;7.7500000e+01;6.3586868e-02;7.7500000e+01;8.1402555e-02;7.7500000e+01;1.0089745e-01;7.7500000e+01;1.2067857e-01;7.7500000e+01;1.4124385e-01;7.7500000e+01;1.5947464e-01;7.7500000e+01;1.8044247e-01;7.7500000e+01;1.9935305e-01;7.7500000e+01;2.1981628e-01;7.7500000e+01;2.4004468e-01;7.7500000e+01;2.6166332e-01;7.7500000e+01;2.7691174e-01;7.7500000e+01;2.8007153e-01;7.7500000e+01;2.7530125e-01;7.7500000e+01;2.6347589e-01;7.7500000e+01;2.4665830e-01;7.7500000e+01;3.4778085e-02;7.7500000e+01;4.8639487e-02;7.7500000e+01;6.3586868e-02;7.7500000e+01;8.1402555e-02;7.7500000e+01;1.0089745e-01;7.7500000e+01;1.2067857e-01;7.7500000e+01;1.4124385e-01;7.7500000e+01;1.5947464e-01;7.7500000e+01;1.8044247e-01;7.7500000e+01;1.9935305e-01;7.7500000e+01;2.1981628e-01;7.7500000e+01;2.4004468e-01;7.7500000e+01;2.6166332e-01;7.7500000e+01;2.7691174e-01;7.7500000e+01;2.8007153e-01;7.7500000e+01;2.7530125e-01;7.7500000e+01;2.6347589e-01;7.7500000e+01;2.4665830e-01;7.7500000e+01;3.4778085e-02;7.7500000e+01;4.8639487e-02;7.7500000e+01;6.3586868e-02;7.7500000e+01;8.1402555e-02;7.7500000e+01;1.0089745e-01;7.7500000e+01;1.2067857e-01;7.7500000e+01;1.4124385e-01;7.7500000e+01;1.5947464e-01;7.7500000e+01;1.8044247e-01;7.7500000e+01;1.9935305e-01;7.7500000e+01;2.1981628e-01;7.7500000e+01;2.4004468e-01;7.7500000e+01;2.6166332e-01;7.7500000e+01;2.7691174e-01;7.7500000e+01;2.8007153e-01;7.7500000e+01;2.7530125e-01;7.7500000e+01;2.6347589e-01;7.7500000e+01;2.4665830e-01;7.7500000e+01;3.4778085e-02;7.7500000e+01;4.8639487e-02;7.7500000e+01;6.3586868e-02;7.7500000e+01;8.1402555e-02;7.7500000e+01;1.0089745e-01;7.7500000e+01;1.2067857e-01;7.7500000e+01;1.4124385e-01;7.7500000e+01;1.5947464e-01;7.7500000e+01;1.8044247e-01;7.7500000e+01;1.9935305e-01;7.7500000e+01;2.1981628e-01;7.7500000e+01;2.4004468e-01;7.7500000e+01;2.6166332e-01;7.7500000e+01;2.7691174e-01;7.7500000e+01;2.8007153e-01;7.7500000e+01;2.7530125e-01;7.7500000e+01;2.6347589e-01;7.7500000e+01;2.4665830e-01;7.7500000e+01;3.4778085e-02;7.7500000e+01;4.8639487e-02;7.7500000e+01;6.3586868e-02;7.7500000e+01;8.1402555e-02;7.7500000e+01;1.0089745e-01;7.7500000e+01;1.2067857e-01;7.7500000e+01;1.4124385e-01;7.7500000e+01;1.5947464e-01;7.7500000e+01;1.8044247e-01;7.7500000e+01;1.9935305e-01;7.7500000e+01;2.1981628e-01;7.7500000e+01;2.4004468e-01;7.7500000e+01;2.6166332e-01;7.7500000e+01;2.7691174e-01;7.7500000e+01;2.8007153e-01;7.7500000e+01;2.7530125e-01;7.7500000e+01;2.6347589e-01;7.7500000e+01;2.4665830e-01;7.7500000e+01;3.4778085e-02;7.7500000e+01;4.8639487e-02;7.7500000e+01;6.3586868e-02;7.7500000e+01;8.1402555e-02;7.7500000e+01;1.0089745e-01;7.7500000e+01;1.2067857e-01;7.7500000e+01;1.4124385e-01;7.7500000e+01;1.5947464e-01;7.7500000e+01;1.8044247e-01;7.7500000e+01;1.9935305e-01;7.7500000e+01;2.1981628e-01;7.7500000e+01;2.4004468e-01;7.7500000e+01;2.6166332e-01;7.7500000e+01;2.7691174e-01;7.7500000e+01;2.8007153e-01;7.7500000e+01;2.7530125e-01;7.7500000e+01;2.6347589e-01;7.7500000e+01;2.4665830e-01;7.7500000e+01;3.4778085e-02;7.7500000e+01;4.8639487e-02;7.7500000e+01;6.3586868e-02;7.7500000e+01;8.1402555e-02;7.7500000e+01;1.0089745e-01;7.7500000e+01;1.2067857e-01;7.7500000e+01;1.4124385e-01;7.7500000e+01;1.5947464e-01;7.7500000e+01;1.8044247e-01;7.7500000e+01;1.9935305e-01;7.7500000e+01;2.1981628e-01;7.7500000e+01;2.4004468e-01;7.7500000e+01;2.6166332e-01;7.7500000e+01;2.7691174e-01;7.7500000e+01;2.8007153e-01;7.7500000e+01;2.7530125e-01;7.7500000e+01;2.6347589e-01;7.7500000e+01;2.4665830e-01;7.7500000e+01;3.4778085e-02;7.7500000e+01;4.8639487e-02;7.7500000e+01;6.3586868e-02;7.7500000e+01;8.1402555e-02;7.7500000e+01;1.0089745e-01;7.7500000e+01;1.2067857e-01;7.7500000e+01;1.4124385e-01;7.7500000e+01;1.5947464e-01;7.7500000e+01;1.8044247e-01;7.7500000e+01;1.9935305e-01;7.7500000e+01;2.1981628e-01;7.7500000e+01;2.4004468e-01;7.7500000e+01;2.6166332e-01;7.7500000e+01;2.7691174e-01;7.7500000e+01;2.8007153e-01;7.7500000e+01;2.7530125e-01;7.7500000e+01;2.6347589e-01;7.7500000e+01;2.4665830e-01;7.7500000e+01;3.4778085e-02;7.7500000e+01;4.8639487e-02;7.7500000e+01;6.3586868e-02;7.7500000e+01;8.1402555e-02;7.7500000e+01;1.0089745e-01;7.7500000e+01;1.2067857e-01;7.7500000e+01;1.4124385e-01;7.7500000e+01;1.5947464e-01;7.7500000e+01;1.8044247e-01;7.7500000e+01;1.9935305e-01;7.7500000e+01;2.1981628e-01;7.7500000e+01;2.4004468e-01;7.7500000e+01;2.6166332e-01;7.7500000e+01;2.7691174e-01;7.7500000e+01;2.8007153e-01;7.7500000e+01;2.7530125e-01;7.7500000e+01;2.6347589e-01;7.7500000e+01;2.4665830e-01;7.7500000e+01;3.4778085e-02;7.7500000e+01;4.8639487e-02;7.7500000e+01;6.3586868e-02;7.7500000e+01;8.1402555e-02;7.7500000e+01;1.0089745e-01;7.7500000e+01;1.2067857e-01;7.7500000e+01;1.4124385e-01;7.7500000e+01;1.5947464e-01;7.7500000e+01;1.8044247e-01;7.7500000e+01;1.9935305e-01;7.7500000e+01;2.1981628e-01;7.7500000e+01;2.4004468e-01;7.7500000e+01;2.6166332e-01;7.7500000e+01;2.7691174e-01;7.7500000e+01;2.8007153e-01;7.7500000e+01;2.7530125e-01;7.7500000e+01;2.6347589e-01;7.7500000e+01;2.4665830e-01;7.7500000e+01;3.4778085e-02;7.7500000e+01;4.8639487e-02;7.7500000e+01;6.3586868e-02;7.7500000e+01;8.1402555e-02;7.7500000e+01;1.0089745e-01;7.7500000e+01;1.2067857e-01;7.7500000e+01;1.4124385e-01;7.7500000e+01;1.5947464e-01;7.7500000e+01;1.8044247e-01;7.7500000e+01;1.9935305e-01;7.7500000e+01;2.1981628e-01;7.7500000e+01;2.4004468e-01;7.7500000e+01;2.6166332e-01;7.7500000e+01;2.7691174e-01;7.7500000e+01;2.8007153e-01;7.7500000e+01;2.7530125e-01;7.7500000e+01;2.6347589e-01;7.7500000e+01;2.4665830e-01;7.7500000e+01;3.4778085e-02;7.7500000e+01;4.8639487e-02;7.7500000e+01;6.3586868e-02;7.7500000e+01;8.1402555e-02;7.7500000e+01;1.0089745e-01;7.7500000e+01;1.2067857e-01;7.7500000e+01;1.4124385e-01;7.7500000e+01;1.5947464e-01;7.7500000e+01;1.8044247e-01;7.7500000e+01;1.9935305e-01;7.7500000e+01;2.1981628e-01;7.7500000e+01;2.4004468e-01;7.7500000e+01;2.6166332e-01;7.7500000e+01;2.7691174e-01;7.7500000e+01;2.8007153e-01;7.7500000e+01;2.7530125e-01;7.7500000e+01;2.6347589e-01;7.7500000e+01;2.4665830e-01;7.7500000e+01;3.4778085e-02;7.7500000e+01;4.8639487e-02;7.7500000e+01;6.3586868e-02;7.7500000e+01;8.1402555e-02;7.7500000e+01;1.0089745e-01;7.7500000e+01;1.2067857e-01;7.7500000e+01;1.4124385e-01;7.7500000e+01;1.5947464e-01;7.7500000e+01;1.8044247e-01;7.7500000e+01;1.9935305e-01;7.7500000e+01;2.1981628e-01;7.7500000e+01;2.4004468e-01;7.7500000e+01;2.6166332e-01;7.7500000e+01;2.7691174e-01;7.7500000e+01;2.8007153e-01;7.7500000e+01;2.7530125e-01;7.7500000e+01;2.6347589e-01;7.7500000e+01;2.4665830e-01;7.7500000e+01;3.4778085e-02;7.7500000e+01;4.8639487e-02;7.7500000e+01;6.3586868e-02;7.7500000e+01;8.1402555e-02;7.7500000e+01;1.0089745e-01;7.7500000e+01;1.2067857e-01;7.7500000e+01;1.4124385e-01;7.7500000e+01;1.5947464e-01;7.7500000e+01;1.8044247e-01;7.7500000e+01;1.9935305e-01;7.7500000e+01;2.1981628e-01;7.7500000e+01;2.4004468e-01;7.7500000e+01;2.6166332e-01;7.7500000e+01;2.7691174e-01;7.7500000e+01;2.8007153e-01;7.7500000e+01;2.7530125e-01;7.7500000e+01;2.6347589e-01;7.7500000e+01;2.4665830e-01;7.7500000e+01;3.4778085e-02;7.7500000e+01;4.8639487e-02;7.7500000e+01;6.3586868e-02;7.7500000e+01;8.1402555e-02;7.7500000e+01;1.0089745e-01;7.7500000e+01;1.2067857e-01;7.7500000e+01;1.4124385e-01;7.7500000e+01;1.5947464e-01;7.7500000e+01;1.8044247e-01;7.7500000e+01;1.9935305e-01;7.7500000e+01;2.1981628e-01;7.7500000e+01;2.4004468e-01;7.7500000e+01;2.6166332e-01;7.7500000e+01;2.7691174e-01;7.7500000e+01;2.8007153e-01;7.7500000e+01;2.7530125e-01;7.7500000e+01;2.6347589e-01;7.7500000e+01;2.4665830e-01;7.7500000e+01;3.4778085e-02;7.7500000e+01;4.8639487e-02;7.7500000e+01;6.3586868e-02;7.7500000e+01;8.1402555e-02;7.7500000e+01;1.0089745e-01;7.7500000e+01;1.2067857e-01;7.7500000e+01;1.4124385e-01;7.7500000e+01;1.5947464e-01;7.7500000e+01;1.8044247e-01;7.7500000e+01;1.9935305e-01;7.7500000e+01;2.1981628e-01;7.7500000e+01;2.4004468e-01;7.7500000e+01;2.6166332e-01;7.7500000e+01;2.7691174e-01;7.7500000e+01;2.8007153e-01;7.7500000e+01;2.7530125e-01;7.7500000e+01;2.6347589e-01;7.7500000e+01;2.4665830e-01;7.7500000e+01;3.4778085e-02;7.7500000e+01;4.8639487e-02;7.7500000e+01;6.3586868e-02;7.7500000e+01;8.1402555e-02;7.7500000e+01;1.0089745e-01;7.7500000e+01;1.2067857e-01;7.7500000e+01;1.4124385e-01;7.7500000e+01;1.5947464e-01;7.7500000e+01;1.8044247e-01;7.7500000e+01;1.9935305e-01;7.7500000e+01;2.1981628e-01;7.7500000e+01;2.4004468e-01;7.7500000e+01;2.6166332e-01;7.7500000e+01;2.7691174e-01;7.7500000e+01;2.8007153e-01;7.7500000e+01;2.7530125e-01;7.7500000e+01;2.6347589e-01;7.7500000e+01;2.4665830e-01;7.7500000e+01;3.4778085e-02;7.7500000e+01;4.8639487e-02;7.7500000e+01;6.3586868e-02;7.7500000e+01;8.1402555e-02;7.7500000e+01;1.0089745e-01;7.7500000e+01;1.2067857e-01;7.7500000e+01;1.4124385e-01;7.7500000e+01;1.5947464e-01;7.7500000e+01;1.8044247e-01;7.7500000e+01;1.9935305e-01;7.7500000e+01;2.1981628e-01;7.7500000e+01;2.4004468e-01;7.7500000e+01;2.6166332e-01;7.7500000e+01;2.7691174e-01;7.7500000e+01;2.8007153e-01;7.7500000e+01;2.7530125e-01;7.7500000e+01;2.6347589e-01;7.7500000e+01;2.4665830e-01;7.7500000e+01;3.4778085e-02;7.7500000e+01;4.8639487e-02;7.7500000e+01;6.3586868e-02;7.7500000e+01;8.1402555e-02;7.7500000e+01;1.0089745e-01;7.7500000e+01;1.2067857e-01;7.7500000e+01;1.4124385e-01;7.7500000e+01;1.5947464e-01;7.7500000e+01;1.8044247e-01;7.7500000e+01;1.9935305e-01;7.7500000e+01;2.1981628e-01;7.7500000e+01;2.4004468e-01;7.7500000e+01;2.6166332e-01;7.7500000e+01;2.7691174e-01;7.7500000e+01;2.8007153e-01;7.7500000e+01;2.7530125e-01;7.7500000e+01;2.6347589e-01;7.7500000e+01;2.4665830e-01;7.7500000e+01;3.4778085e-02;7.7500000e+01;4.8639487e-02;7.7500000e+01;6.3586868e-02;7.7500000e+01;8.1402555e-02;7.7500000e+01;1.0089745e-01;7.7500000e+01;1.2067857e-01;7.7500000e+01;1.4124385e-01;7.7500000e+01;1.5947464e-01;7.7500000e+01;1.8044247e-01;7.7500000e+01;1.9935305e-01;7.7500000e+01;2.1981628e-01;7.7500000e+01;2.4004468e-01;7.7500000e+01;2.6166332e-01;7.7500000e+01;2.7691174e-01;7.7500000e+01;2.8007153e-01;7.7500000e+01;2.7530125e-01;7.7500000e+01;2.6347589e-01;7.7500000e+01;2.4665830e-01;7.7500000e+01;3.4778085e-02;7.7500000e+01;4.8639487e-02;7.7500000e+01;6.3586868e-02;7.7500000e+01;8.1402555e-02;7.7500000e+01;1.0089745e-01;7.7500000e+01;1.2067857e-01;7.7500000e+01;1.4124385e-01;7.7500000e+01;1.5947464e-01;7.7500000e+01;1.8044247e-01;7.7500000e+01;1.9935305e-01;7.7500000e+01;2.1981628e-01;7.7500000e+01;2.4004468e-01;7.7500000e+01;2.6166332e-01;7.7500000e+01;2.7691174e-01;7.7500000e+01;2.8007153e-01;7.7500000e+01;2.7530125e-01;7.7500000e+01;2.6347589e-01;7.7500000e+01;2.4665830e-01;7.7500000e+01;3.4778085e-02;7.7500000e+01;4.8639487e-02;7.7500000e+01;6.3586868e-02;7.7500000e+01;8.1402555e-02;7.7500000e+01;1.0089745e-01;7.7500000e+01;1.2067857e-01;7.7500000e+01;1.4124385e-01;7.7500000e+01;1.5947464e-01;7.7500000e+01;1.8044247e-01;7.7500000e+01;1.9935305e-01;7.7500000e+01;2.1981628e-01;7.7500000e+01;2.4004468e-01;7.7500000e+01;2.6166332e-01;7.7500000e+01;2.7691174e-01;7.7500000e+01;2.8007153e-01;7.7500000e+01;2.7530125e-01;7.7500000e+01;2.6347589e-01;7.7500000e+01;2.4665830e-01;7.7500000e+01;3.4778085e-02;7.7500000e+01;4.8639487e-02;7.7500000e+01;6.3586868e-02;7.7500000e+01;8.1402555e-02;7.7500000e+01;1.0089745e-01;7.7500000e+01;1.2067857e-01;7.7500000e+01;1.4124385e-01;7.7500000e+01;1.5947464e-01;7.7500000e+01;1.8044247e-01;7.7500000e+01;1.9935305e-01;7.7500000e+01;2.1981628e-01;7.7500000e+01;2.4004468e-01;7.7500000e+01;2.6166332e-01;7.7500000e+01;2.7691174e-01;7.7500000e+01;2.8007153e-01;7.7500000e+01;2.7530125e-01;7.7500000e+01;2.6347589e-01;7.7500000e+01;2.4665830e-01;7.7500000e+01;3.4778085e-02;7.7500000e+01;4.8639487e-02;7.7500000e+01;6.3586868e-02;7.7500000e+01;8.1402555e-02;7.7500000e+01;1.0089745e-01;7.7500000e+01;1.2067857e-01;7.7500000e+01;1.4124385e-01;7.7500000e+01;1.5947464e-01;7.7500000e+01;1.8044247e-01;7.7500000e+01;1.9935305e-01;7.7500000e+01;2.1981628e-01;7.7500000e+01;2.4004468e-01;7.7500000e+01;2.6166332e-01;7.7500000e+01;2.7691174e-01;7.7500000e+01;2.8007153e-01;7.7500000e+01;2.7530125e-01;7.7500000e+01;2.6347589e-01;7.7500000e+01;2.4665830e-01;7.7500000e+01;3.4778085e-02;7.7500000e+01;4.8639487e-02;7.7500000e+01;6.3586868e-02;7.7500000e+01;8.1402555e-02;7.7500000e+01;1.0089745e-01;7.7500000e+01;1.2067857e-01;7.7500000e+01;1.4124385e-01;7.7500000e+01;1.5947464e-01;7.7500000e+01;1.8044247e-01;7.7500000e+01;1.9935305e-01;7.7500000e+01;2.1981628e-01;7.7500000e+01;2.4004468e-01;7.7500000e+01;2.6166332e-01;7.7500000e+01;2.7691174e-01;7.7500000e+01;2.8007153e-01;7.7500000e+01;2.7530125e-01;7.7500000e+01;2.6347589e-01;7.7500000e+01;2.4665830e-01;7.7500000e+01;3.4778085e-02;7.7500000e+01;4.8639487e-02;7.7500000e+01;6.3586868e-02;7.7500000e+01;8.1402555e-02;7.7500000e+01;1.0089745e-01;7.7500000e+01;1.2067857e-01;7.7500000e+01;1.4124385e-01;7.7500000e+01;1.5947464e-01;7.7500000e+01;1.8044247e-01;7.7500000e+01;1.9935305e-01;7.7500000e+01;2.1981628e-01;7.7500000e+01;2.4004468e-01;7.7500000e+01;2.6166332e-01;7.7500000e+01;2.7691174e-01;7.7500000e+01;2.8007153e-01;7.7500000e+01;2.7530125e-01;7.7500000e+01;2.6347589e-01;7.7500000e+01;2.4665830e-01;7.7500000e+01;3.4778085e-02;7.7500000e+01;4.8639487e-02;7.7500000e+01;6.3586868e-02;7.7500000e+01;8.1402555e-02;7.7500000e+01;1.0089745e-01;7.7500000e+01;1.2067857e-01;7.7500000e+01;1.4124385e-01;7.7500000e+01;1.5947464e-01;7.7500000e+01;1.8044247e-01;7.7500000e+01;1.9935305e-01;7.7500000e+01;2.1981628e-01;7.7500000e+01;2.4004468e-01;7.7500000e+01;2.6166332e-01;7.7500000e+01;2.7691174e-01;7.7500000e+01;2.8007153e-01;7.7500000e+01;2.7530125e-01;7.7500000e+01;2.6347589e-01;7.7500000e+01;2.4665830e-01;7.7500000e+01;3.4778085e-02;7.7500000e+01;4.8639487e-02;7.7500000e+01;6.3586868e-02;7.7500000e+01;8.1402555e-02;7.7500000e+01;1.0089745e-01;7.7500000e+01;1.2067857e-01;7.7500000e+01;1.4124385e-01;7.7500000e+01;1.5947464e-01;7.7500000e+01;1.8044247e-01;7.7500000e+01;1.9935305e-01;7.7500000e+01;2.1981628e-01;7.7500000e+01;2.4004468e-01;7.7500000e+01;2.6166332e-01;7.7500000e+01;2.7691174e-01;7.7500000e+01;2.8007153e-01;7.7500000e+01;2.7530125e-01;7.7500000e+01;2.6347589e-01;7.7500000e+01;2.4665830e-01;7.7500000e+01;3.4778085e-02;7.7500000e+01;4.8639487e-02;7.7500000e+01;6.3586868e-02;7.7500000e+01;8.1402555e-02;7.7500000e+01;1.0089745e-01;7.7500000e+01;1.2067857e-01;7.7500000e+01;1.4124385e-01;7.7500000e+01;1.5947464e-01;7.7500000e+01;1.8044247e-01;7.7500000e+01;1.9935305e-01;7.7500000e+01;2.1981628e-01;7.7500000e+01;2.4004468e-01;7.7500000e+01;2.6166332e-01;7.7500000e+01;2.7691174e-01;7.7500000e+01;2.8007153e-01;7.7500000e+01;2.7530125e-01;7.7500000e+01;2.6347589e-01;7.7500000e+01;2.4665830e-01;7.7500000e+01;3.4778085e-02;7.7500000e+01;4.8639487e-02;7.7500000e+01;6.3586868e-02;7.7500000e+01;8.1402555e-02;7.7500000e+01;1.0089745e-01;7.7500000e+01;1.2067857e-01;7.7500000e+01;1.4124385e-01;7.7500000e+01;1.5947464e-01;7.7500000e+01;1.8044247e-01;7.7500000e+01;1.9935305e-01;7.7500000e+01;2.1981628e-01;7.7500000e+01;2.4004468e-01;7.7500000e+01;2.6166332e-01;7.7500000e+01;2.7691174e-01;7.7500000e+01;2.8007153e-01;7.7500000e+01;2.7530125e-01;7.7500000e+01;2.6347589e-01;7.7500000e+01;2.4665830e-01;7.7500000e+01;3.4778085e-02;7.7500000e+01;4.8639487e-02;7.7500000e+01;6.3586868e-02;7.7500000e+01;8.1402555e-02;7.7500000e+01;1.0089745e-01;7.7500000e+01;1.2067857e-01;7.7500000e+01;1.4124385e-01;7.7500000e+01;1.5947464e-01;7.7500000e+01;1.8044247e-01;7.7500000e+01;1.9935305e-01;7.7500000e+01;2.1981628e-01;7.7500000e+01;2.4004468e-01;7.7500000e+01;2.6166332e-01;7.7500000e+01;2.7691174e-01;7.7500000e+01;2.8007153e-01;7.7500000e+01;2.7530125e-01;7.7500000e+01;2.6347589e-01;7.7500000e+01;2.4665830e-01;7.7500000e+01;3.4778085e-02;7.7500000e+01;4.8639487e-02;7.7500000e+01;6.3586868e-02;7.7500000e+01;8.1402555e-02;7.7500000e+01;1.0089745e-01;7.7500000e+01;1.2067857e-01;7.7500000e+01;1.4124385e-01;7.7500000e+01;1.5947464e-01;7.7500000e+01;1.8044247e-01;7.7500000e+01;1.9935305e-01;7.7500000e+01;2.1981628e-01;7.7500000e+01;2.4004468e-01;7.7500000e+01;2.6166332e-01;7.7500000e+01;2.7691174e-01;7.7500000e+01;2.8007153e-01;7.7500000e+01;2.7530125e-01;7.7500000e+01;2.6347589e-01;7.7500000e+01;2.4665830e-01;7.7500000e+01;3.4778085e-02;7.7500000e+01;4.8639487e-02;7.7500000e+01;6.3586868e-02;7.7500000e+01;8.1402555e-02;7.7500000e+01;1.0089745e-01;7.7500000e+01;1.2067857e-01;7.7500000e+01;1.4124385e-01;7.7500000e+01;1.5947464e-01;7.7500000e+01;1.8044247e-01;7.7500000e+01;1.9935305e-01;7.7500000e+01;2.1981628e-01;7.7500000e+01;2.4004468e-01;7.7500000e+01;2.6166332e-01;7.7500000e+01;2.7691174e-01;7.7500000e+01;2.8007153e-01;7.7500000e+01;2.7530125e-01;7.7500000e+01;2.6347589e-01;7.7500000e+01;2.4665830e-01;7.7500000e+01;3.4778085e-02;7.7500000e+01;4.8639487e-02;7.7500000e+01;6.3586868e-02;7.7500000e+01;8.1402555e-02;7.7500000e+01;1.0089745e-01;7.7500000e+01;1.2067857e-01;7.7500000e+01;1.4124385e-01;7.7500000e+01;1.5947464e-01;7.7500000e+01;1.8044247e-01;7.7500000e+01;1.9935305e-01;7.7500000e+01;2.1981628e-01;7.7500000e+01;2.4004468e-01;7.7500000e+01;2.6166332e-01;7.7500000e+01;2.7691174e-01;7.7500000e+01;2.8007153e-01;7.7500000e+01;2.7530125e-01;7.7500000e+01;2.6347589e-01;7.7500000e+01;2.4665830e-01;7.7500000e+01;3.4778085e-02;7.7500000e+01;4.8639487e-02;7.7500000e+01;6.3586868e-02;7.7500000e+01;8.1402555e-02;7.7500000e+01;1.0089745e-01;7.7500000e+01;1.2067857e-01;7.7500000e+01;1.4124385e-01;7.7500000e+01;1.5947464e-01;7.7500000e+01;1.8044247e-01;7.7500000e+01;1.9935305e-01;7.7500000e+01;2.1981628e-01;7.7500000e+01;2.4004468e-01;7.7500000e+01;2.6166332e-01;7.7500000e+01;2.7691174e-01;7.7500000e+01;2.8007153e-01;7.7500000e+01;2.7530125e-01;7.7500000e+01;2.6347589e-01;7.7500000e+01;2.4665830e-01;7.7500000e+01;3.4778085e-02;7.7500000e+01;4.8639487e-02;7.7500000e+01;6.3586868e-02;7.7500000e+01;8.1402555e-02;7.7500000e+01;1.0089745e-01;7.7500000e+01;1.2067857e-01;7.7500000e+01;1.4124385e-01;7.7500000e+01;1.5947464e-01;7.7500000e+01;1.8044247e-01;7.7500000e+01;1.9935305e-01;7.7500000e+01;2.1981628e-01;7.7500000e+01;2.4004468e-01;7.7500000e+01;2.6166332e-01;7.7500000e+01;2.7691174e-01;7.7500000e+01;2.8007153e-01;7.7500000e+01;2.7530125e-01;7.7500000e+01;2.6347589e-01;7.7500000e+01;2.4665830e-01;7.7500000e+01;3.4778085e-02;7.7500000e+01;4.8639487e-02;7.7500000e+01;6.3586868e-02;7.7500000e+01;8.1402555e-02;7.7500000e+01;1.0089745e-01;7.7500000e+01;1.2067857e-01;7.7500000e+01;1.4124385e-01;7.7500000e+01;1.5947464e-01;7.7500000e+01;1.8044247e-01;7.7500000e+01;1.9935305e-01;7.7500000e+01;2.1981628e-01;7.7500000e+01;2.4004468e-01;7.7500000e+01;2.6166332e-01;7.7500000e+01;2.7691174e-01;7.7500000e+01;2.8007153e-01;7.7500000e+01;2.7530125e-01;7.7500000e+01;2.6347589e-01;7.7500000e+01;2.4665830e-01;7.7500000e+01;3.4778085e-02;7.7500000e+01;4.8639487e-02;7.7500000e+01;6.3586868e-02;7.7500000e+01;8.1402555e-02;7.7500000e+01;1.0089745e-01;7.7500000e+01;1.2067857e-01;7.7500000e+01;1.4124385e-01;7.7500000e+01;1.5947464e-01;7.7500000e+01;1.8044247e-01;7.7500000e+01;1.9935305e-01;7.7500000e+01;2.1981628e-01;7.7500000e+01;2.4004468e-01;7.7500000e+01;2.6166332e-01;7.7500000e+01;2.7691174e-01;7.7500000e+01;2.8007153e-01;7.7500000e+01;2.7530125e-01;7.7500000e+01;2.6347589e-01;7.7500000e+01;2.4665830e-01;7.7500000e+01;3.4778085e-02;7.7500000e+01;4.8639487e-02;7.7500000e+01;6.3586868e-02;7.7500000e+01;8.1402555e-02;7.7500000e+01;1.0089745e-01;7.7500000e+01;1.2067857e-01;7.7500000e+01;1.4124385e-01;7.7500000e+01;1.5947464e-01;7.7500000e+01;1.8044247e-01;7.7500000e+01;1.9935305e-01;7.7500000e+01;2.1981628e-01;7.7500000e+01;2.4004468e-01;7.7500000e+01;2.6166332e-01;7.7500000e+01;2.7691174e-01;7.7500000e+01;2.8007153e-01;7.7500000e+01;2.7530125e-01;7.7500000e+01;2.6347589e-01;7.7500000e+01;2.4665830e-01;7.7500000e+01;3.4778085e-02;7.7500000e+01;4.8639487e-02;7.7500000e+01;6.3586868e-02;7.7500000e+01;8.1402555e-02;7.7500000e+01;1.0089745e-01;7.7500000e+01;1.2067857e-01;7.7500000e+01;1.4124385e-01;7.7500000e+01;1.5947464e-01;7.7500000e+01;1.8044247e-01;7.7500000e+01;1.9935305e-01;7.7500000e+01;2.1981628e-01;7.7500000e+01;2.4004468e-01;7.7500000e+01;2.6166332e-01;7.7500000e+01;2.7691174e-01;7.7500000e+01;2.8007153e-01;7.7500000e+01;2.7530125e-01;7.7500000e+01;2.6347589e-01;7.7500000e+01;2.4665830e-01;7.7500000e+01;3.4778085e-02;7.7500000e+01;4.8639487e-02;7.7500000e+01;6.3586868e-02;7.7500000e+01;8.1402555e-02;7.7500000e+01;1.0089745e-01;7.7500000e+01;1.2067857e-01;7.7500000e+01;1.4124385e-01;7.7500000e+01;1.5947464e-01;7.7500000e+01;1.8044247e-01;7.7500000e+01;1.9935305e-01;7.7500000e+01;2.1981628e-01;7.7500000e+01;2.4004468e-01;7.7500000e+01;2.6166332e-01;7.7500000e+01;2.7691174e-01;7.7500000e+01;2.8007153e-01;7.7500000e+01;2.7530125e-01;7.7500000e+01;2.6347589e-01;7.7500000e+01;2.4665830e-01;7.7500000e+01;3.4778085e-02;7.7500000e+01;4.8639487e-02;7.7500000e+01;6.3586868e-02;7.7500000e+01;8.1402555e-02;7.7500000e+01;1.0089745e-01;7.7500000e+01;1.2067857e-01;7.7500000e+01;1.4124385e-01;7.7500000e+01;1.5947464e-01;7.7500000e+01;1.8044247e-01;7.7500000e+01;1.9935305e-01;7.7500000e+01;2.1981628e-01;7.7500000e+01;2.4004468e-01;7.7500000e+01;2.6166332e-01;7.7500000e+01;2.7691174e-01;7.7500000e+01;2.8007153e-01;7.7500000e+01;2.7530125e-01;7.7500000e+01;2.6347589e-01;7.7500000e+01;2.4665830e-01;7.7500000e+01;3.4778085e-02;7.7500000e+01;4.8639487e-02;7.7500000e+01;6.3586868e-02;7.7500000e+01;8.1402555e-02;7.7500000e+01;1.0089745e-01;7.7500000e+01;1.2067857e-01;7.7500000e+01;1.4124385e-01;7.7500000e+01;1.5947464e-01;7.7500000e+01;1.8044247e-01;7.7500000e+01;1.9935305e-01;7.7500000e+01;2.1981628e-01;7.7500000e+01;2.4004468e-01;7.7500000e+01;2.6166332e-01;7.7500000e+01;2.7691174e-01;7.7500000e+01;2.8007153e-01;7.7500000e+01;2.7530125e-01;7.7500000e+01;2.6347589e-01;7.7500000e+01;2.4665830e-01;7.7500000e+01;3.4778085e-02;7.7500000e+01;4.8639487e-02;7.7500000e+01;6.3586868e-02;7.7500000e+01;8.1402555e-02;7.7500000e+01;1.0089745e-01;7.7500000e+01;1.2067857e-01;7.7500000e+01;1.4124385e-01;7.7500000e+01;1.5947464e-01;7.7500000e+01;1.8044247e-01;7.7500000e+01;1.9935305e-01;7.7500000e+01;2.1981628e-01;7.7500000e+01;2.4004468e-01;7.7500000e+01;2.6166332e-01;7.7500000e+01;2.7691174e-01;7.7500000e+01;2.8007153e-01;7.7500000e+01;2.7530125e-01;7.7500000e+01;2.6347589e-01;7.7500000e+01;2.4665830e-01;7.7500000e+01;3.4778085e-02;7.7500000e+01;4.8639487e-02;7.7500000e+01;6.3586868e-02;7.7500000e+01;8.1402555e-02;7.7500000e+01;1.0089745e-01;7.7500000e+01;1.2067857e-01;7.7500000e+01;1.4124385e-01;7.7500000e+01;1.5947464e-01;7.7500000e+01;1.8044247e-01;7.7500000e+01;1.9935305e-01;7.7500000e+01;2.1981628e-01;7.7500000e+01;2.4004468e-01;7.7500000e+01;2.6166332e-01;7.7500000e+01;2.7691174e-01;7.7500000e+01;2.8007153e-01;7.7500000e+01;2.7530125e-01;7.7500000e+01;2.6347589e-01;7.7500000e+01;2.4665830e-01;7.7500000e+01;3.4778085e-02;7.7500000e+01;4.8639487e-02;7.7500000e+01;6.3586868e-02;7.7500000e+01;8.1402555e-02;7.7500000e+01;1.0089745e-01;7.7500000e+01;1.2067857e-01;7.7500000e+01;1.4124385e-01;7.7500000e+01;1.5947464e-01;7.7500000e+01;1.8044247e-01;7.7500000e+01;1.9935305e-01;7.7500000e+01;2.1981628e-01;7.7500000e+01;2.4004468e-01;7.7500000e+01;2.6166332e-01;7.7500000e+01;2.7691174e-01;7.7500000e+01;2.8007153e-01;7.7500000e+01;2.7530125e-01;7.7500000e+01;2.6347589e-01;7.7500000e+01;2.4665830e-01;7.7500000e+01;3.4778085e-02;7.7500000e+01;4.8639487e-02;7.7500000e+01;6.3586868e-02;7.7500000e+01;8.1402555e-02;7.7500000e+01;1.0089745e-01;7.7500000e+01;1.2067857e-01;7.7500000e+01;1.4124385e-01;7.7500000e+01;1.5947464e-01;7.7500000e+01;1.8044247e-01;7.7500000e+01;1.9935305e-01;7.7500000e+01;2.1981628e-01;7.7500000e+01;2.4004468e-01;7.7500000e+01;2.6166332e-01;7.7500000e+01;2.7691174e-01;7.7500000e+01;2.8007153e-01;7.7500000e+01;2.7530125e-01;7.7500000e+01;2.6347589e-01;7.7500000e+01;2.4665830e-01;7.7500000e+01;3.4778085e-02;7.7500000e+01;4.8639487e-02;7.7500000e+01;6.3586868e-02;7.7500000e+01;8.1402555e-02;7.7500000e+01;1.0089745e-01;7.7500000e+01;1.2067857e-01;7.7500000e+01;1.4124385e-01;7.7500000e+01;1.5947464e-01;7.7500000e+01;1.8044247e-01;7.7500000e+01;1.9935305e-01;7.7500000e+01;2.1981628e-01;7.7500000e+01;2.4004468e-01;7.7500000e+01;2.6166332e-01;7.7500000e+01;2.7691174e-01;7.7500000e+01;2.8007153e-01;7.7500000e+01;2.7530125e-01;7.7500000e+01;2.6347589e-01;7.7500000e+01;2.4665830e-01;7.7500000e+01;3.4778085e-02;7.7500000e+01;4.8639487e-02;7.7500000e+01;6.3586868e-02;7.7500000e+01;8.1402555e-02;7.7500000e+01;1.0089745e-01;7.7500000e+01;1.2067857e-01;7.7500000e+01;1.4124385e-01;7.7500000e+01;1.5947464e-01;7.7500000e+01;1.8044247e-01;7.7500000e+01;1.9935305e-01;7.7500000e+01;2.1981628e-01;7.7500000e+01;2.4004468e-01;7.7500000e+01;2.6166332e-01;7.7500000e+01;2.7691174e-01;7.7500000e+01;2.8007153e-01;7.7500000e+01;2.7530125e-01;7.7500000e+01;2.6347589e-01;7.7500000e+01;2.4665830e-01;7.7500000e+01;3.4778085e-02;7.7500000e+01;4.8639487e-02;7.7500000e+01;6.3586868e-02;7.7500000e+01;8.1402555e-02;7.7500000e+01;1.0089745e-01;7.7500000e+01;1.2067857e-01;7.7500000e+01;1.4124385e-01;7.7500000e+01;1.5947464e-01;7.7500000e+01;1.8044247e-01;7.7500000e+01;1.9935305e-01;7.7500000e+01;2.1981628e-01;7.7500000e+01;2.4004468e-01;7.7500000e+01;2.6166332e-01;7.7500000e+01;2.7691174e-01;7.7500000e+01;2.8007153e-01;7.7500000e+01;2.7530125e-01;7.7500000e+01;2.6347589e-01;7.7500000e+01;2.4665830e-01;7.7500000e+01;3.4778085e-02;7.7500000e+01;4.8639487e-02;7.7500000e+01;6.3586868e-02;7.7500000e+01;8.1402555e-02;7.7500000e+01;1.0089745e-01;7.7500000e+01;1.2067857e-01;7.7500000e+01;1.4124385e-01;7.7500000e+01;1.5947464e-01;7.7500000e+01;1.8044247e-01;7.7500000e+01;1.9935305e-01;7.7500000e+01;2.1981628e-01;7.7500000e+01;2.4004468e-01;7.7500000e+01;2.6166332e-01;7.7500000e+01;2.7691174e-01;7.7500000e+01;2.8007153e-01;7.7500000e+01;2.7530125e-01;7.7500000e+01;2.6347589e-01;7.7500000e+01;2.4665830e-01;7.7500000e+01;3.4778085e-02;7.7500000e+01;4.8639487e-02;7.7500000e+01;6.3586868e-02;7.7500000e+01;8.1402555e-02;7.7500000e+01;1.0089745e-01;7.7500000e+01;1.2067857e-01;7.7500000e+01;1.4124385e-01;7.7500000e+01;1.5947464e-01;7.7500000e+01;1.8044247e-01;7.7500000e+01;1.9935305e-01;7.7500000e+01;2.1981628e-01;7.7500000e+01;2.4004468e-01;7.7500000e+01;2.6166332e-01;7.7500000e+01;2.7691174e-01;7.7500000e+01;2.8007153e-01;7.7500000e+01;2.7530125e-01;7.7500000e+01;2.6347589e-01;7.7500000e+01;2.4665830e-01;7.7500000e+01;3.4778085e-02;7.7500000e+01;4.8639487e-02;7.7500000e+01;6.3586868e-02;7.7500000e+01;8.1402555e-02;7.7500000e+01;1.0089745e-01;7.7500000e+01;1.2067857e-01;7.7500000e+01;1.4124385e-01;7.7500000e+01;1.5947464e-01;7.7500000e+01;1.8044247e-01;7.7500000e+01;1.9935305e-01;7.7500000e+01;2.1981628e-01;7.7500000e+01;2.4004468e-01;7.7500000e+01;2.6166332e-01;7.7500000e+01;2.7691174e-01;7.7500000e+01;2.8007153e-01;7.7500000e+01;2.7530125e-01;7.7500000e+01;2.6347589e-01;7.7500000e+01;2.4665830e-01;7.7500000e+01;3.4778085e-02;7.7500000e+01;4.8639487e-02;7.7500000e+01;6.3586868e-02;7.7500000e+01;8.1402555e-02;7.7500000e+01;1.0089745e-01;7.7500000e+01;1.2067857e-01;7.7500000e+01;1.4124385e-01;7.7500000e+01;1.5947464e-01;7.7500000e+01;1.8044247e-01;7.7500000e+01;1.9935305e-01;7.7500000e+01;2.1981628e-01;7.7500000e+01;2.4004468e-01;7.7500000e+01;2.6166332e-01;7.7500000e+01;2.7691174e-01;7.7500000e+01;2.8007153e-01;7.7500000e+01;2.7530125e-01;7.7500000e+01;2.6347589e-01;7.7500000e+01;2.4665830e-01;7.7500000e+01;3.4778085e-02;7.7500000e+01;4.8639487e-02;7.7500000e+01;6.3586868e-02;7.7500000e+01;8.1402555e-02;7.7500000e+01;1.0089745e-01;7.7500000e+01;1.2067857e-01;7.7500000e+01;1.4124385e-01;7.7500000e+01;1.5947464e-01;7.7500000e+01;1.8044247e-01;7.7500000e+01;1.9935305e-01;7.7500000e+01;2.1981628e-01;7.7500000e+01;2.4004468e-01;7.7500000e+01;2.6166332e-01;7.7500000e+01;2.7691174e-01;7.7500000e+01;2.8007153e-01;7.7500000e+01;2.7530125e-01;7.7500000e+01;2.6347589e-01;7.7500000e+01;2.4665830e-01;7.7500000e+01;3.4778085e-02;7.7500000e+01;4.8639487e-02;7.7500000e+01;6.3586868e-02;7.7500000e+01;8.1402555e-02;7.7500000e+01;1.0089745e-01;7.7500000e+01;1.2067857e-01;7.7500000e+01;1.4124385e-01;7.7500000e+01;1.5947464e-01;7.7500000e+01;1.8044247e-01;7.7500000e+01;1.9935305e-01;7.7500000e+01;2.1981628e-01;7.7500000e+01;2.4004468e-01;7.7500000e+01;2.6166332e-01;7.7500000e+01;2.7691174e-01;7.7500000e+01;2.8007153e-01;7.7500000e+01;2.7530125e-01;7.7500000e+01;2.6347589e-01;7.7500000e+01;2.4665830e-01;7.7500000e+01;3.4778085e-02;7.7500000e+01;4.8639487e-02;7.7500000e+01;6.3586868e-02;7.7500000e+01;8.1402555e-02;7.7500000e+01;1.0089745e-01;7.7500000e+01;1.2067857e-01;7.7500000e+01;1.4124385e-01;7.7500000e+01;1.5947464e-01;7.7500000e+01;1.8044247e-01;7.7500000e+01;1.9935305e-01;7.7500000e+01;2.1981628e-01;7.7500000e+01;2.4004468e-01;7.7500000e+01;2.6166332e-01;7.7500000e+01;2.7691174e-01;7.7500000e+01;2.8007153e-01;7.7500000e+01;2.7530125e-01;7.7500000e+01;2.6347589e-01;7.7500000e+01;2.4665830e-01;7.7500000e+01;3.4778085e-02;7.7500000e+01;4.8639487e-02;7.7500000e+01;6.3586868e-02;7.7500000e+01;8.1402555e-02;7.7500000e+01;1.0089745e-01;7.7500000e+01;1.2067857e-01;7.7500000e+01;1.4124385e-01;7.7500000e+01;1.5947464e-01;7.7500000e+01;1.8044247e-01;7.7500000e+01;1.9935305e-01;7.7500000e+01;2.1981628e-01;7.7500000e+01;2.4004468e-01;7.7500000e+01;2.6166332e-01;7.7500000e+01;2.7691174e-01;7.7500000e+01;2.8007153e-01;7.7500000e+01;2.7530125e-01;7.7500000e+01;2.6347589e-01;7.7500000e+01;2.4665830e-01;7.7500000e+01;3.4778085e-02;7.7500000e+01;4.8639487e-02;7.7500000e+01;6.3586868e-02;7.7500000e+01;8.1402555e-02;7.7500000e+01;1.0089745e-01;7.7500000e+01;1.2067857e-01;7.7500000e+01;1.4124385e-01;7.7500000e+01;1.5947464e-01;7.7500000e+01;1.8044247e-01;7.7500000e+01;1.9935305e-01;7.7500000e+01;2.1981628e-01;7.7500000e+01;2.4004468e-01;7.7500000e+01;2.6166332e-01;7.7500000e+01;2.7691174e-01;7.7500000e+01;2.8007153e-01;7.7500000e+01;2.7530125e-01;7.7500000e+01;2.6347589e-01;7.7500000e+01;2.4665830e-01;7.7500000e+01;3.4778085e-02;7.7500000e+01;4.8639487e-02;7.7500000e+01;6.3586868e-02;7.7500000e+01;8.1402555e-02;7.7500000e+01;1.0089745e-01;7.7500000e+01;1.2067857e-01;7.7500000e+01;1.4124385e-01;7.7500000e+01;1.5947464e-01;7.7500000e+01;1.8044247e-01;7.7500000e+01;1.9935305e-01;7.7500000e+01;2.1981628e-01;7.7500000e+01;2.4004468e-01;7.7500000e+01;2.6166332e-01;7.7500000e+01;2.7691174e-01;7.7500000e+01;2.8007153e-01;7.7500000e+01;2.7530125e-01;7.7500000e+01;2.6347589e-01;7.7500000e+01;2.4665830e-01;7.7500000e+01;3.4778085e-02;7.7500000e+01;4.8639487e-02;7.7500000e+01;6.3586868e-02;7.7500000e+01;8.1402555e-02;7.7500000e+01;1.0089745e-01;7.7500000e+01;1.2067857e-01;7.7500000e+01;1.4124385e-01;7.7500000e+01;1.5947464e-01;7.7500000e+01;1.8044247e-01;7.7500000e+01;1.9935305e-01;7.7500000e+01;2.1981628e-01;7.7500000e+01;2.4004468e-01;7.7500000e+01;2.6166332e-01;7.7500000e+01;2.7691174e-01;7.7500000e+01;2.8007153e-01;7.7500000e+01;2.7530125e-01;7.7500000e+01;2.6347589e-01;7.7500000e+01;2.4665830e-01;7.7500000e+01;3.4778085e-02;7.7500000e+01;4.8639487e-02;7.7500000e+01;6.3586868e-02;7.7500000e+01;8.1402555e-02;7.7500000e+01;1.0089745e-01;7.7500000e+01;1.2067857e-01;7.7500000e+01;1.4124385e-01;7.7500000e+01;1.5947464e-01;7.7500000e+01;1.8044247e-01;7.7500000e+01;1.9935305e-01;7.7500000e+01;2.1981628e-01;7.7500000e+01;2.4004468e-01;7.7500000e+01;2.6166332e-01;7.7500000e+01;2.7691174e-01;7.7500000e+01;2.8007153e-01;7.7500000e+01;2.7530125e-01;7.7500000e+01;2.6347589e-01;7.7500000e+01;2.4665830e-01;7.7500000e+01;3.4778085e-02;7.7500000e+01;4.8639487e-02;7.7500000e+01;6.3586868e-02;7.7500000e+01;8.1402555e-02;7.7500000e+01;1.0089745e-01;7.7500000e+01;1.2067857e-01;7.7500000e+01;1.4124385e-01;7.7500000e+01;1.5947464e-01;7.7500000e+01;1.8044247e-01;7.7500000e+01;1.9935305e-01;7.7500000e+01;2.1981628e-01;7.7500000e+01;2.4004468e-01;7.7500000e+01;2.6166332e-01;7.7500000e+01;2.7691174e-01;7.7500000e+01;2.8007153e-01;7.7500000e+01;2.7530125e-01;7.7500000e+01;2.6347589e-01;7.7500000e+01;2.4665830e-01;7.7500000e+01;3.4778085e-02;7.7500000e+01;4.8639487e-02;7.7500000e+01;6.3586868e-02;7.7500000e+01;8.1402555e-02;7.7500000e+01;1.0089745e-01;7.7500000e+01;1.2067857e-01;7.7500000e+01;1.4124385e-01;7.7500000e+01;1.5947464e-01;7.7500000e+01;1.8044247e-01;7.7500000e+01;1.9935305e-01;7.7500000e+01;2.1981628e-01;7.7500000e+01;2.4004468e-01;7.7500000e+01;2.6166332e-01;7.7500000e+01;2.7691174e-01;7.7500000e+01;2.8007153e-01;7.7500000e+01;2.7530125e-01;7.7500000e+01;2.6347589e-01;7.7500000e+01;2.4665830e-01;7.7500000e+01;3.4778085e-02;7.7500000e+01;4.8639487e-02;7.7500000e+01;6.3586868e-02;7.7500000e+01;8.1402555e-02;7.7500000e+01;1.0089745e-01;7.7500000e+01;1.2067857e-01;7.7500000e+01;1.4124385e-01;7.7500000e+01;1.5947464e-01;7.7500000e+01;1.8044247e-01;7.7500000e+01;1.9935305e-01;7.7500000e+01;2.1981628e-01;7.7500000e+01;2.4004468e-01;7.7500000e+01;2.6166332e-01;7.7500000e+01;2.7691174e-01;7.7500000e+01;2.8007153e-01;7.7500000e+01;2.7530125e-01;7.7500000e+01;2.6347589e-01;7.7500000e+01;2.4665830e-01;7.7500000e+01;3.4778085e-02;7.7500000e+01;4.8639487e-02;7.7500000e+01;6.3586868e-02;7.7500000e+01;8.1402555e-02;7.7500000e+01;1.0089745e-01;7.7500000e+01;1.2067857e-01;7.7500000e+01;1.4124385e-01;7.7500000e+01;1.5947464e-01;7.7500000e+01;1.8044247e-01;7.7500000e+01;1.9935305e-01;7.7500000e+01;2.1981628e-01;7.7500000e+01;2.4004468e-01;7.7500000e+01;2.6166332e-01;7.7500000e+01;2.7691174e-01;7.7500000e+01;2.8007153e-01;7.7500000e+01;2.7530125e-01;7.7500000e+01;2.6347589e-01;7.7500000e+01;2.4665830e-01
8.2500000e+01;3.3221852e-02;8.2500000e+01;4.5816198e-02;8.2500000e+01;5.9987117e-02;8.2500000e+01;7.7028684e-02;8.2500000e+01;9.5304467e-02;8.2500000e+01;1.1444806e-01;8.2500000e+01;1.3285336e-01;8.2500000e+01;1.5228741e-01;8.2500000e+01;1.7097744e-01;8.2500000e+01;1.8634579e-01;8.2500000e+01;2.0442918e-01;8.2500000e+01;2.2619769e-01;8.2500000e+01;2.4967104e-01;8.2500000e+01;2.6978061e-01;8.2500000e+01;2.7567071e-01;8.2500000e+01;2.7321711e-01;8.2500000e+01;2.6336133e-01;8.2500000e+01;2.4822888e-01;8.2500000e+01;3.3221852e-02;8.2500000e+01;4.5816198e-02;8.2500000e+01;5.9987117e-02;8.2500000e+01;7.7028684e-02;8.2500000e+01;9.5304467e-02;8.2500000e+01;1.1444806e-01;8.2500000e+01;1.3285336e-01;8.2500000e+01;1.5228741e-01;8.2500000e+01;1.7097744e-01;8.2500000e+01;1.8634579e-01;8.2500000e+01;2.0442918e-01;8.2500000e+01;2.2619769e-01;8.2500000e+01;2.4967104e-01;8.2500000e+01;2.6978061e-01;8.2500000e+01;2.7567071e-01;8.2500000e+01;2.7321711e-01;8.2500000e+01;2.6336133e-01;8.2500000e+01;2.4822888e-01;8.2500000e+01;3.3221852e-02;8.2500000e+01;4.5816198e-02;8.2500000e+01;5.9987117e-02;8.2500000e+01;7.7028684e-02;8.2500000e+01;9.5304467e-02;8.2500000e+01;1.1444806e-01;8.2500000e+01;1.3285336e-01;8.2500000e+01;1.5228741e-01;8.2500000e+01;1.7097744e-01;8.2500000e+01;1.8634579e-01;8.2500000e+01;2.0442918e-01;8.2500000e+01;2.2619769e-01;8.2500000e+01;2.4967104e-01;8.2500000e+01;2.6978061e-01;8.2500000e+01;2.7567071e-01;8.2500000e+01;2.7321711e-01;8.2500000e+01;2.6336133e-01;8.2500000e+01;2.4822888e-01;8.2500000e+01;3.3221852e-02;8.2500000e+01;4.5816198e-02;8.2500000e+01;5.9987117e-02;8.2500000e+01;7.7028684e-02;8.2500000e+01;9.5304467e-02;8.2500000e+01;1.1444806e-01;8.2500000e+01;1.3285336e-01;8.2500000e+01;1.5228741e-01;8.2500000e+01;1.7097744e-01;8.2500000e+01;1.8634579e-01;8.2500000e+01;2.0442918e-01;8.2500000e+01;2.2619769e-01;8.2500000e+01;2.4967104e-01;8.2500000e+01;2.6978061e-01;8.2500000e+01;2.7567071e-01;8.2500000e+01;2.7321711e-01;8.2500000e+01;2.6336133e-01;8.2500000e+01;2.4822888e-01;8.2500000e+01;3.3221852e-02;8.2500000e+01;4.5816198e-02;8.2500000e+01;5.9987117e-02;8.2500000e+01;7.7028684e-02;8.2500000e+01;9.5304467e-02;8.2500000e+01;1.1444806e-01;8.2500000e+01;1.3285336e-01;8.2500000e+01;1.5228741e-01;8.2500000e+01;1.7097744e-01;8.2500000e+01;1.8634579e-01;8.2500000e+01;2.0442918e-01;8.2500000e+01;2.2619769e-01;8.2500000e+01;2.4967104e-01;8.2500000e+01;2.6978061e-01;8.2500000e+01;2.7567071e-01;8.2500000e+01;2.7321711e-01;8.2500000e+01;2.6336133e-01;8.2500000e+01;2.4822888e-01;8.2500000e+01;3.3221852e-02;8.2500000e+01;4.5816198e-02;8.2500000e+01;5.9987117e-02;8.2500000e+01;7.7028684e-02;8.2500000e+01;9.5304467e-02;8.2500000e+01;1.1444806e-01;8.2500000e+01;1.3285336e-01;8.2500000e+01;1.5228741e-01;8.2500000e+01;1.7097744e-01;8.2500000e+01;1.8634579e-01;8.2500000e+01;2.0442918e-01;8.2500000e+01;2.2619769e-01;8.2500000e+01;2.4967104e-01;8.2500000e+01;2.6978061e-01;8.2500000e+01;2.7567071e-01;8.2500000e+01;2.7321711e-01;8.2500000e+01;2.6336133e-01;8.2500000e+01;2.4822888e-01;8.2500000e+01;3.3221852e-02;8.2500000e+01;4.5816198e-02;8.2500000e+01;5.9987117e-02;8.2500000e+01;7.7028684e-02;8.2500000e+01;9.5304467e-02;8.2500000e+01;1.1444806e-01;8.2500000e+01;1.3285336e-01;8.2500000e+01;1.5228741e-01;8.2500000e+01;1.7097744e-01;8.2500000e+01;1.8634579e-01;8.2500000e+01;2.0442918e-01;8.2500000e+01;2.2619769e-01;8.2500000e+01;2.4967104e-01;8.2500000e+01;2.6978061e-01;8.2500000e+01;2.7567071e-01;8.2500000e+01;2.7321711e-01;8.2500000e+01;2.6336133e-01;8.2500000e+01;2.4822888e-01;8.2500000e+01;3.3221852e-02;8.2500000e+01;4.5816198e-02;8.2500000e+01;5.9987117e-02;8.2500000e+01;7.7028684e-02;8.2500000e+01;9.5304467e-02;8.2500000e+01;1.1444806e-01;8.2500000e+01;1.3285336e-01;8.2500000e+01;1.5228741e-01;8.2500000e+01;1.7097744e-01;8.2500000e+01;1.8634579e-01;8.2500000e+01;2.0442918e-01;8.2500000e+01;2.2619769e-01;8.2500000e+01;2.4967104e-01;8.2500000e+01;2.6978061e-01;8.2500000e+01;2.7567071e-01;8.2500000e+01;2.7321711e-01;8.2500000e+01;2.6336133e-01;8.2500000e+01;2.4822888e-01;8.2500000e+01;3.3221852e-02;8.2500000e+01;4.5816198e-02;8.2500000e+01;5.9987117e-02;8.2500000e+01;7.7028684e-02;8.2500000e+01;9.5304467e-02;8.2500000e+01;1.1444806e-01;8.2500000e+01;1.3285336e-01;8.2500000e+01;1.5228741e-01;8.2500000e+01;1.7097744e-01;8.2500000e+01;1.8634579e-01;8.2500000e+01;2.0442918e-01;8.2500000e+01;2.2619769e-01;8.2500000e+01;2.4967104e-01;8.2500000e+01;2.6978061e-01;8.2500000e+01;2.7567071e-01;8.2500000e+01;2.7321711e-01;8.2500000e+01;2.6336133e-01;8.2500000e+01;2.4822888e-01;8.2500000e+01;3.3221852e-02;8.2500000e+01;4.5816198e-02;8.2500000e+01;5.9987117e-02;8.2500000e+01;7.7028684e-02;8.2500000e+01;9.5304467e-02;8.2500000e+01;1.1444806e-01;8.2500000e+01;1.3285336e-01;8.2500000e+01;1.5228741e-01;8.2500000e+01;1.7097744e-01;8.2500000e+01;1.8634579e-01;8.2500000e+01;2.0442918e-01;8.2500000e+01;2.2619769e-01;8.2500000e+01;2.4967104e-01;8.2500000e+01;2.6978061e-01;8.2500000e+01;2.7567071e-01;8.2500000e+01;2.7321711e-01;8.2500000e+01;2.6336133e-01;8.2500000e+01;2.4822888e-01;8.2500000e+01;3.3221852e-02;8.2500000e+01;4.5816198e-02;8.2500000e+01;5.9987117e-02;8.2500000e+01;7.7028684e-02;8.2500000e+01;9.5304467e-02;8.2500000e+01;1.1444806e-01;8.2500000e+01;1.3285336e-01;8.2500000e+01;1.5228741e-01;8.2500000e+01;1.7097744e-01;8.2500000e+01;1.8634579e-01;8.2500000e+01;2.0442918e-01;8.2500000e+01;2.2619769e-01;8.2500000e+01;2.4967104e-01;8.2500000e+01;2.6978061e-01;8.2500000e+01;2.7567071e-01;8.2500000e+01;2.7321711e-01;8.2500000e+01;2.6336133e-01;8.2500000e+01;2.4822888e-01;8.2500000e+01;3.3221852e-02;8.2500000e+01;4.5816198e-02;8.2500000e+01;5.9987117e-02;8.2500000e+01;7.7028684e-02;8.2500000e+01;9.5304467e-02;8.2500000e+01;1.1444806e-01;8.2500000e+01;1.3285336e-01;8.2500000e+01;1.5228741e-01;8.2500000e+01;1.7097744e-01;8.2500000e+01;1.8634579e-01;8.2500000e+01;2.0442918e-01;8.2500000e+01;2.2619769e-01;8.2500000e+01;2.4967104e-01;8.2500000e+01;2.6978061e-01;8.2500000e+01;2.7567071e-01;8.2500000e+01;2.7321711e-01;8.2500000e+01;2.6336133e-01;8.2500000e+01;2.4822888e-01;8.2500000e+01;3.3221852e-02;8.2500000e+01;4.5816198e-02;8.2500000e+01;5.9987117e-02;8.2500000e+01;7.7028684e-02;8.2500000e+01;9.5304467e-02;8.2500000e+01;1.1444806e-01;8.2500000e+01;1.3285336e-01;8.2500000e+01;1.5228741e-01;8.2500000e+01;1.7097744e-01;8.2500000e+01;1.8634579e-01;8.2500000e+01;2.0442918e-01;8.2500000e+01;2.2619769e-01;8.2500000e+01;2.4967104e-01;8.2500000e+01;2.6978061e-01;8.2500000e+01;2.7567071e-01;8.2500000e+01;2.7321711e-01;8.2500000e+01;2.6336133e-01;8.2500000e+01;2.4822888e-01;8.2500000e+01;3.3221852e-02;8.2500000e+01;4.5816198e-02;8.2500000e+01;5.9987117e-02;8.2500000e+01;7.7028684e-02;8.2500000e+01;9.5304467e-02;8.2500000e+01;1.1444806e-01;8.2500000e+01;1.3285336e-01;8.2500000e+01;1.5228741e-01;8.2500000e+01;1.7097744e-01;8.2500000e+01;1.8634579e-01;8.2500000e+01;2.0442918e-01;8.2500000e+01;2.2619769e-01;8.2500000e+01;2.4967104e-01;8.2500000e+01;2.6978061e-01;8.2500000e+01;2.7567071e-01;8.2500000e+01;2.7321711e-01;8.2500000e+01;2.6336133e-01;8.2500000e+01;2.4822888e-01;8.2500000e+01;3.3221852e-02;8.2500000e+01;4.5816198e-02;8.2500000e+01;5.9987117e-02;8.2500000e+01;7.7028684e-02;8.2500000e+01;9.5304467e-02;8.2500000e+01;1.1444806e-01;8.2500000e+01;1.3285336e-01;8.2500000e+01;1.5228741e-01;8.2500000e+01;1.7097744e-01;8.2500000e+01;1.8634579e-01;8.2500000e+01;2.0442918e-01;8.2500000e+01;2.2619769e-01;8.2500000e+01;2.4967104e-01;8.2500000e+01;2.6978061e-01;8.2500000e+01;2.7567071e-01;8.2500000e+01;2.7321711e-01;8.2500000e+01;2.6336133e-01;8.2500000e+01;2.4822888e-01;8.2500000e+01;3.3221852e-02;8.2500000e+01;4.5816198e-02;8.2500000e+01;5.9987117e-02;8.2500000e+01;7.7028684e-02;8.2500000e+01;9.5304467e-02;8.2500000e+01;1.1444806e-01;8.2500000e+01;1.3285336e-01;8.2500000e+01;1.5228741e-01;8.2500000e+01;1.7097744e-01;8.2500000e+01;1.8634579e-01;8.2500000e+01;2.0442918e-01;8.2500000e+01;2.2619769e-01;8.2500000e+01;2.4967104e-01;8.2500000e+01;2.6978061e-01;8.2500000e+01;2.7567071e-01;8.2500000e+01;2.7321711e-01;8.2500000e+01;2.6336133e-01;8.2500000e+01;2.4822888e-01;8.2500000e+01;3.3221852e-02;8.2500000e+01;4.5816198e-02;8.2500000e+01;5.9987117e-02;8.2500000e+01;7.7028684e-02;8.2500000e+01;9.5304467e-02;8.2500000e+01;1.1444806e-01;8.2500000e+01;1.3285336e-01;8.2500000e+01;1.5228741e-01;8.2500000e+01;1.7097744e-01;8.2500000e+01;1.8634579e-01;8.2500000e+01;2.0442918e-01;8.2500000e+01;2.2619769e-01;8.2500000e+01;2.4967104e-01;8.2500000e+01;2.6978061e-01;8.2500000e+01;2.7567071e-01;8.2500000e+01;2.7321711e-01;8.2500000e+01;2.6336133e-01;8.2500000e+01;2.4822888e-01;8.2500000e+01;3.3221852e-02;8.2500000e+01;4.5816198e-02;8.2500000e+01;5.9987117e-02;8.2500000e+01;7.7028684e-02;8.2500000e+01;9.5304467e-02;8.2500000e+01;1.1444806e-01;8.2500000e+01;1.3285336e-01;8.2500000e+01;1.5228741e-01;8.2500000e+01;1.7097744e-01;8.2500000e+01;1.8634579e-01;8.2500000e+01;2.0442918e-01;8.2500000e+01;2.2619769e-01;8.2500000e+01;2.4967104e-01;8.2500000e+01;2.6978061e-01;8.2500000e+01;2.7567071e-01;8.2500000e+01;2.7321711e-01;8.2500000e+01;2.6336133e-01;8.2500000e+01;2.4822888e-01;8.2500000e+01;3.3221852e-02;8.2500000e+01;4.5816198e-02;8.2500000e+01;5.9987117e-02;8.2500000e+01;7.7028684e-02;8.2500000e+01;9.5304467e-02;8.2500000e+01;1.1444806e-01;8.2500000e+01;1.3285336e-01;8.2500000e+01;1.5228741e-01;8.2500000e+01;1.7097744e-01;8.2500000e+01;1.8634579e-01;8.2500000e+01;2.0442918e-01;8.2500000e+01;2.2619769e-01;8.2500000e+01;2.4967104e-01;8.2500000e+01;2.6978061e-01;8.2500000e+01;2.7567071e-01;8.2500000e+01;2.7321711e-01;8.2500000e+01;2.6336133e-01;8.2500000e+01;2.4822888e-01;8.2500000e+01;3.3221852e-02;8.2500000e+01;4.5816198e-02;8.2500000e+01;5.9987117e-02;8.2500000e+01;7.7028684e-02;8.2500000e+01;9.5304467e-02;8.2500000e+01;1.1444806e-01;8.2500000e+01;1.3285336e-01;8.2500000e+01;1.5228741e-01;8.2500000e+01;1.7097744e-01;8.2500000e+01;1.8634579e-01;8.2500000e+01;2.0442918e-01;8.2500000e+01;2.2619769e-01;8.2500000e+01;2.4967104e-01;8.2500000e+01;2.6978061e-01;8.2500000e+01;2.7567071e-01;8.2500000e+01;2.7321711e-01;8.2500000e+01;2.6336133e-01;8.2500000e+01;2.4822888e-01;8.2500000e+01;3.3221852e-02;8.2500000e+01;4.5816198e-02;8.2500000e+01;5.9987117e-02;8.2500000e+01;7.7028684e-02;8.2500000e+01;9.5304467e-02;8.2500000e+01;1.1444806e-01;8.2500000e+01;1.3285336e-01;8.2500000e+01;1.5228741e-01;8.2500000e+01;1.7097744e-01;8.2500000e+01;1.8634579e-01;8.2500000e+01;2.0442918e-01;8.2500000e+01;2.2619769e-01;8.2500000e+01;2.4967104e-01;8.2500000e+01;2.6978061e-01;8.2500000e+01;2.7567071e-01;8.2500000e+01;2.7321711e-01;8.2500000e+01;2.6336133e-01;8.2500000e+01;2.4822888e-01;8.2500000e+01;3.3221852e-02;8.2500000e+01;4.5816198e-02;8.2500000e+01;5.9987117e-02;8.2500000e+01;7.7028684e-02;8.2500000e+01;9.5304467e-02;8.2500000e+01;1.1444806e-01;8.2500000e+01;1.3285336e-01;8.2500000e+01;1.5228741e-01;8.2500000e+01;1.7097744e-01;8.2500000e+01;1.8634579e-01;8.2500000e+01;2.0442918e-01;8.2500000e+01;2.2619769e-01;8.2500000e+01;2.4967104e-01;8.2500000e+01;2.6978061e-01;8.2500000e+01;2.7567071e-01;8.2500000e+01;2.7321711e-01;8.2500000e+01;2.6336133e-01;8.2500000e+01;2.4822888e-01;8.2500000e+01;3.3221852e-02;8.2500000e+01;4.5816198e-02;8.2500000e+01;5.9987117e-02;8.2500000e+01;7.7028684e-02;8.2500000e+01;9.5304467e-02;8.2500000e+01;1.1444806e-01;8.2500000e+01;1.3285336e-01;8.2500000e+01;1.5228741e-01;8.2500000e+01;1.7097744e-01;8.2500000e+01;1.8634579e-01;8.2500000e+01;2.0442918e-01;8.2500000e+01;2.2619769e-01;8.2500000e+01;2.4967104e-01;8.2500000e+01;2.6978061e-01;8.2500000e+01;2.7567071e-01;8.2500000e+01;2.7321711e-01;8.2500000e+01;2.6336133e-01;8.2500000e+01;2.4822888e-01;8.2500000e+01;3.3221852e-02;8.2500000e+01;4.5816198e-02;8.2500000e+01;5.9987117e-02;8.2500000e+01;7.7028684e-02;8.2500000e+01;9.5304467e-02;8.2500000e+01;1.1444806e-01;8.2500000e+01;1.3285336e-01;8.2500000e+01;1.5228741e-01;8.2500000e+01;1.7097744e-01;8.2500000e+01;1.8634579e-01;8.2500000e+01;2.0442918e-01;8.2500000e+01;2.2619769e-01;8.2500000e+01;2.4967104e-01;8.2500000e+01;2.6978061e-01;8.2500000e+01;2.7567071e-01;8.2500000e+01;2.7321711e-01;8.2500000e+01;2.6336133e-01;8.2500000e+01;2.4822888e-01;8.2500000e+01;3.3221852e-02;8.2500000e+01;4.5816198e-02;8.2500000e+01;5.9987117e-02;8.2500000e+01;7.7028684e-02;8.2500000e+01;9.5304467e-02;8.2500000e+01;1.1444806e-01;8.2500000e+01;1.3285336e-01;8.2500000e+01;1.5228741e-01;8.2500000e+01;1.7097744e-01;8.2500000e+01;1.8634579e-01;8.2500000e+01;2.0442918e-01;8.2500000e+01;2.2619769e-01;8.2500000e+01;2.4967104e-01;8.2500000e+01;2.6978061e-01;8.2500000e+01;2.7567071e-01;8.2500000e+01;2.7321711e-01;8.2500000e+01;2.6336133e-01;8.2500000e+01;2.4822888e-01;8.2500000e+01;3.3221852e-02;8.2500000e+01;4.5816198e-02;8.2500000e+01;5.9987117e-02;8.2500000e+01;7.7028684e-02;8.2500000e+01;9.5304467e-02;8.2500000e+01;1.1444806e-01;8.2500000e+01;1.3285336e-01;8.2500000e+01;1.5228741e-01;8.2500000e+01;1.7097744e-01;8.2500000e+01;1.8634579e-01;8.2500000e+01;2.0442918e-01;8.2500000e+01;2.2619769e-01;8.2500000e+01;2.4967104e-01;8.2500000e+01;2.6978061e-01;8.2500000e+01;2.7567071e-01;8.2500000e+01;2.7321711e-01;8.2500000e+01;2.6336133e-01;8.2500000e+01;2.4822888e-01;8.2500000e+01;3.3221852e-02;8.2500000e+01;4.5816198e-02;8.2500000e+01;5.9987117e-02;8.2500000e+01;7.7028684e-02;8.2500000e+01;9.5304467e-02;8.2500000e+01;1.1444806e-01;8.2500000e+01;1.3285336e-01;8.2500000e+01;1.5228741e-01;8.2500000e+01;1.7097744e-01;8.2500000e+01;1.8634579e-01;8.2500000e+01;2.0442918e-01;8.2500000e+01;2.2619769e-01;8.2500000e+01;2.4967104e-01;8.2500000e+01;2.6978061e-01;8.2500000e+01;2.7567071e-01;8.2500000e+01;2.7321711e-01;8.2500000e+01;2.6336133e-01;8.2500000e+01;2.4822888e-01;8.2500000e+01;3.3221852e-02;8.2500000e+01;4.5816198e-02;8.2500000e+01;5.9987117e-02;8.2500000e+01;7.7028684e-02;8.2500000e+01;9.5304467e-02;8.2500000e+01;1.1444806e-01;8.2500000e+01;1.3285336e-01;8.2500000e+01;1.5228741e-01;8.2500000e+01;1.7097744e-01;8.2500000e+01;1.8634579e-01;8.2500000e+01;2.0442918e-01;8.2500000e+01;2.2619769e-01;8.2500000e+01;2.4967104e-01;8.2500000e+01;2.6978061e-01;8.2500000e+01;2.7567071e-01;8.2500000e+01;2.7321711e-01;8.2500000e+01;2.6336133e-01;8.2500000e+01;2.4822888e-01;8.2500000e+01;3.3221852e-02;8.2500000e+01;4.5816198e-02;8.2500000e+01;5.9987117e-02;8.2500000e+01;7.7028684e-02;8.2500000e+01;9.5304467e-02;8.2500000e+01;1.1444806e-01;8.2500000e+01;1.3285336e-01;8.2500000e+01;1.5228741e-01;8.2500000e+01;1.7097744e-01;8.2500000e+01;1.8634579e-01;8.2500000e+01;2.0442918e-01;8.2500000e+01;2.2619769e-01;8.2500000e+01;2.4967104e-01;8.2500000e+01;2.6978061e-01;8.2500000e+01;2.7567071e-01;8.2500000e+01;2.7321711e-01;8.2500000e+01;2.6336133e-01;8.2500000e+01;2.4822888e-01;8.2500000e+01;3.3221852e-02;8.2500000e+01;4.5816198e-02;8.2500000e+01;5.9987117e-02;8.2500000e+01;7.7028684e-02;8.2500000e+01;9.5304467e-02;8.2500000e+01;1.1444806e-01;8.2500000e+01;1.3285336e-01;8.2500000e+01;1.5228741e-01;8.2500000e+01;1.7097744e-01;8.2500000e+01;1.8634579e-01;8.2500000e+01;2.0442918e-01;8.2500000e+01;2.2619769e-01;8.2500000e+01;2.4967104e-01;8.2500000e+01;2.6978061e-01;8.2500000e+01;2.7567071e-01;8.2500000e+01;2.7321711e-01;8.2500000e+01;2.6336133e-01;8.2500000e+01;2.4822888e-01;8.2500000e+01;3.3221852e-02;8.2500000e+01;4.5816198e-02;8.2500000e+01;5.9987117e-02;8.2500000e+01;7.7028684e-02;8.2500000e+01;9.5304467e-02;8.2500000e+01;1.1444806e-01;8.2500000e+01;1.3285336e-01;8.2500000e+01;1.5228741e-01;8.2500000e+01;1.7097744e-01;8.2500000e+01;1.8634579e-01;8.2500000e+01;2.0442918e-01;8.2500000e+01;2.2619769e-01;8.2500000e+01;2.4967104e-01;8.2500000e+01;2.6978061e-01;8.2500000e+01;2.7567071e-01;8.2500000e+01;2.7321711e-01;8.2500000e+01;2.6336133e-01;8.2500000e+01;2.4822888e-01;8.2500000e+01;3.3221852e-02;8.2500000e+01;4.5816198e-02;8.2500000e+01;5.9987117e-02;8.2500000e+01;7.7028684e-02;8.2500000e+01;9.5304467e-02;8.2500000e+01;1.1444806e-01;8.2500000e+01;1.3285336e-01;8.2500000e+01;1.5228741e-01;8.2500000e+01;1.7097744e-01;8.2500000e+01;1.8634579e-01;8.2500000e+01;2.0442918e-01;8.2500000e+01;2.2619769e-01;8.2500000e+01;2.4967104e-01;8.2500000e+01;2.6978061e-01;8.2500000e+01;2.7567071e-01;8.2500000e+01;2.7321711e-01;8.2500000e+01;2.6336133e-01;8.2500000e+01;2.4822888e-01;8.2500000e+01;3.3221852e-02;8.2500000e+01;4.5816198e-02;8.2500000e+01;5.9987117e-02;8.2500000e+01;7.7028684e-02;8.2500000e+01;9.5304467e-02;8.2500000e+01;1.1444806e-01;8.2500000e+01;1.3285336e-01;8.2500000e+01;1.5228741e-01;8.2500000e+01;1.7097744e-01;8.2500000e+01;1.8634579e-01;8.2500000e+01;2.0442918e-01;8.2500000e+01;2.2619769e-01;8.2500000e+01;2.4967104e-01;8.2500000e+01;2.6978061e-01;8.2500000e+01;2.7567071e-01;8.2500000e+01;2.7321711e-01;8.2500000e+01;2.6336133e-01;8.2500000e+01;2.4822888e-01;8.2500000e+01;3.3221852e-02;8.2500000e+01;4.5816198e-02;8.2500000e+01;5.9987117e-02;8.2500000e+01;7.7028684e-02;8.2500000e+01;9.5304467e-02;8.2500000e+01;1.1444806e-01;8.2500000e+01;1.3285336e-01;8.2500000e+01;1.5228741e-01;8.2500000e+01;1.7097744e-01;8.2500000e+01;1.8634579e-01;8.2500000e+01;2.0442918e-01;8.2500000e+01;2.2619769e-01;8.2500000e+01;2.4967104e-01;8.2500000e+01;2.6978061e-01;8.2500000e+01;2.7567071e-01;8.2500000e+01;2.7321711e-01;8.2500000e+01;2.6336133e-01;8.2500000e+01;2.4822888e-01;8.2500000e+01;3.3221852e-02;8.2500000e+01;4.5816198e-02;8.2500000e+01;5.9987117e-02;8.2500000e+01;7.7028684e-02;8.2500000e+01;9.5304467e-02;8.2500000e+01;1.1444806e-01;8.2500000e+01;1.3285336e-01;8.2500000e+01;1.5228741e-01;8.2500000e+01;1.7097744e-01;8.2500000e+01;1.8634579e-01;8.2500000e+01;2.0442918e-01;8.2500000e+01;2.2619769e-01;8.2500000e+01;2.4967104e-01;8.2500000e+01;2.6978061e-01;8.2500000e+01;2.7567071e-01;8.2500000e+01;2.7321711e-01;8.2500000e+01;2.6336133e-01;8.2500000e+01;2.4822888e-01;8.2500000e+01;3.3221852e-02;8.2500000e+01;4.5816198e-02;8.2500000e+01;5.9987117e-02;8.2500000e+01;7.7028684e-02;8.2500000e+01;9.5304467e-02;8.2500000e+01;1.1444806e-01;8.2500000e+01;1.3285336e-01;8.2500000e+01;1.5228741e-01;8.2500000e+01;1.7097744e-01;8.2500000e+01;1.8634579e-01;8.2500000e+01;2.0442918e-01;8.2500000e+01;2.2619769e-01;8.2500000e+01;2.4967104e-01;8.2500000e+01;2.6978061e-01;8.2500000e+01;2.7567071e-01;8.2500000e+01;2.7321711e-01;8.2500000e+01;2.6336133e-01;8.2500000e+01;2.4822888e-01;8.2500000e+01;3.3221852e-02;8.2500000e+01;4.5816198e-02;8.2500000e+01;5.9987117e-02;8.2500000e+01;7.7028684e-02;8.2500000e+01;9.5304467e-02;8.2500000e+01;1.1444806e-01;8.2500000e+01;1.3285336e-01;8.2500000e+01;1.5228741e-01;8.2500000e+01;1.7097744e-01;8.2500000e+01;1.8634579e-01;8.2500000e+01;2.0442918e-01;8.2500000e+01;2.2619769e-01;8.2500000e+01;2.4967104e-01;8.2500000e+01;2.6978061e-01;8.2500000e+01;2.7567071e-01;8.2500000e+01;2.7321711e-01;8.2500000e+01;2.6336133e-01;8.2500000e+01;2.4822888e-01;8.2500000e+01;3.3221852e-02;8.2500000e+01;4.5816198e-02;8.2500000e+01;5.9987117e-02;8.2500000e+01;7.7028684e-02;8.2500000e+01;9.5304467e-02;8.2500000e+01;1.1444806e-01;8.2500000e+01;1.3285336e-01;8.2500000e+01;1.5228741e-01;8.2500000e+01;1.7097744e-01;8.2500000e+01;1.8634579e-01;8.2500000e+01;2.0442918e-01;8.2500000e+01;2.2619769e-01;8.2500000e+01;2.4967104e-01;8.2500000e+01;2.6978061e-01;8.2500000e+01;2.7567071e-01;8.2500000e+01;2.7321711e-01;8.2500000e+01;2.6336133e-01;8.2500000e+01;2.4822888e-01;8.2500000e+01;3.3221852e-02;8.2500000e+01;4.5816198e-02;8.2500000e+01;5.9987117e-02;8.2500000e+01;7.7028684e-02;8.2500000e+01;9.5304467e-02;8.2500000e+01;1.1444806e-01;8.2500000e+01;1.3285336e-01;8.2500000e+01;1.5228741e-01;8.2500000e+01;1.7097744e-01;8.2500000e+01;1.8634579e-01;8.2500000e+01;2.0442918e-01;8.2500000e+01;2.2619769e-01;8.2500000e+01;2.4967104e-01;8.2500000e+01;2.6978061e-01;8.2500000e+01;2.7567071e-01;8.2500000e+01;2.7321711e-01;8.2500000e+01;2.6336133e-01;8.2500000e+01;2.4822888e-01;8.2500000e+01;3.3221852e-02;8.2500000e+01;4.5816198e-02;8.2500000e+01;5.9987117e-02;8.2500000e+01;7.7028684e-02;8.2500000e+01;9.5304467e-02;8.2500000e+01;1.1444806e-01;8.2500000e+01;1.3285336e-01;8.2500000e+01;1.5228741e-01;8.2500000e+01;1.7097744e-01;8.2500000e+01;1.8634579e-01;8.2500000e+01;2.0442918e-01;8.2500000e+01;2.2619769e-01;8.2500000e+01;2.4967104e-01;8.2500000e+01;2.6978061e-01;8.2500000e+01;2.7567071e-01;8.2500000e+01;2.7321711e-01;8.2500000e+01;2.6336133e-01;8.2500000e+01;2.4822888e-01;8.2500000e+01;3.3221852e-02;8.2500000e+01;4.5816198e-02;8.2500000e+01;5.9987117e-02;8.2500000e+01;7.7028684e-02;8.2500000e+01;9.5304467e-02;8.2500000e+01;1.1444806e-01;8.2500000e+01;1.3285336e-01;8.2500000e+01;1.5228741e-01;8.2500000e+01;1.7097744e-01;8.2500000e+01;1.8634579e-01;8.2500000e+01;2.0442918e-01;8.2500000e+01;2.2619769e-01;8.2500000e+01;2.4967104e-01;8.2500000e+01;2.6978061e-01;8.2500000e+01;2.7567071e-01;8.2500000e+01;2.7321711e-01;8.2500000e+01;2.6336133e-01;8.2500000e+01;2.4822888e-01;8.2500000e+01;3.3221852e-02;8.2500000e+01;4.5816198e-02;8.2500000e+01;5.9987117e-02;8.2500000e+01;7.7028684e-02;8.2500000e+01;9.5304467e-02;8.2500000e+01;1.1444806e-01;8.2500000e+01;1.3285336e-01;8.2500000e+01;1.5228741e-01;8.2500000e+01;1.7097744e-01;8.2500000e+01;1.8634579e-01;8.2500000e+01;2.0442918e-01;8.2500000e+01;2.2619769e-01;8.2500000e+01;2.4967104e-01;8.2500000e+01;2.6978061e-01;8.2500000e+01;2.7567071e-01;8.2500000e+01;2.7321711e-01;8.2500000e+01;2.6336133e-01;8.2500000e+01;2.4822888e-01;8.2500000e+01;3.3221852e-02;8.2500000e+01;4.5816198e-02;8.2500000e+01;5.9987117e-02;8.2500000e+01;7.7028684e-02;8.2500000e+01;9.5304467e-02;8.2500000e+01;1.1444806e-01;8.2500000e+01;1.3285336e-01;8.2500000e+01;1.5228741e-01;8.2500000e+01;1.7097744e-01;8.2500000e+01;1.8634579e-01;8.2500000e+01;2.0442918e-01;8.2500000e+01;2.2619769e-01;8.2500000e+01;2.4967104e-01;8.2500000e+01;2.6978061e-01;8.2500000e+01;2.7567071e-01;8.2500000e+01;2.7321711e-01;8.2500000e+01;2.6336133e-01;8.2500000e+01;2.4822888e-01;8.2500000e+01;3.3221852e-02;8.2500000e+01;4.5816198e-02;8.2500000e+01;5.9987117e-02;8.2500000e+01;7.7028684e-02;8.2500000e+01;9.5304467e-02;8.2500000e+01;1.1444806e-01;8.2500000e+01;1.3285336e-01;8.2500000e+01;1.5228741e-01;8.2500000e+01;1.7097744e-01;8.2500000e+01;1.8634579e-01;8.2500000e+01;2.0442918e-01;8.2500000e+01;2.2619769e-01;8.2500000e+01;2.4967104e-01;8.2500000e+01;2.6978061e-01;8.2500000e+01;2.7567071e-01;8.2500000e+01;2.7321711e-01;8.2500000e+01;2.6336133e-01;8.2500000e+01;2.4822888e-01;8.2500000e+01;3.3221852e-02;8.2500000e+01;4.5816198e-02;8.2500000e+01;5.9987117e-02;8.2500000e+01;7.7028684e-02;8.2500000e+01;9.5304467e-02;8.2500000e+01;1.1444806e-01;8.2500000e+01;1.3285336e-01;8.2500000e+01;1.5228741e-01;8.2500000e+01;1.7097744e-01;8.2500000e+01;1.8634579e-01;8.2500000e+01;2.0442918e-01;8.2500000e+01;2.2619769e-01;8.2500000e+01;2.4967104e-01;8.2500000e+01;2.6978061e-01;8.2500000e+01;2.7567071e-01;8.2500000e+01;2.7321711e-01;8.2500000e+01;2.6336133e-01;8.2500000e+01;2.4822888e-01;8.2500000e+01;3.3221852e-02;8.2500000e+01;4.5816198e-02;8.2500000e+01;5.9987117e-02;8.2500000e+01;7.7028684e-02;8.2500000e+01;9.5304467e-02;8.2500000e+01;1.1444806e-01;8.2500000e+01;1.3285336e-01;8.2500000e+01;1.5228741e-01;8.2500000e+01;1.7097744e-01;8.2500000e+01;1.8634579e-01;8.2500000e+01;2.0442918e-01;8.2500000e+01;2.2619769e-01;8.2500000e+01;2.4967104e-01;8.2500000e+01;2.6978061e-01;8.2500000e+01;2.7567071e-01;8.2500000e+01;2.7321711e-01;8.2500000e+01;2.6336133e-01;8.2500000e+01;2.4822888e-01;8.2500000e+01;3.3221852e-02;8.2500000e+01;4.5816198e-02;8.2500000e+01;5.9987117e-02;8.2500000e+01;7.7028684e-02;8.2500000e+01;9.5304467e-02;8.2500000e+01;1.1444806e-01;8.2500000e+01;1.3285336e-01;8.2500000e+01;1.5228741e-01;8.2500000e+01;1.7097744e-01;8.2500000e+01;1.8634579e-01;8.2500000e+01;2.0442918e-01;8.2500000e+01;2.2619769e-01;8.2500000e+01;2.4967104e-01;8.2500000e+01;2.6978061e-01;8.2500000e+01;2.7567071e-01;8.2500000e+01;2.7321711e-01;8.2500000e+01;2.6336133e-01;8.2500000e+01;2.4822888e-01;8.2500000e+01;3.3221852e-02;8.2500000e+01;4.5816198e-02;8.2500000e+01;5.9987117e-02;8.2500000e+01;7.7028684e-02;8.2500000e+01;9.5304467e-02;8.2500000e+01;1.1444806e-01;8.2500000e+01;1.3285336e-01;8.2500000e+01;1.5228741e-01;8.2500000e+01;1.7097744e-01;8.2500000e+01;1.8634579e-01;8.2500000e+01;2.0442918e-01;8.2500000e+01;2.2619769e-01;8.2500000e+01;2.4967104e-01;8.2500000e+01;2.6978061e-01;8.2500000e+01;2.7567071e-01;8.2500000e+01;2.7321711e-01;8.2500000e+01;2.6336133e-01;8.2500000e+01;2.4822888e-01;8.2500000e+01;3.3221852e-02;8.2500000e+01;4.5816198e-02;8.2500000e+01;5.9987117e-02;8.2500000e+01;7.7028684e-02;8.2500000e+01;9.5304467e-02;8.2500000e+01;1.1444806e-01;8.2500000e+01;1.3285336e-01;8.2500000e+01;1.5228741e-01;8.2500000e+01;1.7097744e-01;8.2500000e+01;1.8634579e-01;8.2500000e+01;2.0442918e-01;8.2500000e+01;2.2619769e-01;8.2500000e+01;2.4967104e-01;8.2500000e+01;2.6978061e-01;8.2500000e+01;2.7567071e-01;8.2500000e+01;2.7321711e-01;8.2500000e+01;2.6336133e-01;8.2500000e+01;2.4822888e-01;8.2500000e+01;3.3221852e-02;8.2500000e+01;4.5816198e-02;8.2500000e+01;5.9987117e-02;8.2500000e+01;7.7028684e-02;8.2500000e+01;9.5304467e-02;8.2500000e+01;1.1444806e-01;8.2500000e+01;1.3285336e-01;8.2500000e+01;1.5228741e-01;8.2500000e+01;1.7097744e-01;8.2500000e+01;1.8634579e-01;8.2500000e+01;2.0442918e-01;8.2500000e+01;2.2619769e-01;8.2500000e+01;2.4967104e-01;8.2500000e+01;2.6978061e-01;8.2500000e+01;2.7567071e-01;8.2500000e+01;2.7321711e-01;8.2500000e+01;2.6336133e-01;8.2500000e+01;2.4822888e-01;8.2500000e+01;3.3221852e-02;8.2500000e+01;4.5816198e-02;8.2500000e+01;5.9987117e-02;8.2500000e+01;7.7028684e-02;8.2500000e+01;9.5304467e-02;8.2500000e+01;1.1444806e-01;8.2500000e+01;1.3285336e-01;8.2500000e+01;1.5228741e-01;8.2500000e+01;1.7097744e-01;8.2500000e+01;1.8634579e-01;8.2500000e+01;2.0442918e-01;8.2500000e+01;2.2619769e-01;8.2500000e+01;2.4967104e-01;8.2500000e+01;2.6978061e-01;8.2500000e+01;2.7567071e-01;8.2500000e+01;2.7321711e-01;8.2500000e+01;2.6336133e-01;8.2500000e+01;2.4822888e-01;8.2500000e+01;3.3221852e-02;8.2500000e+01;4.5816198e-02;8.2500000e+01;5.9987117e-02;8.2500000e+01;7.7028684e-02;8.2500000e+01;9.5304467e-02;8.2500000e+01;1.1444806e-01;8.2500000e+01;1.3285336e-01;8.2500000e+01;1.5228741e-01;8.2500000e+01;1.7097744e-01;8.2500000e+01;1.8634579e-01;8.2500000e+01;2.0442918e-01;8.2500000e+01;2.2619769e-01;8.2500000e+01;2.4967104e-01;8.2500000e+01;2.6978061e-01;8.2500000e+01;2.7567071e-01;8.2500000e+01;2.7321711e-01;8.2500000e+01;2.6336133e-01;8.2500000e+01;2.4822888e-01;8.2500000e+01;3.3221852e-02;8.2500000e+01;4.5816198e-02;8.2500000e+01;5.9987117e-02;8.2500000e+01;7.7028684e-02;8.2500000e+01;9.5304467e-02;8.2500000e+01;1.1444806e-01;8.2500000e+01;1.3285336e-01;8.2500000e+01;1.5228741e-01;8.2500000e+01;1.7097744e-01;8.2500000e+01;1.8634579e-01;8.2500000e+01;2.0442918e-01;8.2500000e+01;2.2619769e-01;8.2500000e+01;2.4967104e-01;8.2500000e+01;2.6978061e-01;8.2500000e+01;2.7567071e-01;8.2500000e+01;2.7321711e-01;8.2500000e+01;2.6336133e-01;8.2500000e+01;2.4822888e-01;8.2500000e+01;3.3221852e-02;8.2500000e+01;4.5816198e-02;8.2500000e+01;5.9987117e-02;8.2500000e+01;7.7028684e-02;8.2500000e+01;9.5304467e-02;8.2500000e+01;1.1444806e-01;8.2500000e+01;1.3285336e-01;8.2500000e+01;1.5228741e-01;8.2500000e+01;1.7097744e-01;8.2500000e+01;1.8634579e-01;8.2500000e+01;2.0442918e-01;8.2500000e+01;2.2619769e-01;8.2500000e+01;2.4967104e-01;8.2500000e+01;2.6978061e-01;8.2500000e+01;2.7567071e-01;8.2500000e+01;2.7321711e-01;8.2500000e+01;2.6336133e-01;8.2500000e+01;2.4822888e-01;8.2500000e+01;3.3221852e-02;8.2500000e+01;4.5816198e-02;8.2500000e+01;5.9987117e-02;8.2500000e+01;7.7028684e-02;8.2500000e+01;9.5304467e-02;8.2500000e+01;1.1444806e-01;8.2500000e+01;1.3285336e-01;8.2500000e+01;1.5228741e-01;8.2500000e+01;1.7097744e-01;8.2500000e+01;1.8634579e-01;8.2500000e+01;2.0442918e-01;8.2500000e+01;2.2619769e-01;8.2500000e+01;2.4967104e-01;8.2500000e+01;2.6978061e-01;8.2500000e+01;2.7567071e-01;8.2500000e+01;2.7321711e-01;8.2500000e+01;2.6336133e-01;8.2500000e+01;2.4822888e-01;8.2500000e+01;3.3221852e-02;8.2500000e+01;4.5816198e-02;8.2500000e+01;5.9987117e-02;8.2500000e+01;7.7028684e-02;8.2500000e+01;9.5304467e-02;8.2500000e+01;1.1444806e-01;8.2500000e+01;1.3285336e-01;8.2500000e+01;1.5228741e-01;8.2500000e+01;1.7097744e-01;8.2500000e+01;1.8634579e-01;8.2500000e+01;2.0442918e-01;8.2500000e+01;2.2619769e-01;8.2500000e+01;2.4967104e-01;8.2500000e+01;2.6978061e-01;8.2500000e+01;2.7567071e-01;8.2500000e+01;2.7321711e-01;8.2500000e+01;2.6336133e-01;8.2500000e+01;2.4822888e-01;8.2500000e+01;3.3221852e-02;8.2500000e+01;4.5816198e-02;8.2500000e+01;5.9987117e-02;8.2500000e+01;7.7028684e-02;8.2500000e+01;9.5304467e-02;8.2500000e+01;1.1444806e-01;8.2500000e+01;1.3285336e-01;8.2500000e+01;1.5228741e-01;8.2500000e+01;1.7097744e-01;8.2500000e+01;1.8634579e-01;8.2500000e+01;2.0442918e-01;8.2500000e+01;2.2619769e-01;8.2500000e+01;2.4967104e-01;8.2500000e+01;2.6978061e-01;8.2500000e+01;2.7567071e-01;8.2500000e+01;2.7321711e-01;8.2500000e+01;2.6336133e-01;8.2500000e+01;2.4822888e-01;8.2500000e+01;3.3221852e-02;8.2500000e+01;4.5816198e-02;8.2500000e+01;5.9987117e-02;8.2500000e+01;7.7028684e-02;8.2500000e+01;9.5304467e-02;8.2500000e+01;1.1444806e-01;8.2500000e+01;1.3285336e-01;8.2500000e+01;1.5228741e-01;8.2500000e+01;1.7097744e-01;8.2500000e+01;1.8634579e-01;8.2500000e+01;2.0442918e-01;8.2500000e+01;2.2619769e-01;8.2500000e+01;2.4967104e-01;8.2500000e+01;2.6978061e-01;8.2500000e+01;2.7567071e-01;8.2500000e+01;2.7321711e-01;8.2500000e+01;2.6336133e-01;8.2500000e+01;2.4822888e-01;8.2500000e+01;3.3221852e-02;8.2500000e+01;4.5816198e-02;8.2500000e+01;5.9987117e-02;8.2500000e+01;7.7028684e-02;8.2500000e+01;9.5304467e-02;8.2500000e+01;1.1444806e-01;8.2500000e+01;1.3285336e-01;8.2500000e+01;1.5228741e-01;8.2500000e+01;1.7097744e-01;8.2500000e+01;1.8634579e-01;8.2500000e+01;2.0442918e-01;8.2500000e+01;2.2619769e-01;8.2500000e+01;2.4967104e-01;8.2500000e+01;2.6978061e-01;8.2500000e+01;2.7567071e-01;8.2500000e+01;2.7321711e-01;8.2500000e+01;2.6336133e-01;8.2500000e+01;2.4822888e-01;8.2500000e+01;3.3221852e-02;8.2500000e+01;4.5816198e-02;8.2500000e+01;5.9987117e-02;8.2500000e+01;7.7028684e-02;8.2500000e+01;9.5304467e-02;8.2500000e+01;1.1444806e-01;8.2500000e+01;1.3285336e-01;8.2500000e+01;1.5228741e-01;8.2500000e+01;1.7097744e-01;8.2500000e+01;1.8634579e-01;8.2500000e+01;2.0442918e-01;8.2500000e+01;2.2619769e-01;8.2500000e+01;2.4967104e-01;8.2500000e+01;2.6978061e-01;8.2500000e+01;2.7567071e-01;8.2500000e+01;2.7321711e-01;8.2500000e+01;2.6336133e-01;8.2500000e+01;2.4822888e-01;8.2500000e+01;3.3221852e-02;8.2500000e+01;4.5816198e-02;8.2500000e+01;5.9987117e-02;8.2500000e+01;7.7028684e-02;8.2500000e+01;9.5304467e-02;8.2500000e+01;1.1444806e-01;8.2500000e+01;1.3285336e-01;8.2500000e+01;1.5228741e-01;8.2500000e+01;1.7097744e-01;8.2500000e+01;1.8634579e-01;8.2500000e+01;2.0442918e-01;8.2500000e+01;2.2619769e-01;8.2500000e+01;2.4967104e-01;8.2500000e+01;2.6978061e-01;8.2500000e+01;2.7567071e-01;8.2500000e+01;2.7321711e-01;8.2500000e+01;2.6336133e-01;8.2500000e+01;2.4822888e-01;8.2500000e+01;3.3221852e-02;8.2500000e+01;4.5816198e-02;8.2500000e+01;5.9987117e-02;8.2500000e+01;7.7028684e-02;8.2500000e+01;9.5304467e-02;8.2500000e+01;1.1444806e-01;8.2500000e+01;1.3285336e-01;8.2500000e+01;1.5228741e-01;8.2500000e+01;1.7097744e-01;8.2500000e+01;1.8634579e-01;8.2500000e+01;2.0442918e-01;8.2500000e+01;2.2619769e-01;8.2500000e+01;2.4967104e-01;8.2500000e+01;2.6978061e-01;8.2500000e+01;2.7567071e-01;8.2500000e+01;2.7321711e-01;8.2500000e+01;2.6336133e-01;8.2500000e+01;2.4822888e-01;8.2500000e+01;3.3221852e-02;8.2500000e+01;4.5816198e-02;8.2500000e+01;5.9987117e-02;8.2500000e+01;7.7028684e-02;8.2500000e+01;9.5304467e-02;8.2500000e+01;1.1444806e-01;8.2500000e+01;1.3285336e-01;8.2500000e+01;1.5228741e-01;8.2500000e+01;1.7097744e-01;8.2500000e+01;1.8634579e-01;8.2500000e+01;2.0442918e-01;8.2500000e+01;2.2619769e-01;8.2500000e+01;2.4967104e-01;8.2500000e+01;2.6978061e-01;8.2500000e+01;2.7567071e-01;8.2500000e+01;2.7321711e-01;8.2500000e+01;2.6336133e-01;8.2500000e+01;2.4822888e-01;8.2500000e+01;3.3221852e-02;8.2500000e+01;4.5816198e-02;8.2500000e+01;5.9987117e-02;8.2500000e+01;7.7028684e-02;8.2500000e+01;9.5304467e-02;8.2500000e+01;1.1444806e-01;8.2500000e+01;1.3285336e-01;8.2500000e+01;1.5228741e-01;8.2500000e+01;1.7097744e-01;8.2500000e+01;1.8634579e-01;8.2500000e+01;2.0442918e-01;8.2500000e+01;2.2619769e-01;8.2500000e+01;2.4967104e-01;8.2500000e+01;2.6978061e-01;8.2500000e+01;2.7567071e-01;8.2500000e+01;2.7321711e-01;8.2500000e+01;2.6336133e-01;8.2500000e+01;2.4822888e-01;8.2500000e+01;3.3221852e-02;8.2500000e+01;4.5816198e-02;8.2500000e+01;5.9987117e-02;8.2500000e+01;7.7028684e-02;8.2500000e+01;9.5304467e-02;8.2500000e+01;1.1444806e-01;8.2500000e+01;1.3285336e-01;8.2500000e+01;1.5228741e-01;8.2500000e+01;1.7097744e-01;8.2500000e+01;1.8634579e-01;8.2500000e+01;2.0442918e-01;8.2500000e+01;2.2619769e-01;8.2500000e+01;2.4967104e-01;8.2500000e+01;2.6978061e-01;8.2500000e+01;2.7567071e-01;8.2500000e+01;2.7321711e-01;8.2500000e+01;2.6336133e-01;8.2500000e+01;2.4822888e-01;8.2500000e+01;3.3221852e-02;8.2500000e+01;4.5816198e-02;8.2500000e+01;5.9987117e-02;8.2500000e+01;7.7028684e-02;8.2500000e+01;9.5304467e-02;8.2500000e+01;1.1444806e-01;8.2500000e+01;1.3285336e-01;8.2500000e+01;1.5228741e-01;8.2500000e+01;1.7097744e-01;8.2500000e+01;1.8634579e-01;8.2500000e+01;2.0442918e-01;8.2500000e+01;2.2619769e-01;8.2500000e+01;2.4967104e-01;8.2500000e+01;2.6978061e-01;8.2500000e+01;2.7567071e-01;8.2500000e+01;2.7321711e-01;8.2500000e+01;2.6336133e-01;8.2500000e+01;2.4822888e-01;8.2500000e+01;3.3221852e-02;8.2500000e+01;4.5816198e-02;8.2500000e+01;5.9987117e-02;8.2500000e+01;7.7028684e-02;8.2500000e+01;9.5304467e-02;8.2500000e+01;1.1444806e-01;8.2500000e+01;1.3285336e-01;8.2500000e+01;1.5228741e-01;8.2500000e+01;1.7097744e-01;8.2500000e+01;1.8634579e-01;8.2500000e+01;2.0442918e-01;8.2500000e+01;2.2619769e-01;8.2500000e+01;2.4967104e-01;8.2500000e+01;2.6978061e-01;8.2500000e+01;2.7567071e-01;8.2500000e+01;2.7321711e-01;8.2500000e+01;2.6336133e-01;8.2500000e+01;2.4822888e-01;8.2500000e+01;3.3221852e-02;8.2500000e+01;4.5816198e-02;8.2500000e+01;5.9987117e-02;8.2500000e+01;7.7028684e-02;8.2500000e+01;9.5304467e-02;8.2500000e+01;1.1444806e-01;8.2500000e+01;1.3285336e-01;8.2500000e+01;1.5228741e-01;8.2500000e+01;1.7097744e-01;8.2500000e+01;1.8634579e-01;8.2500000e+01;2.0442918e-01;8.2500000e+01;2.2619769e-01;8.2500000e+01;2.4967104e-01;8.2500000e+01;2.6978061e-01;8.2500000e+01;2.7567071e-01;8.2500000e+01;2.7321711e-01;8.2500000e+01;2.6336133e-01;8.2500000e+01;2.4822888e-01;8.2500000e+01;3.3221852e-02;8.2500000e+01;4.5816198e-02;8.2500000e+01;5.9987117e-02;8.2500000e+01;7.7028684e-02;8.2500000e+01;9.5304467e-02;8.2500000e+01;1.1444806e-01;8.2500000e+01;1.3285336e-01;8.2500000e+01;1.5228741e-01;8.2500000e+01;1.7097744e-01;8.2500000e+01;1.8634579e-01;8.2500000e+01;2.0442918e-01;8.2500000e+01;2.2619769e-01;8.2500000e+01;2.4967104e-01;8.2500000e+01;2.6978061e-01;8.2500000e+01;2.7567071e-01;8.2500000e+01;2.7321711e-01;8.2500000e+01;2.6336133e-01;8.2500000e+01;2.4822888e-01;8.2500000e+01;3.3221852e-02;8.2500000e+01;4.5816198e-02;8.2500000e+01;5.9987117e-02;8.2500000e+01;7.7028684e-02;8.2500000e+01;9.5304467e-02;8.2500000e+01;1.1444806e-01;8.2500000e+01;1.3285336e-01;8.2500000e+01;1.5228741e-01;8.2500000e+01;1.7097744e-01;8.2500000e+01;1.8634579e-01;8.2500000e+01;2.0442918e-01;8.2500000e+01;2.2619769e-01;8.2500000e+01;2.4967104e-01;8.2500000e+01;2.6978061e-01;8.2500000e+01;2.7567071e-01;8.2500000e+01;2.7321711e-01;8.2500000e+01;2.6336133e-01;8.2500000e+01;2.4822888e-01;8.2500000e+01;3.3221852e-02;8.2500000e+01;4.5816198e-02;8.2500000e+01;5.9987117e-02;8.2500000e+01;7.7028684e-02;8.2500000e+01;9.5304467e-02;8.2500000e+01;1.1444806e-01;8.2500000e+01;1.3285336e-01;8.2500000e+01;1.5228741e-01;8.2500000e+01;1.7097744e-01;8.2500000e+01;1.8634579e-01;8.2500000e+01;2.0442918e-01;8.2500000e+01;2.2619769e-01;8.2500000e+01;2.4967104e-01;8.2500000e+01;2.6978061e-01;8.2500000e+01;2.7567071e-01;8.2500000e+01;2.7321711e-01;8.2500000e+01;2.6336133e-01;8.2500000e+01;2.4822888e-01;8.2500000e+01;3.3221852e-02;8.2500000e+01;4.5816198e-02;8.2500000e+01;5.9987117e-02;8.2500000e+01;7.7028684e-02;8.2500000e+01;9.5304467e-02;8.2500000e+01;1.1444806e-01;8.2500000e+01;1.3285336e-01;8.2500000e+01;1.5228741e-01;8.2500000e+01;1.7097744e-01;8.2500000e+01;1.8634579e-01;8.2500000e+01;2.0442918e-01;8.2500000e+01;2.2619769e-01;8.2500000e+01;2.4967104e-01;8.2500000e+01;2.6978061e-01;8.2500000e+01;2.7567071e-01;8.2500000e+01;2.7321711e-01;8.2500000e+01;2.6336133e-01;8.2500000e+01;2.4822888e-01;8.2500000e+01;3.3221852e-02;8.2500000e+01;4.5816198e-02;8.2500000e+01;5.9987117e-02;8.2500000e+01;7.7028684e-02;8.2500000e+01;9.5304467e-02;8.2500000e+01;1.1444806e-01;8.2500000e+01;1.3285336e-01;8.2500000e+01;1.5228741e-01;8.2500000e+01;1.7097744e-01;8.2500000e+01;1.8634579e-01;8.2500000e+01;2.0442918e-01;8.2500000e+01;2.2619769e-01;8.2500000e+01;2.4967104e-01;8.2500000e+01;2.6978061e-01;8.2500000e+01;2.7567071e-01;8.2500000e+01;2.7321711e-01;8.2500000e+01;2.6336133e-01;8.2500000e+01;2.4822888e-01
8.7500000e+01;3.0957432e-02;8.7500000e+01;4.2300202e-02;8.7500000e+01;5.5374507e-02;8.7500000e+01;7.1348235e-02;8.7500000e+01;8.8697158e-02;8.7500000e+01;1.0652105e-01;8.7500000e+01;1.2560117e-01;8.7500000e+01;1.4488964e-01;8.7500000e+01;1.6014737e-01;8.7500000e+01;1.7342754e-01;8.7500000e+01;1.8844238e-01;8.7500000e+01;2.1210405e-01;8.7500000e+01;2.3743102e-01;8.7500000e+01;2.6215315e-01;8.7500000e+01;2.7074158e-01;8.7500000e+01;2.7028933e-01;8.7500000e+01;2.6216096e-01;8.7500000e+01;2.4841028e-01;8.7500000e+01;3.0957432e-02;8.7500000e+01;4.2300202e-02;8.7500000e+01;5.5374507e-02;8.7500000e+01;7.1348235e-02;8.7500000e+01;8.8697158e-02;8.7500000e+01;1.0652105e-01;8.7500000e+01;1.2560117e-01;8.7500000e+01;1.4488964e-01;8.7500000e+01;1.6014737e-01;8.7500000e+01;1.7342754e-01;8.7500000e+01;1.8844238e-01;8.7500000e+01;2.1210405e-01;8.7500000e+01;2.3743102e-01;8.7500000e+01;2.6215315e-01;8.7500000e+01;2.7074158e-01;8.7500000e+01;2.7028933e-01;8.7500000e+01;2.6216096e-01;8.7500000e+01;2.4841028e-01;8.7500000e+01;3.0957432e-02;8.7500000e+01;4.2300202e-02;8.7500000e+01;5.5374507e-02;8.7500000e+01;7.1348235e-02;8.7500000e+01;8.8697158e-02;8.7500000e+01;1.0652105e-01;8.7500000e+01;1.2560117e-01;8.7500000e+01;1.4488964e-01;8.7500000e+01;1.6014737e-01;8.7500000e+01;1.7342754e-01;8.7500000e+01;1.8844238e-01;8.7500000e+01;2.1210405e-01;8.7500000e+01;2.3743102e-01;8.7500000e+01;2.6215315e-01;8.7500000e+01;2.7074158e-01;8.7500000e+01;2.7028933e-01;8.7500000e+01;2.6216096e-01;8.7500000e+01;2.4841028e-01;8.7500000e+01;3.0957432e-02;8.7500000e+01;4.2300202e-02;8.7500000e+01;5.5374507e-02;8.7500000e+01;7.1348235e-02;8.7500000e+01;8.8697158e-02;8.7500000e+01;1.0652105e-01;8.7500000e+01;1.2560117e-01;8.7500000e+01;1.4488964e-01;8.7500000e+01;1.6014737e-01;8.7500000e+01;1.7342754e-01;8.7500000e+01;1.8844238e-01;8.7500000e+01;2.1210405e-01;8.7500000e+01;2.3743102e-01;8.7500000e+01;2.6215315e-01;8.7500000e+01;2.7074158e-01;8.7500000e+01;2.7028933e-01;8.7500000e+01;2.6216096e-01;8.7500000e+01;2.4841028e-01;8.7500000e+01;3.0957432e-02;8.7500000e+01;4.2300202e-02;8.7500000e+01;5.5374507e-02;8.7500000e+01;7.1348235e-02;8.7500000e+01;8.8697158e-02;8.7500000e+01;1.0652105e-01;8.7500000e+01;1.2560117e-01;8.7500000e+01;1.4488964e-01;8.7500000e+01;1.6014737e-01;8.7500000e+01;1.7342754e-01;8.7500000e+01;1.8844238e-01;8.7500000e+01;2.1210405e-01;8.7500000e+01;2.3743102e-01;8.7500000e+01;2.6215315e-01;8.7500000e+01;2.7074158e-01;8.7500000e+01;2.7028933e-01;8.7500000e+01;2.6216096e-01;8.7500000e+01;2.4841028e-01;8.7500000e+01;3.0957432e-02;8.7500000e+01;4.2300202e-02;8.7500000e+01;5.5374507e-02;8.7500000e+01;7.1348235e-02;8.7500000e+01;8.8697158e-02;8.7500000e+01;1.0652105e-01;8.7500000e+01;1.2560117e-01;8.7500000e+01;1.4488964e-01;8.7500000e+01;1.6014737e-01;8.7500000e+01;1.7342754e-01;8.7500000e+01;1.8844238e-01;8.7500000e+01;2.1210405e-01;8.7500000e+01;2.3743102e-01;8.7500000e+01;2.6215315e-01;8.7500000e+01;2.7074158e-01;8.7500000e+01;2.7028933e-01;8.7500000e+01;2.6216096e-01;8.7500000e+01;2.4841028e-01;8.7500000e+01;3.0957432e-02;8.7500000e+01;4.2300202e-02;8.7500000e+01;5.5374507e-02;8.7500000e+01;7.1348235e-02;8.7500000e+01;8.8697158e-02;8.7500000e+01;1.0652105e-01;8.7500000e+01;1.2560117e-01;8.7500000e+01;1.4488964e-01;8.7500000e+01;1.6014737e-01;8.7500000e+01;1.7342754e-01;8.7500000e+01;1.8844238e-01;8.7500000e+01;2.1210405e-01;8.7500000e+01;2.3743102e-01;8.7500000e+01;2.6215315e-01;8.7500000e+01;2.7074158e-01;8.7500000e+01;2.7028933e-01;8.7500000e+01;2.6216096e-01;8.7500000e+01;2.4841028e-01;8.7500000e+01;3.0957432e-02;8.7500000e+01;4.2300202e-02;8.7500000e+01;5.5374507e-02;8.7500000e+01;7.1348235e-02;8.7500000e+01;8.8697158e-02;8.7500000e+01;1.0652105e-01;8.7500000e+01;1.2560117e-01;8.7500000e+01;1.4488964e-01;8.7500000e+01;1.6014737e-01;8.7500000e+01;1.7342754e-01;8.7500000e+01;1.8844238e-01;8.7500000e+01;2.1210405e-01;8.7500000e+01;2.3743102e-01;8.7500000e+01;2.6215315e-01;8.7500000e+01;2.7074158e-01;8.7500000e+01;2.7028933e-01;8.7500000e+01;2.6216096e-01;8.7500000e+01;2.4841028e-01;8.7500000e+01;3.0957432e-02;8.7500000e+01;4.2300202e-02;8.7500000e+01;5.5374507e-02;8.7500000e+01;7.1348235e-02;8.7500000e+01;8.8697158e-02;8.7500000e+01;1.0652105e-01;8.7500000e+01;1.2560117e-01;8.7500000e+01;1.4488964e-01;8.7500000e+01;1.6014737e-01;8.7500000e+01;1.7342754e-01;8.7500000e+01;1.8844238e-01;8.7500000e+01;2.1210405e-01;8.7500000e+01;2.3743102e-01;8.7500000e+01;2.6215315e-01;8.7500000e+01;2.7074158e-01;8.7500000e+01;2.7028933e-01;8.7500000e+01;2.6216096e-01;8.7500000e+01;2.4841028e-01;8.7500000e+01;3.0957432e-02;8.7500000e+01;4.2300202e-02;8.7500000e+01;5.5374507e-02;8.7500000e+01;7.1348235e-02;8.7500000e+01;8.8697158e-02;8.7500000e+01;1.0652105e-01;8.7500000e+01;1.2560117e-01;8.7500000e+01;1.4488964e-01;8.7500000e+01;1.6014737e-01;8.7500000e+01;1.7342754e-01;8.7500000e+01;1.8844238e-01;8.7500000e+01;2.1210405e-01;8.7500000e+01;2.3743102e-01;8.7500000e+01;2.6215315e-01;8.7500000e+01;2.7074158e-01;8.7500000e+01;2.7028933e-01;8.7500000e+01;2.6216096e-01;8.7500000e+01;2.4841028e-01;8.7500000e+01;3.0957432e-02;8.7500000e+01;4.2300202e-02;8.7500000e+01;5.5374507e-02;8.7500000e+01;7.1348235e-02;8.7500000e+01;8.8697158e-02;8.7500000e+01;1.0652105e-01;8.7500000e+01;1.2560117e-01;8.7500000e+01;1.4488964e-01;8.7500000e+01;1.6014737e-01;8.7500000e+01;1.7342754e-01;8.7500000e+01;1.8844238e-01;8.7500000e+01;2.1210405e-01;8.7500000e+01;2.3743102e-01;8.7500000e+01;2.6215315e-01;8.7500000e+01;2.7074158e-01;8.7500000e+01;2.7028933e-01;8.7500000e+01;2.6216096e-01;8.7500000e+01;2.4841028e-01;8.7500000e+01;3.0957432e-02;8.7500000e+01;4.2300202e-02;8.7500000e+01;5.5374507e-02;8.7500000e+01;7.1348235e-02;8.7500000e+01;8.8697158e-02;8.7500000e+01;1.0652105e-01;8.7500000e+01;1.2560117e-01;8.7500000e+01;1.4488964e-01;8.7500000e+01;1.6014737e-01;8.7500000e+01;1.7342754e-01;8.7500000e+01;1.8844238e-01;8.7500000e+01;2.1210405e-01;8.7500000e+01;2.3743102e-01;8.7500000e+01;2.6215315e-01;8.7500000e+01;2.7074158e-01;8.7500000e+01;2.7028933e-01;8.7500000e+01;2.6216096e-01;8.7500000e+01;2.4841028e-01;8.7500000e+01;3.0957432e-02;8.7500000e+01;4.2300202e-02;8.7500000e+01;5.5374507e-02;8.7500000e+01;7.1348235e-02;8.7500000e+01;8.8697158e-02;8.7500000e+01;1.0652105e-01;8.7500000e+01;1.2560117e-01;8.7500000e+01;1.4488964e-01;8.7500000e+01;1.6014737e-01;8.7500000e+01;1.7342754e-01;8.7500000e+01;1.8844238e-01;8.7500000e+01;2.1210405e-01;8.7500000e+01;2.3743102e-01;8.7500000e+01;2.6215315e-01;8.7500000e+01;2.7074158e-01;8.7500000e+01;2.7028933e-01;8.7500000e+01;2.6216096e-01;8.7500000e+01;2.4841028e-01;8.7500000e+01;3.0957432e-02;8.7500000e+01;4.2300202e-02;8.7500000e+01;5.5374507e-02;8.7500000e+01;7.1348235e-02;8.7500000e+01;8.8697158e-02;8.7500000e+01;1.0652105e-01;8.7500000e+01;1.2560117e-01;8.7500000e+01;1.4488964e-01;8.7500000e+01;1.6014737e-01;8.7500000e+01;1.7342754e-01;8.7500000e+01;1.8844238e-01;8.7500000e+01;2.1210405e-01;8.7500000e+01;2.3743102e-01;8.7500000e+01;2.6215315e-01;8.7500000e+01;2.7074158e-01;8.7500000e+01;2.7028933e-01;8.7500000e+01;2.6216096e-01;8.7500000e+01;2.4841028e-01;8.7500000e+01;3.0957432e-02;8.7500000e+01;4.2300202e-02;8.7500000e+01;5.5374507e-02;8.7500000e+01;7.1348235e-02;8.7500000e+01;8.8697158e-02;8.7500000e+01;1.0652105e-01;8.7500000e+01;1.2560117e-01;8.7500000e+01;1.4488964e-01;8.7500000e+01;1.6014737e-01;8.7500000e+01;1.7342754e-01;8.7500000e+01;1.8844238e-01;8.7500000e+01;2.1210405e-01;8.7500000e+01;2.3743102e-01;8.7500000e+01;2.6215315e-01;8.7500000e+01;2.7074158e-01;8.7500000e+01;2.7028933e-01;8.7500000e+01;2.6216096e-01;8.7500000e+01;2.4841028e-01;8.7500000e+01;3.0957432e-02;8.7500000e+01;4.2300202e-02;8.7500000e+01;5.5374507e-02;8.7500000e+01;7.1348235e-02;8.7500000e+01;8.8697158e-02;8.7500000e+01;1.0652105e-01;8.7500000e+01;1.2560117e-01;8.7500000e+01;1.4488964e-01;8.7500000e+01;1.6014737e-01;8.7500000e+01;1.7342754e-01;8.7500000e+01;1.8844238e-01;8.7500000e+01;2.1210405e-01;8.7500000e+01;2.3743102e-01;8.7500000e+01;2.6215315e-01;8.7500000e+01;2.7074158e-01;8.7500000e+01;2.7028933e-01;8.7500000e+01;2.6216096e-01;8.7500000e+01;2.4841028e-01;8.7500000e+01;3.0957432e-02;8.7500000e+01;4.2300202e-02;8.7500000e+01;5.5374507e-02;8.7500000e+01;7.1348235e-02;8.7500000e+01;8.8697158e-02;8.7500000e+01;1.0652105e-01;8.7500000e+01;1.2560117e-01;8.7500000e+01;1.4488964e-01;8.7500000e+01;1.6014737e-01;8.7500000e+01;1.7342754e-01;8.7500000e+01;1.8844238e-01;8.7500000e+01;2.1210405e-01;8.7500000e+01;2.3743102e-01;8.7500000e+01;2.6215315e-01;8.7500000e+01;2.7074158e-01;8.7500000e+01;2.7028933e-01;8.7500000e+01;2.6216096e-01;8.7500000e+01;2.4841028e-01;8.7500000e+01;3.0957432e-02;8.7500000e+01;4.2300202e-02;8.7500000e+01;5.5374507e-02;8.7500000e+01;7.1348235e-02;8.7500000e+01;8.8697158e-02;8.7500000e+01;1.0652105e-01;8.7500000e+01;1.2560117e-01;8.7500000e+01;1.4488964e-01;8.7500000e+01;1.6014737e-01;8.7500000e+01;1.7342754e-01;8.7500000e+01;1.8844238e-01;8.7500000e+01;2.1210405e-01;8.7500000e+01;2.3743102e-01;8.7500000e+01;2.6215315e-01;8.7500000e+01;2.7074158e-01;8.7500000e+01;2.7028933e-01;8.7500000e+01;2.6216096e-01;8.7500000e+01;2.4841028e-01;8.7500000e+01;3.0957432e-02;8.7500000e+01;4.2300202e-02;8.7500000e+01;5.5374507e-02;8.7500000e+01;7.1348235e-02;8.7500000e+01;8.8697158e-02;8.7500000e+01;1.0652105e-01;8.7500000e+01;1.2560117e-01;8.7500000e+01;1.4488964e-01;8.7500000e+01;1.6014737e-01;8.7500000e+01;1.7342754e-01;8.7500000e+01;1.8844238e-01;8.7500000e+01;2.1210405e-01;8.7500000e+01;2.3743102e-01;8.7500000e+01;2.6215315e-01;8.7500000e+01;2.7074158e-01;8.7500000e+01;2.7028933e-01;8.7500000e+01;2.6216096e-01;8.7500000e+01;2.4841028e-01;8.7500000e+01;3.0957432e-02;8.7500000e+01;4.2300202e-02;8.7500000e+01;5.5374507e-02;8.7500000e+01;7.1348235e-02;8.7500000e+01;8.8697158e-02;8.7500000e+01;1.0652105e-01;8.7500000e+01;1.2560117e-01;8.7500000e+01;1.4488964e-01;8.7500000e+01;1.6014737e-01;8.7500000e+01;1.7342754e-01;8.7500000e+01;1.8844238e-01;8.7500000e+01;2.1210405e-01;8.7500000e+01;2.3743102e-01;8.7500000e+01;2.6215315e-01;8.7500000e+01;2.7074158e-01;8.7500000e+01;2.7028933e-01;8.7500000e+01;2.6216096e-01;8.7500000e+01;2.4841028e-01;8.7500000e+01;3.0957432e-02;8.7500000e+01;4.2300202e-02;8.7500000e+01;5.5374507e-02;8.7500000e+01;7.1348235e-02;8.7500000e+01;8.8697158e-02;8.7500000e+01;1.0652105e-01;8.7500000e+01;1.2560117e-01;8.7500000e+01;1.4488964e-01;8.7500000e+01;1.6014737e-01;8.7500000e+01;1.7342754e-01;8.7500000e+01;1.8844238e-01;8.7500000e+01;2.1210405e-01;8.7500000e+01;2.3743102e-01;8.7500000e+01;2.6215315e-01;8.7500000e+01;2.7074158e-01;8.7500000e+01;2.7028933e-01;8.7500000e+01;2.6216096e-01;8.7500000e+01;2.4841028e-01;8.7500000e+01;3.0957432e-02;8.7500000e+01;4.2300202e-02;8.7500000e+01;5.5374507e-02;8.7500000e+01;7.1348235e-02;8.7500000e+01;8.8697158e-02;8.7500000e+01;1.0652105e-01;8.7500000e+01;1.2560117e-01;8.7500000e+01;1.4488964e-01;8.7500000e+01;1.6014737e-01;8.7500000e+01;1.7342754e-01;8.7500000e+01;1.8844238e-01;8.7500000e+01;2.1210405e-01;8.7500000e+01;2.3743102e-01;8.7500000e+01;2.6215315e-01;8.7500000e+01;2.7074158e-01;8.7500000e+01;2.7028933e-01;8.7500000e+01;2.6216096e-01;8.7500000e+01;2.4841028e-01;8.7500000e+01;3.0957432e-02;8.7500000e+01;4.2300202e-02;8.7500000e+01;5.5374507e-02;8.7500000e+01;7.1348235e-02;8.7500000e+01;8.8697158e-02;8.7500000e+01;1.0652105e-01;8.7500000e+01;1.2560117e-01;8.7500000e+01;1.4488964e-01;8.7500000e+01;1.6014737e-01;8.7500000e+01;1.7342754e-01;8.7500000e+01;1.8844238e-01;8.7500000e+01;2.1210405e-01;8.7500000e+01;2.3743102e-01;8.7500000e+01;2.6215315e-01;8.7500000e+01;2.7074158e-01;8.7500000e+01;2.7028933e-01;8.7500000e+01;2.6216096e-01;8.7500000e+01;2.4841028e-01;8.7500000e+01;3.0957432e-02;8.7500000e+01;4.2300202e-02;8.7500000e+01;5.5374507e-02;8.7500000e+01;7.1348235e-02;8.7500000e+01;8.8697158e-02;8.7500000e+01;1.0652105e-01;8.7500000e+01;1.2560117e-01;8.7500000e+01;1.4488964e-01;8.7500000e+01;1.6014737e-01;8.7500000e+01;1.7342754e-01;8.7500000e+01;1.8844238e-01;8.7500000e+01;2.1210405e-01;8.7500000e+01;2.3743102e-01;8.7500000e+01;2.6215315e-01;8.7500000e+01;2.7074158e-01;8.7500000e+01;2.7028933e-01;8.7500000e+01;2.6216096e-01;8.7500000e+01;2.4841028e-01;8.7500000e+01;3.0957432e-02;8.7500000e+01;4.2300202e-02;8.7500000e+01;5.5374507e-02;8.7500000e+01;7.1348235e-02;8.7500000e+01;8.8697158e-02;8.7500000e+01;1.0652105e-01;8.7500000e+01;1.2560117e-01;8.7500000e+01;1.4488964e-01;8.7500000e+01;1.6014737e-01;8.7500000e+01;1.7342754e-01;8.7500000e+01;1.8844238e-01;8.7500000e+01;2.1210405e-01;8.7500000e+01;2.3743102e-01;8.7500000e+01;2.6215315e-01;8.7500000e+01;2.7074158e-01;8.7500000e+01;2.7028933e-01;8.7500000e+01;2.6216096e-01;8.7500000e+01;2.4841028e-01;8.7500000e+01;3.0957432e-02;8.7500000e+01;4.2300202e-02;8.7500000e+01;5.5374507e-02;8.7500000e+01;7.1348235e-02;8.7500000e+01;8.8697158e-02;8.7500000e+01;1.0652105e-01;8.7500000e+01;1.2560117e-01;8.7500000e+01;1.4488964e-01;8.7500000e+01;1.6014737e-01;8.7500000e+01;1.7342754e-01;8.7500000e+01;1.8844238e-01;8.7500000e+01;2.1210405e-01;8.7500000e+01;2.3743102e-01;8.7500000e+01;2.6215315e-01;8.7500000e+01;2.7074158e-01;8.7500000e+01;2.7028933e-01;8.7500000e+01;2.6216096e-01;8.7500000e+01;2.4841028e-01;8.7500000e+01;3.0957432e-02;8.7500000e+01;4.2300202e-02;8.7500000e+01;5.5374507e-02;8.7500000e+01;7.1348235e-02;8.7500000e+01;8.8697158e-02;8.7500000e+01;1.0652105e-01;8.7500000e+01;1.2560117e-01;8.7500000e+01;1.4488964e-01;8.7500000e+01;1.6014737e-01;8.7500000e+01;1.7342754e-01;8.7500000e+01;1.8844238e-01;8.7500000e+01;2.1210405e-01;8.7500000e+01;2.3743102e-01;8.7500000e+01;2.6215315e-01;8.7500000e+01;2.7074158e-01;8.7500000e+01;2.7028933e-01;8.7500000e+01;2.6216096e-01;8.7500000e+01;2.4841028e-01;8.7500000e+01;3.0957432e-02;8.7500000e+01;4.2300202e-02;8.7500000e+01;5.5374507e-02;8.7500000e+01;7.1348235e-02;8.7500000e+01;8.8697158e-02;8.7500000e+01;1.0652105e-01;8.7500000e+01;1.2560117e-01;8.7500000e+01;1.4488964e-01;8.7500000e+01;1.6014737e-01;8.7500000e+01;1.7342754e-01;8.7500000e+01;1.8844238e-01;8.7500000e+01;2.1210405e-01;8.7500000e+01;2.3743102e-01;8.7500000e+01;2.6215315e-01;8.7500000e+01;2.7074158e-01;8.7500000e+01;2.7028933e-01;8.7500000e+01;2.6216096e-01;8.7500000e+01;2.4841028e-01;8.7500000e+01;3.0957432e-02;8.7500000e+01;4.2300202e-02;8.7500000e+01;5.5374507e-02;8.7500000e+01;7.1348235e-02;8.7500000e+01;8.8697158e-02;8.7500000e+01;1.0652105e-01;8.7500000e+01;1.2560117e-01;8.7500000e+01;1.4488964e-01;8.7500000e+01;1.6014737e-01;8.7500000e+01;1.7342754e-01;8.7500000e+01;1.8844238e-01;8.7500000e+01;2.1210405e-01;8.7500000e+01;2.3743102e-01;8.7500000e+01;2.6215315e-01;8.7500000e+01;2.7074158e-01;8.7500000e+01;2.7028933e-01;8.7500000e+01;2.6216096e-01;8.7500000e+01;2.4841028e-01;8.7500000e+01;3.0957432e-02;8.7500000e+01;4.2300202e-02;8.7500000e+01;5.5374507e-02;8.7500000e+01;7.1348235e-02;8.7500000e+01;8.8697158e-02;8.7500000e+01;1.0652105e-01;8.7500000e+01;1.2560117e-01;8.7500000e+01;1.4488964e-01;8.7500000e+01;1.6014737e-01;8.7500000e+01;1.7342754e-01;8.7500000e+01;1.8844238e-01;8.7500000e+01;2.1210405e-01;8.7500000e+01;2.3743102e-01;8.7500000e+01;2.6215315e-01;8.7500000e+01;2.7074158e-01;8.7500000e+01;2.7028933e-01;8.7500000e+01;2.6216096e-01;8.7500000e+01;2.4841028e-01;8.7500000e+01;3.0957432e-02;8.7500000e+01;4.2300202e-02;8.7500000e+01;5.5374507e-02;8.7500000e+01;7.1348235e-02;8.7500000e+01;8.8697158e-02;8.7500000e+01;1.0652105e-01;8.7500000e+01;1.2560117e-01;8.7500000e+01;1.4488964e-01;8.7500000e+01;1.6014737e-01;8.7500000e+01;1.7342754e-01;8.7500000e+01;1.8844238e-01;8.7500000e+01;2.1210405e-01;8.7500000e+01;2.3743102e-01;8.7500000e+01;2.6215315e-01;8.7500000e+01;2.7074158e-01;8.7500000e+01;2.7028933e-01;8.7500000e+01;2.6216096e-01;8.7500000e+01;2.4841028e-01;8.7500000e+01;3.0957432e-02;8.7500000e+01;4.2300202e-02;8.7500000e+01;5.5374507e-02;8.7500000e+01;7.1348235e-02;8.7500000e+01;8.8697158e-02;8.7500000e+01;1.0652105e-01;8.7500000e+01;1.2560117e-01;8.7500000e+01;1.4488964e-01;8.7500000e+01;1.6014737e-01;8.7500000e+01;1.7342754e-01;8.7500000e+01;1.8844238e-01;8.7500000e+01;2.1210405e-01;8.7500000e+01;2.3743102e-01;8.7500000e+01;2.6215315e-01;8.7500000e+01;2.7074158e-01;8.7500000e+01;2.7028933e-01;8.7500000e+01;2.6216096e-01;8.7500000e+01;2.4841028e-01;8.7500000e+01;3.0957432e-02;8.7500000e+01;4.2300202e-02;8.7500000e+01;5.5374507e-02;8.7500000e+01;7.1348235e-02;8.7500000e+01;8.8697158e-02;8.7500000e+01;1.0652105e-01;8.7500000e+01;1.2560117e-01;8.7500000e+01;1.4488964e-01;8.7500000e+01;1.6014737e-01;8.7500000e+01;1.7342754e-01;8.7500000e+01;1.8844238e-01;8.7500000e+01;2.1210405e-01;8.7500000e+01;2.3743102e-01;8.7500000e+01;2.6215315e-01;8.7500000e+01;2.7074158e-01;8.7500000e+01;2.7028933e-01;8.7500000e+01;2.6216096e-01;8.7500000e+01;2.4841028e-01;8.7500000e+01;3.0957432e-02;8.7500000e+01;4.2300202e-02;8.7500000e+01;5.5374507e-02;8.7500000e+01;7.1348235e-02;8.7500000e+01;8.8697158e-02;8.7500000e+01;1.0652105e-01;8.7500000e+01;1.2560117e-01;8.7500000e+01;1.4488964e-01;8.7500000e+01;1.6014737e-01;8.7500000e+01;1.7342754e-01;8.7500000e+01;1.8844238e-01;8.7500000e+01;2.1210405e-01;8.7500000e+01;2.3743102e-01;8.7500000e+01;2.6215315e-01;8.7500000e+01;2.7074158e-01;8.7500000e+01;2.7028933e-01;8.7500000e+01;2.6216096e-01;8.7500000e+01;2.4841028e-01;8.7500000e+01;3.0957432e-02;8.7500000e+01;4.2300202e-02;8.7500000e+01;5.5374507e-02;8.7500000e+01;7.1348235e-02;8.7500000e+01;8.8697158e-02;8.7500000e+01;1.0652105e-01;8.7500000e+01;1.2560117e-01;8.7500000e+01;1.4488964e-01;8.7500000e+01;1.6014737e-01;8.7500000e+01;1.7342754e-01;8.7500000e+01;1.8844238e-01;8.7500000e+01;2.1210405e-01;8.7500000e+01;2.3743102e-01;8.7500000e+01;2.6215315e-01;8.7500000e+01;2.7074158e-01;8.7500000e+01;2.7028933e-01;8.7500000e+01;2.6216096e-01;8.7500000e+01;2.4841028e-01;8.7500000e+01;3.0957432e-02;8.7500000e+01;4.2300202e-02;8.7500000e+01;5.5374507e-02;8.7500000e+01;7.1348235e-02;8.7500000e+01;8.8697158e-02;8.7500000e+01;1.0652105e-01;8.7500000e+01;1.2560117e-01;8.7500000e+01;1.4488964e-01;8.7500000e+01;1.6014737e-01;8.7500000e+01;1.7342754e-01;8.7500000e+01;1.8844238e-01;8.7500000e+01;2.1210405e-01;8.7500000e+01;2.3743102e-01;8.7500000e+01;2.6215315e-01;8.7500000e+01;2.7074158e-01;8.7500000e+01;2.7028933e-01;8.7500000e+01;2.6216096e-01;8.7500000e+01;2.4841028e-01;8.7500000e+01;3.0957432e-02;8.7500000e+01;4.2300202e-02;8.7500000e+01;5.5374507e-02;8.7500000e+01;7.1348235e-02;8.7500000e+01;8.8697158e-02;8.7500000e+01;1.0652105e-01;8.7500000e+01;1.2560117e-01;8.7500000e+01;1.4488964e-01;8.7500000e+01;1.6014737e-01;8.7500000e+01;1.7342754e-01;8.7500000e+01;1.8844238e-01;8.7500000e+01;2.1210405e-01;8.7500000e+01;2.3743102e-01;8.7500000e+01;2.6215315e-01;8.7500000e+01;2.7074158e-01;8.7500000e+01;2.7028933e-01;8.7500000e+01;2.6216096e-01;8.7500000e+01;2.4841028e-01;8.7500000e+01;3.0957432e-02;8.7500000e+01;4.2300202e-02;8.7500000e+01;5.5374507e-02;8.7500000e+01;7.1348235e-02;8.7500000e+01;8.8697158e-02;8.7500000e+01;1.0652105e-01;8.7500000e+01;1.2560117e-01;8.7500000e+01;1.4488964e-01;8.7500000e+01;1.6014737e-01;8.7500000e+01;1.7342754e-01;8.7500000e+01;1.8844238e-01;8.7500000e+01;2.1210405e-01;8.7500000e+01;2.3743102e-01;8.7500000e+01;2.6215315e-01;8.7500000e+01;2.7074158e-01;8.7500000e+01;2.7028933e-01;8.7500000e+01;2.6216096e-01;8.7500000e+01;2.4841028e-01;8.7500000e+01;3.0957432e-02;8.7500000e+01;4.2300202e-02;8.7500000e+01;5.5374507e-02;8.7500000e+01;7.1348235e-02;8.7500000e+01;8.8697158e-02;8.7500000e+01;1.0652105e-01;8.7500000e+01;1.2560117e-01;8.7500000e+01;1.4488964e-01;8.7500000e+01;1.6014737e-01;8.7500000e+01;1.7342754e-01;8.7500000e+01;1.8844238e-01;8.7500000e+01;2.1210405e-01;8.7500000e+01;2.3743102e-01;8.7500000e+01;2.6215315e-01;8.7500000e+01;2.7074158e-01;8.7500000e+01;2.7028933e-01;8.7500000e+01;2.6216096e-01;8.7500000e+01;2.4841028e-01;8.7500000e+01;3.0957432e-02;8.7500000e+01;4.2300202e-02;8.7500000e+01;5.5374507e-02;8.7500000e+01;7.1348235e-02;8.7500000e+01;8.8697158e-02;8.7500000e+01;1.0652105e-01;8.7500000e+01;1.2560117e-01;8.7500000e+01;1.4488964e-01;8.7500000e+01;1.6014737e-01;8.7500000e+01;1.7342754e-01;8.7500000e+01;1.8844238e-01;8.7500000e+01;2.1210405e-01;8.7500000e+01;2.3743102e-01;8.7500000e+01;2.6215315e-01;8.7500000e+01;2.7074158e-01;8.7500000e+01;2.7028933e-01;8.7500000e+01;2.6216096e-01;8.7500000e+01;2.4841028e-01;8.7500000e+01;3.0957432e-02;8.7500000e+01;4.2300202e-02;8.7500000e+01;5.5374507e-02;8.7500000e+01;7.1348235e-02;8.7500000e+01;8.8697158e-02;8.7500000e+01;1.0652105e-01;8.7500000e+01;1.2560117e-01;8.7500000e+01;1.4488964e-01;8.7500000e+01;1.6014737e-01;8.7500000e+01;1.7342754e-01;8.7500000e+01;1.8844238e-01;8.7500000e+01;2.1210405e-01;8.7500000e+01;2.3743102e-01;8.7500000e+01;2.6215315e-01;8.7500000e+01;2.7074158e-01;8.7500000e+01;2.7028933e-01;8.7500000e+01;2.6216096e-01;8.7500000e+01;2.4841028e-01;8.7500000e+01;3.0957432e-02;8.7500000e+01;4.2300202e-02;8.7500000e+01;5.5374507e-02;8.7500000e+01;7.1348235e-02;8.7500000e+01;8.8697158e-02;8.7500000e+01;1.0652105e-01;8.7500000e+01;1.2560117e-01;8.7500000e+01;1.4488964e-01;8.7500000e+01;1.6014737e-01;8.7500000e+01;1.7342754e-01;8.7500000e+01;1.8844238e-01;8.7500000e+01;2.1210405e-01;8.7500000e+01;2.3743102e-01;8.7500000e+01;2.6215315e-01;8.7500000e+01;2.7074158e-01;8.7500000e+01;2.7028933e-01;8.7500000e+01;2.6216096e-01;8.7500000e+01;2.4841028e-01;8.7500000e+01;3.0957432e-02;8.7500000e+01;4.2300202e-02;8.7500000e+01;5.5374507e-02;8.7500000e+01;7.1348235e-02;8.7500000e+01;8.8697158e-02;8.7500000e+01;1.0652105e-01;8.7500000e+01;1.2560117e-01;8.7500000e+01;1.4488964e-01;8.7500000e+01;1.6014737e-01;8.7500000e+01;1.7342754e-01;8.7500000e+01;1.8844238e-01;8.7500000e+01;2.1210405e-01;8.7500000e+01;2.3743102e-01;8.7500000e+01;2.6215315e-01;8.7500000e+01;2.7074158e-01;8.7500000e+01;2.7028933e-01;8.7500000e+01;2.6216096e-01;8.7500000e+01;2.4841028e-01;8.7500000e+01;3.0957432e-02;8.7500000e+01;4.2300202e-02;8.7500000e+01;5.5374507e-02;8.7500000e+01;7.1348235e-02;8.7500000e+01;8.8697158e-02;8.7500000e+01;1.0652105e-01;8.7500000e+01;1.2560117e-01;8.7500000e+01;1.4488964e-01;8.7500000e+01;1.6014737e-01;8.7500000e+01;1.7342754e-01;8.7500000e+01;1.8844238e-01;8.7500000e+01;2.1210405e-01;8.7500000e+01;2.3743102e-01;8.7500000e+01;2.6215315e-01;8.7500000e+01;2.7074158e-01;8.7500000e+01;2.7028933e-01;8.7500000e+01;2.6216096e-01;8.7500000e+01;2.4841028e-01;8.7500000e+01;3.0957432e-02;8.7500000e+01;4.2300202e-02;8.7500000e+01;5.5374507e-02;8.7500000e+01;7.1348235e-02;8.7500000e+01;8.8697158e-02;8.7500000e+01;1.0652105e-01;8.7500000e+01;1.2560117e-01;8.7500000e+01;1.4488964e-01;8.7500000e+01;1.6014737e-01;8.7500000e+01;1.7342754e-01;8.7500000e+01;1.8844238e-01;8.7500000e+01;2.1210405e-01;8.7500000e+01;2.3743102e-01;8.7500000e+01;2.6215315e-01;8.7500000e+01;2.7074158e-01;8.7500000e+01;2.7028933e-01;8.7500000e+01;2.6216096e-01;8.7500000e+01;2.4841028e-01;8.7500000e+01;3.0957432e-02;8.7500000e+01;4.2300202e-02;8.7500000e+01;5.5374507e-02;8.7500000e+01;7.1348235e-02;8.7500000e+01;8.8697158e-02;8.7500000e+01;1.0652105e-01;8.7500000e+01;1.2560117e-01;8.7500000e+01;1.4488964e-01;8.7500000e+01;1.6014737e-01;8.7500000e+01;1.7342754e-01;8.7500000e+01;1.8844238e-01;8.7500000e+01;2.1210405e-01;8.7500000e+01;2.3743102e-01;8.7500000e+01;2.6215315e-01;8.7500000e+01;2.7074158e-01;8.7500000e+01;2.7028933e-01;8.7500000e+01;2.6216096e-01;8.7500000e+01;2.4841028e-01;8.7500000e+01;3.0957432e-02;8.7500000e+01;4.2300202e-02;8.7500000e+01;5.5374507e-02;8.7500000e+01;7.1348235e-02;8.7500000e+01;8.8697158e-02;8.7500000e+01;1.0652105e-01;8.7500000e+01;1.2560117e-01;8.7500000e+01;1.4488964e-01;8.7500000e+01;1.6014737e-01;8.7500000e+01;1.7342754e-01;8.7500000e+01;1.8844238e-01;8.7500000e+01;2.1210405e-01;8.7500000e+01;2.3743102e-01;8.7500000e+01;2.6215315e-01;8.7500000e+01;2.7074158e-01;8.7500000e+01;2.7028933e-01;8.7500000e+01;2.6216096e-01;8.7500000e+01;2.4841028e-01;8.7500000e+01;3.0957432e-02;8.7500000e+01;4.2300202e-02;8.7500000e+01;5.5374507e-02;8.7500000e+01;7.1348235e-02;8.7500000e+01;8.8697158e-02;8.7500000e+01;1.0652105e-01;8.7500000e+01;1.2560117e-01;8.7500000e+01;1.4488964e-01;8.7500000e+01;1.6014737e-01;8.7500000e+01;1.7342754e-01;8.7500000e+01;1.8844238e-01;8.7500000e+01;2.1210405e-01;8.7500000e+01;2.3743102e-01;8.7500000e+01;2.6215315e-01;8.7500000e+01;2.7074158e-01;8.7500000e+01;2.7028933e-01;8.7500000e+01;2.6216096e-01;8.7500000e+01;2.4841028e-01;8.7500000e+01;3.0957432e-02;8.7500000e+01;4.2300202e-02;8.7500000e+01;5.5374507e-02;8.7500000e+01;7.1348235e-02;8.7500000e+01;8.8697158e-02;8.7500000e+01;1.0652105e-01;8.7500000e+01;1.2560117e-01;8.7500000e+01;1.4488964e-01;8.7500000e+01;1.6014737e-01;8.7500000e+01;1.7342754e-01;8.7500000e+01;1.8844238e-01;8.7500000e+01;2.1210405e-01;8.7500000e+01;2.3743102e-01;8.7500000e+01;2.6215315e-01;8.7500000e+01;2.7074158e-01;8.7500000e+01;2.7028933e-01;8.7500000e+01;2.6216096e-01;8.7500000e+01;2.4841028e-01;8.7500000e+01;3.0957432e-02;8.7500000e+01;4.2300202e-02;8.7500000e+01;5.5374507e-02;8.7500000e+01;7.1348235e-02;8.7500000e+01;8.8697158e-02;8.7500000e+01;1.0652105e-01;8.7500000e+01;1.2560117e-01;8.7500000e+01;1.4488964e-01;8.7500000e+01;1.6014737e-01;8.7500000e+01;1.7342754e-01;8.7500000e+01;1.8844238e-01;8.7500000e+01;2.1210405e-01;8.7500000e+01;2.3743102e-01;8.7500000e+01;2.6215315e-01;8.7500000e+01;2.7074158e-01;8.7500000e+01;2.7028933e-01;8.7500000e+01;2.6216096e-01;8.7500000e+01;2.4841028e-01;8.7500000e+01;3.0957432e-02;8.7500000e+01;4.2300202e-02;8.7500000e+01;5.5374507e-02;8.7500000e+01;7.1348235e-02;8.7500000e+01;8.8697158e-02;8.7500000e+01;1.0652105e-01;8.7500000e+01;1.2560117e-01;8.7500000e+01;1.4488964e-01;8.7500000e+01;1.6014737e-01;8.7500000e+01;1.7342754e-01;8.7500000e+01;1.8844238e-01;8.7500000e+01;2.1210405e-01;8.7500000e+01;2.3743102e-01;8.7500000e+01;2.6215315e-01;8.7500000e+01;2.7074158e-01;8.7500000e+01;2.7028933e-01;8.7500000e+01;2.6216096e-01;8.7500000e+01;2.4841028e-01;8.7500000e+01;3.0957432e-02;8.7500000e+01;4.2300202e-02;8.7500000e+01;5.5374507e-02;8.7500000e+01;7.1348235e-02;8.7500000e+01;8.8697158e-02;8.7500000e+01;1.0652105e-01;8.7500000e+01;1.2560117e-01;8.7500000e+01;1.4488964e-01;8.7500000e+01;1.6014737e-01;8.7500000e+01;1.7342754e-01;8.7500000e+01;1.8844238e-01;8.7500000e+01;2.1210405e-01;8.7500000e+01;2.3743102e-01;8.7500000e+01;2.6215315e-01;8.7500000e+01;2.7074158e-01;8.7500000e+01;2.7028933e-01;8.7500000e+01;2.6216096e-01;8.7500000e+01;2.4841028e-01;8.7500000e+01;3.0957432e-02;8.7500000e+01;4.2300202e-02;8.7500000e+01;5.5374507e-02;8.7500000e+01;7.1348235e-02;8.7500000e+01;8.8697158e-02;8.7500000e+01;1.0652105e-01;8.7500000e+01;1.2560117e-01;8.7500000e+01;1.4488964e-01;8.7500000e+01;1.6014737e-01;8.7500000e+01;1.7342754e-01;8.7500000e+01;1.8844238e-01;8.7500000e+01;2.1210405e-01;8.7500000e+01;2.3743102e-01;8.7500000e+01;2.6215315e-01;8.7500000e+01;2.7074158e-01;8.7500000e+01;2.7028933e-01;8.7500000e+01;2.6216096e-01;8.7500000e+01;2.4841028e-01;8.7500000e+01;3.0957432e-02;8.7500000e+01;4.2300202e-02;8.7500000e+01;5.5374507e-02;8.7500000e+01;7.1348235e-02;8.7500000e+01;8.8697158e-02;8.7500000e+01;1.0652105e-01;8.7500000e+01;1.2560117e-01;8.7500000e+01;1.4488964e-01;8.7500000e+01;1.6014737e-01;8.7500000e+01;1.7342754e-01;8.7500000e+01;1.8844238e-01;8.7500000e+01;2.1210405e-01;8.7500000e+01;2.3743102e-01;8.7500000e+01;2.6215315e-01;8.7500000e+01;2.7074158e-01;8.7500000e+01;2.7028933e-01;8.7500000e+01;2.6216096e-01;8.7500000e+01;2.4841028e-01;8.7500000e+01;3.0957432e-02;8.7500000e+01;4.2300202e-02;8.7500000e+01;5.5374507e-02;8.7500000e+01;7.1348235e-02;8.7500000e+01;8.8697158e-02;8.7500000e+01;1.0652105e-01;8.7500000e+01;1.2560117e-01;8.7500000e+01;1.4488964e-01;8.7500000e+01;1.6014737e-01;8.7500000e+01;1.7342754e-01;8.7500000e+01;1.8844238e-01;8.7500000e+01;2.1210405e-01;8.7500000e+01;2.3743102e-01;8.7500000e+01;2.6215315e-01;8.7500000e+01;2.7074158e-01;8.7500000e+01;2.7028933e-01;8.7500000e+01;2.6216096e-01;8.7500000e+01;2.4841028e-01;8.7500000e+01;3.0957432e-02;8.7500000e+01;4.2300202e-02;8.7500000e+01;5.5374507e-02;8.7500000e+01;7.1348235e-02;8.7500000e+01;8.8697158e-02;8.7500000e+01;1.0652105e-01;8.7500000e+01;1.2560117e-01;8.7500000e+01;1.4488964e-01;8.7500000e+01;1.6014737e-01;8.7500000e+01;1.7342754e-01;8.7500000e+01;1.8844238e-01;8.7500000e+01;2.1210405e-01;8.7500000e+01;2.3743102e-01;8.7500000e+01;2.6215315e-01;8.7500000e+01;2.7074158e-01;8.7500000e+01;2.7028933e-01;8.7500000e+01;2.6216096e-01;8.7500000e+01;2.4841028e-01;8.7500000e+01;3.0957432e-02;8.7500000e+01;4.2300202e-02;8.7500000e+01;5.5374507e-02;8.7500000e+01;7.1348235e-02;8.7500000e+01;8.8697158e-02;8.7500000e+01;1.0652105e-01;8.7500000e+01;1.2560117e-01;8.7500000e+01;1.4488964e-01;8.7500000e+01;1.6014737e-01;8.7500000e+01;1.7342754e-01;8.7500000e+01;1.8844238e-01;8.7500000e+01;2.1210405e-01;8.7500000e+01;2.3743102e-01;8.7500000e+01;2.6215315e-01;8.7500000e+01;2.7074158e-01;8.7500000e+01;2.7028933e-01;8.7500000e+01;2.6216096e-01;8.7500000e+01;2.4841028e-01;8.7500000e+01;3.0957432e-02;8.7500000e+01;4.2300202e-02;8.7500000e+01;5.5374507e-02;8.7500000e+01;7.1348235e-02;8.7500000e+01;8.8697158e-02;8.7500000e+01;1.0652105e-01;8.7500000e+01;1.2560117e-01;8.7500000e+01;1.4488964e-01;8.7500000e+01;1.6014737e-01;8.7500000e+01;1.7342754e-01;8.7500000e+01;1.8844238e-01;8.7500000e+01;2.1210405e-01;8.7500000e+01;2.3743102e-01;8.7500000e+01;2.6215315e-01;8.7500000e+01;2.7074158e-01;8.7500000e+01;2.7028933e-01;8.7500000e+01;2.6216096e-01;8.7500000e+01;2.4841028e-01;8.7500000e+01;3.0957432e-02;8.7500000e+01;4.2300202e-02;8.7500000e+01;5.5374507e-02;8.7500000e+01;7.1348235e-02;8.7500000e+01;8.8697158e-02;8.7500000e+01;1.0652105e-01;8.7500000e+01;1.2560117e-01;8.7500000e+01;1.4488964e-01;8.7500000e+01;1.6014737e-01;8.7500000e+01;1.7342754e-01;8.7500000e+01;1.8844238e-01;8.7500000e+01;2.1210405e-01;8.7500000e+01;2.3743102e-01;8.7500000e+01;2.6215315e-01;8.7500000e+01;2.7074158e-01;8.7500000e+01;2.7028933e-01;8.7500000e+01;2.6216096e-01;8.7500000e+01;2.4841028e-01;8.7500000e+01;3.0957432e-02;8.7500000e+01;4.2300202e-02;8.7500000e+01;5.5374507e-02;8.7500000e+01;7.1348235e-02;8.7500000e+01;8.8697158e-02;8.7500000e+01;1.0652105e-01;8.7500000e+01;1.2560117e-01;8.7500000e+01;1.4488964e-01;8.7500000e+01;1.6014737e-01;8.7500000e+01;1.7342754e-01;8.7500000e+01;1.8844238e-01;8.7500000e+01;2.1210405e-01;8.7500000e+01;2.3743102e-01;8.7500000e+01;2.6215315e-01;8.7500000e+01;2.7074158e-01;8.7500000e+01;2.7028933e-01;8.7500000e+01;2.6216096e-01;8.7500000e+01;2.4841028e-01;8.7500000e+01;3.0957432e-02;8.7500000e+01;4.2300202e-02;8.7500000e+01;5.5374507e-02;8.7500000e+01;7.1348235e-02;8.7500000e+01;8.8697158e-02;8.7500000e+01;1.0652105e-01;8.7500000e+01;1.2560117e-01;8.7500000e+01;1.4488964e-01;8.7500000e+01;1.6014737e-01;8.7500000e+01;1.7342754e-01;8.7500000e+01;1.8844238e-01;8.7500000e+01;2.1210405e-01;8.7500000e+01;2.3743102e-01;8.7500000e+01;2.6215315e-01;8.7500000e+01;2.7074158e-01;8.7500000e+01;2.7028933e-01;8.7500000e+01;2.6216096e-01;8.7500000e+01;2.4841028e-01;8.7500000e+01;3.0957432e-02;8.7500000e+01;4.2300202e-02;8.7500000e+01;5.5374507e-02;8.7500000e+01;7.1348235e-02;8.7500000e+01;8.8697158e-02;8.7500000e+01;1.0652105e-01;8.7500000e+01;1.2560117e-01;8.7500000e+01;1.4488964e-01;8.7500000e+01;1.6014737e-01;8.7500000e+01;1.7342754e-01;8.7500000e+01;1.8844238e-01;8.7500000e+01;2.1210405e-01;8.7500000e+01;2.3743102e-01;8.7500000e+01;2.6215315e-01;8.7500000e+01;2.7074158e-01;8.7500000e+01;2.7028933e-01;8.7500000e+01;2.6216096e-01;8.7500000e+01;2.4841028e-01;8.7500000e+01;3.0957432e-02;8.7500000e+01;4.2300202e-02;8.7500000e+01;5.5374507e-02;8.7500000e+01;7.1348235e-02;8.7500000e+01;8.8697158e-02;8.7500000e+01;1.0652105e-01;8.7500000e+01;1.2560117e-01;8.7500000e+01;1.4488964e-01;8.7500000e+01;1.6014737e-01;8.7500000e+01;1.7342754e-01;8.7500000e+01;1.8844238e-01;8.7500000e+01;2.1210405e-01;8.7500000e+01;2.3743102e-01;8.7500000e+01;2.6215315e-01;8.7500000e+01;2.7074158e-01;8.7500000e+01;2.7028933e-01;8.7500000e+01;2.6216096e-01;8.7500000e+01;2.4841028e-01;8.7500000e+01;3.0957432e-02;8.7500000e+01;4.2300202e-02;8.7500000e+01;5.5374507e-02;8.7500000e+01;7.1348235e-02;8.7500000e+01;8.8697158e-02;8.7500000e+01;1.0652105e-01;8.7500000e+01;1.2560117e-01;8.7500000e+01;1.4488964e-01;8.7500000e+01;1.6014737e-01;8.7500000e+01;1.7342754e-01;8.7500000e+01;1.8844238e-01;8.7500000e+01;2.1210405e-01;8.7500000e+01;2.3743102e-01;8.7500000e+01;2.6215315e-01;8.7500000e+01;2.7074158e-01;8.7500000e+01;2.7028933e-01;8.7500000e+01;2.6216096e-01;8.7500000e+01;2.4841028e-01;8.7500000e+01;3.0957432e-02;8.7500000e+01;4.2300202e-02;8.7500000e+01;5.5374507e-02;8.7500000e+01;7.1348235e-02;8.7500000e+01;8.8697158e-02;8.7500000e+01;1.0652105e-01;8.7500000e+01;1.2560117e-01;8.7500000e+01;1.4488964e-01;8.7500000e+01;1.6014737e-01;8.7500000e+01;1.7342754e-01;8.7500000e+01;1.8844238e-01;8.7500000e+01;2.1210405e-01;8.7500000e+01;2.3743102e-01;8.7500000e+01;2.6215315e-01;8.7500000e+01;2.7074158e-01;8.7500000e+01;2.7028933e-01;8.7500000e+01;2.6216096e-01;8.7500000e+01;2.4841028e-01;8.7500000e+01;3.0957432e-02;8.7500000e+01;4.2300202e-02;8.7500000e+01;5.5374507e-02;8.7500000e+01;7.1348235e-02;8.7500000e+01;8.8697158e-02;8.7500000e+01;1.0652105e-01;8.7500000e+01;1.2560117e-01;8.7500000e+01;1.4488964e-01;8.7500000e+01;1.6014737e-01;8.7500000e+01;1.7342754e-01;8.7500000e+01;1.8844238e-01;8.7500000e+01;2.1210405e-01;8.7500000e+01;2.3743102e-01;8.7500000e+01;2.6215315e-01;8.7500000e+01;2.7074158e-01;8.7500000e+01;2.7028933e-01;8.7500000e+01;2.6216096e-01;8.7500000e+01;2.4841028e-01;8.7500000e+01;3.0957432e-02;8.7500000e+01;4.2300202e-02;8.7500000e+01;5.5374507e-02;8.7500000e+01;7.1348235e-02;8.7500000e+01;8.8697158e-02;8.7500000e+01;1.0652105e-01;8.7500000e+01;1.2560117e-01;8.7500000e+01;1.4488964e-01;8.7500000e+01;1.6014737e-01;8.7500000e+01;1.7342754e-01;8.7500000e+01;1.8844238e-01;8.7500000e+01;2.1210405e-01;8.7500000e+01;2.3743102e-01;8.7500000e+01;2.6215315e-01;8.7500000e+01;2.7074158e-01;8.7500000e+01;2.7028933e-01;8.7500000e+01;2.6216096e-01;8.7500000e+01;2.4841028e-01;8.7500000e+01;3.0957432e-02;8.7500000e+01;4.2300202e-02;8.7500000e+01;5.5374507e-02;8.7500000e+01;7.1348235e-02;8.7500000e+01;8.8697158e-02;8.7500000e+01;1.0652105e-01;8.7500000e+01;1.2560117e-01;8.7500000e+01;1.4488964e-01;8.7500000e+01;1.6014737e-01;8.7500000e+01;1.7342754e-01;8.7500000e+01;1.8844238e-01;8.7500000e+01;2.1210405e-01;8.7500000e+01;2.3743102e-01;8.7500000e+01;2.6215315e-01;8.7500000e+01;2.7074158e-01;8.7500000e+01;2.7028933e-01;8.7500000e+01;2.6216096e-01;8.7500000e+01;2.4841028e-01;8.7500000e+01;3.0957432e-02;8.7500000e+01;4.2300202e-02;8.7500000e+01;5.5374507e-02;8.7500000e+01;7.1348235e-02;8.7500000e+01;8.8697158e-02;8.7500000e+01;1.0652105e-01;8.7500000e+01;1.2560117e-01;8.7500000e+01;1.4488964e-01;8.7500000e+01;1.6014737e-01;8.7500000e+01;1.7342754e-01;8.7500000e+01;1.8844238e-01;8.7500000e+01;2.1210405e-01;8.7500000e+01;2.3743102e-01;8.7500000e+01;2.6215315e-01;8.7500000e+01;2.7074158e-01;8.7500000e+01;2.7028933e-01;8.7500000e+01;2.6216096e-01;8.7500000e+01;2.4841028e-01;8.7500000e+01;3.0957432e-02;8.7500000e+01;4.2300202e-02;8.7500000e+01;5.5374507e-02;8.7500000e+01;7.1348235e-02;8.7500000e+01;8.8697158e-02;8.7500000e+01;1.0652105e-01;8.7500000e+01;1.2560117e-01;8.7500000e+01;1.4488964e-01;8.7500000e+01;1.6014737e-01;8.7500000e+01;1.7342754e-01;8.7500000e+01;1.8844238e-01;8.7500000e+01;2.1210405e-01;8.7500000e+01;2.3743102e-01;8.7500000e+01;2.6215315e-01;8.7500000e+01;2.7074158e-01;8.7500000e+01;2.7028933e-01;8.7500000e+01;2.6216096e-01;8.7500000e+01;2.4841028e-01;8.7500000e+01;3.0957432e-02;8.7500000e+01;4.2300202e-02;8.7500000e+01;5.5374507e-02;8.7500000e+01;7.1348235e-02;8.7500000e+01;8.8697158e-02;8.7500000e+01;1.0652105e-01;8.7500000e+01;1.2560117e-01;8.7500000e+01;1.4488964e-01;8.7500000e+01;1.6014737e-01;8.7500000e+01;1.7342754e-01;8.7500000e+01;1.8844238e-01;8.7500000e+01;2.1210405e-01;8.7500000e+01;2.3743102e-01;8.7500000e+01;2.6215315e-01;8.7500000e+01;2.7074158e-01;8.7500000e+01;2.7028933e-01;8.7500000e+01;2.6216096e-01;8.7500000e+01;2.4841028e-01;8.7500000e+01;3.0957432e-02;8.7500000e+01;4.2300202e-02;8.7500000e+01;5.5374507e-02;8.7500000e+01;7.1348235e-02;8.7500000e+01;8.8697158e-02;8.7500000e+01;1.0652105e-01;8.7500000e+01;1.2560117e-01;8.7500000e+01;1.4488964e-01;8.7500000e+01;1.6014737e-01;8.7500000e+01;1.7342754e-01;8.7500000e+01;1.8844238e-01;8.7500000e+01;2.1210405e-01;8.7500000e+01;2.3743102e-01;8.7500000e+01;2.6215315e-01;8.7500000e+01;2.7074158e-01;8.7500000e+01;2.7028933e-01;8.7500000e+01;2.6216096e-01;8.7500000e+01;2.4841028e-01;8.7500000e+01;3.0957432e-02;8.7500000e+01;4.2300202e-02;8.7500000e+01;5.5374507e-02;8.7500000e+01;7.1348235e-02;8.7500000e+01;8.8697158e-02;8.7500000e+01;1.0652105e-01;8.7500000e+01;1.2560117e-01;8.7500000e+01;1.4488964e-01;8.7500000e+01;1.6014737e-01;8.7500000e+01;1.7342754e-01;8.7500000e+01;1.8844238e-01;8.7500000e+01;2.1210405e-01;8.7500000e+01;2.3743102e-01;8.7500000e+01;2.6215315e-01;8.7500000e+01;2.7074158e-01;8.7500000e+01;2.7028933e-01;8.7500000e+01;2.6216096e-01;8.7500000e+01;2.4841028e-01
9.2500000e+01;2.7909337e-02;9.2500000e+01;3.8139194e-02;9.2500000e+01;5.0591744e-02;9.2500000e+01;6.4879224e-02;9.2500000e+01;8.1039846e-02;9.2500000e+01;9.9178195e-02;9.2500000e+01;1.1877181e-01;9.2500000e+01;1.3575041e-01;9.2500000e+01;1.4958841e-01;9.2500000e+01;1.6093951e-01;9.2500000e+01;1.7340137e-01;9.2500000e+01;1.9795859e-01;9.2500000e+01;2.2517379e-01;9.2500000e+01;2.5419194e-01;9.2500000e+01;2.6538801e-01;9.2500000e+01;2.6657796e-01;9.2500000e+01;2.5995126e-01;9.2500000e+01;2.4735527e-01;9.2500000e+01;2.7909337e-02;9.2500000e+01;3.8139194e-02;9.2500000e+01;5.0591744e-02;9.2500000e+01;6.4879224e-02;9.2500000e+01;8.1039846e-02;9.2500000e+01;9.9178195e-02;9.2500000e+01;1.1877181e-01;9.2500000e+01;1.3575041e-01;9.2500000e+01;1.4958841e-01;9.2500000e+01;1.6093951e-01;9.2500000e+01;1.7340137e-01;9.2500000e+01;1.9795859e-01;9.2500000e+01;2.2517379e-01;9.2500000e+01;2.5419194e-01;9.2500000e+01;2.6538801e-01;9.2500000e+01;2.6657796e-01;9.2500000e+01;2.5995126e-01;9.2500000e+01;2.4735527e-01;9.2500000e+01;2.7909337e-02;9.2500000e+01;3.8139194e-02;9.2500000e+01;5.0591744e-02;9.2500000e+01;6.4879224e-02;9.2500000e+01;8.1039846e-02;9.2500000e+01;9.9178195e-02;9.2500000e+01;1.1877181e-01;9.2500000e+01;1.3575041e-01;9.2500000e+01;1.4958841e-01;9.2500000e+01;1.6093951e-01;9.2500000e+01;1.7340137e-01;9.2500000e+01;1.9795859e-01;9.2500000e+01;2.2517379e-01;9.2500000e+01;2.5419194e-01;9.2500000e+01;2.6538801e-01;9.2500000e+01;2.6657796e-01;9.2500000e+01;2.5995126e-01;9.2500000e+01;2.4735527e-01;9.2500000e+01;2.7909337e-02;9.2500000e+01;3.8139194e-02;9.2500000e+01;5.0591744e-02;9.2500000e+01;6.4879224e-02;9.2500000e+01;8.1039846e-02;9.2500000e+01;9.9178195e-02;9.2500000e+01;1.1877181e-01;9.2500000e+01;1.3575041e-01;9.2500000e+01;1.4958841e-01;9.2500000e+01;1.6093951e-01;9.2500000e+01;1.7340137e-01;9.2500000e+01;1.9795859e-01;9.2500000e+01;2.2517379e-01;9.2500000e+01;2.5419194e-01;9.2500000e+01;2.6538801e-01;9.2500000e+01;2.6657796e-01;9.2500000e+01;2.5995126e-01;9.2500000e+01;2.4735527e-01;9.2500000e+01;2.7909337e-02;9.2500000e+01;3.8139194e-02;9.2500000e+01;5.0591744e-02;9.2500000e+01;6.4879224e-02;9.2500000e+01;8.1039846e-02;9.2500000e+01;9.9178195e-02;9.2500000e+01;1.1877181e-01;9.2500000e+01;1.3575041e-01;9.2500000e+01;1.4958841e-01;9.2500000e+01;1.6093951e-01;9.2500000e+01;1.7340137e-01;9.2500000e+01;1.9795859e-01;9.2500000e+01;2.2517379e-01;9.2500000e+01;2.5419194e-01;9.2500000e+01;2.6538801e-01;9.2500000e+01;2.6657796e-01;9.2500000e+01;2.5995126e-01;9.2500000e+01;2.4735527e-01;9.2500000e+01;2.7909337e-02;9.2500000e+01;3.8139194e-02;9.2500000e+01;5.0591744e-02;9.2500000e+01;6.4879224e-02;9.2500000e+01;8.1039846e-02;9.2500000e+01;9.9178195e-02;9.2500000e+01;1.1877181e-01;9.2500000e+01;1.3575041e-01;9.2500000e+01;1.4958841e-01;9.2500000e+01;1.6093951e-01;9.2500000e+01;1.7340137e-01;9.2500000e+01;1.9795859e-01;9.2500000e+01;2.2517379e-01;9.2500000e+01;2.5419194e-01;9.2500000e+01;2.6538801e-01;9.2500000e+01;2.6657796e-01;9.2500000e+01;2.5995126e-01;9.2500000e+01;2.4735527e-01;9.2500000e+01;2.7909337e-02;9.2500000e+01;3.8139194e-02;9.2500000e+01;5.0591744e-02;9.2500000e+01;6.4879224e-02;9.2500000e+01;8.1039846e-02;9.2500000e+01;9.9178195e-02;9.2500000e+01;1.1877181e-01;9.2500000e+01;1.3575041e-01;9.2500000e+01;1.4958841e-01;9.2500000e+01;1.6093951e-01;9.2500000e+01;1.7340137e-01;9.2500000e+01;1.9795859e-01;9.2500000e+01;2.2517379e-01;9.2500000e+01;2.5419194e-01;9.2500000e+01;2.6538801e-01;9.2500000e+01;2.6657796e-01;9.2500000e+01;2.5995126e-01;9.2500000e+01;2.4735527e-01;9.2500000e+01;2.7909337e-02;9.2500000e+01;3.8139194e-02;9.2500000e+01;5.0591744e-02;9.2500000e+01;6.4879224e-02;9.2500000e+01;8.1039846e-02;9.2500000e+01;9.9178195e-02;9.2500000e+01;1.1877181e-01;9.2500000e+01;1.3575041e-01;9.2500000e+01;1.4958841e-01;9.2500000e+01;1.6093951e-01;9.2500000e+01;1.7340137e-01;9.2500000e+01;1.9795859e-01;9.2500000e+01;2.2517379e-01;9.2500000e+01;2.5419194e-01;9.2500000e+01;2.6538801e-01;9.2500000e+01;2.6657796e-01;9.2500000e+01;2.5995126e-01;9.2500000e+01;2.4735527e-01;9.2500000e+01;2.7909337e-02;9.2500000e+01;3.8139194e-02;9.2500000e+01;5.0591744e-02;9.2500000e+01;6.4879224e-02;9.2500000e+01;8.1039846e-02;9.2500000e+01;9.9178195e-02;9.2500000e+01;1.1877181e-01;9.2500000e+01;1.3575041e-01;9.2500000e+01;1.4958841e-01;9.2500000e+01;1.6093951e-01;9.2500000e+01;1.7340137e-01;9.2500000e+01;1.9795859e-01;9.2500000e+01;2.2517379e-01;9.2500000e+01;2.5419194e-01;9.2500000e+01;2.6538801e-01;9.2500000e+01;2.6657796e-01;9.2500000e+01;2.5995126e-01;9.2500000e+01;2.4735527e-01;9.2500000e+01;2.7909337e-02;9.2500000e+01;3.8139194e-02;9.2500000e+01;5.0591744e-02;9.2500000e+01;6.4879224e-02;9.2500000e+01;8.1039846e-02;9.2500000e+01;9.9178195e-02;9.2500000e+01;1.1877181e-01;9.2500000e+01;1.3575041e-01;9.2500000e+01;1.4958841e-01;9.2500000e+01;1.6093951e-01;9.2500000e+01;1.7340137e-01;9.2500000e+01;1.9795859e-01;9.2500000e+01;2.2517379e-01;9.2500000e+01;2.5419194e-01;9.2500000e+01;2.6538801e-01;9.2500000e+01;2.6657796e-01;9.2500000e+01;2.5995126e-01;9.2500000e+01;2.4735527e-01;9.2500000e+01;2.7909337e-02;9.2500000e+01;3.8139194e-02;9.2500000e+01;5.0591744e-02;9.2500000e+01;6.4879224e-02;9.2500000e+01;8.1039846e-02;9.2500000e+01;9.9178195e-02;9.2500000e+01;1.1877181e-01;9.2500000e+01;1.3575041e-01;9.2500000e+01;1.4958841e-01;9.2500000e+01;1.6093951e-01;9.2500000e+01;1.7340137e-01;9.2500000e+01;1.9795859e-01;9.2500000e+01;2.2517379e-01;9.2500000e+01;2.5419194e-01;9.2500000e+01;2.6538801e-01;9.2500000e+01;2.6657796e-01;9.2500000e+01;2.5995126e-01;9.2500000e+01;2.4735527e-01;9.2500000e+01;2.7909337e-02;9.2500000e+01;3.8139194e-02;9.2500000e+01;5.0591744e-02;9.2500000e+01;6.4879224e-02;9.2500000e+01;8.1039846e-02;9.2500000e+01;9.9178195e-02;9.2500000e+01;1.1877181e-01;9.2500000e+01;1.3575041e-01;9.2500000e+01;1.4958841e-01;9.2500000e+01;1.6093951e-01;9.2500000e+01;1.7340137e-01;9.2500000e+01;1.9795859e-01;9.2500000e+01;2.2517379e-01;9.2500000e+01;2.5419194e-01;9.2500000e+01;2.6538801e-01;9.2500000e+01;2.6657796e-01;9.2500000e+01;2.5995126e-01;9.2500000e+01;2.4735527e-01;9.2500000e+01;2.7909337e-02;9.2500000e+01;3.8139194e-02;9.2500000e+01;5.0591744e-02;9.2500000e+01;6.4879224e-02;9.2500000e+01;8.1039846e-02;9.2500000e+01;9.9178195e-02;9.2500000e+01;1.1877181e-01;9.2500000e+01;1.3575041e-01;9.2500000e+01;1.4958841e-01;9.2500000e+01;1.6093951e-01;9.2500000e+01;1.7340137e-01;9.2500000e+01;1.9795859e-01;9.2500000e+01;2.2517379e-01;9.2500000e+01;2.5419194e-01;9.2500000e+01;2.6538801e-01;9.2500000e+01;2.6657796e-01;9.2500000e+01;2.5995126e-01;9.2500000e+01;2.4735527e-01;9.2500000e+01;2.7909337e-02;9.2500000e+01;3.8139194e-02;9.2500000e+01;5.0591744e-02;9.2500000e+01;6.4879224e-02;9.2500000e+01;8.1039846e-02;9.2500000e+01;9.9178195e-02;9.2500000e+01;1.1877181e-01;9.2500000e+01;1.3575041e-01;9.2500000e+01;1.4958841e-01;9.2500000e+01;1.6093951e-01;9.2500000e+01;1.7340137e-01;9.2500000e+01;1.9795859e-01;9.2500000e+01;2.2517379e-01;9.2500000e+01;2.5419194e-01;9.2500000e+01;2.6538801e-01;9.2500000e+01;2.6657796e-01;9.2500000e+01;2.5995126e-01;9.2500000e+01;2.4735527e-01;9.2500000e+01;2.7909337e-02;9.2500000e+01;3.8139194e-02;9.2500000e+01;5.0591744e-02;9.2500000e+01;6.4879224e-02;9.2500000e+01;8.1039846e-02;9.2500000e+01;9.9178195e-02;9.2500000e+01;1.1877181e-01;9.2500000e+01;1.3575041e-01;9.2500000e+01;1.4958841e-01;9.2500000e+01;1.6093951e-01;9.2500000e+01;1.7340137e-01;9.2500000e+01;1.9795859e-01;9.2500000e+01;2.2517379e-01;9.2500000e+01;2.5419194e-01;9.2500000e+01;2.6538801e-01;9.2500000e+01;2.6657796e-01;9.2500000e+01;2.5995126e-01;9.2500000e+01;2.4735527e-01;9.2500000e+01;2.7909337e-02;9.2500000e+01;3.8139194e-02;9.2500000e+01;5.0591744e-02;9.2500000e+01;6.4879224e-02;9.2500000e+01;8.1039846e-02;9.2500000e+01;9.9178195e-02;9.2500000e+01;1.1877181e-01;9.2500000e+01;1.3575041e-01;9.2500000e+01;1.4958841e-01;9.2500000e+01;1.6093951e-01;9.2500000e+01;1.7340137e-01;9.2500000e+01;1.9795859e-01;9.2500000e+01;2.2517379e-01;9.2500000e+01;2.5419194e-01;9.2500000e+01;2.6538801e-01;9.2500000e+01;2.6657796e-01;9.2500000e+01;2.5995126e-01;9.2500000e+01;2.4735527e-01;9.2500000e+01;2.7909337e-02;9.2500000e+01;3.8139194e-02;9.2500000e+01;5.0591744e-02;9.2500000e+01;6.4879224e-02;9.2500000e+01;8.1039846e-02;9.2500000e+01;9.9178195e-02;9.2500000e+01;1.1877181e-01;9.2500000e+01;1.3575041e-01;9.2500000e+01;1.4958841e-01;9.2500000e+01;1.6093951e-01;9.2500000e+01;1.7340137e-01;9.2500000e+01;1.9795859e-01;9.2500000e+01;2.2517379e-01;9.2500000e+01;2.5419194e-01;9.2500000e+01;2.6538801e-01;9.2500000e+01;2.6657796e-01;9.2500000e+01;2.5995126e-01;9.2500000e+01;2.4735527e-01;9.2500000e+01;2.7909337e-02;9.2500000e+01;3.8139194e-02;9.2500000e+01;5.0591744e-02;9.2500000e+01;6.4879224e-02;9.2500000e+01;8.1039846e-02;9.2500000e+01;9.9178195e-02;9.2500000e+01;1.1877181e-01;9.2500000e+01;1.3575041e-01;9.2500000e+01;1.4958841e-01;9.2500000e+01;1.6093951e-01;9.2500000e+01;1.7340137e-01;9.2500000e+01;1.9795859e-01;9.2500000e+01;2.2517379e-01;9.2500000e+01;2.5419194e-01;9.2500000e+01;2.6538801e-01;9.2500000e+01;2.6657796e-01;9.2500000e+01;2.5995126e-01;9.2500000e+01;2.4735527e-01;9.2500000e+01;2.7909337e-02;9.2500000e+01;3.8139194e-02;9.2500000e+01;5.0591744e-02;9.2500000e+01;6.4879224e-02;9.2500000e+01;8.1039846e-02;9.2500000e+01;9.9178195e-02;9.2500000e+01;1.1877181e-01;9.2500000e+01;1.3575041e-01;9.2500000e+01;1.4958841e-01;9.2500000e+01;1.6093951e-01;9.2500000e+01;1.7340137e-01;9.2500000e+01;1.9795859e-01;9.2500000e+01;2.2517379e-01;9.2500000e+01;2.5419194e-01;9.2500000e+01;2.6538801e-01;9.2500000e+01;2.6657796e-01;9.2500000e+01;2.5995126e-01;9.2500000e+01;2.4735527e-01;9.2500000e+01;2.7909337e-02;9.2500000e+01;3.8139194e-02;9.2500000e+01;5.0591744e-02;9.2500000e+01;6.4879224e-02;9.2500000e+01;8.1039846e-02;9.2500000e+01;9.9178195e-02;9.2500000e+01;1.1877181e-01;9.2500000e+01;1.3575041e-01;9.2500000e+01;1.4958841e-01;9.2500000e+01;1.6093951e-01;9.2500000e+01;1.7340137e-01;9.2500000e+01;1.9795859e-01;9.2500000e+01;2.2517379e-01;9.2500000e+01;2.5419194e-01;9.2500000e+01;2.6538801e-01;9.2500000e+01;2.6657796e-01;9.2500000e+01;2.5995126e-01;9.2500000e+01;2.4735527e-01;9.2500000e+01;2.7909337e-02;9.2500000e+01;3.8139194e-02;9.2500000e+01;5.0591744e-02;9.2500000e+01;6.4879224e-02;9.2500000e+01;8.1039846e-02;9.2500000e+01;9.9178195e-02;9.2500000e+01;1.1877181e-01;9.2500000e+01;1.3575041e-01;9.2500000e+01;1.4958841e-01;9.2500000e+01;1.6093951e-01;9.2500000e+01;1.7340137e-01;9.2500000e+01;1.9795859e-01;9.2500000e+01;2.2517379e-01;9.2500000e+01;2.5419194e-01;9.2500000e+01;2.6538801e-01;9.2500000e+01;2.6657796e-01;9.2500000e+01;2.5995126e-01;9.2500000e+01;2.4735527e-01;9.2500000e+01;2.7909337e-02;9.2500000e+01;3.8139194e-02;9.2500000e+01;5.0591744e-02;9.2500000e+01;6.4879224e-02;9.2500000e+01;8.1039846e-02;9.2500000e+01;9.9178195e-02;9.2500000e+01;1.1877181e-01;9.2500000e+01;1.3575041e-01;9.2500000e+01;1.4958841e-01;9.2500000e+01;1.6093951e-01;9.2500000e+01;1.7340137e-01;9.2500000e+01;1.9795859e-01;9.2500000e+01;2.2517379e-01;9.2500000e+01;2.5419194e-01;9.2500000e+01;2.6538801e-01;9.2500000e+01;2.6657796e-01;9.2500000e+01;2.5995126e-01;9.2500000e+01;2.4735527e-01;9.2500000e+01;2.7909337e-02;9.2500000e+01;3.8139194e-02;9.2500000e+01;5.0591744e-02;9.2500000e+01;6.4879224e-02;9.2500000e+01;8.1039846e-02;9.2500000e+01;9.9178195e-02;9.2500000e+01;1.1877181e-01;9.2500000e+01;1.3575041e-01;9.2500000e+01;1.4958841e-01;9.2500000e+01;1.6093951e-01;9.2500000e+01;1.7340137e-01;9.2500000e+01;1.9795859e-01;9.2500000e+01;2.2517379e-01;9.2500000e+01;2.5419194e-01;9.2500000e+01;2.6538801e-01;9.2500000e+01;2.6657796e-01;9.2500000e+01;2.5995126e-01;9.2500000e+01;2.4735527e-01;9.2500000e+01;2.7909337e-02;9.2500000e+01;3.8139194e-02;9.2500000e+01;5.0591744e-02;9.2500000e+01;6.4879224e-02;9.2500000e+01;8.1039846e-02;9.2500000e+01;9.9178195e-02;9.2500000e+01;1.1877181e-01;9.2500000e+01;1.3575041e-01;9.2500000e+01;1.4958841e-01;9.2500000e+01;1.6093951e-01;9.2500000e+01;1.7340137e-01;9.2500000e+01;1.9795859e-01;9.2500000e+01;2.2517379e-01;9.2500000e+01;2.5419194e-01;9.2500000e+01;2.6538801e-01;9.2500000e+01;2.6657796e-01;9.2500000e+01;2.5995126e-01;9.2500000e+01;2.4735527e-01;9.2500000e+01;2.7909337e-02;9.2500000e+01;3.8139194e-02;9.2500000e+01;5.0591744e-02;9.2500000e+01;6.4879224e-02;9.2500000e+01;8.1039846e-02;9.2500000e+01;9.9178195e-02;9.2500000e+01;1.1877181e-01;9.2500000e+01;1.3575041e-01;9.2500000e+01;1.4958841e-01;9.2500000e+01;1.6093951e-01;9.2500000e+01;1.7340137e-01;9.2500000e+01;1.9795859e-01;9.2500000e+01;2.2517379e-01;9.2500000e+01;2.5419194e-01;9.2500000e+01;2.6538801e-01;9.2500000e+01;2.6657796e-01;9.2500000e+01;2.5995126e-01;9.2500000e+01;2.4735527e-01;9.2500000e+01;2.7909337e-02;9.2500000e+01;3.8139194e-02;9.2500000e+01;5.0591744e-02;9.2500000e+01;6.4879224e-02;9.2500000e+01;8.1039846e-02;9.2500000e+01;9.9178195e-02;9.2500000e+01;1.1877181e-01;9.2500000e+01;1.3575041e-01;9.2500000e+01;1.4958841e-01;9.2500000e+01;1.6093951e-01;9.2500000e+01;1.7340137e-01;9.2500000e+01;1.9795859e-01;9.2500000e+01;2.2517379e-01;9.2500000e+01;2.5419194e-01;9.2500000e+01;2.6538801e-01;9.2500000e+01;2.6657796e-01;9.2500000e+01;2.5995126e-01;9.2500000e+01;2.4735527e-01;9.2500000e+01;2.7909337e-02;9.2500000e+01;3.8139194e-02;9.2500000e+01;5.0591744e-02;9.2500000e+01;6.4879224e-02;9.2500000e+01;8.1039846e-02;9.2500000e+01;9.9178195e-02;9.2500000e+01;1.1877181e-01;9.2500000e+01;1.3575041e-01;9.2500000e+01;1.4958841e-01;9.2500000e+01;1.6093951e-01;9.2500000e+01;1.7340137e-01;9.2500000e+01;1.9795859e-01;9.2500000e+01;2.2517379e-01;9.2500000e+01;2.5419194e-01;9.2500000e+01;2.6538801e-01;9.2500000e+01;2.6657796e-01;9.2500000e+01;2.5995126e-01;9.2500000e+01;2.4735527e-01;9.2500000e+01;2.7909337e-02;9.2500000e+01;3.8139194e-02;9.2500000e+01;5.0591744e-02;9.2500000e+01;6.4879224e-02;9.2500000e+01;8.1039846e-02;9.2500000e+01;9.9178195e-02;9.2500000e+01;1.1877181e-01;9.2500000e+01;1.3575041e-01;9.2500000e+01;1.4958841e-01;9.2500000e+01;1.6093951e-01;9.2500000e+01;1.7340137e-01;9.2500000e+01;1.9795859e-01;9.2500000e+01;2.2517379e-01;9.2500000e+01;2.5419194e-01;9.2500000e+01;2.6538801e-01;9.2500000e+01;2.6657796e-01;9.2500000e+01;2.5995126e-01;9.2500000e+01;2.4735527e-01;9.2500000e+01;2.7909337e-02;9.2500000e+01;3.8139194e-02;9.2500000e+01;5.0591744e-02;9.2500000e+01;6.4879224e-02;9.2500000e+01;8.1039846e-02;9.2500000e+01;9.9178195e-02;9.2500000e+01;1.1877181e-01;9.2500000e+01;1.3575041e-01;9.2500000e+01;1.4958841e-01;9.2500000e+01;1.6093951e-01;9.2500000e+01;1.7340137e-01;9.2500000e+01;1.9795859e-01;9.2500000e+01;2.2517379e-01;9.2500000e+01;2.5419194e-01;9.2500000e+01;2.6538801e-01;9.2500000e+01;2.6657796e-01;9.2500000e+01;2.5995126e-01;9.2500000e+01;2.4735527e-01;9.2500000e+01;2.7909337e-02;9.2500000e+01;3.8139194e-02;9.2500000e+01;5.0591744e-02;9.2500000e+01;6.4879224e-02;9.2500000e+01;8.1039846e-02;9.2500000e+01;9.9178195e-02;9.2500000e+01;1.1877181e-01;9.2500000e+01;1.3575041e-01;9.2500000e+01;1.4958841e-01;9.2500000e+01;1.6093951e-01;9.2500000e+01;1.7340137e-01;9.2500000e+01;1.9795859e-01;9.2500000e+01;2.2517379e-01;9.2500000e+01;2.5419194e-01;9.2500000e+01;2.6538801e-01;9.2500000e+01;2.6657796e-01;9.2500000e+01;2.5995126e-01;9.2500000e+01;2.4735527e-01;9.2500000e+01;2.7909337e-02;9.2500000e+01;3.8139194e-02;9.2500000e+01;5.0591744e-02;9.2500000e+01;6.4879224e-02;9.2500000e+01;8.1039846e-02;9.2500000e+01;9.9178195e-02;9.2500000e+01;1.1877181e-01;9.2500000e+01;1.3575041e-01;9.2500000e+01;1.4958841e-01;9.2500000e+01;1.6093951e-01;9.2500000e+01;1.7340137e-01;9.2500000e+01;1.9795859e-01;9.2500000e+01;2.2517379e-01;9.2500000e+01;2.5419194e-01;9.2500000e+01;2.6538801e-01;9.2500000e+01;2.6657796e-01;9.2500000e+01;2.5995126e-01;9.2500000e+01;2.4735527e-01;9.2500000e+01;2.7909337e-02;9.2500000e+01;3.8139194e-02;9.2500000e+01;5.0591744e-02;9.2500000e+01;6.4879224e-02;9.2500000e+01;8.1039846e-02;9.2500000e+01;9.9178195e-02;9.2500000e+01;1.1877181e-01;9.2500000e+01;1.3575041e-01;9.2500000e+01;1.4958841e-01;9.2500000e+01;1.6093951e-01;9.2500000e+01;1.7340137e-01;9.2500000e+01;1.9795859e-01;9.2500000e+01;2.2517379e-01;9.2500000e+01;2.5419194e-01;9.2500000e+01;2.6538801e-01;9.2500000e+01;2.6657796e-01;9.2500000e+01;2.5995126e-01;9.2500000e+01;2.4735527e-01;9.2500000e+01;2.7909337e-02;9.2500000e+01;3.8139194e-02;9.2500000e+01;5.0591744e-02;9.2500000e+01;6.4879224e-02;9.2500000e+01;8.1039846e-02;9.2500000e+01;9.9178195e-02;9.2500000e+01;1.1877181e-01;9.2500000e+01;1.3575041e-01;9.2500000e+01;1.4958841e-01;9.2500000e+01;1.6093951e-01;9.2500000e+01;1.7340137e-01;9.2500000e+01;1.9795859e-01;9.2500000e+01;2.2517379e-01;9.2500000e+01;2.5419194e-01;9.2500000e+01;2.6538801e-01;9.2500000e+01;2.6657796e-01;9.2500000e+01;2.5995126e-01;9.2500000e+01;2.4735527e-01;9.2500000e+01;2.7909337e-02;9.2500000e+01;3.8139194e-02;9.2500000e+01;5.0591744e-02;9.2500000e+01;6.4879224e-02;9.2500000e+01;8.1039846e-02;9.2500000e+01;9.9178195e-02;9.2500000e+01;1.1877181e-01;9.2500000e+01;1.3575041e-01;9.2500000e+01;1.4958841e-01;9.2500000e+01;1.6093951e-01;9.2500000e+01;1.7340137e-01;9.2500000e+01;1.9795859e-01;9.2500000e+01;2.2517379e-01;9.2500000e+01;2.5419194e-01;9.2500000e+01;2.6538801e-01;9.2500000e+01;2.6657796e-01;9.2500000e+01;2.5995126e-01;9.2500000e+01;2.4735527e-01;9.2500000e+01;2.7909337e-02;9.2500000e+01;3.8139194e-02;9.2500000e+01;5.0591744e-02;9.2500000e+01;6.4879224e-02;9.2500000e+01;8.1039846e-02;9.2500000e+01;9.9178195e-02;9.2500000e+01;1.1877181e-01;9.2500000e+01;1.3575041e-01;9.2500000e+01;1.4958841e-01;9.2500000e+01;1.6093951e-01;9.2500000e+01;1.7340137e-01;9.2500000e+01;1.9795859e-01;9.2500000e+01;2.2517379e-01;9.2500000e+01;2.5419194e-01;9.2500000e+01;2.6538801e-01;9.2500000e+01;2.6657796e-01;9.2500000e+01;2.5995126e-01;9.2500000e+01;2.4735527e-01;9.2500000e+01;2.7909337e-02;9.2500000e+01;3.8139194e-02;9.2500000e+01;5.0591744e-02;9.2500000e+01;6.4879224e-02;9.2500000e+01;8.1039846e-02;9.2500000e+01;9.9178195e-02;9.2500000e+01;1.1877181e-01;9.2500000e+01;1.3575041e-01;9.2500000e+01;1.4958841e-01;9.2500000e+01;1.6093951e-01;9.2500000e+01;1.7340137e-01;9.2500000e+01;1.9795859e-01;9.2500000e+01;2.2517379e-01;9.2500000e+01;2.5419194e-01;9.2500000e+01;2.6538801e-01;9.2500000e+01;2.6657796e-01;9.2500000e+01;2.5995126e-01;9.2500000e+01;2.4735527e-01;9.2500000e+01;2.7909337e-02;9.2500000e+01;3.8139194e-02;9.2500000e+01;5.0591744e-02;9.2500000e+01;6.4879224e-02;9.2500000e+01;8.1039846e-02;9.2500000e+01;9.9178195e-02;9.2500000e+01;1.1877181e-01;9.2500000e+01;1.3575041e-01;9.2500000e+01;1.4958841e-01;9.2500000e+01;1.6093951e-01;9.2500000e+01;1.7340137e-01;9.2500000e+01;1.9795859e-01;9.2500000e+01;2.2517379e-01;9.2500000e+01;2.5419194e-01;9.2500000e+01;2.6538801e-01;9.2500000e+01;2.6657796e-01;9.2500000e+01;2.5995126e-01;9.2500000e+01;2.4735527e-01;9.2500000e+01;2.7909337e-02;9.2500000e+01;3.8139194e-02;9.2500000e+01;5.0591744e-02;9.2500000e+01;6.4879224e-02;9.2500000e+01;8.1039846e-02;9.2500000e+01;9.9178195e-02;9.2500000e+01;1.1877181e-01;9.2500000e+01;1.3575041e-01;9.2500000e+01;1.4958841e-01;9.2500000e+01;1.6093951e-01;9.2500000e+01;1.7340137e-01;9.2500000e+01;1.9795859e-01;9.2500000e+01;2.2517379e-01;9.2500000e+01;2.5419194e-01;9.2500000e+01;2.6538801e-01;9.2500000e+01;2.6657796e-01;9.2500000e+01;2.5995126e-01;9.2500000e+01;2.4735527e-01;9.2500000e+01;2.7909337e-02;9.2500000e+01;3.8139194e-02;9.2500000e+01;5.0591744e-02;9.2500000e+01;6.4879224e-02;9.2500000e+01;8.1039846e-02;9.2500000e+01;9.9178195e-02;9.2500000e+01;1.1877181e-01;9.2500000e+01;1.3575041e-01;9.2500000e+01;1.4958841e-01;9.2500000e+01;1.6093951e-01;9.2500000e+01;1.7340137e-01;9.2500000e+01;1.9795859e-01;9.2500000e+01;2.2517379e-01;9.2500000e+01;2.5419194e-01;9.2500000e+01;2.6538801e-01;9.2500000e+01;2.6657796e-01;9.2500000e+01;2.5995126e-01;9.2500000e+01;2.4735527e-01;9.2500000e+01;2.7909337e-02;9.2500000e+01;3.8139194e-02;9.2500000e+01;5.0591744e-02;9.2500000e+01;6.4879224e-02;9.2500000e+01;8.1039846e-02;9.2500000e+01;9.9178195e-02;9.2500000e+01;1.1877181e-01;9.2500000e+01;1.3575041e-01;9.2500000e+01;1.4958841e-01;9.2500000e+01;1.6093951e-01;9.2500000e+01;1.7340137e-01;9.2500000e+01;1.9795859e-01;9.2500000e+01;2.2517379e-01;9.2500000e+01;2.5419194e-01;9.2500000e+01;2.6538801e-01;9.2500000e+01;2.6657796e-01;9.2500000e+01;2.5995126e-01;9.2500000e+01;2.4735527e-01;9.2500000e+01;2.7909337e-02;9.2500000e+01;3.8139194e-02;9.2500000e+01;5.0591744e-02;9.2500000e+01;6.4879224e-02;9.2500000e+01;8.1039846e-02;9.2500000e+01;9.9178195e-02;9.2500000e+01;1.1877181e-01;9.2500000e+01;1.3575041e-01;9.2500000e+01;1.4958841e-01;9.2500000e+01;1.6093951e-01;9.2500000e+01;1.7340137e-01;9.2500000e+01;1.9795859e-01;9.2500000e+01;2.2517379e-01;9.2500000e+01;2.5419194e-01;9.2500000e+01;2.6538801e-01;9.2500000e+01;2.6657796e-01;9.2500000e+01;2.5995126e-01;9.2500000e+01;2.4735527e-01;9.2500000e+01;2.7909337e-02;9.2500000e+01;3.8139194e-02;9.2500000e+01;5.0591744e-02;9.2500000e+01;6.4879224e-02;9.2500000e+01;8.1039846e-02;9.2500000e+01;9.9178195e-02;9.2500000e+01;1.1877181e-01;9.2500000e+01;1.3575041e-01;9.2500000e+01;1.4958841e-01;9.2500000e+01;1.6093951e-01;9.2500000e+01;1.7340137e-01;9.2500000e+01;1.9795859e-01;9.2500000e+01;2.2517379e-01;9.2500000e+01;2.5419194e-01;9.2500000e+01;2.6538801e-01;9.2500000e+01;2.6657796e-01;9.2500000e+01;2.5995126e-01;9.2500000e+01;2.4735527e-01;9.2500000e+01;2.7909337e-02;9.2500000e+01;3.8139194e-02;9.2500000e+01;5.0591744e-02;9.2500000e+01;6.4879224e-02;9.2500000e+01;8.1039846e-02;9.2500000e+01;9.9178195e-02;9.2500000e+01;1.1877181e-01;9.2500000e+01;1.3575041e-01;9.2500000e+01;1.4958841e-01;9.2500000e+01;1.6093951e-01;9.2500000e+01;1.7340137e-01;9.2500000e+01;1.9795859e-01;9.2500000e+01;2.2517379e-01;9.2500000e+01;2.5419194e-01;9.2500000e+01;2.6538801e-01;9.2500000e+01;2.6657796e-01;9.2500000e+01;2.5995126e-01;9.2500000e+01;2.4735527e-01;9.2500000e+01;2.7909337e-02;9.2500000e+01;3.8139194e-02;9.2500000e+01;5.0591744e-02;9.2500000e+01;6.4879224e-02;9.2500000e+01;8.1039846e-02;9.2500000e+01;9.9178195e-02;9.2500000e+01;1.1877181e-01;9.2500000e+01;1.3575041e-01;9.2500000e+01;1.4958841e-01;9.2500000e+01;1.6093951e-01;9.2500000e+01;1.7340137e-01;9.2500000e+01;1.9795859e-01;9.2500000e+01;2.2517379e-01;9.2500000e+01;2.5419194e-01;9.2500000e+01;2.6538801e-01;9.2500000e+01;2.6657796e-01;9.2500000e+01;2.5995126e-01;9.2500000e+01;2.4735527e-01;9.2500000e+01;2.7909337e-02;9.2500000e+01;3.8139194e-02;9.2500000e+01;5.0591744e-02;9.2500000e+01;6.4879224e-02;9.2500000e+01;8.1039846e-02;9.2500000e+01;9.9178195e-02;9.2500000e+01;1.1877181e-01;9.2500000e+01;1.3575041e-01;9.2500000e+01;1.4958841e-01;9.2500000e+01;1.6093951e-01;9.2500000e+01;1.7340137e-01;9.2500000e+01;1.9795859e-01;9.2500000e+01;2.2517379e-01;9.2500000e+01;2.5419194e-01;9.2500000e+01;2.6538801e-01;9.2500000e+01;2.6657796e-01;9.2500000e+01;2.5995126e-01;9.2500000e+01;2.4735527e-01;9.2500000e+01;2.7909337e-02;9.2500000e+01;3.8139194e-02;9.2500000e+01;5.0591744e-02;9.2500000e+01;6.4879224e-02;9.2500000e+01;8.1039846e-02;9.2500000e+01;9.9178195e-02;9.2500000e+01;1.1877181e-01;9.2500000e+01;1.3575041e-01;9.2500000e+01;1.4958841e-01;9.2500000e+01;1.6093951e-01;9.2500000e+01;1.7340137e-01;9.2500000e+01;1.9795859e-01;9.2500000e+01;2.2517379e-01;9.2500000e+01;2.5419194e-01;9.2500000e+01;2.6538801e-01;9.2500000e+01;2.6657796e-01;9.2500000e+01;2.5995126e-01;9.2500000e+01;2.4735527e-01;9.2500000e+01;2.7909337e-02;9.2500000e+01;3.8139194e-02;9.2500000e+01;5.0591744e-02;9.2500000e+01;6.4879224e-02;9.2500000e+01;8.1039846e-02;9.2500000e+01;9.9178195e-02;9.2500000e+01;1.1877181e-01;9.2500000e+01;1.3575041e-01;9.2500000e+01;1.4958841e-01;9.2500000e+01;1.6093951e-01;9.2500000e+01;1.7340137e-01;9.2500000e+01;1.9795859e-01;9.2500000e+01;2.2517379e-01;9.2500000e+01;2.5419194e-01;9.2500000e+01;2.6538801e-01;9.2500000e+01;2.6657796e-01;9.2500000e+01;2.5995126e-01;9.2500000e+01;2.4735527e-01;9.2500000e+01;2.7909337e-02;9.2500000e+01;3.8139194e-02;9.2500000e+01;5.0591744e-02;9.2500000e+01;6.4879224e-02;9.2500000e+01;8.1039846e-02;9.2500000e+01;9.9178195e-02;9.2500000e+01;1.1877181e-01;9.2500000e+01;1.3575041e-01;9.2500000e+01;1.4958841e-01;9.2500000e+01;1.6093951e-01;9.2500000e+01;1.7340137e-01;9.2500000e+01;1.9795859e-01;9.2500000e+01;2.2517379e-01;9.2500000e+01;2.5419194e-01;9.2500000e+01;2.6538801e-01;9.2500000e+01;2.6657796e-01;9.2500000e+01;2.5995126e-01;9.2500000e+01;2.4735527e-01;9.2500000e+01;2.7909337e-02;9.2500000e+01;3.8139194e-02;9.2500000e+01;5.0591744e-02;9.2500000e+01;6.4879224e-02;9.2500000e+01;8.1039846e-02;9.2500000e+01;9.9178195e-02;9.2500000e+01;1.1877181e-01;9.2500000e+01;1.3575041e-01;9.2500000e+01;1.4958841e-01;9.2500000e+01;1.6093951e-01;9.2500000e+01;1.7340137e-01;9.2500000e+01;1.9795859e-01;9.2500000e+01;2.2517379e-01;9.2500000e+01;2.5419194e-01;9.2500000e+01;2.6538801e-01;9.2500000e+01;2.6657796e-01;9.2500000e+01;2.5995126e-01;9.2500000e+01;2.4735527e-01;9.2500000e+01;2.7909337e-02;9.2500000e+01;3.8139194e-02;9.2500000e+01;5.0591744e-02;9.2500000e+01;6.4879224e-02;9.2500000e+01;8.1039846e-02;9.2500000e+01;9.9178195e-02;9.2500000e+01;1.1877181e-01;9.2500000e+01;1.3575041e-01;9.2500000e+01;1.4958841e-01;9.2500000e+01;1.6093951e-01;9.2500000e+01;1.7340137e-01;9.2500000e+01;1.9795859e-01;9.2500000e+01;2.2517379e-01;9.2500000e+01;2.5419194e-01;9.2500000e+01;2.6538801e-01;9.2500000e+01;2.6657796e-01;9.2500000e+01;2.5995126e-01;9.2500000e+01;2.4735527e-01;9.2500000e+01;2.7909337e-02;9.2500000e+01;3.8139194e-02;9.2500000e+01;5.0591744e-02;9.2500000e+01;6.4879224e-02;9.2500000e+01;8.1039846e-02;9.2500000e+01;9.9178195e-02;9.2500000e+01;1.1877181e-01;9.2500000e+01;1.3575041e-01;9.2500000e+01;1.4958841e-01;9.2500000e+01;1.6093951e-01;9.2500000e+01;1.7340137e-01;9.2500000e+01;1.9795859e-01;9.2500000e+01;2.2517379e-01;9.2500000e+01;2.5419194e-01;9.2500000e+01;2.6538801e-01;9.2500000e+01;2.6657796e-01;9.2500000e+01;2.5995126e-01;9.2500000e+01;2.4735527e-01;9.2500000e+01;2.7909337e-02;9.2500000e+01;3.8139194e-02;9.2500000e+01;5.0591744e-02;9.2500000e+01;6.4879224e-02;9.2500000e+01;8.1039846e-02;9.2500000e+01;9.9178195e-02;9.2500000e+01;1.1877181e-01;9.2500000e+01;1.3575041e-01;9.2500000e+01;1.4958841e-01;9.2500000e+01;1.6093951e-01;9.2500000e+01;1.7340137e-01;9.2500000e+01;1.9795859e-01;9.2500000e+01;2.2517379e-01;9.2500000e+01;2.5419194e-01;9.2500000e+01;2.6538801e-01;9.2500000e+01;2.6657796e-01;9.2500000e+01;2.5995126e-01;9.2500000e+01;2.4735527e-01;9.2500000e+01;2.7909337e-02;9.2500000e+01;3.8139194e-02;9.2500000e+01;5.0591744e-02;9.2500000e+01;6.4879224e-02;9.2500000e+01;8.1039846e-02;9.2500000e+01;9.9178195e-02;9.2500000e+01;1.1877181e-01;9.2500000e+01;1.3575041e-01;9.2500000e+01;1.4958841e-01;9.2500000e+01;1.6093951e-01;9.2500000e+01;1.7340137e-01;9.2500000e+01;1.9795859e-01;9.2500000e+01;2.2517379e-01;9.2500000e+01;2.5419194e-01;9.2500000e+01;2.6538801e-01;9.2500000e+01;2.6657796e-01;9.2500000e+01;2.5995126e-01;9.2500000e+01;2.4735527e-01;9.2500000e+01;2.7909337e-02;9.2500000e+01;3.8139194e-02;9.2500000e+01;5.0591744e-02;9.2500000e+01;6.4879224e-02;9.2500000e+01;8.1039846e-02;9.2500000e+01;9.9178195e-02;9.2500000e+01;1.1877181e-01;9.2500000e+01;1.3575041e-01;9.2500000e+01;1.4958841e-01;9.2500000e+01;1.6093951e-01;9.2500000e+01;1.7340137e-01;9.2500000e+01;1.9795859e-01;9.2500000e+01;2.2517379e-01;9.2500000e+01;2.5419194e-01;9.2500000e+01;2.6538801e-01;9.2500000e+01;2.6657796e-01;9.2500000e+01;2.5995126e-01;9.2500000e+01;2.4735527e-01;9.2500000e+01;2.7909337e-02;9.2500000e+01;3.8139194e-02;9.2500000e+01;5.0591744e-02;9.2500000e+01;6.4879224e-02;9.2500000e+01;8.1039846e-02;9.2500000e+01;9.9178195e-02;9.2500000e+01;1.1877181e-01;9.2500000e+01;1.3575041e-01;9.2500000e+01;1.4958841e-01;9.2500000e+01;1.6093951e-01;9.2500000e+01;1.7340137e-01;9.2500000e+01;1.9795859e-01;9.2500000e+01;2.2517379e-01;9.2500000e+01;2.5419194e-01;9.2500000e+01;2.6538801e-01;9.2500000e+01;2.6657796e-01;9.2500000e+01;2.5995126e-01;9.2500000e+01;2.4735527e-01;9.2500000e+01;2.7909337e-02;9.2500000e+01;3.8139194e-02;9.2500000e+01;5.0591744e-02;9.2500000e+01;6.4879224e-02;9.2500000e+01;8.1039846e-02;9.2500000e+01;9.9178195e-02;9.2500000e+01;1.1877181e-01;9.2500000e+01;1.3575041e-01;9.2500000e+01;1.4958841e-01;9.2500000e+01;1.6093951e-01;9.2500000e+01;1.7340137e-01;9.2500000e+01;1.9795859e-01;9.2500000e+01;2.2517379e-01;9.2500000e+01;2.5419194e-01;9.2500000e+01;2.6538801e-01;9.2500000e+01;2.6657796e-01;9.2500000e+01;2.5995126e-01;9.2500000e+01;2.4735527e-01;9.2500000e+01;2.7909337e-02;9.2500000e+01;3.8139194e-02;9.2500000e+01;5.0591744e-02;9.2500000e+01;6.4879224e-02;9.2500000e+01;8.1039846e-02;9.2500000e+01;9.9178195e-02;9.2500000e+01;1.1877181e-01;9.2500000e+01;1.3575041e-01;9.2500000e+01;1.4958841e-01;9.2500000e+01;1.6093951e-01;9.2500000e+01;1.7340137e-01;9.2500000e+01;1.9795859e-01;9.2500000e+01;2.2517379e-01;9.2500000e+01;2.5419194e-01;9.2500000e+01;2.6538801e-01;9.2500000e+01;2.6657796e-01;9.2500000e+01;2.5995126e-01;9.2500000e+01;2.4735527e-01;9.2500000e+01;2.7909337e-02;9.2500000e+01;3.8139194e-02;9.2500000e+01;5.0591744e-02;9.2500000e+01;6.4879224e-02;9.2500000e+01;8.1039846e-02;9.2500000e+01;9.9178195e-02;9.2500000e+01;1.1877181e-01;9.2500000e+01;1.3575041e-01;9.2500000e+01;1.4958841e-01;9.2500000e+01;1.6093951e-01;9.2500000e+01;1.7340137e-01;9.2500000e+01;1.9795859e-01;9.2500000e+01;2.2517379e-01;9.2500000e+01;2.5419194e-01;9.2500000e+01;2.6538801e-01;9.2500000e+01;2.6657796e-01;9.2500000e+01;2.5995126e-01;9.2500000e+01;2.4735527e-01;9.2500000e+01;2.7909337e-02;9.2500000e+01;3.8139194e-02;9.2500000e+01;5.0591744e-02;9.2500000e+01;6.4879224e-02;9.2500000e+01;8.1039846e-02;9.2500000e+01;9.9178195e-02;9.2500000e+01;1.1877181e-01;9.2500000e+01;1.3575041e-01;9.2500000e+01;1.4958841e-01;9.2500000e+01;1.6093951e-01;9.2500000e+01;1.7340137e-01;9.2500000e+01;1.9795859e-01;9.2500000e+01;2.2517379e-01;9.2500000e+01;2.5419194e-01;9.2500000e+01;2.6538801e-01;9.2500000e+01;2.6657796e-01;9.2500000e+01;2.5995126e-01;9.2500000e+01;2.4735527e-01;9.2500000e+01;2.7909337e-02;9.2500000e+01;3.8139194e-02;9.2500000e+01;5.0591744e-02;9.2500000e+01;6.4879224e-02;9.2500000e+01;8.1039846e-02;9.2500000e+01;9.9178195e-02;9.2500000e+01;1.1877181e-01;9.2500000e+01;1.3575041e-01;9.2500000e+01;1.4958841e-01;9.2500000e+01;1.6093951e-01;9.2500000e+01;1.7340137e-01;9.2500000e+01;1.9795859e-01;9.2500000e+01;2.2517379e-01;9.2500000e+01;2.5419194e-01;9.2500000e+01;2.6538801e-01;9.2500000e+01;2.6657796e-01;9.2500000e+01;2.5995126e-01;9.2500000e+01;2.4735527e-01;9.2500000e+01;2.7909337e-02;9.2500000e+01;3.8139194e-02;9.2500000e+01;5.0591744e-02;9.2500000e+01;6.4879224e-02;9.2500000e+01;8.1039846e-02;9.2500000e+01;9.9178195e-02;9.2500000e+01;1.1877181e-01;9.2500000e+01;1.3575041e-01;9.2500000e+01;1.4958841e-01;9.2500000e+01;1.6093951e-01;9.2500000e+01;1.7340137e-01;9.2500000e+01;1.9795859e-01;9.2500000e+01;2.2517379e-01;9.2500000e+01;2.5419194e-01;9.2500000e+01;2.6538801e-01;9.2500000e+01;2.6657796e-01;9.2500000e+01;2.5995126e-01;9.2500000e+01;2.4735527e-01;9.2500000e+01;2.7909337e-02;9.2500000e+01;3.8139194e-02;9.2500000e+01;5.0591744e-02;9.2500000e+01;6.4879224e-02;9.2500000e+01;8.1039846e-02;9.2500000e+01;9.9178195e-02;9.2500000e+01;1.1877181e-01;9.2500000e+01;1.3575041e-01;9.2500000e+01;1.4958841e-01;9.2500000e+01;1.6093951e-01;9.2500000e+01;1.7340137e-01;9.2500000e+01;1.9795859e-01;9.2500000e+01;2.2517379e-01;9.2500000e+01;2.5419194e-01;9.2500000e+01;2.6538801e-01;9.2500000e+01;2.6657796e-01;9.2500000e+01;2.5995126e-01;9.2500000e+01;2.4735527e-01;9.2500000e+01;2.7909337e-02;9.2500000e+01;3.8139194e-02;9.2500000e+01;5.0591744e-02;9.2500000e+01;6.4879224e-02;9.2500000e+01;8.1039846e-02;9.2500000e+01;9.9178195e-02;9.2500000e+01;1.1877181e-01;9.2500000e+01;1.3575041e-01;9.2500000e+01;1.4958841e-01;9.2500000e+01;1.6093951e-01;9.2500000e+01;1.7340137e-01;9.2500000e+01;1.9795859e-01;9.2500000e+01;2.2517379e-01;9.2500000e+01;2.5419194e-01;9.2500000e+01;2.6538801e-01;9.2500000e+01;2.6657796e-01;9.2500000e+01;2.5995126e-01;9.2500000e+01;2.4735527e-01;9.2500000e+01;2.7909337e-02;9.2500000e+01;3.8139194e-02;9.2500000e+01;5.0591744e-02;9.2500000e+01;6.4879224e-02;9.2500000e+01;8.1039846e-02;9.2500000e+01;9.9178195e-02;9.2500000e+01;1.1877181e-01;9.2500000e+01;1.3575041e-01;9.2500000e+01;1.4958841e-01;9.2500000e+01;1.6093951e-01;9.2500000e+01;1.7340137e-01;9.2500000e+01;1.9795859e-01;9.2500000e+01;2.2517379e-01;9.2500000e+01;2.5419194e-01;9.2500000e+01;2.6538801e-01;9.2500000e+01;2.6657796e-01;9.2500000e+01;2.5995126e-01;9.2500000e+01;2.4735527e-01;9.2500000e+01;2.7909337e-02;9.2500000e+01;3.8139194e-02;9.2500000e+01;5.0591744e-02;9.2500000e+01;6.4879224e-02;9.2500000e+01;8.1039846e-02;9.2500000e+01;9.9178195e-02;9.2500000e+01;1.1877181e-01;9.2500000e+01;1.3575041e-01;9.2500000e+01;1.4958841e-01;9.2500000e+01;1.6093951e-01;9.2500000e+01;1.7340137e-01;9.2500000e+01;1.9795859e-01;9.2500000e+01;2.2517379e-01;9.2500000e+01;2.5419194e-01;9.2500000e+01;2.6538801e-01;9.2500000e+01;2.6657796e-01;9.2500000e+01;2.5995126e-01;9.2500000e+01;2.4735527e-01;9.2500000e+01;2.7909337e-02;9.2500000e+01;3.8139194e-02;9.2500000e+01;5.0591744e-02;9.2500000e+01;6.4879224e-02;9.2500000e+01;8.1039846e-02;9.2500000e+01;9.9178195e-02;9.2500000e+01;1.1877181e-01;9.2500000e+01;1.3575041e-01;9.2500000e+01;1.4958841e-01;9.2500000e+01;1.6093951e-01;9.2500000e+01;1.7340137e-01;9.2500000e+01;1.9795859e-01;9.2500000e+01;2.2517379e-01;9.2500000e+01;2.5419194e-01;9.2500000e+01;2.6538801e-01;9.2500000e+01;2.6657796e-01;9.2500000e+01;2.5995126e-01;9.2500000e+01;2.4735527e-01;9.2500000e+01;2.7909337e-02;9.2500000e+01;3.8139194e-02;9.2500000e+01;5.0591744e-02;9.2500000e+01;6.4879224e-02;9.2500000e+01;8.1039846e-02;9.2500000e+01;9.9178195e-02;9.2500000e+01;1.1877181e-01;9.2500000e+01;1.3575041e-01;9.2500000e+01;1.4958841e-01;9.2500000e+01;1.6093951e-01;9.2500000e+01;1.7340137e-01;9.2500000e+01;1.9795859e-01;9.2500000e+01;2.2517379e-01;9.2500000e+01;2.5419194e-01;9.2500000e+01;2.6538801e-01;9.2500000e+01;2.6657796e-01;9.2500000e+01;2.5995126e-01;9.2500000e+01;2.4735527e-01;9.2500000e+01;2.7909337e-02;9.2500000e+01;3.8139194e-02;9.2500000e+01;5.0591744e-02;9.2500000e+01;6.4879224e-02;9.2500000e+01;8.1039846e-02;9.2500000e+01;9.9178195e-02;9.2500000e+01;1.1877181e-01;9.2500000e+01;1.3575041e-01;9.2500000e+01;1.4958841e-01;9.2500000e+01;1.6093951e-01;9.2500000e+01;1.7340137e-01;9.2500000e+01;1.9795859e-01;9.2500000e+01;2.2517379e-01;9.2500000e+01;2.5419194e-01;9.2500000e+01;2.6538801e-01;9.2500000e+01;2.6657796e-01;9.2500000e+01;2.5995126e-01;9.2500000e+01;2.4735527e-01;9.2500000e+01;2.7909337e-02;9.2500000e+01;3.8139194e-02;9.2500000e+01;5.0591744e-02;9.2500000e+01;6.4879224e-02;9.2500000e+01;8.1039846e-02;9.2500000e+01;9.9178195e-02;9.2500000e+01;1.1877181e-01;9.2500000e+01;1.3575041e-01;9.2500000e+01;1.4958841e-01;9.2500000e+01;1.6093951e-01;9.2500000e+01;1.7340137e-01;9.2500000e+01;1.9795859e-01;9.2500000e+01;2.2517379e-01;9.2500000e+01;2.5419194e-01;9.2500000e+01;2.6538801e-01;9.2500000e+01;2.6657796e-01;9.2500000e+01;2.5995126e-01;9.2500000e+01;2.4735527e-01;9.2500000e+01;2.7909337e-02;9.2500000e+01;3.8139194e-02;9.2500000e+01;5.0591744e-02;9.2500000e+01;6.4879224e-02;9.2500000e+01;8.1039846e-02;9.2500000e+01;9.9178195e-02;9.2500000e+01;1.1877181e-01;9.2500000e+01;1.3575041e-01;9.2500000e+01;1.4958841e-01;9.2500000e+01;1.6093951e-01;9.2500000e+01;1.7340137e-01;9.2500000e+01;1.9795859e-01;9.2500000e+01;2.2517379e-01;9.2500000e+01;2.5419194e-01;9.2500000e+01;2.6538801e-01;9.2500000e+01;2.6657796e-01;9.2500000e+01;2.5995126e-01;9.2500000e+01;2.4735527e-01;9.2500000e+01;2.7909337e-02;9.2500000e+01;3.8139194e-02;9.2500000e+01;5.0591744e-02;9.2500000e+01;6.4879224e-02;9.2500000e+01;8.1039846e-02;9.2500000e+01;9.9178195e-02;9.2500000e+01;1.1877181e-01;9.2500000e+01;1.3575041e-01;9.2500000e+01;1.4958841e-01;9.2500000e+01;1.6093951e-01;9.2500000e+01;1.7340137e-01;9.2500000e+01;1.9795859e-01;9.2500000e+01;2.2517379e-01;9.2500000e+01;2.5419194e-01;9.2500000e+01;2.6538801e-01;9.2500000e+01;2.6657796e-01;9.2500000e+01;2.5995126e-01;9.2500000e+01;2.4735527e-01;9.2500000e+01;2.7909337e-02;9.2500000e+01;3.8139194e-02;9.2500000e+01;5.0591744e-02;9.2500000e+01;6.4879224e-02;9.2500000e+01;8.1039846e-02;9.2500000e+01;9.9178195e-02;9.2500000e+01;1.1877181e-01;9.2500000e+01;1.3575041e-01;9.2500000e+01;1.4958841e-01;9.2500000e+01;1.6093951e-01;9.2500000e+01;1.7340137e-01;9.2500000e+01;1.9795859e-01;9.2500000e+01;2.2517379e-01;9.2500000e+01;2.5419194e-01;9.2500000e+01;2.6538801e-01;9.2500000e+01;2.6657796e-01;9.2500000e+01;2.5995126e-01;9.2500000e+01;2.4735527e-01;9.2500000e+01;2.7909337e-02;9.2500000e+01;3.8139194e-02;9.2500000e+01;5.0591744e-02;9.2500000e+01;6.4879224e-02;9.2500000e+01;8.1039846e-02;9.2500000e+01;9.9178195e-02;9.2500000e+01;1.1877181e-01;9.2500000e+01;1.3575041e-01;9.2500000e+01;1.4958841e-01;9.2500000e+01;1.6093951e-01;9.2500000e+01;1.7340137e-01;9.2500000e+01;1.9795859e-01;9.2500000e+01;2.2517379e-01;9.2500000e+01;2.5419194e-01;9.2500000e+01;2.6538801e-01;9.2500000e+01;2.6657796e-01;9.2500000e+01;2.5995126e-01;9.2500000e+01;2.4735527e-01
9.7500000e+01;2.4387445e-02;9.7500000e+01;3.3766024e-02;9.7500000e+01;4.5098476e-02;9.7500000e+01;5.8815427e-02;9.7500000e+01;7.4577838e-02;9.7500000e+01;9.2227474e-02;9.7500000e+01;1.0948595e-01;9.7500000e+01;1.2555811e-01;9.7500000e+01;1.3931897e-01;9.7500000e+01;1.4985590e-01;9.7500000e+01;1.6043532e-01;9.7500000e+01;1.8448688e-01;9.7500000e+01;2.1364571e-01;9.7500000e+01;2.4630994e-01;9.7500000e+01;2.5958911e-01;9.7500000e+01;2.6211119e-01;9.7500000e+01;2.5685063e-01;9.7500000e+01;2.4505632e-01;9.7500000e+01;2.4387445e-02;9.7500000e+01;3.3766024e-02;9.7500000e+01;4.5098476e-02;9.7500000e+01;5.8815427e-02;9.7500000e+01;7.4577838e-02;9.7500000e+01;9.2227474e-02;9.7500000e+01;1.0948595e-01;9.7500000e+01;1.2555811e-01;9.7500000e+01;1.3931897e-01;9.7500000e+01;1.4985590e-01;9.7500000e+01;1.6043532e-01;9.7500000e+01;1.8448688e-01;9.7500000e+01;2.1364571e-01;9.7500000e+01;2.4630994e-01;9.7500000e+01;2.5958911e-01;9.7500000e+01;2.6211119e-01;9.7500000e+01;2.5685063e-01;9.7500000e+01;2.4505632e-01;9.7500000e+01;2.4387445e-02;9.7500000e+01;3.3766024e-02;9.7500000e+01;4.5098476e-02;9.7500000e+01;5.8815427e-02;9.7500000e+01;7.4577838e-02;9.7500000e+01;9.2227474e-02;9.7500000e+01;1.0948595e-01;9.7500000e+01;1.2555811e-01;9.7500000e+01;1.3931897e-01;9.7500000e+01;1.4985590e-01;9.7500000e+01;1.6043532e-01;9.7500000e+01;1.8448688e-01;9.7500000e+01;2.1364571e-01;9.7500000e+01;2.4630994e-01;9.7500000e+01;2.5958911e-01;9.7500000e+01;2.6211119e-01;9.7500000e+01;2.5685063e-01;9.7500000e+01;2.4505632e-01;9.7500000e+01;2.4387445e-02;9.7500000e+01;3.3766024e-02;9.7500000e+01;4.5098476e-02;9.7500000e+01;5.8815427e-02;9.7500000e+01;7.4577838e-02;9.7500000e+01;9.2227474e-02;9.7500000e+01;1.0948595e-01;9.7500000e+01;1.2555811e-01;9.7500000e+01;1.3931897e-01;9.7500000e+01;1.4985590e-01;9.7500000e+01;1.6043532e-01;9.7500000e+01;1.8448688e-01;9.7500000e+01;2.1364571e-01;9.7500000e+01;2.4630994e-01;9.7500000e+01;2.5958911e-01;9.7500000e+01;2.6211119e-01;9.7500000e+01;2.5685063e-01;9.7500000e+01;2.4505632e-01;9.7500000e+01;2.4387445e-02;9.7500000e+01;3.3766024e-02;9.7500000e+01;4.5098476e-02;9.7500000e+01;5.8815427e-02;9.7500000e+01;7.4577838e-02;9.7500000e+01;9.2227474e-02;9.7500000e+01;1.0948595e-01;9.7500000e+01;1.2555811e-01;9.7500000e+01;1.3931897e-01;9.7500000e+01;1.4985590e-01;9.7500000e+01;1.6043532e-01;9.7500000e+01;1.8448688e-01;9.7500000e+01;2.1364571e-01;9.7500000e+01;2.4630994e-01;9.7500000e+01;2.5958911e-01;9.7500000e+01;2.6211119e-01;9.7500000e+01;2.5685063e-01;9.7500000e+01;2.4505632e-01;9.7500000e+01;2.4387445e-02;9.7500000e+01;3.3766024e-02;9.7500000e+01;4.5098476e-02;9.7500000e+01;5.8815427e-02;9.7500000e+01;7.4577838e-02;9.7500000e+01;9.2227474e-02;9.7500000e+01;1.0948595e-01;9.7500000e+01;1.2555811e-01;9.7500000e+01;1.3931897e-01;9.7500000e+01;1.4985590e-01;9.7500000e+01;1.6043532e-01;9.7500000e+01;1.8448688e-01;9.7500000e+01;2.1364571e-01;9.7500000e+01;2.4630994e-01;9.7500000e+01;2.5958911e-01;9.7500000e+01;2.6211119e-01;9.7500000e+01;2.5685063e-01;9.7500000e+01;2.4505632e-01;9.7500000e+01;2.4387445e-02;9.7500000e+01;3.3766024e-02;9.7500000e+01;4.5098476e-02;9.7500000e+01;5.8815427e-02;9.7500000e+01;7.4577838e-02;9.7500000e+01;9.2227474e-02;9.7500000e+01;1.0948595e-01;9.7500000e+01;1.2555811e-01;9.7500000e+01;1.3931897e-01;9.7500000e+01;1.4985590e-01;9.7500000e+01;1.6043532e-01;9.7500000e+01;1.8448688e-01;9.7500000e+01;2.1364571e-01;9.7500000e+01;2.4630994e-01;9.7500000e+01;2.5958911e-01;9.7500000e+01;2.6211119e-01;9.7500000e+01;2.5685063e-01;9.7500000e+01;2.4505632e-01;9.7500000e+01;2.4387445e-02;9.7500000e+01;3.3766024e-02;9.7500000e+01;4.5098476e-02;9.7500000e+01;5.8815427e-02;9.7500000e+01;7.4577838e-02;9.7500000e+01;9.2227474e-02;9.7500000e+01;1.0948595e-01;9.7500000e+01;1.2555811e-01;9.7500000e+01;1.3931897e-01;9.7500000e+01;1.4985590e-01;9.7500000e+01;1.6043532e-01;9.7500000e+01;1.8448688e-01;9.7500000e+01;2.1364571e-01;9.7500000e+01;2.4630994e-01;9.7500000e+01;2.5958911e-01;9.7500000e+01;2.6211119e-01;9.7500000e+01;2.5685063e-01;9.7500000e+01;2.4505632e-01;9.7500000e+01;2.4387445e-02;9.7500000e+01;3.3766024e-02;9.7500000e+01;4.5098476e-02;9.7500000e+01;5.8815427e-02;9.7500000e+01;7.4577838e-02;9.7500000e+01;9.2227474e-02;9.7500000e+01;1.0948595e-01;9.7500000e+01;1.2555811e-01;9.7500000e+01;1.3931897e-01;9.7500000e+01;1.4985590e-01;9.7500000e+01;1.6043532e-01;9.7500000e+01;1.8448688e-01;9.7500000e+01;2.1364571e-01;9.7500000e+01;2.4630994e-01;9.7500000e+01;2.5958911e-01;9.7500000e+01;2.6211119e-01;9.7500000e+01;2.5685063e-01;9.7500000e+01;2.4505632e-01;9.7500000e+01;2.4387445e-02;9.7500000e+01;3.3766024e-02;9.7500000e+01;4.5098476e-02;9.7500000e+01;5.8815427e-02;9.7500000e+01;7.4577838e-02;9.7500000e+01;9.2227474e-02;9.7500000e+01;1.0948595e-01;9.7500000e+01;1.2555811e-01;9.7500000e+01;1.3931897e-01;9.7500000e+01;1.4985590e-01;9.7500000e+01;1.6043532e-01;9.7500000e+01;1.8448688e-01;9.7500000e+01;2.1364571e-01;9.7500000e+01;2.4630994e-01;9.7500000e+01;2.5958911e-01;9.7500000e+01;2.6211119e-01;9.7500000e+01;2.5685063e-01;9.7500000e+01;2.4505632e-01;9.7500000e+01;2.4387445e-02;9.7500000e+01;3.3766024e-02;9.7500000e+01;4.5098476e-02;9.7500000e+01;5.8815427e-02;9.7500000e+01;7.4577838e-02;9.7500000e+01;9.2227474e-02;9.7500000e+01;1.0948595e-01;9.7500000e+01;1.2555811e-01;9.7500000e+01;1.3931897e-01;9.7500000e+01;1.4985590e-01;9.7500000e+01;1.6043532e-01;9.7500000e+01;1.8448688e-01;9.7500000e+01;2.1364571e-01;9.7500000e+01;2.4630994e-01;9.7500000e+01;2.5958911e-01;9.7500000e+01;2.6211119e-01;9.7500000e+01;2.5685063e-01;9.7500000e+01;2.4505632e-01;9.7500000e+01;2.4387445e-02;9.7500000e+01;3.3766024e-02;9.7500000e+01;4.5098476e-02;9.7500000e+01;5.8815427e-02;9.7500000e+01;7.4577838e-02;9.7500000e+01;9.2227474e-02;9.7500000e+01;1.0948595e-01;9.7500000e+01;1.2555811e-01;9.7500000e+01;1.3931897e-01;9.7500000e+01;1.4985590e-01;9.7500000e+01;1.6043532e-01;9.7500000e+01;1.8448688e-01;9.7500000e+01;2.1364571e-01;9.7500000e+01;2.4630994e-01;9.7500000e+01;2.5958911e-01;9.7500000e+01;2.6211119e-01;9.7500000e+01;2.5685063e-01;9.7500000e+01;2.4505632e-01;9.7500000e+01;2.4387445e-02;9.7500000e+01;3.3766024e-02;9.7500000e+01;4.5098476e-02;9.7500000e+01;5.8815427e-02;9.7500000e+01;7.4577838e-02;9.7500000e+01;9.2227474e-02;9.7500000e+01;1.0948595e-01;9.7500000e+01;1.2555811e-01;9.7500000e+01;1.3931897e-01;9.7500000e+01;1.4985590e-01;9.7500000e+01;1.6043532e-01;9.7500000e+01;1.8448688e-01;9.7500000e+01;2.1364571e-01;9.7500000e+01;2.4630994e-01;9.7500000e+01;2.5958911e-01;9.7500000e+01;2.6211119e-01;9.7500000e+01;2.5685063e-01;9.7500000e+01;2.4505632e-01;9.7500000e+01;2.4387445e-02;9.7500000e+01;3.3766024e-02;9.7500000e+01;4.5098476e-02;9.7500000e+01;5.8815427e-02;9.7500000e+01;7.4577838e-02;9.7500000e+01;9.2227474e-02;9.7500000e+01;1.0948595e-01;9.7500000e+01;1.2555811e-01;9.7500000e+01;1.3931897e-01;9.7500000e+01;1.4985590e-01;9.7500000e+01;1.6043532e-01;9.7500000e+01;1.8448688e-01;9.7500000e+01;2.1364571e-01;9.7500000e+01;2.4630994e-01;9.7500000e+01;2.5958911e-01;9.7500000e+01;2.6211119e-01;9.7500000e+01;2.5685063e-01;9.7500000e+01;2.4505632e-01;9.7500000e+01;2.4387445e-02;9.7500000e+01;3.3766024e-02;9.7500000e+01;4.5098476e-02;9.7500000e+01;5.8815427e-02;9.7500000e+01;7.4577838e-02;9.7500000e+01;9.2227474e-02;9.7500000e+01;1.0948595e-01;9.7500000e+01;1.2555811e-01;9.7500000e+01;1.3931897e-01;9.7500000e+01;1.4985590e-01;9.7500000e+01;1.6043532e-01;9.7500000e+01;1.8448688e-01;9.7500000e+01;2.1364571e-01;9.7500000e+01;2.4630994e-01;9.7500000e+01;2.5958911e-01;9.7500000e+01;2.6211119e-01;9.7500000e+01;2.5685063e-01;9.7500000e+01;2.4505632e-01;9.7500000e+01;2.4387445e-02;9.7500000e+01;3.3766024e-02;9.7500000e+01;4.5098476e-02;9.7500000e+01;5.8815427e-02;9.7500000e+01;7.4577838e-02;9.7500000e+01;9.2227474e-02;9.7500000e+01;1.0948595e-01;9.7500000e+01;1.2555811e-01;9.7500000e+01;1.3931897e-01;9.7500000e+01;1.4985590e-01;9.7500000e+01;1.6043532e-01;9.7500000e+01;1.8448688e-01;9.7500000e+01;2.1364571e-01;9.7500000e+01;2.4630994e-01;9.7500000e+01;2.5958911e-01;9.7500000e+01;2.6211119e-01;9.7500000e+01;2.5685063e-01;9.7500000e+01;2.4505632e-01;9.7500000e+01;2.4387445e-02;9.7500000e+01;3.3766024e-02;9.7500000e+01;4.5098476e-02;9.7500000e+01;5.8815427e-02;9.7500000e+01;7.4577838e-02;9.7500000e+01;9.2227474e-02;9.7500000e+01;1.0948595e-01;9.7500000e+01;1.2555811e-01;9.7500000e+01;1.3931897e-01;9.7500000e+01;1.4985590e-01;9.7500000e+01;1.6043532e-01;9.7500000e+01;1.8448688e-01;9.7500000e+01;2.1364571e-01;9.7500000e+01;2.4630994e-01;9.7500000e+01;2.5958911e-01;9.7500000e+01;2.6211119e-01;9.7500000e+01;2.5685063e-01;9.7500000e+01;2.4505632e-01;9.7500000e+01;2.4387445e-02;9.7500000e+01;3.3766024e-02;9.7500000e+01;4.5098476e-02;9.7500000e+01;5.8815427e-02;9.7500000e+01;7.4577838e-02;9.7500000e+01;9.2227474e-02;9.7500000e+01;1.0948595e-01;9.7500000e+01;1.2555811e-01;9.7500000e+01;1.3931897e-01;9.7500000e+01;1.4985590e-01;9.7500000e+01;1.6043532e-01;9.7500000e+01;1.8448688e-01;9.7500000e+01;2.1364571e-01;9.7500000e+01;2.4630994e-01;9.7500000e+01;2.5958911e-01;9.7500000e+01;2.6211119e-01;9.7500000e+01;2.5685063e-01;9.7500000e+01;2.4505632e-01;9.7500000e+01;2.4387445e-02;9.7500000e+01;3.3766024e-02;9.7500000e+01;4.5098476e-02;9.7500000e+01;5.8815427e-02;9.7500000e+01;7.4577838e-02;9.7500000e+01;9.2227474e-02;9.7500000e+01;1.0948595e-01;9.7500000e+01;1.2555811e-01;9.7500000e+01;1.3931897e-01;9.7500000e+01;1.4985590e-01;9.7500000e+01;1.6043532e-01;9.7500000e+01;1.8448688e-01;9.7500000e+01;2.1364571e-01;9.7500000e+01;2.4630994e-01;9.7500000e+01;2.5958911e-01;9.7500000e+01;2.6211119e-01;9.7500000e+01;2.5685063e-01;9.7500000e+01;2.4505632e-01;9.7500000e+01;2.4387445e-02;9.7500000e+01;3.3766024e-02;9.7500000e+01;4.5098476e-02;9.7500000e+01;5.8815427e-02;9.7500000e+01;7.4577838e-02;9.7500000e+01;9.2227474e-02;9.7500000e+01;1.0948595e-01;9.7500000e+01;1.2555811e-01;9.7500000e+01;1.3931897e-01;9.7500000e+01;1.4985590e-01;9.7500000e+01;1.6043532e-01;9.7500000e+01;1.8448688e-01;9.7500000e+01;2.1364571e-01;9.7500000e+01;2.4630994e-01;9.7500000e+01;2.5958911e-01;9.7500000e+01;2.6211119e-01;9.7500000e+01;2.5685063e-01;9.7500000e+01;2.4505632e-01;9.7500000e+01;2.4387445e-02;9.7500000e+01;3.3766024e-02;9.7500000e+01;4.5098476e-02;9.7500000e+01;5.8815427e-02;9.7500000e+01;7.4577838e-02;9.7500000e+01;9.2227474e-02;9.7500000e+01;1.0948595e-01;9.7500000e+01;1.2555811e-01;9.7500000e+01;1.3931897e-01;9.7500000e+01;1.4985590e-01;9.7500000e+01;1.6043532e-01;9.7500000e+01;1.8448688e-01;9.7500000e+01;2.1364571e-01;9.7500000e+01;2.4630994e-01;9.7500000e+01;2.5958911e-01;9.7500000e+01;2.6211119e-01;9.7500000e+01;2.5685063e-01;9.7500000e+01;2.4505632e-01;9.7500000e+01;2.4387445e-02;9.7500000e+01;3.3766024e-02;9.7500000e+01;4.5098476e-02;9.7500000e+01;5.8815427e-02;9.7500000e+01;7.4577838e-02;9.7500000e+01;9.2227474e-02;9.7500000e+01;1.0948595e-01;9.7500000e+01;1.2555811e-01;9.7500000e+01;1.3931897e-01;9.7500000e+01;1.4985590e-01;9.7500000e+01;1.6043532e-01;9.7500000e+01;1.8448688e-01;9.7500000e+01;2.1364571e-01;9.7500000e+01;2.4630994e-01;9.7500000e+01;2.5958911e-01;9.7500000e+01;2.6211119e-01;9.7500000e+01;2.5685063e-01;9.7500000e+01;2.4505632e-01;9.7500000e+01;2.4387445e-02;9.7500000e+01;3.3766024e-02;9.7500000e+01;4.5098476e-02;9.7500000e+01;5.8815427e-02;9.7500000e+01;7.4577838e-02;9.7500000e+01;9.2227474e-02;9.7500000e+01;1.0948595e-01;9.7500000e+01;1.2555811e-01;9.7500000e+01;1.3931897e-01;9.7500000e+01;1.4985590e-01;9.7500000e+01;1.6043532e-01;9.7500000e+01;1.8448688e-01;9.7500000e+01;2.1364571e-01;9.7500000e+01;2.4630994e-01;9.7500000e+01;2.5958911e-01;9.7500000e+01;2.6211119e-01;9.7500000e+01;2.5685063e-01;9.7500000e+01;2.4505632e-01;9.7500000e+01;2.4387445e-02;9.7500000e+01;3.3766024e-02;9.7500000e+01;4.5098476e-02;9.7500000e+01;5.8815427e-02;9.7500000e+01;7.4577838e-02;9.7500000e+01;9.2227474e-02;9.7500000e+01;1.0948595e-01;9.7500000e+01;1.2555811e-01;9.7500000e+01;1.3931897e-01;9.7500000e+01;1.4985590e-01;9.7500000e+01;1.6043532e-01;9.7500000e+01;1.8448688e-01;9.7500000e+01;2.1364571e-01;9.7500000e+01;2.4630994e-01;9.7500000e+01;2.5958911e-01;9.7500000e+01;2.6211119e-01;9.7500000e+01;2.5685063e-01;9.7500000e+01;2.4505632e-01;9.7500000e+01;2.4387445e-02;9.7500000e+01;3.3766024e-02;9.7500000e+01;4.5098476e-02;9.7500000e+01;5.8815427e-02;9.7500000e+01;7.4577838e-02;9.7500000e+01;9.2227474e-02;9.7500000e+01;1.0948595e-01;9.7500000e+01;1.2555811e-01;9.7500000e+01;1.3931897e-01;9.7500000e+01;1.4985590e-01;9.7500000e+01;1.6043532e-01;9.7500000e+01;1.8448688e-01;9.7500000e+01;2.1364571e-01;9.7500000e+01;2.4630994e-01;9.7500000e+01;2.5958911e-01;9.7500000e+01;2.6211119e-01;9.7500000e+01;2.5685063e-01;9.7500000e+01;2.4505632e-01;9.7500000e+01;2.4387445e-02;9.7500000e+01;3.3766024e-02;9.7500000e+01;4.5098476e-02;9.7500000e+01;5.8815427e-02;9.7500000e+01;7.4577838e-02;9.7500000e+01;9.2227474e-02;9.7500000e+01;1.0948595e-01;9.7500000e+01;1.2555811e-01;9.7500000e+01;1.3931897e-01;9.7500000e+01;1.4985590e-01;9.7500000e+01;1.6043532e-01;9.7500000e+01;1.8448688e-01;9.7500000e+01;2.1364571e-01;9.7500000e+01;2.4630994e-01;9.7500000e+01;2.5958911e-01;9.7500000e+01;2.6211119e-01;9.7500000e+01;2.5685063e-01;9.7500000e+01;2.4505632e-01;9.7500000e+01;2.4387445e-02;9.7500000e+01;3.3766024e-02;9.7500000e+01;4.5098476e-02;9.7500000e+01;5.8815427e-02;9.7500000e+01;7.4577838e-02;9.7500000e+01;9.2227474e-02;9.7500000e+01;1.0948595e-01;9.7500000e+01;1.2555811e-01;9.7500000e+01;1.3931897e-01;9.7500000e+01;1.4985590e-01;9.7500000e+01;1.6043532e-01;9.7500000e+01;1.8448688e-01;9.7500000e+01;2.1364571e-01;9.7500000e+01;2.4630994e-01;9.7500000e+01;2.5958911e-01;9.7500000e+01;2.6211119e-01;9.7500000e+01;2.5685063e-01;9.7500000e+01;2.4505632e-01;9.7500000e+01;2.4387445e-02;9.7500000e+01;3.3766024e-02;9.7500000e+01;4.5098476e-02;9.7500000e+01;5.8815427e-02;9.7500000e+01;7.4577838e-02;9.7500000e+01;9.2227474e-02;9.7500000e+01;1.0948595e-01;9.7500000e+01;1.2555811e-01;9.7500000e+01;1.3931897e-01;9.7500000e+01;1.4985590e-01;9.7500000e+01;1.6043532e-01;9.7500000e+01;1.8448688e-01;9.7500000e+01;2.1364571e-01;9.7500000e+01;2.4630994e-01;9.7500000e+01;2.5958911e-01;9.7500000e+01;2.6211119e-01;9.7500000e+01;2.5685063e-01;9.7500000e+01;2.4505632e-01;9.7500000e+01;2.4387445e-02;9.7500000e+01;3.3766024e-02;9.7500000e+01;4.5098476e-02;9.7500000e+01;5.8815427e-02;9.7500000e+01;7.4577838e-02;9.7500000e+01;9.2227474e-02;9.7500000e+01;1.0948595e-01;9.7500000e+01;1.2555811e-01;9.7500000e+01;1.3931897e-01;9.7500000e+01;1.4985590e-01;9.7500000e+01;1.6043532e-01;9.7500000e+01;1.8448688e-01;9.7500000e+01;2.1364571e-01;9.7500000e+01;2.4630994e-01;9.7500000e+01;2.5958911e-01;9.7500000e+01;2.6211119e-01;9.7500000e+01;2.5685063e-01;9.7500000e+01;2.4505632e-01;9.7500000e+01;2.4387445e-02;9.7500000e+01;3.3766024e-02;9.7500000e+01;4.5098476e-02;9.7500000e+01;5.8815427e-02;9.7500000e+01;7.4577838e-02;9.7500000e+01;9.2227474e-02;9.7500000e+01;1.0948595e-01;9.7500000e+01;1.2555811e-01;9.7500000e+01;1.3931897e-01;9.7500000e+01;1.4985590e-01;9.7500000e+01;1.6043532e-01;9.7500000e+01;1.8448688e-01;9.7500000e+01;2.1364571e-01;9.7500000e+01;2.4630994e-01;9.7500000e+01;2.5958911e-01;9.7500000e+01;2.6211119e-01;9.7500000e+01;2.5685063e-01;9.7500000e+01;2.4505632e-01;9.7500000e+01;2.4387445e-02;9.7500000e+01;3.3766024e-02;9.7500000e+01;4.5098476e-02;9.7500000e+01;5.8815427e-02;9.7500000e+01;7.4577838e-02;9.7500000e+01;9.2227474e-02;9.7500000e+01;1.0948595e-01;9.7500000e+01;1.2555811e-01;9.7500000e+01;1.3931897e-01;9.7500000e+01;1.4985590e-01;9.7500000e+01;1.6043532e-01;9.7500000e+01;1.8448688e-01;9.7500000e+01;2.1364571e-01;9.7500000e+01;2.4630994e-01;9.7500000e+01;2.5958911e-01;9.7500000e+01;2.6211119e-01;9.7500000e+01;2.5685063e-01;9.7500000e+01;2.4505632e-01;9.7500000e+01;2.4387445e-02;9.7500000e+01;3.3766024e-02;9.7500000e+01;4.5098476e-02;9.7500000e+01;5.8815427e-02;9.7500000e+01;7.4577838e-02;9.7500000e+01;9.2227474e-02;9.7500000e+01;1.0948595e-01;9.7500000e+01;1.2555811e-01;9.7500000e+01;1.3931897e-01;9.7500000e+01;1.4985590e-01;9.7500000e+01;1.6043532e-01;9.7500000e+01;1.8448688e-01;9.7500000e+01;2.1364571e-01;9.7500000e+01;2.4630994e-01;9.7500000e+01;2.5958911e-01;9.7500000e+01;2.6211119e-01;9.7500000e+01;2.5685063e-01;9.7500000e+01;2.4505632e-01;9.7500000e+01;2.4387445e-02;9.7500000e+01;3.3766024e-02;9.7500000e+01;4.5098476e-02;9.7500000e+01;5.8815427e-02;9.7500000e+01;7.4577838e-02;9.7500000e+01;9.2227474e-02;9.7500000e+01;1.0948595e-01;9.7500000e+01;1.2555811e-01;9.7500000e+01;1.3931897e-01;9.7500000e+01;1.4985590e-01;9.7500000e+01;1.6043532e-01;9.7500000e+01;1.8448688e-01;9.7500000e+01;2.1364571e-01;9.7500000e+01;2.4630994e-01;9.7500000e+01;2.5958911e-01;9.7500000e+01;2.6211119e-01;9.7500000e+01;2.5685063e-01;9.7500000e+01;2.4505632e-01;9.7500000e+01;2.4387445e-02;9.7500000e+01;3.3766024e-02;9.7500000e+01;4.5098476e-02;9.7500000e+01;5.8815427e-02;9.7500000e+01;7.4577838e-02;9.7500000e+01;9.2227474e-02;9.7500000e+01;1.0948595e-01;9.7500000e+01;1.2555811e-01;9.7500000e+01;1.3931897e-01;9.7500000e+01;1.4985590e-01;9.7500000e+01;1.6043532e-01;9.7500000e+01;1.8448688e-01;9.7500000e+01;2.1364571e-01;9.7500000e+01;2.4630994e-01;9.7500000e+01;2.5958911e-01;9.7500000e+01;2.6211119e-01;9.7500000e+01;2.5685063e-01;9.7500000e+01;2.4505632e-01;9.7500000e+01;2.4387445e-02;9.7500000e+01;3.3766024e-02;9.7500000e+01;4.5098476e-02;9.7500000e+01;5.8815427e-02;9.7500000e+01;7.4577838e-02;9.7500000e+01;9.2227474e-02;9.7500000e+01;1.0948595e-01;9.7500000e+01;1.2555811e-01;9.7500000e+01;1.3931897e-01;9.7500000e+01;1.4985590e-01;9.7500000e+01;1.6043532e-01;9.7500000e+01;1.8448688e-01;9.7500000e+01;2.1364571e-01;9.7500000e+01;2.4630994e-01;9.7500000e+01;2.5958911e-01;9.7500000e+01;2.6211119e-01;9.7500000e+01;2.5685063e-01;9.7500000e+01;2.4505632e-01;9.7500000e+01;2.4387445e-02;9.7500000e+01;3.3766024e-02;9.7500000e+01;4.5098476e-02;9.7500000e+01;5.8815427e-02;9.7500000e+01;7.4577838e-02;9.7500000e+01;9.2227474e-02;9.7500000e+01;1.0948595e-01;9.7500000e+01;1.2555811e-01;9.7500000e+01;1.3931897e-01;9.7500000e+01;1.4985590e-01;9.7500000e+01;1.6043532e-01;9.7500000e+01;1.8448688e-01;9.7500000e+01;2.1364571e-01;9.7500000e+01;2.4630994e-01;9.7500000e+01;2.5958911e-01;9.7500000e+01;2.6211119e-01;9.7500000e+01;2.5685063e-01;9.7500000e+01;2.4505632e-01;9.7500000e+01;2.4387445e-02;9.7500000e+01;3.3766024e-02;9.7500000e+01;4.5098476e-02;9.7500000e+01;5.8815427e-02;9.7500000e+01;7.4577838e-02;9.7500000e+01;9.2227474e-02;9.7500000e+01;1.0948595e-01;9.7500000e+01;1.2555811e-01;9.7500000e+01;1.3931897e-01;9.7500000e+01;1.4985590e-01;9.7500000e+01;1.6043532e-01;9.7500000e+01;1.8448688e-01;9.7500000e+01;2.1364571e-01;9.7500000e+01;2.4630994e-01;9.7500000e+01;2.5958911e-01;9.7500000e+01;2.6211119e-01;9.7500000e+01;2.5685063e-01;9.7500000e+01;2.4505632e-01;9.7500000e+01;2.4387445e-02;9.7500000e+01;3.3766024e-02;9.7500000e+01;4.5098476e-02;9.7500000e+01;5.8815427e-02;9.7500000e+01;7.4577838e-02;9.7500000e+01;9.2227474e-02;9.7500000e+01;1.0948595e-01;9.7500000e+01;1.2555811e-01;9.7500000e+01;1.3931897e-01;9.7500000e+01;1.4985590e-01;9.7500000e+01;1.6043532e-01;9.7500000e+01;1.8448688e-01;9.7500000e+01;2.1364571e-01;9.7500000e+01;2.4630994e-01;9.7500000e+01;2.5958911e-01;9.7500000e+01;2.6211119e-01;9.7500000e+01;2.5685063e-01;9.7500000e+01;2.4505632e-01;9.7500000e+01;2.4387445e-02;9.7500000e+01;3.3766024e-02;9.7500000e+01;4.5098476e-02;9.7500000e+01;5.8815427e-02;9.7500000e+01;7.4577838e-02;9.7500000e+01;9.2227474e-02;9.7500000e+01;1.0948595e-01;9.7500000e+01;1.2555811e-01;9.7500000e+01;1.3931897e-01;9.7500000e+01;1.4985590e-01;9.7500000e+01;1.6043532e-01;9.7500000e+01;1.8448688e-01;9.7500000e+01;2.1364571e-01;9.7500000e+01;2.4630994e-01;9.7500000e+01;2.5958911e-01;9.7500000e+01;2.6211119e-01;9.7500000e+01;2.5685063e-01;9.7500000e+01;2.4505632e-01;9.7500000e+01;2.4387445e-02;9.7500000e+01;3.3766024e-02;9.7500000e+01;4.5098476e-02;9.7500000e+01;5.8815427e-02;9.7500000e+01;7.4577838e-02;9.7500000e+01;9.2227474e-02;9.7500000e+01;1.0948595e-01;9.7500000e+01;1.2555811e-01;9.7500000e+01;1.3931897e-01;9.7500000e+01;1.4985590e-01;9.7500000e+01;1.6043532e-01;9.7500000e+01;1.8448688e-01;9.7500000e+01;2.1364571e-01;9.7500000e+01;2.4630994e-01;9.7500000e+01;2.5958911e-01;9.7500000e+01;2.6211119e-01;9.7500000e+01;2.5685063e-01;9.7500000e+01;2.4505632e-01;9.7500000e+01;2.4387445e-02;9.7500000e+01;3.3766024e-02;9.7500000e+01;4.5098476e-02;9.7500000e+01;5.8815427e-02;9.7500000e+01;7.4577838e-02;9.7500000e+01;9.2227474e-02;9.7500000e+01;1.0948595e-01;9.7500000e+01;1.2555811e-01;9.7500000e+01;1.3931897e-01;9.7500000e+01;1.4985590e-01;9.7500000e+01;1.6043532e-01;9.7500000e+01;1.8448688e-01;9.7500000e+01;2.1364571e-01;9.7500000e+01;2.4630994e-01;9.7500000e+01;2.5958911e-01;9.7500000e+01;2.6211119e-01;9.7500000e+01;2.5685063e-01;9.7500000e+01;2.4505632e-01;9.7500000e+01;2.4387445e-02;9.7500000e+01;3.3766024e-02;9.7500000e+01;4.5098476e-02;9.7500000e+01;5.8815427e-02;9.7500000e+01;7.4577838e-02;9.7500000e+01;9.2227474e-02;9.7500000e+01;1.0948595e-01;9.7500000e+01;1.2555811e-01;9.7500000e+01;1.3931897e-01;9.7500000e+01;1.4985590e-01;9.7500000e+01;1.6043532e-01;9.7500000e+01;1.8448688e-01;9.7500000e+01;2.1364571e-01;9.7500000e+01;2.4630994e-01;9.7500000e+01;2.5958911e-01;9.7500000e+01;2.6211119e-01;9.7500000e+01;2.5685063e-01;9.7500000e+01;2.4505632e-01;9.7500000e+01;2.4387445e-02;9.7500000e+01;3.3766024e-02;9.7500000e+01;4.5098476e-02;9.7500000e+01;5.8815427e-02;9.7500000e+01;7.4577838e-02;9.7500000e+01;9.2227474e-02;9.7500000e+01;1.0948595e-01;9.7500000e+01;1.2555811e-01;9.7500000e+01;1.3931897e-01;9.7500000e+01;1.4985590e-01;9.7500000e+01;1.6043532e-01;9.7500000e+01;1.8448688e-01;9.7500000e+01;2.1364571e-01;9.7500000e+01;2.4630994e-01;9.7500000e+01;2.5958911e-01;9.7500000e+01;2.6211119e-01;9.7500000e+01;2.5685063e-01;9.7500000e+01;2.4505632e-01;9.7500000e+01;2.4387445e-02;9.7500000e+01;3.3766024e-02;9.7500000e+01;4.5098476e-02;9.7500000e+01;5.8815427e-02;9.7500000e+01;7.4577838e-02;9.7500000e+01;9.2227474e-02;9.7500000e+01;1.0948595e-01;9.7500000e+01;1.2555811e-01;9.7500000e+01;1.3931897e-01;9.7500000e+01;1.4985590e-01;9.7500000e+01;1.6043532e-01;9.7500000e+01;1.8448688e-01;9.7500000e+01;2.1364571e-01;9.7500000e+01;2.4630994e-01;9.7500000e+01;2.5958911e-01;9.7500000e+01;2.6211119e-01;9.7500000e+01;2.5685063e-01;9.7500000e+01;2.4505632e-01;9.7500000e+01;2.4387445e-02;9.7500000e+01;3.3766024e-02;9.7500000e+01;4.5098476e-02;9.7500000e+01;5.8815427e-02;9.7500000e+01;7.4577838e-02;9.7500000e+01;9.2227474e-02;9.7500000e+01;1.0948595e-01;9.7500000e+01;1.2555811e-01;9.7500000e+01;1.3931897e-01;9.7500000e+01;1.4985590e-01;9.7500000e+01;1.6043532e-01;9.7500000e+01;1.8448688e-01;9.7500000e+01;2.1364571e-01;9.7500000e+01;2.4630994e-01;9.7500000e+01;2.5958911e-01;9.7500000e+01;2.6211119e-01;9.7500000e+01;2.5685063e-01;9.7500000e+01;2.4505632e-01;9.7500000e+01;2.4387445e-02;9.7500000e+01;3.3766024e-02;9.7500000e+01;4.5098476e-02;9.7500000e+01;5.8815427e-02;9.7500000e+01;7.4577838e-02;9.7500000e+01;9.2227474e-02;9.7500000e+01;1.0948595e-01;9.7500000e+01;1.2555811e-01;9.7500000e+01;1.3931897e-01;9.7500000e+01;1.4985590e-01;9.7500000e+01;1.6043532e-01;9.7500000e+01;1.8448688e-01;9.7500000e+01;2.1364571e-01;9.7500000e+01;2.4630994e-01;9.7500000e+01;2.5958911e-01;9.7500000e+01;2.6211119e-01;9.7500000e+01;2.5685063e-01;9.7500000e+01;2.4505632e-01;9.7500000e+01;2.4387445e-02;9.7500000e+01;3.3766024e-02;9.7500000e+01;4.5098476e-02;9.7500000e+01;5.8815427e-02;9.7500000e+01;7.4577838e-02;9.7500000e+01;9.2227474e-02;9.7500000e+01;1.0948595e-01;9.7500000e+01;1.2555811e-01;9.7500000e+01;1.3931897e-01;9.7500000e+01;1.4985590e-01;9.7500000e+01;1.6043532e-01;9.7500000e+01;1.8448688e-01;9.7500000e+01;2.1364571e-01;9.7500000e+01;2.4630994e-01;9.7500000e+01;2.5958911e-01;9.7500000e+01;2.6211119e-01;9.7500000e+01;2.5685063e-01;9.7500000e+01;2.4505632e-01;9.7500000e+01;2.4387445e-02;9.7500000e+01;3.3766024e-02;9.7500000e+01;4.5098476e-02;9.7500000e+01;5.8815427e-02;9.7500000e+01;7.4577838e-02;9.7500000e+01;9.2227474e-02;9.7500000e+01;1.0948595e-01;9.7500000e+01;1.2555811e-01;9.7500000e+01;1.3931897e-01;9.7500000e+01;1.4985590e-01;9.7500000e+01;1.6043532e-01;9.7500000e+01;1.8448688e-01;9.7500000e+01;2.1364571e-01;9.7500000e+01;2.4630994e-01;9.7500000e+01;2.5958911e-01;9.7500000e+01;2.6211119e-01;9.7500000e+01;2.5685063e-01;9.7500000e+01;2.4505632e-01;9.7500000e+01;2.4387445e-02;9.7500000e+01;3.3766024e-02;9.7500000e+01;4.5098476e-02;9.7500000e+01;5.8815427e-02;9.7500000e+01;7.4577838e-02;9.7500000e+01;9.2227474e-02;9.7500000e+01;1.0948595e-01;9.7500000e+01;1.2555811e-01;9.7500000e+01;1.3931897e-01;9.7500000e+01;1.4985590e-01;9.7500000e+01;1.6043532e-01;9.7500000e+01;1.8448688e-01;9.7500000e+01;2.1364571e-01;9.7500000e+01;2.4630994e-01;9.7500000e+01;2.5958911e-01;9.7500000e+01;2.6211119e-01;9.7500000e+01;2.5685063e-01;9.7500000e+01;2.4505632e-01;9.7500000e+01;2.4387445e-02;9.7500000e+01;3.3766024e-02;9.7500000e+01;4.5098476e-02;9.7500000e+01;5.8815427e-02;9.7500000e+01;7.4577838e-02;9.7500000e+01;9.2227474e-02;9.7500000e+01;1.0948595e-01;9.7500000e+01;1.2555811e-01;9.7500000e+01;1.3931897e-01;9.7500000e+01;1.4985590e-01;9.7500000e+01;1.6043532e-01;9.7500000e+01;1.8448688e-01;9.7500000e+01;2.1364571e-01;9.7500000e+01;2.4630994e-01;9.7500000e+01;2.5958911e-01;9.7500000e+01;2.6211119e-01;9.7500000e+01;2.5685063e-01;9.7500000e+01;2.4505632e-01;9.7500000e+01;2.4387445e-02;9.7500000e+01;3.3766024e-02;9.7500000e+01;4.5098476e-02;9.7500000e+01;5.8815427e-02;9.7500000e+01;7.4577838e-02;9.7500000e+01;9.2227474e-02;9.7500000e+01;1.0948595e-01;9.7500000e+01;1.2555811e-01;9.7500000e+01;1.3931897e-01;9.7500000e+01;1.4985590e-01;9.7500000e+01;1.6043532e-01;9.7500000e+01;1.8448688e-01;9.7500000e+01;2.1364571e-01;9.7500000e+01;2.4630994e-01;9.7500000e+01;2.5958911e-01;9.7500000e+01;2.6211119e-01;9.7500000e+01;2.5685063e-01;9.7500000e+01;2.4505632e-01;9.7500000e+01;2.4387445e-02;9.7500000e+01;3.3766024e-02;9.7500000e+01;4.5098476e-02;9.7500000e+01;5.8815427e-02;9.7500000e+01;7.4577838e-02;9.7500000e+01;9.2227474e-02;9.7500000e+01;1.0948595e-01;9.7500000e+01;1.2555811e-01;9.7500000e+01;1.3931897e-01;9.7500000e+01;1.4985590e-01;9.7500000e+01;1.6043532e-01;9.7500000e+01;1.8448688e-01;9.7500000e+01;2.1364571e-01;9.7500000e+01;2.4630994e-01;9.7500000e+01;2.5958911e-01;9.7500000e+01;2.6211119e-01;9.7500000e+01;2.5685063e-01;9.7500000e+01;2.4505632e-01;9.7500000e+01;2.4387445e-02;9.7500000e+01;3.3766024e-02;9.7500000e+01;4.5098476e-02;9.7500000e+01;5.8815427e-02;9.7500000e+01;7.4577838e-02;9.7500000e+01;9.2227474e-02;9.7500000e+01;1.0948595e-01;9.7500000e+01;1.2555811e-01;9.7500000e+01;1.3931897e-01;9.7500000e+01;1.4985590e-01;9.7500000e+01;1.6043532e-01;9.7500000e+01;1.8448688e-01;9.7500000e+01;2.1364571e-01;9.7500000e+01;2.4630994e-01;9.7500000e+01;2.5958911e-01;9.7500000e+01;2.6211119e-01;9.7500000e+01;2.5685063e-01;9.7500000e+01;2.4505632e-01;9.7500000e+01;2.4387445e-02;9.7500000e+01;3.3766024e-02;9.7500000e+01;4.5098476e-02;9.7500000e+01;5.8815427e-02;9.7500000e+01;7.4577838e-02;9.7500000e+01;9.2227474e-02;9.7500000e+01;1.0948595e-01;9.7500000e+01;1.2555811e-01;9.7500000e+01;1.3931897e-01;9.7500000e+01;1.4985590e-01;9.7500000e+01;1.6043532e-01;9.7500000e+01;1.8448688e-01;9.7500000e+01;2.1364571e-01;9.7500000e+01;2.4630994e-01;9.7500000e+01;2.5958911e-01;9.7500000e+01;2.6211119e-01;9.7500000e+01;2.5685063e-01;9.7500000e+01;2.4505632e-01;9.7500000e+01;2.4387445e-02;9.7500000e+01;3.3766024e-02;9.7500000e+01;4.5098476e-02;9.7500000e+01;5.8815427e-02;9.7500000e+01;7.4577838e-02;9.7500000e+01;9.2227474e-02;9.7500000e+01;1.0948595e-01;9.7500000e+01;1.2555811e-01;9.7500000e+01;1.3931897e-01;9.7500000e+01;1.4985590e-01;9.7500000e+01;1.6043532e-01;9.7500000e+01;1.8448688e-01;9.7500000e+01;2.1364571e-01;9.7500000e+01;2.4630994e-01;9.7500000e+01;2.5958911e-01;9.7500000e+01;2.6211119e-01;9.7500000e+01;2.5685063e-01;9.7500000e+01;2.4505632e-01;9.7500000e+01;2.4387445e-02;9.7500000e+01;3.3766024e-02;9.7500000e+01;4.5098476e-02;9.7500000e+01;5.8815427e-02;9.7500000e+01;7.4577838e-02;9.7500000e+01;9.2227474e-02;9.7500000e+01;1.0948595e-01;9.7500000e+01;1.2555811e-01;9.7500000e+01;1.3931897e-01;9.7500000e+01;1.4985590e-01;9.7500000e+01;1.6043532e-01;9.7500000e+01;1.8448688e-01;9.7500000e+01;2.1364571e-01;9.7500000e+01;2.4630994e-01;9.7500000e+01;2.5958911e-01;9.7500000e+01;2.6211119e-01;9.7500000e+01;2.5685063e-01;9.7500000e+01;2.4505632e-01;9.7500000e+01;2.4387445e-02;9.7500000e+01;3.3766024e-02;9.7500000e+01;4.5098476e-02;9.7500000e+01;5.8815427e-02;9.7500000e+01;7.4577838e-02;9.7500000e+01;9.2227474e-02;9.7500000e+01;1.0948595e-01;9.7500000e+01;1.2555811e-01;9.7500000e+01;1.3931897e-01;9.7500000e+01;1.4985590e-01;9.7500000e+01;1.6043532e-01;9.7500000e+01;1.8448688e-01;9.7500000e+01;2.1364571e-01;9.7500000e+01;2.4630994e-01;9.7500000e+01;2.5958911e-01;9.7500000e+01;2.6211119e-01;9.7500000e+01;2.5685063e-01;9.7500000e+01;2.4505632e-01;9.7500000e+01;2.4387445e-02;9.7500000e+01;3.3766024e-02;9.7500000e+01;4.5098476e-02;9.7500000e+01;5.8815427e-02;9.7500000e+01;7.4577838e-02;9.7500000e+01;9.2227474e-02;9.7500000e+01;1.0948595e-01;9.7500000e+01;1.2555811e-01;9.7500000e+01;1.3931897e-01;9.7500000e+01;1.4985590e-01;9.7500000e+01;1.6043532e-01;9.7500000e+01;1.8448688e-01;9.7500000e+01;2.1364571e-01;9.7500000e+01;2.4630994e-01;9.7500000e+01;2.5958911e-01;9.7500000e+01;2.6211119e-01;9.7500000e+01;2.5685063e-01;9.7500000e+01;2.4505632e-01;9.7500000e+01;2.4387445e-02;9.7500000e+01;3.3766024e-02;9.7500000e+01;4.5098476e-02;9.7500000e+01;5.8815427e-02;9.7500000e+01;7.4577838e-02;9.7500000e+01;9.2227474e-02;9.7500000e+01;1.0948595e-01;9.7500000e+01;1.2555811e-01;9.7500000e+01;1.3931897e-01;9.7500000e+01;1.4985590e-01;9.7500000e+01;1.6043532e-01;9.7500000e+01;1.8448688e-01;9.7500000e+01;2.1364571e-01;9.7500000e+01;2.4630994e-01;9.7500000e+01;2.5958911e-01;9.7500000e+01;2.6211119e-01;9.7500000e+01;2.5685063e-01;9.7500000e+01;2.4505632e-01;9.7500000e+01;2.4387445e-02;9.7500000e+01;3.3766024e-02;9.7500000e+01;4.5098476e-02;9.7500000e+01;5.8815427e-02;9.7500000e+01;7.4577838e-02;9.7500000e+01;9.2227474e-02;9.7500000e+01;1.0948595e-01;9.7500000e+01;1.2555811e-01;9.7500000e+01;1.3931897e-01;9.7500000e+01;1.4985590e-01;9.7500000e+01;1.6043532e-01;9.7500000e+01;1.8448688e-01;9.7500000e+01;2.1364571e-01;9.7500000e+01;2.4630994e-01;9.7500000e+01;2.5958911e-01;9.7500000e+01;2.6211119e-01;9.7500000e+01;2.5685063e-01;9.7500000e+01;2.4505632e-01;9.7500000e+01;2.4387445e-02;9.7500000e+01;3.3766024e-02;9.7500000e+01;4.5098476e-02;9.7500000e+01;5.8815427e-02;9.7500000e+01;7.4577838e-02;9.7500000e+01;9.2227474e-02;9.7500000e+01;1.0948595e-01;9.7500000e+01;1.2555811e-01;9.7500000e+01;1.3931897e-01;9.7500000e+01;1.4985590e-01;9.7500000e+01;1.6043532e-01;9.7500000e+01;1.8448688e-01;9.7500000e+01;2.1364571e-01;9.7500000e+01;2.4630994e-01;9.7500000e+01;2.5958911e-01;9.7500000e+01;2.6211119e-01;9.7500000e+01;2.5685063e-01;9.7500000e+01;2.4505632e-01;9.7500000e+01;2.4387445e-02;9.7500000e+01;3.3766024e-02;9.7500000e+01;4.5098476e-02;9.7500000e+01;5.8815427e-02;9.7500000e+01;7.4577838e-02;9.7500000e+01;9.2227474e-02;9.7500000e+01;1.0948595e-01;9.7500000e+01;1.2555811e-01;9.7500000e+01;1.3931897e-01;9.7500000e+01;1.4985590e-01;9.7500000e+01;1.6043532e-01;9.7500000e+01;1.8448688e-01;9.7500000e+01;2.1364571e-01;9.7500000e+01;2.4630994e-01;9.7500000e+01;2.5958911e-01;9.7500000e+01;2.6211119e-01;9.7500000e+01;2.5685063e-01;9.7500000e+01;2.4505632e-01;9.7500000e+01;2.4387445e-02;9.7500000e+01;3.3766024e-02;9.7500000e+01;4.5098476e-02;9.7500000e+01;5.8815427e-02;9.7500000e+01;7.4577838e-02;9.7500000e+01;9.2227474e-02;9.7500000e+01;1.0948595e-01;9.7500000e+01;1.2555811e-01;9.7500000e+01;1.3931897e-01;9.7500000e+01;1.4985590e-01;9.7500000e+01;1.6043532e-01;9.7500000e+01;1.8448688e-01;9.7500000e+01;2.1364571e-01;9.7500000e+01;2.4630994e-01;9.7500000e+01;2.5958911e-01;9.7500000e+01;2.6211119e-01;9.7500000e+01;2.5685063e-01;9.7500000e+01;2.4505632e-01;9.7500000e+01;2.4387445e-02;9.7500000e+01;3.3766024e-02;9.7500000e+01;4.5098476e-02;9.7500000e+01;5.8815427e-02;9.7500000e+01;7.4577838e-02;9.7500000e+01;9.2227474e-02;9.7500000e+01;1.0948595e-01;9.7500000e+01;1.2555811e-01;9.7500000e+01;1.3931897e-01;9.7500000e+01;1.4985590e-01;9.7500000e+01;1.6043532e-01;9.7500000e+01;1.8448688e-01;9.7500000e+01;2.1364571e-01;9.7500000e+01;2.4630994e-01;9.7500000e+01;2.5958911e-01;9.7500000e+01;2.6211119e-01;9.7500000e+01;2.5685063e-01;9.7500000e+01;2.4505632e-01;9.7500000e+01;2.4387445e-02;9.7500000e+01;3.3766024e-02;9.7500000e+01;4.5098476e-02;9.7500000e+01;5.8815427e-02;9.7500000e+01;7.4577838e-02;9.7500000e+01;9.2227474e-02;9.7500000e+01;1.0948595e-01;9.7500000e+01;1.2555811e-01;9.7500000e+01;1.3931897e-01;9.7500000e+01;1.4985590e-01;9.7500000e+01;1.6043532e-01;9.7500000e+01;1.8448688e-01;9.7500000e+01;2.1364571e-01;9.7500000e+01;2.4630994e-01;9.7500000e+01;2.5958911e-01;9.7500000e+01;2.6211119e-01;9.7500000e+01;2.5685063e-01;9.7500000e+01;2.4505632e-01;9.7500000e+01;2.4387445e-02;9.7500000e+01;3.3766024e-02;9.7500000e+01;4.5098476e-02;9.7500000e+01;5.8815427e-02;9.7500000e+01;7.4577838e-02;9.7500000e+01;9.2227474e-02;9.7500000e+01;1.0948595e-01;9.7500000e+01;1.2555811e-01;9.7500000e+01;1.3931897e-01;9.7500000e+01;1.4985590e-01;9.7500000e+01;1.6043532e-01;9.7500000e+01;1.8448688e-01;9.7500000e+01;2.1364571e-01;9.7500000e+01;2.4630994e-01;9.7500000e+01;2.5958911e-01;9.7500000e+01;2.6211119e-01;9.7500000e+01;2.5685063e-01;9.7500000e+01;2.4505632e-01;9.7500000e+01;2.4387445e-02;9.7500000e+01;3.3766024e-02;9.7500000e+01;4.5098476e-02;9.7500000e+01;5.8815427e-02;9.7500000e+01;7.4577838e-02;9.7500000e+01;9.2227474e-02;9.7500000e+01;1.0948595e-01;9.7500000e+01;1.2555811e-01;9.7500000e+01;1.3931897e-01;9.7500000e+01;1.4985590e-01;9.7500000e+01;1.6043532e-01;9.7500000e+01;1.8448688e-01;9.7500000e+01;2.1364571e-01;9.7500000e+01;2.4630994e-01;9.7500000e+01;2.5958911e-01;9.7500000e+01;2.6211119e-01;9.7500000e+01;2.5685063e-01;9.7500000e+01;2.4505632e-01;9.7500000e+01;2.4387445e-02;9.7500000e+01;3.3766024e-02;9.7500000e+01;4.5098476e-02;9.7500000e+01;5.8815427e-02;9.7500000e+01;7.4577838e-02;9.7500000e+01;9.2227474e-02;9.7500000e+01;1.0948595e-01;9.7500000e+01;1.2555811e-01;9.7500000e+01;1.3931897e-01;9.7500000e+01;1.4985590e-01;9.7500000e+01;1.6043532e-01;9.7500000e+01;1.8448688e-01;9.7500000e+01;2.1364571e-01;9.7500000e+01;2.4630994e-01;9.7500000e+01;2.5958911e-01;9.7500000e+01;2.6211119e-01;9.7500000e+01;2.5685063e-01;9.7500000e+01;2.4505632e-01;9.7500000e+01;2.4387445e-02;9.7500000e+01;3.3766024e-02;9.7500000e+01;4.5098476e-02;9.7500000e+01;5.8815427e-02;9.7500000e+01;7.4577838e-02;9.7500000e+01;9.2227474e-02;9.7500000e+01;1.0948595e-01;9.7500000e+01;1.2555811e-01;9.7500000e+01;1.3931897e-01;9.7500000e+01;1.4985590e-01;9.7500000e+01;1.6043532e-01;9.7500000e+01;1.8448688e-01;9.7500000e+01;2.1364571e-01;9.7500000e+01;2.4630994e-01;9.7500000e+01;2.5958911e-01;9.7500000e+01;2.6211119e-01;9.7500000e+01;2.5685063e-01;9.7500000e+01;2.4505632e-01;9.7500000e+01;2.4387445e-02;9.7500000e+01;3.3766024e-02;9.7500000e+01;4.5098476e-02;9.7500000e+01;5.8815427e-02;9.7500000e+01;7.4577838e-02;9.7500000e+01;9.2227474e-02;9.7500000e+01;1.0948595e-01;9.7500000e+01;1.2555811e-01;9.7500000e+01;1.3931897e-01;9.7500000e+01;1.4985590e-01;9.7500000e+01;1.6043532e-01;9.7500000e+01;1.8448688e-01;9.7500000e+01;2.1364571e-01;9.7500000e+01;2.4630994e-01;9.7500000e+01;2.5958911e-01;9.7500000e+01;2.6211119e-01;9.7500000e+01;2.5685063e-01;9.7500000e+01;2.4505632e-01;9.7500000e+01;2.4387445e-02;9.7500000e+01;3.3766024e-02;9.7500000e+01;4.5098476e-02;9.7500000e+01;5.8815427e-02;9.7500000e+01;7.4577838e-02;9.7500000e+01;9.2227474e-02;9.7500000e+01;1.0948595e-01;9.7500000e+01;1.2555811e-01;9.7500000e+01;1.3931897e-01;9.7500000e+01;1.4985590e-01;9.7500000e+01;1.6043532e-01;9.7500000e+01;1.8448688e-01;9.7500000e+01;2.1364571e-01;9.7500000e+01;2.4630994e-01;9.7500000e+01;2.5958911e-01;9.7500000e+01;2.6211119e-01;9.7500000e+01;2.5685063e-01;9.7500000e+01;2.4505632e-01;9.7500000e+01;2.4387445e-02;9.7500000e+01;3.3766024e-02;9.7500000e+01;4.5098476e-02;9.7500000e+01;5.8815427e-02;9.7500000e+01;7.4577838e-02;9.7500000e+01;9.2227474e-02;9.7500000e+01;1.0948595e-01;9.7500000e+01;1.2555811e-01;9.7500000e+01;1.3931897e-01;9.7500000e+01;1.4985590e-01;9.7500000e+01;1.6043532e-01;9.7500000e+01;1.8448688e-01;9.7500000e+01;2.1364571e-01;9.7500000e+01;2.4630994e-01;9.7500000e+01;2.5958911e-01;9.7500000e+01;2.6211119e-01;9.7500000e+01;2.5685063e-01;9.7500000e+01;2.4505632e-01;9.7500000e+01;2.4387445e-02;9.7500000e+01;3.3766024e-02;9.7500000e+01;4.5098476e-02;9.7500000e+01;5.8815427e-02;9.7500000e+01;7.4577838e-02;9.7500000e+01;9.2227474e-02;9.7500000e+01;1.0948595e-01;9.7500000e+01;1.2555811e-01;9.7500000e+01;1.3931897e-01;9.7500000e+01;1.4985590e-01;9.7500000e+01;1.6043532e-01;9.7500000e+01;1.8448688e-01;9.7500000e+01;2.1364571e-01;9.7500000e+01;2.4630994e-01;9.7500000e+01;2.5958911e-01;9.7500000e+01;2.6211119e-01;9.7500000e+01;2.5685063e-01;9.7500000e+01;2.4505632e-01
1.0250000e+02;2.0928830e-02;1.0250000e+02;2.9235102e-02;1.0250000e+02;3.9716348e-02;1.0250000e+02;5.3325169e-02;1.0250000e+02;6.8116665e-02;1.0250000e+02;8.3684146e-02;1.0250000e+02;9.9645697e-02;1.0250000e+02;1.1552339e-01;1.0250000e+02;1.2964831e-01;1.0250000e+02;1.3979524e-01;1.0250000e+02;1.4961907e-01;1.0250000e+02;1.7263015e-01;1.0250000e+02;2.0369382e-01;1.0250000e+02;2.3918630e-01;1.0250000e+02;2.5377828e-01;1.0250000e+02;2.5727618e-01;1.0250000e+02;2.5287542e-01;1.0250000e+02;2.4152873e-01;1.0250000e+02;2.0928830e-02;1.0250000e+02;2.9235102e-02;1.0250000e+02;3.9716348e-02;1.0250000e+02;5.3325169e-02;1.0250000e+02;6.8116665e-02;1.0250000e+02;8.3684146e-02;1.0250000e+02;9.9645697e-02;1.0250000e+02;1.1552339e-01;1.0250000e+02;1.2964831e-01;1.0250000e+02;1.3979524e-01;1.0250000e+02;1.4961907e-01;1.0250000e+02;1.7263015e-01;1.0250000e+02;2.0369382e-01;1.0250000e+02;2.3918630e-01;1.0250000e+02;2.5377828e-01;1.0250000e+02;2.5727618e-01;1.0250000e+02;2.5287542e-01;1.0250000e+02;2.4152873e-01;1.0250000e+02;2.0928830e-02;1.0250000e+02;2.9235102e-02;1.0250000e+02;3.9716348e-02;1.0250000e+02;5.3325169e-02;1.0250000e+02;6.8116665e-02;1.0250000e+02;8.3684146e-02;1.0250000e+02;9.9645697e-02;1.0250000e+02;1.1552339e-01;1.0250000e+02;1.2964831e-01;1.0250000e+02;1.3979524e-01;1.0250000e+02;1.4961907e-01;1.0250000e+02;1.7263015e-01;1.0250000e+02;2.0369382e-01;1.0250000e+02;2.3918630e-01;1.0250000e+02;2.5377828e-01;1.0250000e+02;2.5727618e-01;1.0250000e+02;2.5287542e-01;1.0250000e+02;2.4152873e-01;1.0250000e+02;2.0928830e-02;1.0250000e+02;2.9235102e-02;1.0250000e+02;3.9716348e-02;1.0250000e+02;5.3325169e-02;1.0250000e+02;6.8116665e-02;1.0250000e+02;8.3684146e-02;1.0250000e+02;9.9645697e-02;1.0250000e+02;1.1552339e-01;1.0250000e+02;1.2964831e-01;1.0250000e+02;1.3979524e-01;1.0250000e+02;1.4961907e-01;1.0250000e+02;1.7263015e-01;1.0250000e+02;2.0369382e-01;1.0250000e+02;2.3918630e-01;1.0250000e+02;2.5377828e-01;1.0250000e+02;2.5727618e-01;1.0250000e+02;2.5287542e-01;1.0250000e+02;2.4152873e-01;1.0250000e+02;2.0928830e-02;1.0250000e+02;2.9235102e-02;1.0250000e+02;3.9716348e-02;1.0250000e+02;5.3325169e-02;1.0250000e+02;6.8116665e-02;1.0250000e+02;8.3684146e-02;1.0250000e+02;9.9645697e-02;1.0250000e+02;1.1552339e-01;1.0250000e+02;1.2964831e-01;1.0250000e+02;1.3979524e-01;1.0250000e+02;1.4961907e-01;1.0250000e+02;1.7263015e-01;1.0250000e+02;2.0369382e-01;1.0250000e+02;2.3918630e-01;1.0250000e+02;2.5377828e-01;1.0250000e+02;2.5727618e-01;1.0250000e+02;2.5287542e-01;1.0250000e+02;2.4152873e-01;1.0250000e+02;2.0928830e-02;1.0250000e+02;2.9235102e-02;1.0250000e+02;3.9716348e-02;1.0250000e+02;5.3325169e-02;1.0250000e+02;6.8116665e-02;1.0250000e+02;8.3684146e-02;1.0250000e+02;9.9645697e-02;1.0250000e+02;1.1552339e-01;1.0250000e+02;1.2964831e-01;1.0250000e+02;1.3979524e-01;1.0250000e+02;1.4961907e-01;1.0250000e+02;1.7263015e-01;1.0250000e+02;2.0369382e-01;1.0250000e+02;2.3918630e-01;1.0250000e+02;2.5377828e-01;1.0250000e+02;2.5727618e-01;1.0250000e+02;2.5287542e-01;1.0250000e+02;2.4152873e-01;1.0250000e+02;2.0928830e-02;1.0250000e+02;2.9235102e-02;1.0250000e+02;3.9716348e-02;1.0250000e+02;5.3325169e-02;1.0250000e+02;6.8116665e-02;1.0250000e+02;8.3684146e-02;1.0250000e+02;9.9645697e-02;1.0250000e+02;1.1552339e-01;1.0250000e+02;1.2964831e-01;1.0250000e+02;1.3979524e-01;1.0250000e+02;1.4961907e-01;1.0250000e+02;1.7263015e-01;1.0250000e+02;2.0369382e-01;1.0250000e+02;2.3918630e-01;1.0250000e+02;2.5377828e-01;1.0250000e+02;2.5727618e-01;1.0250000e+02;2.5287542e-01;1.0250000e+02;2.4152873e-01;1.0250000e+02;2.0928830e-02;1.0250000e+02;2.9235102e-02;1.0250000e+02;3.9716348e-02;1.0250000e+02;5.3325169e-02;1.0250000e+02;6.8116665e-02;1.0250000e+02;8.3684146e-02;1.0250000e+02;9.9645697e-02;1.0250000e+02;1.1552339e-01;1.0250000e+02;1.2964831e-01;1.0250000e+02;1.3979524e-01;1.0250000e+02;1.4961907e-01;1.0250000e+02;1.7263015e-01;1.0250000e+02;2.0369382e-01;1.0250000e+02;2.3918630e-01;1.0250000e+02;2.5377828e-01;1.0250000e+02;2.5727618e-01;1.0250000e+02;2.5287542e-01;1.0250000e+02;2.4152873e-01;1.0250000e+02;2.0928830e-02;1.0250000e+02;2.9235102e-02;1.0250000e+02;3.9716348e-02;1.0250000e+02;5.3325169e-02;1.0250000e+02;6.8116665e-02;1.0250000e+02;8.3684146e-02;1.0250000e+02;9.9645697e-02;1.0250000e+02;1.1552339e-01;1.0250000e+02;1.2964831e-01;1.0250000e+02;1.3979524e-01;1.0250000e+02;1.4961907e-01;1.0250000e+02;1.7263015e-01;1.0250000e+02;2.0369382e-01;1.0250000e+02;2.3918630e-01;1.0250000e+02;2.5377828e-01;1.0250000e+02;2.5727618e-01;1.0250000e+02;2.5287542e-01;1.0250000e+02;2.4152873e-01;1.0250000e+02;2.0928830e-02;1.0250000e+02;2.9235102e-02;1.0250000e+02;3.9716348e-02;1.0250000e+02;5.3325169e-02;1.0250000e+02;6.8116665e-02;1.0250000e+02;8.3684146e-02;1.0250000e+02;9.9645697e-02;1.0250000e+02;1.1552339e-01;1.0250000e+02;1.2964831e-01;1.0250000e+02;1.3979524e-01;1.0250000e+02;1.4961907e-01;1.0250000e+02;1.7263015e-01;1.0250000e+02;2.0369382e-01;1.0250000e+02;2.3918630e-01;1.0250000e+02;2.5377828e-01;1.0250000e+02;2.5727618e-01;1.0250000e+02;2.5287542e-01;1.0250000e+02;2.4152873e-01;1.0250000e+02;2.0928830e-02;1.0250000e+02;2.9235102e-02;1.0250000e+02;3.9716348e-02;1.0250000e+02;5.3325169e-02;1.0250000e+02;6.8116665e-02;1.0250000e+02;8.3684146e-02;1.0250000e+02;9.9645697e-02;1.0250000e+02;1.1552339e-01;1.0250000e+02;1.2964831e-01;1.0250000e+02;1.3979524e-01;1.0250000e+02;1.4961907e-01;1.0250000e+02;1.7263015e-01;1.0250000e+02;2.0369382e-01;1.0250000e+02;2.3918630e-01;1.0250000e+02;2.5377828e-01;1.0250000e+02;2.5727618e-01;1.0250000e+02;2.5287542e-01;1.0250000e+02;2.4152873e-01;1.0250000e+02;2.0928830e-02;1.0250000e+02;2.9235102e-02;1.0250000e+02;3.9716348e-02;1.0250000e+02;5.3325169e-02;1.0250000e+02;6.8116665e-02;1.0250000e+02;8.3684146e-02;1.0250000e+02;9.9645697e-02;1.0250000e+02;1.1552339e-01;1.0250000e+02;1.2964831e-01;1.0250000e+02;1.3979524e-01;1.0250000e+02;1.4961907e-01;1.0250000e+02;1.7263015e-01;1.0250000e+02;2.0369382e-01;1.0250000e+02;2.3918630e-01;1.0250000e+02;2.5377828e-01;1.0250000e+02;2.5727618e-01;1.0250000e+02;2.5287542e-01;1.0250000e+02;2.4152873e-01;1.0250000e+02;2.0928830e-02;1.0250000e+02;2.9235102e-02;1.0250000e+02;3.9716348e-02;1.0250000e+02;5.3325169e-02;1.0250000e+02;6.8116665e-02;1.0250000e+02;8.3684146e-02;1.0250000e+02;9.9645697e-02;1.0250000e+02;1.1552339e-01;1.0250000e+02;1.2964831e-01;1.0250000e+02;1.3979524e-01;1.0250000e+02;1.4961907e-01;1.0250000e+02;1.7263015e-01;1.0250000e+02;2.0369382e-01;1.0250000e+02;2.3918630e-01;1.0250000e+02;2.5377828e-01;1.0250000e+02;2.5727618e-01;1.0250000e+02;2.5287542e-01;1.0250000e+02;2.4152873e-01;1.0250000e+02;2.0928830e-02;1.0250000e+02;2.9235102e-02;1.0250000e+02;3.9716348e-02;1.0250000e+02;5.3325169e-02;1.0250000e+02;6.8116665e-02;1.0250000e+02;8.3684146e-02;1.0250000e+02;9.9645697e-02;1.0250000e+02;1.1552339e-01;1.0250000e+02;1.2964831e-01;1.0250000e+02;1.3979524e-01;1.0250000e+02;1.4961907e-01;1.0250000e+02;1.7263015e-01;1.0250000e+02;2.0369382e-01;1.0250000e+02;2.3918630e-01;1.0250000e+02;2.5377828e-01;1.0250000e+02;2.5727618e-01;1.0250000e+02;2.5287542e-01;1.0250000e+02;2.4152873e-01;1.0250000e+02;2.0928830e-02;1.0250000e+02;2.9235102e-02;1.0250000e+02;3.9716348e-02;1.0250000e+02;5.3325169e-02;1.0250000e+02;6.8116665e-02;1.0250000e+02;8.3684146e-02;1.0250000e+02;9.9645697e-02;1.0250000e+02;1.1552339e-01;1.0250000e+02;1.2964831e-01;1.0250000e+02;1.3979524e-01;1.0250000e+02;1.4961907e-01;1.0250000e+02;1.7263015e-01;1.0250000e+02;2.0369382e-01;1.0250000e+02;2.3918630e-01;1.0250000e+02;2.5377828e-01;1.0250000e+02;2.5727618e-01;1.0250000e+02;2.5287542e-01;1.0250000e+02;2.4152873e-01;1.0250000e+02;2.0928830e-02;1.0250000e+02;2.9235102e-02;1.0250000e+02;3.9716348e-02;1.0250000e+02;5.3325169e-02;1.0250000e+02;6.8116665e-02;1.0250000e+02;8.3684146e-02;1.0250000e+02;9.9645697e-02;1.0250000e+02;1.1552339e-01;1.0250000e+02;1.2964831e-01;1.0250000e+02;1.3979524e-01;1.0250000e+02;1.4961907e-01;1.0250000e+02;1.7263015e-01;1.0250000e+02;2.0369382e-01;1.0250000e+02;2.3918630e-01;1.0250000e+02;2.5377828e-01;1.0250000e+02;2.5727618e-01;1.0250000e+02;2.5287542e-01;1.0250000e+02;2.4152873e-01;1.0250000e+02;2.0928830e-02;1.0250000e+02;2.9235102e-02;1.0250000e+02;3.9716348e-02;1.0250000e+02;5.3325169e-02;1.0250000e+02;6.8116665e-02;1.0250000e+02;8.3684146e-02;1.0250000e+02;9.9645697e-02;1.0250000e+02;1.1552339e-01;1.0250000e+02;1.2964831e-01;1.0250000e+02;1.3979524e-01;1.0250000e+02;1.4961907e-01;1.0250000e+02;1.7263015e-01;1.0250000e+02;2.0369382e-01;1.0250000e+02;2.3918630e-01;1.0250000e+02;2.5377828e-01;1.0250000e+02;2.5727618e-01;1.0250000e+02;2.5287542e-01;1.0250000e+02;2.4152873e-01;1.0250000e+02;2.0928830e-02;1.0250000e+02;2.9235102e-02;1.0250000e+02;3.9716348e-02;1.0250000e+02;5.3325169e-02;1.0250000e+02;6.8116665e-02;1.0250000e+02;8.3684146e-02;1.0250000e+02;9.9645697e-02;1.0250000e+02;1.1552339e-01;1.0250000e+02;1.2964831e-01;1.0250000e+02;1.3979524e-01;1.0250000e+02;1.4961907e-01;1.0250000e+02;1.7263015e-01;1.0250000e+02;2.0369382e-01;1.0250000e+02;2.3918630e-01;1.0250000e+02;2.5377828e-01;1.0250000e+02;2.5727618e-01;1.0250000e+02;2.5287542e-01;1.0250000e+02;2.4152873e-01;1.0250000e+02;2.0928830e-02;1.0250000e+02;2.9235102e-02;1.0250000e+02;3.9716348e-02;1.0250000e+02;5.3325169e-02;1.0250000e+02;6.8116665e-02;1.0250000e+02;8.3684146e-02;1.0250000e+02;9.9645697e-02;1.0250000e+02;1.1552339e-01;1.0250000e+02;1.2964831e-01;1.0250000e+02;1.3979524e-01;1.0250000e+02;1.4961907e-01;1.0250000e+02;1.7263015e-01;1.0250000e+02;2.0369382e-01;1.0250000e+02;2.3918630e-01;1.0250000e+02;2.5377828e-01;1.0250000e+02;2.5727618e-01;1.0250000e+02;2.5287542e-01;1.0250000e+02;2.4152873e-01;1.0250000e+02;2.0928830e-02;1.0250000e+02;2.9235102e-02;1.0250000e+02;3.9716348e-02;1.0250000e+02;5.3325169e-02;1.0250000e+02;6.8116665e-02;1.0250000e+02;8.3684146e-02;1.0250000e+02;9.9645697e-02;1.0250000e+02;1.1552339e-01;1.0250000e+02;1.2964831e-01;1.0250000e+02;1.3979524e-01;1.0250000e+02;1.4961907e-01;1.0250000e+02;1.7263015e-01;1.0250000e+02;2.0369382e-01;1.0250000e+02;2.3918630e-01;1.0250000e+02;2.5377828e-01;1.0250000e+02;2.5727618e-01;1.0250000e+02;2.5287542e-01;1.0250000e+02;2.4152873e-01;1.0250000e+02;2.0928830e-02;1.0250000e+02;2.9235102e-02;1.0250000e+02;3.9716348e-02;1.0250000e+02;5.3325169e-02;1.0250000e+02;6.8116665e-02;1.0250000e+02;8.3684146e-02;1.0250000e+02;9.9645697e-02;1.0250000e+02;1.1552339e-01;1.0250000e+02;1.2964831e-01;1.0250000e+02;1.3979524e-01;1.0250000e+02;1.4961907e-01;1.0250000e+02;1.7263015e-01;1.0250000e+02;2.0369382e-01;1.0250000e+02;2.3918630e-01;1.0250000e+02;2.5377828e-01;1.0250000e+02;2.5727618e-01;1.0250000e+02;2.5287542e-01;1.0250000e+02;2.4152873e-01;1.0250000e+02;2.0928830e-02;1.0250000e+02;2.9235102e-02;1.0250000e+02;3.9716348e-02;1.0250000e+02;5.3325169e-02;1.0250000e+02;6.8116665e-02;1.0250000e+02;8.3684146e-02;1.0250000e+02;9.9645697e-02;1.0250000e+02;1.1552339e-01;1.0250000e+02;1.2964831e-01;1.0250000e+02;1.3979524e-01;1.0250000e+02;1.4961907e-01;1.0250000e+02;1.7263015e-01;1.0250000e+02;2.0369382e-01;1.0250000e+02;2.3918630e-01;1.0250000e+02;2.5377828e-01;1.0250000e+02;2.5727618e-01;1.0250000e+02;2.5287542e-01;1.0250000e+02;2.4152873e-01;1.0250000e+02;2.0928830e-02;1.0250000e+02;2.9235102e-02;1.0250000e+02;3.9716348e-02;1.0250000e+02;5.3325169e-02;1.0250000e+02;6.8116665e-02;1.0250000e+02;8.3684146e-02;1.0250000e+02;9.9645697e-02;1.0250000e+02;1.1552339e-01;1.0250000e+02;1.2964831e-01;1.0250000e+02;1.3979524e-01;1.0250000e+02;1.4961907e-01;1.0250000e+02;1.7263015e-01;1.0250000e+02;2.0369382e-01;1.0250000e+02;2.3918630e-01;1.0250000e+02;2.5377828e-01;1.0250000e+02;2.5727618e-01;1.0250000e+02;2.5287542e-01;1.0250000e+02;2.4152873e-01;1.0250000e+02;2.0928830e-02;1.0250000e+02;2.9235102e-02;1.0250000e+02;3.9716348e-02;1.0250000e+02;5.3325169e-02;1.0250000e+02;6.8116665e-02;1.0250000e+02;8.3684146e-02;1.0250000e+02;9.9645697e-02;1.0250000e+02;1.1552339e-01;1.0250000e+02;1.2964831e-01;1.0250000e+02;1.3979524e-01;1.0250000e+02;1.4961907e-01;1.0250000e+02;1.7263015e-01;1.0250000e+02;2.0369382e-01;1.0250000e+02;2.3918630e-01;1.0250000e+02;2.5377828e-01;1.0250000e+02;2.5727618e-01;1.0250000e+02;2.5287542e-01;1.0250000e+02;2.4152873e-01;1.0250000e+02;2.0928830e-02;1.0250000e+02;2.9235102e-02;1.0250000e+02;3.9716348e-02;1.0250000e+02;5.3325169e-02;1.0250000e+02;6.8116665e-02;1.0250000e+02;8.3684146e-02;1.0250000e+02;9.9645697e-02;1.0250000e+02;1.1552339e-01;1.0250000e+02;1.2964831e-01;1.0250000e+02;1.3979524e-01;1.0250000e+02;1.4961907e-01;1.0250000e+02;1.7263015e-01;1.0250000e+02;2.0369382e-01;1.0250000e+02;2.3918630e-01;1.0250000e+02;2.5377828e-01;1.0250000e+02;2.5727618e-01;1.0250000e+02;2.5287542e-01;1.0250000e+02;2.4152873e-01;1.0250000e+02;2.0928830e-02;1.0250000e+02;2.9235102e-02;1.0250000e+02;3.9716348e-02;1.0250000e+02;5.3325169e-02;1.0250000e+02;6.8116665e-02;1.0250000e+02;8.3684146e-02;1.0250000e+02;9.9645697e-02;1.0250000e+02;1.1552339e-01;1.0250000e+02;1.2964831e-01;1.0250000e+02;1.3979524e-01;1.0250000e+02;1.4961907e-01;1.0250000e+02;1.7263015e-01;1.0250000e+02;2.0369382e-01;1.0250000e+02;2.3918630e-01;1.0250000e+02;2.5377828e-01;1.0250000e+02;2.5727618e-01;1.0250000e+02;2.5287542e-01;1.0250000e+02;2.4152873e-01;1.0250000e+02;2.0928830e-02;1.0250000e+02;2.9235102e-02;1.0250000e+02;3.9716348e-02;1.0250000e+02;5.3325169e-02;1.0250000e+02;6.8116665e-02;1.0250000e+02;8.3684146e-02;1.0250000e+02;9.9645697e-02;1.0250000e+02;1.1552339e-01;1.0250000e+02;1.2964831e-01;1.0250000e+02;1.3979524e-01;1.0250000e+02;1.4961907e-01;1.0250000e+02;1.7263015e-01;1.0250000e+02;2.0369382e-01;1.0250000e+02;2.3918630e-01;1.0250000e+02;2.5377828e-01;1.0250000e+02;2.5727618e-01;1.0250000e+02;2.5287542e-01;1.0250000e+02;2.4152873e-01;1.0250000e+02;2.0928830e-02;1.0250000e+02;2.9235102e-02;1.0250000e+02;3.9716348e-02;1.0250000e+02;5.3325169e-02;1.0250000e+02;6.8116665e-02;1.0250000e+02;8.3684146e-02;1.0250000e+02;9.9645697e-02;1.0250000e+02;1.1552339e-01;1.0250000e+02;1.2964831e-01;1.0250000e+02;1.3979524e-01;1.0250000e+02;1.4961907e-01;1.0250000e+02;1.7263015e-01;1.0250000e+02;2.0369382e-01;1.0250000e+02;2.3918630e-01;1.0250000e+02;2.5377828e-01;1.0250000e+02;2.5727618e-01;1.0250000e+02;2.5287542e-01;1.0250000e+02;2.4152873e-01;1.0250000e+02;2.0928830e-02;1.0250000e+02;2.9235102e-02;1.0250000e+02;3.9716348e-02;1.0250000e+02;5.3325169e-02;1.0250000e+02;6.8116665e-02;1.0250000e+02;8.3684146e-02;1.0250000e+02;9.9645697e-02;1.0250000e+02;1.1552339e-01;1.0250000e+02;1.2964831e-01;1.0250000e+02;1.3979524e-01;1.0250000e+02;1.4961907e-01;1.0250000e+02;1.7263015e-01;1.0250000e+02;2.0369382e-01;1.0250000e+02;2.3918630e-01;1.0250000e+02;2.5377828e-01;1.0250000e+02;2.5727618e-01;1.0250000e+02;2.5287542e-01;1.0250000e+02;2.4152873e-01;1.0250000e+02;2.0928830e-02;1.0250000e+02;2.9235102e-02;1.0250000e+02;3.9716348e-02;1.0250000e+02;5.3325169e-02;1.0250000e+02;6.8116665e-02;1.0250000e+02;8.3684146e-02;1.0250000e+02;9.9645697e-02;1.0250000e+02;1.1552339e-01;1.0250000e+02;1.2964831e-01;1.0250000e+02;1.3979524e-01;1.0250000e+02;1.4961907e-01;1.0250000e+02;1.7263015e-01;1.0250000e+02;2.0369382e-01;1.0250000e+02;2.3918630e-01;1.0250000e+02;2.5377828e-01;1.0250000e+02;2.5727618e-01;1.0250000e+02;2.5287542e-01;1.0250000e+02;2.4152873e-01;1.0250000e+02;2.0928830e-02;1.0250000e+02;2.9235102e-02;1.0250000e+02;3.9716348e-02;1.0250000e+02;5.3325169e-02;1.0250000e+02;6.8116665e-02;1.0250000e+02;8.3684146e-02;1.0250000e+02;9.9645697e-02;1.0250000e+02;1.1552339e-01;1.0250000e+02;1.2964831e-01;1.0250000e+02;1.3979524e-01;1.0250000e+02;1.4961907e-01;1.0250000e+02;1.7263015e-01;1.0250000e+02;2.0369382e-01;1.0250000e+02;2.3918630e-01;1.0250000e+02;2.5377828e-01;1.0250000e+02;2.5727618e-01;1.0250000e+02;2.5287542e-01;1.0250000e+02;2.4152873e-01;1.0250000e+02;2.0928830e-02;1.0250000e+02;2.9235102e-02;1.0250000e+02;3.9716348e-02;1.0250000e+02;5.3325169e-02;1.0250000e+02;6.8116665e-02;1.0250000e+02;8.3684146e-02;1.0250000e+02;9.9645697e-02;1.0250000e+02;1.1552339e-01;1.0250000e+02;1.2964831e-01;1.0250000e+02;1.3979524e-01;1.0250000e+02;1.4961907e-01;1.0250000e+02;1.7263015e-01;1.0250000e+02;2.0369382e-01;1.0250000e+02;2.3918630e-01;1.0250000e+02;2.5377828e-01;1.0250000e+02;2.5727618e-01;1.0250000e+02;2.5287542e-01;1.0250000e+02;2.4152873e-01;1.0250000e+02;2.0928830e-02;1.0250000e+02;2.9235102e-02;1.0250000e+02;3.9716348e-02;1.0250000e+02;5.3325169e-02;1.0250000e+02;6.8116665e-02;1.0250000e+02;8.3684146e-02;1.0250000e+02;9.9645697e-02;1.0250000e+02;1.1552339e-01;1.0250000e+02;1.2964831e-01;1.0250000e+02;1.3979524e-01;1.0250000e+02;1.4961907e-01;1.0250000e+02;1.7263015e-01;1.0250000e+02;2.0369382e-01;1.0250000e+02;2.3918630e-01;1.0250000e+02;2.5377828e-01;1.0250000e+02;2.5727618e-01;1.0250000e+02;2.5287542e-01;1.0250000e+02;2.4152873e-01;1.0250000e+02;2.0928830e-02;1.0250000e+02;2.9235102e-02;1.0250000e+02;3.9716348e-02;1.0250000e+02;5.3325169e-02;1.0250000e+02;6.8116665e-02;1.0250000e+02;8.3684146e-02;1.0250000e+02;9.9645697e-02;1.0250000e+02;1.1552339e-01;1.0250000e+02;1.2964831e-01;1.0250000e+02;1.3979524e-01;1.0250000e+02;1.4961907e-01;1.0250000e+02;1.7263015e-01;1.0250000e+02;2.0369382e-01;1.0250000e+02;2.3918630e-01;1.0250000e+02;2.5377828e-01;1.0250000e+02;2.5727618e-01;1.0250000e+02;2.5287542e-01;1.0250000e+02;2.4152873e-01;1.0250000e+02;2.0928830e-02;1.0250000e+02;2.9235102e-02;1.0250000e+02;3.9716348e-02;1.0250000e+02;5.3325169e-02;1.0250000e+02;6.8116665e-02;1.0250000e+02;8.3684146e-02;1.0250000e+02;9.9645697e-02;1.0250000e+02;1.1552339e-01;1.0250000e+02;1.2964831e-01;1.0250000e+02;1.3979524e-01;1.0250000e+02;1.4961907e-01;1.0250000e+02;1.7263015e-01;1.0250000e+02;2.0369382e-01;1.0250000e+02;2.3918630e-01;1.0250000e+02;2.5377828e-01;1.0250000e+02;2.5727618e-01;1.0250000e+02;2.5287542e-01;1.0250000e+02;2.4152873e-01;1.0250000e+02;2.0928830e-02;1.0250000e+02;2.9235102e-02;1.0250000e+02;3.9716348e-02;1.0250000e+02;5.3325169e-02;1.0250000e+02;6.8116665e-02;1.0250000e+02;8.3684146e-02;1.0250000e+02;9.9645697e-02;1.0250000e+02;1.1552339e-01;1.0250000e+02;1.2964831e-01;1.0250000e+02;1.3979524e-01;1.0250000e+02;1.4961907e-01;1.0250000e+02;1.7263015e-01;1.0250000e+02;2.0369382e-01;1.0250000e+02;2.3918630e-01;1.0250000e+02;2.5377828e-01;1.0250000e+02;2.5727618e-01;1.0250000e+02;2.5287542e-01;1.0250000e+02;2.4152873e-01;1.0250000e+02;2.0928830e-02;1.0250000e+02;2.9235102e-02;1.0250000e+02;3.9716348e-02;1.0250000e+02;5.3325169e-02;1.0250000e+02;6.8116665e-02;1.0250000e+02;8.3684146e-02;1.0250000e+02;9.9645697e-02;1.0250000e+02;1.1552339e-01;1.0250000e+02;1.2964831e-01;1.0250000e+02;1.3979524e-01;1.0250000e+02;1.4961907e-01;1.0250000e+02;1.7263015e-01;1.0250000e+02;2.0369382e-01;1.0250000e+02;2.3918630e-01;1.0250000e+02;2.5377828e-01;1.0250000e+02;2.5727618e-01;1.0250000e+02;2.5287542e-01;1.0250000e+02;2.4152873e-01;1.0250000e+02;2.0928830e-02;1.0250000e+02;2.9235102e-02;1.0250000e+02;3.9716348e-02;1.0250000e+02;5.3325169e-02;1.0250000e+02;6.8116665e-02;1.0250000e+02;8.3684146e-02;1.0250000e+02;9.9645697e-02;1.0250000e+02;1.1552339e-01;1.0250000e+02;1.2964831e-01;1.0250000e+02;1.3979524e-01;1.0250000e+02;1.4961907e-01;1.0250000e+02;1.7263015e-01;1.0250000e+02;2.0369382e-01;1.0250000e+02;2.3918630e-01;1.0250000e+02;2.5377828e-01;1.0250000e+02;2.5727618e-01;1.0250000e+02;2.5287542e-01;1.0250000e+02;2.4152873e-01;1.0250000e+02;2.0928830e-02;1.0250000e+02;2.9235102e-02;1.0250000e+02;3.9716348e-02;1.0250000e+02;5.3325169e-02;1.0250000e+02;6.8116665e-02;1.0250000e+02;8.3684146e-02;1.0250000e+02;9.9645697e-02;1.0250000e+02;1.1552339e-01;1.0250000e+02;1.2964831e-01;1.0250000e+02;1.3979524e-01;1.0250000e+02;1.4961907e-01;1.0250000e+02;1.7263015e-01;1.0250000e+02;2.0369382e-01;1.0250000e+02;2.3918630e-01;1.0250000e+02;2.5377828e-01;1.0250000e+02;2.5727618e-01;1.0250000e+02;2.5287542e-01;1.0250000e+02;2.4152873e-01;1.0250000e+02;2.0928830e-02;1.0250000e+02;2.9235102e-02;1.0250000e+02;3.9716348e-02;1.0250000e+02;5.3325169e-02;1.0250000e+02;6.8116665e-02;1.0250000e+02;8.3684146e-02;1.0250000e+02;9.9645697e-02;1.0250000e+02;1.1552339e-01;1.0250000e+02;1.2964831e-01;1.0250000e+02;1.3979524e-01;1.0250000e+02;1.4961907e-01;1.0250000e+02;1.7263015e-01;1.0250000e+02;2.0369382e-01;1.0250000e+02;2.3918630e-01;1.0250000e+02;2.5377828e-01;1.0250000e+02;2.5727618e-01;1.0250000e+02;2.5287542e-01;1.0250000e+02;2.4152873e-01;1.0250000e+02;2.0928830e-02;1.0250000e+02;2.9235102e-02;1.0250000e+02;3.9716348e-02;1.0250000e+02;5.3325169e-02;1.0250000e+02;6.8116665e-02;1.0250000e+02;8.3684146e-02;1.0250000e+02;9.9645697e-02;1.0250000e+02;1.1552339e-01;1.0250000e+02;1.2964831e-01;1.0250000e+02;1.3979524e-01;1.0250000e+02;1.4961907e-01;1.0250000e+02;1.7263015e-01;1.0250000e+02;2.0369382e-01;1.0250000e+02;2.3918630e-01;1.0250000e+02;2.5377828e-01;1.0250000e+02;2.5727618e-01;1.0250000e+02;2.5287542e-01;1.0250000e+02;2.4152873e-01;1.0250000e+02;2.0928830e-02;1.0250000e+02;2.9235102e-02;1.0250000e+02;3.9716348e-02;1.0250000e+02;5.3325169e-02;1.0250000e+02;6.8116665e-02;1.0250000e+02;8.3684146e-02;1.0250000e+02;9.9645697e-02;1.0250000e+02;1.1552339e-01;1.0250000e+02;1.2964831e-01;1.0250000e+02;1.3979524e-01;1.0250000e+02;1.4961907e-01;1.0250000e+02;1.7263015e-01;1.0250000e+02;2.0369382e-01;1.0250000e+02;2.3918630e-01;1.0250000e+02;2.5377828e-01;1.0250000e+02;2.5727618e-01;1.0250000e+02;2.5287542e-01;1.0250000e+02;2.4152873e-01;1.0250000e+02;2.0928830e-02;1.0250000e+02;2.9235102e-02;1.0250000e+02;3.9716348e-02;1.0250000e+02;5.3325169e-02;1.0250000e+02;6.8116665e-02;1.0250000e+02;8.3684146e-02;1.0250000e+02;9.9645697e-02;1.0250000e+02;1.1552339e-01;1.0250000e+02;1.2964831e-01;1.0250000e+02;1.3979524e-01;1.0250000e+02;1.4961907e-01;1.0250000e+02;1.7263015e-01;1.0250000e+02;2.0369382e-01;1.0250000e+02;2.3918630e-01;1.0250000e+02;2.5377828e-01;1.0250000e+02;2.5727618e-01;1.0250000e+02;2.5287542e-01;1.0250000e+02;2.4152873e-01;1.0250000e+02;2.0928830e-02;1.0250000e+02;2.9235102e-02;1.0250000e+02;3.9716348e-02;1.0250000e+02;5.3325169e-02;1.0250000e+02;6.8116665e-02;1.0250000e+02;8.3684146e-02;1.0250000e+02;9.9645697e-02;1.0250000e+02;1.1552339e-01;1.0250000e+02;1.2964831e-01;1.0250000e+02;1.3979524e-01;1.0250000e+02;1.4961907e-01;1.0250000e+02;1.7263015e-01;1.0250000e+02;2.0369382e-01;1.0250000e+02;2.3918630e-01;1.0250000e+02;2.5377828e-01;1.0250000e+02;2.5727618e-01;1.0250000e+02;2.5287542e-01;1.0250000e+02;2.4152873e-01;1.0250000e+02;2.0928830e-02;1.0250000e+02;2.9235102e-02;1.0250000e+02;3.9716348e-02;1.0250000e+02;5.3325169e-02;1.0250000e+02;6.8116665e-02;1.0250000e+02;8.3684146e-02;1.0250000e+02;9.9645697e-02;1.0250000e+02;1.1552339e-01;1.0250000e+02;1.2964831e-01;1.0250000e+02;1.3979524e-01;1.0250000e+02;1.4961907e-01;1.0250000e+02;1.7263015e-01;1.0250000e+02;2.0369382e-01;1.0250000e+02;2.3918630e-01;1.0250000e+02;2.5377828e-01;1.0250000e+02;2.5727618e-01;1.0250000e+02;2.5287542e-01;1.0250000e+02;2.4152873e-01;1.0250000e+02;2.0928830e-02;1.0250000e+02;2.9235102e-02;1.0250000e+02;3.9716348e-02;1.0250000e+02;5.3325169e-02;1.0250000e+02;6.8116665e-02;1.0250000e+02;8.3684146e-02;1.0250000e+02;9.9645697e-02;1.0250000e+02;1.1552339e-01;1.0250000e+02;1.2964831e-01;1.0250000e+02;1.3979524e-01;1.0250000e+02;1.4961907e-01;1.0250000e+02;1.7263015e-01;1.0250000e+02;2.0369382e-01;1.0250000e+02;2.3918630e-01;1.0250000e+02;2.5377828e-01;1.0250000e+02;2.5727618e-01;1.0250000e+02;2.5287542e-01;1.0250000e+02;2.4152873e-01;1.0250000e+02;2.0928830e-02;1.0250000e+02;2.9235102e-02;1.0250000e+02;3.9716348e-02;1.0250000e+02;5.3325169e-02;1.0250000e+02;6.8116665e-02;1.0250000e+02;8.3684146e-02;1.0250000e+02;9.9645697e-02;1.0250000e+02;1.1552339e-01;1.0250000e+02;1.2964831e-01;1.0250000e+02;1.3979524e-01;1.0250000e+02;1.4961907e-01;1.0250000e+02;1.7263015e-01;1.0250000e+02;2.0369382e-01;1.0250000e+02;2.3918630e-01;1.0250000e+02;2.5377828e-01;1.0250000e+02;2.5727618e-01;1.0250000e+02;2.5287542e-01;1.0250000e+02;2.4152873e-01;1.0250000e+02;2.0928830e-02;1.0250000e+02;2.9235102e-02;1.0250000e+02;3.9716348e-02;1.0250000e+02;5.3325169e-02;1.0250000e+02;6.8116665e-02;1.0250000e+02;8.3684146e-02;1.0250000e+02;9.9645697e-02;1.0250000e+02;1.1552339e-01;1.0250000e+02;1.2964831e-01;1.0250000e+02;1.3979524e-01;1.0250000e+02;1.4961907e-01;1.0250000e+02;1.7263015e-01;1.0250000e+02;2.0369382e-01;1.0250000e+02;2.3918630e-01;1.0250000e+02;2.5377828e-01;1.0250000e+02;2.5727618e-01;1.0250000e+02;2.5287542e-01;1.0250000e+02;2.4152873e-01;1.0250000e+02;2.0928830e-02;1.0250000e+02;2.9235102e-02;1.0250000e+02;3.9716348e-02;1.0250000e+02;5.3325169e-02;1.0250000e+02;6.8116665e-02;1.0250000e+02;8.3684146e-02;1.0250000e+02;9.9645697e-02;1.0250000e+02;1.1552339e-01;1.0250000e+02;1.2964831e-01;1.0250000e+02;1.3979524e-01;1.0250000e+02;1.4961907e-01;1.0250000e+02;1.7263015e-01;1.0250000e+02;2.0369382e-01;1.0250000e+02;2.3918630e-01;1.0250000e+02;2.5377828e-01;1.0250000e+02;2.5727618e-01;1.0250000e+02;2.5287542e-01;1.0250000e+02;2.4152873e-01;1.0250000e+02;2.0928830e-02;1.0250000e+02;2.9235102e-02;1.0250000e+02;3.9716348e-02;1.0250000e+02;5.3325169e-02;1.0250000e+02;6.8116665e-02;1.0250000e+02;8.3684146e-02;1.0250000e+02;9.9645697e-02;1.0250000e+02;1.1552339e-01;1.0250000e+02;1.2964831e-01;1.0250000e+02;1.3979524e-01;1.0250000e+02;1.4961907e-01;1.0250000e+02;1.7263015e-01;1.0250000e+02;2.0369382e-01;1.0250000e+02;2.3918630e-01;1.0250000e+02;2.5377828e-01;1.0250000e+02;2.5727618e-01;1.0250000e+02;2.5287542e-01;1.0250000e+02;2.4152873e-01;1.0250000e+02;2.0928830e-02;1.0250000e+02;2.9235102e-02;1.0250000e+02;3.9716348e-02;1.0250000e+02;5.3325169e-02;1.0250000e+02;6.8116665e-02;1.0250000e+02;8.3684146e-02;1.0250000e+02;9.9645697e-02;1.0250000e+02;1.1552339e-01;1.0250000e+02;1.2964831e-01;1.0250000e+02;1.3979524e-01;1.0250000e+02;1.4961907e-01;1.0250000e+02;1.7263015e-01;1.0250000e+02;2.0369382e-01;1.0250000e+02;2.3918630e-01;1.0250000e+02;2.5377828e-01;1.0250000e+02;2.5727618e-01;1.0250000e+02;2.5287542e-01;1.0250000e+02;2.4152873e-01;1.0250000e+02;2.0928830e-02;1.0250000e+02;2.9235102e-02;1.0250000e+02;3.9716348e-02;1.0250000e+02;5.3325169e-02;1.0250000e+02;6.8116665e-02;1.0250000e+02;8.3684146e-02;1.0250000e+02;9.9645697e-02;1.0250000e+02;1.1552339e-01;1.0250000e+02;1.2964831e-01;1.0250000e+02;1.3979524e-01;1.0250000e+02;1.4961907e-01;1.0250000e+02;1.7263015e-01;1.0250000e+02;2.0369382e-01;1.0250000e+02;2.3918630e-01;1.0250000e+02;2.5377828e-01;1.0250000e+02;2.5727618e-01;1.0250000e+02;2.5287542e-01;1.0250000e+02;2.4152873e-01;1.0250000e+02;2.0928830e-02;1.0250000e+02;2.9235102e-02;1.0250000e+02;3.9716348e-02;1.0250000e+02;5.3325169e-02;1.0250000e+02;6.8116665e-02;1.0250000e+02;8.3684146e-02;1.0250000e+02;9.9645697e-02;1.0250000e+02;1.1552339e-01;1.0250000e+02;1.2964831e-01;1.0250000e+02;1.3979524e-01;1.0250000e+02;1.4961907e-01;1.0250000e+02;1.7263015e-01;1.0250000e+02;2.0369382e-01;1.0250000e+02;2.3918630e-01;1.0250000e+02;2.5377828e-01;1.0250000e+02;2.5727618e-01;1.0250000e+02;2.5287542e-01;1.0250000e+02;2.4152873e-01;1.0250000e+02;2.0928830e-02;1.0250000e+02;2.9235102e-02;1.0250000e+02;3.9716348e-02;1.0250000e+02;5.3325169e-02;1.0250000e+02;6.8116665e-02;1.0250000e+02;8.3684146e-02;1.0250000e+02;9.9645697e-02;1.0250000e+02;1.1552339e-01;1.0250000e+02;1.2964831e-01;1.0250000e+02;1.3979524e-01;1.0250000e+02;1.4961907e-01;1.0250000e+02;1.7263015e-01;1.0250000e+02;2.0369382e-01;1.0250000e+02;2.3918630e-01;1.0250000e+02;2.5377828e-01;1.0250000e+02;2.5727618e-01;1.0250000e+02;2.5287542e-01;1.0250000e+02;2.4152873e-01;1.0250000e+02;2.0928830e-02;1.0250000e+02;2.9235102e-02;1.0250000e+02;3.9716348e-02;1.0250000e+02;5.3325169e-02;1.0250000e+02;6.8116665e-02;1.0250000e+02;8.3684146e-02;1.0250000e+02;9.9645697e-02;1.0250000e+02;1.1552339e-01;1.0250000e+02;1.2964831e-01;1.0250000e+02;1.3979524e-01;1.0250000e+02;1.4961907e-01;1.0250000e+02;1.7263015e-01;1.0250000e+02;2.0369382e-01;1.0250000e+02;2.3918630e-01;1.0250000e+02;2.5377828e-01;1.0250000e+02;2.5727618e-01;1.0250000e+02;2.5287542e-01;1.0250000e+02;2.4152873e-01;1.0250000e+02;2.0928830e-02;1.0250000e+02;2.9235102e-02;1.0250000e+02;3.9716348e-02;1.0250000e+02;5.3325169e-02;1.0250000e+02;6.8116665e-02;1.0250000e+02;8.3684146e-02;1.0250000e+02;9.9645697e-02;1.0250000e+02;1.1552339e-01;1.0250000e+02;1.2964831e-01;1.0250000e+02;1.3979524e-01;1.0250000e+02;1.4961907e-01;1.0250000e+02;1.7263015e-01;1.0250000e+02;2.0369382e-01;1.0250000e+02;2.3918630e-01;1.0250000e+02;2.5377828e-01;1.0250000e+02;2.5727618e-01;1.0250000e+02;2.5287542e-01;1.0250000e+02;2.4152873e-01;1.0250000e+02;2.0928830e-02;1.0250000e+02;2.9235102e-02;1.0250000e+02;3.9716348e-02;1.0250000e+02;5.3325169e-02;1.0250000e+02;6.8116665e-02;1.0250000e+02;8.3684146e-02;1.0250000e+02;9.9645697e-02;1.0250000e+02;1.1552339e-01;1.0250000e+02;1.2964831e-01;1.0250000e+02;1.3979524e-01;1.0250000e+02;1.4961907e-01;1.0250000e+02;1.7263015e-01;1.0250000e+02;2.0369382e-01;1.0250000e+02;2.3918630e-01;1.0250000e+02;2.5377828e-01;1.0250000e+02;2.5727618e-01;1.0250000e+02;2.5287542e-01;1.0250000e+02;2.4152873e-01;1.0250000e+02;2.0928830e-02;1.0250000e+02;2.9235102e-02;1.0250000e+02;3.9716348e-02;1.0250000e+02;5.3325169e-02;1.0250000e+02;6.8116665e-02;1.0250000e+02;8.3684146e-02;1.0250000e+02;9.9645697e-02;1.0250000e+02;1.1552339e-01;1.0250000e+02;1.2964831e-01;1.0250000e+02;1.3979524e-01;1.0250000e+02;1.4961907e-01;1.0250000e+02;1.7263015e-01;1.0250000e+02;2.0369382e-01;1.0250000e+02;2.3918630e-01;1.0250000e+02;2.5377828e-01;1.0250000e+02;2.5727618e-01;1.0250000e+02;2.5287542e-01;1.0250000e+02;2.4152873e-01;1.0250000e+02;2.0928830e-02;1.0250000e+02;2.9235102e-02;1.0250000e+02;3.9716348e-02;1.0250000e+02;5.3325169e-02;1.0250000e+02;6.8116665e-02;1.0250000e+02;8.3684146e-02;1.0250000e+02;9.9645697e-02;1.0250000e+02;1.1552339e-01;1.0250000e+02;1.2964831e-01;1.0250000e+02;1.3979524e-01;1.0250000e+02;1.4961907e-01;1.0250000e+02;1.7263015e-01;1.0250000e+02;2.0369382e-01;1.0250000e+02;2.3918630e-01;1.0250000e+02;2.5377828e-01;1.0250000e+02;2.5727618e-01;1.0250000e+02;2.5287542e-01;1.0250000e+02;2.4152873e-01;1.0250000e+02;2.0928830e-02;1.0250000e+02;2.9235102e-02;1.0250000e+02;3.9716348e-02;1.0250000e+02;5.3325169e-02;1.0250000e+02;6.8116665e-02;1.0250000e+02;8.3684146e-02;1.0250000e+02;9.9645697e-02;1.0250000e+02;1.1552339e-01;1.0250000e+02;1.2964831e-01;1.0250000e+02;1.3979524e-01;1.0250000e+02;1.4961907e-01;1.0250000e+02;1.7263015e-01;1.0250000e+02;2.0369382e-01;1.0250000e+02;2.3918630e-01;1.0250000e+02;2.5377828e-01;1.0250000e+02;2.5727618e-01;1.0250000e+02;2.5287542e-01;1.0250000e+02;2.4152873e-01;1.0250000e+02;2.0928830e-02;1.0250000e+02;2.9235102e-02;1.0250000e+02;3.9716348e-02;1.0250000e+02;5.3325169e-02;1.0250000e+02;6.8116665e-02;1.0250000e+02;8.3684146e-02;1.0250000e+02;9.9645697e-02;1.0250000e+02;1.1552339e-01;1.0250000e+02;1.2964831e-01;1.0250000e+02;1.3979524e-01;1.0250000e+02;1.4961907e-01;1.0250000e+02;1.7263015e-01;1.0250000e+02;2.0369382e-01;1.0250000e+02;2.3918630e-01;1.0250000e+02;2.5377828e-01;1.0250000e+02;2.5727618e-01;1.0250000e+02;2.5287542e-01;1.0250000e+02;2.4152873e-01;1.0250000e+02;2.0928830e-02;1.0250000e+02;2.9235102e-02;1.0250000e+02;3.9716348e-02;1.0250000e+02;5.3325169e-02;1.0250000e+02;6.8116665e-02;1.0250000e+02;8.3684146e-02;1.0250000e+02;9.9645697e-02;1.0250000e+02;1.1552339e-01;1.0250000e+02;1.2964831e-01;1.0250000e+02;1.3979524e-01;1.0250000e+02;1.4961907e-01;1.0250000e+02;1.7263015e-01;1.0250000e+02;2.0369382e-01;1.0250000e+02;2.3918630e-01;1.0250000e+02;2.5377828e-01;1.0250000e+02;2.5727618e-01;1.0250000e+02;2.5287542e-01;1.0250000e+02;2.4152873e-01;1.0250000e+02;2.0928830e-02;1.0250000e+02;2.9235102e-02;1.0250000e+02;3.9716348e-02;1.0250000e+02;5.3325169e-02;1.0250000e+02;6.8116665e-02;1.0250000e+02;8.3684146e-02;1.0250000e+02;9.9645697e-02;1.0250000e+02;1.1552339e-01;1.0250000e+02;1.2964831e-01;1.0250000e+02;1.3979524e-01;1.0250000e+02;1.4961907e-01;1.0250000e+02;1.7263015e-01;1.0250000e+02;2.0369382e-01;1.0250000e+02;2.3918630e-01;1.0250000e+02;2.5377828e-01;1.0250000e+02;2.5727618e-01;1.0250000e+02;2.5287542e-01;1.0250000e+02;2.4152873e-01;1.0250000e+02;2.0928830e-02;1.0250000e+02;2.9235102e-02;1.0250000e+02;3.9716348e-02;1.0250000e+02;5.3325169e-02;1.0250000e+02;6.8116665e-02;1.0250000e+02;8.3684146e-02;1.0250000e+02;9.9645697e-02;1.0250000e+02;1.1552339e-01;1.0250000e+02;1.2964831e-01;1.0250000e+02;1.3979524e-01;1.0250000e+02;1.4961907e-01;1.0250000e+02;1.7263015e-01;1.0250000e+02;2.0369382e-01;1.0250000e+02;2.3918630e-01;1.0250000e+02;2.5377828e-01;1.0250000e+02;2.5727618e-01;1.0250000e+02;2.5287542e-01;1.0250000e+02;2.4152873e-01;1.0250000e+02;2.0928830e-02;1.0250000e+02;2.9235102e-02;1.0250000e+02;3.9716348e-02;1.0250000e+02;5.3325169e-02;1.0250000e+02;6.8116665e-02;1.0250000e+02;8.3684146e-02;1.0250000e+02;9.9645697e-02;1.0250000e+02;1.1552339e-01;1.0250000e+02;1.2964831e-01;1.0250000e+02;1.3979524e-01;1.0250000e+02;1.4961907e-01;1.0250000e+02;1.7263015e-01;1.0250000e+02;2.0369382e-01;1.0250000e+02;2.3918630e-01;1.0250000e+02;2.5377828e-01;1.0250000e+02;2.5727618e-01;1.0250000e+02;2.5287542e-01;1.0250000e+02;2.4152873e-01;1.0250000e+02;2.0928830e-02;1.0250000e+02;2.9235102e-02;1.0250000e+02;3.9716348e-02;1.0250000e+02;5.3325169e-02;1.0250000e+02;6.8116665e-02;1.0250000e+02;8.3684146e-02;1.0250000e+02;9.9645697e-02;1.0250000e+02;1.1552339e-01;1.0250000e+02;1.2964831e-01;1.0250000e+02;1.3979524e-01;1.0250000e+02;1.4961907e-01;1.0250000e+02;1.7263015e-01;1.0250000e+02;2.0369382e-01;1.0250000e+02;2.3918630e-01;1.0250000e+02;2.5377828e-01;1.0250000e+02;2.5727618e-01;1.0250000e+02;2.5287542e-01;1.0250000e+02;2.4152873e-01;1.0250000e+02;2.0928830e-02;1.0250000e+02;2.9235102e-02;1.0250000e+02;3.9716348e-02;1.0250000e+02;5.3325169e-02;1.0250000e+02;6.8116665e-02;1.0250000e+02;8.3684146e-02;1.0250000e+02;9.9645697e-02;1.0250000e+02;1.1552339e-01;1.0250000e+02;1.2964831e-01;1.0250000e+02;1.3979524e-01;1.0250000e+02;1.4961907e-01;1.0250000e+02;1.7263015e-01;1.0250000e+02;2.0369382e-01;1.0250000e+02;2.3918630e-01;1.0250000e+02;2.5377828e-01;1.0250000e+02;2.5727618e-01;1.0250000e+02;2.5287542e-01;1.0250000e+02;2.4152873e-01;1.0250000e+02;2.0928830e-02;1.0250000e+02;2.9235102e-02;1.0250000e+02;3.9716348e-02;1.0250000e+02;5.3325169e-02;1.0250000e+02;6.8116665e-02;1.0250000e+02;8.3684146e-02;1.0250000e+02;9.9645697e-02;1.0250000e+02;1.1552339e-01;1.0250000e+02;1.2964831e-01;1.0250000e+02;1.3979524e-01;1.0250000e+02;1.4961907e-01;1.0250000e+02;1.7263015e-01;1.0250000e+02;2.0369382e-01;1.0250000e+02;2.3918630e-01;1.0250000e+02;2.5377828e-01;1.0250000e+02;2.5727618e-01;1.0250000e+02;2.5287542e-01;1.0250000e+02;2.4152873e-01;1.0250000e+02;2.0928830e-02;1.0250000e+02;2.9235102e-02;1.0250000e+02;3.9716348e-02;1.0250000e+02;5.3325169e-02;1.0250000e+02;6.8116665e-02;1.0250000e+02;8.3684146e-02;1.0250000e+02;9.9645697e-02;1.0250000e+02;1.1552339e-01;1.0250000e+02;1.2964831e-01;1.0250000e+02;1.3979524e-01;1.0250000e+02;1.4961907e-01;1.0250000e+02;1.7263015e-01;1.0250000e+02;2.0369382e-01;1.0250000e+02;2.3918630e-01;1.0250000e+02;2.5377828e-01;1.0250000e+02;2.5727618e-01;1.0250000e+02;2.5287542e-01;1.0250000e+02;2.4152873e-01;1.0250000e+02;2.0928830e-02;1.0250000e+02;2.9235102e-02;1.0250000e+02;3.9716348e-02;1.0250000e+02;5.3325169e-02;1.0250000e+02;6.8116665e-02;1.0250000e+02;8.3684146e-02;1.0250000e+02;9.9645697e-02;1.0250000e+02;1.1552339e-01;1.0250000e+02;1.2964831e-01;1.0250000e+02;1.3979524e-01;1.0250000e+02;1.4961907e-01;1.0250000e+02;1.7263015e-01;1.0250000e+02;2.0369382e-01;1.0250000e+02;2.3918630e-01;1.0250000e+02;2.5377828e-01;1.0250000e+02;2.5727618e-01;1.0250000e+02;2.5287542e-01;1.0250000e+02;2.4152873e-01;1.0250000e+02;2.0928830e-02;1.0250000e+02;2.9235102e-02;1.0250000e+02;3.9716348e-02;1.0250000e+02;5.3325169e-02;1.0250000e+02;6.8116665e-02;1.0250000e+02;8.3684146e-02;1.0250000e+02;9.9645697e-02;1.0250000e+02;1.1552339e-01;1.0250000e+02;1.2964831e-01;1.0250000e+02;1.3979524e-01;1.0250000e+02;1.4961907e-01;1.0250000e+02;1.7263015e-01;1.0250000e+02;2.0369382e-01;1.0250000e+02;2.3918630e-01;1.0250000e+02;2.5377828e-01;1.0250000e+02;2.5727618e-01;1.0250000e+02;2.5287542e-01;1.0250000e+02;2.4152873e-01;1.0250000e+02;2.0928830e-02;1.0250000e+02;2.9235102e-02;1.0250000e+02;3.9716348e-02;1.0250000e+02;5.3325169e-02;1.0250000e+02;6.8116665e-02;1.0250000e+02;8.3684146e-02;1.0250000e+02;9.9645697e-02;1.0250000e+02;1.1552339e-01;1.0250000e+02;1.2964831e-01;1.0250000e+02;1.3979524e-01;1.0250000e+02;1.4961907e-01;1.0250000e+02;1.7263015e-01;1.0250000e+02;2.0369382e-01;1.0250000e+02;2.3918630e-01;1.0250000e+02;2.5377828e-01;1.0250000e+02;2.5727618e-01;1.0250000e+02;2.5287542e-01;1.0250000e+02;2.4152873e-01;1.0250000e+02;2.0928830e-02;1.0250000e+02;2.9235102e-02;1.0250000e+02;3.9716348e-02;1.0250000e+02;5.3325169e-02;1.0250000e+02;6.8116665e-02;1.0250000e+02;8.3684146e-02;1.0250000e+02;9.9645697e-02;1.0250000e+02;1.1552339e-01;1.0250000e+02;1.2964831e-01;1.0250000e+02;1.3979524e-01;1.0250000e+02;1.4961907e-01;1.0250000e+02;1.7263015e-01;1.0250000e+02;2.0369382e-01;1.0250000e+02;2.3918630e-01;1.0250000e+02;2.5377828e-01;1.0250000e+02;2.5727618e-01;1.0250000e+02;2.5287542e-01;1.0250000e+02;2.4152873e-01
1.0750000e+02;1.8868141e-02;1.0750000e+02;2.6272813e-02;1.0750000e+02;3.6068074e-02;1.0750000e+02;4.7428858e-02;1.0750000e+02;6.0500354e-02;1.0750000e+02;7.5215034e-02;1.0750000e+02;9.0629898e-02;1.0750000e+02;1.0660318e-01;1.0750000e+02;1.2142982e-01;1.0750000e+02;1.3122344e-01;1.0750000e+02;1.4084469e-01;1.0750000e+02;1.6265257e-01;1.0750000e+02;1.9577520e-01;1.0750000e+02;2.3297630e-01;1.0750000e+02;2.4811810e-01;1.0750000e+02;2.5227696e-01;1.0750000e+02;2.4824104e-01;1.0750000e+02;2.3687160e-01;1.0750000e+02;1.8868141e-02;1.0750000e+02;2.6272813e-02;1.0750000e+02;3.6068074e-02;1.0750000e+02;4.7428858e-02;1.0750000e+02;6.0500354e-02;1.0750000e+02;7.5215034e-02;1.0750000e+02;9.0629898e-02;1.0750000e+02;1.0660318e-01;1.0750000e+02;1.2142982e-01;1.0750000e+02;1.3122344e-01;1.0750000e+02;1.4084469e-01;1.0750000e+02;1.6265257e-01;1.0750000e+02;1.9577520e-01;1.0750000e+02;2.3297630e-01;1.0750000e+02;2.4811810e-01;1.0750000e+02;2.5227696e-01;1.0750000e+02;2.4824104e-01;1.0750000e+02;2.3687160e-01;1.0750000e+02;1.8868141e-02;1.0750000e+02;2.6272813e-02;1.0750000e+02;3.6068074e-02;1.0750000e+02;4.7428858e-02;1.0750000e+02;6.0500354e-02;1.0750000e+02;7.5215034e-02;1.0750000e+02;9.0629898e-02;1.0750000e+02;1.0660318e-01;1.0750000e+02;1.2142982e-01;1.0750000e+02;1.3122344e-01;1.0750000e+02;1.4084469e-01;1.0750000e+02;1.6265257e-01;1.0750000e+02;1.9577520e-01;1.0750000e+02;2.3297630e-01;1.0750000e+02;2.4811810e-01;1.0750000e+02;2.5227696e-01;1.0750000e+02;2.4824104e-01;1.0750000e+02;2.3687160e-01;1.0750000e+02;1.8868141e-02;1.0750000e+02;2.6272813e-02;1.0750000e+02;3.6068074e-02;1.0750000e+02;4.7428858e-02;1.0750000e+02;6.0500354e-02;1.0750000e+02;7.5215034e-02;1.0750000e+02;9.0629898e-02;1.0750000e+02;1.0660318e-01;1.0750000e+02;1.2142982e-01;1.0750000e+02;1.3122344e-01;1.0750000e+02;1.4084469e-01;1.0750000e+02;1.6265257e-01;1.0750000e+02;1.9577520e-01;1.0750000e+02;2.3297630e-01;1.0750000e+02;2.4811810e-01;1.0750000e+02;2.5227696e-01;1.0750000e+02;2.4824104e-01;1.0750000e+02;2.3687160e-01;1.0750000e+02;1.8868141e-02;1.0750000e+02;2.6272813e-02;1.0750000e+02;3.6068074e-02;1.0750000e+02;4.7428858e-02;1.0750000e+02;6.0500354e-02;1.0750000e+02;7.5215034e-02;1.0750000e+02;9.0629898e-02;1.0750000e+02;1.0660318e-01;1.0750000e+02;1.2142982e-01;1.0750000e+02;1.3122344e-01;1.0750000e+02;1.4084469e-01;1.0750000e+02;1.6265257e-01;1.0750000e+02;1.9577520e-01;1.0750000e+02;2.3297630e-01;1.0750000e+02;2.4811810e-01;1.0750000e+02;2.5227696e-01;1.0750000e+02;2.4824104e-01;1.0750000e+02;2.3687160e-01;1.0750000e+02;1.8868141e-02;1.0750000e+02;2.6272813e-02;1.0750000e+02;3.6068074e-02;1.0750000e+02;4.7428858e-02;1.0750000e+02;6.0500354e-02;1.0750000e+02;7.5215034e-02;1.0750000e+02;9.0629898e-02;1.0750000e+02;1.0660318e-01;1.0750000e+02;1.2142982e-01;1.0750000e+02;1.3122344e-01;1.0750000e+02;1.4084469e-01;1.0750000e+02;1.6265257e-01;1.0750000e+02;1.9577520e-01;1.0750000e+02;2.3297630e-01;1.0750000e+02;2.4811810e-01;1.0750000e+02;2.5227696e-01;1.0750000e+02;2.4824104e-01;1.0750000e+02;2.3687160e-01;1.0750000e+02;1.8868141e-02;1.0750000e+02;2.6272813e-02;1.0750000e+02;3.6068074e-02;1.0750000e+02;4.7428858e-02;1.0750000e+02;6.0500354e-02;1.0750000e+02;7.5215034e-02;1.0750000e+02;9.0629898e-02;1.0750000e+02;1.0660318e-01;1.0750000e+02;1.2142982e-01;1.0750000e+02;1.3122344e-01;1.0750000e+02;1.4084469e-01;1.0750000e+02;1.6265257e-01;1.0750000e+02;1.9577520e-01;1.0750000e+02;2.3297630e-01;1.0750000e+02;2.4811810e-01;1.0750000e+02;2.5227696e-01;1.0750000e+02;2.4824104e-01;1.0750000e+02;2.3687160e-01;1.0750000e+02;1.8868141e-02;1.0750000e+02;2.6272813e-02;1.0750000e+02;3.6068074e-02;1.0750000e+02;4.7428858e-02;1.0750000e+02;6.0500354e-02;1.0750000e+02;7.5215034e-02;1.0750000e+02;9.0629898e-02;1.0750000e+02;1.0660318e-01;1.0750000e+02;1.2142982e-01;1.0750000e+02;1.3122344e-01;1.0750000e+02;1.4084469e-01;1.0750000e+02;1.6265257e-01;1.0750000e+02;1.9577520e-01;1.0750000e+02;2.3297630e-01;1.0750000e+02;2.4811810e-01;1.0750000e+02;2.5227696e-01;1.0750000e+02;2.4824104e-01;1.0750000e+02;2.3687160e-01;1.0750000e+02;1.8868141e-02;1.0750000e+02;2.6272813e-02;1.0750000e+02;3.6068074e-02;1.0750000e+02;4.7428858e-02;1.0750000e+02;6.0500354e-02;1.0750000e+02;7.5215034e-02;1.0750000e+02;9.0629898e-02;1.0750000e+02;1.0660318e-01;1.0750000e+02;1.2142982e-01;1.0750000e+02;1.3122344e-01;1.0750000e+02;1.4084469e-01;1.0750000e+02;1.6265257e-01;1.0750000e+02;1.9577520e-01;1.0750000e+02;2.3297630e-01;1.0750000e+02;2.4811810e-01;1.0750000e+02;2.5227696e-01;1.0750000e+02;2.4824104e-01;1.0750000e+02;2.3687160e-01;1.0750000e+02;1.8868141e-02;1.0750000e+02;2.6272813e-02;1.0750000e+02;3.6068074e-02;1.0750000e+02;4.7428858e-02;1.0750000e+02;6.0500354e-02;1.0750000e+02;7.5215034e-02;1.0750000e+02;9.0629898e-02;1.0750000e+02;1.0660318e-01;1.0750000e+02;1.2142982e-01;1.0750000e+02;1.3122344e-01;1.0750000e+02;1.4084469e-01;1.0750000e+02;1.6265257e-01;1.0750000e+02;1.9577520e-01;1.0750000e+02;2.3297630e-01;1.0750000e+02;2.4811810e-01;1.0750000e+02;2.5227696e-01;1.0750000e+02;2.4824104e-01;1.0750000e+02;2.3687160e-01;1.0750000e+02;1.8868141e-02;1.0750000e+02;2.6272813e-02;1.0750000e+02;3.6068074e-02;1.0750000e+02;4.7428858e-02;1.0750000e+02;6.0500354e-02;1.0750000e+02;7.5215034e-02;1.0750000e+02;9.0629898e-02;1.0750000e+02;1.0660318e-01;1.0750000e+02;1.2142982e-01;1.0750000e+02;1.3122344e-01;1.0750000e+02;1.4084469e-01;1.0750000e+02;1.6265257e-01;1.0750000e+02;1.9577520e-01;1.0750000e+02;2.3297630e-01;1.0750000e+02;2.4811810e-01;1.0750000e+02;2.5227696e-01;1.0750000e+02;2.4824104e-01;1.0750000e+02;2.3687160e-01;1.0750000e+02;1.8868141e-02;1.0750000e+02;2.6272813e-02;1.0750000e+02;3.6068074e-02;1.0750000e+02;4.7428858e-02;1.0750000e+02;6.0500354e-02;1.0750000e+02;7.5215034e-02;1.0750000e+02;9.0629898e-02;1.0750000e+02;1.0660318e-01;1.0750000e+02;1.2142982e-01;1.0750000e+02;1.3122344e-01;1.0750000e+02;1.4084469e-01;1.0750000e+02;1.6265257e-01;1.0750000e+02;1.9577520e-01;1.0750000e+02;2.3297630e-01;1.0750000e+02;2.4811810e-01;1.0750000e+02;2.5227696e-01;1.0750000e+02;2.4824104e-01;1.0750000e+02;2.3687160e-01;1.0750000e+02;1.8868141e-02;1.0750000e+02;2.6272813e-02;1.0750000e+02;3.6068074e-02;1.0750000e+02;4.7428858e-02;1.0750000e+02;6.0500354e-02;1.0750000e+02;7.5215034e-02;1.0750000e+02;9.0629898e-02;1.0750000e+02;1.0660318e-01;1.0750000e+02;1.2142982e-01;1.0750000e+02;1.3122344e-01;1.0750000e+02;1.4084469e-01;1.0750000e+02;1.6265257e-01;1.0750000e+02;1.9577520e-01;1.0750000e+02;2.3297630e-01;1.0750000e+02;2.4811810e-01;1.0750000e+02;2.5227696e-01;1.0750000e+02;2.4824104e-01;1.0750000e+02;2.3687160e-01;1.0750000e+02;1.8868141e-02;1.0750000e+02;2.6272813e-02;1.0750000e+02;3.6068074e-02;1.0750000e+02;4.7428858e-02;1.0750000e+02;6.0500354e-02;1.0750000e+02;7.5215034e-02;1.0750000e+02;9.0629898e-02;1.0750000e+02;1.0660318e-01;1.0750000e+02;1.2142982e-01;1.0750000e+02;1.3122344e-01;1.0750000e+02;1.4084469e-01;1.0750000e+02;1.6265257e-01;1.0750000e+02;1.9577520e-01;1.0750000e+02;2.3297630e-01;1.0750000e+02;2.4811810e-01;1.0750000e+02;2.5227696e-01;1.0750000e+02;2.4824104e-01;1.0750000e+02;2.3687160e-01;1.0750000e+02;1.8868141e-02;1.0750000e+02;2.6272813e-02;1.0750000e+02;3.6068074e-02;1.0750000e+02;4.7428858e-02;1.0750000e+02;6.0500354e-02;1.0750000e+02;7.5215034e-02;1.0750000e+02;9.0629898e-02;1.0750000e+02;1.0660318e-01;1.0750000e+02;1.2142982e-01;1.0750000e+02;1.3122344e-01;1.0750000e+02;1.4084469e-01;1.0750000e+02;1.6265257e-01;1.0750000e+02;1.9577520e-01;1.0750000e+02;2.3297630e-01;1.0750000e+02;2.4811810e-01;1.0750000e+02;2.5227696e-01;1.0750000e+02;2.4824104e-01;1.0750000e+02;2.3687160e-01;1.0750000e+02;1.8868141e-02;1.0750000e+02;2.6272813e-02;1.0750000e+02;3.6068074e-02;1.0750000e+02;4.7428858e-02;1.0750000e+02;6.0500354e-02;1.0750000e+02;7.5215034e-02;1.0750000e+02;9.0629898e-02;1.0750000e+02;1.0660318e-01;1.0750000e+02;1.2142982e-01;1.0750000e+02;1.3122344e-01;1.0750000e+02;1.4084469e-01;1.0750000e+02;1.6265257e-01;1.0750000e+02;1.9577520e-01;1.0750000e+02;2.3297630e-01;1.0750000e+02;2.4811810e-01;1.0750000e+02;2.5227696e-01;1.0750000e+02;2.4824104e-01;1.0750000e+02;2.3687160e-01;1.0750000e+02;1.8868141e-02;1.0750000e+02;2.6272813e-02;1.0750000e+02;3.6068074e-02;1.0750000e+02;4.7428858e-02;1.0750000e+02;6.0500354e-02;1.0750000e+02;7.5215034e-02;1.0750000e+02;9.0629898e-02;1.0750000e+02;1.0660318e-01;1.0750000e+02;1.2142982e-01;1.0750000e+02;1.3122344e-01;1.0750000e+02;1.4084469e-01;1.0750000e+02;1.6265257e-01;1.0750000e+02;1.9577520e-01;1.0750000e+02;2.3297630e-01;1.0750000e+02;2.4811810e-01;1.0750000e+02;2.5227696e-01;1.0750000e+02;2.4824104e-01;1.0750000e+02;2.3687160e-01;1.0750000e+02;1.8868141e-02;1.0750000e+02;2.6272813e-02;1.0750000e+02;3.6068074e-02;1.0750000e+02;4.7428858e-02;1.0750000e+02;6.0500354e-02;1.0750000e+02;7.5215034e-02;1.0750000e+02;9.0629898e-02;1.0750000e+02;1.0660318e-01;1.0750000e+02;1.2142982e-01;1.0750000e+02;1.3122344e-01;1.0750000e+02;1.4084469e-01;1.0750000e+02;1.6265257e-01;1.0750000e+02;1.9577520e-01;1.0750000e+02;2.3297630e-01;1.0750000e+02;2.4811810e-01;1.0750000e+02;2.5227696e-01;1.0750000e+02;2.4824104e-01;1.0750000e+02;2.3687160e-01;1.0750000e+02;1.8868141e-02;1.0750000e+02;2.6272813e-02;1.0750000e+02;3.6068074e-02;1.0750000e+02;4.7428858e-02;1.0750000e+02;6.0500354e-02;1.0750000e+02;7.5215034e-02;1.0750000e+02;9.0629898e-02;1.0750000e+02;1.0660318e-01;1.0750000e+02;1.2142982e-01;1.0750000e+02;1.3122344e-01;1.0750000e+02;1.4084469e-01;1.0750000e+02;1.6265257e-01;1.0750000e+02;1.9577520e-01;1.0750000e+02;2.3297630e-01;1.0750000e+02;2.4811810e-01;1.0750000e+02;2.5227696e-01;1.0750000e+02;2.4824104e-01;1.0750000e+02;2.3687160e-01;1.0750000e+02;1.8868141e-02;1.0750000e+02;2.6272813e-02;1.0750000e+02;3.6068074e-02;1.0750000e+02;4.7428858e-02;1.0750000e+02;6.0500354e-02;1.0750000e+02;7.5215034e-02;1.0750000e+02;9.0629898e-02;1.0750000e+02;1.0660318e-01;1.0750000e+02;1.2142982e-01;1.0750000e+02;1.3122344e-01;1.0750000e+02;1.4084469e-01;1.0750000e+02;1.6265257e-01;1.0750000e+02;1.9577520e-01;1.0750000e+02;2.3297630e-01;1.0750000e+02;2.4811810e-01;1.0750000e+02;2.5227696e-01;1.0750000e+02;2.4824104e-01;1.0750000e+02;2.3687160e-01;1.0750000e+02;1.8868141e-02;1.0750000e+02;2.6272813e-02;1.0750000e+02;3.6068074e-02;1.0750000e+02;4.7428858e-02;1.0750000e+02;6.0500354e-02;1.0750000e+02;7.5215034e-02;1.0750000e+02;9.0629898e-02;1.0750000e+02;1.0660318e-01;1.0750000e+02;1.2142982e-01;1.0750000e+02;1.3122344e-01;1.0750000e+02;1.4084469e-01;1.0750000e+02;1.6265257e-01;1.0750000e+02;1.9577520e-01;1.0750000e+02;2.3297630e-01;1.0750000e+02;2.4811810e-01;1.0750000e+02;2.5227696e-01;1.0750000e+02;2.4824104e-01;1.0750000e+02;2.3687160e-01;1.0750000e+02;1.8868141e-02;1.0750000e+02;2.6272813e-02;1.0750000e+02;3.6068074e-02;1.0750000e+02;4.7428858e-02;1.0750000e+02;6.0500354e-02;1.0750000e+02;7.5215034e-02;1.0750000e+02;9.0629898e-02;1.0750000e+02;1.0660318e-01;1.0750000e+02;1.2142982e-01;1.0750000e+02;1.3122344e-01;1.0750000e+02;1.4084469e-01;1.0750000e+02;1.6265257e-01;1.0750000e+02;1.9577520e-01;1.0750000e+02;2.3297630e-01;1.0750000e+02;2.4811810e-01;1.0750000e+02;2.5227696e-01;1.0750000e+02;2.4824104e-01;1.0750000e+02;2.3687160e-01;1.0750000e+02;1.8868141e-02;1.0750000e+02;2.6272813e-02;1.0750000e+02;3.6068074e-02;1.0750000e+02;4.7428858e-02;1.0750000e+02;6.0500354e-02;1.0750000e+02;7.5215034e-02;1.0750000e+02;9.0629898e-02;1.0750000e+02;1.0660318e-01;1.0750000e+02;1.2142982e-01;1.0750000e+02;1.3122344e-01;1.0750000e+02;1.4084469e-01;1.0750000e+02;1.6265257e-01;1.0750000e+02;1.9577520e-01;1.0750000e+02;2.3297630e-01;1.0750000e+02;2.4811810e-01;1.0750000e+02;2.5227696e-01;1.0750000e+02;2.4824104e-01;1.0750000e+02;2.3687160e-01;1.0750000e+02;1.8868141e-02;1.0750000e+02;2.6272813e-02;1.0750000e+02;3.6068074e-02;1.0750000e+02;4.7428858e-02;1.0750000e+02;6.0500354e-02;1.0750000e+02;7.5215034e-02;1.0750000e+02;9.0629898e-02;1.0750000e+02;1.0660318e-01;1.0750000e+02;1.2142982e-01;1.0750000e+02;1.3122344e-01;1.0750000e+02;1.4084469e-01;1.0750000e+02;1.6265257e-01;1.0750000e+02;1.9577520e-01;1.0750000e+02;2.3297630e-01;1.0750000e+02;2.4811810e-01;1.0750000e+02;2.5227696e-01;1.0750000e+02;2.4824104e-01;1.0750000e+02;2.3687160e-01;1.0750000e+02;1.8868141e-02;1.0750000e+02;2.6272813e-02;1.0750000e+02;3.6068074e-02;1.0750000e+02;4.7428858e-02;1.0750000e+02;6.0500354e-02;1.0750000e+02;7.5215034e-02;1.0750000e+02;9.0629898e-02;1.0750000e+02;1.0660318e-01;1.0750000e+02;1.2142982e-01;1.0750000e+02;1.3122344e-01;1.0750000e+02;1.4084469e-01;1.0750000e+02;1.6265257e-01;1.0750000e+02;1.9577520e-01;1.0750000e+02;2.3297630e-01;1.0750000e+02;2.4811810e-01;1.0750000e+02;2.5227696e-01;1.0750000e+02;2.4824104e-01;1.0750000e+02;2.3687160e-01;1.0750000e+02;1.8868141e-02;1.0750000e+02;2.6272813e-02;1.0750000e+02;3.6068074e-02;1.0750000e+02;4.7428858e-02;1.0750000e+02;6.0500354e-02;1.0750000e+02;7.5215034e-02;1.0750000e+02;9.0629898e-02;1.0750000e+02;1.0660318e-01;1.0750000e+02;1.2142982e-01;1.0750000e+02;1.3122344e-01;1.0750000e+02;1.4084469e-01;1.0750000e+02;1.6265257e-01;1.0750000e+02;1.9577520e-01;1.0750000e+02;2.3297630e-01;1.0750000e+02;2.4811810e-01;1.0750000e+02;2.5227696e-01;1.0750000e+02;2.4824104e-01;1.0750000e+02;2.3687160e-01;1.0750000e+02;1.8868141e-02;1.0750000e+02;2.6272813e-02;1.0750000e+02;3.6068074e-02;1.0750000e+02;4.7428858e-02;1.0750000e+02;6.0500354e-02;1.0750000e+02;7.5215034e-02;1.0750000e+02;9.0629898e-02;1.0750000e+02;1.0660318e-01;1.0750000e+02;1.2142982e-01;1.0750000e+02;1.3122344e-01;1.0750000e+02;1.4084469e-01;1.0750000e+02;1.6265257e-01;1.0750000e+02;1.9577520e-01;1.0750000e+02;2.3297630e-01;1.0750000e+02;2.4811810e-01;1.0750000e+02;2.5227696e-01;1.0750000e+02;2.4824104e-01;1.0750000e+02;2.3687160e-01;1.0750000e+02;1.8868141e-02;1.0750000e+02;2.6272813e-02;1.0750000e+02;3.6068074e-02;1.0750000e+02;4.7428858e-02;1.0750000e+02;6.0500354e-02;1.0750000e+02;7.5215034e-02;1.0750000e+02;9.0629898e-02;1.0750000e+02;1.0660318e-01;1.0750000e+02;1.2142982e-01;1.0750000e+02;1.3122344e-01;1.0750000e+02;1.4084469e-01;1.0750000e+02;1.6265257e-01;1.0750000e+02;1.9577520e-01;1.0750000e+02;2.3297630e-01;1.0750000e+02;2.4811810e-01;1.0750000e+02;2.5227696e-01;1.0750000e+02;2.4824104e-01;1.0750000e+02;2.3687160e-01;1.0750000e+02;1.8868141e-02;1.0750000e+02;2.6272813e-02;1.0750000e+02;3.6068074e-02;1.0750000e+02;4.7428858e-02;1.0750000e+02;6.0500354e-02;1.0750000e+02;7.5215034e-02;1.0750000e+02;9.0629898e-02;1.0750000e+02;1.0660318e-01;1.0750000e+02;1.2142982e-01;1.0750000e+02;1.3122344e-01;1.0750000e+02;1.4084469e-01;1.0750000e+02;1.6265257e-01;1.0750000e+02;1.9577520e-01;1.0750000e+02;2.3297630e-01;1.0750000e+02;2.4811810e-01;1.0750000e+02;2.5227696e-01;1.0750000e+02;2.4824104e-01;1.0750000e+02;2.3687160e-01;1.0750000e+02;1.8868141e-02;1.0750000e+02;2.6272813e-02;1.0750000e+02;3.6068074e-02;1.0750000e+02;4.7428858e-02;1.0750000e+02;6.0500354e-02;1.0750000e+02;7.5215034e-02;1.0750000e+02;9.0629898e-02;1.0750000e+02;1.0660318e-01;1.0750000e+02;1.2142982e-01;1.0750000e+02;1.3122344e-01;1.0750000e+02;1.4084469e-01;1.0750000e+02;1.6265257e-01;1.0750000e+02;1.9577520e-01;1.0750000e+02;2.3297630e-01;1.0750000e+02;2.4811810e-01;1.0750000e+02;2.5227696e-01;1.0750000e+02;2.4824104e-01;1.0750000e+02;2.3687160e-01;1.0750000e+02;1.8868141e-02;1.0750000e+02;2.6272813e-02;1.0750000e+02;3.6068074e-02;1.0750000e+02;4.7428858e-02;1.0750000e+02;6.0500354e-02;1.0750000e+02;7.5215034e-02;1.0750000e+02;9.0629898e-02;1.0750000e+02;1.0660318e-01;1.0750000e+02;1.2142982e-01;1.0750000e+02;1.3122344e-01;1.0750000e+02;1.4084469e-01;1.0750000e+02;1.6265257e-01;1.0750000e+02;1.9577520e-01;1.0750000e+02;2.3297630e-01;1.0750000e+02;2.4811810e-01;1.0750000e+02;2.5227696e-01;1.0750000e+02;2.4824104e-01;1.0750000e+02;2.3687160e-01;1.0750000e+02;1.8868141e-02;1.0750000e+02;2.6272813e-02;1.0750000e+02;3.6068074e-02;1.0750000e+02;4.7428858e-02;1.0750000e+02;6.0500354e-02;1.0750000e+02;7.5215034e-02;1.0750000e+02;9.0629898e-02;1.0750000e+02;1.0660318e-01;1.0750000e+02;1.2142982e-01;1.0750000e+02;1.3122344e-01;1.0750000e+02;1.4084469e-01;1.0750000e+02;1.6265257e-01;1.0750000e+02;1.9577520e-01;1.0750000e+02;2.3297630e-01;1.0750000e+02;2.4811810e-01;1.0750000e+02;2.5227696e-01;1.0750000e+02;2.4824104e-01;1.0750000e+02;2.3687160e-01;1.0750000e+02;1.8868141e-02;1.0750000e+02;2.6272813e-02;1.0750000e+02;3.6068074e-02;1.0750000e+02;4.7428858e-02;1.0750000e+02;6.0500354e-02;1.0750000e+02;7.5215034e-02;1.0750000e+02;9.0629898e-02;1.0750000e+02;1.0660318e-01;1.0750000e+02;1.2142982e-01;1.0750000e+02;1.3122344e-01;1.0750000e+02;1.4084469e-01;1.0750000e+02;1.6265257e-01;1.0750000e+02;1.9577520e-01;1.0750000e+02;2.3297630e-01;1.0750000e+02;2.4811810e-01;1.0750000e+02;2.5227696e-01;1.0750000e+02;2.4824104e-01;1.0750000e+02;2.3687160e-01;1.0750000e+02;1.8868141e-02;1.0750000e+02;2.6272813e-02;1.0750000e+02;3.6068074e-02;1.0750000e+02;4.7428858e-02;1.0750000e+02;6.0500354e-02;1.0750000e+02;7.5215034e-02;1.0750000e+02;9.0629898e-02;1.0750000e+02;1.0660318e-01;1.0750000e+02;1.2142982e-01;1.0750000e+02;1.3122344e-01;1.0750000e+02;1.4084469e-01;1.0750000e+02;1.6265257e-01;1.0750000e+02;1.9577520e-01;1.0750000e+02;2.3297630e-01;1.0750000e+02;2.4811810e-01;1.0750000e+02;2.5227696e-01;1.0750000e+02;2.4824104e-01;1.0750000e+02;2.3687160e-01;1.0750000e+02;1.8868141e-02;1.0750000e+02;2.6272813e-02;1.0750000e+02;3.6068074e-02;1.0750000e+02;4.7428858e-02;1.0750000e+02;6.0500354e-02;1.0750000e+02;7.5215034e-02;1.0750000e+02;9.0629898e-02;1.0750000e+02;1.0660318e-01;1.0750000e+02;1.2142982e-01;1.0750000e+02;1.3122344e-01;1.0750000e+02;1.4084469e-01;1.0750000e+02;1.6265257e-01;1.0750000e+02;1.9577520e-01;1.0750000e+02;2.3297630e-01;1.0750000e+02;2.4811810e-01;1.0750000e+02;2.5227696e-01;1.0750000e+02;2.4824104e-01;1.0750000e+02;2.3687160e-01;1.0750000e+02;1.8868141e-02;1.0750000e+02;2.6272813e-02;1.0750000e+02;3.6068074e-02;1.0750000e+02;4.7428858e-02;1.0750000e+02;6.0500354e-02;1.0750000e+02;7.5215034e-02;1.0750000e+02;9.0629898e-02;1.0750000e+02;1.0660318e-01;1.0750000e+02;1.2142982e-01;1.0750000e+02;1.3122344e-01;1.0750000e+02;1.4084469e-01;1.0750000e+02;1.6265257e-01;1.0750000e+02;1.9577520e-01;1.0750000e+02;2.3297630e-01;1.0750000e+02;2.4811810e-01;1.0750000e+02;2.5227696e-01;1.0750000e+02;2.4824104e-01;1.0750000e+02;2.3687160e-01;1.0750000e+02;1.8868141e-02;1.0750000e+02;2.6272813e-02;1.0750000e+02;3.6068074e-02;1.0750000e+02;4.7428858e-02;1.0750000e+02;6.0500354e-02;1.0750000e+02;7.5215034e-02;1.0750000e+02;9.0629898e-02;1.0750000e+02;1.0660318e-01;1.0750000e+02;1.2142982e-01;1.0750000e+02;1.3122344e-01;1.0750000e+02;1.4084469e-01;1.0750000e+02;1.6265257e-01;1.0750000e+02;1.9577520e-01;1.0750000e+02;2.3297630e-01;1.0750000e+02;2.4811810e-01;1.0750000e+02;2.5227696e-01;1.0750000e+02;2.4824104e-01;1.0750000e+02;2.3687160e-01;1.0750000e+02;1.8868141e-02;1.0750000e+02;2.6272813e-02;1.0750000e+02;3.6068074e-02;1.0750000e+02;4.7428858e-02;1.0750000e+02;6.0500354e-02;1.0750000e+02;7.5215034e-02;1.0750000e+02;9.0629898e-02;1.0750000e+02;1.0660318e-01;1.0750000e+02;1.2142982e-01;1.0750000e+02;1.3122344e-01;1.0750000e+02;1.4084469e-01;1.0750000e+02;1.6265257e-01;1.0750000e+02;1.9577520e-01;1.0750000e+02;2.3297630e-01;1.0750000e+02;2.4811810e-01;1.0750000e+02;2.5227696e-01;1.0750000e+02;2.4824104e-01;1.0750000e+02;2.3687160e-01;1.0750000e+02;1.8868141e-02;1.0750000e+02;2.6272813e-02;1.0750000e+02;3.6068074e-02;1.0750000e+02;4.7428858e-02;1.0750000e+02;6.0500354e-02;1.0750000e+02;7.5215034e-02;1.0750000e+02;9.0629898e-02;1.0750000e+02;1.0660318e-01;1.0750000e+02;1.2142982e-01;1.0750000e+02;1.3122344e-01;1.0750000e+02;1.4084469e-01;1.0750000e+02;1.6265257e-01;1.0750000e+02;1.9577520e-01;1.0750000e+02;2.3297630e-01;1.0750000e+02;2.4811810e-01;1.0750000e+02;2.5227696e-01;1.0750000e+02;2.4824104e-01;1.0750000e+02;2.3687160e-01;1.0750000e+02;1.8868141e-02;1.0750000e+02;2.6272813e-02;1.0750000e+02;3.6068074e-02;1.0750000e+02;4.7428858e-02;1.0750000e+02;6.0500354e-02;1.0750000e+02;7.5215034e-02;1.0750000e+02;9.0629898e-02;1.0750000e+02;1.0660318e-01;1.0750000e+02;1.2142982e-01;1.0750000e+02;1.3122344e-01;1.0750000e+02;1.4084469e-01;1.0750000e+02;1.6265257e-01;1.0750000e+02;1.9577520e-01;1.0750000e+02;2.3297630e-01;1.0750000e+02;2.4811810e-01;1.0750000e+02;2.5227696e-01;1.0750000e+02;2.4824104e-01;1.0750000e+02;2.3687160e-01;1.0750000e+02;1.8868141e-02;1.0750000e+02;2.6272813e-02;1.0750000e+02;3.6068074e-02;1.0750000e+02;4.7428858e-02;1.0750000e+02;6.0500354e-02;1.0750000e+02;7.5215034e-02;1.0750000e+02;9.0629898e-02;1.0750000e+02;1.0660318e-01;1.0750000e+02;1.2142982e-01;1.0750000e+02;1.3122344e-01;1.0750000e+02;1.4084469e-01;1.0750000e+02;1.6265257e-01;1.0750000e+02;1.9577520e-01;1.0750000e+02;2.3297630e-01;1.0750000e+02;2.4811810e-01;1.0750000e+02;2.5227696e-01;1.0750000e+02;2.4824104e-01;1.0750000e+02;2.3687160e-01;1.0750000e+02;1.8868141e-02;1.0750000e+02;2.6272813e-02;1.0750000e+02;3.6068074e-02;1.0750000e+02;4.7428858e-02;1.0750000e+02;6.0500354e-02;1.0750000e+02;7.5215034e-02;1.0750000e+02;9.0629898e-02;1.0750000e+02;1.0660318e-01;1.0750000e+02;1.2142982e-01;1.0750000e+02;1.3122344e-01;1.0750000e+02;1.4084469e-01;1.0750000e+02;1.6265257e-01;1.0750000e+02;1.9577520e-01;1.0750000e+02;2.3297630e-01;1.0750000e+02;2.4811810e-01;1.0750000e+02;2.5227696e-01;1.0750000e+02;2.4824104e-01;1.0750000e+02;2.3687160e-01;1.0750000e+02;1.8868141e-02;1.0750000e+02;2.6272813e-02;1.0750000e+02;3.6068074e-02;1.0750000e+02;4.7428858e-02;1.0750000e+02;6.0500354e-02;1.0750000e+02;7.5215034e-02;1.0750000e+02;9.0629898e-02;1.0750000e+02;1.0660318e-01;1.0750000e+02;1.2142982e-01;1.0750000e+02;1.3122344e-01;1.0750000e+02;1.4084469e-01;1.0750000e+02;1.6265257e-01;1.0750000e+02;1.9577520e-01;1.0750000e+02;2.3297630e-01;1.0750000e+02;2.4811810e-01;1.0750000e+02;2.5227696e-01;1.0750000e+02;2.4824104e-01;1.0750000e+02;2.3687160e-01;1.0750000e+02;1.8868141e-02;1.0750000e+02;2.6272813e-02;1.0750000e+02;3.6068074e-02;1.0750000e+02;4.7428858e-02;1.0750000e+02;6.0500354e-02;1.0750000e+02;7.5215034e-02;1.0750000e+02;9.0629898e-02;1.0750000e+02;1.0660318e-01;1.0750000e+02;1.2142982e-01;1.0750000e+02;1.3122344e-01;1.0750000e+02;1.4084469e-01;1.0750000e+02;1.6265257e-01;1.0750000e+02;1.9577520e-01;1.0750000e+02;2.3297630e-01;1.0750000e+02;2.4811810e-01;1.0750000e+02;2.5227696e-01;1.0750000e+02;2.4824104e-01;1.0750000e+02;2.3687160e-01;1.0750000e+02;1.8868141e-02;1.0750000e+02;2.6272813e-02;1.0750000e+02;3.6068074e-02;1.0750000e+02;4.7428858e-02;1.0750000e+02;6.0500354e-02;1.0750000e+02;7.5215034e-02;1.0750000e+02;9.0629898e-02;1.0750000e+02;1.0660318e-01;1.0750000e+02;1.2142982e-01;1.0750000e+02;1.3122344e-01;1.0750000e+02;1.4084469e-01;1.0750000e+02;1.6265257e-01;1.0750000e+02;1.9577520e-01;1.0750000e+02;2.3297630e-01;1.0750000e+02;2.4811810e-01;1.0750000e+02;2.5227696e-01;1.0750000e+02;2.4824104e-01;1.0750000e+02;2.3687160e-01;1.0750000e+02;1.8868141e-02;1.0750000e+02;2.6272813e-02;1.0750000e+02;3.6068074e-02;1.0750000e+02;4.7428858e-02;1.0750000e+02;6.0500354e-02;1.0750000e+02;7.5215034e-02;1.0750000e+02;9.0629898e-02;1.0750000e+02;1.0660318e-01;1.0750000e+02;1.2142982e-01;1.0750000e+02;1.3122344e-01;1.0750000e+02;1.4084469e-01;1.0750000e+02;1.6265257e-01;1.0750000e+02;1.9577520e-01;1.0750000e+02;2.3297630e-01;1.0750000e+02;2.4811810e-01;1.0750000e+02;2.5227696e-01;1.0750000e+02;2.4824104e-01;1.0750000e+02;2.3687160e-01;1.0750000e+02;1.8868141e-02;1.0750000e+02;2.6272813e-02;1.0750000e+02;3.6068074e-02;1.0750000e+02;4.7428858e-02;1.0750000e+02;6.0500354e-02;1.0750000e+02;7.5215034e-02;1.0750000e+02;9.0629898e-02;1.0750000e+02;1.0660318e-01;1.0750000e+02;1.2142982e-01;1.0750000e+02;1.3122344e-01;1.0750000e+02;1.4084469e-01;1.0750000e+02;1.6265257e-01;1.0750000e+02;1.9577520e-01;1.0750000e+02;2.3297630e-01;1.0750000e+02;2.4811810e-01;1.0750000e+02;2.5227696e-01;1.0750000e+02;2.4824104e-01;1.0750000e+02;2.3687160e-01;1.0750000e+02;1.8868141e-02;1.0750000e+02;2.6272813e-02;1.0750000e+02;3.6068074e-02;1.0750000e+02;4.7428858e-02;1.0750000e+02;6.0500354e-02;1.0750000e+02;7.5215034e-02;1.0750000e+02;9.0629898e-02;1.0750000e+02;1.0660318e-01;1.0750000e+02;1.2142982e-01;1.0750000e+02;1.3122344e-01;1.0750000e+02;1.4084469e-01;1.0750000e+02;1.6265257e-01;1.0750000e+02;1.9577520e-01;1.0750000e+02;2.3297630e-01;1.0750000e+02;2.4811810e-01;1.0750000e+02;2.5227696e-01;1.0750000e+02;2.4824104e-01;1.0750000e+02;2.3687160e-01;1.0750000e+02;1.8868141e-02;1.0750000e+02;2.6272813e-02;1.0750000e+02;3.6068074e-02;1.0750000e+02;4.7428858e-02;1.0750000e+02;6.0500354e-02;1.0750000e+02;7.5215034e-02;1.0750000e+02;9.0629898e-02;1.0750000e+02;1.0660318e-01;1.0750000e+02;1.2142982e-01;1.0750000e+02;1.3122344e-01;1.0750000e+02;1.4084469e-01;1.0750000e+02;1.6265257e-01;1.0750000e+02;1.9577520e-01;1.0750000e+02;2.3297630e-01;1.0750000e+02;2.4811810e-01;1.0750000e+02;2.5227696e-01;1.0750000e+02;2.4824104e-01;1.0750000e+02;2.3687160e-01;1.0750000e+02;1.8868141e-02;1.0750000e+02;2.6272813e-02;1.0750000e+02;3.6068074e-02;1.0750000e+02;4.7428858e-02;1.0750000e+02;6.0500354e-02;1.0750000e+02;7.5215034e-02;1.0750000e+02;9.0629898e-02;1.0750000e+02;1.0660318e-01;1.0750000e+02;1.2142982e-01;1.0750000e+02;1.3122344e-01;1.0750000e+02;1.4084469e-01;1.0750000e+02;1.6265257e-01;1.0750000e+02;1.9577520e-01;1.0750000e+02;2.3297630e-01;1.0750000e+02;2.4811810e-01;1.0750000e+02;2.5227696e-01;1.0750000e+02;2.4824104e-01;1.0750000e+02;2.3687160e-01;1.0750000e+02;1.8868141e-02;1.0750000e+02;2.6272813e-02;1.0750000e+02;3.6068074e-02;1.0750000e+02;4.7428858e-02;1.0750000e+02;6.0500354e-02;1.0750000e+02;7.5215034e-02;1.0750000e+02;9.0629898e-02;1.0750000e+02;1.0660318e-01;1.0750000e+02;1.2142982e-01;1.0750000e+02;1.3122344e-01;1.0750000e+02;1.4084469e-01;1.0750000e+02;1.6265257e-01;1.0750000e+02;1.9577520e-01;1.0750000e+02;2.3297630e-01;1.0750000e+02;2.4811810e-01;1.0750000e+02;2.5227696e-01;1.0750000e+02;2.4824104e-01;1.0750000e+02;2.3687160e-01;1.0750000e+02;1.8868141e-02;1.0750000e+02;2.6272813e-02;1.0750000e+02;3.6068074e-02;1.0750000e+02;4.7428858e-02;1.0750000e+02;6.0500354e-02;1.0750000e+02;7.5215034e-02;1.0750000e+02;9.0629898e-02;1.0750000e+02;1.0660318e-01;1.0750000e+02;1.2142982e-01;1.0750000e+02;1.3122344e-01;1.0750000e+02;1.4084469e-01;1.0750000e+02;1.6265257e-01;1.0750000e+02;1.9577520e-01;1.0750000e+02;2.3297630e-01;1.0750000e+02;2.4811810e-01;1.0750000e+02;2.5227696e-01;1.0750000e+02;2.4824104e-01;1.0750000e+02;2.3687160e-01;1.0750000e+02;1.8868141e-02;1.0750000e+02;2.6272813e-02;1.0750000e+02;3.6068074e-02;1.0750000e+02;4.7428858e-02;1.0750000e+02;6.0500354e-02;1.0750000e+02;7.5215034e-02;1.0750000e+02;9.0629898e-02;1.0750000e+02;1.0660318e-01;1.0750000e+02;1.2142982e-01;1.0750000e+02;1.3122344e-01;1.0750000e+02;1.4084469e-01;1.0750000e+02;1.6265257e-01;1.0750000e+02;1.9577520e-01;1.0750000e+02;2.3297630e-01;1.0750000e+02;2.4811810e-01;1.0750000e+02;2.5227696e-01;1.0750000e+02;2.4824104e-01;1.0750000e+02;2.3687160e-01;1.0750000e+02;1.8868141e-02;1.0750000e+02;2.6272813e-02;1.0750000e+02;3.6068074e-02;1.0750000e+02;4.7428858e-02;1.0750000e+02;6.0500354e-02;1.0750000e+02;7.5215034e-02;1.0750000e+02;9.0629898e-02;1.0750000e+02;1.0660318e-01;1.0750000e+02;1.2142982e-01;1.0750000e+02;1.3122344e-01;1.0750000e+02;1.4084469e-01;1.0750000e+02;1.6265257e-01;1.0750000e+02;1.9577520e-01;1.0750000e+02;2.3297630e-01;1.0750000e+02;2.4811810e-01;1.0750000e+02;2.5227696e-01;1.0750000e+02;2.4824104e-01;1.0750000e+02;2.3687160e-01;1.0750000e+02;1.8868141e-02;1.0750000e+02;2.6272813e-02;1.0750000e+02;3.6068074e-02;1.0750000e+02;4.7428858e-02;1.0750000e+02;6.0500354e-02;1.0750000e+02;7.5215034e-02;1.0750000e+02;9.0629898e-02;1.0750000e+02;1.0660318e-01;1.0750000e+02;1.2142982e-01;1.0750000e+02;1.3122344e-01;1.0750000e+02;1.4084469e-01;1.0750000e+02;1.6265257e-01;1.0750000e+02;1.9577520e-01;1.0750000e+02;2.3297630e-01;1.0750000e+02;2.4811810e-01;1.0750000e+02;2.5227696e-01;1.0750000e+02;2.4824104e-01;1.0750000e+02;2.3687160e-01;1.0750000e+02;1.8868141e-02;1.0750000e+02;2.6272813e-02;1.0750000e+02;3.6068074e-02;1.0750000e+02;4.7428858e-02;1.0750000e+02;6.0500354e-02;1.0750000e+02;7.5215034e-02;1.0750000e+02;9.0629898e-02;1.0750000e+02;1.0660318e-01;1.0750000e+02;1.2142982e-01;1.0750000e+02;1.3122344e-01;1.0750000e+02;1.4084469e-01;1.0750000e+02;1.6265257e-01;1.0750000e+02;1.9577520e-01;1.0750000e+02;2.3297630e-01;1.0750000e+02;2.4811810e-01;1.0750000e+02;2.5227696e-01;1.0750000e+02;2.4824104e-01;1.0750000e+02;2.3687160e-01;1.0750000e+02;1.8868141e-02;1.0750000e+02;2.6272813e-02;1.0750000e+02;3.6068074e-02;1.0750000e+02;4.7428858e-02;1.0750000e+02;6.0500354e-02;1.0750000e+02;7.5215034e-02;1.0750000e+02;9.0629898e-02;1.0750000e+02;1.0660318e-01;1.0750000e+02;1.2142982e-01;1.0750000e+02;1.3122344e-01;1.0750000e+02;1.4084469e-01;1.0750000e+02;1.6265257e-01;1.0750000e+02;1.9577520e-01;1.0750000e+02;2.3297630e-01;1.0750000e+02;2.4811810e-01;1.0750000e+02;2.5227696e-01;1.0750000e+02;2.4824104e-01;1.0750000e+02;2.3687160e-01;1.0750000e+02;1.8868141e-02;1.0750000e+02;2.6272813e-02;1.0750000e+02;3.6068074e-02;1.0750000e+02;4.7428858e-02;1.0750000e+02;6.0500354e-02;1.0750000e+02;7.5215034e-02;1.0750000e+02;9.0629898e-02;1.0750000e+02;1.0660318e-01;1.0750000e+02;1.2142982e-01;1.0750000e+02;1.3122344e-01;1.0750000e+02;1.4084469e-01;1.0750000e+02;1.6265257e-01;1.0750000e+02;1.9577520e-01;1.0750000e+02;2.3297630e-01;1.0750000e+02;2.4811810e-01;1.0750000e+02;2.5227696e-01;1.0750000e+02;2.4824104e-01;1.0750000e+02;2.3687160e-01;1.0750000e+02;1.8868141e-02;1.0750000e+02;2.6272813e-02;1.0750000e+02;3.6068074e-02;1.0750000e+02;4.7428858e-02;1.0750000e+02;6.0500354e-02;1.0750000e+02;7.5215034e-02;1.0750000e+02;9.0629898e-02;1.0750000e+02;1.0660318e-01;1.0750000e+02;1.2142982e-01;1.0750000e+02;1.3122344e-01;1.0750000e+02;1.4084469e-01;1.0750000e+02;1.6265257e-01;1.0750000e+02;1.9577520e-01;1.0750000e+02;2.3297630e-01;1.0750000e+02;2.4811810e-01;1.0750000e+02;2.5227696e-01;1.0750000e+02;2.4824104e-01;1.0750000e+02;2.3687160e-01;1.0750000e+02;1.8868141e-02;1.0750000e+02;2.6272813e-02;1.0750000e+02;3.6068074e-02;1.0750000e+02;4.7428858e-02;1.0750000e+02;6.0500354e-02;1.0750000e+02;7.5215034e-02;1.0750000e+02;9.0629898e-02;1.0750000e+02;1.0660318e-01;1.0750000e+02;1.2142982e-01;1.0750000e+02;1.3122344e-01;1.0750000e+02;1.4084469e-01;1.0750000e+02;1.6265257e-01;1.0750000e+02;1.9577520e-01;1.0750000e+02;2.3297630e-01;1.0750000e+02;2.4811810e-01;1.0750000e+02;2.5227696e-01;1.0750000e+02;2.4824104e-01;1.0750000e+02;2.3687160e-01;1.0750000e+02;1.8868141e-02;1.0750000e+02;2.6272813e-02;1.0750000e+02;3.6068074e-02;1.0750000e+02;4.7428858e-02;1.0750000e+02;6.0500354e-02;1.0750000e+02;7.5215034e-02;1.0750000e+02;9.0629898e-02;1.0750000e+02;1.0660318e-01;1.0750000e+02;1.2142982e-01;1.0750000e+02;1.3122344e-01;1.0750000e+02;1.4084469e-01;1.0750000e+02;1.6265257e-01;1.0750000e+02;1.9577520e-01;1.0750000e+02;2.3297630e-01;1.0750000e+02;2.4811810e-01;1.0750000e+02;2.5227696e-01;1.0750000e+02;2.4824104e-01;1.0750000e+02;2.3687160e-01;1.0750000e+02;1.8868141e-02;1.0750000e+02;2.6272813e-02;1.0750000e+02;3.6068074e-02;1.0750000e+02;4.7428858e-02;1.0750000e+02;6.0500354e-02;1.0750000e+02;7.5215034e-02;1.0750000e+02;9.0629898e-02;1.0750000e+02;1.0660318e-01;1.0750000e+02;1.2142982e-01;1.0750000e+02;1.3122344e-01;1.0750000e+02;1.4084469e-01;1.0750000e+02;1.6265257e-01;1.0750000e+02;1.9577520e-01;1.0750000e+02;2.3297630e-01;1.0750000e+02;2.4811810e-01;1.0750000e+02;2.5227696e-01;1.0750000e+02;2.4824104e-01;1.0750000e+02;2.3687160e-01;1.0750000e+02;1.8868141e-02;1.0750000e+02;2.6272813e-02;1.0750000e+02;3.6068074e-02;1.0750000e+02;4.7428858e-02;1.0750000e+02;6.0500354e-02;1.0750000e+02;7.5215034e-02;1.0750000e+02;9.0629898e-02;1.0750000e+02;1.0660318e-01;1.0750000e+02;1.2142982e-01;1.0750000e+02;1.3122344e-01;1.0750000e+02;1.4084469e-01;1.0750000e+02;1.6265257e-01;1.0750000e+02;1.9577520e-01;1.0750000e+02;2.3297630e-01;1.0750000e+02;2.4811810e-01;1.0750000e+02;2.5227696e-01;1.0750000e+02;2.4824104e-01;1.0750000e+02;2.3687160e-01;1.0750000e+02;1.8868141e-02;1.0750000e+02;2.6272813e-02;1.0750000e+02;3.6068074e-02;1.0750000e+02;4.7428858e-02;1.0750000e+02;6.0500354e-02;1.0750000e+02;7.5215034e-02;1.0750000e+02;9.0629898e-02;1.0750000e+02;1.0660318e-01;1.0750000e+02;1.2142982e-01;1.0750000e+02;1.3122344e-01;1.0750000e+02;1.4084469e-01;1.0750000e+02;1.6265257e-01;1.0750000e+02;1.9577520e-01;1.0750000e+02;2.3297630e-01;1.0750000e+02;2.4811810e-01;1.0750000e+02;2.5227696e-01;1.0750000e+02;2.4824104e-01;1.0750000e+02;2.3687160e-01;1.0750000e+02;1.8868141e-02;1.0750000e+02;2.6272813e-02;1.0750000e+02;3.6068074e-02;1.0750000e+02;4.7428858e-02;1.0750000e+02;6.0500354e-02;1.0750000e+02;7.5215034e-02;1.0750000e+02;9.0629898e-02;1.0750000e+02;1.0660318e-01;1.0750000e+02;1.2142982e-01;1.0750000e+02;1.3122344e-01;1.0750000e+02;1.4084469e-01;1.0750000e+02;1.6265257e-01;1.0750000e+02;1.9577520e-01;1.0750000e+02;2.3297630e-01;1.0750000e+02;2.4811810e-01;1.0750000e+02;2.5227696e-01;1.0750000e+02;2.4824104e-01;1.0750000e+02;2.3687160e-01;1.0750000e+02;1.8868141e-02;1.0750000e+02;2.6272813e-02;1.0750000e+02;3.6068074e-02;1.0750000e+02;4.7428858e-02;1.0750000e+02;6.0500354e-02;1.0750000e+02;7.5215034e-02;1.0750000e+02;9.0629898e-02;1.0750000e+02;1.0660318e-01;1.0750000e+02;1.2142982e-01;1.0750000e+02;1.3122344e-01;1.0750000e+02;1.4084469e-01;1.0750000e+02;1.6265257e-01;1.0750000e+02;1.9577520e-01;1.0750000e+02;2.3297630e-01;1.0750000e+02;2.4811810e-01;1.0750000e+02;2.5227696e-01;1.0750000e+02;2.4824104e-01;1.0750000e+02;2.3687160e-01;1.0750000e+02;1.8868141e-02;1.0750000e+02;2.6272813e-02;1.0750000e+02;3.6068074e-02;1.0750000e+02;4.7428858e-02;1.0750000e+02;6.0500354e-02;1.0750000e+02;7.5215034e-02;1.0750000e+02;9.0629898e-02;1.0750000e+02;1.0660318e-01;1.0750000e+02;1.2142982e-01;1.0750000e+02;1.3122344e-01;1.0750000e+02;1.4084469e-01;1.0750000e+02;1.6265257e-01;1.0750000e+02;1.9577520e-01;1.0750000e+02;2.3297630e-01;1.0750000e+02;2.4811810e-01;1.0750000e+02;2.5227696e-01;1.0750000e+02;2.4824104e-01;1.0750000e+02;2.3687160e-01;1.0750000e+02;1.8868141e-02;1.0750000e+02;2.6272813e-02;1.0750000e+02;3.6068074e-02;1.0750000e+02;4.7428858e-02;1.0750000e+02;6.0500354e-02;1.0750000e+02;7.5215034e-02;1.0750000e+02;9.0629898e-02;1.0750000e+02;1.0660318e-01;1.0750000e+02;1.2142982e-01;1.0750000e+02;1.3122344e-01;1.0750000e+02;1.4084469e-01;1.0750000e+02;1.6265257e-01;1.0750000e+02;1.9577520e-01;1.0750000e+02;2.3297630e-01;1.0750000e+02;2.4811810e-01;1.0750000e+02;2.5227696e-01;1.0750000e+02;2.4824104e-01;1.0750000e+02;2.3687160e-01;1.0750000e+02;1.8868141e-02;1.0750000e+02;2.6272813e-02;1.0750000e+02;3.6068074e-02;1.0750000e+02;4.7428858e-02;1.0750000e+02;6.0500354e-02;1.0750000e+02;7.5215034e-02;1.0750000e+02;9.0629898e-02;1.0750000e+02;1.0660318e-01;1.0750000e+02;1.2142982e-01;1.0750000e+02;1.3122344e-01;1.0750000e+02;1.4084469e-01;1.0750000e+02;1.6265257e-01;1.0750000e+02;1.9577520e-01;1.0750000e+02;2.3297630e-01;1.0750000e+02;2.4811810e-01;1.0750000e+02;2.5227696e-01;1.0750000e+02;2.4824104e-01;1.0750000e+02;2.3687160e-01;1.0750000e+02;1.8868141e-02;1.0750000e+02;2.6272813e-02;1.0750000e+02;3.6068074e-02;1.0750000e+02;4.7428858e-02;1.0750000e+02;6.0500354e-02;1.0750000e+02;7.5215034e-02;1.0750000e+02;9.0629898e-02;1.0750000e+02;1.0660318e-01;1.0750000e+02;1.2142982e-01;1.0750000e+02;1.3122344e-01;1.0750000e+02;1.4084469e-01;1.0750000e+02;1.6265257e-01;1.0750000e+02;1.9577520e-01;1.0750000e+02;2.3297630e-01;1.0750000e+02;2.4811810e-01;1.0750000e+02;2.5227696e-01;1.0750000e+02;2.4824104e-01;1.0750000e+02;2.3687160e-01;1.0750000e+02;1.8868141e-02;1.0750000e+02;2.6272813e-02;1.0750000e+02;3.6068074e-02;1.0750000e+02;4.7428858e-02;1.0750000e+02;6.0500354e-02;1.0750000e+02;7.5215034e-02;1.0750000e+02;9.0629898e-02;1.0750000e+02;1.0660318e-01;1.0750000e+02;1.2142982e-01;1.0750000e+02;1.3122344e-01;1.0750000e+02;1.4084469e-01;1.0750000e+02;1.6265257e-01;1.0750000e+02;1.9577520e-01;1.0750000e+02;2.3297630e-01;1.0750000e+02;2.4811810e-01;1.0750000e+02;2.5227696e-01;1.0750000e+02;2.4824104e-01;1.0750000e+02;2.3687160e-01;1.0750000e+02;1.8868141e-02;1.0750000e+02;2.6272813e-02;1.0750000e+02;3.6068074e-02;1.0750000e+02;4.7428858e-02;1.0750000e+02;6.0500354e-02;1.0750000e+02;7.5215034e-02;1.0750000e+02;9.0629898e-02;1.0750000e+02;1.0660318e-01;1.0750000e+02;1.2142982e-01;1.0750000e+02;1.3122344e-01;1.0750000e+02;1.4084469e-01;1.0750000e+02;1.6265257e-01;1.0750000e+02;1.9577520e-01;1.0750000e+02;2.3297630e-01;1.0750000e+02;2.4811810e-01;1.0750000e+02;2.5227696e-01;1.0750000e+02;2.4824104e-01;1.0750000e+02;2.3687160e-01;1.0750000e+02;1.8868141e-02;1.0750000e+02;2.6272813e-02;1.0750000e+02;3.6068074e-02;1.0750000e+02;4.7428858e-02;1.0750000e+02;6.0500354e-02;1.0750000e+02;7.5215034e-02;1.0750000e+02;9.0629898e-02;1.0750000e+02;1.0660318e-01;1.0750000e+02;1.2142982e-01;1.0750000e+02;1.3122344e-01;1.0750000e+02;1.4084469e-01;1.0750000e+02;1.6265257e-01;1.0750000e+02;1.9577520e-01;1.0750000e+02;2.3297630e-01;1.0750000e+02;2.4811810e-01;1.0750000e+02;2.5227696e-01;1.0750000e+02;2.4824104e-01;1.0750000e+02;2.3687160e-01
1.1250000e+02;1.7892675e-02;1.1250000e+02;2.3897210e-02;1.1250000e+02;3.2075129e-02;1.1250000e+02;4.2276166e-02;1.1250000e+02;5.4471351e-02;1.1250000e+02;6.8191648e-02;1.1250000e+02;8.3724305e-02;1.1250000e+02;9.9538103e-02;1.1250000e+02;1.1521624e-01;1.1250000e+02;1.2508291e-01;1.1250000e+02;1.3494210e-01;1.1250000e+02;1.5670669e-01;1.1250000e+02;1.9047315e-01;1.1250000e+02;2.2806562e-01;1.1250000e+02;2.4321258e-01;1.1250000e+02;2.4741562e-01;1.1250000e+02;2.4322362e-01;1.1250000e+02;2.3144631e-01;1.1250000e+02;1.7892675e-02;1.1250000e+02;2.3897210e-02;1.1250000e+02;3.2075129e-02;1.1250000e+02;4.2276166e-02;1.1250000e+02;5.4471351e-02;1.1250000e+02;6.8191648e-02;1.1250000e+02;8.3724305e-02;1.1250000e+02;9.9538103e-02;1.1250000e+02;1.1521624e-01;1.1250000e+02;1.2508291e-01;1.1250000e+02;1.3494210e-01;1.1250000e+02;1.5670669e-01;1.1250000e+02;1.9047315e-01;1.1250000e+02;2.2806562e-01;1.1250000e+02;2.4321258e-01;1.1250000e+02;2.4741562e-01;1.1250000e+02;2.4322362e-01;1.1250000e+02;2.3144631e-01;1.1250000e+02;1.7892675e-02;1.1250000e+02;2.3897210e-02;1.1250000e+02;3.2075129e-02;1.1250000e+02;4.2276166e-02;1.1250000e+02;5.4471351e-02;1.1250000e+02;6.8191648e-02;1.1250000e+02;8.3724305e-02;1.1250000e+02;9.9538103e-02;1.1250000e+02;1.1521624e-01;1.1250000e+02;1.2508291e-01;1.1250000e+02;1.3494210e-01;1.1250000e+02;1.5670669e-01;1.1250000e+02;1.9047315e-01;1.1250000e+02;2.2806562e-01;1.1250000e+02;2.4321258e-01;1.1250000e+02;2.4741562e-01;1.1250000e+02;2.4322362e-01;1.1250000e+02;2.3144631e-01;1.1250000e+02;1.7892675e-02;1.1250000e+02;2.3897210e-02;1.1250000e+02;3.2075129e-02;1.1250000e+02;4.2276166e-02;1.1250000e+02;5.4471351e-02;1.1250000e+02;6.8191648e-02;1.1250000e+02;8.3724305e-02;1.1250000e+02;9.9538103e-02;1.1250000e+02;1.1521624e-01;1.1250000e+02;1.2508291e-01;1.1250000e+02;1.3494210e-01;1.1250000e+02;1.5670669e-01;1.1250000e+02;1.9047315e-01;1.1250000e+02;2.2806562e-01;1.1250000e+02;2.4321258e-01;1.1250000e+02;2.4741562e-01;1.1250000e+02;2.4322362e-01;1.1250000e+02;2.3144631e-01;1.1250000e+02;1.7892675e-02;1.1250000e+02;2.3897210e-02;1.1250000e+02;3.2075129e-02;1.1250000e+02;4.2276166e-02;1.1250000e+02;5.4471351e-02;1.1250000e+02;6.8191648e-02;1.1250000e+02;8.3724305e-02;1.1250000e+02;9.9538103e-02;1.1250000e+02;1.1521624e-01;1.1250000e+02;1.2508291e-01;1.1250000e+02;1.3494210e-01;1.1250000e+02;1.5670669e-01;1.1250000e+02;1.9047315e-01;1.1250000e+02;2.2806562e-01;1.1250000e+02;2.4321258e-01;1.1250000e+02;2.4741562e-01;1.1250000e+02;2.4322362e-01;1.1250000e+02;2.3144631e-01;1.1250000e+02;1.7892675e-02;1.1250000e+02;2.3897210e-02;1.1250000e+02;3.2075129e-02;1.1250000e+02;4.2276166e-02;1.1250000e+02;5.4471351e-02;1.1250000e+02;6.8191648e-02;1.1250000e+02;8.3724305e-02;1.1250000e+02;9.9538103e-02;1.1250000e+02;1.1521624e-01;1.1250000e+02;1.2508291e-01;1.1250000e+02;1.3494210e-01;1.1250000e+02;1.5670669e-01;1.1250000e+02;1.9047315e-01;1.1250000e+02;2.2806562e-01;1.1250000e+02;2.4321258e-01;1.1250000e+02;2.4741562e-01;1.1250000e+02;2.4322362e-01;1.1250000e+02;2.3144631e-01;1.1250000e+02;1.7892675e-02;1.1250000e+02;2.3897210e-02;1.1250000e+02;3.2075129e-02;1.1250000e+02;4.2276166e-02;1.1250000e+02;5.4471351e-02;1.1250000e+02;6.8191648e-02;1.1250000e+02;8.3724305e-02;1.1250000e+02;9.9538103e-02;1.1250000e+02;1.1521624e-01;1.1250000e+02;1.2508291e-01;1.1250000e+02;1.3494210e-01;1.1250000e+02;1.5670669e-01;1.1250000e+02;1.9047315e-01;1.1250000e+02;2.2806562e-01;1.1250000e+02;2.4321258e-01;1.1250000e+02;2.4741562e-01;1.1250000e+02;2.4322362e-01;1.1250000e+02;2.3144631e-01;1.1250000e+02;1.7892675e-02;1.1250000e+02;2.3897210e-02;1.1250000e+02;3.2075129e-02;1.1250000e+02;4.2276166e-02;1.1250000e+02;5.4471351e-02;1.1250000e+02;6.8191648e-02;1.1250000e+02;8.3724305e-02;1.1250000e+02;9.9538103e-02;1.1250000e+02;1.1521624e-01;1.1250000e+02;1.2508291e-01;1.1250000e+02;1.3494210e-01;1.1250000e+02;1.5670669e-01;1.1250000e+02;1.9047315e-01;1.1250000e+02;2.2806562e-01;1.1250000e+02;2.4321258e-01;1.1250000e+02;2.4741562e-01;1.1250000e+02;2.4322362e-01;1.1250000e+02;2.3144631e-01;1.1250000e+02;1.7892675e-02;1.1250000e+02;2.3897210e-02;1.1250000e+02;3.2075129e-02;1.1250000e+02;4.2276166e-02;1.1250000e+02;5.4471351e-02;1.1250000e+02;6.8191648e-02;1.1250000e+02;8.3724305e-02;1.1250000e+02;9.9538103e-02;1.1250000e+02;1.1521624e-01;1.1250000e+02;1.2508291e-01;1.1250000e+02;1.3494210e-01;1.1250000e+02;1.5670669e-01;1.1250000e+02;1.9047315e-01;1.1250000e+02;2.2806562e-01;1.1250000e+02;2.4321258e-01;1.1250000e+02;2.4741562e-01;1.1250000e+02;2.4322362e-01;1.1250000e+02;2.3144631e-01;1.1250000e+02;1.7892675e-02;1.1250000e+02;2.3897210e-02;1.1250000e+02;3.2075129e-02;1.1250000e+02;4.2276166e-02;1.1250000e+02;5.4471351e-02;1.1250000e+02;6.8191648e-02;1.1250000e+02;8.3724305e-02;1.1250000e+02;9.9538103e-02;1.1250000e+02;1.1521624e-01;1.1250000e+02;1.2508291e-01;1.1250000e+02;1.3494210e-01;1.1250000e+02;1.5670669e-01;1.1250000e+02;1.9047315e-01;1.1250000e+02;2.2806562e-01;1.1250000e+02;2.4321258e-01;1.1250000e+02;2.4741562e-01;1.1250000e+02;2.4322362e-01;1.1250000e+02;2.3144631e-01;1.1250000e+02;1.7892675e-02;1.1250000e+02;2.3897210e-02;1.1250000e+02;3.2075129e-02;1.1250000e+02;4.2276166e-02;1.1250000e+02;5.4471351e-02;1.1250000e+02;6.8191648e-02;1.1250000e+02;8.3724305e-02;1.1250000e+02;9.9538103e-02;1.1250000e+02;1.1521624e-01;1.1250000e+02;1.2508291e-01;1.1250000e+02;1.3494210e-01;1.1250000e+02;1.5670669e-01;1.1250000e+02;1.9047315e-01;1.1250000e+02;2.2806562e-01;1.1250000e+02;2.4321258e-01;1.1250000e+02;2.4741562e-01;1.1250000e+02;2.4322362e-01;1.1250000e+02;2.3144631e-01;1.1250000e+02;1.7892675e-02;1.1250000e+02;2.3897210e-02;1.1250000e+02;3.2075129e-02;1.1250000e+02;4.2276166e-02;1.1250000e+02;5.4471351e-02;1.1250000e+02;6.8191648e-02;1.1250000e+02;8.3724305e-02;1.1250000e+02;9.9538103e-02;1.1250000e+02;1.1521624e-01;1.1250000e+02;1.2508291e-01;1.1250000e+02;1.3494210e-01;1.1250000e+02;1.5670669e-01;1.1250000e+02;1.9047315e-01;1.1250000e+02;2.2806562e-01;1.1250000e+02;2.4321258e-01;1.1250000e+02;2.4741562e-01;1.1250000e+02;2.4322362e-01;1.1250000e+02;2.3144631e-01;1.1250000e+02;1.7892675e-02;1.1250000e+02;2.3897210e-02;1.1250000e+02;3.2075129e-02;1.1250000e+02;4.2276166e-02;1.1250000e+02;5.4471351e-02;1.1250000e+02;6.8191648e-02;1.1250000e+02;8.3724305e-02;1.1250000e+02;9.9538103e-02;1.1250000e+02;1.1521624e-01;1.1250000e+02;1.2508291e-01;1.1250000e+02;1.3494210e-01;1.1250000e+02;1.5670669e-01;1.1250000e+02;1.9047315e-01;1.1250000e+02;2.2806562e-01;1.1250000e+02;2.4321258e-01;1.1250000e+02;2.4741562e-01;1.1250000e+02;2.4322362e-01;1.1250000e+02;2.3144631e-01;1.1250000e+02;1.7892675e-02;1.1250000e+02;2.3897210e-02;1.1250000e+02;3.2075129e-02;1.1250000e+02;4.2276166e-02;1.1250000e+02;5.4471351e-02;1.1250000e+02;6.8191648e-02;1.1250000e+02;8.3724305e-02;1.1250000e+02;9.9538103e-02;1.1250000e+02;1.1521624e-01;1.1250000e+02;1.2508291e-01;1.1250000e+02;1.3494210e-01;1.1250000e+02;1.5670669e-01;1.1250000e+02;1.9047315e-01;1.1250000e+02;2.2806562e-01;1.1250000e+02;2.4321258e-01;1.1250000e+02;2.4741562e-01;1.1250000e+02;2.4322362e-01;1.1250000e+02;2.3144631e-01;1.1250000e+02;1.7892675e-02;1.1250000e+02;2.3897210e-02;1.1250000e+02;3.2075129e-02;1.1250000e+02;4.2276166e-02;1.1250000e+02;5.4471351e-02;1.1250000e+02;6.8191648e-02;1.1250000e+02;8.3724305e-02;1.1250000e+02;9.9538103e-02;1.1250000e+02;1.1521624e-01;1.1250000e+02;1.2508291e-01;1.1250000e+02;1.3494210e-01;1.1250000e+02;1.5670669e-01;1.1250000e+02;1.9047315e-01;1.1250000e+02;2.2806562e-01;1.1250000e+02;2.4321258e-01;1.1250000e+02;2.4741562e-01;1.1250000e+02;2.4322362e-01;1.1250000e+02;2.3144631e-01;1.1250000e+02;1.7892675e-02;1.1250000e+02;2.3897210e-02;1.1250000e+02;3.2075129e-02;1.1250000e+02;4.2276166e-02;1.1250000e+02;5.4471351e-02;1.1250000e+02;6.8191648e-02;1.1250000e+02;8.3724305e-02;1.1250000e+02;9.9538103e-02;1.1250000e+02;1.1521624e-01;1.1250000e+02;1.2508291e-01;1.1250000e+02;1.3494210e-01;1.1250000e+02;1.5670669e-01;1.1250000e+02;1.9047315e-01;1.1250000e+02;2.2806562e-01;1.1250000e+02;2.4321258e-01;1.1250000e+02;2.4741562e-01;1.1250000e+02;2.4322362e-01;1.1250000e+02;2.3144631e-01;1.1250000e+02;1.7892675e-02;1.1250000e+02;2.3897210e-02;1.1250000e+02;3.2075129e-02;1.1250000e+02;4.2276166e-02;1.1250000e+02;5.4471351e-02;1.1250000e+02;6.8191648e-02;1.1250000e+02;8.3724305e-02;1.1250000e+02;9.9538103e-02;1.1250000e+02;1.1521624e-01;1.1250000e+02;1.2508291e-01;1.1250000e+02;1.3494210e-01;1.1250000e+02;1.5670669e-01;1.1250000e+02;1.9047315e-01;1.1250000e+02;2.2806562e-01;1.1250000e+02;2.4321258e-01;1.1250000e+02;2.4741562e-01;1.1250000e+02;2.4322362e-01;1.1250000e+02;2.3144631e-01;1.1250000e+02;1.7892675e-02;1.1250000e+02;2.3897210e-02;1.1250000e+02;3.2075129e-02;1.1250000e+02;4.2276166e-02;1.1250000e+02;5.4471351e-02;1.1250000e+02;6.8191648e-02;1.1250000e+02;8.3724305e-02;1.1250000e+02;9.9538103e-02;1.1250000e+02;1.1521624e-01;1.1250000e+02;1.2508291e-01;1.1250000e+02;1.3494210e-01;1.1250000e+02;1.5670669e-01;1.1250000e+02;1.9047315e-01;1.1250000e+02;2.2806562e-01;1.1250000e+02;2.4321258e-01;1.1250000e+02;2.4741562e-01;1.1250000e+02;2.4322362e-01;1.1250000e+02;2.3144631e-01;1.1250000e+02;1.7892675e-02;1.1250000e+02;2.3897210e-02;1.1250000e+02;3.2075129e-02;1.1250000e+02;4.2276166e-02;1.1250000e+02;5.4471351e-02;1.1250000e+02;6.8191648e-02;1.1250000e+02;8.3724305e-02;1.1250000e+02;9.9538103e-02;1.1250000e+02;1.1521624e-01;1.1250000e+02;1.2508291e-01;1.1250000e+02;1.3494210e-01;1.1250000e+02;1.5670669e-01;1.1250000e+02;1.9047315e-01;1.1250000e+02;2.2806562e-01;1.1250000e+02;2.4321258e-01;1.1250000e+02;2.4741562e-01;1.1250000e+02;2.4322362e-01;1.1250000e+02;2.3144631e-01;1.1250000e+02;1.7892675e-02;1.1250000e+02;2.3897210e-02;1.1250000e+02;3.2075129e-02;1.1250000e+02;4.2276166e-02;1.1250000e+02;5.4471351e-02;1.1250000e+02;6.8191648e-02;1.1250000e+02;8.3724305e-02;1.1250000e+02;9.9538103e-02;1.1250000e+02;1.1521624e-01;1.1250000e+02;1.2508291e-01;1.1250000e+02;1.3494210e-01;1.1250000e+02;1.5670669e-01;1.1250000e+02;1.9047315e-01;1.1250000e+02;2.2806562e-01;1.1250000e+02;2.4321258e-01;1.1250000e+02;2.4741562e-01;1.1250000e+02;2.4322362e-01;1.1250000e+02;2.3144631e-01;1.1250000e+02;1.7892675e-02;1.1250000e+02;2.3897210e-02;1.1250000e+02;3.2075129e-02;1.1250000e+02;4.2276166e-02;1.1250000e+02;5.4471351e-02;1.1250000e+02;6.8191648e-02;1.1250000e+02;8.3724305e-02;1.1250000e+02;9.9538103e-02;1.1250000e+02;1.1521624e-01;1.1250000e+02;1.2508291e-01;1.1250000e+02;1.3494210e-01;1.1250000e+02;1.5670669e-01;1.1250000e+02;1.9047315e-01;1.1250000e+02;2.2806562e-01;1.1250000e+02;2.4321258e-01;1.1250000e+02;2.4741562e-01;1.1250000e+02;2.4322362e-01;1.1250000e+02;2.3144631e-01;1.1250000e+02;1.7892675e-02;1.1250000e+02;2.3897210e-02;1.1250000e+02;3.2075129e-02;1.1250000e+02;4.2276166e-02;1.1250000e+02;5.4471351e-02;1.1250000e+02;6.8191648e-02;1.1250000e+02;8.3724305e-02;1.1250000e+02;9.9538103e-02;1.1250000e+02;1.1521624e-01;1.1250000e+02;1.2508291e-01;1.1250000e+02;1.3494210e-01;1.1250000e+02;1.5670669e-01;1.1250000e+02;1.9047315e-01;1.1250000e+02;2.2806562e-01;1.1250000e+02;2.4321258e-01;1.1250000e+02;2.4741562e-01;1.1250000e+02;2.4322362e-01;1.1250000e+02;2.3144631e-01;1.1250000e+02;1.7892675e-02;1.1250000e+02;2.3897210e-02;1.1250000e+02;3.2075129e-02;1.1250000e+02;4.2276166e-02;1.1250000e+02;5.4471351e-02;1.1250000e+02;6.8191648e-02;1.1250000e+02;8.3724305e-02;1.1250000e+02;9.9538103e-02;1.1250000e+02;1.1521624e-01;1.1250000e+02;1.2508291e-01;1.1250000e+02;1.3494210e-01;1.1250000e+02;1.5670669e-01;1.1250000e+02;1.9047315e-01;1.1250000e+02;2.2806562e-01;1.1250000e+02;2.4321258e-01;1.1250000e+02;2.4741562e-01;1.1250000e+02;2.4322362e-01;1.1250000e+02;2.3144631e-01;1.1250000e+02;1.7892675e-02;1.1250000e+02;2.3897210e-02;1.1250000e+02;3.2075129e-02;1.1250000e+02;4.2276166e-02;1.1250000e+02;5.4471351e-02;1.1250000e+02;6.8191648e-02;1.1250000e+02;8.3724305e-02;1.1250000e+02;9.9538103e-02;1.1250000e+02;1.1521624e-01;1.1250000e+02;1.2508291e-01;1.1250000e+02;1.3494210e-01;1.1250000e+02;1.5670669e-01;1.1250000e+02;1.9047315e-01;1.1250000e+02;2.2806562e-01;1.1250000e+02;2.4321258e-01;1.1250000e+02;2.4741562e-01;1.1250000e+02;2.4322362e-01;1.1250000e+02;2.3144631e-01;1.1250000e+02;1.7892675e-02;1.1250000e+02;2.3897210e-02;1.1250000e+02;3.2075129e-02;1.1250000e+02;4.2276166e-02;1.1250000e+02;5.4471351e-02;1.1250000e+02;6.8191648e-02;1.1250000e+02;8.3724305e-02;1.1250000e+02;9.9538103e-02;1.1250000e+02;1.1521624e-01;1.1250000e+02;1.2508291e-01;1.1250000e+02;1.3494210e-01;1.1250000e+02;1.5670669e-01;1.1250000e+02;1.9047315e-01;1.1250000e+02;2.2806562e-01;1.1250000e+02;2.4321258e-01;1.1250000e+02;2.4741562e-01;1.1250000e+02;2.4322362e-01;1.1250000e+02;2.3144631e-01;1.1250000e+02;1.7892675e-02;1.1250000e+02;2.3897210e-02;1.1250000e+02;3.2075129e-02;1.1250000e+02;4.2276166e-02;1.1250000e+02;5.4471351e-02;1.1250000e+02;6.8191648e-02;1.1250000e+02;8.3724305e-02;1.1250000e+02;9.9538103e-02;1.1250000e+02;1.1521624e-01;1.1250000e+02;1.2508291e-01;1.1250000e+02;1.3494210e-01;1.1250000e+02;1.5670669e-01;1.1250000e+02;1.9047315e-01;1.1250000e+02;2.2806562e-01;1.1250000e+02;2.4321258e-01;1.1250000e+02;2.4741562e-01;1.1250000e+02;2.4322362e-01;1.1250000e+02;2.3144631e-01;1.1250000e+02;1.7892675e-02;1.1250000e+02;2.3897210e-02;1.1250000e+02;3.2075129e-02;1.1250000e+02;4.2276166e-02;1.1250000e+02;5.4471351e-02;1.1250000e+02;6.8191648e-02;1.1250000e+02;8.3724305e-02;1.1250000e+02;9.9538103e-02;1.1250000e+02;1.1521624e-01;1.1250000e+02;1.2508291e-01;1.1250000e+02;1.3494210e-01;1.1250000e+02;1.5670669e-01;1.1250000e+02;1.9047315e-01;1.1250000e+02;2.2806562e-01;1.1250000e+02;2.4321258e-01;1.1250000e+02;2.4741562e-01;1.1250000e+02;2.4322362e-01;1.1250000e+02;2.3144631e-01;1.1250000e+02;1.7892675e-02;1.1250000e+02;2.3897210e-02;1.1250000e+02;3.2075129e-02;1.1250000e+02;4.2276166e-02;1.1250000e+02;5.4471351e-02;1.1250000e+02;6.8191648e-02;1.1250000e+02;8.3724305e-02;1.1250000e+02;9.9538103e-02;1.1250000e+02;1.1521624e-01;1.1250000e+02;1.2508291e-01;1.1250000e+02;1.3494210e-01;1.1250000e+02;1.5670669e-01;1.1250000e+02;1.9047315e-01;1.1250000e+02;2.2806562e-01;1.1250000e+02;2.4321258e-01;1.1250000e+02;2.4741562e-01;1.1250000e+02;2.4322362e-01;1.1250000e+02;2.3144631e-01;1.1250000e+02;1.7892675e-02;1.1250000e+02;2.3897210e-02;1.1250000e+02;3.2075129e-02;1.1250000e+02;4.2276166e-02;1.1250000e+02;5.4471351e-02;1.1250000e+02;6.8191648e-02;1.1250000e+02;8.3724305e-02;1.1250000e+02;9.9538103e-02;1.1250000e+02;1.1521624e-01;1.1250000e+02;1.2508291e-01;1.1250000e+02;1.3494210e-01;1.1250000e+02;1.5670669e-01;1.1250000e+02;1.9047315e-01;1.1250000e+02;2.2806562e-01;1.1250000e+02;2.4321258e-01;1.1250000e+02;2.4741562e-01;1.1250000e+02;2.4322362e-01;1.1250000e+02;2.3144631e-01;1.1250000e+02;1.7892675e-02;1.1250000e+02;2.3897210e-02;1.1250000e+02;3.2075129e-02;1.1250000e+02;4.2276166e-02;1.1250000e+02;5.4471351e-02;1.1250000e+02;6.8191648e-02;1.1250000e+02;8.3724305e-02;1.1250000e+02;9.9538103e-02;1.1250000e+02;1.1521624e-01;1.1250000e+02;1.2508291e-01;1.1250000e+02;1.3494210e-01;1.1250000e+02;1.5670669e-01;1.1250000e+02;1.9047315e-01;1.1250000e+02;2.2806562e-01;1.1250000e+02;2.4321258e-01;1.1250000e+02;2.4741562e-01;1.1250000e+02;2.4322362e-01;1.1250000e+02;2.3144631e-01;1.1250000e+02;1.7892675e-02;1.1250000e+02;2.3897210e-02;1.1250000e+02;3.2075129e-02;1.1250000e+02;4.2276166e-02;1.1250000e+02;5.4471351e-02;1.1250000e+02;6.8191648e-02;1.1250000e+02;8.3724305e-02;1.1250000e+02;9.9538103e-02;1.1250000e+02;1.1521624e-01;1.1250000e+02;1.2508291e-01;1.1250000e+02;1.3494210e-01;1.1250000e+02;1.5670669e-01;1.1250000e+02;1.9047315e-01;1.1250000e+02;2.2806562e-01;1.1250000e+02;2.4321258e-01;1.1250000e+02;2.4741562e-01;1.1250000e+02;2.4322362e-01;1.1250000e+02;2.3144631e-01;1.1250000e+02;1.7892675e-02;1.1250000e+02;2.3897210e-02;1.1250000e+02;3.2075129e-02;1.1250000e+02;4.2276166e-02;1.1250000e+02;5.4471351e-02;1.1250000e+02;6.8191648e-02;1.1250000e+02;8.3724305e-02;1.1250000e+02;9.9538103e-02;1.1250000e+02;1.1521624e-01;1.1250000e+02;1.2508291e-01;1.1250000e+02;1.3494210e-01;1.1250000e+02;1.5670669e-01;1.1250000e+02;1.9047315e-01;1.1250000e+02;2.2806562e-01;1.1250000e+02;2.4321258e-01;1.1250000e+02;2.4741562e-01;1.1250000e+02;2.4322362e-01;1.1250000e+02;2.3144631e-01;1.1250000e+02;1.7892675e-02;1.1250000e+02;2.3897210e-02;1.1250000e+02;3.2075129e-02;1.1250000e+02;4.2276166e-02;1.1250000e+02;5.4471351e-02;1.1250000e+02;6.8191648e-02;1.1250000e+02;8.3724305e-02;1.1250000e+02;9.9538103e-02;1.1250000e+02;1.1521624e-01;1.1250000e+02;1.2508291e-01;1.1250000e+02;1.3494210e-01;1.1250000e+02;1.5670669e-01;1.1250000e+02;1.9047315e-01;1.1250000e+02;2.2806562e-01;1.1250000e+02;2.4321258e-01;1.1250000e+02;2.4741562e-01;1.1250000e+02;2.4322362e-01;1.1250000e+02;2.3144631e-01;1.1250000e+02;1.7892675e-02;1.1250000e+02;2.3897210e-02;1.1250000e+02;3.2075129e-02;1.1250000e+02;4.2276166e-02;1.1250000e+02;5.4471351e-02;1.1250000e+02;6.8191648e-02;1.1250000e+02;8.3724305e-02;1.1250000e+02;9.9538103e-02;1.1250000e+02;1.1521624e-01;1.1250000e+02;1.2508291e-01;1.1250000e+02;1.3494210e-01;1.1250000e+02;1.5670669e-01;1.1250000e+02;1.9047315e-01;1.1250000e+02;2.2806562e-01;1.1250000e+02;2.4321258e-01;1.1250000e+02;2.4741562e-01;1.1250000e+02;2.4322362e-01;1.1250000e+02;2.3144631e-01;1.1250000e+02;1.7892675e-02;1.1250000e+02;2.3897210e-02;1.1250000e+02;3.2075129e-02;1.1250000e+02;4.2276166e-02;1.1250000e+02;5.4471351e-02;1.1250000e+02;6.8191648e-02;1.1250000e+02;8.3724305e-02;1.1250000e+02;9.9538103e-02;1.1250000e+02;1.1521624e-01;1.1250000e+02;1.2508291e-01;1.1250000e+02;1.3494210e-01;1.1250000e+02;1.5670669e-01;1.1250000e+02;1.9047315e-01;1.1250000e+02;2.2806562e-01;1.1250000e+02;2.4321258e-01;1.1250000e+02;2.4741562e-01;1.1250000e+02;2.4322362e-01;1.1250000e+02;2.3144631e-01;1.1250000e+02;1.7892675e-02;1.1250000e+02;2.3897210e-02;1.1250000e+02;3.2075129e-02;1.1250000e+02;4.2276166e-02;1.1250000e+02;5.4471351e-02;1.1250000e+02;6.8191648e-02;1.1250000e+02;8.3724305e-02;1.1250000e+02;9.9538103e-02;1.1250000e+02;1.1521624e-01;1.1250000e+02;1.2508291e-01;1.1250000e+02;1.3494210e-01;1.1250000e+02;1.5670669e-01;1.1250000e+02;1.9047315e-01;1.1250000e+02;2.2806562e-01;1.1250000e+02;2.4321258e-01;1.1250000e+02;2.4741562e-01;1.1250000e+02;2.4322362e-01;1.1250000e+02;2.3144631e-01;1.1250000e+02;1.7892675e-02;1.1250000e+02;2.3897210e-02;1.1250000e+02;3.2075129e-02;1.1250000e+02;4.2276166e-02;1.1250000e+02;5.4471351e-02;1.1250000e+02;6.8191648e-02;1.1250000e+02;8.3724305e-02;1.1250000e+02;9.9538103e-02;1.1250000e+02;1.1521624e-01;1.1250000e+02;1.2508291e-01;1.1250000e+02;1.3494210e-01;1.1250000e+02;1.5670669e-01;1.1250000e+02;1.9047315e-01;1.1250000e+02;2.2806562e-01;1.1250000e+02;2.4321258e-01;1.1250000e+02;2.4741562e-01;1.1250000e+02;2.4322362e-01;1.1250000e+02;2.3144631e-01;1.1250000e+02;1.7892675e-02;1.1250000e+02;2.3897210e-02;1.1250000e+02;3.2075129e-02;1.1250000e+02;4.2276166e-02;1.1250000e+02;5.4471351e-02;1.1250000e+02;6.8191648e-02;1.1250000e+02;8.3724305e-02;1.1250000e+02;9.9538103e-02;1.1250000e+02;1.1521624e-01;1.1250000e+02;1.2508291e-01;1.1250000e+02;1.3494210e-01;1.1250000e+02;1.5670669e-01;1.1250000e+02;1.9047315e-01;1.1250000e+02;2.2806562e-01;1.1250000e+02;2.4321258e-01;1.1250000e+02;2.4741562e-01;1.1250000e+02;2.4322362e-01;1.1250000e+02;2.3144631e-01;1.1250000e+02;1.7892675e-02;1.1250000e+02;2.3897210e-02;1.1250000e+02;3.2075129e-02;1.1250000e+02;4.2276166e-02;1.1250000e+02;5.4471351e-02;1.1250000e+02;6.8191648e-02;1.1250000e+02;8.3724305e-02;1.1250000e+02;9.9538103e-02;1.1250000e+02;1.1521624e-01;1.1250000e+02;1.2508291e-01;1.1250000e+02;1.3494210e-01;1.1250000e+02;1.5670669e-01;1.1250000e+02;1.9047315e-01;1.1250000e+02;2.2806562e-01;1.1250000e+02;2.4321258e-01;1.1250000e+02;2.4741562e-01;1.1250000e+02;2.4322362e-01;1.1250000e+02;2.3144631e-01;1.1250000e+02;1.7892675e-02;1.1250000e+02;2.3897210e-02;1.1250000e+02;3.2075129e-02;1.1250000e+02;4.2276166e-02;1.1250000e+02;5.4471351e-02;1.1250000e+02;6.8191648e-02;1.1250000e+02;8.3724305e-02;1.1250000e+02;9.9538103e-02;1.1250000e+02;1.1521624e-01;1.1250000e+02;1.2508291e-01;1.1250000e+02;1.3494210e-01;1.1250000e+02;1.5670669e-01;1.1250000e+02;1.9047315e-01;1.1250000e+02;2.2806562e-01;1.1250000e+02;2.4321258e-01;1.1250000e+02;2.4741562e-01;1.1250000e+02;2.4322362e-01;1.1250000e+02;2.3144631e-01;1.1250000e+02;1.7892675e-02;1.1250000e+02;2.3897210e-02;1.1250000e+02;3.2075129e-02;1.1250000e+02;4.2276166e-02;1.1250000e+02;5.4471351e-02;1.1250000e+02;6.8191648e-02;1.1250000e+02;8.3724305e-02;1.1250000e+02;9.9538103e-02;1.1250000e+02;1.1521624e-01;1.1250000e+02;1.2508291e-01;1.1250000e+02;1.3494210e-01;1.1250000e+02;1.5670669e-01;1.1250000e+02;1.9047315e-01;1.1250000e+02;2.2806562e-01;1.1250000e+02;2.4321258e-01;1.1250000e+02;2.4741562e-01;1.1250000e+02;2.4322362e-01;1.1250000e+02;2.3144631e-01;1.1250000e+02;1.7892675e-02;1.1250000e+02;2.3897210e-02;1.1250000e+02;3.2075129e-02;1.1250000e+02;4.2276166e-02;1.1250000e+02;5.4471351e-02;1.1250000e+02;6.8191648e-02;1.1250000e+02;8.3724305e-02;1.1250000e+02;9.9538103e-02;1.1250000e+02;1.1521624e-01;1.1250000e+02;1.2508291e-01;1.1250000e+02;1.3494210e-01;1.1250000e+02;1.5670669e-01;1.1250000e+02;1.9047315e-01;1.1250000e+02;2.2806562e-01;1.1250000e+02;2.4321258e-01;1.1250000e+02;2.4741562e-01;1.1250000e+02;2.4322362e-01;1.1250000e+02;2.3144631e-01;1.1250000e+02;1.7892675e-02;1.1250000e+02;2.3897210e-02;1.1250000e+02;3.2075129e-02;1.1250000e+02;4.2276166e-02;1.1250000e+02;5.4471351e-02;1.1250000e+02;6.8191648e-02;1.1250000e+02;8.3724305e-02;1.1250000e+02;9.9538103e-02;1.1250000e+02;1.1521624e-01;1.1250000e+02;1.2508291e-01;1.1250000e+02;1.3494210e-01;1.1250000e+02;1.5670669e-01;1.1250000e+02;1.9047315e-01;1.1250000e+02;2.2806562e-01;1.1250000e+02;2.4321258e-01;1.1250000e+02;2.4741562e-01;1.1250000e+02;2.4322362e-01;1.1250000e+02;2.3144631e-01;1.1250000e+02;1.7892675e-02;1.1250000e+02;2.3897210e-02;1.1250000e+02;3.2075129e-02;1.1250000e+02;4.2276166e-02;1.1250000e+02;5.4471351e-02;1.1250000e+02;6.8191648e-02;1.1250000e+02;8.3724305e-02;1.1250000e+02;9.9538103e-02;1.1250000e+02;1.1521624e-01;1.1250000e+02;1.2508291e-01;1.1250000e+02;1.3494210e-01;1.1250000e+02;1.5670669e-01;1.1250000e+02;1.9047315e-01;1.1250000e+02;2.2806562e-01;1.1250000e+02;2.4321258e-01;1.1250000e+02;2.4741562e-01;1.1250000e+02;2.4322362e-01;1.1250000e+02;2.3144631e-01;1.1250000e+02;1.7892675e-02;1.1250000e+02;2.3897210e-02;1.1250000e+02;3.2075129e-02;1.1250000e+02;4.2276166e-02;1.1250000e+02;5.4471351e-02;1.1250000e+02;6.8191648e-02;1.1250000e+02;8.3724305e-02;1.1250000e+02;9.9538103e-02;1.1250000e+02;1.1521624e-01;1.1250000e+02;1.2508291e-01;1.1250000e+02;1.3494210e-01;1.1250000e+02;1.5670669e-01;1.1250000e+02;1.9047315e-01;1.1250000e+02;2.2806562e-01;1.1250000e+02;2.4321258e-01;1.1250000e+02;2.4741562e-01;1.1250000e+02;2.4322362e-01;1.1250000e+02;2.3144631e-01;1.1250000e+02;1.7892675e-02;1.1250000e+02;2.3897210e-02;1.1250000e+02;3.2075129e-02;1.1250000e+02;4.2276166e-02;1.1250000e+02;5.4471351e-02;1.1250000e+02;6.8191648e-02;1.1250000e+02;8.3724305e-02;1.1250000e+02;9.9538103e-02;1.1250000e+02;1.1521624e-01;1.1250000e+02;1.2508291e-01;1.1250000e+02;1.3494210e-01;1.1250000e+02;1.5670669e-01;1.1250000e+02;1.9047315e-01;1.1250000e+02;2.2806562e-01;1.1250000e+02;2.4321258e-01;1.1250000e+02;2.4741562e-01;1.1250000e+02;2.4322362e-01;1.1250000e+02;2.3144631e-01;1.1250000e+02;1.7892675e-02;1.1250000e+02;2.3897210e-02;1.1250000e+02;3.2075129e-02;1.1250000e+02;4.2276166e-02;1.1250000e+02;5.4471351e-02;1.1250000e+02;6.8191648e-02;1.1250000e+02;8.3724305e-02;1.1250000e+02;9.9538103e-02;1.1250000e+02;1.1521624e-01;1.1250000e+02;1.2508291e-01;1.1250000e+02;1.3494210e-01;1.1250000e+02;1.5670669e-01;1.1250000e+02;1.9047315e-01;1.1250000e+02;2.2806562e-01;1.1250000e+02;2.4321258e-01;1.1250000e+02;2.4741562e-01;1.1250000e+02;2.4322362e-01;1.1250000e+02;2.3144631e-01;1.1250000e+02;1.7892675e-02;1.1250000e+02;2.3897210e-02;1.1250000e+02;3.2075129e-02;1.1250000e+02;4.2276166e-02;1.1250000e+02;5.4471351e-02;1.1250000e+02;6.8191648e-02;1.1250000e+02;8.3724305e-02;1.1250000e+02;9.9538103e-02;1.1250000e+02;1.1521624e-01;1.1250000e+02;1.2508291e-01;1.1250000e+02;1.3494210e-01;1.1250000e+02;1.5670669e-01;1.1250000e+02;1.9047315e-01;1.1250000e+02;2.2806562e-01;1.1250000e+02;2.4321258e-01;1.1250000e+02;2.4741562e-01;1.1250000e+02;2.4322362e-01;1.1250000e+02;2.3144631e-01;1.1250000e+02;1.7892675e-02;1.1250000e+02;2.3897210e-02;1.1250000e+02;3.2075129e-02;1.1250000e+02;4.2276166e-02;1.1250000e+02;5.4471351e-02;1.1250000e+02;6.8191648e-02;1.1250000e+02;8.3724305e-02;1.1250000e+02;9.9538103e-02;1.1250000e+02;1.1521624e-01;1.1250000e+02;1.2508291e-01;1.1250000e+02;1.3494210e-01;1.1250000e+02;1.5670669e-01;1.1250000e+02;1.9047315e-01;1.1250000e+02;2.2806562e-01;1.1250000e+02;2.4321258e-01;1.1250000e+02;2.4741562e-01;1.1250000e+02;2.4322362e-01;1.1250000e+02;2.3144631e-01;1.1250000e+02;1.7892675e-02;1.1250000e+02;2.3897210e-02;1.1250000e+02;3.2075129e-02;1.1250000e+02;4.2276166e-02;1.1250000e+02;5.4471351e-02;1.1250000e+02;6.8191648e-02;1.1250000e+02;8.3724305e-02;1.1250000e+02;9.9538103e-02;1.1250000e+02;1.1521624e-01;1.1250000e+02;1.2508291e-01;1.1250000e+02;1.3494210e-01;1.1250000e+02;1.5670669e-01;1.1250000e+02;1.9047315e-01;1.1250000e+02;2.2806562e-01;1.1250000e+02;2.4321258e-01;1.1250000e+02;2.4741562e-01;1.1250000e+02;2.4322362e-01;1.1250000e+02;2.3144631e-01;1.1250000e+02;1.7892675e-02;1.1250000e+02;2.3897210e-02;1.1250000e+02;3.2075129e-02;1.1250000e+02;4.2276166e-02;1.1250000e+02;5.4471351e-02;1.1250000e+02;6.8191648e-02;1.1250000e+02;8.3724305e-02;1.1250000e+02;9.9538103e-02;1.1250000e+02;1.1521624e-01;1.1250000e+02;1.2508291e-01;1.1250000e+02;1.3494210e-01;1.1250000e+02;1.5670669e-01;1.1250000e+02;1.9047315e-01;1.1250000e+02;2.2806562e-01;1.1250000e+02;2.4321258e-01;1.1250000e+02;2.4741562e-01;1.1250000e+02;2.4322362e-01;1.1250000e+02;2.3144631e-01;1.1250000e+02;1.7892675e-02;1.1250000e+02;2.3897210e-02;1.1250000e+02;3.2075129e-02;1.1250000e+02;4.2276166e-02;1.1250000e+02;5.4471351e-02;1.1250000e+02;6.8191648e-02;1.1250000e+02;8.3724305e-02;1.1250000e+02;9.9538103e-02;1.1250000e+02;1.1521624e-01;1.1250000e+02;1.2508291e-01;1.1250000e+02;1.3494210e-01;1.1250000e+02;1.5670669e-01;1.1250000e+02;1.9047315e-01;1.1250000e+02;2.2806562e-01;1.1250000e+02;2.4321258e-01;1.1250000e+02;2.4741562e-01;1.1250000e+02;2.4322362e-01;1.1250000e+02;2.3144631e-01;1.1250000e+02;1.7892675e-02;1.1250000e+02;2.3897210e-02;1.1250000e+02;3.2075129e-02;1.1250000e+02;4.2276166e-02;1.1250000e+02;5.4471351e-02;1.1250000e+02;6.8191648e-02;1.1250000e+02;8.3724305e-02;1.1250000e+02;9.9538103e-02;1.1250000e+02;1.1521624e-01;1.1250000e+02;1.2508291e-01;1.1250000e+02;1.3494210e-01;1.1250000e+02;1.5670669e-01;1.1250000e+02;1.9047315e-01;1.1250000e+02;2.2806562e-01;1.1250000e+02;2.4321258e-01;1.1250000e+02;2.4741562e-01;1.1250000e+02;2.4322362e-01;1.1250000e+02;2.3144631e-01;1.1250000e+02;1.7892675e-02;1.1250000e+02;2.3897210e-02;1.1250000e+02;3.2075129e-02;1.1250000e+02;4.2276166e-02;1.1250000e+02;5.4471351e-02;1.1250000e+02;6.8191648e-02;1.1250000e+02;8.3724305e-02;1.1250000e+02;9.9538103e-02;1.1250000e+02;1.1521624e-01;1.1250000e+02;1.2508291e-01;1.1250000e+02;1.3494210e-01;1.1250000e+02;1.5670669e-01;1.1250000e+02;1.9047315e-01;1.1250000e+02;2.2806562e-01;1.1250000e+02;2.4321258e-01;1.1250000e+02;2.4741562e-01;1.1250000e+02;2.4322362e-01;1.1250000e+02;2.3144631e-01;1.1250000e+02;1.7892675e-02;1.1250000e+02;2.3897210e-02;1.1250000e+02;3.2075129e-02;1.1250000e+02;4.2276166e-02;1.1250000e+02;5.4471351e-02;1.1250000e+02;6.8191648e-02;1.1250000e+02;8.3724305e-02;1.1250000e+02;9.9538103e-02;1.1250000e+02;1.1521624e-01;1.1250000e+02;1.2508291e-01;1.1250000e+02;1.3494210e-01;1.1250000e+02;1.5670669e-01;1.1250000e+02;1.9047315e-01;1.1250000e+02;2.2806562e-01;1.1250000e+02;2.4321258e-01;1.1250000e+02;2.4741562e-01;1.1250000e+02;2.4322362e-01;1.1250000e+02;2.3144631e-01;1.1250000e+02;1.7892675e-02;1.1250000e+02;2.3897210e-02;1.1250000e+02;3.2075129e-02;1.1250000e+02;4.2276166e-02;1.1250000e+02;5.4471351e-02;1.1250000e+02;6.8191648e-02;1.1250000e+02;8.3724305e-02;1.1250000e+02;9.9538103e-02;1.1250000e+02;1.1521624e-01;1.1250000e+02;1.2508291e-01;1.1250000e+02;1.3494210e-01;1.1250000e+02;1.5670669e-01;1.1250000e+02;1.9047315e-01;1.1250000e+02;2.2806562e-01;1.1250000e+02;2.4321258e-01;1.1250000e+02;2.4741562e-01;1.1250000e+02;2.4322362e-01;1.1250000e+02;2.3144631e-01;1.1250000e+02;1.7892675e-02;1.1250000e+02;2.3897210e-02;1.1250000e+02;3.2075129e-02;1.1250000e+02;4.2276166e-02;1.1250000e+02;5.4471351e-02;1.1250000e+02;6.8191648e-02;1.1250000e+02;8.3724305e-02;1.1250000e+02;9.9538103e-02;1.1250000e+02;1.1521624e-01;1.1250000e+02;1.2508291e-01;1.1250000e+02;1.3494210e-01;1.1250000e+02;1.5670669e-01;1.1250000e+02;1.9047315e-01;1.1250000e+02;2.2806562e-01;1.1250000e+02;2.4321258e-01;1.1250000e+02;2.4741562e-01;1.1250000e+02;2.4322362e-01;1.1250000e+02;2.3144631e-01;1.1250000e+02;1.7892675e-02;1.1250000e+02;2.3897210e-02;1.1250000e+02;3.2075129e-02;1.1250000e+02;4.2276166e-02;1.1250000e+02;5.4471351e-02;1.1250000e+02;6.8191648e-02;1.1250000e+02;8.3724305e-02;1.1250000e+02;9.9538103e-02;1.1250000e+02;1.1521624e-01;1.1250000e+02;1.2508291e-01;1.1250000e+02;1.3494210e-01;1.1250000e+02;1.5670669e-01;1.1250000e+02;1.9047315e-01;1.1250000e+02;2.2806562e-01;1.1250000e+02;2.4321258e-01;1.1250000e+02;2.4741562e-01;1.1250000e+02;2.4322362e-01;1.1250000e+02;2.3144631e-01;1.1250000e+02;1.7892675e-02;1.1250000e+02;2.3897210e-02;1.1250000e+02;3.2075129e-02;1.1250000e+02;4.2276166e-02;1.1250000e+02;5.4471351e-02;1.1250000e+02;6.8191648e-02;1.1250000e+02;8.3724305e-02;1.1250000e+02;9.9538103e-02;1.1250000e+02;1.1521624e-01;1.1250000e+02;1.2508291e-01;1.1250000e+02;1.3494210e-01;1.1250000e+02;1.5670669e-01;1.1250000e+02;1.9047315e-01;1.1250000e+02;2.2806562e-01;1.1250000e+02;2.4321258e-01;1.1250000e+02;2.4741562e-01;1.1250000e+02;2.4322362e-01;1.1250000e+02;2.3144631e-01;1.1250000e+02;1.7892675e-02;1.1250000e+02;2.3897210e-02;1.1250000e+02;3.2075129e-02;1.1250000e+02;4.2276166e-02;1.1250000e+02;5.4471351e-02;1.1250000e+02;6.8191648e-02;1.1250000e+02;8.3724305e-02;1.1250000e+02;9.9538103e-02;1.1250000e+02;1.1521624e-01;1.1250000e+02;1.2508291e-01;1.1250000e+02;1.3494210e-01;1.1250000e+02;1.5670669e-01;1.1250000e+02;1.9047315e-01;1.1250000e+02;2.2806562e-01;1.1250000e+02;2.4321258e-01;1.1250000e+02;2.4741562e-01;1.1250000e+02;2.4322362e-01;1.1250000e+02;2.3144631e-01;1.1250000e+02;1.7892675e-02;1.1250000e+02;2.3897210e-02;1.1250000e+02;3.2075129e-02;1.1250000e+02;4.2276166e-02;1.1250000e+02;5.4471351e-02;1.1250000e+02;6.8191648e-02;1.1250000e+02;8.3724305e-02;1.1250000e+02;9.9538103e-02;1.1250000e+02;1.1521624e-01;1.1250000e+02;1.2508291e-01;1.1250000e+02;1.3494210e-01;1.1250000e+02;1.5670669e-01;1.1250000e+02;1.9047315e-01;1.1250000e+02;2.2806562e-01;1.1250000e+02;2.4321258e-01;1.1250000e+02;2.4741562e-01;1.1250000e+02;2.4322362e-01;1.1250000e+02;2.3144631e-01;1.1250000e+02;1.7892675e-02;1.1250000e+02;2.3897210e-02;1.1250000e+02;3.2075129e-02;1.1250000e+02;4.2276166e-02;1.1250000e+02;5.4471351e-02;1.1250000e+02;6.8191648e-02;1.1250000e+02;8.3724305e-02;1.1250000e+02;9.9538103e-02;1.1250000e+02;1.1521624e-01;1.1250000e+02;1.2508291e-01;1.1250000e+02;1.3494210e-01;1.1250000e+02;1.5670669e-01;1.1250000e+02;1.9047315e-01;1.1250000e+02;2.2806562e-01;1.1250000e+02;2.4321258e-01;1.1250000e+02;2.4741562e-01;1.1250000e+02;2.4322362e-01;1.1250000e+02;2.3144631e-01;1.1250000e+02;1.7892675e-02;1.1250000e+02;2.3897210e-02;1.1250000e+02;3.2075129e-02;1.1250000e+02;4.2276166e-02;1.1250000e+02;5.4471351e-02;1.1250000e+02;6.8191648e-02;1.1250000e+02;8.3724305e-02;1.1250000e+02;9.9538103e-02;1.1250000e+02;1.1521624e-01;1.1250000e+02;1.2508291e-01;1.1250000e+02;1.3494210e-01;1.1250000e+02;1.5670669e-01;1.1250000e+02;1.9047315e-01;1.1250000e+02;2.2806562e-01;1.1250000e+02;2.4321258e-01;1.1250000e+02;2.4741562e-01;1.1250000e+02;2.4322362e-01;1.1250000e+02;2.3144631e-01;1.1250000e+02;1.7892675e-02;1.1250000e+02;2.3897210e-02;1.1250000e+02;3.2075129e-02;1.1250000e+02;4.2276166e-02;1.1250000e+02;5.4471351e-02;1.1250000e+02;6.8191648e-02;1.1250000e+02;8.3724305e-02;1.1250000e+02;9.9538103e-02;1.1250000e+02;1.1521624e-01;1.1250000e+02;1.2508291e-01;1.1250000e+02;1.3494210e-01;1.1250000e+02;1.5670669e-01;1.1250000e+02;1.9047315e-01;1.1250000e+02;2.2806562e-01;1.1250000e+02;2.4321258e-01;1.1250000e+02;2.4741562e-01;1.1250000e+02;2.4322362e-01;1.1250000e+02;2.3144631e-01;1.1250000e+02;1.7892675e-02;1.1250000e+02;2.3897210e-02;1.1250000e+02;3.2075129e-02;1.1250000e+02;4.2276166e-02;1.1250000e+02;5.4471351e-02;1.1250000e+02;6.8191648e-02;1.1250000e+02;8.3724305e-02;1.1250000e+02;9.9538103e-02;1.1250000e+02;1.1521624e-01;1.1250000e+02;1.2508291e-01;1.1250000e+02;1.3494210e-01;1.1250000e+02;1.5670669e-01;1.1250000e+02;1.9047315e-01;1.1250000e+02;2.2806562e-01;1.1250000e+02;2.4321258e-01;1.1250000e+02;2.4741562e-01;1.1250000e+02;2.4322362e-01;1.1250000e+02;2.3144631e-01;1.1250000e+02;1.7892675e-02;1.1250000e+02;2.3897210e-02;1.1250000e+02;3.2075129e-02;1.1250000e+02;4.2276166e-02;1.1250000e+02;5.4471351e-02;1.1250000e+02;6.8191648e-02;1.1250000e+02;8.3724305e-02;1.1250000e+02;9.9538103e-02;1.1250000e+02;1.1521624e-01;1.1250000e+02;1.2508291e-01;1.1250000e+02;1.3494210e-01;1.1250000e+02;1.5670669e-01;1.1250000e+02;1.9047315e-01;1.1250000e+02;2.2806562e-01;1.1250000e+02;2.4321258e-01;1.1250000e+02;2.4741562e-01;1.1250000e+02;2.4322362e-01;1.1250000e+02;2.3144631e-01;1.1250000e+02;1.7892675e-02;1.1250000e+02;2.3897210e-02;1.1250000e+02;3.2075129e-02;1.1250000e+02;4.2276166e-02;1.1250000e+02;5.4471351e-02;1.1250000e+02;6.8191648e-02;1.1250000e+02;8.3724305e-02;1.1250000e+02;9.9538103e-02;1.1250000e+02;1.1521624e-01;1.1250000e+02;1.2508291e-01;1.1250000e+02;1.3494210e-01;1.1250000e+02;1.5670669e-01;1.1250000e+02;1.9047315e-01;1.1250000e+02;2.2806562e-01;1.1250000e+02;2.4321258e-01;1.1250000e+02;2.4741562e-01;1.1250000e+02;2.4322362e-01;1.1250000e+02;2.3144631e-01;1.1250000e+02;1.7892675e-02;1.1250000e+02;2.3897210e-02;1.1250000e+02;3.2075129e-02;1.1250000e+02;4.2276166e-02;1.1250000e+02;5.4471351e-02;1.1250000e+02;6.8191648e-02;1.1250000e+02;8.3724305e-02;1.1250000e+02;9.9538103e-02;1.1250000e+02;1.1521624e-01;1.1250000e+02;1.2508291e-01;1.1250000e+02;1.3494210e-01;1.1250000e+02;1.5670669e-01;1.1250000e+02;1.9047315e-01;1.1250000e+02;2.2806562e-01;1.1250000e+02;2.4321258e-01;1.1250000e+02;2.4741562e-01;1.1250000e+02;2.4322362e-01;1.1250000e+02;2.3144631e-01;1.1250000e+02;1.7892675e-02;1.1250000e+02;2.3897210e-02;1.1250000e+02;3.2075129e-02;1.1250000e+02;4.2276166e-02;1.1250000e+02;5.4471351e-02;1.1250000e+02;6.8191648e-02;1.1250000e+02;8.3724305e-02;1.1250000e+02;9.9538103e-02;1.1250000e+02;1.1521624e-01;1.1250000e+02;1.2508291e-01;1.1250000e+02;1.3494210e-01;1.1250000e+02;1.5670669e-01;1.1250000e+02;1.9047315e-01;1.1250000e+02;2.2806562e-01;1.1250000e+02;2.4321258e-01;1.1250000e+02;2.4741562e-01;1.1250000e+02;2.4322362e-01;1.1250000e+02;2.3144631e-01;1.1250000e+02;1.7892675e-02;1.1250000e+02;2.3897210e-02;1.1250000e+02;3.2075129e-02;1.1250000e+02;4.2276166e-02;1.1250000e+02;5.4471351e-02;1.1250000e+02;6.8191648e-02;1.1250000e+02;8.3724305e-02;1.1250000e+02;9.9538103e-02;1.1250000e+02;1.1521624e-01;1.1250000e+02;1.2508291e-01;1.1250000e+02;1.3494210e-01;1.1250000e+02;1.5670669e-01;1.1250000e+02;1.9047315e-01;1.1250000e+02;2.2806562e-01;1.1250000e+02;2.4321258e-01;1.1250000e+02;2.4741562e-01;1.1250000e+02;2.4322362e-01;1.1250000e+02;2.3144631e-01;1.1250000e+02;1.7892675e-02;1.1250000e+02;2.3897210e-02;1.1250000e+02;3.2075129e-02;1.1250000e+02;4.2276166e-02;1.1250000e+02;5.4471351e-02;1.1250000e+02;6.8191648e-02;1.1250000e+02;8.3724305e-02;1.1250000e+02;9.9538103e-02;1.1250000e+02;1.1521624e-01;1.1250000e+02;1.2508291e-01;1.1250000e+02;1.3494210e-01;1.1250000e+02;1.5670669e-01;1.1250000e+02;1.9047315e-01;1.1250000e+02;2.2806562e-01;1.1250000e+02;2.4321258e-01;1.1250000e+02;2.4741562e-01;1.1250000e+02;2.4322362e-01;1.1250000e+02;2.3144631e-01;1.1250000e+02;1.7892675e-02;1.1250000e+02;2.3897210e-02;1.1250000e+02;3.2075129e-02;1.1250000e+02;4.2276166e-02;1.1250000e+02;5.4471351e-02;1.1250000e+02;6.8191648e-02;1.1250000e+02;8.3724305e-02;1.1250000e+02;9.9538103e-02;1.1250000e+02;1.1521624e-01;1.1250000e+02;1.2508291e-01;1.1250000e+02;1.3494210e-01;1.1250000e+02;1.5670669e-01;1.1250000e+02;1.9047315e-01;1.1250000e+02;2.2806562e-01;1.1250000e+02;2.4321258e-01;1.1250000e+02;2.4741562e-01;1.1250000e+02;2.4322362e-01;1.1250000e+02;2.3144631e-01;1.1250000e+02;1.7892675e-02;1.1250000e+02;2.3897210e-02;1.1250000e+02;3.2075129e-02;1.1250000e+02;4.2276166e-02;1.1250000e+02;5.4471351e-02;1.1250000e+02;6.8191648e-02;1.1250000e+02;8.3724305e-02;1.1250000e+02;9.9538103e-02;1.1250000e+02;1.1521624e-01;1.1250000e+02;1.2508291e-01;1.1250000e+02;1.3494210e-01;1.1250000e+02;1.5670669e-01;1.1250000e+02;1.9047315e-01;1.1250000e+02;2.2806562e-01;1.1250000e+02;2.4321258e-01;1.1250000e+02;2.4741562e-01;1.1250000e+02;2.4322362e-01;1.1250000e+02;2.3144631e-01
1.1750000e+02;1.6650187e-02;1.1750000e+02;2.2055836e-02;1.1750000e+02;2.9694866e-02;1.1750000e+02;3.9489493e-02;1.1750000e+02;5.1244877e-02;1.1750000e+02;6.4640313e-02;1.1750000e+02;7.9706162e-02;1.1750000e+02;9.5606580e-02;1.1750000e+02;1.1179527e-01;1.1750000e+02;1.2169639e-01;1.1750000e+02;1.3174774e-01;1.1750000e+02;1.5513481e-01;1.1750000e+02;1.8873987e-01;1.1750000e+02;2.2529235e-01;1.1750000e+02;2.3960824e-01;1.1750000e+02;2.4310634e-01;1.1750000e+02;2.3811059e-01;1.1750000e+02;2.2550507e-01;1.1750000e+02;1.6650187e-02;1.1750000e+02;2.2055836e-02;1.1750000e+02;2.9694866e-02;1.1750000e+02;3.9489493e-02;1.1750000e+02;5.1244877e-02;1.1750000e+02;6.4640313e-02;1.1750000e+02;7.9706162e-02;1.1750000e+02;9.5606580e-02;1.1750000e+02;1.1179527e-01;1.1750000e+02;1.2169639e-01;1.1750000e+02;1.3174774e-01;1.1750000e+02;1.5513481e-01;1.1750000e+02;1.8873987e-01;1.1750000e+02;2.2529235e-01;1.1750000e+02;2.3960824e-01;1.1750000e+02;2.4310634e-01;1.1750000e+02;2.3811059e-01;1.1750000e+02;2.2550507e-01;1.1750000e+02;1.6650187e-02;1.1750000e+02;2.2055836e-02;1.1750000e+02;2.9694866e-02;1.1750000e+02;3.9489493e-02;1.1750000e+02;5.1244877e-02;1.1750000e+02;6.4640313e-02;1.1750000e+02;7.9706162e-02;1.1750000e+02;9.5606580e-02;1.1750000e+02;1.1179527e-01;1.1750000e+02;1.2169639e-01;1.1750000e+02;1.3174774e-01;1.1750000e+02;1.5513481e-01;1.1750000e+02;1.8873987e-01;1.1750000e+02;2.2529235e-01;1.1750000e+02;2.3960824e-01;1.1750000e+02;2.4310634e-01;1.1750000e+02;2.3811059e-01;1.1750000e+02;2.2550507e-01;1.1750000e+02;1.6650187e-02;1.1750000e+02;2.2055836e-02;1.1750000e+02;2.9694866e-02;1.1750000e+02;3.9489493e-02;1.1750000e+02;5.1244877e-02;1.1750000e+02;6.4640313e-02;1.1750000e+02;7.9706162e-02;1.1750000e+02;9.5606580e-02;1.1750000e+02;1.1179527e-01;1.1750000e+02;1.2169639e-01;1.1750000e+02;1.3174774e-01;1.1750000e+02;1.5513481e-01;1.1750000e+02;1.8873987e-01;1.1750000e+02;2.2529235e-01;1.1750000e+02;2.3960824e-01;1.1750000e+02;2.4310634e-01;1.1750000e+02;2.3811059e-01;1.1750000e+02;2.2550507e-01;1.1750000e+02;1.6650187e-02;1.1750000e+02;2.2055836e-02;1.1750000e+02;2.9694866e-02;1.1750000e+02;3.9489493e-02;1.1750000e+02;5.1244877e-02;1.1750000e+02;6.4640313e-02;1.1750000e+02;7.9706162e-02;1.1750000e+02;9.5606580e-02;1.1750000e+02;1.1179527e-01;1.1750000e+02;1.2169639e-01;1.1750000e+02;1.3174774e-01;1.1750000e+02;1.5513481e-01;1.1750000e+02;1.8873987e-01;1.1750000e+02;2.2529235e-01;1.1750000e+02;2.3960824e-01;1.1750000e+02;2.4310634e-01;1.1750000e+02;2.3811059e-01;1.1750000e+02;2.2550507e-01;1.1750000e+02;1.6650187e-02;1.1750000e+02;2.2055836e-02;1.1750000e+02;2.9694866e-02;1.1750000e+02;3.9489493e-02;1.1750000e+02;5.1244877e-02;1.1750000e+02;6.4640313e-02;1.1750000e+02;7.9706162e-02;1.1750000e+02;9.5606580e-02;1.1750000e+02;1.1179527e-01;1.1750000e+02;1.2169639e-01;1.1750000e+02;1.3174774e-01;1.1750000e+02;1.5513481e-01;1.1750000e+02;1.8873987e-01;1.1750000e+02;2.2529235e-01;1.1750000e+02;2.3960824e-01;1.1750000e+02;2.4310634e-01;1.1750000e+02;2.3811059e-01;1.1750000e+02;2.2550507e-01;1.1750000e+02;1.6650187e-02;1.1750000e+02;2.2055836e-02;1.1750000e+02;2.9694866e-02;1.1750000e+02;3.9489493e-02;1.1750000e+02;5.1244877e-02;1.1750000e+02;6.4640313e-02;1.1750000e+02;7.9706162e-02;1.1750000e+02;9.5606580e-02;1.1750000e+02;1.1179527e-01;1.1750000e+02;1.2169639e-01;1.1750000e+02;1.3174774e-01;1.1750000e+02;1.5513481e-01;1.1750000e+02;1.8873987e-01;1.1750000e+02;2.2529235e-01;1.1750000e+02;2.3960824e-01;1.1750000e+02;2.4310634e-01;1.1750000e+02;2.3811059e-01;1.1750000e+02;2.2550507e-01;1.1750000e+02;1.6650187e-02;1.1750000e+02;2.2055836e-02;1.1750000e+02;2.9694866e-02;1.1750000e+02;3.9489493e-02;1.1750000e+02;5.1244877e-02;1.1750000e+02;6.4640313e-02;1.1750000e+02;7.9706162e-02;1.1750000e+02;9.5606580e-02;1.1750000e+02;1.1179527e-01;1.1750000e+02;1.2169639e-01;1.1750000e+02;1.3174774e-01;1.1750000e+02;1.5513481e-01;1.1750000e+02;1.8873987e-01;1.1750000e+02;2.2529235e-01;1.1750000e+02;2.3960824e-01;1.1750000e+02;2.4310634e-01;1.1750000e+02;2.3811059e-01;1.1750000e+02;2.2550507e-01;1.1750000e+02;1.6650187e-02;1.1750000e+02;2.2055836e-02;1.1750000e+02;2.9694866e-02;1.1750000e+02;3.9489493e-02;1.1750000e+02;5.1244877e-02;1.1750000e+02;6.4640313e-02;1.1750000e+02;7.9706162e-02;1.1750000e+02;9.5606580e-02;1.1750000e+02;1.1179527e-01;1.1750000e+02;1.2169639e-01;1.1750000e+02;1.3174774e-01;1.1750000e+02;1.5513481e-01;1.1750000e+02;1.8873987e-01;1.1750000e+02;2.2529235e-01;1.1750000e+02;2.3960824e-01;1.1750000e+02;2.4310634e-01;1.1750000e+02;2.3811059e-01;1.1750000e+02;2.2550507e-01;1.1750000e+02;1.6650187e-02;1.1750000e+02;2.2055836e-02;1.1750000e+02;2.9694866e-02;1.1750000e+02;3.9489493e-02;1.1750000e+02;5.1244877e-02;1.1750000e+02;6.4640313e-02;1.1750000e+02;7.9706162e-02;1.1750000e+02;9.5606580e-02;1.1750000e+02;1.1179527e-01;1.1750000e+02;1.2169639e-01;1.1750000e+02;1.3174774e-01;1.1750000e+02;1.5513481e-01;1.1750000e+02;1.8873987e-01;1.1750000e+02;2.2529235e-01;1.1750000e+02;2.3960824e-01;1.1750000e+02;2.4310634e-01;1.1750000e+02;2.3811059e-01;1.1750000e+02;2.2550507e-01;1.1750000e+02;1.6650187e-02;1.1750000e+02;2.2055836e-02;1.1750000e+02;2.9694866e-02;1.1750000e+02;3.9489493e-02;1.1750000e+02;5.1244877e-02;1.1750000e+02;6.4640313e-02;1.1750000e+02;7.9706162e-02;1.1750000e+02;9.5606580e-02;1.1750000e+02;1.1179527e-01;1.1750000e+02;1.2169639e-01;1.1750000e+02;1.3174774e-01;1.1750000e+02;1.5513481e-01;1.1750000e+02;1.8873987e-01;1.1750000e+02;2.2529235e-01;1.1750000e+02;2.3960824e-01;1.1750000e+02;2.4310634e-01;1.1750000e+02;2.3811059e-01;1.1750000e+02;2.2550507e-01;1.1750000e+02;1.6650187e-02;1.1750000e+02;2.2055836e-02;1.1750000e+02;2.9694866e-02;1.1750000e+02;3.9489493e-02;1.1750000e+02;5.1244877e-02;1.1750000e+02;6.4640313e-02;1.1750000e+02;7.9706162e-02;1.1750000e+02;9.5606580e-02;1.1750000e+02;1.1179527e-01;1.1750000e+02;1.2169639e-01;1.1750000e+02;1.3174774e-01;1.1750000e+02;1.5513481e-01;1.1750000e+02;1.8873987e-01;1.1750000e+02;2.2529235e-01;1.1750000e+02;2.3960824e-01;1.1750000e+02;2.4310634e-01;1.1750000e+02;2.3811059e-01;1.1750000e+02;2.2550507e-01;1.1750000e+02;1.6650187e-02;1.1750000e+02;2.2055836e-02;1.1750000e+02;2.9694866e-02;1.1750000e+02;3.9489493e-02;1.1750000e+02;5.1244877e-02;1.1750000e+02;6.4640313e-02;1.1750000e+02;7.9706162e-02;1.1750000e+02;9.5606580e-02;1.1750000e+02;1.1179527e-01;1.1750000e+02;1.2169639e-01;1.1750000e+02;1.3174774e-01;1.1750000e+02;1.5513481e-01;1.1750000e+02;1.8873987e-01;1.1750000e+02;2.2529235e-01;1.1750000e+02;2.3960824e-01;1.1750000e+02;2.4310634e-01;1.1750000e+02;2.3811059e-01;1.1750000e+02;2.2550507e-01;1.1750000e+02;1.6650187e-02;1.1750000e+02;2.2055836e-02;1.1750000e+02;2.9694866e-02;1.1750000e+02;3.9489493e-02;1.1750000e+02;5.1244877e-02;1.1750000e+02;6.4640313e-02;1.1750000e+02;7.9706162e-02;1.1750000e+02;9.5606580e-02;1.1750000e+02;1.1179527e-01;1.1750000e+02;1.2169639e-01;1.1750000e+02;1.3174774e-01;1.1750000e+02;1.5513481e-01;1.1750000e+02;1.8873987e-01;1.1750000e+02;2.2529235e-01;1.1750000e+02;2.3960824e-01;1.1750000e+02;2.4310634e-01;1.1750000e+02;2.3811059e-01;1.1750000e+02;2.2550507e-01;1.1750000e+02;1.6650187e-02;1.1750000e+02;2.2055836e-02;1.1750000e+02;2.9694866e-02;1.1750000e+02;3.9489493e-02;1.1750000e+02;5.1244877e-02;1.1750000e+02;6.4640313e-02;1.1750000e+02;7.9706162e-02;1.1750000e+02;9.5606580e-02;1.1750000e+02;1.1179527e-01;1.1750000e+02;1.2169639e-01;1.1750000e+02;1.3174774e-01;1.1750000e+02;1.5513481e-01;1.1750000e+02;1.8873987e-01;1.1750000e+02;2.2529235e-01;1.1750000e+02;2.3960824e-01;1.1750000e+02;2.4310634e-01;1.1750000e+02;2.3811059e-01;1.1750000e+02;2.2550507e-01;1.1750000e+02;1.6650187e-02;1.1750000e+02;2.2055836e-02;1.1750000e+02;2.9694866e-02;1.1750000e+02;3.9489493e-02;1.1750000e+02;5.1244877e-02;1.1750000e+02;6.4640313e-02;1.1750000e+02;7.9706162e-02;1.1750000e+02;9.5606580e-02;1.1750000e+02;1.1179527e-01;1.1750000e+02;1.2169639e-01;1.1750000e+02;1.3174774e-01;1.1750000e+02;1.5513481e-01;1.1750000e+02;1.8873987e-01;1.1750000e+02;2.2529235e-01;1.1750000e+02;2.3960824e-01;1.1750000e+02;2.4310634e-01;1.1750000e+02;2.3811059e-01;1.1750000e+02;2.2550507e-01;1.1750000e+02;1.6650187e-02;1.1750000e+02;2.2055836e-02;1.1750000e+02;2.9694866e-02;1.1750000e+02;3.9489493e-02;1.1750000e+02;5.1244877e-02;1.1750000e+02;6.4640313e-02;1.1750000e+02;7.9706162e-02;1.1750000e+02;9.5606580e-02;1.1750000e+02;1.1179527e-01;1.1750000e+02;1.2169639e-01;1.1750000e+02;1.3174774e-01;1.1750000e+02;1.5513481e-01;1.1750000e+02;1.8873987e-01;1.1750000e+02;2.2529235e-01;1.1750000e+02;2.3960824e-01;1.1750000e+02;2.4310634e-01;1.1750000e+02;2.3811059e-01;1.1750000e+02;2.2550507e-01;1.1750000e+02;1.6650187e-02;1.1750000e+02;2.2055836e-02;1.1750000e+02;2.9694866e-02;1.1750000e+02;3.9489493e-02;1.1750000e+02;5.1244877e-02;1.1750000e+02;6.4640313e-02;1.1750000e+02;7.9706162e-02;1.1750000e+02;9.5606580e-02;1.1750000e+02;1.1179527e-01;1.1750000e+02;1.2169639e-01;1.1750000e+02;1.3174774e-01;1.1750000e+02;1.5513481e-01;1.1750000e+02;1.8873987e-01;1.1750000e+02;2.2529235e-01;1.1750000e+02;2.3960824e-01;1.1750000e+02;2.4310634e-01;1.1750000e+02;2.3811059e-01;1.1750000e+02;2.2550507e-01;1.1750000e+02;1.6650187e-02;1.1750000e+02;2.2055836e-02;1.1750000e+02;2.9694866e-02;1.1750000e+02;3.9489493e-02;1.1750000e+02;5.1244877e-02;1.1750000e+02;6.4640313e-02;1.1750000e+02;7.9706162e-02;1.1750000e+02;9.5606580e-02;1.1750000e+02;1.1179527e-01;1.1750000e+02;1.2169639e-01;1.1750000e+02;1.3174774e-01;1.1750000e+02;1.5513481e-01;1.1750000e+02;1.8873987e-01;1.1750000e+02;2.2529235e-01;1.1750000e+02;2.3960824e-01;1.1750000e+02;2.4310634e-01;1.1750000e+02;2.3811059e-01;1.1750000e+02;2.2550507e-01;1.1750000e+02;1.6650187e-02;1.1750000e+02;2.2055836e-02;1.1750000e+02;2.9694866e-02;1.1750000e+02;3.9489493e-02;1.1750000e+02;5.1244877e-02;1.1750000e+02;6.4640313e-02;1.1750000e+02;7.9706162e-02;1.1750000e+02;9.5606580e-02;1.1750000e+02;1.1179527e-01;1.1750000e+02;1.2169639e-01;1.1750000e+02;1.3174774e-01;1.1750000e+02;1.5513481e-01;1.1750000e+02;1.8873987e-01;1.1750000e+02;2.2529235e-01;1.1750000e+02;2.3960824e-01;1.1750000e+02;2.4310634e-01;1.1750000e+02;2.3811059e-01;1.1750000e+02;2.2550507e-01;1.1750000e+02;1.6650187e-02;1.1750000e+02;2.2055836e-02;1.1750000e+02;2.9694866e-02;1.1750000e+02;3.9489493e-02;1.1750000e+02;5.1244877e-02;1.1750000e+02;6.4640313e-02;1.1750000e+02;7.9706162e-02;1.1750000e+02;9.5606580e-02;1.1750000e+02;1.1179527e-01;1.1750000e+02;1.2169639e-01;1.1750000e+02;1.3174774e-01;1.1750000e+02;1.5513481e-01;1.1750000e+02;1.8873987e-01;1.1750000e+02;2.2529235e-01;1.1750000e+02;2.3960824e-01;1.1750000e+02;2.4310634e-01;1.1750000e+02;2.3811059e-01;1.1750000e+02;2.2550507e-01;1.1750000e+02;1.6650187e-02;1.1750000e+02;2.2055836e-02;1.1750000e+02;2.9694866e-02;1.1750000e+02;3.9489493e-02;1.1750000e+02;5.1244877e-02;1.1750000e+02;6.4640313e-02;1.1750000e+02;7.9706162e-02;1.1750000e+02;9.5606580e-02;1.1750000e+02;1.1179527e-01;1.1750000e+02;1.2169639e-01;1.1750000e+02;1.3174774e-01;1.1750000e+02;1.5513481e-01;1.1750000e+02;1.8873987e-01;1.1750000e+02;2.2529235e-01;1.1750000e+02;2.3960824e-01;1.1750000e+02;2.4310634e-01;1.1750000e+02;2.3811059e-01;1.1750000e+02;2.2550507e-01;1.1750000e+02;1.6650187e-02;1.1750000e+02;2.2055836e-02;1.1750000e+02;2.9694866e-02;1.1750000e+02;3.9489493e-02;1.1750000e+02;5.1244877e-02;1.1750000e+02;6.4640313e-02;1.1750000e+02;7.9706162e-02;1.1750000e+02;9.5606580e-02;1.1750000e+02;1.1179527e-01;1.1750000e+02;1.2169639e-01;1.1750000e+02;1.3174774e-01;1.1750000e+02;1.5513481e-01;1.1750000e+02;1.8873987e-01;1.1750000e+02;2.2529235e-01;1.1750000e+02;2.3960824e-01;1.1750000e+02;2.4310634e-01;1.1750000e+02;2.3811059e-01;1.1750000e+02;2.2550507e-01;1.1750000e+02;1.6650187e-02;1.1750000e+02;2.2055836e-02;1.1750000e+02;2.9694866e-02;1.1750000e+02;3.9489493e-02;1.1750000e+02;5.1244877e-02;1.1750000e+02;6.4640313e-02;1.1750000e+02;7.9706162e-02;1.1750000e+02;9.5606580e-02;1.1750000e+02;1.1179527e-01;1.1750000e+02;1.2169639e-01;1.1750000e+02;1.3174774e-01;1.1750000e+02;1.5513481e-01;1.1750000e+02;1.8873987e-01;1.1750000e+02;2.2529235e-01;1.1750000e+02;2.3960824e-01;1.1750000e+02;2.4310634e-01;1.1750000e+02;2.3811059e-01;1.1750000e+02;2.2550507e-01;1.1750000e+02;1.6650187e-02;1.1750000e+02;2.2055836e-02;1.1750000e+02;2.9694866e-02;1.1750000e+02;3.9489493e-02;1.1750000e+02;5.1244877e-02;1.1750000e+02;6.4640313e-02;1.1750000e+02;7.9706162e-02;1.1750000e+02;9.5606580e-02;1.1750000e+02;1.1179527e-01;1.1750000e+02;1.2169639e-01;1.1750000e+02;1.3174774e-01;1.1750000e+02;1.5513481e-01;1.1750000e+02;1.8873987e-01;1.1750000e+02;2.2529235e-01;1.1750000e+02;2.3960824e-01;1.1750000e+02;2.4310634e-01;1.1750000e+02;2.3811059e-01;1.1750000e+02;2.2550507e-01;1.1750000e+02;1.6650187e-02;1.1750000e+02;2.2055836e-02;1.1750000e+02;2.9694866e-02;1.1750000e+02;3.9489493e-02;1.1750000e+02;5.1244877e-02;1.1750000e+02;6.4640313e-02;1.1750000e+02;7.9706162e-02;1.1750000e+02;9.5606580e-02;1.1750000e+02;1.1179527e-01;1.1750000e+02;1.2169639e-01;1.1750000e+02;1.3174774e-01;1.1750000e+02;1.5513481e-01;1.1750000e+02;1.8873987e-01;1.1750000e+02;2.2529235e-01;1.1750000e+02;2.3960824e-01;1.1750000e+02;2.4310634e-01;1.1750000e+02;2.3811059e-01;1.1750000e+02;2.2550507e-01;1.1750000e+02;1.6650187e-02;1.1750000e+02;2.2055836e-02;1.1750000e+02;2.9694866e-02;1.1750000e+02;3.9489493e-02;1.1750000e+02;5.1244877e-02;1.1750000e+02;6.4640313e-02;1.1750000e+02;7.9706162e-02;1.1750000e+02;9.5606580e-02;1.1750000e+02;1.1179527e-01;1.1750000e+02;1.2169639e-01;1.1750000e+02;1.3174774e-01;1.1750000e+02;1.5513481e-01;1.1750000e+02;1.8873987e-01;1.1750000e+02;2.2529235e-01;1.1750000e+02;2.3960824e-01;1.1750000e+02;2.4310634e-01;1.1750000e+02;2.3811059e-01;1.1750000e+02;2.2550507e-01;1.1750000e+02;1.6650187e-02;1.1750000e+02;2.2055836e-02;1.1750000e+02;2.9694866e-02;1.1750000e+02;3.9489493e-02;1.1750000e+02;5.1244877e-02;1.1750000e+02;6.4640313e-02;1.1750000e+02;7.9706162e-02;1.1750000e+02;9.5606580e-02;1.1750000e+02;1.1179527e-01;1.1750000e+02;1.2169639e-01;1.1750000e+02;1.3174774e-01;1.1750000e+02;1.5513481e-01;1.1750000e+02;1.8873987e-01;1.1750000e+02;2.2529235e-01;1.1750000e+02;2.3960824e-01;1.1750000e+02;2.4310634e-01;1.1750000e+02;2.3811059e-01;1.1750000e+02;2.2550507e-01;1.1750000e+02;1.6650187e-02;1.1750000e+02;2.2055836e-02;1.1750000e+02;2.9694866e-02;1.1750000e+02;3.9489493e-02;1.1750000e+02;5.1244877e-02;1.1750000e+02;6.4640313e-02;1.1750000e+02;7.9706162e-02;1.1750000e+02;9.5606580e-02;1.1750000e+02;1.1179527e-01;1.1750000e+02;1.2169639e-01;1.1750000e+02;1.3174774e-01;1.1750000e+02;1.5513481e-01;1.1750000e+02;1.8873987e-01;1.1750000e+02;2.2529235e-01;1.1750000e+02;2.3960824e-01;1.1750000e+02;2.4310634e-01;1.1750000e+02;2.3811059e-01;1.1750000e+02;2.2550507e-01;1.1750000e+02;1.6650187e-02;1.1750000e+02;2.2055836e-02;1.1750000e+02;2.9694866e-02;1.1750000e+02;3.9489493e-02;1.1750000e+02;5.1244877e-02;1.1750000e+02;6.4640313e-02;1.1750000e+02;7.9706162e-02;1.1750000e+02;9.5606580e-02;1.1750000e+02;1.1179527e-01;1.1750000e+02;1.2169639e-01;1.1750000e+02;1.3174774e-01;1.1750000e+02;1.5513481e-01;1.1750000e+02;1.8873987e-01;1.1750000e+02;2.2529235e-01;1.1750000e+02;2.3960824e-01;1.1750000e+02;2.4310634e-01;1.1750000e+02;2.3811059e-01;1.1750000e+02;2.2550507e-01;1.1750000e+02;1.6650187e-02;1.1750000e+02;2.2055836e-02;1.1750000e+02;2.9694866e-02;1.1750000e+02;3.9489493e-02;1.1750000e+02;5.1244877e-02;1.1750000e+02;6.4640313e-02;1.1750000e+02;7.9706162e-02;1.1750000e+02;9.5606580e-02;1.1750000e+02;1.1179527e-01;1.1750000e+02;1.2169639e-01;1.1750000e+02;1.3174774e-01;1.1750000e+02;1.5513481e-01;1.1750000e+02;1.8873987e-01;1.1750000e+02;2.2529235e-01;1.1750000e+02;2.3960824e-01;1.1750000e+02;2.4310634e-01;1.1750000e+02;2.3811059e-01;1.1750000e+02;2.2550507e-01;1.1750000e+02;1.6650187e-02;1.1750000e+02;2.2055836e-02;1.1750000e+02;2.9694866e-02;1.1750000e+02;3.9489493e-02;1.1750000e+02;5.1244877e-02;1.1750000e+02;6.4640313e-02;1.1750000e+02;7.9706162e-02;1.1750000e+02;9.5606580e-02;1.1750000e+02;1.1179527e-01;1.1750000e+02;1.2169639e-01;1.1750000e+02;1.3174774e-01;1.1750000e+02;1.5513481e-01;1.1750000e+02;1.8873987e-01;1.1750000e+02;2.2529235e-01;1.1750000e+02;2.3960824e-01;1.1750000e+02;2.4310634e-01;1.1750000e+02;2.3811059e-01;1.1750000e+02;2.2550507e-01;1.1750000e+02;1.6650187e-02;1.1750000e+02;2.2055836e-02;1.1750000e+02;2.9694866e-02;1.1750000e+02;3.9489493e-02;1.1750000e+02;5.1244877e-02;1.1750000e+02;6.4640313e-02;1.1750000e+02;7.9706162e-02;1.1750000e+02;9.5606580e-02;1.1750000e+02;1.1179527e-01;1.1750000e+02;1.2169639e-01;1.1750000e+02;1.3174774e-01;1.1750000e+02;1.5513481e-01;1.1750000e+02;1.8873987e-01;1.1750000e+02;2.2529235e-01;1.1750000e+02;2.3960824e-01;1.1750000e+02;2.4310634e-01;1.1750000e+02;2.3811059e-01;1.1750000e+02;2.2550507e-01;1.1750000e+02;1.6650187e-02;1.1750000e+02;2.2055836e-02;1.1750000e+02;2.9694866e-02;1.1750000e+02;3.9489493e-02;1.1750000e+02;5.1244877e-02;1.1750000e+02;6.4640313e-02;1.1750000e+02;7.9706162e-02;1.1750000e+02;9.5606580e-02;1.1750000e+02;1.1179527e-01;1.1750000e+02;1.2169639e-01;1.1750000e+02;1.3174774e-01;1.1750000e+02;1.5513481e-01;1.1750000e+02;1.8873987e-01;1.1750000e+02;2.2529235e-01;1.1750000e+02;2.3960824e-01;1.1750000e+02;2.4310634e-01;1.1750000e+02;2.3811059e-01;1.1750000e+02;2.2550507e-01;1.1750000e+02;1.6650187e-02;1.1750000e+02;2.2055836e-02;1.1750000e+02;2.9694866e-02;1.1750000e+02;3.9489493e-02;1.1750000e+02;5.1244877e-02;1.1750000e+02;6.4640313e-02;1.1750000e+02;7.9706162e-02;1.1750000e+02;9.5606580e-02;1.1750000e+02;1.1179527e-01;1.1750000e+02;1.2169639e-01;1.1750000e+02;1.3174774e-01;1.1750000e+02;1.5513481e-01;1.1750000e+02;1.8873987e-01;1.1750000e+02;2.2529235e-01;1.1750000e+02;2.3960824e-01;1.1750000e+02;2.4310634e-01;1.1750000e+02;2.3811059e-01;1.1750000e+02;2.2550507e-01;1.1750000e+02;1.6650187e-02;1.1750000e+02;2.2055836e-02;1.1750000e+02;2.9694866e-02;1.1750000e+02;3.9489493e-02;1.1750000e+02;5.1244877e-02;1.1750000e+02;6.4640313e-02;1.1750000e+02;7.9706162e-02;1.1750000e+02;9.5606580e-02;1.1750000e+02;1.1179527e-01;1.1750000e+02;1.2169639e-01;1.1750000e+02;1.3174774e-01;1.1750000e+02;1.5513481e-01;1.1750000e+02;1.8873987e-01;1.1750000e+02;2.2529235e-01;1.1750000e+02;2.3960824e-01;1.1750000e+02;2.4310634e-01;1.1750000e+02;2.3811059e-01;1.1750000e+02;2.2550507e-01;1.1750000e+02;1.6650187e-02;1.1750000e+02;2.2055836e-02;1.1750000e+02;2.9694866e-02;1.1750000e+02;3.9489493e-02;1.1750000e+02;5.1244877e-02;1.1750000e+02;6.4640313e-02;1.1750000e+02;7.9706162e-02;1.1750000e+02;9.5606580e-02;1.1750000e+02;1.1179527e-01;1.1750000e+02;1.2169639e-01;1.1750000e+02;1.3174774e-01;1.1750000e+02;1.5513481e-01;1.1750000e+02;1.8873987e-01;1.1750000e+02;2.2529235e-01;1.1750000e+02;2.3960824e-01;1.1750000e+02;2.4310634e-01;1.1750000e+02;2.3811059e-01;1.1750000e+02;2.2550507e-01;1.1750000e+02;1.6650187e-02;1.1750000e+02;2.2055836e-02;1.1750000e+02;2.9694866e-02;1.1750000e+02;3.9489493e-02;1.1750000e+02;5.1244877e-02;1.1750000e+02;6.4640313e-02;1.1750000e+02;7.9706162e-02;1.1750000e+02;9.5606580e-02;1.1750000e+02;1.1179527e-01;1.1750000e+02;1.2169639e-01;1.1750000e+02;1.3174774e-01;1.1750000e+02;1.5513481e-01;1.1750000e+02;1.8873987e-01;1.1750000e+02;2.2529235e-01;1.1750000e+02;2.3960824e-01;1.1750000e+02;2.4310634e-01;1.1750000e+02;2.3811059e-01;1.1750000e+02;2.2550507e-01;1.1750000e+02;1.6650187e-02;1.1750000e+02;2.2055836e-02;1.1750000e+02;2.9694866e-02;1.1750000e+02;3.9489493e-02;1.1750000e+02;5.1244877e-02;1.1750000e+02;6.4640313e-02;1.1750000e+02;7.9706162e-02;1.1750000e+02;9.5606580e-02;1.1750000e+02;1.1179527e-01;1.1750000e+02;1.2169639e-01;1.1750000e+02;1.3174774e-01;1.1750000e+02;1.5513481e-01;1.1750000e+02;1.8873987e-01;1.1750000e+02;2.2529235e-01;1.1750000e+02;2.3960824e-01;1.1750000e+02;2.4310634e-01;1.1750000e+02;2.3811059e-01;1.1750000e+02;2.2550507e-01;1.1750000e+02;1.6650187e-02;1.1750000e+02;2.2055836e-02;1.1750000e+02;2.9694866e-02;1.1750000e+02;3.9489493e-02;1.1750000e+02;5.1244877e-02;1.1750000e+02;6.4640313e-02;1.1750000e+02;7.9706162e-02;1.1750000e+02;9.5606580e-02;1.1750000e+02;1.1179527e-01;1.1750000e+02;1.2169639e-01;1.1750000e+02;1.3174774e-01;1.1750000e+02;1.5513481e-01;1.1750000e+02;1.8873987e-01;1.1750000e+02;2.2529235e-01;1.1750000e+02;2.3960824e-01;1.1750000e+02;2.4310634e-01;1.1750000e+02;2.3811059e-01;1.1750000e+02;2.2550507e-01;1.1750000e+02;1.6650187e-02;1.1750000e+02;2.2055836e-02;1.1750000e+02;2.9694866e-02;1.1750000e+02;3.9489493e-02;1.1750000e+02;5.1244877e-02;1.1750000e+02;6.4640313e-02;1.1750000e+02;7.9706162e-02;1.1750000e+02;9.5606580e-02;1.1750000e+02;1.1179527e-01;1.1750000e+02;1.2169639e-01;1.1750000e+02;1.3174774e-01;1.1750000e+02;1.5513481e-01;1.1750000e+02;1.8873987e-01;1.1750000e+02;2.2529235e-01;1.1750000e+02;2.3960824e-01;1.1750000e+02;2.4310634e-01;1.1750000e+02;2.3811059e-01;1.1750000e+02;2.2550507e-01;1.1750000e+02;1.6650187e-02;1.1750000e+02;2.2055836e-02;1.1750000e+02;2.9694866e-02;1.1750000e+02;3.9489493e-02;1.1750000e+02;5.1244877e-02;1.1750000e+02;6.4640313e-02;1.1750000e+02;7.9706162e-02;1.1750000e+02;9.5606580e-02;1.1750000e+02;1.1179527e-01;1.1750000e+02;1.2169639e-01;1.1750000e+02;1.3174774e-01;1.1750000e+02;1.5513481e-01;1.1750000e+02;1.8873987e-01;1.1750000e+02;2.2529235e-01;1.1750000e+02;2.3960824e-01;1.1750000e+02;2.4310634e-01;1.1750000e+02;2.3811059e-01;1.1750000e+02;2.2550507e-01;1.1750000e+02;1.6650187e-02;1.1750000e+02;2.2055836e-02;1.1750000e+02;2.9694866e-02;1.1750000e+02;3.9489493e-02;1.1750000e+02;5.1244877e-02;1.1750000e+02;6.4640313e-02;1.1750000e+02;7.9706162e-02;1.1750000e+02;9.5606580e-02;1.1750000e+02;1.1179527e-01;1.1750000e+02;1.2169639e-01;1.1750000e+02;1.3174774e-01;1.1750000e+02;1.5513481e-01;1.1750000e+02;1.8873987e-01;1.1750000e+02;2.2529235e-01;1.1750000e+02;2.3960824e-01;1.1750000e+02;2.4310634e-01;1.1750000e+02;2.3811059e-01;1.1750000e+02;2.2550507e-01;1.1750000e+02;1.6650187e-02;1.1750000e+02;2.2055836e-02;1.1750000e+02;2.9694866e-02;1.1750000e+02;3.9489493e-02;1.1750000e+02;5.1244877e-02;1.1750000e+02;6.4640313e-02;1.1750000e+02;7.9706162e-02;1.1750000e+02;9.5606580e-02;1.1750000e+02;1.1179527e-01;1.1750000e+02;1.2169639e-01;1.1750000e+02;1.3174774e-01;1.1750000e+02;1.5513481e-01;1.1750000e+02;1.8873987e-01;1.1750000e+02;2.2529235e-01;1.1750000e+02;2.3960824e-01;1.1750000e+02;2.4310634e-01;1.1750000e+02;2.3811059e-01;1.1750000e+02;2.2550507e-01;1.1750000e+02;1.6650187e-02;1.1750000e+02;2.2055836e-02;1.1750000e+02;2.9694866e-02;1.1750000e+02;3.9489493e-02;1.1750000e+02;5.1244877e-02;1.1750000e+02;6.4640313e-02;1.1750000e+02;7.9706162e-02;1.1750000e+02;9.5606580e-02;1.1750000e+02;1.1179527e-01;1.1750000e+02;1.2169639e-01;1.1750000e+02;1.3174774e-01;1.1750000e+02;1.5513481e-01;1.1750000e+02;1.8873987e-01;1.1750000e+02;2.2529235e-01;1.1750000e+02;2.3960824e-01;1.1750000e+02;2.4310634e-01;1.1750000e+02;2.3811059e-01;1.1750000e+02;2.2550507e-01;1.1750000e+02;1.6650187e-02;1.1750000e+02;2.2055836e-02;1.1750000e+02;2.9694866e-02;1.1750000e+02;3.9489493e-02;1.1750000e+02;5.1244877e-02;1.1750000e+02;6.4640313e-02;1.1750000e+02;7.9706162e-02;1.1750000e+02;9.5606580e-02;1.1750000e+02;1.1179527e-01;1.1750000e+02;1.2169639e-01;1.1750000e+02;1.3174774e-01;1.1750000e+02;1.5513481e-01;1.1750000e+02;1.8873987e-01;1.1750000e+02;2.2529235e-01;1.1750000e+02;2.3960824e-01;1.1750000e+02;2.4310634e-01;1.1750000e+02;2.3811059e-01;1.1750000e+02;2.2550507e-01;1.1750000e+02;1.6650187e-02;1.1750000e+02;2.2055836e-02;1.1750000e+02;2.9694866e-02;1.1750000e+02;3.9489493e-02;1.1750000e+02;5.1244877e-02;1.1750000e+02;6.4640313e-02;1.1750000e+02;7.9706162e-02;1.1750000e+02;9.5606580e-02;1.1750000e+02;1.1179527e-01;1.1750000e+02;1.2169639e-01;1.1750000e+02;1.3174774e-01;1.1750000e+02;1.5513481e-01;1.1750000e+02;1.8873987e-01;1.1750000e+02;2.2529235e-01;1.1750000e+02;2.3960824e-01;1.1750000e+02;2.4310634e-01;1.1750000e+02;2.3811059e-01;1.1750000e+02;2.2550507e-01;1.1750000e+02;1.6650187e-02;1.1750000e+02;2.2055836e-02;1.1750000e+02;2.9694866e-02;1.1750000e+02;3.9489493e-02;1.1750000e+02;5.1244877e-02;1.1750000e+02;6.4640313e-02;1.1750000e+02;7.9706162e-02;1.1750000e+02;9.5606580e-02;1.1750000e+02;1.1179527e-01;1.1750000e+02;1.2169639e-01;1.1750000e+02;1.3174774e-01;1.1750000e+02;1.5513481e-01;1.1750000e+02;1.8873987e-01;1.1750000e+02;2.2529235e-01;1.1750000e+02;2.3960824e-01;1.1750000e+02;2.4310634e-01;1.1750000e+02;2.3811059e-01;1.1750000e+02;2.2550507e-01;1.1750000e+02;1.6650187e-02;1.1750000e+02;2.2055836e-02;1.1750000e+02;2.9694866e-02;1.1750000e+02;3.9489493e-02;1.1750000e+02;5.1244877e-02;1.1750000e+02;6.4640313e-02;1.1750000e+02;7.9706162e-02;1.1750000e+02;9.5606580e-02;1.1750000e+02;1.1179527e-01;1.1750000e+02;1.2169639e-01;1.1750000e+02;1.3174774e-01;1.1750000e+02;1.5513481e-01;1.1750000e+02;1.8873987e-01;1.1750000e+02;2.2529235e-01;1.1750000e+02;2.3960824e-01;1.1750000e+02;2.4310634e-01;1.1750000e+02;2.3811059e-01;1.1750000e+02;2.2550507e-01;1.1750000e+02;1.6650187e-02;1.1750000e+02;2.2055836e-02;1.1750000e+02;2.9694866e-02;1.1750000e+02;3.9489493e-02;1.1750000e+02;5.1244877e-02;1.1750000e+02;6.4640313e-02;1.1750000e+02;7.9706162e-02;1.1750000e+02;9.5606580e-02;1.1750000e+02;1.1179527e-01;1.1750000e+02;1.2169639e-01;1.1750000e+02;1.3174774e-01;1.1750000e+02;1.5513481e-01;1.1750000e+02;1.8873987e-01;1.1750000e+02;2.2529235e-01;1.1750000e+02;2.3960824e-01;1.1750000e+02;2.4310634e-01;1.1750000e+02;2.3811059e-01;1.1750000e+02;2.2550507e-01;1.1750000e+02;1.6650187e-02;1.1750000e+02;2.2055836e-02;1.1750000e+02;2.9694866e-02;1.1750000e+02;3.9489493e-02;1.1750000e+02;5.1244877e-02;1.1750000e+02;6.4640313e-02;1.1750000e+02;7.9706162e-02;1.1750000e+02;9.5606580e-02;1.1750000e+02;1.1179527e-01;1.1750000e+02;1.2169639e-01;1.1750000e+02;1.3174774e-01;1.1750000e+02;1.5513481e-01;1.1750000e+02;1.8873987e-01;1.1750000e+02;2.2529235e-01;1.1750000e+02;2.3960824e-01;1.1750000e+02;2.4310634e-01;1.1750000e+02;2.3811059e-01;1.1750000e+02;2.2550507e-01;1.1750000e+02;1.6650187e-02;1.1750000e+02;2.2055836e-02;1.1750000e+02;2.9694866e-02;1.1750000e+02;3.9489493e-02;1.1750000e+02;5.1244877e-02;1.1750000e+02;6.4640313e-02;1.1750000e+02;7.9706162e-02;1.1750000e+02;9.5606580e-02;1.1750000e+02;1.1179527e-01;1.1750000e+02;1.2169639e-01;1.1750000e+02;1.3174774e-01;1.1750000e+02;1.5513481e-01;1.1750000e+02;1.8873987e-01;1.1750000e+02;2.2529235e-01;1.1750000e+02;2.3960824e-01;1.1750000e+02;2.4310634e-01;1.1750000e+02;2.3811059e-01;1.1750000e+02;2.2550507e-01;1.1750000e+02;1.6650187e-02;1.1750000e+02;2.2055836e-02;1.1750000e+02;2.9694866e-02;1.1750000e+02;3.9489493e-02;1.1750000e+02;5.1244877e-02;1.1750000e+02;6.4640313e-02;1.1750000e+02;7.9706162e-02;1.1750000e+02;9.5606580e-02;1.1750000e+02;1.1179527e-01;1.1750000e+02;1.2169639e-01;1.1750000e+02;1.3174774e-01;1.1750000e+02;1.5513481e-01;1.1750000e+02;1.8873987e-01;1.1750000e+02;2.2529235e-01;1.1750000e+02;2.3960824e-01;1.1750000e+02;2.4310634e-01;1.1750000e+02;2.3811059e-01;1.1750000e+02;2.2550507e-01;1.1750000e+02;1.6650187e-02;1.1750000e+02;2.2055836e-02;1.1750000e+02;2.9694866e-02;1.1750000e+02;3.9489493e-02;1.1750000e+02;5.1244877e-02;1.1750000e+02;6.4640313e-02;1.1750000e+02;7.9706162e-02;1.1750000e+02;9.5606580e-02;1.1750000e+02;1.1179527e-01;1.1750000e+02;1.2169639e-01;1.1750000e+02;1.3174774e-01;1.1750000e+02;1.5513481e-01;1.1750000e+02;1.8873987e-01;1.1750000e+02;2.2529235e-01;1.1750000e+02;2.3960824e-01;1.1750000e+02;2.4310634e-01;1.1750000e+02;2.3811059e-01;1.1750000e+02;2.2550507e-01;1.1750000e+02;1.6650187e-02;1.1750000e+02;2.2055836e-02;1.1750000e+02;2.9694866e-02;1.1750000e+02;3.9489493e-02;1.1750000e+02;5.1244877e-02;1.1750000e+02;6.4640313e-02;1.1750000e+02;7.9706162e-02;1.1750000e+02;9.5606580e-02;1.1750000e+02;1.1179527e-01;1.1750000e+02;1.2169639e-01;1.1750000e+02;1.3174774e-01;1.1750000e+02;1.5513481e-01;1.1750000e+02;1.8873987e-01;1.1750000e+02;2.2529235e-01;1.1750000e+02;2.3960824e-01;1.1750000e+02;2.4310634e-01;1.1750000e+02;2.3811059e-01;1.1750000e+02;2.2550507e-01;1.1750000e+02;1.6650187e-02;1.1750000e+02;2.2055836e-02;1.1750000e+02;2.9694866e-02;1.1750000e+02;3.9489493e-02;1.1750000e+02;5.1244877e-02;1.1750000e+02;6.4640313e-02;1.1750000e+02;7.9706162e-02;1.1750000e+02;9.5606580e-02;1.1750000e+02;1.1179527e-01;1.1750000e+02;1.2169639e-01;1.1750000e+02;1.3174774e-01;1.1750000e+02;1.5513481e-01;1.1750000e+02;1.8873987e-01;1.1750000e+02;2.2529235e-01;1.1750000e+02;2.3960824e-01;1.1750000e+02;2.4310634e-01;1.1750000e+02;2.3811059e-01;1.1750000e+02;2.2550507e-01;1.1750000e+02;1.6650187e-02;1.1750000e+02;2.2055836e-02;1.1750000e+02;2.9694866e-02;1.1750000e+02;3.9489493e-02;1.1750000e+02;5.1244877e-02;1.1750000e+02;6.4640313e-02;1.1750000e+02;7.9706162e-02;1.1750000e+02;9.5606580e-02;1.1750000e+02;1.1179527e-01;1.1750000e+02;1.2169639e-01;1.1750000e+02;1.3174774e-01;1.1750000e+02;1.5513481e-01;1.1750000e+02;1.8873987e-01;1.1750000e+02;2.2529235e-01;1.1750000e+02;2.3960824e-01;1.1750000e+02;2.4310634e-01;1.1750000e+02;2.3811059e-01;1.1750000e+02;2.2550507e-01;1.1750000e+02;1.6650187e-02;1.1750000e+02;2.2055836e-02;1.1750000e+02;2.9694866e-02;1.1750000e+02;3.9489493e-02;1.1750000e+02;5.1244877e-02;1.1750000e+02;6.4640313e-02;1.1750000e+02;7.9706162e-02;1.1750000e+02;9.5606580e-02;1.1750000e+02;1.1179527e-01;1.1750000e+02;1.2169639e-01;1.1750000e+02;1.3174774e-01;1.1750000e+02;1.5513481e-01;1.1750000e+02;1.8873987e-01;1.1750000e+02;2.2529235e-01;1.1750000e+02;2.3960824e-01;1.1750000e+02;2.4310634e-01;1.1750000e+02;2.3811059e-01;1.1750000e+02;2.2550507e-01;1.1750000e+02;1.6650187e-02;1.1750000e+02;2.2055836e-02;1.1750000e+02;2.9694866e-02;1.1750000e+02;3.9489493e-02;1.1750000e+02;5.1244877e-02;1.1750000e+02;6.4640313e-02;1.1750000e+02;7.9706162e-02;1.1750000e+02;9.5606580e-02;1.1750000e+02;1.1179527e-01;1.1750000e+02;1.2169639e-01;1.1750000e+02;1.3174774e-01;1.1750000e+02;1.5513481e-01;1.1750000e+02;1.8873987e-01;1.1750000e+02;2.2529235e-01;1.1750000e+02;2.3960824e-01;1.1750000e+02;2.4310634e-01;1.1750000e+02;2.3811059e-01;1.1750000e+02;2.2550507e-01;1.1750000e+02;1.6650187e-02;1.1750000e+02;2.2055836e-02;1.1750000e+02;2.9694866e-02;1.1750000e+02;3.9489493e-02;1.1750000e+02;5.1244877e-02;1.1750000e+02;6.4640313e-02;1.1750000e+02;7.9706162e-02;1.1750000e+02;9.5606580e-02;1.1750000e+02;1.1179527e-01;1.1750000e+02;1.2169639e-01;1.1750000e+02;1.3174774e-01;1.1750000e+02;1.5513481e-01;1.1750000e+02;1.8873987e-01;1.1750000e+02;2.2529235e-01;1.1750000e+02;2.3960824e-01;1.1750000e+02;2.4310634e-01;1.1750000e+02;2.3811059e-01;1.1750000e+02;2.2550507e-01;1.1750000e+02;1.6650187e-02;1.1750000e+02;2.2055836e-02;1.1750000e+02;2.9694866e-02;1.1750000e+02;3.9489493e-02;1.1750000e+02;5.1244877e-02;1.1750000e+02;6.4640313e-02;1.1750000e+02;7.9706162e-02;1.1750000e+02;9.5606580e-02;1.1750000e+02;1.1179527e-01;1.1750000e+02;1.2169639e-01;1.1750000e+02;1.3174774e-01;1.1750000e+02;1.5513481e-01;1.1750000e+02;1.8873987e-01;1.1750000e+02;2.2529235e-01;1.1750000e+02;2.3960824e-01;1.1750000e+02;2.4310634e-01;1.1750000e+02;2.3811059e-01;1.1750000e+02;2.2550507e-01;1.1750000e+02;1.6650187e-02;1.1750000e+02;2.2055836e-02;1.1750000e+02;2.9694866e-02;1.1750000e+02;3.9489493e-02;1.1750000e+02;5.1244877e-02;1.1750000e+02;6.4640313e-02;1.1750000e+02;7.9706162e-02;1.1750000e+02;9.5606580e-02;1.1750000e+02;1.1179527e-01;1.1750000e+02;1.2169639e-01;1.1750000e+02;1.3174774e-01;1.1750000e+02;1.5513481e-01;1.1750000e+02;1.8873987e-01;1.1750000e+02;2.2529235e-01;1.1750000e+02;2.3960824e-01;1.1750000e+02;2.4310634e-01;1.1750000e+02;2.3811059e-01;1.1750000e+02;2.2550507e-01;1.1750000e+02;1.6650187e-02;1.1750000e+02;2.2055836e-02;1.1750000e+02;2.9694866e-02;1.1750000e+02;3.9489493e-02;1.1750000e+02;5.1244877e-02;1.1750000e+02;6.4640313e-02;1.1750000e+02;7.9706162e-02;1.1750000e+02;9.5606580e-02;1.1750000e+02;1.1179527e-01;1.1750000e+02;1.2169639e-01;1.1750000e+02;1.3174774e-01;1.1750000e+02;1.5513481e-01;1.1750000e+02;1.8873987e-01;1.1750000e+02;2.2529235e-01;1.1750000e+02;2.3960824e-01;1.1750000e+02;2.4310634e-01;1.1750000e+02;2.3811059e-01;1.1750000e+02;2.2550507e-01;1.1750000e+02;1.6650187e-02;1.1750000e+02;2.2055836e-02;1.1750000e+02;2.9694866e-02;1.1750000e+02;3.9489493e-02;1.1750000e+02;5.1244877e-02;1.1750000e+02;6.4640313e-02;1.1750000e+02;7.9706162e-02;1.1750000e+02;9.5606580e-02;1.1750000e+02;1.1179527e-01;1.1750000e+02;1.2169639e-01;1.1750000e+02;1.3174774e-01;1.1750000e+02;1.5513481e-01;1.1750000e+02;1.8873987e-01;1.1750000e+02;2.2529235e-01;1.1750000e+02;2.3960824e-01;1.1750000e+02;2.4310634e-01;1.1750000e+02;2.3811059e-01;1.1750000e+02;2.2550507e-01;1.1750000e+02;1.6650187e-02;1.1750000e+02;2.2055836e-02;1.1750000e+02;2.9694866e-02;1.1750000e+02;3.9489493e-02;1.1750000e+02;5.1244877e-02;1.1750000e+02;6.4640313e-02;1.1750000e+02;7.9706162e-02;1.1750000e+02;9.5606580e-02;1.1750000e+02;1.1179527e-01;1.1750000e+02;1.2169639e-01;1.1750000e+02;1.3174774e-01;1.1750000e+02;1.5513481e-01;1.1750000e+02;1.8873987e-01;1.1750000e+02;2.2529235e-01;1.1750000e+02;2.3960824e-01;1.1750000e+02;2.4310634e-01;1.1750000e+02;2.3811059e-01;1.1750000e+02;2.2550507e-01;1.1750000e+02;1.6650187e-02;1.1750000e+02;2.2055836e-02;1.1750000e+02;2.9694866e-02;1.1750000e+02;3.9489493e-02;1.1750000e+02;5.1244877e-02;1.1750000e+02;6.4640313e-02;1.1750000e+02;7.9706162e-02;1.1750000e+02;9.5606580e-02;1.1750000e+02;1.1179527e-01;1.1750000e+02;1.2169639e-01;1.1750000e+02;1.3174774e-01;1.1750000e+02;1.5513481e-01;1.1750000e+02;1.8873987e-01;1.1750000e+02;2.2529235e-01;1.1750000e+02;2.3960824e-01;1.1750000e+02;2.4310634e-01;1.1750000e+02;2.3811059e-01;1.1750000e+02;2.2550507e-01;1.1750000e+02;1.6650187e-02;1.1750000e+02;2.2055836e-02;1.1750000e+02;2.9694866e-02;1.1750000e+02;3.9489493e-02;1.1750000e+02;5.1244877e-02;1.1750000e+02;6.4640313e-02;1.1750000e+02;7.9706162e-02;1.1750000e+02;9.5606580e-02;1.1750000e+02;1.1179527e-01;1.1750000e+02;1.2169639e-01;1.1750000e+02;1.3174774e-01;1.1750000e+02;1.5513481e-01;1.1750000e+02;1.8873987e-01;1.1750000e+02;2.2529235e-01;1.1750000e+02;2.3960824e-01;1.1750000e+02;2.4310634e-01;1.1750000e+02;2.3811059e-01;1.1750000e+02;2.2550507e-01;1.1750000e+02;1.6650187e-02;1.1750000e+02;2.2055836e-02;1.1750000e+02;2.9694866e-02;1.1750000e+02;3.9489493e-02;1.1750000e+02;5.1244877e-02;1.1750000e+02;6.4640313e-02;1.1750000e+02;7.9706162e-02;1.1750000e+02;9.5606580e-02;1.1750000e+02;1.1179527e-01;1.1750000e+02;1.2169639e-01;1.1750000e+02;1.3174774e-01;1.1750000e+02;1.5513481e-01;1.1750000e+02;1.8873987e-01;1.1750000e+02;2.2529235e-01;1.1750000e+02;2.3960824e-01;1.1750000e+02;2.4310634e-01;1.1750000e+02;2.3811059e-01;1.1750000e+02;2.2550507e-01;1.1750000e+02;1.6650187e-02;1.1750000e+02;2.2055836e-02;1.1750000e+02;2.9694866e-02;1.1750000e+02;3.9489493e-02;1.1750000e+02;5.1244877e-02;1.1750000e+02;6.4640313e-02;1.1750000e+02;7.9706162e-02;1.1750000e+02;9.5606580e-02;1.1750000e+02;1.1179527e-01;1.1750000e+02;1.2169639e-01;1.1750000e+02;1.3174774e-01;1.1750000e+02;1.5513481e-01;1.1750000e+02;1.8873987e-01;1.1750000e+02;2.2529235e-01;1.1750000e+02;2.3960824e-01;1.1750000e+02;2.4310634e-01;1.1750000e+02;2.3811059e-01;1.1750000e+02;2.2550507e-01;1.1750000e+02;1.6650187e-02;1.1750000e+02;2.2055836e-02;1.1750000e+02;2.9694866e-02;1.1750000e+02;3.9489493e-02;1.1750000e+02;5.1244877e-02;1.1750000e+02;6.4640313e-02;1.1750000e+02;7.9706162e-02;1.1750000e+02;9.5606580e-02;1.1750000e+02;1.1179527e-01;1.1750000e+02;1.2169639e-01;1.1750000e+02;1.3174774e-01;1.1750000e+02;1.5513481e-01;1.1750000e+02;1.8873987e-01;1.1750000e+02;2.2529235e-01;1.1750000e+02;2.3960824e-01;1.1750000e+02;2.4310634e-01;1.1750000e+02;2.3811059e-01;1.1750000e+02;2.2550507e-01;1.1750000e+02;1.6650187e-02;1.1750000e+02;2.2055836e-02;1.1750000e+02;2.9694866e-02;1.1750000e+02;3.9489493e-02;1.1750000e+02;5.1244877e-02;1.1750000e+02;6.4640313e-02;1.1750000e+02;7.9706162e-02;1.1750000e+02;9.5606580e-02;1.1750000e+02;1.1179527e-01;1.1750000e+02;1.2169639e-01;1.1750000e+02;1.3174774e-01;1.1750000e+02;1.5513481e-01;1.1750000e+02;1.8873987e-01;1.1750000e+02;2.2529235e-01;1.1750000e+02;2.3960824e-01;1.1750000e+02;2.4310634e-01;1.1750000e+02;2.3811059e-01;1.1750000e+02;2.2550507e-01;1.1750000e+02;1.6650187e-02;1.1750000e+02;2.2055836e-02;1.1750000e+02;2.9694866e-02;1.1750000e+02;3.9489493e-02;1.1750000e+02;5.1244877e-02;1.1750000e+02;6.4640313e-02;1.1750000e+02;7.9706162e-02;1.1750000e+02;9.5606580e-02;1.1750000e+02;1.1179527e-01;1.1750000e+02;1.2169639e-01;1.1750000e+02;1.3174774e-01;1.1750000e+02;1.5513481e-01;1.1750000e+02;1.8873987e-01;1.1750000e+02;2.2529235e-01;1.1750000e+02;2.3960824e-01;1.1750000e+02;2.4310634e-01;1.1750000e+02;2.3811059e-01;1.1750000e+02;2.2550507e-01;1.1750000e+02;1.6650187e-02;1.1750000e+02;2.2055836e-02;1.1750000e+02;2.9694866e-02;1.1750000e+02;3.9489493e-02;1.1750000e+02;5.1244877e-02;1.1750000e+02;6.4640313e-02;1.1750000e+02;7.9706162e-02;1.1750000e+02;9.5606580e-02;1.1750000e+02;1.1179527e-01;1.1750000e+02;1.2169639e-01;1.1750000e+02;1.3174774e-01;1.1750000e+02;1.5513481e-01;1.1750000e+02;1.8873987e-01;1.1750000e+02;2.2529235e-01;1.1750000e+02;2.3960824e-01;1.1750000e+02;2.4310634e-01;1.1750000e+02;2.3811059e-01;1.1750000e+02;2.2550507e-01
1.2250000e+02;1.6204162e-02;1.2250000e+02;2.1381404e-02;1.2250000e+02;2.9187433e-02;1.2250000e+02;3.9070755e-02;1.2250000e+02;5.0712854e-02;1.2250000e+02;6.4348191e-02;1.2250000e+02;7.8993462e-02;1.2250000e+02;9.5236361e-02;1.2250000e+02;1.1156756e-01;1.2250000e+02;1.2199026e-01;1.2250000e+02;1.3294746e-01;1.2250000e+02;1.5791450e-01;1.2250000e+02;1.9125222e-01;1.2250000e+02;2.2518143e-01;1.2250000e+02;2.3776609e-01;1.2250000e+02;2.3975784e-01;1.2250000e+02;2.3341735e-01;1.2250000e+02;2.1955232e-01;1.2250000e+02;1.6204162e-02;1.2250000e+02;2.1381404e-02;1.2250000e+02;2.9187433e-02;1.2250000e+02;3.9070755e-02;1.2250000e+02;5.0712854e-02;1.2250000e+02;6.4348191e-02;1.2250000e+02;7.8993462e-02;1.2250000e+02;9.5236361e-02;1.2250000e+02;1.1156756e-01;1.2250000e+02;1.2199026e-01;1.2250000e+02;1.3294746e-01;1.2250000e+02;1.5791450e-01;1.2250000e+02;1.9125222e-01;1.2250000e+02;2.2518143e-01;1.2250000e+02;2.3776609e-01;1.2250000e+02;2.3975784e-01;1.2250000e+02;2.3341735e-01;1.2250000e+02;2.1955232e-01;1.2250000e+02;1.6204162e-02;1.2250000e+02;2.1381404e-02;1.2250000e+02;2.9187433e-02;1.2250000e+02;3.9070755e-02;1.2250000e+02;5.0712854e-02;1.2250000e+02;6.4348191e-02;1.2250000e+02;7.8993462e-02;1.2250000e+02;9.5236361e-02;1.2250000e+02;1.1156756e-01;1.2250000e+02;1.2199026e-01;1.2250000e+02;1.3294746e-01;1.2250000e+02;1.5791450e-01;1.2250000e+02;1.9125222e-01;1.2250000e+02;2.2518143e-01;1.2250000e+02;2.3776609e-01;1.2250000e+02;2.3975784e-01;1.2250000e+02;2.3341735e-01;1.2250000e+02;2.1955232e-01;1.2250000e+02;1.6204162e-02;1.2250000e+02;2.1381404e-02;1.2250000e+02;2.9187433e-02;1.2250000e+02;3.9070755e-02;1.2250000e+02;5.0712854e-02;1.2250000e+02;6.4348191e-02;1.2250000e+02;7.8993462e-02;1.2250000e+02;9.5236361e-02;1.2250000e+02;1.1156756e-01;1.2250000e+02;1.2199026e-01;1.2250000e+02;1.3294746e-01;1.2250000e+02;1.5791450e-01;1.2250000e+02;1.9125222e-01;1.2250000e+02;2.2518143e-01;1.2250000e+02;2.3776609e-01;1.2250000e+02;2.3975784e-01;1.2250000e+02;2.3341735e-01;1.2250000e+02;2.1955232e-01;1.2250000e+02;1.6204162e-02;1.2250000e+02;2.1381404e-02;1.2250000e+02;2.9187433e-02;1.2250000e+02;3.9070755e-02;1.2250000e+02;5.0712854e-02;1.2250000e+02;6.4348191e-02;1.2250000e+02;7.8993462e-02;1.2250000e+02;9.5236361e-02;1.2250000e+02;1.1156756e-01;1.2250000e+02;1.2199026e-01;1.2250000e+02;1.3294746e-01;1.2250000e+02;1.5791450e-01;1.2250000e+02;1.9125222e-01;1.2250000e+02;2.2518143e-01;1.2250000e+02;2.3776609e-01;1.2250000e+02;2.3975784e-01;1.2250000e+02;2.3341735e-01;1.2250000e+02;2.1955232e-01;1.2250000e+02;1.6204162e-02;1.2250000e+02;2.1381404e-02;1.2250000e+02;2.9187433e-02;1.2250000e+02;3.9070755e-02;1.2250000e+02;5.0712854e-02;1.2250000e+02;6.4348191e-02;1.2250000e+02;7.8993462e-02;1.2250000e+02;9.5236361e-02;1.2250000e+02;1.1156756e-01;1.2250000e+02;1.2199026e-01;1.2250000e+02;1.3294746e-01;1.2250000e+02;1.5791450e-01;1.2250000e+02;1.9125222e-01;1.2250000e+02;2.2518143e-01;1.2250000e+02;2.3776609e-01;1.2250000e+02;2.3975784e-01;1.2250000e+02;2.3341735e-01;1.2250000e+02;2.1955232e-01;1.2250000e+02;1.6204162e-02;1.2250000e+02;2.1381404e-02;1.2250000e+02;2.9187433e-02;1.2250000e+02;3.9070755e-02;1.2250000e+02;5.0712854e-02;1.2250000e+02;6.4348191e-02;1.2250000e+02;7.8993462e-02;1.2250000e+02;9.5236361e-02;1.2250000e+02;1.1156756e-01;1.2250000e+02;1.2199026e-01;1.2250000e+02;1.3294746e-01;1.2250000e+02;1.5791450e-01;1.2250000e+02;1.9125222e-01;1.2250000e+02;2.2518143e-01;1.2250000e+02;2.3776609e-01;1.2250000e+02;2.3975784e-01;1.2250000e+02;2.3341735e-01;1.2250000e+02;2.1955232e-01;1.2250000e+02;1.6204162e-02;1.2250000e+02;2.1381404e-02;1.2250000e+02;2.9187433e-02;1.2250000e+02;3.9070755e-02;1.2250000e+02;5.0712854e-02;1.2250000e+02;6.4348191e-02;1.2250000e+02;7.8993462e-02;1.2250000e+02;9.5236361e-02;1.2250000e+02;1.1156756e-01;1.2250000e+02;1.2199026e-01;1.2250000e+02;1.3294746e-01;1.2250000e+02;1.5791450e-01;1.2250000e+02;1.9125222e-01;1.2250000e+02;2.2518143e-01;1.2250000e+02;2.3776609e-01;1.2250000e+02;2.3975784e-01;1.2250000e+02;2.3341735e-01;1.2250000e+02;2.1955232e-01;1.2250000e+02;1.6204162e-02;1.2250000e+02;2.1381404e-02;1.2250000e+02;2.9187433e-02;1.2250000e+02;3.9070755e-02;1.2250000e+02;5.0712854e-02;1.2250000e+02;6.4348191e-02;1.2250000e+02;7.8993462e-02;1.2250000e+02;9.5236361e-02;1.2250000e+02;1.1156756e-01;1.2250000e+02;1.2199026e-01;1.2250000e+02;1.3294746e-01;1.2250000e+02;1.5791450e-01;1.2250000e+02;1.9125222e-01;1.2250000e+02;2.2518143e-01;1.2250000e+02;2.3776609e-01;1.2250000e+02;2.3975784e-01;1.2250000e+02;2.3341735e-01;1.2250000e+02;2.1955232e-01;1.2250000e+02;1.6204162e-02;1.2250000e+02;2.1381404e-02;1.2250000e+02;2.9187433e-02;1.2250000e+02;3.9070755e-02;1.2250000e+02;5.0712854e-02;1.2250000e+02;6.4348191e-02;1.2250000e+02;7.8993462e-02;1.2250000e+02;9.5236361e-02;1.2250000e+02;1.1156756e-01;1.2250000e+02;1.2199026e-01;1.2250000e+02;1.3294746e-01;1.2250000e+02;1.5791450e-01;1.2250000e+02;1.9125222e-01;1.2250000e+02;2.2518143e-01;1.2250000e+02;2.3776609e-01;1.2250000e+02;2.3975784e-01;1.2250000e+02;2.3341735e-01;1.2250000e+02;2.1955232e-01;1.2250000e+02;1.6204162e-02;1.2250000e+02;2.1381404e-02;1.2250000e+02;2.9187433e-02;1.2250000e+02;3.9070755e-02;1.2250000e+02;5.0712854e-02;1.2250000e+02;6.4348191e-02;1.2250000e+02;7.8993462e-02;1.2250000e+02;9.5236361e-02;1.2250000e+02;1.1156756e-01;1.2250000e+02;1.2199026e-01;1.2250000e+02;1.3294746e-01;1.2250000e+02;1.5791450e-01;1.2250000e+02;1.9125222e-01;1.2250000e+02;2.2518143e-01;1.2250000e+02;2.3776609e-01;1.2250000e+02;2.3975784e-01;1.2250000e+02;2.3341735e-01;1.2250000e+02;2.1955232e-01;1.2250000e+02;1.6204162e-02;1.2250000e+02;2.1381404e-02;1.2250000e+02;2.9187433e-02;1.2250000e+02;3.9070755e-02;1.2250000e+02;5.0712854e-02;1.2250000e+02;6.4348191e-02;1.2250000e+02;7.8993462e-02;1.2250000e+02;9.5236361e-02;1.2250000e+02;1.1156756e-01;1.2250000e+02;1.2199026e-01;1.2250000e+02;1.3294746e-01;1.2250000e+02;1.5791450e-01;1.2250000e+02;1.9125222e-01;1.2250000e+02;2.2518143e-01;1.2250000e+02;2.3776609e-01;1.2250000e+02;2.3975784e-01;1.2250000e+02;2.3341735e-01;1.2250000e+02;2.1955232e-01;1.2250000e+02;1.6204162e-02;1.2250000e+02;2.1381404e-02;1.2250000e+02;2.9187433e-02;1.2250000e+02;3.9070755e-02;1.2250000e+02;5.0712854e-02;1.2250000e+02;6.4348191e-02;1.2250000e+02;7.8993462e-02;1.2250000e+02;9.5236361e-02;1.2250000e+02;1.1156756e-01;1.2250000e+02;1.2199026e-01;1.2250000e+02;1.3294746e-01;1.2250000e+02;1.5791450e-01;1.2250000e+02;1.9125222e-01;1.2250000e+02;2.2518143e-01;1.2250000e+02;2.3776609e-01;1.2250000e+02;2.3975784e-01;1.2250000e+02;2.3341735e-01;1.2250000e+02;2.1955232e-01;1.2250000e+02;1.6204162e-02;1.2250000e+02;2.1381404e-02;1.2250000e+02;2.9187433e-02;1.2250000e+02;3.9070755e-02;1.2250000e+02;5.0712854e-02;1.2250000e+02;6.4348191e-02;1.2250000e+02;7.8993462e-02;1.2250000e+02;9.5236361e-02;1.2250000e+02;1.1156756e-01;1.2250000e+02;1.2199026e-01;1.2250000e+02;1.3294746e-01;1.2250000e+02;1.5791450e-01;1.2250000e+02;1.9125222e-01;1.2250000e+02;2.2518143e-01;1.2250000e+02;2.3776609e-01;1.2250000e+02;2.3975784e-01;1.2250000e+02;2.3341735e-01;1.2250000e+02;2.1955232e-01;1.2250000e+02;1.6204162e-02;1.2250000e+02;2.1381404e-02;1.2250000e+02;2.9187433e-02;1.2250000e+02;3.9070755e-02;1.2250000e+02;5.0712854e-02;1.2250000e+02;6.4348191e-02;1.2250000e+02;7.8993462e-02;1.2250000e+02;9.5236361e-02;1.2250000e+02;1.1156756e-01;1.2250000e+02;1.2199026e-01;1.2250000e+02;1.3294746e-01;1.2250000e+02;1.5791450e-01;1.2250000e+02;1.9125222e-01;1.2250000e+02;2.2518143e-01;1.2250000e+02;2.3776609e-01;1.2250000e+02;2.3975784e-01;1.2250000e+02;2.3341735e-01;1.2250000e+02;2.1955232e-01;1.2250000e+02;1.6204162e-02;1.2250000e+02;2.1381404e-02;1.2250000e+02;2.9187433e-02;1.2250000e+02;3.9070755e-02;1.2250000e+02;5.0712854e-02;1.2250000e+02;6.4348191e-02;1.2250000e+02;7.8993462e-02;1.2250000e+02;9.5236361e-02;1.2250000e+02;1.1156756e-01;1.2250000e+02;1.2199026e-01;1.2250000e+02;1.3294746e-01;1.2250000e+02;1.5791450e-01;1.2250000e+02;1.9125222e-01;1.2250000e+02;2.2518143e-01;1.2250000e+02;2.3776609e-01;1.2250000e+02;2.3975784e-01;1.2250000e+02;2.3341735e-01;1.2250000e+02;2.1955232e-01;1.2250000e+02;1.6204162e-02;1.2250000e+02;2.1381404e-02;1.2250000e+02;2.9187433e-02;1.2250000e+02;3.9070755e-02;1.2250000e+02;5.0712854e-02;1.2250000e+02;6.4348191e-02;1.2250000e+02;7.8993462e-02;1.2250000e+02;9.5236361e-02;1.2250000e+02;1.1156756e-01;1.2250000e+02;1.2199026e-01;1.2250000e+02;1.3294746e-01;1.2250000e+02;1.5791450e-01;1.2250000e+02;1.9125222e-01;1.2250000e+02;2.2518143e-01;1.2250000e+02;2.3776609e-01;1.2250000e+02;2.3975784e-01;1.2250000e+02;2.3341735e-01;1.2250000e+02;2.1955232e-01;1.2250000e+02;1.6204162e-02;1.2250000e+02;2.1381404e-02;1.2250000e+02;2.9187433e-02;1.2250000e+02;3.9070755e-02;1.2250000e+02;5.0712854e-02;1.2250000e+02;6.4348191e-02;1.2250000e+02;7.8993462e-02;1.2250000e+02;9.5236361e-02;1.2250000e+02;1.1156756e-01;1.2250000e+02;1.2199026e-01;1.2250000e+02;1.3294746e-01;1.2250000e+02;1.5791450e-01;1.2250000e+02;1.9125222e-01;1.2250000e+02;2.2518143e-01;1.2250000e+02;2.3776609e-01;1.2250000e+02;2.3975784e-01;1.2250000e+02;2.3341735e-01;1.2250000e+02;2.1955232e-01;1.2250000e+02;1.6204162e-02;1.2250000e+02;2.1381404e-02;1.2250000e+02;2.9187433e-02;1.2250000e+02;3.9070755e-02;1.2250000e+02;5.0712854e-02;1.2250000e+02;6.4348191e-02;1.2250000e+02;7.8993462e-02;1.2250000e+02;9.5236361e-02;1.2250000e+02;1.1156756e-01;1.2250000e+02;1.2199026e-01;1.2250000e+02;1.3294746e-01;1.2250000e+02;1.5791450e-01;1.2250000e+02;1.9125222e-01;1.2250000e+02;2.2518143e-01;1.2250000e+02;2.3776609e-01;1.2250000e+02;2.3975784e-01;1.2250000e+02;2.3341735e-01;1.2250000e+02;2.1955232e-01;1.2250000e+02;1.6204162e-02;1.2250000e+02;2.1381404e-02;1.2250000e+02;2.9187433e-02;1.2250000e+02;3.9070755e-02;1.2250000e+02;5.0712854e-02;1.2250000e+02;6.4348191e-02;1.2250000e+02;7.8993462e-02;1.2250000e+02;9.5236361e-02;1.2250000e+02;1.1156756e-01;1.2250000e+02;1.2199026e-01;1.2250000e+02;1.3294746e-01;1.2250000e+02;1.5791450e-01;1.2250000e+02;1.9125222e-01;1.2250000e+02;2.2518143e-01;1.2250000e+02;2.3776609e-01;1.2250000e+02;2.3975784e-01;1.2250000e+02;2.3341735e-01;1.2250000e+02;2.1955232e-01;1.2250000e+02;1.6204162e-02;1.2250000e+02;2.1381404e-02;1.2250000e+02;2.9187433e-02;1.2250000e+02;3.9070755e-02;1.2250000e+02;5.0712854e-02;1.2250000e+02;6.4348191e-02;1.2250000e+02;7.8993462e-02;1.2250000e+02;9.5236361e-02;1.2250000e+02;1.1156756e-01;1.2250000e+02;1.2199026e-01;1.2250000e+02;1.3294746e-01;1.2250000e+02;1.5791450e-01;1.2250000e+02;1.9125222e-01;1.2250000e+02;2.2518143e-01;1.2250000e+02;2.3776609e-01;1.2250000e+02;2.3975784e-01;1.2250000e+02;2.3341735e-01;1.2250000e+02;2.1955232e-01;1.2250000e+02;1.6204162e-02;1.2250000e+02;2.1381404e-02;1.2250000e+02;2.9187433e-02;1.2250000e+02;3.9070755e-02;1.2250000e+02;5.0712854e-02;1.2250000e+02;6.4348191e-02;1.2250000e+02;7.8993462e-02;1.2250000e+02;9.5236361e-02;1.2250000e+02;1.1156756e-01;1.2250000e+02;1.2199026e-01;1.2250000e+02;1.3294746e-01;1.2250000e+02;1.5791450e-01;1.2250000e+02;1.9125222e-01;1.2250000e+02;2.2518143e-01;1.2250000e+02;2.3776609e-01;1.2250000e+02;2.3975784e-01;1.2250000e+02;2.3341735e-01;1.2250000e+02;2.1955232e-01;1.2250000e+02;1.6204162e-02;1.2250000e+02;2.1381404e-02;1.2250000e+02;2.9187433e-02;1.2250000e+02;3.9070755e-02;1.2250000e+02;5.0712854e-02;1.2250000e+02;6.4348191e-02;1.2250000e+02;7.8993462e-02;1.2250000e+02;9.5236361e-02;1.2250000e+02;1.1156756e-01;1.2250000e+02;1.2199026e-01;1.2250000e+02;1.3294746e-01;1.2250000e+02;1.5791450e-01;1.2250000e+02;1.9125222e-01;1.2250000e+02;2.2518143e-01;1.2250000e+02;2.3776609e-01;1.2250000e+02;2.3975784e-01;1.2250000e+02;2.3341735e-01;1.2250000e+02;2.1955232e-01;1.2250000e+02;1.6204162e-02;1.2250000e+02;2.1381404e-02;1.2250000e+02;2.9187433e-02;1.2250000e+02;3.9070755e-02;1.2250000e+02;5.0712854e-02;1.2250000e+02;6.4348191e-02;1.2250000e+02;7.8993462e-02;1.2250000e+02;9.5236361e-02;1.2250000e+02;1.1156756e-01;1.2250000e+02;1.2199026e-01;1.2250000e+02;1.3294746e-01;1.2250000e+02;1.5791450e-01;1.2250000e+02;1.9125222e-01;1.2250000e+02;2.2518143e-01;1.2250000e+02;2.3776609e-01;1.2250000e+02;2.3975784e-01;1.2250000e+02;2.3341735e-01;1.2250000e+02;2.1955232e-01;1.2250000e+02;1.6204162e-02;1.2250000e+02;2.1381404e-02;1.2250000e+02;2.9187433e-02;1.2250000e+02;3.9070755e-02;1.2250000e+02;5.0712854e-02;1.2250000e+02;6.4348191e-02;1.2250000e+02;7.8993462e-02;1.2250000e+02;9.5236361e-02;1.2250000e+02;1.1156756e-01;1.2250000e+02;1.2199026e-01;1.2250000e+02;1.3294746e-01;1.2250000e+02;1.5791450e-01;1.2250000e+02;1.9125222e-01;1.2250000e+02;2.2518143e-01;1.2250000e+02;2.3776609e-01;1.2250000e+02;2.3975784e-01;1.2250000e+02;2.3341735e-01;1.2250000e+02;2.1955232e-01;1.2250000e+02;1.6204162e-02;1.2250000e+02;2.1381404e-02;1.2250000e+02;2.9187433e-02;1.2250000e+02;3.9070755e-02;1.2250000e+02;5.0712854e-02;1.2250000e+02;6.4348191e-02;1.2250000e+02;7.8993462e-02;1.2250000e+02;9.5236361e-02;1.2250000e+02;1.1156756e-01;1.2250000e+02;1.2199026e-01;1.2250000e+02;1.3294746e-01;1.2250000e+02;1.5791450e-01;1.2250000e+02;1.9125222e-01;1.2250000e+02;2.2518143e-01;1.2250000e+02;2.3776609e-01;1.2250000e+02;2.3975784e-01;1.2250000e+02;2.3341735e-01;1.2250000e+02;2.1955232e-01;1.2250000e+02;1.6204162e-02;1.2250000e+02;2.1381404e-02;1.2250000e+02;2.9187433e-02;1.2250000e+02;3.9070755e-02;1.2250000e+02;5.0712854e-02;1.2250000e+02;6.4348191e-02;1.2250000e+02;7.8993462e-02;1.2250000e+02;9.5236361e-02;1.2250000e+02;1.1156756e-01;1.2250000e+02;1.2199026e-01;1.2250000e+02;1.3294746e-01;1.2250000e+02;1.5791450e-01;1.2250000e+02;1.9125222e-01;1.2250000e+02;2.2518143e-01;1.2250000e+02;2.3776609e-01;1.2250000e+02;2.3975784e-01;1.2250000e+02;2.3341735e-01;1.2250000e+02;2.1955232e-01;1.2250000e+02;1.6204162e-02;1.2250000e+02;2.1381404e-02;1.2250000e+02;2.9187433e-02;1.2250000e+02;3.9070755e-02;1.2250000e+02;5.0712854e-02;1.2250000e+02;6.4348191e-02;1.2250000e+02;7.8993462e-02;1.2250000e+02;9.5236361e-02;1.2250000e+02;1.1156756e-01;1.2250000e+02;1.2199026e-01;1.2250000e+02;1.3294746e-01;1.2250000e+02;1.5791450e-01;1.2250000e+02;1.9125222e-01;1.2250000e+02;2.2518143e-01;1.2250000e+02;2.3776609e-01;1.2250000e+02;2.3975784e-01;1.2250000e+02;2.3341735e-01;1.2250000e+02;2.1955232e-01;1.2250000e+02;1.6204162e-02;1.2250000e+02;2.1381404e-02;1.2250000e+02;2.9187433e-02;1.2250000e+02;3.9070755e-02;1.2250000e+02;5.0712854e-02;1.2250000e+02;6.4348191e-02;1.2250000e+02;7.8993462e-02;1.2250000e+02;9.5236361e-02;1.2250000e+02;1.1156756e-01;1.2250000e+02;1.2199026e-01;1.2250000e+02;1.3294746e-01;1.2250000e+02;1.5791450e-01;1.2250000e+02;1.9125222e-01;1.2250000e+02;2.2518143e-01;1.2250000e+02;2.3776609e-01;1.2250000e+02;2.3975784e-01;1.2250000e+02;2.3341735e-01;1.2250000e+02;2.1955232e-01;1.2250000e+02;1.6204162e-02;1.2250000e+02;2.1381404e-02;1.2250000e+02;2.9187433e-02;1.2250000e+02;3.9070755e-02;1.2250000e+02;5.0712854e-02;1.2250000e+02;6.4348191e-02;1.2250000e+02;7.8993462e-02;1.2250000e+02;9.5236361e-02;1.2250000e+02;1.1156756e-01;1.2250000e+02;1.2199026e-01;1.2250000e+02;1.3294746e-01;1.2250000e+02;1.5791450e-01;1.2250000e+02;1.9125222e-01;1.2250000e+02;2.2518143e-01;1.2250000e+02;2.3776609e-01;1.2250000e+02;2.3975784e-01;1.2250000e+02;2.3341735e-01;1.2250000e+02;2.1955232e-01;1.2250000e+02;1.6204162e-02;1.2250000e+02;2.1381404e-02;1.2250000e+02;2.9187433e-02;1.2250000e+02;3.9070755e-02;1.2250000e+02;5.0712854e-02;1.2250000e+02;6.4348191e-02;1.2250000e+02;7.8993462e-02;1.2250000e+02;9.5236361e-02;1.2250000e+02;1.1156756e-01;1.2250000e+02;1.2199026e-01;1.2250000e+02;1.3294746e-01;1.2250000e+02;1.5791450e-01;1.2250000e+02;1.9125222e-01;1.2250000e+02;2.2518143e-01;1.2250000e+02;2.3776609e-01;1.2250000e+02;2.3975784e-01;1.2250000e+02;2.3341735e-01;1.2250000e+02;2.1955232e-01;1.2250000e+02;1.6204162e-02;1.2250000e+02;2.1381404e-02;1.2250000e+02;2.9187433e-02;1.2250000e+02;3.9070755e-02;1.2250000e+02;5.0712854e-02;1.2250000e+02;6.4348191e-02;1.2250000e+02;7.8993462e-02;1.2250000e+02;9.5236361e-02;1.2250000e+02;1.1156756e-01;1.2250000e+02;1.2199026e-01;1.2250000e+02;1.3294746e-01;1.2250000e+02;1.5791450e-01;1.2250000e+02;1.9125222e-01;1.2250000e+02;2.2518143e-01;1.2250000e+02;2.3776609e-01;1.2250000e+02;2.3975784e-01;1.2250000e+02;2.3341735e-01;1.2250000e+02;2.1955232e-01;1.2250000e+02;1.6204162e-02;1.2250000e+02;2.1381404e-02;1.2250000e+02;2.9187433e-02;1.2250000e+02;3.9070755e-02;1.2250000e+02;5.0712854e-02;1.2250000e+02;6.4348191e-02;1.2250000e+02;7.8993462e-02;1.2250000e+02;9.5236361e-02;1.2250000e+02;1.1156756e-01;1.2250000e+02;1.2199026e-01;1.2250000e+02;1.3294746e-01;1.2250000e+02;1.5791450e-01;1.2250000e+02;1.9125222e-01;1.2250000e+02;2.2518143e-01;1.2250000e+02;2.3776609e-01;1.2250000e+02;2.3975784e-01;1.2250000e+02;2.3341735e-01;1.2250000e+02;2.1955232e-01;1.2250000e+02;1.6204162e-02;1.2250000e+02;2.1381404e-02;1.2250000e+02;2.9187433e-02;1.2250000e+02;3.9070755e-02;1.2250000e+02;5.0712854e-02;1.2250000e+02;6.4348191e-02;1.2250000e+02;7.8993462e-02;1.2250000e+02;9.5236361e-02;1.2250000e+02;1.1156756e-01;1.2250000e+02;1.2199026e-01;1.2250000e+02;1.3294746e-01;1.2250000e+02;1.5791450e-01;1.2250000e+02;1.9125222e-01;1.2250000e+02;2.2518143e-01;1.2250000e+02;2.3776609e-01;1.2250000e+02;2.3975784e-01;1.2250000e+02;2.3341735e-01;1.2250000e+02;2.1955232e-01;1.2250000e+02;1.6204162e-02;1.2250000e+02;2.1381404e-02;1.2250000e+02;2.9187433e-02;1.2250000e+02;3.9070755e-02;1.2250000e+02;5.0712854e-02;1.2250000e+02;6.4348191e-02;1.2250000e+02;7.8993462e-02;1.2250000e+02;9.5236361e-02;1.2250000e+02;1.1156756e-01;1.2250000e+02;1.2199026e-01;1.2250000e+02;1.3294746e-01;1.2250000e+02;1.5791450e-01;1.2250000e+02;1.9125222e-01;1.2250000e+02;2.2518143e-01;1.2250000e+02;2.3776609e-01;1.2250000e+02;2.3975784e-01;1.2250000e+02;2.3341735e-01;1.2250000e+02;2.1955232e-01;1.2250000e+02;1.6204162e-02;1.2250000e+02;2.1381404e-02;1.2250000e+02;2.9187433e-02;1.2250000e+02;3.9070755e-02;1.2250000e+02;5.0712854e-02;1.2250000e+02;6.4348191e-02;1.2250000e+02;7.8993462e-02;1.2250000e+02;9.5236361e-02;1.2250000e+02;1.1156756e-01;1.2250000e+02;1.2199026e-01;1.2250000e+02;1.3294746e-01;1.2250000e+02;1.5791450e-01;1.2250000e+02;1.9125222e-01;1.2250000e+02;2.2518143e-01;1.2250000e+02;2.3776609e-01;1.2250000e+02;2.3975784e-01;1.2250000e+02;2.3341735e-01;1.2250000e+02;2.1955232e-01;1.2250000e+02;1.6204162e-02;1.2250000e+02;2.1381404e-02;1.2250000e+02;2.9187433e-02;1.2250000e+02;3.9070755e-02;1.2250000e+02;5.0712854e-02;1.2250000e+02;6.4348191e-02;1.2250000e+02;7.8993462e-02;1.2250000e+02;9.5236361e-02;1.2250000e+02;1.1156756e-01;1.2250000e+02;1.2199026e-01;1.2250000e+02;1.3294746e-01;1.2250000e+02;1.5791450e-01;1.2250000e+02;1.9125222e-01;1.2250000e+02;2.2518143e-01;1.2250000e+02;2.3776609e-01;1.2250000e+02;2.3975784e-01;1.2250000e+02;2.3341735e-01;1.2250000e+02;2.1955232e-01;1.2250000e+02;1.6204162e-02;1.2250000e+02;2.1381404e-02;1.2250000e+02;2.9187433e-02;1.2250000e+02;3.9070755e-02;1.2250000e+02;5.0712854e-02;1.2250000e+02;6.4348191e-02;1.2250000e+02;7.8993462e-02;1.2250000e+02;9.5236361e-02;1.2250000e+02;1.1156756e-01;1.2250000e+02;1.2199026e-01;1.2250000e+02;1.3294746e-01;1.2250000e+02;1.5791450e-01;1.2250000e+02;1.9125222e-01;1.2250000e+02;2.2518143e-01;1.2250000e+02;2.3776609e-01;1.2250000e+02;2.3975784e-01;1.2250000e+02;2.3341735e-01;1.2250000e+02;2.1955232e-01;1.2250000e+02;1.6204162e-02;1.2250000e+02;2.1381404e-02;1.2250000e+02;2.9187433e-02;1.2250000e+02;3.9070755e-02;1.2250000e+02;5.0712854e-02;1.2250000e+02;6.4348191e-02;1.2250000e+02;7.8993462e-02;1.2250000e+02;9.5236361e-02;1.2250000e+02;1.1156756e-01;1.2250000e+02;1.2199026e-01;1.2250000e+02;1.3294746e-01;1.2250000e+02;1.5791450e-01;1.2250000e+02;1.9125222e-01;1.2250000e+02;2.2518143e-01;1.2250000e+02;2.3776609e-01;1.2250000e+02;2.3975784e-01;1.2250000e+02;2.3341735e-01;1.2250000e+02;2.1955232e-01;1.2250000e+02;1.6204162e-02;1.2250000e+02;2.1381404e-02;1.2250000e+02;2.9187433e-02;1.2250000e+02;3.9070755e-02;1.2250000e+02;5.0712854e-02;1.2250000e+02;6.4348191e-02;1.2250000e+02;7.8993462e-02;1.2250000e+02;9.5236361e-02;1.2250000e+02;1.1156756e-01;1.2250000e+02;1.2199026e-01;1.2250000e+02;1.3294746e-01;1.2250000e+02;1.5791450e-01;1.2250000e+02;1.9125222e-01;1.2250000e+02;2.2518143e-01;1.2250000e+02;2.3776609e-01;1.2250000e+02;2.3975784e-01;1.2250000e+02;2.3341735e-01;1.2250000e+02;2.1955232e-01;1.2250000e+02;1.6204162e-02;1.2250000e+02;2.1381404e-02;1.2250000e+02;2.9187433e-02;1.2250000e+02;3.9070755e-02;1.2250000e+02;5.0712854e-02;1.2250000e+02;6.4348191e-02;1.2250000e+02;7.8993462e-02;1.2250000e+02;9.5236361e-02;1.2250000e+02;1.1156756e-01;1.2250000e+02;1.2199026e-01;1.2250000e+02;1.3294746e-01;1.2250000e+02;1.5791450e-01;1.2250000e+02;1.9125222e-01;1.2250000e+02;2.2518143e-01;1.2250000e+02;2.3776609e-01;1.2250000e+02;2.3975784e-01;1.2250000e+02;2.3341735e-01;1.2250000e+02;2.1955232e-01;1.2250000e+02;1.6204162e-02;1.2250000e+02;2.1381404e-02;1.2250000e+02;2.9187433e-02;1.2250000e+02;3.9070755e-02;1.2250000e+02;5.0712854e-02;1.2250000e+02;6.4348191e-02;1.2250000e+02;7.8993462e-02;1.2250000e+02;9.5236361e-02;1.2250000e+02;1.1156756e-01;1.2250000e+02;1.2199026e-01;1.2250000e+02;1.3294746e-01;1.2250000e+02;1.5791450e-01;1.2250000e+02;1.9125222e-01;1.2250000e+02;2.2518143e-01;1.2250000e+02;2.3776609e-01;1.2250000e+02;2.3975784e-01;1.2250000e+02;2.3341735e-01;1.2250000e+02;2.1955232e-01;1.2250000e+02;1.6204162e-02;1.2250000e+02;2.1381404e-02;1.2250000e+02;2.9187433e-02;1.2250000e+02;3.9070755e-02;1.2250000e+02;5.0712854e-02;1.2250000e+02;6.4348191e-02;1.2250000e+02;7.8993462e-02;1.2250000e+02;9.5236361e-02;1.2250000e+02;1.1156756e-01;1.2250000e+02;1.2199026e-01;1.2250000e+02;1.3294746e-01;1.2250000e+02;1.5791450e-01;1.2250000e+02;1.9125222e-01;1.2250000e+02;2.2518143e-01;1.2250000e+02;2.3776609e-01;1.2250000e+02;2.3975784e-01;1.2250000e+02;2.3341735e-01;1.2250000e+02;2.1955232e-01;1.2250000e+02;1.6204162e-02;1.2250000e+02;2.1381404e-02;1.2250000e+02;2.9187433e-02;1.2250000e+02;3.9070755e-02;1.2250000e+02;5.0712854e-02;1.2250000e+02;6.4348191e-02;1.2250000e+02;7.8993462e-02;1.2250000e+02;9.5236361e-02;1.2250000e+02;1.1156756e-01;1.2250000e+02;1.2199026e-01;1.2250000e+02;1.3294746e-01;1.2250000e+02;1.5791450e-01;1.2250000e+02;1.9125222e-01;1.2250000e+02;2.2518143e-01;1.2250000e+02;2.3776609e-01;1.2250000e+02;2.3975784e-01;1.2250000e+02;2.3341735e-01;1.2250000e+02;2.1955232e-01;1.2250000e+02;1.6204162e-02;1.2250000e+02;2.1381404e-02;1.2250000e+02;2.9187433e-02;1.2250000e+02;3.9070755e-02;1.2250000e+02;5.0712854e-02;1.2250000e+02;6.4348191e-02;1.2250000e+02;7.8993462e-02;1.2250000e+02;9.5236361e-02;1.2250000e+02;1.1156756e-01;1.2250000e+02;1.2199026e-01;1.2250000e+02;1.3294746e-01;1.2250000e+02;1.5791450e-01;1.2250000e+02;1.9125222e-01;1.2250000e+02;2.2518143e-01;1.2250000e+02;2.3776609e-01;1.2250000e+02;2.3975784e-01;1.2250000e+02;2.3341735e-01;1.2250000e+02;2.1955232e-01;1.2250000e+02;1.6204162e-02;1.2250000e+02;2.1381404e-02;1.2250000e+02;2.9187433e-02;1.2250000e+02;3.9070755e-02;1.2250000e+02;5.0712854e-02;1.2250000e+02;6.4348191e-02;1.2250000e+02;7.8993462e-02;1.2250000e+02;9.5236361e-02;1.2250000e+02;1.1156756e-01;1.2250000e+02;1.2199026e-01;1.2250000e+02;1.3294746e-01;1.2250000e+02;1.5791450e-01;1.2250000e+02;1.9125222e-01;1.2250000e+02;2.2518143e-01;1.2250000e+02;2.3776609e-01;1.2250000e+02;2.3975784e-01;1.2250000e+02;2.3341735e-01;1.2250000e+02;2.1955232e-01;1.2250000e+02;1.6204162e-02;1.2250000e+02;2.1381404e-02;1.2250000e+02;2.9187433e-02;1.2250000e+02;3.9070755e-02;1.2250000e+02;5.0712854e-02;1.2250000e+02;6.4348191e-02;1.2250000e+02;7.8993462e-02;1.2250000e+02;9.5236361e-02;1.2250000e+02;1.1156756e-01;1.2250000e+02;1.2199026e-01;1.2250000e+02;1.3294746e-01;1.2250000e+02;1.5791450e-01;1.2250000e+02;1.9125222e-01;1.2250000e+02;2.2518143e-01;1.2250000e+02;2.3776609e-01;1.2250000e+02;2.3975784e-01;1.2250000e+02;2.3341735e-01;1.2250000e+02;2.1955232e-01;1.2250000e+02;1.6204162e-02;1.2250000e+02;2.1381404e-02;1.2250000e+02;2.9187433e-02;1.2250000e+02;3.9070755e-02;1.2250000e+02;5.0712854e-02;1.2250000e+02;6.4348191e-02;1.2250000e+02;7.8993462e-02;1.2250000e+02;9.5236361e-02;1.2250000e+02;1.1156756e-01;1.2250000e+02;1.2199026e-01;1.2250000e+02;1.3294746e-01;1.2250000e+02;1.5791450e-01;1.2250000e+02;1.9125222e-01;1.2250000e+02;2.2518143e-01;1.2250000e+02;2.3776609e-01;1.2250000e+02;2.3975784e-01;1.2250000e+02;2.3341735e-01;1.2250000e+02;2.1955232e-01;1.2250000e+02;1.6204162e-02;1.2250000e+02;2.1381404e-02;1.2250000e+02;2.9187433e-02;1.2250000e+02;3.9070755e-02;1.2250000e+02;5.0712854e-02;1.2250000e+02;6.4348191e-02;1.2250000e+02;7.8993462e-02;1.2250000e+02;9.5236361e-02;1.2250000e+02;1.1156756e-01;1.2250000e+02;1.2199026e-01;1.2250000e+02;1.3294746e-01;1.2250000e+02;1.5791450e-01;1.2250000e+02;1.9125222e-01;1.2250000e+02;2.2518143e-01;1.2250000e+02;2.3776609e-01;1.2250000e+02;2.3975784e-01;1.2250000e+02;2.3341735e-01;1.2250000e+02;2.1955232e-01;1.2250000e+02;1.6204162e-02;1.2250000e+02;2.1381404e-02;1.2250000e+02;2.9187433e-02;1.2250000e+02;3.9070755e-02;1.2250000e+02;5.0712854e-02;1.2250000e+02;6.4348191e-02;1.2250000e+02;7.8993462e-02;1.2250000e+02;9.5236361e-02;1.2250000e+02;1.1156756e-01;1.2250000e+02;1.2199026e-01;1.2250000e+02;1.3294746e-01;1.2250000e+02;1.5791450e-01;1.2250000e+02;1.9125222e-01;1.2250000e+02;2.2518143e-01;1.2250000e+02;2.3776609e-01;1.2250000e+02;2.3975784e-01;1.2250000e+02;2.3341735e-01;1.2250000e+02;2.1955232e-01;1.2250000e+02;1.6204162e-02;1.2250000e+02;2.1381404e-02;1.2250000e+02;2.9187433e-02;1.2250000e+02;3.9070755e-02;1.2250000e+02;5.0712854e-02;1.2250000e+02;6.4348191e-02;1.2250000e+02;7.8993462e-02;1.2250000e+02;9.5236361e-02;1.2250000e+02;1.1156756e-01;1.2250000e+02;1.2199026e-01;1.2250000e+02;1.3294746e-01;1.2250000e+02;1.5791450e-01;1.2250000e+02;1.9125222e-01;1.2250000e+02;2.2518143e-01;1.2250000e+02;2.3776609e-01;1.2250000e+02;2.3975784e-01;1.2250000e+02;2.3341735e-01;1.2250000e+02;2.1955232e-01;1.2250000e+02;1.6204162e-02;1.2250000e+02;2.1381404e-02;1.2250000e+02;2.9187433e-02;1.2250000e+02;3.9070755e-02;1.2250000e+02;5.0712854e-02;1.2250000e+02;6.4348191e-02;1.2250000e+02;7.8993462e-02;1.2250000e+02;9.5236361e-02;1.2250000e+02;1.1156756e-01;1.2250000e+02;1.2199026e-01;1.2250000e+02;1.3294746e-01;1.2250000e+02;1.5791450e-01;1.2250000e+02;1.9125222e-01;1.2250000e+02;2.2518143e-01;1.2250000e+02;2.3776609e-01;1.2250000e+02;2.3975784e-01;1.2250000e+02;2.3341735e-01;1.2250000e+02;2.1955232e-01;1.2250000e+02;1.6204162e-02;1.2250000e+02;2.1381404e-02;1.2250000e+02;2.9187433e-02;1.2250000e+02;3.9070755e-02;1.2250000e+02;5.0712854e-02;1.2250000e+02;6.4348191e-02;1.2250000e+02;7.8993462e-02;1.2250000e+02;9.5236361e-02;1.2250000e+02;1.1156756e-01;1.2250000e+02;1.2199026e-01;1.2250000e+02;1.3294746e-01;1.2250000e+02;1.5791450e-01;1.2250000e+02;1.9125222e-01;1.2250000e+02;2.2518143e-01;1.2250000e+02;2.3776609e-01;1.2250000e+02;2.3975784e-01;1.2250000e+02;2.3341735e-01;1.2250000e+02;2.1955232e-01;1.2250000e+02;1.6204162e-02;1.2250000e+02;2.1381404e-02;1.2250000e+02;2.9187433e-02;1.2250000e+02;3.9070755e-02;1.2250000e+02;5.0712854e-02;1.2250000e+02;6.4348191e-02;1.2250000e+02;7.8993462e-02;1.2250000e+02;9.5236361e-02;1.2250000e+02;1.1156756e-01;1.2250000e+02;1.2199026e-01;1.2250000e+02;1.3294746e-01;1.2250000e+02;1.5791450e-01;1.2250000e+02;1.9125222e-01;1.2250000e+02;2.2518143e-01;1.2250000e+02;2.3776609e-01;1.2250000e+02;2.3975784e-01;1.2250000e+02;2.3341735e-01;1.2250000e+02;2.1955232e-01;1.2250000e+02;1.6204162e-02;1.2250000e+02;2.1381404e-02;1.2250000e+02;2.9187433e-02;1.2250000e+02;3.9070755e-02;1.2250000e+02;5.0712854e-02;1.2250000e+02;6.4348191e-02;1.2250000e+02;7.8993462e-02;1.2250000e+02;9.5236361e-02;1.2250000e+02;1.1156756e-01;1.2250000e+02;1.2199026e-01;1.2250000e+02;1.3294746e-01;1.2250000e+02;1.5791450e-01;1.2250000e+02;1.9125222e-01;1.2250000e+02;2.2518143e-01;1.2250000e+02;2.3776609e-01;1.2250000e+02;2.3975784e-01;1.2250000e+02;2.3341735e-01;1.2250000e+02;2.1955232e-01;1.2250000e+02;1.6204162e-02;1.2250000e+02;2.1381404e-02;1.2250000e+02;2.9187433e-02;1.2250000e+02;3.9070755e-02;1.2250000e+02;5.0712854e-02;1.2250000e+02;6.4348191e-02;1.2250000e+02;7.8993462e-02;1.2250000e+02;9.5236361e-02;1.2250000e+02;1.1156756e-01;1.2250000e+02;1.2199026e-01;1.2250000e+02;1.3294746e-01;1.2250000e+02;1.5791450e-01;1.2250000e+02;1.9125222e-01;1.2250000e+02;2.2518143e-01;1.2250000e+02;2.3776609e-01;1.2250000e+02;2.3975784e-01;1.2250000e+02;2.3341735e-01;1.2250000e+02;2.1955232e-01;1.2250000e+02;1.6204162e-02;1.2250000e+02;2.1381404e-02;1.2250000e+02;2.9187433e-02;1.2250000e+02;3.9070755e-02;1.2250000e+02;5.0712854e-02;1.2250000e+02;6.4348191e-02;1.2250000e+02;7.8993462e-02;1.2250000e+02;9.5236361e-02;1.2250000e+02;1.1156756e-01;1.2250000e+02;1.2199026e-01;1.2250000e+02;1.3294746e-01;1.2250000e+02;1.5791450e-01;1.2250000e+02;1.9125222e-01;1.2250000e+02;2.2518143e-01;1.2250000e+02;2.3776609e-01;1.2250000e+02;2.3975784e-01;1.2250000e+02;2.3341735e-01;1.2250000e+02;2.1955232e-01;1.2250000e+02;1.6204162e-02;1.2250000e+02;2.1381404e-02;1.2250000e+02;2.9187433e-02;1.2250000e+02;3.9070755e-02;1.2250000e+02;5.0712854e-02;1.2250000e+02;6.4348191e-02;1.2250000e+02;7.8993462e-02;1.2250000e+02;9.5236361e-02;1.2250000e+02;1.1156756e-01;1.2250000e+02;1.2199026e-01;1.2250000e+02;1.3294746e-01;1.2250000e+02;1.5791450e-01;1.2250000e+02;1.9125222e-01;1.2250000e+02;2.2518143e-01;1.2250000e+02;2.3776609e-01;1.2250000e+02;2.3975784e-01;1.2250000e+02;2.3341735e-01;1.2250000e+02;2.1955232e-01;1.2250000e+02;1.6204162e-02;1.2250000e+02;2.1381404e-02;1.2250000e+02;2.9187433e-02;1.2250000e+02;3.9070755e-02;1.2250000e+02;5.0712854e-02;1.2250000e+02;6.4348191e-02;1.2250000e+02;7.8993462e-02;1.2250000e+02;9.5236361e-02;1.2250000e+02;1.1156756e-01;1.2250000e+02;1.2199026e-01;1.2250000e+02;1.3294746e-01;1.2250000e+02;1.5791450e-01;1.2250000e+02;1.9125222e-01;1.2250000e+02;2.2518143e-01;1.2250000e+02;2.3776609e-01;1.2250000e+02;2.3975784e-01;1.2250000e+02;2.3341735e-01;1.2250000e+02;2.1955232e-01;1.2250000e+02;1.6204162e-02;1.2250000e+02;2.1381404e-02;1.2250000e+02;2.9187433e-02;1.2250000e+02;3.9070755e-02;1.2250000e+02;5.0712854e-02;1.2250000e+02;6.4348191e-02;1.2250000e+02;7.8993462e-02;1.2250000e+02;9.5236361e-02;1.2250000e+02;1.1156756e-01;1.2250000e+02;1.2199026e-01;1.2250000e+02;1.3294746e-01;1.2250000e+02;1.5791450e-01;1.2250000e+02;1.9125222e-01;1.2250000e+02;2.2518143e-01;1.2250000e+02;2.3776609e-01;1.2250000e+02;2.3975784e-01;1.2250000e+02;2.3341735e-01;1.2250000e+02;2.1955232e-01;1.2250000e+02;1.6204162e-02;1.2250000e+02;2.1381404e-02;1.2250000e+02;2.9187433e-02;1.2250000e+02;3.9070755e-02;1.2250000e+02;5.0712854e-02;1.2250000e+02;6.4348191e-02;1.2250000e+02;7.8993462e-02;1.2250000e+02;9.5236361e-02;1.2250000e+02;1.1156756e-01;1.2250000e+02;1.2199026e-01;1.2250000e+02;1.3294746e-01;1.2250000e+02;1.5791450e-01;1.2250000e+02;1.9125222e-01;1.2250000e+02;2.2518143e-01;1.2250000e+02;2.3776609e-01;1.2250000e+02;2.3975784e-01;1.2250000e+02;2.3341735e-01;1.2250000e+02;2.1955232e-01;1.2250000e+02;1.6204162e-02;1.2250000e+02;2.1381404e-02;1.2250000e+02;2.9187433e-02;1.2250000e+02;3.9070755e-02;1.2250000e+02;5.0712854e-02;1.2250000e+02;6.4348191e-02;1.2250000e+02;7.8993462e-02;1.2250000e+02;9.5236361e-02;1.2250000e+02;1.1156756e-01;1.2250000e+02;1.2199026e-01;1.2250000e+02;1.3294746e-01;1.2250000e+02;1.5791450e-01;1.2250000e+02;1.9125222e-01;1.2250000e+02;2.2518143e-01;1.2250000e+02;2.3776609e-01;1.2250000e+02;2.3975784e-01;1.2250000e+02;2.3341735e-01;1.2250000e+02;2.1955232e-01;1.2250000e+02;1.6204162e-02;1.2250000e+02;2.1381404e-02;1.2250000e+02;2.9187433e-02;1.2250000e+02;3.9070755e-02;1.2250000e+02;5.0712854e-02;1.2250000e+02;6.4348191e-02;1.2250000e+02;7.8993462e-02;1.2250000e+02;9.5236361e-02;1.2250000e+02;1.1156756e-01;1.2250000e+02;1.2199026e-01;1.2250000e+02;1.3294746e-01;1.2250000e+02;1.5791450e-01;1.2250000e+02;1.9125222e-01;1.2250000e+02;2.2518143e-01;1.2250000e+02;2.3776609e-01;1.2250000e+02;2.3975784e-01;1.2250000e+02;2.3341735e-01;1.2250000e+02;2.1955232e-01;1.2250000e+02;1.6204162e-02;1.2250000e+02;2.1381404e-02;1.2250000e+02;2.9187433e-02;1.2250000e+02;3.9070755e-02;1.2250000e+02;5.0712854e-02;1.2250000e+02;6.4348191e-02;1.2250000e+02;7.8993462e-02;1.2250000e+02;9.5236361e-02;1.2250000e+02;1.1156756e-01;1.2250000e+02;1.2199026e-01;1.2250000e+02;1.3294746e-01;1.2250000e+02;1.5791450e-01;1.2250000e+02;1.9125222e-01;1.2250000e+02;2.2518143e-01;1.2250000e+02;2.3776609e-01;1.2250000e+02;2.3975784e-01;1.2250000e+02;2.3341735e-01;1.2250000e+02;2.1955232e-01;1.2250000e+02;1.6204162e-02;1.2250000e+02;2.1381404e-02;1.2250000e+02;2.9187433e-02;1.2250000e+02;3.9070755e-02;1.2250000e+02;5.0712854e-02;1.2250000e+02;6.4348191e-02;1.2250000e+02;7.8993462e-02;1.2250000e+02;9.5236361e-02;1.2250000e+02;1.1156756e-01;1.2250000e+02;1.2199026e-01;1.2250000e+02;1.3294746e-01;1.2250000e+02;1.5791450e-01;1.2250000e+02;1.9125222e-01;1.2250000e+02;2.2518143e-01;1.2250000e+02;2.3776609e-01;1.2250000e+02;2.3975784e-01;1.2250000e+02;2.3341735e-01;1.2250000e+02;2.1955232e-01;1.2250000e+02;1.6204162e-02;1.2250000e+02;2.1381404e-02;1.2250000e+02;2.9187433e-02;1.2250000e+02;3.9070755e-02;1.2250000e+02;5.0712854e-02;1.2250000e+02;6.4348191e-02;1.2250000e+02;7.8993462e-02;1.2250000e+02;9.5236361e-02;1.2250000e+02;1.1156756e-01;1.2250000e+02;1.2199026e-01;1.2250000e+02;1.3294746e-01;1.2250000e+02;1.5791450e-01;1.2250000e+02;1.9125222e-01;1.2250000e+02;2.2518143e-01;1.2250000e+02;2.3776609e-01;1.2250000e+02;2.3975784e-01;1.2250000e+02;2.3341735e-01;1.2250000e+02;2.1955232e-01;1.2250000e+02;1.6204162e-02;1.2250000e+02;2.1381404e-02;1.2250000e+02;2.9187433e-02;1.2250000e+02;3.9070755e-02;1.2250000e+02;5.0712854e-02;1.2250000e+02;6.4348191e-02;1.2250000e+02;7.8993462e-02;1.2250000e+02;9.5236361e-02;1.2250000e+02;1.1156756e-01;1.2250000e+02;1.2199026e-01;1.2250000e+02;1.3294746e-01;1.2250000e+02;1.5791450e-01;1.2250000e+02;1.9125222e-01;1.2250000e+02;2.2518143e-01;1.2250000e+02;2.3776609e-01;1.2250000e+02;2.3975784e-01;1.2250000e+02;2.3341735e-01;1.2250000e+02;2.1955232e-01;1.2250000e+02;1.6204162e-02;1.2250000e+02;2.1381404e-02;1.2250000e+02;2.9187433e-02;1.2250000e+02;3.9070755e-02;1.2250000e+02;5.0712854e-02;1.2250000e+02;6.4348191e-02;1.2250000e+02;7.8993462e-02;1.2250000e+02;9.5236361e-02;1.2250000e+02;1.1156756e-01;1.2250000e+02;1.2199026e-01;1.2250000e+02;1.3294746e-01;1.2250000e+02;1.5791450e-01;1.2250000e+02;1.9125222e-01;1.2250000e+02;2.2518143e-01;1.2250000e+02;2.3776609e-01;1.2250000e+02;2.3975784e-01;1.2250000e+02;2.3341735e-01;1.2250000e+02;2.1955232e-01;1.2250000e+02;1.6204162e-02;1.2250000e+02;2.1381404e-02;1.2250000e+02;2.9187433e-02;1.2250000e+02;3.9070755e-02;1.2250000e+02;5.0712854e-02;1.2250000e+02;6.4348191e-02;1.2250000e+02;7.8993462e-02;1.2250000e+02;9.5236361e-02;1.2250000e+02;1.1156756e-01;1.2250000e+02;1.2199026e-01;1.2250000e+02;1.3294746e-01;1.2250000e+02;1.5791450e-01;1.2250000e+02;1.9125222e-01;1.2250000e+02;2.2518143e-01;1.2250000e+02;2.3776609e-01;1.2250000e+02;2.3975784e-01;1.2250000e+02;2.3341735e-01;1.2250000e+02;2.1955232e-01;1.2250000e+02;1.6204162e-02;1.2250000e+02;2.1381404e-02;1.2250000e+02;2.9187433e-02;1.2250000e+02;3.9070755e-02;1.2250000e+02;5.0712854e-02;1.2250000e+02;6.4348191e-02;1.2250000e+02;7.8993462e-02;1.2250000e+02;9.5236361e-02;1.2250000e+02;1.1156756e-01;1.2250000e+02;1.2199026e-01;1.2250000e+02;1.3294746e-01;1.2250000e+02;1.5791450e-01;1.2250000e+02;1.9125222e-01;1.2250000e+02;2.2518143e-01;1.2250000e+02;2.3776609e-01;1.2250000e+02;2.3975784e-01;1.2250000e+02;2.3341735e-01;1.2250000e+02;2.1955232e-01;1.2250000e+02;1.6204162e-02;1.2250000e+02;2.1381404e-02;1.2250000e+02;2.9187433e-02;1.2250000e+02;3.9070755e-02;1.2250000e+02;5.0712854e-02;1.2250000e+02;6.4348191e-02;1.2250000e+02;7.8993462e-02;1.2250000e+02;9.5236361e-02;1.2250000e+02;1.1156756e-01;1.2250000e+02;1.2199026e-01;1.2250000e+02;1.3294746e-01;1.2250000e+02;1.5791450e-01;1.2250000e+02;1.9125222e-01;1.2250000e+02;2.2518143e-01;1.2250000e+02;2.3776609e-01;1.2250000e+02;2.3975784e-01;1.2250000e+02;2.3341735e-01;1.2250000e+02;2.1955232e-01;1.2250000e+02;1.6204162e-02;1.2250000e+02;2.1381404e-02;1.2250000e+02;2.9187433e-02;1.2250000e+02;3.9070755e-02;1.2250000e+02;5.0712854e-02;1.2250000e+02;6.4348191e-02;1.2250000e+02;7.8993462e-02;1.2250000e+02;9.5236361e-02;1.2250000e+02;1.1156756e-01;1.2250000e+02;1.2199026e-01;1.2250000e+02;1.3294746e-01;1.2250000e+02;1.5791450e-01;1.2250000e+02;1.9125222e-01;1.2250000e+02;2.2518143e-01;1.2250000e+02;2.3776609e-01;1.2250000e+02;2.3975784e-01;1.2250000e+02;2.3341735e-01;1.2250000e+02;2.1955232e-01;1.2250000e+02;1.6204162e-02;1.2250000e+02;2.1381404e-02;1.2250000e+02;2.9187433e-02;1.2250000e+02;3.9070755e-02;1.2250000e+02;5.0712854e-02;1.2250000e+02;6.4348191e-02;1.2250000e+02;7.8993462e-02;1.2250000e+02;9.5236361e-02;1.2250000e+02;1.1156756e-01;1.2250000e+02;1.2199026e-01;1.2250000e+02;1.3294746e-01;1.2250000e+02;1.5791450e-01;1.2250000e+02;1.9125222e-01;1.2250000e+02;2.2518143e-01;1.2250000e+02;2.3776609e-01;1.2250000e+02;2.3975784e-01;1.2250000e+02;2.3341735e-01;1.2250000e+02;2.1955232e-01
1.2750000e+02;1.7041959e-02;1.2750000e+02;2.2364456e-02;1.2750000e+02;3.0302836e-02;1.2750000e+02;4.0488012e-02;1.2750000e+02;5.2415326e-02;1.2750000e+02;6.5990068e-02;1.2750000e+02;8.1314109e-02;1.2750000e+02;9.8039135e-02;1.2750000e+02;1.1394221e-01;1.2750000e+02;1.2714805e-01;1.2750000e+02;1.3852179e-01;1.2750000e+02;1.6503811e-01;1.2750000e+02;1.9782260e-01;1.2750000e+02;2.2795552e-01;1.2750000e+02;2.3796801e-01;1.2750000e+02;2.3785242e-01;1.2750000e+02;2.2975937e-01;1.2750000e+02;2.1424480e-01;1.2750000e+02;1.7041959e-02;1.2750000e+02;2.2364456e-02;1.2750000e+02;3.0302836e-02;1.2750000e+02;4.0488012e-02;1.2750000e+02;5.2415326e-02;1.2750000e+02;6.5990068e-02;1.2750000e+02;8.1314109e-02;1.2750000e+02;9.8039135e-02;1.2750000e+02;1.1394221e-01;1.2750000e+02;1.2714805e-01;1.2750000e+02;1.3852179e-01;1.2750000e+02;1.6503811e-01;1.2750000e+02;1.9782260e-01;1.2750000e+02;2.2795552e-01;1.2750000e+02;2.3796801e-01;1.2750000e+02;2.3785242e-01;1.2750000e+02;2.2975937e-01;1.2750000e+02;2.1424480e-01;1.2750000e+02;1.7041959e-02;1.2750000e+02;2.2364456e-02;1.2750000e+02;3.0302836e-02;1.2750000e+02;4.0488012e-02;1.2750000e+02;5.2415326e-02;1.2750000e+02;6.5990068e-02;1.2750000e+02;8.1314109e-02;1.2750000e+02;9.8039135e-02;1.2750000e+02;1.1394221e-01;1.2750000e+02;1.2714805e-01;1.2750000e+02;1.3852179e-01;1.2750000e+02;1.6503811e-01;1.2750000e+02;1.9782260e-01;1.2750000e+02;2.2795552e-01;1.2750000e+02;2.3796801e-01;1.2750000e+02;2.3785242e-01;1.2750000e+02;2.2975937e-01;1.2750000e+02;2.1424480e-01;1.2750000e+02;1.7041959e-02;1.2750000e+02;2.2364456e-02;1.2750000e+02;3.0302836e-02;1.2750000e+02;4.0488012e-02;1.2750000e+02;5.2415326e-02;1.2750000e+02;6.5990068e-02;1.2750000e+02;8.1314109e-02;1.2750000e+02;9.8039135e-02;1.2750000e+02;1.1394221e-01;1.2750000e+02;1.2714805e-01;1.2750000e+02;1.3852179e-01;1.2750000e+02;1.6503811e-01;1.2750000e+02;1.9782260e-01;1.2750000e+02;2.2795552e-01;1.2750000e+02;2.3796801e-01;1.2750000e+02;2.3785242e-01;1.2750000e+02;2.2975937e-01;1.2750000e+02;2.1424480e-01;1.2750000e+02;1.7041959e-02;1.2750000e+02;2.2364456e-02;1.2750000e+02;3.0302836e-02;1.2750000e+02;4.0488012e-02;1.2750000e+02;5.2415326e-02;1.2750000e+02;6.5990068e-02;1.2750000e+02;8.1314109e-02;1.2750000e+02;9.8039135e-02;1.2750000e+02;1.1394221e-01;1.2750000e+02;1.2714805e-01;1.2750000e+02;1.3852179e-01;1.2750000e+02;1.6503811e-01;1.2750000e+02;1.9782260e-01;1.2750000e+02;2.2795552e-01;1.2750000e+02;2.3796801e-01;1.2750000e+02;2.3785242e-01;1.2750000e+02;2.2975937e-01;1.2750000e+02;2.1424480e-01;1.2750000e+02;1.7041959e-02;1.2750000e+02;2.2364456e-02;1.2750000e+02;3.0302836e-02;1.2750000e+02;4.0488012e-02;1.2750000e+02;5.2415326e-02;1.2750000e+02;6.5990068e-02;1.2750000e+02;8.1314109e-02;1.2750000e+02;9.8039135e-02;1.2750000e+02;1.1394221e-01;1.2750000e+02;1.2714805e-01;1.2750000e+02;1.3852179e-01;1.2750000e+02;1.6503811e-01;1.2750000e+02;1.9782260e-01;1.2750000e+02;2.2795552e-01;1.2750000e+02;2.3796801e-01;1.2750000e+02;2.3785242e-01;1.2750000e+02;2.2975937e-01;1.2750000e+02;2.1424480e-01;1.2750000e+02;1.7041959e-02;1.2750000e+02;2.2364456e-02;1.2750000e+02;3.0302836e-02;1.2750000e+02;4.0488012e-02;1.2750000e+02;5.2415326e-02;1.2750000e+02;6.5990068e-02;1.2750000e+02;8.1314109e-02;1.2750000e+02;9.8039135e-02;1.2750000e+02;1.1394221e-01;1.2750000e+02;1.2714805e-01;1.2750000e+02;1.3852179e-01;1.2750000e+02;1.6503811e-01;1.2750000e+02;1.9782260e-01;1.2750000e+02;2.2795552e-01;1.2750000e+02;2.3796801e-01;1.2750000e+02;2.3785242e-01;1.2750000e+02;2.2975937e-01;1.2750000e+02;2.1424480e-01;1.2750000e+02;1.7041959e-02;1.2750000e+02;2.2364456e-02;1.2750000e+02;3.0302836e-02;1.2750000e+02;4.0488012e-02;1.2750000e+02;5.2415326e-02;1.2750000e+02;6.5990068e-02;1.2750000e+02;8.1314109e-02;1.2750000e+02;9.8039135e-02;1.2750000e+02;1.1394221e-01;1.2750000e+02;1.2714805e-01;1.2750000e+02;1.3852179e-01;1.2750000e+02;1.6503811e-01;1.2750000e+02;1.9782260e-01;1.2750000e+02;2.2795552e-01;1.2750000e+02;2.3796801e-01;1.2750000e+02;2.3785242e-01;1.2750000e+02;2.2975937e-01;1.2750000e+02;2.1424480e-01;1.2750000e+02;1.7041959e-02;1.2750000e+02;2.2364456e-02;1.2750000e+02;3.0302836e-02;1.2750000e+02;4.0488012e-02;1.2750000e+02;5.2415326e-02;1.2750000e+02;6.5990068e-02;1.2750000e+02;8.1314109e-02;1.2750000e+02;9.8039135e-02;1.2750000e+02;1.1394221e-01;1.2750000e+02;1.2714805e-01;1.2750000e+02;1.3852179e-01;1.2750000e+02;1.6503811e-01;1.2750000e+02;1.9782260e-01;1.2750000e+02;2.2795552e-01;1.2750000e+02;2.3796801e-01;1.2750000e+02;2.3785242e-01;1.2750000e+02;2.2975937e-01;1.2750000e+02;2.1424480e-01;1.2750000e+02;1.7041959e-02;1.2750000e+02;2.2364456e-02;1.2750000e+02;3.0302836e-02;1.2750000e+02;4.0488012e-02;1.2750000e+02;5.2415326e-02;1.2750000e+02;6.5990068e-02;1.2750000e+02;8.1314109e-02;1.2750000e+02;9.8039135e-02;1.2750000e+02;1.1394221e-01;1.2750000e+02;1.2714805e-01;1.2750000e+02;1.3852179e-01;1.2750000e+02;1.6503811e-01;1.2750000e+02;1.9782260e-01;1.2750000e+02;2.2795552e-01;1.2750000e+02;2.3796801e-01;1.2750000e+02;2.3785242e-01;1.2750000e+02;2.2975937e-01;1.2750000e+02;2.1424480e-01;1.2750000e+02;1.7041959e-02;1.2750000e+02;2.2364456e-02;1.2750000e+02;3.0302836e-02;1.2750000e+02;4.0488012e-02;1.2750000e+02;5.2415326e-02;1.2750000e+02;6.5990068e-02;1.2750000e+02;8.1314109e-02;1.2750000e+02;9.8039135e-02;1.2750000e+02;1.1394221e-01;1.2750000e+02;1.2714805e-01;1.2750000e+02;1.3852179e-01;1.2750000e+02;1.6503811e-01;1.2750000e+02;1.9782260e-01;1.2750000e+02;2.2795552e-01;1.2750000e+02;2.3796801e-01;1.2750000e+02;2.3785242e-01;1.2750000e+02;2.2975937e-01;1.2750000e+02;2.1424480e-01;1.2750000e+02;1.7041959e-02;1.2750000e+02;2.2364456e-02;1.2750000e+02;3.0302836e-02;1.2750000e+02;4.0488012e-02;1.2750000e+02;5.2415326e-02;1.2750000e+02;6.5990068e-02;1.2750000e+02;8.1314109e-02;1.2750000e+02;9.8039135e-02;1.2750000e+02;1.1394221e-01;1.2750000e+02;1.2714805e-01;1.2750000e+02;1.3852179e-01;1.2750000e+02;1.6503811e-01;1.2750000e+02;1.9782260e-01;1.2750000e+02;2.2795552e-01;1.2750000e+02;2.3796801e-01;1.2750000e+02;2.3785242e-01;1.2750000e+02;2.2975937e-01;1.2750000e+02;2.1424480e-01;1.2750000e+02;1.7041959e-02;1.2750000e+02;2.2364456e-02;1.2750000e+02;3.0302836e-02;1.2750000e+02;4.0488012e-02;1.2750000e+02;5.2415326e-02;1.2750000e+02;6.5990068e-02;1.2750000e+02;8.1314109e-02;1.2750000e+02;9.8039135e-02;1.2750000e+02;1.1394221e-01;1.2750000e+02;1.2714805e-01;1.2750000e+02;1.3852179e-01;1.2750000e+02;1.6503811e-01;1.2750000e+02;1.9782260e-01;1.2750000e+02;2.2795552e-01;1.2750000e+02;2.3796801e-01;1.2750000e+02;2.3785242e-01;1.2750000e+02;2.2975937e-01;1.2750000e+02;2.1424480e-01;1.2750000e+02;1.7041959e-02;1.2750000e+02;2.2364456e-02;1.2750000e+02;3.0302836e-02;1.2750000e+02;4.0488012e-02;1.2750000e+02;5.2415326e-02;1.2750000e+02;6.5990068e-02;1.2750000e+02;8.1314109e-02;1.2750000e+02;9.8039135e-02;1.2750000e+02;1.1394221e-01;1.2750000e+02;1.2714805e-01;1.2750000e+02;1.3852179e-01;1.2750000e+02;1.6503811e-01;1.2750000e+02;1.9782260e-01;1.2750000e+02;2.2795552e-01;1.2750000e+02;2.3796801e-01;1.2750000e+02;2.3785242e-01;1.2750000e+02;2.2975937e-01;1.2750000e+02;2.1424480e-01;1.2750000e+02;1.7041959e-02;1.2750000e+02;2.2364456e-02;1.2750000e+02;3.0302836e-02;1.2750000e+02;4.0488012e-02;1.2750000e+02;5.2415326e-02;1.2750000e+02;6.5990068e-02;1.2750000e+02;8.1314109e-02;1.2750000e+02;9.8039135e-02;1.2750000e+02;1.1394221e-01;1.2750000e+02;1.2714805e-01;1.2750000e+02;1.3852179e-01;1.2750000e+02;1.6503811e-01;1.2750000e+02;1.9782260e-01;1.2750000e+02;2.2795552e-01;1.2750000e+02;2.3796801e-01;1.2750000e+02;2.3785242e-01;1.2750000e+02;2.2975937e-01;1.2750000e+02;2.1424480e-01;1.2750000e+02;1.7041959e-02;1.2750000e+02;2.2364456e-02;1.2750000e+02;3.0302836e-02;1.2750000e+02;4.0488012e-02;1.2750000e+02;5.2415326e-02;1.2750000e+02;6.5990068e-02;1.2750000e+02;8.1314109e-02;1.2750000e+02;9.8039135e-02;1.2750000e+02;1.1394221e-01;1.2750000e+02;1.2714805e-01;1.2750000e+02;1.3852179e-01;1.2750000e+02;1.6503811e-01;1.2750000e+02;1.9782260e-01;1.2750000e+02;2.2795552e-01;1.2750000e+02;2.3796801e-01;1.2750000e+02;2.3785242e-01;1.2750000e+02;2.2975937e-01;1.2750000e+02;2.1424480e-01;1.2750000e+02;1.7041959e-02;1.2750000e+02;2.2364456e-02;1.2750000e+02;3.0302836e-02;1.2750000e+02;4.0488012e-02;1.2750000e+02;5.2415326e-02;1.2750000e+02;6.5990068e-02;1.2750000e+02;8.1314109e-02;1.2750000e+02;9.8039135e-02;1.2750000e+02;1.1394221e-01;1.2750000e+02;1.2714805e-01;1.2750000e+02;1.3852179e-01;1.2750000e+02;1.6503811e-01;1.2750000e+02;1.9782260e-01;1.2750000e+02;2.2795552e-01;1.2750000e+02;2.3796801e-01;1.2750000e+02;2.3785242e-01;1.2750000e+02;2.2975937e-01;1.2750000e+02;2.1424480e-01;1.2750000e+02;1.7041959e-02;1.2750000e+02;2.2364456e-02;1.2750000e+02;3.0302836e-02;1.2750000e+02;4.0488012e-02;1.2750000e+02;5.2415326e-02;1.2750000e+02;6.5990068e-02;1.2750000e+02;8.1314109e-02;1.2750000e+02;9.8039135e-02;1.2750000e+02;1.1394221e-01;1.2750000e+02;1.2714805e-01;1.2750000e+02;1.3852179e-01;1.2750000e+02;1.6503811e-01;1.2750000e+02;1.9782260e-01;1.2750000e+02;2.2795552e-01;1.2750000e+02;2.3796801e-01;1.2750000e+02;2.3785242e-01;1.2750000e+02;2.2975937e-01;1.2750000e+02;2.1424480e-01;1.2750000e+02;1.7041959e-02;1.2750000e+02;2.2364456e-02;1.2750000e+02;3.0302836e-02;1.2750000e+02;4.0488012e-02;1.2750000e+02;5.2415326e-02;1.2750000e+02;6.5990068e-02;1.2750000e+02;8.1314109e-02;1.2750000e+02;9.8039135e-02;1.2750000e+02;1.1394221e-01;1.2750000e+02;1.2714805e-01;1.2750000e+02;1.3852179e-01;1.2750000e+02;1.6503811e-01;1.2750000e+02;1.9782260e-01;1.2750000e+02;2.2795552e-01;1.2750000e+02;2.3796801e-01;1.2750000e+02;2.3785242e-01;1.2750000e+02;2.2975937e-01;1.2750000e+02;2.1424480e-01;1.2750000e+02;1.7041959e-02;1.2750000e+02;2.2364456e-02;1.2750000e+02;3.0302836e-02;1.2750000e+02;4.0488012e-02;1.2750000e+02;5.2415326e-02;1.2750000e+02;6.5990068e-02;1.2750000e+02;8.1314109e-02;1.2750000e+02;9.8039135e-02;1.2750000e+02;1.1394221e-01;1.2750000e+02;1.2714805e-01;1.2750000e+02;1.3852179e-01;1.2750000e+02;1.6503811e-01;1.2750000e+02;1.9782260e-01;1.2750000e+02;2.2795552e-01;1.2750000e+02;2.3796801e-01;1.2750000e+02;2.3785242e-01;1.2750000e+02;2.2975937e-01;1.2750000e+02;2.1424480e-01;1.2750000e+02;1.7041959e-02;1.2750000e+02;2.2364456e-02;1.2750000e+02;3.0302836e-02;1.2750000e+02;4.0488012e-02;1.2750000e+02;5.2415326e-02;1.2750000e+02;6.5990068e-02;1.2750000e+02;8.1314109e-02;1.2750000e+02;9.8039135e-02;1.2750000e+02;1.1394221e-01;1.2750000e+02;1.2714805e-01;1.2750000e+02;1.3852179e-01;1.2750000e+02;1.6503811e-01;1.2750000e+02;1.9782260e-01;1.2750000e+02;2.2795552e-01;1.2750000e+02;2.3796801e-01;1.2750000e+02;2.3785242e-01;1.2750000e+02;2.2975937e-01;1.2750000e+02;2.1424480e-01;1.2750000e+02;1.7041959e-02;1.2750000e+02;2.2364456e-02;1.2750000e+02;3.0302836e-02;1.2750000e+02;4.0488012e-02;1.2750000e+02;5.2415326e-02;1.2750000e+02;6.5990068e-02;1.2750000e+02;8.1314109e-02;1.2750000e+02;9.8039135e-02;1.2750000e+02;1.1394221e-01;1.2750000e+02;1.2714805e-01;1.2750000e+02;1.3852179e-01;1.2750000e+02;1.6503811e-01;1.2750000e+02;1.9782260e-01;1.2750000e+02;2.2795552e-01;1.2750000e+02;2.3796801e-01;1.2750000e+02;2.3785242e-01;1.2750000e+02;2.2975937e-01;1.2750000e+02;2.1424480e-01;1.2750000e+02;1.7041959e-02;1.2750000e+02;2.2364456e-02;1.2750000e+02;3.0302836e-02;1.2750000e+02;4.0488012e-02;1.2750000e+02;5.2415326e-02;1.2750000e+02;6.5990068e-02;1.2750000e+02;8.1314109e-02;1.2750000e+02;9.8039135e-02;1.2750000e+02;1.1394221e-01;1.2750000e+02;1.2714805e-01;1.2750000e+02;1.3852179e-01;1.2750000e+02;1.6503811e-01;1.2750000e+02;1.9782260e-01;1.2750000e+02;2.2795552e-01;1.2750000e+02;2.3796801e-01;1.2750000e+02;2.3785242e-01;1.2750000e+02;2.2975937e-01;1.2750000e+02;2.1424480e-01;1.2750000e+02;1.7041959e-02;1.2750000e+02;2.2364456e-02;1.2750000e+02;3.0302836e-02;1.2750000e+02;4.0488012e-02;1.2750000e+02;5.2415326e-02;1.2750000e+02;6.5990068e-02;1.2750000e+02;8.1314109e-02;1.2750000e+02;9.8039135e-02;1.2750000e+02;1.1394221e-01;1.2750000e+02;1.2714805e-01;1.2750000e+02;1.3852179e-01;1.2750000e+02;1.6503811e-01;1.2750000e+02;1.9782260e-01;1.2750000e+02;2.2795552e-01;1.2750000e+02;2.3796801e-01;1.2750000e+02;2.3785242e-01;1.2750000e+02;2.2975937e-01;1.2750000e+02;2.1424480e-01;1.2750000e+02;1.7041959e-02;1.2750000e+02;2.2364456e-02;1.2750000e+02;3.0302836e-02;1.2750000e+02;4.0488012e-02;1.2750000e+02;5.2415326e-02;1.2750000e+02;6.5990068e-02;1.2750000e+02;8.1314109e-02;1.2750000e+02;9.8039135e-02;1.2750000e+02;1.1394221e-01;1.2750000e+02;1.2714805e-01;1.2750000e+02;1.3852179e-01;1.2750000e+02;1.6503811e-01;1.2750000e+02;1.9782260e-01;1.2750000e+02;2.2795552e-01;1.2750000e+02;2.3796801e-01;1.2750000e+02;2.3785242e-01;1.2750000e+02;2.2975937e-01;1.2750000e+02;2.1424480e-01;1.2750000e+02;1.7041959e-02;1.2750000e+02;2.2364456e-02;1.2750000e+02;3.0302836e-02;1.2750000e+02;4.0488012e-02;1.2750000e+02;5.2415326e-02;1.2750000e+02;6.5990068e-02;1.2750000e+02;8.1314109e-02;1.2750000e+02;9.8039135e-02;1.2750000e+02;1.1394221e-01;1.2750000e+02;1.2714805e-01;1.2750000e+02;1.3852179e-01;1.2750000e+02;1.6503811e-01;1.2750000e+02;1.9782260e-01;1.2750000e+02;2.2795552e-01;1.2750000e+02;2.3796801e-01;1.2750000e+02;2.3785242e-01;1.2750000e+02;2.2975937e-01;1.2750000e+02;2.1424480e-01;1.2750000e+02;1.7041959e-02;1.2750000e+02;2.2364456e-02;1.2750000e+02;3.0302836e-02;1.2750000e+02;4.0488012e-02;1.2750000e+02;5.2415326e-02;1.2750000e+02;6.5990068e-02;1.2750000e+02;8.1314109e-02;1.2750000e+02;9.8039135e-02;1.2750000e+02;1.1394221e-01;1.2750000e+02;1.2714805e-01;1.2750000e+02;1.3852179e-01;1.2750000e+02;1.6503811e-01;1.2750000e+02;1.9782260e-01;1.2750000e+02;2.2795552e-01;1.2750000e+02;2.3796801e-01;1.2750000e+02;2.3785242e-01;1.2750000e+02;2.2975937e-01;1.2750000e+02;2.1424480e-01;1.2750000e+02;1.7041959e-02;1.2750000e+02;2.2364456e-02;1.2750000e+02;3.0302836e-02;1.2750000e+02;4.0488012e-02;1.2750000e+02;5.2415326e-02;1.2750000e+02;6.5990068e-02;1.2750000e+02;8.1314109e-02;1.2750000e+02;9.8039135e-02;1.2750000e+02;1.1394221e-01;1.2750000e+02;1.2714805e-01;1.2750000e+02;1.3852179e-01;1.2750000e+02;1.6503811e-01;1.2750000e+02;1.9782260e-01;1.2750000e+02;2.2795552e-01;1.2750000e+02;2.3796801e-01;1.2750000e+02;2.3785242e-01;1.2750000e+02;2.2975937e-01;1.2750000e+02;2.1424480e-01;1.2750000e+02;1.7041959e-02;1.2750000e+02;2.2364456e-02;1.2750000e+02;3.0302836e-02;1.2750000e+02;4.0488012e-02;1.2750000e+02;5.2415326e-02;1.2750000e+02;6.5990068e-02;1.2750000e+02;8.1314109e-02;1.2750000e+02;9.8039135e-02;1.2750000e+02;1.1394221e-01;1.2750000e+02;1.2714805e-01;1.2750000e+02;1.3852179e-01;1.2750000e+02;1.6503811e-01;1.2750000e+02;1.9782260e-01;1.2750000e+02;2.2795552e-01;1.2750000e+02;2.3796801e-01;1.2750000e+02;2.3785242e-01;1.2750000e+02;2.2975937e-01;1.2750000e+02;2.1424480e-01;1.2750000e+02;1.7041959e-02;1.2750000e+02;2.2364456e-02;1.2750000e+02;3.0302836e-02;1.2750000e+02;4.0488012e-02;1.2750000e+02;5.2415326e-02;1.2750000e+02;6.5990068e-02;1.2750000e+02;8.1314109e-02;1.2750000e+02;9.8039135e-02;1.2750000e+02;1.1394221e-01;1.2750000e+02;1.2714805e-01;1.2750000e+02;1.3852179e-01;1.2750000e+02;1.6503811e-01;1.2750000e+02;1.9782260e-01;1.2750000e+02;2.2795552e-01;1.2750000e+02;2.3796801e-01;1.2750000e+02;2.3785242e-01;1.2750000e+02;2.2975937e-01;1.2750000e+02;2.1424480e-01;1.2750000e+02;1.7041959e-02;1.2750000e+02;2.2364456e-02;1.2750000e+02;3.0302836e-02;1.2750000e+02;4.0488012e-02;1.2750000e+02;5.2415326e-02;1.2750000e+02;6.5990068e-02;1.2750000e+02;8.1314109e-02;1.2750000e+02;9.8039135e-02;1.2750000e+02;1.1394221e-01;1.2750000e+02;1.2714805e-01;1.2750000e+02;1.3852179e-01;1.2750000e+02;1.6503811e-01;1.2750000e+02;1.9782260e-01;1.2750000e+02;2.2795552e-01;1.2750000e+02;2.3796801e-01;1.2750000e+02;2.3785242e-01;1.2750000e+02;2.2975937e-01;1.2750000e+02;2.1424480e-01;1.2750000e+02;1.7041959e-02;1.2750000e+02;2.2364456e-02;1.2750000e+02;3.0302836e-02;1.2750000e+02;4.0488012e-02;1.2750000e+02;5.2415326e-02;1.2750000e+02;6.5990068e-02;1.2750000e+02;8.1314109e-02;1.2750000e+02;9.8039135e-02;1.2750000e+02;1.1394221e-01;1.2750000e+02;1.2714805e-01;1.2750000e+02;1.3852179e-01;1.2750000e+02;1.6503811e-01;1.2750000e+02;1.9782260e-01;1.2750000e+02;2.2795552e-01;1.2750000e+02;2.3796801e-01;1.2750000e+02;2.3785242e-01;1.2750000e+02;2.2975937e-01;1.2750000e+02;2.1424480e-01;1.2750000e+02;1.7041959e-02;1.2750000e+02;2.2364456e-02;1.2750000e+02;3.0302836e-02;1.2750000e+02;4.0488012e-02;1.2750000e+02;5.2415326e-02;1.2750000e+02;6.5990068e-02;1.2750000e+02;8.1314109e-02;1.2750000e+02;9.8039135e-02;1.2750000e+02;1.1394221e-01;1.2750000e+02;1.2714805e-01;1.2750000e+02;1.3852179e-01;1.2750000e+02;1.6503811e-01;1.2750000e+02;1.9782260e-01;1.2750000e+02;2.2795552e-01;1.2750000e+02;2.3796801e-01;1.2750000e+02;2.3785242e-01;1.2750000e+02;2.2975937e-01;1.2750000e+02;2.1424480e-01;1.2750000e+02;1.7041959e-02;1.2750000e+02;2.2364456e-02;1.2750000e+02;3.0302836e-02;1.2750000e+02;4.0488012e-02;1.2750000e+02;5.2415326e-02;1.2750000e+02;6.5990068e-02;1.2750000e+02;8.1314109e-02;1.2750000e+02;9.8039135e-02;1.2750000e+02;1.1394221e-01;1.2750000e+02;1.2714805e-01;1.2750000e+02;1.3852179e-01;1.2750000e+02;1.6503811e-01;1.2750000e+02;1.9782260e-01;1.2750000e+02;2.2795552e-01;1.2750000e+02;2.3796801e-01;1.2750000e+02;2.3785242e-01;1.2750000e+02;2.2975937e-01;1.2750000e+02;2.1424480e-01;1.2750000e+02;1.7041959e-02;1.2750000e+02;2.2364456e-02;1.2750000e+02;3.0302836e-02;1.2750000e+02;4.0488012e-02;1.2750000e+02;5.2415326e-02;1.2750000e+02;6.5990068e-02;1.2750000e+02;8.1314109e-02;1.2750000e+02;9.8039135e-02;1.2750000e+02;1.1394221e-01;1.2750000e+02;1.2714805e-01;1.2750000e+02;1.3852179e-01;1.2750000e+02;1.6503811e-01;1.2750000e+02;1.9782260e-01;1.2750000e+02;2.2795552e-01;1.2750000e+02;2.3796801e-01;1.2750000e+02;2.3785242e-01;1.2750000e+02;2.2975937e-01;1.2750000e+02;2.1424480e-01;1.2750000e+02;1.7041959e-02;1.2750000e+02;2.2364456e-02;1.2750000e+02;3.0302836e-02;1.2750000e+02;4.0488012e-02;1.2750000e+02;5.2415326e-02;1.2750000e+02;6.5990068e-02;1.2750000e+02;8.1314109e-02;1.2750000e+02;9.8039135e-02;1.2750000e+02;1.1394221e-01;1.2750000e+02;1.2714805e-01;1.2750000e+02;1.3852179e-01;1.2750000e+02;1.6503811e-01;1.2750000e+02;1.9782260e-01;1.2750000e+02;2.2795552e-01;1.2750000e+02;2.3796801e-01;1.2750000e+02;2.3785242e-01;1.2750000e+02;2.2975937e-01;1.2750000e+02;2.1424480e-01;1.2750000e+02;1.7041959e-02;1.2750000e+02;2.2364456e-02;1.2750000e+02;3.0302836e-02;1.2750000e+02;4.0488012e-02;1.2750000e+02;5.2415326e-02;1.2750000e+02;6.5990068e-02;1.2750000e+02;8.1314109e-02;1.2750000e+02;9.8039135e-02;1.2750000e+02;1.1394221e-01;1.2750000e+02;1.2714805e-01;1.2750000e+02;1.3852179e-01;1.2750000e+02;1.6503811e-01;1.2750000e+02;1.9782260e-01;1.2750000e+02;2.2795552e-01;1.2750000e+02;2.3796801e-01;1.2750000e+02;2.3785242e-01;1.2750000e+02;2.2975937e-01;1.2750000e+02;2.1424480e-01;1.2750000e+02;1.7041959e-02;1.2750000e+02;2.2364456e-02;1.2750000e+02;3.0302836e-02;1.2750000e+02;4.0488012e-02;1.2750000e+02;5.2415326e-02;1.2750000e+02;6.5990068e-02;1.2750000e+02;8.1314109e-02;1.2750000e+02;9.8039135e-02;1.2750000e+02;1.1394221e-01;1.2750000e+02;1.2714805e-01;1.2750000e+02;1.3852179e-01;1.2750000e+02;1.6503811e-01;1.2750000e+02;1.9782260e-01;1.2750000e+02;2.2795552e-01;1.2750000e+02;2.3796801e-01;1.2750000e+02;2.3785242e-01;1.2750000e+02;2.2975937e-01;1.2750000e+02;2.1424480e-01;1.2750000e+02;1.7041959e-02;1.2750000e+02;2.2364456e-02;1.2750000e+02;3.0302836e-02;1.2750000e+02;4.0488012e-02;1.2750000e+02;5.2415326e-02;1.2750000e+02;6.5990068e-02;1.2750000e+02;8.1314109e-02;1.2750000e+02;9.8039135e-02;1.2750000e+02;1.1394221e-01;1.2750000e+02;1.2714805e-01;1.2750000e+02;1.3852179e-01;1.2750000e+02;1.6503811e-01;1.2750000e+02;1.9782260e-01;1.2750000e+02;2.2795552e-01;1.2750000e+02;2.3796801e-01;1.2750000e+02;2.3785242e-01;1.2750000e+02;2.2975937e-01;1.2750000e+02;2.1424480e-01;1.2750000e+02;1.7041959e-02;1.2750000e+02;2.2364456e-02;1.2750000e+02;3.0302836e-02;1.2750000e+02;4.0488012e-02;1.2750000e+02;5.2415326e-02;1.2750000e+02;6.5990068e-02;1.2750000e+02;8.1314109e-02;1.2750000e+02;9.8039135e-02;1.2750000e+02;1.1394221e-01;1.2750000e+02;1.2714805e-01;1.2750000e+02;1.3852179e-01;1.2750000e+02;1.6503811e-01;1.2750000e+02;1.9782260e-01;1.2750000e+02;2.2795552e-01;1.2750000e+02;2.3796801e-01;1.2750000e+02;2.3785242e-01;1.2750000e+02;2.2975937e-01;1.2750000e+02;2.1424480e-01;1.2750000e+02;1.7041959e-02;1.2750000e+02;2.2364456e-02;1.2750000e+02;3.0302836e-02;1.2750000e+02;4.0488012e-02;1.2750000e+02;5.2415326e-02;1.2750000e+02;6.5990068e-02;1.2750000e+02;8.1314109e-02;1.2750000e+02;9.8039135e-02;1.2750000e+02;1.1394221e-01;1.2750000e+02;1.2714805e-01;1.2750000e+02;1.3852179e-01;1.2750000e+02;1.6503811e-01;1.2750000e+02;1.9782260e-01;1.2750000e+02;2.2795552e-01;1.2750000e+02;2.3796801e-01;1.2750000e+02;2.3785242e-01;1.2750000e+02;2.2975937e-01;1.2750000e+02;2.1424480e-01;1.2750000e+02;1.7041959e-02;1.2750000e+02;2.2364456e-02;1.2750000e+02;3.0302836e-02;1.2750000e+02;4.0488012e-02;1.2750000e+02;5.2415326e-02;1.2750000e+02;6.5990068e-02;1.2750000e+02;8.1314109e-02;1.2750000e+02;9.8039135e-02;1.2750000e+02;1.1394221e-01;1.2750000e+02;1.2714805e-01;1.2750000e+02;1.3852179e-01;1.2750000e+02;1.6503811e-01;1.2750000e+02;1.9782260e-01;1.2750000e+02;2.2795552e-01;1.2750000e+02;2.3796801e-01;1.2750000e+02;2.3785242e-01;1.2750000e+02;2.2975937e-01;1.2750000e+02;2.1424480e-01;1.2750000e+02;1.7041959e-02;1.2750000e+02;2.2364456e-02;1.2750000e+02;3.0302836e-02;1.2750000e+02;4.0488012e-02;1.2750000e+02;5.2415326e-02;1.2750000e+02;6.5990068e-02;1.2750000e+02;8.1314109e-02;1.2750000e+02;9.8039135e-02;1.2750000e+02;1.1394221e-01;1.2750000e+02;1.2714805e-01;1.2750000e+02;1.3852179e-01;1.2750000e+02;1.6503811e-01;1.2750000e+02;1.9782260e-01;1.2750000e+02;2.2795552e-01;1.2750000e+02;2.3796801e-01;1.2750000e+02;2.3785242e-01;1.2750000e+02;2.2975937e-01;1.2750000e+02;2.1424480e-01;1.2750000e+02;1.7041959e-02;1.2750000e+02;2.2364456e-02;1.2750000e+02;3.0302836e-02;1.2750000e+02;4.0488012e-02;1.2750000e+02;5.2415326e-02;1.2750000e+02;6.5990068e-02;1.2750000e+02;8.1314109e-02;1.2750000e+02;9.8039135e-02;1.2750000e+02;1.1394221e-01;1.2750000e+02;1.2714805e-01;1.2750000e+02;1.3852179e-01;1.2750000e+02;1.6503811e-01;1.2750000e+02;1.9782260e-01;1.2750000e+02;2.2795552e-01;1.2750000e+02;2.3796801e-01;1.2750000e+02;2.3785242e-01;1.2750000e+02;2.2975937e-01;1.2750000e+02;2.1424480e-01;1.2750000e+02;1.7041959e-02;1.2750000e+02;2.2364456e-02;1.2750000e+02;3.0302836e-02;1.2750000e+02;4.0488012e-02;1.2750000e+02;5.2415326e-02;1.2750000e+02;6.5990068e-02;1.2750000e+02;8.1314109e-02;1.2750000e+02;9.8039135e-02;1.2750000e+02;1.1394221e-01;1.2750000e+02;1.2714805e-01;1.2750000e+02;1.3852179e-01;1.2750000e+02;1.6503811e-01;1.2750000e+02;1.9782260e-01;1.2750000e+02;2.2795552e-01;1.2750000e+02;2.3796801e-01;1.2750000e+02;2.3785242e-01;1.2750000e+02;2.2975937e-01;1.2750000e+02;2.1424480e-01;1.2750000e+02;1.7041959e-02;1.2750000e+02;2.2364456e-02;1.2750000e+02;3.0302836e-02;1.2750000e+02;4.0488012e-02;1.2750000e+02;5.2415326e-02;1.2750000e+02;6.5990068e-02;1.2750000e+02;8.1314109e-02;1.2750000e+02;9.8039135e-02;1.2750000e+02;1.1394221e-01;1.2750000e+02;1.2714805e-01;1.2750000e+02;1.3852179e-01;1.2750000e+02;1.6503811e-01;1.2750000e+02;1.9782260e-01;1.2750000e+02;2.2795552e-01;1.2750000e+02;2.3796801e-01;1.2750000e+02;2.3785242e-01;1.2750000e+02;2.2975937e-01;1.2750000e+02;2.1424480e-01;1.2750000e+02;1.7041959e-02;1.2750000e+02;2.2364456e-02;1.2750000e+02;3.0302836e-02;1.2750000e+02;4.0488012e-02;1.2750000e+02;5.2415326e-02;1.2750000e+02;6.5990068e-02;1.2750000e+02;8.1314109e-02;1.2750000e+02;9.8039135e-02;1.2750000e+02;1.1394221e-01;1.2750000e+02;1.2714805e-01;1.2750000e+02;1.3852179e-01;1.2750000e+02;1.6503811e-01;1.2750000e+02;1.9782260e-01;1.2750000e+02;2.2795552e-01;1.2750000e+02;2.3796801e-01;1.2750000e+02;2.3785242e-01;1.2750000e+02;2.2975937e-01;1.2750000e+02;2.1424480e-01;1.2750000e+02;1.7041959e-02;1.2750000e+02;2.2364456e-02;1.2750000e+02;3.0302836e-02;1.2750000e+02;4.0488012e-02;1.2750000e+02;5.2415326e-02;1.2750000e+02;6.5990068e-02;1.2750000e+02;8.1314109e-02;1.2750000e+02;9.8039135e-02;1.2750000e+02;1.1394221e-01;1.2750000e+02;1.2714805e-01;1.2750000e+02;1.3852179e-01;1.2750000e+02;1.6503811e-01;1.2750000e+02;1.9782260e-01;1.2750000e+02;2.2795552e-01;1.2750000e+02;2.3796801e-01;1.2750000e+02;2.3785242e-01;1.2750000e+02;2.2975937e-01;1.2750000e+02;2.1424480e-01;1.2750000e+02;1.7041959e-02;1.2750000e+02;2.2364456e-02;1.2750000e+02;3.0302836e-02;1.2750000e+02;4.0488012e-02;1.2750000e+02;5.2415326e-02;1.2750000e+02;6.5990068e-02;1.2750000e+02;8.1314109e-02;1.2750000e+02;9.8039135e-02;1.2750000e+02;1.1394221e-01;1.2750000e+02;1.2714805e-01;1.2750000e+02;1.3852179e-01;1.2750000e+02;1.6503811e-01;1.2750000e+02;1.9782260e-01;1.2750000e+02;2.2795552e-01;1.2750000e+02;2.3796801e-01;1.2750000e+02;2.3785242e-01;1.2750000e+02;2.2975937e-01;1.2750000e+02;2.1424480e-01;1.2750000e+02;1.7041959e-02;1.2750000e+02;2.2364456e-02;1.2750000e+02;3.0302836e-02;1.2750000e+02;4.0488012e-02;1.2750000e+02;5.2415326e-02;1.2750000e+02;6.5990068e-02;1.2750000e+02;8.1314109e-02;1.2750000e+02;9.8039135e-02;1.2750000e+02;1.1394221e-01;1.2750000e+02;1.2714805e-01;1.2750000e+02;1.3852179e-01;1.2750000e+02;1.6503811e-01;1.2750000e+02;1.9782260e-01;1.2750000e+02;2.2795552e-01;1.2750000e+02;2.3796801e-01;1.2750000e+02;2.3785242e-01;1.2750000e+02;2.2975937e-01;1.2750000e+02;2.1424480e-01;1.2750000e+02;1.7041959e-02;1.2750000e+02;2.2364456e-02;1.2750000e+02;3.0302836e-02;1.2750000e+02;4.0488012e-02;1.2750000e+02;5.2415326e-02;1.2750000e+02;6.5990068e-02;1.2750000e+02;8.1314109e-02;1.2750000e+02;9.8039135e-02;1.2750000e+02;1.1394221e-01;1.2750000e+02;1.2714805e-01;1.2750000e+02;1.3852179e-01;1.2750000e+02;1.6503811e-01;1.2750000e+02;1.9782260e-01;1.2750000e+02;2.2795552e-01;1.2750000e+02;2.3796801e-01;1.2750000e+02;2.3785242e-01;1.2750000e+02;2.2975937e-01;1.2750000e+02;2.1424480e-01;1.2750000e+02;1.7041959e-02;1.2750000e+02;2.2364456e-02;1.2750000e+02;3.0302836e-02;1.2750000e+02;4.0488012e-02;1.2750000e+02;5.2415326e-02;1.2750000e+02;6.5990068e-02;1.2750000e+02;8.1314109e-02;1.2750000e+02;9.8039135e-02;1.2750000e+02;1.1394221e-01;1.2750000e+02;1.2714805e-01;1.2750000e+02;1.3852179e-01;1.2750000e+02;1.6503811e-01;1.2750000e+02;1.9782260e-01;1.2750000e+02;2.2795552e-01;1.2750000e+02;2.3796801e-01;1.2750000e+02;2.3785242e-01;1.2750000e+02;2.2975937e-01;1.2750000e+02;2.1424480e-01;1.2750000e+02;1.7041959e-02;1.2750000e+02;2.2364456e-02;1.2750000e+02;3.0302836e-02;1.2750000e+02;4.0488012e-02;1.2750000e+02;5.2415326e-02;1.2750000e+02;6.5990068e-02;1.2750000e+02;8.1314109e-02;1.2750000e+02;9.8039135e-02;1.2750000e+02;1.1394221e-01;1.2750000e+02;1.2714805e-01;1.2750000e+02;1.3852179e-01;1.2750000e+02;1.6503811e-01;1.2750000e+02;1.9782260e-01;1.2750000e+02;2.2795552e-01;1.2750000e+02;2.3796801e-01;1.2750000e+02;2.3785242e-01;1.2750000e+02;2.2975937e-01;1.2750000e+02;2.1424480e-01;1.2750000e+02;1.7041959e-02;1.2750000e+02;2.2364456e-02;1.2750000e+02;3.0302836e-02;1.2750000e+02;4.0488012e-02;1.2750000e+02;5.2415326e-02;1.2750000e+02;6.5990068e-02;1.2750000e+02;8.1314109e-02;1.2750000e+02;9.8039135e-02;1.2750000e+02;1.1394221e-01;1.2750000e+02;1.2714805e-01;1.2750000e+02;1.3852179e-01;1.2750000e+02;1.6503811e-01;1.2750000e+02;1.9782260e-01;1.2750000e+02;2.2795552e-01;1.2750000e+02;2.3796801e-01;1.2750000e+02;2.3785242e-01;1.2750000e+02;2.2975937e-01;1.2750000e+02;2.1424480e-01;1.2750000e+02;1.7041959e-02;1.2750000e+02;2.2364456e-02;1.2750000e+02;3.0302836e-02;1.2750000e+02;4.0488012e-02;1.2750000e+02;5.2415326e-02;1.2750000e+02;6.5990068e-02;1.2750000e+02;8.1314109e-02;1.2750000e+02;9.8039135e-02;1.2750000e+02;1.1394221e-01;1.2750000e+02;1.2714805e-01;1.2750000e+02;1.3852179e-01;1.2750000e+02;1.6503811e-01;1.2750000e+02;1.9782260e-01;1.2750000e+02;2.2795552e-01;1.2750000e+02;2.3796801e-01;1.2750000e+02;2.3785242e-01;1.2750000e+02;2.2975937e-01;1.2750000e+02;2.1424480e-01;1.2750000e+02;1.7041959e-02;1.2750000e+02;2.2364456e-02;1.2750000e+02;3.0302836e-02;1.2750000e+02;4.0488012e-02;1.2750000e+02;5.2415326e-02;1.2750000e+02;6.5990068e-02;1.2750000e+02;8.1314109e-02;1.2750000e+02;9.8039135e-02;1.2750000e+02;1.1394221e-01;1.2750000e+02;1.2714805e-01;1.2750000e+02;1.3852179e-01;1.2750000e+02;1.6503811e-01;1.2750000e+02;1.9782260e-01;1.2750000e+02;2.2795552e-01;1.2750000e+02;2.3796801e-01;1.2750000e+02;2.3785242e-01;1.2750000e+02;2.2975937e-01;1.2750000e+02;2.1424480e-01;1.2750000e+02;1.7041959e-02;1.2750000e+02;2.2364456e-02;1.2750000e+02;3.0302836e-02;1.2750000e+02;4.0488012e-02;1.2750000e+02;5.2415326e-02;1.2750000e+02;6.5990068e-02;1.2750000e+02;8.1314109e-02;1.2750000e+02;9.8039135e-02;1.2750000e+02;1.1394221e-01;1.2750000e+02;1.2714805e-01;1.2750000e+02;1.3852179e-01;1.2750000e+02;1.6503811e-01;1.2750000e+02;1.9782260e-01;1.2750000e+02;2.2795552e-01;1.2750000e+02;2.3796801e-01;1.2750000e+02;2.3785242e-01;1.2750000e+02;2.2975937e-01;1.2750000e+02;2.1424480e-01;1.2750000e+02;1.7041959e-02;1.2750000e+02;2.2364456e-02;1.2750000e+02;3.0302836e-02;1.2750000e+02;4.0488012e-02;1.2750000e+02;5.2415326e-02;1.2750000e+02;6.5990068e-02;1.2750000e+02;8.1314109e-02;1.2750000e+02;9.8039135e-02;1.2750000e+02;1.1394221e-01;1.2750000e+02;1.2714805e-01;1.2750000e+02;1.3852179e-01;1.2750000e+02;1.6503811e-01;1.2750000e+02;1.9782260e-01;1.2750000e+02;2.2795552e-01;1.2750000e+02;2.3796801e-01;1.2750000e+02;2.3785242e-01;1.2750000e+02;2.2975937e-01;1.2750000e+02;2.1424480e-01;1.2750000e+02;1.7041959e-02;1.2750000e+02;2.2364456e-02;1.2750000e+02;3.0302836e-02;1.2750000e+02;4.0488012e-02;1.2750000e+02;5.2415326e-02;1.2750000e+02;6.5990068e-02;1.2750000e+02;8.1314109e-02;1.2750000e+02;9.8039135e-02;1.2750000e+02;1.1394221e-01;1.2750000e+02;1.2714805e-01;1.2750000e+02;1.3852179e-01;1.2750000e+02;1.6503811e-01;1.2750000e+02;1.9782260e-01;1.2750000e+02;2.2795552e-01;1.2750000e+02;2.3796801e-01;1.2750000e+02;2.3785242e-01;1.2750000e+02;2.2975937e-01;1.2750000e+02;2.1424480e-01;1.2750000e+02;1.7041959e-02;1.2750000e+02;2.2364456e-02;1.2750000e+02;3.0302836e-02;1.2750000e+02;4.0488012e-02;1.2750000e+02;5.2415326e-02;1.2750000e+02;6.5990068e-02;1.2750000e+02;8.1314109e-02;1.2750000e+02;9.8039135e-02;1.2750000e+02;1.1394221e-01;1.2750000e+02;1.2714805e-01;1.2750000e+02;1.3852179e-01;1.2750000e+02;1.6503811e-01;1.2750000e+02;1.9782260e-01;1.2750000e+02;2.2795552e-01;1.2750000e+02;2.3796801e-01;1.2750000e+02;2.3785242e-01;1.2750000e+02;2.2975937e-01;1.2750000e+02;2.1424480e-01;1.2750000e+02;1.7041959e-02;1.2750000e+02;2.2364456e-02;1.2750000e+02;3.0302836e-02;1.2750000e+02;4.0488012e-02;1.2750000e+02;5.2415326e-02;1.2750000e+02;6.5990068e-02;1.2750000e+02;8.1314109e-02;1.2750000e+02;9.8039135e-02;1.2750000e+02;1.1394221e-01;1.2750000e+02;1.2714805e-01;1.2750000e+02;1.3852179e-01;1.2750000e+02;1.6503811e-01;1.2750000e+02;1.9782260e-01;1.2750000e+02;2.2795552e-01;1.2750000e+02;2.3796801e-01;1.2750000e+02;2.3785242e-01;1.2750000e+02;2.2975937e-01;1.2750000e+02;2.1424480e-01;1.2750000e+02;1.7041959e-02;1.2750000e+02;2.2364456e-02;1.2750000e+02;3.0302836e-02;1.2750000e+02;4.0488012e-02;1.2750000e+02;5.2415326e-02;1.2750000e+02;6.5990068e-02;1.2750000e+02;8.1314109e-02;1.2750000e+02;9.8039135e-02;1.2750000e+02;1.1394221e-01;1.2750000e+02;1.2714805e-01;1.2750000e+02;1.3852179e-01;1.2750000e+02;1.6503811e-01;1.2750000e+02;1.9782260e-01;1.2750000e+02;2.2795552e-01;1.2750000e+02;2.3796801e-01;1.2750000e+02;2.3785242e-01;1.2750000e+02;2.2975937e-01;1.2750000e+02;2.1424480e-01;1.2750000e+02;1.7041959e-02;1.2750000e+02;2.2364456e-02;1.2750000e+02;3.0302836e-02;1.2750000e+02;4.0488012e-02;1.2750000e+02;5.2415326e-02;1.2750000e+02;6.5990068e-02;1.2750000e+02;8.1314109e-02;1.2750000e+02;9.8039135e-02;1.2750000e+02;1.1394221e-01;1.2750000e+02;1.2714805e-01;1.2750000e+02;1.3852179e-01;1.2750000e+02;1.6503811e-01;1.2750000e+02;1.9782260e-01;1.2750000e+02;2.2795552e-01;1.2750000e+02;2.3796801e-01;1.2750000e+02;2.3785242e-01;1.2750000e+02;2.2975937e-01;1.2750000e+02;2.1424480e-01;1.2750000e+02;1.7041959e-02;1.2750000e+02;2.2364456e-02;1.2750000e+02;3.0302836e-02;1.2750000e+02;4.0488012e-02;1.2750000e+02;5.2415326e-02;1.2750000e+02;6.5990068e-02;1.2750000e+02;8.1314109e-02;1.2750000e+02;9.8039135e-02;1.2750000e+02;1.1394221e-01;1.2750000e+02;1.2714805e-01;1.2750000e+02;1.3852179e-01;1.2750000e+02;1.6503811e-01;1.2750000e+02;1.9782260e-01;1.2750000e+02;2.2795552e-01;1.2750000e+02;2.3796801e-01;1.2750000e+02;2.3785242e-01;1.2750000e+02;2.2975937e-01;1.2750000e+02;2.1424480e-01;1.2750000e+02;1.7041959e-02;1.2750000e+02;2.2364456e-02;1.2750000e+02;3.0302836e-02;1.2750000e+02;4.0488012e-02;1.2750000e+02;5.2415326e-02;1.2750000e+02;6.5990068e-02;1.2750000e+02;8.1314109e-02;1.2750000e+02;9.8039135e-02;1.2750000e+02;1.1394221e-01;1.2750000e+02;1.2714805e-01;1.2750000e+02;1.3852179e-01;1.2750000e+02;1.6503811e-01;1.2750000e+02;1.9782260e-01;1.2750000e+02;2.2795552e-01;1.2750000e+02;2.3796801e-01;1.2750000e+02;2.3785242e-01;1.2750000e+02;2.2975937e-01;1.2750000e+02;2.1424480e-01;1.2750000e+02;1.7041959e-02;1.2750000e+02;2.2364456e-02;1.2750000e+02;3.0302836e-02;1.2750000e+02;4.0488012e-02;1.2750000e+02;5.2415326e-02;1.2750000e+02;6.5990068e-02;1.2750000e+02;8.1314109e-02;1.2750000e+02;9.8039135e-02;1.2750000e+02;1.1394221e-01;1.2750000e+02;1.2714805e-01;1.2750000e+02;1.3852179e-01;1.2750000e+02;1.6503811e-01;1.2750000e+02;1.9782260e-01;1.2750000e+02;2.2795552e-01;1.2750000e+02;2.3796801e-01;1.2750000e+02;2.3785242e-01;1.2750000e+02;2.2975937e-01;1.2750000e+02;2.1424480e-01;1.2750000e+02;1.7041959e-02;1.2750000e+02;2.2364456e-02;1.2750000e+02;3.0302836e-02;1.2750000e+02;4.0488012e-02;1.2750000e+02;5.2415326e-02;1.2750000e+02;6.5990068e-02;1.2750000e+02;8.1314109e-02;1.2750000e+02;9.8039135e-02;1.2750000e+02;1.1394221e-01;1.2750000e+02;1.2714805e-01;1.2750000e+02;1.3852179e-01;1.2750000e+02;1.6503811e-01;1.2750000e+02;1.9782260e-01;1.2750000e+02;2.2795552e-01;1.2750000e+02;2.3796801e-01;1.2750000e+02;2.3785242e-01;1.2750000e+02;2.2975937e-01;1.2750000e+02;2.1424480e-01;1.2750000e+02;1.7041959e-02;1.2750000e+02;2.2364456e-02;1.2750000e+02;3.0302836e-02;1.2750000e+02;4.0488012e-02;1.2750000e+02;5.2415326e-02;1.2750000e+02;6.5990068e-02;1.2750000e+02;8.1314109e-02;1.2750000e+02;9.8039135e-02;1.2750000e+02;1.1394221e-01;1.2750000e+02;1.2714805e-01;1.2750000e+02;1.3852179e-01;1.2750000e+02;1.6503811e-01;1.2750000e+02;1.9782260e-01;1.2750000e+02;2.2795552e-01;1.2750000e+02;2.3796801e-01;1.2750000e+02;2.3785242e-01;1.2750000e+02;2.2975937e-01;1.2750000e+02;2.1424480e-01;1.2750000e+02;1.7041959e-02;1.2750000e+02;2.2364456e-02;1.2750000e+02;3.0302836e-02;1.2750000e+02;4.0488012e-02;1.2750000e+02;5.2415326e-02;1.2750000e+02;6.5990068e-02;1.2750000e+02;8.1314109e-02;1.2750000e+02;9.8039135e-02;1.2750000e+02;1.1394221e-01;1.2750000e+02;1.2714805e-01;1.2750000e+02;1.3852179e-01;1.2750000e+02;1.6503811e-01;1.2750000e+02;1.9782260e-01;1.2750000e+02;2.2795552e-01;1.2750000e+02;2.3796801e-01;1.2750000e+02;2.3785242e-01;1.2750000e+02;2.2975937e-01;1.2750000e+02;2.1424480e-01;1.2750000e+02;1.7041959e-02;1.2750000e+02;2.2364456e-02;1.2750000e+02;3.0302836e-02;1.2750000e+02;4.0488012e-02;1.2750000e+02;5.2415326e-02;1.2750000e+02;6.5990068e-02;1.2750000e+02;8.1314109e-02;1.2750000e+02;9.8039135e-02;1.2750000e+02;1.1394221e-01;1.2750000e+02;1.2714805e-01;1.2750000e+02;1.3852179e-01;1.2750000e+02;1.6503811e-01;1.2750000e+02;1.9782260e-01;1.2750000e+02;2.2795552e-01;1.2750000e+02;2.3796801e-01;1.2750000e+02;2.3785242e-01;1.2750000e+02;2.2975937e-01;1.2750000e+02;2.1424480e-01;1.2750000e+02;1.7041959e-02;1.2750000e+02;2.2364456e-02;1.2750000e+02;3.0302836e-02;1.2750000e+02;4.0488012e-02;1.2750000e+02;5.2415326e-02;1.2750000e+02;6.5990068e-02;1.2750000e+02;8.1314109e-02;1.2750000e+02;9.8039135e-02;1.2750000e+02;1.1394221e-01;1.2750000e+02;1.2714805e-01;1.2750000e+02;1.3852179e-01;1.2750000e+02;1.6503811e-01;1.2750000e+02;1.9782260e-01;1.2750000e+02;2.2795552e-01;1.2750000e+02;2.3796801e-01;1.2750000e+02;2.3785242e-01;1.2750000e+02;2.2975937e-01;1.2750000e+02;2.1424480e-01;1.2750000e+02;1.7041959e-02;1.2750000e+02;2.2364456e-02;1.2750000e+02;3.0302836e-02;1.2750000e+02;4.0488012e-02;1.2750000e+02;5.2415326e-02;1.2750000e+02;6.5990068e-02;1.2750000e+02;8.1314109e-02;1.2750000e+02;9.8039135e-02;1.2750000e+02;1.1394221e-01;1.2750000e+02;1.2714805e-01;1.2750000e+02;1.3852179e-01;1.2750000e+02;1.6503811e-01;1.2750000e+02;1.9782260e-01;1.2750000e+02;2.2795552e-01;1.2750000e+02;2.3796801e-01;1.2750000e+02;2.3785242e-01;1.2750000e+02;2.2975937e-01;1.2750000e+02;2.1424480e-01;1.2750000e+02;1.7041959e-02;1.2750000e+02;2.2364456e-02;1.2750000e+02;3.0302836e-02;1.2750000e+02;4.0488012e-02;1.2750000e+02;5.2415326e-02;1.2750000e+02;6.5990068e-02;1.2750000e+02;8.1314109e-02;1.2750000e+02;9.8039135e-02;1.2750000e+02;1.1394221e-01;1.2750000e+02;1.2714805e-01;1.2750000e+02;1.3852179e-01;1.2750000e+02;1.6503811e-01;1.2750000e+02;1.9782260e-01;1.2750000e+02;2.2795552e-01;1.2750000e+02;2.3796801e-01;1.2750000e+02;2.3785242e-01;1.2750000e+02;2.2975937e-01;1.2750000e+02;2.1424480e-01
1.3250000e+02;1.8517908e-02;1.3250000e+02;2.4673142e-02;1.3250000e+02;3.3209063e-02;1.3250000e+02;4.4062763e-02;1.3250000e+02;5.6624107e-02;1.3250000e+02;7.0812836e-02;1.3250000e+02;8.7012343e-02;1.3250000e+02;1.0372602e-01;1.3250000e+02;1.2048702e-01;1.3250000e+02;1.3427277e-01;1.3250000e+02;1.4743626e-01;1.3250000e+02;1.7515989e-01;1.3250000e+02;2.0717598e-01;1.3250000e+02;2.3312742e-01;1.3250000e+02;2.4022841e-01;1.3250000e+02;2.3781553e-01;1.3250000e+02;2.2753364e-01;1.3250000e+02;2.1007395e-01;1.3250000e+02;1.8517908e-02;1.3250000e+02;2.4673142e-02;1.3250000e+02;3.3209063e-02;1.3250000e+02;4.4062763e-02;1.3250000e+02;5.6624107e-02;1.3250000e+02;7.0812836e-02;1.3250000e+02;8.7012343e-02;1.3250000e+02;1.0372602e-01;1.3250000e+02;1.2048702e-01;1.3250000e+02;1.3427277e-01;1.3250000e+02;1.4743626e-01;1.3250000e+02;1.7515989e-01;1.3250000e+02;2.0717598e-01;1.3250000e+02;2.3312742e-01;1.3250000e+02;2.4022841e-01;1.3250000e+02;2.3781553e-01;1.3250000e+02;2.2753364e-01;1.3250000e+02;2.1007395e-01;1.3250000e+02;1.8517908e-02;1.3250000e+02;2.4673142e-02;1.3250000e+02;3.3209063e-02;1.3250000e+02;4.4062763e-02;1.3250000e+02;5.6624107e-02;1.3250000e+02;7.0812836e-02;1.3250000e+02;8.7012343e-02;1.3250000e+02;1.0372602e-01;1.3250000e+02;1.2048702e-01;1.3250000e+02;1.3427277e-01;1.3250000e+02;1.4743626e-01;1.3250000e+02;1.7515989e-01;1.3250000e+02;2.0717598e-01;1.3250000e+02;2.3312742e-01;1.3250000e+02;2.4022841e-01;1.3250000e+02;2.3781553e-01;1.3250000e+02;2.2753364e-01;1.3250000e+02;2.1007395e-01;1.3250000e+02;1.8517908e-02;1.3250000e+02;2.4673142e-02;1.3250000e+02;3.3209063e-02;1.3250000e+02;4.4062763e-02;1.3250000e+02;5.6624107e-02;1.3250000e+02;7.0812836e-02;1.3250000e+02;8.7012343e-02;1.3250000e+02;1.0372602e-01;1.3250000e+02;1.2048702e-01;1.3250000e+02;1.3427277e-01;1.3250000e+02;1.4743626e-01;1.3250000e+02;1.7515989e-01;1.3250000e+02;2.0717598e-01;1.3250000e+02;2.3312742e-01;1.3250000e+02;2.4022841e-01;1.3250000e+02;2.3781553e-01;1.3250000e+02;2.2753364e-01;1.3250000e+02;2.1007395e-01;1.3250000e+02;1.8517908e-02;1.3250000e+02;2.4673142e-02;1.3250000e+02;3.3209063e-02;1.3250000e+02;4.4062763e-02;1.3250000e+02;5.6624107e-02;1.3250000e+02;7.0812836e-02;1.3250000e+02;8.7012343e-02;1.3250000e+02;1.0372602e-01;1.3250000e+02;1.2048702e-01;1.3250000e+02;1.3427277e-01;1.3250000e+02;1.4743626e-01;1.3250000e+02;1.7515989e-01;1.3250000e+02;2.0717598e-01;1.3250000e+02;2.3312742e-01;1.3250000e+02;2.4022841e-01;1.3250000e+02;2.3781553e-01;1.3250000e+02;2.2753364e-01;1.3250000e+02;2.1007395e-01;1.3250000e+02;1.8517908e-02;1.3250000e+02;2.4673142e-02;1.3250000e+02;3.3209063e-02;1.3250000e+02;4.4062763e-02;1.3250000e+02;5.6624107e-02;1.3250000e+02;7.0812836e-02;1.3250000e+02;8.7012343e-02;1.3250000e+02;1.0372602e-01;1.3250000e+02;1.2048702e-01;1.3250000e+02;1.3427277e-01;1.3250000e+02;1.4743626e-01;1.3250000e+02;1.7515989e-01;1.3250000e+02;2.0717598e-01;1.3250000e+02;2.3312742e-01;1.3250000e+02;2.4022841e-01;1.3250000e+02;2.3781553e-01;1.3250000e+02;2.2753364e-01;1.3250000e+02;2.1007395e-01;1.3250000e+02;1.8517908e-02;1.3250000e+02;2.4673142e-02;1.3250000e+02;3.3209063e-02;1.3250000e+02;4.4062763e-02;1.3250000e+02;5.6624107e-02;1.3250000e+02;7.0812836e-02;1.3250000e+02;8.7012343e-02;1.3250000e+02;1.0372602e-01;1.3250000e+02;1.2048702e-01;1.3250000e+02;1.3427277e-01;1.3250000e+02;1.4743626e-01;1.3250000e+02;1.7515989e-01;1.3250000e+02;2.0717598e-01;1.3250000e+02;2.3312742e-01;1.3250000e+02;2.4022841e-01;1.3250000e+02;2.3781553e-01;1.3250000e+02;2.2753364e-01;1.3250000e+02;2.1007395e-01;1.3250000e+02;1.8517908e-02;1.3250000e+02;2.4673142e-02;1.3250000e+02;3.3209063e-02;1.3250000e+02;4.4062763e-02;1.3250000e+02;5.6624107e-02;1.3250000e+02;7.0812836e-02;1.3250000e+02;8.7012343e-02;1.3250000e+02;1.0372602e-01;1.3250000e+02;1.2048702e-01;1.3250000e+02;1.3427277e-01;1.3250000e+02;1.4743626e-01;1.3250000e+02;1.7515989e-01;1.3250000e+02;2.0717598e-01;1.3250000e+02;2.3312742e-01;1.3250000e+02;2.4022841e-01;1.3250000e+02;2.3781553e-01;1.3250000e+02;2.2753364e-01;1.3250000e+02;2.1007395e-01;1.3250000e+02;1.8517908e-02;1.3250000e+02;2.4673142e-02;1.3250000e+02;3.3209063e-02;1.3250000e+02;4.4062763e-02;1.3250000e+02;5.6624107e-02;1.3250000e+02;7.0812836e-02;1.3250000e+02;8.7012343e-02;1.3250000e+02;1.0372602e-01;1.3250000e+02;1.2048702e-01;1.3250000e+02;1.3427277e-01;1.3250000e+02;1.4743626e-01;1.3250000e+02;1.7515989e-01;1.3250000e+02;2.0717598e-01;1.3250000e+02;2.3312742e-01;1.3250000e+02;2.4022841e-01;1.3250000e+02;2.3781553e-01;1.3250000e+02;2.2753364e-01;1.3250000e+02;2.1007395e-01;1.3250000e+02;1.8517908e-02;1.3250000e+02;2.4673142e-02;1.3250000e+02;3.3209063e-02;1.3250000e+02;4.4062763e-02;1.3250000e+02;5.6624107e-02;1.3250000e+02;7.0812836e-02;1.3250000e+02;8.7012343e-02;1.3250000e+02;1.0372602e-01;1.3250000e+02;1.2048702e-01;1.3250000e+02;1.3427277e-01;1.3250000e+02;1.4743626e-01;1.3250000e+02;1.7515989e-01;1.3250000e+02;2.0717598e-01;1.3250000e+02;2.3312742e-01;1.3250000e+02;2.4022841e-01;1.3250000e+02;2.3781553e-01;1.3250000e+02;2.2753364e-01;1.3250000e+02;2.1007395e-01;1.3250000e+02;1.8517908e-02;1.3250000e+02;2.4673142e-02;1.3250000e+02;3.3209063e-02;1.3250000e+02;4.4062763e-02;1.3250000e+02;5.6624107e-02;1.3250000e+02;7.0812836e-02;1.3250000e+02;8.7012343e-02;1.3250000e+02;1.0372602e-01;1.3250000e+02;1.2048702e-01;1.3250000e+02;1.3427277e-01;1.3250000e+02;1.4743626e-01;1.3250000e+02;1.7515989e-01;1.3250000e+02;2.0717598e-01;1.3250000e+02;2.3312742e-01;1.3250000e+02;2.4022841e-01;1.3250000e+02;2.3781553e-01;1.3250000e+02;2.2753364e-01;1.3250000e+02;2.1007395e-01;1.3250000e+02;1.8517908e-02;1.3250000e+02;2.4673142e-02;1.3250000e+02;3.3209063e-02;1.3250000e+02;4.4062763e-02;1.3250000e+02;5.6624107e-02;1.3250000e+02;7.0812836e-02;1.3250000e+02;8.7012343e-02;1.3250000e+02;1.0372602e-01;1.3250000e+02;1.2048702e-01;1.3250000e+02;1.3427277e-01;1.3250000e+02;1.4743626e-01;1.3250000e+02;1.7515989e-01;1.3250000e+02;2.0717598e-01;1.3250000e+02;2.3312742e-01;1.3250000e+02;2.4022841e-01;1.3250000e+02;2.3781553e-01;1.3250000e+02;2.2753364e-01;1.3250000e+02;2.1007395e-01;1.3250000e+02;1.8517908e-02;1.3250000e+02;2.4673142e-02;1.3250000e+02;3.3209063e-02;1.3250000e+02;4.4062763e-02;1.3250000e+02;5.6624107e-02;1.3250000e+02;7.0812836e-02;1.3250000e+02;8.7012343e-02;1.3250000e+02;1.0372602e-01;1.3250000e+02;1.2048702e-01;1.3250000e+02;1.3427277e-01;1.3250000e+02;1.4743626e-01;1.3250000e+02;1.7515989e-01;1.3250000e+02;2.0717598e-01;1.3250000e+02;2.3312742e-01;1.3250000e+02;2.4022841e-01;1.3250000e+02;2.3781553e-01;1.3250000e+02;2.2753364e-01;1.3250000e+02;2.1007395e-01;1.3250000e+02;1.8517908e-02;1.3250000e+02;2.4673142e-02;1.3250000e+02;3.3209063e-02;1.3250000e+02;4.4062763e-02;1.3250000e+02;5.6624107e-02;1.3250000e+02;7.0812836e-02;1.3250000e+02;8.7012343e-02;1.3250000e+02;1.0372602e-01;1.3250000e+02;1.2048702e-01;1.3250000e+02;1.3427277e-01;1.3250000e+02;1.4743626e-01;1.3250000e+02;1.7515989e-01;1.3250000e+02;2.0717598e-01;1.3250000e+02;2.3312742e-01;1.3250000e+02;2.4022841e-01;1.3250000e+02;2.3781553e-01;1.3250000e+02;2.2753364e-01;1.3250000e+02;2.1007395e-01;1.3250000e+02;1.8517908e-02;1.3250000e+02;2.4673142e-02;1.3250000e+02;3.3209063e-02;1.3250000e+02;4.4062763e-02;1.3250000e+02;5.6624107e-02;1.3250000e+02;7.0812836e-02;1.3250000e+02;8.7012343e-02;1.3250000e+02;1.0372602e-01;1.3250000e+02;1.2048702e-01;1.3250000e+02;1.3427277e-01;1.3250000e+02;1.4743626e-01;1.3250000e+02;1.7515989e-01;1.3250000e+02;2.0717598e-01;1.3250000e+02;2.3312742e-01;1.3250000e+02;2.4022841e-01;1.3250000e+02;2.3781553e-01;1.3250000e+02;2.2753364e-01;1.3250000e+02;2.1007395e-01;1.3250000e+02;1.8517908e-02;1.3250000e+02;2.4673142e-02;1.3250000e+02;3.3209063e-02;1.3250000e+02;4.4062763e-02;1.3250000e+02;5.6624107e-02;1.3250000e+02;7.0812836e-02;1.3250000e+02;8.7012343e-02;1.3250000e+02;1.0372602e-01;1.3250000e+02;1.2048702e-01;1.3250000e+02;1.3427277e-01;1.3250000e+02;1.4743626e-01;1.3250000e+02;1.7515989e-01;1.3250000e+02;2.0717598e-01;1.3250000e+02;2.3312742e-01;1.3250000e+02;2.4022841e-01;1.3250000e+02;2.3781553e-01;1.3250000e+02;2.2753364e-01;1.3250000e+02;2.1007395e-01;1.3250000e+02;1.8517908e-02;1.3250000e+02;2.4673142e-02;1.3250000e+02;3.3209063e-02;1.3250000e+02;4.4062763e-02;1.3250000e+02;5.6624107e-02;1.3250000e+02;7.0812836e-02;1.3250000e+02;8.7012343e-02;1.3250000e+02;1.0372602e-01;1.3250000e+02;1.2048702e-01;1.3250000e+02;1.3427277e-01;1.3250000e+02;1.4743626e-01;1.3250000e+02;1.7515989e-01;1.3250000e+02;2.0717598e-01;1.3250000e+02;2.3312742e-01;1.3250000e+02;2.4022841e-01;1.3250000e+02;2.3781553e-01;1.3250000e+02;2.2753364e-01;1.3250000e+02;2.1007395e-01;1.3250000e+02;1.8517908e-02;1.3250000e+02;2.4673142e-02;1.3250000e+02;3.3209063e-02;1.3250000e+02;4.4062763e-02;1.3250000e+02;5.6624107e-02;1.3250000e+02;7.0812836e-02;1.3250000e+02;8.7012343e-02;1.3250000e+02;1.0372602e-01;1.3250000e+02;1.2048702e-01;1.3250000e+02;1.3427277e-01;1.3250000e+02;1.4743626e-01;1.3250000e+02;1.7515989e-01;1.3250000e+02;2.0717598e-01;1.3250000e+02;2.3312742e-01;1.3250000e+02;2.4022841e-01;1.3250000e+02;2.3781553e-01;1.3250000e+02;2.2753364e-01;1.3250000e+02;2.1007395e-01;1.3250000e+02;1.8517908e-02;1.3250000e+02;2.4673142e-02;1.3250000e+02;3.3209063e-02;1.3250000e+02;4.4062763e-02;1.3250000e+02;5.6624107e-02;1.3250000e+02;7.0812836e-02;1.3250000e+02;8.7012343e-02;1.3250000e+02;1.0372602e-01;1.3250000e+02;1.2048702e-01;1.3250000e+02;1.3427277e-01;1.3250000e+02;1.4743626e-01;1.3250000e+02;1.7515989e-01;1.3250000e+02;2.0717598e-01;1.3250000e+02;2.3312742e-01;1.3250000e+02;2.4022841e-01;1.3250000e+02;2.3781553e-01;1.3250000e+02;2.2753364e-01;1.3250000e+02;2.1007395e-01;1.3250000e+02;1.8517908e-02;1.3250000e+02;2.4673142e-02;1.3250000e+02;3.3209063e-02;1.3250000e+02;4.4062763e-02;1.3250000e+02;5.6624107e-02;1.3250000e+02;7.0812836e-02;1.3250000e+02;8.7012343e-02;1.3250000e+02;1.0372602e-01;1.3250000e+02;1.2048702e-01;1.3250000e+02;1.3427277e-01;1.3250000e+02;1.4743626e-01;1.3250000e+02;1.7515989e-01;1.3250000e+02;2.0717598e-01;1.3250000e+02;2.3312742e-01;1.3250000e+02;2.4022841e-01;1.3250000e+02;2.3781553e-01;1.3250000e+02;2.2753364e-01;1.3250000e+02;2.1007395e-01;1.3250000e+02;1.8517908e-02;1.3250000e+02;2.4673142e-02;1.3250000e+02;3.3209063e-02;1.3250000e+02;4.4062763e-02;1.3250000e+02;5.6624107e-02;1.3250000e+02;7.0812836e-02;1.3250000e+02;8.7012343e-02;1.3250000e+02;1.0372602e-01;1.3250000e+02;1.2048702e-01;1.3250000e+02;1.3427277e-01;1.3250000e+02;1.4743626e-01;1.3250000e+02;1.7515989e-01;1.3250000e+02;2.0717598e-01;1.3250000e+02;2.3312742e-01;1.3250000e+02;2.4022841e-01;1.3250000e+02;2.3781553e-01;1.3250000e+02;2.2753364e-01;1.3250000e+02;2.1007395e-01;1.3250000e+02;1.8517908e-02;1.3250000e+02;2.4673142e-02;1.3250000e+02;3.3209063e-02;1.3250000e+02;4.4062763e-02;1.3250000e+02;5.6624107e-02;1.3250000e+02;7.0812836e-02;1.3250000e+02;8.7012343e-02;1.3250000e+02;1.0372602e-01;1.3250000e+02;1.2048702e-01;1.3250000e+02;1.3427277e-01;1.3250000e+02;1.4743626e-01;1.3250000e+02;1.7515989e-01;1.3250000e+02;2.0717598e-01;1.3250000e+02;2.3312742e-01;1.3250000e+02;2.4022841e-01;1.3250000e+02;2.3781553e-01;1.3250000e+02;2.2753364e-01;1.3250000e+02;2.1007395e-01;1.3250000e+02;1.8517908e-02;1.3250000e+02;2.4673142e-02;1.3250000e+02;3.3209063e-02;1.3250000e+02;4.4062763e-02;1.3250000e+02;5.6624107e-02;1.3250000e+02;7.0812836e-02;1.3250000e+02;8.7012343e-02;1.3250000e+02;1.0372602e-01;1.3250000e+02;1.2048702e-01;1.3250000e+02;1.3427277e-01;1.3250000e+02;1.4743626e-01;1.3250000e+02;1.7515989e-01;1.3250000e+02;2.0717598e-01;1.3250000e+02;2.3312742e-01;1.3250000e+02;2.4022841e-01;1.3250000e+02;2.3781553e-01;1.3250000e+02;2.2753364e-01;1.3250000e+02;2.1007395e-01;1.3250000e+02;1.8517908e-02;1.3250000e+02;2.4673142e-02;1.3250000e+02;3.3209063e-02;1.3250000e+02;4.4062763e-02;1.3250000e+02;5.6624107e-02;1.3250000e+02;7.0812836e-02;1.3250000e+02;8.7012343e-02;1.3250000e+02;1.0372602e-01;1.3250000e+02;1.2048702e-01;1.3250000e+02;1.3427277e-01;1.3250000e+02;1.4743626e-01;1.3250000e+02;1.7515989e-01;1.3250000e+02;2.0717598e-01;1.3250000e+02;2.3312742e-01;1.3250000e+02;2.4022841e-01;1.3250000e+02;2.3781553e-01;1.3250000e+02;2.2753364e-01;1.3250000e+02;2.1007395e-01;1.3250000e+02;1.8517908e-02;1.3250000e+02;2.4673142e-02;1.3250000e+02;3.3209063e-02;1.3250000e+02;4.4062763e-02;1.3250000e+02;5.6624107e-02;1.3250000e+02;7.0812836e-02;1.3250000e+02;8.7012343e-02;1.3250000e+02;1.0372602e-01;1.3250000e+02;1.2048702e-01;1.3250000e+02;1.3427277e-01;1.3250000e+02;1.4743626e-01;1.3250000e+02;1.7515989e-01;1.3250000e+02;2.0717598e-01;1.3250000e+02;2.3312742e-01;1.3250000e+02;2.4022841e-01;1.3250000e+02;2.3781553e-01;1.3250000e+02;2.2753364e-01;1.3250000e+02;2.1007395e-01;1.3250000e+02;1.8517908e-02;1.3250000e+02;2.4673142e-02;1.3250000e+02;3.3209063e-02;1.3250000e+02;4.4062763e-02;1.3250000e+02;5.6624107e-02;1.3250000e+02;7.0812836e-02;1.3250000e+02;8.7012343e-02;1.3250000e+02;1.0372602e-01;1.3250000e+02;1.2048702e-01;1.3250000e+02;1.3427277e-01;1.3250000e+02;1.4743626e-01;1.3250000e+02;1.7515989e-01;1.3250000e+02;2.0717598e-01;1.3250000e+02;2.3312742e-01;1.3250000e+02;2.4022841e-01;1.3250000e+02;2.3781553e-01;1.3250000e+02;2.2753364e-01;1.3250000e+02;2.1007395e-01;1.3250000e+02;1.8517908e-02;1.3250000e+02;2.4673142e-02;1.3250000e+02;3.3209063e-02;1.3250000e+02;4.4062763e-02;1.3250000e+02;5.6624107e-02;1.3250000e+02;7.0812836e-02;1.3250000e+02;8.7012343e-02;1.3250000e+02;1.0372602e-01;1.3250000e+02;1.2048702e-01;1.3250000e+02;1.3427277e-01;1.3250000e+02;1.4743626e-01;1.3250000e+02;1.7515989e-01;1.3250000e+02;2.0717598e-01;1.3250000e+02;2.3312742e-01;1.3250000e+02;2.4022841e-01;1.3250000e+02;2.3781553e-01;1.3250000e+02;2.2753364e-01;1.3250000e+02;2.1007395e-01;1.3250000e+02;1.8517908e-02;1.3250000e+02;2.4673142e-02;1.3250000e+02;3.3209063e-02;1.3250000e+02;4.4062763e-02;1.3250000e+02;5.6624107e-02;1.3250000e+02;7.0812836e-02;1.3250000e+02;8.7012343e-02;1.3250000e+02;1.0372602e-01;1.3250000e+02;1.2048702e-01;1.3250000e+02;1.3427277e-01;1.3250000e+02;1.4743626e-01;1.3250000e+02;1.7515989e-01;1.3250000e+02;2.0717598e-01;1.3250000e+02;2.3312742e-01;1.3250000e+02;2.4022841e-01;1.3250000e+02;2.3781553e-01;1.3250000e+02;2.2753364e-01;1.3250000e+02;2.1007395e-01;1.3250000e+02;1.8517908e-02;1.3250000e+02;2.4673142e-02;1.3250000e+02;3.3209063e-02;1.3250000e+02;4.4062763e-02;1.3250000e+02;5.6624107e-02;1.3250000e+02;7.0812836e-02;1.3250000e+02;8.7012343e-02;1.3250000e+02;1.0372602e-01;1.3250000e+02;1.2048702e-01;1.3250000e+02;1.3427277e-01;1.3250000e+02;1.4743626e-01;1.3250000e+02;1.7515989e-01;1.3250000e+02;2.0717598e-01;1.3250000e+02;2.3312742e-01;1.3250000e+02;2.4022841e-01;1.3250000e+02;2.3781553e-01;1.3250000e+02;2.2753364e-01;1.3250000e+02;2.1007395e-01;1.3250000e+02;1.8517908e-02;1.3250000e+02;2.4673142e-02;1.3250000e+02;3.3209063e-02;1.3250000e+02;4.4062763e-02;1.3250000e+02;5.6624107e-02;1.3250000e+02;7.0812836e-02;1.3250000e+02;8.7012343e-02;1.3250000e+02;1.0372602e-01;1.3250000e+02;1.2048702e-01;1.3250000e+02;1.3427277e-01;1.3250000e+02;1.4743626e-01;1.3250000e+02;1.7515989e-01;1.3250000e+02;2.0717598e-01;1.3250000e+02;2.3312742e-01;1.3250000e+02;2.4022841e-01;1.3250000e+02;2.3781553e-01;1.3250000e+02;2.2753364e-01;1.3250000e+02;2.1007395e-01;1.3250000e+02;1.8517908e-02;1.3250000e+02;2.4673142e-02;1.3250000e+02;3.3209063e-02;1.3250000e+02;4.4062763e-02;1.3250000e+02;5.6624107e-02;1.3250000e+02;7.0812836e-02;1.3250000e+02;8.7012343e-02;1.3250000e+02;1.0372602e-01;1.3250000e+02;1.2048702e-01;1.3250000e+02;1.3427277e-01;1.3250000e+02;1.4743626e-01;1.3250000e+02;1.7515989e-01;1.3250000e+02;2.0717598e-01;1.3250000e+02;2.3312742e-01;1.3250000e+02;2.4022841e-01;1.3250000e+02;2.3781553e-01;1.3250000e+02;2.2753364e-01;1.3250000e+02;2.1007395e-01;1.3250000e+02;1.8517908e-02;1.3250000e+02;2.4673142e-02;1.3250000e+02;3.3209063e-02;1.3250000e+02;4.4062763e-02;1.3250000e+02;5.6624107e-02;1.3250000e+02;7.0812836e-02;1.3250000e+02;8.7012343e-02;1.3250000e+02;1.0372602e-01;1.3250000e+02;1.2048702e-01;1.3250000e+02;1.3427277e-01;1.3250000e+02;1.4743626e-01;1.3250000e+02;1.7515989e-01;1.3250000e+02;2.0717598e-01;1.3250000e+02;2.3312742e-01;1.3250000e+02;2.4022841e-01;1.3250000e+02;2.3781553e-01;1.3250000e+02;2.2753364e-01;1.3250000e+02;2.1007395e-01;1.3250000e+02;1.8517908e-02;1.3250000e+02;2.4673142e-02;1.3250000e+02;3.3209063e-02;1.3250000e+02;4.4062763e-02;1.3250000e+02;5.6624107e-02;1.3250000e+02;7.0812836e-02;1.3250000e+02;8.7012343e-02;1.3250000e+02;1.0372602e-01;1.3250000e+02;1.2048702e-01;1.3250000e+02;1.3427277e-01;1.3250000e+02;1.4743626e-01;1.3250000e+02;1.7515989e-01;1.3250000e+02;2.0717598e-01;1.3250000e+02;2.3312742e-01;1.3250000e+02;2.4022841e-01;1.3250000e+02;2.3781553e-01;1.3250000e+02;2.2753364e-01;1.3250000e+02;2.1007395e-01;1.3250000e+02;1.8517908e-02;1.3250000e+02;2.4673142e-02;1.3250000e+02;3.3209063e-02;1.3250000e+02;4.4062763e-02;1.3250000e+02;5.6624107e-02;1.3250000e+02;7.0812836e-02;1.3250000e+02;8.7012343e-02;1.3250000e+02;1.0372602e-01;1.3250000e+02;1.2048702e-01;1.3250000e+02;1.3427277e-01;1.3250000e+02;1.4743626e-01;1.3250000e+02;1.7515989e-01;1.3250000e+02;2.0717598e-01;1.3250000e+02;2.3312742e-01;1.3250000e+02;2.4022841e-01;1.3250000e+02;2.3781553e-01;1.3250000e+02;2.2753364e-01;1.3250000e+02;2.1007395e-01;1.3250000e+02;1.8517908e-02;1.3250000e+02;2.4673142e-02;1.3250000e+02;3.3209063e-02;1.3250000e+02;4.4062763e-02;1.3250000e+02;5.6624107e-02;1.3250000e+02;7.0812836e-02;1.3250000e+02;8.7012343e-02;1.3250000e+02;1.0372602e-01;1.3250000e+02;1.2048702e-01;1.3250000e+02;1.3427277e-01;1.3250000e+02;1.4743626e-01;1.3250000e+02;1.7515989e-01;1.3250000e+02;2.0717598e-01;1.3250000e+02;2.3312742e-01;1.3250000e+02;2.4022841e-01;1.3250000e+02;2.3781553e-01;1.3250000e+02;2.2753364e-01;1.3250000e+02;2.1007395e-01;1.3250000e+02;1.8517908e-02;1.3250000e+02;2.4673142e-02;1.3250000e+02;3.3209063e-02;1.3250000e+02;4.4062763e-02;1.3250000e+02;5.6624107e-02;1.3250000e+02;7.0812836e-02;1.3250000e+02;8.7012343e-02;1.3250000e+02;1.0372602e-01;1.3250000e+02;1.2048702e-01;1.3250000e+02;1.3427277e-01;1.3250000e+02;1.4743626e-01;1.3250000e+02;1.7515989e-01;1.3250000e+02;2.0717598e-01;1.3250000e+02;2.3312742e-01;1.3250000e+02;2.4022841e-01;1.3250000e+02;2.3781553e-01;1.3250000e+02;2.2753364e-01;1.3250000e+02;2.1007395e-01;1.3250000e+02;1.8517908e-02;1.3250000e+02;2.4673142e-02;1.3250000e+02;3.3209063e-02;1.3250000e+02;4.4062763e-02;1.3250000e+02;5.6624107e-02;1.3250000e+02;7.0812836e-02;1.3250000e+02;8.7012343e-02;1.3250000e+02;1.0372602e-01;1.3250000e+02;1.2048702e-01;1.3250000e+02;1.3427277e-01;1.3250000e+02;1.4743626e-01;1.3250000e+02;1.7515989e-01;1.3250000e+02;2.0717598e-01;1.3250000e+02;2.3312742e-01;1.3250000e+02;2.4022841e-01;1.3250000e+02;2.3781553e-01;1.3250000e+02;2.2753364e-01;1.3250000e+02;2.1007395e-01;1.3250000e+02;1.8517908e-02;1.3250000e+02;2.4673142e-02;1.3250000e+02;3.3209063e-02;1.3250000e+02;4.4062763e-02;1.3250000e+02;5.6624107e-02;1.3250000e+02;7.0812836e-02;1.3250000e+02;8.7012343e-02;1.3250000e+02;1.0372602e-01;1.3250000e+02;1.2048702e-01;1.3250000e+02;1.3427277e-01;1.3250000e+02;1.4743626e-01;1.3250000e+02;1.7515989e-01;1.3250000e+02;2.0717598e-01;1.3250000e+02;2.3312742e-01;1.3250000e+02;2.4022841e-01;1.3250000e+02;2.3781553e-01;1.3250000e+02;2.2753364e-01;1.3250000e+02;2.1007395e-01;1.3250000e+02;1.8517908e-02;1.3250000e+02;2.4673142e-02;1.3250000e+02;3.3209063e-02;1.3250000e+02;4.4062763e-02;1.3250000e+02;5.6624107e-02;1.3250000e+02;7.0812836e-02;1.3250000e+02;8.7012343e-02;1.3250000e+02;1.0372602e-01;1.3250000e+02;1.2048702e-01;1.3250000e+02;1.3427277e-01;1.3250000e+02;1.4743626e-01;1.3250000e+02;1.7515989e-01;1.3250000e+02;2.0717598e-01;1.3250000e+02;2.3312742e-01;1.3250000e+02;2.4022841e-01;1.3250000e+02;2.3781553e-01;1.3250000e+02;2.2753364e-01;1.3250000e+02;2.1007395e-01;1.3250000e+02;1.8517908e-02;1.3250000e+02;2.4673142e-02;1.3250000e+02;3.3209063e-02;1.3250000e+02;4.4062763e-02;1.3250000e+02;5.6624107e-02;1.3250000e+02;7.0812836e-02;1.3250000e+02;8.7012343e-02;1.3250000e+02;1.0372602e-01;1.3250000e+02;1.2048702e-01;1.3250000e+02;1.3427277e-01;1.3250000e+02;1.4743626e-01;1.3250000e+02;1.7515989e-01;1.3250000e+02;2.0717598e-01;1.3250000e+02;2.3312742e-01;1.3250000e+02;2.4022841e-01;1.3250000e+02;2.3781553e-01;1.3250000e+02;2.2753364e-01;1.3250000e+02;2.1007395e-01;1.3250000e+02;1.8517908e-02;1.3250000e+02;2.4673142e-02;1.3250000e+02;3.3209063e-02;1.3250000e+02;4.4062763e-02;1.3250000e+02;5.6624107e-02;1.3250000e+02;7.0812836e-02;1.3250000e+02;8.7012343e-02;1.3250000e+02;1.0372602e-01;1.3250000e+02;1.2048702e-01;1.3250000e+02;1.3427277e-01;1.3250000e+02;1.4743626e-01;1.3250000e+02;1.7515989e-01;1.3250000e+02;2.0717598e-01;1.3250000e+02;2.3312742e-01;1.3250000e+02;2.4022841e-01;1.3250000e+02;2.3781553e-01;1.3250000e+02;2.2753364e-01;1.3250000e+02;2.1007395e-01;1.3250000e+02;1.8517908e-02;1.3250000e+02;2.4673142e-02;1.3250000e+02;3.3209063e-02;1.3250000e+02;4.4062763e-02;1.3250000e+02;5.6624107e-02;1.3250000e+02;7.0812836e-02;1.3250000e+02;8.7012343e-02;1.3250000e+02;1.0372602e-01;1.3250000e+02;1.2048702e-01;1.3250000e+02;1.3427277e-01;1.3250000e+02;1.4743626e-01;1.3250000e+02;1.7515989e-01;1.3250000e+02;2.0717598e-01;1.3250000e+02;2.3312742e-01;1.3250000e+02;2.4022841e-01;1.3250000e+02;2.3781553e-01;1.3250000e+02;2.2753364e-01;1.3250000e+02;2.1007395e-01;1.3250000e+02;1.8517908e-02;1.3250000e+02;2.4673142e-02;1.3250000e+02;3.3209063e-02;1.3250000e+02;4.4062763e-02;1.3250000e+02;5.6624107e-02;1.3250000e+02;7.0812836e-02;1.3250000e+02;8.7012343e-02;1.3250000e+02;1.0372602e-01;1.3250000e+02;1.2048702e-01;1.3250000e+02;1.3427277e-01;1.3250000e+02;1.4743626e-01;1.3250000e+02;1.7515989e-01;1.3250000e+02;2.0717598e-01;1.3250000e+02;2.3312742e-01;1.3250000e+02;2.4022841e-01;1.3250000e+02;2.3781553e-01;1.3250000e+02;2.2753364e-01;1.3250000e+02;2.1007395e-01;1.3250000e+02;1.8517908e-02;1.3250000e+02;2.4673142e-02;1.3250000e+02;3.3209063e-02;1.3250000e+02;4.4062763e-02;1.3250000e+02;5.6624107e-02;1.3250000e+02;7.0812836e-02;1.3250000e+02;8.7012343e-02;1.3250000e+02;1.0372602e-01;1.3250000e+02;1.2048702e-01;1.3250000e+02;1.3427277e-01;1.3250000e+02;1.4743626e-01;1.3250000e+02;1.7515989e-01;1.3250000e+02;2.0717598e-01;1.3250000e+02;2.3312742e-01;1.3250000e+02;2.4022841e-01;1.3250000e+02;2.3781553e-01;1.3250000e+02;2.2753364e-01;1.3250000e+02;2.1007395e-01;1.3250000e+02;1.8517908e-02;1.3250000e+02;2.4673142e-02;1.3250000e+02;3.3209063e-02;1.3250000e+02;4.4062763e-02;1.3250000e+02;5.6624107e-02;1.3250000e+02;7.0812836e-02;1.3250000e+02;8.7012343e-02;1.3250000e+02;1.0372602e-01;1.3250000e+02;1.2048702e-01;1.3250000e+02;1.3427277e-01;1.3250000e+02;1.4743626e-01;1.3250000e+02;1.7515989e-01;1.3250000e+02;2.0717598e-01;1.3250000e+02;2.3312742e-01;1.3250000e+02;2.4022841e-01;1.3250000e+02;2.3781553e-01;1.3250000e+02;2.2753364e-01;1.3250000e+02;2.1007395e-01;1.3250000e+02;1.8517908e-02;1.3250000e+02;2.4673142e-02;1.3250000e+02;3.3209063e-02;1.3250000e+02;4.4062763e-02;1.3250000e+02;5.6624107e-02;1.3250000e+02;7.0812836e-02;1.3250000e+02;8.7012343e-02;1.3250000e+02;1.0372602e-01;1.3250000e+02;1.2048702e-01;1.3250000e+02;1.3427277e-01;1.3250000e+02;1.4743626e-01;1.3250000e+02;1.7515989e-01;1.3250000e+02;2.0717598e-01;1.3250000e+02;2.3312742e-01;1.3250000e+02;2.4022841e-01;1.3250000e+02;2.3781553e-01;1.3250000e+02;2.2753364e-01;1.3250000e+02;2.1007395e-01;1.3250000e+02;1.8517908e-02;1.3250000e+02;2.4673142e-02;1.3250000e+02;3.3209063e-02;1.3250000e+02;4.4062763e-02;1.3250000e+02;5.6624107e-02;1.3250000e+02;7.0812836e-02;1.3250000e+02;8.7012343e-02;1.3250000e+02;1.0372602e-01;1.3250000e+02;1.2048702e-01;1.3250000e+02;1.3427277e-01;1.3250000e+02;1.4743626e-01;1.3250000e+02;1.7515989e-01;1.3250000e+02;2.0717598e-01;1.3250000e+02;2.3312742e-01;1.3250000e+02;2.4022841e-01;1.3250000e+02;2.3781553e-01;1.3250000e+02;2.2753364e-01;1.3250000e+02;2.1007395e-01;1.3250000e+02;1.8517908e-02;1.3250000e+02;2.4673142e-02;1.3250000e+02;3.3209063e-02;1.3250000e+02;4.4062763e-02;1.3250000e+02;5.6624107e-02;1.3250000e+02;7.0812836e-02;1.3250000e+02;8.7012343e-02;1.3250000e+02;1.0372602e-01;1.3250000e+02;1.2048702e-01;1.3250000e+02;1.3427277e-01;1.3250000e+02;1.4743626e-01;1.3250000e+02;1.7515989e-01;1.3250000e+02;2.0717598e-01;1.3250000e+02;2.3312742e-01;1.3250000e+02;2.4022841e-01;1.3250000e+02;2.3781553e-01;1.3250000e+02;2.2753364e-01;1.3250000e+02;2.1007395e-01;1.3250000e+02;1.8517908e-02;1.3250000e+02;2.4673142e-02;1.3250000e+02;3.3209063e-02;1.3250000e+02;4.4062763e-02;1.3250000e+02;5.6624107e-02;1.3250000e+02;7.0812836e-02;1.3250000e+02;8.7012343e-02;1.3250000e+02;1.0372602e-01;1.3250000e+02;1.2048702e-01;1.3250000e+02;1.3427277e-01;1.3250000e+02;1.4743626e-01;1.3250000e+02;1.7515989e-01;1.3250000e+02;2.0717598e-01;1.3250000e+02;2.3312742e-01;1.3250000e+02;2.4022841e-01;1.3250000e+02;2.3781553e-01;1.3250000e+02;2.2753364e-01;1.3250000e+02;2.1007395e-01;1.3250000e+02;1.8517908e-02;1.3250000e+02;2.4673142e-02;1.3250000e+02;3.3209063e-02;1.3250000e+02;4.4062763e-02;1.3250000e+02;5.6624107e-02;1.3250000e+02;7.0812836e-02;1.3250000e+02;8.7012343e-02;1.3250000e+02;1.0372602e-01;1.3250000e+02;1.2048702e-01;1.3250000e+02;1.3427277e-01;1.3250000e+02;1.4743626e-01;1.3250000e+02;1.7515989e-01;1.3250000e+02;2.0717598e-01;1.3250000e+02;2.3312742e-01;1.3250000e+02;2.4022841e-01;1.3250000e+02;2.3781553e-01;1.3250000e+02;2.2753364e-01;1.3250000e+02;2.1007395e-01;1.3250000e+02;1.8517908e-02;1.3250000e+02;2.4673142e-02;1.3250000e+02;3.3209063e-02;1.3250000e+02;4.4062763e-02;1.3250000e+02;5.6624107e-02;1.3250000e+02;7.0812836e-02;1.3250000e+02;8.7012343e-02;1.3250000e+02;1.0372602e-01;1.3250000e+02;1.2048702e-01;1.3250000e+02;1.3427277e-01;1.3250000e+02;1.4743626e-01;1.3250000e+02;1.7515989e-01;1.3250000e+02;2.0717598e-01;1.3250000e+02;2.3312742e-01;1.3250000e+02;2.4022841e-01;1.3250000e+02;2.3781553e-01;1.3250000e+02;2.2753364e-01;1.3250000e+02;2.1007395e-01;1.3250000e+02;1.8517908e-02;1.3250000e+02;2.4673142e-02;1.3250000e+02;3.3209063e-02;1.3250000e+02;4.4062763e-02;1.3250000e+02;5.6624107e-02;1.3250000e+02;7.0812836e-02;1.3250000e+02;8.7012343e-02;1.3250000e+02;1.0372602e-01;1.3250000e+02;1.2048702e-01;1.3250000e+02;1.3427277e-01;1.3250000e+02;1.4743626e-01;1.3250000e+02;1.7515989e-01;1.3250000e+02;2.0717598e-01;1.3250000e+02;2.3312742e-01;1.3250000e+02;2.4022841e-01;1.3250000e+02;2.3781553e-01;1.3250000e+02;2.2753364e-01;1.3250000e+02;2.1007395e-01;1.3250000e+02;1.8517908e-02;1.3250000e+02;2.4673142e-02;1.3250000e+02;3.3209063e-02;1.3250000e+02;4.4062763e-02;1.3250000e+02;5.6624107e-02;1.3250000e+02;7.0812836e-02;1.3250000e+02;8.7012343e-02;1.3250000e+02;1.0372602e-01;1.3250000e+02;1.2048702e-01;1.3250000e+02;1.3427277e-01;1.3250000e+02;1.4743626e-01;1.3250000e+02;1.7515989e-01;1.3250000e+02;2.0717598e-01;1.3250000e+02;2.3312742e-01;1.3250000e+02;2.4022841e-01;1.3250000e+02;2.3781553e-01;1.3250000e+02;2.2753364e-01;1.3250000e+02;2.1007395e-01;1.3250000e+02;1.8517908e-02;1.3250000e+02;2.4673142e-02;1.3250000e+02;3.3209063e-02;1.3250000e+02;4.4062763e-02;1.3250000e+02;5.6624107e-02;1.3250000e+02;7.0812836e-02;1.3250000e+02;8.7012343e-02;1.3250000e+02;1.0372602e-01;1.3250000e+02;1.2048702e-01;1.3250000e+02;1.3427277e-01;1.3250000e+02;1.4743626e-01;1.3250000e+02;1.7515989e-01;1.3250000e+02;2.0717598e-01;1.3250000e+02;2.3312742e-01;1.3250000e+02;2.4022841e-01;1.3250000e+02;2.3781553e-01;1.3250000e+02;2.2753364e-01;1.3250000e+02;2.1007395e-01;1.3250000e+02;1.8517908e-02;1.3250000e+02;2.4673142e-02;1.3250000e+02;3.3209063e-02;1.3250000e+02;4.4062763e-02;1.3250000e+02;5.6624107e-02;1.3250000e+02;7.0812836e-02;1.3250000e+02;8.7012343e-02;1.3250000e+02;1.0372602e-01;1.3250000e+02;1.2048702e-01;1.3250000e+02;1.3427277e-01;1.3250000e+02;1.4743626e-01;1.3250000e+02;1.7515989e-01;1.3250000e+02;2.0717598e-01;1.3250000e+02;2.3312742e-01;1.3250000e+02;2.4022841e-01;1.3250000e+02;2.3781553e-01;1.3250000e+02;2.2753364e-01;1.3250000e+02;2.1007395e-01;1.3250000e+02;1.8517908e-02;1.3250000e+02;2.4673142e-02;1.3250000e+02;3.3209063e-02;1.3250000e+02;4.4062763e-02;1.3250000e+02;5.6624107e-02;1.3250000e+02;7.0812836e-02;1.3250000e+02;8.7012343e-02;1.3250000e+02;1.0372602e-01;1.3250000e+02;1.2048702e-01;1.3250000e+02;1.3427277e-01;1.3250000e+02;1.4743626e-01;1.3250000e+02;1.7515989e-01;1.3250000e+02;2.0717598e-01;1.3250000e+02;2.3312742e-01;1.3250000e+02;2.4022841e-01;1.3250000e+02;2.3781553e-01;1.3250000e+02;2.2753364e-01;1.3250000e+02;2.1007395e-01;1.3250000e+02;1.8517908e-02;1.3250000e+02;2.4673142e-02;1.3250000e+02;3.3209063e-02;1.3250000e+02;4.4062763e-02;1.3250000e+02;5.6624107e-02;1.3250000e+02;7.0812836e-02;1.3250000e+02;8.7012343e-02;1.3250000e+02;1.0372602e-01;1.3250000e+02;1.2048702e-01;1.3250000e+02;1.3427277e-01;1.3250000e+02;1.4743626e-01;1.3250000e+02;1.7515989e-01;1.3250000e+02;2.0717598e-01;1.3250000e+02;2.3312742e-01;1.3250000e+02;2.4022841e-01;1.3250000e+02;2.3781553e-01;1.3250000e+02;2.2753364e-01;1.3250000e+02;2.1007395e-01;1.3250000e+02;1.8517908e-02;1.3250000e+02;2.4673142e-02;1.3250000e+02;3.3209063e-02;1.3250000e+02;4.4062763e-02;1.3250000e+02;5.6624107e-02;1.3250000e+02;7.0812836e-02;1.3250000e+02;8.7012343e-02;1.3250000e+02;1.0372602e-01;1.3250000e+02;1.2048702e-01;1.3250000e+02;1.3427277e-01;1.3250000e+02;1.4743626e-01;1.3250000e+02;1.7515989e-01;1.3250000e+02;2.0717598e-01;1.3250000e+02;2.3312742e-01;1.3250000e+02;2.4022841e-01;1.3250000e+02;2.3781553e-01;1.3250000e+02;2.2753364e-01;1.3250000e+02;2.1007395e-01;1.3250000e+02;1.8517908e-02;1.3250000e+02;2.4673142e-02;1.3250000e+02;3.3209063e-02;1.3250000e+02;4.4062763e-02;1.3250000e+02;5.6624107e-02;1.3250000e+02;7.0812836e-02;1.3250000e+02;8.7012343e-02;1.3250000e+02;1.0372602e-01;1.3250000e+02;1.2048702e-01;1.3250000e+02;1.3427277e-01;1.3250000e+02;1.4743626e-01;1.3250000e+02;1.7515989e-01;1.3250000e+02;2.0717598e-01;1.3250000e+02;2.3312742e-01;1.3250000e+02;2.4022841e-01;1.3250000e+02;2.3781553e-01;1.3250000e+02;2.2753364e-01;1.3250000e+02;2.1007395e-01;1.3250000e+02;1.8517908e-02;1.3250000e+02;2.4673142e-02;1.3250000e+02;3.3209063e-02;1.3250000e+02;4.4062763e-02;1.3250000e+02;5.6624107e-02;1.3250000e+02;7.0812836e-02;1.3250000e+02;8.7012343e-02;1.3250000e+02;1.0372602e-01;1.3250000e+02;1.2048702e-01;1.3250000e+02;1.3427277e-01;1.3250000e+02;1.4743626e-01;1.3250000e+02;1.7515989e-01;1.3250000e+02;2.0717598e-01;1.3250000e+02;2.3312742e-01;1.3250000e+02;2.4022841e-01;1.3250000e+02;2.3781553e-01;1.3250000e+02;2.2753364e-01;1.3250000e+02;2.1007395e-01;1.3250000e+02;1.8517908e-02;1.3250000e+02;2.4673142e-02;1.3250000e+02;3.3209063e-02;1.3250000e+02;4.4062763e-02;1.3250000e+02;5.6624107e-02;1.3250000e+02;7.0812836e-02;1.3250000e+02;8.7012343e-02;1.3250000e+02;1.0372602e-01;1.3250000e+02;1.2048702e-01;1.3250000e+02;1.3427277e-01;1.3250000e+02;1.4743626e-01;1.3250000e+02;1.7515989e-01;1.3250000e+02;2.0717598e-01;1.3250000e+02;2.3312742e-01;1.3250000e+02;2.4022841e-01;1.3250000e+02;2.3781553e-01;1.3250000e+02;2.2753364e-01;1.3250000e+02;2.1007395e-01;1.3250000e+02;1.8517908e-02;1.3250000e+02;2.4673142e-02;1.3250000e+02;3.3209063e-02;1.3250000e+02;4.4062763e-02;1.3250000e+02;5.6624107e-02;1.3250000e+02;7.0812836e-02;1.3250000e+02;8.7012343e-02;1.3250000e+02;1.0372602e-01;1.3250000e+02;1.2048702e-01;1.3250000e+02;1.3427277e-01;1.3250000e+02;1.4743626e-01;1.3250000e+02;1.7515989e-01;1.3250000e+02;2.0717598e-01;1.3250000e+02;2.3312742e-01;1.3250000e+02;2.4022841e-01;1.3250000e+02;2.3781553e-01;1.3250000e+02;2.2753364e-01;1.3250000e+02;2.1007395e-01;1.3250000e+02;1.8517908e-02;1.3250000e+02;2.4673142e-02;1.3250000e+02;3.3209063e-02;1.3250000e+02;4.4062763e-02;1.3250000e+02;5.6624107e-02;1.3250000e+02;7.0812836e-02;1.3250000e+02;8.7012343e-02;1.3250000e+02;1.0372602e-01;1.3250000e+02;1.2048702e-01;1.3250000e+02;1.3427277e-01;1.3250000e+02;1.4743626e-01;1.3250000e+02;1.7515989e-01;1.3250000e+02;2.0717598e-01;1.3250000e+02;2.3312742e-01;1.3250000e+02;2.4022841e-01;1.3250000e+02;2.3781553e-01;1.3250000e+02;2.2753364e-01;1.3250000e+02;2.1007395e-01;1.3250000e+02;1.8517908e-02;1.3250000e+02;2.4673142e-02;1.3250000e+02;3.3209063e-02;1.3250000e+02;4.4062763e-02;1.3250000e+02;5.6624107e-02;1.3250000e+02;7.0812836e-02;1.3250000e+02;8.7012343e-02;1.3250000e+02;1.0372602e-01;1.3250000e+02;1.2048702e-01;1.3250000e+02;1.3427277e-01;1.3250000e+02;1.4743626e-01;1.3250000e+02;1.7515989e-01;1.3250000e+02;2.0717598e-01;1.3250000e+02;2.3312742e-01;1.3250000e+02;2.4022841e-01;1.3250000e+02;2.3781553e-01;1.3250000e+02;2.2753364e-01;1.3250000e+02;2.1007395e-01;1.3250000e+02;1.8517908e-02;1.3250000e+02;2.4673142e-02;1.3250000e+02;3.3209063e-02;1.3250000e+02;4.4062763e-02;1.3250000e+02;5.6624107e-02;1.3250000e+02;7.0812836e-02;1.3250000e+02;8.7012343e-02;1.3250000e+02;1.0372602e-01;1.3250000e+02;1.2048702e-01;1.3250000e+02;1.3427277e-01;1.3250000e+02;1.4743626e-01;1.3250000e+02;1.7515989e-01;1.3250000e+02;2.0717598e-01;1.3250000e+02;2.3312742e-01;1.3250000e+02;2.4022841e-01;1.3250000e+02;2.3781553e-01;1.3250000e+02;2.2753364e-01;1.3250000e+02;2.1007395e-01;1.3250000e+02;1.8517908e-02;1.3250000e+02;2.4673142e-02;1.3250000e+02;3.3209063e-02;1.3250000e+02;4.4062763e-02;1.3250000e+02;5.6624107e-02;1.3250000e+02;7.0812836e-02;1.3250000e+02;8.7012343e-02;1.3250000e+02;1.0372602e-01;1.3250000e+02;1.2048702e-01;1.3250000e+02;1.3427277e-01;1.3250000e+02;1.4743626e-01;1.3250000e+02;1.7515989e-01;1.3250000e+02;2.0717598e-01;1.3250000e+02;2.3312742e-01;1.3250000e+02;2.4022841e-01;1.3250000e+02;2.3781553e-01;1.3250000e+02;2.2753364e-01;1.3250000e+02;2.1007395e-01;1.3250000e+02;1.8517908e-02;1.3250000e+02;2.4673142e-02;1.3250000e+02;3.3209063e-02;1.3250000e+02;4.4062763e-02;1.3250000e+02;5.6624107e-02;1.3250000e+02;7.0812836e-02;1.3250000e+02;8.7012343e-02;1.3250000e+02;1.0372602e-01;1.3250000e+02;1.2048702e-01;1.3250000e+02;1.3427277e-01;1.3250000e+02;1.4743626e-01;1.3250000e+02;1.7515989e-01;1.3250000e+02;2.0717598e-01;1.3250000e+02;2.3312742e-01;1.3250000e+02;2.4022841e-01;1.3250000e+02;2.3781553e-01;1.3250000e+02;2.2753364e-01;1.3250000e+02;2.1007395e-01;1.3250000e+02;1.8517908e-02;1.3250000e+02;2.4673142e-02;1.3250000e+02;3.3209063e-02;1.3250000e+02;4.4062763e-02;1.3250000e+02;5.6624107e-02;1.3250000e+02;7.0812836e-02;1.3250000e+02;8.7012343e-02;1.3250000e+02;1.0372602e-01;1.3250000e+02;1.2048702e-01;1.3250000e+02;1.3427277e-01;1.3250000e+02;1.4743626e-01;1.3250000e+02;1.7515989e-01;1.3250000e+02;2.0717598e-01;1.3250000e+02;2.3312742e-01;1.3250000e+02;2.4022841e-01;1.3250000e+02;2.3781553e-01;1.3250000e+02;2.2753364e-01;1.3250000e+02;2.1007395e-01;1.3250000e+02;1.8517908e-02;1.3250000e+02;2.4673142e-02;1.3250000e+02;3.3209063e-02;1.3250000e+02;4.4062763e-02;1.3250000e+02;5.6624107e-02;1.3250000e+02;7.0812836e-02;1.3250000e+02;8.7012343e-02;1.3250000e+02;1.0372602e-01;1.3250000e+02;1.2048702e-01;1.3250000e+02;1.3427277e-01;1.3250000e+02;1.4743626e-01;1.3250000e+02;1.7515989e-01;1.3250000e+02;2.0717598e-01;1.3250000e+02;2.3312742e-01;1.3250000e+02;2.4022841e-01;1.3250000e+02;2.3781553e-01;1.3250000e+02;2.2753364e-01;1.3250000e+02;2.1007395e-01;1.3250000e+02;1.8517908e-02;1.3250000e+02;2.4673142e-02;1.3250000e+02;3.3209063e-02;1.3250000e+02;4.4062763e-02;1.3250000e+02;5.6624107e-02;1.3250000e+02;7.0812836e-02;1.3250000e+02;8.7012343e-02;1.3250000e+02;1.0372602e-01;1.3250000e+02;1.2048702e-01;1.3250000e+02;1.3427277e-01;1.3250000e+02;1.4743626e-01;1.3250000e+02;1.7515989e-01;1.3250000e+02;2.0717598e-01;1.3250000e+02;2.3312742e-01;1.3250000e+02;2.4022841e-01;1.3250000e+02;2.3781553e-01;1.3250000e+02;2.2753364e-01;1.3250000e+02;2.1007395e-01;1.3250000e+02;1.8517908e-02;1.3250000e+02;2.4673142e-02;1.3250000e+02;3.3209063e-02;1.3250000e+02;4.4062763e-02;1.3250000e+02;5.6624107e-02;1.3250000e+02;7.0812836e-02;1.3250000e+02;8.7012343e-02;1.3250000e+02;1.0372602e-01;1.3250000e+02;1.2048702e-01;1.3250000e+02;1.3427277e-01;1.3250000e+02;1.4743626e-01;1.3250000e+02;1.7515989e-01;1.3250000e+02;2.0717598e-01;1.3250000e+02;2.3312742e-01;1.3250000e+02;2.4022841e-01;1.3250000e+02;2.3781553e-01;1.3250000e+02;2.2753364e-01;1.3250000e+02;2.1007395e-01;1.3250000e+02;1.8517908e-02;1.3250000e+02;2.4673142e-02;1.3250000e+02;3.3209063e-02;1.3250000e+02;4.4062763e-02;1.3250000e+02;5.6624107e-02;1.3250000e+02;7.0812836e-02;1.3250000e+02;8.7012343e-02;1.3250000e+02;1.0372602e-01;1.3250000e+02;1.2048702e-01;1.3250000e+02;1.3427277e-01;1.3250000e+02;1.4743626e-01;1.3250000e+02;1.7515989e-01;1.3250000e+02;2.0717598e-01;1.3250000e+02;2.3312742e-01;1.3250000e+02;2.4022841e-01;1.3250000e+02;2.3781553e-01;1.3250000e+02;2.2753364e-01;1.3250000e+02;2.1007395e-01;1.3250000e+02;1.8517908e-02;1.3250000e+02;2.4673142e-02;1.3250000e+02;3.3209063e-02;1.3250000e+02;4.4062763e-02;1.3250000e+02;5.6624107e-02;1.3250000e+02;7.0812836e-02;1.3250000e+02;8.7012343e-02;1.3250000e+02;1.0372602e-01;1.3250000e+02;1.2048702e-01;1.3250000e+02;1.3427277e-01;1.3250000e+02;1.4743626e-01;1.3250000e+02;1.7515989e-01;1.3250000e+02;2.0717598e-01;1.3250000e+02;2.3312742e-01;1.3250000e+02;2.4022841e-01;1.3250000e+02;2.3781553e-01;1.3250000e+02;2.2753364e-01;1.3250000e+02;2.1007395e-01
1.3750000e+02;1.9121941e-02;1.3750000e+02;2.7333826e-02;1.3750000e+02;3.7502550e-02;1.3750000e+02;4.9536794e-02;1.3750000e+02;6.3304342e-02;1.3750000e+02;7.8823000e-02;1.3750000e+02;9.5482752e-02;1.3750000e+02;1.1246911e-01;1.3750000e+02;1.3026083e-01;1.3750000e+02;1.4404303e-01;1.3750000e+02;1.5959994e-01;1.3750000e+02;1.8760948e-01;1.3750000e+02;2.1817677e-01;1.3750000e+02;2.3949024e-01;1.3750000e+02;2.4341750e-01;1.3750000e+02;2.3878407e-01;1.3750000e+02;2.2656043e-01;1.3750000e+02;2.0726870e-01;1.3750000e+02;1.9121941e-02;1.3750000e+02;2.7333826e-02;1.3750000e+02;3.7502550e-02;1.3750000e+02;4.9536794e-02;1.3750000e+02;6.3304342e-02;1.3750000e+02;7.8823000e-02;1.3750000e+02;9.5482752e-02;1.3750000e+02;1.1246911e-01;1.3750000e+02;1.3026083e-01;1.3750000e+02;1.4404303e-01;1.3750000e+02;1.5959994e-01;1.3750000e+02;1.8760948e-01;1.3750000e+02;2.1817677e-01;1.3750000e+02;2.3949024e-01;1.3750000e+02;2.4341750e-01;1.3750000e+02;2.3878407e-01;1.3750000e+02;2.2656043e-01;1.3750000e+02;2.0726870e-01;1.3750000e+02;1.9121941e-02;1.3750000e+02;2.7333826e-02;1.3750000e+02;3.7502550e-02;1.3750000e+02;4.9536794e-02;1.3750000e+02;6.3304342e-02;1.3750000e+02;7.8823000e-02;1.3750000e+02;9.5482752e-02;1.3750000e+02;1.1246911e-01;1.3750000e+02;1.3026083e-01;1.3750000e+02;1.4404303e-01;1.3750000e+02;1.5959994e-01;1.3750000e+02;1.8760948e-01;1.3750000e+02;2.1817677e-01;1.3750000e+02;2.3949024e-01;1.3750000e+02;2.4341750e-01;1.3750000e+02;2.3878407e-01;1.3750000e+02;2.2656043e-01;1.3750000e+02;2.0726870e-01;1.3750000e+02;1.9121941e-02;1.3750000e+02;2.7333826e-02;1.3750000e+02;3.7502550e-02;1.3750000e+02;4.9536794e-02;1.3750000e+02;6.3304342e-02;1.3750000e+02;7.8823000e-02;1.3750000e+02;9.5482752e-02;1.3750000e+02;1.1246911e-01;1.3750000e+02;1.3026083e-01;1.3750000e+02;1.4404303e-01;1.3750000e+02;1.5959994e-01;1.3750000e+02;1.8760948e-01;1.3750000e+02;2.1817677e-01;1.3750000e+02;2.3949024e-01;1.3750000e+02;2.4341750e-01;1.3750000e+02;2.3878407e-01;1.3750000e+02;2.2656043e-01;1.3750000e+02;2.0726870e-01;1.3750000e+02;1.9121941e-02;1.3750000e+02;2.7333826e-02;1.3750000e+02;3.7502550e-02;1.3750000e+02;4.9536794e-02;1.3750000e+02;6.3304342e-02;1.3750000e+02;7.8823000e-02;1.3750000e+02;9.5482752e-02;1.3750000e+02;1.1246911e-01;1.3750000e+02;1.3026083e-01;1.3750000e+02;1.4404303e-01;1.3750000e+02;1.5959994e-01;1.3750000e+02;1.8760948e-01;1.3750000e+02;2.1817677e-01;1.3750000e+02;2.3949024e-01;1.3750000e+02;2.4341750e-01;1.3750000e+02;2.3878407e-01;1.3750000e+02;2.2656043e-01;1.3750000e+02;2.0726870e-01;1.3750000e+02;1.9121941e-02;1.3750000e+02;2.7333826e-02;1.3750000e+02;3.7502550e-02;1.3750000e+02;4.9536794e-02;1.3750000e+02;6.3304342e-02;1.3750000e+02;7.8823000e-02;1.3750000e+02;9.5482752e-02;1.3750000e+02;1.1246911e-01;1.3750000e+02;1.3026083e-01;1.3750000e+02;1.4404303e-01;1.3750000e+02;1.5959994e-01;1.3750000e+02;1.8760948e-01;1.3750000e+02;2.1817677e-01;1.3750000e+02;2.3949024e-01;1.3750000e+02;2.4341750e-01;1.3750000e+02;2.3878407e-01;1.3750000e+02;2.2656043e-01;1.3750000e+02;2.0726870e-01;1.3750000e+02;1.9121941e-02;1.3750000e+02;2.7333826e-02;1.3750000e+02;3.7502550e-02;1.3750000e+02;4.9536794e-02;1.3750000e+02;6.3304342e-02;1.3750000e+02;7.8823000e-02;1.3750000e+02;9.5482752e-02;1.3750000e+02;1.1246911e-01;1.3750000e+02;1.3026083e-01;1.3750000e+02;1.4404303e-01;1.3750000e+02;1.5959994e-01;1.3750000e+02;1.8760948e-01;1.3750000e+02;2.1817677e-01;1.3750000e+02;2.3949024e-01;1.3750000e+02;2.4341750e-01;1.3750000e+02;2.3878407e-01;1.3750000e+02;2.2656043e-01;1.3750000e+02;2.0726870e-01;1.3750000e+02;1.9121941e-02;1.3750000e+02;2.7333826e-02;1.3750000e+02;3.7502550e-02;1.3750000e+02;4.9536794e-02;1.3750000e+02;6.3304342e-02;1.3750000e+02;7.8823000e-02;1.3750000e+02;9.5482752e-02;1.3750000e+02;1.1246911e-01;1.3750000e+02;1.3026083e-01;1.3750000e+02;1.4404303e-01;1.3750000e+02;1.5959994e-01;1.3750000e+02;1.8760948e-01;1.3750000e+02;2.1817677e-01;1.3750000e+02;2.3949024e-01;1.3750000e+02;2.4341750e-01;1.3750000e+02;2.3878407e-01;1.3750000e+02;2.2656043e-01;1.3750000e+02;2.0726870e-01;1.3750000e+02;1.9121941e-02;1.3750000e+02;2.7333826e-02;1.3750000e+02;3.7502550e-02;1.3750000e+02;4.9536794e-02;1.3750000e+02;6.3304342e-02;1.3750000e+02;7.8823000e-02;1.3750000e+02;9.5482752e-02;1.3750000e+02;1.1246911e-01;1.3750000e+02;1.3026083e-01;1.3750000e+02;1.4404303e-01;1.3750000e+02;1.5959994e-01;1.3750000e+02;1.8760948e-01;1.3750000e+02;2.1817677e-01;1.3750000e+02;2.3949024e-01;1.3750000e+02;2.4341750e-01;1.3750000e+02;2.3878407e-01;1.3750000e+02;2.2656043e-01;1.3750000e+02;2.0726870e-01;1.3750000e+02;1.9121941e-02;1.3750000e+02;2.7333826e-02;1.3750000e+02;3.7502550e-02;1.3750000e+02;4.9536794e-02;1.3750000e+02;6.3304342e-02;1.3750000e+02;7.8823000e-02;1.3750000e+02;9.5482752e-02;1.3750000e+02;1.1246911e-01;1.3750000e+02;1.3026083e-01;1.3750000e+02;1.4404303e-01;1.3750000e+02;1.5959994e-01;1.3750000e+02;1.8760948e-01;1.3750000e+02;2.1817677e-01;1.3750000e+02;2.3949024e-01;1.3750000e+02;2.4341750e-01;1.3750000e+02;2.3878407e-01;1.3750000e+02;2.2656043e-01;1.3750000e+02;2.0726870e-01;1.3750000e+02;1.9121941e-02;1.3750000e+02;2.7333826e-02;1.3750000e+02;3.7502550e-02;1.3750000e+02;4.9536794e-02;1.3750000e+02;6.3304342e-02;1.3750000e+02;7.8823000e-02;1.3750000e+02;9.5482752e-02;1.3750000e+02;1.1246911e-01;1.3750000e+02;1.3026083e-01;1.3750000e+02;1.4404303e-01;1.3750000e+02;1.5959994e-01;1.3750000e+02;1.8760948e-01;1.3750000e+02;2.1817677e-01;1.3750000e+02;2.3949024e-01;1.3750000e+02;2.4341750e-01;1.3750000e+02;2.3878407e-01;1.3750000e+02;2.2656043e-01;1.3750000e+02;2.0726870e-01;1.3750000e+02;1.9121941e-02;1.3750000e+02;2.7333826e-02;1.3750000e+02;3.7502550e-02;1.3750000e+02;4.9536794e-02;1.3750000e+02;6.3304342e-02;1.3750000e+02;7.8823000e-02;1.3750000e+02;9.5482752e-02;1.3750000e+02;1.1246911e-01;1.3750000e+02;1.3026083e-01;1.3750000e+02;1.4404303e-01;1.3750000e+02;1.5959994e-01;1.3750000e+02;1.8760948e-01;1.3750000e+02;2.1817677e-01;1.3750000e+02;2.3949024e-01;1.3750000e+02;2.4341750e-01;1.3750000e+02;2.3878407e-01;1.3750000e+02;2.2656043e-01;1.3750000e+02;2.0726870e-01;1.3750000e+02;1.9121941e-02;1.3750000e+02;2.7333826e-02;1.3750000e+02;3.7502550e-02;1.3750000e+02;4.9536794e-02;1.3750000e+02;6.3304342e-02;1.3750000e+02;7.8823000e-02;1.3750000e+02;9.5482752e-02;1.3750000e+02;1.1246911e-01;1.3750000e+02;1.3026083e-01;1.3750000e+02;1.4404303e-01;1.3750000e+02;1.5959994e-01;1.3750000e+02;1.8760948e-01;1.3750000e+02;2.1817677e-01;1.3750000e+02;2.3949024e-01;1.3750000e+02;2.4341750e-01;1.3750000e+02;2.3878407e-01;1.3750000e+02;2.2656043e-01;1.3750000e+02;2.0726870e-01;1.3750000e+02;1.9121941e-02;1.3750000e+02;2.7333826e-02;1.3750000e+02;3.7502550e-02;1.3750000e+02;4.9536794e-02;1.3750000e+02;6.3304342e-02;1.3750000e+02;7.8823000e-02;1.3750000e+02;9.5482752e-02;1.3750000e+02;1.1246911e-01;1.3750000e+02;1.3026083e-01;1.3750000e+02;1.4404303e-01;1.3750000e+02;1.5959994e-01;1.3750000e+02;1.8760948e-01;1.3750000e+02;2.1817677e-01;1.3750000e+02;2.3949024e-01;1.3750000e+02;2.4341750e-01;1.3750000e+02;2.3878407e-01;1.3750000e+02;2.2656043e-01;1.3750000e+02;2.0726870e-01;1.3750000e+02;1.9121941e-02;1.3750000e+02;2.7333826e-02;1.3750000e+02;3.7502550e-02;1.3750000e+02;4.9536794e-02;1.3750000e+02;6.3304342e-02;1.3750000e+02;7.8823000e-02;1.3750000e+02;9.5482752e-02;1.3750000e+02;1.1246911e-01;1.3750000e+02;1.3026083e-01;1.3750000e+02;1.4404303e-01;1.3750000e+02;1.5959994e-01;1.3750000e+02;1.8760948e-01;1.3750000e+02;2.1817677e-01;1.3750000e+02;2.3949024e-01;1.3750000e+02;2.4341750e-01;1.3750000e+02;2.3878407e-01;1.3750000e+02;2.2656043e-01;1.3750000e+02;2.0726870e-01;1.3750000e+02;1.9121941e-02;1.3750000e+02;2.7333826e-02;1.3750000e+02;3.7502550e-02;1.3750000e+02;4.9536794e-02;1.3750000e+02;6.3304342e-02;1.3750000e+02;7.8823000e-02;1.3750000e+02;9.5482752e-02;1.3750000e+02;1.1246911e-01;1.3750000e+02;1.3026083e-01;1.3750000e+02;1.4404303e-01;1.3750000e+02;1.5959994e-01;1.3750000e+02;1.8760948e-01;1.3750000e+02;2.1817677e-01;1.3750000e+02;2.3949024e-01;1.3750000e+02;2.4341750e-01;1.3750000e+02;2.3878407e-01;1.3750000e+02;2.2656043e-01;1.3750000e+02;2.0726870e-01;1.3750000e+02;1.9121941e-02;1.3750000e+02;2.7333826e-02;1.3750000e+02;3.7502550e-02;1.3750000e+02;4.9536794e-02;1.3750000e+02;6.3304342e-02;1.3750000e+02;7.8823000e-02;1.3750000e+02;9.5482752e-02;1.3750000e+02;1.1246911e-01;1.3750000e+02;1.3026083e-01;1.3750000e+02;1.4404303e-01;1.3750000e+02;1.5959994e-01;1.3750000e+02;1.8760948e-01;1.3750000e+02;2.1817677e-01;1.3750000e+02;2.3949024e-01;1.3750000e+02;2.4341750e-01;1.3750000e+02;2.3878407e-01;1.3750000e+02;2.2656043e-01;1.3750000e+02;2.0726870e-01;1.3750000e+02;1.9121941e-02;1.3750000e+02;2.7333826e-02;1.3750000e+02;3.7502550e-02;1.3750000e+02;4.9536794e-02;1.3750000e+02;6.3304342e-02;1.3750000e+02;7.8823000e-02;1.3750000e+02;9.5482752e-02;1.3750000e+02;1.1246911e-01;1.3750000e+02;1.3026083e-01;1.3750000e+02;1.4404303e-01;1.3750000e+02;1.5959994e-01;1.3750000e+02;1.8760948e-01;1.3750000e+02;2.1817677e-01;1.3750000e+02;2.3949024e-01;1.3750000e+02;2.4341750e-01;1.3750000e+02;2.3878407e-01;1.3750000e+02;2.2656043e-01;1.3750000e+02;2.0726870e-01;1.3750000e+02;1.9121941e-02;1.3750000e+02;2.7333826e-02;1.3750000e+02;3.7502550e-02;1.3750000e+02;4.9536794e-02;1.3750000e+02;6.3304342e-02;1.3750000e+02;7.8823000e-02;1.3750000e+02;9.5482752e-02;1.3750000e+02;1.1246911e-01;1.3750000e+02;1.3026083e-01;1.3750000e+02;1.4404303e-01;1.3750000e+02;1.5959994e-01;1.3750000e+02;1.8760948e-01;1.3750000e+02;2.1817677e-01;1.3750000e+02;2.3949024e-01;1.3750000e+02;2.4341750e-01;1.3750000e+02;2.3878407e-01;1.3750000e+02;2.2656043e-01;1.3750000e+02;2.0726870e-01;1.3750000e+02;1.9121941e-02;1.3750000e+02;2.7333826e-02;1.3750000e+02;3.7502550e-02;1.3750000e+02;4.9536794e-02;1.3750000e+02;6.3304342e-02;1.3750000e+02;7.8823000e-02;1.3750000e+02;9.5482752e-02;1.3750000e+02;1.1246911e-01;1.3750000e+02;1.3026083e-01;1.3750000e+02;1.4404303e-01;1.3750000e+02;1.5959994e-01;1.3750000e+02;1.8760948e-01;1.3750000e+02;2.1817677e-01;1.3750000e+02;2.3949024e-01;1.3750000e+02;2.4341750e-01;1.3750000e+02;2.3878407e-01;1.3750000e+02;2.2656043e-01;1.3750000e+02;2.0726870e-01;1.3750000e+02;1.9121941e-02;1.3750000e+02;2.7333826e-02;1.3750000e+02;3.7502550e-02;1.3750000e+02;4.9536794e-02;1.3750000e+02;6.3304342e-02;1.3750000e+02;7.8823000e-02;1.3750000e+02;9.5482752e-02;1.3750000e+02;1.1246911e-01;1.3750000e+02;1.3026083e-01;1.3750000e+02;1.4404303e-01;1.3750000e+02;1.5959994e-01;1.3750000e+02;1.8760948e-01;1.3750000e+02;2.1817677e-01;1.3750000e+02;2.3949024e-01;1.3750000e+02;2.4341750e-01;1.3750000e+02;2.3878407e-01;1.3750000e+02;2.2656043e-01;1.3750000e+02;2.0726870e-01;1.3750000e+02;1.9121941e-02;1.3750000e+02;2.7333826e-02;1.3750000e+02;3.7502550e-02;1.3750000e+02;4.9536794e-02;1.3750000e+02;6.3304342e-02;1.3750000e+02;7.8823000e-02;1.3750000e+02;9.5482752e-02;1.3750000e+02;1.1246911e-01;1.3750000e+02;1.3026083e-01;1.3750000e+02;1.4404303e-01;1.3750000e+02;1.5959994e-01;1.3750000e+02;1.8760948e-01;1.3750000e+02;2.1817677e-01;1.3750000e+02;2.3949024e-01;1.3750000e+02;2.4341750e-01;1.3750000e+02;2.3878407e-01;1.3750000e+02;2.2656043e-01;1.3750000e+02;2.0726870e-01;1.3750000e+02;1.9121941e-02;1.3750000e+02;2.7333826e-02;1.3750000e+02;3.7502550e-02;1.3750000e+02;4.9536794e-02;1.3750000e+02;6.3304342e-02;1.3750000e+02;7.8823000e-02;1.3750000e+02;9.5482752e-02;1.3750000e+02;1.1246911e-01;1.3750000e+02;1.3026083e-01;1.3750000e+02;1.4404303e-01;1.3750000e+02;1.5959994e-01;1.3750000e+02;1.8760948e-01;1.3750000e+02;2.1817677e-01;1.3750000e+02;2.3949024e-01;1.3750000e+02;2.4341750e-01;1.3750000e+02;2.3878407e-01;1.3750000e+02;2.2656043e-01;1.3750000e+02;2.0726870e-01;1.3750000e+02;1.9121941e-02;1.3750000e+02;2.7333826e-02;1.3750000e+02;3.7502550e-02;1.3750000e+02;4.9536794e-02;1.3750000e+02;6.3304342e-02;1.3750000e+02;7.8823000e-02;1.3750000e+02;9.5482752e-02;1.3750000e+02;1.1246911e-01;1.3750000e+02;1.3026083e-01;1.3750000e+02;1.4404303e-01;1.3750000e+02;1.5959994e-01;1.3750000e+02;1.8760948e-01;1.3750000e+02;2.1817677e-01;1.3750000e+02;2.3949024e-01;1.3750000e+02;2.4341750e-01;1.3750000e+02;2.3878407e-01;1.3750000e+02;2.2656043e-01;1.3750000e+02;2.0726870e-01;1.3750000e+02;1.9121941e-02;1.3750000e+02;2.7333826e-02;1.3750000e+02;3.7502550e-02;1.3750000e+02;4.9536794e-02;1.3750000e+02;6.3304342e-02;1.3750000e+02;7.8823000e-02;1.3750000e+02;9.5482752e-02;1.3750000e+02;1.1246911e-01;1.3750000e+02;1.3026083e-01;1.3750000e+02;1.4404303e-01;1.3750000e+02;1.5959994e-01;1.3750000e+02;1.8760948e-01;1.3750000e+02;2.1817677e-01;1.3750000e+02;2.3949024e-01;1.3750000e+02;2.4341750e-01;1.3750000e+02;2.3878407e-01;1.3750000e+02;2.2656043e-01;1.3750000e+02;2.0726870e-01;1.3750000e+02;1.9121941e-02;1.3750000e+02;2.7333826e-02;1.3750000e+02;3.7502550e-02;1.3750000e+02;4.9536794e-02;1.3750000e+02;6.3304342e-02;1.3750000e+02;7.8823000e-02;1.3750000e+02;9.5482752e-02;1.3750000e+02;1.1246911e-01;1.3750000e+02;1.3026083e-01;1.3750000e+02;1.4404303e-01;1.3750000e+02;1.5959994e-01;1.3750000e+02;1.8760948e-01;1.3750000e+02;2.1817677e-01;1.3750000e+02;2.3949024e-01;1.3750000e+02;2.4341750e-01;1.3750000e+02;2.3878407e-01;1.3750000e+02;2.2656043e-01;1.3750000e+02;2.0726870e-01;1.3750000e+02;1.9121941e-02;1.3750000e+02;2.7333826e-02;1.3750000e+02;3.7502550e-02;1.3750000e+02;4.9536794e-02;1.3750000e+02;6.3304342e-02;1.3750000e+02;7.8823000e-02;1.3750000e+02;9.5482752e-02;1.3750000e+02;1.1246911e-01;1.3750000e+02;1.3026083e-01;1.3750000e+02;1.4404303e-01;1.3750000e+02;1.5959994e-01;1.3750000e+02;1.8760948e-01;1.3750000e+02;2.1817677e-01;1.3750000e+02;2.3949024e-01;1.3750000e+02;2.4341750e-01;1.3750000e+02;2.3878407e-01;1.3750000e+02;2.2656043e-01;1.3750000e+02;2.0726870e-01;1.3750000e+02;1.9121941e-02;1.3750000e+02;2.7333826e-02;1.3750000e+02;3.7502550e-02;1.3750000e+02;4.9536794e-02;1.3750000e+02;6.3304342e-02;1.3750000e+02;7.8823000e-02;1.3750000e+02;9.5482752e-02;1.3750000e+02;1.1246911e-01;1.3750000e+02;1.3026083e-01;1.3750000e+02;1.4404303e-01;1.3750000e+02;1.5959994e-01;1.3750000e+02;1.8760948e-01;1.3750000e+02;2.1817677e-01;1.3750000e+02;2.3949024e-01;1.3750000e+02;2.4341750e-01;1.3750000e+02;2.3878407e-01;1.3750000e+02;2.2656043e-01;1.3750000e+02;2.0726870e-01;1.3750000e+02;1.9121941e-02;1.3750000e+02;2.7333826e-02;1.3750000e+02;3.7502550e-02;1.3750000e+02;4.9536794e-02;1.3750000e+02;6.3304342e-02;1.3750000e+02;7.8823000e-02;1.3750000e+02;9.5482752e-02;1.3750000e+02;1.1246911e-01;1.3750000e+02;1.3026083e-01;1.3750000e+02;1.4404303e-01;1.3750000e+02;1.5959994e-01;1.3750000e+02;1.8760948e-01;1.3750000e+02;2.1817677e-01;1.3750000e+02;2.3949024e-01;1.3750000e+02;2.4341750e-01;1.3750000e+02;2.3878407e-01;1.3750000e+02;2.2656043e-01;1.3750000e+02;2.0726870e-01;1.3750000e+02;1.9121941e-02;1.3750000e+02;2.7333826e-02;1.3750000e+02;3.7502550e-02;1.3750000e+02;4.9536794e-02;1.3750000e+02;6.3304342e-02;1.3750000e+02;7.8823000e-02;1.3750000e+02;9.5482752e-02;1.3750000e+02;1.1246911e-01;1.3750000e+02;1.3026083e-01;1.3750000e+02;1.4404303e-01;1.3750000e+02;1.5959994e-01;1.3750000e+02;1.8760948e-01;1.3750000e+02;2.1817677e-01;1.3750000e+02;2.3949024e-01;1.3750000e+02;2.4341750e-01;1.3750000e+02;2.3878407e-01;1.3750000e+02;2.2656043e-01;1.3750000e+02;2.0726870e-01;1.3750000e+02;1.9121941e-02;1.3750000e+02;2.7333826e-02;1.3750000e+02;3.7502550e-02;1.3750000e+02;4.9536794e-02;1.3750000e+02;6.3304342e-02;1.3750000e+02;7.8823000e-02;1.3750000e+02;9.5482752e-02;1.3750000e+02;1.1246911e-01;1.3750000e+02;1.3026083e-01;1.3750000e+02;1.4404303e-01;1.3750000e+02;1.5959994e-01;1.3750000e+02;1.8760948e-01;1.3750000e+02;2.1817677e-01;1.3750000e+02;2.3949024e-01;1.3750000e+02;2.4341750e-01;1.3750000e+02;2.3878407e-01;1.3750000e+02;2.2656043e-01;1.3750000e+02;2.0726870e-01;1.3750000e+02;1.9121941e-02;1.3750000e+02;2.7333826e-02;1.3750000e+02;3.7502550e-02;1.3750000e+02;4.9536794e-02;1.3750000e+02;6.3304342e-02;1.3750000e+02;7.8823000e-02;1.3750000e+02;9.5482752e-02;1.3750000e+02;1.1246911e-01;1.3750000e+02;1.3026083e-01;1.3750000e+02;1.4404303e-01;1.3750000e+02;1.5959994e-01;1.3750000e+02;1.8760948e-01;1.3750000e+02;2.1817677e-01;1.3750000e+02;2.3949024e-01;1.3750000e+02;2.4341750e-01;1.3750000e+02;2.3878407e-01;1.3750000e+02;2.2656043e-01;1.3750000e+02;2.0726870e-01;1.3750000e+02;1.9121941e-02;1.3750000e+02;2.7333826e-02;1.3750000e+02;3.7502550e-02;1.3750000e+02;4.9536794e-02;1.3750000e+02;6.3304342e-02;1.3750000e+02;7.8823000e-02;1.3750000e+02;9.5482752e-02;1.3750000e+02;1.1246911e-01;1.3750000e+02;1.3026083e-01;1.3750000e+02;1.4404303e-01;1.3750000e+02;1.5959994e-01;1.3750000e+02;1.8760948e-01;1.3750000e+02;2.1817677e-01;1.3750000e+02;2.3949024e-01;1.3750000e+02;2.4341750e-01;1.3750000e+02;2.3878407e-01;1.3750000e+02;2.2656043e-01;1.3750000e+02;2.0726870e-01;1.3750000e+02;1.9121941e-02;1.3750000e+02;2.7333826e-02;1.3750000e+02;3.7502550e-02;1.3750000e+02;4.9536794e-02;1.3750000e+02;6.3304342e-02;1.3750000e+02;7.8823000e-02;1.3750000e+02;9.5482752e-02;1.3750000e+02;1.1246911e-01;1.3750000e+02;1.3026083e-01;1.3750000e+02;1.4404303e-01;1.3750000e+02;1.5959994e-01;1.3750000e+02;1.8760948e-01;1.3750000e+02;2.1817677e-01;1.3750000e+02;2.3949024e-01;1.3750000e+02;2.4341750e-01;1.3750000e+02;2.3878407e-01;1.3750000e+02;2.2656043e-01;1.3750000e+02;2.0726870e-01;1.3750000e+02;1.9121941e-02;1.3750000e+02;2.7333826e-02;1.3750000e+02;3.7502550e-02;1.3750000e+02;4.9536794e-02;1.3750000e+02;6.3304342e-02;1.3750000e+02;7.8823000e-02;1.3750000e+02;9.5482752e-02;1.3750000e+02;1.1246911e-01;1.3750000e+02;1.3026083e-01;1.3750000e+02;1.4404303e-01;1.3750000e+02;1.5959994e-01;1.3750000e+02;1.8760948e-01;1.3750000e+02;2.1817677e-01;1.3750000e+02;2.3949024e-01;1.3750000e+02;2.4341750e-01;1.3750000e+02;2.3878407e-01;1.3750000e+02;2.2656043e-01;1.3750000e+02;2.0726870e-01;1.3750000e+02;1.9121941e-02;1.3750000e+02;2.7333826e-02;1.3750000e+02;3.7502550e-02;1.3750000e+02;4.9536794e-02;1.3750000e+02;6.3304342e-02;1.3750000e+02;7.8823000e-02;1.3750000e+02;9.5482752e-02;1.3750000e+02;1.1246911e-01;1.3750000e+02;1.3026083e-01;1.3750000e+02;1.4404303e-01;1.3750000e+02;1.5959994e-01;1.3750000e+02;1.8760948e-01;1.3750000e+02;2.1817677e-01;1.3750000e+02;2.3949024e-01;1.3750000e+02;2.4341750e-01;1.3750000e+02;2.3878407e-01;1.3750000e+02;2.2656043e-01;1.3750000e+02;2.0726870e-01;1.3750000e+02;1.9121941e-02;1.3750000e+02;2.7333826e-02;1.3750000e+02;3.7502550e-02;1.3750000e+02;4.9536794e-02;1.3750000e+02;6.3304342e-02;1.3750000e+02;7.8823000e-02;1.3750000e+02;9.5482752e-02;1.3750000e+02;1.1246911e-01;1.3750000e+02;1.3026083e-01;1.3750000e+02;1.4404303e-01;1.3750000e+02;1.5959994e-01;1.3750000e+02;1.8760948e-01;1.3750000e+02;2.1817677e-01;1.3750000e+02;2.3949024e-01;1.3750000e+02;2.4341750e-01;1.3750000e+02;2.3878407e-01;1.3750000e+02;2.2656043e-01;1.3750000e+02;2.0726870e-01;1.3750000e+02;1.9121941e-02;1.3750000e+02;2.7333826e-02;1.3750000e+02;3.7502550e-02;1.3750000e+02;4.9536794e-02;1.3750000e+02;6.3304342e-02;1.3750000e+02;7.8823000e-02;1.3750000e+02;9.5482752e-02;1.3750000e+02;1.1246911e-01;1.3750000e+02;1.3026083e-01;1.3750000e+02;1.4404303e-01;1.3750000e+02;1.5959994e-01;1.3750000e+02;1.8760948e-01;1.3750000e+02;2.1817677e-01;1.3750000e+02;2.3949024e-01;1.3750000e+02;2.4341750e-01;1.3750000e+02;2.3878407e-01;1.3750000e+02;2.2656043e-01;1.3750000e+02;2.0726870e-01;1.3750000e+02;1.9121941e-02;1.3750000e+02;2.7333826e-02;1.3750000e+02;3.7502550e-02;1.3750000e+02;4.9536794e-02;1.3750000e+02;6.3304342e-02;1.3750000e+02;7.8823000e-02;1.3750000e+02;9.5482752e-02;1.3750000e+02;1.1246911e-01;1.3750000e+02;1.3026083e-01;1.3750000e+02;1.4404303e-01;1.3750000e+02;1.5959994e-01;1.3750000e+02;1.8760948e-01;1.3750000e+02;2.1817677e-01;1.3750000e+02;2.3949024e-01;1.3750000e+02;2.4341750e-01;1.3750000e+02;2.3878407e-01;1.3750000e+02;2.2656043e-01;1.3750000e+02;2.0726870e-01;1.3750000e+02;1.9121941e-02;1.3750000e+02;2.7333826e-02;1.3750000e+02;3.7502550e-02;1.3750000e+02;4.9536794e-02;1.3750000e+02;6.3304342e-02;1.3750000e+02;7.8823000e-02;1.3750000e+02;9.5482752e-02;1.3750000e+02;1.1246911e-01;1.3750000e+02;1.3026083e-01;1.3750000e+02;1.4404303e-01;1.3750000e+02;1.5959994e-01;1.3750000e+02;1.8760948e-01;1.3750000e+02;2.1817677e-01;1.3750000e+02;2.3949024e-01;1.3750000e+02;2.4341750e-01;1.3750000e+02;2.3878407e-01;1.3750000e+02;2.2656043e-01;1.3750000e+02;2.0726870e-01;1.3750000e+02;1.9121941e-02;1.3750000e+02;2.7333826e-02;1.3750000e+02;3.7502550e-02;1.3750000e+02;4.9536794e-02;1.3750000e+02;6.3304342e-02;1.3750000e+02;7.8823000e-02;1.3750000e+02;9.5482752e-02;1.3750000e+02;1.1246911e-01;1.3750000e+02;1.3026083e-01;1.3750000e+02;1.4404303e-01;1.3750000e+02;1.5959994e-01;1.3750000e+02;1.8760948e-01;1.3750000e+02;2.1817677e-01;1.3750000e+02;2.3949024e-01;1.3750000e+02;2.4341750e-01;1.3750000e+02;2.3878407e-01;1.3750000e+02;2.2656043e-01;1.3750000e+02;2.0726870e-01;1.3750000e+02;1.9121941e-02;1.3750000e+02;2.7333826e-02;1.3750000e+02;3.7502550e-02;1.3750000e+02;4.9536794e-02;1.3750000e+02;6.3304342e-02;1.3750000e+02;7.8823000e-02;1.3750000e+02;9.5482752e-02;1.3750000e+02;1.1246911e-01;1.3750000e+02;1.3026083e-01;1.3750000e+02;1.4404303e-01;1.3750000e+02;1.5959994e-01;1.3750000e+02;1.8760948e-01;1.3750000e+02;2.1817677e-01;1.3750000e+02;2.3949024e-01;1.3750000e+02;2.4341750e-01;1.3750000e+02;2.3878407e-01;1.3750000e+02;2.2656043e-01;1.3750000e+02;2.0726870e-01;1.3750000e+02;1.9121941e-02;1.3750000e+02;2.7333826e-02;1.3750000e+02;3.7502550e-02;1.3750000e+02;4.9536794e-02;1.3750000e+02;6.3304342e-02;1.3750000e+02;7.8823000e-02;1.3750000e+02;9.5482752e-02;1.3750000e+02;1.1246911e-01;1.3750000e+02;1.3026083e-01;1.3750000e+02;1.4404303e-01;1.3750000e+02;1.5959994e-01;1.3750000e+02;1.8760948e-01;1.3750000e+02;2.1817677e-01;1.3750000e+02;2.3949024e-01;1.3750000e+02;2.4341750e-01;1.3750000e+02;2.3878407e-01;1.3750000e+02;2.2656043e-01;1.3750000e+02;2.0726870e-01;1.3750000e+02;1.9121941e-02;1.3750000e+02;2.7333826e-02;1.3750000e+02;3.7502550e-02;1.3750000e+02;4.9536794e-02;1.3750000e+02;6.3304342e-02;1.3750000e+02;7.8823000e-02;1.3750000e+02;9.5482752e-02;1.3750000e+02;1.1246911e-01;1.3750000e+02;1.3026083e-01;1.3750000e+02;1.4404303e-01;1.3750000e+02;1.5959994e-01;1.3750000e+02;1.8760948e-01;1.3750000e+02;2.1817677e-01;1.3750000e+02;2.3949024e-01;1.3750000e+02;2.4341750e-01;1.3750000e+02;2.3878407e-01;1.3750000e+02;2.2656043e-01;1.3750000e+02;2.0726870e-01;1.3750000e+02;1.9121941e-02;1.3750000e+02;2.7333826e-02;1.3750000e+02;3.7502550e-02;1.3750000e+02;4.9536794e-02;1.3750000e+02;6.3304342e-02;1.3750000e+02;7.8823000e-02;1.3750000e+02;9.5482752e-02;1.3750000e+02;1.1246911e-01;1.3750000e+02;1.3026083e-01;1.3750000e+02;1.4404303e-01;1.3750000e+02;1.5959994e-01;1.3750000e+02;1.8760948e-01;1.3750000e+02;2.1817677e-01;1.3750000e+02;2.3949024e-01;1.3750000e+02;2.4341750e-01;1.3750000e+02;2.3878407e-01;1.3750000e+02;2.2656043e-01;1.3750000e+02;2.0726870e-01;1.3750000e+02;1.9121941e-02;1.3750000e+02;2.7333826e-02;1.3750000e+02;3.7502550e-02;1.3750000e+02;4.9536794e-02;1.3750000e+02;6.3304342e-02;1.3750000e+02;7.8823000e-02;1.3750000e+02;9.5482752e-02;1.3750000e+02;1.1246911e-01;1.3750000e+02;1.3026083e-01;1.3750000e+02;1.4404303e-01;1.3750000e+02;1.5959994e-01;1.3750000e+02;1.8760948e-01;1.3750000e+02;2.1817677e-01;1.3750000e+02;2.3949024e-01;1.3750000e+02;2.4341750e-01;1.3750000e+02;2.3878407e-01;1.3750000e+02;2.2656043e-01;1.3750000e+02;2.0726870e-01;1.3750000e+02;1.9121941e-02;1.3750000e+02;2.7333826e-02;1.3750000e+02;3.7502550e-02;1.3750000e+02;4.9536794e-02;1.3750000e+02;6.3304342e-02;1.3750000e+02;7.8823000e-02;1.3750000e+02;9.5482752e-02;1.3750000e+02;1.1246911e-01;1.3750000e+02;1.3026083e-01;1.3750000e+02;1.4404303e-01;1.3750000e+02;1.5959994e-01;1.3750000e+02;1.8760948e-01;1.3750000e+02;2.1817677e-01;1.3750000e+02;2.3949024e-01;1.3750000e+02;2.4341750e-01;1.3750000e+02;2.3878407e-01;1.3750000e+02;2.2656043e-01;1.3750000e+02;2.0726870e-01;1.3750000e+02;1.9121941e-02;1.3750000e+02;2.7333826e-02;1.3750000e+02;3.7502550e-02;1.3750000e+02;4.9536794e-02;1.3750000e+02;6.3304342e-02;1.3750000e+02;7.8823000e-02;1.3750000e+02;9.5482752e-02;1.3750000e+02;1.1246911e-01;1.3750000e+02;1.3026083e-01;1.3750000e+02;1.4404303e-01;1.3750000e+02;1.5959994e-01;1.3750000e+02;1.8760948e-01;1.3750000e+02;2.1817677e-01;1.3750000e+02;2.3949024e-01;1.3750000e+02;2.4341750e-01;1.3750000e+02;2.3878407e-01;1.3750000e+02;2.2656043e-01;1.3750000e+02;2.0726870e-01;1.3750000e+02;1.9121941e-02;1.3750000e+02;2.7333826e-02;1.3750000e+02;3.7502550e-02;1.3750000e+02;4.9536794e-02;1.3750000e+02;6.3304342e-02;1.3750000e+02;7.8823000e-02;1.3750000e+02;9.5482752e-02;1.3750000e+02;1.1246911e-01;1.3750000e+02;1.3026083e-01;1.3750000e+02;1.4404303e-01;1.3750000e+02;1.5959994e-01;1.3750000e+02;1.8760948e-01;1.3750000e+02;2.1817677e-01;1.3750000e+02;2.3949024e-01;1.3750000e+02;2.4341750e-01;1.3750000e+02;2.3878407e-01;1.3750000e+02;2.2656043e-01;1.3750000e+02;2.0726870e-01;1.3750000e+02;1.9121941e-02;1.3750000e+02;2.7333826e-02;1.3750000e+02;3.7502550e-02;1.3750000e+02;4.9536794e-02;1.3750000e+02;6.3304342e-02;1.3750000e+02;7.8823000e-02;1.3750000e+02;9.5482752e-02;1.3750000e+02;1.1246911e-01;1.3750000e+02;1.3026083e-01;1.3750000e+02;1.4404303e-01;1.3750000e+02;1.5959994e-01;1.3750000e+02;1.8760948e-01;1.3750000e+02;2.1817677e-01;1.3750000e+02;2.3949024e-01;1.3750000e+02;2.4341750e-01;1.3750000e+02;2.3878407e-01;1.3750000e+02;2.2656043e-01;1.3750000e+02;2.0726870e-01;1.3750000e+02;1.9121941e-02;1.3750000e+02;2.7333826e-02;1.3750000e+02;3.7502550e-02;1.3750000e+02;4.9536794e-02;1.3750000e+02;6.3304342e-02;1.3750000e+02;7.8823000e-02;1.3750000e+02;9.5482752e-02;1.3750000e+02;1.1246911e-01;1.3750000e+02;1.3026083e-01;1.3750000e+02;1.4404303e-01;1.3750000e+02;1.5959994e-01;1.3750000e+02;1.8760948e-01;1.3750000e+02;2.1817677e-01;1.3750000e+02;2.3949024e-01;1.3750000e+02;2.4341750e-01;1.3750000e+02;2.3878407e-01;1.3750000e+02;2.2656043e-01;1.3750000e+02;2.0726870e-01;1.3750000e+02;1.9121941e-02;1.3750000e+02;2.7333826e-02;1.3750000e+02;3.7502550e-02;1.3750000e+02;4.9536794e-02;1.3750000e+02;6.3304342e-02;1.3750000e+02;7.8823000e-02;1.3750000e+02;9.5482752e-02;1.3750000e+02;1.1246911e-01;1.3750000e+02;1.3026083e-01;1.3750000e+02;1.4404303e-01;1.3750000e+02;1.5959994e-01;1.3750000e+02;1.8760948e-01;1.3750000e+02;2.1817677e-01;1.3750000e+02;2.3949024e-01;1.3750000e+02;2.4341750e-01;1.3750000e+02;2.3878407e-01;1.3750000e+02;2.2656043e-01;1.3750000e+02;2.0726870e-01;1.3750000e+02;1.9121941e-02;1.3750000e+02;2.7333826e-02;1.3750000e+02;3.7502550e-02;1.3750000e+02;4.9536794e-02;1.3750000e+02;6.3304342e-02;1.3750000e+02;7.8823000e-02;1.3750000e+02;9.5482752e-02;1.3750000e+02;1.1246911e-01;1.3750000e+02;1.3026083e-01;1.3750000e+02;1.4404303e-01;1.3750000e+02;1.5959994e-01;1.3750000e+02;1.8760948e-01;1.3750000e+02;2.1817677e-01;1.3750000e+02;2.3949024e-01;1.3750000e+02;2.4341750e-01;1.3750000e+02;2.3878407e-01;1.3750000e+02;2.2656043e-01;1.3750000e+02;2.0726870e-01;1.3750000e+02;1.9121941e-02;1.3750000e+02;2.7333826e-02;1.3750000e+02;3.7502550e-02;1.3750000e+02;4.9536794e-02;1.3750000e+02;6.3304342e-02;1.3750000e+02;7.8823000e-02;1.3750000e+02;9.5482752e-02;1.3750000e+02;1.1246911e-01;1.3750000e+02;1.3026083e-01;1.3750000e+02;1.4404303e-01;1.3750000e+02;1.5959994e-01;1.3750000e+02;1.8760948e-01;1.3750000e+02;2.1817677e-01;1.3750000e+02;2.3949024e-01;1.3750000e+02;2.4341750e-01;1.3750000e+02;2.3878407e-01;1.3750000e+02;2.2656043e-01;1.3750000e+02;2.0726870e-01;1.3750000e+02;1.9121941e-02;1.3750000e+02;2.7333826e-02;1.3750000e+02;3.7502550e-02;1.3750000e+02;4.9536794e-02;1.3750000e+02;6.3304342e-02;1.3750000e+02;7.8823000e-02;1.3750000e+02;9.5482752e-02;1.3750000e+02;1.1246911e-01;1.3750000e+02;1.3026083e-01;1.3750000e+02;1.4404303e-01;1.3750000e+02;1.5959994e-01;1.3750000e+02;1.8760948e-01;1.3750000e+02;2.1817677e-01;1.3750000e+02;2.3949024e-01;1.3750000e+02;2.4341750e-01;1.3750000e+02;2.3878407e-01;1.3750000e+02;2.2656043e-01;1.3750000e+02;2.0726870e-01;1.3750000e+02;1.9121941e-02;1.3750000e+02;2.7333826e-02;1.3750000e+02;3.7502550e-02;1.3750000e+02;4.9536794e-02;1.3750000e+02;6.3304342e-02;1.3750000e+02;7.8823000e-02;1.3750000e+02;9.5482752e-02;1.3750000e+02;1.1246911e-01;1.3750000e+02;1.3026083e-01;1.3750000e+02;1.4404303e-01;1.3750000e+02;1.5959994e-01;1.3750000e+02;1.8760948e-01;1.3750000e+02;2.1817677e-01;1.3750000e+02;2.3949024e-01;1.3750000e+02;2.4341750e-01;1.3750000e+02;2.3878407e-01;1.3750000e+02;2.2656043e-01;1.3750000e+02;2.0726870e-01;1.3750000e+02;1.9121941e-02;1.3750000e+02;2.7333826e-02;1.3750000e+02;3.7502550e-02;1.3750000e+02;4.9536794e-02;1.3750000e+02;6.3304342e-02;1.3750000e+02;7.8823000e-02;1.3750000e+02;9.5482752e-02;1.3750000e+02;1.1246911e-01;1.3750000e+02;1.3026083e-01;1.3750000e+02;1.4404303e-01;1.3750000e+02;1.5959994e-01;1.3750000e+02;1.8760948e-01;1.3750000e+02;2.1817677e-01;1.3750000e+02;2.3949024e-01;1.3750000e+02;2.4341750e-01;1.3750000e+02;2.3878407e-01;1.3750000e+02;2.2656043e-01;1.3750000e+02;2.0726870e-01;1.3750000e+02;1.9121941e-02;1.3750000e+02;2.7333826e-02;1.3750000e+02;3.7502550e-02;1.3750000e+02;4.9536794e-02;1.3750000e+02;6.3304342e-02;1.3750000e+02;7.8823000e-02;1.3750000e+02;9.5482752e-02;1.3750000e+02;1.1246911e-01;1.3750000e+02;1.3026083e-01;1.3750000e+02;1.4404303e-01;1.3750000e+02;1.5959994e-01;1.3750000e+02;1.8760948e-01;1.3750000e+02;2.1817677e-01;1.3750000e+02;2.3949024e-01;1.3750000e+02;2.4341750e-01;1.3750000e+02;2.3878407e-01;1.3750000e+02;2.2656043e-01;1.3750000e+02;2.0726870e-01;1.3750000e+02;1.9121941e-02;1.3750000e+02;2.7333826e-02;1.3750000e+02;3.7502550e-02;1.3750000e+02;4.9536794e-02;1.3750000e+02;6.3304342e-02;1.3750000e+02;7.8823000e-02;1.3750000e+02;9.5482752e-02;1.3750000e+02;1.1246911e-01;1.3750000e+02;1.3026083e-01;1.3750000e+02;1.4404303e-01;1.3750000e+02;1.5959994e-01;1.3750000e+02;1.8760948e-01;1.3750000e+02;2.1817677e-01;1.3750000e+02;2.3949024e-01;1.3750000e+02;2.4341750e-01;1.3750000e+02;2.3878407e-01;1.3750000e+02;2.2656043e-01;1.3750000e+02;2.0726870e-01;1.3750000e+02;1.9121941e-02;1.3750000e+02;2.7333826e-02;1.3750000e+02;3.7502550e-02;1.3750000e+02;4.9536794e-02;1.3750000e+02;6.3304342e-02;1.3750000e+02;7.8823000e-02;1.3750000e+02;9.5482752e-02;1.3750000e+02;1.1246911e-01;1.3750000e+02;1.3026083e-01;1.3750000e+02;1.4404303e-01;1.3750000e+02;1.5959994e-01;1.3750000e+02;1.8760948e-01;1.3750000e+02;2.1817677e-01;1.3750000e+02;2.3949024e-01;1.3750000e+02;2.4341750e-01;1.3750000e+02;2.3878407e-01;1.3750000e+02;2.2656043e-01;1.3750000e+02;2.0726870e-01;1.3750000e+02;1.9121941e-02;1.3750000e+02;2.7333826e-02;1.3750000e+02;3.7502550e-02;1.3750000e+02;4.9536794e-02;1.3750000e+02;6.3304342e-02;1.3750000e+02;7.8823000e-02;1.3750000e+02;9.5482752e-02;1.3750000e+02;1.1246911e-01;1.3750000e+02;1.3026083e-01;1.3750000e+02;1.4404303e-01;1.3750000e+02;1.5959994e-01;1.3750000e+02;1.8760948e-01;1.3750000e+02;2.1817677e-01;1.3750000e+02;2.3949024e-01;1.3750000e+02;2.4341750e-01;1.3750000e+02;2.3878407e-01;1.3750000e+02;2.2656043e-01;1.3750000e+02;2.0726870e-01;1.3750000e+02;1.9121941e-02;1.3750000e+02;2.7333826e-02;1.3750000e+02;3.7502550e-02;1.3750000e+02;4.9536794e-02;1.3750000e+02;6.3304342e-02;1.3750000e+02;7.8823000e-02;1.3750000e+02;9.5482752e-02;1.3750000e+02;1.1246911e-01;1.3750000e+02;1.3026083e-01;1.3750000e+02;1.4404303e-01;1.3750000e+02;1.5959994e-01;1.3750000e+02;1.8760948e-01;1.3750000e+02;2.1817677e-01;1.3750000e+02;2.3949024e-01;1.3750000e+02;2.4341750e-01;1.3750000e+02;2.3878407e-01;1.3750000e+02;2.2656043e-01;1.3750000e+02;2.0726870e-01;1.3750000e+02;1.9121941e-02;1.3750000e+02;2.7333826e-02;1.3750000e+02;3.7502550e-02;1.3750000e+02;4.9536794e-02;1.3750000e+02;6.3304342e-02;1.3750000e+02;7.8823000e-02;1.3750000e+02;9.5482752e-02;1.3750000e+02;1.1246911e-01;1.3750000e+02;1.3026083e-01;1.3750000e+02;1.4404303e-01;1.3750000e+02;1.5959994e-01;1.3750000e+02;1.8760948e-01;1.3750000e+02;2.1817677e-01;1.3750000e+02;2.3949024e-01;1.3750000e+02;2.4341750e-01;1.3750000e+02;2.3878407e-01;1.3750000e+02;2.2656043e-01;1.3750000e+02;2.0726870e-01;1.3750000e+02;1.9121941e-02;1.3750000e+02;2.7333826e-02;1.3750000e+02;3.7502550e-02;1.3750000e+02;4.9536794e-02;1.3750000e+02;6.3304342e-02;1.3750000e+02;7.8823000e-02;1.3750000e+02;9.5482752e-02;1.3750000e+02;1.1246911e-01;1.3750000e+02;1.3026083e-01;1.3750000e+02;1.4404303e-01;1.3750000e+02;1.5959994e-01;1.3750000e+02;1.8760948e-01;1.3750000e+02;2.1817677e-01;1.3750000e+02;2.3949024e-01;1.3750000e+02;2.4341750e-01;1.3750000e+02;2.3878407e-01;1.3750000e+02;2.2656043e-01;1.3750000e+02;2.0726870e-01;1.3750000e+02;1.9121941e-02;1.3750000e+02;2.7333826e-02;1.3750000e+02;3.7502550e-02;1.3750000e+02;4.9536794e-02;1.3750000e+02;6.3304342e-02;1.3750000e+02;7.8823000e-02;1.3750000e+02;9.5482752e-02;1.3750000e+02;1.1246911e-01;1.3750000e+02;1.3026083e-01;1.3750000e+02;1.4404303e-01;1.3750000e+02;1.5959994e-01;1.3750000e+02;1.8760948e-01;1.3750000e+02;2.1817677e-01;1.3750000e+02;2.3949024e-01;1.3750000e+02;2.4341750e-01;1.3750000e+02;2.3878407e-01;1.3750000e+02;2.2656043e-01;1.3750000e+02;2.0726870e-01;1.3750000e+02;1.9121941e-02;1.3750000e+02;2.7333826e-02;1.3750000e+02;3.7502550e-02;1.3750000e+02;4.9536794e-02;1.3750000e+02;6.3304342e-02;1.3750000e+02;7.8823000e-02;1.3750000e+02;9.5482752e-02;1.3750000e+02;1.1246911e-01;1.3750000e+02;1.3026083e-01;1.3750000e+02;1.4404303e-01;1.3750000e+02;1.5959994e-01;1.3750000e+02;1.8760948e-01;1.3750000e+02;2.1817677e-01;1.3750000e+02;2.3949024e-01;1.3750000e+02;2.4341750e-01;1.3750000e+02;2.3878407e-01;1.3750000e+02;2.2656043e-01;1.3750000e+02;2.0726870e-01;1.3750000e+02;1.9121941e-02;1.3750000e+02;2.7333826e-02;1.3750000e+02;3.7502550e-02;1.3750000e+02;4.9536794e-02;1.3750000e+02;6.3304342e-02;1.3750000e+02;7.8823000e-02;1.3750000e+02;9.5482752e-02;1.3750000e+02;1.1246911e-01;1.3750000e+02;1.3026083e-01;1.3750000e+02;1.4404303e-01;1.3750000e+02;1.5959994e-01;1.3750000e+02;1.8760948e-01;1.3750000e+02;2.1817677e-01;1.3750000e+02;2.3949024e-01;1.3750000e+02;2.4341750e-01;1.3750000e+02;2.3878407e-01;1.3750000e+02;2.2656043e-01;1.3750000e+02;2.0726870e-01;1.3750000e+02;1.9121941e-02;1.3750000e+02;2.7333826e-02;1.3750000e+02;3.7502550e-02;1.3750000e+02;4.9536794e-02;1.3750000e+02;6.3304342e-02;1.3750000e+02;7.8823000e-02;1.3750000e+02;9.5482752e-02;1.3750000e+02;1.1246911e-01;1.3750000e+02;1.3026083e-01;1.3750000e+02;1.4404303e-01;1.3750000e+02;1.5959994e-01;1.3750000e+02;1.8760948e-01;1.3750000e+02;2.1817677e-01;1.3750000e+02;2.3949024e-01;1.3750000e+02;2.4341750e-01;1.3750000e+02;2.3878407e-01;1.3750000e+02;2.2656043e-01;1.3750000e+02;2.0726870e-01;1.3750000e+02;1.9121941e-02;1.3750000e+02;2.7333826e-02;1.3750000e+02;3.7502550e-02;1.3750000e+02;4.9536794e-02;1.3750000e+02;6.3304342e-02;1.3750000e+02;7.8823000e-02;1.3750000e+02;9.5482752e-02;1.3750000e+02;1.1246911e-01;1.3750000e+02;1.3026083e-01;1.3750000e+02;1.4404303e-01;1.3750000e+02;1.5959994e-01;1.3750000e+02;1.8760948e-01;1.3750000e+02;2.1817677e-01;1.3750000e+02;2.3949024e-01;1.3750000e+02;2.4341750e-01;1.3750000e+02;2.3878407e-01;1.3750000e+02;2.2656043e-01;1.3750000e+02;2.0726870e-01;1.3750000e+02;1.9121941e-02;1.3750000e+02;2.7333826e-02;1.3750000e+02;3.7502550e-02;1.3750000e+02;4.9536794e-02;1.3750000e+02;6.3304342e-02;1.3750000e+02;7.8823000e-02;1.3750000e+02;9.5482752e-02;1.3750000e+02;1.1246911e-01;1.3750000e+02;1.3026083e-01;1.3750000e+02;1.4404303e-01;1.3750000e+02;1.5959994e-01;1.3750000e+02;1.8760948e-01;1.3750000e+02;2.1817677e-01;1.3750000e+02;2.3949024e-01;1.3750000e+02;2.4341750e-01;1.3750000e+02;2.3878407e-01;1.3750000e+02;2.2656043e-01;1.3750000e+02;2.0726870e-01;1.3750000e+02;1.9121941e-02;1.3750000e+02;2.7333826e-02;1.3750000e+02;3.7502550e-02;1.3750000e+02;4.9536794e-02;1.3750000e+02;6.3304342e-02;1.3750000e+02;7.8823000e-02;1.3750000e+02;9.5482752e-02;1.3750000e+02;1.1246911e-01;1.3750000e+02;1.3026083e-01;1.3750000e+02;1.4404303e-01;1.3750000e+02;1.5959994e-01;1.3750000e+02;1.8760948e-01;1.3750000e+02;2.1817677e-01;1.3750000e+02;2.3949024e-01;1.3750000e+02;2.4341750e-01;1.3750000e+02;2.3878407e-01;1.3750000e+02;2.2656043e-01;1.3750000e+02;2.0726870e-01;1.3750000e+02;1.9121941e-02;1.3750000e+02;2.7333826e-02;1.3750000e+02;3.7502550e-02;1.3750000e+02;4.9536794e-02;1.3750000e+02;6.3304342e-02;1.3750000e+02;7.8823000e-02;1.3750000e+02;9.5482752e-02;1.3750000e+02;1.1246911e-01;1.3750000e+02;1.3026083e-01;1.3750000e+02;1.4404303e-01;1.3750000e+02;1.5959994e-01;1.3750000e+02;1.8760948e-01;1.3750000e+02;2.1817677e-01;1.3750000e+02;2.3949024e-01;1.3750000e+02;2.4341750e-01;1.3750000e+02;2.3878407e-01;1.3750000e+02;2.2656043e-01;1.3750000e+02;2.0726870e-01;1.3750000e+02;1.9121941e-02;1.3750000e+02;2.7333826e-02;1.3750000e+02;3.7502550e-02;1.3750000e+02;4.9536794e-02;1.3750000e+02;6.3304342e-02;1.3750000e+02;7.8823000e-02;1.3750000e+02;9.5482752e-02;1.3750000e+02;1.1246911e-01;1.3750000e+02;1.3026083e-01;1.3750000e+02;1.4404303e-01;1.3750000e+02;1.5959994e-01;1.3750000e+02;1.8760948e-01;1.3750000e+02;2.1817677e-01;1.3750000e+02;2.3949024e-01;1.3750000e+02;2.4341750e-01;1.3750000e+02;2.3878407e-01;1.3750000e+02;2.2656043e-01;1.3750000e+02;2.0726870e-01
1.4250000e+02;1.9101316e-02;1.4250000e+02;2.8311776e-02;1.4250000e+02;4.0473536e-02;1.4250000e+02;5.5185646e-02;1.4250000e+02;7.1087107e-02;1.4250000e+02;8.8081971e-02;1.4250000e+02;1.0556330e-01;1.4250000e+02;1.2398872e-01;1.4250000e+02;1.4149937e-01;1.4250000e+02;1.5646596e-01;1.4250000e+02;1.7389606e-01;1.4250000e+02;2.0160514e-01;1.4250000e+02;2.3019974e-01;1.4250000e+02;2.4650173e-01;1.4250000e+02;2.4750786e-01;1.4250000e+02;2.4061039e-01;1.4250000e+02;2.2641030e-01;1.4250000e+02;2.0539728e-01;1.4250000e+02;1.9101316e-02;1.4250000e+02;2.8311776e-02;1.4250000e+02;4.0473536e-02;1.4250000e+02;5.5185646e-02;1.4250000e+02;7.1087107e-02;1.4250000e+02;8.8081971e-02;1.4250000e+02;1.0556330e-01;1.4250000e+02;1.2398872e-01;1.4250000e+02;1.4149937e-01;1.4250000e+02;1.5646596e-01;1.4250000e+02;1.7389606e-01;1.4250000e+02;2.0160514e-01;1.4250000e+02;2.3019974e-01;1.4250000e+02;2.4650173e-01;1.4250000e+02;2.4750786e-01;1.4250000e+02;2.4061039e-01;1.4250000e+02;2.2641030e-01;1.4250000e+02;2.0539728e-01;1.4250000e+02;1.9101316e-02;1.4250000e+02;2.8311776e-02;1.4250000e+02;4.0473536e-02;1.4250000e+02;5.5185646e-02;1.4250000e+02;7.1087107e-02;1.4250000e+02;8.8081971e-02;1.4250000e+02;1.0556330e-01;1.4250000e+02;1.2398872e-01;1.4250000e+02;1.4149937e-01;1.4250000e+02;1.5646596e-01;1.4250000e+02;1.7389606e-01;1.4250000e+02;2.0160514e-01;1.4250000e+02;2.3019974e-01;1.4250000e+02;2.4650173e-01;1.4250000e+02;2.4750786e-01;1.4250000e+02;2.4061039e-01;1.4250000e+02;2.2641030e-01;1.4250000e+02;2.0539728e-01;1.4250000e+02;1.9101316e-02;1.4250000e+02;2.8311776e-02;1.4250000e+02;4.0473536e-02;1.4250000e+02;5.5185646e-02;1.4250000e+02;7.1087107e-02;1.4250000e+02;8.8081971e-02;1.4250000e+02;1.0556330e-01;1.4250000e+02;1.2398872e-01;1.4250000e+02;1.4149937e-01;1.4250000e+02;1.5646596e-01;1.4250000e+02;1.7389606e-01;1.4250000e+02;2.0160514e-01;1.4250000e+02;2.3019974e-01;1.4250000e+02;2.4650173e-01;1.4250000e+02;2.4750786e-01;1.4250000e+02;2.4061039e-01;1.4250000e+02;2.2641030e-01;1.4250000e+02;2.0539728e-01;1.4250000e+02;1.9101316e-02;1.4250000e+02;2.8311776e-02;1.4250000e+02;4.0473536e-02;1.4250000e+02;5.5185646e-02;1.4250000e+02;7.1087107e-02;1.4250000e+02;8.8081971e-02;1.4250000e+02;1.0556330e-01;1.4250000e+02;1.2398872e-01;1.4250000e+02;1.4149937e-01;1.4250000e+02;1.5646596e-01;1.4250000e+02;1.7389606e-01;1.4250000e+02;2.0160514e-01;1.4250000e+02;2.3019974e-01;1.4250000e+02;2.4650173e-01;1.4250000e+02;2.4750786e-01;1.4250000e+02;2.4061039e-01;1.4250000e+02;2.2641030e-01;1.4250000e+02;2.0539728e-01;1.4250000e+02;1.9101316e-02;1.4250000e+02;2.8311776e-02;1.4250000e+02;4.0473536e-02;1.4250000e+02;5.5185646e-02;1.4250000e+02;7.1087107e-02;1.4250000e+02;8.8081971e-02;1.4250000e+02;1.0556330e-01;1.4250000e+02;1.2398872e-01;1.4250000e+02;1.4149937e-01;1.4250000e+02;1.5646596e-01;1.4250000e+02;1.7389606e-01;1.4250000e+02;2.0160514e-01;1.4250000e+02;2.3019974e-01;1.4250000e+02;2.4650173e-01;1.4250000e+02;2.4750786e-01;1.4250000e+02;2.4061039e-01;1.4250000e+02;2.2641030e-01;1.4250000e+02;2.0539728e-01;1.4250000e+02;1.9101316e-02;1.4250000e+02;2.8311776e-02;1.4250000e+02;4.0473536e-02;1.4250000e+02;5.5185646e-02;1.4250000e+02;7.1087107e-02;1.4250000e+02;8.8081971e-02;1.4250000e+02;1.0556330e-01;1.4250000e+02;1.2398872e-01;1.4250000e+02;1.4149937e-01;1.4250000e+02;1.5646596e-01;1.4250000e+02;1.7389606e-01;1.4250000e+02;2.0160514e-01;1.4250000e+02;2.3019974e-01;1.4250000e+02;2.4650173e-01;1.4250000e+02;2.4750786e-01;1.4250000e+02;2.4061039e-01;1.4250000e+02;2.2641030e-01;1.4250000e+02;2.0539728e-01;1.4250000e+02;1.9101316e-02;1.4250000e+02;2.8311776e-02;1.4250000e+02;4.0473536e-02;1.4250000e+02;5.5185646e-02;1.4250000e+02;7.1087107e-02;1.4250000e+02;8.8081971e-02;1.4250000e+02;1.0556330e-01;1.4250000e+02;1.2398872e-01;1.4250000e+02;1.4149937e-01;1.4250000e+02;1.5646596e-01;1.4250000e+02;1.7389606e-01;1.4250000e+02;2.0160514e-01;1.4250000e+02;2.3019974e-01;1.4250000e+02;2.4650173e-01;1.4250000e+02;2.4750786e-01;1.4250000e+02;2.4061039e-01;1.4250000e+02;2.2641030e-01;1.4250000e+02;2.0539728e-01;1.4250000e+02;1.9101316e-02;1.4250000e+02;2.8311776e-02;1.4250000e+02;4.0473536e-02;1.4250000e+02;5.5185646e-02;1.4250000e+02;7.1087107e-02;1.4250000e+02;8.8081971e-02;1.4250000e+02;1.0556330e-01;1.4250000e+02;1.2398872e-01;1.4250000e+02;1.4149937e-01;1.4250000e+02;1.5646596e-01;1.4250000e+02;1.7389606e-01;1.4250000e+02;2.0160514e-01;1.4250000e+02;2.3019974e-01;1.4250000e+02;2.4650173e-01;1.4250000e+02;2.4750786e-01;1.4250000e+02;2.4061039e-01;1.4250000e+02;2.2641030e-01;1.4250000e+02;2.0539728e-01;1.4250000e+02;1.9101316e-02;1.4250000e+02;2.8311776e-02;1.4250000e+02;4.0473536e-02;1.4250000e+02;5.5185646e-02;1.4250000e+02;7.1087107e-02;1.4250000e+02;8.8081971e-02;1.4250000e+02;1.0556330e-01;1.4250000e+02;1.2398872e-01;1.4250000e+02;1.4149937e-01;1.4250000e+02;1.5646596e-01;1.4250000e+02;1.7389606e-01;1.4250000e+02;2.0160514e-01;1.4250000e+02;2.3019974e-01;1.4250000e+02;2.4650173e-01;1.4250000e+02;2.4750786e-01;1.4250000e+02;2.4061039e-01;1.4250000e+02;2.2641030e-01;1.4250000e+02;2.0539728e-01;1.4250000e+02;1.9101316e-02;1.4250000e+02;2.8311776e-02;1.4250000e+02;4.0473536e-02;1.4250000e+02;5.5185646e-02;1.4250000e+02;7.1087107e-02;1.4250000e+02;8.8081971e-02;1.4250000e+02;1.0556330e-01;1.4250000e+02;1.2398872e-01;1.4250000e+02;1.4149937e-01;1.4250000e+02;1.5646596e-01;1.4250000e+02;1.7389606e-01;1.4250000e+02;2.0160514e-01;1.4250000e+02;2.3019974e-01;1.4250000e+02;2.4650173e-01;1.4250000e+02;2.4750786e-01;1.4250000e+02;2.4061039e-01;1.4250000e+02;2.2641030e-01;1.4250000e+02;2.0539728e-01;1.4250000e+02;1.9101316e-02;1.4250000e+02;2.8311776e-02;1.4250000e+02;4.0473536e-02;1.4250000e+02;5.5185646e-02;1.4250000e+02;7.1087107e-02;1.4250000e+02;8.8081971e-02;1.4250000e+02;1.0556330e-01;1.4250000e+02;1.2398872e-01;1.4250000e+02;1.4149937e-01;1.4250000e+02;1.5646596e-01;1.4250000e+02;1.7389606e-01;1.4250000e+02;2.0160514e-01;1.4250000e+02;2.3019974e-01;1.4250000e+02;2.4650173e-01;1.4250000e+02;2.4750786e-01;1.4250000e+02;2.4061039e-01;1.4250000e+02;2.2641030e-01;1.4250000e+02;2.0539728e-01;1.4250000e+02;1.9101316e-02;1.4250000e+02;2.8311776e-02;1.4250000e+02;4.0473536e-02;1.4250000e+02;5.5185646e-02;1.4250000e+02;7.1087107e-02;1.4250000e+02;8.8081971e-02;1.4250000e+02;1.0556330e-01;1.4250000e+02;1.2398872e-01;1.4250000e+02;1.4149937e-01;1.4250000e+02;1.5646596e-01;1.4250000e+02;1.7389606e-01;1.4250000e+02;2.0160514e-01;1.4250000e+02;2.3019974e-01;1.4250000e+02;2.4650173e-01;1.4250000e+02;2.4750786e-01;1.4250000e+02;2.4061039e-01;1.4250000e+02;2.2641030e-01;1.4250000e+02;2.0539728e-01;1.4250000e+02;1.9101316e-02;1.4250000e+02;2.8311776e-02;1.4250000e+02;4.0473536e-02;1.4250000e+02;5.5185646e-02;1.4250000e+02;7.1087107e-02;1.4250000e+02;8.8081971e-02;1.4250000e+02;1.0556330e-01;1.4250000e+02;1.2398872e-01;1.4250000e+02;1.4149937e-01;1.4250000e+02;1.5646596e-01;1.4250000e+02;1.7389606e-01;1.4250000e+02;2.0160514e-01;1.4250000e+02;2.3019974e-01;1.4250000e+02;2.4650173e-01;1.4250000e+02;2.4750786e-01;1.4250000e+02;2.4061039e-01;1.4250000e+02;2.2641030e-01;1.4250000e+02;2.0539728e-01;1.4250000e+02;1.9101316e-02;1.4250000e+02;2.8311776e-02;1.4250000e+02;4.0473536e-02;1.4250000e+02;5.5185646e-02;1.4250000e+02;7.1087107e-02;1.4250000e+02;8.8081971e-02;1.4250000e+02;1.0556330e-01;1.4250000e+02;1.2398872e-01;1.4250000e+02;1.4149937e-01;1.4250000e+02;1.5646596e-01;1.4250000e+02;1.7389606e-01;1.4250000e+02;2.0160514e-01;1.4250000e+02;2.3019974e-01;1.4250000e+02;2.4650173e-01;1.4250000e+02;2.4750786e-01;1.4250000e+02;2.4061039e-01;1.4250000e+02;2.2641030e-01;1.4250000e+02;2.0539728e-01;1.4250000e+02;1.9101316e-02;1.4250000e+02;2.8311776e-02;1.4250000e+02;4.0473536e-02;1.4250000e+02;5.5185646e-02;1.4250000e+02;7.1087107e-02;1.4250000e+02;8.8081971e-02;1.4250000e+02;1.0556330e-01;1.4250000e+02;1.2398872e-01;1.4250000e+02;1.4149937e-01;1.4250000e+02;1.5646596e-01;1.4250000e+02;1.7389606e-01;1.4250000e+02;2.0160514e-01;1.4250000e+02;2.3019974e-01;1.4250000e+02;2.4650173e-01;1.4250000e+02;2.4750786e-01;1.4250000e+02;2.4061039e-01;1.4250000e+02;2.2641030e-01;1.4250000e+02;2.0539728e-01;1.4250000e+02;1.9101316e-02;1.4250000e+02;2.8311776e-02;1.4250000e+02;4.0473536e-02;1.4250000e+02;5.5185646e-02;1.4250000e+02;7.1087107e-02;1.4250000e+02;8.8081971e-02;1.4250000e+02;1.0556330e-01;1.4250000e+02;1.2398872e-01;1.4250000e+02;1.4149937e-01;1.4250000e+02;1.5646596e-01;1.4250000e+02;1.7389606e-01;1.4250000e+02;2.0160514e-01;1.4250000e+02;2.3019974e-01;1.4250000e+02;2.4650173e-01;1.4250000e+02;2.4750786e-01;1.4250000e+02;2.4061039e-01;1.4250000e+02;2.2641030e-01;1.4250000e+02;2.0539728e-01;1.4250000e+02;1.9101316e-02;1.4250000e+02;2.8311776e-02;1.4250000e+02;4.0473536e-02;1.4250000e+02;5.5185646e-02;1.4250000e+02;7.1087107e-02;1.4250000e+02;8.8081971e-02;1.4250000e+02;1.0556330e-01;1.4250000e+02;1.2398872e-01;1.4250000e+02;1.4149937e-01;1.4250000e+02;1.5646596e-01;1.4250000e+02;1.7389606e-01;1.4250000e+02;2.0160514e-01;1.4250000e+02;2.3019974e-01;1.4250000e+02;2.4650173e-01;1.4250000e+02;2.4750786e-01;1.4250000e+02;2.4061039e-01;1.4250000e+02;2.2641030e-01;1.4250000e+02;2.0539728e-01;1.4250000e+02;1.9101316e-02;1.4250000e+02;2.8311776e-02;1.4250000e+02;4.0473536e-02;1.4250000e+02;5.5185646e-02;1.4250000e+02;7.1087107e-02;1.4250000e+02;8.8081971e-02;1.4250000e+02;1.0556330e-01;1.4250000e+02;1.2398872e-01;1.4250000e+02;1.4149937e-01;1.4250000e+02;1.5646596e-01;1.4250000e+02;1.7389606e-01;1.4250000e+02;2.0160514e-01;1.4250000e+02;2.3019974e-01;1.4250000e+02;2.4650173e-01;1.4250000e+02;2.4750786e-01;1.4250000e+02;2.4061039e-01;1.4250000e+02;2.2641030e-01;1.4250000e+02;2.0539728e-01;1.4250000e+02;1.9101316e-02;1.4250000e+02;2.8311776e-02;1.4250000e+02;4.0473536e-02;1.4250000e+02;5.5185646e-02;1.4250000e+02;7.1087107e-02;1.4250000e+02;8.8081971e-02;1.4250000e+02;1.0556330e-01;1.4250000e+02;1.2398872e-01;1.4250000e+02;1.4149937e-01;1.4250000e+02;1.5646596e-01;1.4250000e+02;1.7389606e-01;1.4250000e+02;2.0160514e-01;1.4250000e+02;2.3019974e-01;1.4250000e+02;2.4650173e-01;1.4250000e+02;2.4750786e-01;1.4250000e+02;2.4061039e-01;1.4250000e+02;2.2641030e-01;1.4250000e+02;2.0539728e-01;1.4250000e+02;1.9101316e-02;1.4250000e+02;2.8311776e-02;1.4250000e+02;4.0473536e-02;1.4250000e+02;5.5185646e-02;1.4250000e+02;7.1087107e-02;1.4250000e+02;8.8081971e-02;1.4250000e+02;1.0556330e-01;1.4250000e+02;1.2398872e-01;1.4250000e+02;1.4149937e-01;1.4250000e+02;1.5646596e-01;1.4250000e+02;1.7389606e-01;1.4250000e+02;2.0160514e-01;1.4250000e+02;2.3019974e-01;1.4250000e+02;2.4650173e-01;1.4250000e+02;2.4750786e-01;1.4250000e+02;2.4061039e-01;1.4250000e+02;2.2641030e-01;1.4250000e+02;2.0539728e-01;1.4250000e+02;1.9101316e-02;1.4250000e+02;2.8311776e-02;1.4250000e+02;4.0473536e-02;1.4250000e+02;5.5185646e-02;1.4250000e+02;7.1087107e-02;1.4250000e+02;8.8081971e-02;1.4250000e+02;1.0556330e-01;1.4250000e+02;1.2398872e-01;1.4250000e+02;1.4149937e-01;1.4250000e+02;1.5646596e-01;1.4250000e+02;1.7389606e-01;1.4250000e+02;2.0160514e-01;1.4250000e+02;2.3019974e-01;1.4250000e+02;2.4650173e-01;1.4250000e+02;2.4750786e-01;1.4250000e+02;2.4061039e-01;1.4250000e+02;2.2641030e-01;1.4250000e+02;2.0539728e-01;1.4250000e+02;1.9101316e-02;1.4250000e+02;2.8311776e-02;1.4250000e+02;4.0473536e-02;1.4250000e+02;5.5185646e-02;1.4250000e+02;7.1087107e-02;1.4250000e+02;8.8081971e-02;1.4250000e+02;1.0556330e-01;1.4250000e+02;1.2398872e-01;1.4250000e+02;1.4149937e-01;1.4250000e+02;1.5646596e-01;1.4250000e+02;1.7389606e-01;1.4250000e+02;2.0160514e-01;1.4250000e+02;2.3019974e-01;1.4250000e+02;2.4650173e-01;1.4250000e+02;2.4750786e-01;1.4250000e+02;2.4061039e-01;1.4250000e+02;2.2641030e-01;1.4250000e+02;2.0539728e-01;1.4250000e+02;1.9101316e-02;1.4250000e+02;2.8311776e-02;1.4250000e+02;4.0473536e-02;1.4250000e+02;5.5185646e-02;1.4250000e+02;7.1087107e-02;1.4250000e+02;8.8081971e-02;1.4250000e+02;1.0556330e-01;1.4250000e+02;1.2398872e-01;1.4250000e+02;1.4149937e-01;1.4250000e+02;1.5646596e-01;1.4250000e+02;1.7389606e-01;1.4250000e+02;2.0160514e-01;1.4250000e+02;2.3019974e-01;1.4250000e+02;2.4650173e-01;1.4250000e+02;2.4750786e-01;1.4250000e+02;2.4061039e-01;1.4250000e+02;2.2641030e-01;1.4250000e+02;2.0539728e-01;1.4250000e+02;1.9101316e-02;1.4250000e+02;2.8311776e-02;1.4250000e+02;4.0473536e-02;1.4250000e+02;5.5185646e-02;1.4250000e+02;7.1087107e-02;1.4250000e+02;8.8081971e-02;1.4250000e+02;1.0556330e-01;1.4250000e+02;1.2398872e-01;1.4250000e+02;1.4149937e-01;1.4250000e+02;1.5646596e-01;1.4250000e+02;1.7389606e-01;1.4250000e+02;2.0160514e-01;1.4250000e+02;2.3019974e-01;1.4250000e+02;2.4650173e-01;1.4250000e+02;2.4750786e-01;1.4250000e+02;2.4061039e-01;1.4250000e+02;2.2641030e-01;1.4250000e+02;2.0539728e-01;1.4250000e+02;1.9101316e-02;1.4250000e+02;2.8311776e-02;1.4250000e+02;4.0473536e-02;1.4250000e+02;5.5185646e-02;1.4250000e+02;7.1087107e-02;1.4250000e+02;8.8081971e-02;1.4250000e+02;1.0556330e-01;1.4250000e+02;1.2398872e-01;1.4250000e+02;1.4149937e-01;1.4250000e+02;1.5646596e-01;1.4250000e+02;1.7389606e-01;1.4250000e+02;2.0160514e-01;1.4250000e+02;2.3019974e-01;1.4250000e+02;2.4650173e-01;1.4250000e+02;2.4750786e-01;1.4250000e+02;2.4061039e-01;1.4250000e+02;2.2641030e-01;1.4250000e+02;2.0539728e-01;1.4250000e+02;1.9101316e-02;1.4250000e+02;2.8311776e-02;1.4250000e+02;4.0473536e-02;1.4250000e+02;5.5185646e-02;1.4250000e+02;7.1087107e-02;1.4250000e+02;8.8081971e-02;1.4250000e+02;1.0556330e-01;1.4250000e+02;1.2398872e-01;1.4250000e+02;1.4149937e-01;1.4250000e+02;1.5646596e-01;1.4250000e+02;1.7389606e-01;1.4250000e+02;2.0160514e-01;1.4250000e+02;2.3019974e-01;1.4250000e+02;2.4650173e-01;1.4250000e+02;2.4750786e-01;1.4250000e+02;2.4061039e-01;1.4250000e+02;2.2641030e-01;1.4250000e+02;2.0539728e-01;1.4250000e+02;1.9101316e-02;1.4250000e+02;2.8311776e-02;1.4250000e+02;4.0473536e-02;1.4250000e+02;5.5185646e-02;1.4250000e+02;7.1087107e-02;1.4250000e+02;8.8081971e-02;1.4250000e+02;1.0556330e-01;1.4250000e+02;1.2398872e-01;1.4250000e+02;1.4149937e-01;1.4250000e+02;1.5646596e-01;1.4250000e+02;1.7389606e-01;1.4250000e+02;2.0160514e-01;1.4250000e+02;2.3019974e-01;1.4250000e+02;2.4650173e-01;1.4250000e+02;2.4750786e-01;1.4250000e+02;2.4061039e-01;1.4250000e+02;2.2641030e-01;1.4250000e+02;2.0539728e-01;1.4250000e+02;1.9101316e-02;1.4250000e+02;2.8311776e-02;1.4250000e+02;4.0473536e-02;1.4250000e+02;5.5185646e-02;1.4250000e+02;7.1087107e-02;1.4250000e+02;8.8081971e-02;1.4250000e+02;1.0556330e-01;1.4250000e+02;1.2398872e-01;1.4250000e+02;1.4149937e-01;1.4250000e+02;1.5646596e-01;1.4250000e+02;1.7389606e-01;1.4250000e+02;2.0160514e-01;1.4250000e+02;2.3019974e-01;1.4250000e+02;2.4650173e-01;1.4250000e+02;2.4750786e-01;1.4250000e+02;2.4061039e-01;1.4250000e+02;2.2641030e-01;1.4250000e+02;2.0539728e-01;1.4250000e+02;1.9101316e-02;1.4250000e+02;2.8311776e-02;1.4250000e+02;4.0473536e-02;1.4250000e+02;5.5185646e-02;1.4250000e+02;7.1087107e-02;1.4250000e+02;8.8081971e-02;1.4250000e+02;1.0556330e-01;1.4250000e+02;1.2398872e-01;1.4250000e+02;1.4149937e-01;1.4250000e+02;1.5646596e-01;1.4250000e+02;1.7389606e-01;1.4250000e+02;2.0160514e-01;1.4250000e+02;2.3019974e-01;1.4250000e+02;2.4650173e-01;1.4250000e+02;2.4750786e-01;1.4250000e+02;2.4061039e-01;1.4250000e+02;2.2641030e-01;1.4250000e+02;2.0539728e-01;1.4250000e+02;1.9101316e-02;1.4250000e+02;2.8311776e-02;1.4250000e+02;4.0473536e-02;1.4250000e+02;5.5185646e-02;1.4250000e+02;7.1087107e-02;1.4250000e+02;8.8081971e-02;1.4250000e+02;1.0556330e-01;1.4250000e+02;1.2398872e-01;1.4250000e+02;1.4149937e-01;1.4250000e+02;1.5646596e-01;1.4250000e+02;1.7389606e-01;1.4250000e+02;2.0160514e-01;1.4250000e+02;2.3019974e-01;1.4250000e+02;2.4650173e-01;1.4250000e+02;2.4750786e-01;1.4250000e+02;2.4061039e-01;1.4250000e+02;2.2641030e-01;1.4250000e+02;2.0539728e-01;1.4250000e+02;1.9101316e-02;1.4250000e+02;2.8311776e-02;1.4250000e+02;4.0473536e-02;1.4250000e+02;5.5185646e-02;1.4250000e+02;7.1087107e-02;1.4250000e+02;8.8081971e-02;1.4250000e+02;1.0556330e-01;1.4250000e+02;1.2398872e-01;1.4250000e+02;1.4149937e-01;1.4250000e+02;1.5646596e-01;1.4250000e+02;1.7389606e-01;1.4250000e+02;2.0160514e-01;1.4250000e+02;2.3019974e-01;1.4250000e+02;2.4650173e-01;1.4250000e+02;2.4750786e-01;1.4250000e+02;2.4061039e-01;1.4250000e+02;2.2641030e-01;1.4250000e+02;2.0539728e-01;1.4250000e+02;1.9101316e-02;1.4250000e+02;2.8311776e-02;1.4250000e+02;4.0473536e-02;1.4250000e+02;5.5185646e-02;1.4250000e+02;7.1087107e-02;1.4250000e+02;8.8081971e-02;1.4250000e+02;1.0556330e-01;1.4250000e+02;1.2398872e-01;1.4250000e+02;1.4149937e-01;1.4250000e+02;1.5646596e-01;1.4250000e+02;1.7389606e-01;1.4250000e+02;2.0160514e-01;1.4250000e+02;2.3019974e-01;1.4250000e+02;2.4650173e-01;1.4250000e+02;2.4750786e-01;1.4250000e+02;2.4061039e-01;1.4250000e+02;2.2641030e-01;1.4250000e+02;2.0539728e-01;1.4250000e+02;1.9101316e-02;1.4250000e+02;2.8311776e-02;1.4250000e+02;4.0473536e-02;1.4250000e+02;5.5185646e-02;1.4250000e+02;7.1087107e-02;1.4250000e+02;8.8081971e-02;1.4250000e+02;1.0556330e-01;1.4250000e+02;1.2398872e-01;1.4250000e+02;1.4149937e-01;1.4250000e+02;1.5646596e-01;1.4250000e+02;1.7389606e-01;1.4250000e+02;2.0160514e-01;1.4250000e+02;2.3019974e-01;1.4250000e+02;2.4650173e-01;1.4250000e+02;2.4750786e-01;1.4250000e+02;2.4061039e-01;1.4250000e+02;2.2641030e-01;1.4250000e+02;2.0539728e-01;1.4250000e+02;1.9101316e-02;1.4250000e+02;2.8311776e-02;1.4250000e+02;4.0473536e-02;1.4250000e+02;5.5185646e-02;1.4250000e+02;7.1087107e-02;1.4250000e+02;8.8081971e-02;1.4250000e+02;1.0556330e-01;1.4250000e+02;1.2398872e-01;1.4250000e+02;1.4149937e-01;1.4250000e+02;1.5646596e-01;1.4250000e+02;1.7389606e-01;1.4250000e+02;2.0160514e-01;1.4250000e+02;2.3019974e-01;1.4250000e+02;2.4650173e-01;1.4250000e+02;2.4750786e-01;1.4250000e+02;2.4061039e-01;1.4250000e+02;2.2641030e-01;1.4250000e+02;2.0539728e-01;1.4250000e+02;1.9101316e-02;1.4250000e+02;2.8311776e-02;1.4250000e+02;4.0473536e-02;1.4250000e+02;5.5185646e-02;1.4250000e+02;7.1087107e-02;1.4250000e+02;8.8081971e-02;1.4250000e+02;1.0556330e-01;1.4250000e+02;1.2398872e-01;1.4250000e+02;1.4149937e-01;1.4250000e+02;1.5646596e-01;1.4250000e+02;1.7389606e-01;1.4250000e+02;2.0160514e-01;1.4250000e+02;2.3019974e-01;1.4250000e+02;2.4650173e-01;1.4250000e+02;2.4750786e-01;1.4250000e+02;2.4061039e-01;1.4250000e+02;2.2641030e-01;1.4250000e+02;2.0539728e-01;1.4250000e+02;1.9101316e-02;1.4250000e+02;2.8311776e-02;1.4250000e+02;4.0473536e-02;1.4250000e+02;5.5185646e-02;1.4250000e+02;7.1087107e-02;1.4250000e+02;8.8081971e-02;1.4250000e+02;1.0556330e-01;1.4250000e+02;1.2398872e-01;1.4250000e+02;1.4149937e-01;1.4250000e+02;1.5646596e-01;1.4250000e+02;1.7389606e-01;1.4250000e+02;2.0160514e-01;1.4250000e+02;2.3019974e-01;1.4250000e+02;2.4650173e-01;1.4250000e+02;2.4750786e-01;1.4250000e+02;2.4061039e-01;1.4250000e+02;2.2641030e-01;1.4250000e+02;2.0539728e-01;1.4250000e+02;1.9101316e-02;1.4250000e+02;2.8311776e-02;1.4250000e+02;4.0473536e-02;1.4250000e+02;5.5185646e-02;1.4250000e+02;7.1087107e-02;1.4250000e+02;8.8081971e-02;1.4250000e+02;1.0556330e-01;1.4250000e+02;1.2398872e-01;1.4250000e+02;1.4149937e-01;1.4250000e+02;1.5646596e-01;1.4250000e+02;1.7389606e-01;1.4250000e+02;2.0160514e-01;1.4250000e+02;2.3019974e-01;1.4250000e+02;2.4650173e-01;1.4250000e+02;2.4750786e-01;1.4250000e+02;2.4061039e-01;1.4250000e+02;2.2641030e-01;1.4250000e+02;2.0539728e-01;1.4250000e+02;1.9101316e-02;1.4250000e+02;2.8311776e-02;1.4250000e+02;4.0473536e-02;1.4250000e+02;5.5185646e-02;1.4250000e+02;7.1087107e-02;1.4250000e+02;8.8081971e-02;1.4250000e+02;1.0556330e-01;1.4250000e+02;1.2398872e-01;1.4250000e+02;1.4149937e-01;1.4250000e+02;1.5646596e-01;1.4250000e+02;1.7389606e-01;1.4250000e+02;2.0160514e-01;1.4250000e+02;2.3019974e-01;1.4250000e+02;2.4650173e-01;1.4250000e+02;2.4750786e-01;1.4250000e+02;2.4061039e-01;1.4250000e+02;2.2641030e-01;1.4250000e+02;2.0539728e-01;1.4250000e+02;1.9101316e-02;1.4250000e+02;2.8311776e-02;1.4250000e+02;4.0473536e-02;1.4250000e+02;5.5185646e-02;1.4250000e+02;7.1087107e-02;1.4250000e+02;8.8081971e-02;1.4250000e+02;1.0556330e-01;1.4250000e+02;1.2398872e-01;1.4250000e+02;1.4149937e-01;1.4250000e+02;1.5646596e-01;1.4250000e+02;1.7389606e-01;1.4250000e+02;2.0160514e-01;1.4250000e+02;2.3019974e-01;1.4250000e+02;2.4650173e-01;1.4250000e+02;2.4750786e-01;1.4250000e+02;2.4061039e-01;1.4250000e+02;2.2641030e-01;1.4250000e+02;2.0539728e-01;1.4250000e+02;1.9101316e-02;1.4250000e+02;2.8311776e-02;1.4250000e+02;4.0473536e-02;1.4250000e+02;5.5185646e-02;1.4250000e+02;7.1087107e-02;1.4250000e+02;8.8081971e-02;1.4250000e+02;1.0556330e-01;1.4250000e+02;1.2398872e-01;1.4250000e+02;1.4149937e-01;1.4250000e+02;1.5646596e-01;1.4250000e+02;1.7389606e-01;1.4250000e+02;2.0160514e-01;1.4250000e+02;2.3019974e-01;1.4250000e+02;2.4650173e-01;1.4250000e+02;2.4750786e-01;1.4250000e+02;2.4061039e-01;1.4250000e+02;2.2641030e-01;1.4250000e+02;2.0539728e-01;1.4250000e+02;1.9101316e-02;1.4250000e+02;2.8311776e-02;1.4250000e+02;4.0473536e-02;1.4250000e+02;5.5185646e-02;1.4250000e+02;7.1087107e-02;1.4250000e+02;8.8081971e-02;1.4250000e+02;1.0556330e-01;1.4250000e+02;1.2398872e-01;1.4250000e+02;1.4149937e-01;1.4250000e+02;1.5646596e-01;1.4250000e+02;1.7389606e-01;1.4250000e+02;2.0160514e-01;1.4250000e+02;2.3019974e-01;1.4250000e+02;2.4650173e-01;1.4250000e+02;2.4750786e-01;1.4250000e+02;2.4061039e-01;1.4250000e+02;2.2641030e-01;1.4250000e+02;2.0539728e-01;1.4250000e+02;1.9101316e-02;1.4250000e+02;2.8311776e-02;1.4250000e+02;4.0473536e-02;1.4250000e+02;5.5185646e-02;1.4250000e+02;7.1087107e-02;1.4250000e+02;8.8081971e-02;1.4250000e+02;1.0556330e-01;1.4250000e+02;1.2398872e-01;1.4250000e+02;1.4149937e-01;1.4250000e+02;1.5646596e-01;1.4250000e+02;1.7389606e-01;1.4250000e+02;2.0160514e-01;1.4250000e+02;2.3019974e-01;1.4250000e+02;2.4650173e-01;1.4250000e+02;2.4750786e-01;1.4250000e+02;2.4061039e-01;1.4250000e+02;2.2641030e-01;1.4250000e+02;2.0539728e-01;1.4250000e+02;1.9101316e-02;1.4250000e+02;2.8311776e-02;1.4250000e+02;4.0473536e-02;1.4250000e+02;5.5185646e-02;1.4250000e+02;7.1087107e-02;1.4250000e+02;8.8081971e-02;1.4250000e+02;1.0556330e-01;1.4250000e+02;1.2398872e-01;1.4250000e+02;1.4149937e-01;1.4250000e+02;1.5646596e-01;1.4250000e+02;1.7389606e-01;1.4250000e+02;2.0160514e-01;1.4250000e+02;2.3019974e-01;1.4250000e+02;2.4650173e-01;1.4250000e+02;2.4750786e-01;1.4250000e+02;2.4061039e-01;1.4250000e+02;2.2641030e-01;1.4250000e+02;2.0539728e-01;1.4250000e+02;1.9101316e-02;1.4250000e+02;2.8311776e-02;1.4250000e+02;4.0473536e-02;1.4250000e+02;5.5185646e-02;1.4250000e+02;7.1087107e-02;1.4250000e+02;8.8081971e-02;1.4250000e+02;1.0556330e-01;1.4250000e+02;1.2398872e-01;1.4250000e+02;1.4149937e-01;1.4250000e+02;1.5646596e-01;1.4250000e+02;1.7389606e-01;1.4250000e+02;2.0160514e-01;1.4250000e+02;2.3019974e-01;1.4250000e+02;2.4650173e-01;1.4250000e+02;2.4750786e-01;1.4250000e+02;2.4061039e-01;1.4250000e+02;2.2641030e-01;1.4250000e+02;2.0539728e-01;1.4250000e+02;1.9101316e-02;1.4250000e+02;2.8311776e-02;1.4250000e+02;4.0473536e-02;1.4250000e+02;5.5185646e-02;1.4250000e+02;7.1087107e-02;1.4250000e+02;8.8081971e-02;1.4250000e+02;1.0556330e-01;1.4250000e+02;1.2398872e-01;1.4250000e+02;1.4149937e-01;1.4250000e+02;1.5646596e-01;1.4250000e+02;1.7389606e-01;1.4250000e+02;2.0160514e-01;1.4250000e+02;2.3019974e-01;1.4250000e+02;2.4650173e-01;1.4250000e+02;2.4750786e-01;1.4250000e+02;2.4061039e-01;1.4250000e+02;2.2641030e-01;1.4250000e+02;2.0539728e-01;1.4250000e+02;1.9101316e-02;1.4250000e+02;2.8311776e-02;1.4250000e+02;4.0473536e-02;1.4250000e+02;5.5185646e-02;1.4250000e+02;7.1087107e-02;1.4250000e+02;8.8081971e-02;1.4250000e+02;1.0556330e-01;1.4250000e+02;1.2398872e-01;1.4250000e+02;1.4149937e-01;1.4250000e+02;1.5646596e-01;1.4250000e+02;1.7389606e-01;1.4250000e+02;2.0160514e-01;1.4250000e+02;2.3019974e-01;1.4250000e+02;2.4650173e-01;1.4250000e+02;2.4750786e-01;1.4250000e+02;2.4061039e-01;1.4250000e+02;2.2641030e-01;1.4250000e+02;2.0539728e-01;1.4250000e+02;1.9101316e-02;1.4250000e+02;2.8311776e-02;1.4250000e+02;4.0473536e-02;1.4250000e+02;5.5185646e-02;1.4250000e+02;7.1087107e-02;1.4250000e+02;8.8081971e-02;1.4250000e+02;1.0556330e-01;1.4250000e+02;1.2398872e-01;1.4250000e+02;1.4149937e-01;1.4250000e+02;1.5646596e-01;1.4250000e+02;1.7389606e-01;1.4250000e+02;2.0160514e-01;1.4250000e+02;2.3019974e-01;1.4250000e+02;2.4650173e-01;1.4250000e+02;2.4750786e-01;1.4250000e+02;2.4061039e-01;1.4250000e+02;2.2641030e-01;1.4250000e+02;2.0539728e-01;1.4250000e+02;1.9101316e-02;1.4250000e+02;2.8311776e-02;1.4250000e+02;4.0473536e-02;1.4250000e+02;5.5185646e-02;1.4250000e+02;7.1087107e-02;1.4250000e+02;8.8081971e-02;1.4250000e+02;1.0556330e-01;1.4250000e+02;1.2398872e-01;1.4250000e+02;1.4149937e-01;1.4250000e+02;1.5646596e-01;1.4250000e+02;1.7389606e-01;1.4250000e+02;2.0160514e-01;1.4250000e+02;2.3019974e-01;1.4250000e+02;2.4650173e-01;1.4250000e+02;2.4750786e-01;1.4250000e+02;2.4061039e-01;1.4250000e+02;2.2641030e-01;1.4250000e+02;2.0539728e-01;1.4250000e+02;1.9101316e-02;1.4250000e+02;2.8311776e-02;1.4250000e+02;4.0473536e-02;1.4250000e+02;5.5185646e-02;1.4250000e+02;7.1087107e-02;1.4250000e+02;8.8081971e-02;1.4250000e+02;1.0556330e-01;1.4250000e+02;1.2398872e-01;1.4250000e+02;1.4149937e-01;1.4250000e+02;1.5646596e-01;1.4250000e+02;1.7389606e-01;1.4250000e+02;2.0160514e-01;1.4250000e+02;2.3019974e-01;1.4250000e+02;2.4650173e-01;1.4250000e+02;2.4750786e-01;1.4250000e+02;2.4061039e-01;1.4250000e+02;2.2641030e-01;1.4250000e+02;2.0539728e-01;1.4250000e+02;1.9101316e-02;1.4250000e+02;2.8311776e-02;1.4250000e+02;4.0473536e-02;1.4250000e+02;5.5185646e-02;1.4250000e+02;7.1087107e-02;1.4250000e+02;8.8081971e-02;1.4250000e+02;1.0556330e-01;1.4250000e+02;1.2398872e-01;1.4250000e+02;1.4149937e-01;1.4250000e+02;1.5646596e-01;1.4250000e+02;1.7389606e-01;1.4250000e+02;2.0160514e-01;1.4250000e+02;2.3019974e-01;1.4250000e+02;2.4650173e-01;1.4250000e+02;2.4750786e-01;1.4250000e+02;2.4061039e-01;1.4250000e+02;2.2641030e-01;1.4250000e+02;2.0539728e-01;1.4250000e+02;1.9101316e-02;1.4250000e+02;2.8311776e-02;1.4250000e+02;4.0473536e-02;1.4250000e+02;5.5185646e-02;1.4250000e+02;7.1087107e-02;1.4250000e+02;8.8081971e-02;1.4250000e+02;1.0556330e-01;1.4250000e+02;1.2398872e-01;1.4250000e+02;1.4149937e-01;1.4250000e+02;1.5646596e-01;1.4250000e+02;1.7389606e-01;1.4250000e+02;2.0160514e-01;1.4250000e+02;2.3019974e-01;1.4250000e+02;2.4650173e-01;1.4250000e+02;2.4750786e-01;1.4250000e+02;2.4061039e-01;1.4250000e+02;2.2641030e-01;1.4250000e+02;2.0539728e-01;1.4250000e+02;1.9101316e-02;1.4250000e+02;2.8311776e-02;1.4250000e+02;4.0473536e-02;1.4250000e+02;5.5185646e-02;1.4250000e+02;7.1087107e-02;1.4250000e+02;8.8081971e-02;1.4250000e+02;1.0556330e-01;1.4250000e+02;1.2398872e-01;1.4250000e+02;1.4149937e-01;1.4250000e+02;1.5646596e-01;1.4250000e+02;1.7389606e-01;1.4250000e+02;2.0160514e-01;1.4250000e+02;2.3019974e-01;1.4250000e+02;2.4650173e-01;1.4250000e+02;2.4750786e-01;1.4250000e+02;2.4061039e-01;1.4250000e+02;2.2641030e-01;1.4250000e+02;2.0539728e-01;1.4250000e+02;1.9101316e-02;1.4250000e+02;2.8311776e-02;1.4250000e+02;4.0473536e-02;1.4250000e+02;5.5185646e-02;1.4250000e+02;7.1087107e-02;1.4250000e+02;8.8081971e-02;1.4250000e+02;1.0556330e-01;1.4250000e+02;1.2398872e-01;1.4250000e+02;1.4149937e-01;1.4250000e+02;1.5646596e-01;1.4250000e+02;1.7389606e-01;1.4250000e+02;2.0160514e-01;1.4250000e+02;2.3019974e-01;1.4250000e+02;2.4650173e-01;1.4250000e+02;2.4750786e-01;1.4250000e+02;2.4061039e-01;1.4250000e+02;2.2641030e-01;1.4250000e+02;2.0539728e-01;1.4250000e+02;1.9101316e-02;1.4250000e+02;2.8311776e-02;1.4250000e+02;4.0473536e-02;1.4250000e+02;5.5185646e-02;1.4250000e+02;7.1087107e-02;1.4250000e+02;8.8081971e-02;1.4250000e+02;1.0556330e-01;1.4250000e+02;1.2398872e-01;1.4250000e+02;1.4149937e-01;1.4250000e+02;1.5646596e-01;1.4250000e+02;1.7389606e-01;1.4250000e+02;2.0160514e-01;1.4250000e+02;2.3019974e-01;1.4250000e+02;2.4650173e-01;1.4250000e+02;2.4750786e-01;1.4250000e+02;2.4061039e-01;1.4250000e+02;2.2641030e-01;1.4250000e+02;2.0539728e-01;1.4250000e+02;1.9101316e-02;1.4250000e+02;2.8311776e-02;1.4250000e+02;4.0473536e-02;1.4250000e+02;5.5185646e-02;1.4250000e+02;7.1087107e-02;1.4250000e+02;8.8081971e-02;1.4250000e+02;1.0556330e-01;1.4250000e+02;1.2398872e-01;1.4250000e+02;1.4149937e-01;1.4250000e+02;1.5646596e-01;1.4250000e+02;1.7389606e-01;1.4250000e+02;2.0160514e-01;1.4250000e+02;2.3019974e-01;1.4250000e+02;2.4650173e-01;1.4250000e+02;2.4750786e-01;1.4250000e+02;2.4061039e-01;1.4250000e+02;2.2641030e-01;1.4250000e+02;2.0539728e-01;1.4250000e+02;1.9101316e-02;1.4250000e+02;2.8311776e-02;1.4250000e+02;4.0473536e-02;1.4250000e+02;5.5185646e-02;1.4250000e+02;7.1087107e-02;1.4250000e+02;8.8081971e-02;1.4250000e+02;1.0556330e-01;1.4250000e+02;1.2398872e-01;1.4250000e+02;1.4149937e-01;1.4250000e+02;1.5646596e-01;1.4250000e+02;1.7389606e-01;1.4250000e+02;2.0160514e-01;1.4250000e+02;2.3019974e-01;1.4250000e+02;2.4650173e-01;1.4250000e+02;2.4750786e-01;1.4250000e+02;2.4061039e-01;1.4250000e+02;2.2641030e-01;1.4250000e+02;2.0539728e-01;1.4250000e+02;1.9101316e-02;1.4250000e+02;2.8311776e-02;1.4250000e+02;4.0473536e-02;1.4250000e+02;5.5185646e-02;1.4250000e+02;7.1087107e-02;1.4250000e+02;8.8081971e-02;1.4250000e+02;1.0556330e-01;1.4250000e+02;1.2398872e-01;1.4250000e+02;1.4149937e-01;1.4250000e+02;1.5646596e-01;1.4250000e+02;1.7389606e-01;1.4250000e+02;2.0160514e-01;1.4250000e+02;2.3019974e-01;1.4250000e+02;2.4650173e-01;1.4250000e+02;2.4750786e-01;1.4250000e+02;2.4061039e-01;1.4250000e+02;2.2641030e-01;1.4250000e+02;2.0539728e-01;1.4250000e+02;1.9101316e-02;1.4250000e+02;2.8311776e-02;1.4250000e+02;4.0473536e-02;1.4250000e+02;5.5185646e-02;1.4250000e+02;7.1087107e-02;1.4250000e+02;8.8081971e-02;1.4250000e+02;1.0556330e-01;1.4250000e+02;1.2398872e-01;1.4250000e+02;1.4149937e-01;1.4250000e+02;1.5646596e-01;1.4250000e+02;1.7389606e-01;1.4250000e+02;2.0160514e-01;1.4250000e+02;2.3019974e-01;1.4250000e+02;2.4650173e-01;1.4250000e+02;2.4750786e-01;1.4250000e+02;2.4061039e-01;1.4250000e+02;2.2641030e-01;1.4250000e+02;2.0539728e-01;1.4250000e+02;1.9101316e-02;1.4250000e+02;2.8311776e-02;1.4250000e+02;4.0473536e-02;1.4250000e+02;5.5185646e-02;1.4250000e+02;7.1087107e-02;1.4250000e+02;8.8081971e-02;1.4250000e+02;1.0556330e-01;1.4250000e+02;1.2398872e-01;1.4250000e+02;1.4149937e-01;1.4250000e+02;1.5646596e-01;1.4250000e+02;1.7389606e-01;1.4250000e+02;2.0160514e-01;1.4250000e+02;2.3019974e-01;1.4250000e+02;2.4650173e-01;1.4250000e+02;2.4750786e-01;1.4250000e+02;2.4061039e-01;1.4250000e+02;2.2641030e-01;1.4250000e+02;2.0539728e-01;1.4250000e+02;1.9101316e-02;1.4250000e+02;2.8311776e-02;1.4250000e+02;4.0473536e-02;1.4250000e+02;5.5185646e-02;1.4250000e+02;7.1087107e-02;1.4250000e+02;8.8081971e-02;1.4250000e+02;1.0556330e-01;1.4250000e+02;1.2398872e-01;1.4250000e+02;1.4149937e-01;1.4250000e+02;1.5646596e-01;1.4250000e+02;1.7389606e-01;1.4250000e+02;2.0160514e-01;1.4250000e+02;2.3019974e-01;1.4250000e+02;2.4650173e-01;1.4250000e+02;2.4750786e-01;1.4250000e+02;2.4061039e-01;1.4250000e+02;2.2641030e-01;1.4250000e+02;2.0539728e-01;1.4250000e+02;1.9101316e-02;1.4250000e+02;2.8311776e-02;1.4250000e+02;4.0473536e-02;1.4250000e+02;5.5185646e-02;1.4250000e+02;7.1087107e-02;1.4250000e+02;8.8081971e-02;1.4250000e+02;1.0556330e-01;1.4250000e+02;1.2398872e-01;1.4250000e+02;1.4149937e-01;1.4250000e+02;1.5646596e-01;1.4250000e+02;1.7389606e-01;1.4250000e+02;2.0160514e-01;1.4250000e+02;2.3019974e-01;1.4250000e+02;2.4650173e-01;1.4250000e+02;2.4750786e-01;1.4250000e+02;2.4061039e-01;1.4250000e+02;2.2641030e-01;1.4250000e+02;2.0539728e-01;1.4250000e+02;1.9101316e-02;1.4250000e+02;2.8311776e-02;1.4250000e+02;4.0473536e-02;1.4250000e+02;5.5185646e-02;1.4250000e+02;7.1087107e-02;1.4250000e+02;8.8081971e-02;1.4250000e+02;1.0556330e-01;1.4250000e+02;1.2398872e-01;1.4250000e+02;1.4149937e-01;1.4250000e+02;1.5646596e-01;1.4250000e+02;1.7389606e-01;1.4250000e+02;2.0160514e-01;1.4250000e+02;2.3019974e-01;1.4250000e+02;2.4650173e-01;1.4250000e+02;2.4750786e-01;1.4250000e+02;2.4061039e-01;1.4250000e+02;2.2641030e-01;1.4250000e+02;2.0539728e-01;1.4250000e+02;1.9101316e-02;1.4250000e+02;2.8311776e-02;1.4250000e+02;4.0473536e-02;1.4250000e+02;5.5185646e-02;1.4250000e+02;7.1087107e-02;1.4250000e+02;8.8081971e-02;1.4250000e+02;1.0556330e-01;1.4250000e+02;1.2398872e-01;1.4250000e+02;1.4149937e-01;1.4250000e+02;1.5646596e-01;1.4250000e+02;1.7389606e-01;1.4250000e+02;2.0160514e-01;1.4250000e+02;2.3019974e-01;1.4250000e+02;2.4650173e-01;1.4250000e+02;2.4750786e-01;1.4250000e+02;2.4061039e-01;1.4250000e+02;2.2641030e-01;1.4250000e+02;2.0539728e-01;1.4250000e+02;1.9101316e-02;1.4250000e+02;2.8311776e-02;1.4250000e+02;4.0473536e-02;1.4250000e+02;5.5185646e-02;1.4250000e+02;7.1087107e-02;1.4250000e+02;8.8081971e-02;1.4250000e+02;1.0556330e-01;1.4250000e+02;1.2398872e-01;1.4250000e+02;1.4149937e-01;1.4250000e+02;1.5646596e-01;1.4250000e+02;1.7389606e-01;1.4250000e+02;2.0160514e-01;1.4250000e+02;2.3019974e-01;1.4250000e+02;2.4650173e-01;1.4250000e+02;2.4750786e-01;1.4250000e+02;2.4061039e-01;1.4250000e+02;2.2641030e-01;1.4250000e+02;2.0539728e-01;1.4250000e+02;1.9101316e-02;1.4250000e+02;2.8311776e-02;1.4250000e+02;4.0473536e-02;1.4250000e+02;5.5185646e-02;1.4250000e+02;7.1087107e-02;1.4250000e+02;8.8081971e-02;1.4250000e+02;1.0556330e-01;1.4250000e+02;1.2398872e-01;1.4250000e+02;1.4149937e-01;1.4250000e+02;1.5646596e-01;1.4250000e+02;1.7389606e-01;1.4250000e+02;2.0160514e-01;1.4250000e+02;2.3019974e-01;1.4250000e+02;2.4650173e-01;1.4250000e+02;2.4750786e-01;1.4250000e+02;2.4061039e-01;1.4250000e+02;2.2641030e-01;1.4250000e+02;2.0539728e-01;1.4250000e+02;1.9101316e-02;1.4250000e+02;2.8311776e-02;1.4250000e+02;4.0473536e-02;1.4250000e+02;5.5185646e-02;1.4250000e+02;7.1087107e-02;1.4250000e+02;8.8081971e-02;1.4250000e+02;1.0556330e-01;1.4250000e+02;1.2398872e-01;1.4250000e+02;1.4149937e-01;1.4250000e+02;1.5646596e-01;1.4250000e+02;1.7389606e-01;1.4250000e+02;2.0160514e-01;1.4250000e+02;2.3019974e-01;1.4250000e+02;2.4650173e-01;1.4250000e+02;2.4750786e-01;1.4250000e+02;2.4061039e-01;1.4250000e+02;2.2641030e-01;1.4250000e+02;2.0539728e-01;1.4250000e+02;1.9101316e-02;1.4250000e+02;2.8311776e-02;1.4250000e+02;4.0473536e-02;1.4250000e+02;5.5185646e-02;1.4250000e+02;7.1087107e-02;1.4250000e+02;8.8081971e-02;1.4250000e+02;1.0556330e-01;1.4250000e+02;1.2398872e-01;1.4250000e+02;1.4149937e-01;1.4250000e+02;1.5646596e-01;1.4250000e+02;1.7389606e-01;1.4250000e+02;2.0160514e-01;1.4250000e+02;2.3019974e-01;1.4250000e+02;2.4650173e-01;1.4250000e+02;2.4750786e-01;1.4250000e+02;2.4061039e-01;1.4250000e+02;2.2641030e-01;1.4250000e+02;2.0539728e-01;1.4250000e+02;1.9101316e-02;1.4250000e+02;2.8311776e-02;1.4250000e+02;4.0473536e-02;1.4250000e+02;5.5185646e-02;1.4250000e+02;7.1087107e-02;1.4250000e+02;8.8081971e-02;1.4250000e+02;1.0556330e-01;1.4250000e+02;1.2398872e-01;1.4250000e+02;1.4149937e-01;1.4250000e+02;1.5646596e-01;1.4250000e+02;1.7389606e-01;1.4250000e+02;2.0160514e-01;1.4250000e+02;2.3019974e-01;1.4250000e+02;2.4650173e-01;1.4250000e+02;2.4750786e-01;1.4250000e+02;2.4061039e-01;1.4250000e+02;2.2641030e-01;1.4250000e+02;2.0539728e-01;1.4250000e+02;1.9101316e-02;1.4250000e+02;2.8311776e-02;1.4250000e+02;4.0473536e-02;1.4250000e+02;5.5185646e-02;1.4250000e+02;7.1087107e-02;1.4250000e+02;8.8081971e-02;1.4250000e+02;1.0556330e-01;1.4250000e+02;1.2398872e-01;1.4250000e+02;1.4149937e-01;1.4250000e+02;1.5646596e-01;1.4250000e+02;1.7389606e-01;1.4250000e+02;2.0160514e-01;1.4250000e+02;2.3019974e-01;1.4250000e+02;2.4650173e-01;1.4250000e+02;2.4750786e-01;1.4250000e+02;2.4061039e-01;1.4250000e+02;2.2641030e-01;1.4250000e+02;2.0539728e-01;1.4250000e+02;1.9101316e-02;1.4250000e+02;2.8311776e-02;1.4250000e+02;4.0473536e-02;1.4250000e+02;5.5185646e-02;1.4250000e+02;7.1087107e-02;1.4250000e+02;8.8081971e-02;1.4250000e+02;1.0556330e-01;1.4250000e+02;1.2398872e-01;1.4250000e+02;1.4149937e-01;1.4250000e+02;1.5646596e-01;1.4250000e+02;1.7389606e-01;1.4250000e+02;2.0160514e-01;1.4250000e+02;2.3019974e-01;1.4250000e+02;2.4650173e-01;1.4250000e+02;2.4750786e-01;1.4250000e+02;2.4061039e-01;1.4250000e+02;2.2641030e-01;1.4250000e+02;2.0539728e-01;1.4250000e+02;1.9101316e-02;1.4250000e+02;2.8311776e-02;1.4250000e+02;4.0473536e-02;1.4250000e+02;5.5185646e-02;1.4250000e+02;7.1087107e-02;1.4250000e+02;8.8081971e-02;1.4250000e+02;1.0556330e-01;1.4250000e+02;1.2398872e-01;1.4250000e+02;1.4149937e-01;1.4250000e+02;1.5646596e-01;1.4250000e+02;1.7389606e-01;1.4250000e+02;2.0160514e-01;1.4250000e+02;2.3019974e-01;1.4250000e+02;2.4650173e-01;1.4250000e+02;2.4750786e-01;1.4250000e+02;2.4061039e-01;1.4250000e+02;2.2641030e-01;1.4250000e+02;2.0539728e-01;1.4250000e+02;1.9101316e-02;1.4250000e+02;2.8311776e-02;1.4250000e+02;4.0473536e-02;1.4250000e+02;5.5185646e-02;1.4250000e+02;7.1087107e-02;1.4250000e+02;8.8081971e-02;1.4250000e+02;1.0556330e-01;1.4250000e+02;1.2398872e-01;1.4250000e+02;1.4149937e-01;1.4250000e+02;1.5646596e-01;1.4250000e+02;1.7389606e-01;1.4250000e+02;2.0160514e-01;1.4250000e+02;2.3019974e-01;1.4250000e+02;2.4650173e-01;1.4250000e+02;2.4750786e-01;1.4250000e+02;2.4061039e-01;1.4250000e+02;2.2641030e-01;1.4250000e+02;2.0539728e-01
1.4750000e+02;2.1612216e-02;1.4750000e+02;3.0111143e-02;1.4750000e+02;4.2484932e-02;1.4750000e+02;5.8315743e-02;1.4750000e+02;7.6873273e-02;1.4750000e+02;9.6539289e-02;1.4750000e+02;1.1613787e-01;1.4750000e+02;1.3573492e-01;1.4750000e+02;1.5350185e-01;1.4750000e+02;1.7032677e-01;1.4750000e+02;1.8906875e-01;1.4750000e+02;2.1676324e-01;1.4750000e+02;2.4259847e-01;1.4750000e+02;2.5394917e-01;1.4750000e+02;2.5228506e-01;1.4750000e+02;2.4332654e-01;1.4750000e+02;2.2731304e-01;1.4750000e+02;2.0487942e-01;1.4750000e+02;2.1612216e-02;1.4750000e+02;3.0111143e-02;1.4750000e+02;4.2484932e-02;1.4750000e+02;5.8315743e-02;1.4750000e+02;7.6873273e-02;1.4750000e+02;9.6539289e-02;1.4750000e+02;1.1613787e-01;1.4750000e+02;1.3573492e-01;1.4750000e+02;1.5350185e-01;1.4750000e+02;1.7032677e-01;1.4750000e+02;1.8906875e-01;1.4750000e+02;2.1676324e-01;1.4750000e+02;2.4259847e-01;1.4750000e+02;2.5394917e-01;1.4750000e+02;2.5228506e-01;1.4750000e+02;2.4332654e-01;1.4750000e+02;2.2731304e-01;1.4750000e+02;2.0487942e-01;1.4750000e+02;2.1612216e-02;1.4750000e+02;3.0111143e-02;1.4750000e+02;4.2484932e-02;1.4750000e+02;5.8315743e-02;1.4750000e+02;7.6873273e-02;1.4750000e+02;9.6539289e-02;1.4750000e+02;1.1613787e-01;1.4750000e+02;1.3573492e-01;1.4750000e+02;1.5350185e-01;1.4750000e+02;1.7032677e-01;1.4750000e+02;1.8906875e-01;1.4750000e+02;2.1676324e-01;1.4750000e+02;2.4259847e-01;1.4750000e+02;2.5394917e-01;1.4750000e+02;2.5228506e-01;1.4750000e+02;2.4332654e-01;1.4750000e+02;2.2731304e-01;1.4750000e+02;2.0487942e-01;1.4750000e+02;2.1612216e-02;1.4750000e+02;3.0111143e-02;1.4750000e+02;4.2484932e-02;1.4750000e+02;5.8315743e-02;1.4750000e+02;7.6873273e-02;1.4750000e+02;9.6539289e-02;1.4750000e+02;1.1613787e-01;1.4750000e+02;1.3573492e-01;1.4750000e+02;1.5350185e-01;1.4750000e+02;1.7032677e-01;1.4750000e+02;1.8906875e-01;1.4750000e+02;2.1676324e-01;1.4750000e+02;2.4259847e-01;1.4750000e+02;2.5394917e-01;1.4750000e+02;2.5228506e-01;1.4750000e+02;2.4332654e-01;1.4750000e+02;2.2731304e-01;1.4750000e+02;2.0487942e-01;1.4750000e+02;2.1612216e-02;1.4750000e+02;3.0111143e-02;1.4750000e+02;4.2484932e-02;1.4750000e+02;5.8315743e-02;1.4750000e+02;7.6873273e-02;1.4750000e+02;9.6539289e-02;1.4750000e+02;1.1613787e-01;1.4750000e+02;1.3573492e-01;1.4750000e+02;1.5350185e-01;1.4750000e+02;1.7032677e-01;1.4750000e+02;1.8906875e-01;1.4750000e+02;2.1676324e-01;1.4750000e+02;2.4259847e-01;1.4750000e+02;2.5394917e-01;1.4750000e+02;2.5228506e-01;1.4750000e+02;2.4332654e-01;1.4750000e+02;2.2731304e-01;1.4750000e+02;2.0487942e-01;1.4750000e+02;2.1612216e-02;1.4750000e+02;3.0111143e-02;1.4750000e+02;4.2484932e-02;1.4750000e+02;5.8315743e-02;1.4750000e+02;7.6873273e-02;1.4750000e+02;9.6539289e-02;1.4750000e+02;1.1613787e-01;1.4750000e+02;1.3573492e-01;1.4750000e+02;1.5350185e-01;1.4750000e+02;1.7032677e-01;1.4750000e+02;1.8906875e-01;1.4750000e+02;2.1676324e-01;1.4750000e+02;2.4259847e-01;1.4750000e+02;2.5394917e-01;1.4750000e+02;2.5228506e-01;1.4750000e+02;2.4332654e-01;1.4750000e+02;2.2731304e-01;1.4750000e+02;2.0487942e-01;1.4750000e+02;2.1612216e-02;1.4750000e+02;3.0111143e-02;1.4750000e+02;4.2484932e-02;1.4750000e+02;5.8315743e-02;1.4750000e+02;7.6873273e-02;1.4750000e+02;9.6539289e-02;1.4750000e+02;1.1613787e-01;1.4750000e+02;1.3573492e-01;1.4750000e+02;1.5350185e-01;1.4750000e+02;1.7032677e-01;1.4750000e+02;1.8906875e-01;1.4750000e+02;2.1676324e-01;1.4750000e+02;2.4259847e-01;1.4750000e+02;2.5394917e-01;1.4750000e+02;2.5228506e-01;1.4750000e+02;2.4332654e-01;1.4750000e+02;2.2731304e-01;1.4750000e+02;2.0487942e-01;1.4750000e+02;2.1612216e-02;1.4750000e+02;3.0111143e-02;1.4750000e+02;4.2484932e-02;1.4750000e+02;5.8315743e-02;1.4750000e+02;7.6873273e-02;1.4750000e+02;9.6539289e-02;1.4750000e+02;1.1613787e-01;1.4750000e+02;1.3573492e-01;1.4750000e+02;1.5350185e-01;1.4750000e+02;1.7032677e-01;1.4750000e+02;1.8906875e-01;1.4750000e+02;2.1676324e-01;1.4750000e+02;2.4259847e-01;1.4750000e+02;2.5394917e-01;1.4750000e+02;2.5228506e-01;1.4750000e+02;2.4332654e-01;1.4750000e+02;2.2731304e-01;1.4750000e+02;2.0487942e-01;1.4750000e+02;2.1612216e-02;1.4750000e+02;3.0111143e-02;1.4750000e+02;4.2484932e-02;1.4750000e+02;5.8315743e-02;1.4750000e+02;7.6873273e-02;1.4750000e+02;9.6539289e-02;1.4750000e+02;1.1613787e-01;1.4750000e+02;1.3573492e-01;1.4750000e+02;1.5350185e-01;1.4750000e+02;1.7032677e-01;1.4750000e+02;1.8906875e-01;1.4750000e+02;2.1676324e-01;1.4750000e+02;2.4259847e-01;1.4750000e+02;2.5394917e-01;1.4750000e+02;2.5228506e-01;1.4750000e+02;2.4332654e-01;1.4750000e+02;2.2731304e-01;1.4750000e+02;2.0487942e-01;1.4750000e+02;2.1612216e-02;1.4750000e+02;3.0111143e-02;1.4750000e+02;4.2484932e-02;1.4750000e+02;5.8315743e-02;1.4750000e+02;7.6873273e-02;1.4750000e+02;9.6539289e-02;1.4750000e+02;1.1613787e-01;1.4750000e+02;1.3573492e-01;1.4750000e+02;1.5350185e-01;1.4750000e+02;1.7032677e-01;1.4750000e+02;1.8906875e-01;1.4750000e+02;2.1676324e-01;1.4750000e+02;2.4259847e-01;1.4750000e+02;2.5394917e-01;1.4750000e+02;2.5228506e-01;1.4750000e+02;2.4332654e-01;1.4750000e+02;2.2731304e-01;1.4750000e+02;2.0487942e-01;1.4750000e+02;2.1612216e-02;1.4750000e+02;3.0111143e-02;1.4750000e+02;4.2484932e-02;1.4750000e+02;5.8315743e-02;1.4750000e+02;7.6873273e-02;1.4750000e+02;9.6539289e-02;1.4750000e+02;1.1613787e-01;1.4750000e+02;1.3573492e-01;1.4750000e+02;1.5350185e-01;1.4750000e+02;1.7032677e-01;1.4750000e+02;1.8906875e-01;1.4750000e+02;2.1676324e-01;1.4750000e+02;2.4259847e-01;1.4750000e+02;2.5394917e-01;1.4750000e+02;2.5228506e-01;1.4750000e+02;2.4332654e-01;1.4750000e+02;2.2731304e-01;1.4750000e+02;2.0487942e-01;1.4750000e+02;2.1612216e-02;1.4750000e+02;3.0111143e-02;1.4750000e+02;4.2484932e-02;1.4750000e+02;5.8315743e-02;1.4750000e+02;7.6873273e-02;1.4750000e+02;9.6539289e-02;1.4750000e+02;1.1613787e-01;1.4750000e+02;1.3573492e-01;1.4750000e+02;1.5350185e-01;1.4750000e+02;1.7032677e-01;1.4750000e+02;1.8906875e-01;1.4750000e+02;2.1676324e-01;1.4750000e+02;2.4259847e-01;1.4750000e+02;2.5394917e-01;1.4750000e+02;2.5228506e-01;1.4750000e+02;2.4332654e-01;1.4750000e+02;2.2731304e-01;1.4750000e+02;2.0487942e-01;1.4750000e+02;2.1612216e-02;1.4750000e+02;3.0111143e-02;1.4750000e+02;4.2484932e-02;1.4750000e+02;5.8315743e-02;1.4750000e+02;7.6873273e-02;1.4750000e+02;9.6539289e-02;1.4750000e+02;1.1613787e-01;1.4750000e+02;1.3573492e-01;1.4750000e+02;1.5350185e-01;1.4750000e+02;1.7032677e-01;1.4750000e+02;1.8906875e-01;1.4750000e+02;2.1676324e-01;1.4750000e+02;2.4259847e-01;1.4750000e+02;2.5394917e-01;1.4750000e+02;2.5228506e-01;1.4750000e+02;2.4332654e-01;1.4750000e+02;2.2731304e-01;1.4750000e+02;2.0487942e-01;1.4750000e+02;2.1612216e-02;1.4750000e+02;3.0111143e-02;1.4750000e+02;4.2484932e-02;1.4750000e+02;5.8315743e-02;1.4750000e+02;7.6873273e-02;1.4750000e+02;9.6539289e-02;1.4750000e+02;1.1613787e-01;1.4750000e+02;1.3573492e-01;1.4750000e+02;1.5350185e-01;1.4750000e+02;1.7032677e-01;1.4750000e+02;1.8906875e-01;1.4750000e+02;2.1676324e-01;1.4750000e+02;2.4259847e-01;1.4750000e+02;2.5394917e-01;1.4750000e+02;2.5228506e-01;1.4750000e+02;2.4332654e-01;1.4750000e+02;2.2731304e-01;1.4750000e+02;2.0487942e-01;1.4750000e+02;2.1612216e-02;1.4750000e+02;3.0111143e-02;1.4750000e+02;4.2484932e-02;1.4750000e+02;5.8315743e-02;1.4750000e+02;7.6873273e-02;1.4750000e+02;9.6539289e-02;1.4750000e+02;1.1613787e-01;1.4750000e+02;1.3573492e-01;1.4750000e+02;1.5350185e-01;1.4750000e+02;1.7032677e-01;1.4750000e+02;1.8906875e-01;1.4750000e+02;2.1676324e-01;1.4750000e+02;2.4259847e-01;1.4750000e+02;2.5394917e-01;1.4750000e+02;2.5228506e-01;1.4750000e+02;2.4332654e-01;1.4750000e+02;2.2731304e-01;1.4750000e+02;2.0487942e-01;1.4750000e+02;2.1612216e-02;1.4750000e+02;3.0111143e-02;1.4750000e+02;4.2484932e-02;1.4750000e+02;5.8315743e-02;1.4750000e+02;7.6873273e-02;1.4750000e+02;9.6539289e-02;1.4750000e+02;1.1613787e-01;1.4750000e+02;1.3573492e-01;1.4750000e+02;1.5350185e-01;1.4750000e+02;1.7032677e-01;1.4750000e+02;1.8906875e-01;1.4750000e+02;2.1676324e-01;1.4750000e+02;2.4259847e-01;1.4750000e+02;2.5394917e-01;1.4750000e+02;2.5228506e-01;1.4750000e+02;2.4332654e-01;1.4750000e+02;2.2731304e-01;1.4750000e+02;2.0487942e-01;1.4750000e+02;2.1612216e-02;1.4750000e+02;3.0111143e-02;1.4750000e+02;4.2484932e-02;1.4750000e+02;5.8315743e-02;1.4750000e+02;7.6873273e-02;1.4750000e+02;9.6539289e-02;1.4750000e+02;1.1613787e-01;1.4750000e+02;1.3573492e-01;1.4750000e+02;1.5350185e-01;1.4750000e+02;1.7032677e-01;1.4750000e+02;1.8906875e-01;1.4750000e+02;2.1676324e-01;1.4750000e+02;2.4259847e-01;1.4750000e+02;2.5394917e-01;1.4750000e+02;2.5228506e-01;1.4750000e+02;2.4332654e-01;1.4750000e+02;2.2731304e-01;1.4750000e+02;2.0487942e-01;1.4750000e+02;2.1612216e-02;1.4750000e+02;3.0111143e-02;1.4750000e+02;4.2484932e-02;1.4750000e+02;5.8315743e-02;1.4750000e+02;7.6873273e-02;1.4750000e+02;9.6539289e-02;1.4750000e+02;1.1613787e-01;1.4750000e+02;1.3573492e-01;1.4750000e+02;1.5350185e-01;1.4750000e+02;1.7032677e-01;1.4750000e+02;1.8906875e-01;1.4750000e+02;2.1676324e-01;1.4750000e+02;2.4259847e-01;1.4750000e+02;2.5394917e-01;1.4750000e+02;2.5228506e-01;1.4750000e+02;2.4332654e-01;1.4750000e+02;2.2731304e-01;1.4750000e+02;2.0487942e-01;1.4750000e+02;2.1612216e-02;1.4750000e+02;3.0111143e-02;1.4750000e+02;4.2484932e-02;1.4750000e+02;5.8315743e-02;1.4750000e+02;7.6873273e-02;1.4750000e+02;9.6539289e-02;1.4750000e+02;1.1613787e-01;1.4750000e+02;1.3573492e-01;1.4750000e+02;1.5350185e-01;1.4750000e+02;1.7032677e-01;1.4750000e+02;1.8906875e-01;1.4750000e+02;2.1676324e-01;1.4750000e+02;2.4259847e-01;1.4750000e+02;2.5394917e-01;1.4750000e+02;2.5228506e-01;1.4750000e+02;2.4332654e-01;1.4750000e+02;2.2731304e-01;1.4750000e+02;2.0487942e-01;1.4750000e+02;2.1612216e-02;1.4750000e+02;3.0111143e-02;1.4750000e+02;4.2484932e-02;1.4750000e+02;5.8315743e-02;1.4750000e+02;7.6873273e-02;1.4750000e+02;9.6539289e-02;1.4750000e+02;1.1613787e-01;1.4750000e+02;1.3573492e-01;1.4750000e+02;1.5350185e-01;1.4750000e+02;1.7032677e-01;1.4750000e+02;1.8906875e-01;1.4750000e+02;2.1676324e-01;1.4750000e+02;2.4259847e-01;1.4750000e+02;2.5394917e-01;1.4750000e+02;2.5228506e-01;1.4750000e+02;2.4332654e-01;1.4750000e+02;2.2731304e-01;1.4750000e+02;2.0487942e-01;1.4750000e+02;2.1612216e-02;1.4750000e+02;3.0111143e-02;1.4750000e+02;4.2484932e-02;1.4750000e+02;5.8315743e-02;1.4750000e+02;7.6873273e-02;1.4750000e+02;9.6539289e-02;1.4750000e+02;1.1613787e-01;1.4750000e+02;1.3573492e-01;1.4750000e+02;1.5350185e-01;1.4750000e+02;1.7032677e-01;1.4750000e+02;1.8906875e-01;1.4750000e+02;2.1676324e-01;1.4750000e+02;2.4259847e-01;1.4750000e+02;2.5394917e-01;1.4750000e+02;2.5228506e-01;1.4750000e+02;2.4332654e-01;1.4750000e+02;2.2731304e-01;1.4750000e+02;2.0487942e-01;1.4750000e+02;2.1612216e-02;1.4750000e+02;3.0111143e-02;1.4750000e+02;4.2484932e-02;1.4750000e+02;5.8315743e-02;1.4750000e+02;7.6873273e-02;1.4750000e+02;9.6539289e-02;1.4750000e+02;1.1613787e-01;1.4750000e+02;1.3573492e-01;1.4750000e+02;1.5350185e-01;1.4750000e+02;1.7032677e-01;1.4750000e+02;1.8906875e-01;1.4750000e+02;2.1676324e-01;1.4750000e+02;2.4259847e-01;1.4750000e+02;2.5394917e-01;1.4750000e+02;2.5228506e-01;1.4750000e+02;2.4332654e-01;1.4750000e+02;2.2731304e-01;1.4750000e+02;2.0487942e-01;1.4750000e+02;2.1612216e-02;1.4750000e+02;3.0111143e-02;1.4750000e+02;4.2484932e-02;1.4750000e+02;5.8315743e-02;1.4750000e+02;7.6873273e-02;1.4750000e+02;9.6539289e-02;1.4750000e+02;1.1613787e-01;1.4750000e+02;1.3573492e-01;1.4750000e+02;1.5350185e-01;1.4750000e+02;1.7032677e-01;1.4750000e+02;1.8906875e-01;1.4750000e+02;2.1676324e-01;1.4750000e+02;2.4259847e-01;1.4750000e+02;2.5394917e-01;1.4750000e+02;2.5228506e-01;1.4750000e+02;2.4332654e-01;1.4750000e+02;2.2731304e-01;1.4750000e+02;2.0487942e-01;1.4750000e+02;2.1612216e-02;1.4750000e+02;3.0111143e-02;1.4750000e+02;4.2484932e-02;1.4750000e+02;5.8315743e-02;1.4750000e+02;7.6873273e-02;1.4750000e+02;9.6539289e-02;1.4750000e+02;1.1613787e-01;1.4750000e+02;1.3573492e-01;1.4750000e+02;1.5350185e-01;1.4750000e+02;1.7032677e-01;1.4750000e+02;1.8906875e-01;1.4750000e+02;2.1676324e-01;1.4750000e+02;2.4259847e-01;1.4750000e+02;2.5394917e-01;1.4750000e+02;2.5228506e-01;1.4750000e+02;2.4332654e-01;1.4750000e+02;2.2731304e-01;1.4750000e+02;2.0487942e-01;1.4750000e+02;2.1612216e-02;1.4750000e+02;3.0111143e-02;1.4750000e+02;4.2484932e-02;1.4750000e+02;5.8315743e-02;1.4750000e+02;7.6873273e-02;1.4750000e+02;9.6539289e-02;1.4750000e+02;1.1613787e-01;1.4750000e+02;1.3573492e-01;1.4750000e+02;1.5350185e-01;1.4750000e+02;1.7032677e-01;1.4750000e+02;1.8906875e-01;1.4750000e+02;2.1676324e-01;1.4750000e+02;2.4259847e-01;1.4750000e+02;2.5394917e-01;1.4750000e+02;2.5228506e-01;1.4750000e+02;2.4332654e-01;1.4750000e+02;2.2731304e-01;1.4750000e+02;2.0487942e-01;1.4750000e+02;2.1612216e-02;1.4750000e+02;3.0111143e-02;1.4750000e+02;4.2484932e-02;1.4750000e+02;5.8315743e-02;1.4750000e+02;7.6873273e-02;1.4750000e+02;9.6539289e-02;1.4750000e+02;1.1613787e-01;1.4750000e+02;1.3573492e-01;1.4750000e+02;1.5350185e-01;1.4750000e+02;1.7032677e-01;1.4750000e+02;1.8906875e-01;1.4750000e+02;2.1676324e-01;1.4750000e+02;2.4259847e-01;1.4750000e+02;2.5394917e-01;1.4750000e+02;2.5228506e-01;1.4750000e+02;2.4332654e-01;1.4750000e+02;2.2731304e-01;1.4750000e+02;2.0487942e-01;1.4750000e+02;2.1612216e-02;1.4750000e+02;3.0111143e-02;1.4750000e+02;4.2484932e-02;1.4750000e+02;5.8315743e-02;1.4750000e+02;7.6873273e-02;1.4750000e+02;9.6539289e-02;1.4750000e+02;1.1613787e-01;1.4750000e+02;1.3573492e-01;1.4750000e+02;1.5350185e-01;1.4750000e+02;1.7032677e-01;1.4750000e+02;1.8906875e-01;1.4750000e+02;2.1676324e-01;1.4750000e+02;2.4259847e-01;1.4750000e+02;2.5394917e-01;1.4750000e+02;2.5228506e-01;1.4750000e+02;2.4332654e-01;1.4750000e+02;2.2731304e-01;1.4750000e+02;2.0487942e-01;1.4750000e+02;2.1612216e-02;1.4750000e+02;3.0111143e-02;1.4750000e+02;4.2484932e-02;1.4750000e+02;5.8315743e-02;1.4750000e+02;7.6873273e-02;1.4750000e+02;9.6539289e-02;1.4750000e+02;1.1613787e-01;1.4750000e+02;1.3573492e-01;1.4750000e+02;1.5350185e-01;1.4750000e+02;1.7032677e-01;1.4750000e+02;1.8906875e-01;1.4750000e+02;2.1676324e-01;1.4750000e+02;2.4259847e-01;1.4750000e+02;2.5394917e-01;1.4750000e+02;2.5228506e-01;1.4750000e+02;2.4332654e-01;1.4750000e+02;2.2731304e-01;1.4750000e+02;2.0487942e-01;1.4750000e+02;2.1612216e-02;1.4750000e+02;3.0111143e-02;1.4750000e+02;4.2484932e-02;1.4750000e+02;5.8315743e-02;1.4750000e+02;7.6873273e-02;1.4750000e+02;9.6539289e-02;1.4750000e+02;1.1613787e-01;1.4750000e+02;1.3573492e-01;1.4750000e+02;1.5350185e-01;1.4750000e+02;1.7032677e-01;1.4750000e+02;1.8906875e-01;1.4750000e+02;2.1676324e-01;1.4750000e+02;2.4259847e-01;1.4750000e+02;2.5394917e-01;1.4750000e+02;2.5228506e-01;1.4750000e+02;2.4332654e-01;1.4750000e+02;2.2731304e-01;1.4750000e+02;2.0487942e-01;1.4750000e+02;2.1612216e-02;1.4750000e+02;3.0111143e-02;1.4750000e+02;4.2484932e-02;1.4750000e+02;5.8315743e-02;1.4750000e+02;7.6873273e-02;1.4750000e+02;9.6539289e-02;1.4750000e+02;1.1613787e-01;1.4750000e+02;1.3573492e-01;1.4750000e+02;1.5350185e-01;1.4750000e+02;1.7032677e-01;1.4750000e+02;1.8906875e-01;1.4750000e+02;2.1676324e-01;1.4750000e+02;2.4259847e-01;1.4750000e+02;2.5394917e-01;1.4750000e+02;2.5228506e-01;1.4750000e+02;2.4332654e-01;1.4750000e+02;2.2731304e-01;1.4750000e+02;2.0487942e-01;1.4750000e+02;2.1612216e-02;1.4750000e+02;3.0111143e-02;1.4750000e+02;4.2484932e-02;1.4750000e+02;5.8315743e-02;1.4750000e+02;7.6873273e-02;1.4750000e+02;9.6539289e-02;1.4750000e+02;1.1613787e-01;1.4750000e+02;1.3573492e-01;1.4750000e+02;1.5350185e-01;1.4750000e+02;1.7032677e-01;1.4750000e+02;1.8906875e-01;1.4750000e+02;2.1676324e-01;1.4750000e+02;2.4259847e-01;1.4750000e+02;2.5394917e-01;1.4750000e+02;2.5228506e-01;1.4750000e+02;2.4332654e-01;1.4750000e+02;2.2731304e-01;1.4750000e+02;2.0487942e-01;1.4750000e+02;2.1612216e-02;1.4750000e+02;3.0111143e-02;1.4750000e+02;4.2484932e-02;1.4750000e+02;5.8315743e-02;1.4750000e+02;7.6873273e-02;1.4750000e+02;9.6539289e-02;1.4750000e+02;1.1613787e-01;1.4750000e+02;1.3573492e-01;1.4750000e+02;1.5350185e-01;1.4750000e+02;1.7032677e-01;1.4750000e+02;1.8906875e-01;1.4750000e+02;2.1676324e-01;1.4750000e+02;2.4259847e-01;1.4750000e+02;2.5394917e-01;1.4750000e+02;2.5228506e-01;1.4750000e+02;2.4332654e-01;1.4750000e+02;2.2731304e-01;1.4750000e+02;2.0487942e-01;1.4750000e+02;2.1612216e-02;1.4750000e+02;3.0111143e-02;1.4750000e+02;4.2484932e-02;1.4750000e+02;5.8315743e-02;1.4750000e+02;7.6873273e-02;1.4750000e+02;9.6539289e-02;1.4750000e+02;1.1613787e-01;1.4750000e+02;1.3573492e-01;1.4750000e+02;1.5350185e-01;1.4750000e+02;1.7032677e-01;1.4750000e+02;1.8906875e-01;1.4750000e+02;2.1676324e-01;1.4750000e+02;2.4259847e-01;1.4750000e+02;2.5394917e-01;1.4750000e+02;2.5228506e-01;1.4750000e+02;2.4332654e-01;1.4750000e+02;2.2731304e-01;1.4750000e+02;2.0487942e-01;1.4750000e+02;2.1612216e-02;1.4750000e+02;3.0111143e-02;1.4750000e+02;4.2484932e-02;1.4750000e+02;5.8315743e-02;1.4750000e+02;7.6873273e-02;1.4750000e+02;9.6539289e-02;1.4750000e+02;1.1613787e-01;1.4750000e+02;1.3573492e-01;1.4750000e+02;1.5350185e-01;1.4750000e+02;1.7032677e-01;1.4750000e+02;1.8906875e-01;1.4750000e+02;2.1676324e-01;1.4750000e+02;2.4259847e-01;1.4750000e+02;2.5394917e-01;1.4750000e+02;2.5228506e-01;1.4750000e+02;2.4332654e-01;1.4750000e+02;2.2731304e-01;1.4750000e+02;2.0487942e-01;1.4750000e+02;2.1612216e-02;1.4750000e+02;3.0111143e-02;1.4750000e+02;4.2484932e-02;1.4750000e+02;5.8315743e-02;1.4750000e+02;7.6873273e-02;1.4750000e+02;9.6539289e-02;1.4750000e+02;1.1613787e-01;1.4750000e+02;1.3573492e-01;1.4750000e+02;1.5350185e-01;1.4750000e+02;1.7032677e-01;1.4750000e+02;1.8906875e-01;1.4750000e+02;2.1676324e-01;1.4750000e+02;2.4259847e-01;1.4750000e+02;2.5394917e-01;1.4750000e+02;2.5228506e-01;1.4750000e+02;2.4332654e-01;1.4750000e+02;2.2731304e-01;1.4750000e+02;2.0487942e-01;1.4750000e+02;2.1612216e-02;1.4750000e+02;3.0111143e-02;1.4750000e+02;4.2484932e-02;1.4750000e+02;5.8315743e-02;1.4750000e+02;7.6873273e-02;1.4750000e+02;9.6539289e-02;1.4750000e+02;1.1613787e-01;1.4750000e+02;1.3573492e-01;1.4750000e+02;1.5350185e-01;1.4750000e+02;1.7032677e-01;1.4750000e+02;1.8906875e-01;1.4750000e+02;2.1676324e-01;1.4750000e+02;2.4259847e-01;1.4750000e+02;2.5394917e-01;1.4750000e+02;2.5228506e-01;1.4750000e+02;2.4332654e-01;1.4750000e+02;2.2731304e-01;1.4750000e+02;2.0487942e-01;1.4750000e+02;2.1612216e-02;1.4750000e+02;3.0111143e-02;1.4750000e+02;4.2484932e-02;1.4750000e+02;5.8315743e-02;1.4750000e+02;7.6873273e-02;1.4750000e+02;9.6539289e-02;1.4750000e+02;1.1613787e-01;1.4750000e+02;1.3573492e-01;1.4750000e+02;1.5350185e-01;1.4750000e+02;1.7032677e-01;1.4750000e+02;1.8906875e-01;1.4750000e+02;2.1676324e-01;1.4750000e+02;2.4259847e-01;1.4750000e+02;2.5394917e-01;1.4750000e+02;2.5228506e-01;1.4750000e+02;2.4332654e-01;1.4750000e+02;2.2731304e-01;1.4750000e+02;2.0487942e-01;1.4750000e+02;2.1612216e-02;1.4750000e+02;3.0111143e-02;1.4750000e+02;4.2484932e-02;1.4750000e+02;5.8315743e-02;1.4750000e+02;7.6873273e-02;1.4750000e+02;9.6539289e-02;1.4750000e+02;1.1613787e-01;1.4750000e+02;1.3573492e-01;1.4750000e+02;1.5350185e-01;1.4750000e+02;1.7032677e-01;1.4750000e+02;1.8906875e-01;1.4750000e+02;2.1676324e-01;1.4750000e+02;2.4259847e-01;1.4750000e+02;2.5394917e-01;1.4750000e+02;2.5228506e-01;1.4750000e+02;2.4332654e-01;1.4750000e+02;2.2731304e-01;1.4750000e+02;2.0487942e-01;1.4750000e+02;2.1612216e-02;1.4750000e+02;3.0111143e-02;1.4750000e+02;4.2484932e-02;1.4750000e+02;5.8315743e-02;1.4750000e+02;7.6873273e-02;1.4750000e+02;9.6539289e-02;1.4750000e+02;1.1613787e-01;1.4750000e+02;1.3573492e-01;1.4750000e+02;1.5350185e-01;1.4750000e+02;1.7032677e-01;1.4750000e+02;1.8906875e-01;1.4750000e+02;2.1676324e-01;1.4750000e+02;2.4259847e-01;1.4750000e+02;2.5394917e-01;1.4750000e+02;2.5228506e-01;1.4750000e+02;2.4332654e-01;1.4750000e+02;2.2731304e-01;1.4750000e+02;2.0487942e-01;1.4750000e+02;2.1612216e-02;1.4750000e+02;3.0111143e-02;1.4750000e+02;4.2484932e-02;1.4750000e+02;5.8315743e-02;1.4750000e+02;7.6873273e-02;1.4750000e+02;9.6539289e-02;1.4750000e+02;1.1613787e-01;1.4750000e+02;1.3573492e-01;1.4750000e+02;1.5350185e-01;1.4750000e+02;1.7032677e-01;1.4750000e+02;1.8906875e-01;1.4750000e+02;2.1676324e-01;1.4750000e+02;2.4259847e-01;1.4750000e+02;2.5394917e-01;1.4750000e+02;2.5228506e-01;1.4750000e+02;2.4332654e-01;1.4750000e+02;2.2731304e-01;1.4750000e+02;2.0487942e-01;1.4750000e+02;2.1612216e-02;1.4750000e+02;3.0111143e-02;1.4750000e+02;4.2484932e-02;1.4750000e+02;5.8315743e-02;1.4750000e+02;7.6873273e-02;1.4750000e+02;9.6539289e-02;1.4750000e+02;1.1613787e-01;1.4750000e+02;1.3573492e-01;1.4750000e+02;1.5350185e-01;1.4750000e+02;1.7032677e-01;1.4750000e+02;1.8906875e-01;1.4750000e+02;2.1676324e-01;1.4750000e+02;2.4259847e-01;1.4750000e+02;2.5394917e-01;1.4750000e+02;2.5228506e-01;1.4750000e+02;2.4332654e-01;1.4750000e+02;2.2731304e-01;1.4750000e+02;2.0487942e-01;1.4750000e+02;2.1612216e-02;1.4750000e+02;3.0111143e-02;1.4750000e+02;4.2484932e-02;1.4750000e+02;5.8315743e-02;1.4750000e+02;7.6873273e-02;1.4750000e+02;9.6539289e-02;1.4750000e+02;1.1613787e-01;1.4750000e+02;1.3573492e-01;1.4750000e+02;1.5350185e-01;1.4750000e+02;1.7032677e-01;1.4750000e+02;1.8906875e-01;1.4750000e+02;2.1676324e-01;1.4750000e+02;2.4259847e-01;1.4750000e+02;2.5394917e-01;1.4750000e+02;2.5228506e-01;1.4750000e+02;2.4332654e-01;1.4750000e+02;2.2731304e-01;1.4750000e+02;2.0487942e-01;1.4750000e+02;2.1612216e-02;1.4750000e+02;3.0111143e-02;1.4750000e+02;4.2484932e-02;1.4750000e+02;5.8315743e-02;1.4750000e+02;7.6873273e-02;1.4750000e+02;9.6539289e-02;1.4750000e+02;1.1613787e-01;1.4750000e+02;1.3573492e-01;1.4750000e+02;1.5350185e-01;1.4750000e+02;1.7032677e-01;1.4750000e+02;1.8906875e-01;1.4750000e+02;2.1676324e-01;1.4750000e+02;2.4259847e-01;1.4750000e+02;2.5394917e-01;1.4750000e+02;2.5228506e-01;1.4750000e+02;2.4332654e-01;1.4750000e+02;2.2731304e-01;1.4750000e+02;2.0487942e-01;1.4750000e+02;2.1612216e-02;1.4750000e+02;3.0111143e-02;1.4750000e+02;4.2484932e-02;1.4750000e+02;5.8315743e-02;1.4750000e+02;7.6873273e-02;1.4750000e+02;9.6539289e-02;1.4750000e+02;1.1613787e-01;1.4750000e+02;1.3573492e-01;1.4750000e+02;1.5350185e-01;1.4750000e+02;1.7032677e-01;1.4750000e+02;1.8906875e-01;1.4750000e+02;2.1676324e-01;1.4750000e+02;2.4259847e-01;1.4750000e+02;2.5394917e-01;1.4750000e+02;2.5228506e-01;1.4750000e+02;2.4332654e-01;1.4750000e+02;2.2731304e-01;1.4750000e+02;2.0487942e-01;1.4750000e+02;2.1612216e-02;1.4750000e+02;3.0111143e-02;1.4750000e+02;4.2484932e-02;1.4750000e+02;5.8315743e-02;1.4750000e+02;7.6873273e-02;1.4750000e+02;9.6539289e-02;1.4750000e+02;1.1613787e-01;1.4750000e+02;1.3573492e-01;1.4750000e+02;1.5350185e-01;1.4750000e+02;1.7032677e-01;1.4750000e+02;1.8906875e-01;1.4750000e+02;2.1676324e-01;1.4750000e+02;2.4259847e-01;1.4750000e+02;2.5394917e-01;1.4750000e+02;2.5228506e-01;1.4750000e+02;2.4332654e-01;1.4750000e+02;2.2731304e-01;1.4750000e+02;2.0487942e-01;1.4750000e+02;2.1612216e-02;1.4750000e+02;3.0111143e-02;1.4750000e+02;4.2484932e-02;1.4750000e+02;5.8315743e-02;1.4750000e+02;7.6873273e-02;1.4750000e+02;9.6539289e-02;1.4750000e+02;1.1613787e-01;1.4750000e+02;1.3573492e-01;1.4750000e+02;1.5350185e-01;1.4750000e+02;1.7032677e-01;1.4750000e+02;1.8906875e-01;1.4750000e+02;2.1676324e-01;1.4750000e+02;2.4259847e-01;1.4750000e+02;2.5394917e-01;1.4750000e+02;2.5228506e-01;1.4750000e+02;2.4332654e-01;1.4750000e+02;2.2731304e-01;1.4750000e+02;2.0487942e-01;1.4750000e+02;2.1612216e-02;1.4750000e+02;3.0111143e-02;1.4750000e+02;4.2484932e-02;1.4750000e+02;5.8315743e-02;1.4750000e+02;7.6873273e-02;1.4750000e+02;9.6539289e-02;1.4750000e+02;1.1613787e-01;1.4750000e+02;1.3573492e-01;1.4750000e+02;1.5350185e-01;1.4750000e+02;1.7032677e-01;1.4750000e+02;1.8906875e-01;1.4750000e+02;2.1676324e-01;1.4750000e+02;2.4259847e-01;1.4750000e+02;2.5394917e-01;1.4750000e+02;2.5228506e-01;1.4750000e+02;2.4332654e-01;1.4750000e+02;2.2731304e-01;1.4750000e+02;2.0487942e-01;1.4750000e+02;2.1612216e-02;1.4750000e+02;3.0111143e-02;1.4750000e+02;4.2484932e-02;1.4750000e+02;5.8315743e-02;1.4750000e+02;7.6873273e-02;1.4750000e+02;9.6539289e-02;1.4750000e+02;1.1613787e-01;1.4750000e+02;1.3573492e-01;1.4750000e+02;1.5350185e-01;1.4750000e+02;1.7032677e-01;1.4750000e+02;1.8906875e-01;1.4750000e+02;2.1676324e-01;1.4750000e+02;2.4259847e-01;1.4750000e+02;2.5394917e-01;1.4750000e+02;2.5228506e-01;1.4750000e+02;2.4332654e-01;1.4750000e+02;2.2731304e-01;1.4750000e+02;2.0487942e-01;1.4750000e+02;2.1612216e-02;1.4750000e+02;3.0111143e-02;1.4750000e+02;4.2484932e-02;1.4750000e+02;5.8315743e-02;1.4750000e+02;7.6873273e-02;1.4750000e+02;9.6539289e-02;1.4750000e+02;1.1613787e-01;1.4750000e+02;1.3573492e-01;1.4750000e+02;1.5350185e-01;1.4750000e+02;1.7032677e-01;1.4750000e+02;1.8906875e-01;1.4750000e+02;2.1676324e-01;1.4750000e+02;2.4259847e-01;1.4750000e+02;2.5394917e-01;1.4750000e+02;2.5228506e-01;1.4750000e+02;2.4332654e-01;1.4750000e+02;2.2731304e-01;1.4750000e+02;2.0487942e-01;1.4750000e+02;2.1612216e-02;1.4750000e+02;3.0111143e-02;1.4750000e+02;4.2484932e-02;1.4750000e+02;5.8315743e-02;1.4750000e+02;7.6873273e-02;1.4750000e+02;9.6539289e-02;1.4750000e+02;1.1613787e-01;1.4750000e+02;1.3573492e-01;1.4750000e+02;1.5350185e-01;1.4750000e+02;1.7032677e-01;1.4750000e+02;1.8906875e-01;1.4750000e+02;2.1676324e-01;1.4750000e+02;2.4259847e-01;1.4750000e+02;2.5394917e-01;1.4750000e+02;2.5228506e-01;1.4750000e+02;2.4332654e-01;1.4750000e+02;2.2731304e-01;1.4750000e+02;2.0487942e-01;1.4750000e+02;2.1612216e-02;1.4750000e+02;3.0111143e-02;1.4750000e+02;4.2484932e-02;1.4750000e+02;5.8315743e-02;1.4750000e+02;7.6873273e-02;1.4750000e+02;9.6539289e-02;1.4750000e+02;1.1613787e-01;1.4750000e+02;1.3573492e-01;1.4750000e+02;1.5350185e-01;1.4750000e+02;1.7032677e-01;1.4750000e+02;1.8906875e-01;1.4750000e+02;2.1676324e-01;1.4750000e+02;2.4259847e-01;1.4750000e+02;2.5394917e-01;1.4750000e+02;2.5228506e-01;1.4750000e+02;2.4332654e-01;1.4750000e+02;2.2731304e-01;1.4750000e+02;2.0487942e-01;1.4750000e+02;2.1612216e-02;1.4750000e+02;3.0111143e-02;1.4750000e+02;4.2484932e-02;1.4750000e+02;5.8315743e-02;1.4750000e+02;7.6873273e-02;1.4750000e+02;9.6539289e-02;1.4750000e+02;1.1613787e-01;1.4750000e+02;1.3573492e-01;1.4750000e+02;1.5350185e-01;1.4750000e+02;1.7032677e-01;1.4750000e+02;1.8906875e-01;1.4750000e+02;2.1676324e-01;1.4750000e+02;2.4259847e-01;1.4750000e+02;2.5394917e-01;1.4750000e+02;2.5228506e-01;1.4750000e+02;2.4332654e-01;1.4750000e+02;2.2731304e-01;1.4750000e+02;2.0487942e-01;1.4750000e+02;2.1612216e-02;1.4750000e+02;3.0111143e-02;1.4750000e+02;4.2484932e-02;1.4750000e+02;5.8315743e-02;1.4750000e+02;7.6873273e-02;1.4750000e+02;9.6539289e-02;1.4750000e+02;1.1613787e-01;1.4750000e+02;1.3573492e-01;1.4750000e+02;1.5350185e-01;1.4750000e+02;1.7032677e-01;1.4750000e+02;1.8906875e-01;1.4750000e+02;2.1676324e-01;1.4750000e+02;2.4259847e-01;1.4750000e+02;2.5394917e-01;1.4750000e+02;2.5228506e-01;1.4750000e+02;2.4332654e-01;1.4750000e+02;2.2731304e-01;1.4750000e+02;2.0487942e-01;1.4750000e+02;2.1612216e-02;1.4750000e+02;3.0111143e-02;1.4750000e+02;4.2484932e-02;1.4750000e+02;5.8315743e-02;1.4750000e+02;7.6873273e-02;1.4750000e+02;9.6539289e-02;1.4750000e+02;1.1613787e-01;1.4750000e+02;1.3573492e-01;1.4750000e+02;1.5350185e-01;1.4750000e+02;1.7032677e-01;1.4750000e+02;1.8906875e-01;1.4750000e+02;2.1676324e-01;1.4750000e+02;2.4259847e-01;1.4750000e+02;2.5394917e-01;1.4750000e+02;2.5228506e-01;1.4750000e+02;2.4332654e-01;1.4750000e+02;2.2731304e-01;1.4750000e+02;2.0487942e-01;1.4750000e+02;2.1612216e-02;1.4750000e+02;3.0111143e-02;1.4750000e+02;4.2484932e-02;1.4750000e+02;5.8315743e-02;1.4750000e+02;7.6873273e-02;1.4750000e+02;9.6539289e-02;1.4750000e+02;1.1613787e-01;1.4750000e+02;1.3573492e-01;1.4750000e+02;1.5350185e-01;1.4750000e+02;1.7032677e-01;1.4750000e+02;1.8906875e-01;1.4750000e+02;2.1676324e-01;1.4750000e+02;2.4259847e-01;1.4750000e+02;2.5394917e-01;1.4750000e+02;2.5228506e-01;1.4750000e+02;2.4332654e-01;1.4750000e+02;2.2731304e-01;1.4750000e+02;2.0487942e-01;1.4750000e+02;2.1612216e-02;1.4750000e+02;3.0111143e-02;1.4750000e+02;4.2484932e-02;1.4750000e+02;5.8315743e-02;1.4750000e+02;7.6873273e-02;1.4750000e+02;9.6539289e-02;1.4750000e+02;1.1613787e-01;1.4750000e+02;1.3573492e-01;1.4750000e+02;1.5350185e-01;1.4750000e+02;1.7032677e-01;1.4750000e+02;1.8906875e-01;1.4750000e+02;2.1676324e-01;1.4750000e+02;2.4259847e-01;1.4750000e+02;2.5394917e-01;1.4750000e+02;2.5228506e-01;1.4750000e+02;2.4332654e-01;1.4750000e+02;2.2731304e-01;1.4750000e+02;2.0487942e-01;1.4750000e+02;2.1612216e-02;1.4750000e+02;3.0111143e-02;1.4750000e+02;4.2484932e-02;1.4750000e+02;5.8315743e-02;1.4750000e+02;7.6873273e-02;1.4750000e+02;9.6539289e-02;1.4750000e+02;1.1613787e-01;1.4750000e+02;1.3573492e-01;1.4750000e+02;1.5350185e-01;1.4750000e+02;1.7032677e-01;1.4750000e+02;1.8906875e-01;1.4750000e+02;2.1676324e-01;1.4750000e+02;2.4259847e-01;1.4750000e+02;2.5394917e-01;1.4750000e+02;2.5228506e-01;1.4750000e+02;2.4332654e-01;1.4750000e+02;2.2731304e-01;1.4750000e+02;2.0487942e-01;1.4750000e+02;2.1612216e-02;1.4750000e+02;3.0111143e-02;1.4750000e+02;4.2484932e-02;1.4750000e+02;5.8315743e-02;1.4750000e+02;7.6873273e-02;1.4750000e+02;9.6539289e-02;1.4750000e+02;1.1613787e-01;1.4750000e+02;1.3573492e-01;1.4750000e+02;1.5350185e-01;1.4750000e+02;1.7032677e-01;1.4750000e+02;1.8906875e-01;1.4750000e+02;2.1676324e-01;1.4750000e+02;2.4259847e-01;1.4750000e+02;2.5394917e-01;1.4750000e+02;2.5228506e-01;1.4750000e+02;2.4332654e-01;1.4750000e+02;2.2731304e-01;1.4750000e+02;2.0487942e-01;1.4750000e+02;2.1612216e-02;1.4750000e+02;3.0111143e-02;1.4750000e+02;4.2484932e-02;1.4750000e+02;5.8315743e-02;1.4750000e+02;7.6873273e-02;1.4750000e+02;9.6539289e-02;1.4750000e+02;1.1613787e-01;1.4750000e+02;1.3573492e-01;1.4750000e+02;1.5350185e-01;1.4750000e+02;1.7032677e-01;1.4750000e+02;1.8906875e-01;1.4750000e+02;2.1676324e-01;1.4750000e+02;2.4259847e-01;1.4750000e+02;2.5394917e-01;1.4750000e+02;2.5228506e-01;1.4750000e+02;2.4332654e-01;1.4750000e+02;2.2731304e-01;1.4750000e+02;2.0487942e-01;1.4750000e+02;2.1612216e-02;1.4750000e+02;3.0111143e-02;1.4750000e+02;4.2484932e-02;1.4750000e+02;5.8315743e-02;1.4750000e+02;7.6873273e-02;1.4750000e+02;9.6539289e-02;1.4750000e+02;1.1613787e-01;1.4750000e+02;1.3573492e-01;1.4750000e+02;1.5350185e-01;1.4750000e+02;1.7032677e-01;1.4750000e+02;1.8906875e-01;1.4750000e+02;2.1676324e-01;1.4750000e+02;2.4259847e-01;1.4750000e+02;2.5394917e-01;1.4750000e+02;2.5228506e-01;1.4750000e+02;2.4332654e-01;1.4750000e+02;2.2731304e-01;1.4750000e+02;2.0487942e-01;1.4750000e+02;2.1612216e-02;1.4750000e+02;3.0111143e-02;1.4750000e+02;4.2484932e-02;1.4750000e+02;5.8315743e-02;1.4750000e+02;7.6873273e-02;1.4750000e+02;9.6539289e-02;1.4750000e+02;1.1613787e-01;1.4750000e+02;1.3573492e-01;1.4750000e+02;1.5350185e-01;1.4750000e+02;1.7032677e-01;1.4750000e+02;1.8906875e-01;1.4750000e+02;2.1676324e-01;1.4750000e+02;2.4259847e-01;1.4750000e+02;2.5394917e-01;1.4750000e+02;2.5228506e-01;1.4750000e+02;2.4332654e-01;1.4750000e+02;2.2731304e-01;1.4750000e+02;2.0487942e-01;1.4750000e+02;2.1612216e-02;1.4750000e+02;3.0111143e-02;1.4750000e+02;4.2484932e-02;1.4750000e+02;5.8315743e-02;1.4750000e+02;7.6873273e-02;1.4750000e+02;9.6539289e-02;1.4750000e+02;1.1613787e-01;1.4750000e+02;1.3573492e-01;1.4750000e+02;1.5350185e-01;1.4750000e+02;1.7032677e-01;1.4750000e+02;1.8906875e-01;1.4750000e+02;2.1676324e-01;1.4750000e+02;2.4259847e-01;1.4750000e+02;2.5394917e-01;1.4750000e+02;2.5228506e-01;1.4750000e+02;2.4332654e-01;1.4750000e+02;2.2731304e-01;1.4750000e+02;2.0487942e-01;1.4750000e+02;2.1612216e-02;1.4750000e+02;3.0111143e-02;1.4750000e+02;4.2484932e-02;1.4750000e+02;5.8315743e-02;1.4750000e+02;7.6873273e-02;1.4750000e+02;9.6539289e-02;1.4750000e+02;1.1613787e-01;1.4750000e+02;1.3573492e-01;1.4750000e+02;1.5350185e-01;1.4750000e+02;1.7032677e-01;1.4750000e+02;1.8906875e-01;1.4750000e+02;2.1676324e-01;1.4750000e+02;2.4259847e-01;1.4750000e+02;2.5394917e-01;1.4750000e+02;2.5228506e-01;1.4750000e+02;2.4332654e-01;1.4750000e+02;2.2731304e-01;1.4750000e+02;2.0487942e-01;1.4750000e+02;2.1612216e-02;1.4750000e+02;3.0111143e-02;1.4750000e+02;4.2484932e-02;1.4750000e+02;5.8315743e-02;1.4750000e+02;7.6873273e-02;1.4750000e+02;9.6539289e-02;1.4750000e+02;1.1613787e-01;1.4750000e+02;1.3573492e-01;1.4750000e+02;1.5350185e-01;1.4750000e+02;1.7032677e-01;1.4750000e+02;1.8906875e-01;1.4750000e+02;2.1676324e-01;1.4750000e+02;2.4259847e-01;1.4750000e+02;2.5394917e-01;1.4750000e+02;2.5228506e-01;1.4750000e+02;2.4332654e-01;1.4750000e+02;2.2731304e-01;1.4750000e+02;2.0487942e-01;1.4750000e+02;2.1612216e-02;1.4750000e+02;3.0111143e-02;1.4750000e+02;4.2484932e-02;1.4750000e+02;5.8315743e-02;1.4750000e+02;7.6873273e-02;1.4750000e+02;9.6539289e-02;1.4750000e+02;1.1613787e-01;1.4750000e+02;1.3573492e-01;1.4750000e+02;1.5350185e-01;1.4750000e+02;1.7032677e-01;1.4750000e+02;1.8906875e-01;1.4750000e+02;2.1676324e-01;1.4750000e+02;2.4259847e-01;1.4750000e+02;2.5394917e-01;1.4750000e+02;2.5228506e-01;1.4750000e+02;2.4332654e-01;1.4750000e+02;2.2731304e-01;1.4750000e+02;2.0487942e-01;1.4750000e+02;2.1612216e-02;1.4750000e+02;3.0111143e-02;1.4750000e+02;4.2484932e-02;1.4750000e+02;5.8315743e-02;1.4750000e+02;7.6873273e-02;1.4750000e+02;9.6539289e-02;1.4750000e+02;1.1613787e-01;1.4750000e+02;1.3573492e-01;1.4750000e+02;1.5350185e-01;1.4750000e+02;1.7032677e-01;1.4750000e+02;1.8906875e-01;1.4750000e+02;2.1676324e-01;1.4750000e+02;2.4259847e-01;1.4750000e+02;2.5394917e-01;1.4750000e+02;2.5228506e-01;1.4750000e+02;2.4332654e-01;1.4750000e+02;2.2731304e-01;1.4750000e+02;2.0487942e-01;1.4750000e+02;2.1612216e-02;1.4750000e+02;3.0111143e-02;1.4750000e+02;4.2484932e-02;1.4750000e+02;5.8315743e-02;1.4750000e+02;7.6873273e-02;1.4750000e+02;9.6539289e-02;1.4750000e+02;1.1613787e-01;1.4750000e+02;1.3573492e-01;1.4750000e+02;1.5350185e-01;1.4750000e+02;1.7032677e-01;1.4750000e+02;1.8906875e-01;1.4750000e+02;2.1676324e-01;1.4750000e+02;2.4259847e-01;1.4750000e+02;2.5394917e-01;1.4750000e+02;2.5228506e-01;1.4750000e+02;2.4332654e-01;1.4750000e+02;2.2731304e-01;1.4750000e+02;2.0487942e-01;1.4750000e+02;2.1612216e-02;1.4750000e+02;3.0111143e-02;1.4750000e+02;4.2484932e-02;1.4750000e+02;5.8315743e-02;1.4750000e+02;7.6873273e-02;1.4750000e+02;9.6539289e-02;1.4750000e+02;1.1613787e-01;1.4750000e+02;1.3573492e-01;1.4750000e+02;1.5350185e-01;1.4750000e+02;1.7032677e-01;1.4750000e+02;1.8906875e-01;1.4750000e+02;2.1676324e-01;1.4750000e+02;2.4259847e-01;1.4750000e+02;2.5394917e-01;1.4750000e+02;2.5228506e-01;1.4750000e+02;2.4332654e-01;1.4750000e+02;2.2731304e-01;1.4750000e+02;2.0487942e-01;1.4750000e+02;2.1612216e-02;1.4750000e+02;3.0111143e-02;1.4750000e+02;4.2484932e-02;1.4750000e+02;5.8315743e-02;1.4750000e+02;7.6873273e-02;1.4750000e+02;9.6539289e-02;1.4750000e+02;1.1613787e-01;1.4750000e+02;1.3573492e-01;1.4750000e+02;1.5350185e-01;1.4750000e+02;1.7032677e-01;1.4750000e+02;1.8906875e-01;1.4750000e+02;2.1676324e-01;1.4750000e+02;2.4259847e-01;1.4750000e+02;2.5394917e-01;1.4750000e+02;2.5228506e-01;1.4750000e+02;2.4332654e-01;1.4750000e+02;2.2731304e-01;1.4750000e+02;2.0487942e-01;1.4750000e+02;2.1612216e-02;1.4750000e+02;3.0111143e-02;1.4750000e+02;4.2484932e-02;1.4750000e+02;5.8315743e-02;1.4750000e+02;7.6873273e-02;1.4750000e+02;9.6539289e-02;1.4750000e+02;1.1613787e-01;1.4750000e+02;1.3573492e-01;1.4750000e+02;1.5350185e-01;1.4750000e+02;1.7032677e-01;1.4750000e+02;1.8906875e-01;1.4750000e+02;2.1676324e-01;1.4750000e+02;2.4259847e-01;1.4750000e+02;2.5394917e-01;1.4750000e+02;2.5228506e-01;1.4750000e+02;2.4332654e-01;1.4750000e+02;2.2731304e-01;1.4750000e+02;2.0487942e-01;1.4750000e+02;2.1612216e-02;1.4750000e+02;3.0111143e-02;1.4750000e+02;4.2484932e-02;1.4750000e+02;5.8315743e-02;1.4750000e+02;7.6873273e-02;1.4750000e+02;9.6539289e-02;1.4750000e+02;1.1613787e-01;1.4750000e+02;1.3573492e-01;1.4750000e+02;1.5350185e-01;1.4750000e+02;1.7032677e-01;1.4750000e+02;1.8906875e-01;1.4750000e+02;2.1676324e-01;1.4750000e+02;2.4259847e-01;1.4750000e+02;2.5394917e-01;1.4750000e+02;2.5228506e-01;1.4750000e+02;2.4332654e-01;1.4750000e+02;2.2731304e-01;1.4750000e+02;2.0487942e-01;1.4750000e+02;2.1612216e-02;1.4750000e+02;3.0111143e-02;1.4750000e+02;4.2484932e-02;1.4750000e+02;5.8315743e-02;1.4750000e+02;7.6873273e-02;1.4750000e+02;9.6539289e-02;1.4750000e+02;1.1613787e-01;1.4750000e+02;1.3573492e-01;1.4750000e+02;1.5350185e-01;1.4750000e+02;1.7032677e-01;1.4750000e+02;1.8906875e-01;1.4750000e+02;2.1676324e-01;1.4750000e+02;2.4259847e-01;1.4750000e+02;2.5394917e-01;1.4750000e+02;2.5228506e-01;1.4750000e+02;2.4332654e-01;1.4750000e+02;2.2731304e-01;1.4750000e+02;2.0487942e-01;1.4750000e+02;2.1612216e-02;1.4750000e+02;3.0111143e-02;1.4750000e+02;4.2484932e-02;1.4750000e+02;5.8315743e-02;1.4750000e+02;7.6873273e-02;1.4750000e+02;9.6539289e-02;1.4750000e+02;1.1613787e-01;1.4750000e+02;1.3573492e-01;1.4750000e+02;1.5350185e-01;1.4750000e+02;1.7032677e-01;1.4750000e+02;1.8906875e-01;1.4750000e+02;2.1676324e-01;1.4750000e+02;2.4259847e-01;1.4750000e+02;2.5394917e-01;1.4750000e+02;2.5228506e-01;1.4750000e+02;2.4332654e-01;1.4750000e+02;2.2731304e-01;1.4750000e+02;2.0487942e-01
1.5250000e+02;2.5576819e-02;1.5250000e+02;3.4940485e-02;1.5250000e+02;4.6730578e-02;1.5250000e+02;6.1877802e-02;1.5250000e+02;8.0489077e-02;1.5250000e+02;1.0192513e-01;1.5250000e+02;1.2459970e-01;1.5250000e+02;1.4658228e-01;1.5250000e+02;1.6557777e-01;1.5250000e+02;1.8470703e-01;1.5250000e+02;2.0445703e-01;1.5250000e+02;2.3250949e-01;1.5250000e+02;2.5490361e-01;1.5250000e+02;2.6141587e-01;1.5250000e+02;2.5742137e-01;1.5250000e+02;2.4677746e-01;1.5250000e+02;2.2934319e-01;1.5250000e+02;2.0583738e-01;1.5250000e+02;2.5576819e-02;1.5250000e+02;3.4940485e-02;1.5250000e+02;4.6730578e-02;1.5250000e+02;6.1877802e-02;1.5250000e+02;8.0489077e-02;1.5250000e+02;1.0192513e-01;1.5250000e+02;1.2459970e-01;1.5250000e+02;1.4658228e-01;1.5250000e+02;1.6557777e-01;1.5250000e+02;1.8470703e-01;1.5250000e+02;2.0445703e-01;1.5250000e+02;2.3250949e-01;1.5250000e+02;2.5490361e-01;1.5250000e+02;2.6141587e-01;1.5250000e+02;2.5742137e-01;1.5250000e+02;2.4677746e-01;1.5250000e+02;2.2934319e-01;1.5250000e+02;2.0583738e-01;1.5250000e+02;2.5576819e-02;1.5250000e+02;3.4940485e-02;1.5250000e+02;4.6730578e-02;1.5250000e+02;6.1877802e-02;1.5250000e+02;8.0489077e-02;1.5250000e+02;1.0192513e-01;1.5250000e+02;1.2459970e-01;1.5250000e+02;1.4658228e-01;1.5250000e+02;1.6557777e-01;1.5250000e+02;1.8470703e-01;1.5250000e+02;2.0445703e-01;1.5250000e+02;2.3250949e-01;1.5250000e+02;2.5490361e-01;1.5250000e+02;2.6141587e-01;1.5250000e+02;2.5742137e-01;1.5250000e+02;2.4677746e-01;1.5250000e+02;2.2934319e-01;1.5250000e+02;2.0583738e-01;1.5250000e+02;2.5576819e-02;1.5250000e+02;3.4940485e-02;1.5250000e+02;4.6730578e-02;1.5250000e+02;6.1877802e-02;1.5250000e+02;8.0489077e-02;1.5250000e+02;1.0192513e-01;1.5250000e+02;1.2459970e-01;1.5250000e+02;1.4658228e-01;1.5250000e+02;1.6557777e-01;1.5250000e+02;1.8470703e-01;1.5250000e+02;2.0445703e-01;1.5250000e+02;2.3250949e-01;1.5250000e+02;2.5490361e-01;1.5250000e+02;2.6141587e-01;1.5250000e+02;2.5742137e-01;1.5250000e+02;2.4677746e-01;1.5250000e+02;2.2934319e-01;1.5250000e+02;2.0583738e-01;1.5250000e+02;2.5576819e-02;1.5250000e+02;3.4940485e-02;1.5250000e+02;4.6730578e-02;1.5250000e+02;6.1877802e-02;1.5250000e+02;8.0489077e-02;1.5250000e+02;1.0192513e-01;1.5250000e+02;1.2459970e-01;1.5250000e+02;1.4658228e-01;1.5250000e+02;1.6557777e-01;1.5250000e+02;1.8470703e-01;1.5250000e+02;2.0445703e-01;1.5250000e+02;2.3250949e-01;1.5250000e+02;2.5490361e-01;1.5250000e+02;2.6141587e-01;1.5250000e+02;2.5742137e-01;1.5250000e+02;2.4677746e-01;1.5250000e+02;2.2934319e-01;1.5250000e+02;2.0583738e-01;1.5250000e+02;2.5576819e-02;1.5250000e+02;3.4940485e-02;1.5250000e+02;4.6730578e-02;1.5250000e+02;6.1877802e-02;1.5250000e+02;8.0489077e-02;1.5250000e+02;1.0192513e-01;1.5250000e+02;1.2459970e-01;1.5250000e+02;1.4658228e-01;1.5250000e+02;1.6557777e-01;1.5250000e+02;1.8470703e-01;1.5250000e+02;2.0445703e-01;1.5250000e+02;2.3250949e-01;1.5250000e+02;2.5490361e-01;1.5250000e+02;2.6141587e-01;1.5250000e+02;2.5742137e-01;1.5250000e+02;2.4677746e-01;1.5250000e+02;2.2934319e-01;1.5250000e+02;2.0583738e-01;1.5250000e+02;2.5576819e-02;1.5250000e+02;3.4940485e-02;1.5250000e+02;4.6730578e-02;1.5250000e+02;6.1877802e-02;1.5250000e+02;8.0489077e-02;1.5250000e+02;1.0192513e-01;1.5250000e+02;1.2459970e-01;1.5250000e+02;1.4658228e-01;1.5250000e+02;1.6557777e-01;1.5250000e+02;1.8470703e-01;1.5250000e+02;2.0445703e-01;1.5250000e+02;2.3250949e-01;1.5250000e+02;2.5490361e-01;1.5250000e+02;2.6141587e-01;1.5250000e+02;2.5742137e-01;1.5250000e+02;2.4677746e-01;1.5250000e+02;2.2934319e-01;1.5250000e+02;2.0583738e-01;1.5250000e+02;2.5576819e-02;1.5250000e+02;3.4940485e-02;1.5250000e+02;4.6730578e-02;1.5250000e+02;6.1877802e-02;1.5250000e+02;8.0489077e-02;1.5250000e+02;1.0192513e-01;1.5250000e+02;1.2459970e-01;1.5250000e+02;1.4658228e-01;1.5250000e+02;1.6557777e-01;1.5250000e+02;1.8470703e-01;1.5250000e+02;2.0445703e-01;1.5250000e+02;2.3250949e-01;1.5250000e+02;2.5490361e-01;1.5250000e+02;2.6141587e-01;1.5250000e+02;2.5742137e-01;1.5250000e+02;2.4677746e-01;1.5250000e+02;2.2934319e-01;1.5250000e+02;2.0583738e-01;1.5250000e+02;2.5576819e-02;1.5250000e+02;3.4940485e-02;1.5250000e+02;4.6730578e-02;1.5250000e+02;6.1877802e-02;1.5250000e+02;8.0489077e-02;1.5250000e+02;1.0192513e-01;1.5250000e+02;1.2459970e-01;1.5250000e+02;1.4658228e-01;1.5250000e+02;1.6557777e-01;1.5250000e+02;1.8470703e-01;1.5250000e+02;2.0445703e-01;1.5250000e+02;2.3250949e-01;1.5250000e+02;2.5490361e-01;1.5250000e+02;2.6141587e-01;1.5250000e+02;2.5742137e-01;1.5250000e+02;2.4677746e-01;1.5250000e+02;2.2934319e-01;1.5250000e+02;2.0583738e-01;1.5250000e+02;2.5576819e-02;1.5250000e+02;3.4940485e-02;1.5250000e+02;4.6730578e-02;1.5250000e+02;6.1877802e-02;1.5250000e+02;8.0489077e-02;1.5250000e+02;1.0192513e-01;1.5250000e+02;1.2459970e-01;1.5250000e+02;1.4658228e-01;1.5250000e+02;1.6557777e-01;1.5250000e+02;1.8470703e-01;1.5250000e+02;2.0445703e-01;1.5250000e+02;2.3250949e-01;1.5250000e+02;2.5490361e-01;1.5250000e+02;2.6141587e-01;1.5250000e+02;2.5742137e-01;1.5250000e+02;2.4677746e-01;1.5250000e+02;2.2934319e-01;1.5250000e+02;2.0583738e-01;1.5250000e+02;2.5576819e-02;1.5250000e+02;3.4940485e-02;1.5250000e+02;4.6730578e-02;1.5250000e+02;6.1877802e-02;1.5250000e+02;8.0489077e-02;1.5250000e+02;1.0192513e-01;1.5250000e+02;1.2459970e-01;1.5250000e+02;1.4658228e-01;1.5250000e+02;1.6557777e-01;1.5250000e+02;1.8470703e-01;1.5250000e+02;2.0445703e-01;1.5250000e+02;2.3250949e-01;1.5250000e+02;2.5490361e-01;1.5250000e+02;2.6141587e-01;1.5250000e+02;2.5742137e-01;1.5250000e+02;2.4677746e-01;1.5250000e+02;2.2934319e-01;1.5250000e+02;2.0583738e-01;1.5250000e+02;2.5576819e-02;1.5250000e+02;3.4940485e-02;1.5250000e+02;4.6730578e-02;1.5250000e+02;6.1877802e-02;1.5250000e+02;8.0489077e-02;1.5250000e+02;1.0192513e-01;1.5250000e+02;1.2459970e-01;1.5250000e+02;1.4658228e-01;1.5250000e+02;1.6557777e-01;1.5250000e+02;1.8470703e-01;1.5250000e+02;2.0445703e-01;1.5250000e+02;2.3250949e-01;1.5250000e+02;2.5490361e-01;1.5250000e+02;2.6141587e-01;1.5250000e+02;2.5742137e-01;1.5250000e+02;2.4677746e-01;1.5250000e+02;2.2934319e-01;1.5250000e+02;2.0583738e-01;1.5250000e+02;2.5576819e-02;1.5250000e+02;3.4940485e-02;1.5250000e+02;4.6730578e-02;1.5250000e+02;6.1877802e-02;1.5250000e+02;8.0489077e-02;1.5250000e+02;1.0192513e-01;1.5250000e+02;1.2459970e-01;1.5250000e+02;1.4658228e-01;1.5250000e+02;1.6557777e-01;1.5250000e+02;1.8470703e-01;1.5250000e+02;2.0445703e-01;1.5250000e+02;2.3250949e-01;1.5250000e+02;2.5490361e-01;1.5250000e+02;2.6141587e-01;1.5250000e+02;2.5742137e-01;1.5250000e+02;2.4677746e-01;1.5250000e+02;2.2934319e-01;1.5250000e+02;2.0583738e-01;1.5250000e+02;2.5576819e-02;1.5250000e+02;3.4940485e-02;1.5250000e+02;4.6730578e-02;1.5250000e+02;6.1877802e-02;1.5250000e+02;8.0489077e-02;1.5250000e+02;1.0192513e-01;1.5250000e+02;1.2459970e-01;1.5250000e+02;1.4658228e-01;1.5250000e+02;1.6557777e-01;1.5250000e+02;1.8470703e-01;1.5250000e+02;2.0445703e-01;1.5250000e+02;2.3250949e-01;1.5250000e+02;2.5490361e-01;1.5250000e+02;2.6141587e-01;1.5250000e+02;2.5742137e-01;1.5250000e+02;2.4677746e-01;1.5250000e+02;2.2934319e-01;1.5250000e+02;2.0583738e-01;1.5250000e+02;2.5576819e-02;1.5250000e+02;3.4940485e-02;1.5250000e+02;4.6730578e-02;1.5250000e+02;6.1877802e-02;1.5250000e+02;8.0489077e-02;1.5250000e+02;1.0192513e-01;1.5250000e+02;1.2459970e-01;1.5250000e+02;1.4658228e-01;1.5250000e+02;1.6557777e-01;1.5250000e+02;1.8470703e-01;1.5250000e+02;2.0445703e-01;1.5250000e+02;2.3250949e-01;1.5250000e+02;2.5490361e-01;1.5250000e+02;2.6141587e-01;1.5250000e+02;2.5742137e-01;1.5250000e+02;2.4677746e-01;1.5250000e+02;2.2934319e-01;1.5250000e+02;2.0583738e-01;1.5250000e+02;2.5576819e-02;1.5250000e+02;3.4940485e-02;1.5250000e+02;4.6730578e-02;1.5250000e+02;6.1877802e-02;1.5250000e+02;8.0489077e-02;1.5250000e+02;1.0192513e-01;1.5250000e+02;1.2459970e-01;1.5250000e+02;1.4658228e-01;1.5250000e+02;1.6557777e-01;1.5250000e+02;1.8470703e-01;1.5250000e+02;2.0445703e-01;1.5250000e+02;2.3250949e-01;1.5250000e+02;2.5490361e-01;1.5250000e+02;2.6141587e-01;1.5250000e+02;2.5742137e-01;1.5250000e+02;2.4677746e-01;1.5250000e+02;2.2934319e-01;1.5250000e+02;2.0583738e-01;1.5250000e+02;2.5576819e-02;1.5250000e+02;3.4940485e-02;1.5250000e+02;4.6730578e-02;1.5250000e+02;6.1877802e-02;1.5250000e+02;8.0489077e-02;1.5250000e+02;1.0192513e-01;1.5250000e+02;1.2459970e-01;1.5250000e+02;1.4658228e-01;1.5250000e+02;1.6557777e-01;1.5250000e+02;1.8470703e-01;1.5250000e+02;2.0445703e-01;1.5250000e+02;2.3250949e-01;1.5250000e+02;2.5490361e-01;1.5250000e+02;2.6141587e-01;1.5250000e+02;2.5742137e-01;1.5250000e+02;2.4677746e-01;1.5250000e+02;2.2934319e-01;1.5250000e+02;2.0583738e-01;1.5250000e+02;2.5576819e-02;1.5250000e+02;3.4940485e-02;1.5250000e+02;4.6730578e-02;1.5250000e+02;6.1877802e-02;1.5250000e+02;8.0489077e-02;1.5250000e+02;1.0192513e-01;1.5250000e+02;1.2459970e-01;1.5250000e+02;1.4658228e-01;1.5250000e+02;1.6557777e-01;1.5250000e+02;1.8470703e-01;1.5250000e+02;2.0445703e-01;1.5250000e+02;2.3250949e-01;1.5250000e+02;2.5490361e-01;1.5250000e+02;2.6141587e-01;1.5250000e+02;2.5742137e-01;1.5250000e+02;2.4677746e-01;1.5250000e+02;2.2934319e-01;1.5250000e+02;2.0583738e-01;1.5250000e+02;2.5576819e-02;1.5250000e+02;3.4940485e-02;1.5250000e+02;4.6730578e-02;1.5250000e+02;6.1877802e-02;1.5250000e+02;8.0489077e-02;1.5250000e+02;1.0192513e-01;1.5250000e+02;1.2459970e-01;1.5250000e+02;1.4658228e-01;1.5250000e+02;1.6557777e-01;1.5250000e+02;1.8470703e-01;1.5250000e+02;2.0445703e-01;1.5250000e+02;2.3250949e-01;1.5250000e+02;2.5490361e-01;1.5250000e+02;2.6141587e-01;1.5250000e+02;2.5742137e-01;1.5250000e+02;2.4677746e-01;1.5250000e+02;2.2934319e-01;1.5250000e+02;2.0583738e-01;1.5250000e+02;2.5576819e-02;1.5250000e+02;3.4940485e-02;1.5250000e+02;4.6730578e-02;1.5250000e+02;6.1877802e-02;1.5250000e+02;8.0489077e-02;1.5250000e+02;1.0192513e-01;1.5250000e+02;1.2459970e-01;1.5250000e+02;1.4658228e-01;1.5250000e+02;1.6557777e-01;1.5250000e+02;1.8470703e-01;1.5250000e+02;2.0445703e-01;1.5250000e+02;2.3250949e-01;1.5250000e+02;2.5490361e-01;1.5250000e+02;2.6141587e-01;1.5250000e+02;2.5742137e-01;1.5250000e+02;2.4677746e-01;1.5250000e+02;2.2934319e-01;1.5250000e+02;2.0583738e-01;1.5250000e+02;2.5576819e-02;1.5250000e+02;3.4940485e-02;1.5250000e+02;4.6730578e-02;1.5250000e+02;6.1877802e-02;1.5250000e+02;8.0489077e-02;1.5250000e+02;1.0192513e-01;1.5250000e+02;1.2459970e-01;1.5250000e+02;1.4658228e-01;1.5250000e+02;1.6557777e-01;1.5250000e+02;1.8470703e-01;1.5250000e+02;2.0445703e-01;1.5250000e+02;2.3250949e-01;1.5250000e+02;2.5490361e-01;1.5250000e+02;2.6141587e-01;1.5250000e+02;2.5742137e-01;1.5250000e+02;2.4677746e-01;1.5250000e+02;2.2934319e-01;1.5250000e+02;2.0583738e-01;1.5250000e+02;2.5576819e-02;1.5250000e+02;3.4940485e-02;1.5250000e+02;4.6730578e-02;1.5250000e+02;6.1877802e-02;1.5250000e+02;8.0489077e-02;1.5250000e+02;1.0192513e-01;1.5250000e+02;1.2459970e-01;1.5250000e+02;1.4658228e-01;1.5250000e+02;1.6557777e-01;1.5250000e+02;1.8470703e-01;1.5250000e+02;2.0445703e-01;1.5250000e+02;2.3250949e-01;1.5250000e+02;2.5490361e-01;1.5250000e+02;2.6141587e-01;1.5250000e+02;2.5742137e-01;1.5250000e+02;2.4677746e-01;1.5250000e+02;2.2934319e-01;1.5250000e+02;2.0583738e-01;1.5250000e+02;2.5576819e-02;1.5250000e+02;3.4940485e-02;1.5250000e+02;4.6730578e-02;1.5250000e+02;6.1877802e-02;1.5250000e+02;8.0489077e-02;1.5250000e+02;1.0192513e-01;1.5250000e+02;1.2459970e-01;1.5250000e+02;1.4658228e-01;1.5250000e+02;1.6557777e-01;1.5250000e+02;1.8470703e-01;1.5250000e+02;2.0445703e-01;1.5250000e+02;2.3250949e-01;1.5250000e+02;2.5490361e-01;1.5250000e+02;2.6141587e-01;1.5250000e+02;2.5742137e-01;1.5250000e+02;2.4677746e-01;1.5250000e+02;2.2934319e-01;1.5250000e+02;2.0583738e-01;1.5250000e+02;2.5576819e-02;1.5250000e+02;3.4940485e-02;1.5250000e+02;4.6730578e-02;1.5250000e+02;6.1877802e-02;1.5250000e+02;8.0489077e-02;1.5250000e+02;1.0192513e-01;1.5250000e+02;1.2459970e-01;1.5250000e+02;1.4658228e-01;1.5250000e+02;1.6557777e-01;1.5250000e+02;1.8470703e-01;1.5250000e+02;2.0445703e-01;1.5250000e+02;2.3250949e-01;1.5250000e+02;2.5490361e-01;1.5250000e+02;2.6141587e-01;1.5250000e+02;2.5742137e-01;1.5250000e+02;2.4677746e-01;1.5250000e+02;2.2934319e-01;1.5250000e+02;2.0583738e-01;1.5250000e+02;2.5576819e-02;1.5250000e+02;3.4940485e-02;1.5250000e+02;4.6730578e-02;1.5250000e+02;6.1877802e-02;1.5250000e+02;8.0489077e-02;1.5250000e+02;1.0192513e-01;1.5250000e+02;1.2459970e-01;1.5250000e+02;1.4658228e-01;1.5250000e+02;1.6557777e-01;1.5250000e+02;1.8470703e-01;1.5250000e+02;2.0445703e-01;1.5250000e+02;2.3250949e-01;1.5250000e+02;2.5490361e-01;1.5250000e+02;2.6141587e-01;1.5250000e+02;2.5742137e-01;1.5250000e+02;2.4677746e-01;1.5250000e+02;2.2934319e-01;1.5250000e+02;2.0583738e-01;1.5250000e+02;2.5576819e-02;1.5250000e+02;3.4940485e-02;1.5250000e+02;4.6730578e-02;1.5250000e+02;6.1877802e-02;1.5250000e+02;8.0489077e-02;1.5250000e+02;1.0192513e-01;1.5250000e+02;1.2459970e-01;1.5250000e+02;1.4658228e-01;1.5250000e+02;1.6557777e-01;1.5250000e+02;1.8470703e-01;1.5250000e+02;2.0445703e-01;1.5250000e+02;2.3250949e-01;1.5250000e+02;2.5490361e-01;1.5250000e+02;2.6141587e-01;1.5250000e+02;2.5742137e-01;1.5250000e+02;2.4677746e-01;1.5250000e+02;2.2934319e-01;1.5250000e+02;2.0583738e-01;1.5250000e+02;2.5576819e-02;1.5250000e+02;3.4940485e-02;1.5250000e+02;4.6730578e-02;1.5250000e+02;6.1877802e-02;1.5250000e+02;8.0489077e-02;1.5250000e+02;1.0192513e-01;1.5250000e+02;1.2459970e-01;1.5250000e+02;1.4658228e-01;1.5250000e+02;1.6557777e-01;1.5250000e+02;1.8470703e-01;1.5250000e+02;2.0445703e-01;1.5250000e+02;2.3250949e-01;1.5250000e+02;2.5490361e-01;1.5250000e+02;2.6141587e-01;1.5250000e+02;2.5742137e-01;1.5250000e+02;2.4677746e-01;1.5250000e+02;2.2934319e-01;1.5250000e+02;2.0583738e-01;1.5250000e+02;2.5576819e-02;1.5250000e+02;3.4940485e-02;1.5250000e+02;4.6730578e-02;1.5250000e+02;6.1877802e-02;1.5250000e+02;8.0489077e-02;1.5250000e+02;1.0192513e-01;1.5250000e+02;1.2459970e-01;1.5250000e+02;1.4658228e-01;1.5250000e+02;1.6557777e-01;1.5250000e+02;1.8470703e-01;1.5250000e+02;2.0445703e-01;1.5250000e+02;2.3250949e-01;1.5250000e+02;2.5490361e-01;1.5250000e+02;2.6141587e-01;1.5250000e+02;2.5742137e-01;1.5250000e+02;2.4677746e-01;1.5250000e+02;2.2934319e-01;1.5250000e+02;2.0583738e-01;1.5250000e+02;2.5576819e-02;1.5250000e+02;3.4940485e-02;1.5250000e+02;4.6730578e-02;1.5250000e+02;6.1877802e-02;1.5250000e+02;8.0489077e-02;1.5250000e+02;1.0192513e-01;1.5250000e+02;1.2459970e-01;1.5250000e+02;1.4658228e-01;1.5250000e+02;1.6557777e-01;1.5250000e+02;1.8470703e-01;1.5250000e+02;2.0445703e-01;1.5250000e+02;2.3250949e-01;1.5250000e+02;2.5490361e-01;1.5250000e+02;2.6141587e-01;1.5250000e+02;2.5742137e-01;1.5250000e+02;2.4677746e-01;1.5250000e+02;2.2934319e-01;1.5250000e+02;2.0583738e-01;1.5250000e+02;2.5576819e-02;1.5250000e+02;3.4940485e-02;1.5250000e+02;4.6730578e-02;1.5250000e+02;6.1877802e-02;1.5250000e+02;8.0489077e-02;1.5250000e+02;1.0192513e-01;1.5250000e+02;1.2459970e-01;1.5250000e+02;1.4658228e-01;1.5250000e+02;1.6557777e-01;1.5250000e+02;1.8470703e-01;1.5250000e+02;2.0445703e-01;1.5250000e+02;2.3250949e-01;1.5250000e+02;2.5490361e-01;1.5250000e+02;2.6141587e-01;1.5250000e+02;2.5742137e-01;1.5250000e+02;2.4677746e-01;1.5250000e+02;2.2934319e-01;1.5250000e+02;2.0583738e-01;1.5250000e+02;2.5576819e-02;1.5250000e+02;3.4940485e-02;1.5250000e+02;4.6730578e-02;1.5250000e+02;6.1877802e-02;1.5250000e+02;8.0489077e-02;1.5250000e+02;1.0192513e-01;1.5250000e+02;1.2459970e-01;1.5250000e+02;1.4658228e-01;1.5250000e+02;1.6557777e-01;1.5250000e+02;1.8470703e-01;1.5250000e+02;2.0445703e-01;1.5250000e+02;2.3250949e-01;1.5250000e+02;2.5490361e-01;1.5250000e+02;2.6141587e-01;1.5250000e+02;2.5742137e-01;1.5250000e+02;2.4677746e-01;1.5250000e+02;2.2934319e-01;1.5250000e+02;2.0583738e-01;1.5250000e+02;2.5576819e-02;1.5250000e+02;3.4940485e-02;1.5250000e+02;4.6730578e-02;1.5250000e+02;6.1877802e-02;1.5250000e+02;8.0489077e-02;1.5250000e+02;1.0192513e-01;1.5250000e+02;1.2459970e-01;1.5250000e+02;1.4658228e-01;1.5250000e+02;1.6557777e-01;1.5250000e+02;1.8470703e-01;1.5250000e+02;2.0445703e-01;1.5250000e+02;2.3250949e-01;1.5250000e+02;2.5490361e-01;1.5250000e+02;2.6141587e-01;1.5250000e+02;2.5742137e-01;1.5250000e+02;2.4677746e-01;1.5250000e+02;2.2934319e-01;1.5250000e+02;2.0583738e-01;1.5250000e+02;2.5576819e-02;1.5250000e+02;3.4940485e-02;1.5250000e+02;4.6730578e-02;1.5250000e+02;6.1877802e-02;1.5250000e+02;8.0489077e-02;1.5250000e+02;1.0192513e-01;1.5250000e+02;1.2459970e-01;1.5250000e+02;1.4658228e-01;1.5250000e+02;1.6557777e-01;1.5250000e+02;1.8470703e-01;1.5250000e+02;2.0445703e-01;1.5250000e+02;2.3250949e-01;1.5250000e+02;2.5490361e-01;1.5250000e+02;2.6141587e-01;1.5250000e+02;2.5742137e-01;1.5250000e+02;2.4677746e-01;1.5250000e+02;2.2934319e-01;1.5250000e+02;2.0583738e-01;1.5250000e+02;2.5576819e-02;1.5250000e+02;3.4940485e-02;1.5250000e+02;4.6730578e-02;1.5250000e+02;6.1877802e-02;1.5250000e+02;8.0489077e-02;1.5250000e+02;1.0192513e-01;1.5250000e+02;1.2459970e-01;1.5250000e+02;1.4658228e-01;1.5250000e+02;1.6557777e-01;1.5250000e+02;1.8470703e-01;1.5250000e+02;2.0445703e-01;1.5250000e+02;2.3250949e-01;1.5250000e+02;2.5490361e-01;1.5250000e+02;2.6141587e-01;1.5250000e+02;2.5742137e-01;1.5250000e+02;2.4677746e-01;1.5250000e+02;2.2934319e-01;1.5250000e+02;2.0583738e-01;1.5250000e+02;2.5576819e-02;1.5250000e+02;3.4940485e-02;1.5250000e+02;4.6730578e-02;1.5250000e+02;6.1877802e-02;1.5250000e+02;8.0489077e-02;1.5250000e+02;1.0192513e-01;1.5250000e+02;1.2459970e-01;1.5250000e+02;1.4658228e-01;1.5250000e+02;1.6557777e-01;1.5250000e+02;1.8470703e-01;1.5250000e+02;2.0445703e-01;1.5250000e+02;2.3250949e-01;1.5250000e+02;2.5490361e-01;1.5250000e+02;2.6141587e-01;1.5250000e+02;2.5742137e-01;1.5250000e+02;2.4677746e-01;1.5250000e+02;2.2934319e-01;1.5250000e+02;2.0583738e-01;1.5250000e+02;2.5576819e-02;1.5250000e+02;3.4940485e-02;1.5250000e+02;4.6730578e-02;1.5250000e+02;6.1877802e-02;1.5250000e+02;8.0489077e-02;1.5250000e+02;1.0192513e-01;1.5250000e+02;1.2459970e-01;1.5250000e+02;1.4658228e-01;1.5250000e+02;1.6557777e-01;1.5250000e+02;1.8470703e-01;1.5250000e+02;2.0445703e-01;1.5250000e+02;2.3250949e-01;1.5250000e+02;2.5490361e-01;1.5250000e+02;2.6141587e-01;1.5250000e+02;2.5742137e-01;1.5250000e+02;2.4677746e-01;1.5250000e+02;2.2934319e-01;1.5250000e+02;2.0583738e-01;1.5250000e+02;2.5576819e-02;1.5250000e+02;3.4940485e-02;1.5250000e+02;4.6730578e-02;1.5250000e+02;6.1877802e-02;1.5250000e+02;8.0489077e-02;1.5250000e+02;1.0192513e-01;1.5250000e+02;1.2459970e-01;1.5250000e+02;1.4658228e-01;1.5250000e+02;1.6557777e-01;1.5250000e+02;1.8470703e-01;1.5250000e+02;2.0445703e-01;1.5250000e+02;2.3250949e-01;1.5250000e+02;2.5490361e-01;1.5250000e+02;2.6141587e-01;1.5250000e+02;2.5742137e-01;1.5250000e+02;2.4677746e-01;1.5250000e+02;2.2934319e-01;1.5250000e+02;2.0583738e-01;1.5250000e+02;2.5576819e-02;1.5250000e+02;3.4940485e-02;1.5250000e+02;4.6730578e-02;1.5250000e+02;6.1877802e-02;1.5250000e+02;8.0489077e-02;1.5250000e+02;1.0192513e-01;1.5250000e+02;1.2459970e-01;1.5250000e+02;1.4658228e-01;1.5250000e+02;1.6557777e-01;1.5250000e+02;1.8470703e-01;1.5250000e+02;2.0445703e-01;1.5250000e+02;2.3250949e-01;1.5250000e+02;2.5490361e-01;1.5250000e+02;2.6141587e-01;1.5250000e+02;2.5742137e-01;1.5250000e+02;2.4677746e-01;1.5250000e+02;2.2934319e-01;1.5250000e+02;2.0583738e-01;1.5250000e+02;2.5576819e-02;1.5250000e+02;3.4940485e-02;1.5250000e+02;4.6730578e-02;1.5250000e+02;6.1877802e-02;1.5250000e+02;8.0489077e-02;1.5250000e+02;1.0192513e-01;1.5250000e+02;1.2459970e-01;1.5250000e+02;1.4658228e-01;1.5250000e+02;1.6557777e-01;1.5250000e+02;1.8470703e-01;1.5250000e+02;2.0445703e-01;1.5250000e+02;2.3250949e-01;1.5250000e+02;2.5490361e-01;1.5250000e+02;2.6141587e-01;1.5250000e+02;2.5742137e-01;1.5250000e+02;2.4677746e-01;1.5250000e+02;2.2934319e-01;1.5250000e+02;2.0583738e-01;1.5250000e+02;2.5576819e-02;1.5250000e+02;3.4940485e-02;1.5250000e+02;4.6730578e-02;1.5250000e+02;6.1877802e-02;1.5250000e+02;8.0489077e-02;1.5250000e+02;1.0192513e-01;1.5250000e+02;1.2459970e-01;1.5250000e+02;1.4658228e-01;1.5250000e+02;1.6557777e-01;1.5250000e+02;1.8470703e-01;1.5250000e+02;2.0445703e-01;1.5250000e+02;2.3250949e-01;1.5250000e+02;2.5490361e-01;1.5250000e+02;2.6141587e-01;1.5250000e+02;2.5742137e-01;1.5250000e+02;2.4677746e-01;1.5250000e+02;2.2934319e-01;1.5250000e+02;2.0583738e-01;1.5250000e+02;2.5576819e-02;1.5250000e+02;3.4940485e-02;1.5250000e+02;4.6730578e-02;1.5250000e+02;6.1877802e-02;1.5250000e+02;8.0489077e-02;1.5250000e+02;1.0192513e-01;1.5250000e+02;1.2459970e-01;1.5250000e+02;1.4658228e-01;1.5250000e+02;1.6557777e-01;1.5250000e+02;1.8470703e-01;1.5250000e+02;2.0445703e-01;1.5250000e+02;2.3250949e-01;1.5250000e+02;2.5490361e-01;1.5250000e+02;2.6141587e-01;1.5250000e+02;2.5742137e-01;1.5250000e+02;2.4677746e-01;1.5250000e+02;2.2934319e-01;1.5250000e+02;2.0583738e-01;1.5250000e+02;2.5576819e-02;1.5250000e+02;3.4940485e-02;1.5250000e+02;4.6730578e-02;1.5250000e+02;6.1877802e-02;1.5250000e+02;8.0489077e-02;1.5250000e+02;1.0192513e-01;1.5250000e+02;1.2459970e-01;1.5250000e+02;1.4658228e-01;1.5250000e+02;1.6557777e-01;1.5250000e+02;1.8470703e-01;1.5250000e+02;2.0445703e-01;1.5250000e+02;2.3250949e-01;1.5250000e+02;2.5490361e-01;1.5250000e+02;2.6141587e-01;1.5250000e+02;2.5742137e-01;1.5250000e+02;2.4677746e-01;1.5250000e+02;2.2934319e-01;1.5250000e+02;2.0583738e-01;1.5250000e+02;2.5576819e-02;1.5250000e+02;3.4940485e-02;1.5250000e+02;4.6730578e-02;1.5250000e+02;6.1877802e-02;1.5250000e+02;8.0489077e-02;1.5250000e+02;1.0192513e-01;1.5250000e+02;1.2459970e-01;1.5250000e+02;1.4658228e-01;1.5250000e+02;1.6557777e-01;1.5250000e+02;1.8470703e-01;1.5250000e+02;2.0445703e-01;1.5250000e+02;2.3250949e-01;1.5250000e+02;2.5490361e-01;1.5250000e+02;2.6141587e-01;1.5250000e+02;2.5742137e-01;1.5250000e+02;2.4677746e-01;1.5250000e+02;2.2934319e-01;1.5250000e+02;2.0583738e-01;1.5250000e+02;2.5576819e-02;1.5250000e+02;3.4940485e-02;1.5250000e+02;4.6730578e-02;1.5250000e+02;6.1877802e-02;1.5250000e+02;8.0489077e-02;1.5250000e+02;1.0192513e-01;1.5250000e+02;1.2459970e-01;1.5250000e+02;1.4658228e-01;1.5250000e+02;1.6557777e-01;1.5250000e+02;1.8470703e-01;1.5250000e+02;2.0445703e-01;1.5250000e+02;2.3250949e-01;1.5250000e+02;2.5490361e-01;1.5250000e+02;2.6141587e-01;1.5250000e+02;2.5742137e-01;1.5250000e+02;2.4677746e-01;1.5250000e+02;2.2934319e-01;1.5250000e+02;2.0583738e-01;1.5250000e+02;2.5576819e-02;1.5250000e+02;3.4940485e-02;1.5250000e+02;4.6730578e-02;1.5250000e+02;6.1877802e-02;1.5250000e+02;8.0489077e-02;1.5250000e+02;1.0192513e-01;1.5250000e+02;1.2459970e-01;1.5250000e+02;1.4658228e-01;1.5250000e+02;1.6557777e-01;1.5250000e+02;1.8470703e-01;1.5250000e+02;2.0445703e-01;1.5250000e+02;2.3250949e-01;1.5250000e+02;2.5490361e-01;1.5250000e+02;2.6141587e-01;1.5250000e+02;2.5742137e-01;1.5250000e+02;2.4677746e-01;1.5250000e+02;2.2934319e-01;1.5250000e+02;2.0583738e-01;1.5250000e+02;2.5576819e-02;1.5250000e+02;3.4940485e-02;1.5250000e+02;4.6730578e-02;1.5250000e+02;6.1877802e-02;1.5250000e+02;8.0489077e-02;1.5250000e+02;1.0192513e-01;1.5250000e+02;1.2459970e-01;1.5250000e+02;1.4658228e-01;1.5250000e+02;1.6557777e-01;1.5250000e+02;1.8470703e-01;1.5250000e+02;2.0445703e-01;1.5250000e+02;2.3250949e-01;1.5250000e+02;2.5490361e-01;1.5250000e+02;2.6141587e-01;1.5250000e+02;2.5742137e-01;1.5250000e+02;2.4677746e-01;1.5250000e+02;2.2934319e-01;1.5250000e+02;2.0583738e-01;1.5250000e+02;2.5576819e-02;1.5250000e+02;3.4940485e-02;1.5250000e+02;4.6730578e-02;1.5250000e+02;6.1877802e-02;1.5250000e+02;8.0489077e-02;1.5250000e+02;1.0192513e-01;1.5250000e+02;1.2459970e-01;1.5250000e+02;1.4658228e-01;1.5250000e+02;1.6557777e-01;1.5250000e+02;1.8470703e-01;1.5250000e+02;2.0445703e-01;1.5250000e+02;2.3250949e-01;1.5250000e+02;2.5490361e-01;1.5250000e+02;2.6141587e-01;1.5250000e+02;2.5742137e-01;1.5250000e+02;2.4677746e-01;1.5250000e+02;2.2934319e-01;1.5250000e+02;2.0583738e-01;1.5250000e+02;2.5576819e-02;1.5250000e+02;3.4940485e-02;1.5250000e+02;4.6730578e-02;1.5250000e+02;6.1877802e-02;1.5250000e+02;8.0489077e-02;1.5250000e+02;1.0192513e-01;1.5250000e+02;1.2459970e-01;1.5250000e+02;1.4658228e-01;1.5250000e+02;1.6557777e-01;1.5250000e+02;1.8470703e-01;1.5250000e+02;2.0445703e-01;1.5250000e+02;2.3250949e-01;1.5250000e+02;2.5490361e-01;1.5250000e+02;2.6141587e-01;1.5250000e+02;2.5742137e-01;1.5250000e+02;2.4677746e-01;1.5250000e+02;2.2934319e-01;1.5250000e+02;2.0583738e-01;1.5250000e+02;2.5576819e-02;1.5250000e+02;3.4940485e-02;1.5250000e+02;4.6730578e-02;1.5250000e+02;6.1877802e-02;1.5250000e+02;8.0489077e-02;1.5250000e+02;1.0192513e-01;1.5250000e+02;1.2459970e-01;1.5250000e+02;1.4658228e-01;1.5250000e+02;1.6557777e-01;1.5250000e+02;1.8470703e-01;1.5250000e+02;2.0445703e-01;1.5250000e+02;2.3250949e-01;1.5250000e+02;2.5490361e-01;1.5250000e+02;2.6141587e-01;1.5250000e+02;2.5742137e-01;1.5250000e+02;2.4677746e-01;1.5250000e+02;2.2934319e-01;1.5250000e+02;2.0583738e-01;1.5250000e+02;2.5576819e-02;1.5250000e+02;3.4940485e-02;1.5250000e+02;4.6730578e-02;1.5250000e+02;6.1877802e-02;1.5250000e+02;8.0489077e-02;1.5250000e+02;1.0192513e-01;1.5250000e+02;1.2459970e-01;1.5250000e+02;1.4658228e-01;1.5250000e+02;1.6557777e-01;1.5250000e+02;1.8470703e-01;1.5250000e+02;2.0445703e-01;1.5250000e+02;2.3250949e-01;1.5250000e+02;2.5490361e-01;1.5250000e+02;2.6141587e-01;1.5250000e+02;2.5742137e-01;1.5250000e+02;2.4677746e-01;1.5250000e+02;2.2934319e-01;1.5250000e+02;2.0583738e-01;1.5250000e+02;2.5576819e-02;1.5250000e+02;3.4940485e-02;1.5250000e+02;4.6730578e-02;1.5250000e+02;6.1877802e-02;1.5250000e+02;8.0489077e-02;1.5250000e+02;1.0192513e-01;1.5250000e+02;1.2459970e-01;1.5250000e+02;1.4658228e-01;1.5250000e+02;1.6557777e-01;1.5250000e+02;1.8470703e-01;1.5250000e+02;2.0445703e-01;1.5250000e+02;2.3250949e-01;1.5250000e+02;2.5490361e-01;1.5250000e+02;2.6141587e-01;1.5250000e+02;2.5742137e-01;1.5250000e+02;2.4677746e-01;1.5250000e+02;2.2934319e-01;1.5250000e+02;2.0583738e-01;1.5250000e+02;2.5576819e-02;1.5250000e+02;3.4940485e-02;1.5250000e+02;4.6730578e-02;1.5250000e+02;6.1877802e-02;1.5250000e+02;8.0489077e-02;1.5250000e+02;1.0192513e-01;1.5250000e+02;1.2459970e-01;1.5250000e+02;1.4658228e-01;1.5250000e+02;1.6557777e-01;1.5250000e+02;1.8470703e-01;1.5250000e+02;2.0445703e-01;1.5250000e+02;2.3250949e-01;1.5250000e+02;2.5490361e-01;1.5250000e+02;2.6141587e-01;1.5250000e+02;2.5742137e-01;1.5250000e+02;2.4677746e-01;1.5250000e+02;2.2934319e-01;1.5250000e+02;2.0583738e-01;1.5250000e+02;2.5576819e-02;1.5250000e+02;3.4940485e-02;1.5250000e+02;4.6730578e-02;1.5250000e+02;6.1877802e-02;1.5250000e+02;8.0489077e-02;1.5250000e+02;1.0192513e-01;1.5250000e+02;1.2459970e-01;1.5250000e+02;1.4658228e-01;1.5250000e+02;1.6557777e-01;1.5250000e+02;1.8470703e-01;1.5250000e+02;2.0445703e-01;1.5250000e+02;2.3250949e-01;1.5250000e+02;2.5490361e-01;1.5250000e+02;2.6141587e-01;1.5250000e+02;2.5742137e-01;1.5250000e+02;2.4677746e-01;1.5250000e+02;2.2934319e-01;1.5250000e+02;2.0583738e-01;1.5250000e+02;2.5576819e-02;1.5250000e+02;3.4940485e-02;1.5250000e+02;4.6730578e-02;1.5250000e+02;6.1877802e-02;1.5250000e+02;8.0489077e-02;1.5250000e+02;1.0192513e-01;1.5250000e+02;1.2459970e-01;1.5250000e+02;1.4658228e-01;1.5250000e+02;1.6557777e-01;1.5250000e+02;1.8470703e-01;1.5250000e+02;2.0445703e-01;1.5250000e+02;2.3250949e-01;1.5250000e+02;2.5490361e-01;1.5250000e+02;2.6141587e-01;1.5250000e+02;2.5742137e-01;1.5250000e+02;2.4677746e-01;1.5250000e+02;2.2934319e-01;1.5250000e+02;2.0583738e-01;1.5250000e+02;2.5576819e-02;1.5250000e+02;3.4940485e-02;1.5250000e+02;4.6730578e-02;1.5250000e+02;6.1877802e-02;1.5250000e+02;8.0489077e-02;1.5250000e+02;1.0192513e-01;1.5250000e+02;1.2459970e-01;1.5250000e+02;1.4658228e-01;1.5250000e+02;1.6557777e-01;1.5250000e+02;1.8470703e-01;1.5250000e+02;2.0445703e-01;1.5250000e+02;2.3250949e-01;1.5250000e+02;2.5490361e-01;1.5250000e+02;2.6141587e-01;1.5250000e+02;2.5742137e-01;1.5250000e+02;2.4677746e-01;1.5250000e+02;2.2934319e-01;1.5250000e+02;2.0583738e-01;1.5250000e+02;2.5576819e-02;1.5250000e+02;3.4940485e-02;1.5250000e+02;4.6730578e-02;1.5250000e+02;6.1877802e-02;1.5250000e+02;8.0489077e-02;1.5250000e+02;1.0192513e-01;1.5250000e+02;1.2459970e-01;1.5250000e+02;1.4658228e-01;1.5250000e+02;1.6557777e-01;1.5250000e+02;1.8470703e-01;1.5250000e+02;2.0445703e-01;1.5250000e+02;2.3250949e-01;1.5250000e+02;2.5490361e-01;1.5250000e+02;2.6141587e-01;1.5250000e+02;2.5742137e-01;1.5250000e+02;2.4677746e-01;1.5250000e+02;2.2934319e-01;1.5250000e+02;2.0583738e-01;1.5250000e+02;2.5576819e-02;1.5250000e+02;3.4940485e-02;1.5250000e+02;4.6730578e-02;1.5250000e+02;6.1877802e-02;1.5250000e+02;8.0489077e-02;1.5250000e+02;1.0192513e-01;1.5250000e+02;1.2459970e-01;1.5250000e+02;1.4658228e-01;1.5250000e+02;1.6557777e-01;1.5250000e+02;1.8470703e-01;1.5250000e+02;2.0445703e-01;1.5250000e+02;2.3250949e-01;1.5250000e+02;2.5490361e-01;1.5250000e+02;2.6141587e-01;1.5250000e+02;2.5742137e-01;1.5250000e+02;2.4677746e-01;1.5250000e+02;2.2934319e-01;1.5250000e+02;2.0583738e-01;1.5250000e+02;2.5576819e-02;1.5250000e+02;3.4940485e-02;1.5250000e+02;4.6730578e-02;1.5250000e+02;6.1877802e-02;1.5250000e+02;8.0489077e-02;1.5250000e+02;1.0192513e-01;1.5250000e+02;1.2459970e-01;1.5250000e+02;1.4658228e-01;1.5250000e+02;1.6557777e-01;1.5250000e+02;1.8470703e-01;1.5250000e+02;2.0445703e-01;1.5250000e+02;2.3250949e-01;1.5250000e+02;2.5490361e-01;1.5250000e+02;2.6141587e-01;1.5250000e+02;2.5742137e-01;1.5250000e+02;2.4677746e-01;1.5250000e+02;2.2934319e-01;1.5250000e+02;2.0583738e-01;1.5250000e+02;2.5576819e-02;1.5250000e+02;3.4940485e-02;1.5250000e+02;4.6730578e-02;1.5250000e+02;6.1877802e-02;1.5250000e+02;8.0489077e-02;1.5250000e+02;1.0192513e-01;1.5250000e+02;1.2459970e-01;1.5250000e+02;1.4658228e-01;1.5250000e+02;1.6557777e-01;1.5250000e+02;1.8470703e-01;1.5250000e+02;2.0445703e-01;1.5250000e+02;2.3250949e-01;1.5250000e+02;2.5490361e-01;1.5250000e+02;2.6141587e-01;1.5250000e+02;2.5742137e-01;1.5250000e+02;2.4677746e-01;1.5250000e+02;2.2934319e-01;1.5250000e+02;2.0583738e-01;1.5250000e+02;2.5576819e-02;1.5250000e+02;3.4940485e-02;1.5250000e+02;4.6730578e-02;1.5250000e+02;6.1877802e-02;1.5250000e+02;8.0489077e-02;1.5250000e+02;1.0192513e-01;1.5250000e+02;1.2459970e-01;1.5250000e+02;1.4658228e-01;1.5250000e+02;1.6557777e-01;1.5250000e+02;1.8470703e-01;1.5250000e+02;2.0445703e-01;1.5250000e+02;2.3250949e-01;1.5250000e+02;2.5490361e-01;1.5250000e+02;2.6141587e-01;1.5250000e+02;2.5742137e-01;1.5250000e+02;2.4677746e-01;1.5250000e+02;2.2934319e-01;1.5250000e+02;2.0583738e-01;1.5250000e+02;2.5576819e-02;1.5250000e+02;3.4940485e-02;1.5250000e+02;4.6730578e-02;1.5250000e+02;6.1877802e-02;1.5250000e+02;8.0489077e-02;1.5250000e+02;1.0192513e-01;1.5250000e+02;1.2459970e-01;1.5250000e+02;1.4658228e-01;1.5250000e+02;1.6557777e-01;1.5250000e+02;1.8470703e-01;1.5250000e+02;2.0445703e-01;1.5250000e+02;2.3250949e-01;1.5250000e+02;2.5490361e-01;1.5250000e+02;2.6141587e-01;1.5250000e+02;2.5742137e-01;1.5250000e+02;2.4677746e-01;1.5250000e+02;2.2934319e-01;1.5250000e+02;2.0583738e-01;1.5250000e+02;2.5576819e-02;1.5250000e+02;3.4940485e-02;1.5250000e+02;4.6730578e-02;1.5250000e+02;6.1877802e-02;1.5250000e+02;8.0489077e-02;1.5250000e+02;1.0192513e-01;1.5250000e+02;1.2459970e-01;1.5250000e+02;1.4658228e-01;1.5250000e+02;1.6557777e-01;1.5250000e+02;1.8470703e-01;1.5250000e+02;2.0445703e-01;1.5250000e+02;2.3250949e-01;1.5250000e+02;2.5490361e-01;1.5250000e+02;2.6141587e-01;1.5250000e+02;2.5742137e-01;1.5250000e+02;2.4677746e-01;1.5250000e+02;2.2934319e-01;1.5250000e+02;2.0583738e-01;1.5250000e+02;2.5576819e-02;1.5250000e+02;3.4940485e-02;1.5250000e+02;4.6730578e-02;1.5250000e+02;6.1877802e-02;1.5250000e+02;8.0489077e-02;1.5250000e+02;1.0192513e-01;1.5250000e+02;1.2459970e-01;1.5250000e+02;1.4658228e-01;1.5250000e+02;1.6557777e-01;1.5250000e+02;1.8470703e-01;1.5250000e+02;2.0445703e-01;1.5250000e+02;2.3250949e-01;1.5250000e+02;2.5490361e-01;1.5250000e+02;2.6141587e-01;1.5250000e+02;2.5742137e-01;1.5250000e+02;2.4677746e-01;1.5250000e+02;2.2934319e-01;1.5250000e+02;2.0583738e-01;1.5250000e+02;2.5576819e-02;1.5250000e+02;3.4940485e-02;1.5250000e+02;4.6730578e-02;1.5250000e+02;6.1877802e-02;1.5250000e+02;8.0489077e-02;1.5250000e+02;1.0192513e-01;1.5250000e+02;1.2459970e-01;1.5250000e+02;1.4658228e-01;1.5250000e+02;1.6557777e-01;1.5250000e+02;1.8470703e-01;1.5250000e+02;2.0445703e-01;1.5250000e+02;2.3250949e-01;1.5250000e+02;2.5490361e-01;1.5250000e+02;2.6141587e-01;1.5250000e+02;2.5742137e-01;1.5250000e+02;2.4677746e-01;1.5250000e+02;2.2934319e-01;1.5250000e+02;2.0583738e-01;1.5250000e+02;2.5576819e-02;1.5250000e+02;3.4940485e-02;1.5250000e+02;4.6730578e-02;1.5250000e+02;6.1877802e-02;1.5250000e+02;8.0489077e-02;1.5250000e+02;1.0192513e-01;1.5250000e+02;1.2459970e-01;1.5250000e+02;1.4658228e-01;1.5250000e+02;1.6557777e-01;1.5250000e+02;1.8470703e-01;1.5250000e+02;2.0445703e-01;1.5250000e+02;2.3250949e-01;1.5250000e+02;2.5490361e-01;1.5250000e+02;2.6141587e-01;1.5250000e+02;2.5742137e-01;1.5250000e+02;2.4677746e-01;1.5250000e+02;2.2934319e-01;1.5250000e+02;2.0583738e-01;1.5250000e+02;2.5576819e-02;1.5250000e+02;3.4940485e-02;1.5250000e+02;4.6730578e-02;1.5250000e+02;6.1877802e-02;1.5250000e+02;8.0489077e-02;1.5250000e+02;1.0192513e-01;1.5250000e+02;1.2459970e-01;1.5250000e+02;1.4658228e-01;1.5250000e+02;1.6557777e-01;1.5250000e+02;1.8470703e-01;1.5250000e+02;2.0445703e-01;1.5250000e+02;2.3250949e-01;1.5250000e+02;2.5490361e-01;1.5250000e+02;2.6141587e-01;1.5250000e+02;2.5742137e-01;1.5250000e+02;2.4677746e-01;1.5250000e+02;2.2934319e-01;1.5250000e+02;2.0583738e-01;1.5250000e+02;2.5576819e-02;1.5250000e+02;3.4940485e-02;1.5250000e+02;4.6730578e-02;1.5250000e+02;6.1877802e-02;1.5250000e+02;8.0489077e-02;1.5250000e+02;1.0192513e-01;1.5250000e+02;1.2459970e-01;1.5250000e+02;1.4658228e-01;1.5250000e+02;1.6557777e-01;1.5250000e+02;1.8470703e-01;1.5250000e+02;2.0445703e-01;1.5250000e+02;2.3250949e-01;1.5250000e+02;2.5490361e-01;1.5250000e+02;2.6141587e-01;1.5250000e+02;2.5742137e-01;1.5250000e+02;2.4677746e-01;1.5250000e+02;2.2934319e-01;1.5250000e+02;2.0583738e-01;1.5250000e+02;2.5576819e-02;1.5250000e+02;3.4940485e-02;1.5250000e+02;4.6730578e-02;1.5250000e+02;6.1877802e-02;1.5250000e+02;8.0489077e-02;1.5250000e+02;1.0192513e-01;1.5250000e+02;1.2459970e-01;1.5250000e+02;1.4658228e-01;1.5250000e+02;1.6557777e-01;1.5250000e+02;1.8470703e-01;1.5250000e+02;2.0445703e-01;1.5250000e+02;2.3250949e-01;1.5250000e+02;2.5490361e-01;1.5250000e+02;2.6141587e-01;1.5250000e+02;2.5742137e-01;1.5250000e+02;2.4677746e-01;1.5250000e+02;2.2934319e-01;1.5250000e+02;2.0583738e-01;1.5250000e+02;2.5576819e-02;1.5250000e+02;3.4940485e-02;1.5250000e+02;4.6730578e-02;1.5250000e+02;6.1877802e-02;1.5250000e+02;8.0489077e-02;1.5250000e+02;1.0192513e-01;1.5250000e+02;1.2459970e-01;1.5250000e+02;1.4658228e-01;1.5250000e+02;1.6557777e-01;1.5250000e+02;1.8470703e-01;1.5250000e+02;2.0445703e-01;1.5250000e+02;2.3250949e-01;1.5250000e+02;2.5490361e-01;1.5250000e+02;2.6141587e-01;1.5250000e+02;2.5742137e-01;1.5250000e+02;2.4677746e-01;1.5250000e+02;2.2934319e-01;1.5250000e+02;2.0583738e-01;1.5250000e+02;2.5576819e-02;1.5250000e+02;3.4940485e-02;1.5250000e+02;4.6730578e-02;1.5250000e+02;6.1877802e-02;1.5250000e+02;8.0489077e-02;1.5250000e+02;1.0192513e-01;1.5250000e+02;1.2459970e-01;1.5250000e+02;1.4658228e-01;1.5250000e+02;1.6557777e-01;1.5250000e+02;1.8470703e-01;1.5250000e+02;2.0445703e-01;1.5250000e+02;2.3250949e-01;1.5250000e+02;2.5490361e-01;1.5250000e+02;2.6141587e-01;1.5250000e+02;2.5742137e-01;1.5250000e+02;2.4677746e-01;1.5250000e+02;2.2934319e-01;1.5250000e+02;2.0583738e-01;1.5250000e+02;2.5576819e-02;1.5250000e+02;3.4940485e-02;1.5250000e+02;4.6730578e-02;1.5250000e+02;6.1877802e-02;1.5250000e+02;8.0489077e-02;1.5250000e+02;1.0192513e-01;1.5250000e+02;1.2459970e-01;1.5250000e+02;1.4658228e-01;1.5250000e+02;1.6557777e-01;1.5250000e+02;1.8470703e-01;1.5250000e+02;2.0445703e-01;1.5250000e+02;2.3250949e-01;1.5250000e+02;2.5490361e-01;1.5250000e+02;2.6141587e-01;1.5250000e+02;2.5742137e-01;1.5250000e+02;2.4677746e-01;1.5250000e+02;2.2934319e-01;1.5250000e+02;2.0583738e-01;1.5250000e+02;2.5576819e-02;1.5250000e+02;3.4940485e-02;1.5250000e+02;4.6730578e-02;1.5250000e+02;6.1877802e-02;1.5250000e+02;8.0489077e-02;1.5250000e+02;1.0192513e-01;1.5250000e+02;1.2459970e-01;1.5250000e+02;1.4658228e-01;1.5250000e+02;1.6557777e-01;1.5250000e+02;1.8470703e-01;1.5250000e+02;2.0445703e-01;1.5250000e+02;2.3250949e-01;1.5250000e+02;2.5490361e-01;1.5250000e+02;2.6141587e-01;1.5250000e+02;2.5742137e-01;1.5250000e+02;2.4677746e-01;1.5250000e+02;2.2934319e-01;1.5250000e+02;2.0583738e-01;1.5250000e+02;2.5576819e-02;1.5250000e+02;3.4940485e-02;1.5250000e+02;4.6730578e-02;1.5250000e+02;6.1877802e-02;1.5250000e+02;8.0489077e-02;1.5250000e+02;1.0192513e-01;1.5250000e+02;1.2459970e-01;1.5250000e+02;1.4658228e-01;1.5250000e+02;1.6557777e-01;1.5250000e+02;1.8470703e-01;1.5250000e+02;2.0445703e-01;1.5250000e+02;2.3250949e-01;1.5250000e+02;2.5490361e-01;1.5250000e+02;2.6141587e-01;1.5250000e+02;2.5742137e-01;1.5250000e+02;2.4677746e-01;1.5250000e+02;2.2934319e-01;1.5250000e+02;2.0583738e-01
1.5750000e+02;2.9430095e-02;1.5750000e+02;4.0282413e-02;1.5750000e+02;5.2589376e-02;1.5750000e+02;6.7265913e-02;1.5750000e+02;8.5289113e-02;1.5750000e+02;1.0577056e-01;1.5750000e+02;1.2949601e-01;1.5750000e+02;1.5435530e-01;1.5750000e+02;1.7648688e-01;1.5750000e+02;1.9841999e-01;1.5750000e+02;2.1933520e-01;1.5750000e+02;2.4825883e-01;1.5750000e+02;2.6585275e-01;1.5750000e+02;2.6875335e-01;1.5750000e+02;2.6297510e-01;1.5750000e+02;2.5096846e-01;1.5750000e+02;2.3237857e-01;1.5750000e+02;2.0818765e-01;1.5750000e+02;2.9430095e-02;1.5750000e+02;4.0282413e-02;1.5750000e+02;5.2589376e-02;1.5750000e+02;6.7265913e-02;1.5750000e+02;8.5289113e-02;1.5750000e+02;1.0577056e-01;1.5750000e+02;1.2949601e-01;1.5750000e+02;1.5435530e-01;1.5750000e+02;1.7648688e-01;1.5750000e+02;1.9841999e-01;1.5750000e+02;2.1933520e-01;1.5750000e+02;2.4825883e-01;1.5750000e+02;2.6585275e-01;1.5750000e+02;2.6875335e-01;1.5750000e+02;2.6297510e-01;1.5750000e+02;2.5096846e-01;1.5750000e+02;2.3237857e-01;1.5750000e+02;2.0818765e-01;1.5750000e+02;2.9430095e-02;1.5750000e+02;4.0282413e-02;1.5750000e+02;5.2589376e-02;1.5750000e+02;6.7265913e-02;1.5750000e+02;8.5289113e-02;1.5750000e+02;1.0577056e-01;1.5750000e+02;1.2949601e-01;1.5750000e+02;1.5435530e-01;1.5750000e+02;1.7648688e-01;1.5750000e+02;1.9841999e-01;1.5750000e+02;2.1933520e-01;1.5750000e+02;2.4825883e-01;1.5750000e+02;2.6585275e-01;1.5750000e+02;2.6875335e-01;1.5750000e+02;2.6297510e-01;1.5750000e+02;2.5096846e-01;1.5750000e+02;2.3237857e-01;1.5750000e+02;2.0818765e-01;1.5750000e+02;2.9430095e-02;1.5750000e+02;4.0282413e-02;1.5750000e+02;5.2589376e-02;1.5750000e+02;6.7265913e-02;1.5750000e+02;8.5289113e-02;1.5750000e+02;1.0577056e-01;1.5750000e+02;1.2949601e-01;1.5750000e+02;1.5435530e-01;1.5750000e+02;1.7648688e-01;1.5750000e+02;1.9841999e-01;1.5750000e+02;2.1933520e-01;1.5750000e+02;2.4825883e-01;1.5750000e+02;2.6585275e-01;1.5750000e+02;2.6875335e-01;1.5750000e+02;2.6297510e-01;1.5750000e+02;2.5096846e-01;1.5750000e+02;2.3237857e-01;1.5750000e+02;2.0818765e-01;1.5750000e+02;2.9430095e-02;1.5750000e+02;4.0282413e-02;1.5750000e+02;5.2589376e-02;1.5750000e+02;6.7265913e-02;1.5750000e+02;8.5289113e-02;1.5750000e+02;1.0577056e-01;1.5750000e+02;1.2949601e-01;1.5750000e+02;1.5435530e-01;1.5750000e+02;1.7648688e-01;1.5750000e+02;1.9841999e-01;1.5750000e+02;2.1933520e-01;1.5750000e+02;2.4825883e-01;1.5750000e+02;2.6585275e-01;1.5750000e+02;2.6875335e-01;1.5750000e+02;2.6297510e-01;1.5750000e+02;2.5096846e-01;1.5750000e+02;2.3237857e-01;1.5750000e+02;2.0818765e-01;1.5750000e+02;2.9430095e-02;1.5750000e+02;4.0282413e-02;1.5750000e+02;5.2589376e-02;1.5750000e+02;6.7265913e-02;1.5750000e+02;8.5289113e-02;1.5750000e+02;1.0577056e-01;1.5750000e+02;1.2949601e-01;1.5750000e+02;1.5435530e-01;1.5750000e+02;1.7648688e-01;1.5750000e+02;1.9841999e-01;1.5750000e+02;2.1933520e-01;1.5750000e+02;2.4825883e-01;1.5750000e+02;2.6585275e-01;1.5750000e+02;2.6875335e-01;1.5750000e+02;2.6297510e-01;1.5750000e+02;2.5096846e-01;1.5750000e+02;2.3237857e-01;1.5750000e+02;2.0818765e-01;1.5750000e+02;2.9430095e-02;1.5750000e+02;4.0282413e-02;1.5750000e+02;5.2589376e-02;1.5750000e+02;6.7265913e-02;1.5750000e+02;8.5289113e-02;1.5750000e+02;1.0577056e-01;1.5750000e+02;1.2949601e-01;1.5750000e+02;1.5435530e-01;1.5750000e+02;1.7648688e-01;1.5750000e+02;1.9841999e-01;1.5750000e+02;2.1933520e-01;1.5750000e+02;2.4825883e-01;1.5750000e+02;2.6585275e-01;1.5750000e+02;2.6875335e-01;1.5750000e+02;2.6297510e-01;1.5750000e+02;2.5096846e-01;1.5750000e+02;2.3237857e-01;1.5750000e+02;2.0818765e-01;1.5750000e+02;2.9430095e-02;1.5750000e+02;4.0282413e-02;1.5750000e+02;5.2589376e-02;1.5750000e+02;6.7265913e-02;1.5750000e+02;8.5289113e-02;1.5750000e+02;1.0577056e-01;1.5750000e+02;1.2949601e-01;1.5750000e+02;1.5435530e-01;1.5750000e+02;1.7648688e-01;1.5750000e+02;1.9841999e-01;1.5750000e+02;2.1933520e-01;1.5750000e+02;2.4825883e-01;1.5750000e+02;2.6585275e-01;1.5750000e+02;2.6875335e-01;1.5750000e+02;2.6297510e-01;1.5750000e+02;2.5096846e-01;1.5750000e+02;2.3237857e-01;1.5750000e+02;2.0818765e-01;1.5750000e+02;2.9430095e-02;1.5750000e+02;4.0282413e-02;1.5750000e+02;5.2589376e-02;1.5750000e+02;6.7265913e-02;1.5750000e+02;8.5289113e-02;1.5750000e+02;1.0577056e-01;1.5750000e+02;1.2949601e-01;1.5750000e+02;1.5435530e-01;1.5750000e+02;1.7648688e-01;1.5750000e+02;1.9841999e-01;1.5750000e+02;2.1933520e-01;1.5750000e+02;2.4825883e-01;1.5750000e+02;2.6585275e-01;1.5750000e+02;2.6875335e-01;1.5750000e+02;2.6297510e-01;1.5750000e+02;2.5096846e-01;1.5750000e+02;2.3237857e-01;1.5750000e+02;2.0818765e-01;1.5750000e+02;2.9430095e-02;1.5750000e+02;4.0282413e-02;1.5750000e+02;5.2589376e-02;1.5750000e+02;6.7265913e-02;1.5750000e+02;8.5289113e-02;1.5750000e+02;1.0577056e-01;1.5750000e+02;1.2949601e-01;1.5750000e+02;1.5435530e-01;1.5750000e+02;1.7648688e-01;1.5750000e+02;1.9841999e-01;1.5750000e+02;2.1933520e-01;1.5750000e+02;2.4825883e-01;1.5750000e+02;2.6585275e-01;1.5750000e+02;2.6875335e-01;1.5750000e+02;2.6297510e-01;1.5750000e+02;2.5096846e-01;1.5750000e+02;2.3237857e-01;1.5750000e+02;2.0818765e-01;1.5750000e+02;2.9430095e-02;1.5750000e+02;4.0282413e-02;1.5750000e+02;5.2589376e-02;1.5750000e+02;6.7265913e-02;1.5750000e+02;8.5289113e-02;1.5750000e+02;1.0577056e-01;1.5750000e+02;1.2949601e-01;1.5750000e+02;1.5435530e-01;1.5750000e+02;1.7648688e-01;1.5750000e+02;1.9841999e-01;1.5750000e+02;2.1933520e-01;1.5750000e+02;2.4825883e-01;1.5750000e+02;2.6585275e-01;1.5750000e+02;2.6875335e-01;1.5750000e+02;2.6297510e-01;1.5750000e+02;2.5096846e-01;1.5750000e+02;2.3237857e-01;1.5750000e+02;2.0818765e-01;1.5750000e+02;2.9430095e-02;1.5750000e+02;4.0282413e-02;1.5750000e+02;5.2589376e-02;1.5750000e+02;6.7265913e-02;1.5750000e+02;8.5289113e-02;1.5750000e+02;1.0577056e-01;1.5750000e+02;1.2949601e-01;1.5750000e+02;1.5435530e-01;1.5750000e+02;1.7648688e-01;1.5750000e+02;1.9841999e-01;1.5750000e+02;2.1933520e-01;1.5750000e+02;2.4825883e-01;1.5750000e+02;2.6585275e-01;1.5750000e+02;2.6875335e-01;1.5750000e+02;2.6297510e-01;1.5750000e+02;2.5096846e-01;1.5750000e+02;2.3237857e-01;1.5750000e+02;2.0818765e-01;1.5750000e+02;2.9430095e-02;1.5750000e+02;4.0282413e-02;1.5750000e+02;5.2589376e-02;1.5750000e+02;6.7265913e-02;1.5750000e+02;8.5289113e-02;1.5750000e+02;1.0577056e-01;1.5750000e+02;1.2949601e-01;1.5750000e+02;1.5435530e-01;1.5750000e+02;1.7648688e-01;1.5750000e+02;1.9841999e-01;1.5750000e+02;2.1933520e-01;1.5750000e+02;2.4825883e-01;1.5750000e+02;2.6585275e-01;1.5750000e+02;2.6875335e-01;1.5750000e+02;2.6297510e-01;1.5750000e+02;2.5096846e-01;1.5750000e+02;2.3237857e-01;1.5750000e+02;2.0818765e-01;1.5750000e+02;2.9430095e-02;1.5750000e+02;4.0282413e-02;1.5750000e+02;5.2589376e-02;1.5750000e+02;6.7265913e-02;1.5750000e+02;8.5289113e-02;1.5750000e+02;1.0577056e-01;1.5750000e+02;1.2949601e-01;1.5750000e+02;1.5435530e-01;1.5750000e+02;1.7648688e-01;1.5750000e+02;1.9841999e-01;1.5750000e+02;2.1933520e-01;1.5750000e+02;2.4825883e-01;1.5750000e+02;2.6585275e-01;1.5750000e+02;2.6875335e-01;1.5750000e+02;2.6297510e-01;1.5750000e+02;2.5096846e-01;1.5750000e+02;2.3237857e-01;1.5750000e+02;2.0818765e-01;1.5750000e+02;2.9430095e-02;1.5750000e+02;4.0282413e-02;1.5750000e+02;5.2589376e-02;1.5750000e+02;6.7265913e-02;1.5750000e+02;8.5289113e-02;1.5750000e+02;1.0577056e-01;1.5750000e+02;1.2949601e-01;1.5750000e+02;1.5435530e-01;1.5750000e+02;1.7648688e-01;1.5750000e+02;1.9841999e-01;1.5750000e+02;2.1933520e-01;1.5750000e+02;2.4825883e-01;1.5750000e+02;2.6585275e-01;1.5750000e+02;2.6875335e-01;1.5750000e+02;2.6297510e-01;1.5750000e+02;2.5096846e-01;1.5750000e+02;2.3237857e-01;1.5750000e+02;2.0818765e-01;1.5750000e+02;2.9430095e-02;1.5750000e+02;4.0282413e-02;1.5750000e+02;5.2589376e-02;1.5750000e+02;6.7265913e-02;1.5750000e+02;8.5289113e-02;1.5750000e+02;1.0577056e-01;1.5750000e+02;1.2949601e-01;1.5750000e+02;1.5435530e-01;1.5750000e+02;1.7648688e-01;1.5750000e+02;1.9841999e-01;1.5750000e+02;2.1933520e-01;1.5750000e+02;2.4825883e-01;1.5750000e+02;2.6585275e-01;1.5750000e+02;2.6875335e-01;1.5750000e+02;2.6297510e-01;1.5750000e+02;2.5096846e-01;1.5750000e+02;2.3237857e-01;1.5750000e+02;2.0818765e-01;1.5750000e+02;2.9430095e-02;1.5750000e+02;4.0282413e-02;1.5750000e+02;5.2589376e-02;1.5750000e+02;6.7265913e-02;1.5750000e+02;8.5289113e-02;1.5750000e+02;1.0577056e-01;1.5750000e+02;1.2949601e-01;1.5750000e+02;1.5435530e-01;1.5750000e+02;1.7648688e-01;1.5750000e+02;1.9841999e-01;1.5750000e+02;2.1933520e-01;1.5750000e+02;2.4825883e-01;1.5750000e+02;2.6585275e-01;1.5750000e+02;2.6875335e-01;1.5750000e+02;2.6297510e-01;1.5750000e+02;2.5096846e-01;1.5750000e+02;2.3237857e-01;1.5750000e+02;2.0818765e-01;1.5750000e+02;2.9430095e-02;1.5750000e+02;4.0282413e-02;1.5750000e+02;5.2589376e-02;1.5750000e+02;6.7265913e-02;1.5750000e+02;8.5289113e-02;1.5750000e+02;1.0577056e-01;1.5750000e+02;1.2949601e-01;1.5750000e+02;1.5435530e-01;1.5750000e+02;1.7648688e-01;1.5750000e+02;1.9841999e-01;1.5750000e+02;2.1933520e-01;1.5750000e+02;2.4825883e-01;1.5750000e+02;2.6585275e-01;1.5750000e+02;2.6875335e-01;1.5750000e+02;2.6297510e-01;1.5750000e+02;2.5096846e-01;1.5750000e+02;2.3237857e-01;1.5750000e+02;2.0818765e-01;1.5750000e+02;2.9430095e-02;1.5750000e+02;4.0282413e-02;1.5750000e+02;5.2589376e-02;1.5750000e+02;6.7265913e-02;1.5750000e+02;8.5289113e-02;1.5750000e+02;1.0577056e-01;1.5750000e+02;1.2949601e-01;1.5750000e+02;1.5435530e-01;1.5750000e+02;1.7648688e-01;1.5750000e+02;1.9841999e-01;1.5750000e+02;2.1933520e-01;1.5750000e+02;2.4825883e-01;1.5750000e+02;2.6585275e-01;1.5750000e+02;2.6875335e-01;1.5750000e+02;2.6297510e-01;1.5750000e+02;2.5096846e-01;1.5750000e+02;2.3237857e-01;1.5750000e+02;2.0818765e-01;1.5750000e+02;2.9430095e-02;1.5750000e+02;4.0282413e-02;1.5750000e+02;5.2589376e-02;1.5750000e+02;6.7265913e-02;1.5750000e+02;8.5289113e-02;1.5750000e+02;1.0577056e-01;1.5750000e+02;1.2949601e-01;1.5750000e+02;1.5435530e-01;1.5750000e+02;1.7648688e-01;1.5750000e+02;1.9841999e-01;1.5750000e+02;2.1933520e-01;1.5750000e+02;2.4825883e-01;1.5750000e+02;2.6585275e-01;1.5750000e+02;2.6875335e-01;1.5750000e+02;2.6297510e-01;1.5750000e+02;2.5096846e-01;1.5750000e+02;2.3237857e-01;1.5750000e+02;2.0818765e-01;1.5750000e+02;2.9430095e-02;1.5750000e+02;4.0282413e-02;1.5750000e+02;5.2589376e-02;1.5750000e+02;6.7265913e-02;1.5750000e+02;8.5289113e-02;1.5750000e+02;1.0577056e-01;1.5750000e+02;1.2949601e-01;1.5750000e+02;1.5435530e-01;1.5750000e+02;1.7648688e-01;1.5750000e+02;1.9841999e-01;1.5750000e+02;2.1933520e-01;1.5750000e+02;2.4825883e-01;1.5750000e+02;2.6585275e-01;1.5750000e+02;2.6875335e-01;1.5750000e+02;2.6297510e-01;1.5750000e+02;2.5096846e-01;1.5750000e+02;2.3237857e-01;1.5750000e+02;2.0818765e-01;1.5750000e+02;2.9430095e-02;1.5750000e+02;4.0282413e-02;1.5750000e+02;5.2589376e-02;1.5750000e+02;6.7265913e-02;1.5750000e+02;8.5289113e-02;1.5750000e+02;1.0577056e-01;1.5750000e+02;1.2949601e-01;1.5750000e+02;1.5435530e-01;1.5750000e+02;1.7648688e-01;1.5750000e+02;1.9841999e-01;1.5750000e+02;2.1933520e-01;1.5750000e+02;2.4825883e-01;1.5750000e+02;2.6585275e-01;1.5750000e+02;2.6875335e-01;1.5750000e+02;2.6297510e-01;1.5750000e+02;2.5096846e-01;1.5750000e+02;2.3237857e-01;1.5750000e+02;2.0818765e-01;1.5750000e+02;2.9430095e-02;1.5750000e+02;4.0282413e-02;1.5750000e+02;5.2589376e-02;1.5750000e+02;6.7265913e-02;1.5750000e+02;8.5289113e-02;1.5750000e+02;1.0577056e-01;1.5750000e+02;1.2949601e-01;1.5750000e+02;1.5435530e-01;1.5750000e+02;1.7648688e-01;1.5750000e+02;1.9841999e-01;1.5750000e+02;2.1933520e-01;1.5750000e+02;2.4825883e-01;1.5750000e+02;2.6585275e-01;1.5750000e+02;2.6875335e-01;1.5750000e+02;2.6297510e-01;1.5750000e+02;2.5096846e-01;1.5750000e+02;2.3237857e-01;1.5750000e+02;2.0818765e-01;1.5750000e+02;2.9430095e-02;1.5750000e+02;4.0282413e-02;1.5750000e+02;5.2589376e-02;1.5750000e+02;6.7265913e-02;1.5750000e+02;8.5289113e-02;1.5750000e+02;1.0577056e-01;1.5750000e+02;1.2949601e-01;1.5750000e+02;1.5435530e-01;1.5750000e+02;1.7648688e-01;1.5750000e+02;1.9841999e-01;1.5750000e+02;2.1933520e-01;1.5750000e+02;2.4825883e-01;1.5750000e+02;2.6585275e-01;1.5750000e+02;2.6875335e-01;1.5750000e+02;2.6297510e-01;1.5750000e+02;2.5096846e-01;1.5750000e+02;2.3237857e-01;1.5750000e+02;2.0818765e-01;1.5750000e+02;2.9430095e-02;1.5750000e+02;4.0282413e-02;1.5750000e+02;5.2589376e-02;1.5750000e+02;6.7265913e-02;1.5750000e+02;8.5289113e-02;1.5750000e+02;1.0577056e-01;1.5750000e+02;1.2949601e-01;1.5750000e+02;1.5435530e-01;1.5750000e+02;1.7648688e-01;1.5750000e+02;1.9841999e-01;1.5750000e+02;2.1933520e-01;1.5750000e+02;2.4825883e-01;1.5750000e+02;2.6585275e-01;1.5750000e+02;2.6875335e-01;1.5750000e+02;2.6297510e-01;1.5750000e+02;2.5096846e-01;1.5750000e+02;2.3237857e-01;1.5750000e+02;2.0818765e-01;1.5750000e+02;2.9430095e-02;1.5750000e+02;4.0282413e-02;1.5750000e+02;5.2589376e-02;1.5750000e+02;6.7265913e-02;1.5750000e+02;8.5289113e-02;1.5750000e+02;1.0577056e-01;1.5750000e+02;1.2949601e-01;1.5750000e+02;1.5435530e-01;1.5750000e+02;1.7648688e-01;1.5750000e+02;1.9841999e-01;1.5750000e+02;2.1933520e-01;1.5750000e+02;2.4825883e-01;1.5750000e+02;2.6585275e-01;1.5750000e+02;2.6875335e-01;1.5750000e+02;2.6297510e-01;1.5750000e+02;2.5096846e-01;1.5750000e+02;2.3237857e-01;1.5750000e+02;2.0818765e-01;1.5750000e+02;2.9430095e-02;1.5750000e+02;4.0282413e-02;1.5750000e+02;5.2589376e-02;1.5750000e+02;6.7265913e-02;1.5750000e+02;8.5289113e-02;1.5750000e+02;1.0577056e-01;1.5750000e+02;1.2949601e-01;1.5750000e+02;1.5435530e-01;1.5750000e+02;1.7648688e-01;1.5750000e+02;1.9841999e-01;1.5750000e+02;2.1933520e-01;1.5750000e+02;2.4825883e-01;1.5750000e+02;2.6585275e-01;1.5750000e+02;2.6875335e-01;1.5750000e+02;2.6297510e-01;1.5750000e+02;2.5096846e-01;1.5750000e+02;2.3237857e-01;1.5750000e+02;2.0818765e-01;1.5750000e+02;2.9430095e-02;1.5750000e+02;4.0282413e-02;1.5750000e+02;5.2589376e-02;1.5750000e+02;6.7265913e-02;1.5750000e+02;8.5289113e-02;1.5750000e+02;1.0577056e-01;1.5750000e+02;1.2949601e-01;1.5750000e+02;1.5435530e-01;1.5750000e+02;1.7648688e-01;1.5750000e+02;1.9841999e-01;1.5750000e+02;2.1933520e-01;1.5750000e+02;2.4825883e-01;1.5750000e+02;2.6585275e-01;1.5750000e+02;2.6875335e-01;1.5750000e+02;2.6297510e-01;1.5750000e+02;2.5096846e-01;1.5750000e+02;2.3237857e-01;1.5750000e+02;2.0818765e-01;1.5750000e+02;2.9430095e-02;1.5750000e+02;4.0282413e-02;1.5750000e+02;5.2589376e-02;1.5750000e+02;6.7265913e-02;1.5750000e+02;8.5289113e-02;1.5750000e+02;1.0577056e-01;1.5750000e+02;1.2949601e-01;1.5750000e+02;1.5435530e-01;1.5750000e+02;1.7648688e-01;1.5750000e+02;1.9841999e-01;1.5750000e+02;2.1933520e-01;1.5750000e+02;2.4825883e-01;1.5750000e+02;2.6585275e-01;1.5750000e+02;2.6875335e-01;1.5750000e+02;2.6297510e-01;1.5750000e+02;2.5096846e-01;1.5750000e+02;2.3237857e-01;1.5750000e+02;2.0818765e-01;1.5750000e+02;2.9430095e-02;1.5750000e+02;4.0282413e-02;1.5750000e+02;5.2589376e-02;1.5750000e+02;6.7265913e-02;1.5750000e+02;8.5289113e-02;1.5750000e+02;1.0577056e-01;1.5750000e+02;1.2949601e-01;1.5750000e+02;1.5435530e-01;1.5750000e+02;1.7648688e-01;1.5750000e+02;1.9841999e-01;1.5750000e+02;2.1933520e-01;1.5750000e+02;2.4825883e-01;1.5750000e+02;2.6585275e-01;1.5750000e+02;2.6875335e-01;1.5750000e+02;2.6297510e-01;1.5750000e+02;2.5096846e-01;1.5750000e+02;2.3237857e-01;1.5750000e+02;2.0818765e-01;1.5750000e+02;2.9430095e-02;1.5750000e+02;4.0282413e-02;1.5750000e+02;5.2589376e-02;1.5750000e+02;6.7265913e-02;1.5750000e+02;8.5289113e-02;1.5750000e+02;1.0577056e-01;1.5750000e+02;1.2949601e-01;1.5750000e+02;1.5435530e-01;1.5750000e+02;1.7648688e-01;1.5750000e+02;1.9841999e-01;1.5750000e+02;2.1933520e-01;1.5750000e+02;2.4825883e-01;1.5750000e+02;2.6585275e-01;1.5750000e+02;2.6875335e-01;1.5750000e+02;2.6297510e-01;1.5750000e+02;2.5096846e-01;1.5750000e+02;2.3237857e-01;1.5750000e+02;2.0818765e-01;1.5750000e+02;2.9430095e-02;1.5750000e+02;4.0282413e-02;1.5750000e+02;5.2589376e-02;1.5750000e+02;6.7265913e-02;1.5750000e+02;8.5289113e-02;1.5750000e+02;1.0577056e-01;1.5750000e+02;1.2949601e-01;1.5750000e+02;1.5435530e-01;1.5750000e+02;1.7648688e-01;1.5750000e+02;1.9841999e-01;1.5750000e+02;2.1933520e-01;1.5750000e+02;2.4825883e-01;1.5750000e+02;2.6585275e-01;1.5750000e+02;2.6875335e-01;1.5750000e+02;2.6297510e-01;1.5750000e+02;2.5096846e-01;1.5750000e+02;2.3237857e-01;1.5750000e+02;2.0818765e-01;1.5750000e+02;2.9430095e-02;1.5750000e+02;4.0282413e-02;1.5750000e+02;5.2589376e-02;1.5750000e+02;6.7265913e-02;1.5750000e+02;8.5289113e-02;1.5750000e+02;1.0577056e-01;1.5750000e+02;1.2949601e-01;1.5750000e+02;1.5435530e-01;1.5750000e+02;1.7648688e-01;1.5750000e+02;1.9841999e-01;1.5750000e+02;2.1933520e-01;1.5750000e+02;2.4825883e-01;1.5750000e+02;2.6585275e-01;1.5750000e+02;2.6875335e-01;1.5750000e+02;2.6297510e-01;1.5750000e+02;2.5096846e-01;1.5750000e+02;2.3237857e-01;1.5750000e+02;2.0818765e-01;1.5750000e+02;2.9430095e-02;1.5750000e+02;4.0282413e-02;1.5750000e+02;5.2589376e-02;1.5750000e+02;6.7265913e-02;1.5750000e+02;8.5289113e-02;1.5750000e+02;1.0577056e-01;1.5750000e+02;1.2949601e-01;1.5750000e+02;1.5435530e-01;1.5750000e+02;1.7648688e-01;1.5750000e+02;1.9841999e-01;1.5750000e+02;2.1933520e-01;1.5750000e+02;2.4825883e-01;1.5750000e+02;2.6585275e-01;1.5750000e+02;2.6875335e-01;1.5750000e+02;2.6297510e-01;1.5750000e+02;2.5096846e-01;1.5750000e+02;2.3237857e-01;1.5750000e+02;2.0818765e-01;1.5750000e+02;2.9430095e-02;1.5750000e+02;4.0282413e-02;1.5750000e+02;5.2589376e-02;1.5750000e+02;6.7265913e-02;1.5750000e+02;8.5289113e-02;1.5750000e+02;1.0577056e-01;1.5750000e+02;1.2949601e-01;1.5750000e+02;1.5435530e-01;1.5750000e+02;1.7648688e-01;1.5750000e+02;1.9841999e-01;1.5750000e+02;2.1933520e-01;1.5750000e+02;2.4825883e-01;1.5750000e+02;2.6585275e-01;1.5750000e+02;2.6875335e-01;1.5750000e+02;2.6297510e-01;1.5750000e+02;2.5096846e-01;1.5750000e+02;2.3237857e-01;1.5750000e+02;2.0818765e-01;1.5750000e+02;2.9430095e-02;1.5750000e+02;4.0282413e-02;1.5750000e+02;5.2589376e-02;1.5750000e+02;6.7265913e-02;1.5750000e+02;8.5289113e-02;1.5750000e+02;1.0577056e-01;1.5750000e+02;1.2949601e-01;1.5750000e+02;1.5435530e-01;1.5750000e+02;1.7648688e-01;1.5750000e+02;1.9841999e-01;1.5750000e+02;2.1933520e-01;1.5750000e+02;2.4825883e-01;1.5750000e+02;2.6585275e-01;1.5750000e+02;2.6875335e-01;1.5750000e+02;2.6297510e-01;1.5750000e+02;2.5096846e-01;1.5750000e+02;2.3237857e-01;1.5750000e+02;2.0818765e-01;1.5750000e+02;2.9430095e-02;1.5750000e+02;4.0282413e-02;1.5750000e+02;5.2589376e-02;1.5750000e+02;6.7265913e-02;1.5750000e+02;8.5289113e-02;1.5750000e+02;1.0577056e-01;1.5750000e+02;1.2949601e-01;1.5750000e+02;1.5435530e-01;1.5750000e+02;1.7648688e-01;1.5750000e+02;1.9841999e-01;1.5750000e+02;2.1933520e-01;1.5750000e+02;2.4825883e-01;1.5750000e+02;2.6585275e-01;1.5750000e+02;2.6875335e-01;1.5750000e+02;2.6297510e-01;1.5750000e+02;2.5096846e-01;1.5750000e+02;2.3237857e-01;1.5750000e+02;2.0818765e-01;1.5750000e+02;2.9430095e-02;1.5750000e+02;4.0282413e-02;1.5750000e+02;5.2589376e-02;1.5750000e+02;6.7265913e-02;1.5750000e+02;8.5289113e-02;1.5750000e+02;1.0577056e-01;1.5750000e+02;1.2949601e-01;1.5750000e+02;1.5435530e-01;1.5750000e+02;1.7648688e-01;1.5750000e+02;1.9841999e-01;1.5750000e+02;2.1933520e-01;1.5750000e+02;2.4825883e-01;1.5750000e+02;2.6585275e-01;1.5750000e+02;2.6875335e-01;1.5750000e+02;2.6297510e-01;1.5750000e+02;2.5096846e-01;1.5750000e+02;2.3237857e-01;1.5750000e+02;2.0818765e-01;1.5750000e+02;2.9430095e-02;1.5750000e+02;4.0282413e-02;1.5750000e+02;5.2589376e-02;1.5750000e+02;6.7265913e-02;1.5750000e+02;8.5289113e-02;1.5750000e+02;1.0577056e-01;1.5750000e+02;1.2949601e-01;1.5750000e+02;1.5435530e-01;1.5750000e+02;1.7648688e-01;1.5750000e+02;1.9841999e-01;1.5750000e+02;2.1933520e-01;1.5750000e+02;2.4825883e-01;1.5750000e+02;2.6585275e-01;1.5750000e+02;2.6875335e-01;1.5750000e+02;2.6297510e-01;1.5750000e+02;2.5096846e-01;1.5750000e+02;2.3237857e-01;1.5750000e+02;2.0818765e-01;1.5750000e+02;2.9430095e-02;1.5750000e+02;4.0282413e-02;1.5750000e+02;5.2589376e-02;1.5750000e+02;6.7265913e-02;1.5750000e+02;8.5289113e-02;1.5750000e+02;1.0577056e-01;1.5750000e+02;1.2949601e-01;1.5750000e+02;1.5435530e-01;1.5750000e+02;1.7648688e-01;1.5750000e+02;1.9841999e-01;1.5750000e+02;2.1933520e-01;1.5750000e+02;2.4825883e-01;1.5750000e+02;2.6585275e-01;1.5750000e+02;2.6875335e-01;1.5750000e+02;2.6297510e-01;1.5750000e+02;2.5096846e-01;1.5750000e+02;2.3237857e-01;1.5750000e+02;2.0818765e-01;1.5750000e+02;2.9430095e-02;1.5750000e+02;4.0282413e-02;1.5750000e+02;5.2589376e-02;1.5750000e+02;6.7265913e-02;1.5750000e+02;8.5289113e-02;1.5750000e+02;1.0577056e-01;1.5750000e+02;1.2949601e-01;1.5750000e+02;1.5435530e-01;1.5750000e+02;1.7648688e-01;1.5750000e+02;1.9841999e-01;1.5750000e+02;2.1933520e-01;1.5750000e+02;2.4825883e-01;1.5750000e+02;2.6585275e-01;1.5750000e+02;2.6875335e-01;1.5750000e+02;2.6297510e-01;1.5750000e+02;2.5096846e-01;1.5750000e+02;2.3237857e-01;1.5750000e+02;2.0818765e-01;1.5750000e+02;2.9430095e-02;1.5750000e+02;4.0282413e-02;1.5750000e+02;5.2589376e-02;1.5750000e+02;6.7265913e-02;1.5750000e+02;8.5289113e-02;1.5750000e+02;1.0577056e-01;1.5750000e+02;1.2949601e-01;1.5750000e+02;1.5435530e-01;1.5750000e+02;1.7648688e-01;1.5750000e+02;1.9841999e-01;1.5750000e+02;2.1933520e-01;1.5750000e+02;2.4825883e-01;1.5750000e+02;2.6585275e-01;1.5750000e+02;2.6875335e-01;1.5750000e+02;2.6297510e-01;1.5750000e+02;2.5096846e-01;1.5750000e+02;2.3237857e-01;1.5750000e+02;2.0818765e-01;1.5750000e+02;2.9430095e-02;1.5750000e+02;4.0282413e-02;1.5750000e+02;5.2589376e-02;1.5750000e+02;6.7265913e-02;1.5750000e+02;8.5289113e-02;1.5750000e+02;1.0577056e-01;1.5750000e+02;1.2949601e-01;1.5750000e+02;1.5435530e-01;1.5750000e+02;1.7648688e-01;1.5750000e+02;1.9841999e-01;1.5750000e+02;2.1933520e-01;1.5750000e+02;2.4825883e-01;1.5750000e+02;2.6585275e-01;1.5750000e+02;2.6875335e-01;1.5750000e+02;2.6297510e-01;1.5750000e+02;2.5096846e-01;1.5750000e+02;2.3237857e-01;1.5750000e+02;2.0818765e-01;1.5750000e+02;2.9430095e-02;1.5750000e+02;4.0282413e-02;1.5750000e+02;5.2589376e-02;1.5750000e+02;6.7265913e-02;1.5750000e+02;8.5289113e-02;1.5750000e+02;1.0577056e-01;1.5750000e+02;1.2949601e-01;1.5750000e+02;1.5435530e-01;1.5750000e+02;1.7648688e-01;1.5750000e+02;1.9841999e-01;1.5750000e+02;2.1933520e-01;1.5750000e+02;2.4825883e-01;1.5750000e+02;2.6585275e-01;1.5750000e+02;2.6875335e-01;1.5750000e+02;2.6297510e-01;1.5750000e+02;2.5096846e-01;1.5750000e+02;2.3237857e-01;1.5750000e+02;2.0818765e-01;1.5750000e+02;2.9430095e-02;1.5750000e+02;4.0282413e-02;1.5750000e+02;5.2589376e-02;1.5750000e+02;6.7265913e-02;1.5750000e+02;8.5289113e-02;1.5750000e+02;1.0577056e-01;1.5750000e+02;1.2949601e-01;1.5750000e+02;1.5435530e-01;1.5750000e+02;1.7648688e-01;1.5750000e+02;1.9841999e-01;1.5750000e+02;2.1933520e-01;1.5750000e+02;2.4825883e-01;1.5750000e+02;2.6585275e-01;1.5750000e+02;2.6875335e-01;1.5750000e+02;2.6297510e-01;1.5750000e+02;2.5096846e-01;1.5750000e+02;2.3237857e-01;1.5750000e+02;2.0818765e-01;1.5750000e+02;2.9430095e-02;1.5750000e+02;4.0282413e-02;1.5750000e+02;5.2589376e-02;1.5750000e+02;6.7265913e-02;1.5750000e+02;8.5289113e-02;1.5750000e+02;1.0577056e-01;1.5750000e+02;1.2949601e-01;1.5750000e+02;1.5435530e-01;1.5750000e+02;1.7648688e-01;1.5750000e+02;1.9841999e-01;1.5750000e+02;2.1933520e-01;1.5750000e+02;2.4825883e-01;1.5750000e+02;2.6585275e-01;1.5750000e+02;2.6875335e-01;1.5750000e+02;2.6297510e-01;1.5750000e+02;2.5096846e-01;1.5750000e+02;2.3237857e-01;1.5750000e+02;2.0818765e-01;1.5750000e+02;2.9430095e-02;1.5750000e+02;4.0282413e-02;1.5750000e+02;5.2589376e-02;1.5750000e+02;6.7265913e-02;1.5750000e+02;8.5289113e-02;1.5750000e+02;1.0577056e-01;1.5750000e+02;1.2949601e-01;1.5750000e+02;1.5435530e-01;1.5750000e+02;1.7648688e-01;1.5750000e+02;1.9841999e-01;1.5750000e+02;2.1933520e-01;1.5750000e+02;2.4825883e-01;1.5750000e+02;2.6585275e-01;1.5750000e+02;2.6875335e-01;1.5750000e+02;2.6297510e-01;1.5750000e+02;2.5096846e-01;1.5750000e+02;2.3237857e-01;1.5750000e+02;2.0818765e-01;1.5750000e+02;2.9430095e-02;1.5750000e+02;4.0282413e-02;1.5750000e+02;5.2589376e-02;1.5750000e+02;6.7265913e-02;1.5750000e+02;8.5289113e-02;1.5750000e+02;1.0577056e-01;1.5750000e+02;1.2949601e-01;1.5750000e+02;1.5435530e-01;1.5750000e+02;1.7648688e-01;1.5750000e+02;1.9841999e-01;1.5750000e+02;2.1933520e-01;1.5750000e+02;2.4825883e-01;1.5750000e+02;2.6585275e-01;1.5750000e+02;2.6875335e-01;1.5750000e+02;2.6297510e-01;1.5750000e+02;2.5096846e-01;1.5750000e+02;2.3237857e-01;1.5750000e+02;2.0818765e-01;1.5750000e+02;2.9430095e-02;1.5750000e+02;4.0282413e-02;1.5750000e+02;5.2589376e-02;1.5750000e+02;6.7265913e-02;1.5750000e+02;8.5289113e-02;1.5750000e+02;1.0577056e-01;1.5750000e+02;1.2949601e-01;1.5750000e+02;1.5435530e-01;1.5750000e+02;1.7648688e-01;1.5750000e+02;1.9841999e-01;1.5750000e+02;2.1933520e-01;1.5750000e+02;2.4825883e-01;1.5750000e+02;2.6585275e-01;1.5750000e+02;2.6875335e-01;1.5750000e+02;2.6297510e-01;1.5750000e+02;2.5096846e-01;1.5750000e+02;2.3237857e-01;1.5750000e+02;2.0818765e-01;1.5750000e+02;2.9430095e-02;1.5750000e+02;4.0282413e-02;1.5750000e+02;5.2589376e-02;1.5750000e+02;6.7265913e-02;1.5750000e+02;8.5289113e-02;1.5750000e+02;1.0577056e-01;1.5750000e+02;1.2949601e-01;1.5750000e+02;1.5435530e-01;1.5750000e+02;1.7648688e-01;1.5750000e+02;1.9841999e-01;1.5750000e+02;2.1933520e-01;1.5750000e+02;2.4825883e-01;1.5750000e+02;2.6585275e-01;1.5750000e+02;2.6875335e-01;1.5750000e+02;2.6297510e-01;1.5750000e+02;2.5096846e-01;1.5750000e+02;2.3237857e-01;1.5750000e+02;2.0818765e-01;1.5750000e+02;2.9430095e-02;1.5750000e+02;4.0282413e-02;1.5750000e+02;5.2589376e-02;1.5750000e+02;6.7265913e-02;1.5750000e+02;8.5289113e-02;1.5750000e+02;1.0577056e-01;1.5750000e+02;1.2949601e-01;1.5750000e+02;1.5435530e-01;1.5750000e+02;1.7648688e-01;1.5750000e+02;1.9841999e-01;1.5750000e+02;2.1933520e-01;1.5750000e+02;2.4825883e-01;1.5750000e+02;2.6585275e-01;1.5750000e+02;2.6875335e-01;1.5750000e+02;2.6297510e-01;1.5750000e+02;2.5096846e-01;1.5750000e+02;2.3237857e-01;1.5750000e+02;2.0818765e-01;1.5750000e+02;2.9430095e-02;1.5750000e+02;4.0282413e-02;1.5750000e+02;5.2589376e-02;1.5750000e+02;6.7265913e-02;1.5750000e+02;8.5289113e-02;1.5750000e+02;1.0577056e-01;1.5750000e+02;1.2949601e-01;1.5750000e+02;1.5435530e-01;1.5750000e+02;1.7648688e-01;1.5750000e+02;1.9841999e-01;1.5750000e+02;2.1933520e-01;1.5750000e+02;2.4825883e-01;1.5750000e+02;2.6585275e-01;1.5750000e+02;2.6875335e-01;1.5750000e+02;2.6297510e-01;1.5750000e+02;2.5096846e-01;1.5750000e+02;2.3237857e-01;1.5750000e+02;2.0818765e-01;1.5750000e+02;2.9430095e-02;1.5750000e+02;4.0282413e-02;1.5750000e+02;5.2589376e-02;1.5750000e+02;6.7265913e-02;1.5750000e+02;8.5289113e-02;1.5750000e+02;1.0577056e-01;1.5750000e+02;1.2949601e-01;1.5750000e+02;1.5435530e-01;1.5750000e+02;1.7648688e-01;1.5750000e+02;1.9841999e-01;1.5750000e+02;2.1933520e-01;1.5750000e+02;2.4825883e-01;1.5750000e+02;2.6585275e-01;1.5750000e+02;2.6875335e-01;1.5750000e+02;2.6297510e-01;1.5750000e+02;2.5096846e-01;1.5750000e+02;2.3237857e-01;1.5750000e+02;2.0818765e-01;1.5750000e+02;2.9430095e-02;1.5750000e+02;4.0282413e-02;1.5750000e+02;5.2589376e-02;1.5750000e+02;6.7265913e-02;1.5750000e+02;8.5289113e-02;1.5750000e+02;1.0577056e-01;1.5750000e+02;1.2949601e-01;1.5750000e+02;1.5435530e-01;1.5750000e+02;1.7648688e-01;1.5750000e+02;1.9841999e-01;1.5750000e+02;2.1933520e-01;1.5750000e+02;2.4825883e-01;1.5750000e+02;2.6585275e-01;1.5750000e+02;2.6875335e-01;1.5750000e+02;2.6297510e-01;1.5750000e+02;2.5096846e-01;1.5750000e+02;2.3237857e-01;1.5750000e+02;2.0818765e-01;1.5750000e+02;2.9430095e-02;1.5750000e+02;4.0282413e-02;1.5750000e+02;5.2589376e-02;1.5750000e+02;6.7265913e-02;1.5750000e+02;8.5289113e-02;1.5750000e+02;1.0577056e-01;1.5750000e+02;1.2949601e-01;1.5750000e+02;1.5435530e-01;1.5750000e+02;1.7648688e-01;1.5750000e+02;1.9841999e-01;1.5750000e+02;2.1933520e-01;1.5750000e+02;2.4825883e-01;1.5750000e+02;2.6585275e-01;1.5750000e+02;2.6875335e-01;1.5750000e+02;2.6297510e-01;1.5750000e+02;2.5096846e-01;1.5750000e+02;2.3237857e-01;1.5750000e+02;2.0818765e-01;1.5750000e+02;2.9430095e-02;1.5750000e+02;4.0282413e-02;1.5750000e+02;5.2589376e-02;1.5750000e+02;6.7265913e-02;1.5750000e+02;8.5289113e-02;1.5750000e+02;1.0577056e-01;1.5750000e+02;1.2949601e-01;1.5750000e+02;1.5435530e-01;1.5750000e+02;1.7648688e-01;1.5750000e+02;1.9841999e-01;1.5750000e+02;2.1933520e-01;1.5750000e+02;2.4825883e-01;1.5750000e+02;2.6585275e-01;1.5750000e+02;2.6875335e-01;1.5750000e+02;2.6297510e-01;1.5750000e+02;2.5096846e-01;1.5750000e+02;2.3237857e-01;1.5750000e+02;2.0818765e-01;1.5750000e+02;2.9430095e-02;1.5750000e+02;4.0282413e-02;1.5750000e+02;5.2589376e-02;1.5750000e+02;6.7265913e-02;1.5750000e+02;8.5289113e-02;1.5750000e+02;1.0577056e-01;1.5750000e+02;1.2949601e-01;1.5750000e+02;1.5435530e-01;1.5750000e+02;1.7648688e-01;1.5750000e+02;1.9841999e-01;1.5750000e+02;2.1933520e-01;1.5750000e+02;2.4825883e-01;1.5750000e+02;2.6585275e-01;1.5750000e+02;2.6875335e-01;1.5750000e+02;2.6297510e-01;1.5750000e+02;2.5096846e-01;1.5750000e+02;2.3237857e-01;1.5750000e+02;2.0818765e-01;1.5750000e+02;2.9430095e-02;1.5750000e+02;4.0282413e-02;1.5750000e+02;5.2589376e-02;1.5750000e+02;6.7265913e-02;1.5750000e+02;8.5289113e-02;1.5750000e+02;1.0577056e-01;1.5750000e+02;1.2949601e-01;1.5750000e+02;1.5435530e-01;1.5750000e+02;1.7648688e-01;1.5750000e+02;1.9841999e-01;1.5750000e+02;2.1933520e-01;1.5750000e+02;2.4825883e-01;1.5750000e+02;2.6585275e-01;1.5750000e+02;2.6875335e-01;1.5750000e+02;2.6297510e-01;1.5750000e+02;2.5096846e-01;1.5750000e+02;2.3237857e-01;1.5750000e+02;2.0818765e-01;1.5750000e+02;2.9430095e-02;1.5750000e+02;4.0282413e-02;1.5750000e+02;5.2589376e-02;1.5750000e+02;6.7265913e-02;1.5750000e+02;8.5289113e-02;1.5750000e+02;1.0577056e-01;1.5750000e+02;1.2949601e-01;1.5750000e+02;1.5435530e-01;1.5750000e+02;1.7648688e-01;1.5750000e+02;1.9841999e-01;1.5750000e+02;2.1933520e-01;1.5750000e+02;2.4825883e-01;1.5750000e+02;2.6585275e-01;1.5750000e+02;2.6875335e-01;1.5750000e+02;2.6297510e-01;1.5750000e+02;2.5096846e-01;1.5750000e+02;2.3237857e-01;1.5750000e+02;2.0818765e-01;1.5750000e+02;2.9430095e-02;1.5750000e+02;4.0282413e-02;1.5750000e+02;5.2589376e-02;1.5750000e+02;6.7265913e-02;1.5750000e+02;8.5289113e-02;1.5750000e+02;1.0577056e-01;1.5750000e+02;1.2949601e-01;1.5750000e+02;1.5435530e-01;1.5750000e+02;1.7648688e-01;1.5750000e+02;1.9841999e-01;1.5750000e+02;2.1933520e-01;1.5750000e+02;2.4825883e-01;1.5750000e+02;2.6585275e-01;1.5750000e+02;2.6875335e-01;1.5750000e+02;2.6297510e-01;1.5750000e+02;2.5096846e-01;1.5750000e+02;2.3237857e-01;1.5750000e+02;2.0818765e-01;1.5750000e+02;2.9430095e-02;1.5750000e+02;4.0282413e-02;1.5750000e+02;5.2589376e-02;1.5750000e+02;6.7265913e-02;1.5750000e+02;8.5289113e-02;1.5750000e+02;1.0577056e-01;1.5750000e+02;1.2949601e-01;1.5750000e+02;1.5435530e-01;1.5750000e+02;1.7648688e-01;1.5750000e+02;1.9841999e-01;1.5750000e+02;2.1933520e-01;1.5750000e+02;2.4825883e-01;1.5750000e+02;2.6585275e-01;1.5750000e+02;2.6875335e-01;1.5750000e+02;2.6297510e-01;1.5750000e+02;2.5096846e-01;1.5750000e+02;2.3237857e-01;1.5750000e+02;2.0818765e-01;1.5750000e+02;2.9430095e-02;1.5750000e+02;4.0282413e-02;1.5750000e+02;5.2589376e-02;1.5750000e+02;6.7265913e-02;1.5750000e+02;8.5289113e-02;1.5750000e+02;1.0577056e-01;1.5750000e+02;1.2949601e-01;1.5750000e+02;1.5435530e-01;1.5750000e+02;1.7648688e-01;1.5750000e+02;1.9841999e-01;1.5750000e+02;2.1933520e-01;1.5750000e+02;2.4825883e-01;1.5750000e+02;2.6585275e-01;1.5750000e+02;2.6875335e-01;1.5750000e+02;2.6297510e-01;1.5750000e+02;2.5096846e-01;1.5750000e+02;2.3237857e-01;1.5750000e+02;2.0818765e-01;1.5750000e+02;2.9430095e-02;1.5750000e+02;4.0282413e-02;1.5750000e+02;5.2589376e-02;1.5750000e+02;6.7265913e-02;1.5750000e+02;8.5289113e-02;1.5750000e+02;1.0577056e-01;1.5750000e+02;1.2949601e-01;1.5750000e+02;1.5435530e-01;1.5750000e+02;1.7648688e-01;1.5750000e+02;1.9841999e-01;1.5750000e+02;2.1933520e-01;1.5750000e+02;2.4825883e-01;1.5750000e+02;2.6585275e-01;1.5750000e+02;2.6875335e-01;1.5750000e+02;2.6297510e-01;1.5750000e+02;2.5096846e-01;1.5750000e+02;2.3237857e-01;1.5750000e+02;2.0818765e-01;1.5750000e+02;2.9430095e-02;1.5750000e+02;4.0282413e-02;1.5750000e+02;5.2589376e-02;1.5750000e+02;6.7265913e-02;1.5750000e+02;8.5289113e-02;1.5750000e+02;1.0577056e-01;1.5750000e+02;1.2949601e-01;1.5750000e+02;1.5435530e-01;1.5750000e+02;1.7648688e-01;1.5750000e+02;1.9841999e-01;1.5750000e+02;2.1933520e-01;1.5750000e+02;2.4825883e-01;1.5750000e+02;2.6585275e-01;1.5750000e+02;2.6875335e-01;1.5750000e+02;2.6297510e-01;1.5750000e+02;2.5096846e-01;1.5750000e+02;2.3237857e-01;1.5750000e+02;2.0818765e-01;1.5750000e+02;2.9430095e-02;1.5750000e+02;4.0282413e-02;1.5750000e+02;5.2589376e-02;1.5750000e+02;6.7265913e-02;1.5750000e+02;8.5289113e-02;1.5750000e+02;1.0577056e-01;1.5750000e+02;1.2949601e-01;1.5750000e+02;1.5435530e-01;1.5750000e+02;1.7648688e-01;1.5750000e+02;1.9841999e-01;1.5750000e+02;2.1933520e-01;1.5750000e+02;2.4825883e-01;1.5750000e+02;2.6585275e-01;1.5750000e+02;2.6875335e-01;1.5750000e+02;2.6297510e-01;1.5750000e+02;2.5096846e-01;1.5750000e+02;2.3237857e-01;1.5750000e+02;2.0818765e-01;1.5750000e+02;2.9430095e-02;1.5750000e+02;4.0282413e-02;1.5750000e+02;5.2589376e-02;1.5750000e+02;6.7265913e-02;1.5750000e+02;8.5289113e-02;1.5750000e+02;1.0577056e-01;1.5750000e+02;1.2949601e-01;1.5750000e+02;1.5435530e-01;1.5750000e+02;1.7648688e-01;1.5750000e+02;1.9841999e-01;1.5750000e+02;2.1933520e-01;1.5750000e+02;2.4825883e-01;1.5750000e+02;2.6585275e-01;1.5750000e+02;2.6875335e-01;1.5750000e+02;2.6297510e-01;1.5750000e+02;2.5096846e-01;1.5750000e+02;2.3237857e-01;1.5750000e+02;2.0818765e-01;1.5750000e+02;2.9430095e-02;1.5750000e+02;4.0282413e-02;1.5750000e+02;5.2589376e-02;1.5750000e+02;6.7265913e-02;1.5750000e+02;8.5289113e-02;1.5750000e+02;1.0577056e-01;1.5750000e+02;1.2949601e-01;1.5750000e+02;1.5435530e-01;1.5750000e+02;1.7648688e-01;1.5750000e+02;1.9841999e-01;1.5750000e+02;2.1933520e-01;1.5750000e+02;2.4825883e-01;1.5750000e+02;2.6585275e-01;1.5750000e+02;2.6875335e-01;1.5750000e+02;2.6297510e-01;1.5750000e+02;2.5096846e-01;1.5750000e+02;2.3237857e-01;1.5750000e+02;2.0818765e-01;1.5750000e+02;2.9430095e-02;1.5750000e+02;4.0282413e-02;1.5750000e+02;5.2589376e-02;1.5750000e+02;6.7265913e-02;1.5750000e+02;8.5289113e-02;1.5750000e+02;1.0577056e-01;1.5750000e+02;1.2949601e-01;1.5750000e+02;1.5435530e-01;1.5750000e+02;1.7648688e-01;1.5750000e+02;1.9841999e-01;1.5750000e+02;2.1933520e-01;1.5750000e+02;2.4825883e-01;1.5750000e+02;2.6585275e-01;1.5750000e+02;2.6875335e-01;1.5750000e+02;2.6297510e-01;1.5750000e+02;2.5096846e-01;1.5750000e+02;2.3237857e-01;1.5750000e+02;2.0818765e-01;1.5750000e+02;2.9430095e-02;1.5750000e+02;4.0282413e-02;1.5750000e+02;5.2589376e-02;1.5750000e+02;6.7265913e-02;1.5750000e+02;8.5289113e-02;1.5750000e+02;1.0577056e-01;1.5750000e+02;1.2949601e-01;1.5750000e+02;1.5435530e-01;1.5750000e+02;1.7648688e-01;1.5750000e+02;1.9841999e-01;1.5750000e+02;2.1933520e-01;1.5750000e+02;2.4825883e-01;1.5750000e+02;2.6585275e-01;1.5750000e+02;2.6875335e-01;1.5750000e+02;2.6297510e-01;1.5750000e+02;2.5096846e-01;1.5750000e+02;2.3237857e-01;1.5750000e+02;2.0818765e-01;1.5750000e+02;2.9430095e-02;1.5750000e+02;4.0282413e-02;1.5750000e+02;5.2589376e-02;1.5750000e+02;6.7265913e-02;1.5750000e+02;8.5289113e-02;1.5750000e+02;1.0577056e-01;1.5750000e+02;1.2949601e-01;1.5750000e+02;1.5435530e-01;1.5750000e+02;1.7648688e-01;1.5750000e+02;1.9841999e-01;1.5750000e+02;2.1933520e-01;1.5750000e+02;2.4825883e-01;1.5750000e+02;2.6585275e-01;1.5750000e+02;2.6875335e-01;1.5750000e+02;2.6297510e-01;1.5750000e+02;2.5096846e-01;1.5750000e+02;2.3237857e-01;1.5750000e+02;2.0818765e-01;1.5750000e+02;2.9430095e-02;1.5750000e+02;4.0282413e-02;1.5750000e+02;5.2589376e-02;1.5750000e+02;6.7265913e-02;1.5750000e+02;8.5289113e-02;1.5750000e+02;1.0577056e-01;1.5750000e+02;1.2949601e-01;1.5750000e+02;1.5435530e-01;1.5750000e+02;1.7648688e-01;1.5750000e+02;1.9841999e-01;1.5750000e+02;2.1933520e-01;1.5750000e+02;2.4825883e-01;1.5750000e+02;2.6585275e-01;1.5750000e+02;2.6875335e-01;1.5750000e+02;2.6297510e-01;1.5750000e+02;2.5096846e-01;1.5750000e+02;2.3237857e-01;1.5750000e+02;2.0818765e-01;1.5750000e+02;2.9430095e-02;1.5750000e+02;4.0282413e-02;1.5750000e+02;5.2589376e-02;1.5750000e+02;6.7265913e-02;1.5750000e+02;8.5289113e-02;1.5750000e+02;1.0577056e-01;1.5750000e+02;1.2949601e-01;1.5750000e+02;1.5435530e-01;1.5750000e+02;1.7648688e-01;1.5750000e+02;1.9841999e-01;1.5750000e+02;2.1933520e-01;1.5750000e+02;2.4825883e-01;1.5750000e+02;2.6585275e-01;1.5750000e+02;2.6875335e-01;1.5750000e+02;2.6297510e-01;1.5750000e+02;2.5096846e-01;1.5750000e+02;2.3237857e-01;1.5750000e+02;2.0818765e-01;1.5750000e+02;2.9430095e-02;1.5750000e+02;4.0282413e-02;1.5750000e+02;5.2589376e-02;1.5750000e+02;6.7265913e-02;1.5750000e+02;8.5289113e-02;1.5750000e+02;1.0577056e-01;1.5750000e+02;1.2949601e-01;1.5750000e+02;1.5435530e-01;1.5750000e+02;1.7648688e-01;1.5750000e+02;1.9841999e-01;1.5750000e+02;2.1933520e-01;1.5750000e+02;2.4825883e-01;1.5750000e+02;2.6585275e-01;1.5750000e+02;2.6875335e-01;1.5750000e+02;2.6297510e-01;1.5750000e+02;2.5096846e-01;1.5750000e+02;2.3237857e-01;1.5750000e+02;2.0818765e-01
1.6250000e+02;3.2530747e-02;1.6250000e+02;4.4588417e-02;1.6250000e+02;5.8160227e-02;1.6250000e+02;7.4033082e-02;1.6250000e+02;9.1206506e-02;1.6250000e+02;1.1151896e-01;1.6250000e+02;1.3403267e-01;1.6250000e+02;1.5819182e-01;1.6250000e+02;1.8419681e-01;1.6250000e+02;2.1058488e-01;1.6250000e+02;2.3379318e-01;1.6250000e+02;2.6177925e-01;1.6250000e+02;2.7484819e-01;1.6250000e+02;2.7564970e-01;1.6250000e+02;2.6863933e-01;1.6250000e+02;2.5571865e-01;1.6250000e+02;2.3644176e-01;1.6250000e+02;2.1197379e-01;1.6250000e+02;3.2530747e-02;1.6250000e+02;4.4588417e-02;1.6250000e+02;5.8160227e-02;1.6250000e+02;7.4033082e-02;1.6250000e+02;9.1206506e-02;1.6250000e+02;1.1151896e-01;1.6250000e+02;1.3403267e-01;1.6250000e+02;1.5819182e-01;1.6250000e+02;1.8419681e-01;1.6250000e+02;2.1058488e-01;1.6250000e+02;2.3379318e-01;1.6250000e+02;2.6177925e-01;1.6250000e+02;2.7484819e-01;1.6250000e+02;2.7564970e-01;1.6250000e+02;2.6863933e-01;1.6250000e+02;2.5571865e-01;1.6250000e+02;2.3644176e-01;1.6250000e+02;2.1197379e-01;1.6250000e+02;3.2530747e-02;1.6250000e+02;4.4588417e-02;1.6250000e+02;5.8160227e-02;1.6250000e+02;7.4033082e-02;1.6250000e+02;9.1206506e-02;1.6250000e+02;1.1151896e-01;1.6250000e+02;1.3403267e-01;1.6250000e+02;1.5819182e-01;1.6250000e+02;1.8419681e-01;1.6250000e+02;2.1058488e-01;1.6250000e+02;2.3379318e-01;1.6250000e+02;2.6177925e-01;1.6250000e+02;2.7484819e-01;1.6250000e+02;2.7564970e-01;1.6250000e+02;2.6863933e-01;1.6250000e+02;2.5571865e-01;1.6250000e+02;2.3644176e-01;1.6250000e+02;2.1197379e-01;1.6250000e+02;3.2530747e-02;1.6250000e+02;4.4588417e-02;1.6250000e+02;5.8160227e-02;1.6250000e+02;7.4033082e-02;1.6250000e+02;9.1206506e-02;1.6250000e+02;1.1151896e-01;1.6250000e+02;1.3403267e-01;1.6250000e+02;1.5819182e-01;1.6250000e+02;1.8419681e-01;1.6250000e+02;2.1058488e-01;1.6250000e+02;2.3379318e-01;1.6250000e+02;2.6177925e-01;1.6250000e+02;2.7484819e-01;1.6250000e+02;2.7564970e-01;1.6250000e+02;2.6863933e-01;1.6250000e+02;2.5571865e-01;1.6250000e+02;2.3644176e-01;1.6250000e+02;2.1197379e-01;1.6250000e+02;3.2530747e-02;1.6250000e+02;4.4588417e-02;1.6250000e+02;5.8160227e-02;1.6250000e+02;7.4033082e-02;1.6250000e+02;9.1206506e-02;1.6250000e+02;1.1151896e-01;1.6250000e+02;1.3403267e-01;1.6250000e+02;1.5819182e-01;1.6250000e+02;1.8419681e-01;1.6250000e+02;2.1058488e-01;1.6250000e+02;2.3379318e-01;1.6250000e+02;2.6177925e-01;1.6250000e+02;2.7484819e-01;1.6250000e+02;2.7564970e-01;1.6250000e+02;2.6863933e-01;1.6250000e+02;2.5571865e-01;1.6250000e+02;2.3644176e-01;1.6250000e+02;2.1197379e-01;1.6250000e+02;3.2530747e-02;1.6250000e+02;4.4588417e-02;1.6250000e+02;5.8160227e-02;1.6250000e+02;7.4033082e-02;1.6250000e+02;9.1206506e-02;1.6250000e+02;1.1151896e-01;1.6250000e+02;1.3403267e-01;1.6250000e+02;1.5819182e-01;1.6250000e+02;1.8419681e-01;1.6250000e+02;2.1058488e-01;1.6250000e+02;2.3379318e-01;1.6250000e+02;2.6177925e-01;1.6250000e+02;2.7484819e-01;1.6250000e+02;2.7564970e-01;1.6250000e+02;2.6863933e-01;1.6250000e+02;2.5571865e-01;1.6250000e+02;2.3644176e-01;1.6250000e+02;2.1197379e-01;1.6250000e+02;3.2530747e-02;1.6250000e+02;4.4588417e-02;1.6250000e+02;5.8160227e-02;1.6250000e+02;7.4033082e-02;1.6250000e+02;9.1206506e-02;1.6250000e+02;1.1151896e-01;1.6250000e+02;1.3403267e-01;1.6250000e+02;1.5819182e-01;1.6250000e+02;1.8419681e-01;1.6250000e+02;2.1058488e-01;1.6250000e+02;2.3379318e-01;1.6250000e+02;2.6177925e-01;1.6250000e+02;2.7484819e-01;1.6250000e+02;2.7564970e-01;1.6250000e+02;2.6863933e-01;1.6250000e+02;2.5571865e-01;1.6250000e+02;2.3644176e-01;1.6250000e+02;2.1197379e-01;1.6250000e+02;3.2530747e-02;1.6250000e+02;4.4588417e-02;1.6250000e+02;5.8160227e-02;1.6250000e+02;7.4033082e-02;1.6250000e+02;9.1206506e-02;1.6250000e+02;1.1151896e-01;1.6250000e+02;1.3403267e-01;1.6250000e+02;1.5819182e-01;1.6250000e+02;1.8419681e-01;1.6250000e+02;2.1058488e-01;1.6250000e+02;2.3379318e-01;1.6250000e+02;2.6177925e-01;1.6250000e+02;2.7484819e-01;1.6250000e+02;2.7564970e-01;1.6250000e+02;2.6863933e-01;1.6250000e+02;2.5571865e-01;1.6250000e+02;2.3644176e-01;1.6250000e+02;2.1197379e-01;1.6250000e+02;3.2530747e-02;1.6250000e+02;4.4588417e-02;1.6250000e+02;5.8160227e-02;1.6250000e+02;7.4033082e-02;1.6250000e+02;9.1206506e-02;1.6250000e+02;1.1151896e-01;1.6250000e+02;1.3403267e-01;1.6250000e+02;1.5819182e-01;1.6250000e+02;1.8419681e-01;1.6250000e+02;2.1058488e-01;1.6250000e+02;2.3379318e-01;1.6250000e+02;2.6177925e-01;1.6250000e+02;2.7484819e-01;1.6250000e+02;2.7564970e-01;1.6250000e+02;2.6863933e-01;1.6250000e+02;2.5571865e-01;1.6250000e+02;2.3644176e-01;1.6250000e+02;2.1197379e-01;1.6250000e+02;3.2530747e-02;1.6250000e+02;4.4588417e-02;1.6250000e+02;5.8160227e-02;1.6250000e+02;7.4033082e-02;1.6250000e+02;9.1206506e-02;1.6250000e+02;1.1151896e-01;1.6250000e+02;1.3403267e-01;1.6250000e+02;1.5819182e-01;1.6250000e+02;1.8419681e-01;1.6250000e+02;2.1058488e-01;1.6250000e+02;2.3379318e-01;1.6250000e+02;2.6177925e-01;1.6250000e+02;2.7484819e-01;1.6250000e+02;2.7564970e-01;1.6250000e+02;2.6863933e-01;1.6250000e+02;2.5571865e-01;1.6250000e+02;2.3644176e-01;1.6250000e+02;2.1197379e-01;1.6250000e+02;3.2530747e-02;1.6250000e+02;4.4588417e-02;1.6250000e+02;5.8160227e-02;1.6250000e+02;7.4033082e-02;1.6250000e+02;9.1206506e-02;1.6250000e+02;1.1151896e-01;1.6250000e+02;1.3403267e-01;1.6250000e+02;1.5819182e-01;1.6250000e+02;1.8419681e-01;1.6250000e+02;2.1058488e-01;1.6250000e+02;2.3379318e-01;1.6250000e+02;2.6177925e-01;1.6250000e+02;2.7484819e-01;1.6250000e+02;2.7564970e-01;1.6250000e+02;2.6863933e-01;1.6250000e+02;2.5571865e-01;1.6250000e+02;2.3644176e-01;1.6250000e+02;2.1197379e-01;1.6250000e+02;3.2530747e-02;1.6250000e+02;4.4588417e-02;1.6250000e+02;5.8160227e-02;1.6250000e+02;7.4033082e-02;1.6250000e+02;9.1206506e-02;1.6250000e+02;1.1151896e-01;1.6250000e+02;1.3403267e-01;1.6250000e+02;1.5819182e-01;1.6250000e+02;1.8419681e-01;1.6250000e+02;2.1058488e-01;1.6250000e+02;2.3379318e-01;1.6250000e+02;2.6177925e-01;1.6250000e+02;2.7484819e-01;1.6250000e+02;2.7564970e-01;1.6250000e+02;2.6863933e-01;1.6250000e+02;2.5571865e-01;1.6250000e+02;2.3644176e-01;1.6250000e+02;2.1197379e-01;1.6250000e+02;3.2530747e-02;1.6250000e+02;4.4588417e-02;1.6250000e+02;5.8160227e-02;1.6250000e+02;7.4033082e-02;1.6250000e+02;9.1206506e-02;1.6250000e+02;1.1151896e-01;1.6250000e+02;1.3403267e-01;1.6250000e+02;1.5819182e-01;1.6250000e+02;1.8419681e-01;1.6250000e+02;2.1058488e-01;1.6250000e+02;2.3379318e-01;1.6250000e+02;2.6177925e-01;1.6250000e+02;2.7484819e-01;1.6250000e+02;2.7564970e-01;1.6250000e+02;2.6863933e-01;1.6250000e+02;2.5571865e-01;1.6250000e+02;2.3644176e-01;1.6250000e+02;2.1197379e-01;1.6250000e+02;3.2530747e-02;1.6250000e+02;4.4588417e-02;1.6250000e+02;5.8160227e-02;1.6250000e+02;7.4033082e-02;1.6250000e+02;9.1206506e-02;1.6250000e+02;1.1151896e-01;1.6250000e+02;1.3403267e-01;1.6250000e+02;1.5819182e-01;1.6250000e+02;1.8419681e-01;1.6250000e+02;2.1058488e-01;1.6250000e+02;2.3379318e-01;1.6250000e+02;2.6177925e-01;1.6250000e+02;2.7484819e-01;1.6250000e+02;2.7564970e-01;1.6250000e+02;2.6863933e-01;1.6250000e+02;2.5571865e-01;1.6250000e+02;2.3644176e-01;1.6250000e+02;2.1197379e-01;1.6250000e+02;3.2530747e-02;1.6250000e+02;4.4588417e-02;1.6250000e+02;5.8160227e-02;1.6250000e+02;7.4033082e-02;1.6250000e+02;9.1206506e-02;1.6250000e+02;1.1151896e-01;1.6250000e+02;1.3403267e-01;1.6250000e+02;1.5819182e-01;1.6250000e+02;1.8419681e-01;1.6250000e+02;2.1058488e-01;1.6250000e+02;2.3379318e-01;1.6250000e+02;2.6177925e-01;1.6250000e+02;2.7484819e-01;1.6250000e+02;2.7564970e-01;1.6250000e+02;2.6863933e-01;1.6250000e+02;2.5571865e-01;1.6250000e+02;2.3644176e-01;1.6250000e+02;2.1197379e-01;1.6250000e+02;3.2530747e-02;1.6250000e+02;4.4588417e-02;1.6250000e+02;5.8160227e-02;1.6250000e+02;7.4033082e-02;1.6250000e+02;9.1206506e-02;1.6250000e+02;1.1151896e-01;1.6250000e+02;1.3403267e-01;1.6250000e+02;1.5819182e-01;1.6250000e+02;1.8419681e-01;1.6250000e+02;2.1058488e-01;1.6250000e+02;2.3379318e-01;1.6250000e+02;2.6177925e-01;1.6250000e+02;2.7484819e-01;1.6250000e+02;2.7564970e-01;1.6250000e+02;2.6863933e-01;1.6250000e+02;2.5571865e-01;1.6250000e+02;2.3644176e-01;1.6250000e+02;2.1197379e-01;1.6250000e+02;3.2530747e-02;1.6250000e+02;4.4588417e-02;1.6250000e+02;5.8160227e-02;1.6250000e+02;7.4033082e-02;1.6250000e+02;9.1206506e-02;1.6250000e+02;1.1151896e-01;1.6250000e+02;1.3403267e-01;1.6250000e+02;1.5819182e-01;1.6250000e+02;1.8419681e-01;1.6250000e+02;2.1058488e-01;1.6250000e+02;2.3379318e-01;1.6250000e+02;2.6177925e-01;1.6250000e+02;2.7484819e-01;1.6250000e+02;2.7564970e-01;1.6250000e+02;2.6863933e-01;1.6250000e+02;2.5571865e-01;1.6250000e+02;2.3644176e-01;1.6250000e+02;2.1197379e-01;1.6250000e+02;3.2530747e-02;1.6250000e+02;4.4588417e-02;1.6250000e+02;5.8160227e-02;1.6250000e+02;7.4033082e-02;1.6250000e+02;9.1206506e-02;1.6250000e+02;1.1151896e-01;1.6250000e+02;1.3403267e-01;1.6250000e+02;1.5819182e-01;1.6250000e+02;1.8419681e-01;1.6250000e+02;2.1058488e-01;1.6250000e+02;2.3379318e-01;1.6250000e+02;2.6177925e-01;1.6250000e+02;2.7484819e-01;1.6250000e+02;2.7564970e-01;1.6250000e+02;2.6863933e-01;1.6250000e+02;2.5571865e-01;1.6250000e+02;2.3644176e-01;1.6250000e+02;2.1197379e-01;1.6250000e+02;3.2530747e-02;1.6250000e+02;4.4588417e-02;1.6250000e+02;5.8160227e-02;1.6250000e+02;7.4033082e-02;1.6250000e+02;9.1206506e-02;1.6250000e+02;1.1151896e-01;1.6250000e+02;1.3403267e-01;1.6250000e+02;1.5819182e-01;1.6250000e+02;1.8419681e-01;1.6250000e+02;2.1058488e-01;1.6250000e+02;2.3379318e-01;1.6250000e+02;2.6177925e-01;1.6250000e+02;2.7484819e-01;1.6250000e+02;2.7564970e-01;1.6250000e+02;2.6863933e-01;1.6250000e+02;2.5571865e-01;1.6250000e+02;2.3644176e-01;1.6250000e+02;2.1197379e-01;1.6250000e+02;3.2530747e-02;1.6250000e+02;4.4588417e-02;1.6250000e+02;5.8160227e-02;1.6250000e+02;7.4033082e-02;1.6250000e+02;9.1206506e-02;1.6250000e+02;1.1151896e-01;1.6250000e+02;1.3403267e-01;1.6250000e+02;1.5819182e-01;1.6250000e+02;1.8419681e-01;1.6250000e+02;2.1058488e-01;1.6250000e+02;2.3379318e-01;1.6250000e+02;2.6177925e-01;1.6250000e+02;2.7484819e-01;1.6250000e+02;2.7564970e-01;1.6250000e+02;2.6863933e-01;1.6250000e+02;2.5571865e-01;1.6250000e+02;2.3644176e-01;1.6250000e+02;2.1197379e-01;1.6250000e+02;3.2530747e-02;1.6250000e+02;4.4588417e-02;1.6250000e+02;5.8160227e-02;1.6250000e+02;7.4033082e-02;1.6250000e+02;9.1206506e-02;1.6250000e+02;1.1151896e-01;1.6250000e+02;1.3403267e-01;1.6250000e+02;1.5819182e-01;1.6250000e+02;1.8419681e-01;1.6250000e+02;2.1058488e-01;1.6250000e+02;2.3379318e-01;1.6250000e+02;2.6177925e-01;1.6250000e+02;2.7484819e-01;1.6250000e+02;2.7564970e-01;1.6250000e+02;2.6863933e-01;1.6250000e+02;2.5571865e-01;1.6250000e+02;2.3644176e-01;1.6250000e+02;2.1197379e-01;1.6250000e+02;3.2530747e-02;1.6250000e+02;4.4588417e-02;1.6250000e+02;5.8160227e-02;1.6250000e+02;7.4033082e-02;1.6250000e+02;9.1206506e-02;1.6250000e+02;1.1151896e-01;1.6250000e+02;1.3403267e-01;1.6250000e+02;1.5819182e-01;1.6250000e+02;1.8419681e-01;1.6250000e+02;2.1058488e-01;1.6250000e+02;2.3379318e-01;1.6250000e+02;2.6177925e-01;1.6250000e+02;2.7484819e-01;1.6250000e+02;2.7564970e-01;1.6250000e+02;2.6863933e-01;1.6250000e+02;2.5571865e-01;1.6250000e+02;2.3644176e-01;1.6250000e+02;2.1197379e-01;1.6250000e+02;3.2530747e-02;1.6250000e+02;4.4588417e-02;1.6250000e+02;5.8160227e-02;1.6250000e+02;7.4033082e-02;1.6250000e+02;9.1206506e-02;1.6250000e+02;1.1151896e-01;1.6250000e+02;1.3403267e-01;1.6250000e+02;1.5819182e-01;1.6250000e+02;1.8419681e-01;1.6250000e+02;2.1058488e-01;1.6250000e+02;2.3379318e-01;1.6250000e+02;2.6177925e-01;1.6250000e+02;2.7484819e-01;1.6250000e+02;2.7564970e-01;1.6250000e+02;2.6863933e-01;1.6250000e+02;2.5571865e-01;1.6250000e+02;2.3644176e-01;1.6250000e+02;2.1197379e-01;1.6250000e+02;3.2530747e-02;1.6250000e+02;4.4588417e-02;1.6250000e+02;5.8160227e-02;1.6250000e+02;7.4033082e-02;1.6250000e+02;9.1206506e-02;1.6250000e+02;1.1151896e-01;1.6250000e+02;1.3403267e-01;1.6250000e+02;1.5819182e-01;1.6250000e+02;1.8419681e-01;1.6250000e+02;2.1058488e-01;1.6250000e+02;2.3379318e-01;1.6250000e+02;2.6177925e-01;1.6250000e+02;2.7484819e-01;1.6250000e+02;2.7564970e-01;1.6250000e+02;2.6863933e-01;1.6250000e+02;2.5571865e-01;1.6250000e+02;2.3644176e-01;1.6250000e+02;2.1197379e-01;1.6250000e+02;3.2530747e-02;1.6250000e+02;4.4588417e-02;1.6250000e+02;5.8160227e-02;1.6250000e+02;7.4033082e-02;1.6250000e+02;9.1206506e-02;1.6250000e+02;1.1151896e-01;1.6250000e+02;1.3403267e-01;1.6250000e+02;1.5819182e-01;1.6250000e+02;1.8419681e-01;1.6250000e+02;2.1058488e-01;1.6250000e+02;2.3379318e-01;1.6250000e+02;2.6177925e-01;1.6250000e+02;2.7484819e-01;1.6250000e+02;2.7564970e-01;1.6250000e+02;2.6863933e-01;1.6250000e+02;2.5571865e-01;1.6250000e+02;2.3644176e-01;1.6250000e+02;2.1197379e-01;1.6250000e+02;3.2530747e-02;1.6250000e+02;4.4588417e-02;1.6250000e+02;5.8160227e-02;1.6250000e+02;7.4033082e-02;1.6250000e+02;9.1206506e-02;1.6250000e+02;1.1151896e-01;1.6250000e+02;1.3403267e-01;1.6250000e+02;1.5819182e-01;1.6250000e+02;1.8419681e-01;1.6250000e+02;2.1058488e-01;1.6250000e+02;2.3379318e-01;1.6250000e+02;2.6177925e-01;1.6250000e+02;2.7484819e-01;1.6250000e+02;2.7564970e-01;1.6250000e+02;2.6863933e-01;1.6250000e+02;2.5571865e-01;1.6250000e+02;2.3644176e-01;1.6250000e+02;2.1197379e-01;1.6250000e+02;3.2530747e-02;1.6250000e+02;4.4588417e-02;1.6250000e+02;5.8160227e-02;1.6250000e+02;7.4033082e-02;1.6250000e+02;9.1206506e-02;1.6250000e+02;1.1151896e-01;1.6250000e+02;1.3403267e-01;1.6250000e+02;1.5819182e-01;1.6250000e+02;1.8419681e-01;1.6250000e+02;2.1058488e-01;1.6250000e+02;2.3379318e-01;1.6250000e+02;2.6177925e-01;1.6250000e+02;2.7484819e-01;1.6250000e+02;2.7564970e-01;1.6250000e+02;2.6863933e-01;1.6250000e+02;2.5571865e-01;1.6250000e+02;2.3644176e-01;1.6250000e+02;2.1197379e-01;1.6250000e+02;3.2530747e-02;1.6250000e+02;4.4588417e-02;1.6250000e+02;5.8160227e-02;1.6250000e+02;7.4033082e-02;1.6250000e+02;9.1206506e-02;1.6250000e+02;1.1151896e-01;1.6250000e+02;1.3403267e-01;1.6250000e+02;1.5819182e-01;1.6250000e+02;1.8419681e-01;1.6250000e+02;2.1058488e-01;1.6250000e+02;2.3379318e-01;1.6250000e+02;2.6177925e-01;1.6250000e+02;2.7484819e-01;1.6250000e+02;2.7564970e-01;1.6250000e+02;2.6863933e-01;1.6250000e+02;2.5571865e-01;1.6250000e+02;2.3644176e-01;1.6250000e+02;2.1197379e-01;1.6250000e+02;3.2530747e-02;1.6250000e+02;4.4588417e-02;1.6250000e+02;5.8160227e-02;1.6250000e+02;7.4033082e-02;1.6250000e+02;9.1206506e-02;1.6250000e+02;1.1151896e-01;1.6250000e+02;1.3403267e-01;1.6250000e+02;1.5819182e-01;1.6250000e+02;1.8419681e-01;1.6250000e+02;2.1058488e-01;1.6250000e+02;2.3379318e-01;1.6250000e+02;2.6177925e-01;1.6250000e+02;2.7484819e-01;1.6250000e+02;2.7564970e-01;1.6250000e+02;2.6863933e-01;1.6250000e+02;2.5571865e-01;1.6250000e+02;2.3644176e-01;1.6250000e+02;2.1197379e-01;1.6250000e+02;3.2530747e-02;1.6250000e+02;4.4588417e-02;1.6250000e+02;5.8160227e-02;1.6250000e+02;7.4033082e-02;1.6250000e+02;9.1206506e-02;1.6250000e+02;1.1151896e-01;1.6250000e+02;1.3403267e-01;1.6250000e+02;1.5819182e-01;1.6250000e+02;1.8419681e-01;1.6250000e+02;2.1058488e-01;1.6250000e+02;2.3379318e-01;1.6250000e+02;2.6177925e-01;1.6250000e+02;2.7484819e-01;1.6250000e+02;2.7564970e-01;1.6250000e+02;2.6863933e-01;1.6250000e+02;2.5571865e-01;1.6250000e+02;2.3644176e-01;1.6250000e+02;2.1197379e-01;1.6250000e+02;3.2530747e-02;1.6250000e+02;4.4588417e-02;1.6250000e+02;5.8160227e-02;1.6250000e+02;7.4033082e-02;1.6250000e+02;9.1206506e-02;1.6250000e+02;1.1151896e-01;1.6250000e+02;1.3403267e-01;1.6250000e+02;1.5819182e-01;1.6250000e+02;1.8419681e-01;1.6250000e+02;2.1058488e-01;1.6250000e+02;2.3379318e-01;1.6250000e+02;2.6177925e-01;1.6250000e+02;2.7484819e-01;1.6250000e+02;2.7564970e-01;1.6250000e+02;2.6863933e-01;1.6250000e+02;2.5571865e-01;1.6250000e+02;2.3644176e-01;1.6250000e+02;2.1197379e-01;1.6250000e+02;3.2530747e-02;1.6250000e+02;4.4588417e-02;1.6250000e+02;5.8160227e-02;1.6250000e+02;7.4033082e-02;1.6250000e+02;9.1206506e-02;1.6250000e+02;1.1151896e-01;1.6250000e+02;1.3403267e-01;1.6250000e+02;1.5819182e-01;1.6250000e+02;1.8419681e-01;1.6250000e+02;2.1058488e-01;1.6250000e+02;2.3379318e-01;1.6250000e+02;2.6177925e-01;1.6250000e+02;2.7484819e-01;1.6250000e+02;2.7564970e-01;1.6250000e+02;2.6863933e-01;1.6250000e+02;2.5571865e-01;1.6250000e+02;2.3644176e-01;1.6250000e+02;2.1197379e-01;1.6250000e+02;3.2530747e-02;1.6250000e+02;4.4588417e-02;1.6250000e+02;5.8160227e-02;1.6250000e+02;7.4033082e-02;1.6250000e+02;9.1206506e-02;1.6250000e+02;1.1151896e-01;1.6250000e+02;1.3403267e-01;1.6250000e+02;1.5819182e-01;1.6250000e+02;1.8419681e-01;1.6250000e+02;2.1058488e-01;1.6250000e+02;2.3379318e-01;1.6250000e+02;2.6177925e-01;1.6250000e+02;2.7484819e-01;1.6250000e+02;2.7564970e-01;1.6250000e+02;2.6863933e-01;1.6250000e+02;2.5571865e-01;1.6250000e+02;2.3644176e-01;1.6250000e+02;2.1197379e-01;1.6250000e+02;3.2530747e-02;1.6250000e+02;4.4588417e-02;1.6250000e+02;5.8160227e-02;1.6250000e+02;7.4033082e-02;1.6250000e+02;9.1206506e-02;1.6250000e+02;1.1151896e-01;1.6250000e+02;1.3403267e-01;1.6250000e+02;1.5819182e-01;1.6250000e+02;1.8419681e-01;1.6250000e+02;2.1058488e-01;1.6250000e+02;2.3379318e-01;1.6250000e+02;2.6177925e-01;1.6250000e+02;2.7484819e-01;1.6250000e+02;2.7564970e-01;1.6250000e+02;2.6863933e-01;1.6250000e+02;2.5571865e-01;1.6250000e+02;2.3644176e-01;1.6250000e+02;2.1197379e-01;1.6250000e+02;3.2530747e-02;1.6250000e+02;4.4588417e-02;1.6250000e+02;5.8160227e-02;1.6250000e+02;7.4033082e-02;1.6250000e+02;9.1206506e-02;1.6250000e+02;1.1151896e-01;1.6250000e+02;1.3403267e-01;1.6250000e+02;1.5819182e-01;1.6250000e+02;1.8419681e-01;1.6250000e+02;2.1058488e-01;1.6250000e+02;2.3379318e-01;1.6250000e+02;2.6177925e-01;1.6250000e+02;2.7484819e-01;1.6250000e+02;2.7564970e-01;1.6250000e+02;2.6863933e-01;1.6250000e+02;2.5571865e-01;1.6250000e+02;2.3644176e-01;1.6250000e+02;2.1197379e-01;1.6250000e+02;3.2530747e-02;1.6250000e+02;4.4588417e-02;1.6250000e+02;5.8160227e-02;1.6250000e+02;7.4033082e-02;1.6250000e+02;9.1206506e-02;1.6250000e+02;1.1151896e-01;1.6250000e+02;1.3403267e-01;1.6250000e+02;1.5819182e-01;1.6250000e+02;1.8419681e-01;1.6250000e+02;2.1058488e-01;1.6250000e+02;2.3379318e-01;1.6250000e+02;2.6177925e-01;1.6250000e+02;2.7484819e-01;1.6250000e+02;2.7564970e-01;1.6250000e+02;2.6863933e-01;1.6250000e+02;2.5571865e-01;1.6250000e+02;2.3644176e-01;1.6250000e+02;2.1197379e-01;1.6250000e+02;3.2530747e-02;1.6250000e+02;4.4588417e-02;1.6250000e+02;5.8160227e-02;1.6250000e+02;7.4033082e-02;1.6250000e+02;9.1206506e-02;1.6250000e+02;1.1151896e-01;1.6250000e+02;1.3403267e-01;1.6250000e+02;1.5819182e-01;1.6250000e+02;1.8419681e-01;1.6250000e+02;2.1058488e-01;1.6250000e+02;2.3379318e-01;1.6250000e+02;2.6177925e-01;1.6250000e+02;2.7484819e-01;1.6250000e+02;2.7564970e-01;1.6250000e+02;2.6863933e-01;1.6250000e+02;2.5571865e-01;1.6250000e+02;2.3644176e-01;1.6250000e+02;2.1197379e-01;1.6250000e+02;3.2530747e-02;1.6250000e+02;4.4588417e-02;1.6250000e+02;5.8160227e-02;1.6250000e+02;7.4033082e-02;1.6250000e+02;9.1206506e-02;1.6250000e+02;1.1151896e-01;1.6250000e+02;1.3403267e-01;1.6250000e+02;1.5819182e-01;1.6250000e+02;1.8419681e-01;1.6250000e+02;2.1058488e-01;1.6250000e+02;2.3379318e-01;1.6250000e+02;2.6177925e-01;1.6250000e+02;2.7484819e-01;1.6250000e+02;2.7564970e-01;1.6250000e+02;2.6863933e-01;1.6250000e+02;2.5571865e-01;1.6250000e+02;2.3644176e-01;1.6250000e+02;2.1197379e-01;1.6250000e+02;3.2530747e-02;1.6250000e+02;4.4588417e-02;1.6250000e+02;5.8160227e-02;1.6250000e+02;7.4033082e-02;1.6250000e+02;9.1206506e-02;1.6250000e+02;1.1151896e-01;1.6250000e+02;1.3403267e-01;1.6250000e+02;1.5819182e-01;1.6250000e+02;1.8419681e-01;1.6250000e+02;2.1058488e-01;1.6250000e+02;2.3379318e-01;1.6250000e+02;2.6177925e-01;1.6250000e+02;2.7484819e-01;1.6250000e+02;2.7564970e-01;1.6250000e+02;2.6863933e-01;1.6250000e+02;2.5571865e-01;1.6250000e+02;2.3644176e-01;1.6250000e+02;2.1197379e-01;1.6250000e+02;3.2530747e-02;1.6250000e+02;4.4588417e-02;1.6250000e+02;5.8160227e-02;1.6250000e+02;7.4033082e-02;1.6250000e+02;9.1206506e-02;1.6250000e+02;1.1151896e-01;1.6250000e+02;1.3403267e-01;1.6250000e+02;1.5819182e-01;1.6250000e+02;1.8419681e-01;1.6250000e+02;2.1058488e-01;1.6250000e+02;2.3379318e-01;1.6250000e+02;2.6177925e-01;1.6250000e+02;2.7484819e-01;1.6250000e+02;2.7564970e-01;1.6250000e+02;2.6863933e-01;1.6250000e+02;2.5571865e-01;1.6250000e+02;2.3644176e-01;1.6250000e+02;2.1197379e-01;1.6250000e+02;3.2530747e-02;1.6250000e+02;4.4588417e-02;1.6250000e+02;5.8160227e-02;1.6250000e+02;7.4033082e-02;1.6250000e+02;9.1206506e-02;1.6250000e+02;1.1151896e-01;1.6250000e+02;1.3403267e-01;1.6250000e+02;1.5819182e-01;1.6250000e+02;1.8419681e-01;1.6250000e+02;2.1058488e-01;1.6250000e+02;2.3379318e-01;1.6250000e+02;2.6177925e-01;1.6250000e+02;2.7484819e-01;1.6250000e+02;2.7564970e-01;1.6250000e+02;2.6863933e-01;1.6250000e+02;2.5571865e-01;1.6250000e+02;2.3644176e-01;1.6250000e+02;2.1197379e-01;1.6250000e+02;3.2530747e-02;1.6250000e+02;4.4588417e-02;1.6250000e+02;5.8160227e-02;1.6250000e+02;7.4033082e-02;1.6250000e+02;9.1206506e-02;1.6250000e+02;1.1151896e-01;1.6250000e+02;1.3403267e-01;1.6250000e+02;1.5819182e-01;1.6250000e+02;1.8419681e-01;1.6250000e+02;2.1058488e-01;1.6250000e+02;2.3379318e-01;1.6250000e+02;2.6177925e-01;1.6250000e+02;2.7484819e-01;1.6250000e+02;2.7564970e-01;1.6250000e+02;2.6863933e-01;1.6250000e+02;2.5571865e-01;1.6250000e+02;2.3644176e-01;1.6250000e+02;2.1197379e-01;1.6250000e+02;3.2530747e-02;1.6250000e+02;4.4588417e-02;1.6250000e+02;5.8160227e-02;1.6250000e+02;7.4033082e-02;1.6250000e+02;9.1206506e-02;1.6250000e+02;1.1151896e-01;1.6250000e+02;1.3403267e-01;1.6250000e+02;1.5819182e-01;1.6250000e+02;1.8419681e-01;1.6250000e+02;2.1058488e-01;1.6250000e+02;2.3379318e-01;1.6250000e+02;2.6177925e-01;1.6250000e+02;2.7484819e-01;1.6250000e+02;2.7564970e-01;1.6250000e+02;2.6863933e-01;1.6250000e+02;2.5571865e-01;1.6250000e+02;2.3644176e-01;1.6250000e+02;2.1197379e-01;1.6250000e+02;3.2530747e-02;1.6250000e+02;4.4588417e-02;1.6250000e+02;5.8160227e-02;1.6250000e+02;7.4033082e-02;1.6250000e+02;9.1206506e-02;1.6250000e+02;1.1151896e-01;1.6250000e+02;1.3403267e-01;1.6250000e+02;1.5819182e-01;1.6250000e+02;1.8419681e-01;1.6250000e+02;2.1058488e-01;1.6250000e+02;2.3379318e-01;1.6250000e+02;2.6177925e-01;1.6250000e+02;2.7484819e-01;1.6250000e+02;2.7564970e-01;1.6250000e+02;2.6863933e-01;1.6250000e+02;2.5571865e-01;1.6250000e+02;2.3644176e-01;1.6250000e+02;2.1197379e-01;1.6250000e+02;3.2530747e-02;1.6250000e+02;4.4588417e-02;1.6250000e+02;5.8160227e-02;1.6250000e+02;7.4033082e-02;1.6250000e+02;9.1206506e-02;1.6250000e+02;1.1151896e-01;1.6250000e+02;1.3403267e-01;1.6250000e+02;1.5819182e-01;1.6250000e+02;1.8419681e-01;1.6250000e+02;2.1058488e-01;1.6250000e+02;2.3379318e-01;1.6250000e+02;2.6177925e-01;1.6250000e+02;2.7484819e-01;1.6250000e+02;2.7564970e-01;1.6250000e+02;2.6863933e-01;1.6250000e+02;2.5571865e-01;1.6250000e+02;2.3644176e-01;1.6250000e+02;2.1197379e-01;1.6250000e+02;3.2530747e-02;1.6250000e+02;4.4588417e-02;1.6250000e+02;5.8160227e-02;1.6250000e+02;7.4033082e-02;1.6250000e+02;9.1206506e-02;1.6250000e+02;1.1151896e-01;1.6250000e+02;1.3403267e-01;1.6250000e+02;1.5819182e-01;1.6250000e+02;1.8419681e-01;1.6250000e+02;2.1058488e-01;1.6250000e+02;2.3379318e-01;1.6250000e+02;2.6177925e-01;1.6250000e+02;2.7484819e-01;1.6250000e+02;2.7564970e-01;1.6250000e+02;2.6863933e-01;1.6250000e+02;2.5571865e-01;1.6250000e+02;2.3644176e-01;1.6250000e+02;2.1197379e-01;1.6250000e+02;3.2530747e-02;1.6250000e+02;4.4588417e-02;1.6250000e+02;5.8160227e-02;1.6250000e+02;7.4033082e-02;1.6250000e+02;9.1206506e-02;1.6250000e+02;1.1151896e-01;1.6250000e+02;1.3403267e-01;1.6250000e+02;1.5819182e-01;1.6250000e+02;1.8419681e-01;1.6250000e+02;2.1058488e-01;1.6250000e+02;2.3379318e-01;1.6250000e+02;2.6177925e-01;1.6250000e+02;2.7484819e-01;1.6250000e+02;2.7564970e-01;1.6250000e+02;2.6863933e-01;1.6250000e+02;2.5571865e-01;1.6250000e+02;2.3644176e-01;1.6250000e+02;2.1197379e-01;1.6250000e+02;3.2530747e-02;1.6250000e+02;4.4588417e-02;1.6250000e+02;5.8160227e-02;1.6250000e+02;7.4033082e-02;1.6250000e+02;9.1206506e-02;1.6250000e+02;1.1151896e-01;1.6250000e+02;1.3403267e-01;1.6250000e+02;1.5819182e-01;1.6250000e+02;1.8419681e-01;1.6250000e+02;2.1058488e-01;1.6250000e+02;2.3379318e-01;1.6250000e+02;2.6177925e-01;1.6250000e+02;2.7484819e-01;1.6250000e+02;2.7564970e-01;1.6250000e+02;2.6863933e-01;1.6250000e+02;2.5571865e-01;1.6250000e+02;2.3644176e-01;1.6250000e+02;2.1197379e-01;1.6250000e+02;3.2530747e-02;1.6250000e+02;4.4588417e-02;1.6250000e+02;5.8160227e-02;1.6250000e+02;7.4033082e-02;1.6250000e+02;9.1206506e-02;1.6250000e+02;1.1151896e-01;1.6250000e+02;1.3403267e-01;1.6250000e+02;1.5819182e-01;1.6250000e+02;1.8419681e-01;1.6250000e+02;2.1058488e-01;1.6250000e+02;2.3379318e-01;1.6250000e+02;2.6177925e-01;1.6250000e+02;2.7484819e-01;1.6250000e+02;2.7564970e-01;1.6250000e+02;2.6863933e-01;1.6250000e+02;2.5571865e-01;1.6250000e+02;2.3644176e-01;1.6250000e+02;2.1197379e-01;1.6250000e+02;3.2530747e-02;1.6250000e+02;4.4588417e-02;1.6250000e+02;5.8160227e-02;1.6250000e+02;7.4033082e-02;1.6250000e+02;9.1206506e-02;1.6250000e+02;1.1151896e-01;1.6250000e+02;1.3403267e-01;1.6250000e+02;1.5819182e-01;1.6250000e+02;1.8419681e-01;1.6250000e+02;2.1058488e-01;1.6250000e+02;2.3379318e-01;1.6250000e+02;2.6177925e-01;1.6250000e+02;2.7484819e-01;1.6250000e+02;2.7564970e-01;1.6250000e+02;2.6863933e-01;1.6250000e+02;2.5571865e-01;1.6250000e+02;2.3644176e-01;1.6250000e+02;2.1197379e-01;1.6250000e+02;3.2530747e-02;1.6250000e+02;4.4588417e-02;1.6250000e+02;5.8160227e-02;1.6250000e+02;7.4033082e-02;1.6250000e+02;9.1206506e-02;1.6250000e+02;1.1151896e-01;1.6250000e+02;1.3403267e-01;1.6250000e+02;1.5819182e-01;1.6250000e+02;1.8419681e-01;1.6250000e+02;2.1058488e-01;1.6250000e+02;2.3379318e-01;1.6250000e+02;2.6177925e-01;1.6250000e+02;2.7484819e-01;1.6250000e+02;2.7564970e-01;1.6250000e+02;2.6863933e-01;1.6250000e+02;2.5571865e-01;1.6250000e+02;2.3644176e-01;1.6250000e+02;2.1197379e-01;1.6250000e+02;3.2530747e-02;1.6250000e+02;4.4588417e-02;1.6250000e+02;5.8160227e-02;1.6250000e+02;7.4033082e-02;1.6250000e+02;9.1206506e-02;1.6250000e+02;1.1151896e-01;1.6250000e+02;1.3403267e-01;1.6250000e+02;1.5819182e-01;1.6250000e+02;1.8419681e-01;1.6250000e+02;2.1058488e-01;1.6250000e+02;2.3379318e-01;1.6250000e+02;2.6177925e-01;1.6250000e+02;2.7484819e-01;1.6250000e+02;2.7564970e-01;1.6250000e+02;2.6863933e-01;1.6250000e+02;2.5571865e-01;1.6250000e+02;2.3644176e-01;1.6250000e+02;2.1197379e-01;1.6250000e+02;3.2530747e-02;1.6250000e+02;4.4588417e-02;1.6250000e+02;5.8160227e-02;1.6250000e+02;7.4033082e-02;1.6250000e+02;9.1206506e-02;1.6250000e+02;1.1151896e-01;1.6250000e+02;1.3403267e-01;1.6250000e+02;1.5819182e-01;1.6250000e+02;1.8419681e-01;1.6250000e+02;2.1058488e-01;1.6250000e+02;2.3379318e-01;1.6250000e+02;2.6177925e-01;1.6250000e+02;2.7484819e-01;1.6250000e+02;2.7564970e-01;1.6250000e+02;2.6863933e-01;1.6250000e+02;2.5571865e-01;1.6250000e+02;2.3644176e-01;1.6250000e+02;2.1197379e-01;1.6250000e+02;3.2530747e-02;1.6250000e+02;4.4588417e-02;1.6250000e+02;5.8160227e-02;1.6250000e+02;7.4033082e-02;1.6250000e+02;9.1206506e-02;1.6250000e+02;1.1151896e-01;1.6250000e+02;1.3403267e-01;1.6250000e+02;1.5819182e-01;1.6250000e+02;1.8419681e-01;1.6250000e+02;2.1058488e-01;1.6250000e+02;2.3379318e-01;1.6250000e+02;2.6177925e-01;1.6250000e+02;2.7484819e-01;1.6250000e+02;2.7564970e-01;1.6250000e+02;2.6863933e-01;1.6250000e+02;2.5571865e-01;1.6250000e+02;2.3644176e-01;1.6250000e+02;2.1197379e-01;1.6250000e+02;3.2530747e-02;1.6250000e+02;4.4588417e-02;1.6250000e+02;5.8160227e-02;1.6250000e+02;7.4033082e-02;1.6250000e+02;9.1206506e-02;1.6250000e+02;1.1151896e-01;1.6250000e+02;1.3403267e-01;1.6250000e+02;1.5819182e-01;1.6250000e+02;1.8419681e-01;1.6250000e+02;2.1058488e-01;1.6250000e+02;2.3379318e-01;1.6250000e+02;2.6177925e-01;1.6250000e+02;2.7484819e-01;1.6250000e+02;2.7564970e-01;1.6250000e+02;2.6863933e-01;1.6250000e+02;2.5571865e-01;1.6250000e+02;2.3644176e-01;1.6250000e+02;2.1197379e-01;1.6250000e+02;3.2530747e-02;1.6250000e+02;4.4588417e-02;1.6250000e+02;5.8160227e-02;1.6250000e+02;7.4033082e-02;1.6250000e+02;9.1206506e-02;1.6250000e+02;1.1151896e-01;1.6250000e+02;1.3403267e-01;1.6250000e+02;1.5819182e-01;1.6250000e+02;1.8419681e-01;1.6250000e+02;2.1058488e-01;1.6250000e+02;2.3379318e-01;1.6250000e+02;2.6177925e-01;1.6250000e+02;2.7484819e-01;1.6250000e+02;2.7564970e-01;1.6250000e+02;2.6863933e-01;1.6250000e+02;2.5571865e-01;1.6250000e+02;2.3644176e-01;1.6250000e+02;2.1197379e-01;1.6250000e+02;3.2530747e-02;1.6250000e+02;4.4588417e-02;1.6250000e+02;5.8160227e-02;1.6250000e+02;7.4033082e-02;1.6250000e+02;9.1206506e-02;1.6250000e+02;1.1151896e-01;1.6250000e+02;1.3403267e-01;1.6250000e+02;1.5819182e-01;1.6250000e+02;1.8419681e-01;1.6250000e+02;2.1058488e-01;1.6250000e+02;2.3379318e-01;1.6250000e+02;2.6177925e-01;1.6250000e+02;2.7484819e-01;1.6250000e+02;2.7564970e-01;1.6250000e+02;2.6863933e-01;1.6250000e+02;2.5571865e-01;1.6250000e+02;2.3644176e-01;1.6250000e+02;2.1197379e-01;1.6250000e+02;3.2530747e-02;1.6250000e+02;4.4588417e-02;1.6250000e+02;5.8160227e-02;1.6250000e+02;7.4033082e-02;1.6250000e+02;9.1206506e-02;1.6250000e+02;1.1151896e-01;1.6250000e+02;1.3403267e-01;1.6250000e+02;1.5819182e-01;1.6250000e+02;1.8419681e-01;1.6250000e+02;2.1058488e-01;1.6250000e+02;2.3379318e-01;1.6250000e+02;2.6177925e-01;1.6250000e+02;2.7484819e-01;1.6250000e+02;2.7564970e-01;1.6250000e+02;2.6863933e-01;1.6250000e+02;2.5571865e-01;1.6250000e+02;2.3644176e-01;1.6250000e+02;2.1197379e-01;1.6250000e+02;3.2530747e-02;1.6250000e+02;4.4588417e-02;1.6250000e+02;5.8160227e-02;1.6250000e+02;7.4033082e-02;1.6250000e+02;9.1206506e-02;1.6250000e+02;1.1151896e-01;1.6250000e+02;1.3403267e-01;1.6250000e+02;1.5819182e-01;1.6250000e+02;1.8419681e-01;1.6250000e+02;2.1058488e-01;1.6250000e+02;2.3379318e-01;1.6250000e+02;2.6177925e-01;1.6250000e+02;2.7484819e-01;1.6250000e+02;2.7564970e-01;1.6250000e+02;2.6863933e-01;1.6250000e+02;2.5571865e-01;1.6250000e+02;2.3644176e-01;1.6250000e+02;2.1197379e-01;1.6250000e+02;3.2530747e-02;1.6250000e+02;4.4588417e-02;1.6250000e+02;5.8160227e-02;1.6250000e+02;7.4033082e-02;1.6250000e+02;9.1206506e-02;1.6250000e+02;1.1151896e-01;1.6250000e+02;1.3403267e-01;1.6250000e+02;1.5819182e-01;1.6250000e+02;1.8419681e-01;1.6250000e+02;2.1058488e-01;1.6250000e+02;2.3379318e-01;1.6250000e+02;2.6177925e-01;1.6250000e+02;2.7484819e-01;1.6250000e+02;2.7564970e-01;1.6250000e+02;2.6863933e-01;1.6250000e+02;2.5571865e-01;1.6250000e+02;2.3644176e-01;1.6250000e+02;2.1197379e-01;1.6250000e+02;3.2530747e-02;1.6250000e+02;4.4588417e-02;1.6250000e+02;5.8160227e-02;1.6250000e+02;7.4033082e-02;1.6250000e+02;9.1206506e-02;1.6250000e+02;1.1151896e-01;1.6250000e+02;1.3403267e-01;1.6250000e+02;1.5819182e-01;1.6250000e+02;1.8419681e-01;1.6250000e+02;2.1058488e-01;1.6250000e+02;2.3379318e-01;1.6250000e+02;2.6177925e-01;1.6250000e+02;2.7484819e-01;1.6250000e+02;2.7564970e-01;1.6250000e+02;2.6863933e-01;1.6250000e+02;2.5571865e-01;1.6250000e+02;2.3644176e-01;1.6250000e+02;2.1197379e-01;1.6250000e+02;3.2530747e-02;1.6250000e+02;4.4588417e-02;1.6250000e+02;5.8160227e-02;1.6250000e+02;7.4033082e-02;1.6250000e+02;9.1206506e-02;1.6250000e+02;1.1151896e-01;1.6250000e+02;1.3403267e-01;1.6250000e+02;1.5819182e-01;1.6250000e+02;1.8419681e-01;1.6250000e+02;2.1058488e-01;1.6250000e+02;2.3379318e-01;1.6250000e+02;2.6177925e-01;1.6250000e+02;2.7484819e-01;1.6250000e+02;2.7564970e-01;1.6250000e+02;2.6863933e-01;1.6250000e+02;2.5571865e-01;1.6250000e+02;2.3644176e-01;1.6250000e+02;2.1197379e-01;1.6250000e+02;3.2530747e-02;1.6250000e+02;4.4588417e-02;1.6250000e+02;5.8160227e-02;1.6250000e+02;7.4033082e-02;1.6250000e+02;9.1206506e-02;1.6250000e+02;1.1151896e-01;1.6250000e+02;1.3403267e-01;1.6250000e+02;1.5819182e-01;1.6250000e+02;1.8419681e-01;1.6250000e+02;2.1058488e-01;1.6250000e+02;2.3379318e-01;1.6250000e+02;2.6177925e-01;1.6250000e+02;2.7484819e-01;1.6250000e+02;2.7564970e-01;1.6250000e+02;2.6863933e-01;1.6250000e+02;2.5571865e-01;1.6250000e+02;2.3644176e-01;1.6250000e+02;2.1197379e-01;1.6250000e+02;3.2530747e-02;1.6250000e+02;4.4588417e-02;1.6250000e+02;5.8160227e-02;1.6250000e+02;7.4033082e-02;1.6250000e+02;9.1206506e-02;1.6250000e+02;1.1151896e-01;1.6250000e+02;1.3403267e-01;1.6250000e+02;1.5819182e-01;1.6250000e+02;1.8419681e-01;1.6250000e+02;2.1058488e-01;1.6250000e+02;2.3379318e-01;1.6250000e+02;2.6177925e-01;1.6250000e+02;2.7484819e-01;1.6250000e+02;2.7564970e-01;1.6250000e+02;2.6863933e-01;1.6250000e+02;2.5571865e-01;1.6250000e+02;2.3644176e-01;1.6250000e+02;2.1197379e-01;1.6250000e+02;3.2530747e-02;1.6250000e+02;4.4588417e-02;1.6250000e+02;5.8160227e-02;1.6250000e+02;7.4033082e-02;1.6250000e+02;9.1206506e-02;1.6250000e+02;1.1151896e-01;1.6250000e+02;1.3403267e-01;1.6250000e+02;1.5819182e-01;1.6250000e+02;1.8419681e-01;1.6250000e+02;2.1058488e-01;1.6250000e+02;2.3379318e-01;1.6250000e+02;2.6177925e-01;1.6250000e+02;2.7484819e-01;1.6250000e+02;2.7564970e-01;1.6250000e+02;2.6863933e-01;1.6250000e+02;2.5571865e-01;1.6250000e+02;2.3644176e-01;1.6250000e+02;2.1197379e-01;1.6250000e+02;3.2530747e-02;1.6250000e+02;4.4588417e-02;1.6250000e+02;5.8160227e-02;1.6250000e+02;7.4033082e-02;1.6250000e+02;9.1206506e-02;1.6250000e+02;1.1151896e-01;1.6250000e+02;1.3403267e-01;1.6250000e+02;1.5819182e-01;1.6250000e+02;1.8419681e-01;1.6250000e+02;2.1058488e-01;1.6250000e+02;2.3379318e-01;1.6250000e+02;2.6177925e-01;1.6250000e+02;2.7484819e-01;1.6250000e+02;2.7564970e-01;1.6250000e+02;2.6863933e-01;1.6250000e+02;2.5571865e-01;1.6250000e+02;2.3644176e-01;1.6250000e+02;2.1197379e-01;1.6250000e+02;3.2530747e-02;1.6250000e+02;4.4588417e-02;1.6250000e+02;5.8160227e-02;1.6250000e+02;7.4033082e-02;1.6250000e+02;9.1206506e-02;1.6250000e+02;1.1151896e-01;1.6250000e+02;1.3403267e-01;1.6250000e+02;1.5819182e-01;1.6250000e+02;1.8419681e-01;1.6250000e+02;2.1058488e-01;1.6250000e+02;2.3379318e-01;1.6250000e+02;2.6177925e-01;1.6250000e+02;2.7484819e-01;1.6250000e+02;2.7564970e-01;1.6250000e+02;2.6863933e-01;1.6250000e+02;2.5571865e-01;1.6250000e+02;2.3644176e-01;1.6250000e+02;2.1197379e-01;1.6250000e+02;3.2530747e-02;1.6250000e+02;4.4588417e-02;1.6250000e+02;5.8160227e-02;1.6250000e+02;7.4033082e-02;1.6250000e+02;9.1206506e-02;1.6250000e+02;1.1151896e-01;1.6250000e+02;1.3403267e-01;1.6250000e+02;1.5819182e-01;1.6250000e+02;1.8419681e-01;1.6250000e+02;2.1058488e-01;1.6250000e+02;2.3379318e-01;1.6250000e+02;2.6177925e-01;1.6250000e+02;2.7484819e-01;1.6250000e+02;2.7564970e-01;1.6250000e+02;2.6863933e-01;1.6250000e+02;2.5571865e-01;1.6250000e+02;2.3644176e-01;1.6250000e+02;2.1197379e-01;1.6250000e+02;3.2530747e-02;1.6250000e+02;4.4588417e-02;1.6250000e+02;5.8160227e-02;1.6250000e+02;7.4033082e-02;1.6250000e+02;9.1206506e-02;1.6250000e+02;1.1151896e-01;1.6250000e+02;1.3403267e-01;1.6250000e+02;1.5819182e-01;1.6250000e+02;1.8419681e-01;1.6250000e+02;2.1058488e-01;1.6250000e+02;2.3379318e-01;1.6250000e+02;2.6177925e-01;1.6250000e+02;2.7484819e-01;1.6250000e+02;2.7564970e-01;1.6250000e+02;2.6863933e-01;1.6250000e+02;2.5571865e-01;1.6250000e+02;2.3644176e-01;1.6250000e+02;2.1197379e-01;1.6250000e+02;3.2530747e-02;1.6250000e+02;4.4588417e-02;1.6250000e+02;5.8160227e-02;1.6250000e+02;7.4033082e-02;1.6250000e+02;9.1206506e-02;1.6250000e+02;1.1151896e-01;1.6250000e+02;1.3403267e-01;1.6250000e+02;1.5819182e-01;1.6250000e+02;1.8419681e-01;1.6250000e+02;2.1058488e-01;1.6250000e+02;2.3379318e-01;1.6250000e+02;2.6177925e-01;1.6250000e+02;2.7484819e-01;1.6250000e+02;2.7564970e-01;1.6250000e+02;2.6863933e-01;1.6250000e+02;2.5571865e-01;1.6250000e+02;2.3644176e-01;1.6250000e+02;2.1197379e-01;1.6250000e+02;3.2530747e-02;1.6250000e+02;4.4588417e-02;1.6250000e+02;5.8160227e-02;1.6250000e+02;7.4033082e-02;1.6250000e+02;9.1206506e-02;1.6250000e+02;1.1151896e-01;1.6250000e+02;1.3403267e-01;1.6250000e+02;1.5819182e-01;1.6250000e+02;1.8419681e-01;1.6250000e+02;2.1058488e-01;1.6250000e+02;2.3379318e-01;1.6250000e+02;2.6177925e-01;1.6250000e+02;2.7484819e-01;1.6250000e+02;2.7564970e-01;1.6250000e+02;2.6863933e-01;1.6250000e+02;2.5571865e-01;1.6250000e+02;2.3644176e-01;1.6250000e+02;2.1197379e-01;1.6250000e+02;3.2530747e-02;1.6250000e+02;4.4588417e-02;1.6250000e+02;5.8160227e-02;1.6250000e+02;7.4033082e-02;1.6250000e+02;9.1206506e-02;1.6250000e+02;1.1151896e-01;1.6250000e+02;1.3403267e-01;1.6250000e+02;1.5819182e-01;1.6250000e+02;1.8419681e-01;1.6250000e+02;2.1058488e-01;1.6250000e+02;2.3379318e-01;1.6250000e+02;2.6177925e-01;1.6250000e+02;2.7484819e-01;1.6250000e+02;2.7564970e-01;1.6250000e+02;2.6863933e-01;1.6250000e+02;2.5571865e-01;1.6250000e+02;2.3644176e-01;1.6250000e+02;2.1197379e-01;1.6250000e+02;3.2530747e-02;1.6250000e+02;4.4588417e-02;1.6250000e+02;5.8160227e-02;1.6250000e+02;7.4033082e-02;1.6250000e+02;9.1206506e-02;1.6250000e+02;1.1151896e-01;1.6250000e+02;1.3403267e-01;1.6250000e+02;1.5819182e-01;1.6250000e+02;1.8419681e-01;1.6250000e+02;2.1058488e-01;1.6250000e+02;2.3379318e-01;1.6250000e+02;2.6177925e-01;1.6250000e+02;2.7484819e-01;1.6250000e+02;2.7564970e-01;1.6250000e+02;2.6863933e-01;1.6250000e+02;2.5571865e-01;1.6250000e+02;2.3644176e-01;1.6250000e+02;2.1197379e-01
1.6750000e+02;3.4572266e-02;1.6750000e+02;4.7692560e-02;1.6750000e+02;6.2618449e-02;1.6750000e+02;7.9806156e-02;1.6750000e+02;9.8251253e-02;1.6750000e+02;1.1751177e-01;1.6750000e+02;1.3929883e-01;1.6750000e+02;1.6277003e-01;1.6750000e+02;1.8941620e-01;1.6750000e+02;2.1935266e-01;1.6750000e+02;2.4672019e-01;1.6750000e+02;2.7170509e-01;1.6750000e+02;2.8198895e-01;1.6750000e+02;2.8168949e-01;1.6750000e+02;2.7423769e-01;1.6750000e+02;2.6094523e-01;1.6750000e+02;2.4149311e-01;1.6750000e+02;2.1714424e-01;1.6750000e+02;3.4572266e-02;1.6750000e+02;4.7692560e-02;1.6750000e+02;6.2618449e-02;1.6750000e+02;7.9806156e-02;1.6750000e+02;9.8251253e-02;1.6750000e+02;1.1751177e-01;1.6750000e+02;1.3929883e-01;1.6750000e+02;1.6277003e-01;1.6750000e+02;1.8941620e-01;1.6750000e+02;2.1935266e-01;1.6750000e+02;2.4672019e-01;1.6750000e+02;2.7170509e-01;1.6750000e+02;2.8198895e-01;1.6750000e+02;2.8168949e-01;1.6750000e+02;2.7423769e-01;1.6750000e+02;2.6094523e-01;1.6750000e+02;2.4149311e-01;1.6750000e+02;2.1714424e-01;1.6750000e+02;3.4572266e-02;1.6750000e+02;4.7692560e-02;1.6750000e+02;6.2618449e-02;1.6750000e+02;7.9806156e-02;1.6750000e+02;9.8251253e-02;1.6750000e+02;1.1751177e-01;1.6750000e+02;1.3929883e-01;1.6750000e+02;1.6277003e-01;1.6750000e+02;1.8941620e-01;1.6750000e+02;2.1935266e-01;1.6750000e+02;2.4672019e-01;1.6750000e+02;2.7170509e-01;1.6750000e+02;2.8198895e-01;1.6750000e+02;2.8168949e-01;1.6750000e+02;2.7423769e-01;1.6750000e+02;2.6094523e-01;1.6750000e+02;2.4149311e-01;1.6750000e+02;2.1714424e-01;1.6750000e+02;3.4572266e-02;1.6750000e+02;4.7692560e-02;1.6750000e+02;6.2618449e-02;1.6750000e+02;7.9806156e-02;1.6750000e+02;9.8251253e-02;1.6750000e+02;1.1751177e-01;1.6750000e+02;1.3929883e-01;1.6750000e+02;1.6277003e-01;1.6750000e+02;1.8941620e-01;1.6750000e+02;2.1935266e-01;1.6750000e+02;2.4672019e-01;1.6750000e+02;2.7170509e-01;1.6750000e+02;2.8198895e-01;1.6750000e+02;2.8168949e-01;1.6750000e+02;2.7423769e-01;1.6750000e+02;2.6094523e-01;1.6750000e+02;2.4149311e-01;1.6750000e+02;2.1714424e-01;1.6750000e+02;3.4572266e-02;1.6750000e+02;4.7692560e-02;1.6750000e+02;6.2618449e-02;1.6750000e+02;7.9806156e-02;1.6750000e+02;9.8251253e-02;1.6750000e+02;1.1751177e-01;1.6750000e+02;1.3929883e-01;1.6750000e+02;1.6277003e-01;1.6750000e+02;1.8941620e-01;1.6750000e+02;2.1935266e-01;1.6750000e+02;2.4672019e-01;1.6750000e+02;2.7170509e-01;1.6750000e+02;2.8198895e-01;1.6750000e+02;2.8168949e-01;1.6750000e+02;2.7423769e-01;1.6750000e+02;2.6094523e-01;1.6750000e+02;2.4149311e-01;1.6750000e+02;2.1714424e-01;1.6750000e+02;3.4572266e-02;1.6750000e+02;4.7692560e-02;1.6750000e+02;6.2618449e-02;1.6750000e+02;7.9806156e-02;1.6750000e+02;9.8251253e-02;1.6750000e+02;1.1751177e-01;1.6750000e+02;1.3929883e-01;1.6750000e+02;1.6277003e-01;1.6750000e+02;1.8941620e-01;1.6750000e+02;2.1935266e-01;1.6750000e+02;2.4672019e-01;1.6750000e+02;2.7170509e-01;1.6750000e+02;2.8198895e-01;1.6750000e+02;2.8168949e-01;1.6750000e+02;2.7423769e-01;1.6750000e+02;2.6094523e-01;1.6750000e+02;2.4149311e-01;1.6750000e+02;2.1714424e-01;1.6750000e+02;3.4572266e-02;1.6750000e+02;4.7692560e-02;1.6750000e+02;6.2618449e-02;1.6750000e+02;7.9806156e-02;1.6750000e+02;9.8251253e-02;1.6750000e+02;1.1751177e-01;1.6750000e+02;1.3929883e-01;1.6750000e+02;1.6277003e-01;1.6750000e+02;1.8941620e-01;1.6750000e+02;2.1935266e-01;1.6750000e+02;2.4672019e-01;1.6750000e+02;2.7170509e-01;1.6750000e+02;2.8198895e-01;1.6750000e+02;2.8168949e-01;1.6750000e+02;2.7423769e-01;1.6750000e+02;2.6094523e-01;1.6750000e+02;2.4149311e-01;1.6750000e+02;2.1714424e-01;1.6750000e+02;3.4572266e-02;1.6750000e+02;4.7692560e-02;1.6750000e+02;6.2618449e-02;1.6750000e+02;7.9806156e-02;1.6750000e+02;9.8251253e-02;1.6750000e+02;1.1751177e-01;1.6750000e+02;1.3929883e-01;1.6750000e+02;1.6277003e-01;1.6750000e+02;1.8941620e-01;1.6750000e+02;2.1935266e-01;1.6750000e+02;2.4672019e-01;1.6750000e+02;2.7170509e-01;1.6750000e+02;2.8198895e-01;1.6750000e+02;2.8168949e-01;1.6750000e+02;2.7423769e-01;1.6750000e+02;2.6094523e-01;1.6750000e+02;2.4149311e-01;1.6750000e+02;2.1714424e-01;1.6750000e+02;3.4572266e-02;1.6750000e+02;4.7692560e-02;1.6750000e+02;6.2618449e-02;1.6750000e+02;7.9806156e-02;1.6750000e+02;9.8251253e-02;1.6750000e+02;1.1751177e-01;1.6750000e+02;1.3929883e-01;1.6750000e+02;1.6277003e-01;1.6750000e+02;1.8941620e-01;1.6750000e+02;2.1935266e-01;1.6750000e+02;2.4672019e-01;1.6750000e+02;2.7170509e-01;1.6750000e+02;2.8198895e-01;1.6750000e+02;2.8168949e-01;1.6750000e+02;2.7423769e-01;1.6750000e+02;2.6094523e-01;1.6750000e+02;2.4149311e-01;1.6750000e+02;2.1714424e-01;1.6750000e+02;3.4572266e-02;1.6750000e+02;4.7692560e-02;1.6750000e+02;6.2618449e-02;1.6750000e+02;7.9806156e-02;1.6750000e+02;9.8251253e-02;1.6750000e+02;1.1751177e-01;1.6750000e+02;1.3929883e-01;1.6750000e+02;1.6277003e-01;1.6750000e+02;1.8941620e-01;1.6750000e+02;2.1935266e-01;1.6750000e+02;2.4672019e-01;1.6750000e+02;2.7170509e-01;1.6750000e+02;2.8198895e-01;1.6750000e+02;2.8168949e-01;1.6750000e+02;2.7423769e-01;1.6750000e+02;2.6094523e-01;1.6750000e+02;2.4149311e-01;1.6750000e+02;2.1714424e-01;1.6750000e+02;3.4572266e-02;1.6750000e+02;4.7692560e-02;1.6750000e+02;6.2618449e-02;1.6750000e+02;7.9806156e-02;1.6750000e+02;9.8251253e-02;1.6750000e+02;1.1751177e-01;1.6750000e+02;1.3929883e-01;1.6750000e+02;1.6277003e-01;1.6750000e+02;1.8941620e-01;1.6750000e+02;2.1935266e-01;1.6750000e+02;2.4672019e-01;1.6750000e+02;2.7170509e-01;1.6750000e+02;2.8198895e-01;1.6750000e+02;2.8168949e-01;1.6750000e+02;2.7423769e-01;1.6750000e+02;2.6094523e-01;1.6750000e+02;2.4149311e-01;1.6750000e+02;2.1714424e-01;1.6750000e+02;3.4572266e-02;1.6750000e+02;4.7692560e-02;1.6750000e+02;6.2618449e-02;1.6750000e+02;7.9806156e-02;1.6750000e+02;9.8251253e-02;1.6750000e+02;1.1751177e-01;1.6750000e+02;1.3929883e-01;1.6750000e+02;1.6277003e-01;1.6750000e+02;1.8941620e-01;1.6750000e+02;2.1935266e-01;1.6750000e+02;2.4672019e-01;1.6750000e+02;2.7170509e-01;1.6750000e+02;2.8198895e-01;1.6750000e+02;2.8168949e-01;1.6750000e+02;2.7423769e-01;1.6750000e+02;2.6094523e-01;1.6750000e+02;2.4149311e-01;1.6750000e+02;2.1714424e-01;1.6750000e+02;3.4572266e-02;1.6750000e+02;4.7692560e-02;1.6750000e+02;6.2618449e-02;1.6750000e+02;7.9806156e-02;1.6750000e+02;9.8251253e-02;1.6750000e+02;1.1751177e-01;1.6750000e+02;1.3929883e-01;1.6750000e+02;1.6277003e-01;1.6750000e+02;1.8941620e-01;1.6750000e+02;2.1935266e-01;1.6750000e+02;2.4672019e-01;1.6750000e+02;2.7170509e-01;1.6750000e+02;2.8198895e-01;1.6750000e+02;2.8168949e-01;1.6750000e+02;2.7423769e-01;1.6750000e+02;2.6094523e-01;1.6750000e+02;2.4149311e-01;1.6750000e+02;2.1714424e-01;1.6750000e+02;3.4572266e-02;1.6750000e+02;4.7692560e-02;1.6750000e+02;6.2618449e-02;1.6750000e+02;7.9806156e-02;1.6750000e+02;9.8251253e-02;1.6750000e+02;1.1751177e-01;1.6750000e+02;1.3929883e-01;1.6750000e+02;1.6277003e-01;1.6750000e+02;1.8941620e-01;1.6750000e+02;2.1935266e-01;1.6750000e+02;2.4672019e-01;1.6750000e+02;2.7170509e-01;1.6750000e+02;2.8198895e-01;1.6750000e+02;2.8168949e-01;1.6750000e+02;2.7423769e-01;1.6750000e+02;2.6094523e-01;1.6750000e+02;2.4149311e-01;1.6750000e+02;2.1714424e-01;1.6750000e+02;3.4572266e-02;1.6750000e+02;4.7692560e-02;1.6750000e+02;6.2618449e-02;1.6750000e+02;7.9806156e-02;1.6750000e+02;9.8251253e-02;1.6750000e+02;1.1751177e-01;1.6750000e+02;1.3929883e-01;1.6750000e+02;1.6277003e-01;1.6750000e+02;1.8941620e-01;1.6750000e+02;2.1935266e-01;1.6750000e+02;2.4672019e-01;1.6750000e+02;2.7170509e-01;1.6750000e+02;2.8198895e-01;1.6750000e+02;2.8168949e-01;1.6750000e+02;2.7423769e-01;1.6750000e+02;2.6094523e-01;1.6750000e+02;2.4149311e-01;1.6750000e+02;2.1714424e-01;1.6750000e+02;3.4572266e-02;1.6750000e+02;4.7692560e-02;1.6750000e+02;6.2618449e-02;1.6750000e+02;7.9806156e-02;1.6750000e+02;9.8251253e-02;1.6750000e+02;1.1751177e-01;1.6750000e+02;1.3929883e-01;1.6750000e+02;1.6277003e-01;1.6750000e+02;1.8941620e-01;1.6750000e+02;2.1935266e-01;1.6750000e+02;2.4672019e-01;1.6750000e+02;2.7170509e-01;1.6750000e+02;2.8198895e-01;1.6750000e+02;2.8168949e-01;1.6750000e+02;2.7423769e-01;1.6750000e+02;2.6094523e-01;1.6750000e+02;2.4149311e-01;1.6750000e+02;2.1714424e-01;1.6750000e+02;3.4572266e-02;1.6750000e+02;4.7692560e-02;1.6750000e+02;6.2618449e-02;1.6750000e+02;7.9806156e-02;1.6750000e+02;9.8251253e-02;1.6750000e+02;1.1751177e-01;1.6750000e+02;1.3929883e-01;1.6750000e+02;1.6277003e-01;1.6750000e+02;1.8941620e-01;1.6750000e+02;2.1935266e-01;1.6750000e+02;2.4672019e-01;1.6750000e+02;2.7170509e-01;1.6750000e+02;2.8198895e-01;1.6750000e+02;2.8168949e-01;1.6750000e+02;2.7423769e-01;1.6750000e+02;2.6094523e-01;1.6750000e+02;2.4149311e-01;1.6750000e+02;2.1714424e-01;1.6750000e+02;3.4572266e-02;1.6750000e+02;4.7692560e-02;1.6750000e+02;6.2618449e-02;1.6750000e+02;7.9806156e-02;1.6750000e+02;9.8251253e-02;1.6750000e+02;1.1751177e-01;1.6750000e+02;1.3929883e-01;1.6750000e+02;1.6277003e-01;1.6750000e+02;1.8941620e-01;1.6750000e+02;2.1935266e-01;1.6750000e+02;2.4672019e-01;1.6750000e+02;2.7170509e-01;1.6750000e+02;2.8198895e-01;1.6750000e+02;2.8168949e-01;1.6750000e+02;2.7423769e-01;1.6750000e+02;2.6094523e-01;1.6750000e+02;2.4149311e-01;1.6750000e+02;2.1714424e-01;1.6750000e+02;3.4572266e-02;1.6750000e+02;4.7692560e-02;1.6750000e+02;6.2618449e-02;1.6750000e+02;7.9806156e-02;1.6750000e+02;9.8251253e-02;1.6750000e+02;1.1751177e-01;1.6750000e+02;1.3929883e-01;1.6750000e+02;1.6277003e-01;1.6750000e+02;1.8941620e-01;1.6750000e+02;2.1935266e-01;1.6750000e+02;2.4672019e-01;1.6750000e+02;2.7170509e-01;1.6750000e+02;2.8198895e-01;1.6750000e+02;2.8168949e-01;1.6750000e+02;2.7423769e-01;1.6750000e+02;2.6094523e-01;1.6750000e+02;2.4149311e-01;1.6750000e+02;2.1714424e-01;1.6750000e+02;3.4572266e-02;1.6750000e+02;4.7692560e-02;1.6750000e+02;6.2618449e-02;1.6750000e+02;7.9806156e-02;1.6750000e+02;9.8251253e-02;1.6750000e+02;1.1751177e-01;1.6750000e+02;1.3929883e-01;1.6750000e+02;1.6277003e-01;1.6750000e+02;1.8941620e-01;1.6750000e+02;2.1935266e-01;1.6750000e+02;2.4672019e-01;1.6750000e+02;2.7170509e-01;1.6750000e+02;2.8198895e-01;1.6750000e+02;2.8168949e-01;1.6750000e+02;2.7423769e-01;1.6750000e+02;2.6094523e-01;1.6750000e+02;2.4149311e-01;1.6750000e+02;2.1714424e-01;1.6750000e+02;3.4572266e-02;1.6750000e+02;4.7692560e-02;1.6750000e+02;6.2618449e-02;1.6750000e+02;7.9806156e-02;1.6750000e+02;9.8251253e-02;1.6750000e+02;1.1751177e-01;1.6750000e+02;1.3929883e-01;1.6750000e+02;1.6277003e-01;1.6750000e+02;1.8941620e-01;1.6750000e+02;2.1935266e-01;1.6750000e+02;2.4672019e-01;1.6750000e+02;2.7170509e-01;1.6750000e+02;2.8198895e-01;1.6750000e+02;2.8168949e-01;1.6750000e+02;2.7423769e-01;1.6750000e+02;2.6094523e-01;1.6750000e+02;2.4149311e-01;1.6750000e+02;2.1714424e-01;1.6750000e+02;3.4572266e-02;1.6750000e+02;4.7692560e-02;1.6750000e+02;6.2618449e-02;1.6750000e+02;7.9806156e-02;1.6750000e+02;9.8251253e-02;1.6750000e+02;1.1751177e-01;1.6750000e+02;1.3929883e-01;1.6750000e+02;1.6277003e-01;1.6750000e+02;1.8941620e-01;1.6750000e+02;2.1935266e-01;1.6750000e+02;2.4672019e-01;1.6750000e+02;2.7170509e-01;1.6750000e+02;2.8198895e-01;1.6750000e+02;2.8168949e-01;1.6750000e+02;2.7423769e-01;1.6750000e+02;2.6094523e-01;1.6750000e+02;2.4149311e-01;1.6750000e+02;2.1714424e-01;1.6750000e+02;3.4572266e-02;1.6750000e+02;4.7692560e-02;1.6750000e+02;6.2618449e-02;1.6750000e+02;7.9806156e-02;1.6750000e+02;9.8251253e-02;1.6750000e+02;1.1751177e-01;1.6750000e+02;1.3929883e-01;1.6750000e+02;1.6277003e-01;1.6750000e+02;1.8941620e-01;1.6750000e+02;2.1935266e-01;1.6750000e+02;2.4672019e-01;1.6750000e+02;2.7170509e-01;1.6750000e+02;2.8198895e-01;1.6750000e+02;2.8168949e-01;1.6750000e+02;2.7423769e-01;1.6750000e+02;2.6094523e-01;1.6750000e+02;2.4149311e-01;1.6750000e+02;2.1714424e-01;1.6750000e+02;3.4572266e-02;1.6750000e+02;4.7692560e-02;1.6750000e+02;6.2618449e-02;1.6750000e+02;7.9806156e-02;1.6750000e+02;9.8251253e-02;1.6750000e+02;1.1751177e-01;1.6750000e+02;1.3929883e-01;1.6750000e+02;1.6277003e-01;1.6750000e+02;1.8941620e-01;1.6750000e+02;2.1935266e-01;1.6750000e+02;2.4672019e-01;1.6750000e+02;2.7170509e-01;1.6750000e+02;2.8198895e-01;1.6750000e+02;2.8168949e-01;1.6750000e+02;2.7423769e-01;1.6750000e+02;2.6094523e-01;1.6750000e+02;2.4149311e-01;1.6750000e+02;2.1714424e-01;1.6750000e+02;3.4572266e-02;1.6750000e+02;4.7692560e-02;1.6750000e+02;6.2618449e-02;1.6750000e+02;7.9806156e-02;1.6750000e+02;9.8251253e-02;1.6750000e+02;1.1751177e-01;1.6750000e+02;1.3929883e-01;1.6750000e+02;1.6277003e-01;1.6750000e+02;1.8941620e-01;1.6750000e+02;2.1935266e-01;1.6750000e+02;2.4672019e-01;1.6750000e+02;2.7170509e-01;1.6750000e+02;2.8198895e-01;1.6750000e+02;2.8168949e-01;1.6750000e+02;2.7423769e-01;1.6750000e+02;2.6094523e-01;1.6750000e+02;2.4149311e-01;1.6750000e+02;2.1714424e-01;1.6750000e+02;3.4572266e-02;1.6750000e+02;4.7692560e-02;1.6750000e+02;6.2618449e-02;1.6750000e+02;7.9806156e-02;1.6750000e+02;9.8251253e-02;1.6750000e+02;1.1751177e-01;1.6750000e+02;1.3929883e-01;1.6750000e+02;1.6277003e-01;1.6750000e+02;1.8941620e-01;1.6750000e+02;2.1935266e-01;1.6750000e+02;2.4672019e-01;1.6750000e+02;2.7170509e-01;1.6750000e+02;2.8198895e-01;1.6750000e+02;2.8168949e-01;1.6750000e+02;2.7423769e-01;1.6750000e+02;2.6094523e-01;1.6750000e+02;2.4149311e-01;1.6750000e+02;2.1714424e-01;1.6750000e+02;3.4572266e-02;1.6750000e+02;4.7692560e-02;1.6750000e+02;6.2618449e-02;1.6750000e+02;7.9806156e-02;1.6750000e+02;9.8251253e-02;1.6750000e+02;1.1751177e-01;1.6750000e+02;1.3929883e-01;1.6750000e+02;1.6277003e-01;1.6750000e+02;1.8941620e-01;1.6750000e+02;2.1935266e-01;1.6750000e+02;2.4672019e-01;1.6750000e+02;2.7170509e-01;1.6750000e+02;2.8198895e-01;1.6750000e+02;2.8168949e-01;1.6750000e+02;2.7423769e-01;1.6750000e+02;2.6094523e-01;1.6750000e+02;2.4149311e-01;1.6750000e+02;2.1714424e-01;1.6750000e+02;3.4572266e-02;1.6750000e+02;4.7692560e-02;1.6750000e+02;6.2618449e-02;1.6750000e+02;7.9806156e-02;1.6750000e+02;9.8251253e-02;1.6750000e+02;1.1751177e-01;1.6750000e+02;1.3929883e-01;1.6750000e+02;1.6277003e-01;1.6750000e+02;1.8941620e-01;1.6750000e+02;2.1935266e-01;1.6750000e+02;2.4672019e-01;1.6750000e+02;2.7170509e-01;1.6750000e+02;2.8198895e-01;1.6750000e+02;2.8168949e-01;1.6750000e+02;2.7423769e-01;1.6750000e+02;2.6094523e-01;1.6750000e+02;2.4149311e-01;1.6750000e+02;2.1714424e-01;1.6750000e+02;3.4572266e-02;1.6750000e+02;4.7692560e-02;1.6750000e+02;6.2618449e-02;1.6750000e+02;7.9806156e-02;1.6750000e+02;9.8251253e-02;1.6750000e+02;1.1751177e-01;1.6750000e+02;1.3929883e-01;1.6750000e+02;1.6277003e-01;1.6750000e+02;1.8941620e-01;1.6750000e+02;2.1935266e-01;1.6750000e+02;2.4672019e-01;1.6750000e+02;2.7170509e-01;1.6750000e+02;2.8198895e-01;1.6750000e+02;2.8168949e-01;1.6750000e+02;2.7423769e-01;1.6750000e+02;2.6094523e-01;1.6750000e+02;2.4149311e-01;1.6750000e+02;2.1714424e-01;1.6750000e+02;3.4572266e-02;1.6750000e+02;4.7692560e-02;1.6750000e+02;6.2618449e-02;1.6750000e+02;7.9806156e-02;1.6750000e+02;9.8251253e-02;1.6750000e+02;1.1751177e-01;1.6750000e+02;1.3929883e-01;1.6750000e+02;1.6277003e-01;1.6750000e+02;1.8941620e-01;1.6750000e+02;2.1935266e-01;1.6750000e+02;2.4672019e-01;1.6750000e+02;2.7170509e-01;1.6750000e+02;2.8198895e-01;1.6750000e+02;2.8168949e-01;1.6750000e+02;2.7423769e-01;1.6750000e+02;2.6094523e-01;1.6750000e+02;2.4149311e-01;1.6750000e+02;2.1714424e-01;1.6750000e+02;3.4572266e-02;1.6750000e+02;4.7692560e-02;1.6750000e+02;6.2618449e-02;1.6750000e+02;7.9806156e-02;1.6750000e+02;9.8251253e-02;1.6750000e+02;1.1751177e-01;1.6750000e+02;1.3929883e-01;1.6750000e+02;1.6277003e-01;1.6750000e+02;1.8941620e-01;1.6750000e+02;2.1935266e-01;1.6750000e+02;2.4672019e-01;1.6750000e+02;2.7170509e-01;1.6750000e+02;2.8198895e-01;1.6750000e+02;2.8168949e-01;1.6750000e+02;2.7423769e-01;1.6750000e+02;2.6094523e-01;1.6750000e+02;2.4149311e-01;1.6750000e+02;2.1714424e-01;1.6750000e+02;3.4572266e-02;1.6750000e+02;4.7692560e-02;1.6750000e+02;6.2618449e-02;1.6750000e+02;7.9806156e-02;1.6750000e+02;9.8251253e-02;1.6750000e+02;1.1751177e-01;1.6750000e+02;1.3929883e-01;1.6750000e+02;1.6277003e-01;1.6750000e+02;1.8941620e-01;1.6750000e+02;2.1935266e-01;1.6750000e+02;2.4672019e-01;1.6750000e+02;2.7170509e-01;1.6750000e+02;2.8198895e-01;1.6750000e+02;2.8168949e-01;1.6750000e+02;2.7423769e-01;1.6750000e+02;2.6094523e-01;1.6750000e+02;2.4149311e-01;1.6750000e+02;2.1714424e-01;1.6750000e+02;3.4572266e-02;1.6750000e+02;4.7692560e-02;1.6750000e+02;6.2618449e-02;1.6750000e+02;7.9806156e-02;1.6750000e+02;9.8251253e-02;1.6750000e+02;1.1751177e-01;1.6750000e+02;1.3929883e-01;1.6750000e+02;1.6277003e-01;1.6750000e+02;1.8941620e-01;1.6750000e+02;2.1935266e-01;1.6750000e+02;2.4672019e-01;1.6750000e+02;2.7170509e-01;1.6750000e+02;2.8198895e-01;1.6750000e+02;2.8168949e-01;1.6750000e+02;2.7423769e-01;1.6750000e+02;2.6094523e-01;1.6750000e+02;2.4149311e-01;1.6750000e+02;2.1714424e-01;1.6750000e+02;3.4572266e-02;1.6750000e+02;4.7692560e-02;1.6750000e+02;6.2618449e-02;1.6750000e+02;7.9806156e-02;1.6750000e+02;9.8251253e-02;1.6750000e+02;1.1751177e-01;1.6750000e+02;1.3929883e-01;1.6750000e+02;1.6277003e-01;1.6750000e+02;1.8941620e-01;1.6750000e+02;2.1935266e-01;1.6750000e+02;2.4672019e-01;1.6750000e+02;2.7170509e-01;1.6750000e+02;2.8198895e-01;1.6750000e+02;2.8168949e-01;1.6750000e+02;2.7423769e-01;1.6750000e+02;2.6094523e-01;1.6750000e+02;2.4149311e-01;1.6750000e+02;2.1714424e-01;1.6750000e+02;3.4572266e-02;1.6750000e+02;4.7692560e-02;1.6750000e+02;6.2618449e-02;1.6750000e+02;7.9806156e-02;1.6750000e+02;9.8251253e-02;1.6750000e+02;1.1751177e-01;1.6750000e+02;1.3929883e-01;1.6750000e+02;1.6277003e-01;1.6750000e+02;1.8941620e-01;1.6750000e+02;2.1935266e-01;1.6750000e+02;2.4672019e-01;1.6750000e+02;2.7170509e-01;1.6750000e+02;2.8198895e-01;1.6750000e+02;2.8168949e-01;1.6750000e+02;2.7423769e-01;1.6750000e+02;2.6094523e-01;1.6750000e+02;2.4149311e-01;1.6750000e+02;2.1714424e-01;1.6750000e+02;3.4572266e-02;1.6750000e+02;4.7692560e-02;1.6750000e+02;6.2618449e-02;1.6750000e+02;7.9806156e-02;1.6750000e+02;9.8251253e-02;1.6750000e+02;1.1751177e-01;1.6750000e+02;1.3929883e-01;1.6750000e+02;1.6277003e-01;1.6750000e+02;1.8941620e-01;1.6750000e+02;2.1935266e-01;1.6750000e+02;2.4672019e-01;1.6750000e+02;2.7170509e-01;1.6750000e+02;2.8198895e-01;1.6750000e+02;2.8168949e-01;1.6750000e+02;2.7423769e-01;1.6750000e+02;2.6094523e-01;1.6750000e+02;2.4149311e-01;1.6750000e+02;2.1714424e-01;1.6750000e+02;3.4572266e-02;1.6750000e+02;4.7692560e-02;1.6750000e+02;6.2618449e-02;1.6750000e+02;7.9806156e-02;1.6750000e+02;9.8251253e-02;1.6750000e+02;1.1751177e-01;1.6750000e+02;1.3929883e-01;1.6750000e+02;1.6277003e-01;1.6750000e+02;1.8941620e-01;1.6750000e+02;2.1935266e-01;1.6750000e+02;2.4672019e-01;1.6750000e+02;2.7170509e-01;1.6750000e+02;2.8198895e-01;1.6750000e+02;2.8168949e-01;1.6750000e+02;2.7423769e-01;1.6750000e+02;2.6094523e-01;1.6750000e+02;2.4149311e-01;1.6750000e+02;2.1714424e-01;1.6750000e+02;3.4572266e-02;1.6750000e+02;4.7692560e-02;1.6750000e+02;6.2618449e-02;1.6750000e+02;7.9806156e-02;1.6750000e+02;9.8251253e-02;1.6750000e+02;1.1751177e-01;1.6750000e+02;1.3929883e-01;1.6750000e+02;1.6277003e-01;1.6750000e+02;1.8941620e-01;1.6750000e+02;2.1935266e-01;1.6750000e+02;2.4672019e-01;1.6750000e+02;2.7170509e-01;1.6750000e+02;2.8198895e-01;1.6750000e+02;2.8168949e-01;1.6750000e+02;2.7423769e-01;1.6750000e+02;2.6094523e-01;1.6750000e+02;2.4149311e-01;1.6750000e+02;2.1714424e-01;1.6750000e+02;3.4572266e-02;1.6750000e+02;4.7692560e-02;1.6750000e+02;6.2618449e-02;1.6750000e+02;7.9806156e-02;1.6750000e+02;9.8251253e-02;1.6750000e+02;1.1751177e-01;1.6750000e+02;1.3929883e-01;1.6750000e+02;1.6277003e-01;1.6750000e+02;1.8941620e-01;1.6750000e+02;2.1935266e-01;1.6750000e+02;2.4672019e-01;1.6750000e+02;2.7170509e-01;1.6750000e+02;2.8198895e-01;1.6750000e+02;2.8168949e-01;1.6750000e+02;2.7423769e-01;1.6750000e+02;2.6094523e-01;1.6750000e+02;2.4149311e-01;1.6750000e+02;2.1714424e-01;1.6750000e+02;3.4572266e-02;1.6750000e+02;4.7692560e-02;1.6750000e+02;6.2618449e-02;1.6750000e+02;7.9806156e-02;1.6750000e+02;9.8251253e-02;1.6750000e+02;1.1751177e-01;1.6750000e+02;1.3929883e-01;1.6750000e+02;1.6277003e-01;1.6750000e+02;1.8941620e-01;1.6750000e+02;2.1935266e-01;1.6750000e+02;2.4672019e-01;1.6750000e+02;2.7170509e-01;1.6750000e+02;2.8198895e-01;1.6750000e+02;2.8168949e-01;1.6750000e+02;2.7423769e-01;1.6750000e+02;2.6094523e-01;1.6750000e+02;2.4149311e-01;1.6750000e+02;2.1714424e-01;1.6750000e+02;3.4572266e-02;1.6750000e+02;4.7692560e-02;1.6750000e+02;6.2618449e-02;1.6750000e+02;7.9806156e-02;1.6750000e+02;9.8251253e-02;1.6750000e+02;1.1751177e-01;1.6750000e+02;1.3929883e-01;1.6750000e+02;1.6277003e-01;1.6750000e+02;1.8941620e-01;1.6750000e+02;2.1935266e-01;1.6750000e+02;2.4672019e-01;1.6750000e+02;2.7170509e-01;1.6750000e+02;2.8198895e-01;1.6750000e+02;2.8168949e-01;1.6750000e+02;2.7423769e-01;1.6750000e+02;2.6094523e-01;1.6750000e+02;2.4149311e-01;1.6750000e+02;2.1714424e-01;1.6750000e+02;3.4572266e-02;1.6750000e+02;4.7692560e-02;1.6750000e+02;6.2618449e-02;1.6750000e+02;7.9806156e-02;1.6750000e+02;9.8251253e-02;1.6750000e+02;1.1751177e-01;1.6750000e+02;1.3929883e-01;1.6750000e+02;1.6277003e-01;1.6750000e+02;1.8941620e-01;1.6750000e+02;2.1935266e-01;1.6750000e+02;2.4672019e-01;1.6750000e+02;2.7170509e-01;1.6750000e+02;2.8198895e-01;1.6750000e+02;2.8168949e-01;1.6750000e+02;2.7423769e-01;1.6750000e+02;2.6094523e-01;1.6750000e+02;2.4149311e-01;1.6750000e+02;2.1714424e-01;1.6750000e+02;3.4572266e-02;1.6750000e+02;4.7692560e-02;1.6750000e+02;6.2618449e-02;1.6750000e+02;7.9806156e-02;1.6750000e+02;9.8251253e-02;1.6750000e+02;1.1751177e-01;1.6750000e+02;1.3929883e-01;1.6750000e+02;1.6277003e-01;1.6750000e+02;1.8941620e-01;1.6750000e+02;2.1935266e-01;1.6750000e+02;2.4672019e-01;1.6750000e+02;2.7170509e-01;1.6750000e+02;2.8198895e-01;1.6750000e+02;2.8168949e-01;1.6750000e+02;2.7423769e-01;1.6750000e+02;2.6094523e-01;1.6750000e+02;2.4149311e-01;1.6750000e+02;2.1714424e-01;1.6750000e+02;3.4572266e-02;1.6750000e+02;4.7692560e-02;1.6750000e+02;6.2618449e-02;1.6750000e+02;7.9806156e-02;1.6750000e+02;9.8251253e-02;1.6750000e+02;1.1751177e-01;1.6750000e+02;1.3929883e-01;1.6750000e+02;1.6277003e-01;1.6750000e+02;1.8941620e-01;1.6750000e+02;2.1935266e-01;1.6750000e+02;2.4672019e-01;1.6750000e+02;2.7170509e-01;1.6750000e+02;2.8198895e-01;1.6750000e+02;2.8168949e-01;1.6750000e+02;2.7423769e-01;1.6750000e+02;2.6094523e-01;1.6750000e+02;2.4149311e-01;1.6750000e+02;2.1714424e-01;1.6750000e+02;3.4572266e-02;1.6750000e+02;4.7692560e-02;1.6750000e+02;6.2618449e-02;1.6750000e+02;7.9806156e-02;1.6750000e+02;9.8251253e-02;1.6750000e+02;1.1751177e-01;1.6750000e+02;1.3929883e-01;1.6750000e+02;1.6277003e-01;1.6750000e+02;1.8941620e-01;1.6750000e+02;2.1935266e-01;1.6750000e+02;2.4672019e-01;1.6750000e+02;2.7170509e-01;1.6750000e+02;2.8198895e-01;1.6750000e+02;2.8168949e-01;1.6750000e+02;2.7423769e-01;1.6750000e+02;2.6094523e-01;1.6750000e+02;2.4149311e-01;1.6750000e+02;2.1714424e-01;1.6750000e+02;3.4572266e-02;1.6750000e+02;4.7692560e-02;1.6750000e+02;6.2618449e-02;1.6750000e+02;7.9806156e-02;1.6750000e+02;9.8251253e-02;1.6750000e+02;1.1751177e-01;1.6750000e+02;1.3929883e-01;1.6750000e+02;1.6277003e-01;1.6750000e+02;1.8941620e-01;1.6750000e+02;2.1935266e-01;1.6750000e+02;2.4672019e-01;1.6750000e+02;2.7170509e-01;1.6750000e+02;2.8198895e-01;1.6750000e+02;2.8168949e-01;1.6750000e+02;2.7423769e-01;1.6750000e+02;2.6094523e-01;1.6750000e+02;2.4149311e-01;1.6750000e+02;2.1714424e-01;1.6750000e+02;3.4572266e-02;1.6750000e+02;4.7692560e-02;1.6750000e+02;6.2618449e-02;1.6750000e+02;7.9806156e-02;1.6750000e+02;9.8251253e-02;1.6750000e+02;1.1751177e-01;1.6750000e+02;1.3929883e-01;1.6750000e+02;1.6277003e-01;1.6750000e+02;1.8941620e-01;1.6750000e+02;2.1935266e-01;1.6750000e+02;2.4672019e-01;1.6750000e+02;2.7170509e-01;1.6750000e+02;2.8198895e-01;1.6750000e+02;2.8168949e-01;1.6750000e+02;2.7423769e-01;1.6750000e+02;2.6094523e-01;1.6750000e+02;2.4149311e-01;1.6750000e+02;2.1714424e-01;1.6750000e+02;3.4572266e-02;1.6750000e+02;4.7692560e-02;1.6750000e+02;6.2618449e-02;1.6750000e+02;7.9806156e-02;1.6750000e+02;9.8251253e-02;1.6750000e+02;1.1751177e-01;1.6750000e+02;1.3929883e-01;1.6750000e+02;1.6277003e-01;1.6750000e+02;1.8941620e-01;1.6750000e+02;2.1935266e-01;1.6750000e+02;2.4672019e-01;1.6750000e+02;2.7170509e-01;1.6750000e+02;2.8198895e-01;1.6750000e+02;2.8168949e-01;1.6750000e+02;2.7423769e-01;1.6750000e+02;2.6094523e-01;1.6750000e+02;2.4149311e-01;1.6750000e+02;2.1714424e-01;1.6750000e+02;3.4572266e-02;1.6750000e+02;4.7692560e-02;1.6750000e+02;6.2618449e-02;1.6750000e+02;7.9806156e-02;1.6750000e+02;9.8251253e-02;1.6750000e+02;1.1751177e-01;1.6750000e+02;1.3929883e-01;1.6750000e+02;1.6277003e-01;1.6750000e+02;1.8941620e-01;1.6750000e+02;2.1935266e-01;1.6750000e+02;2.4672019e-01;1.6750000e+02;2.7170509e-01;1.6750000e+02;2.8198895e-01;1.6750000e+02;2.8168949e-01;1.6750000e+02;2.7423769e-01;1.6750000e+02;2.6094523e-01;1.6750000e+02;2.4149311e-01;1.6750000e+02;2.1714424e-01;1.6750000e+02;3.4572266e-02;1.6750000e+02;4.7692560e-02;1.6750000e+02;6.2618449e-02;1.6750000e+02;7.9806156e-02;1.6750000e+02;9.8251253e-02;1.6750000e+02;1.1751177e-01;1.6750000e+02;1.3929883e-01;1.6750000e+02;1.6277003e-01;1.6750000e+02;1.8941620e-01;1.6750000e+02;2.1935266e-01;1.6750000e+02;2.4672019e-01;1.6750000e+02;2.7170509e-01;1.6750000e+02;2.8198895e-01;1.6750000e+02;2.8168949e-01;1.6750000e+02;2.7423769e-01;1.6750000e+02;2.6094523e-01;1.6750000e+02;2.4149311e-01;1.6750000e+02;2.1714424e-01;1.6750000e+02;3.4572266e-02;1.6750000e+02;4.7692560e-02;1.6750000e+02;6.2618449e-02;1.6750000e+02;7.9806156e-02;1.6750000e+02;9.8251253e-02;1.6750000e+02;1.1751177e-01;1.6750000e+02;1.3929883e-01;1.6750000e+02;1.6277003e-01;1.6750000e+02;1.8941620e-01;1.6750000e+02;2.1935266e-01;1.6750000e+02;2.4672019e-01;1.6750000e+02;2.7170509e-01;1.6750000e+02;2.8198895e-01;1.6750000e+02;2.8168949e-01;1.6750000e+02;2.7423769e-01;1.6750000e+02;2.6094523e-01;1.6750000e+02;2.4149311e-01;1.6750000e+02;2.1714424e-01;1.6750000e+02;3.4572266e-02;1.6750000e+02;4.7692560e-02;1.6750000e+02;6.2618449e-02;1.6750000e+02;7.9806156e-02;1.6750000e+02;9.8251253e-02;1.6750000e+02;1.1751177e-01;1.6750000e+02;1.3929883e-01;1.6750000e+02;1.6277003e-01;1.6750000e+02;1.8941620e-01;1.6750000e+02;2.1935266e-01;1.6750000e+02;2.4672019e-01;1.6750000e+02;2.7170509e-01;1.6750000e+02;2.8198895e-01;1.6750000e+02;2.8168949e-01;1.6750000e+02;2.7423769e-01;1.6750000e+02;2.6094523e-01;1.6750000e+02;2.4149311e-01;1.6750000e+02;2.1714424e-01;1.6750000e+02;3.4572266e-02;1.6750000e+02;4.7692560e-02;1.6750000e+02;6.2618449e-02;1.6750000e+02;7.9806156e-02;1.6750000e+02;9.8251253e-02;1.6750000e+02;1.1751177e-01;1.6750000e+02;1.3929883e-01;1.6750000e+02;1.6277003e-01;1.6750000e+02;1.8941620e-01;1.6750000e+02;2.1935266e-01;1.6750000e+02;2.4672019e-01;1.6750000e+02;2.7170509e-01;1.6750000e+02;2.8198895e-01;1.6750000e+02;2.8168949e-01;1.6750000e+02;2.7423769e-01;1.6750000e+02;2.6094523e-01;1.6750000e+02;2.4149311e-01;1.6750000e+02;2.1714424e-01;1.6750000e+02;3.4572266e-02;1.6750000e+02;4.7692560e-02;1.6750000e+02;6.2618449e-02;1.6750000e+02;7.9806156e-02;1.6750000e+02;9.8251253e-02;1.6750000e+02;1.1751177e-01;1.6750000e+02;1.3929883e-01;1.6750000e+02;1.6277003e-01;1.6750000e+02;1.8941620e-01;1.6750000e+02;2.1935266e-01;1.6750000e+02;2.4672019e-01;1.6750000e+02;2.7170509e-01;1.6750000e+02;2.8198895e-01;1.6750000e+02;2.8168949e-01;1.6750000e+02;2.7423769e-01;1.6750000e+02;2.6094523e-01;1.6750000e+02;2.4149311e-01;1.6750000e+02;2.1714424e-01;1.6750000e+02;3.4572266e-02;1.6750000e+02;4.7692560e-02;1.6750000e+02;6.2618449e-02;1.6750000e+02;7.9806156e-02;1.6750000e+02;9.8251253e-02;1.6750000e+02;1.1751177e-01;1.6750000e+02;1.3929883e-01;1.6750000e+02;1.6277003e-01;1.6750000e+02;1.8941620e-01;1.6750000e+02;2.1935266e-01;1.6750000e+02;2.4672019e-01;1.6750000e+02;2.7170509e-01;1.6750000e+02;2.8198895e-01;1.6750000e+02;2.8168949e-01;1.6750000e+02;2.7423769e-01;1.6750000e+02;2.6094523e-01;1.6750000e+02;2.4149311e-01;1.6750000e+02;2.1714424e-01;1.6750000e+02;3.4572266e-02;1.6750000e+02;4.7692560e-02;1.6750000e+02;6.2618449e-02;1.6750000e+02;7.9806156e-02;1.6750000e+02;9.8251253e-02;1.6750000e+02;1.1751177e-01;1.6750000e+02;1.3929883e-01;1.6750000e+02;1.6277003e-01;1.6750000e+02;1.8941620e-01;1.6750000e+02;2.1935266e-01;1.6750000e+02;2.4672019e-01;1.6750000e+02;2.7170509e-01;1.6750000e+02;2.8198895e-01;1.6750000e+02;2.8168949e-01;1.6750000e+02;2.7423769e-01;1.6750000e+02;2.6094523e-01;1.6750000e+02;2.4149311e-01;1.6750000e+02;2.1714424e-01;1.6750000e+02;3.4572266e-02;1.6750000e+02;4.7692560e-02;1.6750000e+02;6.2618449e-02;1.6750000e+02;7.9806156e-02;1.6750000e+02;9.8251253e-02;1.6750000e+02;1.1751177e-01;1.6750000e+02;1.3929883e-01;1.6750000e+02;1.6277003e-01;1.6750000e+02;1.8941620e-01;1.6750000e+02;2.1935266e-01;1.6750000e+02;2.4672019e-01;1.6750000e+02;2.7170509e-01;1.6750000e+02;2.8198895e-01;1.6750000e+02;2.8168949e-01;1.6750000e+02;2.7423769e-01;1.6750000e+02;2.6094523e-01;1.6750000e+02;2.4149311e-01;1.6750000e+02;2.1714424e-01;1.6750000e+02;3.4572266e-02;1.6750000e+02;4.7692560e-02;1.6750000e+02;6.2618449e-02;1.6750000e+02;7.9806156e-02;1.6750000e+02;9.8251253e-02;1.6750000e+02;1.1751177e-01;1.6750000e+02;1.3929883e-01;1.6750000e+02;1.6277003e-01;1.6750000e+02;1.8941620e-01;1.6750000e+02;2.1935266e-01;1.6750000e+02;2.4672019e-01;1.6750000e+02;2.7170509e-01;1.6750000e+02;2.8198895e-01;1.6750000e+02;2.8168949e-01;1.6750000e+02;2.7423769e-01;1.6750000e+02;2.6094523e-01;1.6750000e+02;2.4149311e-01;1.6750000e+02;2.1714424e-01;1.6750000e+02;3.4572266e-02;1.6750000e+02;4.7692560e-02;1.6750000e+02;6.2618449e-02;1.6750000e+02;7.9806156e-02;1.6750000e+02;9.8251253e-02;1.6750000e+02;1.1751177e-01;1.6750000e+02;1.3929883e-01;1.6750000e+02;1.6277003e-01;1.6750000e+02;1.8941620e-01;1.6750000e+02;2.1935266e-01;1.6750000e+02;2.4672019e-01;1.6750000e+02;2.7170509e-01;1.6750000e+02;2.8198895e-01;1.6750000e+02;2.8168949e-01;1.6750000e+02;2.7423769e-01;1.6750000e+02;2.6094523e-01;1.6750000e+02;2.4149311e-01;1.6750000e+02;2.1714424e-01;1.6750000e+02;3.4572266e-02;1.6750000e+02;4.7692560e-02;1.6750000e+02;6.2618449e-02;1.6750000e+02;7.9806156e-02;1.6750000e+02;9.8251253e-02;1.6750000e+02;1.1751177e-01;1.6750000e+02;1.3929883e-01;1.6750000e+02;1.6277003e-01;1.6750000e+02;1.8941620e-01;1.6750000e+02;2.1935266e-01;1.6750000e+02;2.4672019e-01;1.6750000e+02;2.7170509e-01;1.6750000e+02;2.8198895e-01;1.6750000e+02;2.8168949e-01;1.6750000e+02;2.7423769e-01;1.6750000e+02;2.6094523e-01;1.6750000e+02;2.4149311e-01;1.6750000e+02;2.1714424e-01;1.6750000e+02;3.4572266e-02;1.6750000e+02;4.7692560e-02;1.6750000e+02;6.2618449e-02;1.6750000e+02;7.9806156e-02;1.6750000e+02;9.8251253e-02;1.6750000e+02;1.1751177e-01;1.6750000e+02;1.3929883e-01;1.6750000e+02;1.6277003e-01;1.6750000e+02;1.8941620e-01;1.6750000e+02;2.1935266e-01;1.6750000e+02;2.4672019e-01;1.6750000e+02;2.7170509e-01;1.6750000e+02;2.8198895e-01;1.6750000e+02;2.8168949e-01;1.6750000e+02;2.7423769e-01;1.6750000e+02;2.6094523e-01;1.6750000e+02;2.4149311e-01;1.6750000e+02;2.1714424e-01;1.6750000e+02;3.4572266e-02;1.6750000e+02;4.7692560e-02;1.6750000e+02;6.2618449e-02;1.6750000e+02;7.9806156e-02;1.6750000e+02;9.8251253e-02;1.6750000e+02;1.1751177e-01;1.6750000e+02;1.3929883e-01;1.6750000e+02;1.6277003e-01;1.6750000e+02;1.8941620e-01;1.6750000e+02;2.1935266e-01;1.6750000e+02;2.4672019e-01;1.6750000e+02;2.7170509e-01;1.6750000e+02;2.8198895e-01;1.6750000e+02;2.8168949e-01;1.6750000e+02;2.7423769e-01;1.6750000e+02;2.6094523e-01;1.6750000e+02;2.4149311e-01;1.6750000e+02;2.1714424e-01;1.6750000e+02;3.4572266e-02;1.6750000e+02;4.7692560e-02;1.6750000e+02;6.2618449e-02;1.6750000e+02;7.9806156e-02;1.6750000e+02;9.8251253e-02;1.6750000e+02;1.1751177e-01;1.6750000e+02;1.3929883e-01;1.6750000e+02;1.6277003e-01;1.6750000e+02;1.8941620e-01;1.6750000e+02;2.1935266e-01;1.6750000e+02;2.4672019e-01;1.6750000e+02;2.7170509e-01;1.6750000e+02;2.8198895e-01;1.6750000e+02;2.8168949e-01;1.6750000e+02;2.7423769e-01;1.6750000e+02;2.6094523e-01;1.6750000e+02;2.4149311e-01;1.6750000e+02;2.1714424e-01;1.6750000e+02;3.4572266e-02;1.6750000e+02;4.7692560e-02;1.6750000e+02;6.2618449e-02;1.6750000e+02;7.9806156e-02;1.6750000e+02;9.8251253e-02;1.6750000e+02;1.1751177e-01;1.6750000e+02;1.3929883e-01;1.6750000e+02;1.6277003e-01;1.6750000e+02;1.8941620e-01;1.6750000e+02;2.1935266e-01;1.6750000e+02;2.4672019e-01;1.6750000e+02;2.7170509e-01;1.6750000e+02;2.8198895e-01;1.6750000e+02;2.8168949e-01;1.6750000e+02;2.7423769e-01;1.6750000e+02;2.6094523e-01;1.6750000e+02;2.4149311e-01;1.6750000e+02;2.1714424e-01;1.6750000e+02;3.4572266e-02;1.6750000e+02;4.7692560e-02;1.6750000e+02;6.2618449e-02;1.6750000e+02;7.9806156e-02;1.6750000e+02;9.8251253e-02;1.6750000e+02;1.1751177e-01;1.6750000e+02;1.3929883e-01;1.6750000e+02;1.6277003e-01;1.6750000e+02;1.8941620e-01;1.6750000e+02;2.1935266e-01;1.6750000e+02;2.4672019e-01;1.6750000e+02;2.7170509e-01;1.6750000e+02;2.8198895e-01;1.6750000e+02;2.8168949e-01;1.6750000e+02;2.7423769e-01;1.6750000e+02;2.6094523e-01;1.6750000e+02;2.4149311e-01;1.6750000e+02;2.1714424e-01;1.6750000e+02;3.4572266e-02;1.6750000e+02;4.7692560e-02;1.6750000e+02;6.2618449e-02;1.6750000e+02;7.9806156e-02;1.6750000e+02;9.8251253e-02;1.6750000e+02;1.1751177e-01;1.6750000e+02;1.3929883e-01;1.6750000e+02;1.6277003e-01;1.6750000e+02;1.8941620e-01;1.6750000e+02;2.1935266e-01;1.6750000e+02;2.4672019e-01;1.6750000e+02;2.7170509e-01;1.6750000e+02;2.8198895e-01;1.6750000e+02;2.8168949e-01;1.6750000e+02;2.7423769e-01;1.6750000e+02;2.6094523e-01;1.6750000e+02;2.4149311e-01;1.6750000e+02;2.1714424e-01;1.6750000e+02;3.4572266e-02;1.6750000e+02;4.7692560e-02;1.6750000e+02;6.2618449e-02;1.6750000e+02;7.9806156e-02;1.6750000e+02;9.8251253e-02;1.6750000e+02;1.1751177e-01;1.6750000e+02;1.3929883e-01;1.6750000e+02;1.6277003e-01;1.6750000e+02;1.8941620e-01;1.6750000e+02;2.1935266e-01;1.6750000e+02;2.4672019e-01;1.6750000e+02;2.7170509e-01;1.6750000e+02;2.8198895e-01;1.6750000e+02;2.8168949e-01;1.6750000e+02;2.7423769e-01;1.6750000e+02;2.6094523e-01;1.6750000e+02;2.4149311e-01;1.6750000e+02;2.1714424e-01;1.6750000e+02;3.4572266e-02;1.6750000e+02;4.7692560e-02;1.6750000e+02;6.2618449e-02;1.6750000e+02;7.9806156e-02;1.6750000e+02;9.8251253e-02;1.6750000e+02;1.1751177e-01;1.6750000e+02;1.3929883e-01;1.6750000e+02;1.6277003e-01;1.6750000e+02;1.8941620e-01;1.6750000e+02;2.1935266e-01;1.6750000e+02;2.4672019e-01;1.6750000e+02;2.7170509e-01;1.6750000e+02;2.8198895e-01;1.6750000e+02;2.8168949e-01;1.6750000e+02;2.7423769e-01;1.6750000e+02;2.6094523e-01;1.6750000e+02;2.4149311e-01;1.6750000e+02;2.1714424e-01;1.6750000e+02;3.4572266e-02;1.6750000e+02;4.7692560e-02;1.6750000e+02;6.2618449e-02;1.6750000e+02;7.9806156e-02;1.6750000e+02;9.8251253e-02;1.6750000e+02;1.1751177e-01;1.6750000e+02;1.3929883e-01;1.6750000e+02;1.6277003e-01;1.6750000e+02;1.8941620e-01;1.6750000e+02;2.1935266e-01;1.6750000e+02;2.4672019e-01;1.6750000e+02;2.7170509e-01;1.6750000e+02;2.8198895e-01;1.6750000e+02;2.8168949e-01;1.6750000e+02;2.7423769e-01;1.6750000e+02;2.6094523e-01;1.6750000e+02;2.4149311e-01;1.6750000e+02;2.1714424e-01;1.6750000e+02;3.4572266e-02;1.6750000e+02;4.7692560e-02;1.6750000e+02;6.2618449e-02;1.6750000e+02;7.9806156e-02;1.6750000e+02;9.8251253e-02;1.6750000e+02;1.1751177e-01;1.6750000e+02;1.3929883e-01;1.6750000e+02;1.6277003e-01;1.6750000e+02;1.8941620e-01;1.6750000e+02;2.1935266e-01;1.6750000e+02;2.4672019e-01;1.6750000e+02;2.7170509e-01;1.6750000e+02;2.8198895e-01;1.6750000e+02;2.8168949e-01;1.6750000e+02;2.7423769e-01;1.6750000e+02;2.6094523e-01;1.6750000e+02;2.4149311e-01;1.6750000e+02;2.1714424e-01;1.6750000e+02;3.4572266e-02;1.6750000e+02;4.7692560e-02;1.6750000e+02;6.2618449e-02;1.6750000e+02;7.9806156e-02;1.6750000e+02;9.8251253e-02;1.6750000e+02;1.1751177e-01;1.6750000e+02;1.3929883e-01;1.6750000e+02;1.6277003e-01;1.6750000e+02;1.8941620e-01;1.6750000e+02;2.1935266e-01;1.6750000e+02;2.4672019e-01;1.6750000e+02;2.7170509e-01;1.6750000e+02;2.8198895e-01;1.6750000e+02;2.8168949e-01;1.6750000e+02;2.7423769e-01;1.6750000e+02;2.6094523e-01;1.6750000e+02;2.4149311e-01;1.6750000e+02;2.1714424e-01;1.6750000e+02;3.4572266e-02;1.6750000e+02;4.7692560e-02;1.6750000e+02;6.2618449e-02;1.6750000e+02;7.9806156e-02;1.6750000e+02;9.8251253e-02;1.6750000e+02;1.1751177e-01;1.6750000e+02;1.3929883e-01;1.6750000e+02;1.6277003e-01;1.6750000e+02;1.8941620e-01;1.6750000e+02;2.1935266e-01;1.6750000e+02;2.4672019e-01;1.6750000e+02;2.7170509e-01;1.6750000e+02;2.8198895e-01;1.6750000e+02;2.8168949e-01;1.6750000e+02;2.7423769e-01;1.6750000e+02;2.6094523e-01;1.6750000e+02;2.4149311e-01;1.6750000e+02;2.1714424e-01;1.6750000e+02;3.4572266e-02;1.6750000e+02;4.7692560e-02;1.6750000e+02;6.2618449e-02;1.6750000e+02;7.9806156e-02;1.6750000e+02;9.8251253e-02;1.6750000e+02;1.1751177e-01;1.6750000e+02;1.3929883e-01;1.6750000e+02;1.6277003e-01;1.6750000e+02;1.8941620e-01;1.6750000e+02;2.1935266e-01;1.6750000e+02;2.4672019e-01;1.6750000e+02;2.7170509e-01;1.6750000e+02;2.8198895e-01;1.6750000e+02;2.8168949e-01;1.6750000e+02;2.7423769e-01;1.6750000e+02;2.6094523e-01;1.6750000e+02;2.4149311e-01;1.6750000e+02;2.1714424e-01
1.7250000e+02;3.6332019e-02;1.7250000e+02;4.9471598e-02;1.7250000e+02;6.5732449e-02;1.7250000e+02;8.3680347e-02;1.7250000e+02;1.0381012e-01;1.7250000e+02;1.2332842e-01;1.7250000e+02;1.4440639e-01;1.7250000e+02;1.6758429e-01;1.7250000e+02;1.9486773e-01;1.7250000e+02;2.2408223e-01;1.7250000e+02;2.5419745e-01;1.7250000e+02;2.7766404e-01;1.7250000e+02;2.8698003e-01;1.7250000e+02;2.8664356e-01;1.7250000e+02;2.7945751e-01;1.7250000e+02;2.6632300e-01;1.7250000e+02;2.4715781e-01;1.7250000e+02;2.2321534e-01;1.7250000e+02;3.6332019e-02;1.7250000e+02;4.9471598e-02;1.7250000e+02;6.5732449e-02;1.7250000e+02;8.3680347e-02;1.7250000e+02;1.0381012e-01;1.7250000e+02;1.2332842e-01;1.7250000e+02;1.4440639e-01;1.7250000e+02;1.6758429e-01;1.7250000e+02;1.9486773e-01;1.7250000e+02;2.2408223e-01;1.7250000e+02;2.5419745e-01;1.7250000e+02;2.7766404e-01;1.7250000e+02;2.8698003e-01;1.7250000e+02;2.8664356e-01;1.7250000e+02;2.7945751e-01;1.7250000e+02;2.6632300e-01;1.7250000e+02;2.4715781e-01;1.7250000e+02;2.2321534e-01;1.7250000e+02;3.6332019e-02;1.7250000e+02;4.9471598e-02;1.7250000e+02;6.5732449e-02;1.7250000e+02;8.3680347e-02;1.7250000e+02;1.0381012e-01;1.7250000e+02;1.2332842e-01;1.7250000e+02;1.4440639e-01;1.7250000e+02;1.6758429e-01;1.7250000e+02;1.9486773e-01;1.7250000e+02;2.2408223e-01;1.7250000e+02;2.5419745e-01;1.7250000e+02;2.7766404e-01;1.7250000e+02;2.8698003e-01;1.7250000e+02;2.8664356e-01;1.7250000e+02;2.7945751e-01;1.7250000e+02;2.6632300e-01;1.7250000e+02;2.4715781e-01;1.7250000e+02;2.2321534e-01;1.7250000e+02;3.6332019e-02;1.7250000e+02;4.9471598e-02;1.7250000e+02;6.5732449e-02;1.7250000e+02;8.3680347e-02;1.7250000e+02;1.0381012e-01;1.7250000e+02;1.2332842e-01;1.7250000e+02;1.4440639e-01;1.7250000e+02;1.6758429e-01;1.7250000e+02;1.9486773e-01;1.7250000e+02;2.2408223e-01;1.7250000e+02;2.5419745e-01;1.7250000e+02;2.7766404e-01;1.7250000e+02;2.8698003e-01;1.7250000e+02;2.8664356e-01;1.7250000e+02;2.7945751e-01;1.7250000e+02;2.6632300e-01;1.7250000e+02;2.4715781e-01;1.7250000e+02;2.2321534e-01;1.7250000e+02;3.6332019e-02;1.7250000e+02;4.9471598e-02;1.7250000e+02;6.5732449e-02;1.7250000e+02;8.3680347e-02;1.7250000e+02;1.0381012e-01;1.7250000e+02;1.2332842e-01;1.7250000e+02;1.4440639e-01;1.7250000e+02;1.6758429e-01;1.7250000e+02;1.9486773e-01;1.7250000e+02;2.2408223e-01;1.7250000e+02;2.5419745e-01;1.7250000e+02;2.7766404e-01;1.7250000e+02;2.8698003e-01;1.7250000e+02;2.8664356e-01;1.7250000e+02;2.7945751e-01;1.7250000e+02;2.6632300e-01;1.7250000e+02;2.4715781e-01;1.7250000e+02;2.2321534e-01;1.7250000e+02;3.6332019e-02;1.7250000e+02;4.9471598e-02;1.7250000e+02;6.5732449e-02;1.7250000e+02;8.3680347e-02;1.7250000e+02;1.0381012e-01;1.7250000e+02;1.2332842e-01;1.7250000e+02;1.4440639e-01;1.7250000e+02;1.6758429e-01;1.7250000e+02;1.9486773e-01;1.7250000e+02;2.2408223e-01;1.7250000e+02;2.5419745e-01;1.7250000e+02;2.7766404e-01;1.7250000e+02;2.8698003e-01;1.7250000e+02;2.8664356e-01;1.7250000e+02;2.7945751e-01;1.7250000e+02;2.6632300e-01;1.7250000e+02;2.4715781e-01;1.7250000e+02;2.2321534e-01;1.7250000e+02;3.6332019e-02;1.7250000e+02;4.9471598e-02;1.7250000e+02;6.5732449e-02;1.7250000e+02;8.3680347e-02;1.7250000e+02;1.0381012e-01;1.7250000e+02;1.2332842e-01;1.7250000e+02;1.4440639e-01;1.7250000e+02;1.6758429e-01;1.7250000e+02;1.9486773e-01;1.7250000e+02;2.2408223e-01;1.7250000e+02;2.5419745e-01;1.7250000e+02;2.7766404e-01;1.7250000e+02;2.8698003e-01;1.7250000e+02;2.8664356e-01;1.7250000e+02;2.7945751e-01;1.7250000e+02;2.6632300e-01;1.7250000e+02;2.4715781e-01;1.7250000e+02;2.2321534e-01;1.7250000e+02;3.6332019e-02;1.7250000e+02;4.9471598e-02;1.7250000e+02;6.5732449e-02;1.7250000e+02;8.3680347e-02;1.7250000e+02;1.0381012e-01;1.7250000e+02;1.2332842e-01;1.7250000e+02;1.4440639e-01;1.7250000e+02;1.6758429e-01;1.7250000e+02;1.9486773e-01;1.7250000e+02;2.2408223e-01;1.7250000e+02;2.5419745e-01;1.7250000e+02;2.7766404e-01;1.7250000e+02;2.8698003e-01;1.7250000e+02;2.8664356e-01;1.7250000e+02;2.7945751e-01;1.7250000e+02;2.6632300e-01;1.7250000e+02;2.4715781e-01;1.7250000e+02;2.2321534e-01;1.7250000e+02;3.6332019e-02;1.7250000e+02;4.9471598e-02;1.7250000e+02;6.5732449e-02;1.7250000e+02;8.3680347e-02;1.7250000e+02;1.0381012e-01;1.7250000e+02;1.2332842e-01;1.7250000e+02;1.4440639e-01;1.7250000e+02;1.6758429e-01;1.7250000e+02;1.9486773e-01;1.7250000e+02;2.2408223e-01;1.7250000e+02;2.5419745e-01;1.7250000e+02;2.7766404e-01;1.7250000e+02;2.8698003e-01;1.7250000e+02;2.8664356e-01;1.7250000e+02;2.7945751e-01;1.7250000e+02;2.6632300e-01;1.7250000e+02;2.4715781e-01;1.7250000e+02;2.2321534e-01;1.7250000e+02;3.6332019e-02;1.7250000e+02;4.9471598e-02;1.7250000e+02;6.5732449e-02;1.7250000e+02;8.3680347e-02;1.7250000e+02;1.0381012e-01;1.7250000e+02;1.2332842e-01;1.7250000e+02;1.4440639e-01;1.7250000e+02;1.6758429e-01;1.7250000e+02;1.9486773e-01;1.7250000e+02;2.2408223e-01;1.7250000e+02;2.5419745e-01;1.7250000e+02;2.7766404e-01;1.7250000e+02;2.8698003e-01;1.7250000e+02;2.8664356e-01;1.7250000e+02;2.7945751e-01;1.7250000e+02;2.6632300e-01;1.7250000e+02;2.4715781e-01;1.7250000e+02;2.2321534e-01;1.7250000e+02;3.6332019e-02;1.7250000e+02;4.9471598e-02;1.7250000e+02;6.5732449e-02;1.7250000e+02;8.3680347e-02;1.7250000e+02;1.0381012e-01;1.7250000e+02;1.2332842e-01;1.7250000e+02;1.4440639e-01;1.7250000e+02;1.6758429e-01;1.7250000e+02;1.9486773e-01;1.7250000e+02;2.2408223e-01;1.7250000e+02;2.5419745e-01;1.7250000e+02;2.7766404e-01;1.7250000e+02;2.8698003e-01;1.7250000e+02;2.8664356e-01;1.7250000e+02;2.7945751e-01;1.7250000e+02;2.6632300e-01;1.7250000e+02;2.4715781e-01;1.7250000e+02;2.2321534e-01;1.7250000e+02;3.6332019e-02;1.7250000e+02;4.9471598e-02;1.7250000e+02;6.5732449e-02;1.7250000e+02;8.3680347e-02;1.7250000e+02;1.0381012e-01;1.7250000e+02;1.2332842e-01;1.7250000e+02;1.4440639e-01;1.7250000e+02;1.6758429e-01;1.7250000e+02;1.9486773e-01;1.7250000e+02;2.2408223e-01;1.7250000e+02;2.5419745e-01;1.7250000e+02;2.7766404e-01;1.7250000e+02;2.8698003e-01;1.7250000e+02;2.8664356e-01;1.7250000e+02;2.7945751e-01;1.7250000e+02;2.6632300e-01;1.7250000e+02;2.4715781e-01;1.7250000e+02;2.2321534e-01;1.7250000e+02;3.6332019e-02;1.7250000e+02;4.9471598e-02;1.7250000e+02;6.5732449e-02;1.7250000e+02;8.3680347e-02;1.7250000e+02;1.0381012e-01;1.7250000e+02;1.2332842e-01;1.7250000e+02;1.4440639e-01;1.7250000e+02;1.6758429e-01;1.7250000e+02;1.9486773e-01;1.7250000e+02;2.2408223e-01;1.7250000e+02;2.5419745e-01;1.7250000e+02;2.7766404e-01;1.7250000e+02;2.8698003e-01;1.7250000e+02;2.8664356e-01;1.7250000e+02;2.7945751e-01;1.7250000e+02;2.6632300e-01;1.7250000e+02;2.4715781e-01;1.7250000e+02;2.2321534e-01;1.7250000e+02;3.6332019e-02;1.7250000e+02;4.9471598e-02;1.7250000e+02;6.5732449e-02;1.7250000e+02;8.3680347e-02;1.7250000e+02;1.0381012e-01;1.7250000e+02;1.2332842e-01;1.7250000e+02;1.4440639e-01;1.7250000e+02;1.6758429e-01;1.7250000e+02;1.9486773e-01;1.7250000e+02;2.2408223e-01;1.7250000e+02;2.5419745e-01;1.7250000e+02;2.7766404e-01;1.7250000e+02;2.8698003e-01;1.7250000e+02;2.8664356e-01;1.7250000e+02;2.7945751e-01;1.7250000e+02;2.6632300e-01;1.7250000e+02;2.4715781e-01;1.7250000e+02;2.2321534e-01;1.7250000e+02;3.6332019e-02;1.7250000e+02;4.9471598e-02;1.7250000e+02;6.5732449e-02;1.7250000e+02;8.3680347e-02;1.7250000e+02;1.0381012e-01;1.7250000e+02;1.2332842e-01;1.7250000e+02;1.4440639e-01;1.7250000e+02;1.6758429e-01;1.7250000e+02;1.9486773e-01;1.7250000e+02;2.2408223e-01;1.7250000e+02;2.5419745e-01;1.7250000e+02;2.7766404e-01;1.7250000e+02;2.8698003e-01;1.7250000e+02;2.8664356e-01;1.7250000e+02;2.7945751e-01;1.7250000e+02;2.6632300e-01;1.7250000e+02;2.4715781e-01;1.7250000e+02;2.2321534e-01;1.7250000e+02;3.6332019e-02;1.7250000e+02;4.9471598e-02;1.7250000e+02;6.5732449e-02;1.7250000e+02;8.3680347e-02;1.7250000e+02;1.0381012e-01;1.7250000e+02;1.2332842e-01;1.7250000e+02;1.4440639e-01;1.7250000e+02;1.6758429e-01;1.7250000e+02;1.9486773e-01;1.7250000e+02;2.2408223e-01;1.7250000e+02;2.5419745e-01;1.7250000e+02;2.7766404e-01;1.7250000e+02;2.8698003e-01;1.7250000e+02;2.8664356e-01;1.7250000e+02;2.7945751e-01;1.7250000e+02;2.6632300e-01;1.7250000e+02;2.4715781e-01;1.7250000e+02;2.2321534e-01;1.7250000e+02;3.6332019e-02;1.7250000e+02;4.9471598e-02;1.7250000e+02;6.5732449e-02;1.7250000e+02;8.3680347e-02;1.7250000e+02;1.0381012e-01;1.7250000e+02;1.2332842e-01;1.7250000e+02;1.4440639e-01;1.7250000e+02;1.6758429e-01;1.7250000e+02;1.9486773e-01;1.7250000e+02;2.2408223e-01;1.7250000e+02;2.5419745e-01;1.7250000e+02;2.7766404e-01;1.7250000e+02;2.8698003e-01;1.7250000e+02;2.8664356e-01;1.7250000e+02;2.7945751e-01;1.7250000e+02;2.6632300e-01;1.7250000e+02;2.4715781e-01;1.7250000e+02;2.2321534e-01;1.7250000e+02;3.6332019e-02;1.7250000e+02;4.9471598e-02;1.7250000e+02;6.5732449e-02;1.7250000e+02;8.3680347e-02;1.7250000e+02;1.0381012e-01;1.7250000e+02;1.2332842e-01;1.7250000e+02;1.4440639e-01;1.7250000e+02;1.6758429e-01;1.7250000e+02;1.9486773e-01;1.7250000e+02;2.2408223e-01;1.7250000e+02;2.5419745e-01;1.7250000e+02;2.7766404e-01;1.7250000e+02;2.8698003e-01;1.7250000e+02;2.8664356e-01;1.7250000e+02;2.7945751e-01;1.7250000e+02;2.6632300e-01;1.7250000e+02;2.4715781e-01;1.7250000e+02;2.2321534e-01;1.7250000e+02;3.6332019e-02;1.7250000e+02;4.9471598e-02;1.7250000e+02;6.5732449e-02;1.7250000e+02;8.3680347e-02;1.7250000e+02;1.0381012e-01;1.7250000e+02;1.2332842e-01;1.7250000e+02;1.4440639e-01;1.7250000e+02;1.6758429e-01;1.7250000e+02;1.9486773e-01;1.7250000e+02;2.2408223e-01;1.7250000e+02;2.5419745e-01;1.7250000e+02;2.7766404e-01;1.7250000e+02;2.8698003e-01;1.7250000e+02;2.8664356e-01;1.7250000e+02;2.7945751e-01;1.7250000e+02;2.6632300e-01;1.7250000e+02;2.4715781e-01;1.7250000e+02;2.2321534e-01;1.7250000e+02;3.6332019e-02;1.7250000e+02;4.9471598e-02;1.7250000e+02;6.5732449e-02;1.7250000e+02;8.3680347e-02;1.7250000e+02;1.0381012e-01;1.7250000e+02;1.2332842e-01;1.7250000e+02;1.4440639e-01;1.7250000e+02;1.6758429e-01;1.7250000e+02;1.9486773e-01;1.7250000e+02;2.2408223e-01;1.7250000e+02;2.5419745e-01;1.7250000e+02;2.7766404e-01;1.7250000e+02;2.8698003e-01;1.7250000e+02;2.8664356e-01;1.7250000e+02;2.7945751e-01;1.7250000e+02;2.6632300e-01;1.7250000e+02;2.4715781e-01;1.7250000e+02;2.2321534e-01;1.7250000e+02;3.6332019e-02;1.7250000e+02;4.9471598e-02;1.7250000e+02;6.5732449e-02;1.7250000e+02;8.3680347e-02;1.7250000e+02;1.0381012e-01;1.7250000e+02;1.2332842e-01;1.7250000e+02;1.4440639e-01;1.7250000e+02;1.6758429e-01;1.7250000e+02;1.9486773e-01;1.7250000e+02;2.2408223e-01;1.7250000e+02;2.5419745e-01;1.7250000e+02;2.7766404e-01;1.7250000e+02;2.8698003e-01;1.7250000e+02;2.8664356e-01;1.7250000e+02;2.7945751e-01;1.7250000e+02;2.6632300e-01;1.7250000e+02;2.4715781e-01;1.7250000e+02;2.2321534e-01;1.7250000e+02;3.6332019e-02;1.7250000e+02;4.9471598e-02;1.7250000e+02;6.5732449e-02;1.7250000e+02;8.3680347e-02;1.7250000e+02;1.0381012e-01;1.7250000e+02;1.2332842e-01;1.7250000e+02;1.4440639e-01;1.7250000e+02;1.6758429e-01;1.7250000e+02;1.9486773e-01;1.7250000e+02;2.2408223e-01;1.7250000e+02;2.5419745e-01;1.7250000e+02;2.7766404e-01;1.7250000e+02;2.8698003e-01;1.7250000e+02;2.8664356e-01;1.7250000e+02;2.7945751e-01;1.7250000e+02;2.6632300e-01;1.7250000e+02;2.4715781e-01;1.7250000e+02;2.2321534e-01;1.7250000e+02;3.6332019e-02;1.7250000e+02;4.9471598e-02;1.7250000e+02;6.5732449e-02;1.7250000e+02;8.3680347e-02;1.7250000e+02;1.0381012e-01;1.7250000e+02;1.2332842e-01;1.7250000e+02;1.4440639e-01;1.7250000e+02;1.6758429e-01;1.7250000e+02;1.9486773e-01;1.7250000e+02;2.2408223e-01;1.7250000e+02;2.5419745e-01;1.7250000e+02;2.7766404e-01;1.7250000e+02;2.8698003e-01;1.7250000e+02;2.8664356e-01;1.7250000e+02;2.7945751e-01;1.7250000e+02;2.6632300e-01;1.7250000e+02;2.4715781e-01;1.7250000e+02;2.2321534e-01;1.7250000e+02;3.6332019e-02;1.7250000e+02;4.9471598e-02;1.7250000e+02;6.5732449e-02;1.7250000e+02;8.3680347e-02;1.7250000e+02;1.0381012e-01;1.7250000e+02;1.2332842e-01;1.7250000e+02;1.4440639e-01;1.7250000e+02;1.6758429e-01;1.7250000e+02;1.9486773e-01;1.7250000e+02;2.2408223e-01;1.7250000e+02;2.5419745e-01;1.7250000e+02;2.7766404e-01;1.7250000e+02;2.8698003e-01;1.7250000e+02;2.8664356e-01;1.7250000e+02;2.7945751e-01;1.7250000e+02;2.6632300e-01;1.7250000e+02;2.4715781e-01;1.7250000e+02;2.2321534e-01;1.7250000e+02;3.6332019e-02;1.7250000e+02;4.9471598e-02;1.7250000e+02;6.5732449e-02;1.7250000e+02;8.3680347e-02;1.7250000e+02;1.0381012e-01;1.7250000e+02;1.2332842e-01;1.7250000e+02;1.4440639e-01;1.7250000e+02;1.6758429e-01;1.7250000e+02;1.9486773e-01;1.7250000e+02;2.2408223e-01;1.7250000e+02;2.5419745e-01;1.7250000e+02;2.7766404e-01;1.7250000e+02;2.8698003e-01;1.7250000e+02;2.8664356e-01;1.7250000e+02;2.7945751e-01;1.7250000e+02;2.6632300e-01;1.7250000e+02;2.4715781e-01;1.7250000e+02;2.2321534e-01;1.7250000e+02;3.6332019e-02;1.7250000e+02;4.9471598e-02;1.7250000e+02;6.5732449e-02;1.7250000e+02;8.3680347e-02;1.7250000e+02;1.0381012e-01;1.7250000e+02;1.2332842e-01;1.7250000e+02;1.4440639e-01;1.7250000e+02;1.6758429e-01;1.7250000e+02;1.9486773e-01;1.7250000e+02;2.2408223e-01;1.7250000e+02;2.5419745e-01;1.7250000e+02;2.7766404e-01;1.7250000e+02;2.8698003e-01;1.7250000e+02;2.8664356e-01;1.7250000e+02;2.7945751e-01;1.7250000e+02;2.6632300e-01;1.7250000e+02;2.4715781e-01;1.7250000e+02;2.2321534e-01;1.7250000e+02;3.6332019e-02;1.7250000e+02;4.9471598e-02;1.7250000e+02;6.5732449e-02;1.7250000e+02;8.3680347e-02;1.7250000e+02;1.0381012e-01;1.7250000e+02;1.2332842e-01;1.7250000e+02;1.4440639e-01;1.7250000e+02;1.6758429e-01;1.7250000e+02;1.9486773e-01;1.7250000e+02;2.2408223e-01;1.7250000e+02;2.5419745e-01;1.7250000e+02;2.7766404e-01;1.7250000e+02;2.8698003e-01;1.7250000e+02;2.8664356e-01;1.7250000e+02;2.7945751e-01;1.7250000e+02;2.6632300e-01;1.7250000e+02;2.4715781e-01;1.7250000e+02;2.2321534e-01;1.7250000e+02;3.6332019e-02;1.7250000e+02;4.9471598e-02;1.7250000e+02;6.5732449e-02;1.7250000e+02;8.3680347e-02;1.7250000e+02;1.0381012e-01;1.7250000e+02;1.2332842e-01;1.7250000e+02;1.4440639e-01;1.7250000e+02;1.6758429e-01;1.7250000e+02;1.9486773e-01;1.7250000e+02;2.2408223e-01;1.7250000e+02;2.5419745e-01;1.7250000e+02;2.7766404e-01;1.7250000e+02;2.8698003e-01;1.7250000e+02;2.8664356e-01;1.7250000e+02;2.7945751e-01;1.7250000e+02;2.6632300e-01;1.7250000e+02;2.4715781e-01;1.7250000e+02;2.2321534e-01;1.7250000e+02;3.6332019e-02;1.7250000e+02;4.9471598e-02;1.7250000e+02;6.5732449e-02;1.7250000e+02;8.3680347e-02;1.7250000e+02;1.0381012e-01;1.7250000e+02;1.2332842e-01;1.7250000e+02;1.4440639e-01;1.7250000e+02;1.6758429e-01;1.7250000e+02;1.9486773e-01;1.7250000e+02;2.2408223e-01;1.7250000e+02;2.5419745e-01;1.7250000e+02;2.7766404e-01;1.7250000e+02;2.8698003e-01;1.7250000e+02;2.8664356e-01;1.7250000e+02;2.7945751e-01;1.7250000e+02;2.6632300e-01;1.7250000e+02;2.4715781e-01;1.7250000e+02;2.2321534e-01;1.7250000e+02;3.6332019e-02;1.7250000e+02;4.9471598e-02;1.7250000e+02;6.5732449e-02;1.7250000e+02;8.3680347e-02;1.7250000e+02;1.0381012e-01;1.7250000e+02;1.2332842e-01;1.7250000e+02;1.4440639e-01;1.7250000e+02;1.6758429e-01;1.7250000e+02;1.9486773e-01;1.7250000e+02;2.2408223e-01;1.7250000e+02;2.5419745e-01;1.7250000e+02;2.7766404e-01;1.7250000e+02;2.8698003e-01;1.7250000e+02;2.8664356e-01;1.7250000e+02;2.7945751e-01;1.7250000e+02;2.6632300e-01;1.7250000e+02;2.4715781e-01;1.7250000e+02;2.2321534e-01;1.7250000e+02;3.6332019e-02;1.7250000e+02;4.9471598e-02;1.7250000e+02;6.5732449e-02;1.7250000e+02;8.3680347e-02;1.7250000e+02;1.0381012e-01;1.7250000e+02;1.2332842e-01;1.7250000e+02;1.4440639e-01;1.7250000e+02;1.6758429e-01;1.7250000e+02;1.9486773e-01;1.7250000e+02;2.2408223e-01;1.7250000e+02;2.5419745e-01;1.7250000e+02;2.7766404e-01;1.7250000e+02;2.8698003e-01;1.7250000e+02;2.8664356e-01;1.7250000e+02;2.7945751e-01;1.7250000e+02;2.6632300e-01;1.7250000e+02;2.4715781e-01;1.7250000e+02;2.2321534e-01;1.7250000e+02;3.6332019e-02;1.7250000e+02;4.9471598e-02;1.7250000e+02;6.5732449e-02;1.7250000e+02;8.3680347e-02;1.7250000e+02;1.0381012e-01;1.7250000e+02;1.2332842e-01;1.7250000e+02;1.4440639e-01;1.7250000e+02;1.6758429e-01;1.7250000e+02;1.9486773e-01;1.7250000e+02;2.2408223e-01;1.7250000e+02;2.5419745e-01;1.7250000e+02;2.7766404e-01;1.7250000e+02;2.8698003e-01;1.7250000e+02;2.8664356e-01;1.7250000e+02;2.7945751e-01;1.7250000e+02;2.6632300e-01;1.7250000e+02;2.4715781e-01;1.7250000e+02;2.2321534e-01;1.7250000e+02;3.6332019e-02;1.7250000e+02;4.9471598e-02;1.7250000e+02;6.5732449e-02;1.7250000e+02;8.3680347e-02;1.7250000e+02;1.0381012e-01;1.7250000e+02;1.2332842e-01;1.7250000e+02;1.4440639e-01;1.7250000e+02;1.6758429e-01;1.7250000e+02;1.9486773e-01;1.7250000e+02;2.2408223e-01;1.7250000e+02;2.5419745e-01;1.7250000e+02;2.7766404e-01;1.7250000e+02;2.8698003e-01;1.7250000e+02;2.8664356e-01;1.7250000e+02;2.7945751e-01;1.7250000e+02;2.6632300e-01;1.7250000e+02;2.4715781e-01;1.7250000e+02;2.2321534e-01;1.7250000e+02;3.6332019e-02;1.7250000e+02;4.9471598e-02;1.7250000e+02;6.5732449e-02;1.7250000e+02;8.3680347e-02;1.7250000e+02;1.0381012e-01;1.7250000e+02;1.2332842e-01;1.7250000e+02;1.4440639e-01;1.7250000e+02;1.6758429e-01;1.7250000e+02;1.9486773e-01;1.7250000e+02;2.2408223e-01;1.7250000e+02;2.5419745e-01;1.7250000e+02;2.7766404e-01;1.7250000e+02;2.8698003e-01;1.7250000e+02;2.8664356e-01;1.7250000e+02;2.7945751e-01;1.7250000e+02;2.6632300e-01;1.7250000e+02;2.4715781e-01;1.7250000e+02;2.2321534e-01;1.7250000e+02;3.6332019e-02;1.7250000e+02;4.9471598e-02;1.7250000e+02;6.5732449e-02;1.7250000e+02;8.3680347e-02;1.7250000e+02;1.0381012e-01;1.7250000e+02;1.2332842e-01;1.7250000e+02;1.4440639e-01;1.7250000e+02;1.6758429e-01;1.7250000e+02;1.9486773e-01;1.7250000e+02;2.2408223e-01;1.7250000e+02;2.5419745e-01;1.7250000e+02;2.7766404e-01;1.7250000e+02;2.8698003e-01;1.7250000e+02;2.8664356e-01;1.7250000e+02;2.7945751e-01;1.7250000e+02;2.6632300e-01;1.7250000e+02;2.4715781e-01;1.7250000e+02;2.2321534e-01;1.7250000e+02;3.6332019e-02;1.7250000e+02;4.9471598e-02;1.7250000e+02;6.5732449e-02;1.7250000e+02;8.3680347e-02;1.7250000e+02;1.0381012e-01;1.7250000e+02;1.2332842e-01;1.7250000e+02;1.4440639e-01;1.7250000e+02;1.6758429e-01;1.7250000e+02;1.9486773e-01;1.7250000e+02;2.2408223e-01;1.7250000e+02;2.5419745e-01;1.7250000e+02;2.7766404e-01;1.7250000e+02;2.8698003e-01;1.7250000e+02;2.8664356e-01;1.7250000e+02;2.7945751e-01;1.7250000e+02;2.6632300e-01;1.7250000e+02;2.4715781e-01;1.7250000e+02;2.2321534e-01;1.7250000e+02;3.6332019e-02;1.7250000e+02;4.9471598e-02;1.7250000e+02;6.5732449e-02;1.7250000e+02;8.3680347e-02;1.7250000e+02;1.0381012e-01;1.7250000e+02;1.2332842e-01;1.7250000e+02;1.4440639e-01;1.7250000e+02;1.6758429e-01;1.7250000e+02;1.9486773e-01;1.7250000e+02;2.2408223e-01;1.7250000e+02;2.5419745e-01;1.7250000e+02;2.7766404e-01;1.7250000e+02;2.8698003e-01;1.7250000e+02;2.8664356e-01;1.7250000e+02;2.7945751e-01;1.7250000e+02;2.6632300e-01;1.7250000e+02;2.4715781e-01;1.7250000e+02;2.2321534e-01;1.7250000e+02;3.6332019e-02;1.7250000e+02;4.9471598e-02;1.7250000e+02;6.5732449e-02;1.7250000e+02;8.3680347e-02;1.7250000e+02;1.0381012e-01;1.7250000e+02;1.2332842e-01;1.7250000e+02;1.4440639e-01;1.7250000e+02;1.6758429e-01;1.7250000e+02;1.9486773e-01;1.7250000e+02;2.2408223e-01;1.7250000e+02;2.5419745e-01;1.7250000e+02;2.7766404e-01;1.7250000e+02;2.8698003e-01;1.7250000e+02;2.8664356e-01;1.7250000e+02;2.7945751e-01;1.7250000e+02;2.6632300e-01;1.7250000e+02;2.4715781e-01;1.7250000e+02;2.2321534e-01;1.7250000e+02;3.6332019e-02;1.7250000e+02;4.9471598e-02;1.7250000e+02;6.5732449e-02;1.7250000e+02;8.3680347e-02;1.7250000e+02;1.0381012e-01;1.7250000e+02;1.2332842e-01;1.7250000e+02;1.4440639e-01;1.7250000e+02;1.6758429e-01;1.7250000e+02;1.9486773e-01;1.7250000e+02;2.2408223e-01;1.7250000e+02;2.5419745e-01;1.7250000e+02;2.7766404e-01;1.7250000e+02;2.8698003e-01;1.7250000e+02;2.8664356e-01;1.7250000e+02;2.7945751e-01;1.7250000e+02;2.6632300e-01;1.7250000e+02;2.4715781e-01;1.7250000e+02;2.2321534e-01;1.7250000e+02;3.6332019e-02;1.7250000e+02;4.9471598e-02;1.7250000e+02;6.5732449e-02;1.7250000e+02;8.3680347e-02;1.7250000e+02;1.0381012e-01;1.7250000e+02;1.2332842e-01;1.7250000e+02;1.4440639e-01;1.7250000e+02;1.6758429e-01;1.7250000e+02;1.9486773e-01;1.7250000e+02;2.2408223e-01;1.7250000e+02;2.5419745e-01;1.7250000e+02;2.7766404e-01;1.7250000e+02;2.8698003e-01;1.7250000e+02;2.8664356e-01;1.7250000e+02;2.7945751e-01;1.7250000e+02;2.6632300e-01;1.7250000e+02;2.4715781e-01;1.7250000e+02;2.2321534e-01;1.7250000e+02;3.6332019e-02;1.7250000e+02;4.9471598e-02;1.7250000e+02;6.5732449e-02;1.7250000e+02;8.3680347e-02;1.7250000e+02;1.0381012e-01;1.7250000e+02;1.2332842e-01;1.7250000e+02;1.4440639e-01;1.7250000e+02;1.6758429e-01;1.7250000e+02;1.9486773e-01;1.7250000e+02;2.2408223e-01;1.7250000e+02;2.5419745e-01;1.7250000e+02;2.7766404e-01;1.7250000e+02;2.8698003e-01;1.7250000e+02;2.8664356e-01;1.7250000e+02;2.7945751e-01;1.7250000e+02;2.6632300e-01;1.7250000e+02;2.4715781e-01;1.7250000e+02;2.2321534e-01;1.7250000e+02;3.6332019e-02;1.7250000e+02;4.9471598e-02;1.7250000e+02;6.5732449e-02;1.7250000e+02;8.3680347e-02;1.7250000e+02;1.0381012e-01;1.7250000e+02;1.2332842e-01;1.7250000e+02;1.4440639e-01;1.7250000e+02;1.6758429e-01;1.7250000e+02;1.9486773e-01;1.7250000e+02;2.2408223e-01;1.7250000e+02;2.5419745e-01;1.7250000e+02;2.7766404e-01;1.7250000e+02;2.8698003e-01;1.7250000e+02;2.8664356e-01;1.7250000e+02;2.7945751e-01;1.7250000e+02;2.6632300e-01;1.7250000e+02;2.4715781e-01;1.7250000e+02;2.2321534e-01;1.7250000e+02;3.6332019e-02;1.7250000e+02;4.9471598e-02;1.7250000e+02;6.5732449e-02;1.7250000e+02;8.3680347e-02;1.7250000e+02;1.0381012e-01;1.7250000e+02;1.2332842e-01;1.7250000e+02;1.4440639e-01;1.7250000e+02;1.6758429e-01;1.7250000e+02;1.9486773e-01;1.7250000e+02;2.2408223e-01;1.7250000e+02;2.5419745e-01;1.7250000e+02;2.7766404e-01;1.7250000e+02;2.8698003e-01;1.7250000e+02;2.8664356e-01;1.7250000e+02;2.7945751e-01;1.7250000e+02;2.6632300e-01;1.7250000e+02;2.4715781e-01;1.7250000e+02;2.2321534e-01;1.7250000e+02;3.6332019e-02;1.7250000e+02;4.9471598e-02;1.7250000e+02;6.5732449e-02;1.7250000e+02;8.3680347e-02;1.7250000e+02;1.0381012e-01;1.7250000e+02;1.2332842e-01;1.7250000e+02;1.4440639e-01;1.7250000e+02;1.6758429e-01;1.7250000e+02;1.9486773e-01;1.7250000e+02;2.2408223e-01;1.7250000e+02;2.5419745e-01;1.7250000e+02;2.7766404e-01;1.7250000e+02;2.8698003e-01;1.7250000e+02;2.8664356e-01;1.7250000e+02;2.7945751e-01;1.7250000e+02;2.6632300e-01;1.7250000e+02;2.4715781e-01;1.7250000e+02;2.2321534e-01;1.7250000e+02;3.6332019e-02;1.7250000e+02;4.9471598e-02;1.7250000e+02;6.5732449e-02;1.7250000e+02;8.3680347e-02;1.7250000e+02;1.0381012e-01;1.7250000e+02;1.2332842e-01;1.7250000e+02;1.4440639e-01;1.7250000e+02;1.6758429e-01;1.7250000e+02;1.9486773e-01;1.7250000e+02;2.2408223e-01;1.7250000e+02;2.5419745e-01;1.7250000e+02;2.7766404e-01;1.7250000e+02;2.8698003e-01;1.7250000e+02;2.8664356e-01;1.7250000e+02;2.7945751e-01;1.7250000e+02;2.6632300e-01;1.7250000e+02;2.4715781e-01;1.7250000e+02;2.2321534e-01;1.7250000e+02;3.6332019e-02;1.7250000e+02;4.9471598e-02;1.7250000e+02;6.5732449e-02;1.7250000e+02;8.3680347e-02;1.7250000e+02;1.0381012e-01;1.7250000e+02;1.2332842e-01;1.7250000e+02;1.4440639e-01;1.7250000e+02;1.6758429e-01;1.7250000e+02;1.9486773e-01;1.7250000e+02;2.2408223e-01;1.7250000e+02;2.5419745e-01;1.7250000e+02;2.7766404e-01;1.7250000e+02;2.8698003e-01;1.7250000e+02;2.8664356e-01;1.7250000e+02;2.7945751e-01;1.7250000e+02;2.6632300e-01;1.7250000e+02;2.4715781e-01;1.7250000e+02;2.2321534e-01;1.7250000e+02;3.6332019e-02;1.7250000e+02;4.9471598e-02;1.7250000e+02;6.5732449e-02;1.7250000e+02;8.3680347e-02;1.7250000e+02;1.0381012e-01;1.7250000e+02;1.2332842e-01;1.7250000e+02;1.4440639e-01;1.7250000e+02;1.6758429e-01;1.7250000e+02;1.9486773e-01;1.7250000e+02;2.2408223e-01;1.7250000e+02;2.5419745e-01;1.7250000e+02;2.7766404e-01;1.7250000e+02;2.8698003e-01;1.7250000e+02;2.8664356e-01;1.7250000e+02;2.7945751e-01;1.7250000e+02;2.6632300e-01;1.7250000e+02;2.4715781e-01;1.7250000e+02;2.2321534e-01;1.7250000e+02;3.6332019e-02;1.7250000e+02;4.9471598e-02;1.7250000e+02;6.5732449e-02;1.7250000e+02;8.3680347e-02;1.7250000e+02;1.0381012e-01;1.7250000e+02;1.2332842e-01;1.7250000e+02;1.4440639e-01;1.7250000e+02;1.6758429e-01;1.7250000e+02;1.9486773e-01;1.7250000e+02;2.2408223e-01;1.7250000e+02;2.5419745e-01;1.7250000e+02;2.7766404e-01;1.7250000e+02;2.8698003e-01;1.7250000e+02;2.8664356e-01;1.7250000e+02;2.7945751e-01;1.7250000e+02;2.6632300e-01;1.7250000e+02;2.4715781e-01;1.7250000e+02;2.2321534e-01;1.7250000e+02;3.6332019e-02;1.7250000e+02;4.9471598e-02;1.7250000e+02;6.5732449e-02;1.7250000e+02;8.3680347e-02;1.7250000e+02;1.0381012e-01;1.7250000e+02;1.2332842e-01;1.7250000e+02;1.4440639e-01;1.7250000e+02;1.6758429e-01;1.7250000e+02;1.9486773e-01;1.7250000e+02;2.2408223e-01;1.7250000e+02;2.5419745e-01;1.7250000e+02;2.7766404e-01;1.7250000e+02;2.8698003e-01;1.7250000e+02;2.8664356e-01;1.7250000e+02;2.7945751e-01;1.7250000e+02;2.6632300e-01;1.7250000e+02;2.4715781e-01;1.7250000e+02;2.2321534e-01;1.7250000e+02;3.6332019e-02;1.7250000e+02;4.9471598e-02;1.7250000e+02;6.5732449e-02;1.7250000e+02;8.3680347e-02;1.7250000e+02;1.0381012e-01;1.7250000e+02;1.2332842e-01;1.7250000e+02;1.4440639e-01;1.7250000e+02;1.6758429e-01;1.7250000e+02;1.9486773e-01;1.7250000e+02;2.2408223e-01;1.7250000e+02;2.5419745e-01;1.7250000e+02;2.7766404e-01;1.7250000e+02;2.8698003e-01;1.7250000e+02;2.8664356e-01;1.7250000e+02;2.7945751e-01;1.7250000e+02;2.6632300e-01;1.7250000e+02;2.4715781e-01;1.7250000e+02;2.2321534e-01;1.7250000e+02;3.6332019e-02;1.7250000e+02;4.9471598e-02;1.7250000e+02;6.5732449e-02;1.7250000e+02;8.3680347e-02;1.7250000e+02;1.0381012e-01;1.7250000e+02;1.2332842e-01;1.7250000e+02;1.4440639e-01;1.7250000e+02;1.6758429e-01;1.7250000e+02;1.9486773e-01;1.7250000e+02;2.2408223e-01;1.7250000e+02;2.5419745e-01;1.7250000e+02;2.7766404e-01;1.7250000e+02;2.8698003e-01;1.7250000e+02;2.8664356e-01;1.7250000e+02;2.7945751e-01;1.7250000e+02;2.6632300e-01;1.7250000e+02;2.4715781e-01;1.7250000e+02;2.2321534e-01;1.7250000e+02;3.6332019e-02;1.7250000e+02;4.9471598e-02;1.7250000e+02;6.5732449e-02;1.7250000e+02;8.3680347e-02;1.7250000e+02;1.0381012e-01;1.7250000e+02;1.2332842e-01;1.7250000e+02;1.4440639e-01;1.7250000e+02;1.6758429e-01;1.7250000e+02;1.9486773e-01;1.7250000e+02;2.2408223e-01;1.7250000e+02;2.5419745e-01;1.7250000e+02;2.7766404e-01;1.7250000e+02;2.8698003e-01;1.7250000e+02;2.8664356e-01;1.7250000e+02;2.7945751e-01;1.7250000e+02;2.6632300e-01;1.7250000e+02;2.4715781e-01;1.7250000e+02;2.2321534e-01;1.7250000e+02;3.6332019e-02;1.7250000e+02;4.9471598e-02;1.7250000e+02;6.5732449e-02;1.7250000e+02;8.3680347e-02;1.7250000e+02;1.0381012e-01;1.7250000e+02;1.2332842e-01;1.7250000e+02;1.4440639e-01;1.7250000e+02;1.6758429e-01;1.7250000e+02;1.9486773e-01;1.7250000e+02;2.2408223e-01;1.7250000e+02;2.5419745e-01;1.7250000e+02;2.7766404e-01;1.7250000e+02;2.8698003e-01;1.7250000e+02;2.8664356e-01;1.7250000e+02;2.7945751e-01;1.7250000e+02;2.6632300e-01;1.7250000e+02;2.4715781e-01;1.7250000e+02;2.2321534e-01;1.7250000e+02;3.6332019e-02;1.7250000e+02;4.9471598e-02;1.7250000e+02;6.5732449e-02;1.7250000e+02;8.3680347e-02;1.7250000e+02;1.0381012e-01;1.7250000e+02;1.2332842e-01;1.7250000e+02;1.4440639e-01;1.7250000e+02;1.6758429e-01;1.7250000e+02;1.9486773e-01;1.7250000e+02;2.2408223e-01;1.7250000e+02;2.5419745e-01;1.7250000e+02;2.7766404e-01;1.7250000e+02;2.8698003e-01;1.7250000e+02;2.8664356e-01;1.7250000e+02;2.7945751e-01;1.7250000e+02;2.6632300e-01;1.7250000e+02;2.4715781e-01;1.7250000e+02;2.2321534e-01;1.7250000e+02;3.6332019e-02;1.7250000e+02;4.9471598e-02;1.7250000e+02;6.5732449e-02;1.7250000e+02;8.3680347e-02;1.7250000e+02;1.0381012e-01;1.7250000e+02;1.2332842e-01;1.7250000e+02;1.4440639e-01;1.7250000e+02;1.6758429e-01;1.7250000e+02;1.9486773e-01;1.7250000e+02;2.2408223e-01;1.7250000e+02;2.5419745e-01;1.7250000e+02;2.7766404e-01;1.7250000e+02;2.8698003e-01;1.7250000e+02;2.8664356e-01;1.7250000e+02;2.7945751e-01;1.7250000e+02;2.6632300e-01;1.7250000e+02;2.4715781e-01;1.7250000e+02;2.2321534e-01;1.7250000e+02;3.6332019e-02;1.7250000e+02;4.9471598e-02;1.7250000e+02;6.5732449e-02;1.7250000e+02;8.3680347e-02;1.7250000e+02;1.0381012e-01;1.7250000e+02;1.2332842e-01;1.7250000e+02;1.4440639e-01;1.7250000e+02;1.6758429e-01;1.7250000e+02;1.9486773e-01;1.7250000e+02;2.2408223e-01;1.7250000e+02;2.5419745e-01;1.7250000e+02;2.7766404e-01;1.7250000e+02;2.8698003e-01;1.7250000e+02;2.8664356e-01;1.7250000e+02;2.7945751e-01;1.7250000e+02;2.6632300e-01;1.7250000e+02;2.4715781e-01;1.7250000e+02;2.2321534e-01;1.7250000e+02;3.6332019e-02;1.7250000e+02;4.9471598e-02;1.7250000e+02;6.5732449e-02;1.7250000e+02;8.3680347e-02;1.7250000e+02;1.0381012e-01;1.7250000e+02;1.2332842e-01;1.7250000e+02;1.4440639e-01;1.7250000e+02;1.6758429e-01;1.7250000e+02;1.9486773e-01;1.7250000e+02;2.2408223e-01;1.7250000e+02;2.5419745e-01;1.7250000e+02;2.7766404e-01;1.7250000e+02;2.8698003e-01;1.7250000e+02;2.8664356e-01;1.7250000e+02;2.7945751e-01;1.7250000e+02;2.6632300e-01;1.7250000e+02;2.4715781e-01;1.7250000e+02;2.2321534e-01;1.7250000e+02;3.6332019e-02;1.7250000e+02;4.9471598e-02;1.7250000e+02;6.5732449e-02;1.7250000e+02;8.3680347e-02;1.7250000e+02;1.0381012e-01;1.7250000e+02;1.2332842e-01;1.7250000e+02;1.4440639e-01;1.7250000e+02;1.6758429e-01;1.7250000e+02;1.9486773e-01;1.7250000e+02;2.2408223e-01;1.7250000e+02;2.5419745e-01;1.7250000e+02;2.7766404e-01;1.7250000e+02;2.8698003e-01;1.7250000e+02;2.8664356e-01;1.7250000e+02;2.7945751e-01;1.7250000e+02;2.6632300e-01;1.7250000e+02;2.4715781e-01;1.7250000e+02;2.2321534e-01;1.7250000e+02;3.6332019e-02;1.7250000e+02;4.9471598e-02;1.7250000e+02;6.5732449e-02;1.7250000e+02;8.3680347e-02;1.7250000e+02;1.0381012e-01;1.7250000e+02;1.2332842e-01;1.7250000e+02;1.4440639e-01;1.7250000e+02;1.6758429e-01;1.7250000e+02;1.9486773e-01;1.7250000e+02;2.2408223e-01;1.7250000e+02;2.5419745e-01;1.7250000e+02;2.7766404e-01;1.7250000e+02;2.8698003e-01;1.7250000e+02;2.8664356e-01;1.7250000e+02;2.7945751e-01;1.7250000e+02;2.6632300e-01;1.7250000e+02;2.4715781e-01;1.7250000e+02;2.2321534e-01;1.7250000e+02;3.6332019e-02;1.7250000e+02;4.9471598e-02;1.7250000e+02;6.5732449e-02;1.7250000e+02;8.3680347e-02;1.7250000e+02;1.0381012e-01;1.7250000e+02;1.2332842e-01;1.7250000e+02;1.4440639e-01;1.7250000e+02;1.6758429e-01;1.7250000e+02;1.9486773e-01;1.7250000e+02;2.2408223e-01;1.7250000e+02;2.5419745e-01;1.7250000e+02;2.7766404e-01;1.7250000e+02;2.8698003e-01;1.7250000e+02;2.8664356e-01;1.7250000e+02;2.7945751e-01;1.7250000e+02;2.6632300e-01;1.7250000e+02;2.4715781e-01;1.7250000e+02;2.2321534e-01;1.7250000e+02;3.6332019e-02;1.7250000e+02;4.9471598e-02;1.7250000e+02;6.5732449e-02;1.7250000e+02;8.3680347e-02;1.7250000e+02;1.0381012e-01;1.7250000e+02;1.2332842e-01;1.7250000e+02;1.4440639e-01;1.7250000e+02;1.6758429e-01;1.7250000e+02;1.9486773e-01;1.7250000e+02;2.2408223e-01;1.7250000e+02;2.5419745e-01;1.7250000e+02;2.7766404e-01;1.7250000e+02;2.8698003e-01;1.7250000e+02;2.8664356e-01;1.7250000e+02;2.7945751e-01;1.7250000e+02;2.6632300e-01;1.7250000e+02;2.4715781e-01;1.7250000e+02;2.2321534e-01;1.7250000e+02;3.6332019e-02;1.7250000e+02;4.9471598e-02;1.7250000e+02;6.5732449e-02;1.7250000e+02;8.3680347e-02;1.7250000e+02;1.0381012e-01;1.7250000e+02;1.2332842e-01;1.7250000e+02;1.4440639e-01;1.7250000e+02;1.6758429e-01;1.7250000e+02;1.9486773e-01;1.7250000e+02;2.2408223e-01;1.7250000e+02;2.5419745e-01;1.7250000e+02;2.7766404e-01;1.7250000e+02;2.8698003e-01;1.7250000e+02;2.8664356e-01;1.7250000e+02;2.7945751e-01;1.7250000e+02;2.6632300e-01;1.7250000e+02;2.4715781e-01;1.7250000e+02;2.2321534e-01;1.7250000e+02;3.6332019e-02;1.7250000e+02;4.9471598e-02;1.7250000e+02;6.5732449e-02;1.7250000e+02;8.3680347e-02;1.7250000e+02;1.0381012e-01;1.7250000e+02;1.2332842e-01;1.7250000e+02;1.4440639e-01;1.7250000e+02;1.6758429e-01;1.7250000e+02;1.9486773e-01;1.7250000e+02;2.2408223e-01;1.7250000e+02;2.5419745e-01;1.7250000e+02;2.7766404e-01;1.7250000e+02;2.8698003e-01;1.7250000e+02;2.8664356e-01;1.7250000e+02;2.7945751e-01;1.7250000e+02;2.6632300e-01;1.7250000e+02;2.4715781e-01;1.7250000e+02;2.2321534e-01;1.7250000e+02;3.6332019e-02;1.7250000e+02;4.9471598e-02;1.7250000e+02;6.5732449e-02;1.7250000e+02;8.3680347e-02;1.7250000e+02;1.0381012e-01;1.7250000e+02;1.2332842e-01;1.7250000e+02;1.4440639e-01;1.7250000e+02;1.6758429e-01;1.7250000e+02;1.9486773e-01;1.7250000e+02;2.2408223e-01;1.7250000e+02;2.5419745e-01;1.7250000e+02;2.7766404e-01;1.7250000e+02;2.8698003e-01;1.7250000e+02;2.8664356e-01;1.7250000e+02;2.7945751e-01;1.7250000e+02;2.6632300e-01;1.7250000e+02;2.4715781e-01;1.7250000e+02;2.2321534e-01;1.7250000e+02;3.6332019e-02;1.7250000e+02;4.9471598e-02;1.7250000e+02;6.5732449e-02;1.7250000e+02;8.3680347e-02;1.7250000e+02;1.0381012e-01;1.7250000e+02;1.2332842e-01;1.7250000e+02;1.4440639e-01;1.7250000e+02;1.6758429e-01;1.7250000e+02;1.9486773e-01;1.7250000e+02;2.2408223e-01;1.7250000e+02;2.5419745e-01;1.7250000e+02;2.7766404e-01;1.7250000e+02;2.8698003e-01;1.7250000e+02;2.8664356e-01;1.7250000e+02;2.7945751e-01;1.7250000e+02;2.6632300e-01;1.7250000e+02;2.4715781e-01;1.7250000e+02;2.2321534e-01;1.7250000e+02;3.6332019e-02;1.7250000e+02;4.9471598e-02;1.7250000e+02;6.5732449e-02;1.7250000e+02;8.3680347e-02;1.7250000e+02;1.0381012e-01;1.7250000e+02;1.2332842e-01;1.7250000e+02;1.4440639e-01;1.7250000e+02;1.6758429e-01;1.7250000e+02;1.9486773e-01;1.7250000e+02;2.2408223e-01;1.7250000e+02;2.5419745e-01;1.7250000e+02;2.7766404e-01;1.7250000e+02;2.8698003e-01;1.7250000e+02;2.8664356e-01;1.7250000e+02;2.7945751e-01;1.7250000e+02;2.6632300e-01;1.7250000e+02;2.4715781e-01;1.7250000e+02;2.2321534e-01;1.7250000e+02;3.6332019e-02;1.7250000e+02;4.9471598e-02;1.7250000e+02;6.5732449e-02;1.7250000e+02;8.3680347e-02;1.7250000e+02;1.0381012e-01;1.7250000e+02;1.2332842e-01;1.7250000e+02;1.4440639e-01;1.7250000e+02;1.6758429e-01;1.7250000e+02;1.9486773e-01;1.7250000e+02;2.2408223e-01;1.7250000e+02;2.5419745e-01;1.7250000e+02;2.7766404e-01;1.7250000e+02;2.8698003e-01;1.7250000e+02;2.8664356e-01;1.7250000e+02;2.7945751e-01;1.7250000e+02;2.6632300e-01;1.7250000e+02;2.4715781e-01;1.7250000e+02;2.2321534e-01;1.7250000e+02;3.6332019e-02;1.7250000e+02;4.9471598e-02;1.7250000e+02;6.5732449e-02;1.7250000e+02;8.3680347e-02;1.7250000e+02;1.0381012e-01;1.7250000e+02;1.2332842e-01;1.7250000e+02;1.4440639e-01;1.7250000e+02;1.6758429e-01;1.7250000e+02;1.9486773e-01;1.7250000e+02;2.2408223e-01;1.7250000e+02;2.5419745e-01;1.7250000e+02;2.7766404e-01;1.7250000e+02;2.8698003e-01;1.7250000e+02;2.8664356e-01;1.7250000e+02;2.7945751e-01;1.7250000e+02;2.6632300e-01;1.7250000e+02;2.4715781e-01;1.7250000e+02;2.2321534e-01;1.7250000e+02;3.6332019e-02;1.7250000e+02;4.9471598e-02;1.7250000e+02;6.5732449e-02;1.7250000e+02;8.3680347e-02;1.7250000e+02;1.0381012e-01;1.7250000e+02;1.2332842e-01;1.7250000e+02;1.4440639e-01;1.7250000e+02;1.6758429e-01;1.7250000e+02;1.9486773e-01;1.7250000e+02;2.2408223e-01;1.7250000e+02;2.5419745e-01;1.7250000e+02;2.7766404e-01;1.7250000e+02;2.8698003e-01;1.7250000e+02;2.8664356e-01;1.7250000e+02;2.7945751e-01;1.7250000e+02;2.6632300e-01;1.7250000e+02;2.4715781e-01;1.7250000e+02;2.2321534e-01;1.7250000e+02;3.6332019e-02;1.7250000e+02;4.9471598e-02;1.7250000e+02;6.5732449e-02;1.7250000e+02;8.3680347e-02;1.7250000e+02;1.0381012e-01;1.7250000e+02;1.2332842e-01;1.7250000e+02;1.4440639e-01;1.7250000e+02;1.6758429e-01;1.7250000e+02;1.9486773e-01;1.7250000e+02;2.2408223e-01;1.7250000e+02;2.5419745e-01;1.7250000e+02;2.7766404e-01;1.7250000e+02;2.8698003e-01;1.7250000e+02;2.8664356e-01;1.7250000e+02;2.7945751e-01;1.7250000e+02;2.6632300e-01;1.7250000e+02;2.4715781e-01;1.7250000e+02;2.2321534e-01;1.7250000e+02;3.6332019e-02;1.7250000e+02;4.9471598e-02;1.7250000e+02;6.5732449e-02;1.7250000e+02;8.3680347e-02;1.7250000e+02;1.0381012e-01;1.7250000e+02;1.2332842e-01;1.7250000e+02;1.4440639e-01;1.7250000e+02;1.6758429e-01;1.7250000e+02;1.9486773e-01;1.7250000e+02;2.2408223e-01;1.7250000e+02;2.5419745e-01;1.7250000e+02;2.7766404e-01;1.7250000e+02;2.8698003e-01;1.7250000e+02;2.8664356e-01;1.7250000e+02;2.7945751e-01;1.7250000e+02;2.6632300e-01;1.7250000e+02;2.4715781e-01;1.7250000e+02;2.2321534e-01;1.7250000e+02;3.6332019e-02;1.7250000e+02;4.9471598e-02;1.7250000e+02;6.5732449e-02;1.7250000e+02;8.3680347e-02;1.7250000e+02;1.0381012e-01;1.7250000e+02;1.2332842e-01;1.7250000e+02;1.4440639e-01;1.7250000e+02;1.6758429e-01;1.7250000e+02;1.9486773e-01;1.7250000e+02;2.2408223e-01;1.7250000e+02;2.5419745e-01;1.7250000e+02;2.7766404e-01;1.7250000e+02;2.8698003e-01;1.7250000e+02;2.8664356e-01;1.7250000e+02;2.7945751e-01;1.7250000e+02;2.6632300e-01;1.7250000e+02;2.4715781e-01;1.7250000e+02;2.2321534e-01;1.7250000e+02;3.6332019e-02;1.7250000e+02;4.9471598e-02;1.7250000e+02;6.5732449e-02;1.7250000e+02;8.3680347e-02;1.7250000e+02;1.0381012e-01;1.7250000e+02;1.2332842e-01;1.7250000e+02;1.4440639e-01;1.7250000e+02;1.6758429e-01;1.7250000e+02;1.9486773e-01;1.7250000e+02;2.2408223e-01;1.7250000e+02;2.5419745e-01;1.7250000e+02;2.7766404e-01;1.7250000e+02;2.8698003e-01;1.7250000e+02;2.8664356e-01;1.7250000e+02;2.7945751e-01;1.7250000e+02;2.6632300e-01;1.7250000e+02;2.4715781e-01;1.7250000e+02;2.2321534e-01
1.7750000e+02;3.6988594e-02;1.7750000e+02;5.0635129e-02;1.7750000e+02;6.7208789e-02;1.7750000e+02;8.6143598e-02;1.7750000e+02;1.0623354e-01;1.7750000e+02;1.2746078e-01;1.7750000e+02;1.4868873e-01;1.7750000e+02;1.7167236e-01;1.7750000e+02;1.9903265e-01;1.7750000e+02;2.2450610e-01;1.7750000e+02;2.5498205e-01;1.7750000e+02;2.7881140e-01;1.7750000e+02;2.8901678e-01;1.7750000e+02;2.8971583e-01;1.7750000e+02;2.8369927e-01;1.7750000e+02;2.7128273e-01;1.7750000e+02;2.5274271e-01;1.7750000e+02;2.2952482e-01;1.7750000e+02;3.6988594e-02;1.7750000e+02;5.0635129e-02;1.7750000e+02;6.7208789e-02;1.7750000e+02;8.6143598e-02;1.7750000e+02;1.0623354e-01;1.7750000e+02;1.2746078e-01;1.7750000e+02;1.4868873e-01;1.7750000e+02;1.7167236e-01;1.7750000e+02;1.9903265e-01;1.7750000e+02;2.2450610e-01;1.7750000e+02;2.5498205e-01;1.7750000e+02;2.7881140e-01;1.7750000e+02;2.8901678e-01;1.7750000e+02;2.8971583e-01;1.7750000e+02;2.8369927e-01;1.7750000e+02;2.7128273e-01;1.7750000e+02;2.5274271e-01;1.7750000e+02;2.2952482e-01;1.7750000e+02;3.6988594e-02;1.7750000e+02;5.0635129e-02;1.7750000e+02;6.7208789e-02;1.7750000e+02;8.6143598e-02;1.7750000e+02;1.0623354e-01;1.7750000e+02;1.2746078e-01;1.7750000e+02;1.4868873e-01;1.7750000e+02;1.7167236e-01;1.7750000e+02;1.9903265e-01;1.7750000e+02;2.2450610e-01;1.7750000e+02;2.5498205e-01;1.7750000e+02;2.7881140e-01;1.7750000e+02;2.8901678e-01;1.7750000e+02;2.8971583e-01;1.7750000e+02;2.8369927e-01;1.7750000e+02;2.7128273e-01;1.7750000e+02;2.5274271e-01;1.7750000e+02;2.2952482e-01;1.7750000e+02;3.6988594e-02;1.7750000e+02;5.0635129e-02;1.7750000e+02;6.7208789e-02;1.7750000e+02;8.6143598e-02;1.7750000e+02;1.0623354e-01;1.7750000e+02;1.2746078e-01;1.7750000e+02;1.4868873e-01;1.7750000e+02;1.7167236e-01;1.7750000e+02;1.9903265e-01;1.7750000e+02;2.2450610e-01;1.7750000e+02;2.5498205e-01;1.7750000e+02;2.7881140e-01;1.7750000e+02;2.8901678e-01;1.7750000e+02;2.8971583e-01;1.7750000e+02;2.8369927e-01;1.7750000e+02;2.7128273e-01;1.7750000e+02;2.5274271e-01;1.7750000e+02;2.2952482e-01;1.7750000e+02;3.6988594e-02;1.7750000e+02;5.0635129e-02;1.7750000e+02;6.7208789e-02;1.7750000e+02;8.6143598e-02;1.7750000e+02;1.0623354e-01;1.7750000e+02;1.2746078e-01;1.7750000e+02;1.4868873e-01;1.7750000e+02;1.7167236e-01;1.7750000e+02;1.9903265e-01;1.7750000e+02;2.2450610e-01;1.7750000e+02;2.5498205e-01;1.7750000e+02;2.7881140e-01;1.7750000e+02;2.8901678e-01;1.7750000e+02;2.8971583e-01;1.7750000e+02;2.8369927e-01;1.7750000e+02;2.7128273e-01;1.7750000e+02;2.5274271e-01;1.7750000e+02;2.2952482e-01;1.7750000e+02;3.6988594e-02;1.7750000e+02;5.0635129e-02;1.7750000e+02;6.7208789e-02;1.7750000e+02;8.6143598e-02;1.7750000e+02;1.0623354e-01;1.7750000e+02;1.2746078e-01;1.7750000e+02;1.4868873e-01;1.7750000e+02;1.7167236e-01;1.7750000e+02;1.9903265e-01;1.7750000e+02;2.2450610e-01;1.7750000e+02;2.5498205e-01;1.7750000e+02;2.7881140e-01;1.7750000e+02;2.8901678e-01;1.7750000e+02;2.8971583e-01;1.7750000e+02;2.8369927e-01;1.7750000e+02;2.7128273e-01;1.7750000e+02;2.5274271e-01;1.7750000e+02;2.2952482e-01;1.7750000e+02;3.6988594e-02;1.7750000e+02;5.0635129e-02;1.7750000e+02;6.7208789e-02;1.7750000e+02;8.6143598e-02;1.7750000e+02;1.0623354e-01;1.7750000e+02;1.2746078e-01;1.7750000e+02;1.4868873e-01;1.7750000e+02;1.7167236e-01;1.7750000e+02;1.9903265e-01;1.7750000e+02;2.2450610e-01;1.7750000e+02;2.5498205e-01;1.7750000e+02;2.7881140e-01;1.7750000e+02;2.8901678e-01;1.7750000e+02;2.8971583e-01;1.7750000e+02;2.8369927e-01;1.7750000e+02;2.7128273e-01;1.7750000e+02;2.5274271e-01;1.7750000e+02;2.2952482e-01;1.7750000e+02;3.6988594e-02;1.7750000e+02;5.0635129e-02;1.7750000e+02;6.7208789e-02;1.7750000e+02;8.6143598e-02;1.7750000e+02;1.0623354e-01;1.7750000e+02;1.2746078e-01;1.7750000e+02;1.4868873e-01;1.7750000e+02;1.7167236e-01;1.7750000e+02;1.9903265e-01;1.7750000e+02;2.2450610e-01;1.7750000e+02;2.5498205e-01;1.7750000e+02;2.7881140e-01;1.7750000e+02;2.8901678e-01;1.7750000e+02;2.8971583e-01;1.7750000e+02;2.8369927e-01;1.7750000e+02;2.7128273e-01;1.7750000e+02;2.5274271e-01;1.7750000e+02;2.2952482e-01;1.7750000e+02;3.6988594e-02;1.7750000e+02;5.0635129e-02;1.7750000e+02;6.7208789e-02;1.7750000e+02;8.6143598e-02;1.7750000e+02;1.0623354e-01;1.7750000e+02;1.2746078e-01;1.7750000e+02;1.4868873e-01;1.7750000e+02;1.7167236e-01;1.7750000e+02;1.9903265e-01;1.7750000e+02;2.2450610e-01;1.7750000e+02;2.5498205e-01;1.7750000e+02;2.7881140e-01;1.7750000e+02;2.8901678e-01;1.7750000e+02;2.8971583e-01;1.7750000e+02;2.8369927e-01;1.7750000e+02;2.7128273e-01;1.7750000e+02;2.5274271e-01;1.7750000e+02;2.2952482e-01;1.7750000e+02;3.6988594e-02;1.7750000e+02;5.0635129e-02;1.7750000e+02;6.7208789e-02;1.7750000e+02;8.6143598e-02;1.7750000e+02;1.0623354e-01;1.7750000e+02;1.2746078e-01;1.7750000e+02;1.4868873e-01;1.7750000e+02;1.7167236e-01;1.7750000e+02;1.9903265e-01;1.7750000e+02;2.2450610e-01;1.7750000e+02;2.5498205e-01;1.7750000e+02;2.7881140e-01;1.7750000e+02;2.8901678e-01;1.7750000e+02;2.8971583e-01;1.7750000e+02;2.8369927e-01;1.7750000e+02;2.7128273e-01;1.7750000e+02;2.5274271e-01;1.7750000e+02;2.2952482e-01;1.7750000e+02;3.6988594e-02;1.7750000e+02;5.0635129e-02;1.7750000e+02;6.7208789e-02;1.7750000e+02;8.6143598e-02;1.7750000e+02;1.0623354e-01;1.7750000e+02;1.2746078e-01;1.7750000e+02;1.4868873e-01;1.7750000e+02;1.7167236e-01;1.7750000e+02;1.9903265e-01;1.7750000e+02;2.2450610e-01;1.7750000e+02;2.5498205e-01;1.7750000e+02;2.7881140e-01;1.7750000e+02;2.8901678e-01;1.7750000e+02;2.8971583e-01;1.7750000e+02;2.8369927e-01;1.7750000e+02;2.7128273e-01;1.7750000e+02;2.5274271e-01;1.7750000e+02;2.2952482e-01;1.7750000e+02;3.6988594e-02;1.7750000e+02;5.0635129e-02;1.7750000e+02;6.7208789e-02;1.7750000e+02;8.6143598e-02;1.7750000e+02;1.0623354e-01;1.7750000e+02;1.2746078e-01;1.7750000e+02;1.4868873e-01;1.7750000e+02;1.7167236e-01;1.7750000e+02;1.9903265e-01;1.7750000e+02;2.2450610e-01;1.7750000e+02;2.5498205e-01;1.7750000e+02;2.7881140e-01;1.7750000e+02;2.8901678e-01;1.7750000e+02;2.8971583e-01;1.7750000e+02;2.8369927e-01;1.7750000e+02;2.7128273e-01;1.7750000e+02;2.5274271e-01;1.7750000e+02;2.2952482e-01;1.7750000e+02;3.6988594e-02;1.7750000e+02;5.0635129e-02;1.7750000e+02;6.7208789e-02;1.7750000e+02;8.6143598e-02;1.7750000e+02;1.0623354e-01;1.7750000e+02;1.2746078e-01;1.7750000e+02;1.4868873e-01;1.7750000e+02;1.7167236e-01;1.7750000e+02;1.9903265e-01;1.7750000e+02;2.2450610e-01;1.7750000e+02;2.5498205e-01;1.7750000e+02;2.7881140e-01;1.7750000e+02;2.8901678e-01;1.7750000e+02;2.8971583e-01;1.7750000e+02;2.8369927e-01;1.7750000e+02;2.7128273e-01;1.7750000e+02;2.5274271e-01;1.7750000e+02;2.2952482e-01;1.7750000e+02;3.6988594e-02;1.7750000e+02;5.0635129e-02;1.7750000e+02;6.7208789e-02;1.7750000e+02;8.6143598e-02;1.7750000e+02;1.0623354e-01;1.7750000e+02;1.2746078e-01;1.7750000e+02;1.4868873e-01;1.7750000e+02;1.7167236e-01;1.7750000e+02;1.9903265e-01;1.7750000e+02;2.2450610e-01;1.7750000e+02;2.5498205e-01;1.7750000e+02;2.7881140e-01;1.7750000e+02;2.8901678e-01;1.7750000e+02;2.8971583e-01;1.7750000e+02;2.8369927e-01;1.7750000e+02;2.7128273e-01;1.7750000e+02;2.5274271e-01;1.7750000e+02;2.2952482e-01;1.7750000e+02;3.6988594e-02;1.7750000e+02;5.0635129e-02;1.7750000e+02;6.7208789e-02;1.7750000e+02;8.6143598e-02;1.7750000e+02;1.0623354e-01;1.7750000e+02;1.2746078e-01;1.7750000e+02;1.4868873e-01;1.7750000e+02;1.7167236e-01;1.7750000e+02;1.9903265e-01;1.7750000e+02;2.2450610e-01;1.7750000e+02;2.5498205e-01;1.7750000e+02;2.7881140e-01;1.7750000e+02;2.8901678e-01;1.7750000e+02;2.8971583e-01;1.7750000e+02;2.8369927e-01;1.7750000e+02;2.7128273e-01;1.7750000e+02;2.5274271e-01;1.7750000e+02;2.2952482e-01;1.7750000e+02;3.6988594e-02;1.7750000e+02;5.0635129e-02;1.7750000e+02;6.7208789e-02;1.7750000e+02;8.6143598e-02;1.7750000e+02;1.0623354e-01;1.7750000e+02;1.2746078e-01;1.7750000e+02;1.4868873e-01;1.7750000e+02;1.7167236e-01;1.7750000e+02;1.9903265e-01;1.7750000e+02;2.2450610e-01;1.7750000e+02;2.5498205e-01;1.7750000e+02;2.7881140e-01;1.7750000e+02;2.8901678e-01;1.7750000e+02;2.8971583e-01;1.7750000e+02;2.8369927e-01;1.7750000e+02;2.7128273e-01;1.7750000e+02;2.5274271e-01;1.7750000e+02;2.2952482e-01;1.7750000e+02;3.6988594e-02;1.7750000e+02;5.0635129e-02;1.7750000e+02;6.7208789e-02;1.7750000e+02;8.6143598e-02;1.7750000e+02;1.0623354e-01;1.7750000e+02;1.2746078e-01;1.7750000e+02;1.4868873e-01;1.7750000e+02;1.7167236e-01;1.7750000e+02;1.9903265e-01;1.7750000e+02;2.2450610e-01;1.7750000e+02;2.5498205e-01;1.7750000e+02;2.7881140e-01;1.7750000e+02;2.8901678e-01;1.7750000e+02;2.8971583e-01;1.7750000e+02;2.8369927e-01;1.7750000e+02;2.7128273e-01;1.7750000e+02;2.5274271e-01;1.7750000e+02;2.2952482e-01;1.7750000e+02;3.6988594e-02;1.7750000e+02;5.0635129e-02;1.7750000e+02;6.7208789e-02;1.7750000e+02;8.6143598e-02;1.7750000e+02;1.0623354e-01;1.7750000e+02;1.2746078e-01;1.7750000e+02;1.4868873e-01;1.7750000e+02;1.7167236e-01;1.7750000e+02;1.9903265e-01;1.7750000e+02;2.2450610e-01;1.7750000e+02;2.5498205e-01;1.7750000e+02;2.7881140e-01;1.7750000e+02;2.8901678e-01;1.7750000e+02;2.8971583e-01;1.7750000e+02;2.8369927e-01;1.7750000e+02;2.7128273e-01;1.7750000e+02;2.5274271e-01;1.7750000e+02;2.2952482e-01;1.7750000e+02;3.6988594e-02;1.7750000e+02;5.0635129e-02;1.7750000e+02;6.7208789e-02;1.7750000e+02;8.6143598e-02;1.7750000e+02;1.0623354e-01;1.7750000e+02;1.2746078e-01;1.7750000e+02;1.4868873e-01;1.7750000e+02;1.7167236e-01;1.7750000e+02;1.9903265e-01;1.7750000e+02;2.2450610e-01;1.7750000e+02;2.5498205e-01;1.7750000e+02;2.7881140e-01;1.7750000e+02;2.8901678e-01;1.7750000e+02;2.8971583e-01;1.7750000e+02;2.8369927e-01;1.7750000e+02;2.7128273e-01;1.7750000e+02;2.5274271e-01;1.7750000e+02;2.2952482e-01;1.7750000e+02;3.6988594e-02;1.7750000e+02;5.0635129e-02;1.7750000e+02;6.7208789e-02;1.7750000e+02;8.6143598e-02;1.7750000e+02;1.0623354e-01;1.7750000e+02;1.2746078e-01;1.7750000e+02;1.4868873e-01;1.7750000e+02;1.7167236e-01;1.7750000e+02;1.9903265e-01;1.7750000e+02;2.2450610e-01;1.7750000e+02;2.5498205e-01;1.7750000e+02;2.7881140e-01;1.7750000e+02;2.8901678e-01;1.7750000e+02;2.8971583e-01;1.7750000e+02;2.8369927e-01;1.7750000e+02;2.7128273e-01;1.7750000e+02;2.5274271e-01;1.7750000e+02;2.2952482e-01;1.7750000e+02;3.6988594e-02;1.7750000e+02;5.0635129e-02;1.7750000e+02;6.7208789e-02;1.7750000e+02;8.6143598e-02;1.7750000e+02;1.0623354e-01;1.7750000e+02;1.2746078e-01;1.7750000e+02;1.4868873e-01;1.7750000e+02;1.7167236e-01;1.7750000e+02;1.9903265e-01;1.7750000e+02;2.2450610e-01;1.7750000e+02;2.5498205e-01;1.7750000e+02;2.7881140e-01;1.7750000e+02;2.8901678e-01;1.7750000e+02;2.8971583e-01;1.7750000e+02;2.8369927e-01;1.7750000e+02;2.7128273e-01;1.7750000e+02;2.5274271e-01;1.7750000e+02;2.2952482e-01;1.7750000e+02;3.6988594e-02;1.7750000e+02;5.0635129e-02;1.7750000e+02;6.7208789e-02;1.7750000e+02;8.6143598e-02;1.7750000e+02;1.0623354e-01;1.7750000e+02;1.2746078e-01;1.7750000e+02;1.4868873e-01;1.7750000e+02;1.7167236e-01;1.7750000e+02;1.9903265e-01;1.7750000e+02;2.2450610e-01;1.7750000e+02;2.5498205e-01;1.7750000e+02;2.7881140e-01;1.7750000e+02;2.8901678e-01;1.7750000e+02;2.8971583e-01;1.7750000e+02;2.8369927e-01;1.7750000e+02;2.7128273e-01;1.7750000e+02;2.5274271e-01;1.7750000e+02;2.2952482e-01;1.7750000e+02;3.6988594e-02;1.7750000e+02;5.0635129e-02;1.7750000e+02;6.7208789e-02;1.7750000e+02;8.6143598e-02;1.7750000e+02;1.0623354e-01;1.7750000e+02;1.2746078e-01;1.7750000e+02;1.4868873e-01;1.7750000e+02;1.7167236e-01;1.7750000e+02;1.9903265e-01;1.7750000e+02;2.2450610e-01;1.7750000e+02;2.5498205e-01;1.7750000e+02;2.7881140e-01;1.7750000e+02;2.8901678e-01;1.7750000e+02;2.8971583e-01;1.7750000e+02;2.8369927e-01;1.7750000e+02;2.7128273e-01;1.7750000e+02;2.5274271e-01;1.7750000e+02;2.2952482e-01;1.7750000e+02;3.6988594e-02;1.7750000e+02;5.0635129e-02;1.7750000e+02;6.7208789e-02;1.7750000e+02;8.6143598e-02;1.7750000e+02;1.0623354e-01;1.7750000e+02;1.2746078e-01;1.7750000e+02;1.4868873e-01;1.7750000e+02;1.7167236e-01;1.7750000e+02;1.9903265e-01;1.7750000e+02;2.2450610e-01;1.7750000e+02;2.5498205e-01;1.7750000e+02;2.7881140e-01;1.7750000e+02;2.8901678e-01;1.7750000e+02;2.8971583e-01;1.7750000e+02;2.8369927e-01;1.7750000e+02;2.7128273e-01;1.7750000e+02;2.5274271e-01;1.7750000e+02;2.2952482e-01;1.7750000e+02;3.6988594e-02;1.7750000e+02;5.0635129e-02;1.7750000e+02;6.7208789e-02;1.7750000e+02;8.6143598e-02;1.7750000e+02;1.0623354e-01;1.7750000e+02;1.2746078e-01;1.7750000e+02;1.4868873e-01;1.7750000e+02;1.7167236e-01;1.7750000e+02;1.9903265e-01;1.7750000e+02;2.2450610e-01;1.7750000e+02;2.5498205e-01;1.7750000e+02;2.7881140e-01;1.7750000e+02;2.8901678e-01;1.7750000e+02;2.8971583e-01;1.7750000e+02;2.8369927e-01;1.7750000e+02;2.7128273e-01;1.7750000e+02;2.5274271e-01;1.7750000e+02;2.2952482e-01;1.7750000e+02;3.6988594e-02;1.7750000e+02;5.0635129e-02;1.7750000e+02;6.7208789e-02;1.7750000e+02;8.6143598e-02;1.7750000e+02;1.0623354e-01;1.7750000e+02;1.2746078e-01;1.7750000e+02;1.4868873e-01;1.7750000e+02;1.7167236e-01;1.7750000e+02;1.9903265e-01;1.7750000e+02;2.2450610e-01;1.7750000e+02;2.5498205e-01;1.7750000e+02;2.7881140e-01;1.7750000e+02;2.8901678e-01;1.7750000e+02;2.8971583e-01;1.7750000e+02;2.8369927e-01;1.7750000e+02;2.7128273e-01;1.7750000e+02;2.5274271e-01;1.7750000e+02;2.2952482e-01;1.7750000e+02;3.6988594e-02;1.7750000e+02;5.0635129e-02;1.7750000e+02;6.7208789e-02;1.7750000e+02;8.6143598e-02;1.7750000e+02;1.0623354e-01;1.7750000e+02;1.2746078e-01;1.7750000e+02;1.4868873e-01;1.7750000e+02;1.7167236e-01;1.7750000e+02;1.9903265e-01;1.7750000e+02;2.2450610e-01;1.7750000e+02;2.5498205e-01;1.7750000e+02;2.7881140e-01;1.7750000e+02;2.8901678e-01;1.7750000e+02;2.8971583e-01;1.7750000e+02;2.8369927e-01;1.7750000e+02;2.7128273e-01;1.7750000e+02;2.5274271e-01;1.7750000e+02;2.2952482e-01;1.7750000e+02;3.6988594e-02;1.7750000e+02;5.0635129e-02;1.7750000e+02;6.7208789e-02;1.7750000e+02;8.6143598e-02;1.7750000e+02;1.0623354e-01;1.7750000e+02;1.2746078e-01;1.7750000e+02;1.4868873e-01;1.7750000e+02;1.7167236e-01;1.7750000e+02;1.9903265e-01;1.7750000e+02;2.2450610e-01;1.7750000e+02;2.5498205e-01;1.7750000e+02;2.7881140e-01;1.7750000e+02;2.8901678e-01;1.7750000e+02;2.8971583e-01;1.7750000e+02;2.8369927e-01;1.7750000e+02;2.7128273e-01;1.7750000e+02;2.5274271e-01;1.7750000e+02;2.2952482e-01;1.7750000e+02;3.6988594e-02;1.7750000e+02;5.0635129e-02;1.7750000e+02;6.7208789e-02;1.7750000e+02;8.6143598e-02;1.7750000e+02;1.0623354e-01;1.7750000e+02;1.2746078e-01;1.7750000e+02;1.4868873e-01;1.7750000e+02;1.7167236e-01;1.7750000e+02;1.9903265e-01;1.7750000e+02;2.2450610e-01;1.7750000e+02;2.5498205e-01;1.7750000e+02;2.7881140e-01;1.7750000e+02;2.8901678e-01;1.7750000e+02;2.8971583e-01;1.7750000e+02;2.8369927e-01;1.7750000e+02;2.7128273e-01;1.7750000e+02;2.5274271e-01;1.7750000e+02;2.2952482e-01;1.7750000e+02;3.6988594e-02;1.7750000e+02;5.0635129e-02;1.7750000e+02;6.7208789e-02;1.7750000e+02;8.6143598e-02;1.7750000e+02;1.0623354e-01;1.7750000e+02;1.2746078e-01;1.7750000e+02;1.4868873e-01;1.7750000e+02;1.7167236e-01;1.7750000e+02;1.9903265e-01;1.7750000e+02;2.2450610e-01;1.7750000e+02;2.5498205e-01;1.7750000e+02;2.7881140e-01;1.7750000e+02;2.8901678e-01;1.7750000e+02;2.8971583e-01;1.7750000e+02;2.8369927e-01;1.7750000e+02;2.7128273e-01;1.7750000e+02;2.5274271e-01;1.7750000e+02;2.2952482e-01;1.7750000e+02;3.6988594e-02;1.7750000e+02;5.0635129e-02;1.7750000e+02;6.7208789e-02;1.7750000e+02;8.6143598e-02;1.7750000e+02;1.0623354e-01;1.7750000e+02;1.2746078e-01;1.7750000e+02;1.4868873e-01;1.7750000e+02;1.7167236e-01;1.7750000e+02;1.9903265e-01;1.7750000e+02;2.2450610e-01;1.7750000e+02;2.5498205e-01;1.7750000e+02;2.7881140e-01;1.7750000e+02;2.8901678e-01;1.7750000e+02;2.8971583e-01;1.7750000e+02;2.8369927e-01;1.7750000e+02;2.7128273e-01;1.7750000e+02;2.5274271e-01;1.7750000e+02;2.2952482e-01;1.7750000e+02;3.6988594e-02;1.7750000e+02;5.0635129e-02;1.7750000e+02;6.7208789e-02;1.7750000e+02;8.6143598e-02;1.7750000e+02;1.0623354e-01;1.7750000e+02;1.2746078e-01;1.7750000e+02;1.4868873e-01;1.7750000e+02;1.7167236e-01;1.7750000e+02;1.9903265e-01;1.7750000e+02;2.2450610e-01;1.7750000e+02;2.5498205e-01;1.7750000e+02;2.7881140e-01;1.7750000e+02;2.8901678e-01;1.7750000e+02;2.8971583e-01;1.7750000e+02;2.8369927e-01;1.7750000e+02;2.7128273e-01;1.7750000e+02;2.5274271e-01;1.7750000e+02;2.2952482e-01;1.7750000e+02;3.6988594e-02;1.7750000e+02;5.0635129e-02;1.7750000e+02;6.7208789e-02;1.7750000e+02;8.6143598e-02;1.7750000e+02;1.0623354e-01;1.7750000e+02;1.2746078e-01;1.7750000e+02;1.4868873e-01;1.7750000e+02;1.7167236e-01;1.7750000e+02;1.9903265e-01;1.7750000e+02;2.2450610e-01;1.7750000e+02;2.5498205e-01;1.7750000e+02;2.7881140e-01;1.7750000e+02;2.8901678e-01;1.7750000e+02;2.8971583e-01;1.7750000e+02;2.8369927e-01;1.7750000e+02;2.7128273e-01;1.7750000e+02;2.5274271e-01;1.7750000e+02;2.2952482e-01;1.7750000e+02;3.6988594e-02;1.7750000e+02;5.0635129e-02;1.7750000e+02;6.7208789e-02;1.7750000e+02;8.6143598e-02;1.7750000e+02;1.0623354e-01;1.7750000e+02;1.2746078e-01;1.7750000e+02;1.4868873e-01;1.7750000e+02;1.7167236e-01;1.7750000e+02;1.9903265e-01;1.7750000e+02;2.2450610e-01;1.7750000e+02;2.5498205e-01;1.7750000e+02;2.7881140e-01;1.7750000e+02;2.8901678e-01;1.7750000e+02;2.8971583e-01;1.7750000e+02;2.8369927e-01;1.7750000e+02;2.7128273e-01;1.7750000e+02;2.5274271e-01;1.7750000e+02;2.2952482e-01;1.7750000e+02;3.6988594e-02;1.7750000e+02;5.0635129e-02;1.7750000e+02;6.7208789e-02;1.7750000e+02;8.6143598e-02;1.7750000e+02;1.0623354e-01;1.7750000e+02;1.2746078e-01;1.7750000e+02;1.4868873e-01;1.7750000e+02;1.7167236e-01;1.7750000e+02;1.9903265e-01;1.7750000e+02;2.2450610e-01;1.7750000e+02;2.5498205e-01;1.7750000e+02;2.7881140e-01;1.7750000e+02;2.8901678e-01;1.7750000e+02;2.8971583e-01;1.7750000e+02;2.8369927e-01;1.7750000e+02;2.7128273e-01;1.7750000e+02;2.5274271e-01;1.7750000e+02;2.2952482e-01;1.7750000e+02;3.6988594e-02;1.7750000e+02;5.0635129e-02;1.7750000e+02;6.7208789e-02;1.7750000e+02;8.6143598e-02;1.7750000e+02;1.0623354e-01;1.7750000e+02;1.2746078e-01;1.7750000e+02;1.4868873e-01;1.7750000e+02;1.7167236e-01;1.7750000e+02;1.9903265e-01;1.7750000e+02;2.2450610e-01;1.7750000e+02;2.5498205e-01;1.7750000e+02;2.7881140e-01;1.7750000e+02;2.8901678e-01;1.7750000e+02;2.8971583e-01;1.7750000e+02;2.8369927e-01;1.7750000e+02;2.7128273e-01;1.7750000e+02;2.5274271e-01;1.7750000e+02;2.2952482e-01;1.7750000e+02;3.6988594e-02;1.7750000e+02;5.0635129e-02;1.7750000e+02;6.7208789e-02;1.7750000e+02;8.6143598e-02;1.7750000e+02;1.0623354e-01;1.7750000e+02;1.2746078e-01;1.7750000e+02;1.4868873e-01;1.7750000e+02;1.7167236e-01;1.7750000e+02;1.9903265e-01;1.7750000e+02;2.2450610e-01;1.7750000e+02;2.5498205e-01;1.7750000e+02;2.7881140e-01;1.7750000e+02;2.8901678e-01;1.7750000e+02;2.8971583e-01;1.7750000e+02;2.8369927e-01;1.7750000e+02;2.7128273e-01;1.7750000e+02;2.5274271e-01;1.7750000e+02;2.2952482e-01;1.7750000e+02;3.6988594e-02;1.7750000e+02;5.0635129e-02;1.7750000e+02;6.7208789e-02;1.7750000e+02;8.6143598e-02;1.7750000e+02;1.0623354e-01;1.7750000e+02;1.2746078e-01;1.7750000e+02;1.4868873e-01;1.7750000e+02;1.7167236e-01;1.7750000e+02;1.9903265e-01;1.7750000e+02;2.2450610e-01;1.7750000e+02;2.5498205e-01;1.7750000e+02;2.7881140e-01;1.7750000e+02;2.8901678e-01;1.7750000e+02;2.8971583e-01;1.7750000e+02;2.8369927e-01;1.7750000e+02;2.7128273e-01;1.7750000e+02;2.5274271e-01;1.7750000e+02;2.2952482e-01;1.7750000e+02;3.6988594e-02;1.7750000e+02;5.0635129e-02;1.7750000e+02;6.7208789e-02;1.7750000e+02;8.6143598e-02;1.7750000e+02;1.0623354e-01;1.7750000e+02;1.2746078e-01;1.7750000e+02;1.4868873e-01;1.7750000e+02;1.7167236e-01;1.7750000e+02;1.9903265e-01;1.7750000e+02;2.2450610e-01;1.7750000e+02;2.5498205e-01;1.7750000e+02;2.7881140e-01;1.7750000e+02;2.8901678e-01;1.7750000e+02;2.8971583e-01;1.7750000e+02;2.8369927e-01;1.7750000e+02;2.7128273e-01;1.7750000e+02;2.5274271e-01;1.7750000e+02;2.2952482e-01;1.7750000e+02;3.6988594e-02;1.7750000e+02;5.0635129e-02;1.7750000e+02;6.7208789e-02;1.7750000e+02;8.6143598e-02;1.7750000e+02;1.0623354e-01;1.7750000e+02;1.2746078e-01;1.7750000e+02;1.4868873e-01;1.7750000e+02;1.7167236e-01;1.7750000e+02;1.9903265e-01;1.7750000e+02;2.2450610e-01;1.7750000e+02;2.5498205e-01;1.7750000e+02;2.7881140e-01;1.7750000e+02;2.8901678e-01;1.7750000e+02;2.8971583e-01;1.7750000e+02;2.8369927e-01;1.7750000e+02;2.7128273e-01;1.7750000e+02;2.5274271e-01;1.7750000e+02;2.2952482e-01;1.7750000e+02;3.6988594e-02;1.7750000e+02;5.0635129e-02;1.7750000e+02;6.7208789e-02;1.7750000e+02;8.6143598e-02;1.7750000e+02;1.0623354e-01;1.7750000e+02;1.2746078e-01;1.7750000e+02;1.4868873e-01;1.7750000e+02;1.7167236e-01;1.7750000e+02;1.9903265e-01;1.7750000e+02;2.2450610e-01;1.7750000e+02;2.5498205e-01;1.7750000e+02;2.7881140e-01;1.7750000e+02;2.8901678e-01;1.7750000e+02;2.8971583e-01;1.7750000e+02;2.8369927e-01;1.7750000e+02;2.7128273e-01;1.7750000e+02;2.5274271e-01;1.7750000e+02;2.2952482e-01;1.7750000e+02;3.6988594e-02;1.7750000e+02;5.0635129e-02;1.7750000e+02;6.7208789e-02;1.7750000e+02;8.6143598e-02;1.7750000e+02;1.0623354e-01;1.7750000e+02;1.2746078e-01;1.7750000e+02;1.4868873e-01;1.7750000e+02;1.7167236e-01;1.7750000e+02;1.9903265e-01;1.7750000e+02;2.2450610e-01;1.7750000e+02;2.5498205e-01;1.7750000e+02;2.7881140e-01;1.7750000e+02;2.8901678e-01;1.7750000e+02;2.8971583e-01;1.7750000e+02;2.8369927e-01;1.7750000e+02;2.7128273e-01;1.7750000e+02;2.5274271e-01;1.7750000e+02;2.2952482e-01;1.7750000e+02;3.6988594e-02;1.7750000e+02;5.0635129e-02;1.7750000e+02;6.7208789e-02;1.7750000e+02;8.6143598e-02;1.7750000e+02;1.0623354e-01;1.7750000e+02;1.2746078e-01;1.7750000e+02;1.4868873e-01;1.7750000e+02;1.7167236e-01;1.7750000e+02;1.9903265e-01;1.7750000e+02;2.2450610e-01;1.7750000e+02;2.5498205e-01;1.7750000e+02;2.7881140e-01;1.7750000e+02;2.8901678e-01;1.7750000e+02;2.8971583e-01;1.7750000e+02;2.8369927e-01;1.7750000e+02;2.7128273e-01;1.7750000e+02;2.5274271e-01;1.7750000e+02;2.2952482e-01;1.7750000e+02;3.6988594e-02;1.7750000e+02;5.0635129e-02;1.7750000e+02;6.7208789e-02;1.7750000e+02;8.6143598e-02;1.7750000e+02;1.0623354e-01;1.7750000e+02;1.2746078e-01;1.7750000e+02;1.4868873e-01;1.7750000e+02;1.7167236e-01;1.7750000e+02;1.9903265e-01;1.7750000e+02;2.2450610e-01;1.7750000e+02;2.5498205e-01;1.7750000e+02;2.7881140e-01;1.7750000e+02;2.8901678e-01;1.7750000e+02;2.8971583e-01;1.7750000e+02;2.8369927e-01;1.7750000e+02;2.7128273e-01;1.7750000e+02;2.5274271e-01;1.7750000e+02;2.2952482e-01;1.7750000e+02;3.6988594e-02;1.7750000e+02;5.0635129e-02;1.7750000e+02;6.7208789e-02;1.7750000e+02;8.6143598e-02;1.7750000e+02;1.0623354e-01;1.7750000e+02;1.2746078e-01;1.7750000e+02;1.4868873e-01;1.7750000e+02;1.7167236e-01;1.7750000e+02;1.9903265e-01;1.7750000e+02;2.2450610e-01;1.7750000e+02;2.5498205e-01;1.7750000e+02;2.7881140e-01;1.7750000e+02;2.8901678e-01;1.7750000e+02;2.8971583e-01;1.7750000e+02;2.8369927e-01;1.7750000e+02;2.7128273e-01;1.7750000e+02;2.5274271e-01;1.7750000e+02;2.2952482e-01;1.7750000e+02;3.6988594e-02;1.7750000e+02;5.0635129e-02;1.7750000e+02;6.7208789e-02;1.7750000e+02;8.6143598e-02;1.7750000e+02;1.0623354e-01;1.7750000e+02;1.2746078e-01;1.7750000e+02;1.4868873e-01;1.7750000e+02;1.7167236e-01;1.7750000e+02;1.9903265e-01;1.7750000e+02;2.2450610e-01;1.7750000e+02;2.5498205e-01;1.7750000e+02;2.7881140e-01;1.7750000e+02;2.8901678e-01;1.7750000e+02;2.8971583e-01;1.7750000e+02;2.8369927e-01;1.7750000e+02;2.7128273e-01;1.7750000e+02;2.5274271e-01;1.7750000e+02;2.2952482e-01;1.7750000e+02;3.6988594e-02;1.7750000e+02;5.0635129e-02;1.7750000e+02;6.7208789e-02;1.7750000e+02;8.6143598e-02;1.7750000e+02;1.0623354e-01;1.7750000e+02;1.2746078e-01;1.7750000e+02;1.4868873e-01;1.7750000e+02;1.7167236e-01;1.7750000e+02;1.9903265e-01;1.7750000e+02;2.2450610e-01;1.7750000e+02;2.5498205e-01;1.7750000e+02;2.7881140e-01;1.7750000e+02;2.8901678e-01;1.7750000e+02;2.8971583e-01;1.7750000e+02;2.8369927e-01;1.7750000e+02;2.7128273e-01;1.7750000e+02;2.5274271e-01;1.7750000e+02;2.2952482e-01;1.7750000e+02;3.6988594e-02;1.7750000e+02;5.0635129e-02;1.7750000e+02;6.7208789e-02;1.7750000e+02;8.6143598e-02;1.7750000e+02;1.0623354e-01;1.7750000e+02;1.2746078e-01;1.7750000e+02;1.4868873e-01;1.7750000e+02;1.7167236e-01;1.7750000e+02;1.9903265e-01;1.7750000e+02;2.2450610e-01;1.7750000e+02;2.5498205e-01;1.7750000e+02;2.7881140e-01;1.7750000e+02;2.8901678e-01;1.7750000e+02;2.8971583e-01;1.7750000e+02;2.8369927e-01;1.7750000e+02;2.7128273e-01;1.7750000e+02;2.5274271e-01;1.7750000e+02;2.2952482e-01;1.7750000e+02;3.6988594e-02;1.7750000e+02;5.0635129e-02;1.7750000e+02;6.7208789e-02;1.7750000e+02;8.6143598e-02;1.7750000e+02;1.0623354e-01;1.7750000e+02;1.2746078e-01;1.7750000e+02;1.4868873e-01;1.7750000e+02;1.7167236e-01;1.7750000e+02;1.9903265e-01;1.7750000e+02;2.2450610e-01;1.7750000e+02;2.5498205e-01;1.7750000e+02;2.7881140e-01;1.7750000e+02;2.8901678e-01;1.7750000e+02;2.8971583e-01;1.7750000e+02;2.8369927e-01;1.7750000e+02;2.7128273e-01;1.7750000e+02;2.5274271e-01;1.7750000e+02;2.2952482e-01;1.7750000e+02;3.6988594e-02;1.7750000e+02;5.0635129e-02;1.7750000e+02;6.7208789e-02;1.7750000e+02;8.6143598e-02;1.7750000e+02;1.0623354e-01;1.7750000e+02;1.2746078e-01;1.7750000e+02;1.4868873e-01;1.7750000e+02;1.7167236e-01;1.7750000e+02;1.9903265e-01;1.7750000e+02;2.2450610e-01;1.7750000e+02;2.5498205e-01;1.7750000e+02;2.7881140e-01;1.7750000e+02;2.8901678e-01;1.7750000e+02;2.8971583e-01;1.7750000e+02;2.8369927e-01;1.7750000e+02;2.7128273e-01;1.7750000e+02;2.5274271e-01;1.7750000e+02;2.2952482e-01;1.7750000e+02;3.6988594e-02;1.7750000e+02;5.0635129e-02;1.7750000e+02;6.7208789e-02;1.7750000e+02;8.6143598e-02;1.7750000e+02;1.0623354e-01;1.7750000e+02;1.2746078e-01;1.7750000e+02;1.4868873e-01;1.7750000e+02;1.7167236e-01;1.7750000e+02;1.9903265e-01;1.7750000e+02;2.2450610e-01;1.7750000e+02;2.5498205e-01;1.7750000e+02;2.7881140e-01;1.7750000e+02;2.8901678e-01;1.7750000e+02;2.8971583e-01;1.7750000e+02;2.8369927e-01;1.7750000e+02;2.7128273e-01;1.7750000e+02;2.5274271e-01;1.7750000e+02;2.2952482e-01;1.7750000e+02;3.6988594e-02;1.7750000e+02;5.0635129e-02;1.7750000e+02;6.7208789e-02;1.7750000e+02;8.6143598e-02;1.7750000e+02;1.0623354e-01;1.7750000e+02;1.2746078e-01;1.7750000e+02;1.4868873e-01;1.7750000e+02;1.7167236e-01;1.7750000e+02;1.9903265e-01;1.7750000e+02;2.2450610e-01;1.7750000e+02;2.5498205e-01;1.7750000e+02;2.7881140e-01;1.7750000e+02;2.8901678e-01;1.7750000e+02;2.8971583e-01;1.7750000e+02;2.8369927e-01;1.7750000e+02;2.7128273e-01;1.7750000e+02;2.5274271e-01;1.7750000e+02;2.2952482e-01;1.7750000e+02;3.6988594e-02;1.7750000e+02;5.0635129e-02;1.7750000e+02;6.7208789e-02;1.7750000e+02;8.6143598e-02;1.7750000e+02;1.0623354e-01;1.7750000e+02;1.2746078e-01;1.7750000e+02;1.4868873e-01;1.7750000e+02;1.7167236e-01;1.7750000e+02;1.9903265e-01;1.7750000e+02;2.2450610e-01;1.7750000e+02;2.5498205e-01;1.7750000e+02;2.7881140e-01;1.7750000e+02;2.8901678e-01;1.7750000e+02;2.8971583e-01;1.7750000e+02;2.8369927e-01;1.7750000e+02;2.7128273e-01;1.7750000e+02;2.5274271e-01;1.7750000e+02;2.2952482e-01;1.7750000e+02;3.6988594e-02;1.7750000e+02;5.0635129e-02;1.7750000e+02;6.7208789e-02;1.7750000e+02;8.6143598e-02;1.7750000e+02;1.0623354e-01;1.7750000e+02;1.2746078e-01;1.7750000e+02;1.4868873e-01;1.7750000e+02;1.7167236e-01;1.7750000e+02;1.9903265e-01;1.7750000e+02;2.2450610e-01;1.7750000e+02;2.5498205e-01;1.7750000e+02;2.7881140e-01;1.7750000e+02;2.8901678e-01;1.7750000e+02;2.8971583e-01;1.7750000e+02;2.8369927e-01;1.7750000e+02;2.7128273e-01;1.7750000e+02;2.5274271e-01;1.7750000e+02;2.2952482e-01;1.7750000e+02;3.6988594e-02;1.7750000e+02;5.0635129e-02;1.7750000e+02;6.7208789e-02;1.7750000e+02;8.6143598e-02;1.7750000e+02;1.0623354e-01;1.7750000e+02;1.2746078e-01;1.7750000e+02;1.4868873e-01;1.7750000e+02;1.7167236e-01;1.7750000e+02;1.9903265e-01;1.7750000e+02;2.2450610e-01;1.7750000e+02;2.5498205e-01;1.7750000e+02;2.7881140e-01;1.7750000e+02;2.8901678e-01;1.7750000e+02;2.8971583e-01;1.7750000e+02;2.8369927e-01;1.7750000e+02;2.7128273e-01;1.7750000e+02;2.5274271e-01;1.7750000e+02;2.2952482e-01;1.7750000e+02;3.6988594e-02;1.7750000e+02;5.0635129e-02;1.7750000e+02;6.7208789e-02;1.7750000e+02;8.6143598e-02;1.7750000e+02;1.0623354e-01;1.7750000e+02;1.2746078e-01;1.7750000e+02;1.4868873e-01;1.7750000e+02;1.7167236e-01;1.7750000e+02;1.9903265e-01;1.7750000e+02;2.2450610e-01;1.7750000e+02;2.5498205e-01;1.7750000e+02;2.7881140e-01;1.7750000e+02;2.8901678e-01;1.7750000e+02;2.8971583e-01;1.7750000e+02;2.8369927e-01;1.7750000e+02;2.7128273e-01;1.7750000e+02;2.5274271e-01;1.7750000e+02;2.2952482e-01;1.7750000e+02;3.6988594e-02;1.7750000e+02;5.0635129e-02;1.7750000e+02;6.7208789e-02;1.7750000e+02;8.6143598e-02;1.7750000e+02;1.0623354e-01;1.7750000e+02;1.2746078e-01;1.7750000e+02;1.4868873e-01;1.7750000e+02;1.7167236e-01;1.7750000e+02;1.9903265e-01;1.7750000e+02;2.2450610e-01;1.7750000e+02;2.5498205e-01;1.7750000e+02;2.7881140e-01;1.7750000e+02;2.8901678e-01;1.7750000e+02;2.8971583e-01;1.7750000e+02;2.8369927e-01;1.7750000e+02;2.7128273e-01;1.7750000e+02;2.5274271e-01;1.7750000e+02;2.2952482e-01;1.7750000e+02;3.6988594e-02;1.7750000e+02;5.0635129e-02;1.7750000e+02;6.7208789e-02;1.7750000e+02;8.6143598e-02;1.7750000e+02;1.0623354e-01;1.7750000e+02;1.2746078e-01;1.7750000e+02;1.4868873e-01;1.7750000e+02;1.7167236e-01;1.7750000e+02;1.9903265e-01;1.7750000e+02;2.2450610e-01;1.7750000e+02;2.5498205e-01;1.7750000e+02;2.7881140e-01;1.7750000e+02;2.8901678e-01;1.7750000e+02;2.8971583e-01;1.7750000e+02;2.8369927e-01;1.7750000e+02;2.7128273e-01;1.7750000e+02;2.5274271e-01;1.7750000e+02;2.2952482e-01;1.7750000e+02;3.6988594e-02;1.7750000e+02;5.0635129e-02;1.7750000e+02;6.7208789e-02;1.7750000e+02;8.6143598e-02;1.7750000e+02;1.0623354e-01;1.7750000e+02;1.2746078e-01;1.7750000e+02;1.4868873e-01;1.7750000e+02;1.7167236e-01;1.7750000e+02;1.9903265e-01;1.7750000e+02;2.2450610e-01;1.7750000e+02;2.5498205e-01;1.7750000e+02;2.7881140e-01;1.7750000e+02;2.8901678e-01;1.7750000e+02;2.8971583e-01;1.7750000e+02;2.8369927e-01;1.7750000e+02;2.7128273e-01;1.7750000e+02;2.5274271e-01;1.7750000e+02;2.2952482e-01;1.7750000e+02;3.6988594e-02;1.7750000e+02;5.0635129e-02;1.7750000e+02;6.7208789e-02;1.7750000e+02;8.6143598e-02;1.7750000e+02;1.0623354e-01;1.7750000e+02;1.2746078e-01;1.7750000e+02;1.4868873e-01;1.7750000e+02;1.7167236e-01;1.7750000e+02;1.9903265e-01;1.7750000e+02;2.2450610e-01;1.7750000e+02;2.5498205e-01;1.7750000e+02;2.7881140e-01;1.7750000e+02;2.8901678e-01;1.7750000e+02;2.8971583e-01;1.7750000e+02;2.8369927e-01;1.7750000e+02;2.7128273e-01;1.7750000e+02;2.5274271e-01;1.7750000e+02;2.2952482e-01;1.7750000e+02;3.6988594e-02;1.7750000e+02;5.0635129e-02;1.7750000e+02;6.7208789e-02;1.7750000e+02;8.6143598e-02;1.7750000e+02;1.0623354e-01;1.7750000e+02;1.2746078e-01;1.7750000e+02;1.4868873e-01;1.7750000e+02;1.7167236e-01;1.7750000e+02;1.9903265e-01;1.7750000e+02;2.2450610e-01;1.7750000e+02;2.5498205e-01;1.7750000e+02;2.7881140e-01;1.7750000e+02;2.8901678e-01;1.7750000e+02;2.8971583e-01;1.7750000e+02;2.8369927e-01;1.7750000e+02;2.7128273e-01;1.7750000e+02;2.5274271e-01;1.7750000e+02;2.2952482e-01;1.7750000e+02;3.6988594e-02;1.7750000e+02;5.0635129e-02;1.7750000e+02;6.7208789e-02;1.7750000e+02;8.6143598e-02;1.7750000e+02;1.0623354e-01;1.7750000e+02;1.2746078e-01;1.7750000e+02;1.4868873e-01;1.7750000e+02;1.7167236e-01;1.7750000e+02;1.9903265e-01;1.7750000e+02;2.2450610e-01;1.7750000e+02;2.5498205e-01;1.7750000e+02;2.7881140e-01;1.7750000e+02;2.8901678e-01;1.7750000e+02;2.8971583e-01;1.7750000e+02;2.8369927e-01;1.7750000e+02;2.7128273e-01;1.7750000e+02;2.5274271e-01;1.7750000e+02;2.2952482e-01;1.7750000e+02;3.6988594e-02;1.7750000e+02;5.0635129e-02;1.7750000e+02;6.7208789e-02;1.7750000e+02;8.6143598e-02;1.7750000e+02;1.0623354e-01;1.7750000e+02;1.2746078e-01;1.7750000e+02;1.4868873e-01;1.7750000e+02;1.7167236e-01;1.7750000e+02;1.9903265e-01;1.7750000e+02;2.2450610e-01;1.7750000e+02;2.5498205e-01;1.7750000e+02;2.7881140e-01;1.7750000e+02;2.8901678e-01;1.7750000e+02;2.8971583e-01;1.7750000e+02;2.8369927e-01;1.7750000e+02;2.7128273e-01;1.7750000e+02;2.5274271e-01;1.7750000e+02;2.2952482e-01;1.7750000e+02;3.6988594e-02;1.7750000e+02;5.0635129e-02;1.7750000e+02;6.7208789e-02;1.7750000e+02;8.6143598e-02;1.7750000e+02;1.0623354e-01;1.7750000e+02;1.2746078e-01;1.7750000e+02;1.4868873e-01;1.7750000e+02;1.7167236e-01;1.7750000e+02;1.9903265e-01;1.7750000e+02;2.2450610e-01;1.7750000e+02;2.5498205e-01;1.7750000e+02;2.7881140e-01;1.7750000e+02;2.8901678e-01;1.7750000e+02;2.8971583e-01;1.7750000e+02;2.8369927e-01;1.7750000e+02;2.7128273e-01;1.7750000e+02;2.5274271e-01;1.7750000e+02;2.2952482e-01;1.7750000e+02;3.6988594e-02;1.7750000e+02;5.0635129e-02;1.7750000e+02;6.7208789e-02;1.7750000e+02;8.6143598e-02;1.7750000e+02;1.0623354e-01;1.7750000e+02;1.2746078e-01;1.7750000e+02;1.4868873e-01;1.7750000e+02;1.7167236e-01;1.7750000e+02;1.9903265e-01;1.7750000e+02;2.2450610e-01;1.7750000e+02;2.5498205e-01;1.7750000e+02;2.7881140e-01;1.7750000e+02;2.8901678e-01;1.7750000e+02;2.8971583e-01;1.7750000e+02;2.8369927e-01;1.7750000e+02;2.7128273e-01;1.7750000e+02;2.5274271e-01;1.7750000e+02;2.2952482e-01;1.7750000e+02;3.6988594e-02;1.7750000e+02;5.0635129e-02;1.7750000e+02;6.7208789e-02;1.7750000e+02;8.6143598e-02;1.7750000e+02;1.0623354e-01;1.7750000e+02;1.2746078e-01;1.7750000e+02;1.4868873e-01;1.7750000e+02;1.7167236e-01;1.7750000e+02;1.9903265e-01;1.7750000e+02;2.2450610e-01;1.7750000e+02;2.5498205e-01;1.7750000e+02;2.7881140e-01;1.7750000e+02;2.8901678e-01;1.7750000e+02;2.8971583e-01;1.7750000e+02;2.8369927e-01;1.7750000e+02;2.7128273e-01;1.7750000e+02;2.5274271e-01;1.7750000e+02;2.2952482e-01;1.7750000e+02;3.6988594e-02;1.7750000e+02;5.0635129e-02;1.7750000e+02;6.7208789e-02;1.7750000e+02;8.6143598e-02;1.7750000e+02;1.0623354e-01;1.7750000e+02;1.2746078e-01;1.7750000e+02;1.4868873e-01;1.7750000e+02;1.7167236e-01;1.7750000e+02;1.9903265e-01;1.7750000e+02;2.2450610e-01;1.7750000e+02;2.5498205e-01;1.7750000e+02;2.7881140e-01;1.7750000e+02;2.8901678e-01;1.7750000e+02;2.8971583e-01;1.7750000e+02;2.8369927e-01;1.7750000e+02;2.7128273e-01;1.7750000e+02;2.5274271e-01;1.7750000e+02;2.2952482e-01;1.7750000e+02;3.6988594e-02;1.7750000e+02;5.0635129e-02;1.7750000e+02;6.7208789e-02;1.7750000e+02;8.6143598e-02;1.7750000e+02;1.0623354e-01;1.7750000e+02;1.2746078e-01;1.7750000e+02;1.4868873e-01;1.7750000e+02;1.7167236e-01;1.7750000e+02;1.9903265e-01;1.7750000e+02;2.2450610e-01;1.7750000e+02;2.5498205e-01;1.7750000e+02;2.7881140e-01;1.7750000e+02;2.8901678e-01;1.7750000e+02;2.8971583e-01;1.7750000e+02;2.8369927e-01;1.7750000e+02;2.7128273e-01;1.7750000e+02;2.5274271e-01;1.7750000e+02;2.2952482e-01;1.7750000e+02;3.6988594e-02;1.7750000e+02;5.0635129e-02;1.7750000e+02;6.7208789e-02;1.7750000e+02;8.6143598e-02;1.7750000e+02;1.0623354e-01;1.7750000e+02;1.2746078e-01;1.7750000e+02;1.4868873e-01;1.7750000e+02;1.7167236e-01;1.7750000e+02;1.9903265e-01;1.7750000e+02;2.2450610e-01;1.7750000e+02;2.5498205e-01;1.7750000e+02;2.7881140e-01;1.7750000e+02;2.8901678e-01;1.7750000e+02;2.8971583e-01;1.7750000e+02;2.8369927e-01;1.7750000e+02;2.7128273e-01;1.7750000e+02;2.5274271e-01;1.7750000e+02;2.2952482e-01;1.7750000e+02;3.6988594e-02;1.7750000e+02;5.0635129e-02;1.7750000e+02;6.7208789e-02;1.7750000e+02;8.6143598e-02;1.7750000e+02;1.0623354e-01;1.7750000e+02;1.2746078e-01;1.7750000e+02;1.4868873e-01;1.7750000e+02;1.7167236e-01;1.7750000e+02;1.9903265e-01;1.7750000e+02;2.2450610e-01;1.7750000e+02;2.5498205e-01;1.7750000e+02;2.7881140e-01;1.7750000e+02;2.8901678e-01;1.7750000e+02;2.8971583e-01;1.7750000e+02;2.8369927e-01;1.7750000e+02;2.7128273e-01;1.7750000e+02;2.5274271e-01;1.7750000e+02;2.2952482e-01;1.7750000e+02;3.6988594e-02;1.7750000e+02;5.0635129e-02;1.7750000e+02;6.7208789e-02;1.7750000e+02;8.6143598e-02;1.7750000e+02;1.0623354e-01;1.7750000e+02;1.2746078e-01;1.7750000e+02;1.4868873e-01;1.7750000e+02;1.7167236e-01;1.7750000e+02;1.9903265e-01;1.7750000e+02;2.2450610e-01;1.7750000e+02;2.5498205e-01;1.7750000e+02;2.7881140e-01;1.7750000e+02;2.8901678e-01;1.7750000e+02;2.8971583e-01;1.7750000e+02;2.8369927e-01;1.7750000e+02;2.7128273e-01;1.7750000e+02;2.5274271e-01;1.7750000e+02;2.2952482e-01;1.7750000e+02;3.6988594e-02;1.7750000e+02;5.0635129e-02;1.7750000e+02;6.7208789e-02;1.7750000e+02;8.6143598e-02;1.7750000e+02;1.0623354e-01;1.7750000e+02;1.2746078e-01;1.7750000e+02;1.4868873e-01;1.7750000e+02;1.7167236e-01;1.7750000e+02;1.9903265e-01;1.7750000e+02;2.2450610e-01;1.7750000e+02;2.5498205e-01;1.7750000e+02;2.7881140e-01;1.7750000e+02;2.8901678e-01;1.7750000e+02;2.8971583e-01;1.7750000e+02;2.8369927e-01;1.7750000e+02;2.7128273e-01;1.7750000e+02;2.5274271e-01;1.7750000e+02;2.2952482e-01;1.7750000e+02;3.6988594e-02;1.7750000e+02;5.0635129e-02;1.7750000e+02;6.7208789e-02;1.7750000e+02;8.6143598e-02;1.7750000e+02;1.0623354e-01;1.7750000e+02;1.2746078e-01;1.7750000e+02;1.4868873e-01;1.7750000e+02;1.7167236e-01;1.7750000e+02;1.9903265e-01;1.7750000e+02;2.2450610e-01;1.7750000e+02;2.5498205e-01;1.7750000e+02;2.7881140e-01;1.7750000e+02;2.8901678e-01;1.7750000e+02;2.8971583e-01;1.7750000e+02;2.8369927e-01;1.7750000e+02;2.7128273e-01;1.7750000e+02;2.5274271e-01;1.7750000e+02;2.2952482e-01
1.8250000e+02;3.7068509e-02;1.8250000e+02;5.1452287e-02;1.8250000e+02;6.7784697e-02;1.8250000e+02;8.6625278e-02;1.8250000e+02;1.0732527e-01;1.8250000e+02;1.2881511e-01;1.8250000e+02;1.5131785e-01;1.8250000e+02;1.7392430e-01;1.8250000e+02;1.9868082e-01;1.8250000e+02;2.2272110e-01;1.8250000e+02;2.5067830e-01;1.8250000e+02;2.7420700e-01;1.8250000e+02;2.8763592e-01;1.8250000e+02;2.9022652e-01;1.8250000e+02;2.8592041e-01;1.8250000e+02;2.7492264e-01;1.8250000e+02;2.5751576e-01;1.8250000e+02;2.3537517e-01;1.8250000e+02;3.7068509e-02;1.8250000e+02;5.1452287e-02;1.8250000e+02;6.7784697e-02;1.8250000e+02;8.6625278e-02;1.8250000e+02;1.0732527e-01;1.8250000e+02;1.2881511e-01;1.8250000e+02;1.5131785e-01;1.8250000e+02;1.7392430e-01;1.8250000e+02;1.9868082e-01;1.8250000e+02;2.2272110e-01;1.8250000e+02;2.5067830e-01;1.8250000e+02;2.7420700e-01;1.8250000e+02;2.8763592e-01;1.8250000e+02;2.9022652e-01;1.8250000e+02;2.8592041e-01;1.8250000e+02;2.7492264e-01;1.8250000e+02;2.5751576e-01;1.8250000e+02;2.3537517e-01;1.8250000e+02;3.7068509e-02;1.8250000e+02;5.1452287e-02;1.8250000e+02;6.7784697e-02;1.8250000e+02;8.6625278e-02;1.8250000e+02;1.0732527e-01;1.8250000e+02;1.2881511e-01;1.8250000e+02;1.5131785e-01;1.8250000e+02;1.7392430e-01;1.8250000e+02;1.9868082e-01;1.8250000e+02;2.2272110e-01;1.8250000e+02;2.5067830e-01;1.8250000e+02;2.7420700e-01;1.8250000e+02;2.8763592e-01;1.8250000e+02;2.9022652e-01;1.8250000e+02;2.8592041e-01;1.8250000e+02;2.7492264e-01;1.8250000e+02;2.5751576e-01;1.8250000e+02;2.3537517e-01;1.8250000e+02;3.7068509e-02;1.8250000e+02;5.1452287e-02;1.8250000e+02;6.7784697e-02;1.8250000e+02;8.6625278e-02;1.8250000e+02;1.0732527e-01;1.8250000e+02;1.2881511e-01;1.8250000e+02;1.5131785e-01;1.8250000e+02;1.7392430e-01;1.8250000e+02;1.9868082e-01;1.8250000e+02;2.2272110e-01;1.8250000e+02;2.5067830e-01;1.8250000e+02;2.7420700e-01;1.8250000e+02;2.8763592e-01;1.8250000e+02;2.9022652e-01;1.8250000e+02;2.8592041e-01;1.8250000e+02;2.7492264e-01;1.8250000e+02;2.5751576e-01;1.8250000e+02;2.3537517e-01;1.8250000e+02;3.7068509e-02;1.8250000e+02;5.1452287e-02;1.8250000e+02;6.7784697e-02;1.8250000e+02;8.6625278e-02;1.8250000e+02;1.0732527e-01;1.8250000e+02;1.2881511e-01;1.8250000e+02;1.5131785e-01;1.8250000e+02;1.7392430e-01;1.8250000e+02;1.9868082e-01;1.8250000e+02;2.2272110e-01;1.8250000e+02;2.5067830e-01;1.8250000e+02;2.7420700e-01;1.8250000e+02;2.8763592e-01;1.8250000e+02;2.9022652e-01;1.8250000e+02;2.8592041e-01;1.8250000e+02;2.7492264e-01;1.8250000e+02;2.5751576e-01;1.8250000e+02;2.3537517e-01;1.8250000e+02;3.7068509e-02;1.8250000e+02;5.1452287e-02;1.8250000e+02;6.7784697e-02;1.8250000e+02;8.6625278e-02;1.8250000e+02;1.0732527e-01;1.8250000e+02;1.2881511e-01;1.8250000e+02;1.5131785e-01;1.8250000e+02;1.7392430e-01;1.8250000e+02;1.9868082e-01;1.8250000e+02;2.2272110e-01;1.8250000e+02;2.5067830e-01;1.8250000e+02;2.7420700e-01;1.8250000e+02;2.8763592e-01;1.8250000e+02;2.9022652e-01;1.8250000e+02;2.8592041e-01;1.8250000e+02;2.7492264e-01;1.8250000e+02;2.5751576e-01;1.8250000e+02;2.3537517e-01;1.8250000e+02;3.7068509e-02;1.8250000e+02;5.1452287e-02;1.8250000e+02;6.7784697e-02;1.8250000e+02;8.6625278e-02;1.8250000e+02;1.0732527e-01;1.8250000e+02;1.2881511e-01;1.8250000e+02;1.5131785e-01;1.8250000e+02;1.7392430e-01;1.8250000e+02;1.9868082e-01;1.8250000e+02;2.2272110e-01;1.8250000e+02;2.5067830e-01;1.8250000e+02;2.7420700e-01;1.8250000e+02;2.8763592e-01;1.8250000e+02;2.9022652e-01;1.8250000e+02;2.8592041e-01;1.8250000e+02;2.7492264e-01;1.8250000e+02;2.5751576e-01;1.8250000e+02;2.3537517e-01;1.8250000e+02;3.7068509e-02;1.8250000e+02;5.1452287e-02;1.8250000e+02;6.7784697e-02;1.8250000e+02;8.6625278e-02;1.8250000e+02;1.0732527e-01;1.8250000e+02;1.2881511e-01;1.8250000e+02;1.5131785e-01;1.8250000e+02;1.7392430e-01;1.8250000e+02;1.9868082e-01;1.8250000e+02;2.2272110e-01;1.8250000e+02;2.5067830e-01;1.8250000e+02;2.7420700e-01;1.8250000e+02;2.8763592e-01;1.8250000e+02;2.9022652e-01;1.8250000e+02;2.8592041e-01;1.8250000e+02;2.7492264e-01;1.8250000e+02;2.5751576e-01;1.8250000e+02;2.3537517e-01;1.8250000e+02;3.7068509e-02;1.8250000e+02;5.1452287e-02;1.8250000e+02;6.7784697e-02;1.8250000e+02;8.6625278e-02;1.8250000e+02;1.0732527e-01;1.8250000e+02;1.2881511e-01;1.8250000e+02;1.5131785e-01;1.8250000e+02;1.7392430e-01;1.8250000e+02;1.9868082e-01;1.8250000e+02;2.2272110e-01;1.8250000e+02;2.5067830e-01;1.8250000e+02;2.7420700e-01;1.8250000e+02;2.8763592e-01;1.8250000e+02;2.9022652e-01;1.8250000e+02;2.8592041e-01;1.8250000e+02;2.7492264e-01;1.8250000e+02;2.5751576e-01;1.8250000e+02;2.3537517e-01;1.8250000e+02;3.7068509e-02;1.8250000e+02;5.1452287e-02;1.8250000e+02;6.7784697e-02;1.8250000e+02;8.6625278e-02;1.8250000e+02;1.0732527e-01;1.8250000e+02;1.2881511e-01;1.8250000e+02;1.5131785e-01;1.8250000e+02;1.7392430e-01;1.8250000e+02;1.9868082e-01;1.8250000e+02;2.2272110e-01;1.8250000e+02;2.5067830e-01;1.8250000e+02;2.7420700e-01;1.8250000e+02;2.8763592e-01;1.8250000e+02;2.9022652e-01;1.8250000e+02;2.8592041e-01;1.8250000e+02;2.7492264e-01;1.8250000e+02;2.5751576e-01;1.8250000e+02;2.3537517e-01;1.8250000e+02;3.7068509e-02;1.8250000e+02;5.1452287e-02;1.8250000e+02;6.7784697e-02;1.8250000e+02;8.6625278e-02;1.8250000e+02;1.0732527e-01;1.8250000e+02;1.2881511e-01;1.8250000e+02;1.5131785e-01;1.8250000e+02;1.7392430e-01;1.8250000e+02;1.9868082e-01;1.8250000e+02;2.2272110e-01;1.8250000e+02;2.5067830e-01;1.8250000e+02;2.7420700e-01;1.8250000e+02;2.8763592e-01;1.8250000e+02;2.9022652e-01;1.8250000e+02;2.8592041e-01;1.8250000e+02;2.7492264e-01;1.8250000e+02;2.5751576e-01;1.8250000e+02;2.3537517e-01;1.8250000e+02;3.7068509e-02;1.8250000e+02;5.1452287e-02;1.8250000e+02;6.7784697e-02;1.8250000e+02;8.6625278e-02;1.8250000e+02;1.0732527e-01;1.8250000e+02;1.2881511e-01;1.8250000e+02;1.5131785e-01;1.8250000e+02;1.7392430e-01;1.8250000e+02;1.9868082e-01;1.8250000e+02;2.2272110e-01;1.8250000e+02;2.5067830e-01;1.8250000e+02;2.7420700e-01;1.8250000e+02;2.8763592e-01;1.8250000e+02;2.9022652e-01;1.8250000e+02;2.8592041e-01;1.8250000e+02;2.7492264e-01;1.8250000e+02;2.5751576e-01;1.8250000e+02;2.3537517e-01;1.8250000e+02;3.7068509e-02;1.8250000e+02;5.1452287e-02;1.8250000e+02;6.7784697e-02;1.8250000e+02;8.6625278e-02;1.8250000e+02;1.0732527e-01;1.8250000e+02;1.2881511e-01;1.8250000e+02;1.5131785e-01;1.8250000e+02;1.7392430e-01;1.8250000e+02;1.9868082e-01;1.8250000e+02;2.2272110e-01;1.8250000e+02;2.5067830e-01;1.8250000e+02;2.7420700e-01;1.8250000e+02;2.8763592e-01;1.8250000e+02;2.9022652e-01;1.8250000e+02;2.8592041e-01;1.8250000e+02;2.7492264e-01;1.8250000e+02;2.5751576e-01;1.8250000e+02;2.3537517e-01;1.8250000e+02;3.7068509e-02;1.8250000e+02;5.1452287e-02;1.8250000e+02;6.7784697e-02;1.8250000e+02;8.6625278e-02;1.8250000e+02;1.0732527e-01;1.8250000e+02;1.2881511e-01;1.8250000e+02;1.5131785e-01;1.8250000e+02;1.7392430e-01;1.8250000e+02;1.9868082e-01;1.8250000e+02;2.2272110e-01;1.8250000e+02;2.5067830e-01;1.8250000e+02;2.7420700e-01;1.8250000e+02;2.8763592e-01;1.8250000e+02;2.9022652e-01;1.8250000e+02;2.8592041e-01;1.8250000e+02;2.7492264e-01;1.8250000e+02;2.5751576e-01;1.8250000e+02;2.3537517e-01;1.8250000e+02;3.7068509e-02;1.8250000e+02;5.1452287e-02;1.8250000e+02;6.7784697e-02;1.8250000e+02;8.6625278e-02;1.8250000e+02;1.0732527e-01;1.8250000e+02;1.2881511e-01;1.8250000e+02;1.5131785e-01;1.8250000e+02;1.7392430e-01;1.8250000e+02;1.9868082e-01;1.8250000e+02;2.2272110e-01;1.8250000e+02;2.5067830e-01;1.8250000e+02;2.7420700e-01;1.8250000e+02;2.8763592e-01;1.8250000e+02;2.9022652e-01;1.8250000e+02;2.8592041e-01;1.8250000e+02;2.7492264e-01;1.8250000e+02;2.5751576e-01;1.8250000e+02;2.3537517e-01;1.8250000e+02;3.7068509e-02;1.8250000e+02;5.1452287e-02;1.8250000e+02;6.7784697e-02;1.8250000e+02;8.6625278e-02;1.8250000e+02;1.0732527e-01;1.8250000e+02;1.2881511e-01;1.8250000e+02;1.5131785e-01;1.8250000e+02;1.7392430e-01;1.8250000e+02;1.9868082e-01;1.8250000e+02;2.2272110e-01;1.8250000e+02;2.5067830e-01;1.8250000e+02;2.7420700e-01;1.8250000e+02;2.8763592e-01;1.8250000e+02;2.9022652e-01;1.8250000e+02;2.8592041e-01;1.8250000e+02;2.7492264e-01;1.8250000e+02;2.5751576e-01;1.8250000e+02;2.3537517e-01;1.8250000e+02;3.7068509e-02;1.8250000e+02;5.1452287e-02;1.8250000e+02;6.7784697e-02;1.8250000e+02;8.6625278e-02;1.8250000e+02;1.0732527e-01;1.8250000e+02;1.2881511e-01;1.8250000e+02;1.5131785e-01;1.8250000e+02;1.7392430e-01;1.8250000e+02;1.9868082e-01;1.8250000e+02;2.2272110e-01;1.8250000e+02;2.5067830e-01;1.8250000e+02;2.7420700e-01;1.8250000e+02;2.8763592e-01;1.8250000e+02;2.9022652e-01;1.8250000e+02;2.8592041e-01;1.8250000e+02;2.7492264e-01;1.8250000e+02;2.5751576e-01;1.8250000e+02;2.3537517e-01;1.8250000e+02;3.7068509e-02;1.8250000e+02;5.1452287e-02;1.8250000e+02;6.7784697e-02;1.8250000e+02;8.6625278e-02;1.8250000e+02;1.0732527e-01;1.8250000e+02;1.2881511e-01;1.8250000e+02;1.5131785e-01;1.8250000e+02;1.7392430e-01;1.8250000e+02;1.9868082e-01;1.8250000e+02;2.2272110e-01;1.8250000e+02;2.5067830e-01;1.8250000e+02;2.7420700e-01;1.8250000e+02;2.8763592e-01;1.8250000e+02;2.9022652e-01;1.8250000e+02;2.8592041e-01;1.8250000e+02;2.7492264e-01;1.8250000e+02;2.5751576e-01;1.8250000e+02;2.3537517e-01;1.8250000e+02;3.7068509e-02;1.8250000e+02;5.1452287e-02;1.8250000e+02;6.7784697e-02;1.8250000e+02;8.6625278e-02;1.8250000e+02;1.0732527e-01;1.8250000e+02;1.2881511e-01;1.8250000e+02;1.5131785e-01;1.8250000e+02;1.7392430e-01;1.8250000e+02;1.9868082e-01;1.8250000e+02;2.2272110e-01;1.8250000e+02;2.5067830e-01;1.8250000e+02;2.7420700e-01;1.8250000e+02;2.8763592e-01;1.8250000e+02;2.9022652e-01;1.8250000e+02;2.8592041e-01;1.8250000e+02;2.7492264e-01;1.8250000e+02;2.5751576e-01;1.8250000e+02;2.3537517e-01;1.8250000e+02;3.7068509e-02;1.8250000e+02;5.1452287e-02;1.8250000e+02;6.7784697e-02;1.8250000e+02;8.6625278e-02;1.8250000e+02;1.0732527e-01;1.8250000e+02;1.2881511e-01;1.8250000e+02;1.5131785e-01;1.8250000e+02;1.7392430e-01;1.8250000e+02;1.9868082e-01;1.8250000e+02;2.2272110e-01;1.8250000e+02;2.5067830e-01;1.8250000e+02;2.7420700e-01;1.8250000e+02;2.8763592e-01;1.8250000e+02;2.9022652e-01;1.8250000e+02;2.8592041e-01;1.8250000e+02;2.7492264e-01;1.8250000e+02;2.5751576e-01;1.8250000e+02;2.3537517e-01;1.8250000e+02;3.7068509e-02;1.8250000e+02;5.1452287e-02;1.8250000e+02;6.7784697e-02;1.8250000e+02;8.6625278e-02;1.8250000e+02;1.0732527e-01;1.8250000e+02;1.2881511e-01;1.8250000e+02;1.5131785e-01;1.8250000e+02;1.7392430e-01;1.8250000e+02;1.9868082e-01;1.8250000e+02;2.2272110e-01;1.8250000e+02;2.5067830e-01;1.8250000e+02;2.7420700e-01;1.8250000e+02;2.8763592e-01;1.8250000e+02;2.9022652e-01;1.8250000e+02;2.8592041e-01;1.8250000e+02;2.7492264e-01;1.8250000e+02;2.5751576e-01;1.8250000e+02;2.3537517e-01;1.8250000e+02;3.7068509e-02;1.8250000e+02;5.1452287e-02;1.8250000e+02;6.7784697e-02;1.8250000e+02;8.6625278e-02;1.8250000e+02;1.0732527e-01;1.8250000e+02;1.2881511e-01;1.8250000e+02;1.5131785e-01;1.8250000e+02;1.7392430e-01;1.8250000e+02;1.9868082e-01;1.8250000e+02;2.2272110e-01;1.8250000e+02;2.5067830e-01;1.8250000e+02;2.7420700e-01;1.8250000e+02;2.8763592e-01;1.8250000e+02;2.9022652e-01;1.8250000e+02;2.8592041e-01;1.8250000e+02;2.7492264e-01;1.8250000e+02;2.5751576e-01;1.8250000e+02;2.3537517e-01;1.8250000e+02;3.7068509e-02;1.8250000e+02;5.1452287e-02;1.8250000e+02;6.7784697e-02;1.8250000e+02;8.6625278e-02;1.8250000e+02;1.0732527e-01;1.8250000e+02;1.2881511e-01;1.8250000e+02;1.5131785e-01;1.8250000e+02;1.7392430e-01;1.8250000e+02;1.9868082e-01;1.8250000e+02;2.2272110e-01;1.8250000e+02;2.5067830e-01;1.8250000e+02;2.7420700e-01;1.8250000e+02;2.8763592e-01;1.8250000e+02;2.9022652e-01;1.8250000e+02;2.8592041e-01;1.8250000e+02;2.7492264e-01;1.8250000e+02;2.5751576e-01;1.8250000e+02;2.3537517e-01;1.8250000e+02;3.7068509e-02;1.8250000e+02;5.1452287e-02;1.8250000e+02;6.7784697e-02;1.8250000e+02;8.6625278e-02;1.8250000e+02;1.0732527e-01;1.8250000e+02;1.2881511e-01;1.8250000e+02;1.5131785e-01;1.8250000e+02;1.7392430e-01;1.8250000e+02;1.9868082e-01;1.8250000e+02;2.2272110e-01;1.8250000e+02;2.5067830e-01;1.8250000e+02;2.7420700e-01;1.8250000e+02;2.8763592e-01;1.8250000e+02;2.9022652e-01;1.8250000e+02;2.8592041e-01;1.8250000e+02;2.7492264e-01;1.8250000e+02;2.5751576e-01;1.8250000e+02;2.3537517e-01;1.8250000e+02;3.7068509e-02;1.8250000e+02;5.1452287e-02;1.8250000e+02;6.7784697e-02;1.8250000e+02;8.6625278e-02;1.8250000e+02;1.0732527e-01;1.8250000e+02;1.2881511e-01;1.8250000e+02;1.5131785e-01;1.8250000e+02;1.7392430e-01;1.8250000e+02;1.9868082e-01;1.8250000e+02;2.2272110e-01;1.8250000e+02;2.5067830e-01;1.8250000e+02;2.7420700e-01;1.8250000e+02;2.8763592e-01;1.8250000e+02;2.9022652e-01;1.8250000e+02;2.8592041e-01;1.8250000e+02;2.7492264e-01;1.8250000e+02;2.5751576e-01;1.8250000e+02;2.3537517e-01;1.8250000e+02;3.7068509e-02;1.8250000e+02;5.1452287e-02;1.8250000e+02;6.7784697e-02;1.8250000e+02;8.6625278e-02;1.8250000e+02;1.0732527e-01;1.8250000e+02;1.2881511e-01;1.8250000e+02;1.5131785e-01;1.8250000e+02;1.7392430e-01;1.8250000e+02;1.9868082e-01;1.8250000e+02;2.2272110e-01;1.8250000e+02;2.5067830e-01;1.8250000e+02;2.7420700e-01;1.8250000e+02;2.8763592e-01;1.8250000e+02;2.9022652e-01;1.8250000e+02;2.8592041e-01;1.8250000e+02;2.7492264e-01;1.8250000e+02;2.5751576e-01;1.8250000e+02;2.3537517e-01;1.8250000e+02;3.7068509e-02;1.8250000e+02;5.1452287e-02;1.8250000e+02;6.7784697e-02;1.8250000e+02;8.6625278e-02;1.8250000e+02;1.0732527e-01;1.8250000e+02;1.2881511e-01;1.8250000e+02;1.5131785e-01;1.8250000e+02;1.7392430e-01;1.8250000e+02;1.9868082e-01;1.8250000e+02;2.2272110e-01;1.8250000e+02;2.5067830e-01;1.8250000e+02;2.7420700e-01;1.8250000e+02;2.8763592e-01;1.8250000e+02;2.9022652e-01;1.8250000e+02;2.8592041e-01;1.8250000e+02;2.7492264e-01;1.8250000e+02;2.5751576e-01;1.8250000e+02;2.3537517e-01;1.8250000e+02;3.7068509e-02;1.8250000e+02;5.1452287e-02;1.8250000e+02;6.7784697e-02;1.8250000e+02;8.6625278e-02;1.8250000e+02;1.0732527e-01;1.8250000e+02;1.2881511e-01;1.8250000e+02;1.5131785e-01;1.8250000e+02;1.7392430e-01;1.8250000e+02;1.9868082e-01;1.8250000e+02;2.2272110e-01;1.8250000e+02;2.5067830e-01;1.8250000e+02;2.7420700e-01;1.8250000e+02;2.8763592e-01;1.8250000e+02;2.9022652e-01;1.8250000e+02;2.8592041e-01;1.8250000e+02;2.7492264e-01;1.8250000e+02;2.5751576e-01;1.8250000e+02;2.3537517e-01;1.8250000e+02;3.7068509e-02;1.8250000e+02;5.1452287e-02;1.8250000e+02;6.7784697e-02;1.8250000e+02;8.6625278e-02;1.8250000e+02;1.0732527e-01;1.8250000e+02;1.2881511e-01;1.8250000e+02;1.5131785e-01;1.8250000e+02;1.7392430e-01;1.8250000e+02;1.9868082e-01;1.8250000e+02;2.2272110e-01;1.8250000e+02;2.5067830e-01;1.8250000e+02;2.7420700e-01;1.8250000e+02;2.8763592e-01;1.8250000e+02;2.9022652e-01;1.8250000e+02;2.8592041e-01;1.8250000e+02;2.7492264e-01;1.8250000e+02;2.5751576e-01;1.8250000e+02;2.3537517e-01;1.8250000e+02;3.7068509e-02;1.8250000e+02;5.1452287e-02;1.8250000e+02;6.7784697e-02;1.8250000e+02;8.6625278e-02;1.8250000e+02;1.0732527e-01;1.8250000e+02;1.2881511e-01;1.8250000e+02;1.5131785e-01;1.8250000e+02;1.7392430e-01;1.8250000e+02;1.9868082e-01;1.8250000e+02;2.2272110e-01;1.8250000e+02;2.5067830e-01;1.8250000e+02;2.7420700e-01;1.8250000e+02;2.8763592e-01;1.8250000e+02;2.9022652e-01;1.8250000e+02;2.8592041e-01;1.8250000e+02;2.7492264e-01;1.8250000e+02;2.5751576e-01;1.8250000e+02;2.3537517e-01;1.8250000e+02;3.7068509e-02;1.8250000e+02;5.1452287e-02;1.8250000e+02;6.7784697e-02;1.8250000e+02;8.6625278e-02;1.8250000e+02;1.0732527e-01;1.8250000e+02;1.2881511e-01;1.8250000e+02;1.5131785e-01;1.8250000e+02;1.7392430e-01;1.8250000e+02;1.9868082e-01;1.8250000e+02;2.2272110e-01;1.8250000e+02;2.5067830e-01;1.8250000e+02;2.7420700e-01;1.8250000e+02;2.8763592e-01;1.8250000e+02;2.9022652e-01;1.8250000e+02;2.8592041e-01;1.8250000e+02;2.7492264e-01;1.8250000e+02;2.5751576e-01;1.8250000e+02;2.3537517e-01;1.8250000e+02;3.7068509e-02;1.8250000e+02;5.1452287e-02;1.8250000e+02;6.7784697e-02;1.8250000e+02;8.6625278e-02;1.8250000e+02;1.0732527e-01;1.8250000e+02;1.2881511e-01;1.8250000e+02;1.5131785e-01;1.8250000e+02;1.7392430e-01;1.8250000e+02;1.9868082e-01;1.8250000e+02;2.2272110e-01;1.8250000e+02;2.5067830e-01;1.8250000e+02;2.7420700e-01;1.8250000e+02;2.8763592e-01;1.8250000e+02;2.9022652e-01;1.8250000e+02;2.8592041e-01;1.8250000e+02;2.7492264e-01;1.8250000e+02;2.5751576e-01;1.8250000e+02;2.3537517e-01;1.8250000e+02;3.7068509e-02;1.8250000e+02;5.1452287e-02;1.8250000e+02;6.7784697e-02;1.8250000e+02;8.6625278e-02;1.8250000e+02;1.0732527e-01;1.8250000e+02;1.2881511e-01;1.8250000e+02;1.5131785e-01;1.8250000e+02;1.7392430e-01;1.8250000e+02;1.9868082e-01;1.8250000e+02;2.2272110e-01;1.8250000e+02;2.5067830e-01;1.8250000e+02;2.7420700e-01;1.8250000e+02;2.8763592e-01;1.8250000e+02;2.9022652e-01;1.8250000e+02;2.8592041e-01;1.8250000e+02;2.7492264e-01;1.8250000e+02;2.5751576e-01;1.8250000e+02;2.3537517e-01;1.8250000e+02;3.7068509e-02;1.8250000e+02;5.1452287e-02;1.8250000e+02;6.7784697e-02;1.8250000e+02;8.6625278e-02;1.8250000e+02;1.0732527e-01;1.8250000e+02;1.2881511e-01;1.8250000e+02;1.5131785e-01;1.8250000e+02;1.7392430e-01;1.8250000e+02;1.9868082e-01;1.8250000e+02;2.2272110e-01;1.8250000e+02;2.5067830e-01;1.8250000e+02;2.7420700e-01;1.8250000e+02;2.8763592e-01;1.8250000e+02;2.9022652e-01;1.8250000e+02;2.8592041e-01;1.8250000e+02;2.7492264e-01;1.8250000e+02;2.5751576e-01;1.8250000e+02;2.3537517e-01;1.8250000e+02;3.7068509e-02;1.8250000e+02;5.1452287e-02;1.8250000e+02;6.7784697e-02;1.8250000e+02;8.6625278e-02;1.8250000e+02;1.0732527e-01;1.8250000e+02;1.2881511e-01;1.8250000e+02;1.5131785e-01;1.8250000e+02;1.7392430e-01;1.8250000e+02;1.9868082e-01;1.8250000e+02;2.2272110e-01;1.8250000e+02;2.5067830e-01;1.8250000e+02;2.7420700e-01;1.8250000e+02;2.8763592e-01;1.8250000e+02;2.9022652e-01;1.8250000e+02;2.8592041e-01;1.8250000e+02;2.7492264e-01;1.8250000e+02;2.5751576e-01;1.8250000e+02;2.3537517e-01;1.8250000e+02;3.7068509e-02;1.8250000e+02;5.1452287e-02;1.8250000e+02;6.7784697e-02;1.8250000e+02;8.6625278e-02;1.8250000e+02;1.0732527e-01;1.8250000e+02;1.2881511e-01;1.8250000e+02;1.5131785e-01;1.8250000e+02;1.7392430e-01;1.8250000e+02;1.9868082e-01;1.8250000e+02;2.2272110e-01;1.8250000e+02;2.5067830e-01;1.8250000e+02;2.7420700e-01;1.8250000e+02;2.8763592e-01;1.8250000e+02;2.9022652e-01;1.8250000e+02;2.8592041e-01;1.8250000e+02;2.7492264e-01;1.8250000e+02;2.5751576e-01;1.8250000e+02;2.3537517e-01;1.8250000e+02;3.7068509e-02;1.8250000e+02;5.1452287e-02;1.8250000e+02;6.7784697e-02;1.8250000e+02;8.6625278e-02;1.8250000e+02;1.0732527e-01;1.8250000e+02;1.2881511e-01;1.8250000e+02;1.5131785e-01;1.8250000e+02;1.7392430e-01;1.8250000e+02;1.9868082e-01;1.8250000e+02;2.2272110e-01;1.8250000e+02;2.5067830e-01;1.8250000e+02;2.7420700e-01;1.8250000e+02;2.8763592e-01;1.8250000e+02;2.9022652e-01;1.8250000e+02;2.8592041e-01;1.8250000e+02;2.7492264e-01;1.8250000e+02;2.5751576e-01;1.8250000e+02;2.3537517e-01;1.8250000e+02;3.7068509e-02;1.8250000e+02;5.1452287e-02;1.8250000e+02;6.7784697e-02;1.8250000e+02;8.6625278e-02;1.8250000e+02;1.0732527e-01;1.8250000e+02;1.2881511e-01;1.8250000e+02;1.5131785e-01;1.8250000e+02;1.7392430e-01;1.8250000e+02;1.9868082e-01;1.8250000e+02;2.2272110e-01;1.8250000e+02;2.5067830e-01;1.8250000e+02;2.7420700e-01;1.8250000e+02;2.8763592e-01;1.8250000e+02;2.9022652e-01;1.8250000e+02;2.8592041e-01;1.8250000e+02;2.7492264e-01;1.8250000e+02;2.5751576e-01;1.8250000e+02;2.3537517e-01;1.8250000e+02;3.7068509e-02;1.8250000e+02;5.1452287e-02;1.8250000e+02;6.7784697e-02;1.8250000e+02;8.6625278e-02;1.8250000e+02;1.0732527e-01;1.8250000e+02;1.2881511e-01;1.8250000e+02;1.5131785e-01;1.8250000e+02;1.7392430e-01;1.8250000e+02;1.9868082e-01;1.8250000e+02;2.2272110e-01;1.8250000e+02;2.5067830e-01;1.8250000e+02;2.7420700e-01;1.8250000e+02;2.8763592e-01;1.8250000e+02;2.9022652e-01;1.8250000e+02;2.8592041e-01;1.8250000e+02;2.7492264e-01;1.8250000e+02;2.5751576e-01;1.8250000e+02;2.3537517e-01;1.8250000e+02;3.7068509e-02;1.8250000e+02;5.1452287e-02;1.8250000e+02;6.7784697e-02;1.8250000e+02;8.6625278e-02;1.8250000e+02;1.0732527e-01;1.8250000e+02;1.2881511e-01;1.8250000e+02;1.5131785e-01;1.8250000e+02;1.7392430e-01;1.8250000e+02;1.9868082e-01;1.8250000e+02;2.2272110e-01;1.8250000e+02;2.5067830e-01;1.8250000e+02;2.7420700e-01;1.8250000e+02;2.8763592e-01;1.8250000e+02;2.9022652e-01;1.8250000e+02;2.8592041e-01;1.8250000e+02;2.7492264e-01;1.8250000e+02;2.5751576e-01;1.8250000e+02;2.3537517e-01;1.8250000e+02;3.7068509e-02;1.8250000e+02;5.1452287e-02;1.8250000e+02;6.7784697e-02;1.8250000e+02;8.6625278e-02;1.8250000e+02;1.0732527e-01;1.8250000e+02;1.2881511e-01;1.8250000e+02;1.5131785e-01;1.8250000e+02;1.7392430e-01;1.8250000e+02;1.9868082e-01;1.8250000e+02;2.2272110e-01;1.8250000e+02;2.5067830e-01;1.8250000e+02;2.7420700e-01;1.8250000e+02;2.8763592e-01;1.8250000e+02;2.9022652e-01;1.8250000e+02;2.8592041e-01;1.8250000e+02;2.7492264e-01;1.8250000e+02;2.5751576e-01;1.8250000e+02;2.3537517e-01;1.8250000e+02;3.7068509e-02;1.8250000e+02;5.1452287e-02;1.8250000e+02;6.7784697e-02;1.8250000e+02;8.6625278e-02;1.8250000e+02;1.0732527e-01;1.8250000e+02;1.2881511e-01;1.8250000e+02;1.5131785e-01;1.8250000e+02;1.7392430e-01;1.8250000e+02;1.9868082e-01;1.8250000e+02;2.2272110e-01;1.8250000e+02;2.5067830e-01;1.8250000e+02;2.7420700e-01;1.8250000e+02;2.8763592e-01;1.8250000e+02;2.9022652e-01;1.8250000e+02;2.8592041e-01;1.8250000e+02;2.7492264e-01;1.8250000e+02;2.5751576e-01;1.8250000e+02;2.3537517e-01;1.8250000e+02;3.7068509e-02;1.8250000e+02;5.1452287e-02;1.8250000e+02;6.7784697e-02;1.8250000e+02;8.6625278e-02;1.8250000e+02;1.0732527e-01;1.8250000e+02;1.2881511e-01;1.8250000e+02;1.5131785e-01;1.8250000e+02;1.7392430e-01;1.8250000e+02;1.9868082e-01;1.8250000e+02;2.2272110e-01;1.8250000e+02;2.5067830e-01;1.8250000e+02;2.7420700e-01;1.8250000e+02;2.8763592e-01;1.8250000e+02;2.9022652e-01;1.8250000e+02;2.8592041e-01;1.8250000e+02;2.7492264e-01;1.8250000e+02;2.5751576e-01;1.8250000e+02;2.3537517e-01;1.8250000e+02;3.7068509e-02;1.8250000e+02;5.1452287e-02;1.8250000e+02;6.7784697e-02;1.8250000e+02;8.6625278e-02;1.8250000e+02;1.0732527e-01;1.8250000e+02;1.2881511e-01;1.8250000e+02;1.5131785e-01;1.8250000e+02;1.7392430e-01;1.8250000e+02;1.9868082e-01;1.8250000e+02;2.2272110e-01;1.8250000e+02;2.5067830e-01;1.8250000e+02;2.7420700e-01;1.8250000e+02;2.8763592e-01;1.8250000e+02;2.9022652e-01;1.8250000e+02;2.8592041e-01;1.8250000e+02;2.7492264e-01;1.8250000e+02;2.5751576e-01;1.8250000e+02;2.3537517e-01;1.8250000e+02;3.7068509e-02;1.8250000e+02;5.1452287e-02;1.8250000e+02;6.7784697e-02;1.8250000e+02;8.6625278e-02;1.8250000e+02;1.0732527e-01;1.8250000e+02;1.2881511e-01;1.8250000e+02;1.5131785e-01;1.8250000e+02;1.7392430e-01;1.8250000e+02;1.9868082e-01;1.8250000e+02;2.2272110e-01;1.8250000e+02;2.5067830e-01;1.8250000e+02;2.7420700e-01;1.8250000e+02;2.8763592e-01;1.8250000e+02;2.9022652e-01;1.8250000e+02;2.8592041e-01;1.8250000e+02;2.7492264e-01;1.8250000e+02;2.5751576e-01;1.8250000e+02;2.3537517e-01;1.8250000e+02;3.7068509e-02;1.8250000e+02;5.1452287e-02;1.8250000e+02;6.7784697e-02;1.8250000e+02;8.6625278e-02;1.8250000e+02;1.0732527e-01;1.8250000e+02;1.2881511e-01;1.8250000e+02;1.5131785e-01;1.8250000e+02;1.7392430e-01;1.8250000e+02;1.9868082e-01;1.8250000e+02;2.2272110e-01;1.8250000e+02;2.5067830e-01;1.8250000e+02;2.7420700e-01;1.8250000e+02;2.8763592e-01;1.8250000e+02;2.9022652e-01;1.8250000e+02;2.8592041e-01;1.8250000e+02;2.7492264e-01;1.8250000e+02;2.5751576e-01;1.8250000e+02;2.3537517e-01;1.8250000e+02;3.7068509e-02;1.8250000e+02;5.1452287e-02;1.8250000e+02;6.7784697e-02;1.8250000e+02;8.6625278e-02;1.8250000e+02;1.0732527e-01;1.8250000e+02;1.2881511e-01;1.8250000e+02;1.5131785e-01;1.8250000e+02;1.7392430e-01;1.8250000e+02;1.9868082e-01;1.8250000e+02;2.2272110e-01;1.8250000e+02;2.5067830e-01;1.8250000e+02;2.7420700e-01;1.8250000e+02;2.8763592e-01;1.8250000e+02;2.9022652e-01;1.8250000e+02;2.8592041e-01;1.8250000e+02;2.7492264e-01;1.8250000e+02;2.5751576e-01;1.8250000e+02;2.3537517e-01;1.8250000e+02;3.7068509e-02;1.8250000e+02;5.1452287e-02;1.8250000e+02;6.7784697e-02;1.8250000e+02;8.6625278e-02;1.8250000e+02;1.0732527e-01;1.8250000e+02;1.2881511e-01;1.8250000e+02;1.5131785e-01;1.8250000e+02;1.7392430e-01;1.8250000e+02;1.9868082e-01;1.8250000e+02;2.2272110e-01;1.8250000e+02;2.5067830e-01;1.8250000e+02;2.7420700e-01;1.8250000e+02;2.8763592e-01;1.8250000e+02;2.9022652e-01;1.8250000e+02;2.8592041e-01;1.8250000e+02;2.7492264e-01;1.8250000e+02;2.5751576e-01;1.8250000e+02;2.3537517e-01;1.8250000e+02;3.7068509e-02;1.8250000e+02;5.1452287e-02;1.8250000e+02;6.7784697e-02;1.8250000e+02;8.6625278e-02;1.8250000e+02;1.0732527e-01;1.8250000e+02;1.2881511e-01;1.8250000e+02;1.5131785e-01;1.8250000e+02;1.7392430e-01;1.8250000e+02;1.9868082e-01;1.8250000e+02;2.2272110e-01;1.8250000e+02;2.5067830e-01;1.8250000e+02;2.7420700e-01;1.8250000e+02;2.8763592e-01;1.8250000e+02;2.9022652e-01;1.8250000e+02;2.8592041e-01;1.8250000e+02;2.7492264e-01;1.8250000e+02;2.5751576e-01;1.8250000e+02;2.3537517e-01;1.8250000e+02;3.7068509e-02;1.8250000e+02;5.1452287e-02;1.8250000e+02;6.7784697e-02;1.8250000e+02;8.6625278e-02;1.8250000e+02;1.0732527e-01;1.8250000e+02;1.2881511e-01;1.8250000e+02;1.5131785e-01;1.8250000e+02;1.7392430e-01;1.8250000e+02;1.9868082e-01;1.8250000e+02;2.2272110e-01;1.8250000e+02;2.5067830e-01;1.8250000e+02;2.7420700e-01;1.8250000e+02;2.8763592e-01;1.8250000e+02;2.9022652e-01;1.8250000e+02;2.8592041e-01;1.8250000e+02;2.7492264e-01;1.8250000e+02;2.5751576e-01;1.8250000e+02;2.3537517e-01;1.8250000e+02;3.7068509e-02;1.8250000e+02;5.1452287e-02;1.8250000e+02;6.7784697e-02;1.8250000e+02;8.6625278e-02;1.8250000e+02;1.0732527e-01;1.8250000e+02;1.2881511e-01;1.8250000e+02;1.5131785e-01;1.8250000e+02;1.7392430e-01;1.8250000e+02;1.9868082e-01;1.8250000e+02;2.2272110e-01;1.8250000e+02;2.5067830e-01;1.8250000e+02;2.7420700e-01;1.8250000e+02;2.8763592e-01;1.8250000e+02;2.9022652e-01;1.8250000e+02;2.8592041e-01;1.8250000e+02;2.7492264e-01;1.8250000e+02;2.5751576e-01;1.8250000e+02;2.3537517e-01;1.8250000e+02;3.7068509e-02;1.8250000e+02;5.1452287e-02;1.8250000e+02;6.7784697e-02;1.8250000e+02;8.6625278e-02;1.8250000e+02;1.0732527e-01;1.8250000e+02;1.2881511e-01;1.8250000e+02;1.5131785e-01;1.8250000e+02;1.7392430e-01;1.8250000e+02;1.9868082e-01;1.8250000e+02;2.2272110e-01;1.8250000e+02;2.5067830e-01;1.8250000e+02;2.7420700e-01;1.8250000e+02;2.8763592e-01;1.8250000e+02;2.9022652e-01;1.8250000e+02;2.8592041e-01;1.8250000e+02;2.7492264e-01;1.8250000e+02;2.5751576e-01;1.8250000e+02;2.3537517e-01;1.8250000e+02;3.7068509e-02;1.8250000e+02;5.1452287e-02;1.8250000e+02;6.7784697e-02;1.8250000e+02;8.6625278e-02;1.8250000e+02;1.0732527e-01;1.8250000e+02;1.2881511e-01;1.8250000e+02;1.5131785e-01;1.8250000e+02;1.7392430e-01;1.8250000e+02;1.9868082e-01;1.8250000e+02;2.2272110e-01;1.8250000e+02;2.5067830e-01;1.8250000e+02;2.7420700e-01;1.8250000e+02;2.8763592e-01;1.8250000e+02;2.9022652e-01;1.8250000e+02;2.8592041e-01;1.8250000e+02;2.7492264e-01;1.8250000e+02;2.5751576e-01;1.8250000e+02;2.3537517e-01;1.8250000e+02;3.7068509e-02;1.8250000e+02;5.1452287e-02;1.8250000e+02;6.7784697e-02;1.8250000e+02;8.6625278e-02;1.8250000e+02;1.0732527e-01;1.8250000e+02;1.2881511e-01;1.8250000e+02;1.5131785e-01;1.8250000e+02;1.7392430e-01;1.8250000e+02;1.9868082e-01;1.8250000e+02;2.2272110e-01;1.8250000e+02;2.5067830e-01;1.8250000e+02;2.7420700e-01;1.8250000e+02;2.8763592e-01;1.8250000e+02;2.9022652e-01;1.8250000e+02;2.8592041e-01;1.8250000e+02;2.7492264e-01;1.8250000e+02;2.5751576e-01;1.8250000e+02;2.3537517e-01;1.8250000e+02;3.7068509e-02;1.8250000e+02;5.1452287e-02;1.8250000e+02;6.7784697e-02;1.8250000e+02;8.6625278e-02;1.8250000e+02;1.0732527e-01;1.8250000e+02;1.2881511e-01;1.8250000e+02;1.5131785e-01;1.8250000e+02;1.7392430e-01;1.8250000e+02;1.9868082e-01;1.8250000e+02;2.2272110e-01;1.8250000e+02;2.5067830e-01;1.8250000e+02;2.7420700e-01;1.8250000e+02;2.8763592e-01;1.8250000e+02;2.9022652e-01;1.8250000e+02;2.8592041e-01;1.8250000e+02;2.7492264e-01;1.8250000e+02;2.5751576e-01;1.8250000e+02;2.3537517e-01;1.8250000e+02;3.7068509e-02;1.8250000e+02;5.1452287e-02;1.8250000e+02;6.7784697e-02;1.8250000e+02;8.6625278e-02;1.8250000e+02;1.0732527e-01;1.8250000e+02;1.2881511e-01;1.8250000e+02;1.5131785e-01;1.8250000e+02;1.7392430e-01;1.8250000e+02;1.9868082e-01;1.8250000e+02;2.2272110e-01;1.8250000e+02;2.5067830e-01;1.8250000e+02;2.7420700e-01;1.8250000e+02;2.8763592e-01;1.8250000e+02;2.9022652e-01;1.8250000e+02;2.8592041e-01;1.8250000e+02;2.7492264e-01;1.8250000e+02;2.5751576e-01;1.8250000e+02;2.3537517e-01;1.8250000e+02;3.7068509e-02;1.8250000e+02;5.1452287e-02;1.8250000e+02;6.7784697e-02;1.8250000e+02;8.6625278e-02;1.8250000e+02;1.0732527e-01;1.8250000e+02;1.2881511e-01;1.8250000e+02;1.5131785e-01;1.8250000e+02;1.7392430e-01;1.8250000e+02;1.9868082e-01;1.8250000e+02;2.2272110e-01;1.8250000e+02;2.5067830e-01;1.8250000e+02;2.7420700e-01;1.8250000e+02;2.8763592e-01;1.8250000e+02;2.9022652e-01;1.8250000e+02;2.8592041e-01;1.8250000e+02;2.7492264e-01;1.8250000e+02;2.5751576e-01;1.8250000e+02;2.3537517e-01;1.8250000e+02;3.7068509e-02;1.8250000e+02;5.1452287e-02;1.8250000e+02;6.7784697e-02;1.8250000e+02;8.6625278e-02;1.8250000e+02;1.0732527e-01;1.8250000e+02;1.2881511e-01;1.8250000e+02;1.5131785e-01;1.8250000e+02;1.7392430e-01;1.8250000e+02;1.9868082e-01;1.8250000e+02;2.2272110e-01;1.8250000e+02;2.5067830e-01;1.8250000e+02;2.7420700e-01;1.8250000e+02;2.8763592e-01;1.8250000e+02;2.9022652e-01;1.8250000e+02;2.8592041e-01;1.8250000e+02;2.7492264e-01;1.8250000e+02;2.5751576e-01;1.8250000e+02;2.3537517e-01;1.8250000e+02;3.7068509e-02;1.8250000e+02;5.1452287e-02;1.8250000e+02;6.7784697e-02;1.8250000e+02;8.6625278e-02;1.8250000e+02;1.0732527e-01;1.8250000e+02;1.2881511e-01;1.8250000e+02;1.5131785e-01;1.8250000e+02;1.7392430e-01;1.8250000e+02;1.9868082e-01;1.8250000e+02;2.2272110e-01;1.8250000e+02;2.5067830e-01;1.8250000e+02;2.7420700e-01;1.8250000e+02;2.8763592e-01;1.8250000e+02;2.9022652e-01;1.8250000e+02;2.8592041e-01;1.8250000e+02;2.7492264e-01;1.8250000e+02;2.5751576e-01;1.8250000e+02;2.3537517e-01;1.8250000e+02;3.7068509e-02;1.8250000e+02;5.1452287e-02;1.8250000e+02;6.7784697e-02;1.8250000e+02;8.6625278e-02;1.8250000e+02;1.0732527e-01;1.8250000e+02;1.2881511e-01;1.8250000e+02;1.5131785e-01;1.8250000e+02;1.7392430e-01;1.8250000e+02;1.9868082e-01;1.8250000e+02;2.2272110e-01;1.8250000e+02;2.5067830e-01;1.8250000e+02;2.7420700e-01;1.8250000e+02;2.8763592e-01;1.8250000e+02;2.9022652e-01;1.8250000e+02;2.8592041e-01;1.8250000e+02;2.7492264e-01;1.8250000e+02;2.5751576e-01;1.8250000e+02;2.3537517e-01;1.8250000e+02;3.7068509e-02;1.8250000e+02;5.1452287e-02;1.8250000e+02;6.7784697e-02;1.8250000e+02;8.6625278e-02;1.8250000e+02;1.0732527e-01;1.8250000e+02;1.2881511e-01;1.8250000e+02;1.5131785e-01;1.8250000e+02;1.7392430e-01;1.8250000e+02;1.9868082e-01;1.8250000e+02;2.2272110e-01;1.8250000e+02;2.5067830e-01;1.8250000e+02;2.7420700e-01;1.8250000e+02;2.8763592e-01;1.8250000e+02;2.9022652e-01;1.8250000e+02;2.8592041e-01;1.8250000e+02;2.7492264e-01;1.8250000e+02;2.5751576e-01;1.8250000e+02;2.3537517e-01;1.8250000e+02;3.7068509e-02;1.8250000e+02;5.1452287e-02;1.8250000e+02;6.7784697e-02;1.8250000e+02;8.6625278e-02;1.8250000e+02;1.0732527e-01;1.8250000e+02;1.2881511e-01;1.8250000e+02;1.5131785e-01;1.8250000e+02;1.7392430e-01;1.8250000e+02;1.9868082e-01;1.8250000e+02;2.2272110e-01;1.8250000e+02;2.5067830e-01;1.8250000e+02;2.7420700e-01;1.8250000e+02;2.8763592e-01;1.8250000e+02;2.9022652e-01;1.8250000e+02;2.8592041e-01;1.8250000e+02;2.7492264e-01;1.8250000e+02;2.5751576e-01;1.8250000e+02;2.3537517e-01;1.8250000e+02;3.7068509e-02;1.8250000e+02;5.1452287e-02;1.8250000e+02;6.7784697e-02;1.8250000e+02;8.6625278e-02;1.8250000e+02;1.0732527e-01;1.8250000e+02;1.2881511e-01;1.8250000e+02;1.5131785e-01;1.8250000e+02;1.7392430e-01;1.8250000e+02;1.9868082e-01;1.8250000e+02;2.2272110e-01;1.8250000e+02;2.5067830e-01;1.8250000e+02;2.7420700e-01;1.8250000e+02;2.8763592e-01;1.8250000e+02;2.9022652e-01;1.8250000e+02;2.8592041e-01;1.8250000e+02;2.7492264e-01;1.8250000e+02;2.5751576e-01;1.8250000e+02;2.3537517e-01;1.8250000e+02;3.7068509e-02;1.8250000e+02;5.1452287e-02;1.8250000e+02;6.7784697e-02;1.8250000e+02;8.6625278e-02;1.8250000e+02;1.0732527e-01;1.8250000e+02;1.2881511e-01;1.8250000e+02;1.5131785e-01;1.8250000e+02;1.7392430e-01;1.8250000e+02;1.9868082e-01;1.8250000e+02;2.2272110e-01;1.8250000e+02;2.5067830e-01;1.8250000e+02;2.7420700e-01;1.8250000e+02;2.8763592e-01;1.8250000e+02;2.9022652e-01;1.8250000e+02;2.8592041e-01;1.8250000e+02;2.7492264e-01;1.8250000e+02;2.5751576e-01;1.8250000e+02;2.3537517e-01;1.8250000e+02;3.7068509e-02;1.8250000e+02;5.1452287e-02;1.8250000e+02;6.7784697e-02;1.8250000e+02;8.6625278e-02;1.8250000e+02;1.0732527e-01;1.8250000e+02;1.2881511e-01;1.8250000e+02;1.5131785e-01;1.8250000e+02;1.7392430e-01;1.8250000e+02;1.9868082e-01;1.8250000e+02;2.2272110e-01;1.8250000e+02;2.5067830e-01;1.8250000e+02;2.7420700e-01;1.8250000e+02;2.8763592e-01;1.8250000e+02;2.9022652e-01;1.8250000e+02;2.8592041e-01;1.8250000e+02;2.7492264e-01;1.8250000e+02;2.5751576e-01;1.8250000e+02;2.3537517e-01;1.8250000e+02;3.7068509e-02;1.8250000e+02;5.1452287e-02;1.8250000e+02;6.7784697e-02;1.8250000e+02;8.6625278e-02;1.8250000e+02;1.0732527e-01;1.8250000e+02;1.2881511e-01;1.8250000e+02;1.5131785e-01;1.8250000e+02;1.7392430e-01;1.8250000e+02;1.9868082e-01;1.8250000e+02;2.2272110e-01;1.8250000e+02;2.5067830e-01;1.8250000e+02;2.7420700e-01;1.8250000e+02;2.8763592e-01;1.8250000e+02;2.9022652e-01;1.8250000e+02;2.8592041e-01;1.8250000e+02;2.7492264e-01;1.8250000e+02;2.5751576e-01;1.8250000e+02;2.3537517e-01;1.8250000e+02;3.7068509e-02;1.8250000e+02;5.1452287e-02;1.8250000e+02;6.7784697e-02;1.8250000e+02;8.6625278e-02;1.8250000e+02;1.0732527e-01;1.8250000e+02;1.2881511e-01;1.8250000e+02;1.5131785e-01;1.8250000e+02;1.7392430e-01;1.8250000e+02;1.9868082e-01;1.8250000e+02;2.2272110e-01;1.8250000e+02;2.5067830e-01;1.8250000e+02;2.7420700e-01;1.8250000e+02;2.8763592e-01;1.8250000e+02;2.9022652e-01;1.8250000e+02;2.8592041e-01;1.8250000e+02;2.7492264e-01;1.8250000e+02;2.5751576e-01;1.8250000e+02;2.3537517e-01;1.8250000e+02;3.7068509e-02;1.8250000e+02;5.1452287e-02;1.8250000e+02;6.7784697e-02;1.8250000e+02;8.6625278e-02;1.8250000e+02;1.0732527e-01;1.8250000e+02;1.2881511e-01;1.8250000e+02;1.5131785e-01;1.8250000e+02;1.7392430e-01;1.8250000e+02;1.9868082e-01;1.8250000e+02;2.2272110e-01;1.8250000e+02;2.5067830e-01;1.8250000e+02;2.7420700e-01;1.8250000e+02;2.8763592e-01;1.8250000e+02;2.9022652e-01;1.8250000e+02;2.8592041e-01;1.8250000e+02;2.7492264e-01;1.8250000e+02;2.5751576e-01;1.8250000e+02;2.3537517e-01;1.8250000e+02;3.7068509e-02;1.8250000e+02;5.1452287e-02;1.8250000e+02;6.7784697e-02;1.8250000e+02;8.6625278e-02;1.8250000e+02;1.0732527e-01;1.8250000e+02;1.2881511e-01;1.8250000e+02;1.5131785e-01;1.8250000e+02;1.7392430e-01;1.8250000e+02;1.9868082e-01;1.8250000e+02;2.2272110e-01;1.8250000e+02;2.5067830e-01;1.8250000e+02;2.7420700e-01;1.8250000e+02;2.8763592e-01;1.8250000e+02;2.9022652e-01;1.8250000e+02;2.8592041e-01;1.8250000e+02;2.7492264e-01;1.8250000e+02;2.5751576e-01;1.8250000e+02;2.3537517e-01;1.8250000e+02;3.7068509e-02;1.8250000e+02;5.1452287e-02;1.8250000e+02;6.7784697e-02;1.8250000e+02;8.6625278e-02;1.8250000e+02;1.0732527e-01;1.8250000e+02;1.2881511e-01;1.8250000e+02;1.5131785e-01;1.8250000e+02;1.7392430e-01;1.8250000e+02;1.9868082e-01;1.8250000e+02;2.2272110e-01;1.8250000e+02;2.5067830e-01;1.8250000e+02;2.7420700e-01;1.8250000e+02;2.8763592e-01;1.8250000e+02;2.9022652e-01;1.8250000e+02;2.8592041e-01;1.8250000e+02;2.7492264e-01;1.8250000e+02;2.5751576e-01;1.8250000e+02;2.3537517e-01;1.8250000e+02;3.7068509e-02;1.8250000e+02;5.1452287e-02;1.8250000e+02;6.7784697e-02;1.8250000e+02;8.6625278e-02;1.8250000e+02;1.0732527e-01;1.8250000e+02;1.2881511e-01;1.8250000e+02;1.5131785e-01;1.8250000e+02;1.7392430e-01;1.8250000e+02;1.9868082e-01;1.8250000e+02;2.2272110e-01;1.8250000e+02;2.5067830e-01;1.8250000e+02;2.7420700e-01;1.8250000e+02;2.8763592e-01;1.8250000e+02;2.9022652e-01;1.8250000e+02;2.8592041e-01;1.8250000e+02;2.7492264e-01;1.8250000e+02;2.5751576e-01;1.8250000e+02;2.3537517e-01;1.8250000e+02;3.7068509e-02;1.8250000e+02;5.1452287e-02;1.8250000e+02;6.7784697e-02;1.8250000e+02;8.6625278e-02;1.8250000e+02;1.0732527e-01;1.8250000e+02;1.2881511e-01;1.8250000e+02;1.5131785e-01;1.8250000e+02;1.7392430e-01;1.8250000e+02;1.9868082e-01;1.8250000e+02;2.2272110e-01;1.8250000e+02;2.5067830e-01;1.8250000e+02;2.7420700e-01;1.8250000e+02;2.8763592e-01;1.8250000e+02;2.9022652e-01;1.8250000e+02;2.8592041e-01;1.8250000e+02;2.7492264e-01;1.8250000e+02;2.5751576e-01;1.8250000e+02;2.3537517e-01;1.8250000e+02;3.7068509e-02;1.8250000e+02;5.1452287e-02;1.8250000e+02;6.7784697e-02;1.8250000e+02;8.6625278e-02;1.8250000e+02;1.0732527e-01;1.8250000e+02;1.2881511e-01;1.8250000e+02;1.5131785e-01;1.8250000e+02;1.7392430e-01;1.8250000e+02;1.9868082e-01;1.8250000e+02;2.2272110e-01;1.8250000e+02;2.5067830e-01;1.8250000e+02;2.7420700e-01;1.8250000e+02;2.8763592e-01;1.8250000e+02;2.9022652e-01;1.8250000e+02;2.8592041e-01;1.8250000e+02;2.7492264e-01;1.8250000e+02;2.5751576e-01;1.8250000e+02;2.3537517e-01
1.8750000e+02;3.7363041e-02;1.8750000e+02;5.0527848e-02;1.8750000e+02;6.7573823e-02;1.8750000e+02;8.6166844e-02;1.8750000e+02;1.0658984e-01;1.8750000e+02;1.2863424e-01;1.8750000e+02;1.5111500e-01;1.8750000e+02;1.7260906e-01;1.8750000e+02;1.9353387e-01;1.8750000e+02;2.1896744e-01;1.8750000e+02;2.4337740e-01;1.8750000e+02;2.6504537e-01;1.8750000e+02;2.8231886e-01;1.8750000e+02;2.8796512e-01;1.8750000e+02;2.8587037e-01;1.8750000e+02;2.7661645e-01;1.8750000e+02;2.6076707e-01;1.8750000e+02;2.4021049e-01;1.8750000e+02;3.7363041e-02;1.8750000e+02;5.0527848e-02;1.8750000e+02;6.7573823e-02;1.8750000e+02;8.6166844e-02;1.8750000e+02;1.0658984e-01;1.8750000e+02;1.2863424e-01;1.8750000e+02;1.5111500e-01;1.8750000e+02;1.7260906e-01;1.8750000e+02;1.9353387e-01;1.8750000e+02;2.1896744e-01;1.8750000e+02;2.4337740e-01;1.8750000e+02;2.6504537e-01;1.8750000e+02;2.8231886e-01;1.8750000e+02;2.8796512e-01;1.8750000e+02;2.8587037e-01;1.8750000e+02;2.7661645e-01;1.8750000e+02;2.6076707e-01;1.8750000e+02;2.4021049e-01;1.8750000e+02;3.7363041e-02;1.8750000e+02;5.0527848e-02;1.8750000e+02;6.7573823e-02;1.8750000e+02;8.6166844e-02;1.8750000e+02;1.0658984e-01;1.8750000e+02;1.2863424e-01;1.8750000e+02;1.5111500e-01;1.8750000e+02;1.7260906e-01;1.8750000e+02;1.9353387e-01;1.8750000e+02;2.1896744e-01;1.8750000e+02;2.4337740e-01;1.8750000e+02;2.6504537e-01;1.8750000e+02;2.8231886e-01;1.8750000e+02;2.8796512e-01;1.8750000e+02;2.8587037e-01;1.8750000e+02;2.7661645e-01;1.8750000e+02;2.6076707e-01;1.8750000e+02;2.4021049e-01;1.8750000e+02;3.7363041e-02;1.8750000e+02;5.0527848e-02;1.8750000e+02;6.7573823e-02;1.8750000e+02;8.6166844e-02;1.8750000e+02;1.0658984e-01;1.8750000e+02;1.2863424e-01;1.8750000e+02;1.5111500e-01;1.8750000e+02;1.7260906e-01;1.8750000e+02;1.9353387e-01;1.8750000e+02;2.1896744e-01;1.8750000e+02;2.4337740e-01;1.8750000e+02;2.6504537e-01;1.8750000e+02;2.8231886e-01;1.8750000e+02;2.8796512e-01;1.8750000e+02;2.8587037e-01;1.8750000e+02;2.7661645e-01;1.8750000e+02;2.6076707e-01;1.8750000e+02;2.4021049e-01;1.8750000e+02;3.7363041e-02;1.8750000e+02;5.0527848e-02;1.8750000e+02;6.7573823e-02;1.8750000e+02;8.6166844e-02;1.8750000e+02;1.0658984e-01;1.8750000e+02;1.2863424e-01;1.8750000e+02;1.5111500e-01;1.8750000e+02;1.7260906e-01;1.8750000e+02;1.9353387e-01;1.8750000e+02;2.1896744e-01;1.8750000e+02;2.4337740e-01;1.8750000e+02;2.6504537e-01;1.8750000e+02;2.8231886e-01;1.8750000e+02;2.8796512e-01;1.8750000e+02;2.8587037e-01;1.8750000e+02;2.7661645e-01;1.8750000e+02;2.6076707e-01;1.8750000e+02;2.4021049e-01;1.8750000e+02;3.7363041e-02;1.8750000e+02;5.0527848e-02;1.8750000e+02;6.7573823e-02;1.8750000e+02;8.6166844e-02;1.8750000e+02;1.0658984e-01;1.8750000e+02;1.2863424e-01;1.8750000e+02;1.5111500e-01;1.8750000e+02;1.7260906e-01;1.8750000e+02;1.9353387e-01;1.8750000e+02;2.1896744e-01;1.8750000e+02;2.4337740e-01;1.8750000e+02;2.6504537e-01;1.8750000e+02;2.8231886e-01;1.8750000e+02;2.8796512e-01;1.8750000e+02;2.8587037e-01;1.8750000e+02;2.7661645e-01;1.8750000e+02;2.6076707e-01;1.8750000e+02;2.4021049e-01;1.8750000e+02;3.7363041e-02;1.8750000e+02;5.0527848e-02;1.8750000e+02;6.7573823e-02;1.8750000e+02;8.6166844e-02;1.8750000e+02;1.0658984e-01;1.8750000e+02;1.2863424e-01;1.8750000e+02;1.5111500e-01;1.8750000e+02;1.7260906e-01;1.8750000e+02;1.9353387e-01;1.8750000e+02;2.1896744e-01;1.8750000e+02;2.4337740e-01;1.8750000e+02;2.6504537e-01;1.8750000e+02;2.8231886e-01;1.8750000e+02;2.8796512e-01;1.8750000e+02;2.8587037e-01;1.8750000e+02;2.7661645e-01;1.8750000e+02;2.6076707e-01;1.8750000e+02;2.4021049e-01;1.8750000e+02;3.7363041e-02;1.8750000e+02;5.0527848e-02;1.8750000e+02;6.7573823e-02;1.8750000e+02;8.6166844e-02;1.8750000e+02;1.0658984e-01;1.8750000e+02;1.2863424e-01;1.8750000e+02;1.5111500e-01;1.8750000e+02;1.7260906e-01;1.8750000e+02;1.9353387e-01;1.8750000e+02;2.1896744e-01;1.8750000e+02;2.4337740e-01;1.8750000e+02;2.6504537e-01;1.8750000e+02;2.8231886e-01;1.8750000e+02;2.8796512e-01;1.8750000e+02;2.8587037e-01;1.8750000e+02;2.7661645e-01;1.8750000e+02;2.6076707e-01;1.8750000e+02;2.4021049e-01;1.8750000e+02;3.7363041e-02;1.8750000e+02;5.0527848e-02;1.8750000e+02;6.7573823e-02;1.8750000e+02;8.6166844e-02;1.8750000e+02;1.0658984e-01;1.8750000e+02;1.2863424e-01;1.8750000e+02;1.5111500e-01;1.8750000e+02;1.7260906e-01;1.8750000e+02;1.9353387e-01;1.8750000e+02;2.1896744e-01;1.8750000e+02;2.4337740e-01;1.8750000e+02;2.6504537e-01;1.8750000e+02;2.8231886e-01;1.8750000e+02;2.8796512e-01;1.8750000e+02;2.8587037e-01;1.8750000e+02;2.7661645e-01;1.8750000e+02;2.6076707e-01;1.8750000e+02;2.4021049e-01;1.8750000e+02;3.7363041e-02;1.8750000e+02;5.0527848e-02;1.8750000e+02;6.7573823e-02;1.8750000e+02;8.6166844e-02;1.8750000e+02;1.0658984e-01;1.8750000e+02;1.2863424e-01;1.8750000e+02;1.5111500e-01;1.8750000e+02;1.7260906e-01;1.8750000e+02;1.9353387e-01;1.8750000e+02;2.1896744e-01;1.8750000e+02;2.4337740e-01;1.8750000e+02;2.6504537e-01;1.8750000e+02;2.8231886e-01;1.8750000e+02;2.8796512e-01;1.8750000e+02;2.8587037e-01;1.8750000e+02;2.7661645e-01;1.8750000e+02;2.6076707e-01;1.8750000e+02;2.4021049e-01;1.8750000e+02;3.7363041e-02;1.8750000e+02;5.0527848e-02;1.8750000e+02;6.7573823e-02;1.8750000e+02;8.6166844e-02;1.8750000e+02;1.0658984e-01;1.8750000e+02;1.2863424e-01;1.8750000e+02;1.5111500e-01;1.8750000e+02;1.7260906e-01;1.8750000e+02;1.9353387e-01;1.8750000e+02;2.1896744e-01;1.8750000e+02;2.4337740e-01;1.8750000e+02;2.6504537e-01;1.8750000e+02;2.8231886e-01;1.8750000e+02;2.8796512e-01;1.8750000e+02;2.8587037e-01;1.8750000e+02;2.7661645e-01;1.8750000e+02;2.6076707e-01;1.8750000e+02;2.4021049e-01;1.8750000e+02;3.7363041e-02;1.8750000e+02;5.0527848e-02;1.8750000e+02;6.7573823e-02;1.8750000e+02;8.6166844e-02;1.8750000e+02;1.0658984e-01;1.8750000e+02;1.2863424e-01;1.8750000e+02;1.5111500e-01;1.8750000e+02;1.7260906e-01;1.8750000e+02;1.9353387e-01;1.8750000e+02;2.1896744e-01;1.8750000e+02;2.4337740e-01;1.8750000e+02;2.6504537e-01;1.8750000e+02;2.8231886e-01;1.8750000e+02;2.8796512e-01;1.8750000e+02;2.8587037e-01;1.8750000e+02;2.7661645e-01;1.8750000e+02;2.6076707e-01;1.8750000e+02;2.4021049e-01;1.8750000e+02;3.7363041e-02;1.8750000e+02;5.0527848e-02;1.8750000e+02;6.7573823e-02;1.8750000e+02;8.6166844e-02;1.8750000e+02;1.0658984e-01;1.8750000e+02;1.2863424e-01;1.8750000e+02;1.5111500e-01;1.8750000e+02;1.7260906e-01;1.8750000e+02;1.9353387e-01;1.8750000e+02;2.1896744e-01;1.8750000e+02;2.4337740e-01;1.8750000e+02;2.6504537e-01;1.8750000e+02;2.8231886e-01;1.8750000e+02;2.8796512e-01;1.8750000e+02;2.8587037e-01;1.8750000e+02;2.7661645e-01;1.8750000e+02;2.6076707e-01;1.8750000e+02;2.4021049e-01;1.8750000e+02;3.7363041e-02;1.8750000e+02;5.0527848e-02;1.8750000e+02;6.7573823e-02;1.8750000e+02;8.6166844e-02;1.8750000e+02;1.0658984e-01;1.8750000e+02;1.2863424e-01;1.8750000e+02;1.5111500e-01;1.8750000e+02;1.7260906e-01;1.8750000e+02;1.9353387e-01;1.8750000e+02;2.1896744e-01;1.8750000e+02;2.4337740e-01;1.8750000e+02;2.6504537e-01;1.8750000e+02;2.8231886e-01;1.8750000e+02;2.8796512e-01;1.8750000e+02;2.8587037e-01;1.8750000e+02;2.7661645e-01;1.8750000e+02;2.6076707e-01;1.8750000e+02;2.4021049e-01;1.8750000e+02;3.7363041e-02;1.8750000e+02;5.0527848e-02;1.8750000e+02;6.7573823e-02;1.8750000e+02;8.6166844e-02;1.8750000e+02;1.0658984e-01;1.8750000e+02;1.2863424e-01;1.8750000e+02;1.5111500e-01;1.8750000e+02;1.7260906e-01;1.8750000e+02;1.9353387e-01;1.8750000e+02;2.1896744e-01;1.8750000e+02;2.4337740e-01;1.8750000e+02;2.6504537e-01;1.8750000e+02;2.8231886e-01;1.8750000e+02;2.8796512e-01;1.8750000e+02;2.8587037e-01;1.8750000e+02;2.7661645e-01;1.8750000e+02;2.6076707e-01;1.8750000e+02;2.4021049e-01;1.8750000e+02;3.7363041e-02;1.8750000e+02;5.0527848e-02;1.8750000e+02;6.7573823e-02;1.8750000e+02;8.6166844e-02;1.8750000e+02;1.0658984e-01;1.8750000e+02;1.2863424e-01;1.8750000e+02;1.5111500e-01;1.8750000e+02;1.7260906e-01;1.8750000e+02;1.9353387e-01;1.8750000e+02;2.1896744e-01;1.8750000e+02;2.4337740e-01;1.8750000e+02;2.6504537e-01;1.8750000e+02;2.8231886e-01;1.8750000e+02;2.8796512e-01;1.8750000e+02;2.8587037e-01;1.8750000e+02;2.7661645e-01;1.8750000e+02;2.6076707e-01;1.8750000e+02;2.4021049e-01;1.8750000e+02;3.7363041e-02;1.8750000e+02;5.0527848e-02;1.8750000e+02;6.7573823e-02;1.8750000e+02;8.6166844e-02;1.8750000e+02;1.0658984e-01;1.8750000e+02;1.2863424e-01;1.8750000e+02;1.5111500e-01;1.8750000e+02;1.7260906e-01;1.8750000e+02;1.9353387e-01;1.8750000e+02;2.1896744e-01;1.8750000e+02;2.4337740e-01;1.8750000e+02;2.6504537e-01;1.8750000e+02;2.8231886e-01;1.8750000e+02;2.8796512e-01;1.8750000e+02;2.8587037e-01;1.8750000e+02;2.7661645e-01;1.8750000e+02;2.6076707e-01;1.8750000e+02;2.4021049e-01;1.8750000e+02;3.7363041e-02;1.8750000e+02;5.0527848e-02;1.8750000e+02;6.7573823e-02;1.8750000e+02;8.6166844e-02;1.8750000e+02;1.0658984e-01;1.8750000e+02;1.2863424e-01;1.8750000e+02;1.5111500e-01;1.8750000e+02;1.7260906e-01;1.8750000e+02;1.9353387e-01;1.8750000e+02;2.1896744e-01;1.8750000e+02;2.4337740e-01;1.8750000e+02;2.6504537e-01;1.8750000e+02;2.8231886e-01;1.8750000e+02;2.8796512e-01;1.8750000e+02;2.8587037e-01;1.8750000e+02;2.7661645e-01;1.8750000e+02;2.6076707e-01;1.8750000e+02;2.4021049e-01;1.8750000e+02;3.7363041e-02;1.8750000e+02;5.0527848e-02;1.8750000e+02;6.7573823e-02;1.8750000e+02;8.6166844e-02;1.8750000e+02;1.0658984e-01;1.8750000e+02;1.2863424e-01;1.8750000e+02;1.5111500e-01;1.8750000e+02;1.7260906e-01;1.8750000e+02;1.9353387e-01;1.8750000e+02;2.1896744e-01;1.8750000e+02;2.4337740e-01;1.8750000e+02;2.6504537e-01;1.8750000e+02;2.8231886e-01;1.8750000e+02;2.8796512e-01;1.8750000e+02;2.8587037e-01;1.8750000e+02;2.7661645e-01;1.8750000e+02;2.6076707e-01;1.8750000e+02;2.4021049e-01;1.8750000e+02;3.7363041e-02;1.8750000e+02;5.0527848e-02;1.8750000e+02;6.7573823e-02;1.8750000e+02;8.6166844e-02;1.8750000e+02;1.0658984e-01;1.8750000e+02;1.2863424e-01;1.8750000e+02;1.5111500e-01;1.8750000e+02;1.7260906e-01;1.8750000e+02;1.9353387e-01;1.8750000e+02;2.1896744e-01;1.8750000e+02;2.4337740e-01;1.8750000e+02;2.6504537e-01;1.8750000e+02;2.8231886e-01;1.8750000e+02;2.8796512e-01;1.8750000e+02;2.8587037e-01;1.8750000e+02;2.7661645e-01;1.8750000e+02;2.6076707e-01;1.8750000e+02;2.4021049e-01;1.8750000e+02;3.7363041e-02;1.8750000e+02;5.0527848e-02;1.8750000e+02;6.7573823e-02;1.8750000e+02;8.6166844e-02;1.8750000e+02;1.0658984e-01;1.8750000e+02;1.2863424e-01;1.8750000e+02;1.5111500e-01;1.8750000e+02;1.7260906e-01;1.8750000e+02;1.9353387e-01;1.8750000e+02;2.1896744e-01;1.8750000e+02;2.4337740e-01;1.8750000e+02;2.6504537e-01;1.8750000e+02;2.8231886e-01;1.8750000e+02;2.8796512e-01;1.8750000e+02;2.8587037e-01;1.8750000e+02;2.7661645e-01;1.8750000e+02;2.6076707e-01;1.8750000e+02;2.4021049e-01;1.8750000e+02;3.7363041e-02;1.8750000e+02;5.0527848e-02;1.8750000e+02;6.7573823e-02;1.8750000e+02;8.6166844e-02;1.8750000e+02;1.0658984e-01;1.8750000e+02;1.2863424e-01;1.8750000e+02;1.5111500e-01;1.8750000e+02;1.7260906e-01;1.8750000e+02;1.9353387e-01;1.8750000e+02;2.1896744e-01;1.8750000e+02;2.4337740e-01;1.8750000e+02;2.6504537e-01;1.8750000e+02;2.8231886e-01;1.8750000e+02;2.8796512e-01;1.8750000e+02;2.8587037e-01;1.8750000e+02;2.7661645e-01;1.8750000e+02;2.6076707e-01;1.8750000e+02;2.4021049e-01;1.8750000e+02;3.7363041e-02;1.8750000e+02;5.0527848e-02;1.8750000e+02;6.7573823e-02;1.8750000e+02;8.6166844e-02;1.8750000e+02;1.0658984e-01;1.8750000e+02;1.2863424e-01;1.8750000e+02;1.5111500e-01;1.8750000e+02;1.7260906e-01;1.8750000e+02;1.9353387e-01;1.8750000e+02;2.1896744e-01;1.8750000e+02;2.4337740e-01;1.8750000e+02;2.6504537e-01;1.8750000e+02;2.8231886e-01;1.8750000e+02;2.8796512e-01;1.8750000e+02;2.8587037e-01;1.8750000e+02;2.7661645e-01;1.8750000e+02;2.6076707e-01;1.8750000e+02;2.4021049e-01;1.8750000e+02;3.7363041e-02;1.8750000e+02;5.0527848e-02;1.8750000e+02;6.7573823e-02;1.8750000e+02;8.6166844e-02;1.8750000e+02;1.0658984e-01;1.8750000e+02;1.2863424e-01;1.8750000e+02;1.5111500e-01;1.8750000e+02;1.7260906e-01;1.8750000e+02;1.9353387e-01;1.8750000e+02;2.1896744e-01;1.8750000e+02;2.4337740e-01;1.8750000e+02;2.6504537e-01;1.8750000e+02;2.8231886e-01;1.8750000e+02;2.8796512e-01;1.8750000e+02;2.8587037e-01;1.8750000e+02;2.7661645e-01;1.8750000e+02;2.6076707e-01;1.8750000e+02;2.4021049e-01;1.8750000e+02;3.7363041e-02;1.8750000e+02;5.0527848e-02;1.8750000e+02;6.7573823e-02;1.8750000e+02;8.6166844e-02;1.8750000e+02;1.0658984e-01;1.8750000e+02;1.2863424e-01;1.8750000e+02;1.5111500e-01;1.8750000e+02;1.7260906e-01;1.8750000e+02;1.9353387e-01;1.8750000e+02;2.1896744e-01;1.8750000e+02;2.4337740e-01;1.8750000e+02;2.6504537e-01;1.8750000e+02;2.8231886e-01;1.8750000e+02;2.8796512e-01;1.8750000e+02;2.8587037e-01;1.8750000e+02;2.7661645e-01;1.8750000e+02;2.6076707e-01;1.8750000e+02;2.4021049e-01;1.8750000e+02;3.7363041e-02;1.8750000e+02;5.0527848e-02;1.8750000e+02;6.7573823e-02;1.8750000e+02;8.6166844e-02;1.8750000e+02;1.0658984e-01;1.8750000e+02;1.2863424e-01;1.8750000e+02;1.5111500e-01;1.8750000e+02;1.7260906e-01;1.8750000e+02;1.9353387e-01;1.8750000e+02;2.1896744e-01;1.8750000e+02;2.4337740e-01;1.8750000e+02;2.6504537e-01;1.8750000e+02;2.8231886e-01;1.8750000e+02;2.8796512e-01;1.8750000e+02;2.8587037e-01;1.8750000e+02;2.7661645e-01;1.8750000e+02;2.6076707e-01;1.8750000e+02;2.4021049e-01;1.8750000e+02;3.7363041e-02;1.8750000e+02;5.0527848e-02;1.8750000e+02;6.7573823e-02;1.8750000e+02;8.6166844e-02;1.8750000e+02;1.0658984e-01;1.8750000e+02;1.2863424e-01;1.8750000e+02;1.5111500e-01;1.8750000e+02;1.7260906e-01;1.8750000e+02;1.9353387e-01;1.8750000e+02;2.1896744e-01;1.8750000e+02;2.4337740e-01;1.8750000e+02;2.6504537e-01;1.8750000e+02;2.8231886e-01;1.8750000e+02;2.8796512e-01;1.8750000e+02;2.8587037e-01;1.8750000e+02;2.7661645e-01;1.8750000e+02;2.6076707e-01;1.8750000e+02;2.4021049e-01;1.8750000e+02;3.7363041e-02;1.8750000e+02;5.0527848e-02;1.8750000e+02;6.7573823e-02;1.8750000e+02;8.6166844e-02;1.8750000e+02;1.0658984e-01;1.8750000e+02;1.2863424e-01;1.8750000e+02;1.5111500e-01;1.8750000e+02;1.7260906e-01;1.8750000e+02;1.9353387e-01;1.8750000e+02;2.1896744e-01;1.8750000e+02;2.4337740e-01;1.8750000e+02;2.6504537e-01;1.8750000e+02;2.8231886e-01;1.8750000e+02;2.8796512e-01;1.8750000e+02;2.8587037e-01;1.8750000e+02;2.7661645e-01;1.8750000e+02;2.6076707e-01;1.8750000e+02;2.4021049e-01;1.8750000e+02;3.7363041e-02;1.8750000e+02;5.0527848e-02;1.8750000e+02;6.7573823e-02;1.8750000e+02;8.6166844e-02;1.8750000e+02;1.0658984e-01;1.8750000e+02;1.2863424e-01;1.8750000e+02;1.5111500e-01;1.8750000e+02;1.7260906e-01;1.8750000e+02;1.9353387e-01;1.8750000e+02;2.1896744e-01;1.8750000e+02;2.4337740e-01;1.8750000e+02;2.6504537e-01;1.8750000e+02;2.8231886e-01;1.8750000e+02;2.8796512e-01;1.8750000e+02;2.8587037e-01;1.8750000e+02;2.7661645e-01;1.8750000e+02;2.6076707e-01;1.8750000e+02;2.4021049e-01;1.8750000e+02;3.7363041e-02;1.8750000e+02;5.0527848e-02;1.8750000e+02;6.7573823e-02;1.8750000e+02;8.6166844e-02;1.8750000e+02;1.0658984e-01;1.8750000e+02;1.2863424e-01;1.8750000e+02;1.5111500e-01;1.8750000e+02;1.7260906e-01;1.8750000e+02;1.9353387e-01;1.8750000e+02;2.1896744e-01;1.8750000e+02;2.4337740e-01;1.8750000e+02;2.6504537e-01;1.8750000e+02;2.8231886e-01;1.8750000e+02;2.8796512e-01;1.8750000e+02;2.8587037e-01;1.8750000e+02;2.7661645e-01;1.8750000e+02;2.6076707e-01;1.8750000e+02;2.4021049e-01;1.8750000e+02;3.7363041e-02;1.8750000e+02;5.0527848e-02;1.8750000e+02;6.7573823e-02;1.8750000e+02;8.6166844e-02;1.8750000e+02;1.0658984e-01;1.8750000e+02;1.2863424e-01;1.8750000e+02;1.5111500e-01;1.8750000e+02;1.7260906e-01;1.8750000e+02;1.9353387e-01;1.8750000e+02;2.1896744e-01;1.8750000e+02;2.4337740e-01;1.8750000e+02;2.6504537e-01;1.8750000e+02;2.8231886e-01;1.8750000e+02;2.8796512e-01;1.8750000e+02;2.8587037e-01;1.8750000e+02;2.7661645e-01;1.8750000e+02;2.6076707e-01;1.8750000e+02;2.4021049e-01;1.8750000e+02;3.7363041e-02;1.8750000e+02;5.0527848e-02;1.8750000e+02;6.7573823e-02;1.8750000e+02;8.6166844e-02;1.8750000e+02;1.0658984e-01;1.8750000e+02;1.2863424e-01;1.8750000e+02;1.5111500e-01;1.8750000e+02;1.7260906e-01;1.8750000e+02;1.9353387e-01;1.8750000e+02;2.1896744e-01;1.8750000e+02;2.4337740e-01;1.8750000e+02;2.6504537e-01;1.8750000e+02;2.8231886e-01;1.8750000e+02;2.8796512e-01;1.8750000e+02;2.8587037e-01;1.8750000e+02;2.7661645e-01;1.8750000e+02;2.6076707e-01;1.8750000e+02;2.4021049e-01;1.8750000e+02;3.7363041e-02;1.8750000e+02;5.0527848e-02;1.8750000e+02;6.7573823e-02;1.8750000e+02;8.6166844e-02;1.8750000e+02;1.0658984e-01;1.8750000e+02;1.2863424e-01;1.8750000e+02;1.5111500e-01;1.8750000e+02;1.7260906e-01;1.8750000e+02;1.9353387e-01;1.8750000e+02;2.1896744e-01;1.8750000e+02;2.4337740e-01;1.8750000e+02;2.6504537e-01;1.8750000e+02;2.8231886e-01;1.8750000e+02;2.8796512e-01;1.8750000e+02;2.8587037e-01;1.8750000e+02;2.7661645e-01;1.8750000e+02;2.6076707e-01;1.8750000e+02;2.4021049e-01;1.8750000e+02;3.7363041e-02;1.8750000e+02;5.0527848e-02;1.8750000e+02;6.7573823e-02;1.8750000e+02;8.6166844e-02;1.8750000e+02;1.0658984e-01;1.8750000e+02;1.2863424e-01;1.8750000e+02;1.5111500e-01;1.8750000e+02;1.7260906e-01;1.8750000e+02;1.9353387e-01;1.8750000e+02;2.1896744e-01;1.8750000e+02;2.4337740e-01;1.8750000e+02;2.6504537e-01;1.8750000e+02;2.8231886e-01;1.8750000e+02;2.8796512e-01;1.8750000e+02;2.8587037e-01;1.8750000e+02;2.7661645e-01;1.8750000e+02;2.6076707e-01;1.8750000e+02;2.4021049e-01;1.8750000e+02;3.7363041e-02;1.8750000e+02;5.0527848e-02;1.8750000e+02;6.7573823e-02;1.8750000e+02;8.6166844e-02;1.8750000e+02;1.0658984e-01;1.8750000e+02;1.2863424e-01;1.8750000e+02;1.5111500e-01;1.8750000e+02;1.7260906e-01;1.8750000e+02;1.9353387e-01;1.8750000e+02;2.1896744e-01;1.8750000e+02;2.4337740e-01;1.8750000e+02;2.6504537e-01;1.8750000e+02;2.8231886e-01;1.8750000e+02;2.8796512e-01;1.8750000e+02;2.8587037e-01;1.8750000e+02;2.7661645e-01;1.8750000e+02;2.6076707e-01;1.8750000e+02;2.4021049e-01;1.8750000e+02;3.7363041e-02;1.8750000e+02;5.0527848e-02;1.8750000e+02;6.7573823e-02;1.8750000e+02;8.6166844e-02;1.8750000e+02;1.0658984e-01;1.8750000e+02;1.2863424e-01;1.8750000e+02;1.5111500e-01;1.8750000e+02;1.7260906e-01;1.8750000e+02;1.9353387e-01;1.8750000e+02;2.1896744e-01;1.8750000e+02;2.4337740e-01;1.8750000e+02;2.6504537e-01;1.8750000e+02;2.8231886e-01;1.8750000e+02;2.8796512e-01;1.8750000e+02;2.8587037e-01;1.8750000e+02;2.7661645e-01;1.8750000e+02;2.6076707e-01;1.8750000e+02;2.4021049e-01;1.8750000e+02;3.7363041e-02;1.8750000e+02;5.0527848e-02;1.8750000e+02;6.7573823e-02;1.8750000e+02;8.6166844e-02;1.8750000e+02;1.0658984e-01;1.8750000e+02;1.2863424e-01;1.8750000e+02;1.5111500e-01;1.8750000e+02;1.7260906e-01;1.8750000e+02;1.9353387e-01;1.8750000e+02;2.1896744e-01;1.8750000e+02;2.4337740e-01;1.8750000e+02;2.6504537e-01;1.8750000e+02;2.8231886e-01;1.8750000e+02;2.8796512e-01;1.8750000e+02;2.8587037e-01;1.8750000e+02;2.7661645e-01;1.8750000e+02;2.6076707e-01;1.8750000e+02;2.4021049e-01;1.8750000e+02;3.7363041e-02;1.8750000e+02;5.0527848e-02;1.8750000e+02;6.7573823e-02;1.8750000e+02;8.6166844e-02;1.8750000e+02;1.0658984e-01;1.8750000e+02;1.2863424e-01;1.8750000e+02;1.5111500e-01;1.8750000e+02;1.7260906e-01;1.8750000e+02;1.9353387e-01;1.8750000e+02;2.1896744e-01;1.8750000e+02;2.4337740e-01;1.8750000e+02;2.6504537e-01;1.8750000e+02;2.8231886e-01;1.8750000e+02;2.8796512e-01;1.8750000e+02;2.8587037e-01;1.8750000e+02;2.7661645e-01;1.8750000e+02;2.6076707e-01;1.8750000e+02;2.4021049e-01;1.8750000e+02;3.7363041e-02;1.8750000e+02;5.0527848e-02;1.8750000e+02;6.7573823e-02;1.8750000e+02;8.6166844e-02;1.8750000e+02;1.0658984e-01;1.8750000e+02;1.2863424e-01;1.8750000e+02;1.5111500e-01;1.8750000e+02;1.7260906e-01;1.8750000e+02;1.9353387e-01;1.8750000e+02;2.1896744e-01;1.8750000e+02;2.4337740e-01;1.8750000e+02;2.6504537e-01;1.8750000e+02;2.8231886e-01;1.8750000e+02;2.8796512e-01;1.8750000e+02;2.8587037e-01;1.8750000e+02;2.7661645e-01;1.8750000e+02;2.6076707e-01;1.8750000e+02;2.4021049e-01;1.8750000e+02;3.7363041e-02;1.8750000e+02;5.0527848e-02;1.8750000e+02;6.7573823e-02;1.8750000e+02;8.6166844e-02;1.8750000e+02;1.0658984e-01;1.8750000e+02;1.2863424e-01;1.8750000e+02;1.5111500e-01;1.8750000e+02;1.7260906e-01;1.8750000e+02;1.9353387e-01;1.8750000e+02;2.1896744e-01;1.8750000e+02;2.4337740e-01;1.8750000e+02;2.6504537e-01;1.8750000e+02;2.8231886e-01;1.8750000e+02;2.8796512e-01;1.8750000e+02;2.8587037e-01;1.8750000e+02;2.7661645e-01;1.8750000e+02;2.6076707e-01;1.8750000e+02;2.4021049e-01;1.8750000e+02;3.7363041e-02;1.8750000e+02;5.0527848e-02;1.8750000e+02;6.7573823e-02;1.8750000e+02;8.6166844e-02;1.8750000e+02;1.0658984e-01;1.8750000e+02;1.2863424e-01;1.8750000e+02;1.5111500e-01;1.8750000e+02;1.7260906e-01;1.8750000e+02;1.9353387e-01;1.8750000e+02;2.1896744e-01;1.8750000e+02;2.4337740e-01;1.8750000e+02;2.6504537e-01;1.8750000e+02;2.8231886e-01;1.8750000e+02;2.8796512e-01;1.8750000e+02;2.8587037e-01;1.8750000e+02;2.7661645e-01;1.8750000e+02;2.6076707e-01;1.8750000e+02;2.4021049e-01;1.8750000e+02;3.7363041e-02;1.8750000e+02;5.0527848e-02;1.8750000e+02;6.7573823e-02;1.8750000e+02;8.6166844e-02;1.8750000e+02;1.0658984e-01;1.8750000e+02;1.2863424e-01;1.8750000e+02;1.5111500e-01;1.8750000e+02;1.7260906e-01;1.8750000e+02;1.9353387e-01;1.8750000e+02;2.1896744e-01;1.8750000e+02;2.4337740e-01;1.8750000e+02;2.6504537e-01;1.8750000e+02;2.8231886e-01;1.8750000e+02;2.8796512e-01;1.8750000e+02;2.8587037e-01;1.8750000e+02;2.7661645e-01;1.8750000e+02;2.6076707e-01;1.8750000e+02;2.4021049e-01;1.8750000e+02;3.7363041e-02;1.8750000e+02;5.0527848e-02;1.8750000e+02;6.7573823e-02;1.8750000e+02;8.6166844e-02;1.8750000e+02;1.0658984e-01;1.8750000e+02;1.2863424e-01;1.8750000e+02;1.5111500e-01;1.8750000e+02;1.7260906e-01;1.8750000e+02;1.9353387e-01;1.8750000e+02;2.1896744e-01;1.8750000e+02;2.4337740e-01;1.8750000e+02;2.6504537e-01;1.8750000e+02;2.8231886e-01;1.8750000e+02;2.8796512e-01;1.8750000e+02;2.8587037e-01;1.8750000e+02;2.7661645e-01;1.8750000e+02;2.6076707e-01;1.8750000e+02;2.4021049e-01;1.8750000e+02;3.7363041e-02;1.8750000e+02;5.0527848e-02;1.8750000e+02;6.7573823e-02;1.8750000e+02;8.6166844e-02;1.8750000e+02;1.0658984e-01;1.8750000e+02;1.2863424e-01;1.8750000e+02;1.5111500e-01;1.8750000e+02;1.7260906e-01;1.8750000e+02;1.9353387e-01;1.8750000e+02;2.1896744e-01;1.8750000e+02;2.4337740e-01;1.8750000e+02;2.6504537e-01;1.8750000e+02;2.8231886e-01;1.8750000e+02;2.8796512e-01;1.8750000e+02;2.8587037e-01;1.8750000e+02;2.7661645e-01;1.8750000e+02;2.6076707e-01;1.8750000e+02;2.4021049e-01;1.8750000e+02;3.7363041e-02;1.8750000e+02;5.0527848e-02;1.8750000e+02;6.7573823e-02;1.8750000e+02;8.6166844e-02;1.8750000e+02;1.0658984e-01;1.8750000e+02;1.2863424e-01;1.8750000e+02;1.5111500e-01;1.8750000e+02;1.7260906e-01;1.8750000e+02;1.9353387e-01;1.8750000e+02;2.1896744e-01;1.8750000e+02;2.4337740e-01;1.8750000e+02;2.6504537e-01;1.8750000e+02;2.8231886e-01;1.8750000e+02;2.8796512e-01;1.8750000e+02;2.8587037e-01;1.8750000e+02;2.7661645e-01;1.8750000e+02;2.6076707e-01;1.8750000e+02;2.4021049e-01;1.8750000e+02;3.7363041e-02;1.8750000e+02;5.0527848e-02;1.8750000e+02;6.7573823e-02;1.8750000e+02;8.6166844e-02;1.8750000e+02;1.0658984e-01;1.8750000e+02;1.2863424e-01;1.8750000e+02;1.5111500e-01;1.8750000e+02;1.7260906e-01;1.8750000e+02;1.9353387e-01;1.8750000e+02;2.1896744e-01;1.8750000e+02;2.4337740e-01;1.8750000e+02;2.6504537e-01;1.8750000e+02;2.8231886e-01;1.8750000e+02;2.8796512e-01;1.8750000e+02;2.8587037e-01;1.8750000e+02;2.7661645e-01;1.8750000e+02;2.6076707e-01;1.8750000e+02;2.4021049e-01;1.8750000e+02;3.7363041e-02;1.8750000e+02;5.0527848e-02;1.8750000e+02;6.7573823e-02;1.8750000e+02;8.6166844e-02;1.8750000e+02;1.0658984e-01;1.8750000e+02;1.2863424e-01;1.8750000e+02;1.5111500e-01;1.8750000e+02;1.7260906e-01;1.8750000e+02;1.9353387e-01;1.8750000e+02;2.1896744e-01;1.8750000e+02;2.4337740e-01;1.8750000e+02;2.6504537e-01;1.8750000e+02;2.8231886e-01;1.8750000e+02;2.8796512e-01;1.8750000e+02;2.8587037e-01;1.8750000e+02;2.7661645e-01;1.8750000e+02;2.6076707e-01;1.8750000e+02;2.4021049e-01;1.8750000e+02;3.7363041e-02;1.8750000e+02;5.0527848e-02;1.8750000e+02;6.7573823e-02;1.8750000e+02;8.6166844e-02;1.8750000e+02;1.0658984e-01;1.8750000e+02;1.2863424e-01;1.8750000e+02;1.5111500e-01;1.8750000e+02;1.7260906e-01;1.8750000e+02;1.9353387e-01;1.8750000e+02;2.1896744e-01;1.8750000e+02;2.4337740e-01;1.8750000e+02;2.6504537e-01;1.8750000e+02;2.8231886e-01;1.8750000e+02;2.8796512e-01;1.8750000e+02;2.8587037e-01;1.8750000e+02;2.7661645e-01;1.8750000e+02;2.6076707e-01;1.8750000e+02;2.4021049e-01;1.8750000e+02;3.7363041e-02;1.8750000e+02;5.0527848e-02;1.8750000e+02;6.7573823e-02;1.8750000e+02;8.6166844e-02;1.8750000e+02;1.0658984e-01;1.8750000e+02;1.2863424e-01;1.8750000e+02;1.5111500e-01;1.8750000e+02;1.7260906e-01;1.8750000e+02;1.9353387e-01;1.8750000e+02;2.1896744e-01;1.8750000e+02;2.4337740e-01;1.8750000e+02;2.6504537e-01;1.8750000e+02;2.8231886e-01;1.8750000e+02;2.8796512e-01;1.8750000e+02;2.8587037e-01;1.8750000e+02;2.7661645e-01;1.8750000e+02;2.6076707e-01;1.8750000e+02;2.4021049e-01;1.8750000e+02;3.7363041e-02;1.8750000e+02;5.0527848e-02;1.8750000e+02;6.7573823e-02;1.8750000e+02;8.6166844e-02;1.8750000e+02;1.0658984e-01;1.8750000e+02;1.2863424e-01;1.8750000e+02;1.5111500e-01;1.8750000e+02;1.7260906e-01;1.8750000e+02;1.9353387e-01;1.8750000e+02;2.1896744e-01;1.8750000e+02;2.4337740e-01;1.8750000e+02;2.6504537e-01;1.8750000e+02;2.8231886e-01;1.8750000e+02;2.8796512e-01;1.8750000e+02;2.8587037e-01;1.8750000e+02;2.7661645e-01;1.8750000e+02;2.6076707e-01;1.8750000e+02;2.4021049e-01;1.8750000e+02;3.7363041e-02;1.8750000e+02;5.0527848e-02;1.8750000e+02;6.7573823e-02;1.8750000e+02;8.6166844e-02;1.8750000e+02;1.0658984e-01;1.8750000e+02;1.2863424e-01;1.8750000e+02;1.5111500e-01;1.8750000e+02;1.7260906e-01;1.8750000e+02;1.9353387e-01;1.8750000e+02;2.1896744e-01;1.8750000e+02;2.4337740e-01;1.8750000e+02;2.6504537e-01;1.8750000e+02;2.8231886e-01;1.8750000e+02;2.8796512e-01;1.8750000e+02;2.8587037e-01;1.8750000e+02;2.7661645e-01;1.8750000e+02;2.6076707e-01;1.8750000e+02;2.4021049e-01;1.8750000e+02;3.7363041e-02;1.8750000e+02;5.0527848e-02;1.8750000e+02;6.7573823e-02;1.8750000e+02;8.6166844e-02;1.8750000e+02;1.0658984e-01;1.8750000e+02;1.2863424e-01;1.8750000e+02;1.5111500e-01;1.8750000e+02;1.7260906e-01;1.8750000e+02;1.9353387e-01;1.8750000e+02;2.1896744e-01;1.8750000e+02;2.4337740e-01;1.8750000e+02;2.6504537e-01;1.8750000e+02;2.8231886e-01;1.8750000e+02;2.8796512e-01;1.8750000e+02;2.8587037e-01;1.8750000e+02;2.7661645e-01;1.8750000e+02;2.6076707e-01;1.8750000e+02;2.4021049e-01;1.8750000e+02;3.7363041e-02;1.8750000e+02;5.0527848e-02;1.8750000e+02;6.7573823e-02;1.8750000e+02;8.6166844e-02;1.8750000e+02;1.0658984e-01;1.8750000e+02;1.2863424e-01;1.8750000e+02;1.5111500e-01;1.8750000e+02;1.7260906e-01;1.8750000e+02;1.9353387e-01;1.8750000e+02;2.1896744e-01;1.8750000e+02;2.4337740e-01;1.8750000e+02;2.6504537e-01;1.8750000e+02;2.8231886e-01;1.8750000e+02;2.8796512e-01;1.8750000e+02;2.8587037e-01;1.8750000e+02;2.7661645e-01;1.8750000e+02;2.6076707e-01;1.8750000e+02;2.4021049e-01;1.8750000e+02;3.7363041e-02;1.8750000e+02;5.0527848e-02;1.8750000e+02;6.7573823e-02;1.8750000e+02;8.6166844e-02;1.8750000e+02;1.0658984e-01;1.8750000e+02;1.2863424e-01;1.8750000e+02;1.5111500e-01;1.8750000e+02;1.7260906e-01;1.8750000e+02;1.9353387e-01;1.8750000e+02;2.1896744e-01;1.8750000e+02;2.4337740e-01;1.8750000e+02;2.6504537e-01;1.8750000e+02;2.8231886e-01;1.8750000e+02;2.8796512e-01;1.8750000e+02;2.8587037e-01;1.8750000e+02;2.7661645e-01;1.8750000e+02;2.6076707e-01;1.8750000e+02;2.4021049e-01;1.8750000e+02;3.7363041e-02;1.8750000e+02;5.0527848e-02;1.8750000e+02;6.7573823e-02;1.8750000e+02;8.6166844e-02;1.8750000e+02;1.0658984e-01;1.8750000e+02;1.2863424e-01;1.8750000e+02;1.5111500e-01;1.8750000e+02;1.7260906e-01;1.8750000e+02;1.9353387e-01;1.8750000e+02;2.1896744e-01;1.8750000e+02;2.4337740e-01;1.8750000e+02;2.6504537e-01;1.8750000e+02;2.8231886e-01;1.8750000e+02;2.8796512e-01;1.8750000e+02;2.8587037e-01;1.8750000e+02;2.7661645e-01;1.8750000e+02;2.6076707e-01;1.8750000e+02;2.4021049e-01;1.8750000e+02;3.7363041e-02;1.8750000e+02;5.0527848e-02;1.8750000e+02;6.7573823e-02;1.8750000e+02;8.6166844e-02;1.8750000e+02;1.0658984e-01;1.8750000e+02;1.2863424e-01;1.8750000e+02;1.5111500e-01;1.8750000e+02;1.7260906e-01;1.8750000e+02;1.9353387e-01;1.8750000e+02;2.1896744e-01;1.8750000e+02;2.4337740e-01;1.8750000e+02;2.6504537e-01;1.8750000e+02;2.8231886e-01;1.8750000e+02;2.8796512e-01;1.8750000e+02;2.8587037e-01;1.8750000e+02;2.7661645e-01;1.8750000e+02;2.6076707e-01;1.8750000e+02;2.4021049e-01;1.8750000e+02;3.7363041e-02;1.8750000e+02;5.0527848e-02;1.8750000e+02;6.7573823e-02;1.8750000e+02;8.6166844e-02;1.8750000e+02;1.0658984e-01;1.8750000e+02;1.2863424e-01;1.8750000e+02;1.5111500e-01;1.8750000e+02;1.7260906e-01;1.8750000e+02;1.9353387e-01;1.8750000e+02;2.1896744e-01;1.8750000e+02;2.4337740e-01;1.8750000e+02;2.6504537e-01;1.8750000e+02;2.8231886e-01;1.8750000e+02;2.8796512e-01;1.8750000e+02;2.8587037e-01;1.8750000e+02;2.7661645e-01;1.8750000e+02;2.6076707e-01;1.8750000e+02;2.4021049e-01;1.8750000e+02;3.7363041e-02;1.8750000e+02;5.0527848e-02;1.8750000e+02;6.7573823e-02;1.8750000e+02;8.6166844e-02;1.8750000e+02;1.0658984e-01;1.8750000e+02;1.2863424e-01;1.8750000e+02;1.5111500e-01;1.8750000e+02;1.7260906e-01;1.8750000e+02;1.9353387e-01;1.8750000e+02;2.1896744e-01;1.8750000e+02;2.4337740e-01;1.8750000e+02;2.6504537e-01;1.8750000e+02;2.8231886e-01;1.8750000e+02;2.8796512e-01;1.8750000e+02;2.8587037e-01;1.8750000e+02;2.7661645e-01;1.8750000e+02;2.6076707e-01;1.8750000e+02;2.4021049e-01;1.8750000e+02;3.7363041e-02;1.8750000e+02;5.0527848e-02;1.8750000e+02;6.7573823e-02;1.8750000e+02;8.6166844e-02;1.8750000e+02;1.0658984e-01;1.8750000e+02;1.2863424e-01;1.8750000e+02;1.5111500e-01;1.8750000e+02;1.7260906e-01;1.8750000e+02;1.9353387e-01;1.8750000e+02;2.1896744e-01;1.8750000e+02;2.4337740e-01;1.8750000e+02;2.6504537e-01;1.8750000e+02;2.8231886e-01;1.8750000e+02;2.8796512e-01;1.8750000e+02;2.8587037e-01;1.8750000e+02;2.7661645e-01;1.8750000e+02;2.6076707e-01;1.8750000e+02;2.4021049e-01;1.8750000e+02;3.7363041e-02;1.8750000e+02;5.0527848e-02;1.8750000e+02;6.7573823e-02;1.8750000e+02;8.6166844e-02;1.8750000e+02;1.0658984e-01;1.8750000e+02;1.2863424e-01;1.8750000e+02;1.5111500e-01;1.8750000e+02;1.7260906e-01;1.8750000e+02;1.9353387e-01;1.8750000e+02;2.1896744e-01;1.8750000e+02;2.4337740e-01;1.8750000e+02;2.6504537e-01;1.8750000e+02;2.8231886e-01;1.8750000e+02;2.8796512e-01;1.8750000e+02;2.8587037e-01;1.8750000e+02;2.7661645e-01;1.8750000e+02;2.6076707e-01;1.8750000e+02;2.4021049e-01;1.8750000e+02;3.7363041e-02;1.8750000e+02;5.0527848e-02;1.8750000e+02;6.7573823e-02;1.8750000e+02;8.6166844e-02;1.8750000e+02;1.0658984e-01;1.8750000e+02;1.2863424e-01;1.8750000e+02;1.5111500e-01;1.8750000e+02;1.7260906e-01;1.8750000e+02;1.9353387e-01;1.8750000e+02;2.1896744e-01;1.8750000e+02;2.4337740e-01;1.8750000e+02;2.6504537e-01;1.8750000e+02;2.8231886e-01;1.8750000e+02;2.8796512e-01;1.8750000e+02;2.8587037e-01;1.8750000e+02;2.7661645e-01;1.8750000e+02;2.6076707e-01;1.8750000e+02;2.4021049e-01;1.8750000e+02;3.7363041e-02;1.8750000e+02;5.0527848e-02;1.8750000e+02;6.7573823e-02;1.8750000e+02;8.6166844e-02;1.8750000e+02;1.0658984e-01;1.8750000e+02;1.2863424e-01;1.8750000e+02;1.5111500e-01;1.8750000e+02;1.7260906e-01;1.8750000e+02;1.9353387e-01;1.8750000e+02;2.1896744e-01;1.8750000e+02;2.4337740e-01;1.8750000e+02;2.6504537e-01;1.8750000e+02;2.8231886e-01;1.8750000e+02;2.8796512e-01;1.8750000e+02;2.8587037e-01;1.8750000e+02;2.7661645e-01;1.8750000e+02;2.6076707e-01;1.8750000e+02;2.4021049e-01;1.8750000e+02;3.7363041e-02;1.8750000e+02;5.0527848e-02;1.8750000e+02;6.7573823e-02;1.8750000e+02;8.6166844e-02;1.8750000e+02;1.0658984e-01;1.8750000e+02;1.2863424e-01;1.8750000e+02;1.5111500e-01;1.8750000e+02;1.7260906e-01;1.8750000e+02;1.9353387e-01;1.8750000e+02;2.1896744e-01;1.8750000e+02;2.4337740e-01;1.8750000e+02;2.6504537e-01;1.8750000e+02;2.8231886e-01;1.8750000e+02;2.8796512e-01;1.8750000e+02;2.8587037e-01;1.8750000e+02;2.7661645e-01;1.8750000e+02;2.6076707e-01;1.8750000e+02;2.4021049e-01;1.8750000e+02;3.7363041e-02;1.8750000e+02;5.0527848e-02;1.8750000e+02;6.7573823e-02;1.8750000e+02;8.6166844e-02;1.8750000e+02;1.0658984e-01;1.8750000e+02;1.2863424e-01;1.8750000e+02;1.5111500e-01;1.8750000e+02;1.7260906e-01;1.8750000e+02;1.9353387e-01;1.8750000e+02;2.1896744e-01;1.8750000e+02;2.4337740e-01;1.8750000e+02;2.6504537e-01;1.8750000e+02;2.8231886e-01;1.8750000e+02;2.8796512e-01;1.8750000e+02;2.8587037e-01;1.8750000e+02;2.7661645e-01;1.8750000e+02;2.6076707e-01;1.8750000e+02;2.4021049e-01;1.8750000e+02;3.7363041e-02;1.8750000e+02;5.0527848e-02;1.8750000e+02;6.7573823e-02;1.8750000e+02;8.6166844e-02;1.8750000e+02;1.0658984e-01;1.8750000e+02;1.2863424e-01;1.8750000e+02;1.5111500e-01;1.8750000e+02;1.7260906e-01;1.8750000e+02;1.9353387e-01;1.8750000e+02;2.1896744e-01;1.8750000e+02;2.4337740e-01;1.8750000e+02;2.6504537e-01;1.8750000e+02;2.8231886e-01;1.8750000e+02;2.8796512e-01;1.8750000e+02;2.8587037e-01;1.8750000e+02;2.7661645e-01;1.8750000e+02;2.6076707e-01;1.8750000e+02;2.4021049e-01;1.8750000e+02;3.7363041e-02;1.8750000e+02;5.0527848e-02;1.8750000e+02;6.7573823e-02;1.8750000e+02;8.6166844e-02;1.8750000e+02;1.0658984e-01;1.8750000e+02;1.2863424e-01;1.8750000e+02;1.5111500e-01;1.8750000e+02;1.7260906e-01;1.8750000e+02;1.9353387e-01;1.8750000e+02;2.1896744e-01;1.8750000e+02;2.4337740e-01;1.8750000e+02;2.6504537e-01;1.8750000e+02;2.8231886e-01;1.8750000e+02;2.8796512e-01;1.8750000e+02;2.8587037e-01;1.8750000e+02;2.7661645e-01;1.8750000e+02;2.6076707e-01;1.8750000e+02;2.4021049e-01;1.8750000e+02;3.7363041e-02;1.8750000e+02;5.0527848e-02;1.8750000e+02;6.7573823e-02;1.8750000e+02;8.6166844e-02;1.8750000e+02;1.0658984e-01;1.8750000e+02;1.2863424e-01;1.8750000e+02;1.5111500e-01;1.8750000e+02;1.7260906e-01;1.8750000e+02;1.9353387e-01;1.8750000e+02;2.1896744e-01;1.8750000e+02;2.4337740e-01;1.8750000e+02;2.6504537e-01;1.8750000e+02;2.8231886e-01;1.8750000e+02;2.8796512e-01;1.8750000e+02;2.8587037e-01;1.8750000e+02;2.7661645e-01;1.8750000e+02;2.6076707e-01;1.8750000e+02;2.4021049e-01;1.8750000e+02;3.7363041e-02;1.8750000e+02;5.0527848e-02;1.8750000e+02;6.7573823e-02;1.8750000e+02;8.6166844e-02;1.8750000e+02;1.0658984e-01;1.8750000e+02;1.2863424e-01;1.8750000e+02;1.5111500e-01;1.8750000e+02;1.7260906e-01;1.8750000e+02;1.9353387e-01;1.8750000e+02;2.1896744e-01;1.8750000e+02;2.4337740e-01;1.8750000e+02;2.6504537e-01;1.8750000e+02;2.8231886e-01;1.8750000e+02;2.8796512e-01;1.8750000e+02;2.8587037e-01;1.8750000e+02;2.7661645e-01;1.8750000e+02;2.6076707e-01;1.8750000e+02;2.4021049e-01;1.8750000e+02;3.7363041e-02;1.8750000e+02;5.0527848e-02;1.8750000e+02;6.7573823e-02;1.8750000e+02;8.6166844e-02;1.8750000e+02;1.0658984e-01;1.8750000e+02;1.2863424e-01;1.8750000e+02;1.5111500e-01;1.8750000e+02;1.7260906e-01;1.8750000e+02;1.9353387e-01;1.8750000e+02;2.1896744e-01;1.8750000e+02;2.4337740e-01;1.8750000e+02;2.6504537e-01;1.8750000e+02;2.8231886e-01;1.8750000e+02;2.8796512e-01;1.8750000e+02;2.8587037e-01;1.8750000e+02;2.7661645e-01;1.8750000e+02;2.6076707e-01;1.8750000e+02;2.4021049e-01;1.8750000e+02;3.7363041e-02;1.8750000e+02;5.0527848e-02;1.8750000e+02;6.7573823e-02;1.8750000e+02;8.6166844e-02;1.8750000e+02;1.0658984e-01;1.8750000e+02;1.2863424e-01;1.8750000e+02;1.5111500e-01;1.8750000e+02;1.7260906e-01;1.8750000e+02;1.9353387e-01;1.8750000e+02;2.1896744e-01;1.8750000e+02;2.4337740e-01;1.8750000e+02;2.6504537e-01;1.8750000e+02;2.8231886e-01;1.8750000e+02;2.8796512e-01;1.8750000e+02;2.8587037e-01;1.8750000e+02;2.7661645e-01;1.8750000e+02;2.6076707e-01;1.8750000e+02;2.4021049e-01;1.8750000e+02;3.7363041e-02;1.8750000e+02;5.0527848e-02;1.8750000e+02;6.7573823e-02;1.8750000e+02;8.6166844e-02;1.8750000e+02;1.0658984e-01;1.8750000e+02;1.2863424e-01;1.8750000e+02;1.5111500e-01;1.8750000e+02;1.7260906e-01;1.8750000e+02;1.9353387e-01;1.8750000e+02;2.1896744e-01;1.8750000e+02;2.4337740e-01;1.8750000e+02;2.6504537e-01;1.8750000e+02;2.8231886e-01;1.8750000e+02;2.8796512e-01;1.8750000e+02;2.8587037e-01;1.8750000e+02;2.7661645e-01;1.8750000e+02;2.6076707e-01;1.8750000e+02;2.4021049e-01;1.8750000e+02;3.7363041e-02;1.8750000e+02;5.0527848e-02;1.8750000e+02;6.7573823e-02;1.8750000e+02;8.6166844e-02;1.8750000e+02;1.0658984e-01;1.8750000e+02;1.2863424e-01;1.8750000e+02;1.5111500e-01;1.8750000e+02;1.7260906e-01;1.8750000e+02;1.9353387e-01;1.8750000e+02;2.1896744e-01;1.8750000e+02;2.4337740e-01;1.8750000e+02;2.6504537e-01;1.8750000e+02;2.8231886e-01;1.8750000e+02;2.8796512e-01;1.8750000e+02;2.8587037e-01;1.8750000e+02;2.7661645e-01;1.8750000e+02;2.6076707e-01;1.8750000e+02;2.4021049e-01;1.8750000e+02;3.7363041e-02;1.8750000e+02;5.0527848e-02;1.8750000e+02;6.7573823e-02;1.8750000e+02;8.6166844e-02;1.8750000e+02;1.0658984e-01;1.8750000e+02;1.2863424e-01;1.8750000e+02;1.5111500e-01;1.8750000e+02;1.7260906e-01;1.8750000e+02;1.9353387e-01;1.8750000e+02;2.1896744e-01;1.8750000e+02;2.4337740e-01;1.8750000e+02;2.6504537e-01;1.8750000e+02;2.8231886e-01;1.8750000e+02;2.8796512e-01;1.8750000e+02;2.8587037e-01;1.8750000e+02;2.7661645e-01;1.8750000e+02;2.6076707e-01;1.8750000e+02;2.4021049e-01
1.9250000e+02;3.6542539e-02;1.9250000e+02;5.0185576e-02;1.9250000e+02;6.6374220e-02;1.9250000e+02;8.4116504e-02;1.9250000e+02;1.0473314e-01;1.9250000e+02;1.2568946e-01;1.9250000e+02;1.4727639e-01;1.9250000e+02;1.6750230e-01;1.9250000e+02;1.8692926e-01;1.9250000e+02;2.1126087e-01;1.9250000e+02;2.3310155e-01;1.9250000e+02;2.5334075e-01;1.9250000e+02;2.7304122e-01;1.9250000e+02;2.8321862e-01;1.9250000e+02;2.8359866e-01;1.9250000e+02;2.7643231e-01;1.9250000e+02;2.6258790e-01;1.9250000e+02;2.4398884e-01;1.9250000e+02;3.6542539e-02;1.9250000e+02;5.0185576e-02;1.9250000e+02;6.6374220e-02;1.9250000e+02;8.4116504e-02;1.9250000e+02;1.0473314e-01;1.9250000e+02;1.2568946e-01;1.9250000e+02;1.4727639e-01;1.9250000e+02;1.6750230e-01;1.9250000e+02;1.8692926e-01;1.9250000e+02;2.1126087e-01;1.9250000e+02;2.3310155e-01;1.9250000e+02;2.5334075e-01;1.9250000e+02;2.7304122e-01;1.9250000e+02;2.8321862e-01;1.9250000e+02;2.8359866e-01;1.9250000e+02;2.7643231e-01;1.9250000e+02;2.6258790e-01;1.9250000e+02;2.4398884e-01;1.9250000e+02;3.6542539e-02;1.9250000e+02;5.0185576e-02;1.9250000e+02;6.6374220e-02;1.9250000e+02;8.4116504e-02;1.9250000e+02;1.0473314e-01;1.9250000e+02;1.2568946e-01;1.9250000e+02;1.4727639e-01;1.9250000e+02;1.6750230e-01;1.9250000e+02;1.8692926e-01;1.9250000e+02;2.1126087e-01;1.9250000e+02;2.3310155e-01;1.9250000e+02;2.5334075e-01;1.9250000e+02;2.7304122e-01;1.9250000e+02;2.8321862e-01;1.9250000e+02;2.8359866e-01;1.9250000e+02;2.7643231e-01;1.9250000e+02;2.6258790e-01;1.9250000e+02;2.4398884e-01;1.9250000e+02;3.6542539e-02;1.9250000e+02;5.0185576e-02;1.9250000e+02;6.6374220e-02;1.9250000e+02;8.4116504e-02;1.9250000e+02;1.0473314e-01;1.9250000e+02;1.2568946e-01;1.9250000e+02;1.4727639e-01;1.9250000e+02;1.6750230e-01;1.9250000e+02;1.8692926e-01;1.9250000e+02;2.1126087e-01;1.9250000e+02;2.3310155e-01;1.9250000e+02;2.5334075e-01;1.9250000e+02;2.7304122e-01;1.9250000e+02;2.8321862e-01;1.9250000e+02;2.8359866e-01;1.9250000e+02;2.7643231e-01;1.9250000e+02;2.6258790e-01;1.9250000e+02;2.4398884e-01;1.9250000e+02;3.6542539e-02;1.9250000e+02;5.0185576e-02;1.9250000e+02;6.6374220e-02;1.9250000e+02;8.4116504e-02;1.9250000e+02;1.0473314e-01;1.9250000e+02;1.2568946e-01;1.9250000e+02;1.4727639e-01;1.9250000e+02;1.6750230e-01;1.9250000e+02;1.8692926e-01;1.9250000e+02;2.1126087e-01;1.9250000e+02;2.3310155e-01;1.9250000e+02;2.5334075e-01;1.9250000e+02;2.7304122e-01;1.9250000e+02;2.8321862e-01;1.9250000e+02;2.8359866e-01;1.9250000e+02;2.7643231e-01;1.9250000e+02;2.6258790e-01;1.9250000e+02;2.4398884e-01;1.9250000e+02;3.6542539e-02;1.9250000e+02;5.0185576e-02;1.9250000e+02;6.6374220e-02;1.9250000e+02;8.4116504e-02;1.9250000e+02;1.0473314e-01;1.9250000e+02;1.2568946e-01;1.9250000e+02;1.4727639e-01;1.9250000e+02;1.6750230e-01;1.9250000e+02;1.8692926e-01;1.9250000e+02;2.1126087e-01;1.9250000e+02;2.3310155e-01;1.9250000e+02;2.5334075e-01;1.9250000e+02;2.7304122e-01;1.9250000e+02;2.8321862e-01;1.9250000e+02;2.8359866e-01;1.9250000e+02;2.7643231e-01;1.9250000e+02;2.6258790e-01;1.9250000e+02;2.4398884e-01;1.9250000e+02;3.6542539e-02;1.9250000e+02;5.0185576e-02;1.9250000e+02;6.6374220e-02;1.9250000e+02;8.4116504e-02;1.9250000e+02;1.0473314e-01;1.9250000e+02;1.2568946e-01;1.9250000e+02;1.4727639e-01;1.9250000e+02;1.6750230e-01;1.9250000e+02;1.8692926e-01;1.9250000e+02;2.1126087e-01;1.9250000e+02;2.3310155e-01;1.9250000e+02;2.5334075e-01;1.9250000e+02;2.7304122e-01;1.9250000e+02;2.8321862e-01;1.9250000e+02;2.8359866e-01;1.9250000e+02;2.7643231e-01;1.9250000e+02;2.6258790e-01;1.9250000e+02;2.4398884e-01;1.9250000e+02;3.6542539e-02;1.9250000e+02;5.0185576e-02;1.9250000e+02;6.6374220e-02;1.9250000e+02;8.4116504e-02;1.9250000e+02;1.0473314e-01;1.9250000e+02;1.2568946e-01;1.9250000e+02;1.4727639e-01;1.9250000e+02;1.6750230e-01;1.9250000e+02;1.8692926e-01;1.9250000e+02;2.1126087e-01;1.9250000e+02;2.3310155e-01;1.9250000e+02;2.5334075e-01;1.9250000e+02;2.7304122e-01;1.9250000e+02;2.8321862e-01;1.9250000e+02;2.8359866e-01;1.9250000e+02;2.7643231e-01;1.9250000e+02;2.6258790e-01;1.9250000e+02;2.4398884e-01;1.9250000e+02;3.6542539e-02;1.9250000e+02;5.0185576e-02;1.9250000e+02;6.6374220e-02;1.9250000e+02;8.4116504e-02;1.9250000e+02;1.0473314e-01;1.9250000e+02;1.2568946e-01;1.9250000e+02;1.4727639e-01;1.9250000e+02;1.6750230e-01;1.9250000e+02;1.8692926e-01;1.9250000e+02;2.1126087e-01;1.9250000e+02;2.3310155e-01;1.9250000e+02;2.5334075e-01;1.9250000e+02;2.7304122e-01;1.9250000e+02;2.8321862e-01;1.9250000e+02;2.8359866e-01;1.9250000e+02;2.7643231e-01;1.9250000e+02;2.6258790e-01;1.9250000e+02;2.4398884e-01;1.9250000e+02;3.6542539e-02;1.9250000e+02;5.0185576e-02;1.9250000e+02;6.6374220e-02;1.9250000e+02;8.4116504e-02;1.9250000e+02;1.0473314e-01;1.9250000e+02;1.2568946e-01;1.9250000e+02;1.4727639e-01;1.9250000e+02;1.6750230e-01;1.9250000e+02;1.8692926e-01;1.9250000e+02;2.1126087e-01;1.9250000e+02;2.3310155e-01;1.9250000e+02;2.5334075e-01;1.9250000e+02;2.7304122e-01;1.9250000e+02;2.8321862e-01;1.9250000e+02;2.8359866e-01;1.9250000e+02;2.7643231e-01;1.9250000e+02;2.6258790e-01;1.9250000e+02;2.4398884e-01;1.9250000e+02;3.6542539e-02;1.9250000e+02;5.0185576e-02;1.9250000e+02;6.6374220e-02;1.9250000e+02;8.4116504e-02;1.9250000e+02;1.0473314e-01;1.9250000e+02;1.2568946e-01;1.9250000e+02;1.4727639e-01;1.9250000e+02;1.6750230e-01;1.9250000e+02;1.8692926e-01;1.9250000e+02;2.1126087e-01;1.9250000e+02;2.3310155e-01;1.9250000e+02;2.5334075e-01;1.9250000e+02;2.7304122e-01;1.9250000e+02;2.8321862e-01;1.9250000e+02;2.8359866e-01;1.9250000e+02;2.7643231e-01;1.9250000e+02;2.6258790e-01;1.9250000e+02;2.4398884e-01;1.9250000e+02;3.6542539e-02;1.9250000e+02;5.0185576e-02;1.9250000e+02;6.6374220e-02;1.9250000e+02;8.4116504e-02;1.9250000e+02;1.0473314e-01;1.9250000e+02;1.2568946e-01;1.9250000e+02;1.4727639e-01;1.9250000e+02;1.6750230e-01;1.9250000e+02;1.8692926e-01;1.9250000e+02;2.1126087e-01;1.9250000e+02;2.3310155e-01;1.9250000e+02;2.5334075e-01;1.9250000e+02;2.7304122e-01;1.9250000e+02;2.8321862e-01;1.9250000e+02;2.8359866e-01;1.9250000e+02;2.7643231e-01;1.9250000e+02;2.6258790e-01;1.9250000e+02;2.4398884e-01;1.9250000e+02;3.6542539e-02;1.9250000e+02;5.0185576e-02;1.9250000e+02;6.6374220e-02;1.9250000e+02;8.4116504e-02;1.9250000e+02;1.0473314e-01;1.9250000e+02;1.2568946e-01;1.9250000e+02;1.4727639e-01;1.9250000e+02;1.6750230e-01;1.9250000e+02;1.8692926e-01;1.9250000e+02;2.1126087e-01;1.9250000e+02;2.3310155e-01;1.9250000e+02;2.5334075e-01;1.9250000e+02;2.7304122e-01;1.9250000e+02;2.8321862e-01;1.9250000e+02;2.8359866e-01;1.9250000e+02;2.7643231e-01;1.9250000e+02;2.6258790e-01;1.9250000e+02;2.4398884e-01;1.9250000e+02;3.6542539e-02;1.9250000e+02;5.0185576e-02;1.9250000e+02;6.6374220e-02;1.9250000e+02;8.4116504e-02;1.9250000e+02;1.0473314e-01;1.9250000e+02;1.2568946e-01;1.9250000e+02;1.4727639e-01;1.9250000e+02;1.6750230e-01;1.9250000e+02;1.8692926e-01;1.9250000e+02;2.1126087e-01;1.9250000e+02;2.3310155e-01;1.9250000e+02;2.5334075e-01;1.9250000e+02;2.7304122e-01;1.9250000e+02;2.8321862e-01;1.9250000e+02;2.8359866e-01;1.9250000e+02;2.7643231e-01;1.9250000e+02;2.6258790e-01;1.9250000e+02;2.4398884e-01;1.9250000e+02;3.6542539e-02;1.9250000e+02;5.0185576e-02;1.9250000e+02;6.6374220e-02;1.9250000e+02;8.4116504e-02;1.9250000e+02;1.0473314e-01;1.9250000e+02;1.2568946e-01;1.9250000e+02;1.4727639e-01;1.9250000e+02;1.6750230e-01;1.9250000e+02;1.8692926e-01;1.9250000e+02;2.1126087e-01;1.9250000e+02;2.3310155e-01;1.9250000e+02;2.5334075e-01;1.9250000e+02;2.7304122e-01;1.9250000e+02;2.8321862e-01;1.9250000e+02;2.8359866e-01;1.9250000e+02;2.7643231e-01;1.9250000e+02;2.6258790e-01;1.9250000e+02;2.4398884e-01;1.9250000e+02;3.6542539e-02;1.9250000e+02;5.0185576e-02;1.9250000e+02;6.6374220e-02;1.9250000e+02;8.4116504e-02;1.9250000e+02;1.0473314e-01;1.9250000e+02;1.2568946e-01;1.9250000e+02;1.4727639e-01;1.9250000e+02;1.6750230e-01;1.9250000e+02;1.8692926e-01;1.9250000e+02;2.1126087e-01;1.9250000e+02;2.3310155e-01;1.9250000e+02;2.5334075e-01;1.9250000e+02;2.7304122e-01;1.9250000e+02;2.8321862e-01;1.9250000e+02;2.8359866e-01;1.9250000e+02;2.7643231e-01;1.9250000e+02;2.6258790e-01;1.9250000e+02;2.4398884e-01;1.9250000e+02;3.6542539e-02;1.9250000e+02;5.0185576e-02;1.9250000e+02;6.6374220e-02;1.9250000e+02;8.4116504e-02;1.9250000e+02;1.0473314e-01;1.9250000e+02;1.2568946e-01;1.9250000e+02;1.4727639e-01;1.9250000e+02;1.6750230e-01;1.9250000e+02;1.8692926e-01;1.9250000e+02;2.1126087e-01;1.9250000e+02;2.3310155e-01;1.9250000e+02;2.5334075e-01;1.9250000e+02;2.7304122e-01;1.9250000e+02;2.8321862e-01;1.9250000e+02;2.8359866e-01;1.9250000e+02;2.7643231e-01;1.9250000e+02;2.6258790e-01;1.9250000e+02;2.4398884e-01;1.9250000e+02;3.6542539e-02;1.9250000e+02;5.0185576e-02;1.9250000e+02;6.6374220e-02;1.9250000e+02;8.4116504e-02;1.9250000e+02;1.0473314e-01;1.9250000e+02;1.2568946e-01;1.9250000e+02;1.4727639e-01;1.9250000e+02;1.6750230e-01;1.9250000e+02;1.8692926e-01;1.9250000e+02;2.1126087e-01;1.9250000e+02;2.3310155e-01;1.9250000e+02;2.5334075e-01;1.9250000e+02;2.7304122e-01;1.9250000e+02;2.8321862e-01;1.9250000e+02;2.8359866e-01;1.9250000e+02;2.7643231e-01;1.9250000e+02;2.6258790e-01;1.9250000e+02;2.4398884e-01;1.9250000e+02;3.6542539e-02;1.9250000e+02;5.0185576e-02;1.9250000e+02;6.6374220e-02;1.9250000e+02;8.4116504e-02;1.9250000e+02;1.0473314e-01;1.9250000e+02;1.2568946e-01;1.9250000e+02;1.4727639e-01;1.9250000e+02;1.6750230e-01;1.9250000e+02;1.8692926e-01;1.9250000e+02;2.1126087e-01;1.9250000e+02;2.3310155e-01;1.9250000e+02;2.5334075e-01;1.9250000e+02;2.7304122e-01;1.9250000e+02;2.8321862e-01;1.9250000e+02;2.8359866e-01;1.9250000e+02;2.7643231e-01;1.9250000e+02;2.6258790e-01;1.9250000e+02;2.4398884e-01;1.9250000e+02;3.6542539e-02;1.9250000e+02;5.0185576e-02;1.9250000e+02;6.6374220e-02;1.9250000e+02;8.4116504e-02;1.9250000e+02;1.0473314e-01;1.9250000e+02;1.2568946e-01;1.9250000e+02;1.4727639e-01;1.9250000e+02;1.6750230e-01;1.9250000e+02;1.8692926e-01;1.9250000e+02;2.1126087e-01;1.9250000e+02;2.3310155e-01;1.9250000e+02;2.5334075e-01;1.9250000e+02;2.7304122e-01;1.9250000e+02;2.8321862e-01;1.9250000e+02;2.8359866e-01;1.9250000e+02;2.7643231e-01;1.9250000e+02;2.6258790e-01;1.9250000e+02;2.4398884e-01;1.9250000e+02;3.6542539e-02;1.9250000e+02;5.0185576e-02;1.9250000e+02;6.6374220e-02;1.9250000e+02;8.4116504e-02;1.9250000e+02;1.0473314e-01;1.9250000e+02;1.2568946e-01;1.9250000e+02;1.4727639e-01;1.9250000e+02;1.6750230e-01;1.9250000e+02;1.8692926e-01;1.9250000e+02;2.1126087e-01;1.9250000e+02;2.3310155e-01;1.9250000e+02;2.5334075e-01;1.9250000e+02;2.7304122e-01;1.9250000e+02;2.8321862e-01;1.9250000e+02;2.8359866e-01;1.9250000e+02;2.7643231e-01;1.9250000e+02;2.6258790e-01;1.9250000e+02;2.4398884e-01;1.9250000e+02;3.6542539e-02;1.9250000e+02;5.0185576e-02;1.9250000e+02;6.6374220e-02;1.9250000e+02;8.4116504e-02;1.9250000e+02;1.0473314e-01;1.9250000e+02;1.2568946e-01;1.9250000e+02;1.4727639e-01;1.9250000e+02;1.6750230e-01;1.9250000e+02;1.8692926e-01;1.9250000e+02;2.1126087e-01;1.9250000e+02;2.3310155e-01;1.9250000e+02;2.5334075e-01;1.9250000e+02;2.7304122e-01;1.9250000e+02;2.8321862e-01;1.9250000e+02;2.8359866e-01;1.9250000e+02;2.7643231e-01;1.9250000e+02;2.6258790e-01;1.9250000e+02;2.4398884e-01;1.9250000e+02;3.6542539e-02;1.9250000e+02;5.0185576e-02;1.9250000e+02;6.6374220e-02;1.9250000e+02;8.4116504e-02;1.9250000e+02;1.0473314e-01;1.9250000e+02;1.2568946e-01;1.9250000e+02;1.4727639e-01;1.9250000e+02;1.6750230e-01;1.9250000e+02;1.8692926e-01;1.9250000e+02;2.1126087e-01;1.9250000e+02;2.3310155e-01;1.9250000e+02;2.5334075e-01;1.9250000e+02;2.7304122e-01;1.9250000e+02;2.8321862e-01;1.9250000e+02;2.8359866e-01;1.9250000e+02;2.7643231e-01;1.9250000e+02;2.6258790e-01;1.9250000e+02;2.4398884e-01;1.9250000e+02;3.6542539e-02;1.9250000e+02;5.0185576e-02;1.9250000e+02;6.6374220e-02;1.9250000e+02;8.4116504e-02;1.9250000e+02;1.0473314e-01;1.9250000e+02;1.2568946e-01;1.9250000e+02;1.4727639e-01;1.9250000e+02;1.6750230e-01;1.9250000e+02;1.8692926e-01;1.9250000e+02;2.1126087e-01;1.9250000e+02;2.3310155e-01;1.9250000e+02;2.5334075e-01;1.9250000e+02;2.7304122e-01;1.9250000e+02;2.8321862e-01;1.9250000e+02;2.8359866e-01;1.9250000e+02;2.7643231e-01;1.9250000e+02;2.6258790e-01;1.9250000e+02;2.4398884e-01;1.9250000e+02;3.6542539e-02;1.9250000e+02;5.0185576e-02;1.9250000e+02;6.6374220e-02;1.9250000e+02;8.4116504e-02;1.9250000e+02;1.0473314e-01;1.9250000e+02;1.2568946e-01;1.9250000e+02;1.4727639e-01;1.9250000e+02;1.6750230e-01;1.9250000e+02;1.8692926e-01;1.9250000e+02;2.1126087e-01;1.9250000e+02;2.3310155e-01;1.9250000e+02;2.5334075e-01;1.9250000e+02;2.7304122e-01;1.9250000e+02;2.8321862e-01;1.9250000e+02;2.8359866e-01;1.9250000e+02;2.7643231e-01;1.9250000e+02;2.6258790e-01;1.9250000e+02;2.4398884e-01;1.9250000e+02;3.6542539e-02;1.9250000e+02;5.0185576e-02;1.9250000e+02;6.6374220e-02;1.9250000e+02;8.4116504e-02;1.9250000e+02;1.0473314e-01;1.9250000e+02;1.2568946e-01;1.9250000e+02;1.4727639e-01;1.9250000e+02;1.6750230e-01;1.9250000e+02;1.8692926e-01;1.9250000e+02;2.1126087e-01;1.9250000e+02;2.3310155e-01;1.9250000e+02;2.5334075e-01;1.9250000e+02;2.7304122e-01;1.9250000e+02;2.8321862e-01;1.9250000e+02;2.8359866e-01;1.9250000e+02;2.7643231e-01;1.9250000e+02;2.6258790e-01;1.9250000e+02;2.4398884e-01;1.9250000e+02;3.6542539e-02;1.9250000e+02;5.0185576e-02;1.9250000e+02;6.6374220e-02;1.9250000e+02;8.4116504e-02;1.9250000e+02;1.0473314e-01;1.9250000e+02;1.2568946e-01;1.9250000e+02;1.4727639e-01;1.9250000e+02;1.6750230e-01;1.9250000e+02;1.8692926e-01;1.9250000e+02;2.1126087e-01;1.9250000e+02;2.3310155e-01;1.9250000e+02;2.5334075e-01;1.9250000e+02;2.7304122e-01;1.9250000e+02;2.8321862e-01;1.9250000e+02;2.8359866e-01;1.9250000e+02;2.7643231e-01;1.9250000e+02;2.6258790e-01;1.9250000e+02;2.4398884e-01;1.9250000e+02;3.6542539e-02;1.9250000e+02;5.0185576e-02;1.9250000e+02;6.6374220e-02;1.9250000e+02;8.4116504e-02;1.9250000e+02;1.0473314e-01;1.9250000e+02;1.2568946e-01;1.9250000e+02;1.4727639e-01;1.9250000e+02;1.6750230e-01;1.9250000e+02;1.8692926e-01;1.9250000e+02;2.1126087e-01;1.9250000e+02;2.3310155e-01;1.9250000e+02;2.5334075e-01;1.9250000e+02;2.7304122e-01;1.9250000e+02;2.8321862e-01;1.9250000e+02;2.8359866e-01;1.9250000e+02;2.7643231e-01;1.9250000e+02;2.6258790e-01;1.9250000e+02;2.4398884e-01;1.9250000e+02;3.6542539e-02;1.9250000e+02;5.0185576e-02;1.9250000e+02;6.6374220e-02;1.9250000e+02;8.4116504e-02;1.9250000e+02;1.0473314e-01;1.9250000e+02;1.2568946e-01;1.9250000e+02;1.4727639e-01;1.9250000e+02;1.6750230e-01;1.9250000e+02;1.8692926e-01;1.9250000e+02;2.1126087e-01;1.9250000e+02;2.3310155e-01;1.9250000e+02;2.5334075e-01;1.9250000e+02;2.7304122e-01;1.9250000e+02;2.8321862e-01;1.9250000e+02;2.8359866e-01;1.9250000e+02;2.7643231e-01;1.9250000e+02;2.6258790e-01;1.9250000e+02;2.4398884e-01;1.9250000e+02;3.6542539e-02;1.9250000e+02;5.0185576e-02;1.9250000e+02;6.6374220e-02;1.9250000e+02;8.4116504e-02;1.9250000e+02;1.0473314e-01;1.9250000e+02;1.2568946e-01;1.9250000e+02;1.4727639e-01;1.9250000e+02;1.6750230e-01;1.9250000e+02;1.8692926e-01;1.9250000e+02;2.1126087e-01;1.9250000e+02;2.3310155e-01;1.9250000e+02;2.5334075e-01;1.9250000e+02;2.7304122e-01;1.9250000e+02;2.8321862e-01;1.9250000e+02;2.8359866e-01;1.9250000e+02;2.7643231e-01;1.9250000e+02;2.6258790e-01;1.9250000e+02;2.4398884e-01;1.9250000e+02;3.6542539e-02;1.9250000e+02;5.0185576e-02;1.9250000e+02;6.6374220e-02;1.9250000e+02;8.4116504e-02;1.9250000e+02;1.0473314e-01;1.9250000e+02;1.2568946e-01;1.9250000e+02;1.4727639e-01;1.9250000e+02;1.6750230e-01;1.9250000e+02;1.8692926e-01;1.9250000e+02;2.1126087e-01;1.9250000e+02;2.3310155e-01;1.9250000e+02;2.5334075e-01;1.9250000e+02;2.7304122e-01;1.9250000e+02;2.8321862e-01;1.9250000e+02;2.8359866e-01;1.9250000e+02;2.7643231e-01;1.9250000e+02;2.6258790e-01;1.9250000e+02;2.4398884e-01;1.9250000e+02;3.6542539e-02;1.9250000e+02;5.0185576e-02;1.9250000e+02;6.6374220e-02;1.9250000e+02;8.4116504e-02;1.9250000e+02;1.0473314e-01;1.9250000e+02;1.2568946e-01;1.9250000e+02;1.4727639e-01;1.9250000e+02;1.6750230e-01;1.9250000e+02;1.8692926e-01;1.9250000e+02;2.1126087e-01;1.9250000e+02;2.3310155e-01;1.9250000e+02;2.5334075e-01;1.9250000e+02;2.7304122e-01;1.9250000e+02;2.8321862e-01;1.9250000e+02;2.8359866e-01;1.9250000e+02;2.7643231e-01;1.9250000e+02;2.6258790e-01;1.9250000e+02;2.4398884e-01;1.9250000e+02;3.6542539e-02;1.9250000e+02;5.0185576e-02;1.9250000e+02;6.6374220e-02;1.9250000e+02;8.4116504e-02;1.9250000e+02;1.0473314e-01;1.9250000e+02;1.2568946e-01;1.9250000e+02;1.4727639e-01;1.9250000e+02;1.6750230e-01;1.9250000e+02;1.8692926e-01;1.9250000e+02;2.1126087e-01;1.9250000e+02;2.3310155e-01;1.9250000e+02;2.5334075e-01;1.9250000e+02;2.7304122e-01;1.9250000e+02;2.8321862e-01;1.9250000e+02;2.8359866e-01;1.9250000e+02;2.7643231e-01;1.9250000e+02;2.6258790e-01;1.9250000e+02;2.4398884e-01;1.9250000e+02;3.6542539e-02;1.9250000e+02;5.0185576e-02;1.9250000e+02;6.6374220e-02;1.9250000e+02;8.4116504e-02;1.9250000e+02;1.0473314e-01;1.9250000e+02;1.2568946e-01;1.9250000e+02;1.4727639e-01;1.9250000e+02;1.6750230e-01;1.9250000e+02;1.8692926e-01;1.9250000e+02;2.1126087e-01;1.9250000e+02;2.3310155e-01;1.9250000e+02;2.5334075e-01;1.9250000e+02;2.7304122e-01;1.9250000e+02;2.8321862e-01;1.9250000e+02;2.8359866e-01;1.9250000e+02;2.7643231e-01;1.9250000e+02;2.6258790e-01;1.9250000e+02;2.4398884e-01;1.9250000e+02;3.6542539e-02;1.9250000e+02;5.0185576e-02;1.9250000e+02;6.6374220e-02;1.9250000e+02;8.4116504e-02;1.9250000e+02;1.0473314e-01;1.9250000e+02;1.2568946e-01;1.9250000e+02;1.4727639e-01;1.9250000e+02;1.6750230e-01;1.9250000e+02;1.8692926e-01;1.9250000e+02;2.1126087e-01;1.9250000e+02;2.3310155e-01;1.9250000e+02;2.5334075e-01;1.9250000e+02;2.7304122e-01;1.9250000e+02;2.8321862e-01;1.9250000e+02;2.8359866e-01;1.9250000e+02;2.7643231e-01;1.9250000e+02;2.6258790e-01;1.9250000e+02;2.4398884e-01;1.9250000e+02;3.6542539e-02;1.9250000e+02;5.0185576e-02;1.9250000e+02;6.6374220e-02;1.9250000e+02;8.4116504e-02;1.9250000e+02;1.0473314e-01;1.9250000e+02;1.2568946e-01;1.9250000e+02;1.4727639e-01;1.9250000e+02;1.6750230e-01;1.9250000e+02;1.8692926e-01;1.9250000e+02;2.1126087e-01;1.9250000e+02;2.3310155e-01;1.9250000e+02;2.5334075e-01;1.9250000e+02;2.7304122e-01;1.9250000e+02;2.8321862e-01;1.9250000e+02;2.8359866e-01;1.9250000e+02;2.7643231e-01;1.9250000e+02;2.6258790e-01;1.9250000e+02;2.4398884e-01;1.9250000e+02;3.6542539e-02;1.9250000e+02;5.0185576e-02;1.9250000e+02;6.6374220e-02;1.9250000e+02;8.4116504e-02;1.9250000e+02;1.0473314e-01;1.9250000e+02;1.2568946e-01;1.9250000e+02;1.4727639e-01;1.9250000e+02;1.6750230e-01;1.9250000e+02;1.8692926e-01;1.9250000e+02;2.1126087e-01;1.9250000e+02;2.3310155e-01;1.9250000e+02;2.5334075e-01;1.9250000e+02;2.7304122e-01;1.9250000e+02;2.8321862e-01;1.9250000e+02;2.8359866e-01;1.9250000e+02;2.7643231e-01;1.9250000e+02;2.6258790e-01;1.9250000e+02;2.4398884e-01;1.9250000e+02;3.6542539e-02;1.9250000e+02;5.0185576e-02;1.9250000e+02;6.6374220e-02;1.9250000e+02;8.4116504e-02;1.9250000e+02;1.0473314e-01;1.9250000e+02;1.2568946e-01;1.9250000e+02;1.4727639e-01;1.9250000e+02;1.6750230e-01;1.9250000e+02;1.8692926e-01;1.9250000e+02;2.1126087e-01;1.9250000e+02;2.3310155e-01;1.9250000e+02;2.5334075e-01;1.9250000e+02;2.7304122e-01;1.9250000e+02;2.8321862e-01;1.9250000e+02;2.8359866e-01;1.9250000e+02;2.7643231e-01;1.9250000e+02;2.6258790e-01;1.9250000e+02;2.4398884e-01;1.9250000e+02;3.6542539e-02;1.9250000e+02;5.0185576e-02;1.9250000e+02;6.6374220e-02;1.9250000e+02;8.4116504e-02;1.9250000e+02;1.0473314e-01;1.9250000e+02;1.2568946e-01;1.9250000e+02;1.4727639e-01;1.9250000e+02;1.6750230e-01;1.9250000e+02;1.8692926e-01;1.9250000e+02;2.1126087e-01;1.9250000e+02;2.3310155e-01;1.9250000e+02;2.5334075e-01;1.9250000e+02;2.7304122e-01;1.9250000e+02;2.8321862e-01;1.9250000e+02;2.8359866e-01;1.9250000e+02;2.7643231e-01;1.9250000e+02;2.6258790e-01;1.9250000e+02;2.4398884e-01;1.9250000e+02;3.6542539e-02;1.9250000e+02;5.0185576e-02;1.9250000e+02;6.6374220e-02;1.9250000e+02;8.4116504e-02;1.9250000e+02;1.0473314e-01;1.9250000e+02;1.2568946e-01;1.9250000e+02;1.4727639e-01;1.9250000e+02;1.6750230e-01;1.9250000e+02;1.8692926e-01;1.9250000e+02;2.1126087e-01;1.9250000e+02;2.3310155e-01;1.9250000e+02;2.5334075e-01;1.9250000e+02;2.7304122e-01;1.9250000e+02;2.8321862e-01;1.9250000e+02;2.8359866e-01;1.9250000e+02;2.7643231e-01;1.9250000e+02;2.6258790e-01;1.9250000e+02;2.4398884e-01;1.9250000e+02;3.6542539e-02;1.9250000e+02;5.0185576e-02;1.9250000e+02;6.6374220e-02;1.9250000e+02;8.4116504e-02;1.9250000e+02;1.0473314e-01;1.9250000e+02;1.2568946e-01;1.9250000e+02;1.4727639e-01;1.9250000e+02;1.6750230e-01;1.9250000e+02;1.8692926e-01;1.9250000e+02;2.1126087e-01;1.9250000e+02;2.3310155e-01;1.9250000e+02;2.5334075e-01;1.9250000e+02;2.7304122e-01;1.9250000e+02;2.8321862e-01;1.9250000e+02;2.8359866e-01;1.9250000e+02;2.7643231e-01;1.9250000e+02;2.6258790e-01;1.9250000e+02;2.4398884e-01;1.9250000e+02;3.6542539e-02;1.9250000e+02;5.0185576e-02;1.9250000e+02;6.6374220e-02;1.9250000e+02;8.4116504e-02;1.9250000e+02;1.0473314e-01;1.9250000e+02;1.2568946e-01;1.9250000e+02;1.4727639e-01;1.9250000e+02;1.6750230e-01;1.9250000e+02;1.8692926e-01;1.9250000e+02;2.1126087e-01;1.9250000e+02;2.3310155e-01;1.9250000e+02;2.5334075e-01;1.9250000e+02;2.7304122e-01;1.9250000e+02;2.8321862e-01;1.9250000e+02;2.8359866e-01;1.9250000e+02;2.7643231e-01;1.9250000e+02;2.6258790e-01;1.9250000e+02;2.4398884e-01;1.9250000e+02;3.6542539e-02;1.9250000e+02;5.0185576e-02;1.9250000e+02;6.6374220e-02;1.9250000e+02;8.4116504e-02;1.9250000e+02;1.0473314e-01;1.9250000e+02;1.2568946e-01;1.9250000e+02;1.4727639e-01;1.9250000e+02;1.6750230e-01;1.9250000e+02;1.8692926e-01;1.9250000e+02;2.1126087e-01;1.9250000e+02;2.3310155e-01;1.9250000e+02;2.5334075e-01;1.9250000e+02;2.7304122e-01;1.9250000e+02;2.8321862e-01;1.9250000e+02;2.8359866e-01;1.9250000e+02;2.7643231e-01;1.9250000e+02;2.6258790e-01;1.9250000e+02;2.4398884e-01;1.9250000e+02;3.6542539e-02;1.9250000e+02;5.0185576e-02;1.9250000e+02;6.6374220e-02;1.9250000e+02;8.4116504e-02;1.9250000e+02;1.0473314e-01;1.9250000e+02;1.2568946e-01;1.9250000e+02;1.4727639e-01;1.9250000e+02;1.6750230e-01;1.9250000e+02;1.8692926e-01;1.9250000e+02;2.1126087e-01;1.9250000e+02;2.3310155e-01;1.9250000e+02;2.5334075e-01;1.9250000e+02;2.7304122e-01;1.9250000e+02;2.8321862e-01;1.9250000e+02;2.8359866e-01;1.9250000e+02;2.7643231e-01;1.9250000e+02;2.6258790e-01;1.9250000e+02;2.4398884e-01;1.9250000e+02;3.6542539e-02;1.9250000e+02;5.0185576e-02;1.9250000e+02;6.6374220e-02;1.9250000e+02;8.4116504e-02;1.9250000e+02;1.0473314e-01;1.9250000e+02;1.2568946e-01;1.9250000e+02;1.4727639e-01;1.9250000e+02;1.6750230e-01;1.9250000e+02;1.8692926e-01;1.9250000e+02;2.1126087e-01;1.9250000e+02;2.3310155e-01;1.9250000e+02;2.5334075e-01;1.9250000e+02;2.7304122e-01;1.9250000e+02;2.8321862e-01;1.9250000e+02;2.8359866e-01;1.9250000e+02;2.7643231e-01;1.9250000e+02;2.6258790e-01;1.9250000e+02;2.4398884e-01;1.9250000e+02;3.6542539e-02;1.9250000e+02;5.0185576e-02;1.9250000e+02;6.6374220e-02;1.9250000e+02;8.4116504e-02;1.9250000e+02;1.0473314e-01;1.9250000e+02;1.2568946e-01;1.9250000e+02;1.4727639e-01;1.9250000e+02;1.6750230e-01;1.9250000e+02;1.8692926e-01;1.9250000e+02;2.1126087e-01;1.9250000e+02;2.3310155e-01;1.9250000e+02;2.5334075e-01;1.9250000e+02;2.7304122e-01;1.9250000e+02;2.8321862e-01;1.9250000e+02;2.8359866e-01;1.9250000e+02;2.7643231e-01;1.9250000e+02;2.6258790e-01;1.9250000e+02;2.4398884e-01;1.9250000e+02;3.6542539e-02;1.9250000e+02;5.0185576e-02;1.9250000e+02;6.6374220e-02;1.9250000e+02;8.4116504e-02;1.9250000e+02;1.0473314e-01;1.9250000e+02;1.2568946e-01;1.9250000e+02;1.4727639e-01;1.9250000e+02;1.6750230e-01;1.9250000e+02;1.8692926e-01;1.9250000e+02;2.1126087e-01;1.9250000e+02;2.3310155e-01;1.9250000e+02;2.5334075e-01;1.9250000e+02;2.7304122e-01;1.9250000e+02;2.8321862e-01;1.9250000e+02;2.8359866e-01;1.9250000e+02;2.7643231e-01;1.9250000e+02;2.6258790e-01;1.9250000e+02;2.4398884e-01;1.9250000e+02;3.6542539e-02;1.9250000e+02;5.0185576e-02;1.9250000e+02;6.6374220e-02;1.9250000e+02;8.4116504e-02;1.9250000e+02;1.0473314e-01;1.9250000e+02;1.2568946e-01;1.9250000e+02;1.4727639e-01;1.9250000e+02;1.6750230e-01;1.9250000e+02;1.8692926e-01;1.9250000e+02;2.1126087e-01;1.9250000e+02;2.3310155e-01;1.9250000e+02;2.5334075e-01;1.9250000e+02;2.7304122e-01;1.9250000e+02;2.8321862e-01;1.9250000e+02;2.8359866e-01;1.9250000e+02;2.7643231e-01;1.9250000e+02;2.6258790e-01;1.9250000e+02;2.4398884e-01;1.9250000e+02;3.6542539e-02;1.9250000e+02;5.0185576e-02;1.9250000e+02;6.6374220e-02;1.9250000e+02;8.4116504e-02;1.9250000e+02;1.0473314e-01;1.9250000e+02;1.2568946e-01;1.9250000e+02;1.4727639e-01;1.9250000e+02;1.6750230e-01;1.9250000e+02;1.8692926e-01;1.9250000e+02;2.1126087e-01;1.9250000e+02;2.3310155e-01;1.9250000e+02;2.5334075e-01;1.9250000e+02;2.7304122e-01;1.9250000e+02;2.8321862e-01;1.9250000e+02;2.8359866e-01;1.9250000e+02;2.7643231e-01;1.9250000e+02;2.6258790e-01;1.9250000e+02;2.4398884e-01;1.9250000e+02;3.6542539e-02;1.9250000e+02;5.0185576e-02;1.9250000e+02;6.6374220e-02;1.9250000e+02;8.4116504e-02;1.9250000e+02;1.0473314e-01;1.9250000e+02;1.2568946e-01;1.9250000e+02;1.4727639e-01;1.9250000e+02;1.6750230e-01;1.9250000e+02;1.8692926e-01;1.9250000e+02;2.1126087e-01;1.9250000e+02;2.3310155e-01;1.9250000e+02;2.5334075e-01;1.9250000e+02;2.7304122e-01;1.9250000e+02;2.8321862e-01;1.9250000e+02;2.8359866e-01;1.9250000e+02;2.7643231e-01;1.9250000e+02;2.6258790e-01;1.9250000e+02;2.4398884e-01;1.9250000e+02;3.6542539e-02;1.9250000e+02;5.0185576e-02;1.9250000e+02;6.6374220e-02;1.9250000e+02;8.4116504e-02;1.9250000e+02;1.0473314e-01;1.9250000e+02;1.2568946e-01;1.9250000e+02;1.4727639e-01;1.9250000e+02;1.6750230e-01;1.9250000e+02;1.8692926e-01;1.9250000e+02;2.1126087e-01;1.9250000e+02;2.3310155e-01;1.9250000e+02;2.5334075e-01;1.9250000e+02;2.7304122e-01;1.9250000e+02;2.8321862e-01;1.9250000e+02;2.8359866e-01;1.9250000e+02;2.7643231e-01;1.9250000e+02;2.6258790e-01;1.9250000e+02;2.4398884e-01;1.9250000e+02;3.6542539e-02;1.9250000e+02;5.0185576e-02;1.9250000e+02;6.6374220e-02;1.9250000e+02;8.4116504e-02;1.9250000e+02;1.0473314e-01;1.9250000e+02;1.2568946e-01;1.9250000e+02;1.4727639e-01;1.9250000e+02;1.6750230e-01;1.9250000e+02;1.8692926e-01;1.9250000e+02;2.1126087e-01;1.9250000e+02;2.3310155e-01;1.9250000e+02;2.5334075e-01;1.9250000e+02;2.7304122e-01;1.9250000e+02;2.8321862e-01;1.9250000e+02;2.8359866e-01;1.9250000e+02;2.7643231e-01;1.9250000e+02;2.6258790e-01;1.9250000e+02;2.4398884e-01;1.9250000e+02;3.6542539e-02;1.9250000e+02;5.0185576e-02;1.9250000e+02;6.6374220e-02;1.9250000e+02;8.4116504e-02;1.9250000e+02;1.0473314e-01;1.9250000e+02;1.2568946e-01;1.9250000e+02;1.4727639e-01;1.9250000e+02;1.6750230e-01;1.9250000e+02;1.8692926e-01;1.9250000e+02;2.1126087e-01;1.9250000e+02;2.3310155e-01;1.9250000e+02;2.5334075e-01;1.9250000e+02;2.7304122e-01;1.9250000e+02;2.8321862e-01;1.9250000e+02;2.8359866e-01;1.9250000e+02;2.7643231e-01;1.9250000e+02;2.6258790e-01;1.9250000e+02;2.4398884e-01;1.9250000e+02;3.6542539e-02;1.9250000e+02;5.0185576e-02;1.9250000e+02;6.6374220e-02;1.9250000e+02;8.4116504e-02;1.9250000e+02;1.0473314e-01;1.9250000e+02;1.2568946e-01;1.9250000e+02;1.4727639e-01;1.9250000e+02;1.6750230e-01;1.9250000e+02;1.8692926e-01;1.9250000e+02;2.1126087e-01;1.9250000e+02;2.3310155e-01;1.9250000e+02;2.5334075e-01;1.9250000e+02;2.7304122e-01;1.9250000e+02;2.8321862e-01;1.9250000e+02;2.8359866e-01;1.9250000e+02;2.7643231e-01;1.9250000e+02;2.6258790e-01;1.9250000e+02;2.4398884e-01;1.9250000e+02;3.6542539e-02;1.9250000e+02;5.0185576e-02;1.9250000e+02;6.6374220e-02;1.9250000e+02;8.4116504e-02;1.9250000e+02;1.0473314e-01;1.9250000e+02;1.2568946e-01;1.9250000e+02;1.4727639e-01;1.9250000e+02;1.6750230e-01;1.9250000e+02;1.8692926e-01;1.9250000e+02;2.1126087e-01;1.9250000e+02;2.3310155e-01;1.9250000e+02;2.5334075e-01;1.9250000e+02;2.7304122e-01;1.9250000e+02;2.8321862e-01;1.9250000e+02;2.8359866e-01;1.9250000e+02;2.7643231e-01;1.9250000e+02;2.6258790e-01;1.9250000e+02;2.4398884e-01;1.9250000e+02;3.6542539e-02;1.9250000e+02;5.0185576e-02;1.9250000e+02;6.6374220e-02;1.9250000e+02;8.4116504e-02;1.9250000e+02;1.0473314e-01;1.9250000e+02;1.2568946e-01;1.9250000e+02;1.4727639e-01;1.9250000e+02;1.6750230e-01;1.9250000e+02;1.8692926e-01;1.9250000e+02;2.1126087e-01;1.9250000e+02;2.3310155e-01;1.9250000e+02;2.5334075e-01;1.9250000e+02;2.7304122e-01;1.9250000e+02;2.8321862e-01;1.9250000e+02;2.8359866e-01;1.9250000e+02;2.7643231e-01;1.9250000e+02;2.6258790e-01;1.9250000e+02;2.4398884e-01;1.9250000e+02;3.6542539e-02;1.9250000e+02;5.0185576e-02;1.9250000e+02;6.6374220e-02;1.9250000e+02;8.4116504e-02;1.9250000e+02;1.0473314e-01;1.9250000e+02;1.2568946e-01;1.9250000e+02;1.4727639e-01;1.9250000e+02;1.6750230e-01;1.9250000e+02;1.8692926e-01;1.9250000e+02;2.1126087e-01;1.9250000e+02;2.3310155e-01;1.9250000e+02;2.5334075e-01;1.9250000e+02;2.7304122e-01;1.9250000e+02;2.8321862e-01;1.9250000e+02;2.8359866e-01;1.9250000e+02;2.7643231e-01;1.9250000e+02;2.6258790e-01;1.9250000e+02;2.4398884e-01;1.9250000e+02;3.6542539e-02;1.9250000e+02;5.0185576e-02;1.9250000e+02;6.6374220e-02;1.9250000e+02;8.4116504e-02;1.9250000e+02;1.0473314e-01;1.9250000e+02;1.2568946e-01;1.9250000e+02;1.4727639e-01;1.9250000e+02;1.6750230e-01;1.9250000e+02;1.8692926e-01;1.9250000e+02;2.1126087e-01;1.9250000e+02;2.3310155e-01;1.9250000e+02;2.5334075e-01;1.9250000e+02;2.7304122e-01;1.9250000e+02;2.8321862e-01;1.9250000e+02;2.8359866e-01;1.9250000e+02;2.7643231e-01;1.9250000e+02;2.6258790e-01;1.9250000e+02;2.4398884e-01;1.9250000e+02;3.6542539e-02;1.9250000e+02;5.0185576e-02;1.9250000e+02;6.6374220e-02;1.9250000e+02;8.4116504e-02;1.9250000e+02;1.0473314e-01;1.9250000e+02;1.2568946e-01;1.9250000e+02;1.4727639e-01;1.9250000e+02;1.6750230e-01;1.9250000e+02;1.8692926e-01;1.9250000e+02;2.1126087e-01;1.9250000e+02;2.3310155e-01;1.9250000e+02;2.5334075e-01;1.9250000e+02;2.7304122e-01;1.9250000e+02;2.8321862e-01;1.9250000e+02;2.8359866e-01;1.9250000e+02;2.7643231e-01;1.9250000e+02;2.6258790e-01;1.9250000e+02;2.4398884e-01;1.9250000e+02;3.6542539e-02;1.9250000e+02;5.0185576e-02;1.9250000e+02;6.6374220e-02;1.9250000e+02;8.4116504e-02;1.9250000e+02;1.0473314e-01;1.9250000e+02;1.2568946e-01;1.9250000e+02;1.4727639e-01;1.9250000e+02;1.6750230e-01;1.9250000e+02;1.8692926e-01;1.9250000e+02;2.1126087e-01;1.9250000e+02;2.3310155e-01;1.9250000e+02;2.5334075e-01;1.9250000e+02;2.7304122e-01;1.9250000e+02;2.8321862e-01;1.9250000e+02;2.8359866e-01;1.9250000e+02;2.7643231e-01;1.9250000e+02;2.6258790e-01;1.9250000e+02;2.4398884e-01;1.9250000e+02;3.6542539e-02;1.9250000e+02;5.0185576e-02;1.9250000e+02;6.6374220e-02;1.9250000e+02;8.4116504e-02;1.9250000e+02;1.0473314e-01;1.9250000e+02;1.2568946e-01;1.9250000e+02;1.4727639e-01;1.9250000e+02;1.6750230e-01;1.9250000e+02;1.8692926e-01;1.9250000e+02;2.1126087e-01;1.9250000e+02;2.3310155e-01;1.9250000e+02;2.5334075e-01;1.9250000e+02;2.7304122e-01;1.9250000e+02;2.8321862e-01;1.9250000e+02;2.8359866e-01;1.9250000e+02;2.7643231e-01;1.9250000e+02;2.6258790e-01;1.9250000e+02;2.4398884e-01;1.9250000e+02;3.6542539e-02;1.9250000e+02;5.0185576e-02;1.9250000e+02;6.6374220e-02;1.9250000e+02;8.4116504e-02;1.9250000e+02;1.0473314e-01;1.9250000e+02;1.2568946e-01;1.9250000e+02;1.4727639e-01;1.9250000e+02;1.6750230e-01;1.9250000e+02;1.8692926e-01;1.9250000e+02;2.1126087e-01;1.9250000e+02;2.3310155e-01;1.9250000e+02;2.5334075e-01;1.9250000e+02;2.7304122e-01;1.9250000e+02;2.8321862e-01;1.9250000e+02;2.8359866e-01;1.9250000e+02;2.7643231e-01;1.9250000e+02;2.6258790e-01;1.9250000e+02;2.4398884e-01;1.9250000e+02;3.6542539e-02;1.9250000e+02;5.0185576e-02;1.9250000e+02;6.6374220e-02;1.9250000e+02;8.4116504e-02;1.9250000e+02;1.0473314e-01;1.9250000e+02;1.2568946e-01;1.9250000e+02;1.4727639e-01;1.9250000e+02;1.6750230e-01;1.9250000e+02;1.8692926e-01;1.9250000e+02;2.1126087e-01;1.9250000e+02;2.3310155e-01;1.9250000e+02;2.5334075e-01;1.9250000e+02;2.7304122e-01;1.9250000e+02;2.8321862e-01;1.9250000e+02;2.8359866e-01;1.9250000e+02;2.7643231e-01;1.9250000e+02;2.6258790e-01;1.9250000e+02;2.4398884e-01;1.9250000e+02;3.6542539e-02;1.9250000e+02;5.0185576e-02;1.9250000e+02;6.6374220e-02;1.9250000e+02;8.4116504e-02;1.9250000e+02;1.0473314e-01;1.9250000e+02;1.2568946e-01;1.9250000e+02;1.4727639e-01;1.9250000e+02;1.6750230e-01;1.9250000e+02;1.8692926e-01;1.9250000e+02;2.1126087e-01;1.9250000e+02;2.3310155e-01;1.9250000e+02;2.5334075e-01;1.9250000e+02;2.7304122e-01;1.9250000e+02;2.8321862e-01;1.9250000e+02;2.8359866e-01;1.9250000e+02;2.7643231e-01;1.9250000e+02;2.6258790e-01;1.9250000e+02;2.4398884e-01;1.9250000e+02;3.6542539e-02;1.9250000e+02;5.0185576e-02;1.9250000e+02;6.6374220e-02;1.9250000e+02;8.4116504e-02;1.9250000e+02;1.0473314e-01;1.9250000e+02;1.2568946e-01;1.9250000e+02;1.4727639e-01;1.9250000e+02;1.6750230e-01;1.9250000e+02;1.8692926e-01;1.9250000e+02;2.1126087e-01;1.9250000e+02;2.3310155e-01;1.9250000e+02;2.5334075e-01;1.9250000e+02;2.7304122e-01;1.9250000e+02;2.8321862e-01;1.9250000e+02;2.8359866e-01;1.9250000e+02;2.7643231e-01;1.9250000e+02;2.6258790e-01;1.9250000e+02;2.4398884e-01;1.9250000e+02;3.6542539e-02;1.9250000e+02;5.0185576e-02;1.9250000e+02;6.6374220e-02;1.9250000e+02;8.4116504e-02;1.9250000e+02;1.0473314e-01;1.9250000e+02;1.2568946e-01;1.9250000e+02;1.4727639e-01;1.9250000e+02;1.6750230e-01;1.9250000e+02;1.8692926e-01;1.9250000e+02;2.1126087e-01;1.9250000e+02;2.3310155e-01;1.9250000e+02;2.5334075e-01;1.9250000e+02;2.7304122e-01;1.9250000e+02;2.8321862e-01;1.9250000e+02;2.8359866e-01;1.9250000e+02;2.7643231e-01;1.9250000e+02;2.6258790e-01;1.9250000e+02;2.4398884e-01;1.9250000e+02;3.6542539e-02;1.9250000e+02;5.0185576e-02;1.9250000e+02;6.6374220e-02;1.9250000e+02;8.4116504e-02;1.9250000e+02;1.0473314e-01;1.9250000e+02;1.2568946e-01;1.9250000e+02;1.4727639e-01;1.9250000e+02;1.6750230e-01;1.9250000e+02;1.8692926e-01;1.9250000e+02;2.1126087e-01;1.9250000e+02;2.3310155e-01;1.9250000e+02;2.5334075e-01;1.9250000e+02;2.7304122e-01;1.9250000e+02;2.8321862e-01;1.9250000e+02;2.8359866e-01;1.9250000e+02;2.7643231e-01;1.9250000e+02;2.6258790e-01;1.9250000e+02;2.4398884e-01;1.9250000e+02;3.6542539e-02;1.9250000e+02;5.0185576e-02;1.9250000e+02;6.6374220e-02;1.9250000e+02;8.4116504e-02;1.9250000e+02;1.0473314e-01;1.9250000e+02;1.2568946e-01;1.9250000e+02;1.4727639e-01;1.9250000e+02;1.6750230e-01;1.9250000e+02;1.8692926e-01;1.9250000e+02;2.1126087e-01;1.9250000e+02;2.3310155e-01;1.9250000e+02;2.5334075e-01;1.9250000e+02;2.7304122e-01;1.9250000e+02;2.8321862e-01;1.9250000e+02;2.8359866e-01;1.9250000e+02;2.7643231e-01;1.9250000e+02;2.6258790e-01;1.9250000e+02;2.4398884e-01;1.9250000e+02;3.6542539e-02;1.9250000e+02;5.0185576e-02;1.9250000e+02;6.6374220e-02;1.9250000e+02;8.4116504e-02;1.9250000e+02;1.0473314e-01;1.9250000e+02;1.2568946e-01;1.9250000e+02;1.4727639e-01;1.9250000e+02;1.6750230e-01;1.9250000e+02;1.8692926e-01;1.9250000e+02;2.1126087e-01;1.9250000e+02;2.3310155e-01;1.9250000e+02;2.5334075e-01;1.9250000e+02;2.7304122e-01;1.9250000e+02;2.8321862e-01;1.9250000e+02;2.8359866e-01;1.9250000e+02;2.7643231e-01;1.9250000e+02;2.6258790e-01;1.9250000e+02;2.4398884e-01;1.9250000e+02;3.6542539e-02;1.9250000e+02;5.0185576e-02;1.9250000e+02;6.6374220e-02;1.9250000e+02;8.4116504e-02;1.9250000e+02;1.0473314e-01;1.9250000e+02;1.2568946e-01;1.9250000e+02;1.4727639e-01;1.9250000e+02;1.6750230e-01;1.9250000e+02;1.8692926e-01;1.9250000e+02;2.1126087e-01;1.9250000e+02;2.3310155e-01;1.9250000e+02;2.5334075e-01;1.9250000e+02;2.7304122e-01;1.9250000e+02;2.8321862e-01;1.9250000e+02;2.8359866e-01;1.9250000e+02;2.7643231e-01;1.9250000e+02;2.6258790e-01;1.9250000e+02;2.4398884e-01;1.9250000e+02;3.6542539e-02;1.9250000e+02;5.0185576e-02;1.9250000e+02;6.6374220e-02;1.9250000e+02;8.4116504e-02;1.9250000e+02;1.0473314e-01;1.9250000e+02;1.2568946e-01;1.9250000e+02;1.4727639e-01;1.9250000e+02;1.6750230e-01;1.9250000e+02;1.8692926e-01;1.9250000e+02;2.1126087e-01;1.9250000e+02;2.3310155e-01;1.9250000e+02;2.5334075e-01;1.9250000e+02;2.7304122e-01;1.9250000e+02;2.8321862e-01;1.9250000e+02;2.8359866e-01;1.9250000e+02;2.7643231e-01;1.9250000e+02;2.6258790e-01;1.9250000e+02;2.4398884e-01;1.9250000e+02;3.6542539e-02;1.9250000e+02;5.0185576e-02;1.9250000e+02;6.6374220e-02;1.9250000e+02;8.4116504e-02;1.9250000e+02;1.0473314e-01;1.9250000e+02;1.2568946e-01;1.9250000e+02;1.4727639e-01;1.9250000e+02;1.6750230e-01;1.9250000e+02;1.8692926e-01;1.9250000e+02;2.1126087e-01;1.9250000e+02;2.3310155e-01;1.9250000e+02;2.5334075e-01;1.9250000e+02;2.7304122e-01;1.9250000e+02;2.8321862e-01;1.9250000e+02;2.8359866e-01;1.9250000e+02;2.7643231e-01;1.9250000e+02;2.6258790e-01;1.9250000e+02;2.4398884e-01;1.9250000e+02;3.6542539e-02;1.9250000e+02;5.0185576e-02;1.9250000e+02;6.6374220e-02;1.9250000e+02;8.4116504e-02;1.9250000e+02;1.0473314e-01;1.9250000e+02;1.2568946e-01;1.9250000e+02;1.4727639e-01;1.9250000e+02;1.6750230e-01;1.9250000e+02;1.8692926e-01;1.9250000e+02;2.1126087e-01;1.9250000e+02;2.3310155e-01;1.9250000e+02;2.5334075e-01;1.9250000e+02;2.7304122e-01;1.9250000e+02;2.8321862e-01;1.9250000e+02;2.8359866e-01;1.9250000e+02;2.7643231e-01;1.9250000e+02;2.6258790e-01;1.9250000e+02;2.4398884e-01
1.9750000e+02;3.4778081e-02;1.9750000e+02;4.8639487e-02;1.9750000e+02;6.3586868e-02;1.9750000e+02;8.1402555e-02;1.9750000e+02;1.0089745e-01;1.9750000e+02;1.2067857e-01;1.9750000e+02;1.4124385e-01;1.9750000e+02;1.5947464e-01;1.9750000e+02;1.8044247e-01;1.9750000e+02;1.9935305e-01;1.9750000e+02;2.1981628e-01;1.9750000e+02;2.4004468e-01;1.9750000e+02;2.6166332e-01;1.9750000e+02;2.7691174e-01;1.9750000e+02;2.8007153e-01;1.9750000e+02;2.7530125e-01;1.9750000e+02;2.6347589e-01;1.9750000e+02;2.4665828e-01;1.9750000e+02;3.4778081e-02;1.9750000e+02;4.8639487e-02;1.9750000e+02;6.3586868e-02;1.9750000e+02;8.1402555e-02;1.9750000e+02;1.0089745e-01;1.9750000e+02;1.2067857e-01;1.9750000e+02;1.4124385e-01;1.9750000e+02;1.5947464e-01;1.9750000e+02;1.8044247e-01;1.9750000e+02;1.9935305e-01;1.9750000e+02;2.1981628e-01;1.9750000e+02;2.4004468e-01;1.9750000e+02;2.6166332e-01;1.9750000e+02;2.7691174e-01;1.9750000e+02;2.8007153e-01;1.9750000e+02;2.7530125e-01;1.9750000e+02;2.6347589e-01;1.9750000e+02;2.4665828e-01;1.9750000e+02;3.4778081e-02;1.9750000e+02;4.8639487e-02;1.9750000e+02;6.3586868e-02;1.9750000e+02;8.1402555e-02;1.9750000e+02;1.0089745e-01;1.9750000e+02;1.2067857e-01;1.9750000e+02;1.4124385e-01;1.9750000e+02;1.5947464e-01;1.9750000e+02;1.8044247e-01;1.9750000e+02;1.9935305e-01;1.9750000e+02;2.1981628e-01;1.9750000e+02;2.4004468e-01;1.9750000e+02;2.6166332e-01;1.9750000e+02;2.7691174e-01;1.9750000e+02;2.8007153e-01;1.9750000e+02;2.7530125e-01;1.9750000e+02;2.6347589e-01;1.9750000e+02;2.4665828e-01;1.9750000e+02;3.4778081e-02;1.9750000e+02;4.8639487e-02;1.9750000e+02;6.3586868e-02;1.9750000e+02;8.1402555e-02;1.9750000e+02;1.0089745e-01;1.9750000e+02;1.2067857e-01;1.9750000e+02;1.4124385e-01;1.9750000e+02;1.5947464e-01;1.9750000e+02;1.8044247e-01;1.9750000e+02;1.9935305e-01;1.9750000e+02;2.1981628e-01;1.9750000e+02;2.4004468e-01;1.9750000e+02;2.6166332e-01;1.9750000e+02;2.7691174e-01;1.9750000e+02;2.8007153e-01;1.9750000e+02;2.7530125e-01;1.9750000e+02;2.6347589e-01;1.9750000e+02;2.4665828e-01;1.9750000e+02;3.4778081e-02;1.9750000e+02;4.8639487e-02;1.9750000e+02;6.3586868e-02;1.9750000e+02;8.1402555e-02;1.9750000e+02;1.0089745e-01;1.9750000e+02;1.2067857e-01;1.9750000e+02;1.4124385e-01;1.9750000e+02;1.5947464e-01;1.9750000e+02;1.8044247e-01;1.9750000e+02;1.9935305e-01;1.9750000e+02;2.1981628e-01;1.9750000e+02;2.4004468e-01;1.9750000e+02;2.6166332e-01;1.9750000e+02;2.7691174e-01;1.9750000e+02;2.8007153e-01;1.9750000e+02;2.7530125e-01;1.9750000e+02;2.6347589e-01;1.9750000e+02;2.4665828e-01;1.9750000e+02;3.4778081e-02;1.9750000e+02;4.8639487e-02;1.9750000e+02;6.3586868e-02;1.9750000e+02;8.1402555e-02;1.9750000e+02;1.0089745e-01;1.9750000e+02;1.2067857e-01;1.9750000e+02;1.4124385e-01;1.9750000e+02;1.5947464e-01;1.9750000e+02;1.8044247e-01;1.9750000e+02;1.9935305e-01;1.9750000e+02;2.1981628e-01;1.9750000e+02;2.4004468e-01;1.9750000e+02;2.6166332e-01;1.9750000e+02;2.7691174e-01;1.9750000e+02;2.8007153e-01;1.9750000e+02;2.7530125e-01;1.9750000e+02;2.6347589e-01;1.9750000e+02;2.4665828e-01;1.9750000e+02;3.4778081e-02;1.9750000e+02;4.8639487e-02;1.9750000e+02;6.3586868e-02;1.9750000e+02;8.1402555e-02;1.9750000e+02;1.0089745e-01;1.9750000e+02;1.2067857e-01;1.9750000e+02;1.4124385e-01;1.9750000e+02;1.5947464e-01;1.9750000e+02;1.8044247e-01;1.9750000e+02;1.9935305e-01;1.9750000e+02;2.1981628e-01;1.9750000e+02;2.4004468e-01;1.9750000e+02;2.6166332e-01;1.9750000e+02;2.7691174e-01;1.9750000e+02;2.8007153e-01;1.9750000e+02;2.7530125e-01;1.9750000e+02;2.6347589e-01;1.9750000e+02;2.4665828e-01;1.9750000e+02;3.4778081e-02;1.9750000e+02;4.8639487e-02;1.9750000e+02;6.3586868e-02;1.9750000e+02;8.1402555e-02;1.9750000e+02;1.0089745e-01;1.9750000e+02;1.2067857e-01;1.9750000e+02;1.4124385e-01;1.9750000e+02;1.5947464e-01;1.9750000e+02;1.8044247e-01;1.9750000e+02;1.9935305e-01;1.9750000e+02;2.1981628e-01;1.9750000e+02;2.4004468e-01;1.9750000e+02;2.6166332e-01;1.9750000e+02;2.7691174e-01;1.9750000e+02;2.8007153e-01;1.9750000e+02;2.7530125e-01;1.9750000e+02;2.6347589e-01;1.9750000e+02;2.4665828e-01;1.9750000e+02;3.4778081e-02;1.9750000e+02;4.8639487e-02;1.9750000e+02;6.3586868e-02;1.9750000e+02;8.1402555e-02;1.9750000e+02;1.0089745e-01;1.9750000e+02;1.2067857e-01;1.9750000e+02;1.4124385e-01;1.9750000e+02;1.5947464e-01;1.9750000e+02;1.8044247e-01;1.9750000e+02;1.9935305e-01;1.9750000e+02;2.1981628e-01;1.9750000e+02;2.4004468e-01;1.9750000e+02;2.6166332e-01;1.9750000e+02;2.7691174e-01;1.9750000e+02;2.8007153e-01;1.9750000e+02;2.7530125e-01;1.9750000e+02;2.6347589e-01;1.9750000e+02;2.4665828e-01;1.9750000e+02;3.4778081e-02;1.9750000e+02;4.8639487e-02;1.9750000e+02;6.3586868e-02;1.9750000e+02;8.1402555e-02;1.9750000e+02;1.0089745e-01;1.9750000e+02;1.2067857e-01;1.9750000e+02;1.4124385e-01;1.9750000e+02;1.5947464e-01;1.9750000e+02;1.8044247e-01;1.9750000e+02;1.9935305e-01;1.9750000e+02;2.1981628e-01;1.9750000e+02;2.4004468e-01;1.9750000e+02;2.6166332e-01;1.9750000e+02;2.7691174e-01;1.9750000e+02;2.8007153e-01;1.9750000e+02;2.7530125e-01;1.9750000e+02;2.6347589e-01;1.9750000e+02;2.4665828e-01;1.9750000e+02;3.4778081e-02;1.9750000e+02;4.8639487e-02;1.9750000e+02;6.3586868e-02;1.9750000e+02;8.1402555e-02;1.9750000e+02;1.0089745e-01;1.9750000e+02;1.2067857e-01;1.9750000e+02;1.4124385e-01;1.9750000e+02;1.5947464e-01;1.9750000e+02;1.8044247e-01;1.9750000e+02;1.9935305e-01;1.9750000e+02;2.1981628e-01;1.9750000e+02;2.4004468e-01;1.9750000e+02;2.6166332e-01;1.9750000e+02;2.7691174e-01;1.9750000e+02;2.8007153e-01;1.9750000e+02;2.7530125e-01;1.9750000e+02;2.6347589e-01;1.9750000e+02;2.4665828e-01;1.9750000e+02;3.4778081e-02;1.9750000e+02;4.8639487e-02;1.9750000e+02;6.3586868e-02;1.9750000e+02;8.1402555e-02;1.9750000e+02;1.0089745e-01;1.9750000e+02;1.2067857e-01;1.9750000e+02;1.4124385e-01;1.9750000e+02;1.5947464e-01;1.9750000e+02;1.8044247e-01;1.9750000e+02;1.9935305e-01;1.9750000e+02;2.1981628e-01;1.9750000e+02;2.4004468e-01;1.9750000e+02;2.6166332e-01;1.9750000e+02;2.7691174e-01;1.9750000e+02;2.8007153e-01;1.9750000e+02;2.7530125e-01;1.9750000e+02;2.6347589e-01;1.9750000e+02;2.4665828e-01;1.9750000e+02;3.4778081e-02;1.9750000e+02;4.8639487e-02;1.9750000e+02;6.3586868e-02;1.9750000e+02;8.1402555e-02;1.9750000e+02;1.0089745e-01;1.9750000e+02;1.2067857e-01;1.9750000e+02;1.4124385e-01;1.9750000e+02;1.5947464e-01;1.9750000e+02;1.8044247e-01;1.9750000e+02;1.9935305e-01;1.9750000e+02;2.1981628e-01;1.9750000e+02;2.4004468e-01;1.9750000e+02;2.6166332e-01;1.9750000e+02;2.7691174e-01;1.9750000e+02;2.8007153e-01;1.9750000e+02;2.7530125e-01;1.9750000e+02;2.6347589e-01;1.9750000e+02;2.4665828e-01;1.9750000e+02;3.4778081e-02;1.9750000e+02;4.8639487e-02;1.9750000e+02;6.3586868e-02;1.9750000e+02;8.1402555e-02;1.9750000e+02;1.0089745e-01;1.9750000e+02;1.2067857e-01;1.9750000e+02;1.4124385e-01;1.9750000e+02;1.5947464e-01;1.9750000e+02;1.8044247e-01;1.9750000e+02;1.9935305e-01;1.9750000e+02;2.1981628e-01;1.9750000e+02;2.4004468e-01;1.9750000e+02;2.6166332e-01;1.9750000e+02;2.7691174e-01;1.9750000e+02;2.8007153e-01;1.9750000e+02;2.7530125e-01;1.9750000e+02;2.6347589e-01;1.9750000e+02;2.4665828e-01;1.9750000e+02;3.4778081e-02;1.9750000e+02;4.8639487e-02;1.9750000e+02;6.3586868e-02;1.9750000e+02;8.1402555e-02;1.9750000e+02;1.0089745e-01;1.9750000e+02;1.2067857e-01;1.9750000e+02;1.4124385e-01;1.9750000e+02;1.5947464e-01;1.9750000e+02;1.8044247e-01;1.9750000e+02;1.9935305e-01;1.9750000e+02;2.1981628e-01;1.9750000e+02;2.4004468e-01;1.9750000e+02;2.6166332e-01;1.9750000e+02;2.7691174e-01;1.9750000e+02;2.8007153e-01;1.9750000e+02;2.7530125e-01;1.9750000e+02;2.6347589e-01;1.9750000e+02;2.4665828e-01;1.9750000e+02;3.4778081e-02;1.9750000e+02;4.8639487e-02;1.9750000e+02;6.3586868e-02;1.9750000e+02;8.1402555e-02;1.9750000e+02;1.0089745e-01;1.9750000e+02;1.2067857e-01;1.9750000e+02;1.4124385e-01;1.9750000e+02;1.5947464e-01;1.9750000e+02;1.8044247e-01;1.9750000e+02;1.9935305e-01;1.9750000e+02;2.1981628e-01;1.9750000e+02;2.4004468e-01;1.9750000e+02;2.6166332e-01;1.9750000e+02;2.7691174e-01;1.9750000e+02;2.8007153e-01;1.9750000e+02;2.7530125e-01;1.9750000e+02;2.6347589e-01;1.9750000e+02;2.4665828e-01;1.9750000e+02;3.4778081e-02;1.9750000e+02;4.8639487e-02;1.9750000e+02;6.3586868e-02;1.9750000e+02;8.1402555e-02;1.9750000e+02;1.0089745e-01;1.9750000e+02;1.2067857e-01;1.9750000e+02;1.4124385e-01;1.9750000e+02;1.5947464e-01;1.9750000e+02;1.8044247e-01;1.9750000e+02;1.9935305e-01;1.9750000e+02;2.1981628e-01;1.9750000e+02;2.4004468e-01;1.9750000e+02;2.6166332e-01;1.9750000e+02;2.7691174e-01;1.9750000e+02;2.8007153e-01;1.9750000e+02;2.7530125e-01;1.9750000e+02;2.6347589e-01;1.9750000e+02;2.4665828e-01;1.9750000e+02;3.4778081e-02;1.9750000e+02;4.8639487e-02;1.9750000e+02;6.3586868e-02;1.9750000e+02;8.1402555e-02;1.9750000e+02;1.0089745e-01;1.9750000e+02;1.2067857e-01;1.9750000e+02;1.4124385e-01;1.9750000e+02;1.5947464e-01;1.9750000e+02;1.8044247e-01;1.9750000e+02;1.9935305e-01;1.9750000e+02;2.1981628e-01;1.9750000e+02;2.4004468e-01;1.9750000e+02;2.6166332e-01;1.9750000e+02;2.7691174e-01;1.9750000e+02;2.8007153e-01;1.9750000e+02;2.7530125e-01;1.9750000e+02;2.6347589e-01;1.9750000e+02;2.4665828e-01;1.9750000e+02;3.4778081e-02;1.9750000e+02;4.8639487e-02;1.9750000e+02;6.3586868e-02;1.9750000e+02;8.1402555e-02;1.9750000e+02;1.0089745e-01;1.9750000e+02;1.2067857e-01;1.9750000e+02;1.4124385e-01;1.9750000e+02;1.5947464e-01;1.9750000e+02;1.8044247e-01;1.9750000e+02;1.9935305e-01;1.9750000e+02;2.1981628e-01;1.9750000e+02;2.4004468e-01;1.9750000e+02;2.6166332e-01;1.9750000e+02;2.7691174e-01;1.9750000e+02;2.8007153e-01;1.9750000e+02;2.7530125e-01;1.9750000e+02;2.6347589e-01;1.9750000e+02;2.4665828e-01;1.9750000e+02;3.4778081e-02;1.9750000e+02;4.8639487e-02;1.9750000e+02;6.3586868e-02;1.9750000e+02;8.1402555e-02;1.9750000e+02;1.0089745e-01;1.9750000e+02;1.2067857e-01;1.9750000e+02;1.4124385e-01;1.9750000e+02;1.5947464e-01;1.9750000e+02;1.8044247e-01;1.9750000e+02;1.9935305e-01;1.9750000e+02;2.1981628e-01;1.9750000e+02;2.4004468e-01;1.9750000e+02;2.6166332e-01;1.9750000e+02;2.7691174e-01;1.9750000e+02;2.8007153e-01;1.9750000e+02;2.7530125e-01;1.9750000e+02;2.6347589e-01;1.9750000e+02;2.4665828e-01;1.9750000e+02;3.4778081e-02;1.9750000e+02;4.8639487e-02;1.9750000e+02;6.3586868e-02;1.9750000e+02;8.1402555e-02;1.9750000e+02;1.0089745e-01;1.9750000e+02;1.2067857e-01;1.9750000e+02;1.4124385e-01;1.9750000e+02;1.5947464e-01;1.9750000e+02;1.8044247e-01;1.9750000e+02;1.9935305e-01;1.9750000e+02;2.1981628e-01;1.9750000e+02;2.4004468e-01;1.9750000e+02;2.6166332e-01;1.9750000e+02;2.7691174e-01;1.9750000e+02;2.8007153e-01;1.9750000e+02;2.7530125e-01;1.9750000e+02;2.6347589e-01;1.9750000e+02;2.4665828e-01;1.9750000e+02;3.4778081e-02;1.9750000e+02;4.8639487e-02;1.9750000e+02;6.3586868e-02;1.9750000e+02;8.1402555e-02;1.9750000e+02;1.0089745e-01;1.9750000e+02;1.2067857e-01;1.9750000e+02;1.4124385e-01;1.9750000e+02;1.5947464e-01;1.9750000e+02;1.8044247e-01;1.9750000e+02;1.9935305e-01;1.9750000e+02;2.1981628e-01;1.9750000e+02;2.4004468e-01;1.9750000e+02;2.6166332e-01;1.9750000e+02;2.7691174e-01;1.9750000e+02;2.8007153e-01;1.9750000e+02;2.7530125e-01;1.9750000e+02;2.6347589e-01;1.9750000e+02;2.4665828e-01;1.9750000e+02;3.4778081e-02;1.9750000e+02;4.8639487e-02;1.9750000e+02;6.3586868e-02;1.9750000e+02;8.1402555e-02;1.9750000e+02;1.0089745e-01;1.9750000e+02;1.2067857e-01;1.9750000e+02;1.4124385e-01;1.9750000e+02;1.5947464e-01;1.9750000e+02;1.8044247e-01;1.9750000e+02;1.9935305e-01;1.9750000e+02;2.1981628e-01;1.9750000e+02;2.4004468e-01;1.9750000e+02;2.6166332e-01;1.9750000e+02;2.7691174e-01;1.9750000e+02;2.8007153e-01;1.9750000e+02;2.7530125e-01;1.9750000e+02;2.6347589e-01;1.9750000e+02;2.4665828e-01;1.9750000e+02;3.4778081e-02;1.9750000e+02;4.8639487e-02;1.9750000e+02;6.3586868e-02;1.9750000e+02;8.1402555e-02;1.9750000e+02;1.0089745e-01;1.9750000e+02;1.2067857e-01;1.9750000e+02;1.4124385e-01;1.9750000e+02;1.5947464e-01;1.9750000e+02;1.8044247e-01;1.9750000e+02;1.9935305e-01;1.9750000e+02;2.1981628e-01;1.9750000e+02;2.4004468e-01;1.9750000e+02;2.6166332e-01;1.9750000e+02;2.7691174e-01;1.9750000e+02;2.8007153e-01;1.9750000e+02;2.7530125e-01;1.9750000e+02;2.6347589e-01;1.9750000e+02;2.4665828e-01;1.9750000e+02;3.4778081e-02;1.9750000e+02;4.8639487e-02;1.9750000e+02;6.3586868e-02;1.9750000e+02;8.1402555e-02;1.9750000e+02;1.0089745e-01;1.9750000e+02;1.2067857e-01;1.9750000e+02;1.4124385e-01;1.9750000e+02;1.5947464e-01;1.9750000e+02;1.8044247e-01;1.9750000e+02;1.9935305e-01;1.9750000e+02;2.1981628e-01;1.9750000e+02;2.4004468e-01;1.9750000e+02;2.6166332e-01;1.9750000e+02;2.7691174e-01;1.9750000e+02;2.8007153e-01;1.9750000e+02;2.7530125e-01;1.9750000e+02;2.6347589e-01;1.9750000e+02;2.4665828e-01;1.9750000e+02;3.4778081e-02;1.9750000e+02;4.8639487e-02;1.9750000e+02;6.3586868e-02;1.9750000e+02;8.1402555e-02;1.9750000e+02;1.0089745e-01;1.9750000e+02;1.2067857e-01;1.9750000e+02;1.4124385e-01;1.9750000e+02;1.5947464e-01;1.9750000e+02;1.8044247e-01;1.9750000e+02;1.9935305e-01;1.9750000e+02;2.1981628e-01;1.9750000e+02;2.4004468e-01;1.9750000e+02;2.6166332e-01;1.9750000e+02;2.7691174e-01;1.9750000e+02;2.8007153e-01;1.9750000e+02;2.7530125e-01;1.9750000e+02;2.6347589e-01;1.9750000e+02;2.4665828e-01;1.9750000e+02;3.4778081e-02;1.9750000e+02;4.8639487e-02;1.9750000e+02;6.3586868e-02;1.9750000e+02;8.1402555e-02;1.9750000e+02;1.0089745e-01;1.9750000e+02;1.2067857e-01;1.9750000e+02;1.4124385e-01;1.9750000e+02;1.5947464e-01;1.9750000e+02;1.8044247e-01;1.9750000e+02;1.9935305e-01;1.9750000e+02;2.1981628e-01;1.9750000e+02;2.4004468e-01;1.9750000e+02;2.6166332e-01;1.9750000e+02;2.7691174e-01;1.9750000e+02;2.8007153e-01;1.9750000e+02;2.7530125e-01;1.9750000e+02;2.6347589e-01;1.9750000e+02;2.4665828e-01;1.9750000e+02;3.4778081e-02;1.9750000e+02;4.8639487e-02;1.9750000e+02;6.3586868e-02;1.9750000e+02;8.1402555e-02;1.9750000e+02;1.0089745e-01;1.9750000e+02;1.2067857e-01;1.9750000e+02;1.4124385e-01;1.9750000e+02;1.5947464e-01;1.9750000e+02;1.8044247e-01;1.9750000e+02;1.9935305e-01;1.9750000e+02;2.1981628e-01;1.9750000e+02;2.4004468e-01;1.9750000e+02;2.6166332e-01;1.9750000e+02;2.7691174e-01;1.9750000e+02;2.8007153e-01;1.9750000e+02;2.7530125e-01;1.9750000e+02;2.6347589e-01;1.9750000e+02;2.4665828e-01;1.9750000e+02;3.4778081e-02;1.9750000e+02;4.8639487e-02;1.9750000e+02;6.3586868e-02;1.9750000e+02;8.1402555e-02;1.9750000e+02;1.0089745e-01;1.9750000e+02;1.2067857e-01;1.9750000e+02;1.4124385e-01;1.9750000e+02;1.5947464e-01;1.9750000e+02;1.8044247e-01;1.9750000e+02;1.9935305e-01;1.9750000e+02;2.1981628e-01;1.9750000e+02;2.4004468e-01;1.9750000e+02;2.6166332e-01;1.9750000e+02;2.7691174e-01;1.9750000e+02;2.8007153e-01;1.9750000e+02;2.7530125e-01;1.9750000e+02;2.6347589e-01;1.9750000e+02;2.4665828e-01;1.9750000e+02;3.4778081e-02;1.9750000e+02;4.8639487e-02;1.9750000e+02;6.3586868e-02;1.9750000e+02;8.1402555e-02;1.9750000e+02;1.0089745e-01;1.9750000e+02;1.2067857e-01;1.9750000e+02;1.4124385e-01;1.9750000e+02;1.5947464e-01;1.9750000e+02;1.8044247e-01;1.9750000e+02;1.9935305e-01;1.9750000e+02;2.1981628e-01;1.9750000e+02;2.4004468e-01;1.9750000e+02;2.6166332e-01;1.9750000e+02;2.7691174e-01;1.9750000e+02;2.8007153e-01;1.9750000e+02;2.7530125e-01;1.9750000e+02;2.6347589e-01;1.9750000e+02;2.4665828e-01;1.9750000e+02;3.4778081e-02;1.9750000e+02;4.8639487e-02;1.9750000e+02;6.3586868e-02;1.9750000e+02;8.1402555e-02;1.9750000e+02;1.0089745e-01;1.9750000e+02;1.2067857e-01;1.9750000e+02;1.4124385e-01;1.9750000e+02;1.5947464e-01;1.9750000e+02;1.8044247e-01;1.9750000e+02;1.9935305e-01;1.9750000e+02;2.1981628e-01;1.9750000e+02;2.4004468e-01;1.9750000e+02;2.6166332e-01;1.9750000e+02;2.7691174e-01;1.9750000e+02;2.8007153e-01;1.9750000e+02;2.7530125e-01;1.9750000e+02;2.6347589e-01;1.9750000e+02;2.4665828e-01;1.9750000e+02;3.4778081e-02;1.9750000e+02;4.8639487e-02;1.9750000e+02;6.3586868e-02;1.9750000e+02;8.1402555e-02;1.9750000e+02;1.0089745e-01;1.9750000e+02;1.2067857e-01;1.9750000e+02;1.4124385e-01;1.9750000e+02;1.5947464e-01;1.9750000e+02;1.8044247e-01;1.9750000e+02;1.9935305e-01;1.9750000e+02;2.1981628e-01;1.9750000e+02;2.4004468e-01;1.9750000e+02;2.6166332e-01;1.9750000e+02;2.7691174e-01;1.9750000e+02;2.8007153e-01;1.9750000e+02;2.7530125e-01;1.9750000e+02;2.6347589e-01;1.9750000e+02;2.4665828e-01;1.9750000e+02;3.4778081e-02;1.9750000e+02;4.8639487e-02;1.9750000e+02;6.3586868e-02;1.9750000e+02;8.1402555e-02;1.9750000e+02;1.0089745e-01;1.9750000e+02;1.2067857e-01;1.9750000e+02;1.4124385e-01;1.9750000e+02;1.5947464e-01;1.9750000e+02;1.8044247e-01;1.9750000e+02;1.9935305e-01;1.9750000e+02;2.1981628e-01;1.9750000e+02;2.4004468e-01;1.9750000e+02;2.6166332e-01;1.9750000e+02;2.7691174e-01;1.9750000e+02;2.8007153e-01;1.9750000e+02;2.7530125e-01;1.9750000e+02;2.6347589e-01;1.9750000e+02;2.4665828e-01;1.9750000e+02;3.4778081e-02;1.9750000e+02;4.8639487e-02;1.9750000e+02;6.3586868e-02;1.9750000e+02;8.1402555e-02;1.9750000e+02;1.0089745e-01;1.9750000e+02;1.2067857e-01;1.9750000e+02;1.4124385e-01;1.9750000e+02;1.5947464e-01;1.9750000e+02;1.8044247e-01;1.9750000e+02;1.9935305e-01;1.9750000e+02;2.1981628e-01;1.9750000e+02;2.4004468e-01;1.9750000e+02;2.6166332e-01;1.9750000e+02;2.7691174e-01;1.9750000e+02;2.8007153e-01;1.9750000e+02;2.7530125e-01;1.9750000e+02;2.6347589e-01;1.9750000e+02;2.4665828e-01;1.9750000e+02;3.4778081e-02;1.9750000e+02;4.8639487e-02;1.9750000e+02;6.3586868e-02;1.9750000e+02;8.1402555e-02;1.9750000e+02;1.0089745e-01;1.9750000e+02;1.2067857e-01;1.9750000e+02;1.4124385e-01;1.9750000e+02;1.5947464e-01;1.9750000e+02;1.8044247e-01;1.9750000e+02;1.9935305e-01;1.9750000e+02;2.1981628e-01;1.9750000e+02;2.4004468e-01;1.9750000e+02;2.6166332e-01;1.9750000e+02;2.7691174e-01;1.9750000e+02;2.8007153e-01;1.9750000e+02;2.7530125e-01;1.9750000e+02;2.6347589e-01;1.9750000e+02;2.4665828e-01;1.9750000e+02;3.4778081e-02;1.9750000e+02;4.8639487e-02;1.9750000e+02;6.3586868e-02;1.9750000e+02;8.1402555e-02;1.9750000e+02;1.0089745e-01;1.9750000e+02;1.2067857e-01;1.9750000e+02;1.4124385e-01;1.9750000e+02;1.5947464e-01;1.9750000e+02;1.8044247e-01;1.9750000e+02;1.9935305e-01;1.9750000e+02;2.1981628e-01;1.9750000e+02;2.4004468e-01;1.9750000e+02;2.6166332e-01;1.9750000e+02;2.7691174e-01;1.9750000e+02;2.8007153e-01;1.9750000e+02;2.7530125e-01;1.9750000e+02;2.6347589e-01;1.9750000e+02;2.4665828e-01;1.9750000e+02;3.4778081e-02;1.9750000e+02;4.8639487e-02;1.9750000e+02;6.3586868e-02;1.9750000e+02;8.1402555e-02;1.9750000e+02;1.0089745e-01;1.9750000e+02;1.2067857e-01;1.9750000e+02;1.4124385e-01;1.9750000e+02;1.5947464e-01;1.9750000e+02;1.8044247e-01;1.9750000e+02;1.9935305e-01;1.9750000e+02;2.1981628e-01;1.9750000e+02;2.4004468e-01;1.9750000e+02;2.6166332e-01;1.9750000e+02;2.7691174e-01;1.9750000e+02;2.8007153e-01;1.9750000e+02;2.7530125e-01;1.9750000e+02;2.6347589e-01;1.9750000e+02;2.4665828e-01;1.9750000e+02;3.4778081e-02;1.9750000e+02;4.8639487e-02;1.9750000e+02;6.3586868e-02;1.9750000e+02;8.1402555e-02;1.9750000e+02;1.0089745e-01;1.9750000e+02;1.2067857e-01;1.9750000e+02;1.4124385e-01;1.9750000e+02;1.5947464e-01;1.9750000e+02;1.8044247e-01;1.9750000e+02;1.9935305e-01;1.9750000e+02;2.1981628e-01;1.9750000e+02;2.4004468e-01;1.9750000e+02;2.6166332e-01;1.9750000e+02;2.7691174e-01;1.9750000e+02;2.8007153e-01;1.9750000e+02;2.7530125e-01;1.9750000e+02;2.6347589e-01;1.9750000e+02;2.4665828e-01;1.9750000e+02;3.4778081e-02;1.9750000e+02;4.8639487e-02;1.9750000e+02;6.3586868e-02;1.9750000e+02;8.1402555e-02;1.9750000e+02;1.0089745e-01;1.9750000e+02;1.2067857e-01;1.9750000e+02;1.4124385e-01;1.9750000e+02;1.5947464e-01;1.9750000e+02;1.8044247e-01;1.9750000e+02;1.9935305e-01;1.9750000e+02;2.1981628e-01;1.9750000e+02;2.4004468e-01;1.9750000e+02;2.6166332e-01;1.9750000e+02;2.7691174e-01;1.9750000e+02;2.8007153e-01;1.9750000e+02;2.7530125e-01;1.9750000e+02;2.6347589e-01;1.9750000e+02;2.4665828e-01;1.9750000e+02;3.4778081e-02;1.9750000e+02;4.8639487e-02;1.9750000e+02;6.3586868e-02;1.9750000e+02;8.1402555e-02;1.9750000e+02;1.0089745e-01;1.9750000e+02;1.2067857e-01;1.9750000e+02;1.4124385e-01;1.9750000e+02;1.5947464e-01;1.9750000e+02;1.8044247e-01;1.9750000e+02;1.9935305e-01;1.9750000e+02;2.1981628e-01;1.9750000e+02;2.4004468e-01;1.9750000e+02;2.6166332e-01;1.9750000e+02;2.7691174e-01;1.9750000e+02;2.8007153e-01;1.9750000e+02;2.7530125e-01;1.9750000e+02;2.6347589e-01;1.9750000e+02;2.4665828e-01;1.9750000e+02;3.4778081e-02;1.9750000e+02;4.8639487e-02;1.9750000e+02;6.3586868e-02;1.9750000e+02;8.1402555e-02;1.9750000e+02;1.0089745e-01;1.9750000e+02;1.2067857e-01;1.9750000e+02;1.4124385e-01;1.9750000e+02;1.5947464e-01;1.9750000e+02;1.8044247e-01;1.9750000e+02;1.9935305e-01;1.9750000e+02;2.1981628e-01;1.9750000e+02;2.4004468e-01;1.9750000e+02;2.6166332e-01;1.9750000e+02;2.7691174e-01;1.9750000e+02;2.8007153e-01;1.9750000e+02;2.7530125e-01;1.9750000e+02;2.6347589e-01;1.9750000e+02;2.4665828e-01;1.9750000e+02;3.4778081e-02;1.9750000e+02;4.8639487e-02;1.9750000e+02;6.3586868e-02;1.9750000e+02;8.1402555e-02;1.9750000e+02;1.0089745e-01;1.9750000e+02;1.2067857e-01;1.9750000e+02;1.4124385e-01;1.9750000e+02;1.5947464e-01;1.9750000e+02;1.8044247e-01;1.9750000e+02;1.9935305e-01;1.9750000e+02;2.1981628e-01;1.9750000e+02;2.4004468e-01;1.9750000e+02;2.6166332e-01;1.9750000e+02;2.7691174e-01;1.9750000e+02;2.8007153e-01;1.9750000e+02;2.7530125e-01;1.9750000e+02;2.6347589e-01;1.9750000e+02;2.4665828e-01;1.9750000e+02;3.4778081e-02;1.9750000e+02;4.8639487e-02;1.9750000e+02;6.3586868e-02;1.9750000e+02;8.1402555e-02;1.9750000e+02;1.0089745e-01;1.9750000e+02;1.2067857e-01;1.9750000e+02;1.4124385e-01;1.9750000e+02;1.5947464e-01;1.9750000e+02;1.8044247e-01;1.9750000e+02;1.9935305e-01;1.9750000e+02;2.1981628e-01;1.9750000e+02;2.4004468e-01;1.9750000e+02;2.6166332e-01;1.9750000e+02;2.7691174e-01;1.9750000e+02;2.8007153e-01;1.9750000e+02;2.7530125e-01;1.9750000e+02;2.6347589e-01;1.9750000e+02;2.4665828e-01;1.9750000e+02;3.4778081e-02;1.9750000e+02;4.8639487e-02;1.9750000e+02;6.3586868e-02;1.9750000e+02;8.1402555e-02;1.9750000e+02;1.0089745e-01;1.9750000e+02;1.2067857e-01;1.9750000e+02;1.4124385e-01;1.9750000e+02;1.5947464e-01;1.9750000e+02;1.8044247e-01;1.9750000e+02;1.9935305e-01;1.9750000e+02;2.1981628e-01;1.9750000e+02;2.4004468e-01;1.9750000e+02;2.6166332e-01;1.9750000e+02;2.7691174e-01;1.9750000e+02;2.8007153e-01;1.9750000e+02;2.7530125e-01;1.9750000e+02;2.6347589e-01;1.9750000e+02;2.4665828e-01;1.9750000e+02;3.4778081e-02;1.9750000e+02;4.8639487e-02;1.9750000e+02;6.3586868e-02;1.9750000e+02;8.1402555e-02;1.9750000e+02;1.0089745e-01;1.9750000e+02;1.2067857e-01;1.9750000e+02;1.4124385e-01;1.9750000e+02;1.5947464e-01;1.9750000e+02;1.8044247e-01;1.9750000e+02;1.9935305e-01;1.9750000e+02;2.1981628e-01;1.9750000e+02;2.4004468e-01;1.9750000e+02;2.6166332e-01;1.9750000e+02;2.7691174e-01;1.9750000e+02;2.8007153e-01;1.9750000e+02;2.7530125e-01;1.9750000e+02;2.6347589e-01;1.9750000e+02;2.4665828e-01;1.9750000e+02;3.4778081e-02;1.9750000e+02;4.8639487e-02;1.9750000e+02;6.3586868e-02;1.9750000e+02;8.1402555e-02;1.9750000e+02;1.0089745e-01;1.9750000e+02;1.2067857e-01;1.9750000e+02;1.4124385e-01;1.9750000e+02;1.5947464e-01;1.9750000e+02;1.8044247e-01;1.9750000e+02;1.9935305e-01;1.9750000e+02;2.1981628e-01;1.9750000e+02;2.4004468e-01;1.9750000e+02;2.6166332e-01;1.9750000e+02;2.7691174e-01;1.9750000e+02;2.8007153e-01;1.9750000e+02;2.7530125e-01;1.9750000e+02;2.6347589e-01;1.9750000e+02;2.4665828e-01;1.9750000e+02;3.4778081e-02;1.9750000e+02;4.8639487e-02;1.9750000e+02;6.3586868e-02;1.9750000e+02;8.1402555e-02;1.9750000e+02;1.0089745e-01;1.9750000e+02;1.2067857e-01;1.9750000e+02;1.4124385e-01;1.9750000e+02;1.5947464e-01;1.9750000e+02;1.8044247e-01;1.9750000e+02;1.9935305e-01;1.9750000e+02;2.1981628e-01;1.9750000e+02;2.4004468e-01;1.9750000e+02;2.6166332e-01;1.9750000e+02;2.7691174e-01;1.9750000e+02;2.8007153e-01;1.9750000e+02;2.7530125e-01;1.9750000e+02;2.6347589e-01;1.9750000e+02;2.4665828e-01;1.9750000e+02;3.4778081e-02;1.9750000e+02;4.8639487e-02;1.9750000e+02;6.3586868e-02;1.9750000e+02;8.1402555e-02;1.9750000e+02;1.0089745e-01;1.9750000e+02;1.2067857e-01;1.9750000e+02;1.4124385e-01;1.9750000e+02;1.5947464e-01;1.9750000e+02;1.8044247e-01;1.9750000e+02;1.9935305e-01;1.9750000e+02;2.1981628e-01;1.9750000e+02;2.4004468e-01;1.9750000e+02;2.6166332e-01;1.9750000e+02;2.7691174e-01;1.9750000e+02;2.8007153e-01;1.9750000e+02;2.7530125e-01;1.9750000e+02;2.6347589e-01;1.9750000e+02;2.4665828e-01;1.9750000e+02;3.4778081e-02;1.9750000e+02;4.8639487e-02;1.9750000e+02;6.3586868e-02;1.9750000e+02;8.1402555e-02;1.9750000e+02;1.0089745e-01;1.9750000e+02;1.2067857e-01;1.9750000e+02;1.4124385e-01;1.9750000e+02;1.5947464e-01;1.9750000e+02;1.8044247e-01;1.9750000e+02;1.9935305e-01;1.9750000e+02;2.1981628e-01;1.9750000e+02;2.4004468e-01;1.9750000e+02;2.6166332e-01;1.9750000e+02;2.7691174e-01;1.9750000e+02;2.8007153e-01;1.9750000e+02;2.7530125e-01;1.9750000e+02;2.6347589e-01;1.9750000e+02;2.4665828e-01;1.9750000e+02;3.4778081e-02;1.9750000e+02;4.8639487e-02;1.9750000e+02;6.3586868e-02;1.9750000e+02;8.1402555e-02;1.9750000e+02;1.0089745e-01;1.9750000e+02;1.2067857e-01;1.9750000e+02;1.4124385e-01;1.9750000e+02;1.5947464e-01;1.9750000e+02;1.8044247e-01;1.9750000e+02;1.9935305e-01;1.9750000e+02;2.1981628e-01;1.9750000e+02;2.4004468e-01;1.9750000e+02;2.6166332e-01;1.9750000e+02;2.7691174e-01;1.9750000e+02;2.8007153e-01;1.9750000e+02;2.7530125e-01;1.9750000e+02;2.6347589e-01;1.9750000e+02;2.4665828e-01;1.9750000e+02;3.4778081e-02;1.9750000e+02;4.8639487e-02;1.9750000e+02;6.3586868e-02;1.9750000e+02;8.1402555e-02;1.9750000e+02;1.0089745e-01;1.9750000e+02;1.2067857e-01;1.9750000e+02;1.4124385e-01;1.9750000e+02;1.5947464e-01;1.9750000e+02;1.8044247e-01;1.9750000e+02;1.9935305e-01;1.9750000e+02;2.1981628e-01;1.9750000e+02;2.4004468e-01;1.9750000e+02;2.6166332e-01;1.9750000e+02;2.7691174e-01;1.9750000e+02;2.8007153e-01;1.9750000e+02;2.7530125e-01;1.9750000e+02;2.6347589e-01;1.9750000e+02;2.4665828e-01;1.9750000e+02;3.4778081e-02;1.9750000e+02;4.8639487e-02;1.9750000e+02;6.3586868e-02;1.9750000e+02;8.1402555e-02;1.9750000e+02;1.0089745e-01;1.9750000e+02;1.2067857e-01;1.9750000e+02;1.4124385e-01;1.9750000e+02;1.5947464e-01;1.9750000e+02;1.8044247e-01;1.9750000e+02;1.9935305e-01;1.9750000e+02;2.1981628e-01;1.9750000e+02;2.4004468e-01;1.9750000e+02;2.6166332e-01;1.9750000e+02;2.7691174e-01;1.9750000e+02;2.8007153e-01;1.9750000e+02;2.7530125e-01;1.9750000e+02;2.6347589e-01;1.9750000e+02;2.4665828e-01;1.9750000e+02;3.4778081e-02;1.9750000e+02;4.8639487e-02;1.9750000e+02;6.3586868e-02;1.9750000e+02;8.1402555e-02;1.9750000e+02;1.0089745e-01;1.9750000e+02;1.2067857e-01;1.9750000e+02;1.4124385e-01;1.9750000e+02;1.5947464e-01;1.9750000e+02;1.8044247e-01;1.9750000e+02;1.9935305e-01;1.9750000e+02;2.1981628e-01;1.9750000e+02;2.4004468e-01;1.9750000e+02;2.6166332e-01;1.9750000e+02;2.7691174e-01;1.9750000e+02;2.8007153e-01;1.9750000e+02;2.7530125e-01;1.9750000e+02;2.6347589e-01;1.9750000e+02;2.4665828e-01;1.9750000e+02;3.4778081e-02;1.9750000e+02;4.8639487e-02;1.9750000e+02;6.3586868e-02;1.9750000e+02;8.1402555e-02;1.9750000e+02;1.0089745e-01;1.9750000e+02;1.2067857e-01;1.9750000e+02;1.4124385e-01;1.9750000e+02;1.5947464e-01;1.9750000e+02;1.8044247e-01;1.9750000e+02;1.9935305e-01;1.9750000e+02;2.1981628e-01;1.9750000e+02;2.4004468e-01;1.9750000e+02;2.6166332e-01;1.9750000e+02;2.7691174e-01;1.9750000e+02;2.8007153e-01;1.9750000e+02;2.7530125e-01;1.9750000e+02;2.6347589e-01;1.9750000e+02;2.4665828e-01;1.9750000e+02;3.4778081e-02;1.9750000e+02;4.8639487e-02;1.9750000e+02;6.3586868e-02;1.9750000e+02;8.1402555e-02;1.9750000e+02;1.0089745e-01;1.9750000e+02;1.2067857e-01;1.9750000e+02;1.4124385e-01;1.9750000e+02;1.5947464e-01;1.9750000e+02;1.8044247e-01;1.9750000e+02;1.9935305e-01;1.9750000e+02;2.1981628e-01;1.9750000e+02;2.4004468e-01;1.9750000e+02;2.6166332e-01;1.9750000e+02;2.7691174e-01;1.9750000e+02;2.8007153e-01;1.9750000e+02;2.7530125e-01;1.9750000e+02;2.6347589e-01;1.9750000e+02;2.4665828e-01;1.9750000e+02;3.4778081e-02;1.9750000e+02;4.8639487e-02;1.9750000e+02;6.3586868e-02;1.9750000e+02;8.1402555e-02;1.9750000e+02;1.0089745e-01;1.9750000e+02;1.2067857e-01;1.9750000e+02;1.4124385e-01;1.9750000e+02;1.5947464e-01;1.9750000e+02;1.8044247e-01;1.9750000e+02;1.9935305e-01;1.9750000e+02;2.1981628e-01;1.9750000e+02;2.4004468e-01;1.9750000e+02;2.6166332e-01;1.9750000e+02;2.7691174e-01;1.9750000e+02;2.8007153e-01;1.9750000e+02;2.7530125e-01;1.9750000e+02;2.6347589e-01;1.9750000e+02;2.4665828e-01;1.9750000e+02;3.4778081e-02;1.9750000e+02;4.8639487e-02;1.9750000e+02;6.3586868e-02;1.9750000e+02;8.1402555e-02;1.9750000e+02;1.0089745e-01;1.9750000e+02;1.2067857e-01;1.9750000e+02;1.4124385e-01;1.9750000e+02;1.5947464e-01;1.9750000e+02;1.8044247e-01;1.9750000e+02;1.9935305e-01;1.9750000e+02;2.1981628e-01;1.9750000e+02;2.4004468e-01;1.9750000e+02;2.6166332e-01;1.9750000e+02;2.7691174e-01;1.9750000e+02;2.8007153e-01;1.9750000e+02;2.7530125e-01;1.9750000e+02;2.6347589e-01;1.9750000e+02;2.4665828e-01;1.9750000e+02;3.4778081e-02;1.9750000e+02;4.8639487e-02;1.9750000e+02;6.3586868e-02;1.9750000e+02;8.1402555e-02;1.9750000e+02;1.0089745e-01;1.9750000e+02;1.2067857e-01;1.9750000e+02;1.4124385e-01;1.9750000e+02;1.5947464e-01;1.9750000e+02;1.8044247e-01;1.9750000e+02;1.9935305e-01;1.9750000e+02;2.1981628e-01;1.9750000e+02;2.4004468e-01;1.9750000e+02;2.6166332e-01;1.9750000e+02;2.7691174e-01;1.9750000e+02;2.8007153e-01;1.9750000e+02;2.7530125e-01;1.9750000e+02;2.6347589e-01;1.9750000e+02;2.4665828e-01;1.9750000e+02;3.4778081e-02;1.9750000e+02;4.8639487e-02;1.9750000e+02;6.3586868e-02;1.9750000e+02;8.1402555e-02;1.9750000e+02;1.0089745e-01;1.9750000e+02;1.2067857e-01;1.9750000e+02;1.4124385e-01;1.9750000e+02;1.5947464e-01;1.9750000e+02;1.8044247e-01;1.9750000e+02;1.9935305e-01;1.9750000e+02;2.1981628e-01;1.9750000e+02;2.4004468e-01;1.9750000e+02;2.6166332e-01;1.9750000e+02;2.7691174e-01;1.9750000e+02;2.8007153e-01;1.9750000e+02;2.7530125e-01;1.9750000e+02;2.6347589e-01;1.9750000e+02;2.4665828e-01;1.9750000e+02;3.4778081e-02;1.9750000e+02;4.8639487e-02;1.9750000e+02;6.3586868e-02;1.9750000e+02;8.1402555e-02;1.9750000e+02;1.0089745e-01;1.9750000e+02;1.2067857e-01;1.9750000e+02;1.4124385e-01;1.9750000e+02;1.5947464e-01;1.9750000e+02;1.8044247e-01;1.9750000e+02;1.9935305e-01;1.9750000e+02;2.1981628e-01;1.9750000e+02;2.4004468e-01;1.9750000e+02;2.6166332e-01;1.9750000e+02;2.7691174e-01;1.9750000e+02;2.8007153e-01;1.9750000e+02;2.7530125e-01;1.9750000e+02;2.6347589e-01;1.9750000e+02;2.4665828e-01;1.9750000e+02;3.4778081e-02;1.9750000e+02;4.8639487e-02;1.9750000e+02;6.3586868e-02;1.9750000e+02;8.1402555e-02;1.9750000e+02;1.0089745e-01;1.9750000e+02;1.2067857e-01;1.9750000e+02;1.4124385e-01;1.9750000e+02;1.5947464e-01;1.9750000e+02;1.8044247e-01;1.9750000e+02;1.9935305e-01;1.9750000e+02;2.1981628e-01;1.9750000e+02;2.4004468e-01;1.9750000e+02;2.6166332e-01;1.9750000e+02;2.7691174e-01;1.9750000e+02;2.8007153e-01;1.9750000e+02;2.7530125e-01;1.9750000e+02;2.6347589e-01;1.9750000e+02;2.4665828e-01;1.9750000e+02;3.4778081e-02;1.9750000e+02;4.8639487e-02;1.9750000e+02;6.3586868e-02;1.9750000e+02;8.1402555e-02;1.9750000e+02;1.0089745e-01;1.9750000e+02;1.2067857e-01;1.9750000e+02;1.4124385e-01;1.9750000e+02;1.5947464e-01;1.9750000e+02;1.8044247e-01;1.9750000e+02;1.9935305e-01;1.9750000e+02;2.1981628e-01;1.9750000e+02;2.4004468e-01;1.9750000e+02;2.6166332e-01;1.9750000e+02;2.7691174e-01;1.9750000e+02;2.8007153e-01;1.9750000e+02;2.7530125e-01;1.9750000e+02;2.6347589e-01;1.9750000e+02;2.4665828e-01;1.9750000e+02;3.4778081e-02;1.9750000e+02;4.8639487e-02;1.9750000e+02;6.3586868e-02;1.9750000e+02;8.1402555e-02;1.9750000e+02;1.0089745e-01;1.9750000e+02;1.2067857e-01;1.9750000e+02;1.4124385e-01;1.9750000e+02;1.5947464e-01;1.9750000e+02;1.8044247e-01;1.9750000e+02;1.9935305e-01;1.9750000e+02;2.1981628e-01;1.9750000e+02;2.4004468e-01;1.9750000e+02;2.6166332e-01;1.9750000e+02;2.7691174e-01;1.9750000e+02;2.8007153e-01;1.9750000e+02;2.7530125e-01;1.9750000e+02;2.6347589e-01;1.9750000e+02;2.4665828e-01;1.9750000e+02;3.4778081e-02;1.9750000e+02;4.8639487e-02;1.9750000e+02;6.3586868e-02;1.9750000e+02;8.1402555e-02;1.9750000e+02;1.0089745e-01;1.9750000e+02;1.2067857e-01;1.9750000e+02;1.4124385e-01;1.9750000e+02;1.5947464e-01;1.9750000e+02;1.8044247e-01;1.9750000e+02;1.9935305e-01;1.9750000e+02;2.1981628e-01;1.9750000e+02;2.4004468e-01;1.9750000e+02;2.6166332e-01;1.9750000e+02;2.7691174e-01;1.9750000e+02;2.8007153e-01;1.9750000e+02;2.7530125e-01;1.9750000e+02;2.6347589e-01;1.9750000e+02;2.4665828e-01;1.9750000e+02;3.4778081e-02;1.9750000e+02;4.8639487e-02;1.9750000e+02;6.3586868e-02;1.9750000e+02;8.1402555e-02;1.9750000e+02;1.0089745e-01;1.9750000e+02;1.2067857e-01;1.9750000e+02;1.4124385e-01;1.9750000e+02;1.5947464e-01;1.9750000e+02;1.8044247e-01;1.9750000e+02;1.9935305e-01;1.9750000e+02;2.1981628e-01;1.9750000e+02;2.4004468e-01;1.9750000e+02;2.6166332e-01;1.9750000e+02;2.7691174e-01;1.9750000e+02;2.8007153e-01;1.9750000e+02;2.7530125e-01;1.9750000e+02;2.6347589e-01;1.9750000e+02;2.4665828e-01;1.9750000e+02;3.4778081e-02;1.9750000e+02;4.8639487e-02;1.9750000e+02;6.3586868e-02;1.9750000e+02;8.1402555e-02;1.9750000e+02;1.0089745e-01;1.9750000e+02;1.2067857e-01;1.9750000e+02;1.4124385e-01;1.9750000e+02;1.5947464e-01;1.9750000e+02;1.8044247e-01;1.9750000e+02;1.9935305e-01;1.9750000e+02;2.1981628e-01;1.9750000e+02;2.4004468e-01;1.9750000e+02;2.6166332e-01;1.9750000e+02;2.7691174e-01;1.9750000e+02;2.8007153e-01;1.9750000e+02;2.7530125e-01;1.9750000e+02;2.6347589e-01;1.9750000e+02;2.4665828e-01;1.9750000e+02;3.4778081e-02;1.9750000e+02;4.8639487e-02;1.9750000e+02;6.3586868e-02;1.9750000e+02;8.1402555e-02;1.9750000e+02;1.0089745e-01;1.9750000e+02;1.2067857e-01;1.9750000e+02;1.4124385e-01;1.9750000e+02;1.5947464e-01;1.9750000e+02;1.8044247e-01;1.9750000e+02;1.9935305e-01;1.9750000e+02;2.1981628e-01;1.9750000e+02;2.4004468e-01;1.9750000e+02;2.6166332e-01;1.9750000e+02;2.7691174e-01;1.9750000e+02;2.8007153e-01;1.9750000e+02;2.7530125e-01;1.9750000e+02;2.6347589e-01;1.9750000e+02;2.4665828e-01;1.9750000e+02;3.4778081e-02;1.9750000e+02;4.8639487e-02;1.9750000e+02;6.3586868e-02;1.9750000e+02;8.1402555e-02;1.9750000e+02;1.0089745e-01;1.9750000e+02;1.2067857e-01;1.9750000e+02;1.4124385e-01;1.9750000e+02;1.5947464e-01;1.9750000e+02;1.8044247e-01;1.9750000e+02;1.9935305e-01;1.9750000e+02;2.1981628e-01;1.9750000e+02;2.4004468e-01;1.9750000e+02;2.6166332e-01;1.9750000e+02;2.7691174e-01;1.9750000e+02;2.8007153e-01;1.9750000e+02;2.7530125e-01;1.9750000e+02;2.6347589e-01;1.9750000e+02;2.4665828e-01;1.9750000e+02;3.4778081e-02;1.9750000e+02;4.8639487e-02;1.9750000e+02;6.3586868e-02;1.9750000e+02;8.1402555e-02;1.9750000e+02;1.0089745e-01;1.9750000e+02;1.2067857e-01;1.9750000e+02;1.4124385e-01;1.9750000e+02;1.5947464e-01;1.9750000e+02;1.8044247e-01;1.9750000e+02;1.9935305e-01;1.9750000e+02;2.1981628e-01;1.9750000e+02;2.4004468e-01;1.9750000e+02;2.6166332e-01;1.9750000e+02;2.7691174e-01;1.9750000e+02;2.8007153e-01;1.9750000e+02;2.7530125e-01;1.9750000e+02;2.6347589e-01;1.9750000e+02;2.4665828e-01;1.9750000e+02;3.4778081e-02;1.9750000e+02;4.8639487e-02;1.9750000e+02;6.3586868e-02;1.9750000e+02;8.1402555e-02;1.9750000e+02;1.0089745e-01;1.9750000e+02;1.2067857e-01;1.9750000e+02;1.4124385e-01;1.9750000e+02;1.5947464e-01;1.9750000e+02;1.8044247e-01;1.9750000e+02;1.9935305e-01;1.9750000e+02;2.1981628e-01;1.9750000e+02;2.4004468e-01;1.9750000e+02;2.6166332e-01;1.9750000e+02;2.7691174e-01;1.9750000e+02;2.8007153e-01;1.9750000e+02;2.7530125e-01;1.9750000e+02;2.6347589e-01;1.9750000e+02;2.4665828e-01;1.9750000e+02;3.4778081e-02;1.9750000e+02;4.8639487e-02;1.9750000e+02;6.3586868e-02;1.9750000e+02;8.1402555e-02;1.9750000e+02;1.0089745e-01;1.9750000e+02;1.2067857e-01;1.9750000e+02;1.4124385e-01;1.9750000e+02;1.5947464e-01;1.9750000e+02;1.8044247e-01;1.9750000e+02;1.9935305e-01;1.9750000e+02;2.1981628e-01;1.9750000e+02;2.4004468e-01;1.9750000e+02;2.6166332e-01;1.9750000e+02;2.7691174e-01;1.9750000e+02;2.8007153e-01;1.9750000e+02;2.7530125e-01;1.9750000e+02;2.6347589e-01;1.9750000e+02;2.4665828e-01;1.9750000e+02;3.4778081e-02;1.9750000e+02;4.8639487e-02;1.9750000e+02;6.3586868e-02;1.9750000e+02;8.1402555e-02;1.9750000e+02;1.0089745e-01;1.9750000e+02;1.2067857e-01;1.9750000e+02;1.4124385e-01;1.9750000e+02;1.5947464e-01;1.9750000e+02;1.8044247e-01;1.9750000e+02;1.9935305e-01;1.9750000e+02;2.1981628e-01;1.9750000e+02;2.4004468e-01;1.9750000e+02;2.6166332e-01;1.9750000e+02;2.7691174e-01;1.9750000e+02;2.8007153e-01;1.9750000e+02;2.7530125e-01;1.9750000e+02;2.6347589e-01;1.9750000e+02;2.4665828e-01;1.9750000e+02;3.4778081e-02;1.9750000e+02;4.8639487e-02;1.9750000e+02;6.3586868e-02;1.9750000e+02;8.1402555e-02;1.9750000e+02;1.0089745e-01;1.9750000e+02;1.2067857e-01;1.9750000e+02;1.4124385e-01;1.9750000e+02;1.5947464e-01;1.9750000e+02;1.8044247e-01;1.9750000e+02;1.9935305e-01;1.9750000e+02;2.1981628e-01;1.9750000e+02;2.4004468e-01;1.9750000e+02;2.6166332e-01;1.9750000e+02;2.7691174e-01;1.9750000e+02;2.8007153e-01;1.9750000e+02;2.7530125e-01;1.9750000e+02;2.6347589e-01;1.9750000e+02;2.4665828e-01
2.0250000e+02;3.3221852e-02;2.0250000e+02;4.5816198e-02;2.0250000e+02;5.9987117e-02;2.0250000e+02;7.7028684e-02;2.0250000e+02;9.5304467e-02;2.0250000e+02;1.1444806e-01;2.0250000e+02;1.3285334e-01;2.0250000e+02;1.5228741e-01;2.0250000e+02;1.7097744e-01;2.0250000e+02;1.8634579e-01;2.0250000e+02;2.0442918e-01;2.0250000e+02;2.2619769e-01;2.0250000e+02;2.4967104e-01;2.0250000e+02;2.6978061e-01;2.0250000e+02;2.7567071e-01;2.0250000e+02;2.7321711e-01;2.0250000e+02;2.6336133e-01;2.0250000e+02;2.4822888e-01;2.0250000e+02;3.3221852e-02;2.0250000e+02;4.5816198e-02;2.0250000e+02;5.9987117e-02;2.0250000e+02;7.7028684e-02;2.0250000e+02;9.5304467e-02;2.0250000e+02;1.1444806e-01;2.0250000e+02;1.3285334e-01;2.0250000e+02;1.5228741e-01;2.0250000e+02;1.7097744e-01;2.0250000e+02;1.8634579e-01;2.0250000e+02;2.0442918e-01;2.0250000e+02;2.2619769e-01;2.0250000e+02;2.4967104e-01;2.0250000e+02;2.6978061e-01;2.0250000e+02;2.7567071e-01;2.0250000e+02;2.7321711e-01;2.0250000e+02;2.6336133e-01;2.0250000e+02;2.4822888e-01;2.0250000e+02;3.3221852e-02;2.0250000e+02;4.5816198e-02;2.0250000e+02;5.9987117e-02;2.0250000e+02;7.7028684e-02;2.0250000e+02;9.5304467e-02;2.0250000e+02;1.1444806e-01;2.0250000e+02;1.3285334e-01;2.0250000e+02;1.5228741e-01;2.0250000e+02;1.7097744e-01;2.0250000e+02;1.8634579e-01;2.0250000e+02;2.0442918e-01;2.0250000e+02;2.2619769e-01;2.0250000e+02;2.4967104e-01;2.0250000e+02;2.6978061e-01;2.0250000e+02;2.7567071e-01;2.0250000e+02;2.7321711e-01;2.0250000e+02;2.6336133e-01;2.0250000e+02;2.4822888e-01;2.0250000e+02;3.3221852e-02;2.0250000e+02;4.5816198e-02;2.0250000e+02;5.9987117e-02;2.0250000e+02;7.7028684e-02;2.0250000e+02;9.5304467e-02;2.0250000e+02;1.1444806e-01;2.0250000e+02;1.3285334e-01;2.0250000e+02;1.5228741e-01;2.0250000e+02;1.7097744e-01;2.0250000e+02;1.8634579e-01;2.0250000e+02;2.0442918e-01;2.0250000e+02;2.2619769e-01;2.0250000e+02;2.4967104e-01;2.0250000e+02;2.6978061e-01;2.0250000e+02;2.7567071e-01;2.0250000e+02;2.7321711e-01;2.0250000e+02;2.6336133e-01;2.0250000e+02;2.4822888e-01;2.0250000e+02;3.3221852e-02;2.0250000e+02;4.5816198e-02;2.0250000e+02;5.9987117e-02;2.0250000e+02;7.7028684e-02;2.0250000e+02;9.5304467e-02;2.0250000e+02;1.1444806e-01;2.0250000e+02;1.3285334e-01;2.0250000e+02;1.5228741e-01;2.0250000e+02;1.7097744e-01;2.0250000e+02;1.8634579e-01;2.0250000e+02;2.0442918e-01;2.0250000e+02;2.2619769e-01;2.0250000e+02;2.4967104e-01;2.0250000e+02;2.6978061e-01;2.0250000e+02;2.7567071e-01;2.0250000e+02;2.7321711e-01;2.0250000e+02;2.6336133e-01;2.0250000e+02;2.4822888e-01;2.0250000e+02;3.3221852e-02;2.0250000e+02;4.5816198e-02;2.0250000e+02;5.9987117e-02;2.0250000e+02;7.7028684e-02;2.0250000e+02;9.5304467e-02;2.0250000e+02;1.1444806e-01;2.0250000e+02;1.3285334e-01;2.0250000e+02;1.5228741e-01;2.0250000e+02;1.7097744e-01;2.0250000e+02;1.8634579e-01;2.0250000e+02;2.0442918e-01;2.0250000e+02;2.2619769e-01;2.0250000e+02;2.4967104e-01;2.0250000e+02;2.6978061e-01;2.0250000e+02;2.7567071e-01;2.0250000e+02;2.7321711e-01;2.0250000e+02;2.6336133e-01;2.0250000e+02;2.4822888e-01;2.0250000e+02;3.3221852e-02;2.0250000e+02;4.5816198e-02;2.0250000e+02;5.9987117e-02;2.0250000e+02;7.7028684e-02;2.0250000e+02;9.5304467e-02;2.0250000e+02;1.1444806e-01;2.0250000e+02;1.3285334e-01;2.0250000e+02;1.5228741e-01;2.0250000e+02;1.7097744e-01;2.0250000e+02;1.8634579e-01;2.0250000e+02;2.0442918e-01;2.0250000e+02;2.2619769e-01;2.0250000e+02;2.4967104e-01;2.0250000e+02;2.6978061e-01;2.0250000e+02;2.7567071e-01;2.0250000e+02;2.7321711e-01;2.0250000e+02;2.6336133e-01;2.0250000e+02;2.4822888e-01;2.0250000e+02;3.3221852e-02;2.0250000e+02;4.5816198e-02;2.0250000e+02;5.9987117e-02;2.0250000e+02;7.7028684e-02;2.0250000e+02;9.5304467e-02;2.0250000e+02;1.1444806e-01;2.0250000e+02;1.3285334e-01;2.0250000e+02;1.5228741e-01;2.0250000e+02;1.7097744e-01;2.0250000e+02;1.8634579e-01;2.0250000e+02;2.0442918e-01;2.0250000e+02;2.2619769e-01;2.0250000e+02;2.4967104e-01;2.0250000e+02;2.6978061e-01;2.0250000e+02;2.7567071e-01;2.0250000e+02;2.7321711e-01;2.0250000e+02;2.6336133e-01;2.0250000e+02;2.4822888e-01;2.0250000e+02;3.3221852e-02;2.0250000e+02;4.5816198e-02;2.0250000e+02;5.9987117e-02;2.0250000e+02;7.7028684e-02;2.0250000e+02;9.5304467e-02;2.0250000e+02;1.1444806e-01;2.0250000e+02;1.3285334e-01;2.0250000e+02;1.5228741e-01;2.0250000e+02;1.7097744e-01;2.0250000e+02;1.8634579e-01;2.0250000e+02;2.0442918e-01;2.0250000e+02;2.2619769e-01;2.0250000e+02;2.4967104e-01;2.0250000e+02;2.6978061e-01;2.0250000e+02;2.7567071e-01;2.0250000e+02;2.7321711e-01;2.0250000e+02;2.6336133e-01;2.0250000e+02;2.4822888e-01;2.0250000e+02;3.3221852e-02;2.0250000e+02;4.5816198e-02;2.0250000e+02;5.9987117e-02;2.0250000e+02;7.7028684e-02;2.0250000e+02;9.5304467e-02;2.0250000e+02;1.1444806e-01;2.0250000e+02;1.3285334e-01;2.0250000e+02;1.5228741e-01;2.0250000e+02;1.7097744e-01;2.0250000e+02;1.8634579e-01;2.0250000e+02;2.0442918e-01;2.0250000e+02;2.2619769e-01;2.0250000e+02;2.4967104e-01;2.0250000e+02;2.6978061e-01;2.0250000e+02;2.7567071e-01;2.0250000e+02;2.7321711e-01;2.0250000e+02;2.6336133e-01;2.0250000e+02;2.4822888e-01;2.0250000e+02;3.3221852e-02;2.0250000e+02;4.5816198e-02;2.0250000e+02;5.9987117e-02;2.0250000e+02;7.7028684e-02;2.0250000e+02;9.5304467e-02;2.0250000e+02;1.1444806e-01;2.0250000e+02;1.3285334e-01;2.0250000e+02;1.5228741e-01;2.0250000e+02;1.7097744e-01;2.0250000e+02;1.8634579e-01;2.0250000e+02;2.0442918e-01;2.0250000e+02;2.2619769e-01;2.0250000e+02;2.4967104e-01;2.0250000e+02;2.6978061e-01;2.0250000e+02;2.7567071e-01;2.0250000e+02;2.7321711e-01;2.0250000e+02;2.6336133e-01;2.0250000e+02;2.4822888e-01;2.0250000e+02;3.3221852e-02;2.0250000e+02;4.5816198e-02;2.0250000e+02;5.9987117e-02;2.0250000e+02;7.7028684e-02;2.0250000e+02;9.5304467e-02;2.0250000e+02;1.1444806e-01;2.0250000e+02;1.3285334e-01;2.0250000e+02;1.5228741e-01;2.0250000e+02;1.7097744e-01;2.0250000e+02;1.8634579e-01;2.0250000e+02;2.0442918e-01;2.0250000e+02;2.2619769e-01;2.0250000e+02;2.4967104e-01;2.0250000e+02;2.6978061e-01;2.0250000e+02;2.7567071e-01;2.0250000e+02;2.7321711e-01;2.0250000e+02;2.6336133e-01;2.0250000e+02;2.4822888e-01;2.0250000e+02;3.3221852e-02;2.0250000e+02;4.5816198e-02;2.0250000e+02;5.9987117e-02;2.0250000e+02;7.7028684e-02;2.0250000e+02;9.5304467e-02;2.0250000e+02;1.1444806e-01;2.0250000e+02;1.3285334e-01;2.0250000e+02;1.5228741e-01;2.0250000e+02;1.7097744e-01;2.0250000e+02;1.8634579e-01;2.0250000e+02;2.0442918e-01;2.0250000e+02;2.2619769e-01;2.0250000e+02;2.4967104e-01;2.0250000e+02;2.6978061e-01;2.0250000e+02;2.7567071e-01;2.0250000e+02;2.7321711e-01;2.0250000e+02;2.6336133e-01;2.0250000e+02;2.4822888e-01;2.0250000e+02;3.3221852e-02;2.0250000e+02;4.5816198e-02;2.0250000e+02;5.9987117e-02;2.0250000e+02;7.7028684e-02;2.0250000e+02;9.5304467e-02;2.0250000e+02;1.1444806e-01;2.0250000e+02;1.3285334e-01;2.0250000e+02;1.5228741e-01;2.0250000e+02;1.7097744e-01;2.0250000e+02;1.8634579e-01;2.0250000e+02;2.0442918e-01;2.0250000e+02;2.2619769e-01;2.0250000e+02;2.4967104e-01;2.0250000e+02;2.6978061e-01;2.0250000e+02;2.7567071e-01;2.0250000e+02;2.7321711e-01;2.0250000e+02;2.6336133e-01;2.0250000e+02;2.4822888e-01;2.0250000e+02;3.3221852e-02;2.0250000e+02;4.5816198e-02;2.0250000e+02;5.9987117e-02;2.0250000e+02;7.7028684e-02;2.0250000e+02;9.5304467e-02;2.0250000e+02;1.1444806e-01;2.0250000e+02;1.3285334e-01;2.0250000e+02;1.5228741e-01;2.0250000e+02;1.7097744e-01;2.0250000e+02;1.8634579e-01;2.0250000e+02;2.0442918e-01;2.0250000e+02;2.2619769e-01;2.0250000e+02;2.4967104e-01;2.0250000e+02;2.6978061e-01;2.0250000e+02;2.7567071e-01;2.0250000e+02;2.7321711e-01;2.0250000e+02;2.6336133e-01;2.0250000e+02;2.4822888e-01;2.0250000e+02;3.3221852e-02;2.0250000e+02;4.5816198e-02;2.0250000e+02;5.9987117e-02;2.0250000e+02;7.7028684e-02;2.0250000e+02;9.5304467e-02;2.0250000e+02;1.1444806e-01;2.0250000e+02;1.3285334e-01;2.0250000e+02;1.5228741e-01;2.0250000e+02;1.7097744e-01;2.0250000e+02;1.8634579e-01;2.0250000e+02;2.0442918e-01;2.0250000e+02;2.2619769e-01;2.0250000e+02;2.4967104e-01;2.0250000e+02;2.6978061e-01;2.0250000e+02;2.7567071e-01;2.0250000e+02;2.7321711e-01;2.0250000e+02;2.6336133e-01;2.0250000e+02;2.4822888e-01;2.0250000e+02;3.3221852e-02;2.0250000e+02;4.5816198e-02;2.0250000e+02;5.9987117e-02;2.0250000e+02;7.7028684e-02;2.0250000e+02;9.5304467e-02;2.0250000e+02;1.1444806e-01;2.0250000e+02;1.3285334e-01;2.0250000e+02;1.5228741e-01;2.0250000e+02;1.7097744e-01;2.0250000e+02;1.8634579e-01;2.0250000e+02;2.0442918e-01;2.0250000e+02;2.2619769e-01;2.0250000e+02;2.4967104e-01;2.0250000e+02;2.6978061e-01;2.0250000e+02;2.7567071e-01;2.0250000e+02;2.7321711e-01;2.0250000e+02;2.6336133e-01;2.0250000e+02;2.4822888e-01;2.0250000e+02;3.3221852e-02;2.0250000e+02;4.5816198e-02;2.0250000e+02;5.9987117e-02;2.0250000e+02;7.7028684e-02;2.0250000e+02;9.5304467e-02;2.0250000e+02;1.1444806e-01;2.0250000e+02;1.3285334e-01;2.0250000e+02;1.5228741e-01;2.0250000e+02;1.7097744e-01;2.0250000e+02;1.8634579e-01;2.0250000e+02;2.0442918e-01;2.0250000e+02;2.2619769e-01;2.0250000e+02;2.4967104e-01;2.0250000e+02;2.6978061e-01;2.0250000e+02;2.7567071e-01;2.0250000e+02;2.7321711e-01;2.0250000e+02;2.6336133e-01;2.0250000e+02;2.4822888e-01;2.0250000e+02;3.3221852e-02;2.0250000e+02;4.5816198e-02;2.0250000e+02;5.9987117e-02;2.0250000e+02;7.7028684e-02;2.0250000e+02;9.5304467e-02;2.0250000e+02;1.1444806e-01;2.0250000e+02;1.3285334e-01;2.0250000e+02;1.5228741e-01;2.0250000e+02;1.7097744e-01;2.0250000e+02;1.8634579e-01;2.0250000e+02;2.0442918e-01;2.0250000e+02;2.2619769e-01;2.0250000e+02;2.4967104e-01;2.0250000e+02;2.6978061e-01;2.0250000e+02;2.7567071e-01;2.0250000e+02;2.7321711e-01;2.0250000e+02;2.6336133e-01;2.0250000e+02;2.4822888e-01;2.0250000e+02;3.3221852e-02;2.0250000e+02;4.5816198e-02;2.0250000e+02;5.9987117e-02;2.0250000e+02;7.7028684e-02;2.0250000e+02;9.5304467e-02;2.0250000e+02;1.1444806e-01;2.0250000e+02;1.3285334e-01;2.0250000e+02;1.5228741e-01;2.0250000e+02;1.7097744e-01;2.0250000e+02;1.8634579e-01;2.0250000e+02;2.0442918e-01;2.0250000e+02;2.2619769e-01;2.0250000e+02;2.4967104e-01;2.0250000e+02;2.6978061e-01;2.0250000e+02;2.7567071e-01;2.0250000e+02;2.7321711e-01;2.0250000e+02;2.6336133e-01;2.0250000e+02;2.4822888e-01;2.0250000e+02;3.3221852e-02;2.0250000e+02;4.5816198e-02;2.0250000e+02;5.9987117e-02;2.0250000e+02;7.7028684e-02;2.0250000e+02;9.5304467e-02;2.0250000e+02;1.1444806e-01;2.0250000e+02;1.3285334e-01;2.0250000e+02;1.5228741e-01;2.0250000e+02;1.7097744e-01;2.0250000e+02;1.8634579e-01;2.0250000e+02;2.0442918e-01;2.0250000e+02;2.2619769e-01;2.0250000e+02;2.4967104e-01;2.0250000e+02;2.6978061e-01;2.0250000e+02;2.7567071e-01;2.0250000e+02;2.7321711e-01;2.0250000e+02;2.6336133e-01;2.0250000e+02;2.4822888e-01;2.0250000e+02;3.3221852e-02;2.0250000e+02;4.5816198e-02;2.0250000e+02;5.9987117e-02;2.0250000e+02;7.7028684e-02;2.0250000e+02;9.5304467e-02;2.0250000e+02;1.1444806e-01;2.0250000e+02;1.3285334e-01;2.0250000e+02;1.5228741e-01;2.0250000e+02;1.7097744e-01;2.0250000e+02;1.8634579e-01;2.0250000e+02;2.0442918e-01;2.0250000e+02;2.2619769e-01;2.0250000e+02;2.4967104e-01;2.0250000e+02;2.6978061e-01;2.0250000e+02;2.7567071e-01;2.0250000e+02;2.7321711e-01;2.0250000e+02;2.6336133e-01;2.0250000e+02;2.4822888e-01;2.0250000e+02;3.3221852e-02;2.0250000e+02;4.5816198e-02;2.0250000e+02;5.9987117e-02;2.0250000e+02;7.7028684e-02;2.0250000e+02;9.5304467e-02;2.0250000e+02;1.1444806e-01;2.0250000e+02;1.3285334e-01;2.0250000e+02;1.5228741e-01;2.0250000e+02;1.7097744e-01;2.0250000e+02;1.8634579e-01;2.0250000e+02;2.0442918e-01;2.0250000e+02;2.2619769e-01;2.0250000e+02;2.4967104e-01;2.0250000e+02;2.6978061e-01;2.0250000e+02;2.7567071e-01;2.0250000e+02;2.7321711e-01;2.0250000e+02;2.6336133e-01;2.0250000e+02;2.4822888e-01;2.0250000e+02;3.3221852e-02;2.0250000e+02;4.5816198e-02;2.0250000e+02;5.9987117e-02;2.0250000e+02;7.7028684e-02;2.0250000e+02;9.5304467e-02;2.0250000e+02;1.1444806e-01;2.0250000e+02;1.3285334e-01;2.0250000e+02;1.5228741e-01;2.0250000e+02;1.7097744e-01;2.0250000e+02;1.8634579e-01;2.0250000e+02;2.0442918e-01;2.0250000e+02;2.2619769e-01;2.0250000e+02;2.4967104e-01;2.0250000e+02;2.6978061e-01;2.0250000e+02;2.7567071e-01;2.0250000e+02;2.7321711e-01;2.0250000e+02;2.6336133e-01;2.0250000e+02;2.4822888e-01;2.0250000e+02;3.3221852e-02;2.0250000e+02;4.5816198e-02;2.0250000e+02;5.9987117e-02;2.0250000e+02;7.7028684e-02;2.0250000e+02;9.5304467e-02;2.0250000e+02;1.1444806e-01;2.0250000e+02;1.3285334e-01;2.0250000e+02;1.5228741e-01;2.0250000e+02;1.7097744e-01;2.0250000e+02;1.8634579e-01;2.0250000e+02;2.0442918e-01;2.0250000e+02;2.2619769e-01;2.0250000e+02;2.4967104e-01;2.0250000e+02;2.6978061e-01;2.0250000e+02;2.7567071e-01;2.0250000e+02;2.7321711e-01;2.0250000e+02;2.6336133e-01;2.0250000e+02;2.4822888e-01;2.0250000e+02;3.3221852e-02;2.0250000e+02;4.5816198e-02;2.0250000e+02;5.9987117e-02;2.0250000e+02;7.7028684e-02;2.0250000e+02;9.5304467e-02;2.0250000e+02;1.1444806e-01;2.0250000e+02;1.3285334e-01;2.0250000e+02;1.5228741e-01;2.0250000e+02;1.7097744e-01;2.0250000e+02;1.8634579e-01;2.0250000e+02;2.0442918e-01;2.0250000e+02;2.2619769e-01;2.0250000e+02;2.4967104e-01;2.0250000e+02;2.6978061e-01;2.0250000e+02;2.7567071e-01;2.0250000e+02;2.7321711e-01;2.0250000e+02;2.6336133e-01;2.0250000e+02;2.4822888e-01;2.0250000e+02;3.3221852e-02;2.0250000e+02;4.5816198e-02;2.0250000e+02;5.9987117e-02;2.0250000e+02;7.7028684e-02;2.0250000e+02;9.5304467e-02;2.0250000e+02;1.1444806e-01;2.0250000e+02;1.3285334e-01;2.0250000e+02;1.5228741e-01;2.0250000e+02;1.7097744e-01;2.0250000e+02;1.8634579e-01;2.0250000e+02;2.0442918e-01;2.0250000e+02;2.2619769e-01;2.0250000e+02;2.4967104e-01;2.0250000e+02;2.6978061e-01;2.0250000e+02;2.7567071e-01;2.0250000e+02;2.7321711e-01;2.0250000e+02;2.6336133e-01;2.0250000e+02;2.4822888e-01;2.0250000e+02;3.3221852e-02;2.0250000e+02;4.5816198e-02;2.0250000e+02;5.9987117e-02;2.0250000e+02;7.7028684e-02;2.0250000e+02;9.5304467e-02;2.0250000e+02;1.1444806e-01;2.0250000e+02;1.3285334e-01;2.0250000e+02;1.5228741e-01;2.0250000e+02;1.7097744e-01;2.0250000e+02;1.8634579e-01;2.0250000e+02;2.0442918e-01;2.0250000e+02;2.2619769e-01;2.0250000e+02;2.4967104e-01;2.0250000e+02;2.6978061e-01;2.0250000e+02;2.7567071e-01;2.0250000e+02;2.7321711e-01;2.0250000e+02;2.6336133e-01;2.0250000e+02;2.4822888e-01;2.0250000e+02;3.3221852e-02;2.0250000e+02;4.5816198e-02;2.0250000e+02;5.9987117e-02;2.0250000e+02;7.7028684e-02;2.0250000e+02;9.5304467e-02;2.0250000e+02;1.1444806e-01;2.0250000e+02;1.3285334e-01;2.0250000e+02;1.5228741e-01;2.0250000e+02;1.7097744e-01;2.0250000e+02;1.8634579e-01;2.0250000e+02;2.0442918e-01;2.0250000e+02;2.2619769e-01;2.0250000e+02;2.4967104e-01;2.0250000e+02;2.6978061e-01;2.0250000e+02;2.7567071e-01;2.0250000e+02;2.7321711e-01;2.0250000e+02;2.6336133e-01;2.0250000e+02;2.4822888e-01;2.0250000e+02;3.3221852e-02;2.0250000e+02;4.5816198e-02;2.0250000e+02;5.9987117e-02;2.0250000e+02;7.7028684e-02;2.0250000e+02;9.5304467e-02;2.0250000e+02;1.1444806e-01;2.0250000e+02;1.3285334e-01;2.0250000e+02;1.5228741e-01;2.0250000e+02;1.7097744e-01;2.0250000e+02;1.8634579e-01;2.0250000e+02;2.0442918e-01;2.0250000e+02;2.2619769e-01;2.0250000e+02;2.4967104e-01;2.0250000e+02;2.6978061e-01;2.0250000e+02;2.7567071e-01;2.0250000e+02;2.7321711e-01;2.0250000e+02;2.6336133e-01;2.0250000e+02;2.4822888e-01;2.0250000e+02;3.3221852e-02;2.0250000e+02;4.5816198e-02;2.0250000e+02;5.9987117e-02;2.0250000e+02;7.7028684e-02;2.0250000e+02;9.5304467e-02;2.0250000e+02;1.1444806e-01;2.0250000e+02;1.3285334e-01;2.0250000e+02;1.5228741e-01;2.0250000e+02;1.7097744e-01;2.0250000e+02;1.8634579e-01;2.0250000e+02;2.0442918e-01;2.0250000e+02;2.2619769e-01;2.0250000e+02;2.4967104e-01;2.0250000e+02;2.6978061e-01;2.0250000e+02;2.7567071e-01;2.0250000e+02;2.7321711e-01;2.0250000e+02;2.6336133e-01;2.0250000e+02;2.4822888e-01;2.0250000e+02;3.3221852e-02;2.0250000e+02;4.5816198e-02;2.0250000e+02;5.9987117e-02;2.0250000e+02;7.7028684e-02;2.0250000e+02;9.5304467e-02;2.0250000e+02;1.1444806e-01;2.0250000e+02;1.3285334e-01;2.0250000e+02;1.5228741e-01;2.0250000e+02;1.7097744e-01;2.0250000e+02;1.8634579e-01;2.0250000e+02;2.0442918e-01;2.0250000e+02;2.2619769e-01;2.0250000e+02;2.4967104e-01;2.0250000e+02;2.6978061e-01;2.0250000e+02;2.7567071e-01;2.0250000e+02;2.7321711e-01;2.0250000e+02;2.6336133e-01;2.0250000e+02;2.4822888e-01;2.0250000e+02;3.3221852e-02;2.0250000e+02;4.5816198e-02;2.0250000e+02;5.9987117e-02;2.0250000e+02;7.7028684e-02;2.0250000e+02;9.5304467e-02;2.0250000e+02;1.1444806e-01;2.0250000e+02;1.3285334e-01;2.0250000e+02;1.5228741e-01;2.0250000e+02;1.7097744e-01;2.0250000e+02;1.8634579e-01;2.0250000e+02;2.0442918e-01;2.0250000e+02;2.2619769e-01;2.0250000e+02;2.4967104e-01;2.0250000e+02;2.6978061e-01;2.0250000e+02;2.7567071e-01;2.0250000e+02;2.7321711e-01;2.0250000e+02;2.6336133e-01;2.0250000e+02;2.4822888e-01;2.0250000e+02;3.3221852e-02;2.0250000e+02;4.5816198e-02;2.0250000e+02;5.9987117e-02;2.0250000e+02;7.7028684e-02;2.0250000e+02;9.5304467e-02;2.0250000e+02;1.1444806e-01;2.0250000e+02;1.3285334e-01;2.0250000e+02;1.5228741e-01;2.0250000e+02;1.7097744e-01;2.0250000e+02;1.8634579e-01;2.0250000e+02;2.0442918e-01;2.0250000e+02;2.2619769e-01;2.0250000e+02;2.4967104e-01;2.0250000e+02;2.6978061e-01;2.0250000e+02;2.7567071e-01;2.0250000e+02;2.7321711e-01;2.0250000e+02;2.6336133e-01;2.0250000e+02;2.4822888e-01;2.0250000e+02;3.3221852e-02;2.0250000e+02;4.5816198e-02;2.0250000e+02;5.9987117e-02;2.0250000e+02;7.7028684e-02;2.0250000e+02;9.5304467e-02;2.0250000e+02;1.1444806e-01;2.0250000e+02;1.3285334e-01;2.0250000e+02;1.5228741e-01;2.0250000e+02;1.7097744e-01;2.0250000e+02;1.8634579e-01;2.0250000e+02;2.0442918e-01;2.0250000e+02;2.2619769e-01;2.0250000e+02;2.4967104e-01;2.0250000e+02;2.6978061e-01;2.0250000e+02;2.7567071e-01;2.0250000e+02;2.7321711e-01;2.0250000e+02;2.6336133e-01;2.0250000e+02;2.4822888e-01;2.0250000e+02;3.3221852e-02;2.0250000e+02;4.5816198e-02;2.0250000e+02;5.9987117e-02;2.0250000e+02;7.7028684e-02;2.0250000e+02;9.5304467e-02;2.0250000e+02;1.1444806e-01;2.0250000e+02;1.3285334e-01;2.0250000e+02;1.5228741e-01;2.0250000e+02;1.7097744e-01;2.0250000e+02;1.8634579e-01;2.0250000e+02;2.0442918e-01;2.0250000e+02;2.2619769e-01;2.0250000e+02;2.4967104e-01;2.0250000e+02;2.6978061e-01;2.0250000e+02;2.7567071e-01;2.0250000e+02;2.7321711e-01;2.0250000e+02;2.6336133e-01;2.0250000e+02;2.4822888e-01;2.0250000e+02;3.3221852e-02;2.0250000e+02;4.5816198e-02;2.0250000e+02;5.9987117e-02;2.0250000e+02;7.7028684e-02;2.0250000e+02;9.5304467e-02;2.0250000e+02;1.1444806e-01;2.0250000e+02;1.3285334e-01;2.0250000e+02;1.5228741e-01;2.0250000e+02;1.7097744e-01;2.0250000e+02;1.8634579e-01;2.0250000e+02;2.0442918e-01;2.0250000e+02;2.2619769e-01;2.0250000e+02;2.4967104e-01;2.0250000e+02;2.6978061e-01;2.0250000e+02;2.7567071e-01;2.0250000e+02;2.7321711e-01;2.0250000e+02;2.6336133e-01;2.0250000e+02;2.4822888e-01;2.0250000e+02;3.3221852e-02;2.0250000e+02;4.5816198e-02;2.0250000e+02;5.9987117e-02;2.0250000e+02;7.7028684e-02;2.0250000e+02;9.5304467e-02;2.0250000e+02;1.1444806e-01;2.0250000e+02;1.3285334e-01;2.0250000e+02;1.5228741e-01;2.0250000e+02;1.7097744e-01;2.0250000e+02;1.8634579e-01;2.0250000e+02;2.0442918e-01;2.0250000e+02;2.2619769e-01;2.0250000e+02;2.4967104e-01;2.0250000e+02;2.6978061e-01;2.0250000e+02;2.7567071e-01;2.0250000e+02;2.7321711e-01;2.0250000e+02;2.6336133e-01;2.0250000e+02;2.4822888e-01;2.0250000e+02;3.3221852e-02;2.0250000e+02;4.5816198e-02;2.0250000e+02;5.9987117e-02;2.0250000e+02;7.7028684e-02;2.0250000e+02;9.5304467e-02;2.0250000e+02;1.1444806e-01;2.0250000e+02;1.3285334e-01;2.0250000e+02;1.5228741e-01;2.0250000e+02;1.7097744e-01;2.0250000e+02;1.8634579e-01;2.0250000e+02;2.0442918e-01;2.0250000e+02;2.2619769e-01;2.0250000e+02;2.4967104e-01;2.0250000e+02;2.6978061e-01;2.0250000e+02;2.7567071e-01;2.0250000e+02;2.7321711e-01;2.0250000e+02;2.6336133e-01;2.0250000e+02;2.4822888e-01;2.0250000e+02;3.3221852e-02;2.0250000e+02;4.5816198e-02;2.0250000e+02;5.9987117e-02;2.0250000e+02;7.7028684e-02;2.0250000e+02;9.5304467e-02;2.0250000e+02;1.1444806e-01;2.0250000e+02;1.3285334e-01;2.0250000e+02;1.5228741e-01;2.0250000e+02;1.7097744e-01;2.0250000e+02;1.8634579e-01;2.0250000e+02;2.0442918e-01;2.0250000e+02;2.2619769e-01;2.0250000e+02;2.4967104e-01;2.0250000e+02;2.6978061e-01;2.0250000e+02;2.7567071e-01;2.0250000e+02;2.7321711e-01;2.0250000e+02;2.6336133e-01;2.0250000e+02;2.4822888e-01;2.0250000e+02;3.3221852e-02;2.0250000e+02;4.5816198e-02;2.0250000e+02;5.9987117e-02;2.0250000e+02;7.7028684e-02;2.0250000e+02;9.5304467e-02;2.0250000e+02;1.1444806e-01;2.0250000e+02;1.3285334e-01;2.0250000e+02;1.5228741e-01;2.0250000e+02;1.7097744e-01;2.0250000e+02;1.8634579e-01;2.0250000e+02;2.0442918e-01;2.0250000e+02;2.2619769e-01;2.0250000e+02;2.4967104e-01;2.0250000e+02;2.6978061e-01;2.0250000e+02;2.7567071e-01;2.0250000e+02;2.7321711e-01;2.0250000e+02;2.6336133e-01;2.0250000e+02;2.4822888e-01;2.0250000e+02;3.3221852e-02;2.0250000e+02;4.5816198e-02;2.0250000e+02;5.9987117e-02;2.0250000e+02;7.7028684e-02;2.0250000e+02;9.5304467e-02;2.0250000e+02;1.1444806e-01;2.0250000e+02;1.3285334e-01;2.0250000e+02;1.5228741e-01;2.0250000e+02;1.7097744e-01;2.0250000e+02;1.8634579e-01;2.0250000e+02;2.0442918e-01;2.0250000e+02;2.2619769e-01;2.0250000e+02;2.4967104e-01;2.0250000e+02;2.6978061e-01;2.0250000e+02;2.7567071e-01;2.0250000e+02;2.7321711e-01;2.0250000e+02;2.6336133e-01;2.0250000e+02;2.4822888e-01;2.0250000e+02;3.3221852e-02;2.0250000e+02;4.5816198e-02;2.0250000e+02;5.9987117e-02;2.0250000e+02;7.7028684e-02;2.0250000e+02;9.5304467e-02;2.0250000e+02;1.1444806e-01;2.0250000e+02;1.3285334e-01;2.0250000e+02;1.5228741e-01;2.0250000e+02;1.7097744e-01;2.0250000e+02;1.8634579e-01;2.0250000e+02;2.0442918e-01;2.0250000e+02;2.2619769e-01;2.0250000e+02;2.4967104e-01;2.0250000e+02;2.6978061e-01;2.0250000e+02;2.7567071e-01;2.0250000e+02;2.7321711e-01;2.0250000e+02;2.6336133e-01;2.0250000e+02;2.4822888e-01;2.0250000e+02;3.3221852e-02;2.0250000e+02;4.5816198e-02;2.0250000e+02;5.9987117e-02;2.0250000e+02;7.7028684e-02;2.0250000e+02;9.5304467e-02;2.0250000e+02;1.1444806e-01;2.0250000e+02;1.3285334e-01;2.0250000e+02;1.5228741e-01;2.0250000e+02;1.7097744e-01;2.0250000e+02;1.8634579e-01;2.0250000e+02;2.0442918e-01;2.0250000e+02;2.2619769e-01;2.0250000e+02;2.4967104e-01;2.0250000e+02;2.6978061e-01;2.0250000e+02;2.7567071e-01;2.0250000e+02;2.7321711e-01;2.0250000e+02;2.6336133e-01;2.0250000e+02;2.4822888e-01;2.0250000e+02;3.3221852e-02;2.0250000e+02;4.5816198e-02;2.0250000e+02;5.9987117e-02;2.0250000e+02;7.7028684e-02;2.0250000e+02;9.5304467e-02;2.0250000e+02;1.1444806e-01;2.0250000e+02;1.3285334e-01;2.0250000e+02;1.5228741e-01;2.0250000e+02;1.7097744e-01;2.0250000e+02;1.8634579e-01;2.0250000e+02;2.0442918e-01;2.0250000e+02;2.2619769e-01;2.0250000e+02;2.4967104e-01;2.0250000e+02;2.6978061e-01;2.0250000e+02;2.7567071e-01;2.0250000e+02;2.7321711e-01;2.0250000e+02;2.6336133e-01;2.0250000e+02;2.4822888e-01;2.0250000e+02;3.3221852e-02;2.0250000e+02;4.5816198e-02;2.0250000e+02;5.9987117e-02;2.0250000e+02;7.7028684e-02;2.0250000e+02;9.5304467e-02;2.0250000e+02;1.1444806e-01;2.0250000e+02;1.3285334e-01;2.0250000e+02;1.5228741e-01;2.0250000e+02;1.7097744e-01;2.0250000e+02;1.8634579e-01;2.0250000e+02;2.0442918e-01;2.0250000e+02;2.2619769e-01;2.0250000e+02;2.4967104e-01;2.0250000e+02;2.6978061e-01;2.0250000e+02;2.7567071e-01;2.0250000e+02;2.7321711e-01;2.0250000e+02;2.6336133e-01;2.0250000e+02;2.4822888e-01;2.0250000e+02;3.3221852e-02;2.0250000e+02;4.5816198e-02;2.0250000e+02;5.9987117e-02;2.0250000e+02;7.7028684e-02;2.0250000e+02;9.5304467e-02;2.0250000e+02;1.1444806e-01;2.0250000e+02;1.3285334e-01;2.0250000e+02;1.5228741e-01;2.0250000e+02;1.7097744e-01;2.0250000e+02;1.8634579e-01;2.0250000e+02;2.0442918e-01;2.0250000e+02;2.2619769e-01;2.0250000e+02;2.4967104e-01;2.0250000e+02;2.6978061e-01;2.0250000e+02;2.7567071e-01;2.0250000e+02;2.7321711e-01;2.0250000e+02;2.6336133e-01;2.0250000e+02;2.4822888e-01;2.0250000e+02;3.3221852e-02;2.0250000e+02;4.5816198e-02;2.0250000e+02;5.9987117e-02;2.0250000e+02;7.7028684e-02;2.0250000e+02;9.5304467e-02;2.0250000e+02;1.1444806e-01;2.0250000e+02;1.3285334e-01;2.0250000e+02;1.5228741e-01;2.0250000e+02;1.7097744e-01;2.0250000e+02;1.8634579e-01;2.0250000e+02;2.0442918e-01;2.0250000e+02;2.2619769e-01;2.0250000e+02;2.4967104e-01;2.0250000e+02;2.6978061e-01;2.0250000e+02;2.7567071e-01;2.0250000e+02;2.7321711e-01;2.0250000e+02;2.6336133e-01;2.0250000e+02;2.4822888e-01;2.0250000e+02;3.3221852e-02;2.0250000e+02;4.5816198e-02;2.0250000e+02;5.9987117e-02;2.0250000e+02;7.7028684e-02;2.0250000e+02;9.5304467e-02;2.0250000e+02;1.1444806e-01;2.0250000e+02;1.3285334e-01;2.0250000e+02;1.5228741e-01;2.0250000e+02;1.7097744e-01;2.0250000e+02;1.8634579e-01;2.0250000e+02;2.0442918e-01;2.0250000e+02;2.2619769e-01;2.0250000e+02;2.4967104e-01;2.0250000e+02;2.6978061e-01;2.0250000e+02;2.7567071e-01;2.0250000e+02;2.7321711e-01;2.0250000e+02;2.6336133e-01;2.0250000e+02;2.4822888e-01;2.0250000e+02;3.3221852e-02;2.0250000e+02;4.5816198e-02;2.0250000e+02;5.9987117e-02;2.0250000e+02;7.7028684e-02;2.0250000e+02;9.5304467e-02;2.0250000e+02;1.1444806e-01;2.0250000e+02;1.3285334e-01;2.0250000e+02;1.5228741e-01;2.0250000e+02;1.7097744e-01;2.0250000e+02;1.8634579e-01;2.0250000e+02;2.0442918e-01;2.0250000e+02;2.2619769e-01;2.0250000e+02;2.4967104e-01;2.0250000e+02;2.6978061e-01;2.0250000e+02;2.7567071e-01;2.0250000e+02;2.7321711e-01;2.0250000e+02;2.6336133e-01;2.0250000e+02;2.4822888e-01;2.0250000e+02;3.3221852e-02;2.0250000e+02;4.5816198e-02;2.0250000e+02;5.9987117e-02;2.0250000e+02;7.7028684e-02;2.0250000e+02;9.5304467e-02;2.0250000e+02;1.1444806e-01;2.0250000e+02;1.3285334e-01;2.0250000e+02;1.5228741e-01;2.0250000e+02;1.7097744e-01;2.0250000e+02;1.8634579e-01;2.0250000e+02;2.0442918e-01;2.0250000e+02;2.2619769e-01;2.0250000e+02;2.4967104e-01;2.0250000e+02;2.6978061e-01;2.0250000e+02;2.7567071e-01;2.0250000e+02;2.7321711e-01;2.0250000e+02;2.6336133e-01;2.0250000e+02;2.4822888e-01;2.0250000e+02;3.3221852e-02;2.0250000e+02;4.5816198e-02;2.0250000e+02;5.9987117e-02;2.0250000e+02;7.7028684e-02;2.0250000e+02;9.5304467e-02;2.0250000e+02;1.1444806e-01;2.0250000e+02;1.3285334e-01;2.0250000e+02;1.5228741e-01;2.0250000e+02;1.7097744e-01;2.0250000e+02;1.8634579e-01;2.0250000e+02;2.0442918e-01;2.0250000e+02;2.2619769e-01;2.0250000e+02;2.4967104e-01;2.0250000e+02;2.6978061e-01;2.0250000e+02;2.7567071e-01;2.0250000e+02;2.7321711e-01;2.0250000e+02;2.6336133e-01;2.0250000e+02;2.4822888e-01;2.0250000e+02;3.3221852e-02;2.0250000e+02;4.5816198e-02;2.0250000e+02;5.9987117e-02;2.0250000e+02;7.7028684e-02;2.0250000e+02;9.5304467e-02;2.0250000e+02;1.1444806e-01;2.0250000e+02;1.3285334e-01;2.0250000e+02;1.5228741e-01;2.0250000e+02;1.7097744e-01;2.0250000e+02;1.8634579e-01;2.0250000e+02;2.0442918e-01;2.0250000e+02;2.2619769e-01;2.0250000e+02;2.4967104e-01;2.0250000e+02;2.6978061e-01;2.0250000e+02;2.7567071e-01;2.0250000e+02;2.7321711e-01;2.0250000e+02;2.6336133e-01;2.0250000e+02;2.4822888e-01;2.0250000e+02;3.3221852e-02;2.0250000e+02;4.5816198e-02;2.0250000e+02;5.9987117e-02;2.0250000e+02;7.7028684e-02;2.0250000e+02;9.5304467e-02;2.0250000e+02;1.1444806e-01;2.0250000e+02;1.3285334e-01;2.0250000e+02;1.5228741e-01;2.0250000e+02;1.7097744e-01;2.0250000e+02;1.8634579e-01;2.0250000e+02;2.0442918e-01;2.0250000e+02;2.2619769e-01;2.0250000e+02;2.4967104e-01;2.0250000e+02;2.6978061e-01;2.0250000e+02;2.7567071e-01;2.0250000e+02;2.7321711e-01;2.0250000e+02;2.6336133e-01;2.0250000e+02;2.4822888e-01;2.0250000e+02;3.3221852e-02;2.0250000e+02;4.5816198e-02;2.0250000e+02;5.9987117e-02;2.0250000e+02;7.7028684e-02;2.0250000e+02;9.5304467e-02;2.0250000e+02;1.1444806e-01;2.0250000e+02;1.3285334e-01;2.0250000e+02;1.5228741e-01;2.0250000e+02;1.7097744e-01;2.0250000e+02;1.8634579e-01;2.0250000e+02;2.0442918e-01;2.0250000e+02;2.2619769e-01;2.0250000e+02;2.4967104e-01;2.0250000e+02;2.6978061e-01;2.0250000e+02;2.7567071e-01;2.0250000e+02;2.7321711e-01;2.0250000e+02;2.6336133e-01;2.0250000e+02;2.4822888e-01;2.0250000e+02;3.3221852e-02;2.0250000e+02;4.5816198e-02;2.0250000e+02;5.9987117e-02;2.0250000e+02;7.7028684e-02;2.0250000e+02;9.5304467e-02;2.0250000e+02;1.1444806e-01;2.0250000e+02;1.3285334e-01;2.0250000e+02;1.5228741e-01;2.0250000e+02;1.7097744e-01;2.0250000e+02;1.8634579e-01;2.0250000e+02;2.0442918e-01;2.0250000e+02;2.2619769e-01;2.0250000e+02;2.4967104e-01;2.0250000e+02;2.6978061e-01;2.0250000e+02;2.7567071e-01;2.0250000e+02;2.7321711e-01;2.0250000e+02;2.6336133e-01;2.0250000e+02;2.4822888e-01;2.0250000e+02;3.3221852e-02;2.0250000e+02;4.5816198e-02;2.0250000e+02;5.9987117e-02;2.0250000e+02;7.7028684e-02;2.0250000e+02;9.5304467e-02;2.0250000e+02;1.1444806e-01;2.0250000e+02;1.3285334e-01;2.0250000e+02;1.5228741e-01;2.0250000e+02;1.7097744e-01;2.0250000e+02;1.8634579e-01;2.0250000e+02;2.0442918e-01;2.0250000e+02;2.2619769e-01;2.0250000e+02;2.4967104e-01;2.0250000e+02;2.6978061e-01;2.0250000e+02;2.7567071e-01;2.0250000e+02;2.7321711e-01;2.0250000e+02;2.6336133e-01;2.0250000e+02;2.4822888e-01;2.0250000e+02;3.3221852e-02;2.0250000e+02;4.5816198e-02;2.0250000e+02;5.9987117e-02;2.0250000e+02;7.7028684e-02;2.0250000e+02;9.5304467e-02;2.0250000e+02;1.1444806e-01;2.0250000e+02;1.3285334e-01;2.0250000e+02;1.5228741e-01;2.0250000e+02;1.7097744e-01;2.0250000e+02;1.8634579e-01;2.0250000e+02;2.0442918e-01;2.0250000e+02;2.2619769e-01;2.0250000e+02;2.4967104e-01;2.0250000e+02;2.6978061e-01;2.0250000e+02;2.7567071e-01;2.0250000e+02;2.7321711e-01;2.0250000e+02;2.6336133e-01;2.0250000e+02;2.4822888e-01;2.0250000e+02;3.3221852e-02;2.0250000e+02;4.5816198e-02;2.0250000e+02;5.9987117e-02;2.0250000e+02;7.7028684e-02;2.0250000e+02;9.5304467e-02;2.0250000e+02;1.1444806e-01;2.0250000e+02;1.3285334e-01;2.0250000e+02;1.5228741e-01;2.0250000e+02;1.7097744e-01;2.0250000e+02;1.8634579e-01;2.0250000e+02;2.0442918e-01;2.0250000e+02;2.2619769e-01;2.0250000e+02;2.4967104e-01;2.0250000e+02;2.6978061e-01;2.0250000e+02;2.7567071e-01;2.0250000e+02;2.7321711e-01;2.0250000e+02;2.6336133e-01;2.0250000e+02;2.4822888e-01;2.0250000e+02;3.3221852e-02;2.0250000e+02;4.5816198e-02;2.0250000e+02;5.9987117e-02;2.0250000e+02;7.7028684e-02;2.0250000e+02;9.5304467e-02;2.0250000e+02;1.1444806e-01;2.0250000e+02;1.3285334e-01;2.0250000e+02;1.5228741e-01;2.0250000e+02;1.7097744e-01;2.0250000e+02;1.8634579e-01;2.0250000e+02;2.0442918e-01;2.0250000e+02;2.2619769e-01;2.0250000e+02;2.4967104e-01;2.0250000e+02;2.6978061e-01;2.0250000e+02;2.7567071e-01;2.0250000e+02;2.7321711e-01;2.0250000e+02;2.6336133e-01;2.0250000e+02;2.4822888e-01;2.0250000e+02;3.3221852e-02;2.0250000e+02;4.5816198e-02;2.0250000e+02;5.9987117e-02;2.0250000e+02;7.7028684e-02;2.0250000e+02;9.5304467e-02;2.0250000e+02;1.1444806e-01;2.0250000e+02;1.3285334e-01;2.0250000e+02;1.5228741e-01;2.0250000e+02;1.7097744e-01;2.0250000e+02;1.8634579e-01;2.0250000e+02;2.0442918e-01;2.0250000e+02;2.2619769e-01;2.0250000e+02;2.4967104e-01;2.0250000e+02;2.6978061e-01;2.0250000e+02;2.7567071e-01;2.0250000e+02;2.7321711e-01;2.0250000e+02;2.6336133e-01;2.0250000e+02;2.4822888e-01;2.0250000e+02;3.3221852e-02;2.0250000e+02;4.5816198e-02;2.0250000e+02;5.9987117e-02;2.0250000e+02;7.7028684e-02;2.0250000e+02;9.5304467e-02;2.0250000e+02;1.1444806e-01;2.0250000e+02;1.3285334e-01;2.0250000e+02;1.5228741e-01;2.0250000e+02;1.7097744e-01;2.0250000e+02;1.8634579e-01;2.0250000e+02;2.0442918e-01;2.0250000e+02;2.2619769e-01;2.0250000e+02;2.4967104e-01;2.0250000e+02;2.6978061e-01;2.0250000e+02;2.7567071e-01;2.0250000e+02;2.7321711e-01;2.0250000e+02;2.6336133e-01;2.0250000e+02;2.4822888e-01;2.0250000e+02;3.3221852e-02;2.0250000e+02;4.5816198e-02;2.0250000e+02;5.9987117e-02;2.0250000e+02;7.7028684e-02;2.0250000e+02;9.5304467e-02;2.0250000e+02;1.1444806e-01;2.0250000e+02;1.3285334e-01;2.0250000e+02;1.5228741e-01;2.0250000e+02;1.7097744e-01;2.0250000e+02;1.8634579e-01;2.0250000e+02;2.0442918e-01;2.0250000e+02;2.2619769e-01;2.0250000e+02;2.4967104e-01;2.0250000e+02;2.6978061e-01;2.0250000e+02;2.7567071e-01;2.0250000e+02;2.7321711e-01;2.0250000e+02;2.6336133e-01;2.0250000e+02;2.4822888e-01;2.0250000e+02;3.3221852e-02;2.0250000e+02;4.5816198e-02;2.0250000e+02;5.9987117e-02;2.0250000e+02;7.7028684e-02;2.0250000e+02;9.5304467e-02;2.0250000e+02;1.1444806e-01;2.0250000e+02;1.3285334e-01;2.0250000e+02;1.5228741e-01;2.0250000e+02;1.7097744e-01;2.0250000e+02;1.8634579e-01;2.0250000e+02;2.0442918e-01;2.0250000e+02;2.2619769e-01;2.0250000e+02;2.4967104e-01;2.0250000e+02;2.6978061e-01;2.0250000e+02;2.7567071e-01;2.0250000e+02;2.7321711e-01;2.0250000e+02;2.6336133e-01;2.0250000e+02;2.4822888e-01;2.0250000e+02;3.3221852e-02;2.0250000e+02;4.5816198e-02;2.0250000e+02;5.9987117e-02;2.0250000e+02;7.7028684e-02;2.0250000e+02;9.5304467e-02;2.0250000e+02;1.1444806e-01;2.0250000e+02;1.3285334e-01;2.0250000e+02;1.5228741e-01;2.0250000e+02;1.7097744e-01;2.0250000e+02;1.8634579e-01;2.0250000e+02;2.0442918e-01;2.0250000e+02;2.2619769e-01;2.0250000e+02;2.4967104e-01;2.0250000e+02;2.6978061e-01;2.0250000e+02;2.7567071e-01;2.0250000e+02;2.7321711e-01;2.0250000e+02;2.6336133e-01;2.0250000e+02;2.4822888e-01;2.0250000e+02;3.3221852e-02;2.0250000e+02;4.5816198e-02;2.0250000e+02;5.9987117e-02;2.0250000e+02;7.7028684e-02;2.0250000e+02;9.5304467e-02;2.0250000e+02;1.1444806e-01;2.0250000e+02;1.3285334e-01;2.0250000e+02;1.5228741e-01;2.0250000e+02;1.7097744e-01;2.0250000e+02;1.8634579e-01;2.0250000e+02;2.0442918e-01;2.0250000e+02;2.2619769e-01;2.0250000e+02;2.4967104e-01;2.0250000e+02;2.6978061e-01;2.0250000e+02;2.7567071e-01;2.0250000e+02;2.7321711e-01;2.0250000e+02;2.6336133e-01;2.0250000e+02;2.4822888e-01;2.0250000e+02;3.3221852e-02;2.0250000e+02;4.5816198e-02;2.0250000e+02;5.9987117e-02;2.0250000e+02;7.7028684e-02;2.0250000e+02;9.5304467e-02;2.0250000e+02;1.1444806e-01;2.0250000e+02;1.3285334e-01;2.0250000e+02;1.5228741e-01;2.0250000e+02;1.7097744e-01;2.0250000e+02;1.8634579e-01;2.0250000e+02;2.0442918e-01;2.0250000e+02;2.2619769e-01;2.0250000e+02;2.4967104e-01;2.0250000e+02;2.6978061e-01;2.0250000e+02;2.7567071e-01;2.0250000e+02;2.7321711e-01;2.0250000e+02;2.6336133e-01;2.0250000e+02;2.4822888e-01;2.0250000e+02;3.3221852e-02;2.0250000e+02;4.5816198e-02;2.0250000e+02;5.9987117e-02;2.0250000e+02;7.7028684e-02;2.0250000e+02;9.5304467e-02;2.0250000e+02;1.1444806e-01;2.0250000e+02;1.3285334e-01;2.0250000e+02;1.5228741e-01;2.0250000e+02;1.7097744e-01;2.0250000e+02;1.8634579e-01;2.0250000e+02;2.0442918e-01;2.0250000e+02;2.2619769e-01;2.0250000e+02;2.4967104e-01;2.0250000e+02;2.6978061e-01;2.0250000e+02;2.7567071e-01;2.0250000e+02;2.7321711e-01;2.0250000e+02;2.6336133e-01;2.0250000e+02;2.4822888e-01;2.0250000e+02;3.3221852e-02;2.0250000e+02;4.5816198e-02;2.0250000e+02;5.9987117e-02;2.0250000e+02;7.7028684e-02;2.0250000e+02;9.5304467e-02;2.0250000e+02;1.1444806e-01;2.0250000e+02;1.3285334e-01;2.0250000e+02;1.5228741e-01;2.0250000e+02;1.7097744e-01;2.0250000e+02;1.8634579e-01;2.0250000e+02;2.0442918e-01;2.0250000e+02;2.2619769e-01;2.0250000e+02;2.4967104e-01;2.0250000e+02;2.6978061e-01;2.0250000e+02;2.7567071e-01;2.0250000e+02;2.7321711e-01;2.0250000e+02;2.6336133e-01;2.0250000e+02;2.4822888e-01;2.0250000e+02;3.3221852e-02;2.0250000e+02;4.5816198e-02;2.0250000e+02;5.9987117e-02;2.0250000e+02;7.7028684e-02;2.0250000e+02;9.5304467e-02;2.0250000e+02;1.1444806e-01;2.0250000e+02;1.3285334e-01;2.0250000e+02;1.5228741e-01;2.0250000e+02;1.7097744e-01;2.0250000e+02;1.8634579e-01;2.0250000e+02;2.0442918e-01;2.0250000e+02;2.2619769e-01;2.0250000e+02;2.4967104e-01;2.0250000e+02;2.6978061e-01;2.0250000e+02;2.7567071e-01;2.0250000e+02;2.7321711e-01;2.0250000e+02;2.6336133e-01;2.0250000e+02;2.4822888e-01;2.0250000e+02;3.3221852e-02;2.0250000e+02;4.5816198e-02;2.0250000e+02;5.9987117e-02;2.0250000e+02;7.7028684e-02;2.0250000e+02;9.5304467e-02;2.0250000e+02;1.1444806e-01;2.0250000e+02;1.3285334e-01;2.0250000e+02;1.5228741e-01;2.0250000e+02;1.7097744e-01;2.0250000e+02;1.8634579e-01;2.0250000e+02;2.0442918e-01;2.0250000e+02;2.2619769e-01;2.0250000e+02;2.4967104e-01;2.0250000e+02;2.6978061e-01;2.0250000e+02;2.7567071e-01;2.0250000e+02;2.7321711e-01;2.0250000e+02;2.6336133e-01;2.0250000e+02;2.4822888e-01;2.0250000e+02;3.3221852e-02;2.0250000e+02;4.5816198e-02;2.0250000e+02;5.9987117e-02;2.0250000e+02;7.7028684e-02;2.0250000e+02;9.5304467e-02;2.0250000e+02;1.1444806e-01;2.0250000e+02;1.3285334e-01;2.0250000e+02;1.5228741e-01;2.0250000e+02;1.7097744e-01;2.0250000e+02;1.8634579e-01;2.0250000e+02;2.0442918e-01;2.0250000e+02;2.2619769e-01;2.0250000e+02;2.4967104e-01;2.0250000e+02;2.6978061e-01;2.0250000e+02;2.7567071e-01;2.0250000e+02;2.7321711e-01;2.0250000e+02;2.6336133e-01;2.0250000e+02;2.4822888e-01;2.0250000e+02;3.3221852e-02;2.0250000e+02;4.5816198e-02;2.0250000e+02;5.9987117e-02;2.0250000e+02;7.7028684e-02;2.0250000e+02;9.5304467e-02;2.0250000e+02;1.1444806e-01;2.0250000e+02;1.3285334e-01;2.0250000e+02;1.5228741e-01;2.0250000e+02;1.7097744e-01;2.0250000e+02;1.8634579e-01;2.0250000e+02;2.0442918e-01;2.0250000e+02;2.2619769e-01;2.0250000e+02;2.4967104e-01;2.0250000e+02;2.6978061e-01;2.0250000e+02;2.7567071e-01;2.0250000e+02;2.7321711e-01;2.0250000e+02;2.6336133e-01;2.0250000e+02;2.4822888e-01
2.0750000e+02;3.0957434e-02;2.0750000e+02;4.2300202e-02;2.0750000e+02;5.5374507e-02;2.0750000e+02;7.1348235e-02;2.0750000e+02;8.8697158e-02;2.0750000e+02;1.0652105e-01;2.0750000e+02;1.2560117e-01;2.0750000e+02;1.4488964e-01;2.0750000e+02;1.6014737e-01;2.0750000e+02;1.7342754e-01;2.0750000e+02;1.8844238e-01;2.0750000e+02;2.1210407e-01;2.0750000e+02;2.3743100e-01;2.0750000e+02;2.6215315e-01;2.0750000e+02;2.7074158e-01;2.0750000e+02;2.7028933e-01;2.0750000e+02;2.6216096e-01;2.0750000e+02;2.4841028e-01;2.0750000e+02;3.0957434e-02;2.0750000e+02;4.2300202e-02;2.0750000e+02;5.5374507e-02;2.0750000e+02;7.1348235e-02;2.0750000e+02;8.8697158e-02;2.0750000e+02;1.0652105e-01;2.0750000e+02;1.2560117e-01;2.0750000e+02;1.4488964e-01;2.0750000e+02;1.6014737e-01;2.0750000e+02;1.7342754e-01;2.0750000e+02;1.8844238e-01;2.0750000e+02;2.1210407e-01;2.0750000e+02;2.3743100e-01;2.0750000e+02;2.6215315e-01;2.0750000e+02;2.7074158e-01;2.0750000e+02;2.7028933e-01;2.0750000e+02;2.6216096e-01;2.0750000e+02;2.4841028e-01;2.0750000e+02;3.0957434e-02;2.0750000e+02;4.2300202e-02;2.0750000e+02;5.5374507e-02;2.0750000e+02;7.1348235e-02;2.0750000e+02;8.8697158e-02;2.0750000e+02;1.0652105e-01;2.0750000e+02;1.2560117e-01;2.0750000e+02;1.4488964e-01;2.0750000e+02;1.6014737e-01;2.0750000e+02;1.7342754e-01;2.0750000e+02;1.8844238e-01;2.0750000e+02;2.1210407e-01;2.0750000e+02;2.3743100e-01;2.0750000e+02;2.6215315e-01;2.0750000e+02;2.7074158e-01;2.0750000e+02;2.7028933e-01;2.0750000e+02;2.6216096e-01;2.0750000e+02;2.4841028e-01;2.0750000e+02;3.0957434e-02;2.0750000e+02;4.2300202e-02;2.0750000e+02;5.5374507e-02;2.0750000e+02;7.1348235e-02;2.0750000e+02;8.8697158e-02;2.0750000e+02;1.0652105e-01;2.0750000e+02;1.2560117e-01;2.0750000e+02;1.4488964e-01;2.0750000e+02;1.6014737e-01;2.0750000e+02;1.7342754e-01;2.0750000e+02;1.8844238e-01;2.0750000e+02;2.1210407e-01;2.0750000e+02;2.3743100e-01;2.0750000e+02;2.6215315e-01;2.0750000e+02;2.7074158e-01;2.0750000e+02;2.7028933e-01;2.0750000e+02;2.6216096e-01;2.0750000e+02;2.4841028e-01;2.0750000e+02;3.0957434e-02;2.0750000e+02;4.2300202e-02;2.0750000e+02;5.5374507e-02;2.0750000e+02;7.1348235e-02;2.0750000e+02;8.8697158e-02;2.0750000e+02;1.0652105e-01;2.0750000e+02;1.2560117e-01;2.0750000e+02;1.4488964e-01;2.0750000e+02;1.6014737e-01;2.0750000e+02;1.7342754e-01;2.0750000e+02;1.8844238e-01;2.0750000e+02;2.1210407e-01;2.0750000e+02;2.3743100e-01;2.0750000e+02;2.6215315e-01;2.0750000e+02;2.7074158e-01;2.0750000e+02;2.7028933e-01;2.0750000e+02;2.6216096e-01;2.0750000e+02;2.4841028e-01;2.0750000e+02;3.0957434e-02;2.0750000e+02;4.2300202e-02;2.0750000e+02;5.5374507e-02;2.0750000e+02;7.1348235e-02;2.0750000e+02;8.8697158e-02;2.0750000e+02;1.0652105e-01;2.0750000e+02;1.2560117e-01;2.0750000e+02;1.4488964e-01;2.0750000e+02;1.6014737e-01;2.0750000e+02;1.7342754e-01;2.0750000e+02;1.8844238e-01;2.0750000e+02;2.1210407e-01;2.0750000e+02;2.3743100e-01;2.0750000e+02;2.6215315e-01;2.0750000e+02;2.7074158e-01;2.0750000e+02;2.7028933e-01;2.0750000e+02;2.6216096e-01;2.0750000e+02;2.4841028e-01;2.0750000e+02;3.0957434e-02;2.0750000e+02;4.2300202e-02;2.0750000e+02;5.5374507e-02;2.0750000e+02;7.1348235e-02;2.0750000e+02;8.8697158e-02;2.0750000e+02;1.0652105e-01;2.0750000e+02;1.2560117e-01;2.0750000e+02;1.4488964e-01;2.0750000e+02;1.6014737e-01;2.0750000e+02;1.7342754e-01;2.0750000e+02;1.8844238e-01;2.0750000e+02;2.1210407e-01;2.0750000e+02;2.3743100e-01;2.0750000e+02;2.6215315e-01;2.0750000e+02;2.7074158e-01;2.0750000e+02;2.7028933e-01;2.0750000e+02;2.6216096e-01;2.0750000e+02;2.4841028e-01;2.0750000e+02;3.0957434e-02;2.0750000e+02;4.2300202e-02;2.0750000e+02;5.5374507e-02;2.0750000e+02;7.1348235e-02;2.0750000e+02;8.8697158e-02;2.0750000e+02;1.0652105e-01;2.0750000e+02;1.2560117e-01;2.0750000e+02;1.4488964e-01;2.0750000e+02;1.6014737e-01;2.0750000e+02;1.7342754e-01;2.0750000e+02;1.8844238e-01;2.0750000e+02;2.1210407e-01;2.0750000e+02;2.3743100e-01;2.0750000e+02;2.6215315e-01;2.0750000e+02;2.7074158e-01;2.0750000e+02;2.7028933e-01;2.0750000e+02;2.6216096e-01;2.0750000e+02;2.4841028e-01;2.0750000e+02;3.0957434e-02;2.0750000e+02;4.2300202e-02;2.0750000e+02;5.5374507e-02;2.0750000e+02;7.1348235e-02;2.0750000e+02;8.8697158e-02;2.0750000e+02;1.0652105e-01;2.0750000e+02;1.2560117e-01;2.0750000e+02;1.4488964e-01;2.0750000e+02;1.6014737e-01;2.0750000e+02;1.7342754e-01;2.0750000e+02;1.8844238e-01;2.0750000e+02;2.1210407e-01;2.0750000e+02;2.3743100e-01;2.0750000e+02;2.6215315e-01;2.0750000e+02;2.7074158e-01;2.0750000e+02;2.7028933e-01;2.0750000e+02;2.6216096e-01;2.0750000e+02;2.4841028e-01;2.0750000e+02;3.0957434e-02;2.0750000e+02;4.2300202e-02;2.0750000e+02;5.5374507e-02;2.0750000e+02;7.1348235e-02;2.0750000e+02;8.8697158e-02;2.0750000e+02;1.0652105e-01;2.0750000e+02;1.2560117e-01;2.0750000e+02;1.4488964e-01;2.0750000e+02;1.6014737e-01;2.0750000e+02;1.7342754e-01;2.0750000e+02;1.8844238e-01;2.0750000e+02;2.1210407e-01;2.0750000e+02;2.3743100e-01;2.0750000e+02;2.6215315e-01;2.0750000e+02;2.7074158e-01;2.0750000e+02;2.7028933e-01;2.0750000e+02;2.6216096e-01;2.0750000e+02;2.4841028e-01;2.0750000e+02;3.0957434e-02;2.0750000e+02;4.2300202e-02;2.0750000e+02;5.5374507e-02;2.0750000e+02;7.1348235e-02;2.0750000e+02;8.8697158e-02;2.0750000e+02;1.0652105e-01;2.0750000e+02;1.2560117e-01;2.0750000e+02;1.4488964e-01;2.0750000e+02;1.6014737e-01;2.0750000e+02;1.7342754e-01;2.0750000e+02;1.8844238e-01;2.0750000e+02;2.1210407e-01;2.0750000e+02;2.3743100e-01;2.0750000e+02;2.6215315e-01;2.0750000e+02;2.7074158e-01;2.0750000e+02;2.7028933e-01;2.0750000e+02;2.6216096e-01;2.0750000e+02;2.4841028e-01;2.0750000e+02;3.0957434e-02;2.0750000e+02;4.2300202e-02;2.0750000e+02;5.5374507e-02;2.0750000e+02;7.1348235e-02;2.0750000e+02;8.8697158e-02;2.0750000e+02;1.0652105e-01;2.0750000e+02;1.2560117e-01;2.0750000e+02;1.4488964e-01;2.0750000e+02;1.6014737e-01;2.0750000e+02;1.7342754e-01;2.0750000e+02;1.8844238e-01;2.0750000e+02;2.1210407e-01;2.0750000e+02;2.3743100e-01;2.0750000e+02;2.6215315e-01;2.0750000e+02;2.7074158e-01;2.0750000e+02;2.7028933e-01;2.0750000e+02;2.6216096e-01;2.0750000e+02;2.4841028e-01;2.0750000e+02;3.0957434e-02;2.0750000e+02;4.2300202e-02;2.0750000e+02;5.5374507e-02;2.0750000e+02;7.1348235e-02;2.0750000e+02;8.8697158e-02;2.0750000e+02;1.0652105e-01;2.0750000e+02;1.2560117e-01;2.0750000e+02;1.4488964e-01;2.0750000e+02;1.6014737e-01;2.0750000e+02;1.7342754e-01;2.0750000e+02;1.8844238e-01;2.0750000e+02;2.1210407e-01;2.0750000e+02;2.3743100e-01;2.0750000e+02;2.6215315e-01;2.0750000e+02;2.7074158e-01;2.0750000e+02;2.7028933e-01;2.0750000e+02;2.6216096e-01;2.0750000e+02;2.4841028e-01;2.0750000e+02;3.0957434e-02;2.0750000e+02;4.2300202e-02;2.0750000e+02;5.5374507e-02;2.0750000e+02;7.1348235e-02;2.0750000e+02;8.8697158e-02;2.0750000e+02;1.0652105e-01;2.0750000e+02;1.2560117e-01;2.0750000e+02;1.4488964e-01;2.0750000e+02;1.6014737e-01;2.0750000e+02;1.7342754e-01;2.0750000e+02;1.8844238e-01;2.0750000e+02;2.1210407e-01;2.0750000e+02;2.3743100e-01;2.0750000e+02;2.6215315e-01;2.0750000e+02;2.7074158e-01;2.0750000e+02;2.7028933e-01;2.0750000e+02;2.6216096e-01;2.0750000e+02;2.4841028e-01;2.0750000e+02;3.0957434e-02;2.0750000e+02;4.2300202e-02;2.0750000e+02;5.5374507e-02;2.0750000e+02;7.1348235e-02;2.0750000e+02;8.8697158e-02;2.0750000e+02;1.0652105e-01;2.0750000e+02;1.2560117e-01;2.0750000e+02;1.4488964e-01;2.0750000e+02;1.6014737e-01;2.0750000e+02;1.7342754e-01;2.0750000e+02;1.8844238e-01;2.0750000e+02;2.1210407e-01;2.0750000e+02;2.3743100e-01;2.0750000e+02;2.6215315e-01;2.0750000e+02;2.7074158e-01;2.0750000e+02;2.7028933e-01;2.0750000e+02;2.6216096e-01;2.0750000e+02;2.4841028e-01;2.0750000e+02;3.0957434e-02;2.0750000e+02;4.2300202e-02;2.0750000e+02;5.5374507e-02;2.0750000e+02;7.1348235e-02;2.0750000e+02;8.8697158e-02;2.0750000e+02;1.0652105e-01;2.0750000e+02;1.2560117e-01;2.0750000e+02;1.4488964e-01;2.0750000e+02;1.6014737e-01;2.0750000e+02;1.7342754e-01;2.0750000e+02;1.8844238e-01;2.0750000e+02;2.1210407e-01;2.0750000e+02;2.3743100e-01;2.0750000e+02;2.6215315e-01;2.0750000e+02;2.7074158e-01;2.0750000e+02;2.7028933e-01;2.0750000e+02;2.6216096e-01;2.0750000e+02;2.4841028e-01;2.0750000e+02;3.0957434e-02;2.0750000e+02;4.2300202e-02;2.0750000e+02;5.5374507e-02;2.0750000e+02;7.1348235e-02;2.0750000e+02;8.8697158e-02;2.0750000e+02;1.0652105e-01;2.0750000e+02;1.2560117e-01;2.0750000e+02;1.4488964e-01;2.0750000e+02;1.6014737e-01;2.0750000e+02;1.7342754e-01;2.0750000e+02;1.8844238e-01;2.0750000e+02;2.1210407e-01;2.0750000e+02;2.3743100e-01;2.0750000e+02;2.6215315e-01;2.0750000e+02;2.7074158e-01;2.0750000e+02;2.7028933e-01;2.0750000e+02;2.6216096e-01;2.0750000e+02;2.4841028e-01;2.0750000e+02;3.0957434e-02;2.0750000e+02;4.2300202e-02;2.0750000e+02;5.5374507e-02;2.0750000e+02;7.1348235e-02;2.0750000e+02;8.8697158e-02;2.0750000e+02;1.0652105e-01;2.0750000e+02;1.2560117e-01;2.0750000e+02;1.4488964e-01;2.0750000e+02;1.6014737e-01;2.0750000e+02;1.7342754e-01;2.0750000e+02;1.8844238e-01;2.0750000e+02;2.1210407e-01;2.0750000e+02;2.3743100e-01;2.0750000e+02;2.6215315e-01;2.0750000e+02;2.7074158e-01;2.0750000e+02;2.7028933e-01;2.0750000e+02;2.6216096e-01;2.0750000e+02;2.4841028e-01;2.0750000e+02;3.0957434e-02;2.0750000e+02;4.2300202e-02;2.0750000e+02;5.5374507e-02;2.0750000e+02;7.1348235e-02;2.0750000e+02;8.8697158e-02;2.0750000e+02;1.0652105e-01;2.0750000e+02;1.2560117e-01;2.0750000e+02;1.4488964e-01;2.0750000e+02;1.6014737e-01;2.0750000e+02;1.7342754e-01;2.0750000e+02;1.8844238e-01;2.0750000e+02;2.1210407e-01;2.0750000e+02;2.3743100e-01;2.0750000e+02;2.6215315e-01;2.0750000e+02;2.7074158e-01;2.0750000e+02;2.7028933e-01;2.0750000e+02;2.6216096e-01;2.0750000e+02;2.4841028e-01;2.0750000e+02;3.0957434e-02;2.0750000e+02;4.2300202e-02;2.0750000e+02;5.5374507e-02;2.0750000e+02;7.1348235e-02;2.0750000e+02;8.8697158e-02;2.0750000e+02;1.0652105e-01;2.0750000e+02;1.2560117e-01;2.0750000e+02;1.4488964e-01;2.0750000e+02;1.6014737e-01;2.0750000e+02;1.7342754e-01;2.0750000e+02;1.8844238e-01;2.0750000e+02;2.1210407e-01;2.0750000e+02;2.3743100e-01;2.0750000e+02;2.6215315e-01;2.0750000e+02;2.7074158e-01;2.0750000e+02;2.7028933e-01;2.0750000e+02;2.6216096e-01;2.0750000e+02;2.4841028e-01;2.0750000e+02;3.0957434e-02;2.0750000e+02;4.2300202e-02;2.0750000e+02;5.5374507e-02;2.0750000e+02;7.1348235e-02;2.0750000e+02;8.8697158e-02;2.0750000e+02;1.0652105e-01;2.0750000e+02;1.2560117e-01;2.0750000e+02;1.4488964e-01;2.0750000e+02;1.6014737e-01;2.0750000e+02;1.7342754e-01;2.0750000e+02;1.8844238e-01;2.0750000e+02;2.1210407e-01;2.0750000e+02;2.3743100e-01;2.0750000e+02;2.6215315e-01;2.0750000e+02;2.7074158e-01;2.0750000e+02;2.7028933e-01;2.0750000e+02;2.6216096e-01;2.0750000e+02;2.4841028e-01;2.0750000e+02;3.0957434e-02;2.0750000e+02;4.2300202e-02;2.0750000e+02;5.5374507e-02;2.0750000e+02;7.1348235e-02;2.0750000e+02;8.8697158e-02;2.0750000e+02;1.0652105e-01;2.0750000e+02;1.2560117e-01;2.0750000e+02;1.4488964e-01;2.0750000e+02;1.6014737e-01;2.0750000e+02;1.7342754e-01;2.0750000e+02;1.8844238e-01;2.0750000e+02;2.1210407e-01;2.0750000e+02;2.3743100e-01;2.0750000e+02;2.6215315e-01;2.0750000e+02;2.7074158e-01;2.0750000e+02;2.7028933e-01;2.0750000e+02;2.6216096e-01;2.0750000e+02;2.4841028e-01;2.0750000e+02;3.0957434e-02;2.0750000e+02;4.2300202e-02;2.0750000e+02;5.5374507e-02;2.0750000e+02;7.1348235e-02;2.0750000e+02;8.8697158e-02;2.0750000e+02;1.0652105e-01;2.0750000e+02;1.2560117e-01;2.0750000e+02;1.4488964e-01;2.0750000e+02;1.6014737e-01;2.0750000e+02;1.7342754e-01;2.0750000e+02;1.8844238e-01;2.0750000e+02;2.1210407e-01;2.0750000e+02;2.3743100e-01;2.0750000e+02;2.6215315e-01;2.0750000e+02;2.7074158e-01;2.0750000e+02;2.7028933e-01;2.0750000e+02;2.6216096e-01;2.0750000e+02;2.4841028e-01;2.0750000e+02;3.0957434e-02;2.0750000e+02;4.2300202e-02;2.0750000e+02;5.5374507e-02;2.0750000e+02;7.1348235e-02;2.0750000e+02;8.8697158e-02;2.0750000e+02;1.0652105e-01;2.0750000e+02;1.2560117e-01;2.0750000e+02;1.4488964e-01;2.0750000e+02;1.6014737e-01;2.0750000e+02;1.7342754e-01;2.0750000e+02;1.8844238e-01;2.0750000e+02;2.1210407e-01;2.0750000e+02;2.3743100e-01;2.0750000e+02;2.6215315e-01;2.0750000e+02;2.7074158e-01;2.0750000e+02;2.7028933e-01;2.0750000e+02;2.6216096e-01;2.0750000e+02;2.4841028e-01;2.0750000e+02;3.0957434e-02;2.0750000e+02;4.2300202e-02;2.0750000e+02;5.5374507e-02;2.0750000e+02;7.1348235e-02;2.0750000e+02;8.8697158e-02;2.0750000e+02;1.0652105e-01;2.0750000e+02;1.2560117e-01;2.0750000e+02;1.4488964e-01;2.0750000e+02;1.6014737e-01;2.0750000e+02;1.7342754e-01;2.0750000e+02;1.8844238e-01;2.0750000e+02;2.1210407e-01;2.0750000e+02;2.3743100e-01;2.0750000e+02;2.6215315e-01;2.0750000e+02;2.7074158e-01;2.0750000e+02;2.7028933e-01;2.0750000e+02;2.6216096e-01;2.0750000e+02;2.4841028e-01;2.0750000e+02;3.0957434e-02;2.0750000e+02;4.2300202e-02;2.0750000e+02;5.5374507e-02;2.0750000e+02;7.1348235e-02;2.0750000e+02;8.8697158e-02;2.0750000e+02;1.0652105e-01;2.0750000e+02;1.2560117e-01;2.0750000e+02;1.4488964e-01;2.0750000e+02;1.6014737e-01;2.0750000e+02;1.7342754e-01;2.0750000e+02;1.8844238e-01;2.0750000e+02;2.1210407e-01;2.0750000e+02;2.3743100e-01;2.0750000e+02;2.6215315e-01;2.0750000e+02;2.7074158e-01;2.0750000e+02;2.7028933e-01;2.0750000e+02;2.6216096e-01;2.0750000e+02;2.4841028e-01;2.0750000e+02;3.0957434e-02;2.0750000e+02;4.2300202e-02;2.0750000e+02;5.5374507e-02;2.0750000e+02;7.1348235e-02;2.0750000e+02;8.8697158e-02;2.0750000e+02;1.0652105e-01;2.0750000e+02;1.2560117e-01;2.0750000e+02;1.4488964e-01;2.0750000e+02;1.6014737e-01;2.0750000e+02;1.7342754e-01;2.0750000e+02;1.8844238e-01;2.0750000e+02;2.1210407e-01;2.0750000e+02;2.3743100e-01;2.0750000e+02;2.6215315e-01;2.0750000e+02;2.7074158e-01;2.0750000e+02;2.7028933e-01;2.0750000e+02;2.6216096e-01;2.0750000e+02;2.4841028e-01;2.0750000e+02;3.0957434e-02;2.0750000e+02;4.2300202e-02;2.0750000e+02;5.5374507e-02;2.0750000e+02;7.1348235e-02;2.0750000e+02;8.8697158e-02;2.0750000e+02;1.0652105e-01;2.0750000e+02;1.2560117e-01;2.0750000e+02;1.4488964e-01;2.0750000e+02;1.6014737e-01;2.0750000e+02;1.7342754e-01;2.0750000e+02;1.8844238e-01;2.0750000e+02;2.1210407e-01;2.0750000e+02;2.3743100e-01;2.0750000e+02;2.6215315e-01;2.0750000e+02;2.7074158e-01;2.0750000e+02;2.7028933e-01;2.0750000e+02;2.6216096e-01;2.0750000e+02;2.4841028e-01;2.0750000e+02;3.0957434e-02;2.0750000e+02;4.2300202e-02;2.0750000e+02;5.5374507e-02;2.0750000e+02;7.1348235e-02;2.0750000e+02;8.8697158e-02;2.0750000e+02;1.0652105e-01;2.0750000e+02;1.2560117e-01;2.0750000e+02;1.4488964e-01;2.0750000e+02;1.6014737e-01;2.0750000e+02;1.7342754e-01;2.0750000e+02;1.8844238e-01;2.0750000e+02;2.1210407e-01;2.0750000e+02;2.3743100e-01;2.0750000e+02;2.6215315e-01;2.0750000e+02;2.7074158e-01;2.0750000e+02;2.7028933e-01;2.0750000e+02;2.6216096e-01;2.0750000e+02;2.4841028e-01;2.0750000e+02;3.0957434e-02;2.0750000e+02;4.2300202e-02;2.0750000e+02;5.5374507e-02;2.0750000e+02;7.1348235e-02;2.0750000e+02;8.8697158e-02;2.0750000e+02;1.0652105e-01;2.0750000e+02;1.2560117e-01;2.0750000e+02;1.4488964e-01;2.0750000e+02;1.6014737e-01;2.0750000e+02;1.7342754e-01;2.0750000e+02;1.8844238e-01;2.0750000e+02;2.1210407e-01;2.0750000e+02;2.3743100e-01;2.0750000e+02;2.6215315e-01;2.0750000e+02;2.7074158e-01;2.0750000e+02;2.7028933e-01;2.0750000e+02;2.6216096e-01;2.0750000e+02;2.4841028e-01;2.0750000e+02;3.0957434e-02;2.0750000e+02;4.2300202e-02;2.0750000e+02;5.5374507e-02;2.0750000e+02;7.1348235e-02;2.0750000e+02;8.8697158e-02;2.0750000e+02;1.0652105e-01;2.0750000e+02;1.2560117e-01;2.0750000e+02;1.4488964e-01;2.0750000e+02;1.6014737e-01;2.0750000e+02;1.7342754e-01;2.0750000e+02;1.8844238e-01;2.0750000e+02;2.1210407e-01;2.0750000e+02;2.3743100e-01;2.0750000e+02;2.6215315e-01;2.0750000e+02;2.7074158e-01;2.0750000e+02;2.7028933e-01;2.0750000e+02;2.6216096e-01;2.0750000e+02;2.4841028e-01;2.0750000e+02;3.0957434e-02;2.0750000e+02;4.2300202e-02;2.0750000e+02;5.5374507e-02;2.0750000e+02;7.1348235e-02;2.0750000e+02;8.8697158e-02;2.0750000e+02;1.0652105e-01;2.0750000e+02;1.2560117e-01;2.0750000e+02;1.4488964e-01;2.0750000e+02;1.6014737e-01;2.0750000e+02;1.7342754e-01;2.0750000e+02;1.8844238e-01;2.0750000e+02;2.1210407e-01;2.0750000e+02;2.3743100e-01;2.0750000e+02;2.6215315e-01;2.0750000e+02;2.7074158e-01;2.0750000e+02;2.7028933e-01;2.0750000e+02;2.6216096e-01;2.0750000e+02;2.4841028e-01;2.0750000e+02;3.0957434e-02;2.0750000e+02;4.2300202e-02;2.0750000e+02;5.5374507e-02;2.0750000e+02;7.1348235e-02;2.0750000e+02;8.8697158e-02;2.0750000e+02;1.0652105e-01;2.0750000e+02;1.2560117e-01;2.0750000e+02;1.4488964e-01;2.0750000e+02;1.6014737e-01;2.0750000e+02;1.7342754e-01;2.0750000e+02;1.8844238e-01;2.0750000e+02;2.1210407e-01;2.0750000e+02;2.3743100e-01;2.0750000e+02;2.6215315e-01;2.0750000e+02;2.7074158e-01;2.0750000e+02;2.7028933e-01;2.0750000e+02;2.6216096e-01;2.0750000e+02;2.4841028e-01;2.0750000e+02;3.0957434e-02;2.0750000e+02;4.2300202e-02;2.0750000e+02;5.5374507e-02;2.0750000e+02;7.1348235e-02;2.0750000e+02;8.8697158e-02;2.0750000e+02;1.0652105e-01;2.0750000e+02;1.2560117e-01;2.0750000e+02;1.4488964e-01;2.0750000e+02;1.6014737e-01;2.0750000e+02;1.7342754e-01;2.0750000e+02;1.8844238e-01;2.0750000e+02;2.1210407e-01;2.0750000e+02;2.3743100e-01;2.0750000e+02;2.6215315e-01;2.0750000e+02;2.7074158e-01;2.0750000e+02;2.7028933e-01;2.0750000e+02;2.6216096e-01;2.0750000e+02;2.4841028e-01;2.0750000e+02;3.0957434e-02;2.0750000e+02;4.2300202e-02;2.0750000e+02;5.5374507e-02;2.0750000e+02;7.1348235e-02;2.0750000e+02;8.8697158e-02;2.0750000e+02;1.0652105e-01;2.0750000e+02;1.2560117e-01;2.0750000e+02;1.4488964e-01;2.0750000e+02;1.6014737e-01;2.0750000e+02;1.7342754e-01;2.0750000e+02;1.8844238e-01;2.0750000e+02;2.1210407e-01;2.0750000e+02;2.3743100e-01;2.0750000e+02;2.6215315e-01;2.0750000e+02;2.7074158e-01;2.0750000e+02;2.7028933e-01;2.0750000e+02;2.6216096e-01;2.0750000e+02;2.4841028e-01;2.0750000e+02;3.0957434e-02;2.0750000e+02;4.2300202e-02;2.0750000e+02;5.5374507e-02;2.0750000e+02;7.1348235e-02;2.0750000e+02;8.8697158e-02;2.0750000e+02;1.0652105e-01;2.0750000e+02;1.2560117e-01;2.0750000e+02;1.4488964e-01;2.0750000e+02;1.6014737e-01;2.0750000e+02;1.7342754e-01;2.0750000e+02;1.8844238e-01;2.0750000e+02;2.1210407e-01;2.0750000e+02;2.3743100e-01;2.0750000e+02;2.6215315e-01;2.0750000e+02;2.7074158e-01;2.0750000e+02;2.7028933e-01;2.0750000e+02;2.6216096e-01;2.0750000e+02;2.4841028e-01;2.0750000e+02;3.0957434e-02;2.0750000e+02;4.2300202e-02;2.0750000e+02;5.5374507e-02;2.0750000e+02;7.1348235e-02;2.0750000e+02;8.8697158e-02;2.0750000e+02;1.0652105e-01;2.0750000e+02;1.2560117e-01;2.0750000e+02;1.4488964e-01;2.0750000e+02;1.6014737e-01;2.0750000e+02;1.7342754e-01;2.0750000e+02;1.8844238e-01;2.0750000e+02;2.1210407e-01;2.0750000e+02;2.3743100e-01;2.0750000e+02;2.6215315e-01;2.0750000e+02;2.7074158e-01;2.0750000e+02;2.7028933e-01;2.0750000e+02;2.6216096e-01;2.0750000e+02;2.4841028e-01;2.0750000e+02;3.0957434e-02;2.0750000e+02;4.2300202e-02;2.0750000e+02;5.5374507e-02;2.0750000e+02;7.1348235e-02;2.0750000e+02;8.8697158e-02;2.0750000e+02;1.0652105e-01;2.0750000e+02;1.2560117e-01;2.0750000e+02;1.4488964e-01;2.0750000e+02;1.6014737e-01;2.0750000e+02;1.7342754e-01;2.0750000e+02;1.8844238e-01;2.0750000e+02;2.1210407e-01;2.0750000e+02;2.3743100e-01;2.0750000e+02;2.6215315e-01;2.0750000e+02;2.7074158e-01;2.0750000e+02;2.7028933e-01;2.0750000e+02;2.6216096e-01;2.0750000e+02;2.4841028e-01;2.0750000e+02;3.0957434e-02;2.0750000e+02;4.2300202e-02;2.0750000e+02;5.5374507e-02;2.0750000e+02;7.1348235e-02;2.0750000e+02;8.8697158e-02;2.0750000e+02;1.0652105e-01;2.0750000e+02;1.2560117e-01;2.0750000e+02;1.4488964e-01;2.0750000e+02;1.6014737e-01;2.0750000e+02;1.7342754e-01;2.0750000e+02;1.8844238e-01;2.0750000e+02;2.1210407e-01;2.0750000e+02;2.3743100e-01;2.0750000e+02;2.6215315e-01;2.0750000e+02;2.7074158e-01;2.0750000e+02;2.7028933e-01;2.0750000e+02;2.6216096e-01;2.0750000e+02;2.4841028e-01;2.0750000e+02;3.0957434e-02;2.0750000e+02;4.2300202e-02;2.0750000e+02;5.5374507e-02;2.0750000e+02;7.1348235e-02;2.0750000e+02;8.8697158e-02;2.0750000e+02;1.0652105e-01;2.0750000e+02;1.2560117e-01;2.0750000e+02;1.4488964e-01;2.0750000e+02;1.6014737e-01;2.0750000e+02;1.7342754e-01;2.0750000e+02;1.8844238e-01;2.0750000e+02;2.1210407e-01;2.0750000e+02;2.3743100e-01;2.0750000e+02;2.6215315e-01;2.0750000e+02;2.7074158e-01;2.0750000e+02;2.7028933e-01;2.0750000e+02;2.6216096e-01;2.0750000e+02;2.4841028e-01;2.0750000e+02;3.0957434e-02;2.0750000e+02;4.2300202e-02;2.0750000e+02;5.5374507e-02;2.0750000e+02;7.1348235e-02;2.0750000e+02;8.8697158e-02;2.0750000e+02;1.0652105e-01;2.0750000e+02;1.2560117e-01;2.0750000e+02;1.4488964e-01;2.0750000e+02;1.6014737e-01;2.0750000e+02;1.7342754e-01;2.0750000e+02;1.8844238e-01;2.0750000e+02;2.1210407e-01;2.0750000e+02;2.3743100e-01;2.0750000e+02;2.6215315e-01;2.0750000e+02;2.7074158e-01;2.0750000e+02;2.7028933e-01;2.0750000e+02;2.6216096e-01;2.0750000e+02;2.4841028e-01;2.0750000e+02;3.0957434e-02;2.0750000e+02;4.2300202e-02;2.0750000e+02;5.5374507e-02;2.0750000e+02;7.1348235e-02;2.0750000e+02;8.8697158e-02;2.0750000e+02;1.0652105e-01;2.0750000e+02;1.2560117e-01;2.0750000e+02;1.4488964e-01;2.0750000e+02;1.6014737e-01;2.0750000e+02;1.7342754e-01;2.0750000e+02;1.8844238e-01;2.0750000e+02;2.1210407e-01;2.0750000e+02;2.3743100e-01;2.0750000e+02;2.6215315e-01;2.0750000e+02;2.7074158e-01;2.0750000e+02;2.7028933e-01;2.0750000e+02;2.6216096e-01;2.0750000e+02;2.4841028e-01;2.0750000e+02;3.0957434e-02;2.0750000e+02;4.2300202e-02;2.0750000e+02;5.5374507e-02;2.0750000e+02;7.1348235e-02;2.0750000e+02;8.8697158e-02;2.0750000e+02;1.0652105e-01;2.0750000e+02;1.2560117e-01;2.0750000e+02;1.4488964e-01;2.0750000e+02;1.6014737e-01;2.0750000e+02;1.7342754e-01;2.0750000e+02;1.8844238e-01;2.0750000e+02;2.1210407e-01;2.0750000e+02;2.3743100e-01;2.0750000e+02;2.6215315e-01;2.0750000e+02;2.7074158e-01;2.0750000e+02;2.7028933e-01;2.0750000e+02;2.6216096e-01;2.0750000e+02;2.4841028e-01;2.0750000e+02;3.0957434e-02;2.0750000e+02;4.2300202e-02;2.0750000e+02;5.5374507e-02;2.0750000e+02;7.1348235e-02;2.0750000e+02;8.8697158e-02;2.0750000e+02;1.0652105e-01;2.0750000e+02;1.2560117e-01;2.0750000e+02;1.4488964e-01;2.0750000e+02;1.6014737e-01;2.0750000e+02;1.7342754e-01;2.0750000e+02;1.8844238e-01;2.0750000e+02;2.1210407e-01;2.0750000e+02;2.3743100e-01;2.0750000e+02;2.6215315e-01;2.0750000e+02;2.7074158e-01;2.0750000e+02;2.7028933e-01;2.0750000e+02;2.6216096e-01;2.0750000e+02;2.4841028e-01;2.0750000e+02;3.0957434e-02;2.0750000e+02;4.2300202e-02;2.0750000e+02;5.5374507e-02;2.0750000e+02;7.1348235e-02;2.0750000e+02;8.8697158e-02;2.0750000e+02;1.0652105e-01;2.0750000e+02;1.2560117e-01;2.0750000e+02;1.4488964e-01;2.0750000e+02;1.6014737e-01;2.0750000e+02;1.7342754e-01;2.0750000e+02;1.8844238e-01;2.0750000e+02;2.1210407e-01;2.0750000e+02;2.3743100e-01;2.0750000e+02;2.6215315e-01;2.0750000e+02;2.7074158e-01;2.0750000e+02;2.7028933e-01;2.0750000e+02;2.6216096e-01;2.0750000e+02;2.4841028e-01;2.0750000e+02;3.0957434e-02;2.0750000e+02;4.2300202e-02;2.0750000e+02;5.5374507e-02;2.0750000e+02;7.1348235e-02;2.0750000e+02;8.8697158e-02;2.0750000e+02;1.0652105e-01;2.0750000e+02;1.2560117e-01;2.0750000e+02;1.4488964e-01;2.0750000e+02;1.6014737e-01;2.0750000e+02;1.7342754e-01;2.0750000e+02;1.8844238e-01;2.0750000e+02;2.1210407e-01;2.0750000e+02;2.3743100e-01;2.0750000e+02;2.6215315e-01;2.0750000e+02;2.7074158e-01;2.0750000e+02;2.7028933e-01;2.0750000e+02;2.6216096e-01;2.0750000e+02;2.4841028e-01;2.0750000e+02;3.0957434e-02;2.0750000e+02;4.2300202e-02;2.0750000e+02;5.5374507e-02;2.0750000e+02;7.1348235e-02;2.0750000e+02;8.8697158e-02;2.0750000e+02;1.0652105e-01;2.0750000e+02;1.2560117e-01;2.0750000e+02;1.4488964e-01;2.0750000e+02;1.6014737e-01;2.0750000e+02;1.7342754e-01;2.0750000e+02;1.8844238e-01;2.0750000e+02;2.1210407e-01;2.0750000e+02;2.3743100e-01;2.0750000e+02;2.6215315e-01;2.0750000e+02;2.7074158e-01;2.0750000e+02;2.7028933e-01;2.0750000e+02;2.6216096e-01;2.0750000e+02;2.4841028e-01;2.0750000e+02;3.0957434e-02;2.0750000e+02;4.2300202e-02;2.0750000e+02;5.5374507e-02;2.0750000e+02;7.1348235e-02;2.0750000e+02;8.8697158e-02;2.0750000e+02;1.0652105e-01;2.0750000e+02;1.2560117e-01;2.0750000e+02;1.4488964e-01;2.0750000e+02;1.6014737e-01;2.0750000e+02;1.7342754e-01;2.0750000e+02;1.8844238e-01;2.0750000e+02;2.1210407e-01;2.0750000e+02;2.3743100e-01;2.0750000e+02;2.6215315e-01;2.0750000e+02;2.7074158e-01;2.0750000e+02;2.7028933e-01;2.0750000e+02;2.6216096e-01;2.0750000e+02;2.4841028e-01;2.0750000e+02;3.0957434e-02;2.0750000e+02;4.2300202e-02;2.0750000e+02;5.5374507e-02;2.0750000e+02;7.1348235e-02;2.0750000e+02;8.8697158e-02;2.0750000e+02;1.0652105e-01;2.0750000e+02;1.2560117e-01;2.0750000e+02;1.4488964e-01;2.0750000e+02;1.6014737e-01;2.0750000e+02;1.7342754e-01;2.0750000e+02;1.8844238e-01;2.0750000e+02;2.1210407e-01;2.0750000e+02;2.3743100e-01;2.0750000e+02;2.6215315e-01;2.0750000e+02;2.7074158e-01;2.0750000e+02;2.7028933e-01;2.0750000e+02;2.6216096e-01;2.0750000e+02;2.4841028e-01;2.0750000e+02;3.0957434e-02;2.0750000e+02;4.2300202e-02;2.0750000e+02;5.5374507e-02;2.0750000e+02;7.1348235e-02;2.0750000e+02;8.8697158e-02;2.0750000e+02;1.0652105e-01;2.0750000e+02;1.2560117e-01;2.0750000e+02;1.4488964e-01;2.0750000e+02;1.6014737e-01;2.0750000e+02;1.7342754e-01;2.0750000e+02;1.8844238e-01;2.0750000e+02;2.1210407e-01;2.0750000e+02;2.3743100e-01;2.0750000e+02;2.6215315e-01;2.0750000e+02;2.7074158e-01;2.0750000e+02;2.7028933e-01;2.0750000e+02;2.6216096e-01;2.0750000e+02;2.4841028e-01;2.0750000e+02;3.0957434e-02;2.0750000e+02;4.2300202e-02;2.0750000e+02;5.5374507e-02;2.0750000e+02;7.1348235e-02;2.0750000e+02;8.8697158e-02;2.0750000e+02;1.0652105e-01;2.0750000e+02;1.2560117e-01;2.0750000e+02;1.4488964e-01;2.0750000e+02;1.6014737e-01;2.0750000e+02;1.7342754e-01;2.0750000e+02;1.8844238e-01;2.0750000e+02;2.1210407e-01;2.0750000e+02;2.3743100e-01;2.0750000e+02;2.6215315e-01;2.0750000e+02;2.7074158e-01;2.0750000e+02;2.7028933e-01;2.0750000e+02;2.6216096e-01;2.0750000e+02;2.4841028e-01;2.0750000e+02;3.0957434e-02;2.0750000e+02;4.2300202e-02;2.0750000e+02;5.5374507e-02;2.0750000e+02;7.1348235e-02;2.0750000e+02;8.8697158e-02;2.0750000e+02;1.0652105e-01;2.0750000e+02;1.2560117e-01;2.0750000e+02;1.4488964e-01;2.0750000e+02;1.6014737e-01;2.0750000e+02;1.7342754e-01;2.0750000e+02;1.8844238e-01;2.0750000e+02;2.1210407e-01;2.0750000e+02;2.3743100e-01;2.0750000e+02;2.6215315e-01;2.0750000e+02;2.7074158e-01;2.0750000e+02;2.7028933e-01;2.0750000e+02;2.6216096e-01;2.0750000e+02;2.4841028e-01;2.0750000e+02;3.0957434e-02;2.0750000e+02;4.2300202e-02;2.0750000e+02;5.5374507e-02;2.0750000e+02;7.1348235e-02;2.0750000e+02;8.8697158e-02;2.0750000e+02;1.0652105e-01;2.0750000e+02;1.2560117e-01;2.0750000e+02;1.4488964e-01;2.0750000e+02;1.6014737e-01;2.0750000e+02;1.7342754e-01;2.0750000e+02;1.8844238e-01;2.0750000e+02;2.1210407e-01;2.0750000e+02;2.3743100e-01;2.0750000e+02;2.6215315e-01;2.0750000e+02;2.7074158e-01;2.0750000e+02;2.7028933e-01;2.0750000e+02;2.6216096e-01;2.0750000e+02;2.4841028e-01;2.0750000e+02;3.0957434e-02;2.0750000e+02;4.2300202e-02;2.0750000e+02;5.5374507e-02;2.0750000e+02;7.1348235e-02;2.0750000e+02;8.8697158e-02;2.0750000e+02;1.0652105e-01;2.0750000e+02;1.2560117e-01;2.0750000e+02;1.4488964e-01;2.0750000e+02;1.6014737e-01;2.0750000e+02;1.7342754e-01;2.0750000e+02;1.8844238e-01;2.0750000e+02;2.1210407e-01;2.0750000e+02;2.3743100e-01;2.0750000e+02;2.6215315e-01;2.0750000e+02;2.7074158e-01;2.0750000e+02;2.7028933e-01;2.0750000e+02;2.6216096e-01;2.0750000e+02;2.4841028e-01;2.0750000e+02;3.0957434e-02;2.0750000e+02;4.2300202e-02;2.0750000e+02;5.5374507e-02;2.0750000e+02;7.1348235e-02;2.0750000e+02;8.8697158e-02;2.0750000e+02;1.0652105e-01;2.0750000e+02;1.2560117e-01;2.0750000e+02;1.4488964e-01;2.0750000e+02;1.6014737e-01;2.0750000e+02;1.7342754e-01;2.0750000e+02;1.8844238e-01;2.0750000e+02;2.1210407e-01;2.0750000e+02;2.3743100e-01;2.0750000e+02;2.6215315e-01;2.0750000e+02;2.7074158e-01;2.0750000e+02;2.7028933e-01;2.0750000e+02;2.6216096e-01;2.0750000e+02;2.4841028e-01;2.0750000e+02;3.0957434e-02;2.0750000e+02;4.2300202e-02;2.0750000e+02;5.5374507e-02;2.0750000e+02;7.1348235e-02;2.0750000e+02;8.8697158e-02;2.0750000e+02;1.0652105e-01;2.0750000e+02;1.2560117e-01;2.0750000e+02;1.4488964e-01;2.0750000e+02;1.6014737e-01;2.0750000e+02;1.7342754e-01;2.0750000e+02;1.8844238e-01;2.0750000e+02;2.1210407e-01;2.0750000e+02;2.3743100e-01;2.0750000e+02;2.6215315e-01;2.0750000e+02;2.7074158e-01;2.0750000e+02;2.7028933e-01;2.0750000e+02;2.6216096e-01;2.0750000e+02;2.4841028e-01;2.0750000e+02;3.0957434e-02;2.0750000e+02;4.2300202e-02;2.0750000e+02;5.5374507e-02;2.0750000e+02;7.1348235e-02;2.0750000e+02;8.8697158e-02;2.0750000e+02;1.0652105e-01;2.0750000e+02;1.2560117e-01;2.0750000e+02;1.4488964e-01;2.0750000e+02;1.6014737e-01;2.0750000e+02;1.7342754e-01;2.0750000e+02;1.8844238e-01;2.0750000e+02;2.1210407e-01;2.0750000e+02;2.3743100e-01;2.0750000e+02;2.6215315e-01;2.0750000e+02;2.7074158e-01;2.0750000e+02;2.7028933e-01;2.0750000e+02;2.6216096e-01;2.0750000e+02;2.4841028e-01;2.0750000e+02;3.0957434e-02;2.0750000e+02;4.2300202e-02;2.0750000e+02;5.5374507e-02;2.0750000e+02;7.1348235e-02;2.0750000e+02;8.8697158e-02;2.0750000e+02;1.0652105e-01;2.0750000e+02;1.2560117e-01;2.0750000e+02;1.4488964e-01;2.0750000e+02;1.6014737e-01;2.0750000e+02;1.7342754e-01;2.0750000e+02;1.8844238e-01;2.0750000e+02;2.1210407e-01;2.0750000e+02;2.3743100e-01;2.0750000e+02;2.6215315e-01;2.0750000e+02;2.7074158e-01;2.0750000e+02;2.7028933e-01;2.0750000e+02;2.6216096e-01;2.0750000e+02;2.4841028e-01;2.0750000e+02;3.0957434e-02;2.0750000e+02;4.2300202e-02;2.0750000e+02;5.5374507e-02;2.0750000e+02;7.1348235e-02;2.0750000e+02;8.8697158e-02;2.0750000e+02;1.0652105e-01;2.0750000e+02;1.2560117e-01;2.0750000e+02;1.4488964e-01;2.0750000e+02;1.6014737e-01;2.0750000e+02;1.7342754e-01;2.0750000e+02;1.8844238e-01;2.0750000e+02;2.1210407e-01;2.0750000e+02;2.3743100e-01;2.0750000e+02;2.6215315e-01;2.0750000e+02;2.7074158e-01;2.0750000e+02;2.7028933e-01;2.0750000e+02;2.6216096e-01;2.0750000e+02;2.4841028e-01;2.0750000e+02;3.0957434e-02;2.0750000e+02;4.2300202e-02;2.0750000e+02;5.5374507e-02;2.0750000e+02;7.1348235e-02;2.0750000e+02;8.8697158e-02;2.0750000e+02;1.0652105e-01;2.0750000e+02;1.2560117e-01;2.0750000e+02;1.4488964e-01;2.0750000e+02;1.6014737e-01;2.0750000e+02;1.7342754e-01;2.0750000e+02;1.8844238e-01;2.0750000e+02;2.1210407e-01;2.0750000e+02;2.3743100e-01;2.0750000e+02;2.6215315e-01;2.0750000e+02;2.7074158e-01;2.0750000e+02;2.7028933e-01;2.0750000e+02;2.6216096e-01;2.0750000e+02;2.4841028e-01;2.0750000e+02;3.0957434e-02;2.0750000e+02;4.2300202e-02;2.0750000e+02;5.5374507e-02;2.0750000e+02;7.1348235e-02;2.0750000e+02;8.8697158e-02;2.0750000e+02;1.0652105e-01;2.0750000e+02;1.2560117e-01;2.0750000e+02;1.4488964e-01;2.0750000e+02;1.6014737e-01;2.0750000e+02;1.7342754e-01;2.0750000e+02;1.8844238e-01;2.0750000e+02;2.1210407e-01;2.0750000e+02;2.3743100e-01;2.0750000e+02;2.6215315e-01;2.0750000e+02;2.7074158e-01;2.0750000e+02;2.7028933e-01;2.0750000e+02;2.6216096e-01;2.0750000e+02;2.4841028e-01;2.0750000e+02;3.0957434e-02;2.0750000e+02;4.2300202e-02;2.0750000e+02;5.5374507e-02;2.0750000e+02;7.1348235e-02;2.0750000e+02;8.8697158e-02;2.0750000e+02;1.0652105e-01;2.0750000e+02;1.2560117e-01;2.0750000e+02;1.4488964e-01;2.0750000e+02;1.6014737e-01;2.0750000e+02;1.7342754e-01;2.0750000e+02;1.8844238e-01;2.0750000e+02;2.1210407e-01;2.0750000e+02;2.3743100e-01;2.0750000e+02;2.6215315e-01;2.0750000e+02;2.7074158e-01;2.0750000e+02;2.7028933e-01;2.0750000e+02;2.6216096e-01;2.0750000e+02;2.4841028e-01;2.0750000e+02;3.0957434e-02;2.0750000e+02;4.2300202e-02;2.0750000e+02;5.5374507e-02;2.0750000e+02;7.1348235e-02;2.0750000e+02;8.8697158e-02;2.0750000e+02;1.0652105e-01;2.0750000e+02;1.2560117e-01;2.0750000e+02;1.4488964e-01;2.0750000e+02;1.6014737e-01;2.0750000e+02;1.7342754e-01;2.0750000e+02;1.8844238e-01;2.0750000e+02;2.1210407e-01;2.0750000e+02;2.3743100e-01;2.0750000e+02;2.6215315e-01;2.0750000e+02;2.7074158e-01;2.0750000e+02;2.7028933e-01;2.0750000e+02;2.6216096e-01;2.0750000e+02;2.4841028e-01;2.0750000e+02;3.0957434e-02;2.0750000e+02;4.2300202e-02;2.0750000e+02;5.5374507e-02;2.0750000e+02;7.1348235e-02;2.0750000e+02;8.8697158e-02;2.0750000e+02;1.0652105e-01;2.0750000e+02;1.2560117e-01;2.0750000e+02;1.4488964e-01;2.0750000e+02;1.6014737e-01;2.0750000e+02;1.7342754e-01;2.0750000e+02;1.8844238e-01;2.0750000e+02;2.1210407e-01;2.0750000e+02;2.3743100e-01;2.0750000e+02;2.6215315e-01;2.0750000e+02;2.7074158e-01;2.0750000e+02;2.7028933e-01;2.0750000e+02;2.6216096e-01;2.0750000e+02;2.4841028e-01;2.0750000e+02;3.0957434e-02;2.0750000e+02;4.2300202e-02;2.0750000e+02;5.5374507e-02;2.0750000e+02;7.1348235e-02;2.0750000e+02;8.8697158e-02;2.0750000e+02;1.0652105e-01;2.0750000e+02;1.2560117e-01;2.0750000e+02;1.4488964e-01;2.0750000e+02;1.6014737e-01;2.0750000e+02;1.7342754e-01;2.0750000e+02;1.8844238e-01;2.0750000e+02;2.1210407e-01;2.0750000e+02;2.3743100e-01;2.0750000e+02;2.6215315e-01;2.0750000e+02;2.7074158e-01;2.0750000e+02;2.7028933e-01;2.0750000e+02;2.6216096e-01;2.0750000e+02;2.4841028e-01;2.0750000e+02;3.0957434e-02;2.0750000e+02;4.2300202e-02;2.0750000e+02;5.5374507e-02;2.0750000e+02;7.1348235e-02;2.0750000e+02;8.8697158e-02;2.0750000e+02;1.0652105e-01;2.0750000e+02;1.2560117e-01;2.0750000e+02;1.4488964e-01;2.0750000e+02;1.6014737e-01;2.0750000e+02;1.7342754e-01;2.0750000e+02;1.8844238e-01;2.0750000e+02;2.1210407e-01;2.0750000e+02;2.3743100e-01;2.0750000e+02;2.6215315e-01;2.0750000e+02;2.7074158e-01;2.0750000e+02;2.7028933e-01;2.0750000e+02;2.6216096e-01;2.0750000e+02;2.4841028e-01;2.0750000e+02;3.0957434e-02;2.0750000e+02;4.2300202e-02;2.0750000e+02;5.5374507e-02;2.0750000e+02;7.1348235e-02;2.0750000e+02;8.8697158e-02;2.0750000e+02;1.0652105e-01;2.0750000e+02;1.2560117e-01;2.0750000e+02;1.4488964e-01;2.0750000e+02;1.6014737e-01;2.0750000e+02;1.7342754e-01;2.0750000e+02;1.8844238e-01;2.0750000e+02;2.1210407e-01;2.0750000e+02;2.3743100e-01;2.0750000e+02;2.6215315e-01;2.0750000e+02;2.7074158e-01;2.0750000e+02;2.7028933e-01;2.0750000e+02;2.6216096e-01;2.0750000e+02;2.4841028e-01;2.0750000e+02;3.0957434e-02;2.0750000e+02;4.2300202e-02;2.0750000e+02;5.5374507e-02;2.0750000e+02;7.1348235e-02;2.0750000e+02;8.8697158e-02;2.0750000e+02;1.0652105e-01;2.0750000e+02;1.2560117e-01;2.0750000e+02;1.4488964e-01;2.0750000e+02;1.6014737e-01;2.0750000e+02;1.7342754e-01;2.0750000e+02;1.8844238e-01;2.0750000e+02;2.1210407e-01;2.0750000e+02;2.3743100e-01;2.0750000e+02;2.6215315e-01;2.0750000e+02;2.7074158e-01;2.0750000e+02;2.7028933e-01;2.0750000e+02;2.6216096e-01;2.0750000e+02;2.4841028e-01;2.0750000e+02;3.0957434e-02;2.0750000e+02;4.2300202e-02;2.0750000e+02;5.5374507e-02;2.0750000e+02;7.1348235e-02;2.0750000e+02;8.8697158e-02;2.0750000e+02;1.0652105e-01;2.0750000e+02;1.2560117e-01;2.0750000e+02;1.4488964e-01;2.0750000e+02;1.6014737e-01;2.0750000e+02;1.7342754e-01;2.0750000e+02;1.8844238e-01;2.0750000e+02;2.1210407e-01;2.0750000e+02;2.3743100e-01;2.0750000e+02;2.6215315e-01;2.0750000e+02;2.7074158e-01;2.0750000e+02;2.7028933e-01;2.0750000e+02;2.6216096e-01;2.0750000e+02;2.4841028e-01;2.0750000e+02;3.0957434e-02;2.0750000e+02;4.2300202e-02;2.0750000e+02;5.5374507e-02;2.0750000e+02;7.1348235e-02;2.0750000e+02;8.8697158e-02;2.0750000e+02;1.0652105e-01;2.0750000e+02;1.2560117e-01;2.0750000e+02;1.4488964e-01;2.0750000e+02;1.6014737e-01;2.0750000e+02;1.7342754e-01;2.0750000e+02;1.8844238e-01;2.0750000e+02;2.1210407e-01;2.0750000e+02;2.3743100e-01;2.0750000e+02;2.6215315e-01;2.0750000e+02;2.7074158e-01;2.0750000e+02;2.7028933e-01;2.0750000e+02;2.6216096e-01;2.0750000e+02;2.4841028e-01;2.0750000e+02;3.0957434e-02;2.0750000e+02;4.2300202e-02;2.0750000e+02;5.5374507e-02;2.0750000e+02;7.1348235e-02;2.0750000e+02;8.8697158e-02;2.0750000e+02;1.0652105e-01;2.0750000e+02;1.2560117e-01;2.0750000e+02;1.4488964e-01;2.0750000e+02;1.6014737e-01;2.0750000e+02;1.7342754e-01;2.0750000e+02;1.8844238e-01;2.0750000e+02;2.1210407e-01;2.0750000e+02;2.3743100e-01;2.0750000e+02;2.6215315e-01;2.0750000e+02;2.7074158e-01;2.0750000e+02;2.7028933e-01;2.0750000e+02;2.6216096e-01;2.0750000e+02;2.4841028e-01;2.0750000e+02;3.0957434e-02;2.0750000e+02;4.2300202e-02;2.0750000e+02;5.5374507e-02;2.0750000e+02;7.1348235e-02;2.0750000e+02;8.8697158e-02;2.0750000e+02;1.0652105e-01;2.0750000e+02;1.2560117e-01;2.0750000e+02;1.4488964e-01;2.0750000e+02;1.6014737e-01;2.0750000e+02;1.7342754e-01;2.0750000e+02;1.8844238e-01;2.0750000e+02;2.1210407e-01;2.0750000e+02;2.3743100e-01;2.0750000e+02;2.6215315e-01;2.0750000e+02;2.7074158e-01;2.0750000e+02;2.7028933e-01;2.0750000e+02;2.6216096e-01;2.0750000e+02;2.4841028e-01;2.0750000e+02;3.0957434e-02;2.0750000e+02;4.2300202e-02;2.0750000e+02;5.5374507e-02;2.0750000e+02;7.1348235e-02;2.0750000e+02;8.8697158e-02;2.0750000e+02;1.0652105e-01;2.0750000e+02;1.2560117e-01;2.0750000e+02;1.4488964e-01;2.0750000e+02;1.6014737e-01;2.0750000e+02;1.7342754e-01;2.0750000e+02;1.8844238e-01;2.0750000e+02;2.1210407e-01;2.0750000e+02;2.3743100e-01;2.0750000e+02;2.6215315e-01;2.0750000e+02;2.7074158e-01;2.0750000e+02;2.7028933e-01;2.0750000e+02;2.6216096e-01;2.0750000e+02;2.4841028e-01
2.1250000e+02;2.7909335e-02;2.1250000e+02;3.8139194e-02;2.1250000e+02;5.0591744e-02;2.1250000e+02;6.4879224e-02;2.1250000e+02;8.1039846e-02;2.1250000e+02;9.9178195e-02;2.1250000e+02;1.1877181e-01;2.1250000e+02;1.3575041e-01;2.1250000e+02;1.4958841e-01;2.1250000e+02;1.6093951e-01;2.1250000e+02;1.7340137e-01;2.1250000e+02;1.9795857e-01;2.1250000e+02;2.2517380e-01;2.1250000e+02;2.5419194e-01;2.1250000e+02;2.6538801e-01;2.1250000e+02;2.6657796e-01;2.1250000e+02;2.5995126e-01;2.1250000e+02;2.4735527e-01;2.1250000e+02;2.7909335e-02;2.1250000e+02;3.8139194e-02;2.1250000e+02;5.0591744e-02;2.1250000e+02;6.4879224e-02;2.1250000e+02;8.1039846e-02;2.1250000e+02;9.9178195e-02;2.1250000e+02;1.1877181e-01;2.1250000e+02;1.3575041e-01;2.1250000e+02;1.4958841e-01;2.1250000e+02;1.6093951e-01;2.1250000e+02;1.7340137e-01;2.1250000e+02;1.9795857e-01;2.1250000e+02;2.2517380e-01;2.1250000e+02;2.5419194e-01;2.1250000e+02;2.6538801e-01;2.1250000e+02;2.6657796e-01;2.1250000e+02;2.5995126e-01;2.1250000e+02;2.4735527e-01;2.1250000e+02;2.7909335e-02;2.1250000e+02;3.8139194e-02;2.1250000e+02;5.0591744e-02;2.1250000e+02;6.4879224e-02;2.1250000e+02;8.1039846e-02;2.1250000e+02;9.9178195e-02;2.1250000e+02;1.1877181e-01;2.1250000e+02;1.3575041e-01;2.1250000e+02;1.4958841e-01;2.1250000e+02;1.6093951e-01;2.1250000e+02;1.7340137e-01;2.1250000e+02;1.9795857e-01;2.1250000e+02;2.2517380e-01;2.1250000e+02;2.5419194e-01;2.1250000e+02;2.6538801e-01;2.1250000e+02;2.6657796e-01;2.1250000e+02;2.5995126e-01;2.1250000e+02;2.4735527e-01;2.1250000e+02;2.7909335e-02;2.1250000e+02;3.8139194e-02;2.1250000e+02;5.0591744e-02;2.1250000e+02;6.4879224e-02;2.1250000e+02;8.1039846e-02;2.1250000e+02;9.9178195e-02;2.1250000e+02;1.1877181e-01;2.1250000e+02;1.3575041e-01;2.1250000e+02;1.4958841e-01;2.1250000e+02;1.6093951e-01;2.1250000e+02;1.7340137e-01;2.1250000e+02;1.9795857e-01;2.1250000e+02;2.2517380e-01;2.1250000e+02;2.5419194e-01;2.1250000e+02;2.6538801e-01;2.1250000e+02;2.6657796e-01;2.1250000e+02;2.5995126e-01;2.1250000e+02;2.4735527e-01;2.1250000e+02;2.7909335e-02;2.1250000e+02;3.8139194e-02;2.1250000e+02;5.0591744e-02;2.1250000e+02;6.4879224e-02;2.1250000e+02;8.1039846e-02;2.1250000e+02;9.9178195e-02;2.1250000e+02;1.1877181e-01;2.1250000e+02;1.3575041e-01;2.1250000e+02;1.4958841e-01;2.1250000e+02;1.6093951e-01;2.1250000e+02;1.7340137e-01;2.1250000e+02;1.9795857e-01;2.1250000e+02;2.2517380e-01;2.1250000e+02;2.5419194e-01;2.1250000e+02;2.6538801e-01;2.1250000e+02;2.6657796e-01;2.1250000e+02;2.5995126e-01;2.1250000e+02;2.4735527e-01;2.1250000e+02;2.7909335e-02;2.1250000e+02;3.8139194e-02;2.1250000e+02;5.0591744e-02;2.1250000e+02;6.4879224e-02;2.1250000e+02;8.1039846e-02;2.1250000e+02;9.9178195e-02;2.1250000e+02;1.1877181e-01;2.1250000e+02;1.3575041e-01;2.1250000e+02;1.4958841e-01;2.1250000e+02;1.6093951e-01;2.1250000e+02;1.7340137e-01;2.1250000e+02;1.9795857e-01;2.1250000e+02;2.2517380e-01;2.1250000e+02;2.5419194e-01;2.1250000e+02;2.6538801e-01;2.1250000e+02;2.6657796e-01;2.1250000e+02;2.5995126e-01;2.1250000e+02;2.4735527e-01;2.1250000e+02;2.7909335e-02;2.1250000e+02;3.8139194e-02;2.1250000e+02;5.0591744e-02;2.1250000e+02;6.4879224e-02;2.1250000e+02;8.1039846e-02;2.1250000e+02;9.9178195e-02;2.1250000e+02;1.1877181e-01;2.1250000e+02;1.3575041e-01;2.1250000e+02;1.4958841e-01;2.1250000e+02;1.6093951e-01;2.1250000e+02;1.7340137e-01;2.1250000e+02;1.9795857e-01;2.1250000e+02;2.2517380e-01;2.1250000e+02;2.5419194e-01;2.1250000e+02;2.6538801e-01;2.1250000e+02;2.6657796e-01;2.1250000e+02;2.5995126e-01;2.1250000e+02;2.4735527e-01;2.1250000e+02;2.7909335e-02;2.1250000e+02;3.8139194e-02;2.1250000e+02;5.0591744e-02;2.1250000e+02;6.4879224e-02;2.1250000e+02;8.1039846e-02;2.1250000e+02;9.9178195e-02;2.1250000e+02;1.1877181e-01;2.1250000e+02;1.3575041e-01;2.1250000e+02;1.4958841e-01;2.1250000e+02;1.6093951e-01;2.1250000e+02;1.7340137e-01;2.1250000e+02;1.9795857e-01;2.1250000e+02;2.2517380e-01;2.1250000e+02;2.5419194e-01;2.1250000e+02;2.6538801e-01;2.1250000e+02;2.6657796e-01;2.1250000e+02;2.5995126e-01;2.1250000e+02;2.4735527e-01;2.1250000e+02;2.7909335e-02;2.1250000e+02;3.8139194e-02;2.1250000e+02;5.0591744e-02;2.1250000e+02;6.4879224e-02;2.1250000e+02;8.1039846e-02;2.1250000e+02;9.9178195e-02;2.1250000e+02;1.1877181e-01;2.1250000e+02;1.3575041e-01;2.1250000e+02;1.4958841e-01;2.1250000e+02;1.6093951e-01;2.1250000e+02;1.7340137e-01;2.1250000e+02;1.9795857e-01;2.1250000e+02;2.2517380e-01;2.1250000e+02;2.5419194e-01;2.1250000e+02;2.6538801e-01;2.1250000e+02;2.6657796e-01;2.1250000e+02;2.5995126e-01;2.1250000e+02;2.4735527e-01;2.1250000e+02;2.7909335e-02;2.1250000e+02;3.8139194e-02;2.1250000e+02;5.0591744e-02;2.1250000e+02;6.4879224e-02;2.1250000e+02;8.1039846e-02;2.1250000e+02;9.9178195e-02;2.1250000e+02;1.1877181e-01;2.1250000e+02;1.3575041e-01;2.1250000e+02;1.4958841e-01;2.1250000e+02;1.6093951e-01;2.1250000e+02;1.7340137e-01;2.1250000e+02;1.9795857e-01;2.1250000e+02;2.2517380e-01;2.1250000e+02;2.5419194e-01;2.1250000e+02;2.6538801e-01;2.1250000e+02;2.6657796e-01;2.1250000e+02;2.5995126e-01;2.1250000e+02;2.4735527e-01;2.1250000e+02;2.7909335e-02;2.1250000e+02;3.8139194e-02;2.1250000e+02;5.0591744e-02;2.1250000e+02;6.4879224e-02;2.1250000e+02;8.1039846e-02;2.1250000e+02;9.9178195e-02;2.1250000e+02;1.1877181e-01;2.1250000e+02;1.3575041e-01;2.1250000e+02;1.4958841e-01;2.1250000e+02;1.6093951e-01;2.1250000e+02;1.7340137e-01;2.1250000e+02;1.9795857e-01;2.1250000e+02;2.2517380e-01;2.1250000e+02;2.5419194e-01;2.1250000e+02;2.6538801e-01;2.1250000e+02;2.6657796e-01;2.1250000e+02;2.5995126e-01;2.1250000e+02;2.4735527e-01;2.1250000e+02;2.7909335e-02;2.1250000e+02;3.8139194e-02;2.1250000e+02;5.0591744e-02;2.1250000e+02;6.4879224e-02;2.1250000e+02;8.1039846e-02;2.1250000e+02;9.9178195e-02;2.1250000e+02;1.1877181e-01;2.1250000e+02;1.3575041e-01;2.1250000e+02;1.4958841e-01;2.1250000e+02;1.6093951e-01;2.1250000e+02;1.7340137e-01;2.1250000e+02;1.9795857e-01;2.1250000e+02;2.2517380e-01;2.1250000e+02;2.5419194e-01;2.1250000e+02;2.6538801e-01;2.1250000e+02;2.6657796e-01;2.1250000e+02;2.5995126e-01;2.1250000e+02;2.4735527e-01;2.1250000e+02;2.7909335e-02;2.1250000e+02;3.8139194e-02;2.1250000e+02;5.0591744e-02;2.1250000e+02;6.4879224e-02;2.1250000e+02;8.1039846e-02;2.1250000e+02;9.9178195e-02;2.1250000e+02;1.1877181e-01;2.1250000e+02;1.3575041e-01;2.1250000e+02;1.4958841e-01;2.1250000e+02;1.6093951e-01;2.1250000e+02;1.7340137e-01;2.1250000e+02;1.9795857e-01;2.1250000e+02;2.2517380e-01;2.1250000e+02;2.5419194e-01;2.1250000e+02;2.6538801e-01;2.1250000e+02;2.6657796e-01;2.1250000e+02;2.5995126e-01;2.1250000e+02;2.4735527e-01;2.1250000e+02;2.7909335e-02;2.1250000e+02;3.8139194e-02;2.1250000e+02;5.0591744e-02;2.1250000e+02;6.4879224e-02;2.1250000e+02;8.1039846e-02;2.1250000e+02;9.9178195e-02;2.1250000e+02;1.1877181e-01;2.1250000e+02;1.3575041e-01;2.1250000e+02;1.4958841e-01;2.1250000e+02;1.6093951e-01;2.1250000e+02;1.7340137e-01;2.1250000e+02;1.9795857e-01;2.1250000e+02;2.2517380e-01;2.1250000e+02;2.5419194e-01;2.1250000e+02;2.6538801e-01;2.1250000e+02;2.6657796e-01;2.1250000e+02;2.5995126e-01;2.1250000e+02;2.4735527e-01;2.1250000e+02;2.7909335e-02;2.1250000e+02;3.8139194e-02;2.1250000e+02;5.0591744e-02;2.1250000e+02;6.4879224e-02;2.1250000e+02;8.1039846e-02;2.1250000e+02;9.9178195e-02;2.1250000e+02;1.1877181e-01;2.1250000e+02;1.3575041e-01;2.1250000e+02;1.4958841e-01;2.1250000e+02;1.6093951e-01;2.1250000e+02;1.7340137e-01;2.1250000e+02;1.9795857e-01;2.1250000e+02;2.2517380e-01;2.1250000e+02;2.5419194e-01;2.1250000e+02;2.6538801e-01;2.1250000e+02;2.6657796e-01;2.1250000e+02;2.5995126e-01;2.1250000e+02;2.4735527e-01;2.1250000e+02;2.7909335e-02;2.1250000e+02;3.8139194e-02;2.1250000e+02;5.0591744e-02;2.1250000e+02;6.4879224e-02;2.1250000e+02;8.1039846e-02;2.1250000e+02;9.9178195e-02;2.1250000e+02;1.1877181e-01;2.1250000e+02;1.3575041e-01;2.1250000e+02;1.4958841e-01;2.1250000e+02;1.6093951e-01;2.1250000e+02;1.7340137e-01;2.1250000e+02;1.9795857e-01;2.1250000e+02;2.2517380e-01;2.1250000e+02;2.5419194e-01;2.1250000e+02;2.6538801e-01;2.1250000e+02;2.6657796e-01;2.1250000e+02;2.5995126e-01;2.1250000e+02;2.4735527e-01;2.1250000e+02;2.7909335e-02;2.1250000e+02;3.8139194e-02;2.1250000e+02;5.0591744e-02;2.1250000e+02;6.4879224e-02;2.1250000e+02;8.1039846e-02;2.1250000e+02;9.9178195e-02;2.1250000e+02;1.1877181e-01;2.1250000e+02;1.3575041e-01;2.1250000e+02;1.4958841e-01;2.1250000e+02;1.6093951e-01;2.1250000e+02;1.7340137e-01;2.1250000e+02;1.9795857e-01;2.1250000e+02;2.2517380e-01;2.1250000e+02;2.5419194e-01;2.1250000e+02;2.6538801e-01;2.1250000e+02;2.6657796e-01;2.1250000e+02;2.5995126e-01;2.1250000e+02;2.4735527e-01;2.1250000e+02;2.7909335e-02;2.1250000e+02;3.8139194e-02;2.1250000e+02;5.0591744e-02;2.1250000e+02;6.4879224e-02;2.1250000e+02;8.1039846e-02;2.1250000e+02;9.9178195e-02;2.1250000e+02;1.1877181e-01;2.1250000e+02;1.3575041e-01;2.1250000e+02;1.4958841e-01;2.1250000e+02;1.6093951e-01;2.1250000e+02;1.7340137e-01;2.1250000e+02;1.9795857e-01;2.1250000e+02;2.2517380e-01;2.1250000e+02;2.5419194e-01;2.1250000e+02;2.6538801e-01;2.1250000e+02;2.6657796e-01;2.1250000e+02;2.5995126e-01;2.1250000e+02;2.4735527e-01;2.1250000e+02;2.7909335e-02;2.1250000e+02;3.8139194e-02;2.1250000e+02;5.0591744e-02;2.1250000e+02;6.4879224e-02;2.1250000e+02;8.1039846e-02;2.1250000e+02;9.9178195e-02;2.1250000e+02;1.1877181e-01;2.1250000e+02;1.3575041e-01;2.1250000e+02;1.4958841e-01;2.1250000e+02;1.6093951e-01;2.1250000e+02;1.7340137e-01;2.1250000e+02;1.9795857e-01;2.1250000e+02;2.2517380e-01;2.1250000e+02;2.5419194e-01;2.1250000e+02;2.6538801e-01;2.1250000e+02;2.6657796e-01;2.1250000e+02;2.5995126e-01;2.1250000e+02;2.4735527e-01;2.1250000e+02;2.7909335e-02;2.1250000e+02;3.8139194e-02;2.1250000e+02;5.0591744e-02;2.1250000e+02;6.4879224e-02;2.1250000e+02;8.1039846e-02;2.1250000e+02;9.9178195e-02;2.1250000e+02;1.1877181e-01;2.1250000e+02;1.3575041e-01;2.1250000e+02;1.4958841e-01;2.1250000e+02;1.6093951e-01;2.1250000e+02;1.7340137e-01;2.1250000e+02;1.9795857e-01;2.1250000e+02;2.2517380e-01;2.1250000e+02;2.5419194e-01;2.1250000e+02;2.6538801e-01;2.1250000e+02;2.6657796e-01;2.1250000e+02;2.5995126e-01;2.1250000e+02;2.4735527e-01;2.1250000e+02;2.7909335e-02;2.1250000e+02;3.8139194e-02;2.1250000e+02;5.0591744e-02;2.1250000e+02;6.4879224e-02;2.1250000e+02;8.1039846e-02;2.1250000e+02;9.9178195e-02;2.1250000e+02;1.1877181e-01;2.1250000e+02;1.3575041e-01;2.1250000e+02;1.4958841e-01;2.1250000e+02;1.6093951e-01;2.1250000e+02;1.7340137e-01;2.1250000e+02;1.9795857e-01;2.1250000e+02;2.2517380e-01;2.1250000e+02;2.5419194e-01;2.1250000e+02;2.6538801e-01;2.1250000e+02;2.6657796e-01;2.1250000e+02;2.5995126e-01;2.1250000e+02;2.4735527e-01;2.1250000e+02;2.7909335e-02;2.1250000e+02;3.8139194e-02;2.1250000e+02;5.0591744e-02;2.1250000e+02;6.4879224e-02;2.1250000e+02;8.1039846e-02;2.1250000e+02;9.9178195e-02;2.1250000e+02;1.1877181e-01;2.1250000e+02;1.3575041e-01;2.1250000e+02;1.4958841e-01;2.1250000e+02;1.6093951e-01;2.1250000e+02;1.7340137e-01;2.1250000e+02;1.9795857e-01;2.1250000e+02;2.2517380e-01;2.1250000e+02;2.5419194e-01;2.1250000e+02;2.6538801e-01;2.1250000e+02;2.6657796e-01;2.1250000e+02;2.5995126e-01;2.1250000e+02;2.4735527e-01;2.1250000e+02;2.7909335e-02;2.1250000e+02;3.8139194e-02;2.1250000e+02;5.0591744e-02;2.1250000e+02;6.4879224e-02;2.1250000e+02;8.1039846e-02;2.1250000e+02;9.9178195e-02;2.1250000e+02;1.1877181e-01;2.1250000e+02;1.3575041e-01;2.1250000e+02;1.4958841e-01;2.1250000e+02;1.6093951e-01;2.1250000e+02;1.7340137e-01;2.1250000e+02;1.9795857e-01;2.1250000e+02;2.2517380e-01;2.1250000e+02;2.5419194e-01;2.1250000e+02;2.6538801e-01;2.1250000e+02;2.6657796e-01;2.1250000e+02;2.5995126e-01;2.1250000e+02;2.4735527e-01;2.1250000e+02;2.7909335e-02;2.1250000e+02;3.8139194e-02;2.1250000e+02;5.0591744e-02;2.1250000e+02;6.4879224e-02;2.1250000e+02;8.1039846e-02;2.1250000e+02;9.9178195e-02;2.1250000e+02;1.1877181e-01;2.1250000e+02;1.3575041e-01;2.1250000e+02;1.4958841e-01;2.1250000e+02;1.6093951e-01;2.1250000e+02;1.7340137e-01;2.1250000e+02;1.9795857e-01;2.1250000e+02;2.2517380e-01;2.1250000e+02;2.5419194e-01;2.1250000e+02;2.6538801e-01;2.1250000e+02;2.6657796e-01;2.1250000e+02;2.5995126e-01;2.1250000e+02;2.4735527e-01;2.1250000e+02;2.7909335e-02;2.1250000e+02;3.8139194e-02;2.1250000e+02;5.0591744e-02;2.1250000e+02;6.4879224e-02;2.1250000e+02;8.1039846e-02;2.1250000e+02;9.9178195e-02;2.1250000e+02;1.1877181e-01;2.1250000e+02;1.3575041e-01;2.1250000e+02;1.4958841e-01;2.1250000e+02;1.6093951e-01;2.1250000e+02;1.7340137e-01;2.1250000e+02;1.9795857e-01;2.1250000e+02;2.2517380e-01;2.1250000e+02;2.5419194e-01;2.1250000e+02;2.6538801e-01;2.1250000e+02;2.6657796e-01;2.1250000e+02;2.5995126e-01;2.1250000e+02;2.4735527e-01;2.1250000e+02;2.7909335e-02;2.1250000e+02;3.8139194e-02;2.1250000e+02;5.0591744e-02;2.1250000e+02;6.4879224e-02;2.1250000e+02;8.1039846e-02;2.1250000e+02;9.9178195e-02;2.1250000e+02;1.1877181e-01;2.1250000e+02;1.3575041e-01;2.1250000e+02;1.4958841e-01;2.1250000e+02;1.6093951e-01;2.1250000e+02;1.7340137e-01;2.1250000e+02;1.9795857e-01;2.1250000e+02;2.2517380e-01;2.1250000e+02;2.5419194e-01;2.1250000e+02;2.6538801e-01;2.1250000e+02;2.6657796e-01;2.1250000e+02;2.5995126e-01;2.1250000e+02;2.4735527e-01;2.1250000e+02;2.7909335e-02;2.1250000e+02;3.8139194e-02;2.1250000e+02;5.0591744e-02;2.1250000e+02;6.4879224e-02;2.1250000e+02;8.1039846e-02;2.1250000e+02;9.9178195e-02;2.1250000e+02;1.1877181e-01;2.1250000e+02;1.3575041e-01;2.1250000e+02;1.4958841e-01;2.1250000e+02;1.6093951e-01;2.1250000e+02;1.7340137e-01;2.1250000e+02;1.9795857e-01;2.1250000e+02;2.2517380e-01;2.1250000e+02;2.5419194e-01;2.1250000e+02;2.6538801e-01;2.1250000e+02;2.6657796e-01;2.1250000e+02;2.5995126e-01;2.1250000e+02;2.4735527e-01;2.1250000e+02;2.7909335e-02;2.1250000e+02;3.8139194e-02;2.1250000e+02;5.0591744e-02;2.1250000e+02;6.4879224e-02;2.1250000e+02;8.1039846e-02;2.1250000e+02;9.9178195e-02;2.1250000e+02;1.1877181e-01;2.1250000e+02;1.3575041e-01;2.1250000e+02;1.4958841e-01;2.1250000e+02;1.6093951e-01;2.1250000e+02;1.7340137e-01;2.1250000e+02;1.9795857e-01;2.1250000e+02;2.2517380e-01;2.1250000e+02;2.5419194e-01;2.1250000e+02;2.6538801e-01;2.1250000e+02;2.6657796e-01;2.1250000e+02;2.5995126e-01;2.1250000e+02;2.4735527e-01;2.1250000e+02;2.7909335e-02;2.1250000e+02;3.8139194e-02;2.1250000e+02;5.0591744e-02;2.1250000e+02;6.4879224e-02;2.1250000e+02;8.1039846e-02;2.1250000e+02;9.9178195e-02;2.1250000e+02;1.1877181e-01;2.1250000e+02;1.3575041e-01;2.1250000e+02;1.4958841e-01;2.1250000e+02;1.6093951e-01;2.1250000e+02;1.7340137e-01;2.1250000e+02;1.9795857e-01;2.1250000e+02;2.2517380e-01;2.1250000e+02;2.5419194e-01;2.1250000e+02;2.6538801e-01;2.1250000e+02;2.6657796e-01;2.1250000e+02;2.5995126e-01;2.1250000e+02;2.4735527e-01;2.1250000e+02;2.7909335e-02;2.1250000e+02;3.8139194e-02;2.1250000e+02;5.0591744e-02;2.1250000e+02;6.4879224e-02;2.1250000e+02;8.1039846e-02;2.1250000e+02;9.9178195e-02;2.1250000e+02;1.1877181e-01;2.1250000e+02;1.3575041e-01;2.1250000e+02;1.4958841e-01;2.1250000e+02;1.6093951e-01;2.1250000e+02;1.7340137e-01;2.1250000e+02;1.9795857e-01;2.1250000e+02;2.2517380e-01;2.1250000e+02;2.5419194e-01;2.1250000e+02;2.6538801e-01;2.1250000e+02;2.6657796e-01;2.1250000e+02;2.5995126e-01;2.1250000e+02;2.4735527e-01;2.1250000e+02;2.7909335e-02;2.1250000e+02;3.8139194e-02;2.1250000e+02;5.0591744e-02;2.1250000e+02;6.4879224e-02;2.1250000e+02;8.1039846e-02;2.1250000e+02;9.9178195e-02;2.1250000e+02;1.1877181e-01;2.1250000e+02;1.3575041e-01;2.1250000e+02;1.4958841e-01;2.1250000e+02;1.6093951e-01;2.1250000e+02;1.7340137e-01;2.1250000e+02;1.9795857e-01;2.1250000e+02;2.2517380e-01;2.1250000e+02;2.5419194e-01;2.1250000e+02;2.6538801e-01;2.1250000e+02;2.6657796e-01;2.1250000e+02;2.5995126e-01;2.1250000e+02;2.4735527e-01;2.1250000e+02;2.7909335e-02;2.1250000e+02;3.8139194e-02;2.1250000e+02;5.0591744e-02;2.1250000e+02;6.4879224e-02;2.1250000e+02;8.1039846e-02;2.1250000e+02;9.9178195e-02;2.1250000e+02;1.1877181e-01;2.1250000e+02;1.3575041e-01;2.1250000e+02;1.4958841e-01;2.1250000e+02;1.6093951e-01;2.1250000e+02;1.7340137e-01;2.1250000e+02;1.9795857e-01;2.1250000e+02;2.2517380e-01;2.1250000e+02;2.5419194e-01;2.1250000e+02;2.6538801e-01;2.1250000e+02;2.6657796e-01;2.1250000e+02;2.5995126e-01;2.1250000e+02;2.4735527e-01;2.1250000e+02;2.7909335e-02;2.1250000e+02;3.8139194e-02;2.1250000e+02;5.0591744e-02;2.1250000e+02;6.4879224e-02;2.1250000e+02;8.1039846e-02;2.1250000e+02;9.9178195e-02;2.1250000e+02;1.1877181e-01;2.1250000e+02;1.3575041e-01;2.1250000e+02;1.4958841e-01;2.1250000e+02;1.6093951e-01;2.1250000e+02;1.7340137e-01;2.1250000e+02;1.9795857e-01;2.1250000e+02;2.2517380e-01;2.1250000e+02;2.5419194e-01;2.1250000e+02;2.6538801e-01;2.1250000e+02;2.6657796e-01;2.1250000e+02;2.5995126e-01;2.1250000e+02;2.4735527e-01;2.1250000e+02;2.7909335e-02;2.1250000e+02;3.8139194e-02;2.1250000e+02;5.0591744e-02;2.1250000e+02;6.4879224e-02;2.1250000e+02;8.1039846e-02;2.1250000e+02;9.9178195e-02;2.1250000e+02;1.1877181e-01;2.1250000e+02;1.3575041e-01;2.1250000e+02;1.4958841e-01;2.1250000e+02;1.6093951e-01;2.1250000e+02;1.7340137e-01;2.1250000e+02;1.9795857e-01;2.1250000e+02;2.2517380e-01;2.1250000e+02;2.5419194e-01;2.1250000e+02;2.6538801e-01;2.1250000e+02;2.6657796e-01;2.1250000e+02;2.5995126e-01;2.1250000e+02;2.4735527e-01;2.1250000e+02;2.7909335e-02;2.1250000e+02;3.8139194e-02;2.1250000e+02;5.0591744e-02;2.1250000e+02;6.4879224e-02;2.1250000e+02;8.1039846e-02;2.1250000e+02;9.9178195e-02;2.1250000e+02;1.1877181e-01;2.1250000e+02;1.3575041e-01;2.1250000e+02;1.4958841e-01;2.1250000e+02;1.6093951e-01;2.1250000e+02;1.7340137e-01;2.1250000e+02;1.9795857e-01;2.1250000e+02;2.2517380e-01;2.1250000e+02;2.5419194e-01;2.1250000e+02;2.6538801e-01;2.1250000e+02;2.6657796e-01;2.1250000e+02;2.5995126e-01;2.1250000e+02;2.4735527e-01;2.1250000e+02;2.7909335e-02;2.1250000e+02;3.8139194e-02;2.1250000e+02;5.0591744e-02;2.1250000e+02;6.4879224e-02;2.1250000e+02;8.1039846e-02;2.1250000e+02;9.9178195e-02;2.1250000e+02;1.1877181e-01;2.1250000e+02;1.3575041e-01;2.1250000e+02;1.4958841e-01;2.1250000e+02;1.6093951e-01;2.1250000e+02;1.7340137e-01;2.1250000e+02;1.9795857e-01;2.1250000e+02;2.2517380e-01;2.1250000e+02;2.5419194e-01;2.1250000e+02;2.6538801e-01;2.1250000e+02;2.6657796e-01;2.1250000e+02;2.5995126e-01;2.1250000e+02;2.4735527e-01;2.1250000e+02;2.7909335e-02;2.1250000e+02;3.8139194e-02;2.1250000e+02;5.0591744e-02;2.1250000e+02;6.4879224e-02;2.1250000e+02;8.1039846e-02;2.1250000e+02;9.9178195e-02;2.1250000e+02;1.1877181e-01;2.1250000e+02;1.3575041e-01;2.1250000e+02;1.4958841e-01;2.1250000e+02;1.6093951e-01;2.1250000e+02;1.7340137e-01;2.1250000e+02;1.9795857e-01;2.1250000e+02;2.2517380e-01;2.1250000e+02;2.5419194e-01;2.1250000e+02;2.6538801e-01;2.1250000e+02;2.6657796e-01;2.1250000e+02;2.5995126e-01;2.1250000e+02;2.4735527e-01;2.1250000e+02;2.7909335e-02;2.1250000e+02;3.8139194e-02;2.1250000e+02;5.0591744e-02;2.1250000e+02;6.4879224e-02;2.1250000e+02;8.1039846e-02;2.1250000e+02;9.9178195e-02;2.1250000e+02;1.1877181e-01;2.1250000e+02;1.3575041e-01;2.1250000e+02;1.4958841e-01;2.1250000e+02;1.6093951e-01;2.1250000e+02;1.7340137e-01;2.1250000e+02;1.9795857e-01;2.1250000e+02;2.2517380e-01;2.1250000e+02;2.5419194e-01;2.1250000e+02;2.6538801e-01;2.1250000e+02;2.6657796e-01;2.1250000e+02;2.5995126e-01;2.1250000e+02;2.4735527e-01;2.1250000e+02;2.7909335e-02;2.1250000e+02;3.8139194e-02;2.1250000e+02;5.0591744e-02;2.1250000e+02;6.4879224e-02;2.1250000e+02;8.1039846e-02;2.1250000e+02;9.9178195e-02;2.1250000e+02;1.1877181e-01;2.1250000e+02;1.3575041e-01;2.1250000e+02;1.4958841e-01;2.1250000e+02;1.6093951e-01;2.1250000e+02;1.7340137e-01;2.1250000e+02;1.9795857e-01;2.1250000e+02;2.2517380e-01;2.1250000e+02;2.5419194e-01;2.1250000e+02;2.6538801e-01;2.1250000e+02;2.6657796e-01;2.1250000e+02;2.5995126e-01;2.1250000e+02;2.4735527e-01;2.1250000e+02;2.7909335e-02;2.1250000e+02;3.8139194e-02;2.1250000e+02;5.0591744e-02;2.1250000e+02;6.4879224e-02;2.1250000e+02;8.1039846e-02;2.1250000e+02;9.9178195e-02;2.1250000e+02;1.1877181e-01;2.1250000e+02;1.3575041e-01;2.1250000e+02;1.4958841e-01;2.1250000e+02;1.6093951e-01;2.1250000e+02;1.7340137e-01;2.1250000e+02;1.9795857e-01;2.1250000e+02;2.2517380e-01;2.1250000e+02;2.5419194e-01;2.1250000e+02;2.6538801e-01;2.1250000e+02;2.6657796e-01;2.1250000e+02;2.5995126e-01;2.1250000e+02;2.4735527e-01;2.1250000e+02;2.7909335e-02;2.1250000e+02;3.8139194e-02;2.1250000e+02;5.0591744e-02;2.1250000e+02;6.4879224e-02;2.1250000e+02;8.1039846e-02;2.1250000e+02;9.9178195e-02;2.1250000e+02;1.1877181e-01;2.1250000e+02;1.3575041e-01;2.1250000e+02;1.4958841e-01;2.1250000e+02;1.6093951e-01;2.1250000e+02;1.7340137e-01;2.1250000e+02;1.9795857e-01;2.1250000e+02;2.2517380e-01;2.1250000e+02;2.5419194e-01;2.1250000e+02;2.6538801e-01;2.1250000e+02;2.6657796e-01;2.1250000e+02;2.5995126e-01;2.1250000e+02;2.4735527e-01;2.1250000e+02;2.7909335e-02;2.1250000e+02;3.8139194e-02;2.1250000e+02;5.0591744e-02;2.1250000e+02;6.4879224e-02;2.1250000e+02;8.1039846e-02;2.1250000e+02;9.9178195e-02;2.1250000e+02;1.1877181e-01;2.1250000e+02;1.3575041e-01;2.1250000e+02;1.4958841e-01;2.1250000e+02;1.6093951e-01;2.1250000e+02;1.7340137e-01;2.1250000e+02;1.9795857e-01;2.1250000e+02;2.2517380e-01;2.1250000e+02;2.5419194e-01;2.1250000e+02;2.6538801e-01;2.1250000e+02;2.6657796e-01;2.1250000e+02;2.5995126e-01;2.1250000e+02;2.4735527e-01;2.1250000e+02;2.7909335e-02;2.1250000e+02;3.8139194e-02;2.1250000e+02;5.0591744e-02;2.1250000e+02;6.4879224e-02;2.1250000e+02;8.1039846e-02;2.1250000e+02;9.9178195e-02;2.1250000e+02;1.1877181e-01;2.1250000e+02;1.3575041e-01;2.1250000e+02;1.4958841e-01;2.1250000e+02;1.6093951e-01;2.1250000e+02;1.7340137e-01;2.1250000e+02;1.9795857e-01;2.1250000e+02;2.2517380e-01;2.1250000e+02;2.5419194e-01;2.1250000e+02;2.6538801e-01;2.1250000e+02;2.6657796e-01;2.1250000e+02;2.5995126e-01;2.1250000e+02;2.4735527e-01;2.1250000e+02;2.7909335e-02;2.1250000e+02;3.8139194e-02;2.1250000e+02;5.0591744e-02;2.1250000e+02;6.4879224e-02;2.1250000e+02;8.1039846e-02;2.1250000e+02;9.9178195e-02;2.1250000e+02;1.1877181e-01;2.1250000e+02;1.3575041e-01;2.1250000e+02;1.4958841e-01;2.1250000e+02;1.6093951e-01;2.1250000e+02;1.7340137e-01;2.1250000e+02;1.9795857e-01;2.1250000e+02;2.2517380e-01;2.1250000e+02;2.5419194e-01;2.1250000e+02;2.6538801e-01;2.1250000e+02;2.6657796e-01;2.1250000e+02;2.5995126e-01;2.1250000e+02;2.4735527e-01;2.1250000e+02;2.7909335e-02;2.1250000e+02;3.8139194e-02;2.1250000e+02;5.0591744e-02;2.1250000e+02;6.4879224e-02;2.1250000e+02;8.1039846e-02;2.1250000e+02;9.9178195e-02;2.1250000e+02;1.1877181e-01;2.1250000e+02;1.3575041e-01;2.1250000e+02;1.4958841e-01;2.1250000e+02;1.6093951e-01;2.1250000e+02;1.7340137e-01;2.1250000e+02;1.9795857e-01;2.1250000e+02;2.2517380e-01;2.1250000e+02;2.5419194e-01;2.1250000e+02;2.6538801e-01;2.1250000e+02;2.6657796e-01;2.1250000e+02;2.5995126e-01;2.1250000e+02;2.4735527e-01;2.1250000e+02;2.7909335e-02;2.1250000e+02;3.8139194e-02;2.1250000e+02;5.0591744e-02;2.1250000e+02;6.4879224e-02;2.1250000e+02;8.1039846e-02;2.1250000e+02;9.9178195e-02;2.1250000e+02;1.1877181e-01;2.1250000e+02;1.3575041e-01;2.1250000e+02;1.4958841e-01;2.1250000e+02;1.6093951e-01;2.1250000e+02;1.7340137e-01;2.1250000e+02;1.9795857e-01;2.1250000e+02;2.2517380e-01;2.1250000e+02;2.5419194e-01;2.1250000e+02;2.6538801e-01;2.1250000e+02;2.6657796e-01;2.1250000e+02;2.5995126e-01;2.1250000e+02;2.4735527e-01;2.1250000e+02;2.7909335e-02;2.1250000e+02;3.8139194e-02;2.1250000e+02;5.0591744e-02;2.1250000e+02;6.4879224e-02;2.1250000e+02;8.1039846e-02;2.1250000e+02;9.9178195e-02;2.1250000e+02;1.1877181e-01;2.1250000e+02;1.3575041e-01;2.1250000e+02;1.4958841e-01;2.1250000e+02;1.6093951e-01;2.1250000e+02;1.7340137e-01;2.1250000e+02;1.9795857e-01;2.1250000e+02;2.2517380e-01;2.1250000e+02;2.5419194e-01;2.1250000e+02;2.6538801e-01;2.1250000e+02;2.6657796e-01;2.1250000e+02;2.5995126e-01;2.1250000e+02;2.4735527e-01;2.1250000e+02;2.7909335e-02;2.1250000e+02;3.8139194e-02;2.1250000e+02;5.0591744e-02;2.1250000e+02;6.4879224e-02;2.1250000e+02;8.1039846e-02;2.1250000e+02;9.9178195e-02;2.1250000e+02;1.1877181e-01;2.1250000e+02;1.3575041e-01;2.1250000e+02;1.4958841e-01;2.1250000e+02;1.6093951e-01;2.1250000e+02;1.7340137e-01;2.1250000e+02;1.9795857e-01;2.1250000e+02;2.2517380e-01;2.1250000e+02;2.5419194e-01;2.1250000e+02;2.6538801e-01;2.1250000e+02;2.6657796e-01;2.1250000e+02;2.5995126e-01;2.1250000e+02;2.4735527e-01;2.1250000e+02;2.7909335e-02;2.1250000e+02;3.8139194e-02;2.1250000e+02;5.0591744e-02;2.1250000e+02;6.4879224e-02;2.1250000e+02;8.1039846e-02;2.1250000e+02;9.9178195e-02;2.1250000e+02;1.1877181e-01;2.1250000e+02;1.3575041e-01;2.1250000e+02;1.4958841e-01;2.1250000e+02;1.6093951e-01;2.1250000e+02;1.7340137e-01;2.1250000e+02;1.9795857e-01;2.1250000e+02;2.2517380e-01;2.1250000e+02;2.5419194e-01;2.1250000e+02;2.6538801e-01;2.1250000e+02;2.6657796e-01;2.1250000e+02;2.5995126e-01;2.1250000e+02;2.4735527e-01;2.1250000e+02;2.7909335e-02;2.1250000e+02;3.8139194e-02;2.1250000e+02;5.0591744e-02;2.1250000e+02;6.4879224e-02;2.1250000e+02;8.1039846e-02;2.1250000e+02;9.9178195e-02;2.1250000e+02;1.1877181e-01;2.1250000e+02;1.3575041e-01;2.1250000e+02;1.4958841e-01;2.1250000e+02;1.6093951e-01;2.1250000e+02;1.7340137e-01;2.1250000e+02;1.9795857e-01;2.1250000e+02;2.2517380e-01;2.1250000e+02;2.5419194e-01;2.1250000e+02;2.6538801e-01;2.1250000e+02;2.6657796e-01;2.1250000e+02;2.5995126e-01;2.1250000e+02;2.4735527e-01;2.1250000e+02;2.7909335e-02;2.1250000e+02;3.8139194e-02;2.1250000e+02;5.0591744e-02;2.1250000e+02;6.4879224e-02;2.1250000e+02;8.1039846e-02;2.1250000e+02;9.9178195e-02;2.1250000e+02;1.1877181e-01;2.1250000e+02;1.3575041e-01;2.1250000e+02;1.4958841e-01;2.1250000e+02;1.6093951e-01;2.1250000e+02;1.7340137e-01;2.1250000e+02;1.9795857e-01;2.1250000e+02;2.2517380e-01;2.1250000e+02;2.5419194e-01;2.1250000e+02;2.6538801e-01;2.1250000e+02;2.6657796e-01;2.1250000e+02;2.5995126e-01;2.1250000e+02;2.4735527e-01;2.1250000e+02;2.7909335e-02;2.1250000e+02;3.8139194e-02;2.1250000e+02;5.0591744e-02;2.1250000e+02;6.4879224e-02;2.1250000e+02;8.1039846e-02;2.1250000e+02;9.9178195e-02;2.1250000e+02;1.1877181e-01;2.1250000e+02;1.3575041e-01;2.1250000e+02;1.4958841e-01;2.1250000e+02;1.6093951e-01;2.1250000e+02;1.7340137e-01;2.1250000e+02;1.9795857e-01;2.1250000e+02;2.2517380e-01;2.1250000e+02;2.5419194e-01;2.1250000e+02;2.6538801e-01;2.1250000e+02;2.6657796e-01;2.1250000e+02;2.5995126e-01;2.1250000e+02;2.4735527e-01;2.1250000e+02;2.7909335e-02;2.1250000e+02;3.8139194e-02;2.1250000e+02;5.0591744e-02;2.1250000e+02;6.4879224e-02;2.1250000e+02;8.1039846e-02;2.1250000e+02;9.9178195e-02;2.1250000e+02;1.1877181e-01;2.1250000e+02;1.3575041e-01;2.1250000e+02;1.4958841e-01;2.1250000e+02;1.6093951e-01;2.1250000e+02;1.7340137e-01;2.1250000e+02;1.9795857e-01;2.1250000e+02;2.2517380e-01;2.1250000e+02;2.5419194e-01;2.1250000e+02;2.6538801e-01;2.1250000e+02;2.6657796e-01;2.1250000e+02;2.5995126e-01;2.1250000e+02;2.4735527e-01;2.1250000e+02;2.7909335e-02;2.1250000e+02;3.8139194e-02;2.1250000e+02;5.0591744e-02;2.1250000e+02;6.4879224e-02;2.1250000e+02;8.1039846e-02;2.1250000e+02;9.9178195e-02;2.1250000e+02;1.1877181e-01;2.1250000e+02;1.3575041e-01;2.1250000e+02;1.4958841e-01;2.1250000e+02;1.6093951e-01;2.1250000e+02;1.7340137e-01;2.1250000e+02;1.9795857e-01;2.1250000e+02;2.2517380e-01;2.1250000e+02;2.5419194e-01;2.1250000e+02;2.6538801e-01;2.1250000e+02;2.6657796e-01;2.1250000e+02;2.5995126e-01;2.1250000e+02;2.4735527e-01;2.1250000e+02;2.7909335e-02;2.1250000e+02;3.8139194e-02;2.1250000e+02;5.0591744e-02;2.1250000e+02;6.4879224e-02;2.1250000e+02;8.1039846e-02;2.1250000e+02;9.9178195e-02;2.1250000e+02;1.1877181e-01;2.1250000e+02;1.3575041e-01;2.1250000e+02;1.4958841e-01;2.1250000e+02;1.6093951e-01;2.1250000e+02;1.7340137e-01;2.1250000e+02;1.9795857e-01;2.1250000e+02;2.2517380e-01;2.1250000e+02;2.5419194e-01;2.1250000e+02;2.6538801e-01;2.1250000e+02;2.6657796e-01;2.1250000e+02;2.5995126e-01;2.1250000e+02;2.4735527e-01;2.1250000e+02;2.7909335e-02;2.1250000e+02;3.8139194e-02;2.1250000e+02;5.0591744e-02;2.1250000e+02;6.4879224e-02;2.1250000e+02;8.1039846e-02;2.1250000e+02;9.9178195e-02;2.1250000e+02;1.1877181e-01;2.1250000e+02;1.3575041e-01;2.1250000e+02;1.4958841e-01;2.1250000e+02;1.6093951e-01;2.1250000e+02;1.7340137e-01;2.1250000e+02;1.9795857e-01;2.1250000e+02;2.2517380e-01;2.1250000e+02;2.5419194e-01;2.1250000e+02;2.6538801e-01;2.1250000e+02;2.6657796e-01;2.1250000e+02;2.5995126e-01;2.1250000e+02;2.4735527e-01;2.1250000e+02;2.7909335e-02;2.1250000e+02;3.8139194e-02;2.1250000e+02;5.0591744e-02;2.1250000e+02;6.4879224e-02;2.1250000e+02;8.1039846e-02;2.1250000e+02;9.9178195e-02;2.1250000e+02;1.1877181e-01;2.1250000e+02;1.3575041e-01;2.1250000e+02;1.4958841e-01;2.1250000e+02;1.6093951e-01;2.1250000e+02;1.7340137e-01;2.1250000e+02;1.9795857e-01;2.1250000e+02;2.2517380e-01;2.1250000e+02;2.5419194e-01;2.1250000e+02;2.6538801e-01;2.1250000e+02;2.6657796e-01;2.1250000e+02;2.5995126e-01;2.1250000e+02;2.4735527e-01;2.1250000e+02;2.7909335e-02;2.1250000e+02;3.8139194e-02;2.1250000e+02;5.0591744e-02;2.1250000e+02;6.4879224e-02;2.1250000e+02;8.1039846e-02;2.1250000e+02;9.9178195e-02;2.1250000e+02;1.1877181e-01;2.1250000e+02;1.3575041e-01;2.1250000e+02;1.4958841e-01;2.1250000e+02;1.6093951e-01;2.1250000e+02;1.7340137e-01;2.1250000e+02;1.9795857e-01;2.1250000e+02;2.2517380e-01;2.1250000e+02;2.5419194e-01;2.1250000e+02;2.6538801e-01;2.1250000e+02;2.6657796e-01;2.1250000e+02;2.5995126e-01;2.1250000e+02;2.4735527e-01;2.1250000e+02;2.7909335e-02;2.1250000e+02;3.8139194e-02;2.1250000e+02;5.0591744e-02;2.1250000e+02;6.4879224e-02;2.1250000e+02;8.1039846e-02;2.1250000e+02;9.9178195e-02;2.1250000e+02;1.1877181e-01;2.1250000e+02;1.3575041e-01;2.1250000e+02;1.4958841e-01;2.1250000e+02;1.6093951e-01;2.1250000e+02;1.7340137e-01;2.1250000e+02;1.9795857e-01;2.1250000e+02;2.2517380e-01;2.1250000e+02;2.5419194e-01;2.1250000e+02;2.6538801e-01;2.1250000e+02;2.6657796e-01;2.1250000e+02;2.5995126e-01;2.1250000e+02;2.4735527e-01;2.1250000e+02;2.7909335e-02;2.1250000e+02;3.8139194e-02;2.1250000e+02;5.0591744e-02;2.1250000e+02;6.4879224e-02;2.1250000e+02;8.1039846e-02;2.1250000e+02;9.9178195e-02;2.1250000e+02;1.1877181e-01;2.1250000e+02;1.3575041e-01;2.1250000e+02;1.4958841e-01;2.1250000e+02;1.6093951e-01;2.1250000e+02;1.7340137e-01;2.1250000e+02;1.9795857e-01;2.1250000e+02;2.2517380e-01;2.1250000e+02;2.5419194e-01;2.1250000e+02;2.6538801e-01;2.1250000e+02;2.6657796e-01;2.1250000e+02;2.5995126e-01;2.1250000e+02;2.4735527e-01;2.1250000e+02;2.7909335e-02;2.1250000e+02;3.8139194e-02;2.1250000e+02;5.0591744e-02;2.1250000e+02;6.4879224e-02;2.1250000e+02;8.1039846e-02;2.1250000e+02;9.9178195e-02;2.1250000e+02;1.1877181e-01;2.1250000e+02;1.3575041e-01;2.1250000e+02;1.4958841e-01;2.1250000e+02;1.6093951e-01;2.1250000e+02;1.7340137e-01;2.1250000e+02;1.9795857e-01;2.1250000e+02;2.2517380e-01;2.1250000e+02;2.5419194e-01;2.1250000e+02;2.6538801e-01;2.1250000e+02;2.6657796e-01;2.1250000e+02;2.5995126e-01;2.1250000e+02;2.4735527e-01;2.1250000e+02;2.7909335e-02;2.1250000e+02;3.8139194e-02;2.1250000e+02;5.0591744e-02;2.1250000e+02;6.4879224e-02;2.1250000e+02;8.1039846e-02;2.1250000e+02;9.9178195e-02;2.1250000e+02;1.1877181e-01;2.1250000e+02;1.3575041e-01;2.1250000e+02;1.4958841e-01;2.1250000e+02;1.6093951e-01;2.1250000e+02;1.7340137e-01;2.1250000e+02;1.9795857e-01;2.1250000e+02;2.2517380e-01;2.1250000e+02;2.5419194e-01;2.1250000e+02;2.6538801e-01;2.1250000e+02;2.6657796e-01;2.1250000e+02;2.5995126e-01;2.1250000e+02;2.4735527e-01;2.1250000e+02;2.7909335e-02;2.1250000e+02;3.8139194e-02;2.1250000e+02;5.0591744e-02;2.1250000e+02;6.4879224e-02;2.1250000e+02;8.1039846e-02;2.1250000e+02;9.9178195e-02;2.1250000e+02;1.1877181e-01;2.1250000e+02;1.3575041e-01;2.1250000e+02;1.4958841e-01;2.1250000e+02;1.6093951e-01;2.1250000e+02;1.7340137e-01;2.1250000e+02;1.9795857e-01;2.1250000e+02;2.2517380e-01;2.1250000e+02;2.5419194e-01;2.1250000e+02;2.6538801e-01;2.1250000e+02;2.6657796e-01;2.1250000e+02;2.5995126e-01;2.1250000e+02;2.4735527e-01;2.1250000e+02;2.7909335e-02;2.1250000e+02;3.8139194e-02;2.1250000e+02;5.0591744e-02;2.1250000e+02;6.4879224e-02;2.1250000e+02;8.1039846e-02;2.1250000e+02;9.9178195e-02;2.1250000e+02;1.1877181e-01;2.1250000e+02;1.3575041e-01;2.1250000e+02;1.4958841e-01;2.1250000e+02;1.6093951e-01;2.1250000e+02;1.7340137e-01;2.1250000e+02;1.9795857e-01;2.1250000e+02;2.2517380e-01;2.1250000e+02;2.5419194e-01;2.1250000e+02;2.6538801e-01;2.1250000e+02;2.6657796e-01;2.1250000e+02;2.5995126e-01;2.1250000e+02;2.4735527e-01;2.1250000e+02;2.7909335e-02;2.1250000e+02;3.8139194e-02;2.1250000e+02;5.0591744e-02;2.1250000e+02;6.4879224e-02;2.1250000e+02;8.1039846e-02;2.1250000e+02;9.9178195e-02;2.1250000e+02;1.1877181e-01;2.1250000e+02;1.3575041e-01;2.1250000e+02;1.4958841e-01;2.1250000e+02;1.6093951e-01;2.1250000e+02;1.7340137e-01;2.1250000e+02;1.9795857e-01;2.1250000e+02;2.2517380e-01;2.1250000e+02;2.5419194e-01;2.1250000e+02;2.6538801e-01;2.1250000e+02;2.6657796e-01;2.1250000e+02;2.5995126e-01;2.1250000e+02;2.4735527e-01;2.1250000e+02;2.7909335e-02;2.1250000e+02;3.8139194e-02;2.1250000e+02;5.0591744e-02;2.1250000e+02;6.4879224e-02;2.1250000e+02;8.1039846e-02;2.1250000e+02;9.9178195e-02;2.1250000e+02;1.1877181e-01;2.1250000e+02;1.3575041e-01;2.1250000e+02;1.4958841e-01;2.1250000e+02;1.6093951e-01;2.1250000e+02;1.7340137e-01;2.1250000e+02;1.9795857e-01;2.1250000e+02;2.2517380e-01;2.1250000e+02;2.5419194e-01;2.1250000e+02;2.6538801e-01;2.1250000e+02;2.6657796e-01;2.1250000e+02;2.5995126e-01;2.1250000e+02;2.4735527e-01;2.1250000e+02;2.7909335e-02;2.1250000e+02;3.8139194e-02;2.1250000e+02;5.0591744e-02;2.1250000e+02;6.4879224e-02;2.1250000e+02;8.1039846e-02;2.1250000e+02;9.9178195e-02;2.1250000e+02;1.1877181e-01;2.1250000e+02;1.3575041e-01;2.1250000e+02;1.4958841e-01;2.1250000e+02;1.6093951e-01;2.1250000e+02;1.7340137e-01;2.1250000e+02;1.9795857e-01;2.1250000e+02;2.2517380e-01;2.1250000e+02;2.5419194e-01;2.1250000e+02;2.6538801e-01;2.1250000e+02;2.6657796e-01;2.1250000e+02;2.5995126e-01;2.1250000e+02;2.4735527e-01;2.1250000e+02;2.7909335e-02;2.1250000e+02;3.8139194e-02;2.1250000e+02;5.0591744e-02;2.1250000e+02;6.4879224e-02;2.1250000e+02;8.1039846e-02;2.1250000e+02;9.9178195e-02;2.1250000e+02;1.1877181e-01;2.1250000e+02;1.3575041e-01;2.1250000e+02;1.4958841e-01;2.1250000e+02;1.6093951e-01;2.1250000e+02;1.7340137e-01;2.1250000e+02;1.9795857e-01;2.1250000e+02;2.2517380e-01;2.1250000e+02;2.5419194e-01;2.1250000e+02;2.6538801e-01;2.1250000e+02;2.6657796e-01;2.1250000e+02;2.5995126e-01;2.1250000e+02;2.4735527e-01;2.1250000e+02;2.7909335e-02;2.1250000e+02;3.8139194e-02;2.1250000e+02;5.0591744e-02;2.1250000e+02;6.4879224e-02;2.1250000e+02;8.1039846e-02;2.1250000e+02;9.9178195e-02;2.1250000e+02;1.1877181e-01;2.1250000e+02;1.3575041e-01;2.1250000e+02;1.4958841e-01;2.1250000e+02;1.6093951e-01;2.1250000e+02;1.7340137e-01;2.1250000e+02;1.9795857e-01;2.1250000e+02;2.2517380e-01;2.1250000e+02;2.5419194e-01;2.1250000e+02;2.6538801e-01;2.1250000e+02;2.6657796e-01;2.1250000e+02;2.5995126e-01;2.1250000e+02;2.4735527e-01;2.1250000e+02;2.7909335e-02;2.1250000e+02;3.8139194e-02;2.1250000e+02;5.0591744e-02;2.1250000e+02;6.4879224e-02;2.1250000e+02;8.1039846e-02;2.1250000e+02;9.9178195e-02;2.1250000e+02;1.1877181e-01;2.1250000e+02;1.3575041e-01;2.1250000e+02;1.4958841e-01;2.1250000e+02;1.6093951e-01;2.1250000e+02;1.7340137e-01;2.1250000e+02;1.9795857e-01;2.1250000e+02;2.2517380e-01;2.1250000e+02;2.5419194e-01;2.1250000e+02;2.6538801e-01;2.1250000e+02;2.6657796e-01;2.1250000e+02;2.5995126e-01;2.1250000e+02;2.4735527e-01;2.1250000e+02;2.7909335e-02;2.1250000e+02;3.8139194e-02;2.1250000e+02;5.0591744e-02;2.1250000e+02;6.4879224e-02;2.1250000e+02;8.1039846e-02;2.1250000e+02;9.9178195e-02;2.1250000e+02;1.1877181e-01;2.1250000e+02;1.3575041e-01;2.1250000e+02;1.4958841e-01;2.1250000e+02;1.6093951e-01;2.1250000e+02;1.7340137e-01;2.1250000e+02;1.9795857e-01;2.1250000e+02;2.2517380e-01;2.1250000e+02;2.5419194e-01;2.1250000e+02;2.6538801e-01;2.1250000e+02;2.6657796e-01;2.1250000e+02;2.5995126e-01;2.1250000e+02;2.4735527e-01;2.1250000e+02;2.7909335e-02;2.1250000e+02;3.8139194e-02;2.1250000e+02;5.0591744e-02;2.1250000e+02;6.4879224e-02;2.1250000e+02;8.1039846e-02;2.1250000e+02;9.9178195e-02;2.1250000e+02;1.1877181e-01;2.1250000e+02;1.3575041e-01;2.1250000e+02;1.4958841e-01;2.1250000e+02;1.6093951e-01;2.1250000e+02;1.7340137e-01;2.1250000e+02;1.9795857e-01;2.1250000e+02;2.2517380e-01;2.1250000e+02;2.5419194e-01;2.1250000e+02;2.6538801e-01;2.1250000e+02;2.6657796e-01;2.1250000e+02;2.5995126e-01;2.1250000e+02;2.4735527e-01;2.1250000e+02;2.7909335e-02;2.1250000e+02;3.8139194e-02;2.1250000e+02;5.0591744e-02;2.1250000e+02;6.4879224e-02;2.1250000e+02;8.1039846e-02;2.1250000e+02;9.9178195e-02;2.1250000e+02;1.1877181e-01;2.1250000e+02;1.3575041e-01;2.1250000e+02;1.4958841e-01;2.1250000e+02;1.6093951e-01;2.1250000e+02;1.7340137e-01;2.1250000e+02;1.9795857e-01;2.1250000e+02;2.2517380e-01;2.1250000e+02;2.5419194e-01;2.1250000e+02;2.6538801e-01;2.1250000e+02;2.6657796e-01;2.1250000e+02;2.5995126e-01;2.1250000e+02;2.4735527e-01
2.1750000e+02;2.4387445e-02;2.1750000e+02;3.3766024e-02;2.1750000e+02;4.5098476e-02;2.1750000e+02;5.8815427e-02;2.1750000e+02;7.4577838e-02;2.1750000e+02;9.2227474e-02;2.1750000e+02;1.0948595e-01;2.1750000e+02;1.2555811e-01;2.1750000e+02;1.3931897e-01;2.1750000e+02;1.4985590e-01;2.1750000e+02;1.6043532e-01;2.1750000e+02;1.8448688e-01;2.1750000e+02;2.1364570e-01;2.1750000e+02;2.4630994e-01;2.1750000e+02;2.5958911e-01;2.1750000e+02;2.6211119e-01;2.1750000e+02;2.5685063e-01;2.1750000e+02;2.4505632e-01;2.1750000e+02;2.4387445e-02;2.1750000e+02;3.3766024e-02;2.1750000e+02;4.5098476e-02;2.1750000e+02;5.8815427e-02;2.1750000e+02;7.4577838e-02;2.1750000e+02;9.2227474e-02;2.1750000e+02;1.0948595e-01;2.1750000e+02;1.2555811e-01;2.1750000e+02;1.3931897e-01;2.1750000e+02;1.4985590e-01;2.1750000e+02;1.6043532e-01;2.1750000e+02;1.8448688e-01;2.1750000e+02;2.1364570e-01;2.1750000e+02;2.4630994e-01;2.1750000e+02;2.5958911e-01;2.1750000e+02;2.6211119e-01;2.1750000e+02;2.5685063e-01;2.1750000e+02;2.4505632e-01;2.1750000e+02;2.4387445e-02;2.1750000e+02;3.3766024e-02;2.1750000e+02;4.5098476e-02;2.1750000e+02;5.8815427e-02;2.1750000e+02;7.4577838e-02;2.1750000e+02;9.2227474e-02;2.1750000e+02;1.0948595e-01;2.1750000e+02;1.2555811e-01;2.1750000e+02;1.3931897e-01;2.1750000e+02;1.4985590e-01;2.1750000e+02;1.6043532e-01;2.1750000e+02;1.8448688e-01;2.1750000e+02;2.1364570e-01;2.1750000e+02;2.4630994e-01;2.1750000e+02;2.5958911e-01;2.1750000e+02;2.6211119e-01;2.1750000e+02;2.5685063e-01;2.1750000e+02;2.4505632e-01;2.1750000e+02;2.4387445e-02;2.1750000e+02;3.3766024e-02;2.1750000e+02;4.5098476e-02;2.1750000e+02;5.8815427e-02;2.1750000e+02;7.4577838e-02;2.1750000e+02;9.2227474e-02;2.1750000e+02;1.0948595e-01;2.1750000e+02;1.2555811e-01;2.1750000e+02;1.3931897e-01;2.1750000e+02;1.4985590e-01;2.1750000e+02;1.6043532e-01;2.1750000e+02;1.8448688e-01;2.1750000e+02;2.1364570e-01;2.1750000e+02;2.4630994e-01;2.1750000e+02;2.5958911e-01;2.1750000e+02;2.6211119e-01;2.1750000e+02;2.5685063e-01;2.1750000e+02;2.4505632e-01;2.1750000e+02;2.4387445e-02;2.1750000e+02;3.3766024e-02;2.1750000e+02;4.5098476e-02;2.1750000e+02;5.8815427e-02;2.1750000e+02;7.4577838e-02;2.1750000e+02;9.2227474e-02;2.1750000e+02;1.0948595e-01;2.1750000e+02;1.2555811e-01;2.1750000e+02;1.3931897e-01;2.1750000e+02;1.4985590e-01;2.1750000e+02;1.6043532e-01;2.1750000e+02;1.8448688e-01;2.1750000e+02;2.1364570e-01;2.1750000e+02;2.4630994e-01;2.1750000e+02;2.5958911e-01;2.1750000e+02;2.6211119e-01;2.1750000e+02;2.5685063e-01;2.1750000e+02;2.4505632e-01;2.1750000e+02;2.4387445e-02;2.1750000e+02;3.3766024e-02;2.1750000e+02;4.5098476e-02;2.1750000e+02;5.8815427e-02;2.1750000e+02;7.4577838e-02;2.1750000e+02;9.2227474e-02;2.1750000e+02;1.0948595e-01;2.1750000e+02;1.2555811e-01;2.1750000e+02;1.3931897e-01;2.1750000e+02;1.4985590e-01;2.1750000e+02;1.6043532e-01;2.1750000e+02;1.8448688e-01;2.1750000e+02;2.1364570e-01;2.1750000e+02;2.4630994e-01;2.1750000e+02;2.5958911e-01;2.1750000e+02;2.6211119e-01;2.1750000e+02;2.5685063e-01;2.1750000e+02;2.4505632e-01;2.1750000e+02;2.4387445e-02;2.1750000e+02;3.3766024e-02;2.1750000e+02;4.5098476e-02;2.1750000e+02;5.8815427e-02;2.1750000e+02;7.4577838e-02;2.1750000e+02;9.2227474e-02;2.1750000e+02;1.0948595e-01;2.1750000e+02;1.2555811e-01;2.1750000e+02;1.3931897e-01;2.1750000e+02;1.4985590e-01;2.1750000e+02;1.6043532e-01;2.1750000e+02;1.8448688e-01;2.1750000e+02;2.1364570e-01;2.1750000e+02;2.4630994e-01;2.1750000e+02;2.5958911e-01;2.1750000e+02;2.6211119e-01;2.1750000e+02;2.5685063e-01;2.1750000e+02;2.4505632e-01;2.1750000e+02;2.4387445e-02;2.1750000e+02;3.3766024e-02;2.1750000e+02;4.5098476e-02;2.1750000e+02;5.8815427e-02;2.1750000e+02;7.4577838e-02;2.1750000e+02;9.2227474e-02;2.1750000e+02;1.0948595e-01;2.1750000e+02;1.2555811e-01;2.1750000e+02;1.3931897e-01;2.1750000e+02;1.4985590e-01;2.1750000e+02;1.6043532e-01;2.1750000e+02;1.8448688e-01;2.1750000e+02;2.1364570e-01;2.1750000e+02;2.4630994e-01;2.1750000e+02;2.5958911e-01;2.1750000e+02;2.6211119e-01;2.1750000e+02;2.5685063e-01;2.1750000e+02;2.4505632e-01;2.1750000e+02;2.4387445e-02;2.1750000e+02;3.3766024e-02;2.1750000e+02;4.5098476e-02;2.1750000e+02;5.8815427e-02;2.1750000e+02;7.4577838e-02;2.1750000e+02;9.2227474e-02;2.1750000e+02;1.0948595e-01;2.1750000e+02;1.2555811e-01;2.1750000e+02;1.3931897e-01;2.1750000e+02;1.4985590e-01;2.1750000e+02;1.6043532e-01;2.1750000e+02;1.8448688e-01;2.1750000e+02;2.1364570e-01;2.1750000e+02;2.4630994e-01;2.1750000e+02;2.5958911e-01;2.1750000e+02;2.6211119e-01;2.1750000e+02;2.5685063e-01;2.1750000e+02;2.4505632e-01;2.1750000e+02;2.4387445e-02;2.1750000e+02;3.3766024e-02;2.1750000e+02;4.5098476e-02;2.1750000e+02;5.8815427e-02;2.1750000e+02;7.4577838e-02;2.1750000e+02;9.2227474e-02;2.1750000e+02;1.0948595e-01;2.1750000e+02;1.2555811e-01;2.1750000e+02;1.3931897e-01;2.1750000e+02;1.4985590e-01;2.1750000e+02;1.6043532e-01;2.1750000e+02;1.8448688e-01;2.1750000e+02;2.1364570e-01;2.1750000e+02;2.4630994e-01;2.1750000e+02;2.5958911e-01;2.1750000e+02;2.6211119e-01;2.1750000e+02;2.5685063e-01;2.1750000e+02;2.4505632e-01;2.1750000e+02;2.4387445e-02;2.1750000e+02;3.3766024e-02;2.1750000e+02;4.5098476e-02;2.1750000e+02;5.8815427e-02;2.1750000e+02;7.4577838e-02;2.1750000e+02;9.2227474e-02;2.1750000e+02;1.0948595e-01;2.1750000e+02;1.2555811e-01;2.1750000e+02;1.3931897e-01;2.1750000e+02;1.4985590e-01;2.1750000e+02;1.6043532e-01;2.1750000e+02;1.8448688e-01;2.1750000e+02;2.1364570e-01;2.1750000e+02;2.4630994e-01;2.1750000e+02;2.5958911e-01;2.1750000e+02;2.6211119e-01;2.1750000e+02;2.5685063e-01;2.1750000e+02;2.4505632e-01;2.1750000e+02;2.4387445e-02;2.1750000e+02;3.3766024e-02;2.1750000e+02;4.5098476e-02;2.1750000e+02;5.8815427e-02;2.1750000e+02;7.4577838e-02;2.1750000e+02;9.2227474e-02;2.1750000e+02;1.0948595e-01;2.1750000e+02;1.2555811e-01;2.1750000e+02;1.3931897e-01;2.1750000e+02;1.4985590e-01;2.1750000e+02;1.6043532e-01;2.1750000e+02;1.8448688e-01;2.1750000e+02;2.1364570e-01;2.1750000e+02;2.4630994e-01;2.1750000e+02;2.5958911e-01;2.1750000e+02;2.6211119e-01;2.1750000e+02;2.5685063e-01;2.1750000e+02;2.4505632e-01;2.1750000e+02;2.4387445e-02;2.1750000e+02;3.3766024e-02;2.1750000e+02;4.5098476e-02;2.1750000e+02;5.8815427e-02;2.1750000e+02;7.4577838e-02;2.1750000e+02;9.2227474e-02;2.1750000e+02;1.0948595e-01;2.1750000e+02;1.2555811e-01;2.1750000e+02;1.3931897e-01;2.1750000e+02;1.4985590e-01;2.1750000e+02;1.6043532e-01;2.1750000e+02;1.8448688e-01;2.1750000e+02;2.1364570e-01;2.1750000e+02;2.4630994e-01;2.1750000e+02;2.5958911e-01;2.1750000e+02;2.6211119e-01;2.1750000e+02;2.5685063e-01;2.1750000e+02;2.4505632e-01;2.1750000e+02;2.4387445e-02;2.1750000e+02;3.3766024e-02;2.1750000e+02;4.5098476e-02;2.1750000e+02;5.8815427e-02;2.1750000e+02;7.4577838e-02;2.1750000e+02;9.2227474e-02;2.1750000e+02;1.0948595e-01;2.1750000e+02;1.2555811e-01;2.1750000e+02;1.3931897e-01;2.1750000e+02;1.4985590e-01;2.1750000e+02;1.6043532e-01;2.1750000e+02;1.8448688e-01;2.1750000e+02;2.1364570e-01;2.1750000e+02;2.4630994e-01;2.1750000e+02;2.5958911e-01;2.1750000e+02;2.6211119e-01;2.1750000e+02;2.5685063e-01;2.1750000e+02;2.4505632e-01;2.1750000e+02;2.4387445e-02;2.1750000e+02;3.3766024e-02;2.1750000e+02;4.5098476e-02;2.1750000e+02;5.8815427e-02;2.1750000e+02;7.4577838e-02;2.1750000e+02;9.2227474e-02;2.1750000e+02;1.0948595e-01;2.1750000e+02;1.2555811e-01;2.1750000e+02;1.3931897e-01;2.1750000e+02;1.4985590e-01;2.1750000e+02;1.6043532e-01;2.1750000e+02;1.8448688e-01;2.1750000e+02;2.1364570e-01;2.1750000e+02;2.4630994e-01;2.1750000e+02;2.5958911e-01;2.1750000e+02;2.6211119e-01;2.1750000e+02;2.5685063e-01;2.1750000e+02;2.4505632e-01;2.1750000e+02;2.4387445e-02;2.1750000e+02;3.3766024e-02;2.1750000e+02;4.5098476e-02;2.1750000e+02;5.8815427e-02;2.1750000e+02;7.4577838e-02;2.1750000e+02;9.2227474e-02;2.1750000e+02;1.0948595e-01;2.1750000e+02;1.2555811e-01;2.1750000e+02;1.3931897e-01;2.1750000e+02;1.4985590e-01;2.1750000e+02;1.6043532e-01;2.1750000e+02;1.8448688e-01;2.1750000e+02;2.1364570e-01;2.1750000e+02;2.4630994e-01;2.1750000e+02;2.5958911e-01;2.1750000e+02;2.6211119e-01;2.1750000e+02;2.5685063e-01;2.1750000e+02;2.4505632e-01;2.1750000e+02;2.4387445e-02;2.1750000e+02;3.3766024e-02;2.1750000e+02;4.5098476e-02;2.1750000e+02;5.8815427e-02;2.1750000e+02;7.4577838e-02;2.1750000e+02;9.2227474e-02;2.1750000e+02;1.0948595e-01;2.1750000e+02;1.2555811e-01;2.1750000e+02;1.3931897e-01;2.1750000e+02;1.4985590e-01;2.1750000e+02;1.6043532e-01;2.1750000e+02;1.8448688e-01;2.1750000e+02;2.1364570e-01;2.1750000e+02;2.4630994e-01;2.1750000e+02;2.5958911e-01;2.1750000e+02;2.6211119e-01;2.1750000e+02;2.5685063e-01;2.1750000e+02;2.4505632e-01;2.1750000e+02;2.4387445e-02;2.1750000e+02;3.3766024e-02;2.1750000e+02;4.5098476e-02;2.1750000e+02;5.8815427e-02;2.1750000e+02;7.4577838e-02;2.1750000e+02;9.2227474e-02;2.1750000e+02;1.0948595e-01;2.1750000e+02;1.2555811e-01;2.1750000e+02;1.3931897e-01;2.1750000e+02;1.4985590e-01;2.1750000e+02;1.6043532e-01;2.1750000e+02;1.8448688e-01;2.1750000e+02;2.1364570e-01;2.1750000e+02;2.4630994e-01;2.1750000e+02;2.5958911e-01;2.1750000e+02;2.6211119e-01;2.1750000e+02;2.5685063e-01;2.1750000e+02;2.4505632e-01;2.1750000e+02;2.4387445e-02;2.1750000e+02;3.3766024e-02;2.1750000e+02;4.5098476e-02;2.1750000e+02;5.8815427e-02;2.1750000e+02;7.4577838e-02;2.1750000e+02;9.2227474e-02;2.1750000e+02;1.0948595e-01;2.1750000e+02;1.2555811e-01;2.1750000e+02;1.3931897e-01;2.1750000e+02;1.4985590e-01;2.1750000e+02;1.6043532e-01;2.1750000e+02;1.8448688e-01;2.1750000e+02;2.1364570e-01;2.1750000e+02;2.4630994e-01;2.1750000e+02;2.5958911e-01;2.1750000e+02;2.6211119e-01;2.1750000e+02;2.5685063e-01;2.1750000e+02;2.4505632e-01;2.1750000e+02;2.4387445e-02;2.1750000e+02;3.3766024e-02;2.1750000e+02;4.5098476e-02;2.1750000e+02;5.8815427e-02;2.1750000e+02;7.4577838e-02;2.1750000e+02;9.2227474e-02;2.1750000e+02;1.0948595e-01;2.1750000e+02;1.2555811e-01;2.1750000e+02;1.3931897e-01;2.1750000e+02;1.4985590e-01;2.1750000e+02;1.6043532e-01;2.1750000e+02;1.8448688e-01;2.1750000e+02;2.1364570e-01;2.1750000e+02;2.4630994e-01;2.1750000e+02;2.5958911e-01;2.1750000e+02;2.6211119e-01;2.1750000e+02;2.5685063e-01;2.1750000e+02;2.4505632e-01;2.1750000e+02;2.4387445e-02;2.1750000e+02;3.3766024e-02;2.1750000e+02;4.5098476e-02;2.1750000e+02;5.8815427e-02;2.1750000e+02;7.4577838e-02;2.1750000e+02;9.2227474e-02;2.1750000e+02;1.0948595e-01;2.1750000e+02;1.2555811e-01;2.1750000e+02;1.3931897e-01;2.1750000e+02;1.4985590e-01;2.1750000e+02;1.6043532e-01;2.1750000e+02;1.8448688e-01;2.1750000e+02;2.1364570e-01;2.1750000e+02;2.4630994e-01;2.1750000e+02;2.5958911e-01;2.1750000e+02;2.6211119e-01;2.1750000e+02;2.5685063e-01;2.1750000e+02;2.4505632e-01;2.1750000e+02;2.4387445e-02;2.1750000e+02;3.3766024e-02;2.1750000e+02;4.5098476e-02;2.1750000e+02;5.8815427e-02;2.1750000e+02;7.4577838e-02;2.1750000e+02;9.2227474e-02;2.1750000e+02;1.0948595e-01;2.1750000e+02;1.2555811e-01;2.1750000e+02;1.3931897e-01;2.1750000e+02;1.4985590e-01;2.1750000e+02;1.6043532e-01;2.1750000e+02;1.8448688e-01;2.1750000e+02;2.1364570e-01;2.1750000e+02;2.4630994e-01;2.1750000e+02;2.5958911e-01;2.1750000e+02;2.6211119e-01;2.1750000e+02;2.5685063e-01;2.1750000e+02;2.4505632e-01;2.1750000e+02;2.4387445e-02;2.1750000e+02;3.3766024e-02;2.1750000e+02;4.5098476e-02;2.1750000e+02;5.8815427e-02;2.1750000e+02;7.4577838e-02;2.1750000e+02;9.2227474e-02;2.1750000e+02;1.0948595e-01;2.1750000e+02;1.2555811e-01;2.1750000e+02;1.3931897e-01;2.1750000e+02;1.4985590e-01;2.1750000e+02;1.6043532e-01;2.1750000e+02;1.8448688e-01;2.1750000e+02;2.1364570e-01;2.1750000e+02;2.4630994e-01;2.1750000e+02;2.5958911e-01;2.1750000e+02;2.6211119e-01;2.1750000e+02;2.5685063e-01;2.1750000e+02;2.4505632e-01;2.1750000e+02;2.4387445e-02;2.1750000e+02;3.3766024e-02;2.1750000e+02;4.5098476e-02;2.1750000e+02;5.8815427e-02;2.1750000e+02;7.4577838e-02;2.1750000e+02;9.2227474e-02;2.1750000e+02;1.0948595e-01;2.1750000e+02;1.2555811e-01;2.1750000e+02;1.3931897e-01;2.1750000e+02;1.4985590e-01;2.1750000e+02;1.6043532e-01;2.1750000e+02;1.8448688e-01;2.1750000e+02;2.1364570e-01;2.1750000e+02;2.4630994e-01;2.1750000e+02;2.5958911e-01;2.1750000e+02;2.6211119e-01;2.1750000e+02;2.5685063e-01;2.1750000e+02;2.4505632e-01;2.1750000e+02;2.4387445e-02;2.1750000e+02;3.3766024e-02;2.1750000e+02;4.5098476e-02;2.1750000e+02;5.8815427e-02;2.1750000e+02;7.4577838e-02;2.1750000e+02;9.2227474e-02;2.1750000e+02;1.0948595e-01;2.1750000e+02;1.2555811e-01;2.1750000e+02;1.3931897e-01;2.1750000e+02;1.4985590e-01;2.1750000e+02;1.6043532e-01;2.1750000e+02;1.8448688e-01;2.1750000e+02;2.1364570e-01;2.1750000e+02;2.4630994e-01;2.1750000e+02;2.5958911e-01;2.1750000e+02;2.6211119e-01;2.1750000e+02;2.5685063e-01;2.1750000e+02;2.4505632e-01;2.1750000e+02;2.4387445e-02;2.1750000e+02;3.3766024e-02;2.1750000e+02;4.5098476e-02;2.1750000e+02;5.8815427e-02;2.1750000e+02;7.4577838e-02;2.1750000e+02;9.2227474e-02;2.1750000e+02;1.0948595e-01;2.1750000e+02;1.2555811e-01;2.1750000e+02;1.3931897e-01;2.1750000e+02;1.4985590e-01;2.1750000e+02;1.6043532e-01;2.1750000e+02;1.8448688e-01;2.1750000e+02;2.1364570e-01;2.1750000e+02;2.4630994e-01;2.1750000e+02;2.5958911e-01;2.1750000e+02;2.6211119e-01;2.1750000e+02;2.5685063e-01;2.1750000e+02;2.4505632e-01;2.1750000e+02;2.4387445e-02;2.1750000e+02;3.3766024e-02;2.1750000e+02;4.5098476e-02;2.1750000e+02;5.8815427e-02;2.1750000e+02;7.4577838e-02;2.1750000e+02;9.2227474e-02;2.1750000e+02;1.0948595e-01;2.1750000e+02;1.2555811e-01;2.1750000e+02;1.3931897e-01;2.1750000e+02;1.4985590e-01;2.1750000e+02;1.6043532e-01;2.1750000e+02;1.8448688e-01;2.1750000e+02;2.1364570e-01;2.1750000e+02;2.4630994e-01;2.1750000e+02;2.5958911e-01;2.1750000e+02;2.6211119e-01;2.1750000e+02;2.5685063e-01;2.1750000e+02;2.4505632e-01;2.1750000e+02;2.4387445e-02;2.1750000e+02;3.3766024e-02;2.1750000e+02;4.5098476e-02;2.1750000e+02;5.8815427e-02;2.1750000e+02;7.4577838e-02;2.1750000e+02;9.2227474e-02;2.1750000e+02;1.0948595e-01;2.1750000e+02;1.2555811e-01;2.1750000e+02;1.3931897e-01;2.1750000e+02;1.4985590e-01;2.1750000e+02;1.6043532e-01;2.1750000e+02;1.8448688e-01;2.1750000e+02;2.1364570e-01;2.1750000e+02;2.4630994e-01;2.1750000e+02;2.5958911e-01;2.1750000e+02;2.6211119e-01;2.1750000e+02;2.5685063e-01;2.1750000e+02;2.4505632e-01;2.1750000e+02;2.4387445e-02;2.1750000e+02;3.3766024e-02;2.1750000e+02;4.5098476e-02;2.1750000e+02;5.8815427e-02;2.1750000e+02;7.4577838e-02;2.1750000e+02;9.2227474e-02;2.1750000e+02;1.0948595e-01;2.1750000e+02;1.2555811e-01;2.1750000e+02;1.3931897e-01;2.1750000e+02;1.4985590e-01;2.1750000e+02;1.6043532e-01;2.1750000e+02;1.8448688e-01;2.1750000e+02;2.1364570e-01;2.1750000e+02;2.4630994e-01;2.1750000e+02;2.5958911e-01;2.1750000e+02;2.6211119e-01;2.1750000e+02;2.5685063e-01;2.1750000e+02;2.4505632e-01;2.1750000e+02;2.4387445e-02;2.1750000e+02;3.3766024e-02;2.1750000e+02;4.5098476e-02;2.1750000e+02;5.8815427e-02;2.1750000e+02;7.4577838e-02;2.1750000e+02;9.2227474e-02;2.1750000e+02;1.0948595e-01;2.1750000e+02;1.2555811e-01;2.1750000e+02;1.3931897e-01;2.1750000e+02;1.4985590e-01;2.1750000e+02;1.6043532e-01;2.1750000e+02;1.8448688e-01;2.1750000e+02;2.1364570e-01;2.1750000e+02;2.4630994e-01;2.1750000e+02;2.5958911e-01;2.1750000e+02;2.6211119e-01;2.1750000e+02;2.5685063e-01;2.1750000e+02;2.4505632e-01;2.1750000e+02;2.4387445e-02;2.1750000e+02;3.3766024e-02;2.1750000e+02;4.5098476e-02;2.1750000e+02;5.8815427e-02;2.1750000e+02;7.4577838e-02;2.1750000e+02;9.2227474e-02;2.1750000e+02;1.0948595e-01;2.1750000e+02;1.2555811e-01;2.1750000e+02;1.3931897e-01;2.1750000e+02;1.4985590e-01;2.1750000e+02;1.6043532e-01;2.1750000e+02;1.8448688e-01;2.1750000e+02;2.1364570e-01;2.1750000e+02;2.4630994e-01;2.1750000e+02;2.5958911e-01;2.1750000e+02;2.6211119e-01;2.1750000e+02;2.5685063e-01;2.1750000e+02;2.4505632e-01;2.1750000e+02;2.4387445e-02;2.1750000e+02;3.3766024e-02;2.1750000e+02;4.5098476e-02;2.1750000e+02;5.8815427e-02;2.1750000e+02;7.4577838e-02;2.1750000e+02;9.2227474e-02;2.1750000e+02;1.0948595e-01;2.1750000e+02;1.2555811e-01;2.1750000e+02;1.3931897e-01;2.1750000e+02;1.4985590e-01;2.1750000e+02;1.6043532e-01;2.1750000e+02;1.8448688e-01;2.1750000e+02;2.1364570e-01;2.1750000e+02;2.4630994e-01;2.1750000e+02;2.5958911e-01;2.1750000e+02;2.6211119e-01;2.1750000e+02;2.5685063e-01;2.1750000e+02;2.4505632e-01;2.1750000e+02;2.4387445e-02;2.1750000e+02;3.3766024e-02;2.1750000e+02;4.5098476e-02;2.1750000e+02;5.8815427e-02;2.1750000e+02;7.4577838e-02;2.1750000e+02;9.2227474e-02;2.1750000e+02;1.0948595e-01;2.1750000e+02;1.2555811e-01;2.1750000e+02;1.3931897e-01;2.1750000e+02;1.4985590e-01;2.1750000e+02;1.6043532e-01;2.1750000e+02;1.8448688e-01;2.1750000e+02;2.1364570e-01;2.1750000e+02;2.4630994e-01;2.1750000e+02;2.5958911e-01;2.1750000e+02;2.6211119e-01;2.1750000e+02;2.5685063e-01;2.1750000e+02;2.4505632e-01;2.1750000e+02;2.4387445e-02;2.1750000e+02;3.3766024e-02;2.1750000e+02;4.5098476e-02;2.1750000e+02;5.8815427e-02;2.1750000e+02;7.4577838e-02;2.1750000e+02;9.2227474e-02;2.1750000e+02;1.0948595e-01;2.1750000e+02;1.2555811e-01;2.1750000e+02;1.3931897e-01;2.1750000e+02;1.4985590e-01;2.1750000e+02;1.6043532e-01;2.1750000e+02;1.8448688e-01;2.1750000e+02;2.1364570e-01;2.1750000e+02;2.4630994e-01;2.1750000e+02;2.5958911e-01;2.1750000e+02;2.6211119e-01;2.1750000e+02;2.5685063e-01;2.1750000e+02;2.4505632e-01;2.1750000e+02;2.4387445e-02;2.1750000e+02;3.3766024e-02;2.1750000e+02;4.5098476e-02;2.1750000e+02;5.8815427e-02;2.1750000e+02;7.4577838e-02;2.1750000e+02;9.2227474e-02;2.1750000e+02;1.0948595e-01;2.1750000e+02;1.2555811e-01;2.1750000e+02;1.3931897e-01;2.1750000e+02;1.4985590e-01;2.1750000e+02;1.6043532e-01;2.1750000e+02;1.8448688e-01;2.1750000e+02;2.1364570e-01;2.1750000e+02;2.4630994e-01;2.1750000e+02;2.5958911e-01;2.1750000e+02;2.6211119e-01;2.1750000e+02;2.5685063e-01;2.1750000e+02;2.4505632e-01;2.1750000e+02;2.4387445e-02;2.1750000e+02;3.3766024e-02;2.1750000e+02;4.5098476e-02;2.1750000e+02;5.8815427e-02;2.1750000e+02;7.4577838e-02;2.1750000e+02;9.2227474e-02;2.1750000e+02;1.0948595e-01;2.1750000e+02;1.2555811e-01;2.1750000e+02;1.3931897e-01;2.1750000e+02;1.4985590e-01;2.1750000e+02;1.6043532e-01;2.1750000e+02;1.8448688e-01;2.1750000e+02;2.1364570e-01;2.1750000e+02;2.4630994e-01;2.1750000e+02;2.5958911e-01;2.1750000e+02;2.6211119e-01;2.1750000e+02;2.5685063e-01;2.1750000e+02;2.4505632e-01;2.1750000e+02;2.4387445e-02;2.1750000e+02;3.3766024e-02;2.1750000e+02;4.5098476e-02;2.1750000e+02;5.8815427e-02;2.1750000e+02;7.4577838e-02;2.1750000e+02;9.2227474e-02;2.1750000e+02;1.0948595e-01;2.1750000e+02;1.2555811e-01;2.1750000e+02;1.3931897e-01;2.1750000e+02;1.4985590e-01;2.1750000e+02;1.6043532e-01;2.1750000e+02;1.8448688e-01;2.1750000e+02;2.1364570e-01;2.1750000e+02;2.4630994e-01;2.1750000e+02;2.5958911e-01;2.1750000e+02;2.6211119e-01;2.1750000e+02;2.5685063e-01;2.1750000e+02;2.4505632e-01;2.1750000e+02;2.4387445e-02;2.1750000e+02;3.3766024e-02;2.1750000e+02;4.5098476e-02;2.1750000e+02;5.8815427e-02;2.1750000e+02;7.4577838e-02;2.1750000e+02;9.2227474e-02;2.1750000e+02;1.0948595e-01;2.1750000e+02;1.2555811e-01;2.1750000e+02;1.3931897e-01;2.1750000e+02;1.4985590e-01;2.1750000e+02;1.6043532e-01;2.1750000e+02;1.8448688e-01;2.1750000e+02;2.1364570e-01;2.1750000e+02;2.4630994e-01;2.1750000e+02;2.5958911e-01;2.1750000e+02;2.6211119e-01;2.1750000e+02;2.5685063e-01;2.1750000e+02;2.4505632e-01;2.1750000e+02;2.4387445e-02;2.1750000e+02;3.3766024e-02;2.1750000e+02;4.5098476e-02;2.1750000e+02;5.8815427e-02;2.1750000e+02;7.4577838e-02;2.1750000e+02;9.2227474e-02;2.1750000e+02;1.0948595e-01;2.1750000e+02;1.2555811e-01;2.1750000e+02;1.3931897e-01;2.1750000e+02;1.4985590e-01;2.1750000e+02;1.6043532e-01;2.1750000e+02;1.8448688e-01;2.1750000e+02;2.1364570e-01;2.1750000e+02;2.4630994e-01;2.1750000e+02;2.5958911e-01;2.1750000e+02;2.6211119e-01;2.1750000e+02;2.5685063e-01;2.1750000e+02;2.4505632e-01;2.1750000e+02;2.4387445e-02;2.1750000e+02;3.3766024e-02;2.1750000e+02;4.5098476e-02;2.1750000e+02;5.8815427e-02;2.1750000e+02;7.4577838e-02;2.1750000e+02;9.2227474e-02;2.1750000e+02;1.0948595e-01;2.1750000e+02;1.2555811e-01;2.1750000e+02;1.3931897e-01;2.1750000e+02;1.4985590e-01;2.1750000e+02;1.6043532e-01;2.1750000e+02;1.8448688e-01;2.1750000e+02;2.1364570e-01;2.1750000e+02;2.4630994e-01;2.1750000e+02;2.5958911e-01;2.1750000e+02;2.6211119e-01;2.1750000e+02;2.5685063e-01;2.1750000e+02;2.4505632e-01;2.1750000e+02;2.4387445e-02;2.1750000e+02;3.3766024e-02;2.1750000e+02;4.5098476e-02;2.1750000e+02;5.8815427e-02;2.1750000e+02;7.4577838e-02;2.1750000e+02;9.2227474e-02;2.1750000e+02;1.0948595e-01;2.1750000e+02;1.2555811e-01;2.1750000e+02;1.3931897e-01;2.1750000e+02;1.4985590e-01;2.1750000e+02;1.6043532e-01;2.1750000e+02;1.8448688e-01;2.1750000e+02;2.1364570e-01;2.1750000e+02;2.4630994e-01;2.1750000e+02;2.5958911e-01;2.1750000e+02;2.6211119e-01;2.1750000e+02;2.5685063e-01;2.1750000e+02;2.4505632e-01;2.1750000e+02;2.4387445e-02;2.1750000e+02;3.3766024e-02;2.1750000e+02;4.5098476e-02;2.1750000e+02;5.8815427e-02;2.1750000e+02;7.4577838e-02;2.1750000e+02;9.2227474e-02;2.1750000e+02;1.0948595e-01;2.1750000e+02;1.2555811e-01;2.1750000e+02;1.3931897e-01;2.1750000e+02;1.4985590e-01;2.1750000e+02;1.6043532e-01;2.1750000e+02;1.8448688e-01;2.1750000e+02;2.1364570e-01;2.1750000e+02;2.4630994e-01;2.1750000e+02;2.5958911e-01;2.1750000e+02;2.6211119e-01;2.1750000e+02;2.5685063e-01;2.1750000e+02;2.4505632e-01;2.1750000e+02;2.4387445e-02;2.1750000e+02;3.3766024e-02;2.1750000e+02;4.5098476e-02;2.1750000e+02;5.8815427e-02;2.1750000e+02;7.4577838e-02;2.1750000e+02;9.2227474e-02;2.1750000e+02;1.0948595e-01;2.1750000e+02;1.2555811e-01;2.1750000e+02;1.3931897e-01;2.1750000e+02;1.4985590e-01;2.1750000e+02;1.6043532e-01;2.1750000e+02;1.8448688e-01;2.1750000e+02;2.1364570e-01;2.1750000e+02;2.4630994e-01;2.1750000e+02;2.5958911e-01;2.1750000e+02;2.6211119e-01;2.1750000e+02;2.5685063e-01;2.1750000e+02;2.4505632e-01;2.1750000e+02;2.4387445e-02;2.1750000e+02;3.3766024e-02;2.1750000e+02;4.5098476e-02;2.1750000e+02;5.8815427e-02;2.1750000e+02;7.4577838e-02;2.1750000e+02;9.2227474e-02;2.1750000e+02;1.0948595e-01;2.1750000e+02;1.2555811e-01;2.1750000e+02;1.3931897e-01;2.1750000e+02;1.4985590e-01;2.1750000e+02;1.6043532e-01;2.1750000e+02;1.8448688e-01;2.1750000e+02;2.1364570e-01;2.1750000e+02;2.4630994e-01;2.1750000e+02;2.5958911e-01;2.1750000e+02;2.6211119e-01;2.1750000e+02;2.5685063e-01;2.1750000e+02;2.4505632e-01;2.1750000e+02;2.4387445e-02;2.1750000e+02;3.3766024e-02;2.1750000e+02;4.5098476e-02;2.1750000e+02;5.8815427e-02;2.1750000e+02;7.4577838e-02;2.1750000e+02;9.2227474e-02;2.1750000e+02;1.0948595e-01;2.1750000e+02;1.2555811e-01;2.1750000e+02;1.3931897e-01;2.1750000e+02;1.4985590e-01;2.1750000e+02;1.6043532e-01;2.1750000e+02;1.8448688e-01;2.1750000e+02;2.1364570e-01;2.1750000e+02;2.4630994e-01;2.1750000e+02;2.5958911e-01;2.1750000e+02;2.6211119e-01;2.1750000e+02;2.5685063e-01;2.1750000e+02;2.4505632e-01;2.1750000e+02;2.4387445e-02;2.1750000e+02;3.3766024e-02;2.1750000e+02;4.5098476e-02;2.1750000e+02;5.8815427e-02;2.1750000e+02;7.4577838e-02;2.1750000e+02;9.2227474e-02;2.1750000e+02;1.0948595e-01;2.1750000e+02;1.2555811e-01;2.1750000e+02;1.3931897e-01;2.1750000e+02;1.4985590e-01;2.1750000e+02;1.6043532e-01;2.1750000e+02;1.8448688e-01;2.1750000e+02;2.1364570e-01;2.1750000e+02;2.4630994e-01;2.1750000e+02;2.5958911e-01;2.1750000e+02;2.6211119e-01;2.1750000e+02;2.5685063e-01;2.1750000e+02;2.4505632e-01;2.1750000e+02;2.4387445e-02;2.1750000e+02;3.3766024e-02;2.1750000e+02;4.5098476e-02;2.1750000e+02;5.8815427e-02;2.1750000e+02;7.4577838e-02;2.1750000e+02;9.2227474e-02;2.1750000e+02;1.0948595e-01;2.1750000e+02;1.2555811e-01;2.1750000e+02;1.3931897e-01;2.1750000e+02;1.4985590e-01;2.1750000e+02;1.6043532e-01;2.1750000e+02;1.8448688e-01;2.1750000e+02;2.1364570e-01;2.1750000e+02;2.4630994e-01;2.1750000e+02;2.5958911e-01;2.1750000e+02;2.6211119e-01;2.1750000e+02;2.5685063e-01;2.1750000e+02;2.4505632e-01;2.1750000e+02;2.4387445e-02;2.1750000e+02;3.3766024e-02;2.1750000e+02;4.5098476e-02;2.1750000e+02;5.8815427e-02;2.1750000e+02;7.4577838e-02;2.1750000e+02;9.2227474e-02;2.1750000e+02;1.0948595e-01;2.1750000e+02;1.2555811e-01;2.1750000e+02;1.3931897e-01;2.1750000e+02;1.4985590e-01;2.1750000e+02;1.6043532e-01;2.1750000e+02;1.8448688e-01;2.1750000e+02;2.1364570e-01;2.1750000e+02;2.4630994e-01;2.1750000e+02;2.5958911e-01;2.1750000e+02;2.6211119e-01;2.1750000e+02;2.5685063e-01;2.1750000e+02;2.4505632e-01;2.1750000e+02;2.4387445e-02;2.1750000e+02;3.3766024e-02;2.1750000e+02;4.5098476e-02;2.1750000e+02;5.8815427e-02;2.1750000e+02;7.4577838e-02;2.1750000e+02;9.2227474e-02;2.1750000e+02;1.0948595e-01;2.1750000e+02;1.2555811e-01;2.1750000e+02;1.3931897e-01;2.1750000e+02;1.4985590e-01;2.1750000e+02;1.6043532e-01;2.1750000e+02;1.8448688e-01;2.1750000e+02;2.1364570e-01;2.1750000e+02;2.4630994e-01;2.1750000e+02;2.5958911e-01;2.1750000e+02;2.6211119e-01;2.1750000e+02;2.5685063e-01;2.1750000e+02;2.4505632e-01;2.1750000e+02;2.4387445e-02;2.1750000e+02;3.3766024e-02;2.1750000e+02;4.5098476e-02;2.1750000e+02;5.8815427e-02;2.1750000e+02;7.4577838e-02;2.1750000e+02;9.2227474e-02;2.1750000e+02;1.0948595e-01;2.1750000e+02;1.2555811e-01;2.1750000e+02;1.3931897e-01;2.1750000e+02;1.4985590e-01;2.1750000e+02;1.6043532e-01;2.1750000e+02;1.8448688e-01;2.1750000e+02;2.1364570e-01;2.1750000e+02;2.4630994e-01;2.1750000e+02;2.5958911e-01;2.1750000e+02;2.6211119e-01;2.1750000e+02;2.5685063e-01;2.1750000e+02;2.4505632e-01;2.1750000e+02;2.4387445e-02;2.1750000e+02;3.3766024e-02;2.1750000e+02;4.5098476e-02;2.1750000e+02;5.8815427e-02;2.1750000e+02;7.4577838e-02;2.1750000e+02;9.2227474e-02;2.1750000e+02;1.0948595e-01;2.1750000e+02;1.2555811e-01;2.1750000e+02;1.3931897e-01;2.1750000e+02;1.4985590e-01;2.1750000e+02;1.6043532e-01;2.1750000e+02;1.8448688e-01;2.1750000e+02;2.1364570e-01;2.1750000e+02;2.4630994e-01;2.1750000e+02;2.5958911e-01;2.1750000e+02;2.6211119e-01;2.1750000e+02;2.5685063e-01;2.1750000e+02;2.4505632e-01;2.1750000e+02;2.4387445e-02;2.1750000e+02;3.3766024e-02;2.1750000e+02;4.5098476e-02;2.1750000e+02;5.8815427e-02;2.1750000e+02;7.4577838e-02;2.1750000e+02;9.2227474e-02;2.1750000e+02;1.0948595e-01;2.1750000e+02;1.2555811e-01;2.1750000e+02;1.3931897e-01;2.1750000e+02;1.4985590e-01;2.1750000e+02;1.6043532e-01;2.1750000e+02;1.8448688e-01;2.1750000e+02;2.1364570e-01;2.1750000e+02;2.4630994e-01;2.1750000e+02;2.5958911e-01;2.1750000e+02;2.6211119e-01;2.1750000e+02;2.5685063e-01;2.1750000e+02;2.4505632e-01;2.1750000e+02;2.4387445e-02;2.1750000e+02;3.3766024e-02;2.1750000e+02;4.5098476e-02;2.1750000e+02;5.8815427e-02;2.1750000e+02;7.4577838e-02;2.1750000e+02;9.2227474e-02;2.1750000e+02;1.0948595e-01;2.1750000e+02;1.2555811e-01;2.1750000e+02;1.3931897e-01;2.1750000e+02;1.4985590e-01;2.1750000e+02;1.6043532e-01;2.1750000e+02;1.8448688e-01;2.1750000e+02;2.1364570e-01;2.1750000e+02;2.4630994e-01;2.1750000e+02;2.5958911e-01;2.1750000e+02;2.6211119e-01;2.1750000e+02;2.5685063e-01;2.1750000e+02;2.4505632e-01;2.1750000e+02;2.4387445e-02;2.1750000e+02;3.3766024e-02;2.1750000e+02;4.5098476e-02;2.1750000e+02;5.8815427e-02;2.1750000e+02;7.4577838e-02;2.1750000e+02;9.2227474e-02;2.1750000e+02;1.0948595e-01;2.1750000e+02;1.2555811e-01;2.1750000e+02;1.3931897e-01;2.1750000e+02;1.4985590e-01;2.1750000e+02;1.6043532e-01;2.1750000e+02;1.8448688e-01;2.1750000e+02;2.1364570e-01;2.1750000e+02;2.4630994e-01;2.1750000e+02;2.5958911e-01;2.1750000e+02;2.6211119e-01;2.1750000e+02;2.5685063e-01;2.1750000e+02;2.4505632e-01;2.1750000e+02;2.4387445e-02;2.1750000e+02;3.3766024e-02;2.1750000e+02;4.5098476e-02;2.1750000e+02;5.8815427e-02;2.1750000e+02;7.4577838e-02;2.1750000e+02;9.2227474e-02;2.1750000e+02;1.0948595e-01;2.1750000e+02;1.2555811e-01;2.1750000e+02;1.3931897e-01;2.1750000e+02;1.4985590e-01;2.1750000e+02;1.6043532e-01;2.1750000e+02;1.8448688e-01;2.1750000e+02;2.1364570e-01;2.1750000e+02;2.4630994e-01;2.1750000e+02;2.5958911e-01;2.1750000e+02;2.6211119e-01;2.1750000e+02;2.5685063e-01;2.1750000e+02;2.4505632e-01;2.1750000e+02;2.4387445e-02;2.1750000e+02;3.3766024e-02;2.1750000e+02;4.5098476e-02;2.1750000e+02;5.8815427e-02;2.1750000e+02;7.4577838e-02;2.1750000e+02;9.2227474e-02;2.1750000e+02;1.0948595e-01;2.1750000e+02;1.2555811e-01;2.1750000e+02;1.3931897e-01;2.1750000e+02;1.4985590e-01;2.1750000e+02;1.6043532e-01;2.1750000e+02;1.8448688e-01;2.1750000e+02;2.1364570e-01;2.1750000e+02;2.4630994e-01;2.1750000e+02;2.5958911e-01;2.1750000e+02;2.6211119e-01;2.1750000e+02;2.5685063e-01;2.1750000e+02;2.4505632e-01;2.1750000e+02;2.4387445e-02;2.1750000e+02;3.3766024e-02;2.1750000e+02;4.5098476e-02;2.1750000e+02;5.8815427e-02;2.1750000e+02;7.4577838e-02;2.1750000e+02;9.2227474e-02;2.1750000e+02;1.0948595e-01;2.1750000e+02;1.2555811e-01;2.1750000e+02;1.3931897e-01;2.1750000e+02;1.4985590e-01;2.1750000e+02;1.6043532e-01;2.1750000e+02;1.8448688e-01;2.1750000e+02;2.1364570e-01;2.1750000e+02;2.4630994e-01;2.1750000e+02;2.5958911e-01;2.1750000e+02;2.6211119e-01;2.1750000e+02;2.5685063e-01;2.1750000e+02;2.4505632e-01;2.1750000e+02;2.4387445e-02;2.1750000e+02;3.3766024e-02;2.1750000e+02;4.5098476e-02;2.1750000e+02;5.8815427e-02;2.1750000e+02;7.4577838e-02;2.1750000e+02;9.2227474e-02;2.1750000e+02;1.0948595e-01;2.1750000e+02;1.2555811e-01;2.1750000e+02;1.3931897e-01;2.1750000e+02;1.4985590e-01;2.1750000e+02;1.6043532e-01;2.1750000e+02;1.8448688e-01;2.1750000e+02;2.1364570e-01;2.1750000e+02;2.4630994e-01;2.1750000e+02;2.5958911e-01;2.1750000e+02;2.6211119e-01;2.1750000e+02;2.5685063e-01;2.1750000e+02;2.4505632e-01;2.1750000e+02;2.4387445e-02;2.1750000e+02;3.3766024e-02;2.1750000e+02;4.5098476e-02;2.1750000e+02;5.8815427e-02;2.1750000e+02;7.4577838e-02;2.1750000e+02;9.2227474e-02;2.1750000e+02;1.0948595e-01;2.1750000e+02;1.2555811e-01;2.1750000e+02;1.3931897e-01;2.1750000e+02;1.4985590e-01;2.1750000e+02;1.6043532e-01;2.1750000e+02;1.8448688e-01;2.1750000e+02;2.1364570e-01;2.1750000e+02;2.4630994e-01;2.1750000e+02;2.5958911e-01;2.1750000e+02;2.6211119e-01;2.1750000e+02;2.5685063e-01;2.1750000e+02;2.4505632e-01;2.1750000e+02;2.4387445e-02;2.1750000e+02;3.3766024e-02;2.1750000e+02;4.5098476e-02;2.1750000e+02;5.8815427e-02;2.1750000e+02;7.4577838e-02;2.1750000e+02;9.2227474e-02;2.1750000e+02;1.0948595e-01;2.1750000e+02;1.2555811e-01;2.1750000e+02;1.3931897e-01;2.1750000e+02;1.4985590e-01;2.1750000e+02;1.6043532e-01;2.1750000e+02;1.8448688e-01;2.1750000e+02;2.1364570e-01;2.1750000e+02;2.4630994e-01;2.1750000e+02;2.5958911e-01;2.1750000e+02;2.6211119e-01;2.1750000e+02;2.5685063e-01;2.1750000e+02;2.4505632e-01;2.1750000e+02;2.4387445e-02;2.1750000e+02;3.3766024e-02;2.1750000e+02;4.5098476e-02;2.1750000e+02;5.8815427e-02;2.1750000e+02;7.4577838e-02;2.1750000e+02;9.2227474e-02;2.1750000e+02;1.0948595e-01;2.1750000e+02;1.2555811e-01;2.1750000e+02;1.3931897e-01;2.1750000e+02;1.4985590e-01;2.1750000e+02;1.6043532e-01;2.1750000e+02;1.8448688e-01;2.1750000e+02;2.1364570e-01;2.1750000e+02;2.4630994e-01;2.1750000e+02;2.5958911e-01;2.1750000e+02;2.6211119e-01;2.1750000e+02;2.5685063e-01;2.1750000e+02;2.4505632e-01;2.1750000e+02;2.4387445e-02;2.1750000e+02;3.3766024e-02;2.1750000e+02;4.5098476e-02;2.1750000e+02;5.8815427e-02;2.1750000e+02;7.4577838e-02;2.1750000e+02;9.2227474e-02;2.1750000e+02;1.0948595e-01;2.1750000e+02;1.2555811e-01;2.1750000e+02;1.3931897e-01;2.1750000e+02;1.4985590e-01;2.1750000e+02;1.6043532e-01;2.1750000e+02;1.8448688e-01;2.1750000e+02;2.1364570e-01;2.1750000e+02;2.4630994e-01;2.1750000e+02;2.5958911e-01;2.1750000e+02;2.6211119e-01;2.1750000e+02;2.5685063e-01;2.1750000e+02;2.4505632e-01;2.1750000e+02;2.4387445e-02;2.1750000e+02;3.3766024e-02;2.1750000e+02;4.5098476e-02;2.1750000e+02;5.8815427e-02;2.1750000e+02;7.4577838e-02;2.1750000e+02;9.2227474e-02;2.1750000e+02;1.0948595e-01;2.1750000e+02;1.2555811e-01;2.1750000e+02;1.3931897e-01;2.1750000e+02;1.4985590e-01;2.1750000e+02;1.6043532e-01;2.1750000e+02;1.8448688e-01;2.1750000e+02;2.1364570e-01;2.1750000e+02;2.4630994e-01;2.1750000e+02;2.5958911e-01;2.1750000e+02;2.6211119e-01;2.1750000e+02;2.5685063e-01;2.1750000e+02;2.4505632e-01;2.1750000e+02;2.4387445e-02;2.1750000e+02;3.3766024e-02;2.1750000e+02;4.5098476e-02;2.1750000e+02;5.8815427e-02;2.1750000e+02;7.4577838e-02;2.1750000e+02;9.2227474e-02;2.1750000e+02;1.0948595e-01;2.1750000e+02;1.2555811e-01;2.1750000e+02;1.3931897e-01;2.1750000e+02;1.4985590e-01;2.1750000e+02;1.6043532e-01;2.1750000e+02;1.8448688e-01;2.1750000e+02;2.1364570e-01;2.1750000e+02;2.4630994e-01;2.1750000e+02;2.5958911e-01;2.1750000e+02;2.6211119e-01;2.1750000e+02;2.5685063e-01;2.1750000e+02;2.4505632e-01;2.1750000e+02;2.4387445e-02;2.1750000e+02;3.3766024e-02;2.1750000e+02;4.5098476e-02;2.1750000e+02;5.8815427e-02;2.1750000e+02;7.4577838e-02;2.1750000e+02;9.2227474e-02;2.1750000e+02;1.0948595e-01;2.1750000e+02;1.2555811e-01;2.1750000e+02;1.3931897e-01;2.1750000e+02;1.4985590e-01;2.1750000e+02;1.6043532e-01;2.1750000e+02;1.8448688e-01;2.1750000e+02;2.1364570e-01;2.1750000e+02;2.4630994e-01;2.1750000e+02;2.5958911e-01;2.1750000e+02;2.6211119e-01;2.1750000e+02;2.5685063e-01;2.1750000e+02;2.4505632e-01;2.1750000e+02;2.4387445e-02;2.1750000e+02;3.3766024e-02;2.1750000e+02;4.5098476e-02;2.1750000e+02;5.8815427e-02;2.1750000e+02;7.4577838e-02;2.1750000e+02;9.2227474e-02;2.1750000e+02;1.0948595e-01;2.1750000e+02;1.2555811e-01;2.1750000e+02;1.3931897e-01;2.1750000e+02;1.4985590e-01;2.1750000e+02;1.6043532e-01;2.1750000e+02;1.8448688e-01;2.1750000e+02;2.1364570e-01;2.1750000e+02;2.4630994e-01;2.1750000e+02;2.5958911e-01;2.1750000e+02;2.6211119e-01;2.1750000e+02;2.5685063e-01;2.1750000e+02;2.4505632e-01;2.1750000e+02;2.4387445e-02;2.1750000e+02;3.3766024e-02;2.1750000e+02;4.5098476e-02;2.1750000e+02;5.8815427e-02;2.1750000e+02;7.4577838e-02;2.1750000e+02;9.2227474e-02;2.1750000e+02;1.0948595e-01;2.1750000e+02;1.2555811e-01;2.1750000e+02;1.3931897e-01;2.1750000e+02;1.4985590e-01;2.1750000e+02;1.6043532e-01;2.1750000e+02;1.8448688e-01;2.1750000e+02;2.1364570e-01;2.1750000e+02;2.4630994e-01;2.1750000e+02;2.5958911e-01;2.1750000e+02;2.6211119e-01;2.1750000e+02;2.5685063e-01;2.1750000e+02;2.4505632e-01;2.1750000e+02;2.4387445e-02;2.1750000e+02;3.3766024e-02;2.1750000e+02;4.5098476e-02;2.1750000e+02;5.8815427e-02;2.1750000e+02;7.4577838e-02;2.1750000e+02;9.2227474e-02;2.1750000e+02;1.0948595e-01;2.1750000e+02;1.2555811e-01;2.1750000e+02;1.3931897e-01;2.1750000e+02;1.4985590e-01;2.1750000e+02;1.6043532e-01;2.1750000e+02;1.8448688e-01;2.1750000e+02;2.1364570e-01;2.1750000e+02;2.4630994e-01;2.1750000e+02;2.5958911e-01;2.1750000e+02;2.6211119e-01;2.1750000e+02;2.5685063e-01;2.1750000e+02;2.4505632e-01;2.1750000e+02;2.4387445e-02;2.1750000e+02;3.3766024e-02;2.1750000e+02;4.5098476e-02;2.1750000e+02;5.8815427e-02;2.1750000e+02;7.4577838e-02;2.1750000e+02;9.2227474e-02;2.1750000e+02;1.0948595e-01;2.1750000e+02;1.2555811e-01;2.1750000e+02;1.3931897e-01;2.1750000e+02;1.4985590e-01;2.1750000e+02;1.6043532e-01;2.1750000e+02;1.8448688e-01;2.1750000e+02;2.1364570e-01;2.1750000e+02;2.4630994e-01;2.1750000e+02;2.5958911e-01;2.1750000e+02;2.6211119e-01;2.1750000e+02;2.5685063e-01;2.1750000e+02;2.4505632e-01;2.1750000e+02;2.4387445e-02;2.1750000e+02;3.3766024e-02;2.1750000e+02;4.5098476e-02;2.1750000e+02;5.8815427e-02;2.1750000e+02;7.4577838e-02;2.1750000e+02;9.2227474e-02;2.1750000e+02;1.0948595e-01;2.1750000e+02;1.2555811e-01;2.1750000e+02;1.3931897e-01;2.1750000e+02;1.4985590e-01;2.1750000e+02;1.6043532e-01;2.1750000e+02;1.8448688e-01;2.1750000e+02;2.1364570e-01;2.1750000e+02;2.4630994e-01;2.1750000e+02;2.5958911e-01;2.1750000e+02;2.6211119e-01;2.1750000e+02;2.5685063e-01;2.1750000e+02;2.4505632e-01;2.1750000e+02;2.4387445e-02;2.1750000e+02;3.3766024e-02;2.1750000e+02;4.5098476e-02;2.1750000e+02;5.8815427e-02;2.1750000e+02;7.4577838e-02;2.1750000e+02;9.2227474e-02;2.1750000e+02;1.0948595e-01;2.1750000e+02;1.2555811e-01;2.1750000e+02;1.3931897e-01;2.1750000e+02;1.4985590e-01;2.1750000e+02;1.6043532e-01;2.1750000e+02;1.8448688e-01;2.1750000e+02;2.1364570e-01;2.1750000e+02;2.4630994e-01;2.1750000e+02;2.5958911e-01;2.1750000e+02;2.6211119e-01;2.1750000e+02;2.5685063e-01;2.1750000e+02;2.4505632e-01;2.1750000e+02;2.4387445e-02;2.1750000e+02;3.3766024e-02;2.1750000e+02;4.5098476e-02;2.1750000e+02;5.8815427e-02;2.1750000e+02;7.4577838e-02;2.1750000e+02;9.2227474e-02;2.1750000e+02;1.0948595e-01;2.1750000e+02;1.2555811e-01;2.1750000e+02;1.3931897e-01;2.1750000e+02;1.4985590e-01;2.1750000e+02;1.6043532e-01;2.1750000e+02;1.8448688e-01;2.1750000e+02;2.1364570e-01;2.1750000e+02;2.4630994e-01;2.1750000e+02;2.5958911e-01;2.1750000e+02;2.6211119e-01;2.1750000e+02;2.5685063e-01;2.1750000e+02;2.4505632e-01;2.1750000e+02;2.4387445e-02;2.1750000e+02;3.3766024e-02;2.1750000e+02;4.5098476e-02;2.1750000e+02;5.8815427e-02;2.1750000e+02;7.4577838e-02;2.1750000e+02;9.2227474e-02;2.1750000e+02;1.0948595e-01;2.1750000e+02;1.2555811e-01;2.1750000e+02;1.3931897e-01;2.1750000e+02;1.4985590e-01;2.1750000e+02;1.6043532e-01;2.1750000e+02;1.8448688e-01;2.1750000e+02;2.1364570e-01;2.1750000e+02;2.4630994e-01;2.1750000e+02;2.5958911e-01;2.1750000e+02;2.6211119e-01;2.1750000e+02;2.5685063e-01;2.1750000e+02;2.4505632e-01
2.2250000e+02;2.0928830e-02;2.2250000e+02;2.9235100e-02;2.2250000e+02;3.9716348e-02;2.2250000e+02;5.3325169e-02;2.2250000e+02;6.8116665e-02;2.2250000e+02;8.3684146e-02;2.2250000e+02;9.9645704e-02;2.2250000e+02;1.1552338e-01;2.2250000e+02;1.2964831e-01;2.2250000e+02;1.3979524e-01;2.2250000e+02;1.4961906e-01;2.2250000e+02;1.7263015e-01;2.2250000e+02;2.0369381e-01;2.2250000e+02;2.3918630e-01;2.2250000e+02;2.5377828e-01;2.2250000e+02;2.5727618e-01;2.2250000e+02;2.5287545e-01;2.2250000e+02;2.4152875e-01;2.2250000e+02;2.0928830e-02;2.2250000e+02;2.9235100e-02;2.2250000e+02;3.9716348e-02;2.2250000e+02;5.3325169e-02;2.2250000e+02;6.8116665e-02;2.2250000e+02;8.3684146e-02;2.2250000e+02;9.9645704e-02;2.2250000e+02;1.1552338e-01;2.2250000e+02;1.2964831e-01;2.2250000e+02;1.3979524e-01;2.2250000e+02;1.4961906e-01;2.2250000e+02;1.7263015e-01;2.2250000e+02;2.0369381e-01;2.2250000e+02;2.3918630e-01;2.2250000e+02;2.5377828e-01;2.2250000e+02;2.5727618e-01;2.2250000e+02;2.5287545e-01;2.2250000e+02;2.4152875e-01;2.2250000e+02;2.0928830e-02;2.2250000e+02;2.9235100e-02;2.2250000e+02;3.9716348e-02;2.2250000e+02;5.3325169e-02;2.2250000e+02;6.8116665e-02;2.2250000e+02;8.3684146e-02;2.2250000e+02;9.9645704e-02;2.2250000e+02;1.1552338e-01;2.2250000e+02;1.2964831e-01;2.2250000e+02;1.3979524e-01;2.2250000e+02;1.4961906e-01;2.2250000e+02;1.7263015e-01;2.2250000e+02;2.0369381e-01;2.2250000e+02;2.3918630e-01;2.2250000e+02;2.5377828e-01;2.2250000e+02;2.5727618e-01;2.2250000e+02;2.5287545e-01;2.2250000e+02;2.4152875e-01;2.2250000e+02;2.0928830e-02;2.2250000e+02;2.9235100e-02;2.2250000e+02;3.9716348e-02;2.2250000e+02;5.3325169e-02;2.2250000e+02;6.8116665e-02;2.2250000e+02;8.3684146e-02;2.2250000e+02;9.9645704e-02;2.2250000e+02;1.1552338e-01;2.2250000e+02;1.2964831e-01;2.2250000e+02;1.3979524e-01;2.2250000e+02;1.4961906e-01;2.2250000e+02;1.7263015e-01;2.2250000e+02;2.0369381e-01;2.2250000e+02;2.3918630e-01;2.2250000e+02;2.5377828e-01;2.2250000e+02;2.5727618e-01;2.2250000e+02;2.5287545e-01;2.2250000e+02;2.4152875e-01;2.2250000e+02;2.0928830e-02;2.2250000e+02;2.9235100e-02;2.2250000e+02;3.9716348e-02;2.2250000e+02;5.3325169e-02;2.2250000e+02;6.8116665e-02;2.2250000e+02;8.3684146e-02;2.2250000e+02;9.9645704e-02;2.2250000e+02;1.1552338e-01;2.2250000e+02;1.2964831e-01;2.2250000e+02;1.3979524e-01;2.2250000e+02;1.4961906e-01;2.2250000e+02;1.7263015e-01;2.2250000e+02;2.0369381e-01;2.2250000e+02;2.3918630e-01;2.2250000e+02;2.5377828e-01;2.2250000e+02;2.5727618e-01;2.2250000e+02;2.5287545e-01;2.2250000e+02;2.4152875e-01;2.2250000e+02;2.0928830e-02;2.2250000e+02;2.9235100e-02;2.2250000e+02;3.9716348e-02;2.2250000e+02;5.3325169e-02;2.2250000e+02;6.8116665e-02;2.2250000e+02;8.3684146e-02;2.2250000e+02;9.9645704e-02;2.2250000e+02;1.1552338e-01;2.2250000e+02;1.2964831e-01;2.2250000e+02;1.3979524e-01;2.2250000e+02;1.4961906e-01;2.2250000e+02;1.7263015e-01;2.2250000e+02;2.0369381e-01;2.2250000e+02;2.3918630e-01;2.2250000e+02;2.5377828e-01;2.2250000e+02;2.5727618e-01;2.2250000e+02;2.5287545e-01;2.2250000e+02;2.4152875e-01;2.2250000e+02;2.0928830e-02;2.2250000e+02;2.9235100e-02;2.2250000e+02;3.9716348e-02;2.2250000e+02;5.3325169e-02;2.2250000e+02;6.8116665e-02;2.2250000e+02;8.3684146e-02;2.2250000e+02;9.9645704e-02;2.2250000e+02;1.1552338e-01;2.2250000e+02;1.2964831e-01;2.2250000e+02;1.3979524e-01;2.2250000e+02;1.4961906e-01;2.2250000e+02;1.7263015e-01;2.2250000e+02;2.0369381e-01;2.2250000e+02;2.3918630e-01;2.2250000e+02;2.5377828e-01;2.2250000e+02;2.5727618e-01;2.2250000e+02;2.5287545e-01;2.2250000e+02;2.4152875e-01;2.2250000e+02;2.0928830e-02;2.2250000e+02;2.9235100e-02;2.2250000e+02;3.9716348e-02;2.2250000e+02;5.3325169e-02;2.2250000e+02;6.8116665e-02;2.2250000e+02;8.3684146e-02;2.2250000e+02;9.9645704e-02;2.2250000e+02;1.1552338e-01;2.2250000e+02;1.2964831e-01;2.2250000e+02;1.3979524e-01;2.2250000e+02;1.4961906e-01;2.2250000e+02;1.7263015e-01;2.2250000e+02;2.0369381e-01;2.2250000e+02;2.3918630e-01;2.2250000e+02;2.5377828e-01;2.2250000e+02;2.5727618e-01;2.2250000e+02;2.5287545e-01;2.2250000e+02;2.4152875e-01;2.2250000e+02;2.0928830e-02;2.2250000e+02;2.9235100e-02;2.2250000e+02;3.9716348e-02;2.2250000e+02;5.3325169e-02;2.2250000e+02;6.8116665e-02;2.2250000e+02;8.3684146e-02;2.2250000e+02;9.9645704e-02;2.2250000e+02;1.1552338e-01;2.2250000e+02;1.2964831e-01;2.2250000e+02;1.3979524e-01;2.2250000e+02;1.4961906e-01;2.2250000e+02;1.7263015e-01;2.2250000e+02;2.0369381e-01;2.2250000e+02;2.3918630e-01;2.2250000e+02;2.5377828e-01;2.2250000e+02;2.5727618e-01;2.2250000e+02;2.5287545e-01;2.2250000e+02;2.4152875e-01;2.2250000e+02;2.0928830e-02;2.2250000e+02;2.9235100e-02;2.2250000e+02;3.9716348e-02;2.2250000e+02;5.3325169e-02;2.2250000e+02;6.8116665e-02;2.2250000e+02;8.3684146e-02;2.2250000e+02;9.9645704e-02;2.2250000e+02;1.1552338e-01;2.2250000e+02;1.2964831e-01;2.2250000e+02;1.3979524e-01;2.2250000e+02;1.4961906e-01;2.2250000e+02;1.7263015e-01;2.2250000e+02;2.0369381e-01;2.2250000e+02;2.3918630e-01;2.2250000e+02;2.5377828e-01;2.2250000e+02;2.5727618e-01;2.2250000e+02;2.5287545e-01;2.2250000e+02;2.4152875e-01;2.2250000e+02;2.0928830e-02;2.2250000e+02;2.9235100e-02;2.2250000e+02;3.9716348e-02;2.2250000e+02;5.3325169e-02;2.2250000e+02;6.8116665e-02;2.2250000e+02;8.3684146e-02;2.2250000e+02;9.9645704e-02;2.2250000e+02;1.1552338e-01;2.2250000e+02;1.2964831e-01;2.2250000e+02;1.3979524e-01;2.2250000e+02;1.4961906e-01;2.2250000e+02;1.7263015e-01;2.2250000e+02;2.0369381e-01;2.2250000e+02;2.3918630e-01;2.2250000e+02;2.5377828e-01;2.2250000e+02;2.5727618e-01;2.2250000e+02;2.5287545e-01;2.2250000e+02;2.4152875e-01;2.2250000e+02;2.0928830e-02;2.2250000e+02;2.9235100e-02;2.2250000e+02;3.9716348e-02;2.2250000e+02;5.3325169e-02;2.2250000e+02;6.8116665e-02;2.2250000e+02;8.3684146e-02;2.2250000e+02;9.9645704e-02;2.2250000e+02;1.1552338e-01;2.2250000e+02;1.2964831e-01;2.2250000e+02;1.3979524e-01;2.2250000e+02;1.4961906e-01;2.2250000e+02;1.7263015e-01;2.2250000e+02;2.0369381e-01;2.2250000e+02;2.3918630e-01;2.2250000e+02;2.5377828e-01;2.2250000e+02;2.5727618e-01;2.2250000e+02;2.5287545e-01;2.2250000e+02;2.4152875e-01;2.2250000e+02;2.0928830e-02;2.2250000e+02;2.9235100e-02;2.2250000e+02;3.9716348e-02;2.2250000e+02;5.3325169e-02;2.2250000e+02;6.8116665e-02;2.2250000e+02;8.3684146e-02;2.2250000e+02;9.9645704e-02;2.2250000e+02;1.1552338e-01;2.2250000e+02;1.2964831e-01;2.2250000e+02;1.3979524e-01;2.2250000e+02;1.4961906e-01;2.2250000e+02;1.7263015e-01;2.2250000e+02;2.0369381e-01;2.2250000e+02;2.3918630e-01;2.2250000e+02;2.5377828e-01;2.2250000e+02;2.5727618e-01;2.2250000e+02;2.5287545e-01;2.2250000e+02;2.4152875e-01;2.2250000e+02;2.0928830e-02;2.2250000e+02;2.9235100e-02;2.2250000e+02;3.9716348e-02;2.2250000e+02;5.3325169e-02;2.2250000e+02;6.8116665e-02;2.2250000e+02;8.3684146e-02;2.2250000e+02;9.9645704e-02;2.2250000e+02;1.1552338e-01;2.2250000e+02;1.2964831e-01;2.2250000e+02;1.3979524e-01;2.2250000e+02;1.4961906e-01;2.2250000e+02;1.7263015e-01;2.2250000e+02;2.0369381e-01;2.2250000e+02;2.3918630e-01;2.2250000e+02;2.5377828e-01;2.2250000e+02;2.5727618e-01;2.2250000e+02;2.5287545e-01;2.2250000e+02;2.4152875e-01;2.2250000e+02;2.0928830e-02;2.2250000e+02;2.9235100e-02;2.2250000e+02;3.9716348e-02;2.2250000e+02;5.3325169e-02;2.2250000e+02;6.8116665e-02;2.2250000e+02;8.3684146e-02;2.2250000e+02;9.9645704e-02;2.2250000e+02;1.1552338e-01;2.2250000e+02;1.2964831e-01;2.2250000e+02;1.3979524e-01;2.2250000e+02;1.4961906e-01;2.2250000e+02;1.7263015e-01;2.2250000e+02;2.0369381e-01;2.2250000e+02;2.3918630e-01;2.2250000e+02;2.5377828e-01;2.2250000e+02;2.5727618e-01;2.2250000e+02;2.5287545e-01;2.2250000e+02;2.4152875e-01;2.2250000e+02;2.0928830e-02;2.2250000e+02;2.9235100e-02;2.2250000e+02;3.9716348e-02;2.2250000e+02;5.3325169e-02;2.2250000e+02;6.8116665e-02;2.2250000e+02;8.3684146e-02;2.2250000e+02;9.9645704e-02;2.2250000e+02;1.1552338e-01;2.2250000e+02;1.2964831e-01;2.2250000e+02;1.3979524e-01;2.2250000e+02;1.4961906e-01;2.2250000e+02;1.7263015e-01;2.2250000e+02;2.0369381e-01;2.2250000e+02;2.3918630e-01;2.2250000e+02;2.5377828e-01;2.2250000e+02;2.5727618e-01;2.2250000e+02;2.5287545e-01;2.2250000e+02;2.4152875e-01;2.2250000e+02;2.0928830e-02;2.2250000e+02;2.9235100e-02;2.2250000e+02;3.9716348e-02;2.2250000e+02;5.3325169e-02;2.2250000e+02;6.8116665e-02;2.2250000e+02;8.3684146e-02;2.2250000e+02;9.9645704e-02;2.2250000e+02;1.1552338e-01;2.2250000e+02;1.2964831e-01;2.2250000e+02;1.3979524e-01;2.2250000e+02;1.4961906e-01;2.2250000e+02;1.7263015e-01;2.2250000e+02;2.0369381e-01;2.2250000e+02;2.3918630e-01;2.2250000e+02;2.5377828e-01;2.2250000e+02;2.5727618e-01;2.2250000e+02;2.5287545e-01;2.2250000e+02;2.4152875e-01;2.2250000e+02;2.0928830e-02;2.2250000e+02;2.9235100e-02;2.2250000e+02;3.9716348e-02;2.2250000e+02;5.3325169e-02;2.2250000e+02;6.8116665e-02;2.2250000e+02;8.3684146e-02;2.2250000e+02;9.9645704e-02;2.2250000e+02;1.1552338e-01;2.2250000e+02;1.2964831e-01;2.2250000e+02;1.3979524e-01;2.2250000e+02;1.4961906e-01;2.2250000e+02;1.7263015e-01;2.2250000e+02;2.0369381e-01;2.2250000e+02;2.3918630e-01;2.2250000e+02;2.5377828e-01;2.2250000e+02;2.5727618e-01;2.2250000e+02;2.5287545e-01;2.2250000e+02;2.4152875e-01;2.2250000e+02;2.0928830e-02;2.2250000e+02;2.9235100e-02;2.2250000e+02;3.9716348e-02;2.2250000e+02;5.3325169e-02;2.2250000e+02;6.8116665e-02;2.2250000e+02;8.3684146e-02;2.2250000e+02;9.9645704e-02;2.2250000e+02;1.1552338e-01;2.2250000e+02;1.2964831e-01;2.2250000e+02;1.3979524e-01;2.2250000e+02;1.4961906e-01;2.2250000e+02;1.7263015e-01;2.2250000e+02;2.0369381e-01;2.2250000e+02;2.3918630e-01;2.2250000e+02;2.5377828e-01;2.2250000e+02;2.5727618e-01;2.2250000e+02;2.5287545e-01;2.2250000e+02;2.4152875e-01;2.2250000e+02;2.0928830e-02;2.2250000e+02;2.9235100e-02;2.2250000e+02;3.9716348e-02;2.2250000e+02;5.3325169e-02;2.2250000e+02;6.8116665e-02;2.2250000e+02;8.3684146e-02;2.2250000e+02;9.9645704e-02;2.2250000e+02;1.1552338e-01;2.2250000e+02;1.2964831e-01;2.2250000e+02;1.3979524e-01;2.2250000e+02;1.4961906e-01;2.2250000e+02;1.7263015e-01;2.2250000e+02;2.0369381e-01;2.2250000e+02;2.3918630e-01;2.2250000e+02;2.5377828e-01;2.2250000e+02;2.5727618e-01;2.2250000e+02;2.5287545e-01;2.2250000e+02;2.4152875e-01;2.2250000e+02;2.0928830e-02;2.2250000e+02;2.9235100e-02;2.2250000e+02;3.9716348e-02;2.2250000e+02;5.3325169e-02;2.2250000e+02;6.8116665e-02;2.2250000e+02;8.3684146e-02;2.2250000e+02;9.9645704e-02;2.2250000e+02;1.1552338e-01;2.2250000e+02;1.2964831e-01;2.2250000e+02;1.3979524e-01;2.2250000e+02;1.4961906e-01;2.2250000e+02;1.7263015e-01;2.2250000e+02;2.0369381e-01;2.2250000e+02;2.3918630e-01;2.2250000e+02;2.5377828e-01;2.2250000e+02;2.5727618e-01;2.2250000e+02;2.5287545e-01;2.2250000e+02;2.4152875e-01;2.2250000e+02;2.0928830e-02;2.2250000e+02;2.9235100e-02;2.2250000e+02;3.9716348e-02;2.2250000e+02;5.3325169e-02;2.2250000e+02;6.8116665e-02;2.2250000e+02;8.3684146e-02;2.2250000e+02;9.9645704e-02;2.2250000e+02;1.1552338e-01;2.2250000e+02;1.2964831e-01;2.2250000e+02;1.3979524e-01;2.2250000e+02;1.4961906e-01;2.2250000e+02;1.7263015e-01;2.2250000e+02;2.0369381e-01;2.2250000e+02;2.3918630e-01;2.2250000e+02;2.5377828e-01;2.2250000e+02;2.5727618e-01;2.2250000e+02;2.5287545e-01;2.2250000e+02;2.4152875e-01;2.2250000e+02;2.0928830e-02;2.2250000e+02;2.9235100e-02;2.2250000e+02;3.9716348e-02;2.2250000e+02;5.3325169e-02;2.2250000e+02;6.8116665e-02;2.2250000e+02;8.3684146e-02;2.2250000e+02;9.9645704e-02;2.2250000e+02;1.1552338e-01;2.2250000e+02;1.2964831e-01;2.2250000e+02;1.3979524e-01;2.2250000e+02;1.4961906e-01;2.2250000e+02;1.7263015e-01;2.2250000e+02;2.0369381e-01;2.2250000e+02;2.3918630e-01;2.2250000e+02;2.5377828e-01;2.2250000e+02;2.5727618e-01;2.2250000e+02;2.5287545e-01;2.2250000e+02;2.4152875e-01;2.2250000e+02;2.0928830e-02;2.2250000e+02;2.9235100e-02;2.2250000e+02;3.9716348e-02;2.2250000e+02;5.3325169e-02;2.2250000e+02;6.8116665e-02;2.2250000e+02;8.3684146e-02;2.2250000e+02;9.9645704e-02;2.2250000e+02;1.1552338e-01;2.2250000e+02;1.2964831e-01;2.2250000e+02;1.3979524e-01;2.2250000e+02;1.4961906e-01;2.2250000e+02;1.7263015e-01;2.2250000e+02;2.0369381e-01;2.2250000e+02;2.3918630e-01;2.2250000e+02;2.5377828e-01;2.2250000e+02;2.5727618e-01;2.2250000e+02;2.5287545e-01;2.2250000e+02;2.4152875e-01;2.2250000e+02;2.0928830e-02;2.2250000e+02;2.9235100e-02;2.2250000e+02;3.9716348e-02;2.2250000e+02;5.3325169e-02;2.2250000e+02;6.8116665e-02;2.2250000e+02;8.3684146e-02;2.2250000e+02;9.9645704e-02;2.2250000e+02;1.1552338e-01;2.2250000e+02;1.2964831e-01;2.2250000e+02;1.3979524e-01;2.2250000e+02;1.4961906e-01;2.2250000e+02;1.7263015e-01;2.2250000e+02;2.0369381e-01;2.2250000e+02;2.3918630e-01;2.2250000e+02;2.5377828e-01;2.2250000e+02;2.5727618e-01;2.2250000e+02;2.5287545e-01;2.2250000e+02;2.4152875e-01;2.2250000e+02;2.0928830e-02;2.2250000e+02;2.9235100e-02;2.2250000e+02;3.9716348e-02;2.2250000e+02;5.3325169e-02;2.2250000e+02;6.8116665e-02;2.2250000e+02;8.3684146e-02;2.2250000e+02;9.9645704e-02;2.2250000e+02;1.1552338e-01;2.2250000e+02;1.2964831e-01;2.2250000e+02;1.3979524e-01;2.2250000e+02;1.4961906e-01;2.2250000e+02;1.7263015e-01;2.2250000e+02;2.0369381e-01;2.2250000e+02;2.3918630e-01;2.2250000e+02;2.5377828e-01;2.2250000e+02;2.5727618e-01;2.2250000e+02;2.5287545e-01;2.2250000e+02;2.4152875e-01;2.2250000e+02;2.0928830e-02;2.2250000e+02;2.9235100e-02;2.2250000e+02;3.9716348e-02;2.2250000e+02;5.3325169e-02;2.2250000e+02;6.8116665e-02;2.2250000e+02;8.3684146e-02;2.2250000e+02;9.9645704e-02;2.2250000e+02;1.1552338e-01;2.2250000e+02;1.2964831e-01;2.2250000e+02;1.3979524e-01;2.2250000e+02;1.4961906e-01;2.2250000e+02;1.7263015e-01;2.2250000e+02;2.0369381e-01;2.2250000e+02;2.3918630e-01;2.2250000e+02;2.5377828e-01;2.2250000e+02;2.5727618e-01;2.2250000e+02;2.5287545e-01;2.2250000e+02;2.4152875e-01;2.2250000e+02;2.0928830e-02;2.2250000e+02;2.9235100e-02;2.2250000e+02;3.9716348e-02;2.2250000e+02;5.3325169e-02;2.2250000e+02;6.8116665e-02;2.2250000e+02;8.3684146e-02;2.2250000e+02;9.9645704e-02;2.2250000e+02;1.1552338e-01;2.2250000e+02;1.2964831e-01;2.2250000e+02;1.3979524e-01;2.2250000e+02;1.4961906e-01;2.2250000e+02;1.7263015e-01;2.2250000e+02;2.0369381e-01;2.2250000e+02;2.3918630e-01;2.2250000e+02;2.5377828e-01;2.2250000e+02;2.5727618e-01;2.2250000e+02;2.5287545e-01;2.2250000e+02;2.4152875e-01;2.2250000e+02;2.0928830e-02;2.2250000e+02;2.9235100e-02;2.2250000e+02;3.9716348e-02;2.2250000e+02;5.3325169e-02;2.2250000e+02;6.8116665e-02;2.2250000e+02;8.3684146e-02;2.2250000e+02;9.9645704e-02;2.2250000e+02;1.1552338e-01;2.2250000e+02;1.2964831e-01;2.2250000e+02;1.3979524e-01;2.2250000e+02;1.4961906e-01;2.2250000e+02;1.7263015e-01;2.2250000e+02;2.0369381e-01;2.2250000e+02;2.3918630e-01;2.2250000e+02;2.5377828e-01;2.2250000e+02;2.5727618e-01;2.2250000e+02;2.5287545e-01;2.2250000e+02;2.4152875e-01;2.2250000e+02;2.0928830e-02;2.2250000e+02;2.9235100e-02;2.2250000e+02;3.9716348e-02;2.2250000e+02;5.3325169e-02;2.2250000e+02;6.8116665e-02;2.2250000e+02;8.3684146e-02;2.2250000e+02;9.9645704e-02;2.2250000e+02;1.1552338e-01;2.2250000e+02;1.2964831e-01;2.2250000e+02;1.3979524e-01;2.2250000e+02;1.4961906e-01;2.2250000e+02;1.7263015e-01;2.2250000e+02;2.0369381e-01;2.2250000e+02;2.3918630e-01;2.2250000e+02;2.5377828e-01;2.2250000e+02;2.5727618e-01;2.2250000e+02;2.5287545e-01;2.2250000e+02;2.4152875e-01;2.2250000e+02;2.0928830e-02;2.2250000e+02;2.9235100e-02;2.2250000e+02;3.9716348e-02;2.2250000e+02;5.3325169e-02;2.2250000e+02;6.8116665e-02;2.2250000e+02;8.3684146e-02;2.2250000e+02;9.9645704e-02;2.2250000e+02;1.1552338e-01;2.2250000e+02;1.2964831e-01;2.2250000e+02;1.3979524e-01;2.2250000e+02;1.4961906e-01;2.2250000e+02;1.7263015e-01;2.2250000e+02;2.0369381e-01;2.2250000e+02;2.3918630e-01;2.2250000e+02;2.5377828e-01;2.2250000e+02;2.5727618e-01;2.2250000e+02;2.5287545e-01;2.2250000e+02;2.4152875e-01;2.2250000e+02;2.0928830e-02;2.2250000e+02;2.9235100e-02;2.2250000e+02;3.9716348e-02;2.2250000e+02;5.3325169e-02;2.2250000e+02;6.8116665e-02;2.2250000e+02;8.3684146e-02;2.2250000e+02;9.9645704e-02;2.2250000e+02;1.1552338e-01;2.2250000e+02;1.2964831e-01;2.2250000e+02;1.3979524e-01;2.2250000e+02;1.4961906e-01;2.2250000e+02;1.7263015e-01;2.2250000e+02;2.0369381e-01;2.2250000e+02;2.3918630e-01;2.2250000e+02;2.5377828e-01;2.2250000e+02;2.5727618e-01;2.2250000e+02;2.5287545e-01;2.2250000e+02;2.4152875e-01;2.2250000e+02;2.0928830e-02;2.2250000e+02;2.9235100e-02;2.2250000e+02;3.9716348e-02;2.2250000e+02;5.3325169e-02;2.2250000e+02;6.8116665e-02;2.2250000e+02;8.3684146e-02;2.2250000e+02;9.9645704e-02;2.2250000e+02;1.1552338e-01;2.2250000e+02;1.2964831e-01;2.2250000e+02;1.3979524e-01;2.2250000e+02;1.4961906e-01;2.2250000e+02;1.7263015e-01;2.2250000e+02;2.0369381e-01;2.2250000e+02;2.3918630e-01;2.2250000e+02;2.5377828e-01;2.2250000e+02;2.5727618e-01;2.2250000e+02;2.5287545e-01;2.2250000e+02;2.4152875e-01;2.2250000e+02;2.0928830e-02;2.2250000e+02;2.9235100e-02;2.2250000e+02;3.9716348e-02;2.2250000e+02;5.3325169e-02;2.2250000e+02;6.8116665e-02;2.2250000e+02;8.3684146e-02;2.2250000e+02;9.9645704e-02;2.2250000e+02;1.1552338e-01;2.2250000e+02;1.2964831e-01;2.2250000e+02;1.3979524e-01;2.2250000e+02;1.4961906e-01;2.2250000e+02;1.7263015e-01;2.2250000e+02;2.0369381e-01;2.2250000e+02;2.3918630e-01;2.2250000e+02;2.5377828e-01;2.2250000e+02;2.5727618e-01;2.2250000e+02;2.5287545e-01;2.2250000e+02;2.4152875e-01;2.2250000e+02;2.0928830e-02;2.2250000e+02;2.9235100e-02;2.2250000e+02;3.9716348e-02;2.2250000e+02;5.3325169e-02;2.2250000e+02;6.8116665e-02;2.2250000e+02;8.3684146e-02;2.2250000e+02;9.9645704e-02;2.2250000e+02;1.1552338e-01;2.2250000e+02;1.2964831e-01;2.2250000e+02;1.3979524e-01;2.2250000e+02;1.4961906e-01;2.2250000e+02;1.7263015e-01;2.2250000e+02;2.0369381e-01;2.2250000e+02;2.3918630e-01;2.2250000e+02;2.5377828e-01;2.2250000e+02;2.5727618e-01;2.2250000e+02;2.5287545e-01;2.2250000e+02;2.4152875e-01;2.2250000e+02;2.0928830e-02;2.2250000e+02;2.9235100e-02;2.2250000e+02;3.9716348e-02;2.2250000e+02;5.3325169e-02;2.2250000e+02;6.8116665e-02;2.2250000e+02;8.3684146e-02;2.2250000e+02;9.9645704e-02;2.2250000e+02;1.1552338e-01;2.2250000e+02;1.2964831e-01;2.2250000e+02;1.3979524e-01;2.2250000e+02;1.4961906e-01;2.2250000e+02;1.7263015e-01;2.2250000e+02;2.0369381e-01;2.2250000e+02;2.3918630e-01;2.2250000e+02;2.5377828e-01;2.2250000e+02;2.5727618e-01;2.2250000e+02;2.5287545e-01;2.2250000e+02;2.4152875e-01;2.2250000e+02;2.0928830e-02;2.2250000e+02;2.9235100e-02;2.2250000e+02;3.9716348e-02;2.2250000e+02;5.3325169e-02;2.2250000e+02;6.8116665e-02;2.2250000e+02;8.3684146e-02;2.2250000e+02;9.9645704e-02;2.2250000e+02;1.1552338e-01;2.2250000e+02;1.2964831e-01;2.2250000e+02;1.3979524e-01;2.2250000e+02;1.4961906e-01;2.2250000e+02;1.7263015e-01;2.2250000e+02;2.0369381e-01;2.2250000e+02;2.3918630e-01;2.2250000e+02;2.5377828e-01;2.2250000e+02;2.5727618e-01;2.2250000e+02;2.5287545e-01;2.2250000e+02;2.4152875e-01;2.2250000e+02;2.0928830e-02;2.2250000e+02;2.9235100e-02;2.2250000e+02;3.9716348e-02;2.2250000e+02;5.3325169e-02;2.2250000e+02;6.8116665e-02;2.2250000e+02;8.3684146e-02;2.2250000e+02;9.9645704e-02;2.2250000e+02;1.1552338e-01;2.2250000e+02;1.2964831e-01;2.2250000e+02;1.3979524e-01;2.2250000e+02;1.4961906e-01;2.2250000e+02;1.7263015e-01;2.2250000e+02;2.0369381e-01;2.2250000e+02;2.3918630e-01;2.2250000e+02;2.5377828e-01;2.2250000e+02;2.5727618e-01;2.2250000e+02;2.5287545e-01;2.2250000e+02;2.4152875e-01;2.2250000e+02;2.0928830e-02;2.2250000e+02;2.9235100e-02;2.2250000e+02;3.9716348e-02;2.2250000e+02;5.3325169e-02;2.2250000e+02;6.8116665e-02;2.2250000e+02;8.3684146e-02;2.2250000e+02;9.9645704e-02;2.2250000e+02;1.1552338e-01;2.2250000e+02;1.2964831e-01;2.2250000e+02;1.3979524e-01;2.2250000e+02;1.4961906e-01;2.2250000e+02;1.7263015e-01;2.2250000e+02;2.0369381e-01;2.2250000e+02;2.3918630e-01;2.2250000e+02;2.5377828e-01;2.2250000e+02;2.5727618e-01;2.2250000e+02;2.5287545e-01;2.2250000e+02;2.4152875e-01;2.2250000e+02;2.0928830e-02;2.2250000e+02;2.9235100e-02;2.2250000e+02;3.9716348e-02;2.2250000e+02;5.3325169e-02;2.2250000e+02;6.8116665e-02;2.2250000e+02;8.3684146e-02;2.2250000e+02;9.9645704e-02;2.2250000e+02;1.1552338e-01;2.2250000e+02;1.2964831e-01;2.2250000e+02;1.3979524e-01;2.2250000e+02;1.4961906e-01;2.2250000e+02;1.7263015e-01;2.2250000e+02;2.0369381e-01;2.2250000e+02;2.3918630e-01;2.2250000e+02;2.5377828e-01;2.2250000e+02;2.5727618e-01;2.2250000e+02;2.5287545e-01;2.2250000e+02;2.4152875e-01;2.2250000e+02;2.0928830e-02;2.2250000e+02;2.9235100e-02;2.2250000e+02;3.9716348e-02;2.2250000e+02;5.3325169e-02;2.2250000e+02;6.8116665e-02;2.2250000e+02;8.3684146e-02;2.2250000e+02;9.9645704e-02;2.2250000e+02;1.1552338e-01;2.2250000e+02;1.2964831e-01;2.2250000e+02;1.3979524e-01;2.2250000e+02;1.4961906e-01;2.2250000e+02;1.7263015e-01;2.2250000e+02;2.0369381e-01;2.2250000e+02;2.3918630e-01;2.2250000e+02;2.5377828e-01;2.2250000e+02;2.5727618e-01;2.2250000e+02;2.5287545e-01;2.2250000e+02;2.4152875e-01;2.2250000e+02;2.0928830e-02;2.2250000e+02;2.9235100e-02;2.2250000e+02;3.9716348e-02;2.2250000e+02;5.3325169e-02;2.2250000e+02;6.8116665e-02;2.2250000e+02;8.3684146e-02;2.2250000e+02;9.9645704e-02;2.2250000e+02;1.1552338e-01;2.2250000e+02;1.2964831e-01;2.2250000e+02;1.3979524e-01;2.2250000e+02;1.4961906e-01;2.2250000e+02;1.7263015e-01;2.2250000e+02;2.0369381e-01;2.2250000e+02;2.3918630e-01;2.2250000e+02;2.5377828e-01;2.2250000e+02;2.5727618e-01;2.2250000e+02;2.5287545e-01;2.2250000e+02;2.4152875e-01;2.2250000e+02;2.0928830e-02;2.2250000e+02;2.9235100e-02;2.2250000e+02;3.9716348e-02;2.2250000e+02;5.3325169e-02;2.2250000e+02;6.8116665e-02;2.2250000e+02;8.3684146e-02;2.2250000e+02;9.9645704e-02;2.2250000e+02;1.1552338e-01;2.2250000e+02;1.2964831e-01;2.2250000e+02;1.3979524e-01;2.2250000e+02;1.4961906e-01;2.2250000e+02;1.7263015e-01;2.2250000e+02;2.0369381e-01;2.2250000e+02;2.3918630e-01;2.2250000e+02;2.5377828e-01;2.2250000e+02;2.5727618e-01;2.2250000e+02;2.5287545e-01;2.2250000e+02;2.4152875e-01;2.2250000e+02;2.0928830e-02;2.2250000e+02;2.9235100e-02;2.2250000e+02;3.9716348e-02;2.2250000e+02;5.3325169e-02;2.2250000e+02;6.8116665e-02;2.2250000e+02;8.3684146e-02;2.2250000e+02;9.9645704e-02;2.2250000e+02;1.1552338e-01;2.2250000e+02;1.2964831e-01;2.2250000e+02;1.3979524e-01;2.2250000e+02;1.4961906e-01;2.2250000e+02;1.7263015e-01;2.2250000e+02;2.0369381e-01;2.2250000e+02;2.3918630e-01;2.2250000e+02;2.5377828e-01;2.2250000e+02;2.5727618e-01;2.2250000e+02;2.5287545e-01;2.2250000e+02;2.4152875e-01;2.2250000e+02;2.0928830e-02;2.2250000e+02;2.9235100e-02;2.2250000e+02;3.9716348e-02;2.2250000e+02;5.3325169e-02;2.2250000e+02;6.8116665e-02;2.2250000e+02;8.3684146e-02;2.2250000e+02;9.9645704e-02;2.2250000e+02;1.1552338e-01;2.2250000e+02;1.2964831e-01;2.2250000e+02;1.3979524e-01;2.2250000e+02;1.4961906e-01;2.2250000e+02;1.7263015e-01;2.2250000e+02;2.0369381e-01;2.2250000e+02;2.3918630e-01;2.2250000e+02;2.5377828e-01;2.2250000e+02;2.5727618e-01;2.2250000e+02;2.5287545e-01;2.2250000e+02;2.4152875e-01;2.2250000e+02;2.0928830e-02;2.2250000e+02;2.9235100e-02;2.2250000e+02;3.9716348e-02;2.2250000e+02;5.3325169e-02;2.2250000e+02;6.8116665e-02;2.2250000e+02;8.3684146e-02;2.2250000e+02;9.9645704e-02;2.2250000e+02;1.1552338e-01;2.2250000e+02;1.2964831e-01;2.2250000e+02;1.3979524e-01;2.2250000e+02;1.4961906e-01;2.2250000e+02;1.7263015e-01;2.2250000e+02;2.0369381e-01;2.2250000e+02;2.3918630e-01;2.2250000e+02;2.5377828e-01;2.2250000e+02;2.5727618e-01;2.2250000e+02;2.5287545e-01;2.2250000e+02;2.4152875e-01;2.2250000e+02;2.0928830e-02;2.2250000e+02;2.9235100e-02;2.2250000e+02;3.9716348e-02;2.2250000e+02;5.3325169e-02;2.2250000e+02;6.8116665e-02;2.2250000e+02;8.3684146e-02;2.2250000e+02;9.9645704e-02;2.2250000e+02;1.1552338e-01;2.2250000e+02;1.2964831e-01;2.2250000e+02;1.3979524e-01;2.2250000e+02;1.4961906e-01;2.2250000e+02;1.7263015e-01;2.2250000e+02;2.0369381e-01;2.2250000e+02;2.3918630e-01;2.2250000e+02;2.5377828e-01;2.2250000e+02;2.5727618e-01;2.2250000e+02;2.5287545e-01;2.2250000e+02;2.4152875e-01;2.2250000e+02;2.0928830e-02;2.2250000e+02;2.9235100e-02;2.2250000e+02;3.9716348e-02;2.2250000e+02;5.3325169e-02;2.2250000e+02;6.8116665e-02;2.2250000e+02;8.3684146e-02;2.2250000e+02;9.9645704e-02;2.2250000e+02;1.1552338e-01;2.2250000e+02;1.2964831e-01;2.2250000e+02;1.3979524e-01;2.2250000e+02;1.4961906e-01;2.2250000e+02;1.7263015e-01;2.2250000e+02;2.0369381e-01;2.2250000e+02;2.3918630e-01;2.2250000e+02;2.5377828e-01;2.2250000e+02;2.5727618e-01;2.2250000e+02;2.5287545e-01;2.2250000e+02;2.4152875e-01;2.2250000e+02;2.0928830e-02;2.2250000e+02;2.9235100e-02;2.2250000e+02;3.9716348e-02;2.2250000e+02;5.3325169e-02;2.2250000e+02;6.8116665e-02;2.2250000e+02;8.3684146e-02;2.2250000e+02;9.9645704e-02;2.2250000e+02;1.1552338e-01;2.2250000e+02;1.2964831e-01;2.2250000e+02;1.3979524e-01;2.2250000e+02;1.4961906e-01;2.2250000e+02;1.7263015e-01;2.2250000e+02;2.0369381e-01;2.2250000e+02;2.3918630e-01;2.2250000e+02;2.5377828e-01;2.2250000e+02;2.5727618e-01;2.2250000e+02;2.5287545e-01;2.2250000e+02;2.4152875e-01;2.2250000e+02;2.0928830e-02;2.2250000e+02;2.9235100e-02;2.2250000e+02;3.9716348e-02;2.2250000e+02;5.3325169e-02;2.2250000e+02;6.8116665e-02;2.2250000e+02;8.3684146e-02;2.2250000e+02;9.9645704e-02;2.2250000e+02;1.1552338e-01;2.2250000e+02;1.2964831e-01;2.2250000e+02;1.3979524e-01;2.2250000e+02;1.4961906e-01;2.2250000e+02;1.7263015e-01;2.2250000e+02;2.0369381e-01;2.2250000e+02;2.3918630e-01;2.2250000e+02;2.5377828e-01;2.2250000e+02;2.5727618e-01;2.2250000e+02;2.5287545e-01;2.2250000e+02;2.4152875e-01;2.2250000e+02;2.0928830e-02;2.2250000e+02;2.9235100e-02;2.2250000e+02;3.9716348e-02;2.2250000e+02;5.3325169e-02;2.2250000e+02;6.8116665e-02;2.2250000e+02;8.3684146e-02;2.2250000e+02;9.9645704e-02;2.2250000e+02;1.1552338e-01;2.2250000e+02;1.2964831e-01;2.2250000e+02;1.3979524e-01;2.2250000e+02;1.4961906e-01;2.2250000e+02;1.7263015e-01;2.2250000e+02;2.0369381e-01;2.2250000e+02;2.3918630e-01;2.2250000e+02;2.5377828e-01;2.2250000e+02;2.5727618e-01;2.2250000e+02;2.5287545e-01;2.2250000e+02;2.4152875e-01;2.2250000e+02;2.0928830e-02;2.2250000e+02;2.9235100e-02;2.2250000e+02;3.9716348e-02;2.2250000e+02;5.3325169e-02;2.2250000e+02;6.8116665e-02;2.2250000e+02;8.3684146e-02;2.2250000e+02;9.9645704e-02;2.2250000e+02;1.1552338e-01;2.2250000e+02;1.2964831e-01;2.2250000e+02;1.3979524e-01;2.2250000e+02;1.4961906e-01;2.2250000e+02;1.7263015e-01;2.2250000e+02;2.0369381e-01;2.2250000e+02;2.3918630e-01;2.2250000e+02;2.5377828e-01;2.2250000e+02;2.5727618e-01;2.2250000e+02;2.5287545e-01;2.2250000e+02;2.4152875e-01;2.2250000e+02;2.0928830e-02;2.2250000e+02;2.9235100e-02;2.2250000e+02;3.9716348e-02;2.2250000e+02;5.3325169e-02;2.2250000e+02;6.8116665e-02;2.2250000e+02;8.3684146e-02;2.2250000e+02;9.9645704e-02;2.2250000e+02;1.1552338e-01;2.2250000e+02;1.2964831e-01;2.2250000e+02;1.3979524e-01;2.2250000e+02;1.4961906e-01;2.2250000e+02;1.7263015e-01;2.2250000e+02;2.0369381e-01;2.2250000e+02;2.3918630e-01;2.2250000e+02;2.5377828e-01;2.2250000e+02;2.5727618e-01;2.2250000e+02;2.5287545e-01;2.2250000e+02;2.4152875e-01;2.2250000e+02;2.0928830e-02;2.2250000e+02;2.9235100e-02;2.2250000e+02;3.9716348e-02;2.2250000e+02;5.3325169e-02;2.2250000e+02;6.8116665e-02;2.2250000e+02;8.3684146e-02;2.2250000e+02;9.9645704e-02;2.2250000e+02;1.1552338e-01;2.2250000e+02;1.2964831e-01;2.2250000e+02;1.3979524e-01;2.2250000e+02;1.4961906e-01;2.2250000e+02;1.7263015e-01;2.2250000e+02;2.0369381e-01;2.2250000e+02;2.3918630e-01;2.2250000e+02;2.5377828e-01;2.2250000e+02;2.5727618e-01;2.2250000e+02;2.5287545e-01;2.2250000e+02;2.4152875e-01;2.2250000e+02;2.0928830e-02;2.2250000e+02;2.9235100e-02;2.2250000e+02;3.9716348e-02;2.2250000e+02;5.3325169e-02;2.2250000e+02;6.8116665e-02;2.2250000e+02;8.3684146e-02;2.2250000e+02;9.9645704e-02;2.2250000e+02;1.1552338e-01;2.2250000e+02;1.2964831e-01;2.2250000e+02;1.3979524e-01;2.2250000e+02;1.4961906e-01;2.2250000e+02;1.7263015e-01;2.2250000e+02;2.0369381e-01;2.2250000e+02;2.3918630e-01;2.2250000e+02;2.5377828e-01;2.2250000e+02;2.5727618e-01;2.2250000e+02;2.5287545e-01;2.2250000e+02;2.4152875e-01;2.2250000e+02;2.0928830e-02;2.2250000e+02;2.9235100e-02;2.2250000e+02;3.9716348e-02;2.2250000e+02;5.3325169e-02;2.2250000e+02;6.8116665e-02;2.2250000e+02;8.3684146e-02;2.2250000e+02;9.9645704e-02;2.2250000e+02;1.1552338e-01;2.2250000e+02;1.2964831e-01;2.2250000e+02;1.3979524e-01;2.2250000e+02;1.4961906e-01;2.2250000e+02;1.7263015e-01;2.2250000e+02;2.0369381e-01;2.2250000e+02;2.3918630e-01;2.2250000e+02;2.5377828e-01;2.2250000e+02;2.5727618e-01;2.2250000e+02;2.5287545e-01;2.2250000e+02;2.4152875e-01;2.2250000e+02;2.0928830e-02;2.2250000e+02;2.9235100e-02;2.2250000e+02;3.9716348e-02;2.2250000e+02;5.3325169e-02;2.2250000e+02;6.8116665e-02;2.2250000e+02;8.3684146e-02;2.2250000e+02;9.9645704e-02;2.2250000e+02;1.1552338e-01;2.2250000e+02;1.2964831e-01;2.2250000e+02;1.3979524e-01;2.2250000e+02;1.4961906e-01;2.2250000e+02;1.7263015e-01;2.2250000e+02;2.0369381e-01;2.2250000e+02;2.3918630e-01;2.2250000e+02;2.5377828e-01;2.2250000e+02;2.5727618e-01;2.2250000e+02;2.5287545e-01;2.2250000e+02;2.4152875e-01;2.2250000e+02;2.0928830e-02;2.2250000e+02;2.9235100e-02;2.2250000e+02;3.9716348e-02;2.2250000e+02;5.3325169e-02;2.2250000e+02;6.8116665e-02;2.2250000e+02;8.3684146e-02;2.2250000e+02;9.9645704e-02;2.2250000e+02;1.1552338e-01;2.2250000e+02;1.2964831e-01;2.2250000e+02;1.3979524e-01;2.2250000e+02;1.4961906e-01;2.2250000e+02;1.7263015e-01;2.2250000e+02;2.0369381e-01;2.2250000e+02;2.3918630e-01;2.2250000e+02;2.5377828e-01;2.2250000e+02;2.5727618e-01;2.2250000e+02;2.5287545e-01;2.2250000e+02;2.4152875e-01;2.2250000e+02;2.0928830e-02;2.2250000e+02;2.9235100e-02;2.2250000e+02;3.9716348e-02;2.2250000e+02;5.3325169e-02;2.2250000e+02;6.8116665e-02;2.2250000e+02;8.3684146e-02;2.2250000e+02;9.9645704e-02;2.2250000e+02;1.1552338e-01;2.2250000e+02;1.2964831e-01;2.2250000e+02;1.3979524e-01;2.2250000e+02;1.4961906e-01;2.2250000e+02;1.7263015e-01;2.2250000e+02;2.0369381e-01;2.2250000e+02;2.3918630e-01;2.2250000e+02;2.5377828e-01;2.2250000e+02;2.5727618e-01;2.2250000e+02;2.5287545e-01;2.2250000e+02;2.4152875e-01;2.2250000e+02;2.0928830e-02;2.2250000e+02;2.9235100e-02;2.2250000e+02;3.9716348e-02;2.2250000e+02;5.3325169e-02;2.2250000e+02;6.8116665e-02;2.2250000e+02;8.3684146e-02;2.2250000e+02;9.9645704e-02;2.2250000e+02;1.1552338e-01;2.2250000e+02;1.2964831e-01;2.2250000e+02;1.3979524e-01;2.2250000e+02;1.4961906e-01;2.2250000e+02;1.7263015e-01;2.2250000e+02;2.0369381e-01;2.2250000e+02;2.3918630e-01;2.2250000e+02;2.5377828e-01;2.2250000e+02;2.5727618e-01;2.2250000e+02;2.5287545e-01;2.2250000e+02;2.4152875e-01;2.2250000e+02;2.0928830e-02;2.2250000e+02;2.9235100e-02;2.2250000e+02;3.9716348e-02;2.2250000e+02;5.3325169e-02;2.2250000e+02;6.8116665e-02;2.2250000e+02;8.3684146e-02;2.2250000e+02;9.9645704e-02;2.2250000e+02;1.1552338e-01;2.2250000e+02;1.2964831e-01;2.2250000e+02;1.3979524e-01;2.2250000e+02;1.4961906e-01;2.2250000e+02;1.7263015e-01;2.2250000e+02;2.0369381e-01;2.2250000e+02;2.3918630e-01;2.2250000e+02;2.5377828e-01;2.2250000e+02;2.5727618e-01;2.2250000e+02;2.5287545e-01;2.2250000e+02;2.4152875e-01;2.2250000e+02;2.0928830e-02;2.2250000e+02;2.9235100e-02;2.2250000e+02;3.9716348e-02;2.2250000e+02;5.3325169e-02;2.2250000e+02;6.8116665e-02;2.2250000e+02;8.3684146e-02;2.2250000e+02;9.9645704e-02;2.2250000e+02;1.1552338e-01;2.2250000e+02;1.2964831e-01;2.2250000e+02;1.3979524e-01;2.2250000e+02;1.4961906e-01;2.2250000e+02;1.7263015e-01;2.2250000e+02;2.0369381e-01;2.2250000e+02;2.3918630e-01;2.2250000e+02;2.5377828e-01;2.2250000e+02;2.5727618e-01;2.2250000e+02;2.5287545e-01;2.2250000e+02;2.4152875e-01;2.2250000e+02;2.0928830e-02;2.2250000e+02;2.9235100e-02;2.2250000e+02;3.9716348e-02;2.2250000e+02;5.3325169e-02;2.2250000e+02;6.8116665e-02;2.2250000e+02;8.3684146e-02;2.2250000e+02;9.9645704e-02;2.2250000e+02;1.1552338e-01;2.2250000e+02;1.2964831e-01;2.2250000e+02;1.3979524e-01;2.2250000e+02;1.4961906e-01;2.2250000e+02;1.7263015e-01;2.2250000e+02;2.0369381e-01;2.2250000e+02;2.3918630e-01;2.2250000e+02;2.5377828e-01;2.2250000e+02;2.5727618e-01;2.2250000e+02;2.5287545e-01;2.2250000e+02;2.4152875e-01;2.2250000e+02;2.0928830e-02;2.2250000e+02;2.9235100e-02;2.2250000e+02;3.9716348e-02;2.2250000e+02;5.3325169e-02;2.2250000e+02;6.8116665e-02;2.2250000e+02;8.3684146e-02;2.2250000e+02;9.9645704e-02;2.2250000e+02;1.1552338e-01;2.2250000e+02;1.2964831e-01;2.2250000e+02;1.3979524e-01;2.2250000e+02;1.4961906e-01;2.2250000e+02;1.7263015e-01;2.2250000e+02;2.0369381e-01;2.2250000e+02;2.3918630e-01;2.2250000e+02;2.5377828e-01;2.2250000e+02;2.5727618e-01;2.2250000e+02;2.5287545e-01;2.2250000e+02;2.4152875e-01;2.2250000e+02;2.0928830e-02;2.2250000e+02;2.9235100e-02;2.2250000e+02;3.9716348e-02;2.2250000e+02;5.3325169e-02;2.2250000e+02;6.8116665e-02;2.2250000e+02;8.3684146e-02;2.2250000e+02;9.9645704e-02;2.2250000e+02;1.1552338e-01;2.2250000e+02;1.2964831e-01;2.2250000e+02;1.3979524e-01;2.2250000e+02;1.4961906e-01;2.2250000e+02;1.7263015e-01;2.2250000e+02;2.0369381e-01;2.2250000e+02;2.3918630e-01;2.2250000e+02;2.5377828e-01;2.2250000e+02;2.5727618e-01;2.2250000e+02;2.5287545e-01;2.2250000e+02;2.4152875e-01;2.2250000e+02;2.0928830e-02;2.2250000e+02;2.9235100e-02;2.2250000e+02;3.9716348e-02;2.2250000e+02;5.3325169e-02;2.2250000e+02;6.8116665e-02;2.2250000e+02;8.3684146e-02;2.2250000e+02;9.9645704e-02;2.2250000e+02;1.1552338e-01;2.2250000e+02;1.2964831e-01;2.2250000e+02;1.3979524e-01;2.2250000e+02;1.4961906e-01;2.2250000e+02;1.7263015e-01;2.2250000e+02;2.0369381e-01;2.2250000e+02;2.3918630e-01;2.2250000e+02;2.5377828e-01;2.2250000e+02;2.5727618e-01;2.2250000e+02;2.5287545e-01;2.2250000e+02;2.4152875e-01;2.2250000e+02;2.0928830e-02;2.2250000e+02;2.9235100e-02;2.2250000e+02;3.9716348e-02;2.2250000e+02;5.3325169e-02;2.2250000e+02;6.8116665e-02;2.2250000e+02;8.3684146e-02;2.2250000e+02;9.9645704e-02;2.2250000e+02;1.1552338e-01;2.2250000e+02;1.2964831e-01;2.2250000e+02;1.3979524e-01;2.2250000e+02;1.4961906e-01;2.2250000e+02;1.7263015e-01;2.2250000e+02;2.0369381e-01;2.2250000e+02;2.3918630e-01;2.2250000e+02;2.5377828e-01;2.2250000e+02;2.5727618e-01;2.2250000e+02;2.5287545e-01;2.2250000e+02;2.4152875e-01;2.2250000e+02;2.0928830e-02;2.2250000e+02;2.9235100e-02;2.2250000e+02;3.9716348e-02;2.2250000e+02;5.3325169e-02;2.2250000e+02;6.8116665e-02;2.2250000e+02;8.3684146e-02;2.2250000e+02;9.9645704e-02;2.2250000e+02;1.1552338e-01;2.2250000e+02;1.2964831e-01;2.2250000e+02;1.3979524e-01;2.2250000e+02;1.4961906e-01;2.2250000e+02;1.7263015e-01;2.2250000e+02;2.0369381e-01;2.2250000e+02;2.3918630e-01;2.2250000e+02;2.5377828e-01;2.2250000e+02;2.5727618e-01;2.2250000e+02;2.5287545e-01;2.2250000e+02;2.4152875e-01;2.2250000e+02;2.0928830e-02;2.2250000e+02;2.9235100e-02;2.2250000e+02;3.9716348e-02;2.2250000e+02;5.3325169e-02;2.2250000e+02;6.8116665e-02;2.2250000e+02;8.3684146e-02;2.2250000e+02;9.9645704e-02;2.2250000e+02;1.1552338e-01;2.2250000e+02;1.2964831e-01;2.2250000e+02;1.3979524e-01;2.2250000e+02;1.4961906e-01;2.2250000e+02;1.7263015e-01;2.2250000e+02;2.0369381e-01;2.2250000e+02;2.3918630e-01;2.2250000e+02;2.5377828e-01;2.2250000e+02;2.5727618e-01;2.2250000e+02;2.5287545e-01;2.2250000e+02;2.4152875e-01;2.2250000e+02;2.0928830e-02;2.2250000e+02;2.9235100e-02;2.2250000e+02;3.9716348e-02;2.2250000e+02;5.3325169e-02;2.2250000e+02;6.8116665e-02;2.2250000e+02;8.3684146e-02;2.2250000e+02;9.9645704e-02;2.2250000e+02;1.1552338e-01;2.2250000e+02;1.2964831e-01;2.2250000e+02;1.3979524e-01;2.2250000e+02;1.4961906e-01;2.2250000e+02;1.7263015e-01;2.2250000e+02;2.0369381e-01;2.2250000e+02;2.3918630e-01;2.2250000e+02;2.5377828e-01;2.2250000e+02;2.5727618e-01;2.2250000e+02;2.5287545e-01;2.2250000e+02;2.4152875e-01;2.2250000e+02;2.0928830e-02;2.2250000e+02;2.9235100e-02;2.2250000e+02;3.9716348e-02;2.2250000e+02;5.3325169e-02;2.2250000e+02;6.8116665e-02;2.2250000e+02;8.3684146e-02;2.2250000e+02;9.9645704e-02;2.2250000e+02;1.1552338e-01;2.2250000e+02;1.2964831e-01;2.2250000e+02;1.3979524e-01;2.2250000e+02;1.4961906e-01;2.2250000e+02;1.7263015e-01;2.2250000e+02;2.0369381e-01;2.2250000e+02;2.3918630e-01;2.2250000e+02;2.5377828e-01;2.2250000e+02;2.5727618e-01;2.2250000e+02;2.5287545e-01;2.2250000e+02;2.4152875e-01;2.2250000e+02;2.0928830e-02;2.2250000e+02;2.9235100e-02;2.2250000e+02;3.9716348e-02;2.2250000e+02;5.3325169e-02;2.2250000e+02;6.8116665e-02;2.2250000e+02;8.3684146e-02;2.2250000e+02;9.9645704e-02;2.2250000e+02;1.1552338e-01;2.2250000e+02;1.2964831e-01;2.2250000e+02;1.3979524e-01;2.2250000e+02;1.4961906e-01;2.2250000e+02;1.7263015e-01;2.2250000e+02;2.0369381e-01;2.2250000e+02;2.3918630e-01;2.2250000e+02;2.5377828e-01;2.2250000e+02;2.5727618e-01;2.2250000e+02;2.5287545e-01;2.2250000e+02;2.4152875e-01;2.2250000e+02;2.0928830e-02;2.2250000e+02;2.9235100e-02;2.2250000e+02;3.9716348e-02;2.2250000e+02;5.3325169e-02;2.2250000e+02;6.8116665e-02;2.2250000e+02;8.3684146e-02;2.2250000e+02;9.9645704e-02;2.2250000e+02;1.1552338e-01;2.2250000e+02;1.2964831e-01;2.2250000e+02;1.3979524e-01;2.2250000e+02;1.4961906e-01;2.2250000e+02;1.7263015e-01;2.2250000e+02;2.0369381e-01;2.2250000e+02;2.3918630e-01;2.2250000e+02;2.5377828e-01;2.2250000e+02;2.5727618e-01;2.2250000e+02;2.5287545e-01;2.2250000e+02;2.4152875e-01
2.2750000e+02;1.8868141e-02;2.2750000e+02;2.6272811e-02;2.2750000e+02;3.6068074e-02;2.2750000e+02;4.7428854e-02;2.2750000e+02;6.0500346e-02;2.2750000e+02;7.5215034e-02;2.2750000e+02;9.0629898e-02;2.2750000e+02;1.0660318e-01;2.2750000e+02;1.2142982e-01;2.2750000e+02;1.3122344e-01;2.2750000e+02;1.4084469e-01;2.2750000e+02;1.6265257e-01;2.2750000e+02;1.9577520e-01;2.2750000e+02;2.3297630e-01;2.2750000e+02;2.4811809e-01;2.2750000e+02;2.5227699e-01;2.2750000e+02;2.4824104e-01;2.2750000e+02;2.3687159e-01;2.2750000e+02;1.8868141e-02;2.2750000e+02;2.6272811e-02;2.2750000e+02;3.6068074e-02;2.2750000e+02;4.7428854e-02;2.2750000e+02;6.0500346e-02;2.2750000e+02;7.5215034e-02;2.2750000e+02;9.0629898e-02;2.2750000e+02;1.0660318e-01;2.2750000e+02;1.2142982e-01;2.2750000e+02;1.3122344e-01;2.2750000e+02;1.4084469e-01;2.2750000e+02;1.6265257e-01;2.2750000e+02;1.9577520e-01;2.2750000e+02;2.3297630e-01;2.2750000e+02;2.4811809e-01;2.2750000e+02;2.5227699e-01;2.2750000e+02;2.4824104e-01;2.2750000e+02;2.3687159e-01;2.2750000e+02;1.8868141e-02;2.2750000e+02;2.6272811e-02;2.2750000e+02;3.6068074e-02;2.2750000e+02;4.7428854e-02;2.2750000e+02;6.0500346e-02;2.2750000e+02;7.5215034e-02;2.2750000e+02;9.0629898e-02;2.2750000e+02;1.0660318e-01;2.2750000e+02;1.2142982e-01;2.2750000e+02;1.3122344e-01;2.2750000e+02;1.4084469e-01;2.2750000e+02;1.6265257e-01;2.2750000e+02;1.9577520e-01;2.2750000e+02;2.3297630e-01;2.2750000e+02;2.4811809e-01;2.2750000e+02;2.5227699e-01;2.2750000e+02;2.4824104e-01;2.2750000e+02;2.3687159e-01;2.2750000e+02;1.8868141e-02;2.2750000e+02;2.6272811e-02;2.2750000e+02;3.6068074e-02;2.2750000e+02;4.7428854e-02;2.2750000e+02;6.0500346e-02;2.2750000e+02;7.5215034e-02;2.2750000e+02;9.0629898e-02;2.2750000e+02;1.0660318e-01;2.2750000e+02;1.2142982e-01;2.2750000e+02;1.3122344e-01;2.2750000e+02;1.4084469e-01;2.2750000e+02;1.6265257e-01;2.2750000e+02;1.9577520e-01;2.2750000e+02;2.3297630e-01;2.2750000e+02;2.4811809e-01;2.2750000e+02;2.5227699e-01;2.2750000e+02;2.4824104e-01;2.2750000e+02;2.3687159e-01;2.2750000e+02;1.8868141e-02;2.2750000e+02;2.6272811e-02;2.2750000e+02;3.6068074e-02;2.2750000e+02;4.7428854e-02;2.2750000e+02;6.0500346e-02;2.2750000e+02;7.5215034e-02;2.2750000e+02;9.0629898e-02;2.2750000e+02;1.0660318e-01;2.2750000e+02;1.2142982e-01;2.2750000e+02;1.3122344e-01;2.2750000e+02;1.4084469e-01;2.2750000e+02;1.6265257e-01;2.2750000e+02;1.9577520e-01;2.2750000e+02;2.3297630e-01;2.2750000e+02;2.4811809e-01;2.2750000e+02;2.5227699e-01;2.2750000e+02;2.4824104e-01;2.2750000e+02;2.3687159e-01;2.2750000e+02;1.8868141e-02;2.2750000e+02;2.6272811e-02;2.2750000e+02;3.6068074e-02;2.2750000e+02;4.7428854e-02;2.2750000e+02;6.0500346e-02;2.2750000e+02;7.5215034e-02;2.2750000e+02;9.0629898e-02;2.2750000e+02;1.0660318e-01;2.2750000e+02;1.2142982e-01;2.2750000e+02;1.3122344e-01;2.2750000e+02;1.4084469e-01;2.2750000e+02;1.6265257e-01;2.2750000e+02;1.9577520e-01;2.2750000e+02;2.3297630e-01;2.2750000e+02;2.4811809e-01;2.2750000e+02;2.5227699e-01;2.2750000e+02;2.4824104e-01;2.2750000e+02;2.3687159e-01;2.2750000e+02;1.8868141e-02;2.2750000e+02;2.6272811e-02;2.2750000e+02;3.6068074e-02;2.2750000e+02;4.7428854e-02;2.2750000e+02;6.0500346e-02;2.2750000e+02;7.5215034e-02;2.2750000e+02;9.0629898e-02;2.2750000e+02;1.0660318e-01;2.2750000e+02;1.2142982e-01;2.2750000e+02;1.3122344e-01;2.2750000e+02;1.4084469e-01;2.2750000e+02;1.6265257e-01;2.2750000e+02;1.9577520e-01;2.2750000e+02;2.3297630e-01;2.2750000e+02;2.4811809e-01;2.2750000e+02;2.5227699e-01;2.2750000e+02;2.4824104e-01;2.2750000e+02;2.3687159e-01;2.2750000e+02;1.8868141e-02;2.2750000e+02;2.6272811e-02;2.2750000e+02;3.6068074e-02;2.2750000e+02;4.7428854e-02;2.2750000e+02;6.0500346e-02;2.2750000e+02;7.5215034e-02;2.2750000e+02;9.0629898e-02;2.2750000e+02;1.0660318e-01;2.2750000e+02;1.2142982e-01;2.2750000e+02;1.3122344e-01;2.2750000e+02;1.4084469e-01;2.2750000e+02;1.6265257e-01;2.2750000e+02;1.9577520e-01;2.2750000e+02;2.3297630e-01;2.2750000e+02;2.4811809e-01;2.2750000e+02;2.5227699e-01;2.2750000e+02;2.4824104e-01;2.2750000e+02;2.3687159e-01;2.2750000e+02;1.8868141e-02;2.2750000e+02;2.6272811e-02;2.2750000e+02;3.6068074e-02;2.2750000e+02;4.7428854e-02;2.2750000e+02;6.0500346e-02;2.2750000e+02;7.5215034e-02;2.2750000e+02;9.0629898e-02;2.2750000e+02;1.0660318e-01;2.2750000e+02;1.2142982e-01;2.2750000e+02;1.3122344e-01;2.2750000e+02;1.4084469e-01;2.2750000e+02;1.6265257e-01;2.2750000e+02;1.9577520e-01;2.2750000e+02;2.3297630e-01;2.2750000e+02;2.4811809e-01;2.2750000e+02;2.5227699e-01;2.2750000e+02;2.4824104e-01;2.2750000e+02;2.3687159e-01;2.2750000e+02;1.8868141e-02;2.2750000e+02;2.6272811e-02;2.2750000e+02;3.6068074e-02;2.2750000e+02;4.7428854e-02;2.2750000e+02;6.0500346e-02;2.2750000e+02;7.5215034e-02;2.2750000e+02;9.0629898e-02;2.2750000e+02;1.0660318e-01;2.2750000e+02;1.2142982e-01;2.2750000e+02;1.3122344e-01;2.2750000e+02;1.4084469e-01;2.2750000e+02;1.6265257e-01;2.2750000e+02;1.9577520e-01;2.2750000e+02;2.3297630e-01;2.2750000e+02;2.4811809e-01;2.2750000e+02;2.5227699e-01;2.2750000e+02;2.4824104e-01;2.2750000e+02;2.3687159e-01;2.2750000e+02;1.8868141e-02;2.2750000e+02;2.6272811e-02;2.2750000e+02;3.6068074e-02;2.2750000e+02;4.7428854e-02;2.2750000e+02;6.0500346e-02;2.2750000e+02;7.5215034e-02;2.2750000e+02;9.0629898e-02;2.2750000e+02;1.0660318e-01;2.2750000e+02;1.2142982e-01;2.2750000e+02;1.3122344e-01;2.2750000e+02;1.4084469e-01;2.2750000e+02;1.6265257e-01;2.2750000e+02;1.9577520e-01;2.2750000e+02;2.3297630e-01;2.2750000e+02;2.4811809e-01;2.2750000e+02;2.5227699e-01;2.2750000e+02;2.4824104e-01;2.2750000e+02;2.3687159e-01;2.2750000e+02;1.8868141e-02;2.2750000e+02;2.6272811e-02;2.2750000e+02;3.6068074e-02;2.2750000e+02;4.7428854e-02;2.2750000e+02;6.0500346e-02;2.2750000e+02;7.5215034e-02;2.2750000e+02;9.0629898e-02;2.2750000e+02;1.0660318e-01;2.2750000e+02;1.2142982e-01;2.2750000e+02;1.3122344e-01;2.2750000e+02;1.4084469e-01;2.2750000e+02;1.6265257e-01;2.2750000e+02;1.9577520e-01;2.2750000e+02;2.3297630e-01;2.2750000e+02;2.4811809e-01;2.2750000e+02;2.5227699e-01;2.2750000e+02;2.4824104e-01;2.2750000e+02;2.3687159e-01;2.2750000e+02;1.8868141e-02;2.2750000e+02;2.6272811e-02;2.2750000e+02;3.6068074e-02;2.2750000e+02;4.7428854e-02;2.2750000e+02;6.0500346e-02;2.2750000e+02;7.5215034e-02;2.2750000e+02;9.0629898e-02;2.2750000e+02;1.0660318e-01;2.2750000e+02;1.2142982e-01;2.2750000e+02;1.3122344e-01;2.2750000e+02;1.4084469e-01;2.2750000e+02;1.6265257e-01;2.2750000e+02;1.9577520e-01;2.2750000e+02;2.3297630e-01;2.2750000e+02;2.4811809e-01;2.2750000e+02;2.5227699e-01;2.2750000e+02;2.4824104e-01;2.2750000e+02;2.3687159e-01;2.2750000e+02;1.8868141e-02;2.2750000e+02;2.6272811e-02;2.2750000e+02;3.6068074e-02;2.2750000e+02;4.7428854e-02;2.2750000e+02;6.0500346e-02;2.2750000e+02;7.5215034e-02;2.2750000e+02;9.0629898e-02;2.2750000e+02;1.0660318e-01;2.2750000e+02;1.2142982e-01;2.2750000e+02;1.3122344e-01;2.2750000e+02;1.4084469e-01;2.2750000e+02;1.6265257e-01;2.2750000e+02;1.9577520e-01;2.2750000e+02;2.3297630e-01;2.2750000e+02;2.4811809e-01;2.2750000e+02;2.5227699e-01;2.2750000e+02;2.4824104e-01;2.2750000e+02;2.3687159e-01;2.2750000e+02;1.8868141e-02;2.2750000e+02;2.6272811e-02;2.2750000e+02;3.6068074e-02;2.2750000e+02;4.7428854e-02;2.2750000e+02;6.0500346e-02;2.2750000e+02;7.5215034e-02;2.2750000e+02;9.0629898e-02;2.2750000e+02;1.0660318e-01;2.2750000e+02;1.2142982e-01;2.2750000e+02;1.3122344e-01;2.2750000e+02;1.4084469e-01;2.2750000e+02;1.6265257e-01;2.2750000e+02;1.9577520e-01;2.2750000e+02;2.3297630e-01;2.2750000e+02;2.4811809e-01;2.2750000e+02;2.5227699e-01;2.2750000e+02;2.4824104e-01;2.2750000e+02;2.3687159e-01;2.2750000e+02;1.8868141e-02;2.2750000e+02;2.6272811e-02;2.2750000e+02;3.6068074e-02;2.2750000e+02;4.7428854e-02;2.2750000e+02;6.0500346e-02;2.2750000e+02;7.5215034e-02;2.2750000e+02;9.0629898e-02;2.2750000e+02;1.0660318e-01;2.2750000e+02;1.2142982e-01;2.2750000e+02;1.3122344e-01;2.2750000e+02;1.4084469e-01;2.2750000e+02;1.6265257e-01;2.2750000e+02;1.9577520e-01;2.2750000e+02;2.3297630e-01;2.2750000e+02;2.4811809e-01;2.2750000e+02;2.5227699e-01;2.2750000e+02;2.4824104e-01;2.2750000e+02;2.3687159e-01;2.2750000e+02;1.8868141e-02;2.2750000e+02;2.6272811e-02;2.2750000e+02;3.6068074e-02;2.2750000e+02;4.7428854e-02;2.2750000e+02;6.0500346e-02;2.2750000e+02;7.5215034e-02;2.2750000e+02;9.0629898e-02;2.2750000e+02;1.0660318e-01;2.2750000e+02;1.2142982e-01;2.2750000e+02;1.3122344e-01;2.2750000e+02;1.4084469e-01;2.2750000e+02;1.6265257e-01;2.2750000e+02;1.9577520e-01;2.2750000e+02;2.3297630e-01;2.2750000e+02;2.4811809e-01;2.2750000e+02;2.5227699e-01;2.2750000e+02;2.4824104e-01;2.2750000e+02;2.3687159e-01;2.2750000e+02;1.8868141e-02;2.2750000e+02;2.6272811e-02;2.2750000e+02;3.6068074e-02;2.2750000e+02;4.7428854e-02;2.2750000e+02;6.0500346e-02;2.2750000e+02;7.5215034e-02;2.2750000e+02;9.0629898e-02;2.2750000e+02;1.0660318e-01;2.2750000e+02;1.2142982e-01;2.2750000e+02;1.3122344e-01;2.2750000e+02;1.4084469e-01;2.2750000e+02;1.6265257e-01;2.2750000e+02;1.9577520e-01;2.2750000e+02;2.3297630e-01;2.2750000e+02;2.4811809e-01;2.2750000e+02;2.5227699e-01;2.2750000e+02;2.4824104e-01;2.2750000e+02;2.3687159e-01;2.2750000e+02;1.8868141e-02;2.2750000e+02;2.6272811e-02;2.2750000e+02;3.6068074e-02;2.2750000e+02;4.7428854e-02;2.2750000e+02;6.0500346e-02;2.2750000e+02;7.5215034e-02;2.2750000e+02;9.0629898e-02;2.2750000e+02;1.0660318e-01;2.2750000e+02;1.2142982e-01;2.2750000e+02;1.3122344e-01;2.2750000e+02;1.4084469e-01;2.2750000e+02;1.6265257e-01;2.2750000e+02;1.9577520e-01;2.2750000e+02;2.3297630e-01;2.2750000e+02;2.4811809e-01;2.2750000e+02;2.5227699e-01;2.2750000e+02;2.4824104e-01;2.2750000e+02;2.3687159e-01;2.2750000e+02;1.8868141e-02;2.2750000e+02;2.6272811e-02;2.2750000e+02;3.6068074e-02;2.2750000e+02;4.7428854e-02;2.2750000e+02;6.0500346e-02;2.2750000e+02;7.5215034e-02;2.2750000e+02;9.0629898e-02;2.2750000e+02;1.0660318e-01;2.2750000e+02;1.2142982e-01;2.2750000e+02;1.3122344e-01;2.2750000e+02;1.4084469e-01;2.2750000e+02;1.6265257e-01;2.2750000e+02;1.9577520e-01;2.2750000e+02;2.3297630e-01;2.2750000e+02;2.4811809e-01;2.2750000e+02;2.5227699e-01;2.2750000e+02;2.4824104e-01;2.2750000e+02;2.3687159e-01;2.2750000e+02;1.8868141e-02;2.2750000e+02;2.6272811e-02;2.2750000e+02;3.6068074e-02;2.2750000e+02;4.7428854e-02;2.2750000e+02;6.0500346e-02;2.2750000e+02;7.5215034e-02;2.2750000e+02;9.0629898e-02;2.2750000e+02;1.0660318e-01;2.2750000e+02;1.2142982e-01;2.2750000e+02;1.3122344e-01;2.2750000e+02;1.4084469e-01;2.2750000e+02;1.6265257e-01;2.2750000e+02;1.9577520e-01;2.2750000e+02;2.3297630e-01;2.2750000e+02;2.4811809e-01;2.2750000e+02;2.5227699e-01;2.2750000e+02;2.4824104e-01;2.2750000e+02;2.3687159e-01;2.2750000e+02;1.8868141e-02;2.2750000e+02;2.6272811e-02;2.2750000e+02;3.6068074e-02;2.2750000e+02;4.7428854e-02;2.2750000e+02;6.0500346e-02;2.2750000e+02;7.5215034e-02;2.2750000e+02;9.0629898e-02;2.2750000e+02;1.0660318e-01;2.2750000e+02;1.2142982e-01;2.2750000e+02;1.3122344e-01;2.2750000e+02;1.4084469e-01;2.2750000e+02;1.6265257e-01;2.2750000e+02;1.9577520e-01;2.2750000e+02;2.3297630e-01;2.2750000e+02;2.4811809e-01;2.2750000e+02;2.5227699e-01;2.2750000e+02;2.4824104e-01;2.2750000e+02;2.3687159e-01;2.2750000e+02;1.8868141e-02;2.2750000e+02;2.6272811e-02;2.2750000e+02;3.6068074e-02;2.2750000e+02;4.7428854e-02;2.2750000e+02;6.0500346e-02;2.2750000e+02;7.5215034e-02;2.2750000e+02;9.0629898e-02;2.2750000e+02;1.0660318e-01;2.2750000e+02;1.2142982e-01;2.2750000e+02;1.3122344e-01;2.2750000e+02;1.4084469e-01;2.2750000e+02;1.6265257e-01;2.2750000e+02;1.9577520e-01;2.2750000e+02;2.3297630e-01;2.2750000e+02;2.4811809e-01;2.2750000e+02;2.5227699e-01;2.2750000e+02;2.4824104e-01;2.2750000e+02;2.3687159e-01;2.2750000e+02;1.8868141e-02;2.2750000e+02;2.6272811e-02;2.2750000e+02;3.6068074e-02;2.2750000e+02;4.7428854e-02;2.2750000e+02;6.0500346e-02;2.2750000e+02;7.5215034e-02;2.2750000e+02;9.0629898e-02;2.2750000e+02;1.0660318e-01;2.2750000e+02;1.2142982e-01;2.2750000e+02;1.3122344e-01;2.2750000e+02;1.4084469e-01;2.2750000e+02;1.6265257e-01;2.2750000e+02;1.9577520e-01;2.2750000e+02;2.3297630e-01;2.2750000e+02;2.4811809e-01;2.2750000e+02;2.5227699e-01;2.2750000e+02;2.4824104e-01;2.2750000e+02;2.3687159e-01;2.2750000e+02;1.8868141e-02;2.2750000e+02;2.6272811e-02;2.2750000e+02;3.6068074e-02;2.2750000e+02;4.7428854e-02;2.2750000e+02;6.0500346e-02;2.2750000e+02;7.5215034e-02;2.2750000e+02;9.0629898e-02;2.2750000e+02;1.0660318e-01;2.2750000e+02;1.2142982e-01;2.2750000e+02;1.3122344e-01;2.2750000e+02;1.4084469e-01;2.2750000e+02;1.6265257e-01;2.2750000e+02;1.9577520e-01;2.2750000e+02;2.3297630e-01;2.2750000e+02;2.4811809e-01;2.2750000e+02;2.5227699e-01;2.2750000e+02;2.4824104e-01;2.2750000e+02;2.3687159e-01;2.2750000e+02;1.8868141e-02;2.2750000e+02;2.6272811e-02;2.2750000e+02;3.6068074e-02;2.2750000e+02;4.7428854e-02;2.2750000e+02;6.0500346e-02;2.2750000e+02;7.5215034e-02;2.2750000e+02;9.0629898e-02;2.2750000e+02;1.0660318e-01;2.2750000e+02;1.2142982e-01;2.2750000e+02;1.3122344e-01;2.2750000e+02;1.4084469e-01;2.2750000e+02;1.6265257e-01;2.2750000e+02;1.9577520e-01;2.2750000e+02;2.3297630e-01;2.2750000e+02;2.4811809e-01;2.2750000e+02;2.5227699e-01;2.2750000e+02;2.4824104e-01;2.2750000e+02;2.3687159e-01;2.2750000e+02;1.8868141e-02;2.2750000e+02;2.6272811e-02;2.2750000e+02;3.6068074e-02;2.2750000e+02;4.7428854e-02;2.2750000e+02;6.0500346e-02;2.2750000e+02;7.5215034e-02;2.2750000e+02;9.0629898e-02;2.2750000e+02;1.0660318e-01;2.2750000e+02;1.2142982e-01;2.2750000e+02;1.3122344e-01;2.2750000e+02;1.4084469e-01;2.2750000e+02;1.6265257e-01;2.2750000e+02;1.9577520e-01;2.2750000e+02;2.3297630e-01;2.2750000e+02;2.4811809e-01;2.2750000e+02;2.5227699e-01;2.2750000e+02;2.4824104e-01;2.2750000e+02;2.3687159e-01;2.2750000e+02;1.8868141e-02;2.2750000e+02;2.6272811e-02;2.2750000e+02;3.6068074e-02;2.2750000e+02;4.7428854e-02;2.2750000e+02;6.0500346e-02;2.2750000e+02;7.5215034e-02;2.2750000e+02;9.0629898e-02;2.2750000e+02;1.0660318e-01;2.2750000e+02;1.2142982e-01;2.2750000e+02;1.3122344e-01;2.2750000e+02;1.4084469e-01;2.2750000e+02;1.6265257e-01;2.2750000e+02;1.9577520e-01;2.2750000e+02;2.3297630e-01;2.2750000e+02;2.4811809e-01;2.2750000e+02;2.5227699e-01;2.2750000e+02;2.4824104e-01;2.2750000e+02;2.3687159e-01;2.2750000e+02;1.8868141e-02;2.2750000e+02;2.6272811e-02;2.2750000e+02;3.6068074e-02;2.2750000e+02;4.7428854e-02;2.2750000e+02;6.0500346e-02;2.2750000e+02;7.5215034e-02;2.2750000e+02;9.0629898e-02;2.2750000e+02;1.0660318e-01;2.2750000e+02;1.2142982e-01;2.2750000e+02;1.3122344e-01;2.2750000e+02;1.4084469e-01;2.2750000e+02;1.6265257e-01;2.2750000e+02;1.9577520e-01;2.2750000e+02;2.3297630e-01;2.2750000e+02;2.4811809e-01;2.2750000e+02;2.5227699e-01;2.2750000e+02;2.4824104e-01;2.2750000e+02;2.3687159e-01;2.2750000e+02;1.8868141e-02;2.2750000e+02;2.6272811e-02;2.2750000e+02;3.6068074e-02;2.2750000e+02;4.7428854e-02;2.2750000e+02;6.0500346e-02;2.2750000e+02;7.5215034e-02;2.2750000e+02;9.0629898e-02;2.2750000e+02;1.0660318e-01;2.2750000e+02;1.2142982e-01;2.2750000e+02;1.3122344e-01;2.2750000e+02;1.4084469e-01;2.2750000e+02;1.6265257e-01;2.2750000e+02;1.9577520e-01;2.2750000e+02;2.3297630e-01;2.2750000e+02;2.4811809e-01;2.2750000e+02;2.5227699e-01;2.2750000e+02;2.4824104e-01;2.2750000e+02;2.3687159e-01;2.2750000e+02;1.8868141e-02;2.2750000e+02;2.6272811e-02;2.2750000e+02;3.6068074e-02;2.2750000e+02;4.7428854e-02;2.2750000e+02;6.0500346e-02;2.2750000e+02;7.5215034e-02;2.2750000e+02;9.0629898e-02;2.2750000e+02;1.0660318e-01;2.2750000e+02;1.2142982e-01;2.2750000e+02;1.3122344e-01;2.2750000e+02;1.4084469e-01;2.2750000e+02;1.6265257e-01;2.2750000e+02;1.9577520e-01;2.2750000e+02;2.3297630e-01;2.2750000e+02;2.4811809e-01;2.2750000e+02;2.5227699e-01;2.2750000e+02;2.4824104e-01;2.2750000e+02;2.3687159e-01;2.2750000e+02;1.8868141e-02;2.2750000e+02;2.6272811e-02;2.2750000e+02;3.6068074e-02;2.2750000e+02;4.7428854e-02;2.2750000e+02;6.0500346e-02;2.2750000e+02;7.5215034e-02;2.2750000e+02;9.0629898e-02;2.2750000e+02;1.0660318e-01;2.2750000e+02;1.2142982e-01;2.2750000e+02;1.3122344e-01;2.2750000e+02;1.4084469e-01;2.2750000e+02;1.6265257e-01;2.2750000e+02;1.9577520e-01;2.2750000e+02;2.3297630e-01;2.2750000e+02;2.4811809e-01;2.2750000e+02;2.5227699e-01;2.2750000e+02;2.4824104e-01;2.2750000e+02;2.3687159e-01;2.2750000e+02;1.8868141e-02;2.2750000e+02;2.6272811e-02;2.2750000e+02;3.6068074e-02;2.2750000e+02;4.7428854e-02;2.2750000e+02;6.0500346e-02;2.2750000e+02;7.5215034e-02;2.2750000e+02;9.0629898e-02;2.2750000e+02;1.0660318e-01;2.2750000e+02;1.2142982e-01;2.2750000e+02;1.3122344e-01;2.2750000e+02;1.4084469e-01;2.2750000e+02;1.6265257e-01;2.2750000e+02;1.9577520e-01;2.2750000e+02;2.3297630e-01;2.2750000e+02;2.4811809e-01;2.2750000e+02;2.5227699e-01;2.2750000e+02;2.4824104e-01;2.2750000e+02;2.3687159e-01;2.2750000e+02;1.8868141e-02;2.2750000e+02;2.6272811e-02;2.2750000e+02;3.6068074e-02;2.2750000e+02;4.7428854e-02;2.2750000e+02;6.0500346e-02;2.2750000e+02;7.5215034e-02;2.2750000e+02;9.0629898e-02;2.2750000e+02;1.0660318e-01;2.2750000e+02;1.2142982e-01;2.2750000e+02;1.3122344e-01;2.2750000e+02;1.4084469e-01;2.2750000e+02;1.6265257e-01;2.2750000e+02;1.9577520e-01;2.2750000e+02;2.3297630e-01;2.2750000e+02;2.4811809e-01;2.2750000e+02;2.5227699e-01;2.2750000e+02;2.4824104e-01;2.2750000e+02;2.3687159e-01;2.2750000e+02;1.8868141e-02;2.2750000e+02;2.6272811e-02;2.2750000e+02;3.6068074e-02;2.2750000e+02;4.7428854e-02;2.2750000e+02;6.0500346e-02;2.2750000e+02;7.5215034e-02;2.2750000e+02;9.0629898e-02;2.2750000e+02;1.0660318e-01;2.2750000e+02;1.2142982e-01;2.2750000e+02;1.3122344e-01;2.2750000e+02;1.4084469e-01;2.2750000e+02;1.6265257e-01;2.2750000e+02;1.9577520e-01;2.2750000e+02;2.3297630e-01;2.2750000e+02;2.4811809e-01;2.2750000e+02;2.5227699e-01;2.2750000e+02;2.4824104e-01;2.2750000e+02;2.3687159e-01;2.2750000e+02;1.8868141e-02;2.2750000e+02;2.6272811e-02;2.2750000e+02;3.6068074e-02;2.2750000e+02;4.7428854e-02;2.2750000e+02;6.0500346e-02;2.2750000e+02;7.5215034e-02;2.2750000e+02;9.0629898e-02;2.2750000e+02;1.0660318e-01;2.2750000e+02;1.2142982e-01;2.2750000e+02;1.3122344e-01;2.2750000e+02;1.4084469e-01;2.2750000e+02;1.6265257e-01;2.2750000e+02;1.9577520e-01;2.2750000e+02;2.3297630e-01;2.2750000e+02;2.4811809e-01;2.2750000e+02;2.5227699e-01;2.2750000e+02;2.4824104e-01;2.2750000e+02;2.3687159e-01;2.2750000e+02;1.8868141e-02;2.2750000e+02;2.6272811e-02;2.2750000e+02;3.6068074e-02;2.2750000e+02;4.7428854e-02;2.2750000e+02;6.0500346e-02;2.2750000e+02;7.5215034e-02;2.2750000e+02;9.0629898e-02;2.2750000e+02;1.0660318e-01;2.2750000e+02;1.2142982e-01;2.2750000e+02;1.3122344e-01;2.2750000e+02;1.4084469e-01;2.2750000e+02;1.6265257e-01;2.2750000e+02;1.9577520e-01;2.2750000e+02;2.3297630e-01;2.2750000e+02;2.4811809e-01;2.2750000e+02;2.5227699e-01;2.2750000e+02;2.4824104e-01;2.2750000e+02;2.3687159e-01;2.2750000e+02;1.8868141e-02;2.2750000e+02;2.6272811e-02;2.2750000e+02;3.6068074e-02;2.2750000e+02;4.7428854e-02;2.2750000e+02;6.0500346e-02;2.2750000e+02;7.5215034e-02;2.2750000e+02;9.0629898e-02;2.2750000e+02;1.0660318e-01;2.2750000e+02;1.2142982e-01;2.2750000e+02;1.3122344e-01;2.2750000e+02;1.4084469e-01;2.2750000e+02;1.6265257e-01;2.2750000e+02;1.9577520e-01;2.2750000e+02;2.3297630e-01;2.2750000e+02;2.4811809e-01;2.2750000e+02;2.5227699e-01;2.2750000e+02;2.4824104e-01;2.2750000e+02;2.3687159e-01;2.2750000e+02;1.8868141e-02;2.2750000e+02;2.6272811e-02;2.2750000e+02;3.6068074e-02;2.2750000e+02;4.7428854e-02;2.2750000e+02;6.0500346e-02;2.2750000e+02;7.5215034e-02;2.2750000e+02;9.0629898e-02;2.2750000e+02;1.0660318e-01;2.2750000e+02;1.2142982e-01;2.2750000e+02;1.3122344e-01;2.2750000e+02;1.4084469e-01;2.2750000e+02;1.6265257e-01;2.2750000e+02;1.9577520e-01;2.2750000e+02;2.3297630e-01;2.2750000e+02;2.4811809e-01;2.2750000e+02;2.5227699e-01;2.2750000e+02;2.4824104e-01;2.2750000e+02;2.3687159e-01;2.2750000e+02;1.8868141e-02;2.2750000e+02;2.6272811e-02;2.2750000e+02;3.6068074e-02;2.2750000e+02;4.7428854e-02;2.2750000e+02;6.0500346e-02;2.2750000e+02;7.5215034e-02;2.2750000e+02;9.0629898e-02;2.2750000e+02;1.0660318e-01;2.2750000e+02;1.2142982e-01;2.2750000e+02;1.3122344e-01;2.2750000e+02;1.4084469e-01;2.2750000e+02;1.6265257e-01;2.2750000e+02;1.9577520e-01;2.2750000e+02;2.3297630e-01;2.2750000e+02;2.4811809e-01;2.2750000e+02;2.5227699e-01;2.2750000e+02;2.4824104e-01;2.2750000e+02;2.3687159e-01;2.2750000e+02;1.8868141e-02;2.2750000e+02;2.6272811e-02;2.2750000e+02;3.6068074e-02;2.2750000e+02;4.7428854e-02;2.2750000e+02;6.0500346e-02;2.2750000e+02;7.5215034e-02;2.2750000e+02;9.0629898e-02;2.2750000e+02;1.0660318e-01;2.2750000e+02;1.2142982e-01;2.2750000e+02;1.3122344e-01;2.2750000e+02;1.4084469e-01;2.2750000e+02;1.6265257e-01;2.2750000e+02;1.9577520e-01;2.2750000e+02;2.3297630e-01;2.2750000e+02;2.4811809e-01;2.2750000e+02;2.5227699e-01;2.2750000e+02;2.4824104e-01;2.2750000e+02;2.3687159e-01;2.2750000e+02;1.8868141e-02;2.2750000e+02;2.6272811e-02;2.2750000e+02;3.6068074e-02;2.2750000e+02;4.7428854e-02;2.2750000e+02;6.0500346e-02;2.2750000e+02;7.5215034e-02;2.2750000e+02;9.0629898e-02;2.2750000e+02;1.0660318e-01;2.2750000e+02;1.2142982e-01;2.2750000e+02;1.3122344e-01;2.2750000e+02;1.4084469e-01;2.2750000e+02;1.6265257e-01;2.2750000e+02;1.9577520e-01;2.2750000e+02;2.3297630e-01;2.2750000e+02;2.4811809e-01;2.2750000e+02;2.5227699e-01;2.2750000e+02;2.4824104e-01;2.2750000e+02;2.3687159e-01;2.2750000e+02;1.8868141e-02;2.2750000e+02;2.6272811e-02;2.2750000e+02;3.6068074e-02;2.2750000e+02;4.7428854e-02;2.2750000e+02;6.0500346e-02;2.2750000e+02;7.5215034e-02;2.2750000e+02;9.0629898e-02;2.2750000e+02;1.0660318e-01;2.2750000e+02;1.2142982e-01;2.2750000e+02;1.3122344e-01;2.2750000e+02;1.4084469e-01;2.2750000e+02;1.6265257e-01;2.2750000e+02;1.9577520e-01;2.2750000e+02;2.3297630e-01;2.2750000e+02;2.4811809e-01;2.2750000e+02;2.5227699e-01;2.2750000e+02;2.4824104e-01;2.2750000e+02;2.3687159e-01;2.2750000e+02;1.8868141e-02;2.2750000e+02;2.6272811e-02;2.2750000e+02;3.6068074e-02;2.2750000e+02;4.7428854e-02;2.2750000e+02;6.0500346e-02;2.2750000e+02;7.5215034e-02;2.2750000e+02;9.0629898e-02;2.2750000e+02;1.0660318e-01;2.2750000e+02;1.2142982e-01;2.2750000e+02;1.3122344e-01;2.2750000e+02;1.4084469e-01;2.2750000e+02;1.6265257e-01;2.2750000e+02;1.9577520e-01;2.2750000e+02;2.3297630e-01;2.2750000e+02;2.4811809e-01;2.2750000e+02;2.5227699e-01;2.2750000e+02;2.4824104e-01;2.2750000e+02;2.3687159e-01;2.2750000e+02;1.8868141e-02;2.2750000e+02;2.6272811e-02;2.2750000e+02;3.6068074e-02;2.2750000e+02;4.7428854e-02;2.2750000e+02;6.0500346e-02;2.2750000e+02;7.5215034e-02;2.2750000e+02;9.0629898e-02;2.2750000e+02;1.0660318e-01;2.2750000e+02;1.2142982e-01;2.2750000e+02;1.3122344e-01;2.2750000e+02;1.4084469e-01;2.2750000e+02;1.6265257e-01;2.2750000e+02;1.9577520e-01;2.2750000e+02;2.3297630e-01;2.2750000e+02;2.4811809e-01;2.2750000e+02;2.5227699e-01;2.2750000e+02;2.4824104e-01;2.2750000e+02;2.3687159e-01;2.2750000e+02;1.8868141e-02;2.2750000e+02;2.6272811e-02;2.2750000e+02;3.6068074e-02;2.2750000e+02;4.7428854e-02;2.2750000e+02;6.0500346e-02;2.2750000e+02;7.5215034e-02;2.2750000e+02;9.0629898e-02;2.2750000e+02;1.0660318e-01;2.2750000e+02;1.2142982e-01;2.2750000e+02;1.3122344e-01;2.2750000e+02;1.4084469e-01;2.2750000e+02;1.6265257e-01;2.2750000e+02;1.9577520e-01;2.2750000e+02;2.3297630e-01;2.2750000e+02;2.4811809e-01;2.2750000e+02;2.5227699e-01;2.2750000e+02;2.4824104e-01;2.2750000e+02;2.3687159e-01;2.2750000e+02;1.8868141e-02;2.2750000e+02;2.6272811e-02;2.2750000e+02;3.6068074e-02;2.2750000e+02;4.7428854e-02;2.2750000e+02;6.0500346e-02;2.2750000e+02;7.5215034e-02;2.2750000e+02;9.0629898e-02;2.2750000e+02;1.0660318e-01;2.2750000e+02;1.2142982e-01;2.2750000e+02;1.3122344e-01;2.2750000e+02;1.4084469e-01;2.2750000e+02;1.6265257e-01;2.2750000e+02;1.9577520e-01;2.2750000e+02;2.3297630e-01;2.2750000e+02;2.4811809e-01;2.2750000e+02;2.5227699e-01;2.2750000e+02;2.4824104e-01;2.2750000e+02;2.3687159e-01;2.2750000e+02;1.8868141e-02;2.2750000e+02;2.6272811e-02;2.2750000e+02;3.6068074e-02;2.2750000e+02;4.7428854e-02;2.2750000e+02;6.0500346e-02;2.2750000e+02;7.5215034e-02;2.2750000e+02;9.0629898e-02;2.2750000e+02;1.0660318e-01;2.2750000e+02;1.2142982e-01;2.2750000e+02;1.3122344e-01;2.2750000e+02;1.4084469e-01;2.2750000e+02;1.6265257e-01;2.2750000e+02;1.9577520e-01;2.2750000e+02;2.3297630e-01;2.2750000e+02;2.4811809e-01;2.2750000e+02;2.5227699e-01;2.2750000e+02;2.4824104e-01;2.2750000e+02;2.3687159e-01;2.2750000e+02;1.8868141e-02;2.2750000e+02;2.6272811e-02;2.2750000e+02;3.6068074e-02;2.2750000e+02;4.7428854e-02;2.2750000e+02;6.0500346e-02;2.2750000e+02;7.5215034e-02;2.2750000e+02;9.0629898e-02;2.2750000e+02;1.0660318e-01;2.2750000e+02;1.2142982e-01;2.2750000e+02;1.3122344e-01;2.2750000e+02;1.4084469e-01;2.2750000e+02;1.6265257e-01;2.2750000e+02;1.9577520e-01;2.2750000e+02;2.3297630e-01;2.2750000e+02;2.4811809e-01;2.2750000e+02;2.5227699e-01;2.2750000e+02;2.4824104e-01;2.2750000e+02;2.3687159e-01;2.2750000e+02;1.8868141e-02;2.2750000e+02;2.6272811e-02;2.2750000e+02;3.6068074e-02;2.2750000e+02;4.7428854e-02;2.2750000e+02;6.0500346e-02;2.2750000e+02;7.5215034e-02;2.2750000e+02;9.0629898e-02;2.2750000e+02;1.0660318e-01;2.2750000e+02;1.2142982e-01;2.2750000e+02;1.3122344e-01;2.2750000e+02;1.4084469e-01;2.2750000e+02;1.6265257e-01;2.2750000e+02;1.9577520e-01;2.2750000e+02;2.3297630e-01;2.2750000e+02;2.4811809e-01;2.2750000e+02;2.5227699e-01;2.2750000e+02;2.4824104e-01;2.2750000e+02;2.3687159e-01;2.2750000e+02;1.8868141e-02;2.2750000e+02;2.6272811e-02;2.2750000e+02;3.6068074e-02;2.2750000e+02;4.7428854e-02;2.2750000e+02;6.0500346e-02;2.2750000e+02;7.5215034e-02;2.2750000e+02;9.0629898e-02;2.2750000e+02;1.0660318e-01;2.2750000e+02;1.2142982e-01;2.2750000e+02;1.3122344e-01;2.2750000e+02;1.4084469e-01;2.2750000e+02;1.6265257e-01;2.2750000e+02;1.9577520e-01;2.2750000e+02;2.3297630e-01;2.2750000e+02;2.4811809e-01;2.2750000e+02;2.5227699e-01;2.2750000e+02;2.4824104e-01;2.2750000e+02;2.3687159e-01;2.2750000e+02;1.8868141e-02;2.2750000e+02;2.6272811e-02;2.2750000e+02;3.6068074e-02;2.2750000e+02;4.7428854e-02;2.2750000e+02;6.0500346e-02;2.2750000e+02;7.5215034e-02;2.2750000e+02;9.0629898e-02;2.2750000e+02;1.0660318e-01;2.2750000e+02;1.2142982e-01;2.2750000e+02;1.3122344e-01;2.2750000e+02;1.4084469e-01;2.2750000e+02;1.6265257e-01;2.2750000e+02;1.9577520e-01;2.2750000e+02;2.3297630e-01;2.2750000e+02;2.4811809e-01;2.2750000e+02;2.5227699e-01;2.2750000e+02;2.4824104e-01;2.2750000e+02;2.3687159e-01;2.2750000e+02;1.8868141e-02;2.2750000e+02;2.6272811e-02;2.2750000e+02;3.6068074e-02;2.2750000e+02;4.7428854e-02;2.2750000e+02;6.0500346e-02;2.2750000e+02;7.5215034e-02;2.2750000e+02;9.0629898e-02;2.2750000e+02;1.0660318e-01;2.2750000e+02;1.2142982e-01;2.2750000e+02;1.3122344e-01;2.2750000e+02;1.4084469e-01;2.2750000e+02;1.6265257e-01;2.2750000e+02;1.9577520e-01;2.2750000e+02;2.3297630e-01;2.2750000e+02;2.4811809e-01;2.2750000e+02;2.5227699e-01;2.2750000e+02;2.4824104e-01;2.2750000e+02;2.3687159e-01;2.2750000e+02;1.8868141e-02;2.2750000e+02;2.6272811e-02;2.2750000e+02;3.6068074e-02;2.2750000e+02;4.7428854e-02;2.2750000e+02;6.0500346e-02;2.2750000e+02;7.5215034e-02;2.2750000e+02;9.0629898e-02;2.2750000e+02;1.0660318e-01;2.2750000e+02;1.2142982e-01;2.2750000e+02;1.3122344e-01;2.2750000e+02;1.4084469e-01;2.2750000e+02;1.6265257e-01;2.2750000e+02;1.9577520e-01;2.2750000e+02;2.3297630e-01;2.2750000e+02;2.4811809e-01;2.2750000e+02;2.5227699e-01;2.2750000e+02;2.4824104e-01;2.2750000e+02;2.3687159e-01;2.2750000e+02;1.8868141e-02;2.2750000e+02;2.6272811e-02;2.2750000e+02;3.6068074e-02;2.2750000e+02;4.7428854e-02;2.2750000e+02;6.0500346e-02;2.2750000e+02;7.5215034e-02;2.2750000e+02;9.0629898e-02;2.2750000e+02;1.0660318e-01;2.2750000e+02;1.2142982e-01;2.2750000e+02;1.3122344e-01;2.2750000e+02;1.4084469e-01;2.2750000e+02;1.6265257e-01;2.2750000e+02;1.9577520e-01;2.2750000e+02;2.3297630e-01;2.2750000e+02;2.4811809e-01;2.2750000e+02;2.5227699e-01;2.2750000e+02;2.4824104e-01;2.2750000e+02;2.3687159e-01;2.2750000e+02;1.8868141e-02;2.2750000e+02;2.6272811e-02;2.2750000e+02;3.6068074e-02;2.2750000e+02;4.7428854e-02;2.2750000e+02;6.0500346e-02;2.2750000e+02;7.5215034e-02;2.2750000e+02;9.0629898e-02;2.2750000e+02;1.0660318e-01;2.2750000e+02;1.2142982e-01;2.2750000e+02;1.3122344e-01;2.2750000e+02;1.4084469e-01;2.2750000e+02;1.6265257e-01;2.2750000e+02;1.9577520e-01;2.2750000e+02;2.3297630e-01;2.2750000e+02;2.4811809e-01;2.2750000e+02;2.5227699e-01;2.2750000e+02;2.4824104e-01;2.2750000e+02;2.3687159e-01;2.2750000e+02;1.8868141e-02;2.2750000e+02;2.6272811e-02;2.2750000e+02;3.6068074e-02;2.2750000e+02;4.7428854e-02;2.2750000e+02;6.0500346e-02;2.2750000e+02;7.5215034e-02;2.2750000e+02;9.0629898e-02;2.2750000e+02;1.0660318e-01;2.2750000e+02;1.2142982e-01;2.2750000e+02;1.3122344e-01;2.2750000e+02;1.4084469e-01;2.2750000e+02;1.6265257e-01;2.2750000e+02;1.9577520e-01;2.2750000e+02;2.3297630e-01;2.2750000e+02;2.4811809e-01;2.2750000e+02;2.5227699e-01;2.2750000e+02;2.4824104e-01;2.2750000e+02;2.3687159e-01;2.2750000e+02;1.8868141e-02;2.2750000e+02;2.6272811e-02;2.2750000e+02;3.6068074e-02;2.2750000e+02;4.7428854e-02;2.2750000e+02;6.0500346e-02;2.2750000e+02;7.5215034e-02;2.2750000e+02;9.0629898e-02;2.2750000e+02;1.0660318e-01;2.2750000e+02;1.2142982e-01;2.2750000e+02;1.3122344e-01;2.2750000e+02;1.4084469e-01;2.2750000e+02;1.6265257e-01;2.2750000e+02;1.9577520e-01;2.2750000e+02;2.3297630e-01;2.2750000e+02;2.4811809e-01;2.2750000e+02;2.5227699e-01;2.2750000e+02;2.4824104e-01;2.2750000e+02;2.3687159e-01;2.2750000e+02;1.8868141e-02;2.2750000e+02;2.6272811e-02;2.2750000e+02;3.6068074e-02;2.2750000e+02;4.7428854e-02;2.2750000e+02;6.0500346e-02;2.2750000e+02;7.5215034e-02;2.2750000e+02;9.0629898e-02;2.2750000e+02;1.0660318e-01;2.2750000e+02;1.2142982e-01;2.2750000e+02;1.3122344e-01;2.2750000e+02;1.4084469e-01;2.2750000e+02;1.6265257e-01;2.2750000e+02;1.9577520e-01;2.2750000e+02;2.3297630e-01;2.2750000e+02;2.4811809e-01;2.2750000e+02;2.5227699e-01;2.2750000e+02;2.4824104e-01;2.2750000e+02;2.3687159e-01;2.2750000e+02;1.8868141e-02;2.2750000e+02;2.6272811e-02;2.2750000e+02;3.6068074e-02;2.2750000e+02;4.7428854e-02;2.2750000e+02;6.0500346e-02;2.2750000e+02;7.5215034e-02;2.2750000e+02;9.0629898e-02;2.2750000e+02;1.0660318e-01;2.2750000e+02;1.2142982e-01;2.2750000e+02;1.3122344e-01;2.2750000e+02;1.4084469e-01;2.2750000e+02;1.6265257e-01;2.2750000e+02;1.9577520e-01;2.2750000e+02;2.3297630e-01;2.2750000e+02;2.4811809e-01;2.2750000e+02;2.5227699e-01;2.2750000e+02;2.4824104e-01;2.2750000e+02;2.3687159e-01;2.2750000e+02;1.8868141e-02;2.2750000e+02;2.6272811e-02;2.2750000e+02;3.6068074e-02;2.2750000e+02;4.7428854e-02;2.2750000e+02;6.0500346e-02;2.2750000e+02;7.5215034e-02;2.2750000e+02;9.0629898e-02;2.2750000e+02;1.0660318e-01;2.2750000e+02;1.2142982e-01;2.2750000e+02;1.3122344e-01;2.2750000e+02;1.4084469e-01;2.2750000e+02;1.6265257e-01;2.2750000e+02;1.9577520e-01;2.2750000e+02;2.3297630e-01;2.2750000e+02;2.4811809e-01;2.2750000e+02;2.5227699e-01;2.2750000e+02;2.4824104e-01;2.2750000e+02;2.3687159e-01;2.2750000e+02;1.8868141e-02;2.2750000e+02;2.6272811e-02;2.2750000e+02;3.6068074e-02;2.2750000e+02;4.7428854e-02;2.2750000e+02;6.0500346e-02;2.2750000e+02;7.5215034e-02;2.2750000e+02;9.0629898e-02;2.2750000e+02;1.0660318e-01;2.2750000e+02;1.2142982e-01;2.2750000e+02;1.3122344e-01;2.2750000e+02;1.4084469e-01;2.2750000e+02;1.6265257e-01;2.2750000e+02;1.9577520e-01;2.2750000e+02;2.3297630e-01;2.2750000e+02;2.4811809e-01;2.2750000e+02;2.5227699e-01;2.2750000e+02;2.4824104e-01;2.2750000e+02;2.3687159e-01;2.2750000e+02;1.8868141e-02;2.2750000e+02;2.6272811e-02;2.2750000e+02;3.6068074e-02;2.2750000e+02;4.7428854e-02;2.2750000e+02;6.0500346e-02;2.2750000e+02;7.5215034e-02;2.2750000e+02;9.0629898e-02;2.2750000e+02;1.0660318e-01;2.2750000e+02;1.2142982e-01;2.2750000e+02;1.3122344e-01;2.2750000e+02;1.4084469e-01;2.2750000e+02;1.6265257e-01;2.2750000e+02;1.9577520e-01;2.2750000e+02;2.3297630e-01;2.2750000e+02;2.4811809e-01;2.2750000e+02;2.5227699e-01;2.2750000e+02;2.4824104e-01;2.2750000e+02;2.3687159e-01;2.2750000e+02;1.8868141e-02;2.2750000e+02;2.6272811e-02;2.2750000e+02;3.6068074e-02;2.2750000e+02;4.7428854e-02;2.2750000e+02;6.0500346e-02;2.2750000e+02;7.5215034e-02;2.2750000e+02;9.0629898e-02;2.2750000e+02;1.0660318e-01;2.2750000e+02;1.2142982e-01;2.2750000e+02;1.3122344e-01;2.2750000e+02;1.4084469e-01;2.2750000e+02;1.6265257e-01;2.2750000e+02;1.9577520e-01;2.2750000e+02;2.3297630e-01;2.2750000e+02;2.4811809e-01;2.2750000e+02;2.5227699e-01;2.2750000e+02;2.4824104e-01;2.2750000e+02;2.3687159e-01;2.2750000e+02;1.8868141e-02;2.2750000e+02;2.6272811e-02;2.2750000e+02;3.6068074e-02;2.2750000e+02;4.7428854e-02;2.2750000e+02;6.0500346e-02;2.2750000e+02;7.5215034e-02;2.2750000e+02;9.0629898e-02;2.2750000e+02;1.0660318e-01;2.2750000e+02;1.2142982e-01;2.2750000e+02;1.3122344e-01;2.2750000e+02;1.4084469e-01;2.2750000e+02;1.6265257e-01;2.2750000e+02;1.9577520e-01;2.2750000e+02;2.3297630e-01;2.2750000e+02;2.4811809e-01;2.2750000e+02;2.5227699e-01;2.2750000e+02;2.4824104e-01;2.2750000e+02;2.3687159e-01;2.2750000e+02;1.8868141e-02;2.2750000e+02;2.6272811e-02;2.2750000e+02;3.6068074e-02;2.2750000e+02;4.7428854e-02;2.2750000e+02;6.0500346e-02;2.2750000e+02;7.5215034e-02;2.2750000e+02;9.0629898e-02;2.2750000e+02;1.0660318e-01;2.2750000e+02;1.2142982e-01;2.2750000e+02;1.3122344e-01;2.2750000e+02;1.4084469e-01;2.2750000e+02;1.6265257e-01;2.2750000e+02;1.9577520e-01;2.2750000e+02;2.3297630e-01;2.2750000e+02;2.4811809e-01;2.2750000e+02;2.5227699e-01;2.2750000e+02;2.4824104e-01;2.2750000e+02;2.3687159e-01;2.2750000e+02;1.8868141e-02;2.2750000e+02;2.6272811e-02;2.2750000e+02;3.6068074e-02;2.2750000e+02;4.7428854e-02;2.2750000e+02;6.0500346e-02;2.2750000e+02;7.5215034e-02;2.2750000e+02;9.0629898e-02;2.2750000e+02;1.0660318e-01;2.2750000e+02;1.2142982e-01;2.2750000e+02;1.3122344e-01;2.2750000e+02;1.4084469e-01;2.2750000e+02;1.6265257e-01;2.2750000e+02;1.9577520e-01;2.2750000e+02;2.3297630e-01;2.2750000e+02;2.4811809e-01;2.2750000e+02;2.5227699e-01;2.2750000e+02;2.4824104e-01;2.2750000e+02;2.3687159e-01;2.2750000e+02;1.8868141e-02;2.2750000e+02;2.6272811e-02;2.2750000e+02;3.6068074e-02;2.2750000e+02;4.7428854e-02;2.2750000e+02;6.0500346e-02;2.2750000e+02;7.5215034e-02;2.2750000e+02;9.0629898e-02;2.2750000e+02;1.0660318e-01;2.2750000e+02;1.2142982e-01;2.2750000e+02;1.3122344e-01;2.2750000e+02;1.4084469e-01;2.2750000e+02;1.6265257e-01;2.2750000e+02;1.9577520e-01;2.2750000e+02;2.3297630e-01;2.2750000e+02;2.4811809e-01;2.2750000e+02;2.5227699e-01;2.2750000e+02;2.4824104e-01;2.2750000e+02;2.3687159e-01;2.2750000e+02;1.8868141e-02;2.2750000e+02;2.6272811e-02;2.2750000e+02;3.6068074e-02;2.2750000e+02;4.7428854e-02;2.2750000e+02;6.0500346e-02;2.2750000e+02;7.5215034e-02;2.2750000e+02;9.0629898e-02;2.2750000e+02;1.0660318e-01;2.2750000e+02;1.2142982e-01;2.2750000e+02;1.3122344e-01;2.2750000e+02;1.4084469e-01;2.2750000e+02;1.6265257e-01;2.2750000e+02;1.9577520e-01;2.2750000e+02;2.3297630e-01;2.2750000e+02;2.4811809e-01;2.2750000e+02;2.5227699e-01;2.2750000e+02;2.4824104e-01;2.2750000e+02;2.3687159e-01;2.2750000e+02;1.8868141e-02;2.2750000e+02;2.6272811e-02;2.2750000e+02;3.6068074e-02;2.2750000e+02;4.7428854e-02;2.2750000e+02;6.0500346e-02;2.2750000e+02;7.5215034e-02;2.2750000e+02;9.0629898e-02;2.2750000e+02;1.0660318e-01;2.2750000e+02;1.2142982e-01;2.2750000e+02;1.3122344e-01;2.2750000e+02;1.4084469e-01;2.2750000e+02;1.6265257e-01;2.2750000e+02;1.9577520e-01;2.2750000e+02;2.3297630e-01;2.2750000e+02;2.4811809e-01;2.2750000e+02;2.5227699e-01;2.2750000e+02;2.4824104e-01;2.2750000e+02;2.3687159e-01;2.2750000e+02;1.8868141e-02;2.2750000e+02;2.6272811e-02;2.2750000e+02;3.6068074e-02;2.2750000e+02;4.7428854e-02;2.2750000e+02;6.0500346e-02;2.2750000e+02;7.5215034e-02;2.2750000e+02;9.0629898e-02;2.2750000e+02;1.0660318e-01;2.2750000e+02;1.2142982e-01;2.2750000e+02;1.3122344e-01;2.2750000e+02;1.4084469e-01;2.2750000e+02;1.6265257e-01;2.2750000e+02;1.9577520e-01;2.2750000e+02;2.3297630e-01;2.2750000e+02;2.4811809e-01;2.2750000e+02;2.5227699e-01;2.2750000e+02;2.4824104e-01;2.2750000e+02;2.3687159e-01;2.2750000e+02;1.8868141e-02;2.2750000e+02;2.6272811e-02;2.2750000e+02;3.6068074e-02;2.2750000e+02;4.7428854e-02;2.2750000e+02;6.0500346e-02;2.2750000e+02;7.5215034e-02;2.2750000e+02;9.0629898e-02;2.2750000e+02;1.0660318e-01;2.2750000e+02;1.2142982e-01;2.2750000e+02;1.3122344e-01;2.2750000e+02;1.4084469e-01;2.2750000e+02;1.6265257e-01;2.2750000e+02;1.9577520e-01;2.2750000e+02;2.3297630e-01;2.2750000e+02;2.4811809e-01;2.2750000e+02;2.5227699e-01;2.2750000e+02;2.4824104e-01;2.2750000e+02;2.3687159e-01;2.2750000e+02;1.8868141e-02;2.2750000e+02;2.6272811e-02;2.2750000e+02;3.6068074e-02;2.2750000e+02;4.7428854e-02;2.2750000e+02;6.0500346e-02;2.2750000e+02;7.5215034e-02;2.2750000e+02;9.0629898e-02;2.2750000e+02;1.0660318e-01;2.2750000e+02;1.2142982e-01;2.2750000e+02;1.3122344e-01;2.2750000e+02;1.4084469e-01;2.2750000e+02;1.6265257e-01;2.2750000e+02;1.9577520e-01;2.2750000e+02;2.3297630e-01;2.2750000e+02;2.4811809e-01;2.2750000e+02;2.5227699e-01;2.2750000e+02;2.4824104e-01;2.2750000e+02;2.3687159e-01
2.3250000e+02;1.7892675e-02;2.3250000e+02;2.3897210e-02;2.3250000e+02;3.2075129e-02;2.3250000e+02;4.2276166e-02;2.3250000e+02;5.4471351e-02;2.3250000e+02;6.8191648e-02;2.3250000e+02;8.3724305e-02;2.3250000e+02;9.9538103e-02;2.3250000e+02;1.1521624e-01;2.3250000e+02;1.2508291e-01;2.3250000e+02;1.3494210e-01;2.3250000e+02;1.5670671e-01;2.3250000e+02;1.9047315e-01;2.3250000e+02;2.2806561e-01;2.3250000e+02;2.4321258e-01;2.3250000e+02;2.4741563e-01;2.3250000e+02;2.4322362e-01;2.3250000e+02;2.3144631e-01;2.3250000e+02;1.7892675e-02;2.3250000e+02;2.3897210e-02;2.3250000e+02;3.2075129e-02;2.3250000e+02;4.2276166e-02;2.3250000e+02;5.4471351e-02;2.3250000e+02;6.8191648e-02;2.3250000e+02;8.3724305e-02;2.3250000e+02;9.9538103e-02;2.3250000e+02;1.1521624e-01;2.3250000e+02;1.2508291e-01;2.3250000e+02;1.3494210e-01;2.3250000e+02;1.5670671e-01;2.3250000e+02;1.9047315e-01;2.3250000e+02;2.2806561e-01;2.3250000e+02;2.4321258e-01;2.3250000e+02;2.4741563e-01;2.3250000e+02;2.4322362e-01;2.3250000e+02;2.3144631e-01;2.3250000e+02;1.7892675e-02;2.3250000e+02;2.3897210e-02;2.3250000e+02;3.2075129e-02;2.3250000e+02;4.2276166e-02;2.3250000e+02;5.4471351e-02;2.3250000e+02;6.8191648e-02;2.3250000e+02;8.3724305e-02;2.3250000e+02;9.9538103e-02;2.3250000e+02;1.1521624e-01;2.3250000e+02;1.2508291e-01;2.3250000e+02;1.3494210e-01;2.3250000e+02;1.5670671e-01;2.3250000e+02;1.9047315e-01;2.3250000e+02;2.2806561e-01;2.3250000e+02;2.4321258e-01;2.3250000e+02;2.4741563e-01;2.3250000e+02;2.4322362e-01;2.3250000e+02;2.3144631e-01;2.3250000e+02;1.7892675e-02;2.3250000e+02;2.3897210e-02;2.3250000e+02;3.2075129e-02;2.3250000e+02;4.2276166e-02;2.3250000e+02;5.4471351e-02;2.3250000e+02;6.8191648e-02;2.3250000e+02;8.3724305e-02;2.3250000e+02;9.9538103e-02;2.3250000e+02;1.1521624e-01;2.3250000e+02;1.2508291e-01;2.3250000e+02;1.3494210e-01;2.3250000e+02;1.5670671e-01;2.3250000e+02;1.9047315e-01;2.3250000e+02;2.2806561e-01;2.3250000e+02;2.4321258e-01;2.3250000e+02;2.4741563e-01;2.3250000e+02;2.4322362e-01;2.3250000e+02;2.3144631e-01;2.3250000e+02;1.7892675e-02;2.3250000e+02;2.3897210e-02;2.3250000e+02;3.2075129e-02;2.3250000e+02;4.2276166e-02;2.3250000e+02;5.4471351e-02;2.3250000e+02;6.8191648e-02;2.3250000e+02;8.3724305e-02;2.3250000e+02;9.9538103e-02;2.3250000e+02;1.1521624e-01;2.3250000e+02;1.2508291e-01;2.3250000e+02;1.3494210e-01;2.3250000e+02;1.5670671e-01;2.3250000e+02;1.9047315e-01;2.3250000e+02;2.2806561e-01;2.3250000e+02;2.4321258e-01;2.3250000e+02;2.4741563e-01;2.3250000e+02;2.4322362e-01;2.3250000e+02;2.3144631e-01;2.3250000e+02;1.7892675e-02;2.3250000e+02;2.3897210e-02;2.3250000e+02;3.2075129e-02;2.3250000e+02;4.2276166e-02;2.3250000e+02;5.4471351e-02;2.3250000e+02;6.8191648e-02;2.3250000e+02;8.3724305e-02;2.3250000e+02;9.9538103e-02;2.3250000e+02;1.1521624e-01;2.3250000e+02;1.2508291e-01;2.3250000e+02;1.3494210e-01;2.3250000e+02;1.5670671e-01;2.3250000e+02;1.9047315e-01;2.3250000e+02;2.2806561e-01;2.3250000e+02;2.4321258e-01;2.3250000e+02;2.4741563e-01;2.3250000e+02;2.4322362e-01;2.3250000e+02;2.3144631e-01;2.3250000e+02;1.7892675e-02;2.3250000e+02;2.3897210e-02;2.3250000e+02;3.2075129e-02;2.3250000e+02;4.2276166e-02;2.3250000e+02;5.4471351e-02;2.3250000e+02;6.8191648e-02;2.3250000e+02;8.3724305e-02;2.3250000e+02;9.9538103e-02;2.3250000e+02;1.1521624e-01;2.3250000e+02;1.2508291e-01;2.3250000e+02;1.3494210e-01;2.3250000e+02;1.5670671e-01;2.3250000e+02;1.9047315e-01;2.3250000e+02;2.2806561e-01;2.3250000e+02;2.4321258e-01;2.3250000e+02;2.4741563e-01;2.3250000e+02;2.4322362e-01;2.3250000e+02;2.3144631e-01;2.3250000e+02;1.7892675e-02;2.3250000e+02;2.3897210e-02;2.3250000e+02;3.2075129e-02;2.3250000e+02;4.2276166e-02;2.3250000e+02;5.4471351e-02;2.3250000e+02;6.8191648e-02;2.3250000e+02;8.3724305e-02;2.3250000e+02;9.9538103e-02;2.3250000e+02;1.1521624e-01;2.3250000e+02;1.2508291e-01;2.3250000e+02;1.3494210e-01;2.3250000e+02;1.5670671e-01;2.3250000e+02;1.9047315e-01;2.3250000e+02;2.2806561e-01;2.3250000e+02;2.4321258e-01;2.3250000e+02;2.4741563e-01;2.3250000e+02;2.4322362e-01;2.3250000e+02;2.3144631e-01;2.3250000e+02;1.7892675e-02;2.3250000e+02;2.3897210e-02;2.3250000e+02;3.2075129e-02;2.3250000e+02;4.2276166e-02;2.3250000e+02;5.4471351e-02;2.3250000e+02;6.8191648e-02;2.3250000e+02;8.3724305e-02;2.3250000e+02;9.9538103e-02;2.3250000e+02;1.1521624e-01;2.3250000e+02;1.2508291e-01;2.3250000e+02;1.3494210e-01;2.3250000e+02;1.5670671e-01;2.3250000e+02;1.9047315e-01;2.3250000e+02;2.2806561e-01;2.3250000e+02;2.4321258e-01;2.3250000e+02;2.4741563e-01;2.3250000e+02;2.4322362e-01;2.3250000e+02;2.3144631e-01;2.3250000e+02;1.7892675e-02;2.3250000e+02;2.3897210e-02;2.3250000e+02;3.2075129e-02;2.3250000e+02;4.2276166e-02;2.3250000e+02;5.4471351e-02;2.3250000e+02;6.8191648e-02;2.3250000e+02;8.3724305e-02;2.3250000e+02;9.9538103e-02;2.3250000e+02;1.1521624e-01;2.3250000e+02;1.2508291e-01;2.3250000e+02;1.3494210e-01;2.3250000e+02;1.5670671e-01;2.3250000e+02;1.9047315e-01;2.3250000e+02;2.2806561e-01;2.3250000e+02;2.4321258e-01;2.3250000e+02;2.4741563e-01;2.3250000e+02;2.4322362e-01;2.3250000e+02;2.3144631e-01;2.3250000e+02;1.7892675e-02;2.3250000e+02;2.3897210e-02;2.3250000e+02;3.2075129e-02;2.3250000e+02;4.2276166e-02;2.3250000e+02;5.4471351e-02;2.3250000e+02;6.8191648e-02;2.3250000e+02;8.3724305e-02;2.3250000e+02;9.9538103e-02;2.3250000e+02;1.1521624e-01;2.3250000e+02;1.2508291e-01;2.3250000e+02;1.3494210e-01;2.3250000e+02;1.5670671e-01;2.3250000e+02;1.9047315e-01;2.3250000e+02;2.2806561e-01;2.3250000e+02;2.4321258e-01;2.3250000e+02;2.4741563e-01;2.3250000e+02;2.4322362e-01;2.3250000e+02;2.3144631e-01;2.3250000e+02;1.7892675e-02;2.3250000e+02;2.3897210e-02;2.3250000e+02;3.2075129e-02;2.3250000e+02;4.2276166e-02;2.3250000e+02;5.4471351e-02;2.3250000e+02;6.8191648e-02;2.3250000e+02;8.3724305e-02;2.3250000e+02;9.9538103e-02;2.3250000e+02;1.1521624e-01;2.3250000e+02;1.2508291e-01;2.3250000e+02;1.3494210e-01;2.3250000e+02;1.5670671e-01;2.3250000e+02;1.9047315e-01;2.3250000e+02;2.2806561e-01;2.3250000e+02;2.4321258e-01;2.3250000e+02;2.4741563e-01;2.3250000e+02;2.4322362e-01;2.3250000e+02;2.3144631e-01;2.3250000e+02;1.7892675e-02;2.3250000e+02;2.3897210e-02;2.3250000e+02;3.2075129e-02;2.3250000e+02;4.2276166e-02;2.3250000e+02;5.4471351e-02;2.3250000e+02;6.8191648e-02;2.3250000e+02;8.3724305e-02;2.3250000e+02;9.9538103e-02;2.3250000e+02;1.1521624e-01;2.3250000e+02;1.2508291e-01;2.3250000e+02;1.3494210e-01;2.3250000e+02;1.5670671e-01;2.3250000e+02;1.9047315e-01;2.3250000e+02;2.2806561e-01;2.3250000e+02;2.4321258e-01;2.3250000e+02;2.4741563e-01;2.3250000e+02;2.4322362e-01;2.3250000e+02;2.3144631e-01;2.3250000e+02;1.7892675e-02;2.3250000e+02;2.3897210e-02;2.3250000e+02;3.2075129e-02;2.3250000e+02;4.2276166e-02;2.3250000e+02;5.4471351e-02;2.3250000e+02;6.8191648e-02;2.3250000e+02;8.3724305e-02;2.3250000e+02;9.9538103e-02;2.3250000e+02;1.1521624e-01;2.3250000e+02;1.2508291e-01;2.3250000e+02;1.3494210e-01;2.3250000e+02;1.5670671e-01;2.3250000e+02;1.9047315e-01;2.3250000e+02;2.2806561e-01;2.3250000e+02;2.4321258e-01;2.3250000e+02;2.4741563e-01;2.3250000e+02;2.4322362e-01;2.3250000e+02;2.3144631e-01;2.3250000e+02;1.7892675e-02;2.3250000e+02;2.3897210e-02;2.3250000e+02;3.2075129e-02;2.3250000e+02;4.2276166e-02;2.3250000e+02;5.4471351e-02;2.3250000e+02;6.8191648e-02;2.3250000e+02;8.3724305e-02;2.3250000e+02;9.9538103e-02;2.3250000e+02;1.1521624e-01;2.3250000e+02;1.2508291e-01;2.3250000e+02;1.3494210e-01;2.3250000e+02;1.5670671e-01;2.3250000e+02;1.9047315e-01;2.3250000e+02;2.2806561e-01;2.3250000e+02;2.4321258e-01;2.3250000e+02;2.4741563e-01;2.3250000e+02;2.4322362e-01;2.3250000e+02;2.3144631e-01;2.3250000e+02;1.7892675e-02;2.3250000e+02;2.3897210e-02;2.3250000e+02;3.2075129e-02;2.3250000e+02;4.2276166e-02;2.3250000e+02;5.4471351e-02;2.3250000e+02;6.8191648e-02;2.3250000e+02;8.3724305e-02;2.3250000e+02;9.9538103e-02;2.3250000e+02;1.1521624e-01;2.3250000e+02;1.2508291e-01;2.3250000e+02;1.3494210e-01;2.3250000e+02;1.5670671e-01;2.3250000e+02;1.9047315e-01;2.3250000e+02;2.2806561e-01;2.3250000e+02;2.4321258e-01;2.3250000e+02;2.4741563e-01;2.3250000e+02;2.4322362e-01;2.3250000e+02;2.3144631e-01;2.3250000e+02;1.7892675e-02;2.3250000e+02;2.3897210e-02;2.3250000e+02;3.2075129e-02;2.3250000e+02;4.2276166e-02;2.3250000e+02;5.4471351e-02;2.3250000e+02;6.8191648e-02;2.3250000e+02;8.3724305e-02;2.3250000e+02;9.9538103e-02;2.3250000e+02;1.1521624e-01;2.3250000e+02;1.2508291e-01;2.3250000e+02;1.3494210e-01;2.3250000e+02;1.5670671e-01;2.3250000e+02;1.9047315e-01;2.3250000e+02;2.2806561e-01;2.3250000e+02;2.4321258e-01;2.3250000e+02;2.4741563e-01;2.3250000e+02;2.4322362e-01;2.3250000e+02;2.3144631e-01;2.3250000e+02;1.7892675e-02;2.3250000e+02;2.3897210e-02;2.3250000e+02;3.2075129e-02;2.3250000e+02;4.2276166e-02;2.3250000e+02;5.4471351e-02;2.3250000e+02;6.8191648e-02;2.3250000e+02;8.3724305e-02;2.3250000e+02;9.9538103e-02;2.3250000e+02;1.1521624e-01;2.3250000e+02;1.2508291e-01;2.3250000e+02;1.3494210e-01;2.3250000e+02;1.5670671e-01;2.3250000e+02;1.9047315e-01;2.3250000e+02;2.2806561e-01;2.3250000e+02;2.4321258e-01;2.3250000e+02;2.4741563e-01;2.3250000e+02;2.4322362e-01;2.3250000e+02;2.3144631e-01;2.3250000e+02;1.7892675e-02;2.3250000e+02;2.3897210e-02;2.3250000e+02;3.2075129e-02;2.3250000e+02;4.2276166e-02;2.3250000e+02;5.4471351e-02;2.3250000e+02;6.8191648e-02;2.3250000e+02;8.3724305e-02;2.3250000e+02;9.9538103e-02;2.3250000e+02;1.1521624e-01;2.3250000e+02;1.2508291e-01;2.3250000e+02;1.3494210e-01;2.3250000e+02;1.5670671e-01;2.3250000e+02;1.9047315e-01;2.3250000e+02;2.2806561e-01;2.3250000e+02;2.4321258e-01;2.3250000e+02;2.4741563e-01;2.3250000e+02;2.4322362e-01;2.3250000e+02;2.3144631e-01;2.3250000e+02;1.7892675e-02;2.3250000e+02;2.3897210e-02;2.3250000e+02;3.2075129e-02;2.3250000e+02;4.2276166e-02;2.3250000e+02;5.4471351e-02;2.3250000e+02;6.8191648e-02;2.3250000e+02;8.3724305e-02;2.3250000e+02;9.9538103e-02;2.3250000e+02;1.1521624e-01;2.3250000e+02;1.2508291e-01;2.3250000e+02;1.3494210e-01;2.3250000e+02;1.5670671e-01;2.3250000e+02;1.9047315e-01;2.3250000e+02;2.2806561e-01;2.3250000e+02;2.4321258e-01;2.3250000e+02;2.4741563e-01;2.3250000e+02;2.4322362e-01;2.3250000e+02;2.3144631e-01;2.3250000e+02;1.7892675e-02;2.3250000e+02;2.3897210e-02;2.3250000e+02;3.2075129e-02;2.3250000e+02;4.2276166e-02;2.3250000e+02;5.4471351e-02;2.3250000e+02;6.8191648e-02;2.3250000e+02;8.3724305e-02;2.3250000e+02;9.9538103e-02;2.3250000e+02;1.1521624e-01;2.3250000e+02;1.2508291e-01;2.3250000e+02;1.3494210e-01;2.3250000e+02;1.5670671e-01;2.3250000e+02;1.9047315e-01;2.3250000e+02;2.2806561e-01;2.3250000e+02;2.4321258e-01;2.3250000e+02;2.4741563e-01;2.3250000e+02;2.4322362e-01;2.3250000e+02;2.3144631e-01;2.3250000e+02;1.7892675e-02;2.3250000e+02;2.3897210e-02;2.3250000e+02;3.2075129e-02;2.3250000e+02;4.2276166e-02;2.3250000e+02;5.4471351e-02;2.3250000e+02;6.8191648e-02;2.3250000e+02;8.3724305e-02;2.3250000e+02;9.9538103e-02;2.3250000e+02;1.1521624e-01;2.3250000e+02;1.2508291e-01;2.3250000e+02;1.3494210e-01;2.3250000e+02;1.5670671e-01;2.3250000e+02;1.9047315e-01;2.3250000e+02;2.2806561e-01;2.3250000e+02;2.4321258e-01;2.3250000e+02;2.4741563e-01;2.3250000e+02;2.4322362e-01;2.3250000e+02;2.3144631e-01;2.3250000e+02;1.7892675e-02;2.3250000e+02;2.3897210e-02;2.3250000e+02;3.2075129e-02;2.3250000e+02;4.2276166e-02;2.3250000e+02;5.4471351e-02;2.3250000e+02;6.8191648e-02;2.3250000e+02;8.3724305e-02;2.3250000e+02;9.9538103e-02;2.3250000e+02;1.1521624e-01;2.3250000e+02;1.2508291e-01;2.3250000e+02;1.3494210e-01;2.3250000e+02;1.5670671e-01;2.3250000e+02;1.9047315e-01;2.3250000e+02;2.2806561e-01;2.3250000e+02;2.4321258e-01;2.3250000e+02;2.4741563e-01;2.3250000e+02;2.4322362e-01;2.3250000e+02;2.3144631e-01;2.3250000e+02;1.7892675e-02;2.3250000e+02;2.3897210e-02;2.3250000e+02;3.2075129e-02;2.3250000e+02;4.2276166e-02;2.3250000e+02;5.4471351e-02;2.3250000e+02;6.8191648e-02;2.3250000e+02;8.3724305e-02;2.3250000e+02;9.9538103e-02;2.3250000e+02;1.1521624e-01;2.3250000e+02;1.2508291e-01;2.3250000e+02;1.3494210e-01;2.3250000e+02;1.5670671e-01;2.3250000e+02;1.9047315e-01;2.3250000e+02;2.2806561e-01;2.3250000e+02;2.4321258e-01;2.3250000e+02;2.4741563e-01;2.3250000e+02;2.4322362e-01;2.3250000e+02;2.3144631e-01;2.3250000e+02;1.7892675e-02;2.3250000e+02;2.3897210e-02;2.3250000e+02;3.2075129e-02;2.3250000e+02;4.2276166e-02;2.3250000e+02;5.4471351e-02;2.3250000e+02;6.8191648e-02;2.3250000e+02;8.3724305e-02;2.3250000e+02;9.9538103e-02;2.3250000e+02;1.1521624e-01;2.3250000e+02;1.2508291e-01;2.3250000e+02;1.3494210e-01;2.3250000e+02;1.5670671e-01;2.3250000e+02;1.9047315e-01;2.3250000e+02;2.2806561e-01;2.3250000e+02;2.4321258e-01;2.3250000e+02;2.4741563e-01;2.3250000e+02;2.4322362e-01;2.3250000e+02;2.3144631e-01;2.3250000e+02;1.7892675e-02;2.3250000e+02;2.3897210e-02;2.3250000e+02;3.2075129e-02;2.3250000e+02;4.2276166e-02;2.3250000e+02;5.4471351e-02;2.3250000e+02;6.8191648e-02;2.3250000e+02;8.3724305e-02;2.3250000e+02;9.9538103e-02;2.3250000e+02;1.1521624e-01;2.3250000e+02;1.2508291e-01;2.3250000e+02;1.3494210e-01;2.3250000e+02;1.5670671e-01;2.3250000e+02;1.9047315e-01;2.3250000e+02;2.2806561e-01;2.3250000e+02;2.4321258e-01;2.3250000e+02;2.4741563e-01;2.3250000e+02;2.4322362e-01;2.3250000e+02;2.3144631e-01;2.3250000e+02;1.7892675e-02;2.3250000e+02;2.3897210e-02;2.3250000e+02;3.2075129e-02;2.3250000e+02;4.2276166e-02;2.3250000e+02;5.4471351e-02;2.3250000e+02;6.8191648e-02;2.3250000e+02;8.3724305e-02;2.3250000e+02;9.9538103e-02;2.3250000e+02;1.1521624e-01;2.3250000e+02;1.2508291e-01;2.3250000e+02;1.3494210e-01;2.3250000e+02;1.5670671e-01;2.3250000e+02;1.9047315e-01;2.3250000e+02;2.2806561e-01;2.3250000e+02;2.4321258e-01;2.3250000e+02;2.4741563e-01;2.3250000e+02;2.4322362e-01;2.3250000e+02;2.3144631e-01;2.3250000e+02;1.7892675e-02;2.3250000e+02;2.3897210e-02;2.3250000e+02;3.2075129e-02;2.3250000e+02;4.2276166e-02;2.3250000e+02;5.4471351e-02;2.3250000e+02;6.8191648e-02;2.3250000e+02;8.3724305e-02;2.3250000e+02;9.9538103e-02;2.3250000e+02;1.1521624e-01;2.3250000e+02;1.2508291e-01;2.3250000e+02;1.3494210e-01;2.3250000e+02;1.5670671e-01;2.3250000e+02;1.9047315e-01;2.3250000e+02;2.2806561e-01;2.3250000e+02;2.4321258e-01;2.3250000e+02;2.4741563e-01;2.3250000e+02;2.4322362e-01;2.3250000e+02;2.3144631e-01;2.3250000e+02;1.7892675e-02;2.3250000e+02;2.3897210e-02;2.3250000e+02;3.2075129e-02;2.3250000e+02;4.2276166e-02;2.3250000e+02;5.4471351e-02;2.3250000e+02;6.8191648e-02;2.3250000e+02;8.3724305e-02;2.3250000e+02;9.9538103e-02;2.3250000e+02;1.1521624e-01;2.3250000e+02;1.2508291e-01;2.3250000e+02;1.3494210e-01;2.3250000e+02;1.5670671e-01;2.3250000e+02;1.9047315e-01;2.3250000e+02;2.2806561e-01;2.3250000e+02;2.4321258e-01;2.3250000e+02;2.4741563e-01;2.3250000e+02;2.4322362e-01;2.3250000e+02;2.3144631e-01;2.3250000e+02;1.7892675e-02;2.3250000e+02;2.3897210e-02;2.3250000e+02;3.2075129e-02;2.3250000e+02;4.2276166e-02;2.3250000e+02;5.4471351e-02;2.3250000e+02;6.8191648e-02;2.3250000e+02;8.3724305e-02;2.3250000e+02;9.9538103e-02;2.3250000e+02;1.1521624e-01;2.3250000e+02;1.2508291e-01;2.3250000e+02;1.3494210e-01;2.3250000e+02;1.5670671e-01;2.3250000e+02;1.9047315e-01;2.3250000e+02;2.2806561e-01;2.3250000e+02;2.4321258e-01;2.3250000e+02;2.4741563e-01;2.3250000e+02;2.4322362e-01;2.3250000e+02;2.3144631e-01;2.3250000e+02;1.7892675e-02;2.3250000e+02;2.3897210e-02;2.3250000e+02;3.2075129e-02;2.3250000e+02;4.2276166e-02;2.3250000e+02;5.4471351e-02;2.3250000e+02;6.8191648e-02;2.3250000e+02;8.3724305e-02;2.3250000e+02;9.9538103e-02;2.3250000e+02;1.1521624e-01;2.3250000e+02;1.2508291e-01;2.3250000e+02;1.3494210e-01;2.3250000e+02;1.5670671e-01;2.3250000e+02;1.9047315e-01;2.3250000e+02;2.2806561e-01;2.3250000e+02;2.4321258e-01;2.3250000e+02;2.4741563e-01;2.3250000e+02;2.4322362e-01;2.3250000e+02;2.3144631e-01;2.3250000e+02;1.7892675e-02;2.3250000e+02;2.3897210e-02;2.3250000e+02;3.2075129e-02;2.3250000e+02;4.2276166e-02;2.3250000e+02;5.4471351e-02;2.3250000e+02;6.8191648e-02;2.3250000e+02;8.3724305e-02;2.3250000e+02;9.9538103e-02;2.3250000e+02;1.1521624e-01;2.3250000e+02;1.2508291e-01;2.3250000e+02;1.3494210e-01;2.3250000e+02;1.5670671e-01;2.3250000e+02;1.9047315e-01;2.3250000e+02;2.2806561e-01;2.3250000e+02;2.4321258e-01;2.3250000e+02;2.4741563e-01;2.3250000e+02;2.4322362e-01;2.3250000e+02;2.3144631e-01;2.3250000e+02;1.7892675e-02;2.3250000e+02;2.3897210e-02;2.3250000e+02;3.2075129e-02;2.3250000e+02;4.2276166e-02;2.3250000e+02;5.4471351e-02;2.3250000e+02;6.8191648e-02;2.3250000e+02;8.3724305e-02;2.3250000e+02;9.9538103e-02;2.3250000e+02;1.1521624e-01;2.3250000e+02;1.2508291e-01;2.3250000e+02;1.3494210e-01;2.3250000e+02;1.5670671e-01;2.3250000e+02;1.9047315e-01;2.3250000e+02;2.2806561e-01;2.3250000e+02;2.4321258e-01;2.3250000e+02;2.4741563e-01;2.3250000e+02;2.4322362e-01;2.3250000e+02;2.3144631e-01;2.3250000e+02;1.7892675e-02;2.3250000e+02;2.3897210e-02;2.3250000e+02;3.2075129e-02;2.3250000e+02;4.2276166e-02;2.3250000e+02;5.4471351e-02;2.3250000e+02;6.8191648e-02;2.3250000e+02;8.3724305e-02;2.3250000e+02;9.9538103e-02;2.3250000e+02;1.1521624e-01;2.3250000e+02;1.2508291e-01;2.3250000e+02;1.3494210e-01;2.3250000e+02;1.5670671e-01;2.3250000e+02;1.9047315e-01;2.3250000e+02;2.2806561e-01;2.3250000e+02;2.4321258e-01;2.3250000e+02;2.4741563e-01;2.3250000e+02;2.4322362e-01;2.3250000e+02;2.3144631e-01;2.3250000e+02;1.7892675e-02;2.3250000e+02;2.3897210e-02;2.3250000e+02;3.2075129e-02;2.3250000e+02;4.2276166e-02;2.3250000e+02;5.4471351e-02;2.3250000e+02;6.8191648e-02;2.3250000e+02;8.3724305e-02;2.3250000e+02;9.9538103e-02;2.3250000e+02;1.1521624e-01;2.3250000e+02;1.2508291e-01;2.3250000e+02;1.3494210e-01;2.3250000e+02;1.5670671e-01;2.3250000e+02;1.9047315e-01;2.3250000e+02;2.2806561e-01;2.3250000e+02;2.4321258e-01;2.3250000e+02;2.4741563e-01;2.3250000e+02;2.4322362e-01;2.3250000e+02;2.3144631e-01;2.3250000e+02;1.7892675e-02;2.3250000e+02;2.3897210e-02;2.3250000e+02;3.2075129e-02;2.3250000e+02;4.2276166e-02;2.3250000e+02;5.4471351e-02;2.3250000e+02;6.8191648e-02;2.3250000e+02;8.3724305e-02;2.3250000e+02;9.9538103e-02;2.3250000e+02;1.1521624e-01;2.3250000e+02;1.2508291e-01;2.3250000e+02;1.3494210e-01;2.3250000e+02;1.5670671e-01;2.3250000e+02;1.9047315e-01;2.3250000e+02;2.2806561e-01;2.3250000e+02;2.4321258e-01;2.3250000e+02;2.4741563e-01;2.3250000e+02;2.4322362e-01;2.3250000e+02;2.3144631e-01;2.3250000e+02;1.7892675e-02;2.3250000e+02;2.3897210e-02;2.3250000e+02;3.2075129e-02;2.3250000e+02;4.2276166e-02;2.3250000e+02;5.4471351e-02;2.3250000e+02;6.8191648e-02;2.3250000e+02;8.3724305e-02;2.3250000e+02;9.9538103e-02;2.3250000e+02;1.1521624e-01;2.3250000e+02;1.2508291e-01;2.3250000e+02;1.3494210e-01;2.3250000e+02;1.5670671e-01;2.3250000e+02;1.9047315e-01;2.3250000e+02;2.2806561e-01;2.3250000e+02;2.4321258e-01;2.3250000e+02;2.4741563e-01;2.3250000e+02;2.4322362e-01;2.3250000e+02;2.3144631e-01;2.3250000e+02;1.7892675e-02;2.3250000e+02;2.3897210e-02;2.3250000e+02;3.2075129e-02;2.3250000e+02;4.2276166e-02;2.3250000e+02;5.4471351e-02;2.3250000e+02;6.8191648e-02;2.3250000e+02;8.3724305e-02;2.3250000e+02;9.9538103e-02;2.3250000e+02;1.1521624e-01;2.3250000e+02;1.2508291e-01;2.3250000e+02;1.3494210e-01;2.3250000e+02;1.5670671e-01;2.3250000e+02;1.9047315e-01;2.3250000e+02;2.2806561e-01;2.3250000e+02;2.4321258e-01;2.3250000e+02;2.4741563e-01;2.3250000e+02;2.4322362e-01;2.3250000e+02;2.3144631e-01;2.3250000e+02;1.7892675e-02;2.3250000e+02;2.3897210e-02;2.3250000e+02;3.2075129e-02;2.3250000e+02;4.2276166e-02;2.3250000e+02;5.4471351e-02;2.3250000e+02;6.8191648e-02;2.3250000e+02;8.3724305e-02;2.3250000e+02;9.9538103e-02;2.3250000e+02;1.1521624e-01;2.3250000e+02;1.2508291e-01;2.3250000e+02;1.3494210e-01;2.3250000e+02;1.5670671e-01;2.3250000e+02;1.9047315e-01;2.3250000e+02;2.2806561e-01;2.3250000e+02;2.4321258e-01;2.3250000e+02;2.4741563e-01;2.3250000e+02;2.4322362e-01;2.3250000e+02;2.3144631e-01;2.3250000e+02;1.7892675e-02;2.3250000e+02;2.3897210e-02;2.3250000e+02;3.2075129e-02;2.3250000e+02;4.2276166e-02;2.3250000e+02;5.4471351e-02;2.3250000e+02;6.8191648e-02;2.3250000e+02;8.3724305e-02;2.3250000e+02;9.9538103e-02;2.3250000e+02;1.1521624e-01;2.3250000e+02;1.2508291e-01;2.3250000e+02;1.3494210e-01;2.3250000e+02;1.5670671e-01;2.3250000e+02;1.9047315e-01;2.3250000e+02;2.2806561e-01;2.3250000e+02;2.4321258e-01;2.3250000e+02;2.4741563e-01;2.3250000e+02;2.4322362e-01;2.3250000e+02;2.3144631e-01;2.3250000e+02;1.7892675e-02;2.3250000e+02;2.3897210e-02;2.3250000e+02;3.2075129e-02;2.3250000e+02;4.2276166e-02;2.3250000e+02;5.4471351e-02;2.3250000e+02;6.8191648e-02;2.3250000e+02;8.3724305e-02;2.3250000e+02;9.9538103e-02;2.3250000e+02;1.1521624e-01;2.3250000e+02;1.2508291e-01;2.3250000e+02;1.3494210e-01;2.3250000e+02;1.5670671e-01;2.3250000e+02;1.9047315e-01;2.3250000e+02;2.2806561e-01;2.3250000e+02;2.4321258e-01;2.3250000e+02;2.4741563e-01;2.3250000e+02;2.4322362e-01;2.3250000e+02;2.3144631e-01;2.3250000e+02;1.7892675e-02;2.3250000e+02;2.3897210e-02;2.3250000e+02;3.2075129e-02;2.3250000e+02;4.2276166e-02;2.3250000e+02;5.4471351e-02;2.3250000e+02;6.8191648e-02;2.3250000e+02;8.3724305e-02;2.3250000e+02;9.9538103e-02;2.3250000e+02;1.1521624e-01;2.3250000e+02;1.2508291e-01;2.3250000e+02;1.3494210e-01;2.3250000e+02;1.5670671e-01;2.3250000e+02;1.9047315e-01;2.3250000e+02;2.2806561e-01;2.3250000e+02;2.4321258e-01;2.3250000e+02;2.4741563e-01;2.3250000e+02;2.4322362e-01;2.3250000e+02;2.3144631e-01;2.3250000e+02;1.7892675e-02;2.3250000e+02;2.3897210e-02;2.3250000e+02;3.2075129e-02;2.3250000e+02;4.2276166e-02;2.3250000e+02;5.4471351e-02;2.3250000e+02;6.8191648e-02;2.3250000e+02;8.3724305e-02;2.3250000e+02;9.9538103e-02;2.3250000e+02;1.1521624e-01;2.3250000e+02;1.2508291e-01;2.3250000e+02;1.3494210e-01;2.3250000e+02;1.5670671e-01;2.3250000e+02;1.9047315e-01;2.3250000e+02;2.2806561e-01;2.3250000e+02;2.4321258e-01;2.3250000e+02;2.4741563e-01;2.3250000e+02;2.4322362e-01;2.3250000e+02;2.3144631e-01;2.3250000e+02;1.7892675e-02;2.3250000e+02;2.3897210e-02;2.3250000e+02;3.2075129e-02;2.3250000e+02;4.2276166e-02;2.3250000e+02;5.4471351e-02;2.3250000e+02;6.8191648e-02;2.3250000e+02;8.3724305e-02;2.3250000e+02;9.9538103e-02;2.3250000e+02;1.1521624e-01;2.3250000e+02;1.2508291e-01;2.3250000e+02;1.3494210e-01;2.3250000e+02;1.5670671e-01;2.3250000e+02;1.9047315e-01;2.3250000e+02;2.2806561e-01;2.3250000e+02;2.4321258e-01;2.3250000e+02;2.4741563e-01;2.3250000e+02;2.4322362e-01;2.3250000e+02;2.3144631e-01;2.3250000e+02;1.7892675e-02;2.3250000e+02;2.3897210e-02;2.3250000e+02;3.2075129e-02;2.3250000e+02;4.2276166e-02;2.3250000e+02;5.4471351e-02;2.3250000e+02;6.8191648e-02;2.3250000e+02;8.3724305e-02;2.3250000e+02;9.9538103e-02;2.3250000e+02;1.1521624e-01;2.3250000e+02;1.2508291e-01;2.3250000e+02;1.3494210e-01;2.3250000e+02;1.5670671e-01;2.3250000e+02;1.9047315e-01;2.3250000e+02;2.2806561e-01;2.3250000e+02;2.4321258e-01;2.3250000e+02;2.4741563e-01;2.3250000e+02;2.4322362e-01;2.3250000e+02;2.3144631e-01;2.3250000e+02;1.7892675e-02;2.3250000e+02;2.3897210e-02;2.3250000e+02;3.2075129e-02;2.3250000e+02;4.2276166e-02;2.3250000e+02;5.4471351e-02;2.3250000e+02;6.8191648e-02;2.3250000e+02;8.3724305e-02;2.3250000e+02;9.9538103e-02;2.3250000e+02;1.1521624e-01;2.3250000e+02;1.2508291e-01;2.3250000e+02;1.3494210e-01;2.3250000e+02;1.5670671e-01;2.3250000e+02;1.9047315e-01;2.3250000e+02;2.2806561e-01;2.3250000e+02;2.4321258e-01;2.3250000e+02;2.4741563e-01;2.3250000e+02;2.4322362e-01;2.3250000e+02;2.3144631e-01;2.3250000e+02;1.7892675e-02;2.3250000e+02;2.3897210e-02;2.3250000e+02;3.2075129e-02;2.3250000e+02;4.2276166e-02;2.3250000e+02;5.4471351e-02;2.3250000e+02;6.8191648e-02;2.3250000e+02;8.3724305e-02;2.3250000e+02;9.9538103e-02;2.3250000e+02;1.1521624e-01;2.3250000e+02;1.2508291e-01;2.3250000e+02;1.3494210e-01;2.3250000e+02;1.5670671e-01;2.3250000e+02;1.9047315e-01;2.3250000e+02;2.2806561e-01;2.3250000e+02;2.4321258e-01;2.3250000e+02;2.4741563e-01;2.3250000e+02;2.4322362e-01;2.3250000e+02;2.3144631e-01;2.3250000e+02;1.7892675e-02;2.3250000e+02;2.3897210e-02;2.3250000e+02;3.2075129e-02;2.3250000e+02;4.2276166e-02;2.3250000e+02;5.4471351e-02;2.3250000e+02;6.8191648e-02;2.3250000e+02;8.3724305e-02;2.3250000e+02;9.9538103e-02;2.3250000e+02;1.1521624e-01;2.3250000e+02;1.2508291e-01;2.3250000e+02;1.3494210e-01;2.3250000e+02;1.5670671e-01;2.3250000e+02;1.9047315e-01;2.3250000e+02;2.2806561e-01;2.3250000e+02;2.4321258e-01;2.3250000e+02;2.4741563e-01;2.3250000e+02;2.4322362e-01;2.3250000e+02;2.3144631e-01;2.3250000e+02;1.7892675e-02;2.3250000e+02;2.3897210e-02;2.3250000e+02;3.2075129e-02;2.3250000e+02;4.2276166e-02;2.3250000e+02;5.4471351e-02;2.3250000e+02;6.8191648e-02;2.3250000e+02;8.3724305e-02;2.3250000e+02;9.9538103e-02;2.3250000e+02;1.1521624e-01;2.3250000e+02;1.2508291e-01;2.3250000e+02;1.3494210e-01;2.3250000e+02;1.5670671e-01;2.3250000e+02;1.9047315e-01;2.3250000e+02;2.2806561e-01;2.3250000e+02;2.4321258e-01;2.3250000e+02;2.4741563e-01;2.3250000e+02;2.4322362e-01;2.3250000e+02;2.3144631e-01;2.3250000e+02;1.7892675e-02;2.3250000e+02;2.3897210e-02;2.3250000e+02;3.2075129e-02;2.3250000e+02;4.2276166e-02;2.3250000e+02;5.4471351e-02;2.3250000e+02;6.8191648e-02;2.3250000e+02;8.3724305e-02;2.3250000e+02;9.9538103e-02;2.3250000e+02;1.1521624e-01;2.3250000e+02;1.2508291e-01;2.3250000e+02;1.3494210e-01;2.3250000e+02;1.5670671e-01;2.3250000e+02;1.9047315e-01;2.3250000e+02;2.2806561e-01;2.3250000e+02;2.4321258e-01;2.3250000e+02;2.4741563e-01;2.3250000e+02;2.4322362e-01;2.3250000e+02;2.3144631e-01;2.3250000e+02;1.7892675e-02;2.3250000e+02;2.3897210e-02;2.3250000e+02;3.2075129e-02;2.3250000e+02;4.2276166e-02;2.3250000e+02;5.4471351e-02;2.3250000e+02;6.8191648e-02;2.3250000e+02;8.3724305e-02;2.3250000e+02;9.9538103e-02;2.3250000e+02;1.1521624e-01;2.3250000e+02;1.2508291e-01;2.3250000e+02;1.3494210e-01;2.3250000e+02;1.5670671e-01;2.3250000e+02;1.9047315e-01;2.3250000e+02;2.2806561e-01;2.3250000e+02;2.4321258e-01;2.3250000e+02;2.4741563e-01;2.3250000e+02;2.4322362e-01;2.3250000e+02;2.3144631e-01;2.3250000e+02;1.7892675e-02;2.3250000e+02;2.3897210e-02;2.3250000e+02;3.2075129e-02;2.3250000e+02;4.2276166e-02;2.3250000e+02;5.4471351e-02;2.3250000e+02;6.8191648e-02;2.3250000e+02;8.3724305e-02;2.3250000e+02;9.9538103e-02;2.3250000e+02;1.1521624e-01;2.3250000e+02;1.2508291e-01;2.3250000e+02;1.3494210e-01;2.3250000e+02;1.5670671e-01;2.3250000e+02;1.9047315e-01;2.3250000e+02;2.2806561e-01;2.3250000e+02;2.4321258e-01;2.3250000e+02;2.4741563e-01;2.3250000e+02;2.4322362e-01;2.3250000e+02;2.3144631e-01;2.3250000e+02;1.7892675e-02;2.3250000e+02;2.3897210e-02;2.3250000e+02;3.2075129e-02;2.3250000e+02;4.2276166e-02;2.3250000e+02;5.4471351e-02;2.3250000e+02;6.8191648e-02;2.3250000e+02;8.3724305e-02;2.3250000e+02;9.9538103e-02;2.3250000e+02;1.1521624e-01;2.3250000e+02;1.2508291e-01;2.3250000e+02;1.3494210e-01;2.3250000e+02;1.5670671e-01;2.3250000e+02;1.9047315e-01;2.3250000e+02;2.2806561e-01;2.3250000e+02;2.4321258e-01;2.3250000e+02;2.4741563e-01;2.3250000e+02;2.4322362e-01;2.3250000e+02;2.3144631e-01;2.3250000e+02;1.7892675e-02;2.3250000e+02;2.3897210e-02;2.3250000e+02;3.2075129e-02;2.3250000e+02;4.2276166e-02;2.3250000e+02;5.4471351e-02;2.3250000e+02;6.8191648e-02;2.3250000e+02;8.3724305e-02;2.3250000e+02;9.9538103e-02;2.3250000e+02;1.1521624e-01;2.3250000e+02;1.2508291e-01;2.3250000e+02;1.3494210e-01;2.3250000e+02;1.5670671e-01;2.3250000e+02;1.9047315e-01;2.3250000e+02;2.2806561e-01;2.3250000e+02;2.4321258e-01;2.3250000e+02;2.4741563e-01;2.3250000e+02;2.4322362e-01;2.3250000e+02;2.3144631e-01;2.3250000e+02;1.7892675e-02;2.3250000e+02;2.3897210e-02;2.3250000e+02;3.2075129e-02;2.3250000e+02;4.2276166e-02;2.3250000e+02;5.4471351e-02;2.3250000e+02;6.8191648e-02;2.3250000e+02;8.3724305e-02;2.3250000e+02;9.9538103e-02;2.3250000e+02;1.1521624e-01;2.3250000e+02;1.2508291e-01;2.3250000e+02;1.3494210e-01;2.3250000e+02;1.5670671e-01;2.3250000e+02;1.9047315e-01;2.3250000e+02;2.2806561e-01;2.3250000e+02;2.4321258e-01;2.3250000e+02;2.4741563e-01;2.3250000e+02;2.4322362e-01;2.3250000e+02;2.3144631e-01;2.3250000e+02;1.7892675e-02;2.3250000e+02;2.3897210e-02;2.3250000e+02;3.2075129e-02;2.3250000e+02;4.2276166e-02;2.3250000e+02;5.4471351e-02;2.3250000e+02;6.8191648e-02;2.3250000e+02;8.3724305e-02;2.3250000e+02;9.9538103e-02;2.3250000e+02;1.1521624e-01;2.3250000e+02;1.2508291e-01;2.3250000e+02;1.3494210e-01;2.3250000e+02;1.5670671e-01;2.3250000e+02;1.9047315e-01;2.3250000e+02;2.2806561e-01;2.3250000e+02;2.4321258e-01;2.3250000e+02;2.4741563e-01;2.3250000e+02;2.4322362e-01;2.3250000e+02;2.3144631e-01;2.3250000e+02;1.7892675e-02;2.3250000e+02;2.3897210e-02;2.3250000e+02;3.2075129e-02;2.3250000e+02;4.2276166e-02;2.3250000e+02;5.4471351e-02;2.3250000e+02;6.8191648e-02;2.3250000e+02;8.3724305e-02;2.3250000e+02;9.9538103e-02;2.3250000e+02;1.1521624e-01;2.3250000e+02;1.2508291e-01;2.3250000e+02;1.3494210e-01;2.3250000e+02;1.5670671e-01;2.3250000e+02;1.9047315e-01;2.3250000e+02;2.2806561e-01;2.3250000e+02;2.4321258e-01;2.3250000e+02;2.4741563e-01;2.3250000e+02;2.4322362e-01;2.3250000e+02;2.3144631e-01;2.3250000e+02;1.7892675e-02;2.3250000e+02;2.3897210e-02;2.3250000e+02;3.2075129e-02;2.3250000e+02;4.2276166e-02;2.3250000e+02;5.4471351e-02;2.3250000e+02;6.8191648e-02;2.3250000e+02;8.3724305e-02;2.3250000e+02;9.9538103e-02;2.3250000e+02;1.1521624e-01;2.3250000e+02;1.2508291e-01;2.3250000e+02;1.3494210e-01;2.3250000e+02;1.5670671e-01;2.3250000e+02;1.9047315e-01;2.3250000e+02;2.2806561e-01;2.3250000e+02;2.4321258e-01;2.3250000e+02;2.4741563e-01;2.3250000e+02;2.4322362e-01;2.3250000e+02;2.3144631e-01;2.3250000e+02;1.7892675e-02;2.3250000e+02;2.3897210e-02;2.3250000e+02;3.2075129e-02;2.3250000e+02;4.2276166e-02;2.3250000e+02;5.4471351e-02;2.3250000e+02;6.8191648e-02;2.3250000e+02;8.3724305e-02;2.3250000e+02;9.9538103e-02;2.3250000e+02;1.1521624e-01;2.3250000e+02;1.2508291e-01;2.3250000e+02;1.3494210e-01;2.3250000e+02;1.5670671e-01;2.3250000e+02;1.9047315e-01;2.3250000e+02;2.2806561e-01;2.3250000e+02;2.4321258e-01;2.3250000e+02;2.4741563e-01;2.3250000e+02;2.4322362e-01;2.3250000e+02;2.3144631e-01;2.3250000e+02;1.7892675e-02;2.3250000e+02;2.3897210e-02;2.3250000e+02;3.2075129e-02;2.3250000e+02;4.2276166e-02;2.3250000e+02;5.4471351e-02;2.3250000e+02;6.8191648e-02;2.3250000e+02;8.3724305e-02;2.3250000e+02;9.9538103e-02;2.3250000e+02;1.1521624e-01;2.3250000e+02;1.2508291e-01;2.3250000e+02;1.3494210e-01;2.3250000e+02;1.5670671e-01;2.3250000e+02;1.9047315e-01;2.3250000e+02;2.2806561e-01;2.3250000e+02;2.4321258e-01;2.3250000e+02;2.4741563e-01;2.3250000e+02;2.4322362e-01;2.3250000e+02;2.3144631e-01;2.3250000e+02;1.7892675e-02;2.3250000e+02;2.3897210e-02;2.3250000e+02;3.2075129e-02;2.3250000e+02;4.2276166e-02;2.3250000e+02;5.4471351e-02;2.3250000e+02;6.8191648e-02;2.3250000e+02;8.3724305e-02;2.3250000e+02;9.9538103e-02;2.3250000e+02;1.1521624e-01;2.3250000e+02;1.2508291e-01;2.3250000e+02;1.3494210e-01;2.3250000e+02;1.5670671e-01;2.3250000e+02;1.9047315e-01;2.3250000e+02;2.2806561e-01;2.3250000e+02;2.4321258e-01;2.3250000e+02;2.4741563e-01;2.3250000e+02;2.4322362e-01;2.3250000e+02;2.3144631e-01;2.3250000e+02;1.7892675e-02;2.3250000e+02;2.3897210e-02;2.3250000e+02;3.2075129e-02;2.3250000e+02;4.2276166e-02;2.3250000e+02;5.4471351e-02;2.3250000e+02;6.8191648e-02;2.3250000e+02;8.3724305e-02;2.3250000e+02;9.9538103e-02;2.3250000e+02;1.1521624e-01;2.3250000e+02;1.2508291e-01;2.3250000e+02;1.3494210e-01;2.3250000e+02;1.5670671e-01;2.3250000e+02;1.9047315e-01;2.3250000e+02;2.2806561e-01;2.3250000e+02;2.4321258e-01;2.3250000e+02;2.4741563e-01;2.3250000e+02;2.4322362e-01;2.3250000e+02;2.3144631e-01;2.3250000e+02;1.7892675e-02;2.3250000e+02;2.3897210e-02;2.3250000e+02;3.2075129e-02;2.3250000e+02;4.2276166e-02;2.3250000e+02;5.4471351e-02;2.3250000e+02;6.8191648e-02;2.3250000e+02;8.3724305e-02;2.3250000e+02;9.9538103e-02;2.3250000e+02;1.1521624e-01;2.3250000e+02;1.2508291e-01;2.3250000e+02;1.3494210e-01;2.3250000e+02;1.5670671e-01;2.3250000e+02;1.9047315e-01;2.3250000e+02;2.2806561e-01;2.3250000e+02;2.4321258e-01;2.3250000e+02;2.4741563e-01;2.3250000e+02;2.4322362e-01;2.3250000e+02;2.3144631e-01;2.3250000e+02;1.7892675e-02;2.3250000e+02;2.3897210e-02;2.3250000e+02;3.2075129e-02;2.3250000e+02;4.2276166e-02;2.3250000e+02;5.4471351e-02;2.3250000e+02;6.8191648e-02;2.3250000e+02;8.3724305e-02;2.3250000e+02;9.9538103e-02;2.3250000e+02;1.1521624e-01;2.3250000e+02;1.2508291e-01;2.3250000e+02;1.3494210e-01;2.3250000e+02;1.5670671e-01;2.3250000e+02;1.9047315e-01;2.3250000e+02;2.2806561e-01;2.3250000e+02;2.4321258e-01;2.3250000e+02;2.4741563e-01;2.3250000e+02;2.4322362e-01;2.3250000e+02;2.3144631e-01;2.3250000e+02;1.7892675e-02;2.3250000e+02;2.3897210e-02;2.3250000e+02;3.2075129e-02;2.3250000e+02;4.2276166e-02;2.3250000e+02;5.4471351e-02;2.3250000e+02;6.8191648e-02;2.3250000e+02;8.3724305e-02;2.3250000e+02;9.9538103e-02;2.3250000e+02;1.1521624e-01;2.3250000e+02;1.2508291e-01;2.3250000e+02;1.3494210e-01;2.3250000e+02;1.5670671e-01;2.3250000e+02;1.9047315e-01;2.3250000e+02;2.2806561e-01;2.3250000e+02;2.4321258e-01;2.3250000e+02;2.4741563e-01;2.3250000e+02;2.4322362e-01;2.3250000e+02;2.3144631e-01;2.3250000e+02;1.7892675e-02;2.3250000e+02;2.3897210e-02;2.3250000e+02;3.2075129e-02;2.3250000e+02;4.2276166e-02;2.3250000e+02;5.4471351e-02;2.3250000e+02;6.8191648e-02;2.3250000e+02;8.3724305e-02;2.3250000e+02;9.9538103e-02;2.3250000e+02;1.1521624e-01;2.3250000e+02;1.2508291e-01;2.3250000e+02;1.3494210e-01;2.3250000e+02;1.5670671e-01;2.3250000e+02;1.9047315e-01;2.3250000e+02;2.2806561e-01;2.3250000e+02;2.4321258e-01;2.3250000e+02;2.4741563e-01;2.3250000e+02;2.4322362e-01;2.3250000e+02;2.3144631e-01;2.3250000e+02;1.7892675e-02;2.3250000e+02;2.3897210e-02;2.3250000e+02;3.2075129e-02;2.3250000e+02;4.2276166e-02;2.3250000e+02;5.4471351e-02;2.3250000e+02;6.8191648e-02;2.3250000e+02;8.3724305e-02;2.3250000e+02;9.9538103e-02;2.3250000e+02;1.1521624e-01;2.3250000e+02;1.2508291e-01;2.3250000e+02;1.3494210e-01;2.3250000e+02;1.5670671e-01;2.3250000e+02;1.9047315e-01;2.3250000e+02;2.2806561e-01;2.3250000e+02;2.4321258e-01;2.3250000e+02;2.4741563e-01;2.3250000e+02;2.4322362e-01;2.3250000e+02;2.3144631e-01;2.3250000e+02;1.7892675e-02;2.3250000e+02;2.3897210e-02;2.3250000e+02;3.2075129e-02;2.3250000e+02;4.2276166e-02;2.3250000e+02;5.4471351e-02;2.3250000e+02;6.8191648e-02;2.3250000e+02;8.3724305e-02;2.3250000e+02;9.9538103e-02;2.3250000e+02;1.1521624e-01;2.3250000e+02;1.2508291e-01;2.3250000e+02;1.3494210e-01;2.3250000e+02;1.5670671e-01;2.3250000e+02;1.9047315e-01;2.3250000e+02;2.2806561e-01;2.3250000e+02;2.4321258e-01;2.3250000e+02;2.4741563e-01;2.3250000e+02;2.4322362e-01;2.3250000e+02;2.3144631e-01;2.3250000e+02;1.7892675e-02;2.3250000e+02;2.3897210e-02;2.3250000e+02;3.2075129e-02;2.3250000e+02;4.2276166e-02;2.3250000e+02;5.4471351e-02;2.3250000e+02;6.8191648e-02;2.3250000e+02;8.3724305e-02;2.3250000e+02;9.9538103e-02;2.3250000e+02;1.1521624e-01;2.3250000e+02;1.2508291e-01;2.3250000e+02;1.3494210e-01;2.3250000e+02;1.5670671e-01;2.3250000e+02;1.9047315e-01;2.3250000e+02;2.2806561e-01;2.3250000e+02;2.4321258e-01;2.3250000e+02;2.4741563e-01;2.3250000e+02;2.4322362e-01;2.3250000e+02;2.3144631e-01;2.3250000e+02;1.7892675e-02;2.3250000e+02;2.3897210e-02;2.3250000e+02;3.2075129e-02;2.3250000e+02;4.2276166e-02;2.3250000e+02;5.4471351e-02;2.3250000e+02;6.8191648e-02;2.3250000e+02;8.3724305e-02;2.3250000e+02;9.9538103e-02;2.3250000e+02;1.1521624e-01;2.3250000e+02;1.2508291e-01;2.3250000e+02;1.3494210e-01;2.3250000e+02;1.5670671e-01;2.3250000e+02;1.9047315e-01;2.3250000e+02;2.2806561e-01;2.3250000e+02;2.4321258e-01;2.3250000e+02;2.4741563e-01;2.3250000e+02;2.4322362e-01;2.3250000e+02;2.3144631e-01;2.3250000e+02;1.7892675e-02;2.3250000e+02;2.3897210e-02;2.3250000e+02;3.2075129e-02;2.3250000e+02;4.2276166e-02;2.3250000e+02;5.4471351e-02;2.3250000e+02;6.8191648e-02;2.3250000e+02;8.3724305e-02;2.3250000e+02;9.9538103e-02;2.3250000e+02;1.1521624e-01;2.3250000e+02;1.2508291e-01;2.3250000e+02;1.3494210e-01;2.3250000e+02;1.5670671e-01;2.3250000e+02;1.9047315e-01;2.3250000e+02;2.2806561e-01;2.3250000e+02;2.4321258e-01;2.3250000e+02;2.4741563e-01;2.3250000e+02;2.4322362e-01;2.3250000e+02;2.3144631e-01;2.3250000e+02;1.7892675e-02;2.3250000e+02;2.3897210e-02;2.3250000e+02;3.2075129e-02;2.3250000e+02;4.2276166e-02;2.3250000e+02;5.4471351e-02;2.3250000e+02;6.8191648e-02;2.3250000e+02;8.3724305e-02;2.3250000e+02;9.9538103e-02;2.3250000e+02;1.1521624e-01;2.3250000e+02;1.2508291e-01;2.3250000e+02;1.3494210e-01;2.3250000e+02;1.5670671e-01;2.3250000e+02;1.9047315e-01;2.3250000e+02;2.2806561e-01;2.3250000e+02;2.4321258e-01;2.3250000e+02;2.4741563e-01;2.3250000e+02;2.4322362e-01;2.3250000e+02;2.3144631e-01;2.3250000e+02;1.7892675e-02;2.3250000e+02;2.3897210e-02;2.3250000e+02;3.2075129e-02;2.3250000e+02;4.2276166e-02;2.3250000e+02;5.4471351e-02;2.3250000e+02;6.8191648e-02;2.3250000e+02;8.3724305e-02;2.3250000e+02;9.9538103e-02;2.3250000e+02;1.1521624e-01;2.3250000e+02;1.2508291e-01;2.3250000e+02;1.3494210e-01;2.3250000e+02;1.5670671e-01;2.3250000e+02;1.9047315e-01;2.3250000e+02;2.2806561e-01;2.3250000e+02;2.4321258e-01;2.3250000e+02;2.4741563e-01;2.3250000e+02;2.4322362e-01;2.3250000e+02;2.3144631e-01
2.3750000e+02;1.6650187e-02;2.3750000e+02;2.2055836e-02;2.3750000e+02;2.9694868e-02;2.3750000e+02;3.9489493e-02;2.3750000e+02;5.1244877e-02;2.3750000e+02;6.4640313e-02;2.3750000e+02;7.9706162e-02;2.3750000e+02;9.5606580e-02;2.3750000e+02;1.1179527e-01;2.3750000e+02;1.2169639e-01;2.3750000e+02;1.3174774e-01;2.3750000e+02;1.5513480e-01;2.3750000e+02;1.8873987e-01;2.3750000e+02;2.2529235e-01;2.3750000e+02;2.3960823e-01;2.3750000e+02;2.4310635e-01;2.3750000e+02;2.3811057e-01;2.3750000e+02;2.2550507e-01;2.3750000e+02;1.6650187e-02;2.3750000e+02;2.2055836e-02;2.3750000e+02;2.9694868e-02;2.3750000e+02;3.9489493e-02;2.3750000e+02;5.1244877e-02;2.3750000e+02;6.4640313e-02;2.3750000e+02;7.9706162e-02;2.3750000e+02;9.5606580e-02;2.3750000e+02;1.1179527e-01;2.3750000e+02;1.2169639e-01;2.3750000e+02;1.3174774e-01;2.3750000e+02;1.5513480e-01;2.3750000e+02;1.8873987e-01;2.3750000e+02;2.2529235e-01;2.3750000e+02;2.3960823e-01;2.3750000e+02;2.4310635e-01;2.3750000e+02;2.3811057e-01;2.3750000e+02;2.2550507e-01;2.3750000e+02;1.6650187e-02;2.3750000e+02;2.2055836e-02;2.3750000e+02;2.9694868e-02;2.3750000e+02;3.9489493e-02;2.3750000e+02;5.1244877e-02;2.3750000e+02;6.4640313e-02;2.3750000e+02;7.9706162e-02;2.3750000e+02;9.5606580e-02;2.3750000e+02;1.1179527e-01;2.3750000e+02;1.2169639e-01;2.3750000e+02;1.3174774e-01;2.3750000e+02;1.5513480e-01;2.3750000e+02;1.8873987e-01;2.3750000e+02;2.2529235e-01;2.3750000e+02;2.3960823e-01;2.3750000e+02;2.4310635e-01;2.3750000e+02;2.3811057e-01;2.3750000e+02;2.2550507e-01;2.3750000e+02;1.6650187e-02;2.3750000e+02;2.2055836e-02;2.3750000e+02;2.9694868e-02;2.3750000e+02;3.9489493e-02;2.3750000e+02;5.1244877e-02;2.3750000e+02;6.4640313e-02;2.3750000e+02;7.9706162e-02;2.3750000e+02;9.5606580e-02;2.3750000e+02;1.1179527e-01;2.3750000e+02;1.2169639e-01;2.3750000e+02;1.3174774e-01;2.3750000e+02;1.5513480e-01;2.3750000e+02;1.8873987e-01;2.3750000e+02;2.2529235e-01;2.3750000e+02;2.3960823e-01;2.3750000e+02;2.4310635e-01;2.3750000e+02;2.3811057e-01;2.3750000e+02;2.2550507e-01;2.3750000e+02;1.6650187e-02;2.3750000e+02;2.2055836e-02;2.3750000e+02;2.9694868e-02;2.3750000e+02;3.9489493e-02;2.3750000e+02;5.1244877e-02;2.3750000e+02;6.4640313e-02;2.3750000e+02;7.9706162e-02;2.3750000e+02;9.5606580e-02;2.3750000e+02;1.1179527e-01;2.3750000e+02;1.2169639e-01;2.3750000e+02;1.3174774e-01;2.3750000e+02;1.5513480e-01;2.3750000e+02;1.8873987e-01;2.3750000e+02;2.2529235e-01;2.3750000e+02;2.3960823e-01;2.3750000e+02;2.4310635e-01;2.3750000e+02;2.3811057e-01;2.3750000e+02;2.2550507e-01;2.3750000e+02;1.6650187e-02;2.3750000e+02;2.2055836e-02;2.3750000e+02;2.9694868e-02;2.3750000e+02;3.9489493e-02;2.3750000e+02;5.1244877e-02;2.3750000e+02;6.4640313e-02;2.3750000e+02;7.9706162e-02;2.3750000e+02;9.5606580e-02;2.3750000e+02;1.1179527e-01;2.3750000e+02;1.2169639e-01;2.3750000e+02;1.3174774e-01;2.3750000e+02;1.5513480e-01;2.3750000e+02;1.8873987e-01;2.3750000e+02;2.2529235e-01;2.3750000e+02;2.3960823e-01;2.3750000e+02;2.4310635e-01;2.3750000e+02;2.3811057e-01;2.3750000e+02;2.2550507e-01;2.3750000e+02;1.6650187e-02;2.3750000e+02;2.2055836e-02;2.3750000e+02;2.9694868e-02;2.3750000e+02;3.9489493e-02;2.3750000e+02;5.1244877e-02;2.3750000e+02;6.4640313e-02;2.3750000e+02;7.9706162e-02;2.3750000e+02;9.5606580e-02;2.3750000e+02;1.1179527e-01;2.3750000e+02;1.2169639e-01;2.3750000e+02;1.3174774e-01;2.3750000e+02;1.5513480e-01;2.3750000e+02;1.8873987e-01;2.3750000e+02;2.2529235e-01;2.3750000e+02;2.3960823e-01;2.3750000e+02;2.4310635e-01;2.3750000e+02;2.3811057e-01;2.3750000e+02;2.2550507e-01;2.3750000e+02;1.6650187e-02;2.3750000e+02;2.2055836e-02;2.3750000e+02;2.9694868e-02;2.3750000e+02;3.9489493e-02;2.3750000e+02;5.1244877e-02;2.3750000e+02;6.4640313e-02;2.3750000e+02;7.9706162e-02;2.3750000e+02;9.5606580e-02;2.3750000e+02;1.1179527e-01;2.3750000e+02;1.2169639e-01;2.3750000e+02;1.3174774e-01;2.3750000e+02;1.5513480e-01;2.3750000e+02;1.8873987e-01;2.3750000e+02;2.2529235e-01;2.3750000e+02;2.3960823e-01;2.3750000e+02;2.4310635e-01;2.3750000e+02;2.3811057e-01;2.3750000e+02;2.2550507e-01;2.3750000e+02;1.6650187e-02;2.3750000e+02;2.2055836e-02;2.3750000e+02;2.9694868e-02;2.3750000e+02;3.9489493e-02;2.3750000e+02;5.1244877e-02;2.3750000e+02;6.4640313e-02;2.3750000e+02;7.9706162e-02;2.3750000e+02;9.5606580e-02;2.3750000e+02;1.1179527e-01;2.3750000e+02;1.2169639e-01;2.3750000e+02;1.3174774e-01;2.3750000e+02;1.5513480e-01;2.3750000e+02;1.8873987e-01;2.3750000e+02;2.2529235e-01;2.3750000e+02;2.3960823e-01;2.3750000e+02;2.4310635e-01;2.3750000e+02;2.3811057e-01;2.3750000e+02;2.2550507e-01;2.3750000e+02;1.6650187e-02;2.3750000e+02;2.2055836e-02;2.3750000e+02;2.9694868e-02;2.3750000e+02;3.9489493e-02;2.3750000e+02;5.1244877e-02;2.3750000e+02;6.4640313e-02;2.3750000e+02;7.9706162e-02;2.3750000e+02;9.5606580e-02;2.3750000e+02;1.1179527e-01;2.3750000e+02;1.2169639e-01;2.3750000e+02;1.3174774e-01;2.3750000e+02;1.5513480e-01;2.3750000e+02;1.8873987e-01;2.3750000e+02;2.2529235e-01;2.3750000e+02;2.3960823e-01;2.3750000e+02;2.4310635e-01;2.3750000e+02;2.3811057e-01;2.3750000e+02;2.2550507e-01;2.3750000e+02;1.6650187e-02;2.3750000e+02;2.2055836e-02;2.3750000e+02;2.9694868e-02;2.3750000e+02;3.9489493e-02;2.3750000e+02;5.1244877e-02;2.3750000e+02;6.4640313e-02;2.3750000e+02;7.9706162e-02;2.3750000e+02;9.5606580e-02;2.3750000e+02;1.1179527e-01;2.3750000e+02;1.2169639e-01;2.3750000e+02;1.3174774e-01;2.3750000e+02;1.5513480e-01;2.3750000e+02;1.8873987e-01;2.3750000e+02;2.2529235e-01;2.3750000e+02;2.3960823e-01;2.3750000e+02;2.4310635e-01;2.3750000e+02;2.3811057e-01;2.3750000e+02;2.2550507e-01;2.3750000e+02;1.6650187e-02;2.3750000e+02;2.2055836e-02;2.3750000e+02;2.9694868e-02;2.3750000e+02;3.9489493e-02;2.3750000e+02;5.1244877e-02;2.3750000e+02;6.4640313e-02;2.3750000e+02;7.9706162e-02;2.3750000e+02;9.5606580e-02;2.3750000e+02;1.1179527e-01;2.3750000e+02;1.2169639e-01;2.3750000e+02;1.3174774e-01;2.3750000e+02;1.5513480e-01;2.3750000e+02;1.8873987e-01;2.3750000e+02;2.2529235e-01;2.3750000e+02;2.3960823e-01;2.3750000e+02;2.4310635e-01;2.3750000e+02;2.3811057e-01;2.3750000e+02;2.2550507e-01;2.3750000e+02;1.6650187e-02;2.3750000e+02;2.2055836e-02;2.3750000e+02;2.9694868e-02;2.3750000e+02;3.9489493e-02;2.3750000e+02;5.1244877e-02;2.3750000e+02;6.4640313e-02;2.3750000e+02;7.9706162e-02;2.3750000e+02;9.5606580e-02;2.3750000e+02;1.1179527e-01;2.3750000e+02;1.2169639e-01;2.3750000e+02;1.3174774e-01;2.3750000e+02;1.5513480e-01;2.3750000e+02;1.8873987e-01;2.3750000e+02;2.2529235e-01;2.3750000e+02;2.3960823e-01;2.3750000e+02;2.4310635e-01;2.3750000e+02;2.3811057e-01;2.3750000e+02;2.2550507e-01;2.3750000e+02;1.6650187e-02;2.3750000e+02;2.2055836e-02;2.3750000e+02;2.9694868e-02;2.3750000e+02;3.9489493e-02;2.3750000e+02;5.1244877e-02;2.3750000e+02;6.4640313e-02;2.3750000e+02;7.9706162e-02;2.3750000e+02;9.5606580e-02;2.3750000e+02;1.1179527e-01;2.3750000e+02;1.2169639e-01;2.3750000e+02;1.3174774e-01;2.3750000e+02;1.5513480e-01;2.3750000e+02;1.8873987e-01;2.3750000e+02;2.2529235e-01;2.3750000e+02;2.3960823e-01;2.3750000e+02;2.4310635e-01;2.3750000e+02;2.3811057e-01;2.3750000e+02;2.2550507e-01;2.3750000e+02;1.6650187e-02;2.3750000e+02;2.2055836e-02;2.3750000e+02;2.9694868e-02;2.3750000e+02;3.9489493e-02;2.3750000e+02;5.1244877e-02;2.3750000e+02;6.4640313e-02;2.3750000e+02;7.9706162e-02;2.3750000e+02;9.5606580e-02;2.3750000e+02;1.1179527e-01;2.3750000e+02;1.2169639e-01;2.3750000e+02;1.3174774e-01;2.3750000e+02;1.5513480e-01;2.3750000e+02;1.8873987e-01;2.3750000e+02;2.2529235e-01;2.3750000e+02;2.3960823e-01;2.3750000e+02;2.4310635e-01;2.3750000e+02;2.3811057e-01;2.3750000e+02;2.2550507e-01;2.3750000e+02;1.6650187e-02;2.3750000e+02;2.2055836e-02;2.3750000e+02;2.9694868e-02;2.3750000e+02;3.9489493e-02;2.3750000e+02;5.1244877e-02;2.3750000e+02;6.4640313e-02;2.3750000e+02;7.9706162e-02;2.3750000e+02;9.5606580e-02;2.3750000e+02;1.1179527e-01;2.3750000e+02;1.2169639e-01;2.3750000e+02;1.3174774e-01;2.3750000e+02;1.5513480e-01;2.3750000e+02;1.8873987e-01;2.3750000e+02;2.2529235e-01;2.3750000e+02;2.3960823e-01;2.3750000e+02;2.4310635e-01;2.3750000e+02;2.3811057e-01;2.3750000e+02;2.2550507e-01;2.3750000e+02;1.6650187e-02;2.3750000e+02;2.2055836e-02;2.3750000e+02;2.9694868e-02;2.3750000e+02;3.9489493e-02;2.3750000e+02;5.1244877e-02;2.3750000e+02;6.4640313e-02;2.3750000e+02;7.9706162e-02;2.3750000e+02;9.5606580e-02;2.3750000e+02;1.1179527e-01;2.3750000e+02;1.2169639e-01;2.3750000e+02;1.3174774e-01;2.3750000e+02;1.5513480e-01;2.3750000e+02;1.8873987e-01;2.3750000e+02;2.2529235e-01;2.3750000e+02;2.3960823e-01;2.3750000e+02;2.4310635e-01;2.3750000e+02;2.3811057e-01;2.3750000e+02;2.2550507e-01;2.3750000e+02;1.6650187e-02;2.3750000e+02;2.2055836e-02;2.3750000e+02;2.9694868e-02;2.3750000e+02;3.9489493e-02;2.3750000e+02;5.1244877e-02;2.3750000e+02;6.4640313e-02;2.3750000e+02;7.9706162e-02;2.3750000e+02;9.5606580e-02;2.3750000e+02;1.1179527e-01;2.3750000e+02;1.2169639e-01;2.3750000e+02;1.3174774e-01;2.3750000e+02;1.5513480e-01;2.3750000e+02;1.8873987e-01;2.3750000e+02;2.2529235e-01;2.3750000e+02;2.3960823e-01;2.3750000e+02;2.4310635e-01;2.3750000e+02;2.3811057e-01;2.3750000e+02;2.2550507e-01;2.3750000e+02;1.6650187e-02;2.3750000e+02;2.2055836e-02;2.3750000e+02;2.9694868e-02;2.3750000e+02;3.9489493e-02;2.3750000e+02;5.1244877e-02;2.3750000e+02;6.4640313e-02;2.3750000e+02;7.9706162e-02;2.3750000e+02;9.5606580e-02;2.3750000e+02;1.1179527e-01;2.3750000e+02;1.2169639e-01;2.3750000e+02;1.3174774e-01;2.3750000e+02;1.5513480e-01;2.3750000e+02;1.8873987e-01;2.3750000e+02;2.2529235e-01;2.3750000e+02;2.3960823e-01;2.3750000e+02;2.4310635e-01;2.3750000e+02;2.3811057e-01;2.3750000e+02;2.2550507e-01;2.3750000e+02;1.6650187e-02;2.3750000e+02;2.2055836e-02;2.3750000e+02;2.9694868e-02;2.3750000e+02;3.9489493e-02;2.3750000e+02;5.1244877e-02;2.3750000e+02;6.4640313e-02;2.3750000e+02;7.9706162e-02;2.3750000e+02;9.5606580e-02;2.3750000e+02;1.1179527e-01;2.3750000e+02;1.2169639e-01;2.3750000e+02;1.3174774e-01;2.3750000e+02;1.5513480e-01;2.3750000e+02;1.8873987e-01;2.3750000e+02;2.2529235e-01;2.3750000e+02;2.3960823e-01;2.3750000e+02;2.4310635e-01;2.3750000e+02;2.3811057e-01;2.3750000e+02;2.2550507e-01;2.3750000e+02;1.6650187e-02;2.3750000e+02;2.2055836e-02;2.3750000e+02;2.9694868e-02;2.3750000e+02;3.9489493e-02;2.3750000e+02;5.1244877e-02;2.3750000e+02;6.4640313e-02;2.3750000e+02;7.9706162e-02;2.3750000e+02;9.5606580e-02;2.3750000e+02;1.1179527e-01;2.3750000e+02;1.2169639e-01;2.3750000e+02;1.3174774e-01;2.3750000e+02;1.5513480e-01;2.3750000e+02;1.8873987e-01;2.3750000e+02;2.2529235e-01;2.3750000e+02;2.3960823e-01;2.3750000e+02;2.4310635e-01;2.3750000e+02;2.3811057e-01;2.3750000e+02;2.2550507e-01;2.3750000e+02;1.6650187e-02;2.3750000e+02;2.2055836e-02;2.3750000e+02;2.9694868e-02;2.3750000e+02;3.9489493e-02;2.3750000e+02;5.1244877e-02;2.3750000e+02;6.4640313e-02;2.3750000e+02;7.9706162e-02;2.3750000e+02;9.5606580e-02;2.3750000e+02;1.1179527e-01;2.3750000e+02;1.2169639e-01;2.3750000e+02;1.3174774e-01;2.3750000e+02;1.5513480e-01;2.3750000e+02;1.8873987e-01;2.3750000e+02;2.2529235e-01;2.3750000e+02;2.3960823e-01;2.3750000e+02;2.4310635e-01;2.3750000e+02;2.3811057e-01;2.3750000e+02;2.2550507e-01;2.3750000e+02;1.6650187e-02;2.3750000e+02;2.2055836e-02;2.3750000e+02;2.9694868e-02;2.3750000e+02;3.9489493e-02;2.3750000e+02;5.1244877e-02;2.3750000e+02;6.4640313e-02;2.3750000e+02;7.9706162e-02;2.3750000e+02;9.5606580e-02;2.3750000e+02;1.1179527e-01;2.3750000e+02;1.2169639e-01;2.3750000e+02;1.3174774e-01;2.3750000e+02;1.5513480e-01;2.3750000e+02;1.8873987e-01;2.3750000e+02;2.2529235e-01;2.3750000e+02;2.3960823e-01;2.3750000e+02;2.4310635e-01;2.3750000e+02;2.3811057e-01;2.3750000e+02;2.2550507e-01;2.3750000e+02;1.6650187e-02;2.3750000e+02;2.2055836e-02;2.3750000e+02;2.9694868e-02;2.3750000e+02;3.9489493e-02;2.3750000e+02;5.1244877e-02;2.3750000e+02;6.4640313e-02;2.3750000e+02;7.9706162e-02;2.3750000e+02;9.5606580e-02;2.3750000e+02;1.1179527e-01;2.3750000e+02;1.2169639e-01;2.3750000e+02;1.3174774e-01;2.3750000e+02;1.5513480e-01;2.3750000e+02;1.8873987e-01;2.3750000e+02;2.2529235e-01;2.3750000e+02;2.3960823e-01;2.3750000e+02;2.4310635e-01;2.3750000e+02;2.3811057e-01;2.3750000e+02;2.2550507e-01;2.3750000e+02;1.6650187e-02;2.3750000e+02;2.2055836e-02;2.3750000e+02;2.9694868e-02;2.3750000e+02;3.9489493e-02;2.3750000e+02;5.1244877e-02;2.3750000e+02;6.4640313e-02;2.3750000e+02;7.9706162e-02;2.3750000e+02;9.5606580e-02;2.3750000e+02;1.1179527e-01;2.3750000e+02;1.2169639e-01;2.3750000e+02;1.3174774e-01;2.3750000e+02;1.5513480e-01;2.3750000e+02;1.8873987e-01;2.3750000e+02;2.2529235e-01;2.3750000e+02;2.3960823e-01;2.3750000e+02;2.4310635e-01;2.3750000e+02;2.3811057e-01;2.3750000e+02;2.2550507e-01;2.3750000e+02;1.6650187e-02;2.3750000e+02;2.2055836e-02;2.3750000e+02;2.9694868e-02;2.3750000e+02;3.9489493e-02;2.3750000e+02;5.1244877e-02;2.3750000e+02;6.4640313e-02;2.3750000e+02;7.9706162e-02;2.3750000e+02;9.5606580e-02;2.3750000e+02;1.1179527e-01;2.3750000e+02;1.2169639e-01;2.3750000e+02;1.3174774e-01;2.3750000e+02;1.5513480e-01;2.3750000e+02;1.8873987e-01;2.3750000e+02;2.2529235e-01;2.3750000e+02;2.3960823e-01;2.3750000e+02;2.4310635e-01;2.3750000e+02;2.3811057e-01;2.3750000e+02;2.2550507e-01;2.3750000e+02;1.6650187e-02;2.3750000e+02;2.2055836e-02;2.3750000e+02;2.9694868e-02;2.3750000e+02;3.9489493e-02;2.3750000e+02;5.1244877e-02;2.3750000e+02;6.4640313e-02;2.3750000e+02;7.9706162e-02;2.3750000e+02;9.5606580e-02;2.3750000e+02;1.1179527e-01;2.3750000e+02;1.2169639e-01;2.3750000e+02;1.3174774e-01;2.3750000e+02;1.5513480e-01;2.3750000e+02;1.8873987e-01;2.3750000e+02;2.2529235e-01;2.3750000e+02;2.3960823e-01;2.3750000e+02;2.4310635e-01;2.3750000e+02;2.3811057e-01;2.3750000e+02;2.2550507e-01;2.3750000e+02;1.6650187e-02;2.3750000e+02;2.2055836e-02;2.3750000e+02;2.9694868e-02;2.3750000e+02;3.9489493e-02;2.3750000e+02;5.1244877e-02;2.3750000e+02;6.4640313e-02;2.3750000e+02;7.9706162e-02;2.3750000e+02;9.5606580e-02;2.3750000e+02;1.1179527e-01;2.3750000e+02;1.2169639e-01;2.3750000e+02;1.3174774e-01;2.3750000e+02;1.5513480e-01;2.3750000e+02;1.8873987e-01;2.3750000e+02;2.2529235e-01;2.3750000e+02;2.3960823e-01;2.3750000e+02;2.4310635e-01;2.3750000e+02;2.3811057e-01;2.3750000e+02;2.2550507e-01;2.3750000e+02;1.6650187e-02;2.3750000e+02;2.2055836e-02;2.3750000e+02;2.9694868e-02;2.3750000e+02;3.9489493e-02;2.3750000e+02;5.1244877e-02;2.3750000e+02;6.4640313e-02;2.3750000e+02;7.9706162e-02;2.3750000e+02;9.5606580e-02;2.3750000e+02;1.1179527e-01;2.3750000e+02;1.2169639e-01;2.3750000e+02;1.3174774e-01;2.3750000e+02;1.5513480e-01;2.3750000e+02;1.8873987e-01;2.3750000e+02;2.2529235e-01;2.3750000e+02;2.3960823e-01;2.3750000e+02;2.4310635e-01;2.3750000e+02;2.3811057e-01;2.3750000e+02;2.2550507e-01;2.3750000e+02;1.6650187e-02;2.3750000e+02;2.2055836e-02;2.3750000e+02;2.9694868e-02;2.3750000e+02;3.9489493e-02;2.3750000e+02;5.1244877e-02;2.3750000e+02;6.4640313e-02;2.3750000e+02;7.9706162e-02;2.3750000e+02;9.5606580e-02;2.3750000e+02;1.1179527e-01;2.3750000e+02;1.2169639e-01;2.3750000e+02;1.3174774e-01;2.3750000e+02;1.5513480e-01;2.3750000e+02;1.8873987e-01;2.3750000e+02;2.2529235e-01;2.3750000e+02;2.3960823e-01;2.3750000e+02;2.4310635e-01;2.3750000e+02;2.3811057e-01;2.3750000e+02;2.2550507e-01;2.3750000e+02;1.6650187e-02;2.3750000e+02;2.2055836e-02;2.3750000e+02;2.9694868e-02;2.3750000e+02;3.9489493e-02;2.3750000e+02;5.1244877e-02;2.3750000e+02;6.4640313e-02;2.3750000e+02;7.9706162e-02;2.3750000e+02;9.5606580e-02;2.3750000e+02;1.1179527e-01;2.3750000e+02;1.2169639e-01;2.3750000e+02;1.3174774e-01;2.3750000e+02;1.5513480e-01;2.3750000e+02;1.8873987e-01;2.3750000e+02;2.2529235e-01;2.3750000e+02;2.3960823e-01;2.3750000e+02;2.4310635e-01;2.3750000e+02;2.3811057e-01;2.3750000e+02;2.2550507e-01;2.3750000e+02;1.6650187e-02;2.3750000e+02;2.2055836e-02;2.3750000e+02;2.9694868e-02;2.3750000e+02;3.9489493e-02;2.3750000e+02;5.1244877e-02;2.3750000e+02;6.4640313e-02;2.3750000e+02;7.9706162e-02;2.3750000e+02;9.5606580e-02;2.3750000e+02;1.1179527e-01;2.3750000e+02;1.2169639e-01;2.3750000e+02;1.3174774e-01;2.3750000e+02;1.5513480e-01;2.3750000e+02;1.8873987e-01;2.3750000e+02;2.2529235e-01;2.3750000e+02;2.3960823e-01;2.3750000e+02;2.4310635e-01;2.3750000e+02;2.3811057e-01;2.3750000e+02;2.2550507e-01;2.3750000e+02;1.6650187e-02;2.3750000e+02;2.2055836e-02;2.3750000e+02;2.9694868e-02;2.3750000e+02;3.9489493e-02;2.3750000e+02;5.1244877e-02;2.3750000e+02;6.4640313e-02;2.3750000e+02;7.9706162e-02;2.3750000e+02;9.5606580e-02;2.3750000e+02;1.1179527e-01;2.3750000e+02;1.2169639e-01;2.3750000e+02;1.3174774e-01;2.3750000e+02;1.5513480e-01;2.3750000e+02;1.8873987e-01;2.3750000e+02;2.2529235e-01;2.3750000e+02;2.3960823e-01;2.3750000e+02;2.4310635e-01;2.3750000e+02;2.3811057e-01;2.3750000e+02;2.2550507e-01;2.3750000e+02;1.6650187e-02;2.3750000e+02;2.2055836e-02;2.3750000e+02;2.9694868e-02;2.3750000e+02;3.9489493e-02;2.3750000e+02;5.1244877e-02;2.3750000e+02;6.4640313e-02;2.3750000e+02;7.9706162e-02;2.3750000e+02;9.5606580e-02;2.3750000e+02;1.1179527e-01;2.3750000e+02;1.2169639e-01;2.3750000e+02;1.3174774e-01;2.3750000e+02;1.5513480e-01;2.3750000e+02;1.8873987e-01;2.3750000e+02;2.2529235e-01;2.3750000e+02;2.3960823e-01;2.3750000e+02;2.4310635e-01;2.3750000e+02;2.3811057e-01;2.3750000e+02;2.2550507e-01;2.3750000e+02;1.6650187e-02;2.3750000e+02;2.2055836e-02;2.3750000e+02;2.9694868e-02;2.3750000e+02;3.9489493e-02;2.3750000e+02;5.1244877e-02;2.3750000e+02;6.4640313e-02;2.3750000e+02;7.9706162e-02;2.3750000e+02;9.5606580e-02;2.3750000e+02;1.1179527e-01;2.3750000e+02;1.2169639e-01;2.3750000e+02;1.3174774e-01;2.3750000e+02;1.5513480e-01;2.3750000e+02;1.8873987e-01;2.3750000e+02;2.2529235e-01;2.3750000e+02;2.3960823e-01;2.3750000e+02;2.4310635e-01;2.3750000e+02;2.3811057e-01;2.3750000e+02;2.2550507e-01;2.3750000e+02;1.6650187e-02;2.3750000e+02;2.2055836e-02;2.3750000e+02;2.9694868e-02;2.3750000e+02;3.9489493e-02;2.3750000e+02;5.1244877e-02;2.3750000e+02;6.4640313e-02;2.3750000e+02;7.9706162e-02;2.3750000e+02;9.5606580e-02;2.3750000e+02;1.1179527e-01;2.3750000e+02;1.2169639e-01;2.3750000e+02;1.3174774e-01;2.3750000e+02;1.5513480e-01;2.3750000e+02;1.8873987e-01;2.3750000e+02;2.2529235e-01;2.3750000e+02;2.3960823e-01;2.3750000e+02;2.4310635e-01;2.3750000e+02;2.3811057e-01;2.3750000e+02;2.2550507e-01;2.3750000e+02;1.6650187e-02;2.3750000e+02;2.2055836e-02;2.3750000e+02;2.9694868e-02;2.3750000e+02;3.9489493e-02;2.3750000e+02;5.1244877e-02;2.3750000e+02;6.4640313e-02;2.3750000e+02;7.9706162e-02;2.3750000e+02;9.5606580e-02;2.3750000e+02;1.1179527e-01;2.3750000e+02;1.2169639e-01;2.3750000e+02;1.3174774e-01;2.3750000e+02;1.5513480e-01;2.3750000e+02;1.8873987e-01;2.3750000e+02;2.2529235e-01;2.3750000e+02;2.3960823e-01;2.3750000e+02;2.4310635e-01;2.3750000e+02;2.3811057e-01;2.3750000e+02;2.2550507e-01;2.3750000e+02;1.6650187e-02;2.3750000e+02;2.2055836e-02;2.3750000e+02;2.9694868e-02;2.3750000e+02;3.9489493e-02;2.3750000e+02;5.1244877e-02;2.3750000e+02;6.4640313e-02;2.3750000e+02;7.9706162e-02;2.3750000e+02;9.5606580e-02;2.3750000e+02;1.1179527e-01;2.3750000e+02;1.2169639e-01;2.3750000e+02;1.3174774e-01;2.3750000e+02;1.5513480e-01;2.3750000e+02;1.8873987e-01;2.3750000e+02;2.2529235e-01;2.3750000e+02;2.3960823e-01;2.3750000e+02;2.4310635e-01;2.3750000e+02;2.3811057e-01;2.3750000e+02;2.2550507e-01;2.3750000e+02;1.6650187e-02;2.3750000e+02;2.2055836e-02;2.3750000e+02;2.9694868e-02;2.3750000e+02;3.9489493e-02;2.3750000e+02;5.1244877e-02;2.3750000e+02;6.4640313e-02;2.3750000e+02;7.9706162e-02;2.3750000e+02;9.5606580e-02;2.3750000e+02;1.1179527e-01;2.3750000e+02;1.2169639e-01;2.3750000e+02;1.3174774e-01;2.3750000e+02;1.5513480e-01;2.3750000e+02;1.8873987e-01;2.3750000e+02;2.2529235e-01;2.3750000e+02;2.3960823e-01;2.3750000e+02;2.4310635e-01;2.3750000e+02;2.3811057e-01;2.3750000e+02;2.2550507e-01;2.3750000e+02;1.6650187e-02;2.3750000e+02;2.2055836e-02;2.3750000e+02;2.9694868e-02;2.3750000e+02;3.9489493e-02;2.3750000e+02;5.1244877e-02;2.3750000e+02;6.4640313e-02;2.3750000e+02;7.9706162e-02;2.3750000e+02;9.5606580e-02;2.3750000e+02;1.1179527e-01;2.3750000e+02;1.2169639e-01;2.3750000e+02;1.3174774e-01;2.3750000e+02;1.5513480e-01;2.3750000e+02;1.8873987e-01;2.3750000e+02;2.2529235e-01;2.3750000e+02;2.3960823e-01;2.3750000e+02;2.4310635e-01;2.3750000e+02;2.3811057e-01;2.3750000e+02;2.2550507e-01;2.3750000e+02;1.6650187e-02;2.3750000e+02;2.2055836e-02;2.3750000e+02;2.9694868e-02;2.3750000e+02;3.9489493e-02;2.3750000e+02;5.1244877e-02;2.3750000e+02;6.4640313e-02;2.3750000e+02;7.9706162e-02;2.3750000e+02;9.5606580e-02;2.3750000e+02;1.1179527e-01;2.3750000e+02;1.2169639e-01;2.3750000e+02;1.3174774e-01;2.3750000e+02;1.5513480e-01;2.3750000e+02;1.8873987e-01;2.3750000e+02;2.2529235e-01;2.3750000e+02;2.3960823e-01;2.3750000e+02;2.4310635e-01;2.3750000e+02;2.3811057e-01;2.3750000e+02;2.2550507e-01;2.3750000e+02;1.6650187e-02;2.3750000e+02;2.2055836e-02;2.3750000e+02;2.9694868e-02;2.3750000e+02;3.9489493e-02;2.3750000e+02;5.1244877e-02;2.3750000e+02;6.4640313e-02;2.3750000e+02;7.9706162e-02;2.3750000e+02;9.5606580e-02;2.3750000e+02;1.1179527e-01;2.3750000e+02;1.2169639e-01;2.3750000e+02;1.3174774e-01;2.3750000e+02;1.5513480e-01;2.3750000e+02;1.8873987e-01;2.3750000e+02;2.2529235e-01;2.3750000e+02;2.3960823e-01;2.3750000e+02;2.4310635e-01;2.3750000e+02;2.3811057e-01;2.3750000e+02;2.2550507e-01;2.3750000e+02;1.6650187e-02;2.3750000e+02;2.2055836e-02;2.3750000e+02;2.9694868e-02;2.3750000e+02;3.9489493e-02;2.3750000e+02;5.1244877e-02;2.3750000e+02;6.4640313e-02;2.3750000e+02;7.9706162e-02;2.3750000e+02;9.5606580e-02;2.3750000e+02;1.1179527e-01;2.3750000e+02;1.2169639e-01;2.3750000e+02;1.3174774e-01;2.3750000e+02;1.5513480e-01;2.3750000e+02;1.8873987e-01;2.3750000e+02;2.2529235e-01;2.3750000e+02;2.3960823e-01;2.3750000e+02;2.4310635e-01;2.3750000e+02;2.3811057e-01;2.3750000e+02;2.2550507e-01;2.3750000e+02;1.6650187e-02;2.3750000e+02;2.2055836e-02;2.3750000e+02;2.9694868e-02;2.3750000e+02;3.9489493e-02;2.3750000e+02;5.1244877e-02;2.3750000e+02;6.4640313e-02;2.3750000e+02;7.9706162e-02;2.3750000e+02;9.5606580e-02;2.3750000e+02;1.1179527e-01;2.3750000e+02;1.2169639e-01;2.3750000e+02;1.3174774e-01;2.3750000e+02;1.5513480e-01;2.3750000e+02;1.8873987e-01;2.3750000e+02;2.2529235e-01;2.3750000e+02;2.3960823e-01;2.3750000e+02;2.4310635e-01;2.3750000e+02;2.3811057e-01;2.3750000e+02;2.2550507e-01;2.3750000e+02;1.6650187e-02;2.3750000e+02;2.2055836e-02;2.3750000e+02;2.9694868e-02;2.3750000e+02;3.9489493e-02;2.3750000e+02;5.1244877e-02;2.3750000e+02;6.4640313e-02;2.3750000e+02;7.9706162e-02;2.3750000e+02;9.5606580e-02;2.3750000e+02;1.1179527e-01;2.3750000e+02;1.2169639e-01;2.3750000e+02;1.3174774e-01;2.3750000e+02;1.5513480e-01;2.3750000e+02;1.8873987e-01;2.3750000e+02;2.2529235e-01;2.3750000e+02;2.3960823e-01;2.3750000e+02;2.4310635e-01;2.3750000e+02;2.3811057e-01;2.3750000e+02;2.2550507e-01;2.3750000e+02;1.6650187e-02;2.3750000e+02;2.2055836e-02;2.3750000e+02;2.9694868e-02;2.3750000e+02;3.9489493e-02;2.3750000e+02;5.1244877e-02;2.3750000e+02;6.4640313e-02;2.3750000e+02;7.9706162e-02;2.3750000e+02;9.5606580e-02;2.3750000e+02;1.1179527e-01;2.3750000e+02;1.2169639e-01;2.3750000e+02;1.3174774e-01;2.3750000e+02;1.5513480e-01;2.3750000e+02;1.8873987e-01;2.3750000e+02;2.2529235e-01;2.3750000e+02;2.3960823e-01;2.3750000e+02;2.4310635e-01;2.3750000e+02;2.3811057e-01;2.3750000e+02;2.2550507e-01;2.3750000e+02;1.6650187e-02;2.3750000e+02;2.2055836e-02;2.3750000e+02;2.9694868e-02;2.3750000e+02;3.9489493e-02;2.3750000e+02;5.1244877e-02;2.3750000e+02;6.4640313e-02;2.3750000e+02;7.9706162e-02;2.3750000e+02;9.5606580e-02;2.3750000e+02;1.1179527e-01;2.3750000e+02;1.2169639e-01;2.3750000e+02;1.3174774e-01;2.3750000e+02;1.5513480e-01;2.3750000e+02;1.8873987e-01;2.3750000e+02;2.2529235e-01;2.3750000e+02;2.3960823e-01;2.3750000e+02;2.4310635e-01;2.3750000e+02;2.3811057e-01;2.3750000e+02;2.2550507e-01;2.3750000e+02;1.6650187e-02;2.3750000e+02;2.2055836e-02;2.3750000e+02;2.9694868e-02;2.3750000e+02;3.9489493e-02;2.3750000e+02;5.1244877e-02;2.3750000e+02;6.4640313e-02;2.3750000e+02;7.9706162e-02;2.3750000e+02;9.5606580e-02;2.3750000e+02;1.1179527e-01;2.3750000e+02;1.2169639e-01;2.3750000e+02;1.3174774e-01;2.3750000e+02;1.5513480e-01;2.3750000e+02;1.8873987e-01;2.3750000e+02;2.2529235e-01;2.3750000e+02;2.3960823e-01;2.3750000e+02;2.4310635e-01;2.3750000e+02;2.3811057e-01;2.3750000e+02;2.2550507e-01;2.3750000e+02;1.6650187e-02;2.3750000e+02;2.2055836e-02;2.3750000e+02;2.9694868e-02;2.3750000e+02;3.9489493e-02;2.3750000e+02;5.1244877e-02;2.3750000e+02;6.4640313e-02;2.3750000e+02;7.9706162e-02;2.3750000e+02;9.5606580e-02;2.3750000e+02;1.1179527e-01;2.3750000e+02;1.2169639e-01;2.3750000e+02;1.3174774e-01;2.3750000e+02;1.5513480e-01;2.3750000e+02;1.8873987e-01;2.3750000e+02;2.2529235e-01;2.3750000e+02;2.3960823e-01;2.3750000e+02;2.4310635e-01;2.3750000e+02;2.3811057e-01;2.3750000e+02;2.2550507e-01;2.3750000e+02;1.6650187e-02;2.3750000e+02;2.2055836e-02;2.3750000e+02;2.9694868e-02;2.3750000e+02;3.9489493e-02;2.3750000e+02;5.1244877e-02;2.3750000e+02;6.4640313e-02;2.3750000e+02;7.9706162e-02;2.3750000e+02;9.5606580e-02;2.3750000e+02;1.1179527e-01;2.3750000e+02;1.2169639e-01;2.3750000e+02;1.3174774e-01;2.3750000e+02;1.5513480e-01;2.3750000e+02;1.8873987e-01;2.3750000e+02;2.2529235e-01;2.3750000e+02;2.3960823e-01;2.3750000e+02;2.4310635e-01;2.3750000e+02;2.3811057e-01;2.3750000e+02;2.2550507e-01;2.3750000e+02;1.6650187e-02;2.3750000e+02;2.2055836e-02;2.3750000e+02;2.9694868e-02;2.3750000e+02;3.9489493e-02;2.3750000e+02;5.1244877e-02;2.3750000e+02;6.4640313e-02;2.3750000e+02;7.9706162e-02;2.3750000e+02;9.5606580e-02;2.3750000e+02;1.1179527e-01;2.3750000e+02;1.2169639e-01;2.3750000e+02;1.3174774e-01;2.3750000e+02;1.5513480e-01;2.3750000e+02;1.8873987e-01;2.3750000e+02;2.2529235e-01;2.3750000e+02;2.3960823e-01;2.3750000e+02;2.4310635e-01;2.3750000e+02;2.3811057e-01;2.3750000e+02;2.2550507e-01;2.3750000e+02;1.6650187e-02;2.3750000e+02;2.2055836e-02;2.3750000e+02;2.9694868e-02;2.3750000e+02;3.9489493e-02;2.3750000e+02;5.1244877e-02;2.3750000e+02;6.4640313e-02;2.3750000e+02;7.9706162e-02;2.3750000e+02;9.5606580e-02;2.3750000e+02;1.1179527e-01;2.3750000e+02;1.2169639e-01;2.3750000e+02;1.3174774e-01;2.3750000e+02;1.5513480e-01;2.3750000e+02;1.8873987e-01;2.3750000e+02;2.2529235e-01;2.3750000e+02;2.3960823e-01;2.3750000e+02;2.4310635e-01;2.3750000e+02;2.3811057e-01;2.3750000e+02;2.2550507e-01;2.3750000e+02;1.6650187e-02;2.3750000e+02;2.2055836e-02;2.3750000e+02;2.9694868e-02;2.3750000e+02;3.9489493e-02;2.3750000e+02;5.1244877e-02;2.3750000e+02;6.4640313e-02;2.3750000e+02;7.9706162e-02;2.3750000e+02;9.5606580e-02;2.3750000e+02;1.1179527e-01;2.3750000e+02;1.2169639e-01;2.3750000e+02;1.3174774e-01;2.3750000e+02;1.5513480e-01;2.3750000e+02;1.8873987e-01;2.3750000e+02;2.2529235e-01;2.3750000e+02;2.3960823e-01;2.3750000e+02;2.4310635e-01;2.3750000e+02;2.3811057e-01;2.3750000e+02;2.2550507e-01;2.3750000e+02;1.6650187e-02;2.3750000e+02;2.2055836e-02;2.3750000e+02;2.9694868e-02;2.3750000e+02;3.9489493e-02;2.3750000e+02;5.1244877e-02;2.3750000e+02;6.4640313e-02;2.3750000e+02;7.9706162e-02;2.3750000e+02;9.5606580e-02;2.3750000e+02;1.1179527e-01;2.3750000e+02;1.2169639e-01;2.3750000e+02;1.3174774e-01;2.3750000e+02;1.5513480e-01;2.3750000e+02;1.8873987e-01;2.3750000e+02;2.2529235e-01;2.3750000e+02;2.3960823e-01;2.3750000e+02;2.4310635e-01;2.3750000e+02;2.3811057e-01;2.3750000e+02;2.2550507e-01;2.3750000e+02;1.6650187e-02;2.3750000e+02;2.2055836e-02;2.3750000e+02;2.9694868e-02;2.3750000e+02;3.9489493e-02;2.3750000e+02;5.1244877e-02;2.3750000e+02;6.4640313e-02;2.3750000e+02;7.9706162e-02;2.3750000e+02;9.5606580e-02;2.3750000e+02;1.1179527e-01;2.3750000e+02;1.2169639e-01;2.3750000e+02;1.3174774e-01;2.3750000e+02;1.5513480e-01;2.3750000e+02;1.8873987e-01;2.3750000e+02;2.2529235e-01;2.3750000e+02;2.3960823e-01;2.3750000e+02;2.4310635e-01;2.3750000e+02;2.3811057e-01;2.3750000e+02;2.2550507e-01;2.3750000e+02;1.6650187e-02;2.3750000e+02;2.2055836e-02;2.3750000e+02;2.9694868e-02;2.3750000e+02;3.9489493e-02;2.3750000e+02;5.1244877e-02;2.3750000e+02;6.4640313e-02;2.3750000e+02;7.9706162e-02;2.3750000e+02;9.5606580e-02;2.3750000e+02;1.1179527e-01;2.3750000e+02;1.2169639e-01;2.3750000e+02;1.3174774e-01;2.3750000e+02;1.5513480e-01;2.3750000e+02;1.8873987e-01;2.3750000e+02;2.2529235e-01;2.3750000e+02;2.3960823e-01;2.3750000e+02;2.4310635e-01;2.3750000e+02;2.3811057e-01;2.3750000e+02;2.2550507e-01;2.3750000e+02;1.6650187e-02;2.3750000e+02;2.2055836e-02;2.3750000e+02;2.9694868e-02;2.3750000e+02;3.9489493e-02;2.3750000e+02;5.1244877e-02;2.3750000e+02;6.4640313e-02;2.3750000e+02;7.9706162e-02;2.3750000e+02;9.5606580e-02;2.3750000e+02;1.1179527e-01;2.3750000e+02;1.2169639e-01;2.3750000e+02;1.3174774e-01;2.3750000e+02;1.5513480e-01;2.3750000e+02;1.8873987e-01;2.3750000e+02;2.2529235e-01;2.3750000e+02;2.3960823e-01;2.3750000e+02;2.4310635e-01;2.3750000e+02;2.3811057e-01;2.3750000e+02;2.2550507e-01;2.3750000e+02;1.6650187e-02;2.3750000e+02;2.2055836e-02;2.3750000e+02;2.9694868e-02;2.3750000e+02;3.9489493e-02;2.3750000e+02;5.1244877e-02;2.3750000e+02;6.4640313e-02;2.3750000e+02;7.9706162e-02;2.3750000e+02;9.5606580e-02;2.3750000e+02;1.1179527e-01;2.3750000e+02;1.2169639e-01;2.3750000e+02;1.3174774e-01;2.3750000e+02;1.5513480e-01;2.3750000e+02;1.8873987e-01;2.3750000e+02;2.2529235e-01;2.3750000e+02;2.3960823e-01;2.3750000e+02;2.4310635e-01;2.3750000e+02;2.3811057e-01;2.3750000e+02;2.2550507e-01;2.3750000e+02;1.6650187e-02;2.3750000e+02;2.2055836e-02;2.3750000e+02;2.9694868e-02;2.3750000e+02;3.9489493e-02;2.3750000e+02;5.1244877e-02;2.3750000e+02;6.4640313e-02;2.3750000e+02;7.9706162e-02;2.3750000e+02;9.5606580e-02;2.3750000e+02;1.1179527e-01;2.3750000e+02;1.2169639e-01;2.3750000e+02;1.3174774e-01;2.3750000e+02;1.5513480e-01;2.3750000e+02;1.8873987e-01;2.3750000e+02;2.2529235e-01;2.3750000e+02;2.3960823e-01;2.3750000e+02;2.4310635e-01;2.3750000e+02;2.3811057e-01;2.3750000e+02;2.2550507e-01;2.3750000e+02;1.6650187e-02;2.3750000e+02;2.2055836e-02;2.3750000e+02;2.9694868e-02;2.3750000e+02;3.9489493e-02;2.3750000e+02;5.1244877e-02;2.3750000e+02;6.4640313e-02;2.3750000e+02;7.9706162e-02;2.3750000e+02;9.5606580e-02;2.3750000e+02;1.1179527e-01;2.3750000e+02;1.2169639e-01;2.3750000e+02;1.3174774e-01;2.3750000e+02;1.5513480e-01;2.3750000e+02;1.8873987e-01;2.3750000e+02;2.2529235e-01;2.3750000e+02;2.3960823e-01;2.3750000e+02;2.4310635e-01;2.3750000e+02;2.3811057e-01;2.3750000e+02;2.2550507e-01;2.3750000e+02;1.6650187e-02;2.3750000e+02;2.2055836e-02;2.3750000e+02;2.9694868e-02;2.3750000e+02;3.9489493e-02;2.3750000e+02;5.1244877e-02;2.3750000e+02;6.4640313e-02;2.3750000e+02;7.9706162e-02;2.3750000e+02;9.5606580e-02;2.3750000e+02;1.1179527e-01;2.3750000e+02;1.2169639e-01;2.3750000e+02;1.3174774e-01;2.3750000e+02;1.5513480e-01;2.3750000e+02;1.8873987e-01;2.3750000e+02;2.2529235e-01;2.3750000e+02;2.3960823e-01;2.3750000e+02;2.4310635e-01;2.3750000e+02;2.3811057e-01;2.3750000e+02;2.2550507e-01;2.3750000e+02;1.6650187e-02;2.3750000e+02;2.2055836e-02;2.3750000e+02;2.9694868e-02;2.3750000e+02;3.9489493e-02;2.3750000e+02;5.1244877e-02;2.3750000e+02;6.4640313e-02;2.3750000e+02;7.9706162e-02;2.3750000e+02;9.5606580e-02;2.3750000e+02;1.1179527e-01;2.3750000e+02;1.2169639e-01;2.3750000e+02;1.3174774e-01;2.3750000e+02;1.5513480e-01;2.3750000e+02;1.8873987e-01;2.3750000e+02;2.2529235e-01;2.3750000e+02;2.3960823e-01;2.3750000e+02;2.4310635e-01;2.3750000e+02;2.3811057e-01;2.3750000e+02;2.2550507e-01;2.3750000e+02;1.6650187e-02;2.3750000e+02;2.2055836e-02;2.3750000e+02;2.9694868e-02;2.3750000e+02;3.9489493e-02;2.3750000e+02;5.1244877e-02;2.3750000e+02;6.4640313e-02;2.3750000e+02;7.9706162e-02;2.3750000e+02;9.5606580e-02;2.3750000e+02;1.1179527e-01;2.3750000e+02;1.2169639e-01;2.3750000e+02;1.3174774e-01;2.3750000e+02;1.5513480e-01;2.3750000e+02;1.8873987e-01;2.3750000e+02;2.2529235e-01;2.3750000e+02;2.3960823e-01;2.3750000e+02;2.4310635e-01;2.3750000e+02;2.3811057e-01;2.3750000e+02;2.2550507e-01;2.3750000e+02;1.6650187e-02;2.3750000e+02;2.2055836e-02;2.3750000e+02;2.9694868e-02;2.3750000e+02;3.9489493e-02;2.3750000e+02;5.1244877e-02;2.3750000e+02;6.4640313e-02;2.3750000e+02;7.9706162e-02;2.3750000e+02;9.5606580e-02;2.3750000e+02;1.1179527e-01;2.3750000e+02;1.2169639e-01;2.3750000e+02;1.3174774e-01;2.3750000e+02;1.5513480e-01;2.3750000e+02;1.8873987e-01;2.3750000e+02;2.2529235e-01;2.3750000e+02;2.3960823e-01;2.3750000e+02;2.4310635e-01;2.3750000e+02;2.3811057e-01;2.3750000e+02;2.2550507e-01;2.3750000e+02;1.6650187e-02;2.3750000e+02;2.2055836e-02;2.3750000e+02;2.9694868e-02;2.3750000e+02;3.9489493e-02;2.3750000e+02;5.1244877e-02;2.3750000e+02;6.4640313e-02;2.3750000e+02;7.9706162e-02;2.3750000e+02;9.5606580e-02;2.3750000e+02;1.1179527e-01;2.3750000e+02;1.2169639e-01;2.3750000e+02;1.3174774e-01;2.3750000e+02;1.5513480e-01;2.3750000e+02;1.8873987e-01;2.3750000e+02;2.2529235e-01;2.3750000e+02;2.3960823e-01;2.3750000e+02;2.4310635e-01;2.3750000e+02;2.3811057e-01;2.3750000e+02;2.2550507e-01;2.3750000e+02;1.6650187e-02;2.3750000e+02;2.2055836e-02;2.3750000e+02;2.9694868e-02;2.3750000e+02;3.9489493e-02;2.3750000e+02;5.1244877e-02;2.3750000e+02;6.4640313e-02;2.3750000e+02;7.9706162e-02;2.3750000e+02;9.5606580e-02;2.3750000e+02;1.1179527e-01;2.3750000e+02;1.2169639e-01;2.3750000e+02;1.3174774e-01;2.3750000e+02;1.5513480e-01;2.3750000e+02;1.8873987e-01;2.3750000e+02;2.2529235e-01;2.3750000e+02;2.3960823e-01;2.3750000e+02;2.4310635e-01;2.3750000e+02;2.3811057e-01;2.3750000e+02;2.2550507e-01;2.3750000e+02;1.6650187e-02;2.3750000e+02;2.2055836e-02;2.3750000e+02;2.9694868e-02;2.3750000e+02;3.9489493e-02;2.3750000e+02;5.1244877e-02;2.3750000e+02;6.4640313e-02;2.3750000e+02;7.9706162e-02;2.3750000e+02;9.5606580e-02;2.3750000e+02;1.1179527e-01;2.3750000e+02;1.2169639e-01;2.3750000e+02;1.3174774e-01;2.3750000e+02;1.5513480e-01;2.3750000e+02;1.8873987e-01;2.3750000e+02;2.2529235e-01;2.3750000e+02;2.3960823e-01;2.3750000e+02;2.4310635e-01;2.3750000e+02;2.3811057e-01;2.3750000e+02;2.2550507e-01;2.3750000e+02;1.6650187e-02;2.3750000e+02;2.2055836e-02;2.3750000e+02;2.9694868e-02;2.3750000e+02;3.9489493e-02;2.3750000e+02;5.1244877e-02;2.3750000e+02;6.4640313e-02;2.3750000e+02;7.9706162e-02;2.3750000e+02;9.5606580e-02;2.3750000e+02;1.1179527e-01;2.3750000e+02;1.2169639e-01;2.3750000e+02;1.3174774e-01;2.3750000e+02;1.5513480e-01;2.3750000e+02;1.8873987e-01;2.3750000e+02;2.2529235e-01;2.3750000e+02;2.3960823e-01;2.3750000e+02;2.4310635e-01;2.3750000e+02;2.3811057e-01;2.3750000e+02;2.2550507e-01;2.3750000e+02;1.6650187e-02;2.3750000e+02;2.2055836e-02;2.3750000e+02;2.9694868e-02;2.3750000e+02;3.9489493e-02;2.3750000e+02;5.1244877e-02;2.3750000e+02;6.4640313e-02;2.3750000e+02;7.9706162e-02;2.3750000e+02;9.5606580e-02;2.3750000e+02;1.1179527e-01;2.3750000e+02;1.2169639e-01;2.3750000e+02;1.3174774e-01;2.3750000e+02;1.5513480e-01;2.3750000e+02;1.8873987e-01;2.3750000e+02;2.2529235e-01;2.3750000e+02;2.3960823e-01;2.3750000e+02;2.4310635e-01;2.3750000e+02;2.3811057e-01;2.3750000e+02;2.2550507e-01;2.3750000e+02;1.6650187e-02;2.3750000e+02;2.2055836e-02;2.3750000e+02;2.9694868e-02;2.3750000e+02;3.9489493e-02;2.3750000e+02;5.1244877e-02;2.3750000e+02;6.4640313e-02;2.3750000e+02;7.9706162e-02;2.3750000e+02;9.5606580e-02;2.3750000e+02;1.1179527e-01;2.3750000e+02;1.2169639e-01;2.3750000e+02;1.3174774e-01;2.3750000e+02;1.5513480e-01;2.3750000e+02;1.8873987e-01;2.3750000e+02;2.2529235e-01;2.3750000e+02;2.3960823e-01;2.3750000e+02;2.4310635e-01;2.3750000e+02;2.3811057e-01;2.3750000e+02;2.2550507e-01;2.3750000e+02;1.6650187e-02;2.3750000e+02;2.2055836e-02;2.3750000e+02;2.9694868e-02;2.3750000e+02;3.9489493e-02;2.3750000e+02;5.1244877e-02;2.3750000e+02;6.4640313e-02;2.3750000e+02;7.9706162e-02;2.3750000e+02;9.5606580e-02;2.3750000e+02;1.1179527e-01;2.3750000e+02;1.2169639e-01;2.3750000e+02;1.3174774e-01;2.3750000e+02;1.5513480e-01;2.3750000e+02;1.8873987e-01;2.3750000e+02;2.2529235e-01;2.3750000e+02;2.3960823e-01;2.3750000e+02;2.4310635e-01;2.3750000e+02;2.3811057e-01;2.3750000e+02;2.2550507e-01;2.3750000e+02;1.6650187e-02;2.3750000e+02;2.2055836e-02;2.3750000e+02;2.9694868e-02;2.3750000e+02;3.9489493e-02;2.3750000e+02;5.1244877e-02;2.3750000e+02;6.4640313e-02;2.3750000e+02;7.9706162e-02;2.3750000e+02;9.5606580e-02;2.3750000e+02;1.1179527e-01;2.3750000e+02;1.2169639e-01;2.3750000e+02;1.3174774e-01;2.3750000e+02;1.5513480e-01;2.3750000e+02;1.8873987e-01;2.3750000e+02;2.2529235e-01;2.3750000e+02;2.3960823e-01;2.3750000e+02;2.4310635e-01;2.3750000e+02;2.3811057e-01;2.3750000e+02;2.2550507e-01;2.3750000e+02;1.6650187e-02;2.3750000e+02;2.2055836e-02;2.3750000e+02;2.9694868e-02;2.3750000e+02;3.9489493e-02;2.3750000e+02;5.1244877e-02;2.3750000e+02;6.4640313e-02;2.3750000e+02;7.9706162e-02;2.3750000e+02;9.5606580e-02;2.3750000e+02;1.1179527e-01;2.3750000e+02;1.2169639e-01;2.3750000e+02;1.3174774e-01;2.3750000e+02;1.5513480e-01;2.3750000e+02;1.8873987e-01;2.3750000e+02;2.2529235e-01;2.3750000e+02;2.3960823e-01;2.3750000e+02;2.4310635e-01;2.3750000e+02;2.3811057e-01;2.3750000e+02;2.2550507e-01
2.4250000e+02;1.6204162e-02;2.4250000e+02;2.1381404e-02;2.4250000e+02;2.9187433e-02;2.4250000e+02;3.9070755e-02;2.4250000e+02;5.0712854e-02;2.4250000e+02;6.4348191e-02;2.4250000e+02;7.8993455e-02;2.4250000e+02;9.5236361e-02;2.4250000e+02;1.1156756e-01;2.4250000e+02;1.2199025e-01;2.4250000e+02;1.3294747e-01;2.4250000e+02;1.5791449e-01;2.4250000e+02;1.9125222e-01;2.4250000e+02;2.2518143e-01;2.4250000e+02;2.3776610e-01;2.4250000e+02;2.3975782e-01;2.4250000e+02;2.3341736e-01;2.4250000e+02;2.1955234e-01;2.4250000e+02;1.6204162e-02;2.4250000e+02;2.1381404e-02;2.4250000e+02;2.9187433e-02;2.4250000e+02;3.9070755e-02;2.4250000e+02;5.0712854e-02;2.4250000e+02;6.4348191e-02;2.4250000e+02;7.8993455e-02;2.4250000e+02;9.5236361e-02;2.4250000e+02;1.1156756e-01;2.4250000e+02;1.2199025e-01;2.4250000e+02;1.3294747e-01;2.4250000e+02;1.5791449e-01;2.4250000e+02;1.9125222e-01;2.4250000e+02;2.2518143e-01;2.4250000e+02;2.3776610e-01;2.4250000e+02;2.3975782e-01;2.4250000e+02;2.3341736e-01;2.4250000e+02;2.1955234e-01;2.4250000e+02;1.6204162e-02;2.4250000e+02;2.1381404e-02;2.4250000e+02;2.9187433e-02;2.4250000e+02;3.9070755e-02;2.4250000e+02;5.0712854e-02;2.4250000e+02;6.4348191e-02;2.4250000e+02;7.8993455e-02;2.4250000e+02;9.5236361e-02;2.4250000e+02;1.1156756e-01;2.4250000e+02;1.2199025e-01;2.4250000e+02;1.3294747e-01;2.4250000e+02;1.5791449e-01;2.4250000e+02;1.9125222e-01;2.4250000e+02;2.2518143e-01;2.4250000e+02;2.3776610e-01;2.4250000e+02;2.3975782e-01;2.4250000e+02;2.3341736e-01;2.4250000e+02;2.1955234e-01;2.4250000e+02;1.6204162e-02;2.4250000e+02;2.1381404e-02;2.4250000e+02;2.9187433e-02;2.4250000e+02;3.9070755e-02;2.4250000e+02;5.0712854e-02;2.4250000e+02;6.4348191e-02;2.4250000e+02;7.8993455e-02;2.4250000e+02;9.5236361e-02;2.4250000e+02;1.1156756e-01;2.4250000e+02;1.2199025e-01;2.4250000e+02;1.3294747e-01;2.4250000e+02;1.5791449e-01;2.4250000e+02;1.9125222e-01;2.4250000e+02;2.2518143e-01;2.4250000e+02;2.3776610e-01;2.4250000e+02;2.3975782e-01;2.4250000e+02;2.3341736e-01;2.4250000e+02;2.1955234e-01;2.4250000e+02;1.6204162e-02;2.4250000e+02;2.1381404e-02;2.4250000e+02;2.9187433e-02;2.4250000e+02;3.9070755e-02;2.4250000e+02;5.0712854e-02;2.4250000e+02;6.4348191e-02;2.4250000e+02;7.8993455e-02;2.4250000e+02;9.5236361e-02;2.4250000e+02;1.1156756e-01;2.4250000e+02;1.2199025e-01;2.4250000e+02;1.3294747e-01;2.4250000e+02;1.5791449e-01;2.4250000e+02;1.9125222e-01;2.4250000e+02;2.2518143e-01;2.4250000e+02;2.3776610e-01;2.4250000e+02;2.3975782e-01;2.4250000e+02;2.3341736e-01;2.4250000e+02;2.1955234e-01;2.4250000e+02;1.6204162e-02;2.4250000e+02;2.1381404e-02;2.4250000e+02;2.9187433e-02;2.4250000e+02;3.9070755e-02;2.4250000e+02;5.0712854e-02;2.4250000e+02;6.4348191e-02;2.4250000e+02;7.8993455e-02;2.4250000e+02;9.5236361e-02;2.4250000e+02;1.1156756e-01;2.4250000e+02;1.2199025e-01;2.4250000e+02;1.3294747e-01;2.4250000e+02;1.5791449e-01;2.4250000e+02;1.9125222e-01;2.4250000e+02;2.2518143e-01;2.4250000e+02;2.3776610e-01;2.4250000e+02;2.3975782e-01;2.4250000e+02;2.3341736e-01;2.4250000e+02;2.1955234e-01;2.4250000e+02;1.6204162e-02;2.4250000e+02;2.1381404e-02;2.4250000e+02;2.9187433e-02;2.4250000e+02;3.9070755e-02;2.4250000e+02;5.0712854e-02;2.4250000e+02;6.4348191e-02;2.4250000e+02;7.8993455e-02;2.4250000e+02;9.5236361e-02;2.4250000e+02;1.1156756e-01;2.4250000e+02;1.2199025e-01;2.4250000e+02;1.3294747e-01;2.4250000e+02;1.5791449e-01;2.4250000e+02;1.9125222e-01;2.4250000e+02;2.2518143e-01;2.4250000e+02;2.3776610e-01;2.4250000e+02;2.3975782e-01;2.4250000e+02;2.3341736e-01;2.4250000e+02;2.1955234e-01;2.4250000e+02;1.6204162e-02;2.4250000e+02;2.1381404e-02;2.4250000e+02;2.9187433e-02;2.4250000e+02;3.9070755e-02;2.4250000e+02;5.0712854e-02;2.4250000e+02;6.4348191e-02;2.4250000e+02;7.8993455e-02;2.4250000e+02;9.5236361e-02;2.4250000e+02;1.1156756e-01;2.4250000e+02;1.2199025e-01;2.4250000e+02;1.3294747e-01;2.4250000e+02;1.5791449e-01;2.4250000e+02;1.9125222e-01;2.4250000e+02;2.2518143e-01;2.4250000e+02;2.3776610e-01;2.4250000e+02;2.3975782e-01;2.4250000e+02;2.3341736e-01;2.4250000e+02;2.1955234e-01;2.4250000e+02;1.6204162e-02;2.4250000e+02;2.1381404e-02;2.4250000e+02;2.9187433e-02;2.4250000e+02;3.9070755e-02;2.4250000e+02;5.0712854e-02;2.4250000e+02;6.4348191e-02;2.4250000e+02;7.8993455e-02;2.4250000e+02;9.5236361e-02;2.4250000e+02;1.1156756e-01;2.4250000e+02;1.2199025e-01;2.4250000e+02;1.3294747e-01;2.4250000e+02;1.5791449e-01;2.4250000e+02;1.9125222e-01;2.4250000e+02;2.2518143e-01;2.4250000e+02;2.3776610e-01;2.4250000e+02;2.3975782e-01;2.4250000e+02;2.3341736e-01;2.4250000e+02;2.1955234e-01;2.4250000e+02;1.6204162e-02;2.4250000e+02;2.1381404e-02;2.4250000e+02;2.9187433e-02;2.4250000e+02;3.9070755e-02;2.4250000e+02;5.0712854e-02;2.4250000e+02;6.4348191e-02;2.4250000e+02;7.8993455e-02;2.4250000e+02;9.5236361e-02;2.4250000e+02;1.1156756e-01;2.4250000e+02;1.2199025e-01;2.4250000e+02;1.3294747e-01;2.4250000e+02;1.5791449e-01;2.4250000e+02;1.9125222e-01;2.4250000e+02;2.2518143e-01;2.4250000e+02;2.3776610e-01;2.4250000e+02;2.3975782e-01;2.4250000e+02;2.3341736e-01;2.4250000e+02;2.1955234e-01;2.4250000e+02;1.6204162e-02;2.4250000e+02;2.1381404e-02;2.4250000e+02;2.9187433e-02;2.4250000e+02;3.9070755e-02;2.4250000e+02;5.0712854e-02;2.4250000e+02;6.4348191e-02;2.4250000e+02;7.8993455e-02;2.4250000e+02;9.5236361e-02;2.4250000e+02;1.1156756e-01;2.4250000e+02;1.2199025e-01;2.4250000e+02;1.3294747e-01;2.4250000e+02;1.5791449e-01;2.4250000e+02;1.9125222e-01;2.4250000e+02;2.2518143e-01;2.4250000e+02;2.3776610e-01;2.4250000e+02;2.3975782e-01;2.4250000e+02;2.3341736e-01;2.4250000e+02;2.1955234e-01;2.4250000e+02;1.6204162e-02;2.4250000e+02;2.1381404e-02;2.4250000e+02;2.9187433e-02;2.4250000e+02;3.9070755e-02;2.4250000e+02;5.0712854e-02;2.4250000e+02;6.4348191e-02;2.4250000e+02;7.8993455e-02;2.4250000e+02;9.5236361e-02;2.4250000e+02;1.1156756e-01;2.4250000e+02;1.2199025e-01;2.4250000e+02;1.3294747e-01;2.4250000e+02;1.5791449e-01;2.4250000e+02;1.9125222e-01;2.4250000e+02;2.2518143e-01;2.4250000e+02;2.3776610e-01;2.4250000e+02;2.3975782e-01;2.4250000e+02;2.3341736e-01;2.4250000e+02;2.1955234e-01;2.4250000e+02;1.6204162e-02;2.4250000e+02;2.1381404e-02;2.4250000e+02;2.9187433e-02;2.4250000e+02;3.9070755e-02;2.4250000e+02;5.0712854e-02;2.4250000e+02;6.4348191e-02;2.4250000e+02;7.8993455e-02;2.4250000e+02;9.5236361e-02;2.4250000e+02;1.1156756e-01;2.4250000e+02;1.2199025e-01;2.4250000e+02;1.3294747e-01;2.4250000e+02;1.5791449e-01;2.4250000e+02;1.9125222e-01;2.4250000e+02;2.2518143e-01;2.4250000e+02;2.3776610e-01;2.4250000e+02;2.3975782e-01;2.4250000e+02;2.3341736e-01;2.4250000e+02;2.1955234e-01;2.4250000e+02;1.6204162e-02;2.4250000e+02;2.1381404e-02;2.4250000e+02;2.9187433e-02;2.4250000e+02;3.9070755e-02;2.4250000e+02;5.0712854e-02;2.4250000e+02;6.4348191e-02;2.4250000e+02;7.8993455e-02;2.4250000e+02;9.5236361e-02;2.4250000e+02;1.1156756e-01;2.4250000e+02;1.2199025e-01;2.4250000e+02;1.3294747e-01;2.4250000e+02;1.5791449e-01;2.4250000e+02;1.9125222e-01;2.4250000e+02;2.2518143e-01;2.4250000e+02;2.3776610e-01;2.4250000e+02;2.3975782e-01;2.4250000e+02;2.3341736e-01;2.4250000e+02;2.1955234e-01;2.4250000e+02;1.6204162e-02;2.4250000e+02;2.1381404e-02;2.4250000e+02;2.9187433e-02;2.4250000e+02;3.9070755e-02;2.4250000e+02;5.0712854e-02;2.4250000e+02;6.4348191e-02;2.4250000e+02;7.8993455e-02;2.4250000e+02;9.5236361e-02;2.4250000e+02;1.1156756e-01;2.4250000e+02;1.2199025e-01;2.4250000e+02;1.3294747e-01;2.4250000e+02;1.5791449e-01;2.4250000e+02;1.9125222e-01;2.4250000e+02;2.2518143e-01;2.4250000e+02;2.3776610e-01;2.4250000e+02;2.3975782e-01;2.4250000e+02;2.3341736e-01;2.4250000e+02;2.1955234e-01;2.4250000e+02;1.6204162e-02;2.4250000e+02;2.1381404e-02;2.4250000e+02;2.9187433e-02;2.4250000e+02;3.9070755e-02;2.4250000e+02;5.0712854e-02;2.4250000e+02;6.4348191e-02;2.4250000e+02;7.8993455e-02;2.4250000e+02;9.5236361e-02;2.4250000e+02;1.1156756e-01;2.4250000e+02;1.2199025e-01;2.4250000e+02;1.3294747e-01;2.4250000e+02;1.5791449e-01;2.4250000e+02;1.9125222e-01;2.4250000e+02;2.2518143e-01;2.4250000e+02;2.3776610e-01;2.4250000e+02;2.3975782e-01;2.4250000e+02;2.3341736e-01;2.4250000e+02;2.1955234e-01;2.4250000e+02;1.6204162e-02;2.4250000e+02;2.1381404e-02;2.4250000e+02;2.9187433e-02;2.4250000e+02;3.9070755e-02;2.4250000e+02;5.0712854e-02;2.4250000e+02;6.4348191e-02;2.4250000e+02;7.8993455e-02;2.4250000e+02;9.5236361e-02;2.4250000e+02;1.1156756e-01;2.4250000e+02;1.2199025e-01;2.4250000e+02;1.3294747e-01;2.4250000e+02;1.5791449e-01;2.4250000e+02;1.9125222e-01;2.4250000e+02;2.2518143e-01;2.4250000e+02;2.3776610e-01;2.4250000e+02;2.3975782e-01;2.4250000e+02;2.3341736e-01;2.4250000e+02;2.1955234e-01;2.4250000e+02;1.6204162e-02;2.4250000e+02;2.1381404e-02;2.4250000e+02;2.9187433e-02;2.4250000e+02;3.9070755e-02;2.4250000e+02;5.0712854e-02;2.4250000e+02;6.4348191e-02;2.4250000e+02;7.8993455e-02;2.4250000e+02;9.5236361e-02;2.4250000e+02;1.1156756e-01;2.4250000e+02;1.2199025e-01;2.4250000e+02;1.3294747e-01;2.4250000e+02;1.5791449e-01;2.4250000e+02;1.9125222e-01;2.4250000e+02;2.2518143e-01;2.4250000e+02;2.3776610e-01;2.4250000e+02;2.3975782e-01;2.4250000e+02;2.3341736e-01;2.4250000e+02;2.1955234e-01;2.4250000e+02;1.6204162e-02;2.4250000e+02;2.1381404e-02;2.4250000e+02;2.9187433e-02;2.4250000e+02;3.9070755e-02;2.4250000e+02;5.0712854e-02;2.4250000e+02;6.4348191e-02;2.4250000e+02;7.8993455e-02;2.4250000e+02;9.5236361e-02;2.4250000e+02;1.1156756e-01;2.4250000e+02;1.2199025e-01;2.4250000e+02;1.3294747e-01;2.4250000e+02;1.5791449e-01;2.4250000e+02;1.9125222e-01;2.4250000e+02;2.2518143e-01;2.4250000e+02;2.3776610e-01;2.4250000e+02;2.3975782e-01;2.4250000e+02;2.3341736e-01;2.4250000e+02;2.1955234e-01;2.4250000e+02;1.6204162e-02;2.4250000e+02;2.1381404e-02;2.4250000e+02;2.9187433e-02;2.4250000e+02;3.9070755e-02;2.4250000e+02;5.0712854e-02;2.4250000e+02;6.4348191e-02;2.4250000e+02;7.8993455e-02;2.4250000e+02;9.5236361e-02;2.4250000e+02;1.1156756e-01;2.4250000e+02;1.2199025e-01;2.4250000e+02;1.3294747e-01;2.4250000e+02;1.5791449e-01;2.4250000e+02;1.9125222e-01;2.4250000e+02;2.2518143e-01;2.4250000e+02;2.3776610e-01;2.4250000e+02;2.3975782e-01;2.4250000e+02;2.3341736e-01;2.4250000e+02;2.1955234e-01;2.4250000e+02;1.6204162e-02;2.4250000e+02;2.1381404e-02;2.4250000e+02;2.9187433e-02;2.4250000e+02;3.9070755e-02;2.4250000e+02;5.0712854e-02;2.4250000e+02;6.4348191e-02;2.4250000e+02;7.8993455e-02;2.4250000e+02;9.5236361e-02;2.4250000e+02;1.1156756e-01;2.4250000e+02;1.2199025e-01;2.4250000e+02;1.3294747e-01;2.4250000e+02;1.5791449e-01;2.4250000e+02;1.9125222e-01;2.4250000e+02;2.2518143e-01;2.4250000e+02;2.3776610e-01;2.4250000e+02;2.3975782e-01;2.4250000e+02;2.3341736e-01;2.4250000e+02;2.1955234e-01;2.4250000e+02;1.6204162e-02;2.4250000e+02;2.1381404e-02;2.4250000e+02;2.9187433e-02;2.4250000e+02;3.9070755e-02;2.4250000e+02;5.0712854e-02;2.4250000e+02;6.4348191e-02;2.4250000e+02;7.8993455e-02;2.4250000e+02;9.5236361e-02;2.4250000e+02;1.1156756e-01;2.4250000e+02;1.2199025e-01;2.4250000e+02;1.3294747e-01;2.4250000e+02;1.5791449e-01;2.4250000e+02;1.9125222e-01;2.4250000e+02;2.2518143e-01;2.4250000e+02;2.3776610e-01;2.4250000e+02;2.3975782e-01;2.4250000e+02;2.3341736e-01;2.4250000e+02;2.1955234e-01;2.4250000e+02;1.6204162e-02;2.4250000e+02;2.1381404e-02;2.4250000e+02;2.9187433e-02;2.4250000e+02;3.9070755e-02;2.4250000e+02;5.0712854e-02;2.4250000e+02;6.4348191e-02;2.4250000e+02;7.8993455e-02;2.4250000e+02;9.5236361e-02;2.4250000e+02;1.1156756e-01;2.4250000e+02;1.2199025e-01;2.4250000e+02;1.3294747e-01;2.4250000e+02;1.5791449e-01;2.4250000e+02;1.9125222e-01;2.4250000e+02;2.2518143e-01;2.4250000e+02;2.3776610e-01;2.4250000e+02;2.3975782e-01;2.4250000e+02;2.3341736e-01;2.4250000e+02;2.1955234e-01;2.4250000e+02;1.6204162e-02;2.4250000e+02;2.1381404e-02;2.4250000e+02;2.9187433e-02;2.4250000e+02;3.9070755e-02;2.4250000e+02;5.0712854e-02;2.4250000e+02;6.4348191e-02;2.4250000e+02;7.8993455e-02;2.4250000e+02;9.5236361e-02;2.4250000e+02;1.1156756e-01;2.4250000e+02;1.2199025e-01;2.4250000e+02;1.3294747e-01;2.4250000e+02;1.5791449e-01;2.4250000e+02;1.9125222e-01;2.4250000e+02;2.2518143e-01;2.4250000e+02;2.3776610e-01;2.4250000e+02;2.3975782e-01;2.4250000e+02;2.3341736e-01;2.4250000e+02;2.1955234e-01;2.4250000e+02;1.6204162e-02;2.4250000e+02;2.1381404e-02;2.4250000e+02;2.9187433e-02;2.4250000e+02;3.9070755e-02;2.4250000e+02;5.0712854e-02;2.4250000e+02;6.4348191e-02;2.4250000e+02;7.8993455e-02;2.4250000e+02;9.5236361e-02;2.4250000e+02;1.1156756e-01;2.4250000e+02;1.2199025e-01;2.4250000e+02;1.3294747e-01;2.4250000e+02;1.5791449e-01;2.4250000e+02;1.9125222e-01;2.4250000e+02;2.2518143e-01;2.4250000e+02;2.3776610e-01;2.4250000e+02;2.3975782e-01;2.4250000e+02;2.3341736e-01;2.4250000e+02;2.1955234e-01;2.4250000e+02;1.6204162e-02;2.4250000e+02;2.1381404e-02;2.4250000e+02;2.9187433e-02;2.4250000e+02;3.9070755e-02;2.4250000e+02;5.0712854e-02;2.4250000e+02;6.4348191e-02;2.4250000e+02;7.8993455e-02;2.4250000e+02;9.5236361e-02;2.4250000e+02;1.1156756e-01;2.4250000e+02;1.2199025e-01;2.4250000e+02;1.3294747e-01;2.4250000e+02;1.5791449e-01;2.4250000e+02;1.9125222e-01;2.4250000e+02;2.2518143e-01;2.4250000e+02;2.3776610e-01;2.4250000e+02;2.3975782e-01;2.4250000e+02;2.3341736e-01;2.4250000e+02;2.1955234e-01;2.4250000e+02;1.6204162e-02;2.4250000e+02;2.1381404e-02;2.4250000e+02;2.9187433e-02;2.4250000e+02;3.9070755e-02;2.4250000e+02;5.0712854e-02;2.4250000e+02;6.4348191e-02;2.4250000e+02;7.8993455e-02;2.4250000e+02;9.5236361e-02;2.4250000e+02;1.1156756e-01;2.4250000e+02;1.2199025e-01;2.4250000e+02;1.3294747e-01;2.4250000e+02;1.5791449e-01;2.4250000e+02;1.9125222e-01;2.4250000e+02;2.2518143e-01;2.4250000e+02;2.3776610e-01;2.4250000e+02;2.3975782e-01;2.4250000e+02;2.3341736e-01;2.4250000e+02;2.1955234e-01;2.4250000e+02;1.6204162e-02;2.4250000e+02;2.1381404e-02;2.4250000e+02;2.9187433e-02;2.4250000e+02;3.9070755e-02;2.4250000e+02;5.0712854e-02;2.4250000e+02;6.4348191e-02;2.4250000e+02;7.8993455e-02;2.4250000e+02;9.5236361e-02;2.4250000e+02;1.1156756e-01;2.4250000e+02;1.2199025e-01;2.4250000e+02;1.3294747e-01;2.4250000e+02;1.5791449e-01;2.4250000e+02;1.9125222e-01;2.4250000e+02;2.2518143e-01;2.4250000e+02;2.3776610e-01;2.4250000e+02;2.3975782e-01;2.4250000e+02;2.3341736e-01;2.4250000e+02;2.1955234e-01;2.4250000e+02;1.6204162e-02;2.4250000e+02;2.1381404e-02;2.4250000e+02;2.9187433e-02;2.4250000e+02;3.9070755e-02;2.4250000e+02;5.0712854e-02;2.4250000e+02;6.4348191e-02;2.4250000e+02;7.8993455e-02;2.4250000e+02;9.5236361e-02;2.4250000e+02;1.1156756e-01;2.4250000e+02;1.2199025e-01;2.4250000e+02;1.3294747e-01;2.4250000e+02;1.5791449e-01;2.4250000e+02;1.9125222e-01;2.4250000e+02;2.2518143e-01;2.4250000e+02;2.3776610e-01;2.4250000e+02;2.3975782e-01;2.4250000e+02;2.3341736e-01;2.4250000e+02;2.1955234e-01;2.4250000e+02;1.6204162e-02;2.4250000e+02;2.1381404e-02;2.4250000e+02;2.9187433e-02;2.4250000e+02;3.9070755e-02;2.4250000e+02;5.0712854e-02;2.4250000e+02;6.4348191e-02;2.4250000e+02;7.8993455e-02;2.4250000e+02;9.5236361e-02;2.4250000e+02;1.1156756e-01;2.4250000e+02;1.2199025e-01;2.4250000e+02;1.3294747e-01;2.4250000e+02;1.5791449e-01;2.4250000e+02;1.9125222e-01;2.4250000e+02;2.2518143e-01;2.4250000e+02;2.3776610e-01;2.4250000e+02;2.3975782e-01;2.4250000e+02;2.3341736e-01;2.4250000e+02;2.1955234e-01;2.4250000e+02;1.6204162e-02;2.4250000e+02;2.1381404e-02;2.4250000e+02;2.9187433e-02;2.4250000e+02;3.9070755e-02;2.4250000e+02;5.0712854e-02;2.4250000e+02;6.4348191e-02;2.4250000e+02;7.8993455e-02;2.4250000e+02;9.5236361e-02;2.4250000e+02;1.1156756e-01;2.4250000e+02;1.2199025e-01;2.4250000e+02;1.3294747e-01;2.4250000e+02;1.5791449e-01;2.4250000e+02;1.9125222e-01;2.4250000e+02;2.2518143e-01;2.4250000e+02;2.3776610e-01;2.4250000e+02;2.3975782e-01;2.4250000e+02;2.3341736e-01;2.4250000e+02;2.1955234e-01;2.4250000e+02;1.6204162e-02;2.4250000e+02;2.1381404e-02;2.4250000e+02;2.9187433e-02;2.4250000e+02;3.9070755e-02;2.4250000e+02;5.0712854e-02;2.4250000e+02;6.4348191e-02;2.4250000e+02;7.8993455e-02;2.4250000e+02;9.5236361e-02;2.4250000e+02;1.1156756e-01;2.4250000e+02;1.2199025e-01;2.4250000e+02;1.3294747e-01;2.4250000e+02;1.5791449e-01;2.4250000e+02;1.9125222e-01;2.4250000e+02;2.2518143e-01;2.4250000e+02;2.3776610e-01;2.4250000e+02;2.3975782e-01;2.4250000e+02;2.3341736e-01;2.4250000e+02;2.1955234e-01;2.4250000e+02;1.6204162e-02;2.4250000e+02;2.1381404e-02;2.4250000e+02;2.9187433e-02;2.4250000e+02;3.9070755e-02;2.4250000e+02;5.0712854e-02;2.4250000e+02;6.4348191e-02;2.4250000e+02;7.8993455e-02;2.4250000e+02;9.5236361e-02;2.4250000e+02;1.1156756e-01;2.4250000e+02;1.2199025e-01;2.4250000e+02;1.3294747e-01;2.4250000e+02;1.5791449e-01;2.4250000e+02;1.9125222e-01;2.4250000e+02;2.2518143e-01;2.4250000e+02;2.3776610e-01;2.4250000e+02;2.3975782e-01;2.4250000e+02;2.3341736e-01;2.4250000e+02;2.1955234e-01;2.4250000e+02;1.6204162e-02;2.4250000e+02;2.1381404e-02;2.4250000e+02;2.9187433e-02;2.4250000e+02;3.9070755e-02;2.4250000e+02;5.0712854e-02;2.4250000e+02;6.4348191e-02;2.4250000e+02;7.8993455e-02;2.4250000e+02;9.5236361e-02;2.4250000e+02;1.1156756e-01;2.4250000e+02;1.2199025e-01;2.4250000e+02;1.3294747e-01;2.4250000e+02;1.5791449e-01;2.4250000e+02;1.9125222e-01;2.4250000e+02;2.2518143e-01;2.4250000e+02;2.3776610e-01;2.4250000e+02;2.3975782e-01;2.4250000e+02;2.3341736e-01;2.4250000e+02;2.1955234e-01;2.4250000e+02;1.6204162e-02;2.4250000e+02;2.1381404e-02;2.4250000e+02;2.9187433e-02;2.4250000e+02;3.9070755e-02;2.4250000e+02;5.0712854e-02;2.4250000e+02;6.4348191e-02;2.4250000e+02;7.8993455e-02;2.4250000e+02;9.5236361e-02;2.4250000e+02;1.1156756e-01;2.4250000e+02;1.2199025e-01;2.4250000e+02;1.3294747e-01;2.4250000e+02;1.5791449e-01;2.4250000e+02;1.9125222e-01;2.4250000e+02;2.2518143e-01;2.4250000e+02;2.3776610e-01;2.4250000e+02;2.3975782e-01;2.4250000e+02;2.3341736e-01;2.4250000e+02;2.1955234e-01;2.4250000e+02;1.6204162e-02;2.4250000e+02;2.1381404e-02;2.4250000e+02;2.9187433e-02;2.4250000e+02;3.9070755e-02;2.4250000e+02;5.0712854e-02;2.4250000e+02;6.4348191e-02;2.4250000e+02;7.8993455e-02;2.4250000e+02;9.5236361e-02;2.4250000e+02;1.1156756e-01;2.4250000e+02;1.2199025e-01;2.4250000e+02;1.3294747e-01;2.4250000e+02;1.5791449e-01;2.4250000e+02;1.9125222e-01;2.4250000e+02;2.2518143e-01;2.4250000e+02;2.3776610e-01;2.4250000e+02;2.3975782e-01;2.4250000e+02;2.3341736e-01;2.4250000e+02;2.1955234e-01;2.4250000e+02;1.6204162e-02;2.4250000e+02;2.1381404e-02;2.4250000e+02;2.9187433e-02;2.4250000e+02;3.9070755e-02;2.4250000e+02;5.0712854e-02;2.4250000e+02;6.4348191e-02;2.4250000e+02;7.8993455e-02;2.4250000e+02;9.5236361e-02;2.4250000e+02;1.1156756e-01;2.4250000e+02;1.2199025e-01;2.4250000e+02;1.3294747e-01;2.4250000e+02;1.5791449e-01;2.4250000e+02;1.9125222e-01;2.4250000e+02;2.2518143e-01;2.4250000e+02;2.3776610e-01;2.4250000e+02;2.3975782e-01;2.4250000e+02;2.3341736e-01;2.4250000e+02;2.1955234e-01;2.4250000e+02;1.6204162e-02;2.4250000e+02;2.1381404e-02;2.4250000e+02;2.9187433e-02;2.4250000e+02;3.9070755e-02;2.4250000e+02;5.0712854e-02;2.4250000e+02;6.4348191e-02;2.4250000e+02;7.8993455e-02;2.4250000e+02;9.5236361e-02;2.4250000e+02;1.1156756e-01;2.4250000e+02;1.2199025e-01;2.4250000e+02;1.3294747e-01;2.4250000e+02;1.5791449e-01;2.4250000e+02;1.9125222e-01;2.4250000e+02;2.2518143e-01;2.4250000e+02;2.3776610e-01;2.4250000e+02;2.3975782e-01;2.4250000e+02;2.3341736e-01;2.4250000e+02;2.1955234e-01;2.4250000e+02;1.6204162e-02;2.4250000e+02;2.1381404e-02;2.4250000e+02;2.9187433e-02;2.4250000e+02;3.9070755e-02;2.4250000e+02;5.0712854e-02;2.4250000e+02;6.4348191e-02;2.4250000e+02;7.8993455e-02;2.4250000e+02;9.5236361e-02;2.4250000e+02;1.1156756e-01;2.4250000e+02;1.2199025e-01;2.4250000e+02;1.3294747e-01;2.4250000e+02;1.5791449e-01;2.4250000e+02;1.9125222e-01;2.4250000e+02;2.2518143e-01;2.4250000e+02;2.3776610e-01;2.4250000e+02;2.3975782e-01;2.4250000e+02;2.3341736e-01;2.4250000e+02;2.1955234e-01;2.4250000e+02;1.6204162e-02;2.4250000e+02;2.1381404e-02;2.4250000e+02;2.9187433e-02;2.4250000e+02;3.9070755e-02;2.4250000e+02;5.0712854e-02;2.4250000e+02;6.4348191e-02;2.4250000e+02;7.8993455e-02;2.4250000e+02;9.5236361e-02;2.4250000e+02;1.1156756e-01;2.4250000e+02;1.2199025e-01;2.4250000e+02;1.3294747e-01;2.4250000e+02;1.5791449e-01;2.4250000e+02;1.9125222e-01;2.4250000e+02;2.2518143e-01;2.4250000e+02;2.3776610e-01;2.4250000e+02;2.3975782e-01;2.4250000e+02;2.3341736e-01;2.4250000e+02;2.1955234e-01;2.4250000e+02;1.6204162e-02;2.4250000e+02;2.1381404e-02;2.4250000e+02;2.9187433e-02;2.4250000e+02;3.9070755e-02;2.4250000e+02;5.0712854e-02;2.4250000e+02;6.4348191e-02;2.4250000e+02;7.8993455e-02;2.4250000e+02;9.5236361e-02;2.4250000e+02;1.1156756e-01;2.4250000e+02;1.2199025e-01;2.4250000e+02;1.3294747e-01;2.4250000e+02;1.5791449e-01;2.4250000e+02;1.9125222e-01;2.4250000e+02;2.2518143e-01;2.4250000e+02;2.3776610e-01;2.4250000e+02;2.3975782e-01;2.4250000e+02;2.3341736e-01;2.4250000e+02;2.1955234e-01;2.4250000e+02;1.6204162e-02;2.4250000e+02;2.1381404e-02;2.4250000e+02;2.9187433e-02;2.4250000e+02;3.9070755e-02;2.4250000e+02;5.0712854e-02;2.4250000e+02;6.4348191e-02;2.4250000e+02;7.8993455e-02;2.4250000e+02;9.5236361e-02;2.4250000e+02;1.1156756e-01;2.4250000e+02;1.2199025e-01;2.4250000e+02;1.3294747e-01;2.4250000e+02;1.5791449e-01;2.4250000e+02;1.9125222e-01;2.4250000e+02;2.2518143e-01;2.4250000e+02;2.3776610e-01;2.4250000e+02;2.3975782e-01;2.4250000e+02;2.3341736e-01;2.4250000e+02;2.1955234e-01;2.4250000e+02;1.6204162e-02;2.4250000e+02;2.1381404e-02;2.4250000e+02;2.9187433e-02;2.4250000e+02;3.9070755e-02;2.4250000e+02;5.0712854e-02;2.4250000e+02;6.4348191e-02;2.4250000e+02;7.8993455e-02;2.4250000e+02;9.5236361e-02;2.4250000e+02;1.1156756e-01;2.4250000e+02;1.2199025e-01;2.4250000e+02;1.3294747e-01;2.4250000e+02;1.5791449e-01;2.4250000e+02;1.9125222e-01;2.4250000e+02;2.2518143e-01;2.4250000e+02;2.3776610e-01;2.4250000e+02;2.3975782e-01;2.4250000e+02;2.3341736e-01;2.4250000e+02;2.1955234e-01;2.4250000e+02;1.6204162e-02;2.4250000e+02;2.1381404e-02;2.4250000e+02;2.9187433e-02;2.4250000e+02;3.9070755e-02;2.4250000e+02;5.0712854e-02;2.4250000e+02;6.4348191e-02;2.4250000e+02;7.8993455e-02;2.4250000e+02;9.5236361e-02;2.4250000e+02;1.1156756e-01;2.4250000e+02;1.2199025e-01;2.4250000e+02;1.3294747e-01;2.4250000e+02;1.5791449e-01;2.4250000e+02;1.9125222e-01;2.4250000e+02;2.2518143e-01;2.4250000e+02;2.3776610e-01;2.4250000e+02;2.3975782e-01;2.4250000e+02;2.3341736e-01;2.4250000e+02;2.1955234e-01;2.4250000e+02;1.6204162e-02;2.4250000e+02;2.1381404e-02;2.4250000e+02;2.9187433e-02;2.4250000e+02;3.9070755e-02;2.4250000e+02;5.0712854e-02;2.4250000e+02;6.4348191e-02;2.4250000e+02;7.8993455e-02;2.4250000e+02;9.5236361e-02;2.4250000e+02;1.1156756e-01;2.4250000e+02;1.2199025e-01;2.4250000e+02;1.3294747e-01;2.4250000e+02;1.5791449e-01;2.4250000e+02;1.9125222e-01;2.4250000e+02;2.2518143e-01;2.4250000e+02;2.3776610e-01;2.4250000e+02;2.3975782e-01;2.4250000e+02;2.3341736e-01;2.4250000e+02;2.1955234e-01;2.4250000e+02;1.6204162e-02;2.4250000e+02;2.1381404e-02;2.4250000e+02;2.9187433e-02;2.4250000e+02;3.9070755e-02;2.4250000e+02;5.0712854e-02;2.4250000e+02;6.4348191e-02;2.4250000e+02;7.8993455e-02;2.4250000e+02;9.5236361e-02;2.4250000e+02;1.1156756e-01;2.4250000e+02;1.2199025e-01;2.4250000e+02;1.3294747e-01;2.4250000e+02;1.5791449e-01;2.4250000e+02;1.9125222e-01;2.4250000e+02;2.2518143e-01;2.4250000e+02;2.3776610e-01;2.4250000e+02;2.3975782e-01;2.4250000e+02;2.3341736e-01;2.4250000e+02;2.1955234e-01;2.4250000e+02;1.6204162e-02;2.4250000e+02;2.1381404e-02;2.4250000e+02;2.9187433e-02;2.4250000e+02;3.9070755e-02;2.4250000e+02;5.0712854e-02;2.4250000e+02;6.4348191e-02;2.4250000e+02;7.8993455e-02;2.4250000e+02;9.5236361e-02;2.4250000e+02;1.1156756e-01;2.4250000e+02;1.2199025e-01;2.4250000e+02;1.3294747e-01;2.4250000e+02;1.5791449e-01;2.4250000e+02;1.9125222e-01;2.4250000e+02;2.2518143e-01;2.4250000e+02;2.3776610e-01;2.4250000e+02;2.3975782e-01;2.4250000e+02;2.3341736e-01;2.4250000e+02;2.1955234e-01;2.4250000e+02;1.6204162e-02;2.4250000e+02;2.1381404e-02;2.4250000e+02;2.9187433e-02;2.4250000e+02;3.9070755e-02;2.4250000e+02;5.0712854e-02;2.4250000e+02;6.4348191e-02;2.4250000e+02;7.8993455e-02;2.4250000e+02;9.5236361e-02;2.4250000e+02;1.1156756e-01;2.4250000e+02;1.2199025e-01;2.4250000e+02;1.3294747e-01;2.4250000e+02;1.5791449e-01;2.4250000e+02;1.9125222e-01;2.4250000e+02;2.2518143e-01;2.4250000e+02;2.3776610e-01;2.4250000e+02;2.3975782e-01;2.4250000e+02;2.3341736e-01;2.4250000e+02;2.1955234e-01;2.4250000e+02;1.6204162e-02;2.4250000e+02;2.1381404e-02;2.4250000e+02;2.9187433e-02;2.4250000e+02;3.9070755e-02;2.4250000e+02;5.0712854e-02;2.4250000e+02;6.4348191e-02;2.4250000e+02;7.8993455e-02;2.4250000e+02;9.5236361e-02;2.4250000e+02;1.1156756e-01;2.4250000e+02;1.2199025e-01;2.4250000e+02;1.3294747e-01;2.4250000e+02;1.5791449e-01;2.4250000e+02;1.9125222e-01;2.4250000e+02;2.2518143e-01;2.4250000e+02;2.3776610e-01;2.4250000e+02;2.3975782e-01;2.4250000e+02;2.3341736e-01;2.4250000e+02;2.1955234e-01;2.4250000e+02;1.6204162e-02;2.4250000e+02;2.1381404e-02;2.4250000e+02;2.9187433e-02;2.4250000e+02;3.9070755e-02;2.4250000e+02;5.0712854e-02;2.4250000e+02;6.4348191e-02;2.4250000e+02;7.8993455e-02;2.4250000e+02;9.5236361e-02;2.4250000e+02;1.1156756e-01;2.4250000e+02;1.2199025e-01;2.4250000e+02;1.3294747e-01;2.4250000e+02;1.5791449e-01;2.4250000e+02;1.9125222e-01;2.4250000e+02;2.2518143e-01;2.4250000e+02;2.3776610e-01;2.4250000e+02;2.3975782e-01;2.4250000e+02;2.3341736e-01;2.4250000e+02;2.1955234e-01;2.4250000e+02;1.6204162e-02;2.4250000e+02;2.1381404e-02;2.4250000e+02;2.9187433e-02;2.4250000e+02;3.9070755e-02;2.4250000e+02;5.0712854e-02;2.4250000e+02;6.4348191e-02;2.4250000e+02;7.8993455e-02;2.4250000e+02;9.5236361e-02;2.4250000e+02;1.1156756e-01;2.4250000e+02;1.2199025e-01;2.4250000e+02;1.3294747e-01;2.4250000e+02;1.5791449e-01;2.4250000e+02;1.9125222e-01;2.4250000e+02;2.2518143e-01;2.4250000e+02;2.3776610e-01;2.4250000e+02;2.3975782e-01;2.4250000e+02;2.3341736e-01;2.4250000e+02;2.1955234e-01;2.4250000e+02;1.6204162e-02;2.4250000e+02;2.1381404e-02;2.4250000e+02;2.9187433e-02;2.4250000e+02;3.9070755e-02;2.4250000e+02;5.0712854e-02;2.4250000e+02;6.4348191e-02;2.4250000e+02;7.8993455e-02;2.4250000e+02;9.5236361e-02;2.4250000e+02;1.1156756e-01;2.4250000e+02;1.2199025e-01;2.4250000e+02;1.3294747e-01;2.4250000e+02;1.5791449e-01;2.4250000e+02;1.9125222e-01;2.4250000e+02;2.2518143e-01;2.4250000e+02;2.3776610e-01;2.4250000e+02;2.3975782e-01;2.4250000e+02;2.3341736e-01;2.4250000e+02;2.1955234e-01;2.4250000e+02;1.6204162e-02;2.4250000e+02;2.1381404e-02;2.4250000e+02;2.9187433e-02;2.4250000e+02;3.9070755e-02;2.4250000e+02;5.0712854e-02;2.4250000e+02;6.4348191e-02;2.4250000e+02;7.8993455e-02;2.4250000e+02;9.5236361e-02;2.4250000e+02;1.1156756e-01;2.4250000e+02;1.2199025e-01;2.4250000e+02;1.3294747e-01;2.4250000e+02;1.5791449e-01;2.4250000e+02;1.9125222e-01;2.4250000e+02;2.2518143e-01;2.4250000e+02;2.3776610e-01;2.4250000e+02;2.3975782e-01;2.4250000e+02;2.3341736e-01;2.4250000e+02;2.1955234e-01;2.4250000e+02;1.6204162e-02;2.4250000e+02;2.1381404e-02;2.4250000e+02;2.9187433e-02;2.4250000e+02;3.9070755e-02;2.4250000e+02;5.0712854e-02;2.4250000e+02;6.4348191e-02;2.4250000e+02;7.8993455e-02;2.4250000e+02;9.5236361e-02;2.4250000e+02;1.1156756e-01;2.4250000e+02;1.2199025e-01;2.4250000e+02;1.3294747e-01;2.4250000e+02;1.5791449e-01;2.4250000e+02;1.9125222e-01;2.4250000e+02;2.2518143e-01;2.4250000e+02;2.3776610e-01;2.4250000e+02;2.3975782e-01;2.4250000e+02;2.3341736e-01;2.4250000e+02;2.1955234e-01;2.4250000e+02;1.6204162e-02;2.4250000e+02;2.1381404e-02;2.4250000e+02;2.9187433e-02;2.4250000e+02;3.9070755e-02;2.4250000e+02;5.0712854e-02;2.4250000e+02;6.4348191e-02;2.4250000e+02;7.8993455e-02;2.4250000e+02;9.5236361e-02;2.4250000e+02;1.1156756e-01;2.4250000e+02;1.2199025e-01;2.4250000e+02;1.3294747e-01;2.4250000e+02;1.5791449e-01;2.4250000e+02;1.9125222e-01;2.4250000e+02;2.2518143e-01;2.4250000e+02;2.3776610e-01;2.4250000e+02;2.3975782e-01;2.4250000e+02;2.3341736e-01;2.4250000e+02;2.1955234e-01;2.4250000e+02;1.6204162e-02;2.4250000e+02;2.1381404e-02;2.4250000e+02;2.9187433e-02;2.4250000e+02;3.9070755e-02;2.4250000e+02;5.0712854e-02;2.4250000e+02;6.4348191e-02;2.4250000e+02;7.8993455e-02;2.4250000e+02;9.5236361e-02;2.4250000e+02;1.1156756e-01;2.4250000e+02;1.2199025e-01;2.4250000e+02;1.3294747e-01;2.4250000e+02;1.5791449e-01;2.4250000e+02;1.9125222e-01;2.4250000e+02;2.2518143e-01;2.4250000e+02;2.3776610e-01;2.4250000e+02;2.3975782e-01;2.4250000e+02;2.3341736e-01;2.4250000e+02;2.1955234e-01;2.4250000e+02;1.6204162e-02;2.4250000e+02;2.1381404e-02;2.4250000e+02;2.9187433e-02;2.4250000e+02;3.9070755e-02;2.4250000e+02;5.0712854e-02;2.4250000e+02;6.4348191e-02;2.4250000e+02;7.8993455e-02;2.4250000e+02;9.5236361e-02;2.4250000e+02;1.1156756e-01;2.4250000e+02;1.2199025e-01;2.4250000e+02;1.3294747e-01;2.4250000e+02;1.5791449e-01;2.4250000e+02;1.9125222e-01;2.4250000e+02;2.2518143e-01;2.4250000e+02;2.3776610e-01;2.4250000e+02;2.3975782e-01;2.4250000e+02;2.3341736e-01;2.4250000e+02;2.1955234e-01;2.4250000e+02;1.6204162e-02;2.4250000e+02;2.1381404e-02;2.4250000e+02;2.9187433e-02;2.4250000e+02;3.9070755e-02;2.4250000e+02;5.0712854e-02;2.4250000e+02;6.4348191e-02;2.4250000e+02;7.8993455e-02;2.4250000e+02;9.5236361e-02;2.4250000e+02;1.1156756e-01;2.4250000e+02;1.2199025e-01;2.4250000e+02;1.3294747e-01;2.4250000e+02;1.5791449e-01;2.4250000e+02;1.9125222e-01;2.4250000e+02;2.2518143e-01;2.4250000e+02;2.3776610e-01;2.4250000e+02;2.3975782e-01;2.4250000e+02;2.3341736e-01;2.4250000e+02;2.1955234e-01;2.4250000e+02;1.6204162e-02;2.4250000e+02;2.1381404e-02;2.4250000e+02;2.9187433e-02;2.4250000e+02;3.9070755e-02;2.4250000e+02;5.0712854e-02;2.4250000e+02;6.4348191e-02;2.4250000e+02;7.8993455e-02;2.4250000e+02;9.5236361e-02;2.4250000e+02;1.1156756e-01;2.4250000e+02;1.2199025e-01;2.4250000e+02;1.3294747e-01;2.4250000e+02;1.5791449e-01;2.4250000e+02;1.9125222e-01;2.4250000e+02;2.2518143e-01;2.4250000e+02;2.3776610e-01;2.4250000e+02;2.3975782e-01;2.4250000e+02;2.3341736e-01;2.4250000e+02;2.1955234e-01;2.4250000e+02;1.6204162e-02;2.4250000e+02;2.1381404e-02;2.4250000e+02;2.9187433e-02;2.4250000e+02;3.9070755e-02;2.4250000e+02;5.0712854e-02;2.4250000e+02;6.4348191e-02;2.4250000e+02;7.8993455e-02;2.4250000e+02;9.5236361e-02;2.4250000e+02;1.1156756e-01;2.4250000e+02;1.2199025e-01;2.4250000e+02;1.3294747e-01;2.4250000e+02;1.5791449e-01;2.4250000e+02;1.9125222e-01;2.4250000e+02;2.2518143e-01;2.4250000e+02;2.3776610e-01;2.4250000e+02;2.3975782e-01;2.4250000e+02;2.3341736e-01;2.4250000e+02;2.1955234e-01;2.4250000e+02;1.6204162e-02;2.4250000e+02;2.1381404e-02;2.4250000e+02;2.9187433e-02;2.4250000e+02;3.9070755e-02;2.4250000e+02;5.0712854e-02;2.4250000e+02;6.4348191e-02;2.4250000e+02;7.8993455e-02;2.4250000e+02;9.5236361e-02;2.4250000e+02;1.1156756e-01;2.4250000e+02;1.2199025e-01;2.4250000e+02;1.3294747e-01;2.4250000e+02;1.5791449e-01;2.4250000e+02;1.9125222e-01;2.4250000e+02;2.2518143e-01;2.4250000e+02;2.3776610e-01;2.4250000e+02;2.3975782e-01;2.4250000e+02;2.3341736e-01;2.4250000e+02;2.1955234e-01;2.4250000e+02;1.6204162e-02;2.4250000e+02;2.1381404e-02;2.4250000e+02;2.9187433e-02;2.4250000e+02;3.9070755e-02;2.4250000e+02;5.0712854e-02;2.4250000e+02;6.4348191e-02;2.4250000e+02;7.8993455e-02;2.4250000e+02;9.5236361e-02;2.4250000e+02;1.1156756e-01;2.4250000e+02;1.2199025e-01;2.4250000e+02;1.3294747e-01;2.4250000e+02;1.5791449e-01;2.4250000e+02;1.9125222e-01;2.4250000e+02;2.2518143e-01;2.4250000e+02;2.3776610e-01;2.4250000e+02;2.3975782e-01;2.4250000e+02;2.3341736e-01;2.4250000e+02;2.1955234e-01;2.4250000e+02;1.6204162e-02;2.4250000e+02;2.1381404e-02;2.4250000e+02;2.9187433e-02;2.4250000e+02;3.9070755e-02;2.4250000e+02;5.0712854e-02;2.4250000e+02;6.4348191e-02;2.4250000e+02;7.8993455e-02;2.4250000e+02;9.5236361e-02;2.4250000e+02;1.1156756e-01;2.4250000e+02;1.2199025e-01;2.4250000e+02;1.3294747e-01;2.4250000e+02;1.5791449e-01;2.4250000e+02;1.9125222e-01;2.4250000e+02;2.2518143e-01;2.4250000e+02;2.3776610e-01;2.4250000e+02;2.3975782e-01;2.4250000e+02;2.3341736e-01;2.4250000e+02;2.1955234e-01;2.4250000e+02;1.6204162e-02;2.4250000e+02;2.1381404e-02;2.4250000e+02;2.9187433e-02;2.4250000e+02;3.9070755e-02;2.4250000e+02;5.0712854e-02;2.4250000e+02;6.4348191e-02;2.4250000e+02;7.8993455e-02;2.4250000e+02;9.5236361e-02;2.4250000e+02;1.1156756e-01;2.4250000e+02;1.2199025e-01;2.4250000e+02;1.3294747e-01;2.4250000e+02;1.5791449e-01;2.4250000e+02;1.9125222e-01;2.4250000e+02;2.2518143e-01;2.4250000e+02;2.3776610e-01;2.4250000e+02;2.3975782e-01;2.4250000e+02;2.3341736e-01;2.4250000e+02;2.1955234e-01;2.4250000e+02;1.6204162e-02;2.4250000e+02;2.1381404e-02;2.4250000e+02;2.9187433e-02;2.4250000e+02;3.9070755e-02;2.4250000e+02;5.0712854e-02;2.4250000e+02;6.4348191e-02;2.4250000e+02;7.8993455e-02;2.4250000e+02;9.5236361e-02;2.4250000e+02;1.1156756e-01;2.4250000e+02;1.2199025e-01;2.4250000e+02;1.3294747e-01;2.4250000e+02;1.5791449e-01;2.4250000e+02;1.9125222e-01;2.4250000e+02;2.2518143e-01;2.4250000e+02;2.3776610e-01;2.4250000e+02;2.3975782e-01;2.4250000e+02;2.3341736e-01;2.4250000e+02;2.1955234e-01;2.4250000e+02;1.6204162e-02;2.4250000e+02;2.1381404e-02;2.4250000e+02;2.9187433e-02;2.4250000e+02;3.9070755e-02;2.4250000e+02;5.0712854e-02;2.4250000e+02;6.4348191e-02;2.4250000e+02;7.8993455e-02;2.4250000e+02;9.5236361e-02;2.4250000e+02;1.1156756e-01;2.4250000e+02;1.2199025e-01;2.4250000e+02;1.3294747e-01;2.4250000e+02;1.5791449e-01;2.4250000e+02;1.9125222e-01;2.4250000e+02;2.2518143e-01;2.4250000e+02;2.3776610e-01;2.4250000e+02;2.3975782e-01;2.4250000e+02;2.3341736e-01;2.4250000e+02;2.1955234e-01;2.4250000e+02;1.6204162e-02;2.4250000e+02;2.1381404e-02;2.4250000e+02;2.9187433e-02;2.4250000e+02;3.9070755e-02;2.4250000e+02;5.0712854e-02;2.4250000e+02;6.4348191e-02;2.4250000e+02;7.8993455e-02;2.4250000e+02;9.5236361e-02;2.4250000e+02;1.1156756e-01;2.4250000e+02;1.2199025e-01;2.4250000e+02;1.3294747e-01;2.4250000e+02;1.5791449e-01;2.4250000e+02;1.9125222e-01;2.4250000e+02;2.2518143e-01;2.4250000e+02;2.3776610e-01;2.4250000e+02;2.3975782e-01;2.4250000e+02;2.3341736e-01;2.4250000e+02;2.1955234e-01;2.4250000e+02;1.6204162e-02;2.4250000e+02;2.1381404e-02;2.4250000e+02;2.9187433e-02;2.4250000e+02;3.9070755e-02;2.4250000e+02;5.0712854e-02;2.4250000e+02;6.4348191e-02;2.4250000e+02;7.8993455e-02;2.4250000e+02;9.5236361e-02;2.4250000e+02;1.1156756e-01;2.4250000e+02;1.2199025e-01;2.4250000e+02;1.3294747e-01;2.4250000e+02;1.5791449e-01;2.4250000e+02;1.9125222e-01;2.4250000e+02;2.2518143e-01;2.4250000e+02;2.3776610e-01;2.4250000e+02;2.3975782e-01;2.4250000e+02;2.3341736e-01;2.4250000e+02;2.1955234e-01;2.4250000e+02;1.6204162e-02;2.4250000e+02;2.1381404e-02;2.4250000e+02;2.9187433e-02;2.4250000e+02;3.9070755e-02;2.4250000e+02;5.0712854e-02;2.4250000e+02;6.4348191e-02;2.4250000e+02;7.8993455e-02;2.4250000e+02;9.5236361e-02;2.4250000e+02;1.1156756e-01;2.4250000e+02;1.2199025e-01;2.4250000e+02;1.3294747e-01;2.4250000e+02;1.5791449e-01;2.4250000e+02;1.9125222e-01;2.4250000e+02;2.2518143e-01;2.4250000e+02;2.3776610e-01;2.4250000e+02;2.3975782e-01;2.4250000e+02;2.3341736e-01;2.4250000e+02;2.1955234e-01;2.4250000e+02;1.6204162e-02;2.4250000e+02;2.1381404e-02;2.4250000e+02;2.9187433e-02;2.4250000e+02;3.9070755e-02;2.4250000e+02;5.0712854e-02;2.4250000e+02;6.4348191e-02;2.4250000e+02;7.8993455e-02;2.4250000e+02;9.5236361e-02;2.4250000e+02;1.1156756e-01;2.4250000e+02;1.2199025e-01;2.4250000e+02;1.3294747e-01;2.4250000e+02;1.5791449e-01;2.4250000e+02;1.9125222e-01;2.4250000e+02;2.2518143e-01;2.4250000e+02;2.3776610e-01;2.4250000e+02;2.3975782e-01;2.4250000e+02;2.3341736e-01;2.4250000e+02;2.1955234e-01;2.4250000e+02;1.6204162e-02;2.4250000e+02;2.1381404e-02;2.4250000e+02;2.9187433e-02;2.4250000e+02;3.9070755e-02;2.4250000e+02;5.0712854e-02;2.4250000e+02;6.4348191e-02;2.4250000e+02;7.8993455e-02;2.4250000e+02;9.5236361e-02;2.4250000e+02;1.1156756e-01;2.4250000e+02;1.2199025e-01;2.4250000e+02;1.3294747e-01;2.4250000e+02;1.5791449e-01;2.4250000e+02;1.9125222e-01;2.4250000e+02;2.2518143e-01;2.4250000e+02;2.3776610e-01;2.4250000e+02;2.3975782e-01;2.4250000e+02;2.3341736e-01;2.4250000e+02;2.1955234e-01;2.4250000e+02;1.6204162e-02;2.4250000e+02;2.1381404e-02;2.4250000e+02;2.9187433e-02;2.4250000e+02;3.9070755e-02;2.4250000e+02;5.0712854e-02;2.4250000e+02;6.4348191e-02;2.4250000e+02;7.8993455e-02;2.4250000e+02;9.5236361e-02;2.4250000e+02;1.1156756e-01;2.4250000e+02;1.2199025e-01;2.4250000e+02;1.3294747e-01;2.4250000e+02;1.5791449e-01;2.4250000e+02;1.9125222e-01;2.4250000e+02;2.2518143e-01;2.4250000e+02;2.3776610e-01;2.4250000e+02;2.3975782e-01;2.4250000e+02;2.3341736e-01;2.4250000e+02;2.1955234e-01;2.4250000e+02;1.6204162e-02;2.4250000e+02;2.1381404e-02;2.4250000e+02;2.9187433e-02;2.4250000e+02;3.9070755e-02;2.4250000e+02;5.0712854e-02;2.4250000e+02;6.4348191e-02;2.4250000e+02;7.8993455e-02;2.4250000e+02;9.5236361e-02;2.4250000e+02;1.1156756e-01;2.4250000e+02;1.2199025e-01;2.4250000e+02;1.3294747e-01;2.4250000e+02;1.5791449e-01;2.4250000e+02;1.9125222e-01;2.4250000e+02;2.2518143e-01;2.4250000e+02;2.3776610e-01;2.4250000e+02;2.3975782e-01;2.4250000e+02;2.3341736e-01;2.4250000e+02;2.1955234e-01
2.4750000e+02;1.7041959e-02;2.4750000e+02;2.2364456e-02;2.4750000e+02;3.0302836e-02;2.4750000e+02;4.0488016e-02;2.4750000e+02;5.2415326e-02;2.4750000e+02;6.5990068e-02;2.4750000e+02;8.1314109e-02;2.4750000e+02;9.8039128e-02;2.4750000e+02;1.1394221e-01;2.4750000e+02;1.2714805e-01;2.4750000e+02;1.3852179e-01;2.4750000e+02;1.6503811e-01;2.4750000e+02;1.9782260e-01;2.4750000e+02;2.2795552e-01;2.4750000e+02;2.3796801e-01;2.4750000e+02;2.3785242e-01;2.4750000e+02;2.2975937e-01;2.4750000e+02;2.1424480e-01;2.4750000e+02;1.7041959e-02;2.4750000e+02;2.2364456e-02;2.4750000e+02;3.0302836e-02;2.4750000e+02;4.0488016e-02;2.4750000e+02;5.2415326e-02;2.4750000e+02;6.5990068e-02;2.4750000e+02;8.1314109e-02;2.4750000e+02;9.8039128e-02;2.4750000e+02;1.1394221e-01;2.4750000e+02;1.2714805e-01;2.4750000e+02;1.3852179e-01;2.4750000e+02;1.6503811e-01;2.4750000e+02;1.9782260e-01;2.4750000e+02;2.2795552e-01;2.4750000e+02;2.3796801e-01;2.4750000e+02;2.3785242e-01;2.4750000e+02;2.2975937e-01;2.4750000e+02;2.1424480e-01;2.4750000e+02;1.7041959e-02;2.4750000e+02;2.2364456e-02;2.4750000e+02;3.0302836e-02;2.4750000e+02;4.0488016e-02;2.4750000e+02;5.2415326e-02;2.4750000e+02;6.5990068e-02;2.4750000e+02;8.1314109e-02;2.4750000e+02;9.8039128e-02;2.4750000e+02;1.1394221e-01;2.4750000e+02;1.2714805e-01;2.4750000e+02;1.3852179e-01;2.4750000e+02;1.6503811e-01;2.4750000e+02;1.9782260e-01;2.4750000e+02;2.2795552e-01;2.4750000e+02;2.3796801e-01;2.4750000e+02;2.3785242e-01;2.4750000e+02;2.2975937e-01;2.4750000e+02;2.1424480e-01;2.4750000e+02;1.7041959e-02;2.4750000e+02;2.2364456e-02;2.4750000e+02;3.0302836e-02;2.4750000e+02;4.0488016e-02;2.4750000e+02;5.2415326e-02;2.4750000e+02;6.5990068e-02;2.4750000e+02;8.1314109e-02;2.4750000e+02;9.8039128e-02;2.4750000e+02;1.1394221e-01;2.4750000e+02;1.2714805e-01;2.4750000e+02;1.3852179e-01;2.4750000e+02;1.6503811e-01;2.4750000e+02;1.9782260e-01;2.4750000e+02;2.2795552e-01;2.4750000e+02;2.3796801e-01;2.4750000e+02;2.3785242e-01;2.4750000e+02;2.2975937e-01;2.4750000e+02;2.1424480e-01;2.4750000e+02;1.7041959e-02;2.4750000e+02;2.2364456e-02;2.4750000e+02;3.0302836e-02;2.4750000e+02;4.0488016e-02;2.4750000e+02;5.2415326e-02;2.4750000e+02;6.5990068e-02;2.4750000e+02;8.1314109e-02;2.4750000e+02;9.8039128e-02;2.4750000e+02;1.1394221e-01;2.4750000e+02;1.2714805e-01;2.4750000e+02;1.3852179e-01;2.4750000e+02;1.6503811e-01;2.4750000e+02;1.9782260e-01;2.4750000e+02;2.2795552e-01;2.4750000e+02;2.3796801e-01;2.4750000e+02;2.3785242e-01;2.4750000e+02;2.2975937e-01;2.4750000e+02;2.1424480e-01;2.4750000e+02;1.7041959e-02;2.4750000e+02;2.2364456e-02;2.4750000e+02;3.0302836e-02;2.4750000e+02;4.0488016e-02;2.4750000e+02;5.2415326e-02;2.4750000e+02;6.5990068e-02;2.4750000e+02;8.1314109e-02;2.4750000e+02;9.8039128e-02;2.4750000e+02;1.1394221e-01;2.4750000e+02;1.2714805e-01;2.4750000e+02;1.3852179e-01;2.4750000e+02;1.6503811e-01;2.4750000e+02;1.9782260e-01;2.4750000e+02;2.2795552e-01;2.4750000e+02;2.3796801e-01;2.4750000e+02;2.3785242e-01;2.4750000e+02;2.2975937e-01;2.4750000e+02;2.1424480e-01;2.4750000e+02;1.7041959e-02;2.4750000e+02;2.2364456e-02;2.4750000e+02;3.0302836e-02;2.4750000e+02;4.0488016e-02;2.4750000e+02;5.2415326e-02;2.4750000e+02;6.5990068e-02;2.4750000e+02;8.1314109e-02;2.4750000e+02;9.8039128e-02;2.4750000e+02;1.1394221e-01;2.4750000e+02;1.2714805e-01;2.4750000e+02;1.3852179e-01;2.4750000e+02;1.6503811e-01;2.4750000e+02;1.9782260e-01;2.4750000e+02;2.2795552e-01;2.4750000e+02;2.3796801e-01;2.4750000e+02;2.3785242e-01;2.4750000e+02;2.2975937e-01;2.4750000e+02;2.1424480e-01;2.4750000e+02;1.7041959e-02;2.4750000e+02;2.2364456e-02;2.4750000e+02;3.0302836e-02;2.4750000e+02;4.0488016e-02;2.4750000e+02;5.2415326e-02;2.4750000e+02;6.5990068e-02;2.4750000e+02;8.1314109e-02;2.4750000e+02;9.8039128e-02;2.4750000e+02;1.1394221e-01;2.4750000e+02;1.2714805e-01;2.4750000e+02;1.3852179e-01;2.4750000e+02;1.6503811e-01;2.4750000e+02;1.9782260e-01;2.4750000e+02;2.2795552e-01;2.4750000e+02;2.3796801e-01;2.4750000e+02;2.3785242e-01;2.4750000e+02;2.2975937e-01;2.4750000e+02;2.1424480e-01;2.4750000e+02;1.7041959e-02;2.4750000e+02;2.2364456e-02;2.4750000e+02;3.0302836e-02;2.4750000e+02;4.0488016e-02;2.4750000e+02;5.2415326e-02;2.4750000e+02;6.5990068e-02;2.4750000e+02;8.1314109e-02;2.4750000e+02;9.8039128e-02;2.4750000e+02;1.1394221e-01;2.4750000e+02;1.2714805e-01;2.4750000e+02;1.3852179e-01;2.4750000e+02;1.6503811e-01;2.4750000e+02;1.9782260e-01;2.4750000e+02;2.2795552e-01;2.4750000e+02;2.3796801e-01;2.4750000e+02;2.3785242e-01;2.4750000e+02;2.2975937e-01;2.4750000e+02;2.1424480e-01;2.4750000e+02;1.7041959e-02;2.4750000e+02;2.2364456e-02;2.4750000e+02;3.0302836e-02;2.4750000e+02;4.0488016e-02;2.4750000e+02;5.2415326e-02;2.4750000e+02;6.5990068e-02;2.4750000e+02;8.1314109e-02;2.4750000e+02;9.8039128e-02;2.4750000e+02;1.1394221e-01;2.4750000e+02;1.2714805e-01;2.4750000e+02;1.3852179e-01;2.4750000e+02;1.6503811e-01;2.4750000e+02;1.9782260e-01;2.4750000e+02;2.2795552e-01;2.4750000e+02;2.3796801e-01;2.4750000e+02;2.3785242e-01;2.4750000e+02;2.2975937e-01;2.4750000e+02;2.1424480e-01;2.4750000e+02;1.7041959e-02;2.4750000e+02;2.2364456e-02;2.4750000e+02;3.0302836e-02;2.4750000e+02;4.0488016e-02;2.4750000e+02;5.2415326e-02;2.4750000e+02;6.5990068e-02;2.4750000e+02;8.1314109e-02;2.4750000e+02;9.8039128e-02;2.4750000e+02;1.1394221e-01;2.4750000e+02;1.2714805e-01;2.4750000e+02;1.3852179e-01;2.4750000e+02;1.6503811e-01;2.4750000e+02;1.9782260e-01;2.4750000e+02;2.2795552e-01;2.4750000e+02;2.3796801e-01;2.4750000e+02;2.3785242e-01;2.4750000e+02;2.2975937e-01;2.4750000e+02;2.1424480e-01;2.4750000e+02;1.7041959e-02;2.4750000e+02;2.2364456e-02;2.4750000e+02;3.0302836e-02;2.4750000e+02;4.0488016e-02;2.4750000e+02;5.2415326e-02;2.4750000e+02;6.5990068e-02;2.4750000e+02;8.1314109e-02;2.4750000e+02;9.8039128e-02;2.4750000e+02;1.1394221e-01;2.4750000e+02;1.2714805e-01;2.4750000e+02;1.3852179e-01;2.4750000e+02;1.6503811e-01;2.4750000e+02;1.9782260e-01;2.4750000e+02;2.2795552e-01;2.4750000e+02;2.3796801e-01;2.4750000e+02;2.3785242e-01;2.4750000e+02;2.2975937e-01;2.4750000e+02;2.1424480e-01;2.4750000e+02;1.7041959e-02;2.4750000e+02;2.2364456e-02;2.4750000e+02;3.0302836e-02;2.4750000e+02;4.0488016e-02;2.4750000e+02;5.2415326e-02;2.4750000e+02;6.5990068e-02;2.4750000e+02;8.1314109e-02;2.4750000e+02;9.8039128e-02;2.4750000e+02;1.1394221e-01;2.4750000e+02;1.2714805e-01;2.4750000e+02;1.3852179e-01;2.4750000e+02;1.6503811e-01;2.4750000e+02;1.9782260e-01;2.4750000e+02;2.2795552e-01;2.4750000e+02;2.3796801e-01;2.4750000e+02;2.3785242e-01;2.4750000e+02;2.2975937e-01;2.4750000e+02;2.1424480e-01;2.4750000e+02;1.7041959e-02;2.4750000e+02;2.2364456e-02;2.4750000e+02;3.0302836e-02;2.4750000e+02;4.0488016e-02;2.4750000e+02;5.2415326e-02;2.4750000e+02;6.5990068e-02;2.4750000e+02;8.1314109e-02;2.4750000e+02;9.8039128e-02;2.4750000e+02;1.1394221e-01;2.4750000e+02;1.2714805e-01;2.4750000e+02;1.3852179e-01;2.4750000e+02;1.6503811e-01;2.4750000e+02;1.9782260e-01;2.4750000e+02;2.2795552e-01;2.4750000e+02;2.3796801e-01;2.4750000e+02;2.3785242e-01;2.4750000e+02;2.2975937e-01;2.4750000e+02;2.1424480e-01;2.4750000e+02;1.7041959e-02;2.4750000e+02;2.2364456e-02;2.4750000e+02;3.0302836e-02;2.4750000e+02;4.0488016e-02;2.4750000e+02;5.2415326e-02;2.4750000e+02;6.5990068e-02;2.4750000e+02;8.1314109e-02;2.4750000e+02;9.8039128e-02;2.4750000e+02;1.1394221e-01;2.4750000e+02;1.2714805e-01;2.4750000e+02;1.3852179e-01;2.4750000e+02;1.6503811e-01;2.4750000e+02;1.9782260e-01;2.4750000e+02;2.2795552e-01;2.4750000e+02;2.3796801e-01;2.4750000e+02;2.3785242e-01;2.4750000e+02;2.2975937e-01;2.4750000e+02;2.1424480e-01;2.4750000e+02;1.7041959e-02;2.4750000e+02;2.2364456e-02;2.4750000e+02;3.0302836e-02;2.4750000e+02;4.0488016e-02;2.4750000e+02;5.2415326e-02;2.4750000e+02;6.5990068e-02;2.4750000e+02;8.1314109e-02;2.4750000e+02;9.8039128e-02;2.4750000e+02;1.1394221e-01;2.4750000e+02;1.2714805e-01;2.4750000e+02;1.3852179e-01;2.4750000e+02;1.6503811e-01;2.4750000e+02;1.9782260e-01;2.4750000e+02;2.2795552e-01;2.4750000e+02;2.3796801e-01;2.4750000e+02;2.3785242e-01;2.4750000e+02;2.2975937e-01;2.4750000e+02;2.1424480e-01;2.4750000e+02;1.7041959e-02;2.4750000e+02;2.2364456e-02;2.4750000e+02;3.0302836e-02;2.4750000e+02;4.0488016e-02;2.4750000e+02;5.2415326e-02;2.4750000e+02;6.5990068e-02;2.4750000e+02;8.1314109e-02;2.4750000e+02;9.8039128e-02;2.4750000e+02;1.1394221e-01;2.4750000e+02;1.2714805e-01;2.4750000e+02;1.3852179e-01;2.4750000e+02;1.6503811e-01;2.4750000e+02;1.9782260e-01;2.4750000e+02;2.2795552e-01;2.4750000e+02;2.3796801e-01;2.4750000e+02;2.3785242e-01;2.4750000e+02;2.2975937e-01;2.4750000e+02;2.1424480e-01;2.4750000e+02;1.7041959e-02;2.4750000e+02;2.2364456e-02;2.4750000e+02;3.0302836e-02;2.4750000e+02;4.0488016e-02;2.4750000e+02;5.2415326e-02;2.4750000e+02;6.5990068e-02;2.4750000e+02;8.1314109e-02;2.4750000e+02;9.8039128e-02;2.4750000e+02;1.1394221e-01;2.4750000e+02;1.2714805e-01;2.4750000e+02;1.3852179e-01;2.4750000e+02;1.6503811e-01;2.4750000e+02;1.9782260e-01;2.4750000e+02;2.2795552e-01;2.4750000e+02;2.3796801e-01;2.4750000e+02;2.3785242e-01;2.4750000e+02;2.2975937e-01;2.4750000e+02;2.1424480e-01;2.4750000e+02;1.7041959e-02;2.4750000e+02;2.2364456e-02;2.4750000e+02;3.0302836e-02;2.4750000e+02;4.0488016e-02;2.4750000e+02;5.2415326e-02;2.4750000e+02;6.5990068e-02;2.4750000e+02;8.1314109e-02;2.4750000e+02;9.8039128e-02;2.4750000e+02;1.1394221e-01;2.4750000e+02;1.2714805e-01;2.4750000e+02;1.3852179e-01;2.4750000e+02;1.6503811e-01;2.4750000e+02;1.9782260e-01;2.4750000e+02;2.2795552e-01;2.4750000e+02;2.3796801e-01;2.4750000e+02;2.3785242e-01;2.4750000e+02;2.2975937e-01;2.4750000e+02;2.1424480e-01;2.4750000e+02;1.7041959e-02;2.4750000e+02;2.2364456e-02;2.4750000e+02;3.0302836e-02;2.4750000e+02;4.0488016e-02;2.4750000e+02;5.2415326e-02;2.4750000e+02;6.5990068e-02;2.4750000e+02;8.1314109e-02;2.4750000e+02;9.8039128e-02;2.4750000e+02;1.1394221e-01;2.4750000e+02;1.2714805e-01;2.4750000e+02;1.3852179e-01;2.4750000e+02;1.6503811e-01;2.4750000e+02;1.9782260e-01;2.4750000e+02;2.2795552e-01;2.4750000e+02;2.3796801e-01;2.4750000e+02;2.3785242e-01;2.4750000e+02;2.2975937e-01;2.4750000e+02;2.1424480e-01;2.4750000e+02;1.7041959e-02;2.4750000e+02;2.2364456e-02;2.4750000e+02;3.0302836e-02;2.4750000e+02;4.0488016e-02;2.4750000e+02;5.2415326e-02;2.4750000e+02;6.5990068e-02;2.4750000e+02;8.1314109e-02;2.4750000e+02;9.8039128e-02;2.4750000e+02;1.1394221e-01;2.4750000e+02;1.2714805e-01;2.4750000e+02;1.3852179e-01;2.4750000e+02;1.6503811e-01;2.4750000e+02;1.9782260e-01;2.4750000e+02;2.2795552e-01;2.4750000e+02;2.3796801e-01;2.4750000e+02;2.3785242e-01;2.4750000e+02;2.2975937e-01;2.4750000e+02;2.1424480e-01;2.4750000e+02;1.7041959e-02;2.4750000e+02;2.2364456e-02;2.4750000e+02;3.0302836e-02;2.4750000e+02;4.0488016e-02;2.4750000e+02;5.2415326e-02;2.4750000e+02;6.5990068e-02;2.4750000e+02;8.1314109e-02;2.4750000e+02;9.8039128e-02;2.4750000e+02;1.1394221e-01;2.4750000e+02;1.2714805e-01;2.4750000e+02;1.3852179e-01;2.4750000e+02;1.6503811e-01;2.4750000e+02;1.9782260e-01;2.4750000e+02;2.2795552e-01;2.4750000e+02;2.3796801e-01;2.4750000e+02;2.3785242e-01;2.4750000e+02;2.2975937e-01;2.4750000e+02;2.1424480e-01;2.4750000e+02;1.7041959e-02;2.4750000e+02;2.2364456e-02;2.4750000e+02;3.0302836e-02;2.4750000e+02;4.0488016e-02;2.4750000e+02;5.2415326e-02;2.4750000e+02;6.5990068e-02;2.4750000e+02;8.1314109e-02;2.4750000e+02;9.8039128e-02;2.4750000e+02;1.1394221e-01;2.4750000e+02;1.2714805e-01;2.4750000e+02;1.3852179e-01;2.4750000e+02;1.6503811e-01;2.4750000e+02;1.9782260e-01;2.4750000e+02;2.2795552e-01;2.4750000e+02;2.3796801e-01;2.4750000e+02;2.3785242e-01;2.4750000e+02;2.2975937e-01;2.4750000e+02;2.1424480e-01;2.4750000e+02;1.7041959e-02;2.4750000e+02;2.2364456e-02;2.4750000e+02;3.0302836e-02;2.4750000e+02;4.0488016e-02;2.4750000e+02;5.2415326e-02;2.4750000e+02;6.5990068e-02;2.4750000e+02;8.1314109e-02;2.4750000e+02;9.8039128e-02;2.4750000e+02;1.1394221e-01;2.4750000e+02;1.2714805e-01;2.4750000e+02;1.3852179e-01;2.4750000e+02;1.6503811e-01;2.4750000e+02;1.9782260e-01;2.4750000e+02;2.2795552e-01;2.4750000e+02;2.3796801e-01;2.4750000e+02;2.3785242e-01;2.4750000e+02;2.2975937e-01;2.4750000e+02;2.1424480e-01;2.4750000e+02;1.7041959e-02;2.4750000e+02;2.2364456e-02;2.4750000e+02;3.0302836e-02;2.4750000e+02;4.0488016e-02;2.4750000e+02;5.2415326e-02;2.4750000e+02;6.5990068e-02;2.4750000e+02;8.1314109e-02;2.4750000e+02;9.8039128e-02;2.4750000e+02;1.1394221e-01;2.4750000e+02;1.2714805e-01;2.4750000e+02;1.3852179e-01;2.4750000e+02;1.6503811e-01;2.4750000e+02;1.9782260e-01;2.4750000e+02;2.2795552e-01;2.4750000e+02;2.3796801e-01;2.4750000e+02;2.3785242e-01;2.4750000e+02;2.2975937e-01;2.4750000e+02;2.1424480e-01;2.4750000e+02;1.7041959e-02;2.4750000e+02;2.2364456e-02;2.4750000e+02;3.0302836e-02;2.4750000e+02;4.0488016e-02;2.4750000e+02;5.2415326e-02;2.4750000e+02;6.5990068e-02;2.4750000e+02;8.1314109e-02;2.4750000e+02;9.8039128e-02;2.4750000e+02;1.1394221e-01;2.4750000e+02;1.2714805e-01;2.4750000e+02;1.3852179e-01;2.4750000e+02;1.6503811e-01;2.4750000e+02;1.9782260e-01;2.4750000e+02;2.2795552e-01;2.4750000e+02;2.3796801e-01;2.4750000e+02;2.3785242e-01;2.4750000e+02;2.2975937e-01;2.4750000e+02;2.1424480e-01;2.4750000e+02;1.7041959e-02;2.4750000e+02;2.2364456e-02;2.4750000e+02;3.0302836e-02;2.4750000e+02;4.0488016e-02;2.4750000e+02;5.2415326e-02;2.4750000e+02;6.5990068e-02;2.4750000e+02;8.1314109e-02;2.4750000e+02;9.8039128e-02;2.4750000e+02;1.1394221e-01;2.4750000e+02;1.2714805e-01;2.4750000e+02;1.3852179e-01;2.4750000e+02;1.6503811e-01;2.4750000e+02;1.9782260e-01;2.4750000e+02;2.2795552e-01;2.4750000e+02;2.3796801e-01;2.4750000e+02;2.3785242e-01;2.4750000e+02;2.2975937e-01;2.4750000e+02;2.1424480e-01;2.4750000e+02;1.7041959e-02;2.4750000e+02;2.2364456e-02;2.4750000e+02;3.0302836e-02;2.4750000e+02;4.0488016e-02;2.4750000e+02;5.2415326e-02;2.4750000e+02;6.5990068e-02;2.4750000e+02;8.1314109e-02;2.4750000e+02;9.8039128e-02;2.4750000e+02;1.1394221e-01;2.4750000e+02;1.2714805e-01;2.4750000e+02;1.3852179e-01;2.4750000e+02;1.6503811e-01;2.4750000e+02;1.9782260e-01;2.4750000e+02;2.2795552e-01;2.4750000e+02;2.3796801e-01;2.4750000e+02;2.3785242e-01;2.4750000e+02;2.2975937e-01;2.4750000e+02;2.1424480e-01;2.4750000e+02;1.7041959e-02;2.4750000e+02;2.2364456e-02;2.4750000e+02;3.0302836e-02;2.4750000e+02;4.0488016e-02;2.4750000e+02;5.2415326e-02;2.4750000e+02;6.5990068e-02;2.4750000e+02;8.1314109e-02;2.4750000e+02;9.8039128e-02;2.4750000e+02;1.1394221e-01;2.4750000e+02;1.2714805e-01;2.4750000e+02;1.3852179e-01;2.4750000e+02;1.6503811e-01;2.4750000e+02;1.9782260e-01;2.4750000e+02;2.2795552e-01;2.4750000e+02;2.3796801e-01;2.4750000e+02;2.3785242e-01;2.4750000e+02;2.2975937e-01;2.4750000e+02;2.1424480e-01;2.4750000e+02;1.7041959e-02;2.4750000e+02;2.2364456e-02;2.4750000e+02;3.0302836e-02;2.4750000e+02;4.0488016e-02;2.4750000e+02;5.2415326e-02;2.4750000e+02;6.5990068e-02;2.4750000e+02;8.1314109e-02;2.4750000e+02;9.8039128e-02;2.4750000e+02;1.1394221e-01;2.4750000e+02;1.2714805e-01;2.4750000e+02;1.3852179e-01;2.4750000e+02;1.6503811e-01;2.4750000e+02;1.9782260e-01;2.4750000e+02;2.2795552e-01;2.4750000e+02;2.3796801e-01;2.4750000e+02;2.3785242e-01;2.4750000e+02;2.2975937e-01;2.4750000e+02;2.1424480e-01;2.4750000e+02;1.7041959e-02;2.4750000e+02;2.2364456e-02;2.4750000e+02;3.0302836e-02;2.4750000e+02;4.0488016e-02;2.4750000e+02;5.2415326e-02;2.4750000e+02;6.5990068e-02;2.4750000e+02;8.1314109e-02;2.4750000e+02;9.8039128e-02;2.4750000e+02;1.1394221e-01;2.4750000e+02;1.2714805e-01;2.4750000e+02;1.3852179e-01;2.4750000e+02;1.6503811e-01;2.4750000e+02;1.9782260e-01;2.4750000e+02;2.2795552e-01;2.4750000e+02;2.3796801e-01;2.4750000e+02;2.3785242e-01;2.4750000e+02;2.2975937e-01;2.4750000e+02;2.1424480e-01;2.4750000e+02;1.7041959e-02;2.4750000e+02;2.2364456e-02;2.4750000e+02;3.0302836e-02;2.4750000e+02;4.0488016e-02;2.4750000e+02;5.2415326e-02;2.4750000e+02;6.5990068e-02;2.4750000e+02;8.1314109e-02;2.4750000e+02;9.8039128e-02;2.4750000e+02;1.1394221e-01;2.4750000e+02;1.2714805e-01;2.4750000e+02;1.3852179e-01;2.4750000e+02;1.6503811e-01;2.4750000e+02;1.9782260e-01;2.4750000e+02;2.2795552e-01;2.4750000e+02;2.3796801e-01;2.4750000e+02;2.3785242e-01;2.4750000e+02;2.2975937e-01;2.4750000e+02;2.1424480e-01;2.4750000e+02;1.7041959e-02;2.4750000e+02;2.2364456e-02;2.4750000e+02;3.0302836e-02;2.4750000e+02;4.0488016e-02;2.4750000e+02;5.2415326e-02;2.4750000e+02;6.5990068e-02;2.4750000e+02;8.1314109e-02;2.4750000e+02;9.8039128e-02;2.4750000e+02;1.1394221e-01;2.4750000e+02;1.2714805e-01;2.4750000e+02;1.3852179e-01;2.4750000e+02;1.6503811e-01;2.4750000e+02;1.9782260e-01;2.4750000e+02;2.2795552e-01;2.4750000e+02;2.3796801e-01;2.4750000e+02;2.3785242e-01;2.4750000e+02;2.2975937e-01;2.4750000e+02;2.1424480e-01;2.4750000e+02;1.7041959e-02;2.4750000e+02;2.2364456e-02;2.4750000e+02;3.0302836e-02;2.4750000e+02;4.0488016e-02;2.4750000e+02;5.2415326e-02;2.4750000e+02;6.5990068e-02;2.4750000e+02;8.1314109e-02;2.4750000e+02;9.8039128e-02;2.4750000e+02;1.1394221e-01;2.4750000e+02;1.2714805e-01;2.4750000e+02;1.3852179e-01;2.4750000e+02;1.6503811e-01;2.4750000e+02;1.9782260e-01;2.4750000e+02;2.2795552e-01;2.4750000e+02;2.3796801e-01;2.4750000e+02;2.3785242e-01;2.4750000e+02;2.2975937e-01;2.4750000e+02;2.1424480e-01;2.4750000e+02;1.7041959e-02;2.4750000e+02;2.2364456e-02;2.4750000e+02;3.0302836e-02;2.4750000e+02;4.0488016e-02;2.4750000e+02;5.2415326e-02;2.4750000e+02;6.5990068e-02;2.4750000e+02;8.1314109e-02;2.4750000e+02;9.8039128e-02;2.4750000e+02;1.1394221e-01;2.4750000e+02;1.2714805e-01;2.4750000e+02;1.3852179e-01;2.4750000e+02;1.6503811e-01;2.4750000e+02;1.9782260e-01;2.4750000e+02;2.2795552e-01;2.4750000e+02;2.3796801e-01;2.4750000e+02;2.3785242e-01;2.4750000e+02;2.2975937e-01;2.4750000e+02;2.1424480e-01;2.4750000e+02;1.7041959e-02;2.4750000e+02;2.2364456e-02;2.4750000e+02;3.0302836e-02;2.4750000e+02;4.0488016e-02;2.4750000e+02;5.2415326e-02;2.4750000e+02;6.5990068e-02;2.4750000e+02;8.1314109e-02;2.4750000e+02;9.8039128e-02;2.4750000e+02;1.1394221e-01;2.4750000e+02;1.2714805e-01;2.4750000e+02;1.3852179e-01;2.4750000e+02;1.6503811e-01;2.4750000e+02;1.9782260e-01;2.4750000e+02;2.2795552e-01;2.4750000e+02;2.3796801e-01;2.4750000e+02;2.3785242e-01;2.4750000e+02;2.2975937e-01;2.4750000e+02;2.1424480e-01;2.4750000e+02;1.7041959e-02;2.4750000e+02;2.2364456e-02;2.4750000e+02;3.0302836e-02;2.4750000e+02;4.0488016e-02;2.4750000e+02;5.2415326e-02;2.4750000e+02;6.5990068e-02;2.4750000e+02;8.1314109e-02;2.4750000e+02;9.8039128e-02;2.4750000e+02;1.1394221e-01;2.4750000e+02;1.2714805e-01;2.4750000e+02;1.3852179e-01;2.4750000e+02;1.6503811e-01;2.4750000e+02;1.9782260e-01;2.4750000e+02;2.2795552e-01;2.4750000e+02;2.3796801e-01;2.4750000e+02;2.3785242e-01;2.4750000e+02;2.2975937e-01;2.4750000e+02;2.1424480e-01;2.4750000e+02;1.7041959e-02;2.4750000e+02;2.2364456e-02;2.4750000e+02;3.0302836e-02;2.4750000e+02;4.0488016e-02;2.4750000e+02;5.2415326e-02;2.4750000e+02;6.5990068e-02;2.4750000e+02;8.1314109e-02;2.4750000e+02;9.8039128e-02;2.4750000e+02;1.1394221e-01;2.4750000e+02;1.2714805e-01;2.4750000e+02;1.3852179e-01;2.4750000e+02;1.6503811e-01;2.4750000e+02;1.9782260e-01;2.4750000e+02;2.2795552e-01;2.4750000e+02;2.3796801e-01;2.4750000e+02;2.3785242e-01;2.4750000e+02;2.2975937e-01;2.4750000e+02;2.1424480e-01;2.4750000e+02;1.7041959e-02;2.4750000e+02;2.2364456e-02;2.4750000e+02;3.0302836e-02;2.4750000e+02;4.0488016e-02;2.4750000e+02;5.2415326e-02;2.4750000e+02;6.5990068e-02;2.4750000e+02;8.1314109e-02;2.4750000e+02;9.8039128e-02;2.4750000e+02;1.1394221e-01;2.4750000e+02;1.2714805e-01;2.4750000e+02;1.3852179e-01;2.4750000e+02;1.6503811e-01;2.4750000e+02;1.9782260e-01;2.4750000e+02;2.2795552e-01;2.4750000e+02;2.3796801e-01;2.4750000e+02;2.3785242e-01;2.4750000e+02;2.2975937e-01;2.4750000e+02;2.1424480e-01;2.4750000e+02;1.7041959e-02;2.4750000e+02;2.2364456e-02;2.4750000e+02;3.0302836e-02;2.4750000e+02;4.0488016e-02;2.4750000e+02;5.2415326e-02;2.4750000e+02;6.5990068e-02;2.4750000e+02;8.1314109e-02;2.4750000e+02;9.8039128e-02;2.4750000e+02;1.1394221e-01;2.4750000e+02;1.2714805e-01;2.4750000e+02;1.3852179e-01;2.4750000e+02;1.6503811e-01;2.4750000e+02;1.9782260e-01;2.4750000e+02;2.2795552e-01;2.4750000e+02;2.3796801e-01;2.4750000e+02;2.3785242e-01;2.4750000e+02;2.2975937e-01;2.4750000e+02;2.1424480e-01;2.4750000e+02;1.7041959e-02;2.4750000e+02;2.2364456e-02;2.4750000e+02;3.0302836e-02;2.4750000e+02;4.0488016e-02;2.4750000e+02;5.2415326e-02;2.4750000e+02;6.5990068e-02;2.4750000e+02;8.1314109e-02;2.4750000e+02;9.8039128e-02;2.4750000e+02;1.1394221e-01;2.4750000e+02;1.2714805e-01;2.4750000e+02;1.3852179e-01;2.4750000e+02;1.6503811e-01;2.4750000e+02;1.9782260e-01;2.4750000e+02;2.2795552e-01;2.4750000e+02;2.3796801e-01;2.4750000e+02;2.3785242e-01;2.4750000e+02;2.2975937e-01;2.4750000e+02;2.1424480e-01;2.4750000e+02;1.7041959e-02;2.4750000e+02;2.2364456e-02;2.4750000e+02;3.0302836e-02;2.4750000e+02;4.0488016e-02;2.4750000e+02;5.2415326e-02;2.4750000e+02;6.5990068e-02;2.4750000e+02;8.1314109e-02;2.4750000e+02;9.8039128e-02;2.4750000e+02;1.1394221e-01;2.4750000e+02;1.2714805e-01;2.4750000e+02;1.3852179e-01;2.4750000e+02;1.6503811e-01;2.4750000e+02;1.9782260e-01;2.4750000e+02;2.2795552e-01;2.4750000e+02;2.3796801e-01;2.4750000e+02;2.3785242e-01;2.4750000e+02;2.2975937e-01;2.4750000e+02;2.1424480e-01;2.4750000e+02;1.7041959e-02;2.4750000e+02;2.2364456e-02;2.4750000e+02;3.0302836e-02;2.4750000e+02;4.0488016e-02;2.4750000e+02;5.2415326e-02;2.4750000e+02;6.5990068e-02;2.4750000e+02;8.1314109e-02;2.4750000e+02;9.8039128e-02;2.4750000e+02;1.1394221e-01;2.4750000e+02;1.2714805e-01;2.4750000e+02;1.3852179e-01;2.4750000e+02;1.6503811e-01;2.4750000e+02;1.9782260e-01;2.4750000e+02;2.2795552e-01;2.4750000e+02;2.3796801e-01;2.4750000e+02;2.3785242e-01;2.4750000e+02;2.2975937e-01;2.4750000e+02;2.1424480e-01;2.4750000e+02;1.7041959e-02;2.4750000e+02;2.2364456e-02;2.4750000e+02;3.0302836e-02;2.4750000e+02;4.0488016e-02;2.4750000e+02;5.2415326e-02;2.4750000e+02;6.5990068e-02;2.4750000e+02;8.1314109e-02;2.4750000e+02;9.8039128e-02;2.4750000e+02;1.1394221e-01;2.4750000e+02;1.2714805e-01;2.4750000e+02;1.3852179e-01;2.4750000e+02;1.6503811e-01;2.4750000e+02;1.9782260e-01;2.4750000e+02;2.2795552e-01;2.4750000e+02;2.3796801e-01;2.4750000e+02;2.3785242e-01;2.4750000e+02;2.2975937e-01;2.4750000e+02;2.1424480e-01;2.4750000e+02;1.7041959e-02;2.4750000e+02;2.2364456e-02;2.4750000e+02;3.0302836e-02;2.4750000e+02;4.0488016e-02;2.4750000e+02;5.2415326e-02;2.4750000e+02;6.5990068e-02;2.4750000e+02;8.1314109e-02;2.4750000e+02;9.8039128e-02;2.4750000e+02;1.1394221e-01;2.4750000e+02;1.2714805e-01;2.4750000e+02;1.3852179e-01;2.4750000e+02;1.6503811e-01;2.4750000e+02;1.9782260e-01;2.4750000e+02;2.2795552e-01;2.4750000e+02;2.3796801e-01;2.4750000e+02;2.3785242e-01;2.4750000e+02;2.2975937e-01;2.4750000e+02;2.1424480e-01;2.4750000e+02;1.7041959e-02;2.4750000e+02;2.2364456e-02;2.4750000e+02;3.0302836e-02;2.4750000e+02;4.0488016e-02;2.4750000e+02;5.2415326e-02;2.4750000e+02;6.5990068e-02;2.4750000e+02;8.1314109e-02;2.4750000e+02;9.8039128e-02;2.4750000e+02;1.1394221e-01;2.4750000e+02;1.2714805e-01;2.4750000e+02;1.3852179e-01;2.4750000e+02;1.6503811e-01;2.4750000e+02;1.9782260e-01;2.4750000e+02;2.2795552e-01;2.4750000e+02;2.3796801e-01;2.4750000e+02;2.3785242e-01;2.4750000e+02;2.2975937e-01;2.4750000e+02;2.1424480e-01;2.4750000e+02;1.7041959e-02;2.4750000e+02;2.2364456e-02;2.4750000e+02;3.0302836e-02;2.4750000e+02;4.0488016e-02;2.4750000e+02;5.2415326e-02;2.4750000e+02;6.5990068e-02;2.4750000e+02;8.1314109e-02;2.4750000e+02;9.8039128e-02;2.4750000e+02;1.1394221e-01;2.4750000e+02;1.2714805e-01;2.4750000e+02;1.3852179e-01;2.4750000e+02;1.6503811e-01;2.4750000e+02;1.9782260e-01;2.4750000e+02;2.2795552e-01;2.4750000e+02;2.3796801e-01;2.4750000e+02;2.3785242e-01;2.4750000e+02;2.2975937e-01;2.4750000e+02;2.1424480e-01;2.4750000e+02;1.7041959e-02;2.4750000e+02;2.2364456e-02;2.4750000e+02;3.0302836e-02;2.4750000e+02;4.0488016e-02;2.4750000e+02;5.2415326e-02;2.4750000e+02;6.5990068e-02;2.4750000e+02;8.1314109e-02;2.4750000e+02;9.8039128e-02;2.4750000e+02;1.1394221e-01;2.4750000e+02;1.2714805e-01;2.4750000e+02;1.3852179e-01;2.4750000e+02;1.6503811e-01;2.4750000e+02;1.9782260e-01;2.4750000e+02;2.2795552e-01;2.4750000e+02;2.3796801e-01;2.4750000e+02;2.3785242e-01;2.4750000e+02;2.2975937e-01;2.4750000e+02;2.1424480e-01;2.4750000e+02;1.7041959e-02;2.4750000e+02;2.2364456e-02;2.4750000e+02;3.0302836e-02;2.4750000e+02;4.0488016e-02;2.4750000e+02;5.2415326e-02;2.4750000e+02;6.5990068e-02;2.4750000e+02;8.1314109e-02;2.4750000e+02;9.8039128e-02;2.4750000e+02;1.1394221e-01;2.4750000e+02;1.2714805e-01;2.4750000e+02;1.3852179e-01;2.4750000e+02;1.6503811e-01;2.4750000e+02;1.9782260e-01;2.4750000e+02;2.2795552e-01;2.4750000e+02;2.3796801e-01;2.4750000e+02;2.3785242e-01;2.4750000e+02;2.2975937e-01;2.4750000e+02;2.1424480e-01;2.4750000e+02;1.7041959e-02;2.4750000e+02;2.2364456e-02;2.4750000e+02;3.0302836e-02;2.4750000e+02;4.0488016e-02;2.4750000e+02;5.2415326e-02;2.4750000e+02;6.5990068e-02;2.4750000e+02;8.1314109e-02;2.4750000e+02;9.8039128e-02;2.4750000e+02;1.1394221e-01;2.4750000e+02;1.2714805e-01;2.4750000e+02;1.3852179e-01;2.4750000e+02;1.6503811e-01;2.4750000e+02;1.9782260e-01;2.4750000e+02;2.2795552e-01;2.4750000e+02;2.3796801e-01;2.4750000e+02;2.3785242e-01;2.4750000e+02;2.2975937e-01;2.4750000e+02;2.1424480e-01;2.4750000e+02;1.7041959e-02;2.4750000e+02;2.2364456e-02;2.4750000e+02;3.0302836e-02;2.4750000e+02;4.0488016e-02;2.4750000e+02;5.2415326e-02;2.4750000e+02;6.5990068e-02;2.4750000e+02;8.1314109e-02;2.4750000e+02;9.8039128e-02;2.4750000e+02;1.1394221e-01;2.4750000e+02;1.2714805e-01;2.4750000e+02;1.3852179e-01;2.4750000e+02;1.6503811e-01;2.4750000e+02;1.9782260e-01;2.4750000e+02;2.2795552e-01;2.4750000e+02;2.3796801e-01;2.4750000e+02;2.3785242e-01;2.4750000e+02;2.2975937e-01;2.4750000e+02;2.1424480e-01;2.4750000e+02;1.7041959e-02;2.4750000e+02;2.2364456e-02;2.4750000e+02;3.0302836e-02;2.4750000e+02;4.0488016e-02;2.4750000e+02;5.2415326e-02;2.4750000e+02;6.5990068e-02;2.4750000e+02;8.1314109e-02;2.4750000e+02;9.8039128e-02;2.4750000e+02;1.1394221e-01;2.4750000e+02;1.2714805e-01;2.4750000e+02;1.3852179e-01;2.4750000e+02;1.6503811e-01;2.4750000e+02;1.9782260e-01;2.4750000e+02;2.2795552e-01;2.4750000e+02;2.3796801e-01;2.4750000e+02;2.3785242e-01;2.4750000e+02;2.2975937e-01;2.4750000e+02;2.1424480e-01;2.4750000e+02;1.7041959e-02;2.4750000e+02;2.2364456e-02;2.4750000e+02;3.0302836e-02;2.4750000e+02;4.0488016e-02;2.4750000e+02;5.2415326e-02;2.4750000e+02;6.5990068e-02;2.4750000e+02;8.1314109e-02;2.4750000e+02;9.8039128e-02;2.4750000e+02;1.1394221e-01;2.4750000e+02;1.2714805e-01;2.4750000e+02;1.3852179e-01;2.4750000e+02;1.6503811e-01;2.4750000e+02;1.9782260e-01;2.4750000e+02;2.2795552e-01;2.4750000e+02;2.3796801e-01;2.4750000e+02;2.3785242e-01;2.4750000e+02;2.2975937e-01;2.4750000e+02;2.1424480e-01;2.4750000e+02;1.7041959e-02;2.4750000e+02;2.2364456e-02;2.4750000e+02;3.0302836e-02;2.4750000e+02;4.0488016e-02;2.4750000e+02;5.2415326e-02;2.4750000e+02;6.5990068e-02;2.4750000e+02;8.1314109e-02;2.4750000e+02;9.8039128e-02;2.4750000e+02;1.1394221e-01;2.4750000e+02;1.2714805e-01;2.4750000e+02;1.3852179e-01;2.4750000e+02;1.6503811e-01;2.4750000e+02;1.9782260e-01;2.4750000e+02;2.2795552e-01;2.4750000e+02;2.3796801e-01;2.4750000e+02;2.3785242e-01;2.4750000e+02;2.2975937e-01;2.4750000e+02;2.1424480e-01;2.4750000e+02;1.7041959e-02;2.4750000e+02;2.2364456e-02;2.4750000e+02;3.0302836e-02;2.4750000e+02;4.0488016e-02;2.4750000e+02;5.2415326e-02;2.4750000e+02;6.5990068e-02;2.4750000e+02;8.1314109e-02;2.4750000e+02;9.8039128e-02;2.4750000e+02;1.1394221e-01;2.4750000e+02;1.2714805e-01;2.4750000e+02;1.3852179e-01;2.4750000e+02;1.6503811e-01;2.4750000e+02;1.9782260e-01;2.4750000e+02;2.2795552e-01;2.4750000e+02;2.3796801e-01;2.4750000e+02;2.3785242e-01;2.4750000e+02;2.2975937e-01;2.4750000e+02;2.1424480e-01;2.4750000e+02;1.7041959e-02;2.4750000e+02;2.2364456e-02;2.4750000e+02;3.0302836e-02;2.4750000e+02;4.0488016e-02;2.4750000e+02;5.2415326e-02;2.4750000e+02;6.5990068e-02;2.4750000e+02;8.1314109e-02;2.4750000e+02;9.8039128e-02;2.4750000e+02;1.1394221e-01;2.4750000e+02;1.2714805e-01;2.4750000e+02;1.3852179e-01;2.4750000e+02;1.6503811e-01;2.4750000e+02;1.9782260e-01;2.4750000e+02;2.2795552e-01;2.4750000e+02;2.3796801e-01;2.4750000e+02;2.3785242e-01;2.4750000e+02;2.2975937e-01;2.4750000e+02;2.1424480e-01;2.4750000e+02;1.7041959e-02;2.4750000e+02;2.2364456e-02;2.4750000e+02;3.0302836e-02;2.4750000e+02;4.0488016e-02;2.4750000e+02;5.2415326e-02;2.4750000e+02;6.5990068e-02;2.4750000e+02;8.1314109e-02;2.4750000e+02;9.8039128e-02;2.4750000e+02;1.1394221e-01;2.4750000e+02;1.2714805e-01;2.4750000e+02;1.3852179e-01;2.4750000e+02;1.6503811e-01;2.4750000e+02;1.9782260e-01;2.4750000e+02;2.2795552e-01;2.4750000e+02;2.3796801e-01;2.4750000e+02;2.3785242e-01;2.4750000e+02;2.2975937e-01;2.4750000e+02;2.1424480e-01;2.4750000e+02;1.7041959e-02;2.4750000e+02;2.2364456e-02;2.4750000e+02;3.0302836e-02;2.4750000e+02;4.0488016e-02;2.4750000e+02;5.2415326e-02;2.4750000e+02;6.5990068e-02;2.4750000e+02;8.1314109e-02;2.4750000e+02;9.8039128e-02;2.4750000e+02;1.1394221e-01;2.4750000e+02;1.2714805e-01;2.4750000e+02;1.3852179e-01;2.4750000e+02;1.6503811e-01;2.4750000e+02;1.9782260e-01;2.4750000e+02;2.2795552e-01;2.4750000e+02;2.3796801e-01;2.4750000e+02;2.3785242e-01;2.4750000e+02;2.2975937e-01;2.4750000e+02;2.1424480e-01;2.4750000e+02;1.7041959e-02;2.4750000e+02;2.2364456e-02;2.4750000e+02;3.0302836e-02;2.4750000e+02;4.0488016e-02;2.4750000e+02;5.2415326e-02;2.4750000e+02;6.5990068e-02;2.4750000e+02;8.1314109e-02;2.4750000e+02;9.8039128e-02;2.4750000e+02;1.1394221e-01;2.4750000e+02;1.2714805e-01;2.4750000e+02;1.3852179e-01;2.4750000e+02;1.6503811e-01;2.4750000e+02;1.9782260e-01;2.4750000e+02;2.2795552e-01;2.4750000e+02;2.3796801e-01;2.4750000e+02;2.3785242e-01;2.4750000e+02;2.2975937e-01;2.4750000e+02;2.1424480e-01;2.4750000e+02;1.7041959e-02;2.4750000e+02;2.2364456e-02;2.4750000e+02;3.0302836e-02;2.4750000e+02;4.0488016e-02;2.4750000e+02;5.2415326e-02;2.4750000e+02;6.5990068e-02;2.4750000e+02;8.1314109e-02;2.4750000e+02;9.8039128e-02;2.4750000e+02;1.1394221e-01;2.4750000e+02;1.2714805e-01;2.4750000e+02;1.3852179e-01;2.4750000e+02;1.6503811e-01;2.4750000e+02;1.9782260e-01;2.4750000e+02;2.2795552e-01;2.4750000e+02;2.3796801e-01;2.4750000e+02;2.3785242e-01;2.4750000e+02;2.2975937e-01;2.4750000e+02;2.1424480e-01;2.4750000e+02;1.7041959e-02;2.4750000e+02;2.2364456e-02;2.4750000e+02;3.0302836e-02;2.4750000e+02;4.0488016e-02;2.4750000e+02;5.2415326e-02;2.4750000e+02;6.5990068e-02;2.4750000e+02;8.1314109e-02;2.4750000e+02;9.8039128e-02;2.4750000e+02;1.1394221e-01;2.4750000e+02;1.2714805e-01;2.4750000e+02;1.3852179e-01;2.4750000e+02;1.6503811e-01;2.4750000e+02;1.9782260e-01;2.4750000e+02;2.2795552e-01;2.4750000e+02;2.3796801e-01;2.4750000e+02;2.3785242e-01;2.4750000e+02;2.2975937e-01;2.4750000e+02;2.1424480e-01;2.4750000e+02;1.7041959e-02;2.4750000e+02;2.2364456e-02;2.4750000e+02;3.0302836e-02;2.4750000e+02;4.0488016e-02;2.4750000e+02;5.2415326e-02;2.4750000e+02;6.5990068e-02;2.4750000e+02;8.1314109e-02;2.4750000e+02;9.8039128e-02;2.4750000e+02;1.1394221e-01;2.4750000e+02;1.2714805e-01;2.4750000e+02;1.3852179e-01;2.4750000e+02;1.6503811e-01;2.4750000e+02;1.9782260e-01;2.4750000e+02;2.2795552e-01;2.4750000e+02;2.3796801e-01;2.4750000e+02;2.3785242e-01;2.4750000e+02;2.2975937e-01;2.4750000e+02;2.1424480e-01;2.4750000e+02;1.7041959e-02;2.4750000e+02;2.2364456e-02;2.4750000e+02;3.0302836e-02;2.4750000e+02;4.0488016e-02;2.4750000e+02;5.2415326e-02;2.4750000e+02;6.5990068e-02;2.4750000e+02;8.1314109e-02;2.4750000e+02;9.8039128e-02;2.4750000e+02;1.1394221e-01;2.4750000e+02;1.2714805e-01;2.4750000e+02;1.3852179e-01;2.4750000e+02;1.6503811e-01;2.4750000e+02;1.9782260e-01;2.4750000e+02;2.2795552e-01;2.4750000e+02;2.3796801e-01;2.4750000e+02;2.3785242e-01;2.4750000e+02;2.2975937e-01;2.4750000e+02;2.1424480e-01;2.4750000e+02;1.7041959e-02;2.4750000e+02;2.2364456e-02;2.4750000e+02;3.0302836e-02;2.4750000e+02;4.0488016e-02;2.4750000e+02;5.2415326e-02;2.4750000e+02;6.5990068e-02;2.4750000e+02;8.1314109e-02;2.4750000e+02;9.8039128e-02;2.4750000e+02;1.1394221e-01;2.4750000e+02;1.2714805e-01;2.4750000e+02;1.3852179e-01;2.4750000e+02;1.6503811e-01;2.4750000e+02;1.9782260e-01;2.4750000e+02;2.2795552e-01;2.4750000e+02;2.3796801e-01;2.4750000e+02;2.3785242e-01;2.4750000e+02;2.2975937e-01;2.4750000e+02;2.1424480e-01;2.4750000e+02;1.7041959e-02;2.4750000e+02;2.2364456e-02;2.4750000e+02;3.0302836e-02;2.4750000e+02;4.0488016e-02;2.4750000e+02;5.2415326e-02;2.4750000e+02;6.5990068e-02;2.4750000e+02;8.1314109e-02;2.4750000e+02;9.8039128e-02;2.4750000e+02;1.1394221e-01;2.4750000e+02;1.2714805e-01;2.4750000e+02;1.3852179e-01;2.4750000e+02;1.6503811e-01;2.4750000e+02;1.9782260e-01;2.4750000e+02;2.2795552e-01;2.4750000e+02;2.3796801e-01;2.4750000e+02;2.3785242e-01;2.4750000e+02;2.2975937e-01;2.4750000e+02;2.1424480e-01;2.4750000e+02;1.7041959e-02;2.4750000e+02;2.2364456e-02;2.4750000e+02;3.0302836e-02;2.4750000e+02;4.0488016e-02;2.4750000e+02;5.2415326e-02;2.4750000e+02;6.5990068e-02;2.4750000e+02;8.1314109e-02;2.4750000e+02;9.8039128e-02;2.4750000e+02;1.1394221e-01;2.4750000e+02;1.2714805e-01;2.4750000e+02;1.3852179e-01;2.4750000e+02;1.6503811e-01;2.4750000e+02;1.9782260e-01;2.4750000e+02;2.2795552e-01;2.4750000e+02;2.3796801e-01;2.4750000e+02;2.3785242e-01;2.4750000e+02;2.2975937e-01;2.4750000e+02;2.1424480e-01;2.4750000e+02;1.7041959e-02;2.4750000e+02;2.2364456e-02;2.4750000e+02;3.0302836e-02;2.4750000e+02;4.0488016e-02;2.4750000e+02;5.2415326e-02;2.4750000e+02;6.5990068e-02;2.4750000e+02;8.1314109e-02;2.4750000e+02;9.8039128e-02;2.4750000e+02;1.1394221e-01;2.4750000e+02;1.2714805e-01;2.4750000e+02;1.3852179e-01;2.4750000e+02;1.6503811e-01;2.4750000e+02;1.9782260e-01;2.4750000e+02;2.2795552e-01;2.4750000e+02;2.3796801e-01;2.4750000e+02;2.3785242e-01;2.4750000e+02;2.2975937e-01;2.4750000e+02;2.1424480e-01;2.4750000e+02;1.7041959e-02;2.4750000e+02;2.2364456e-02;2.4750000e+02;3.0302836e-02;2.4750000e+02;4.0488016e-02;2.4750000e+02;5.2415326e-02;2.4750000e+02;6.5990068e-02;2.4750000e+02;8.1314109e-02;2.4750000e+02;9.8039128e-02;2.4750000e+02;1.1394221e-01;2.4750000e+02;1.2714805e-01;2.4750000e+02;1.3852179e-01;2.4750000e+02;1.6503811e-01;2.4750000e+02;1.9782260e-01;2.4750000e+02;2.2795552e-01;2.4750000e+02;2.3796801e-01;2.4750000e+02;2.3785242e-01;2.4750000e+02;2.2975937e-01;2.4750000e+02;2.1424480e-01;2.4750000e+02;1.7041959e-02;2.4750000e+02;2.2364456e-02;2.4750000e+02;3.0302836e-02;2.4750000e+02;4.0488016e-02;2.4750000e+02;5.2415326e-02;2.4750000e+02;6.5990068e-02;2.4750000e+02;8.1314109e-02;2.4750000e+02;9.8039128e-02;2.4750000e+02;1.1394221e-01;2.4750000e+02;1.2714805e-01;2.4750000e+02;1.3852179e-01;2.4750000e+02;1.6503811e-01;2.4750000e+02;1.9782260e-01;2.4750000e+02;2.2795552e-01;2.4750000e+02;2.3796801e-01;2.4750000e+02;2.3785242e-01;2.4750000e+02;2.2975937e-01;2.4750000e+02;2.1424480e-01;2.4750000e+02;1.7041959e-02;2.4750000e+02;2.2364456e-02;2.4750000e+02;3.0302836e-02;2.4750000e+02;4.0488016e-02;2.4750000e+02;5.2415326e-02;2.4750000e+02;6.5990068e-02;2.4750000e+02;8.1314109e-02;2.4750000e+02;9.8039128e-02;2.4750000e+02;1.1394221e-01;2.4750000e+02;1.2714805e-01;2.4750000e+02;1.3852179e-01;2.4750000e+02;1.6503811e-01;2.4750000e+02;1.9782260e-01;2.4750000e+02;2.2795552e-01;2.4750000e+02;2.3796801e-01;2.4750000e+02;2.3785242e-01;2.4750000e+02;2.2975937e-01;2.4750000e+02;2.1424480e-01;2.4750000e+02;1.7041959e-02;2.4750000e+02;2.2364456e-02;2.4750000e+02;3.0302836e-02;2.4750000e+02;4.0488016e-02;2.4750000e+02;5.2415326e-02;2.4750000e+02;6.5990068e-02;2.4750000e+02;8.1314109e-02;2.4750000e+02;9.8039128e-02;2.4750000e+02;1.1394221e-01;2.4750000e+02;1.2714805e-01;2.4750000e+02;1.3852179e-01;2.4750000e+02;1.6503811e-01;2.4750000e+02;1.9782260e-01;2.4750000e+02;2.2795552e-01;2.4750000e+02;2.3796801e-01;2.4750000e+02;2.3785242e-01;2.4750000e+02;2.2975937e-01;2.4750000e+02;2.1424480e-01;2.4750000e+02;1.7041959e-02;2.4750000e+02;2.2364456e-02;2.4750000e+02;3.0302836e-02;2.4750000e+02;4.0488016e-02;2.4750000e+02;5.2415326e-02;2.4750000e+02;6.5990068e-02;2.4750000e+02;8.1314109e-02;2.4750000e+02;9.8039128e-02;2.4750000e+02;1.1394221e-01;2.4750000e+02;1.2714805e-01;2.4750000e+02;1.3852179e-01;2.4750000e+02;1.6503811e-01;2.4750000e+02;1.9782260e-01;2.4750000e+02;2.2795552e-01;2.4750000e+02;2.3796801e-01;2.4750000e+02;2.3785242e-01;2.4750000e+02;2.2975937e-01;2.4750000e+02;2.1424480e-01;2.4750000e+02;1.7041959e-02;2.4750000e+02;2.2364456e-02;2.4750000e+02;3.0302836e-02;2.4750000e+02;4.0488016e-02;2.4750000e+02;5.2415326e-02;2.4750000e+02;6.5990068e-02;2.4750000e+02;8.1314109e-02;2.4750000e+02;9.8039128e-02;2.4750000e+02;1.1394221e-01;2.4750000e+02;1.2714805e-01;2.4750000e+02;1.3852179e-01;2.4750000e+02;1.6503811e-01;2.4750000e+02;1.9782260e-01;2.4750000e+02;2.2795552e-01;2.4750000e+02;2.3796801e-01;2.4750000e+02;2.3785242e-01;2.4750000e+02;2.2975937e-01;2.4750000e+02;2.1424480e-01
2.5250000e+02;1.8517906e-02;2.5250000e+02;2.4673142e-02;2.5250000e+02;3.3209063e-02;2.5250000e+02;4.4062763e-02;2.5250000e+02;5.6624107e-02;2.5250000e+02;7.0812836e-02;2.5250000e+02;8.7012351e-02;2.5250000e+02;1.0372602e-01;2.5250000e+02;1.2048702e-01;2.5250000e+02;1.3427277e-01;2.5250000e+02;1.4743626e-01;2.5250000e+02;1.7515989e-01;2.5250000e+02;2.0717597e-01;2.5250000e+02;2.3312742e-01;2.5250000e+02;2.4022841e-01;2.5250000e+02;2.3781553e-01;2.5250000e+02;2.2753364e-01;2.5250000e+02;2.1007395e-01;2.5250000e+02;1.8517906e-02;2.5250000e+02;2.4673142e-02;2.5250000e+02;3.3209063e-02;2.5250000e+02;4.4062763e-02;2.5250000e+02;5.6624107e-02;2.5250000e+02;7.0812836e-02;2.5250000e+02;8.7012351e-02;2.5250000e+02;1.0372602e-01;2.5250000e+02;1.2048702e-01;2.5250000e+02;1.3427277e-01;2.5250000e+02;1.4743626e-01;2.5250000e+02;1.7515989e-01;2.5250000e+02;2.0717597e-01;2.5250000e+02;2.3312742e-01;2.5250000e+02;2.4022841e-01;2.5250000e+02;2.3781553e-01;2.5250000e+02;2.2753364e-01;2.5250000e+02;2.1007395e-01;2.5250000e+02;1.8517906e-02;2.5250000e+02;2.4673142e-02;2.5250000e+02;3.3209063e-02;2.5250000e+02;4.4062763e-02;2.5250000e+02;5.6624107e-02;2.5250000e+02;7.0812836e-02;2.5250000e+02;8.7012351e-02;2.5250000e+02;1.0372602e-01;2.5250000e+02;1.2048702e-01;2.5250000e+02;1.3427277e-01;2.5250000e+02;1.4743626e-01;2.5250000e+02;1.7515989e-01;2.5250000e+02;2.0717597e-01;2.5250000e+02;2.3312742e-01;2.5250000e+02;2.4022841e-01;2.5250000e+02;2.3781553e-01;2.5250000e+02;2.2753364e-01;2.5250000e+02;2.1007395e-01;2.5250000e+02;1.8517906e-02;2.5250000e+02;2.4673142e-02;2.5250000e+02;3.3209063e-02;2.5250000e+02;4.4062763e-02;2.5250000e+02;5.6624107e-02;2.5250000e+02;7.0812836e-02;2.5250000e+02;8.7012351e-02;2.5250000e+02;1.0372602e-01;2.5250000e+02;1.2048702e-01;2.5250000e+02;1.3427277e-01;2.5250000e+02;1.4743626e-01;2.5250000e+02;1.7515989e-01;2.5250000e+02;2.0717597e-01;2.5250000e+02;2.3312742e-01;2.5250000e+02;2.4022841e-01;2.5250000e+02;2.3781553e-01;2.5250000e+02;2.2753364e-01;2.5250000e+02;2.1007395e-01;2.5250000e+02;1.8517906e-02;2.5250000e+02;2.4673142e-02;2.5250000e+02;3.3209063e-02;2.5250000e+02;4.4062763e-02;2.5250000e+02;5.6624107e-02;2.5250000e+02;7.0812836e-02;2.5250000e+02;8.7012351e-02;2.5250000e+02;1.0372602e-01;2.5250000e+02;1.2048702e-01;2.5250000e+02;1.3427277e-01;2.5250000e+02;1.4743626e-01;2.5250000e+02;1.7515989e-01;2.5250000e+02;2.0717597e-01;2.5250000e+02;2.3312742e-01;2.5250000e+02;2.4022841e-01;2.5250000e+02;2.3781553e-01;2.5250000e+02;2.2753364e-01;2.5250000e+02;2.1007395e-01;2.5250000e+02;1.8517906e-02;2.5250000e+02;2.4673142e-02;2.5250000e+02;3.3209063e-02;2.5250000e+02;4.4062763e-02;2.5250000e+02;5.6624107e-02;2.5250000e+02;7.0812836e-02;2.5250000e+02;8.7012351e-02;2.5250000e+02;1.0372602e-01;2.5250000e+02;1.2048702e-01;2.5250000e+02;1.3427277e-01;2.5250000e+02;1.4743626e-01;2.5250000e+02;1.7515989e-01;2.5250000e+02;2.0717597e-01;2.5250000e+02;2.3312742e-01;2.5250000e+02;2.4022841e-01;2.5250000e+02;2.3781553e-01;2.5250000e+02;2.2753364e-01;2.5250000e+02;2.1007395e-01;2.5250000e+02;1.8517906e-02;2.5250000e+02;2.4673142e-02;2.5250000e+02;3.3209063e-02;2.5250000e+02;4.4062763e-02;2.5250000e+02;5.6624107e-02;2.5250000e+02;7.0812836e-02;2.5250000e+02;8.7012351e-02;2.5250000e+02;1.0372602e-01;2.5250000e+02;1.2048702e-01;2.5250000e+02;1.3427277e-01;2.5250000e+02;1.4743626e-01;2.5250000e+02;1.7515989e-01;2.5250000e+02;2.0717597e-01;2.5250000e+02;2.3312742e-01;2.5250000e+02;2.4022841e-01;2.5250000e+02;2.3781553e-01;2.5250000e+02;2.2753364e-01;2.5250000e+02;2.1007395e-01;2.5250000e+02;1.8517906e-02;2.5250000e+02;2.4673142e-02;2.5250000e+02;3.3209063e-02;2.5250000e+02;4.4062763e-02;2.5250000e+02;5.6624107e-02;2.5250000e+02;7.0812836e-02;2.5250000e+02;8.7012351e-02;2.5250000e+02;1.0372602e-01;2.5250000e+02;1.2048702e-01;2.5250000e+02;1.3427277e-01;2.5250000e+02;1.4743626e-01;2.5250000e+02;1.7515989e-01;2.5250000e+02;2.0717597e-01;2.5250000e+02;2.3312742e-01;2.5250000e+02;2.4022841e-01;2.5250000e+02;2.3781553e-01;2.5250000e+02;2.2753364e-01;2.5250000e+02;2.1007395e-01;2.5250000e+02;1.8517906e-02;2.5250000e+02;2.4673142e-02;2.5250000e+02;3.3209063e-02;2.5250000e+02;4.4062763e-02;2.5250000e+02;5.6624107e-02;2.5250000e+02;7.0812836e-02;2.5250000e+02;8.7012351e-02;2.5250000e+02;1.0372602e-01;2.5250000e+02;1.2048702e-01;2.5250000e+02;1.3427277e-01;2.5250000e+02;1.4743626e-01;2.5250000e+02;1.7515989e-01;2.5250000e+02;2.0717597e-01;2.5250000e+02;2.3312742e-01;2.5250000e+02;2.4022841e-01;2.5250000e+02;2.3781553e-01;2.5250000e+02;2.2753364e-01;2.5250000e+02;2.1007395e-01;2.5250000e+02;1.8517906e-02;2.5250000e+02;2.4673142e-02;2.5250000e+02;3.3209063e-02;2.5250000e+02;4.4062763e-02;2.5250000e+02;5.6624107e-02;2.5250000e+02;7.0812836e-02;2.5250000e+02;8.7012351e-02;2.5250000e+02;1.0372602e-01;2.5250000e+02;1.2048702e-01;2.5250000e+02;1.3427277e-01;2.5250000e+02;1.4743626e-01;2.5250000e+02;1.7515989e-01;2.5250000e+02;2.0717597e-01;2.5250000e+02;2.3312742e-01;2.5250000e+02;2.4022841e-01;2.5250000e+02;2.3781553e-01;2.5250000e+02;2.2753364e-01;2.5250000e+02;2.1007395e-01;2.5250000e+02;1.8517906e-02;2.5250000e+02;2.4673142e-02;2.5250000e+02;3.3209063e-02;2.5250000e+02;4.4062763e-02;2.5250000e+02;5.6624107e-02;2.5250000e+02;7.0812836e-02;2.5250000e+02;8.7012351e-02;2.5250000e+02;1.0372602e-01;2.5250000e+02;1.2048702e-01;2.5250000e+02;1.3427277e-01;2.5250000e+02;1.4743626e-01;2.5250000e+02;1.7515989e-01;2.5250000e+02;2.0717597e-01;2.5250000e+02;2.3312742e-01;2.5250000e+02;2.4022841e-01;2.5250000e+02;2.3781553e-01;2.5250000e+02;2.2753364e-01;2.5250000e+02;2.1007395e-01;2.5250000e+02;1.8517906e-02;2.5250000e+02;2.4673142e-02;2.5250000e+02;3.3209063e-02;2.5250000e+02;4.4062763e-02;2.5250000e+02;5.6624107e-02;2.5250000e+02;7.0812836e-02;2.5250000e+02;8.7012351e-02;2.5250000e+02;1.0372602e-01;2.5250000e+02;1.2048702e-01;2.5250000e+02;1.3427277e-01;2.5250000e+02;1.4743626e-01;2.5250000e+02;1.7515989e-01;2.5250000e+02;2.0717597e-01;2.5250000e+02;2.3312742e-01;2.5250000e+02;2.4022841e-01;2.5250000e+02;2.3781553e-01;2.5250000e+02;2.2753364e-01;2.5250000e+02;2.1007395e-01;2.5250000e+02;1.8517906e-02;2.5250000e+02;2.4673142e-02;2.5250000e+02;3.3209063e-02;2.5250000e+02;4.4062763e-02;2.5250000e+02;5.6624107e-02;2.5250000e+02;7.0812836e-02;2.5250000e+02;8.7012351e-02;2.5250000e+02;1.0372602e-01;2.5250000e+02;1.2048702e-01;2.5250000e+02;1.3427277e-01;2.5250000e+02;1.4743626e-01;2.5250000e+02;1.7515989e-01;2.5250000e+02;2.0717597e-01;2.5250000e+02;2.3312742e-01;2.5250000e+02;2.4022841e-01;2.5250000e+02;2.3781553e-01;2.5250000e+02;2.2753364e-01;2.5250000e+02;2.1007395e-01;2.5250000e+02;1.8517906e-02;2.5250000e+02;2.4673142e-02;2.5250000e+02;3.3209063e-02;2.5250000e+02;4.4062763e-02;2.5250000e+02;5.6624107e-02;2.5250000e+02;7.0812836e-02;2.5250000e+02;8.7012351e-02;2.5250000e+02;1.0372602e-01;2.5250000e+02;1.2048702e-01;2.5250000e+02;1.3427277e-01;2.5250000e+02;1.4743626e-01;2.5250000e+02;1.7515989e-01;2.5250000e+02;2.0717597e-01;2.5250000e+02;2.3312742e-01;2.5250000e+02;2.4022841e-01;2.5250000e+02;2.3781553e-01;2.5250000e+02;2.2753364e-01;2.5250000e+02;2.1007395e-01;2.5250000e+02;1.8517906e-02;2.5250000e+02;2.4673142e-02;2.5250000e+02;3.3209063e-02;2.5250000e+02;4.4062763e-02;2.5250000e+02;5.6624107e-02;2.5250000e+02;7.0812836e-02;2.5250000e+02;8.7012351e-02;2.5250000e+02;1.0372602e-01;2.5250000e+02;1.2048702e-01;2.5250000e+02;1.3427277e-01;2.5250000e+02;1.4743626e-01;2.5250000e+02;1.7515989e-01;2.5250000e+02;2.0717597e-01;2.5250000e+02;2.3312742e-01;2.5250000e+02;2.4022841e-01;2.5250000e+02;2.3781553e-01;2.5250000e+02;2.2753364e-01;2.5250000e+02;2.1007395e-01;2.5250000e+02;1.8517906e-02;2.5250000e+02;2.4673142e-02;2.5250000e+02;3.3209063e-02;2.5250000e+02;4.4062763e-02;2.5250000e+02;5.6624107e-02;2.5250000e+02;7.0812836e-02;2.5250000e+02;8.7012351e-02;2.5250000e+02;1.0372602e-01;2.5250000e+02;1.2048702e-01;2.5250000e+02;1.3427277e-01;2.5250000e+02;1.4743626e-01;2.5250000e+02;1.7515989e-01;2.5250000e+02;2.0717597e-01;2.5250000e+02;2.3312742e-01;2.5250000e+02;2.4022841e-01;2.5250000e+02;2.3781553e-01;2.5250000e+02;2.2753364e-01;2.5250000e+02;2.1007395e-01;2.5250000e+02;1.8517906e-02;2.5250000e+02;2.4673142e-02;2.5250000e+02;3.3209063e-02;2.5250000e+02;4.4062763e-02;2.5250000e+02;5.6624107e-02;2.5250000e+02;7.0812836e-02;2.5250000e+02;8.7012351e-02;2.5250000e+02;1.0372602e-01;2.5250000e+02;1.2048702e-01;2.5250000e+02;1.3427277e-01;2.5250000e+02;1.4743626e-01;2.5250000e+02;1.7515989e-01;2.5250000e+02;2.0717597e-01;2.5250000e+02;2.3312742e-01;2.5250000e+02;2.4022841e-01;2.5250000e+02;2.3781553e-01;2.5250000e+02;2.2753364e-01;2.5250000e+02;2.1007395e-01;2.5250000e+02;1.8517906e-02;2.5250000e+02;2.4673142e-02;2.5250000e+02;3.3209063e-02;2.5250000e+02;4.4062763e-02;2.5250000e+02;5.6624107e-02;2.5250000e+02;7.0812836e-02;2.5250000e+02;8.7012351e-02;2.5250000e+02;1.0372602e-01;2.5250000e+02;1.2048702e-01;2.5250000e+02;1.3427277e-01;2.5250000e+02;1.4743626e-01;2.5250000e+02;1.7515989e-01;2.5250000e+02;2.0717597e-01;2.5250000e+02;2.3312742e-01;2.5250000e+02;2.4022841e-01;2.5250000e+02;2.3781553e-01;2.5250000e+02;2.2753364e-01;2.5250000e+02;2.1007395e-01;2.5250000e+02;1.8517906e-02;2.5250000e+02;2.4673142e-02;2.5250000e+02;3.3209063e-02;2.5250000e+02;4.4062763e-02;2.5250000e+02;5.6624107e-02;2.5250000e+02;7.0812836e-02;2.5250000e+02;8.7012351e-02;2.5250000e+02;1.0372602e-01;2.5250000e+02;1.2048702e-01;2.5250000e+02;1.3427277e-01;2.5250000e+02;1.4743626e-01;2.5250000e+02;1.7515989e-01;2.5250000e+02;2.0717597e-01;2.5250000e+02;2.3312742e-01;2.5250000e+02;2.4022841e-01;2.5250000e+02;2.3781553e-01;2.5250000e+02;2.2753364e-01;2.5250000e+02;2.1007395e-01;2.5250000e+02;1.8517906e-02;2.5250000e+02;2.4673142e-02;2.5250000e+02;3.3209063e-02;2.5250000e+02;4.4062763e-02;2.5250000e+02;5.6624107e-02;2.5250000e+02;7.0812836e-02;2.5250000e+02;8.7012351e-02;2.5250000e+02;1.0372602e-01;2.5250000e+02;1.2048702e-01;2.5250000e+02;1.3427277e-01;2.5250000e+02;1.4743626e-01;2.5250000e+02;1.7515989e-01;2.5250000e+02;2.0717597e-01;2.5250000e+02;2.3312742e-01;2.5250000e+02;2.4022841e-01;2.5250000e+02;2.3781553e-01;2.5250000e+02;2.2753364e-01;2.5250000e+02;2.1007395e-01;2.5250000e+02;1.8517906e-02;2.5250000e+02;2.4673142e-02;2.5250000e+02;3.3209063e-02;2.5250000e+02;4.4062763e-02;2.5250000e+02;5.6624107e-02;2.5250000e+02;7.0812836e-02;2.5250000e+02;8.7012351e-02;2.5250000e+02;1.0372602e-01;2.5250000e+02;1.2048702e-01;2.5250000e+02;1.3427277e-01;2.5250000e+02;1.4743626e-01;2.5250000e+02;1.7515989e-01;2.5250000e+02;2.0717597e-01;2.5250000e+02;2.3312742e-01;2.5250000e+02;2.4022841e-01;2.5250000e+02;2.3781553e-01;2.5250000e+02;2.2753364e-01;2.5250000e+02;2.1007395e-01;2.5250000e+02;1.8517906e-02;2.5250000e+02;2.4673142e-02;2.5250000e+02;3.3209063e-02;2.5250000e+02;4.4062763e-02;2.5250000e+02;5.6624107e-02;2.5250000e+02;7.0812836e-02;2.5250000e+02;8.7012351e-02;2.5250000e+02;1.0372602e-01;2.5250000e+02;1.2048702e-01;2.5250000e+02;1.3427277e-01;2.5250000e+02;1.4743626e-01;2.5250000e+02;1.7515989e-01;2.5250000e+02;2.0717597e-01;2.5250000e+02;2.3312742e-01;2.5250000e+02;2.4022841e-01;2.5250000e+02;2.3781553e-01;2.5250000e+02;2.2753364e-01;2.5250000e+02;2.1007395e-01;2.5250000e+02;1.8517906e-02;2.5250000e+02;2.4673142e-02;2.5250000e+02;3.3209063e-02;2.5250000e+02;4.4062763e-02;2.5250000e+02;5.6624107e-02;2.5250000e+02;7.0812836e-02;2.5250000e+02;8.7012351e-02;2.5250000e+02;1.0372602e-01;2.5250000e+02;1.2048702e-01;2.5250000e+02;1.3427277e-01;2.5250000e+02;1.4743626e-01;2.5250000e+02;1.7515989e-01;2.5250000e+02;2.0717597e-01;2.5250000e+02;2.3312742e-01;2.5250000e+02;2.4022841e-01;2.5250000e+02;2.3781553e-01;2.5250000e+02;2.2753364e-01;2.5250000e+02;2.1007395e-01;2.5250000e+02;1.8517906e-02;2.5250000e+02;2.4673142e-02;2.5250000e+02;3.3209063e-02;2.5250000e+02;4.4062763e-02;2.5250000e+02;5.6624107e-02;2.5250000e+02;7.0812836e-02;2.5250000e+02;8.7012351e-02;2.5250000e+02;1.0372602e-01;2.5250000e+02;1.2048702e-01;2.5250000e+02;1.3427277e-01;2.5250000e+02;1.4743626e-01;2.5250000e+02;1.7515989e-01;2.5250000e+02;2.0717597e-01;2.5250000e+02;2.3312742e-01;2.5250000e+02;2.4022841e-01;2.5250000e+02;2.3781553e-01;2.5250000e+02;2.2753364e-01;2.5250000e+02;2.1007395e-01;2.5250000e+02;1.8517906e-02;2.5250000e+02;2.4673142e-02;2.5250000e+02;3.3209063e-02;2.5250000e+02;4.4062763e-02;2.5250000e+02;5.6624107e-02;2.5250000e+02;7.0812836e-02;2.5250000e+02;8.7012351e-02;2.5250000e+02;1.0372602e-01;2.5250000e+02;1.2048702e-01;2.5250000e+02;1.3427277e-01;2.5250000e+02;1.4743626e-01;2.5250000e+02;1.7515989e-01;2.5250000e+02;2.0717597e-01;2.5250000e+02;2.3312742e-01;2.5250000e+02;2.4022841e-01;2.5250000e+02;2.3781553e-01;2.5250000e+02;2.2753364e-01;2.5250000e+02;2.1007395e-01;2.5250000e+02;1.8517906e-02;2.5250000e+02;2.4673142e-02;2.5250000e+02;3.3209063e-02;2.5250000e+02;4.4062763e-02;2.5250000e+02;5.6624107e-02;2.5250000e+02;7.0812836e-02;2.5250000e+02;8.7012351e-02;2.5250000e+02;1.0372602e-01;2.5250000e+02;1.2048702e-01;2.5250000e+02;1.3427277e-01;2.5250000e+02;1.4743626e-01;2.5250000e+02;1.7515989e-01;2.5250000e+02;2.0717597e-01;2.5250000e+02;2.3312742e-01;2.5250000e+02;2.4022841e-01;2.5250000e+02;2.3781553e-01;2.5250000e+02;2.2753364e-01;2.5250000e+02;2.1007395e-01;2.5250000e+02;1.8517906e-02;2.5250000e+02;2.4673142e-02;2.5250000e+02;3.3209063e-02;2.5250000e+02;4.4062763e-02;2.5250000e+02;5.6624107e-02;2.5250000e+02;7.0812836e-02;2.5250000e+02;8.7012351e-02;2.5250000e+02;1.0372602e-01;2.5250000e+02;1.2048702e-01;2.5250000e+02;1.3427277e-01;2.5250000e+02;1.4743626e-01;2.5250000e+02;1.7515989e-01;2.5250000e+02;2.0717597e-01;2.5250000e+02;2.3312742e-01;2.5250000e+02;2.4022841e-01;2.5250000e+02;2.3781553e-01;2.5250000e+02;2.2753364e-01;2.5250000e+02;2.1007395e-01;2.5250000e+02;1.8517906e-02;2.5250000e+02;2.4673142e-02;2.5250000e+02;3.3209063e-02;2.5250000e+02;4.4062763e-02;2.5250000e+02;5.6624107e-02;2.5250000e+02;7.0812836e-02;2.5250000e+02;8.7012351e-02;2.5250000e+02;1.0372602e-01;2.5250000e+02;1.2048702e-01;2.5250000e+02;1.3427277e-01;2.5250000e+02;1.4743626e-01;2.5250000e+02;1.7515989e-01;2.5250000e+02;2.0717597e-01;2.5250000e+02;2.3312742e-01;2.5250000e+02;2.4022841e-01;2.5250000e+02;2.3781553e-01;2.5250000e+02;2.2753364e-01;2.5250000e+02;2.1007395e-01;2.5250000e+02;1.8517906e-02;2.5250000e+02;2.4673142e-02;2.5250000e+02;3.3209063e-02;2.5250000e+02;4.4062763e-02;2.5250000e+02;5.6624107e-02;2.5250000e+02;7.0812836e-02;2.5250000e+02;8.7012351e-02;2.5250000e+02;1.0372602e-01;2.5250000e+02;1.2048702e-01;2.5250000e+02;1.3427277e-01;2.5250000e+02;1.4743626e-01;2.5250000e+02;1.7515989e-01;2.5250000e+02;2.0717597e-01;2.5250000e+02;2.3312742e-01;2.5250000e+02;2.4022841e-01;2.5250000e+02;2.3781553e-01;2.5250000e+02;2.2753364e-01;2.5250000e+02;2.1007395e-01;2.5250000e+02;1.8517906e-02;2.5250000e+02;2.4673142e-02;2.5250000e+02;3.3209063e-02;2.5250000e+02;4.4062763e-02;2.5250000e+02;5.6624107e-02;2.5250000e+02;7.0812836e-02;2.5250000e+02;8.7012351e-02;2.5250000e+02;1.0372602e-01;2.5250000e+02;1.2048702e-01;2.5250000e+02;1.3427277e-01;2.5250000e+02;1.4743626e-01;2.5250000e+02;1.7515989e-01;2.5250000e+02;2.0717597e-01;2.5250000e+02;2.3312742e-01;2.5250000e+02;2.4022841e-01;2.5250000e+02;2.3781553e-01;2.5250000e+02;2.2753364e-01;2.5250000e+02;2.1007395e-01;2.5250000e+02;1.8517906e-02;2.5250000e+02;2.4673142e-02;2.5250000e+02;3.3209063e-02;2.5250000e+02;4.4062763e-02;2.5250000e+02;5.6624107e-02;2.5250000e+02;7.0812836e-02;2.5250000e+02;8.7012351e-02;2.5250000e+02;1.0372602e-01;2.5250000e+02;1.2048702e-01;2.5250000e+02;1.3427277e-01;2.5250000e+02;1.4743626e-01;2.5250000e+02;1.7515989e-01;2.5250000e+02;2.0717597e-01;2.5250000e+02;2.3312742e-01;2.5250000e+02;2.4022841e-01;2.5250000e+02;2.3781553e-01;2.5250000e+02;2.2753364e-01;2.5250000e+02;2.1007395e-01;2.5250000e+02;1.8517906e-02;2.5250000e+02;2.4673142e-02;2.5250000e+02;3.3209063e-02;2.5250000e+02;4.4062763e-02;2.5250000e+02;5.6624107e-02;2.5250000e+02;7.0812836e-02;2.5250000e+02;8.7012351e-02;2.5250000e+02;1.0372602e-01;2.5250000e+02;1.2048702e-01;2.5250000e+02;1.3427277e-01;2.5250000e+02;1.4743626e-01;2.5250000e+02;1.7515989e-01;2.5250000e+02;2.0717597e-01;2.5250000e+02;2.3312742e-01;2.5250000e+02;2.4022841e-01;2.5250000e+02;2.3781553e-01;2.5250000e+02;2.2753364e-01;2.5250000e+02;2.1007395e-01;2.5250000e+02;1.8517906e-02;2.5250000e+02;2.4673142e-02;2.5250000e+02;3.3209063e-02;2.5250000e+02;4.4062763e-02;2.5250000e+02;5.6624107e-02;2.5250000e+02;7.0812836e-02;2.5250000e+02;8.7012351e-02;2.5250000e+02;1.0372602e-01;2.5250000e+02;1.2048702e-01;2.5250000e+02;1.3427277e-01;2.5250000e+02;1.4743626e-01;2.5250000e+02;1.7515989e-01;2.5250000e+02;2.0717597e-01;2.5250000e+02;2.3312742e-01;2.5250000e+02;2.4022841e-01;2.5250000e+02;2.3781553e-01;2.5250000e+02;2.2753364e-01;2.5250000e+02;2.1007395e-01;2.5250000e+02;1.8517906e-02;2.5250000e+02;2.4673142e-02;2.5250000e+02;3.3209063e-02;2.5250000e+02;4.4062763e-02;2.5250000e+02;5.6624107e-02;2.5250000e+02;7.0812836e-02;2.5250000e+02;8.7012351e-02;2.5250000e+02;1.0372602e-01;2.5250000e+02;1.2048702e-01;2.5250000e+02;1.3427277e-01;2.5250000e+02;1.4743626e-01;2.5250000e+02;1.7515989e-01;2.5250000e+02;2.0717597e-01;2.5250000e+02;2.3312742e-01;2.5250000e+02;2.4022841e-01;2.5250000e+02;2.3781553e-01;2.5250000e+02;2.2753364e-01;2.5250000e+02;2.1007395e-01;2.5250000e+02;1.8517906e-02;2.5250000e+02;2.4673142e-02;2.5250000e+02;3.3209063e-02;2.5250000e+02;4.4062763e-02;2.5250000e+02;5.6624107e-02;2.5250000e+02;7.0812836e-02;2.5250000e+02;8.7012351e-02;2.5250000e+02;1.0372602e-01;2.5250000e+02;1.2048702e-01;2.5250000e+02;1.3427277e-01;2.5250000e+02;1.4743626e-01;2.5250000e+02;1.7515989e-01;2.5250000e+02;2.0717597e-01;2.5250000e+02;2.3312742e-01;2.5250000e+02;2.4022841e-01;2.5250000e+02;2.3781553e-01;2.5250000e+02;2.2753364e-01;2.5250000e+02;2.1007395e-01;2.5250000e+02;1.8517906e-02;2.5250000e+02;2.4673142e-02;2.5250000e+02;3.3209063e-02;2.5250000e+02;4.4062763e-02;2.5250000e+02;5.6624107e-02;2.5250000e+02;7.0812836e-02;2.5250000e+02;8.7012351e-02;2.5250000e+02;1.0372602e-01;2.5250000e+02;1.2048702e-01;2.5250000e+02;1.3427277e-01;2.5250000e+02;1.4743626e-01;2.5250000e+02;1.7515989e-01;2.5250000e+02;2.0717597e-01;2.5250000e+02;2.3312742e-01;2.5250000e+02;2.4022841e-01;2.5250000e+02;2.3781553e-01;2.5250000e+02;2.2753364e-01;2.5250000e+02;2.1007395e-01;2.5250000e+02;1.8517906e-02;2.5250000e+02;2.4673142e-02;2.5250000e+02;3.3209063e-02;2.5250000e+02;4.4062763e-02;2.5250000e+02;5.6624107e-02;2.5250000e+02;7.0812836e-02;2.5250000e+02;8.7012351e-02;2.5250000e+02;1.0372602e-01;2.5250000e+02;1.2048702e-01;2.5250000e+02;1.3427277e-01;2.5250000e+02;1.4743626e-01;2.5250000e+02;1.7515989e-01;2.5250000e+02;2.0717597e-01;2.5250000e+02;2.3312742e-01;2.5250000e+02;2.4022841e-01;2.5250000e+02;2.3781553e-01;2.5250000e+02;2.2753364e-01;2.5250000e+02;2.1007395e-01;2.5250000e+02;1.8517906e-02;2.5250000e+02;2.4673142e-02;2.5250000e+02;3.3209063e-02;2.5250000e+02;4.4062763e-02;2.5250000e+02;5.6624107e-02;2.5250000e+02;7.0812836e-02;2.5250000e+02;8.7012351e-02;2.5250000e+02;1.0372602e-01;2.5250000e+02;1.2048702e-01;2.5250000e+02;1.3427277e-01;2.5250000e+02;1.4743626e-01;2.5250000e+02;1.7515989e-01;2.5250000e+02;2.0717597e-01;2.5250000e+02;2.3312742e-01;2.5250000e+02;2.4022841e-01;2.5250000e+02;2.3781553e-01;2.5250000e+02;2.2753364e-01;2.5250000e+02;2.1007395e-01;2.5250000e+02;1.8517906e-02;2.5250000e+02;2.4673142e-02;2.5250000e+02;3.3209063e-02;2.5250000e+02;4.4062763e-02;2.5250000e+02;5.6624107e-02;2.5250000e+02;7.0812836e-02;2.5250000e+02;8.7012351e-02;2.5250000e+02;1.0372602e-01;2.5250000e+02;1.2048702e-01;2.5250000e+02;1.3427277e-01;2.5250000e+02;1.4743626e-01;2.5250000e+02;1.7515989e-01;2.5250000e+02;2.0717597e-01;2.5250000e+02;2.3312742e-01;2.5250000e+02;2.4022841e-01;2.5250000e+02;2.3781553e-01;2.5250000e+02;2.2753364e-01;2.5250000e+02;2.1007395e-01;2.5250000e+02;1.8517906e-02;2.5250000e+02;2.4673142e-02;2.5250000e+02;3.3209063e-02;2.5250000e+02;4.4062763e-02;2.5250000e+02;5.6624107e-02;2.5250000e+02;7.0812836e-02;2.5250000e+02;8.7012351e-02;2.5250000e+02;1.0372602e-01;2.5250000e+02;1.2048702e-01;2.5250000e+02;1.3427277e-01;2.5250000e+02;1.4743626e-01;2.5250000e+02;1.7515989e-01;2.5250000e+02;2.0717597e-01;2.5250000e+02;2.3312742e-01;2.5250000e+02;2.4022841e-01;2.5250000e+02;2.3781553e-01;2.5250000e+02;2.2753364e-01;2.5250000e+02;2.1007395e-01;2.5250000e+02;1.8517906e-02;2.5250000e+02;2.4673142e-02;2.5250000e+02;3.3209063e-02;2.5250000e+02;4.4062763e-02;2.5250000e+02;5.6624107e-02;2.5250000e+02;7.0812836e-02;2.5250000e+02;8.7012351e-02;2.5250000e+02;1.0372602e-01;2.5250000e+02;1.2048702e-01;2.5250000e+02;1.3427277e-01;2.5250000e+02;1.4743626e-01;2.5250000e+02;1.7515989e-01;2.5250000e+02;2.0717597e-01;2.5250000e+02;2.3312742e-01;2.5250000e+02;2.4022841e-01;2.5250000e+02;2.3781553e-01;2.5250000e+02;2.2753364e-01;2.5250000e+02;2.1007395e-01;2.5250000e+02;1.8517906e-02;2.5250000e+02;2.4673142e-02;2.5250000e+02;3.3209063e-02;2.5250000e+02;4.4062763e-02;2.5250000e+02;5.6624107e-02;2.5250000e+02;7.0812836e-02;2.5250000e+02;8.7012351e-02;2.5250000e+02;1.0372602e-01;2.5250000e+02;1.2048702e-01;2.5250000e+02;1.3427277e-01;2.5250000e+02;1.4743626e-01;2.5250000e+02;1.7515989e-01;2.5250000e+02;2.0717597e-01;2.5250000e+02;2.3312742e-01;2.5250000e+02;2.4022841e-01;2.5250000e+02;2.3781553e-01;2.5250000e+02;2.2753364e-01;2.5250000e+02;2.1007395e-01;2.5250000e+02;1.8517906e-02;2.5250000e+02;2.4673142e-02;2.5250000e+02;3.3209063e-02;2.5250000e+02;4.4062763e-02;2.5250000e+02;5.6624107e-02;2.5250000e+02;7.0812836e-02;2.5250000e+02;8.7012351e-02;2.5250000e+02;1.0372602e-01;2.5250000e+02;1.2048702e-01;2.5250000e+02;1.3427277e-01;2.5250000e+02;1.4743626e-01;2.5250000e+02;1.7515989e-01;2.5250000e+02;2.0717597e-01;2.5250000e+02;2.3312742e-01;2.5250000e+02;2.4022841e-01;2.5250000e+02;2.3781553e-01;2.5250000e+02;2.2753364e-01;2.5250000e+02;2.1007395e-01;2.5250000e+02;1.8517906e-02;2.5250000e+02;2.4673142e-02;2.5250000e+02;3.3209063e-02;2.5250000e+02;4.4062763e-02;2.5250000e+02;5.6624107e-02;2.5250000e+02;7.0812836e-02;2.5250000e+02;8.7012351e-02;2.5250000e+02;1.0372602e-01;2.5250000e+02;1.2048702e-01;2.5250000e+02;1.3427277e-01;2.5250000e+02;1.4743626e-01;2.5250000e+02;1.7515989e-01;2.5250000e+02;2.0717597e-01;2.5250000e+02;2.3312742e-01;2.5250000e+02;2.4022841e-01;2.5250000e+02;2.3781553e-01;2.5250000e+02;2.2753364e-01;2.5250000e+02;2.1007395e-01;2.5250000e+02;1.8517906e-02;2.5250000e+02;2.4673142e-02;2.5250000e+02;3.3209063e-02;2.5250000e+02;4.4062763e-02;2.5250000e+02;5.6624107e-02;2.5250000e+02;7.0812836e-02;2.5250000e+02;8.7012351e-02;2.5250000e+02;1.0372602e-01;2.5250000e+02;1.2048702e-01;2.5250000e+02;1.3427277e-01;2.5250000e+02;1.4743626e-01;2.5250000e+02;1.7515989e-01;2.5250000e+02;2.0717597e-01;2.5250000e+02;2.3312742e-01;2.5250000e+02;2.4022841e-01;2.5250000e+02;2.3781553e-01;2.5250000e+02;2.2753364e-01;2.5250000e+02;2.1007395e-01;2.5250000e+02;1.8517906e-02;2.5250000e+02;2.4673142e-02;2.5250000e+02;3.3209063e-02;2.5250000e+02;4.4062763e-02;2.5250000e+02;5.6624107e-02;2.5250000e+02;7.0812836e-02;2.5250000e+02;8.7012351e-02;2.5250000e+02;1.0372602e-01;2.5250000e+02;1.2048702e-01;2.5250000e+02;1.3427277e-01;2.5250000e+02;1.4743626e-01;2.5250000e+02;1.7515989e-01;2.5250000e+02;2.0717597e-01;2.5250000e+02;2.3312742e-01;2.5250000e+02;2.4022841e-01;2.5250000e+02;2.3781553e-01;2.5250000e+02;2.2753364e-01;2.5250000e+02;2.1007395e-01;2.5250000e+02;1.8517906e-02;2.5250000e+02;2.4673142e-02;2.5250000e+02;3.3209063e-02;2.5250000e+02;4.4062763e-02;2.5250000e+02;5.6624107e-02;2.5250000e+02;7.0812836e-02;2.5250000e+02;8.7012351e-02;2.5250000e+02;1.0372602e-01;2.5250000e+02;1.2048702e-01;2.5250000e+02;1.3427277e-01;2.5250000e+02;1.4743626e-01;2.5250000e+02;1.7515989e-01;2.5250000e+02;2.0717597e-01;2.5250000e+02;2.3312742e-01;2.5250000e+02;2.4022841e-01;2.5250000e+02;2.3781553e-01;2.5250000e+02;2.2753364e-01;2.5250000e+02;2.1007395e-01;2.5250000e+02;1.8517906e-02;2.5250000e+02;2.4673142e-02;2.5250000e+02;3.3209063e-02;2.5250000e+02;4.4062763e-02;2.5250000e+02;5.6624107e-02;2.5250000e+02;7.0812836e-02;2.5250000e+02;8.7012351e-02;2.5250000e+02;1.0372602e-01;2.5250000e+02;1.2048702e-01;2.5250000e+02;1.3427277e-01;2.5250000e+02;1.4743626e-01;2.5250000e+02;1.7515989e-01;2.5250000e+02;2.0717597e-01;2.5250000e+02;2.3312742e-01;2.5250000e+02;2.4022841e-01;2.5250000e+02;2.3781553e-01;2.5250000e+02;2.2753364e-01;2.5250000e+02;2.1007395e-01;2.5250000e+02;1.8517906e-02;2.5250000e+02;2.4673142e-02;2.5250000e+02;3.3209063e-02;2.5250000e+02;4.4062763e-02;2.5250000e+02;5.6624107e-02;2.5250000e+02;7.0812836e-02;2.5250000e+02;8.7012351e-02;2.5250000e+02;1.0372602e-01;2.5250000e+02;1.2048702e-01;2.5250000e+02;1.3427277e-01;2.5250000e+02;1.4743626e-01;2.5250000e+02;1.7515989e-01;2.5250000e+02;2.0717597e-01;2.5250000e+02;2.3312742e-01;2.5250000e+02;2.4022841e-01;2.5250000e+02;2.3781553e-01;2.5250000e+02;2.2753364e-01;2.5250000e+02;2.1007395e-01;2.5250000e+02;1.8517906e-02;2.5250000e+02;2.4673142e-02;2.5250000e+02;3.3209063e-02;2.5250000e+02;4.4062763e-02;2.5250000e+02;5.6624107e-02;2.5250000e+02;7.0812836e-02;2.5250000e+02;8.7012351e-02;2.5250000e+02;1.0372602e-01;2.5250000e+02;1.2048702e-01;2.5250000e+02;1.3427277e-01;2.5250000e+02;1.4743626e-01;2.5250000e+02;1.7515989e-01;2.5250000e+02;2.0717597e-01;2.5250000e+02;2.3312742e-01;2.5250000e+02;2.4022841e-01;2.5250000e+02;2.3781553e-01;2.5250000e+02;2.2753364e-01;2.5250000e+02;2.1007395e-01;2.5250000e+02;1.8517906e-02;2.5250000e+02;2.4673142e-02;2.5250000e+02;3.3209063e-02;2.5250000e+02;4.4062763e-02;2.5250000e+02;5.6624107e-02;2.5250000e+02;7.0812836e-02;2.5250000e+02;8.7012351e-02;2.5250000e+02;1.0372602e-01;2.5250000e+02;1.2048702e-01;2.5250000e+02;1.3427277e-01;2.5250000e+02;1.4743626e-01;2.5250000e+02;1.7515989e-01;2.5250000e+02;2.0717597e-01;2.5250000e+02;2.3312742e-01;2.5250000e+02;2.4022841e-01;2.5250000e+02;2.3781553e-01;2.5250000e+02;2.2753364e-01;2.5250000e+02;2.1007395e-01;2.5250000e+02;1.8517906e-02;2.5250000e+02;2.4673142e-02;2.5250000e+02;3.3209063e-02;2.5250000e+02;4.4062763e-02;2.5250000e+02;5.6624107e-02;2.5250000e+02;7.0812836e-02;2.5250000e+02;8.7012351e-02;2.5250000e+02;1.0372602e-01;2.5250000e+02;1.2048702e-01;2.5250000e+02;1.3427277e-01;2.5250000e+02;1.4743626e-01;2.5250000e+02;1.7515989e-01;2.5250000e+02;2.0717597e-01;2.5250000e+02;2.3312742e-01;2.5250000e+02;2.4022841e-01;2.5250000e+02;2.3781553e-01;2.5250000e+02;2.2753364e-01;2.5250000e+02;2.1007395e-01;2.5250000e+02;1.8517906e-02;2.5250000e+02;2.4673142e-02;2.5250000e+02;3.3209063e-02;2.5250000e+02;4.4062763e-02;2.5250000e+02;5.6624107e-02;2.5250000e+02;7.0812836e-02;2.5250000e+02;8.7012351e-02;2.5250000e+02;1.0372602e-01;2.5250000e+02;1.2048702e-01;2.5250000e+02;1.3427277e-01;2.5250000e+02;1.4743626e-01;2.5250000e+02;1.7515989e-01;2.5250000e+02;2.0717597e-01;2.5250000e+02;2.3312742e-01;2.5250000e+02;2.4022841e-01;2.5250000e+02;2.3781553e-01;2.5250000e+02;2.2753364e-01;2.5250000e+02;2.1007395e-01;2.5250000e+02;1.8517906e-02;2.5250000e+02;2.4673142e-02;2.5250000e+02;3.3209063e-02;2.5250000e+02;4.4062763e-02;2.5250000e+02;5.6624107e-02;2.5250000e+02;7.0812836e-02;2.5250000e+02;8.7012351e-02;2.5250000e+02;1.0372602e-01;2.5250000e+02;1.2048702e-01;2.5250000e+02;1.3427277e-01;2.5250000e+02;1.4743626e-01;2.5250000e+02;1.7515989e-01;2.5250000e+02;2.0717597e-01;2.5250000e+02;2.3312742e-01;2.5250000e+02;2.4022841e-01;2.5250000e+02;2.3781553e-01;2.5250000e+02;2.2753364e-01;2.5250000e+02;2.1007395e-01;2.5250000e+02;1.8517906e-02;2.5250000e+02;2.4673142e-02;2.5250000e+02;3.3209063e-02;2.5250000e+02;4.4062763e-02;2.5250000e+02;5.6624107e-02;2.5250000e+02;7.0812836e-02;2.5250000e+02;8.7012351e-02;2.5250000e+02;1.0372602e-01;2.5250000e+02;1.2048702e-01;2.5250000e+02;1.3427277e-01;2.5250000e+02;1.4743626e-01;2.5250000e+02;1.7515989e-01;2.5250000e+02;2.0717597e-01;2.5250000e+02;2.3312742e-01;2.5250000e+02;2.4022841e-01;2.5250000e+02;2.3781553e-01;2.5250000e+02;2.2753364e-01;2.5250000e+02;2.1007395e-01;2.5250000e+02;1.8517906e-02;2.5250000e+02;2.4673142e-02;2.5250000e+02;3.3209063e-02;2.5250000e+02;4.4062763e-02;2.5250000e+02;5.6624107e-02;2.5250000e+02;7.0812836e-02;2.5250000e+02;8.7012351e-02;2.5250000e+02;1.0372602e-01;2.5250000e+02;1.2048702e-01;2.5250000e+02;1.3427277e-01;2.5250000e+02;1.4743626e-01;2.5250000e+02;1.7515989e-01;2.5250000e+02;2.0717597e-01;2.5250000e+02;2.3312742e-01;2.5250000e+02;2.4022841e-01;2.5250000e+02;2.3781553e-01;2.5250000e+02;2.2753364e-01;2.5250000e+02;2.1007395e-01;2.5250000e+02;1.8517906e-02;2.5250000e+02;2.4673142e-02;2.5250000e+02;3.3209063e-02;2.5250000e+02;4.4062763e-02;2.5250000e+02;5.6624107e-02;2.5250000e+02;7.0812836e-02;2.5250000e+02;8.7012351e-02;2.5250000e+02;1.0372602e-01;2.5250000e+02;1.2048702e-01;2.5250000e+02;1.3427277e-01;2.5250000e+02;1.4743626e-01;2.5250000e+02;1.7515989e-01;2.5250000e+02;2.0717597e-01;2.5250000e+02;2.3312742e-01;2.5250000e+02;2.4022841e-01;2.5250000e+02;2.3781553e-01;2.5250000e+02;2.2753364e-01;2.5250000e+02;2.1007395e-01;2.5250000e+02;1.8517906e-02;2.5250000e+02;2.4673142e-02;2.5250000e+02;3.3209063e-02;2.5250000e+02;4.4062763e-02;2.5250000e+02;5.6624107e-02;2.5250000e+02;7.0812836e-02;2.5250000e+02;8.7012351e-02;2.5250000e+02;1.0372602e-01;2.5250000e+02;1.2048702e-01;2.5250000e+02;1.3427277e-01;2.5250000e+02;1.4743626e-01;2.5250000e+02;1.7515989e-01;2.5250000e+02;2.0717597e-01;2.5250000e+02;2.3312742e-01;2.5250000e+02;2.4022841e-01;2.5250000e+02;2.3781553e-01;2.5250000e+02;2.2753364e-01;2.5250000e+02;2.1007395e-01;2.5250000e+02;1.8517906e-02;2.5250000e+02;2.4673142e-02;2.5250000e+02;3.3209063e-02;2.5250000e+02;4.4062763e-02;2.5250000e+02;5.6624107e-02;2.5250000e+02;7.0812836e-02;2.5250000e+02;8.7012351e-02;2.5250000e+02;1.0372602e-01;2.5250000e+02;1.2048702e-01;2.5250000e+02;1.3427277e-01;2.5250000e+02;1.4743626e-01;2.5250000e+02;1.7515989e-01;2.5250000e+02;2.0717597e-01;2.5250000e+02;2.3312742e-01;2.5250000e+02;2.4022841e-01;2.5250000e+02;2.3781553e-01;2.5250000e+02;2.2753364e-01;2.5250000e+02;2.1007395e-01;2.5250000e+02;1.8517906e-02;2.5250000e+02;2.4673142e-02;2.5250000e+02;3.3209063e-02;2.5250000e+02;4.4062763e-02;2.5250000e+02;5.6624107e-02;2.5250000e+02;7.0812836e-02;2.5250000e+02;8.7012351e-02;2.5250000e+02;1.0372602e-01;2.5250000e+02;1.2048702e-01;2.5250000e+02;1.3427277e-01;2.5250000e+02;1.4743626e-01;2.5250000e+02;1.7515989e-01;2.5250000e+02;2.0717597e-01;2.5250000e+02;2.3312742e-01;2.5250000e+02;2.4022841e-01;2.5250000e+02;2.3781553e-01;2.5250000e+02;2.2753364e-01;2.5250000e+02;2.1007395e-01;2.5250000e+02;1.8517906e-02;2.5250000e+02;2.4673142e-02;2.5250000e+02;3.3209063e-02;2.5250000e+02;4.4062763e-02;2.5250000e+02;5.6624107e-02;2.5250000e+02;7.0812836e-02;2.5250000e+02;8.7012351e-02;2.5250000e+02;1.0372602e-01;2.5250000e+02;1.2048702e-01;2.5250000e+02;1.3427277e-01;2.5250000e+02;1.4743626e-01;2.5250000e+02;1.7515989e-01;2.5250000e+02;2.0717597e-01;2.5250000e+02;2.3312742e-01;2.5250000e+02;2.4022841e-01;2.5250000e+02;2.3781553e-01;2.5250000e+02;2.2753364e-01;2.5250000e+02;2.1007395e-01;2.5250000e+02;1.8517906e-02;2.5250000e+02;2.4673142e-02;2.5250000e+02;3.3209063e-02;2.5250000e+02;4.4062763e-02;2.5250000e+02;5.6624107e-02;2.5250000e+02;7.0812836e-02;2.5250000e+02;8.7012351e-02;2.5250000e+02;1.0372602e-01;2.5250000e+02;1.2048702e-01;2.5250000e+02;1.3427277e-01;2.5250000e+02;1.4743626e-01;2.5250000e+02;1.7515989e-01;2.5250000e+02;2.0717597e-01;2.5250000e+02;2.3312742e-01;2.5250000e+02;2.4022841e-01;2.5250000e+02;2.3781553e-01;2.5250000e+02;2.2753364e-01;2.5250000e+02;2.1007395e-01;2.5250000e+02;1.8517906e-02;2.5250000e+02;2.4673142e-02;2.5250000e+02;3.3209063e-02;2.5250000e+02;4.4062763e-02;2.5250000e+02;5.6624107e-02;2.5250000e+02;7.0812836e-02;2.5250000e+02;8.7012351e-02;2.5250000e+02;1.0372602e-01;2.5250000e+02;1.2048702e-01;2.5250000e+02;1.3427277e-01;2.5250000e+02;1.4743626e-01;2.5250000e+02;1.7515989e-01;2.5250000e+02;2.0717597e-01;2.5250000e+02;2.3312742e-01;2.5250000e+02;2.4022841e-01;2.5250000e+02;2.3781553e-01;2.5250000e+02;2.2753364e-01;2.5250000e+02;2.1007395e-01;2.5250000e+02;1.8517906e-02;2.5250000e+02;2.4673142e-02;2.5250000e+02;3.3209063e-02;2.5250000e+02;4.4062763e-02;2.5250000e+02;5.6624107e-02;2.5250000e+02;7.0812836e-02;2.5250000e+02;8.7012351e-02;2.5250000e+02;1.0372602e-01;2.5250000e+02;1.2048702e-01;2.5250000e+02;1.3427277e-01;2.5250000e+02;1.4743626e-01;2.5250000e+02;1.7515989e-01;2.5250000e+02;2.0717597e-01;2.5250000e+02;2.3312742e-01;2.5250000e+02;2.4022841e-01;2.5250000e+02;2.3781553e-01;2.5250000e+02;2.2753364e-01;2.5250000e+02;2.1007395e-01;2.5250000e+02;1.8517906e-02;2.5250000e+02;2.4673142e-02;2.5250000e+02;3.3209063e-02;2.5250000e+02;4.4062763e-02;2.5250000e+02;5.6624107e-02;2.5250000e+02;7.0812836e-02;2.5250000e+02;8.7012351e-02;2.5250000e+02;1.0372602e-01;2.5250000e+02;1.2048702e-01;2.5250000e+02;1.3427277e-01;2.5250000e+02;1.4743626e-01;2.5250000e+02;1.7515989e-01;2.5250000e+02;2.0717597e-01;2.5250000e+02;2.3312742e-01;2.5250000e+02;2.4022841e-01;2.5250000e+02;2.3781553e-01;2.5250000e+02;2.2753364e-01;2.5250000e+02;2.1007395e-01;2.5250000e+02;1.8517906e-02;2.5250000e+02;2.4673142e-02;2.5250000e+02;3.3209063e-02;2.5250000e+02;4.4062763e-02;2.5250000e+02;5.6624107e-02;2.5250000e+02;7.0812836e-02;2.5250000e+02;8.7012351e-02;2.5250000e+02;1.0372602e-01;2.5250000e+02;1.2048702e-01;2.5250000e+02;1.3427277e-01;2.5250000e+02;1.4743626e-01;2.5250000e+02;1.7515989e-01;2.5250000e+02;2.0717597e-01;2.5250000e+02;2.3312742e-01;2.5250000e+02;2.4022841e-01;2.5250000e+02;2.3781553e-01;2.5250000e+02;2.2753364e-01;2.5250000e+02;2.1007395e-01;2.5250000e+02;1.8517906e-02;2.5250000e+02;2.4673142e-02;2.5250000e+02;3.3209063e-02;2.5250000e+02;4.4062763e-02;2.5250000e+02;5.6624107e-02;2.5250000e+02;7.0812836e-02;2.5250000e+02;8.7012351e-02;2.5250000e+02;1.0372602e-01;2.5250000e+02;1.2048702e-01;2.5250000e+02;1.3427277e-01;2.5250000e+02;1.4743626e-01;2.5250000e+02;1.7515989e-01;2.5250000e+02;2.0717597e-01;2.5250000e+02;2.3312742e-01;2.5250000e+02;2.4022841e-01;2.5250000e+02;2.3781553e-01;2.5250000e+02;2.2753364e-01;2.5250000e+02;2.1007395e-01;2.5250000e+02;1.8517906e-02;2.5250000e+02;2.4673142e-02;2.5250000e+02;3.3209063e-02;2.5250000e+02;4.4062763e-02;2.5250000e+02;5.6624107e-02;2.5250000e+02;7.0812836e-02;2.5250000e+02;8.7012351e-02;2.5250000e+02;1.0372602e-01;2.5250000e+02;1.2048702e-01;2.5250000e+02;1.3427277e-01;2.5250000e+02;1.4743626e-01;2.5250000e+02;1.7515989e-01;2.5250000e+02;2.0717597e-01;2.5250000e+02;2.3312742e-01;2.5250000e+02;2.4022841e-01;2.5250000e+02;2.3781553e-01;2.5250000e+02;2.2753364e-01;2.5250000e+02;2.1007395e-01;2.5250000e+02;1.8517906e-02;2.5250000e+02;2.4673142e-02;2.5250000e+02;3.3209063e-02;2.5250000e+02;4.4062763e-02;2.5250000e+02;5.6624107e-02;2.5250000e+02;7.0812836e-02;2.5250000e+02;8.7012351e-02;2.5250000e+02;1.0372602e-01;2.5250000e+02;1.2048702e-01;2.5250000e+02;1.3427277e-01;2.5250000e+02;1.4743626e-01;2.5250000e+02;1.7515989e-01;2.5250000e+02;2.0717597e-01;2.5250000e+02;2.3312742e-01;2.5250000e+02;2.4022841e-01;2.5250000e+02;2.3781553e-01;2.5250000e+02;2.2753364e-01;2.5250000e+02;2.1007395e-01;2.5250000e+02;1.8517906e-02;2.5250000e+02;2.4673142e-02;2.5250000e+02;3.3209063e-02;2.5250000e+02;4.4062763e-02;2.5250000e+02;5.6624107e-02;2.5250000e+02;7.0812836e-02;2.5250000e+02;8.7012351e-02;2.5250000e+02;1.0372602e-01;2.5250000e+02;1.2048702e-01;2.5250000e+02;1.3427277e-01;2.5250000e+02;1.4743626e-01;2.5250000e+02;1.7515989e-01;2.5250000e+02;2.0717597e-01;2.5250000e+02;2.3312742e-01;2.5250000e+02;2.4022841e-01;2.5250000e+02;2.3781553e-01;2.5250000e+02;2.2753364e-01;2.5250000e+02;2.1007395e-01;2.5250000e+02;1.8517906e-02;2.5250000e+02;2.4673142e-02;2.5250000e+02;3.3209063e-02;2.5250000e+02;4.4062763e-02;2.5250000e+02;5.6624107e-02;2.5250000e+02;7.0812836e-02;2.5250000e+02;8.7012351e-02;2.5250000e+02;1.0372602e-01;2.5250000e+02;1.2048702e-01;2.5250000e+02;1.3427277e-01;2.5250000e+02;1.4743626e-01;2.5250000e+02;1.7515989e-01;2.5250000e+02;2.0717597e-01;2.5250000e+02;2.3312742e-01;2.5250000e+02;2.4022841e-01;2.5250000e+02;2.3781553e-01;2.5250000e+02;2.2753364e-01;2.5250000e+02;2.1007395e-01;2.5250000e+02;1.8517906e-02;2.5250000e+02;2.4673142e-02;2.5250000e+02;3.3209063e-02;2.5250000e+02;4.4062763e-02;2.5250000e+02;5.6624107e-02;2.5250000e+02;7.0812836e-02;2.5250000e+02;8.7012351e-02;2.5250000e+02;1.0372602e-01;2.5250000e+02;1.2048702e-01;2.5250000e+02;1.3427277e-01;2.5250000e+02;1.4743626e-01;2.5250000e+02;1.7515989e-01;2.5250000e+02;2.0717597e-01;2.5250000e+02;2.3312742e-01;2.5250000e+02;2.4022841e-01;2.5250000e+02;2.3781553e-01;2.5250000e+02;2.2753364e-01;2.5250000e+02;2.1007395e-01;2.5250000e+02;1.8517906e-02;2.5250000e+02;2.4673142e-02;2.5250000e+02;3.3209063e-02;2.5250000e+02;4.4062763e-02;2.5250000e+02;5.6624107e-02;2.5250000e+02;7.0812836e-02;2.5250000e+02;8.7012351e-02;2.5250000e+02;1.0372602e-01;2.5250000e+02;1.2048702e-01;2.5250000e+02;1.3427277e-01;2.5250000e+02;1.4743626e-01;2.5250000e+02;1.7515989e-01;2.5250000e+02;2.0717597e-01;2.5250000e+02;2.3312742e-01;2.5250000e+02;2.4022841e-01;2.5250000e+02;2.3781553e-01;2.5250000e+02;2.2753364e-01;2.5250000e+02;2.1007395e-01
2.5750000e+02;1.9121939e-02;2.5750000e+02;2.7333826e-02;2.5750000e+02;3.7502546e-02;2.5750000e+02;4.9536794e-02;2.5750000e+02;6.3304342e-02;2.5750000e+02;7.8823000e-02;2.5750000e+02;9.5482752e-02;2.5750000e+02;1.1246911e-01;2.5750000e+02;1.3026083e-01;2.5750000e+02;1.4404303e-01;2.5750000e+02;1.5959994e-01;2.5750000e+02;1.8760948e-01;2.5750000e+02;2.1817677e-01;2.5750000e+02;2.3949024e-01;2.5750000e+02;2.4341750e-01;2.5750000e+02;2.3878407e-01;2.5750000e+02;2.2656044e-01;2.5750000e+02;2.0726871e-01;2.5750000e+02;1.9121939e-02;2.5750000e+02;2.7333826e-02;2.5750000e+02;3.7502546e-02;2.5750000e+02;4.9536794e-02;2.5750000e+02;6.3304342e-02;2.5750000e+02;7.8823000e-02;2.5750000e+02;9.5482752e-02;2.5750000e+02;1.1246911e-01;2.5750000e+02;1.3026083e-01;2.5750000e+02;1.4404303e-01;2.5750000e+02;1.5959994e-01;2.5750000e+02;1.8760948e-01;2.5750000e+02;2.1817677e-01;2.5750000e+02;2.3949024e-01;2.5750000e+02;2.4341750e-01;2.5750000e+02;2.3878407e-01;2.5750000e+02;2.2656044e-01;2.5750000e+02;2.0726871e-01;2.5750000e+02;1.9121939e-02;2.5750000e+02;2.7333826e-02;2.5750000e+02;3.7502546e-02;2.5750000e+02;4.9536794e-02;2.5750000e+02;6.3304342e-02;2.5750000e+02;7.8823000e-02;2.5750000e+02;9.5482752e-02;2.5750000e+02;1.1246911e-01;2.5750000e+02;1.3026083e-01;2.5750000e+02;1.4404303e-01;2.5750000e+02;1.5959994e-01;2.5750000e+02;1.8760948e-01;2.5750000e+02;2.1817677e-01;2.5750000e+02;2.3949024e-01;2.5750000e+02;2.4341750e-01;2.5750000e+02;2.3878407e-01;2.5750000e+02;2.2656044e-01;2.5750000e+02;2.0726871e-01;2.5750000e+02;1.9121939e-02;2.5750000e+02;2.7333826e-02;2.5750000e+02;3.7502546e-02;2.5750000e+02;4.9536794e-02;2.5750000e+02;6.3304342e-02;2.5750000e+02;7.8823000e-02;2.5750000e+02;9.5482752e-02;2.5750000e+02;1.1246911e-01;2.5750000e+02;1.3026083e-01;2.5750000e+02;1.4404303e-01;2.5750000e+02;1.5959994e-01;2.5750000e+02;1.8760948e-01;2.5750000e+02;2.1817677e-01;2.5750000e+02;2.3949024e-01;2.5750000e+02;2.4341750e-01;2.5750000e+02;2.3878407e-01;2.5750000e+02;2.2656044e-01;2.5750000e+02;2.0726871e-01;2.5750000e+02;1.9121939e-02;2.5750000e+02;2.7333826e-02;2.5750000e+02;3.7502546e-02;2.5750000e+02;4.9536794e-02;2.5750000e+02;6.3304342e-02;2.5750000e+02;7.8823000e-02;2.5750000e+02;9.5482752e-02;2.5750000e+02;1.1246911e-01;2.5750000e+02;1.3026083e-01;2.5750000e+02;1.4404303e-01;2.5750000e+02;1.5959994e-01;2.5750000e+02;1.8760948e-01;2.5750000e+02;2.1817677e-01;2.5750000e+02;2.3949024e-01;2.5750000e+02;2.4341750e-01;2.5750000e+02;2.3878407e-01;2.5750000e+02;2.2656044e-01;2.5750000e+02;2.0726871e-01;2.5750000e+02;1.9121939e-02;2.5750000e+02;2.7333826e-02;2.5750000e+02;3.7502546e-02;2.5750000e+02;4.9536794e-02;2.5750000e+02;6.3304342e-02;2.5750000e+02;7.8823000e-02;2.5750000e+02;9.5482752e-02;2.5750000e+02;1.1246911e-01;2.5750000e+02;1.3026083e-01;2.5750000e+02;1.4404303e-01;2.5750000e+02;1.5959994e-01;2.5750000e+02;1.8760948e-01;2.5750000e+02;2.1817677e-01;2.5750000e+02;2.3949024e-01;2.5750000e+02;2.4341750e-01;2.5750000e+02;2.3878407e-01;2.5750000e+02;2.2656044e-01;2.5750000e+02;2.0726871e-01;2.5750000e+02;1.9121939e-02;2.5750000e+02;2.7333826e-02;2.5750000e+02;3.7502546e-02;2.5750000e+02;4.9536794e-02;2.5750000e+02;6.3304342e-02;2.5750000e+02;7.8823000e-02;2.5750000e+02;9.5482752e-02;2.5750000e+02;1.1246911e-01;2.5750000e+02;1.3026083e-01;2.5750000e+02;1.4404303e-01;2.5750000e+02;1.5959994e-01;2.5750000e+02;1.8760948e-01;2.5750000e+02;2.1817677e-01;2.5750000e+02;2.3949024e-01;2.5750000e+02;2.4341750e-01;2.5750000e+02;2.3878407e-01;2.5750000e+02;2.2656044e-01;2.5750000e+02;2.0726871e-01;2.5750000e+02;1.9121939e-02;2.5750000e+02;2.7333826e-02;2.5750000e+02;3.7502546e-02;2.5750000e+02;4.9536794e-02;2.5750000e+02;6.3304342e-02;2.5750000e+02;7.8823000e-02;2.5750000e+02;9.5482752e-02;2.5750000e+02;1.1246911e-01;2.5750000e+02;1.3026083e-01;2.5750000e+02;1.4404303e-01;2.5750000e+02;1.5959994e-01;2.5750000e+02;1.8760948e-01;2.5750000e+02;2.1817677e-01;2.5750000e+02;2.3949024e-01;2.5750000e+02;2.4341750e-01;2.5750000e+02;2.3878407e-01;2.5750000e+02;2.2656044e-01;2.5750000e+02;2.0726871e-01;2.5750000e+02;1.9121939e-02;2.5750000e+02;2.7333826e-02;2.5750000e+02;3.7502546e-02;2.5750000e+02;4.9536794e-02;2.5750000e+02;6.3304342e-02;2.5750000e+02;7.8823000e-02;2.5750000e+02;9.5482752e-02;2.5750000e+02;1.1246911e-01;2.5750000e+02;1.3026083e-01;2.5750000e+02;1.4404303e-01;2.5750000e+02;1.5959994e-01;2.5750000e+02;1.8760948e-01;2.5750000e+02;2.1817677e-01;2.5750000e+02;2.3949024e-01;2.5750000e+02;2.4341750e-01;2.5750000e+02;2.3878407e-01;2.5750000e+02;2.2656044e-01;2.5750000e+02;2.0726871e-01;2.5750000e+02;1.9121939e-02;2.5750000e+02;2.7333826e-02;2.5750000e+02;3.7502546e-02;2.5750000e+02;4.9536794e-02;2.5750000e+02;6.3304342e-02;2.5750000e+02;7.8823000e-02;2.5750000e+02;9.5482752e-02;2.5750000e+02;1.1246911e-01;2.5750000e+02;1.3026083e-01;2.5750000e+02;1.4404303e-01;2.5750000e+02;1.5959994e-01;2.5750000e+02;1.8760948e-01;2.5750000e+02;2.1817677e-01;2.5750000e+02;2.3949024e-01;2.5750000e+02;2.4341750e-01;2.5750000e+02;2.3878407e-01;2.5750000e+02;2.2656044e-01;2.5750000e+02;2.0726871e-01;2.5750000e+02;1.9121939e-02;2.5750000e+02;2.7333826e-02;2.5750000e+02;3.7502546e-02;2.5750000e+02;4.9536794e-02;2.5750000e+02;6.3304342e-02;2.5750000e+02;7.8823000e-02;2.5750000e+02;9.5482752e-02;2.5750000e+02;1.1246911e-01;2.5750000e+02;1.3026083e-01;2.5750000e+02;1.4404303e-01;2.5750000e+02;1.5959994e-01;2.5750000e+02;1.8760948e-01;2.5750000e+02;2.1817677e-01;2.5750000e+02;2.3949024e-01;2.5750000e+02;2.4341750e-01;2.5750000e+02;2.3878407e-01;2.5750000e+02;2.2656044e-01;2.5750000e+02;2.0726871e-01;2.5750000e+02;1.9121939e-02;2.5750000e+02;2.7333826e-02;2.5750000e+02;3.7502546e-02;2.5750000e+02;4.9536794e-02;2.5750000e+02;6.3304342e-02;2.5750000e+02;7.8823000e-02;2.5750000e+02;9.5482752e-02;2.5750000e+02;1.1246911e-01;2.5750000e+02;1.3026083e-01;2.5750000e+02;1.4404303e-01;2.5750000e+02;1.5959994e-01;2.5750000e+02;1.8760948e-01;2.5750000e+02;2.1817677e-01;2.5750000e+02;2.3949024e-01;2.5750000e+02;2.4341750e-01;2.5750000e+02;2.3878407e-01;2.5750000e+02;2.2656044e-01;2.5750000e+02;2.0726871e-01;2.5750000e+02;1.9121939e-02;2.5750000e+02;2.7333826e-02;2.5750000e+02;3.7502546e-02;2.5750000e+02;4.9536794e-02;2.5750000e+02;6.3304342e-02;2.5750000e+02;7.8823000e-02;2.5750000e+02;9.5482752e-02;2.5750000e+02;1.1246911e-01;2.5750000e+02;1.3026083e-01;2.5750000e+02;1.4404303e-01;2.5750000e+02;1.5959994e-01;2.5750000e+02;1.8760948e-01;2.5750000e+02;2.1817677e-01;2.5750000e+02;2.3949024e-01;2.5750000e+02;2.4341750e-01;2.5750000e+02;2.3878407e-01;2.5750000e+02;2.2656044e-01;2.5750000e+02;2.0726871e-01;2.5750000e+02;1.9121939e-02;2.5750000e+02;2.7333826e-02;2.5750000e+02;3.7502546e-02;2.5750000e+02;4.9536794e-02;2.5750000e+02;6.3304342e-02;2.5750000e+02;7.8823000e-02;2.5750000e+02;9.5482752e-02;2.5750000e+02;1.1246911e-01;2.5750000e+02;1.3026083e-01;2.5750000e+02;1.4404303e-01;2.5750000e+02;1.5959994e-01;2.5750000e+02;1.8760948e-01;2.5750000e+02;2.1817677e-01;2.5750000e+02;2.3949024e-01;2.5750000e+02;2.4341750e-01;2.5750000e+02;2.3878407e-01;2.5750000e+02;2.2656044e-01;2.5750000e+02;2.0726871e-01;2.5750000e+02;1.9121939e-02;2.5750000e+02;2.7333826e-02;2.5750000e+02;3.7502546e-02;2.5750000e+02;4.9536794e-02;2.5750000e+02;6.3304342e-02;2.5750000e+02;7.8823000e-02;2.5750000e+02;9.5482752e-02;2.5750000e+02;1.1246911e-01;2.5750000e+02;1.3026083e-01;2.5750000e+02;1.4404303e-01;2.5750000e+02;1.5959994e-01;2.5750000e+02;1.8760948e-01;2.5750000e+02;2.1817677e-01;2.5750000e+02;2.3949024e-01;2.5750000e+02;2.4341750e-01;2.5750000e+02;2.3878407e-01;2.5750000e+02;2.2656044e-01;2.5750000e+02;2.0726871e-01;2.5750000e+02;1.9121939e-02;2.5750000e+02;2.7333826e-02;2.5750000e+02;3.7502546e-02;2.5750000e+02;4.9536794e-02;2.5750000e+02;6.3304342e-02;2.5750000e+02;7.8823000e-02;2.5750000e+02;9.5482752e-02;2.5750000e+02;1.1246911e-01;2.5750000e+02;1.3026083e-01;2.5750000e+02;1.4404303e-01;2.5750000e+02;1.5959994e-01;2.5750000e+02;1.8760948e-01;2.5750000e+02;2.1817677e-01;2.5750000e+02;2.3949024e-01;2.5750000e+02;2.4341750e-01;2.5750000e+02;2.3878407e-01;2.5750000e+02;2.2656044e-01;2.5750000e+02;2.0726871e-01;2.5750000e+02;1.9121939e-02;2.5750000e+02;2.7333826e-02;2.5750000e+02;3.7502546e-02;2.5750000e+02;4.9536794e-02;2.5750000e+02;6.3304342e-02;2.5750000e+02;7.8823000e-02;2.5750000e+02;9.5482752e-02;2.5750000e+02;1.1246911e-01;2.5750000e+02;1.3026083e-01;2.5750000e+02;1.4404303e-01;2.5750000e+02;1.5959994e-01;2.5750000e+02;1.8760948e-01;2.5750000e+02;2.1817677e-01;2.5750000e+02;2.3949024e-01;2.5750000e+02;2.4341750e-01;2.5750000e+02;2.3878407e-01;2.5750000e+02;2.2656044e-01;2.5750000e+02;2.0726871e-01;2.5750000e+02;1.9121939e-02;2.5750000e+02;2.7333826e-02;2.5750000e+02;3.7502546e-02;2.5750000e+02;4.9536794e-02;2.5750000e+02;6.3304342e-02;2.5750000e+02;7.8823000e-02;2.5750000e+02;9.5482752e-02;2.5750000e+02;1.1246911e-01;2.5750000e+02;1.3026083e-01;2.5750000e+02;1.4404303e-01;2.5750000e+02;1.5959994e-01;2.5750000e+02;1.8760948e-01;2.5750000e+02;2.1817677e-01;2.5750000e+02;2.3949024e-01;2.5750000e+02;2.4341750e-01;2.5750000e+02;2.3878407e-01;2.5750000e+02;2.2656044e-01;2.5750000e+02;2.0726871e-01;2.5750000e+02;1.9121939e-02;2.5750000e+02;2.7333826e-02;2.5750000e+02;3.7502546e-02;2.5750000e+02;4.9536794e-02;2.5750000e+02;6.3304342e-02;2.5750000e+02;7.8823000e-02;2.5750000e+02;9.5482752e-02;2.5750000e+02;1.1246911e-01;2.5750000e+02;1.3026083e-01;2.5750000e+02;1.4404303e-01;2.5750000e+02;1.5959994e-01;2.5750000e+02;1.8760948e-01;2.5750000e+02;2.1817677e-01;2.5750000e+02;2.3949024e-01;2.5750000e+02;2.4341750e-01;2.5750000e+02;2.3878407e-01;2.5750000e+02;2.2656044e-01;2.5750000e+02;2.0726871e-01;2.5750000e+02;1.9121939e-02;2.5750000e+02;2.7333826e-02;2.5750000e+02;3.7502546e-02;2.5750000e+02;4.9536794e-02;2.5750000e+02;6.3304342e-02;2.5750000e+02;7.8823000e-02;2.5750000e+02;9.5482752e-02;2.5750000e+02;1.1246911e-01;2.5750000e+02;1.3026083e-01;2.5750000e+02;1.4404303e-01;2.5750000e+02;1.5959994e-01;2.5750000e+02;1.8760948e-01;2.5750000e+02;2.1817677e-01;2.5750000e+02;2.3949024e-01;2.5750000e+02;2.4341750e-01;2.5750000e+02;2.3878407e-01;2.5750000e+02;2.2656044e-01;2.5750000e+02;2.0726871e-01;2.5750000e+02;1.9121939e-02;2.5750000e+02;2.7333826e-02;2.5750000e+02;3.7502546e-02;2.5750000e+02;4.9536794e-02;2.5750000e+02;6.3304342e-02;2.5750000e+02;7.8823000e-02;2.5750000e+02;9.5482752e-02;2.5750000e+02;1.1246911e-01;2.5750000e+02;1.3026083e-01;2.5750000e+02;1.4404303e-01;2.5750000e+02;1.5959994e-01;2.5750000e+02;1.8760948e-01;2.5750000e+02;2.1817677e-01;2.5750000e+02;2.3949024e-01;2.5750000e+02;2.4341750e-01;2.5750000e+02;2.3878407e-01;2.5750000e+02;2.2656044e-01;2.5750000e+02;2.0726871e-01;2.5750000e+02;1.9121939e-02;2.5750000e+02;2.7333826e-02;2.5750000e+02;3.7502546e-02;2.5750000e+02;4.9536794e-02;2.5750000e+02;6.3304342e-02;2.5750000e+02;7.8823000e-02;2.5750000e+02;9.5482752e-02;2.5750000e+02;1.1246911e-01;2.5750000e+02;1.3026083e-01;2.5750000e+02;1.4404303e-01;2.5750000e+02;1.5959994e-01;2.5750000e+02;1.8760948e-01;2.5750000e+02;2.1817677e-01;2.5750000e+02;2.3949024e-01;2.5750000e+02;2.4341750e-01;2.5750000e+02;2.3878407e-01;2.5750000e+02;2.2656044e-01;2.5750000e+02;2.0726871e-01;2.5750000e+02;1.9121939e-02;2.5750000e+02;2.7333826e-02;2.5750000e+02;3.7502546e-02;2.5750000e+02;4.9536794e-02;2.5750000e+02;6.3304342e-02;2.5750000e+02;7.8823000e-02;2.5750000e+02;9.5482752e-02;2.5750000e+02;1.1246911e-01;2.5750000e+02;1.3026083e-01;2.5750000e+02;1.4404303e-01;2.5750000e+02;1.5959994e-01;2.5750000e+02;1.8760948e-01;2.5750000e+02;2.1817677e-01;2.5750000e+02;2.3949024e-01;2.5750000e+02;2.4341750e-01;2.5750000e+02;2.3878407e-01;2.5750000e+02;2.2656044e-01;2.5750000e+02;2.0726871e-01;2.5750000e+02;1.9121939e-02;2.5750000e+02;2.7333826e-02;2.5750000e+02;3.7502546e-02;2.5750000e+02;4.9536794e-02;2.5750000e+02;6.3304342e-02;2.5750000e+02;7.8823000e-02;2.5750000e+02;9.5482752e-02;2.5750000e+02;1.1246911e-01;2.5750000e+02;1.3026083e-01;2.5750000e+02;1.4404303e-01;2.5750000e+02;1.5959994e-01;2.5750000e+02;1.8760948e-01;2.5750000e+02;2.1817677e-01;2.5750000e+02;2.3949024e-01;2.5750000e+02;2.4341750e-01;2.5750000e+02;2.3878407e-01;2.5750000e+02;2.2656044e-01;2.5750000e+02;2.0726871e-01;2.5750000e+02;1.9121939e-02;2.5750000e+02;2.7333826e-02;2.5750000e+02;3.7502546e-02;2.5750000e+02;4.9536794e-02;2.5750000e+02;6.3304342e-02;2.5750000e+02;7.8823000e-02;2.5750000e+02;9.5482752e-02;2.5750000e+02;1.1246911e-01;2.5750000e+02;1.3026083e-01;2.5750000e+02;1.4404303e-01;2.5750000e+02;1.5959994e-01;2.5750000e+02;1.8760948e-01;2.5750000e+02;2.1817677e-01;2.5750000e+02;2.3949024e-01;2.5750000e+02;2.4341750e-01;2.5750000e+02;2.3878407e-01;2.5750000e+02;2.2656044e-01;2.5750000e+02;2.0726871e-01;2.5750000e+02;1.9121939e-02;2.5750000e+02;2.7333826e-02;2.5750000e+02;3.7502546e-02;2.5750000e+02;4.9536794e-02;2.5750000e+02;6.3304342e-02;2.5750000e+02;7.8823000e-02;2.5750000e+02;9.5482752e-02;2.5750000e+02;1.1246911e-01;2.5750000e+02;1.3026083e-01;2.5750000e+02;1.4404303e-01;2.5750000e+02;1.5959994e-01;2.5750000e+02;1.8760948e-01;2.5750000e+02;2.1817677e-01;2.5750000e+02;2.3949024e-01;2.5750000e+02;2.4341750e-01;2.5750000e+02;2.3878407e-01;2.5750000e+02;2.2656044e-01;2.5750000e+02;2.0726871e-01;2.5750000e+02;1.9121939e-02;2.5750000e+02;2.7333826e-02;2.5750000e+02;3.7502546e-02;2.5750000e+02;4.9536794e-02;2.5750000e+02;6.3304342e-02;2.5750000e+02;7.8823000e-02;2.5750000e+02;9.5482752e-02;2.5750000e+02;1.1246911e-01;2.5750000e+02;1.3026083e-01;2.5750000e+02;1.4404303e-01;2.5750000e+02;1.5959994e-01;2.5750000e+02;1.8760948e-01;2.5750000e+02;2.1817677e-01;2.5750000e+02;2.3949024e-01;2.5750000e+02;2.4341750e-01;2.5750000e+02;2.3878407e-01;2.5750000e+02;2.2656044e-01;2.5750000e+02;2.0726871e-01;2.5750000e+02;1.9121939e-02;2.5750000e+02;2.7333826e-02;2.5750000e+02;3.7502546e-02;2.5750000e+02;4.9536794e-02;2.5750000e+02;6.3304342e-02;2.5750000e+02;7.8823000e-02;2.5750000e+02;9.5482752e-02;2.5750000e+02;1.1246911e-01;2.5750000e+02;1.3026083e-01;2.5750000e+02;1.4404303e-01;2.5750000e+02;1.5959994e-01;2.5750000e+02;1.8760948e-01;2.5750000e+02;2.1817677e-01;2.5750000e+02;2.3949024e-01;2.5750000e+02;2.4341750e-01;2.5750000e+02;2.3878407e-01;2.5750000e+02;2.2656044e-01;2.5750000e+02;2.0726871e-01;2.5750000e+02;1.9121939e-02;2.5750000e+02;2.7333826e-02;2.5750000e+02;3.7502546e-02;2.5750000e+02;4.9536794e-02;2.5750000e+02;6.3304342e-02;2.5750000e+02;7.8823000e-02;2.5750000e+02;9.5482752e-02;2.5750000e+02;1.1246911e-01;2.5750000e+02;1.3026083e-01;2.5750000e+02;1.4404303e-01;2.5750000e+02;1.5959994e-01;2.5750000e+02;1.8760948e-01;2.5750000e+02;2.1817677e-01;2.5750000e+02;2.3949024e-01;2.5750000e+02;2.4341750e-01;2.5750000e+02;2.3878407e-01;2.5750000e+02;2.2656044e-01;2.5750000e+02;2.0726871e-01;2.5750000e+02;1.9121939e-02;2.5750000e+02;2.7333826e-02;2.5750000e+02;3.7502546e-02;2.5750000e+02;4.9536794e-02;2.5750000e+02;6.3304342e-02;2.5750000e+02;7.8823000e-02;2.5750000e+02;9.5482752e-02;2.5750000e+02;1.1246911e-01;2.5750000e+02;1.3026083e-01;2.5750000e+02;1.4404303e-01;2.5750000e+02;1.5959994e-01;2.5750000e+02;1.8760948e-01;2.5750000e+02;2.1817677e-01;2.5750000e+02;2.3949024e-01;2.5750000e+02;2.4341750e-01;2.5750000e+02;2.3878407e-01;2.5750000e+02;2.2656044e-01;2.5750000e+02;2.0726871e-01;2.5750000e+02;1.9121939e-02;2.5750000e+02;2.7333826e-02;2.5750000e+02;3.7502546e-02;2.5750000e+02;4.9536794e-02;2.5750000e+02;6.3304342e-02;2.5750000e+02;7.8823000e-02;2.5750000e+02;9.5482752e-02;2.5750000e+02;1.1246911e-01;2.5750000e+02;1.3026083e-01;2.5750000e+02;1.4404303e-01;2.5750000e+02;1.5959994e-01;2.5750000e+02;1.8760948e-01;2.5750000e+02;2.1817677e-01;2.5750000e+02;2.3949024e-01;2.5750000e+02;2.4341750e-01;2.5750000e+02;2.3878407e-01;2.5750000e+02;2.2656044e-01;2.5750000e+02;2.0726871e-01;2.5750000e+02;1.9121939e-02;2.5750000e+02;2.7333826e-02;2.5750000e+02;3.7502546e-02;2.5750000e+02;4.9536794e-02;2.5750000e+02;6.3304342e-02;2.5750000e+02;7.8823000e-02;2.5750000e+02;9.5482752e-02;2.5750000e+02;1.1246911e-01;2.5750000e+02;1.3026083e-01;2.5750000e+02;1.4404303e-01;2.5750000e+02;1.5959994e-01;2.5750000e+02;1.8760948e-01;2.5750000e+02;2.1817677e-01;2.5750000e+02;2.3949024e-01;2.5750000e+02;2.4341750e-01;2.5750000e+02;2.3878407e-01;2.5750000e+02;2.2656044e-01;2.5750000e+02;2.0726871e-01;2.5750000e+02;1.9121939e-02;2.5750000e+02;2.7333826e-02;2.5750000e+02;3.7502546e-02;2.5750000e+02;4.9536794e-02;2.5750000e+02;6.3304342e-02;2.5750000e+02;7.8823000e-02;2.5750000e+02;9.5482752e-02;2.5750000e+02;1.1246911e-01;2.5750000e+02;1.3026083e-01;2.5750000e+02;1.4404303e-01;2.5750000e+02;1.5959994e-01;2.5750000e+02;1.8760948e-01;2.5750000e+02;2.1817677e-01;2.5750000e+02;2.3949024e-01;2.5750000e+02;2.4341750e-01;2.5750000e+02;2.3878407e-01;2.5750000e+02;2.2656044e-01;2.5750000e+02;2.0726871e-01;2.5750000e+02;1.9121939e-02;2.5750000e+02;2.7333826e-02;2.5750000e+02;3.7502546e-02;2.5750000e+02;4.9536794e-02;2.5750000e+02;6.3304342e-02;2.5750000e+02;7.8823000e-02;2.5750000e+02;9.5482752e-02;2.5750000e+02;1.1246911e-01;2.5750000e+02;1.3026083e-01;2.5750000e+02;1.4404303e-01;2.5750000e+02;1.5959994e-01;2.5750000e+02;1.8760948e-01;2.5750000e+02;2.1817677e-01;2.5750000e+02;2.3949024e-01;2.5750000e+02;2.4341750e-01;2.5750000e+02;2.3878407e-01;2.5750000e+02;2.2656044e-01;2.5750000e+02;2.0726871e-01;2.5750000e+02;1.9121939e-02;2.5750000e+02;2.7333826e-02;2.5750000e+02;3.7502546e-02;2.5750000e+02;4.9536794e-02;2.5750000e+02;6.3304342e-02;2.5750000e+02;7.8823000e-02;2.5750000e+02;9.5482752e-02;2.5750000e+02;1.1246911e-01;2.5750000e+02;1.3026083e-01;2.5750000e+02;1.4404303e-01;2.5750000e+02;1.5959994e-01;2.5750000e+02;1.8760948e-01;2.5750000e+02;2.1817677e-01;2.5750000e+02;2.3949024e-01;2.5750000e+02;2.4341750e-01;2.5750000e+02;2.3878407e-01;2.5750000e+02;2.2656044e-01;2.5750000e+02;2.0726871e-01;2.5750000e+02;1.9121939e-02;2.5750000e+02;2.7333826e-02;2.5750000e+02;3.7502546e-02;2.5750000e+02;4.9536794e-02;2.5750000e+02;6.3304342e-02;2.5750000e+02;7.8823000e-02;2.5750000e+02;9.5482752e-02;2.5750000e+02;1.1246911e-01;2.5750000e+02;1.3026083e-01;2.5750000e+02;1.4404303e-01;2.5750000e+02;1.5959994e-01;2.5750000e+02;1.8760948e-01;2.5750000e+02;2.1817677e-01;2.5750000e+02;2.3949024e-01;2.5750000e+02;2.4341750e-01;2.5750000e+02;2.3878407e-01;2.5750000e+02;2.2656044e-01;2.5750000e+02;2.0726871e-01;2.5750000e+02;1.9121939e-02;2.5750000e+02;2.7333826e-02;2.5750000e+02;3.7502546e-02;2.5750000e+02;4.9536794e-02;2.5750000e+02;6.3304342e-02;2.5750000e+02;7.8823000e-02;2.5750000e+02;9.5482752e-02;2.5750000e+02;1.1246911e-01;2.5750000e+02;1.3026083e-01;2.5750000e+02;1.4404303e-01;2.5750000e+02;1.5959994e-01;2.5750000e+02;1.8760948e-01;2.5750000e+02;2.1817677e-01;2.5750000e+02;2.3949024e-01;2.5750000e+02;2.4341750e-01;2.5750000e+02;2.3878407e-01;2.5750000e+02;2.2656044e-01;2.5750000e+02;2.0726871e-01;2.5750000e+02;1.9121939e-02;2.5750000e+02;2.7333826e-02;2.5750000e+02;3.7502546e-02;2.5750000e+02;4.9536794e-02;2.5750000e+02;6.3304342e-02;2.5750000e+02;7.8823000e-02;2.5750000e+02;9.5482752e-02;2.5750000e+02;1.1246911e-01;2.5750000e+02;1.3026083e-01;2.5750000e+02;1.4404303e-01;2.5750000e+02;1.5959994e-01;2.5750000e+02;1.8760948e-01;2.5750000e+02;2.1817677e-01;2.5750000e+02;2.3949024e-01;2.5750000e+02;2.4341750e-01;2.5750000e+02;2.3878407e-01;2.5750000e+02;2.2656044e-01;2.5750000e+02;2.0726871e-01;2.5750000e+02;1.9121939e-02;2.5750000e+02;2.7333826e-02;2.5750000e+02;3.7502546e-02;2.5750000e+02;4.9536794e-02;2.5750000e+02;6.3304342e-02;2.5750000e+02;7.8823000e-02;2.5750000e+02;9.5482752e-02;2.5750000e+02;1.1246911e-01;2.5750000e+02;1.3026083e-01;2.5750000e+02;1.4404303e-01;2.5750000e+02;1.5959994e-01;2.5750000e+02;1.8760948e-01;2.5750000e+02;2.1817677e-01;2.5750000e+02;2.3949024e-01;2.5750000e+02;2.4341750e-01;2.5750000e+02;2.3878407e-01;2.5750000e+02;2.2656044e-01;2.5750000e+02;2.0726871e-01;2.5750000e+02;1.9121939e-02;2.5750000e+02;2.7333826e-02;2.5750000e+02;3.7502546e-02;2.5750000e+02;4.9536794e-02;2.5750000e+02;6.3304342e-02;2.5750000e+02;7.8823000e-02;2.5750000e+02;9.5482752e-02;2.5750000e+02;1.1246911e-01;2.5750000e+02;1.3026083e-01;2.5750000e+02;1.4404303e-01;2.5750000e+02;1.5959994e-01;2.5750000e+02;1.8760948e-01;2.5750000e+02;2.1817677e-01;2.5750000e+02;2.3949024e-01;2.5750000e+02;2.4341750e-01;2.5750000e+02;2.3878407e-01;2.5750000e+02;2.2656044e-01;2.5750000e+02;2.0726871e-01;2.5750000e+02;1.9121939e-02;2.5750000e+02;2.7333826e-02;2.5750000e+02;3.7502546e-02;2.5750000e+02;4.9536794e-02;2.5750000e+02;6.3304342e-02;2.5750000e+02;7.8823000e-02;2.5750000e+02;9.5482752e-02;2.5750000e+02;1.1246911e-01;2.5750000e+02;1.3026083e-01;2.5750000e+02;1.4404303e-01;2.5750000e+02;1.5959994e-01;2.5750000e+02;1.8760948e-01;2.5750000e+02;2.1817677e-01;2.5750000e+02;2.3949024e-01;2.5750000e+02;2.4341750e-01;2.5750000e+02;2.3878407e-01;2.5750000e+02;2.2656044e-01;2.5750000e+02;2.0726871e-01;2.5750000e+02;1.9121939e-02;2.5750000e+02;2.7333826e-02;2.5750000e+02;3.7502546e-02;2.5750000e+02;4.9536794e-02;2.5750000e+02;6.3304342e-02;2.5750000e+02;7.8823000e-02;2.5750000e+02;9.5482752e-02;2.5750000e+02;1.1246911e-01;2.5750000e+02;1.3026083e-01;2.5750000e+02;1.4404303e-01;2.5750000e+02;1.5959994e-01;2.5750000e+02;1.8760948e-01;2.5750000e+02;2.1817677e-01;2.5750000e+02;2.3949024e-01;2.5750000e+02;2.4341750e-01;2.5750000e+02;2.3878407e-01;2.5750000e+02;2.2656044e-01;2.5750000e+02;2.0726871e-01;2.5750000e+02;1.9121939e-02;2.5750000e+02;2.7333826e-02;2.5750000e+02;3.7502546e-02;2.5750000e+02;4.9536794e-02;2.5750000e+02;6.3304342e-02;2.5750000e+02;7.8823000e-02;2.5750000e+02;9.5482752e-02;2.5750000e+02;1.1246911e-01;2.5750000e+02;1.3026083e-01;2.5750000e+02;1.4404303e-01;2.5750000e+02;1.5959994e-01;2.5750000e+02;1.8760948e-01;2.5750000e+02;2.1817677e-01;2.5750000e+02;2.3949024e-01;2.5750000e+02;2.4341750e-01;2.5750000e+02;2.3878407e-01;2.5750000e+02;2.2656044e-01;2.5750000e+02;2.0726871e-01;2.5750000e+02;1.9121939e-02;2.5750000e+02;2.7333826e-02;2.5750000e+02;3.7502546e-02;2.5750000e+02;4.9536794e-02;2.5750000e+02;6.3304342e-02;2.5750000e+02;7.8823000e-02;2.5750000e+02;9.5482752e-02;2.5750000e+02;1.1246911e-01;2.5750000e+02;1.3026083e-01;2.5750000e+02;1.4404303e-01;2.5750000e+02;1.5959994e-01;2.5750000e+02;1.8760948e-01;2.5750000e+02;2.1817677e-01;2.5750000e+02;2.3949024e-01;2.5750000e+02;2.4341750e-01;2.5750000e+02;2.3878407e-01;2.5750000e+02;2.2656044e-01;2.5750000e+02;2.0726871e-01;2.5750000e+02;1.9121939e-02;2.5750000e+02;2.7333826e-02;2.5750000e+02;3.7502546e-02;2.5750000e+02;4.9536794e-02;2.5750000e+02;6.3304342e-02;2.5750000e+02;7.8823000e-02;2.5750000e+02;9.5482752e-02;2.5750000e+02;1.1246911e-01;2.5750000e+02;1.3026083e-01;2.5750000e+02;1.4404303e-01;2.5750000e+02;1.5959994e-01;2.5750000e+02;1.8760948e-01;2.5750000e+02;2.1817677e-01;2.5750000e+02;2.3949024e-01;2.5750000e+02;2.4341750e-01;2.5750000e+02;2.3878407e-01;2.5750000e+02;2.2656044e-01;2.5750000e+02;2.0726871e-01;2.5750000e+02;1.9121939e-02;2.5750000e+02;2.7333826e-02;2.5750000e+02;3.7502546e-02;2.5750000e+02;4.9536794e-02;2.5750000e+02;6.3304342e-02;2.5750000e+02;7.8823000e-02;2.5750000e+02;9.5482752e-02;2.5750000e+02;1.1246911e-01;2.5750000e+02;1.3026083e-01;2.5750000e+02;1.4404303e-01;2.5750000e+02;1.5959994e-01;2.5750000e+02;1.8760948e-01;2.5750000e+02;2.1817677e-01;2.5750000e+02;2.3949024e-01;2.5750000e+02;2.4341750e-01;2.5750000e+02;2.3878407e-01;2.5750000e+02;2.2656044e-01;2.5750000e+02;2.0726871e-01;2.5750000e+02;1.9121939e-02;2.5750000e+02;2.7333826e-02;2.5750000e+02;3.7502546e-02;2.5750000e+02;4.9536794e-02;2.5750000e+02;6.3304342e-02;2.5750000e+02;7.8823000e-02;2.5750000e+02;9.5482752e-02;2.5750000e+02;1.1246911e-01;2.5750000e+02;1.3026083e-01;2.5750000e+02;1.4404303e-01;2.5750000e+02;1.5959994e-01;2.5750000e+02;1.8760948e-01;2.5750000e+02;2.1817677e-01;2.5750000e+02;2.3949024e-01;2.5750000e+02;2.4341750e-01;2.5750000e+02;2.3878407e-01;2.5750000e+02;2.2656044e-01;2.5750000e+02;2.0726871e-01;2.5750000e+02;1.9121939e-02;2.5750000e+02;2.7333826e-02;2.5750000e+02;3.7502546e-02;2.5750000e+02;4.9536794e-02;2.5750000e+02;6.3304342e-02;2.5750000e+02;7.8823000e-02;2.5750000e+02;9.5482752e-02;2.5750000e+02;1.1246911e-01;2.5750000e+02;1.3026083e-01;2.5750000e+02;1.4404303e-01;2.5750000e+02;1.5959994e-01;2.5750000e+02;1.8760948e-01;2.5750000e+02;2.1817677e-01;2.5750000e+02;2.3949024e-01;2.5750000e+02;2.4341750e-01;2.5750000e+02;2.3878407e-01;2.5750000e+02;2.2656044e-01;2.5750000e+02;2.0726871e-01;2.5750000e+02;1.9121939e-02;2.5750000e+02;2.7333826e-02;2.5750000e+02;3.7502546e-02;2.5750000e+02;4.9536794e-02;2.5750000e+02;6.3304342e-02;2.5750000e+02;7.8823000e-02;2.5750000e+02;9.5482752e-02;2.5750000e+02;1.1246911e-01;2.5750000e+02;1.3026083e-01;2.5750000e+02;1.4404303e-01;2.5750000e+02;1.5959994e-01;2.5750000e+02;1.8760948e-01;2.5750000e+02;2.1817677e-01;2.5750000e+02;2.3949024e-01;2.5750000e+02;2.4341750e-01;2.5750000e+02;2.3878407e-01;2.5750000e+02;2.2656044e-01;2.5750000e+02;2.0726871e-01;2.5750000e+02;1.9121939e-02;2.5750000e+02;2.7333826e-02;2.5750000e+02;3.7502546e-02;2.5750000e+02;4.9536794e-02;2.5750000e+02;6.3304342e-02;2.5750000e+02;7.8823000e-02;2.5750000e+02;9.5482752e-02;2.5750000e+02;1.1246911e-01;2.5750000e+02;1.3026083e-01;2.5750000e+02;1.4404303e-01;2.5750000e+02;1.5959994e-01;2.5750000e+02;1.8760948e-01;2.5750000e+02;2.1817677e-01;2.5750000e+02;2.3949024e-01;2.5750000e+02;2.4341750e-01;2.5750000e+02;2.3878407e-01;2.5750000e+02;2.2656044e-01;2.5750000e+02;2.0726871e-01;2.5750000e+02;1.9121939e-02;2.5750000e+02;2.7333826e-02;2.5750000e+02;3.7502546e-02;2.5750000e+02;4.9536794e-02;2.5750000e+02;6.3304342e-02;2.5750000e+02;7.8823000e-02;2.5750000e+02;9.5482752e-02;2.5750000e+02;1.1246911e-01;2.5750000e+02;1.3026083e-01;2.5750000e+02;1.4404303e-01;2.5750000e+02;1.5959994e-01;2.5750000e+02;1.8760948e-01;2.5750000e+02;2.1817677e-01;2.5750000e+02;2.3949024e-01;2.5750000e+02;2.4341750e-01;2.5750000e+02;2.3878407e-01;2.5750000e+02;2.2656044e-01;2.5750000e+02;2.0726871e-01;2.5750000e+02;1.9121939e-02;2.5750000e+02;2.7333826e-02;2.5750000e+02;3.7502546e-02;2.5750000e+02;4.9536794e-02;2.5750000e+02;6.3304342e-02;2.5750000e+02;7.8823000e-02;2.5750000e+02;9.5482752e-02;2.5750000e+02;1.1246911e-01;2.5750000e+02;1.3026083e-01;2.5750000e+02;1.4404303e-01;2.5750000e+02;1.5959994e-01;2.5750000e+02;1.8760948e-01;2.5750000e+02;2.1817677e-01;2.5750000e+02;2.3949024e-01;2.5750000e+02;2.4341750e-01;2.5750000e+02;2.3878407e-01;2.5750000e+02;2.2656044e-01;2.5750000e+02;2.0726871e-01;2.5750000e+02;1.9121939e-02;2.5750000e+02;2.7333826e-02;2.5750000e+02;3.7502546e-02;2.5750000e+02;4.9536794e-02;2.5750000e+02;6.3304342e-02;2.5750000e+02;7.8823000e-02;2.5750000e+02;9.5482752e-02;2.5750000e+02;1.1246911e-01;2.5750000e+02;1.3026083e-01;2.5750000e+02;1.4404303e-01;2.5750000e+02;1.5959994e-01;2.5750000e+02;1.8760948e-01;2.5750000e+02;2.1817677e-01;2.5750000e+02;2.3949024e-01;2.5750000e+02;2.4341750e-01;2.5750000e+02;2.3878407e-01;2.5750000e+02;2.2656044e-01;2.5750000e+02;2.0726871e-01;2.5750000e+02;1.9121939e-02;2.5750000e+02;2.7333826e-02;2.5750000e+02;3.7502546e-02;2.5750000e+02;4.9536794e-02;2.5750000e+02;6.3304342e-02;2.5750000e+02;7.8823000e-02;2.5750000e+02;9.5482752e-02;2.5750000e+02;1.1246911e-01;2.5750000e+02;1.3026083e-01;2.5750000e+02;1.4404303e-01;2.5750000e+02;1.5959994e-01;2.5750000e+02;1.8760948e-01;2.5750000e+02;2.1817677e-01;2.5750000e+02;2.3949024e-01;2.5750000e+02;2.4341750e-01;2.5750000e+02;2.3878407e-01;2.5750000e+02;2.2656044e-01;2.5750000e+02;2.0726871e-01;2.5750000e+02;1.9121939e-02;2.5750000e+02;2.7333826e-02;2.5750000e+02;3.7502546e-02;2.5750000e+02;4.9536794e-02;2.5750000e+02;6.3304342e-02;2.5750000e+02;7.8823000e-02;2.5750000e+02;9.5482752e-02;2.5750000e+02;1.1246911e-01;2.5750000e+02;1.3026083e-01;2.5750000e+02;1.4404303e-01;2.5750000e+02;1.5959994e-01;2.5750000e+02;1.8760948e-01;2.5750000e+02;2.1817677e-01;2.5750000e+02;2.3949024e-01;2.5750000e+02;2.4341750e-01;2.5750000e+02;2.3878407e-01;2.5750000e+02;2.2656044e-01;2.5750000e+02;2.0726871e-01;2.5750000e+02;1.9121939e-02;2.5750000e+02;2.7333826e-02;2.5750000e+02;3.7502546e-02;2.5750000e+02;4.9536794e-02;2.5750000e+02;6.3304342e-02;2.5750000e+02;7.8823000e-02;2.5750000e+02;9.5482752e-02;2.5750000e+02;1.1246911e-01;2.5750000e+02;1.3026083e-01;2.5750000e+02;1.4404303e-01;2.5750000e+02;1.5959994e-01;2.5750000e+02;1.8760948e-01;2.5750000e+02;2.1817677e-01;2.5750000e+02;2.3949024e-01;2.5750000e+02;2.4341750e-01;2.5750000e+02;2.3878407e-01;2.5750000e+02;2.2656044e-01;2.5750000e+02;2.0726871e-01;2.5750000e+02;1.9121939e-02;2.5750000e+02;2.7333826e-02;2.5750000e+02;3.7502546e-02;2.5750000e+02;4.9536794e-02;2.5750000e+02;6.3304342e-02;2.5750000e+02;7.8823000e-02;2.5750000e+02;9.5482752e-02;2.5750000e+02;1.1246911e-01;2.5750000e+02;1.3026083e-01;2.5750000e+02;1.4404303e-01;2.5750000e+02;1.5959994e-01;2.5750000e+02;1.8760948e-01;2.5750000e+02;2.1817677e-01;2.5750000e+02;2.3949024e-01;2.5750000e+02;2.4341750e-01;2.5750000e+02;2.3878407e-01;2.5750000e+02;2.2656044e-01;2.5750000e+02;2.0726871e-01;2.5750000e+02;1.9121939e-02;2.5750000e+02;2.7333826e-02;2.5750000e+02;3.7502546e-02;2.5750000e+02;4.9536794e-02;2.5750000e+02;6.3304342e-02;2.5750000e+02;7.8823000e-02;2.5750000e+02;9.5482752e-02;2.5750000e+02;1.1246911e-01;2.5750000e+02;1.3026083e-01;2.5750000e+02;1.4404303e-01;2.5750000e+02;1.5959994e-01;2.5750000e+02;1.8760948e-01;2.5750000e+02;2.1817677e-01;2.5750000e+02;2.3949024e-01;2.5750000e+02;2.4341750e-01;2.5750000e+02;2.3878407e-01;2.5750000e+02;2.2656044e-01;2.5750000e+02;2.0726871e-01;2.5750000e+02;1.9121939e-02;2.5750000e+02;2.7333826e-02;2.5750000e+02;3.7502546e-02;2.5750000e+02;4.9536794e-02;2.5750000e+02;6.3304342e-02;2.5750000e+02;7.8823000e-02;2.5750000e+02;9.5482752e-02;2.5750000e+02;1.1246911e-01;2.5750000e+02;1.3026083e-01;2.5750000e+02;1.4404303e-01;2.5750000e+02;1.5959994e-01;2.5750000e+02;1.8760948e-01;2.5750000e+02;2.1817677e-01;2.5750000e+02;2.3949024e-01;2.5750000e+02;2.4341750e-01;2.5750000e+02;2.3878407e-01;2.5750000e+02;2.2656044e-01;2.5750000e+02;2.0726871e-01;2.5750000e+02;1.9121939e-02;2.5750000e+02;2.7333826e-02;2.5750000e+02;3.7502546e-02;2.5750000e+02;4.9536794e-02;2.5750000e+02;6.3304342e-02;2.5750000e+02;7.8823000e-02;2.5750000e+02;9.5482752e-02;2.5750000e+02;1.1246911e-01;2.5750000e+02;1.3026083e-01;2.5750000e+02;1.4404303e-01;2.5750000e+02;1.5959994e-01;2.5750000e+02;1.8760948e-01;2.5750000e+02;2.1817677e-01;2.5750000e+02;2.3949024e-01;2.5750000e+02;2.4341750e-01;2.5750000e+02;2.3878407e-01;2.5750000e+02;2.2656044e-01;2.5750000e+02;2.0726871e-01;2.5750000e+02;1.9121939e-02;2.5750000e+02;2.7333826e-02;2.5750000e+02;3.7502546e-02;2.5750000e+02;4.9536794e-02;2.5750000e+02;6.3304342e-02;2.5750000e+02;7.8823000e-02;2.5750000e+02;9.5482752e-02;2.5750000e+02;1.1246911e-01;2.5750000e+02;1.3026083e-01;2.5750000e+02;1.4404303e-01;2.5750000e+02;1.5959994e-01;2.5750000e+02;1.8760948e-01;2.5750000e+02;2.1817677e-01;2.5750000e+02;2.3949024e-01;2.5750000e+02;2.4341750e-01;2.5750000e+02;2.3878407e-01;2.5750000e+02;2.2656044e-01;2.5750000e+02;2.0726871e-01;2.5750000e+02;1.9121939e-02;2.5750000e+02;2.7333826e-02;2.5750000e+02;3.7502546e-02;2.5750000e+02;4.9536794e-02;2.5750000e+02;6.3304342e-02;2.5750000e+02;7.8823000e-02;2.5750000e+02;9.5482752e-02;2.5750000e+02;1.1246911e-01;2.5750000e+02;1.3026083e-01;2.5750000e+02;1.4404303e-01;2.5750000e+02;1.5959994e-01;2.5750000e+02;1.8760948e-01;2.5750000e+02;2.1817677e-01;2.5750000e+02;2.3949024e-01;2.5750000e+02;2.4341750e-01;2.5750000e+02;2.3878407e-01;2.5750000e+02;2.2656044e-01;2.5750000e+02;2.0726871e-01;2.5750000e+02;1.9121939e-02;2.5750000e+02;2.7333826e-02;2.5750000e+02;3.7502546e-02;2.5750000e+02;4.9536794e-02;2.5750000e+02;6.3304342e-02;2.5750000e+02;7.8823000e-02;2.5750000e+02;9.5482752e-02;2.5750000e+02;1.1246911e-01;2.5750000e+02;1.3026083e-01;2.5750000e+02;1.4404303e-01;2.5750000e+02;1.5959994e-01;2.5750000e+02;1.8760948e-01;2.5750000e+02;2.1817677e-01;2.5750000e+02;2.3949024e-01;2.5750000e+02;2.4341750e-01;2.5750000e+02;2.3878407e-01;2.5750000e+02;2.2656044e-01;2.5750000e+02;2.0726871e-01;2.5750000e+02;1.9121939e-02;2.5750000e+02;2.7333826e-02;2.5750000e+02;3.7502546e-02;2.5750000e+02;4.9536794e-02;2.5750000e+02;6.3304342e-02;2.5750000e+02;7.8823000e-02;2.5750000e+02;9.5482752e-02;2.5750000e+02;1.1246911e-01;2.5750000e+02;1.3026083e-01;2.5750000e+02;1.4404303e-01;2.5750000e+02;1.5959994e-01;2.5750000e+02;1.8760948e-01;2.5750000e+02;2.1817677e-01;2.5750000e+02;2.3949024e-01;2.5750000e+02;2.4341750e-01;2.5750000e+02;2.3878407e-01;2.5750000e+02;2.2656044e-01;2.5750000e+02;2.0726871e-01;2.5750000e+02;1.9121939e-02;2.5750000e+02;2.7333826e-02;2.5750000e+02;3.7502546e-02;2.5750000e+02;4.9536794e-02;2.5750000e+02;6.3304342e-02;2.5750000e+02;7.8823000e-02;2.5750000e+02;9.5482752e-02;2.5750000e+02;1.1246911e-01;2.5750000e+02;1.3026083e-01;2.5750000e+02;1.4404303e-01;2.5750000e+02;1.5959994e-01;2.5750000e+02;1.8760948e-01;2.5750000e+02;2.1817677e-01;2.5750000e+02;2.3949024e-01;2.5750000e+02;2.4341750e-01;2.5750000e+02;2.3878407e-01;2.5750000e+02;2.2656044e-01;2.5750000e+02;2.0726871e-01;2.5750000e+02;1.9121939e-02;2.5750000e+02;2.7333826e-02;2.5750000e+02;3.7502546e-02;2.5750000e+02;4.9536794e-02;2.5750000e+02;6.3304342e-02;2.5750000e+02;7.8823000e-02;2.5750000e+02;9.5482752e-02;2.5750000e+02;1.1246911e-01;2.5750000e+02;1.3026083e-01;2.5750000e+02;1.4404303e-01;2.5750000e+02;1.5959994e-01;2.5750000e+02;1.8760948e-01;2.5750000e+02;2.1817677e-01;2.5750000e+02;2.3949024e-01;2.5750000e+02;2.4341750e-01;2.5750000e+02;2.3878407e-01;2.5750000e+02;2.2656044e-01;2.5750000e+02;2.0726871e-01;2.5750000e+02;1.9121939e-02;2.5750000e+02;2.7333826e-02;2.5750000e+02;3.7502546e-02;2.5750000e+02;4.9536794e-02;2.5750000e+02;6.3304342e-02;2.5750000e+02;7.8823000e-02;2.5750000e+02;9.5482752e-02;2.5750000e+02;1.1246911e-01;2.5750000e+02;1.3026083e-01;2.5750000e+02;1.4404303e-01;2.5750000e+02;1.5959994e-01;2.5750000e+02;1.8760948e-01;2.5750000e+02;2.1817677e-01;2.5750000e+02;2.3949024e-01;2.5750000e+02;2.4341750e-01;2.5750000e+02;2.3878407e-01;2.5750000e+02;2.2656044e-01;2.5750000e+02;2.0726871e-01;2.5750000e+02;1.9121939e-02;2.5750000e+02;2.7333826e-02;2.5750000e+02;3.7502546e-02;2.5750000e+02;4.9536794e-02;2.5750000e+02;6.3304342e-02;2.5750000e+02;7.8823000e-02;2.5750000e+02;9.5482752e-02;2.5750000e+02;1.1246911e-01;2.5750000e+02;1.3026083e-01;2.5750000e+02;1.4404303e-01;2.5750000e+02;1.5959994e-01;2.5750000e+02;1.8760948e-01;2.5750000e+02;2.1817677e-01;2.5750000e+02;2.3949024e-01;2.5750000e+02;2.4341750e-01;2.5750000e+02;2.3878407e-01;2.5750000e+02;2.2656044e-01;2.5750000e+02;2.0726871e-01;2.5750000e+02;1.9121939e-02;2.5750000e+02;2.7333826e-02;2.5750000e+02;3.7502546e-02;2.5750000e+02;4.9536794e-02;2.5750000e+02;6.3304342e-02;2.5750000e+02;7.8823000e-02;2.5750000e+02;9.5482752e-02;2.5750000e+02;1.1246911e-01;2.5750000e+02;1.3026083e-01;2.5750000e+02;1.4404303e-01;2.5750000e+02;1.5959994e-01;2.5750000e+02;1.8760948e-01;2.5750000e+02;2.1817677e-01;2.5750000e+02;2.3949024e-01;2.5750000e+02;2.4341750e-01;2.5750000e+02;2.3878407e-01;2.5750000e+02;2.2656044e-01;2.5750000e+02;2.0726871e-01;2.5750000e+02;1.9121939e-02;2.5750000e+02;2.7333826e-02;2.5750000e+02;3.7502546e-02;2.5750000e+02;4.9536794e-02;2.5750000e+02;6.3304342e-02;2.5750000e+02;7.8823000e-02;2.5750000e+02;9.5482752e-02;2.5750000e+02;1.1246911e-01;2.5750000e+02;1.3026083e-01;2.5750000e+02;1.4404303e-01;2.5750000e+02;1.5959994e-01;2.5750000e+02;1.8760948e-01;2.5750000e+02;2.1817677e-01;2.5750000e+02;2.3949024e-01;2.5750000e+02;2.4341750e-01;2.5750000e+02;2.3878407e-01;2.5750000e+02;2.2656044e-01;2.5750000e+02;2.0726871e-01;2.5750000e+02;1.9121939e-02;2.5750000e+02;2.7333826e-02;2.5750000e+02;3.7502546e-02;2.5750000e+02;4.9536794e-02;2.5750000e+02;6.3304342e-02;2.5750000e+02;7.8823000e-02;2.5750000e+02;9.5482752e-02;2.5750000e+02;1.1246911e-01;2.5750000e+02;1.3026083e-01;2.5750000e+02;1.4404303e-01;2.5750000e+02;1.5959994e-01;2.5750000e+02;1.8760948e-01;2.5750000e+02;2.1817677e-01;2.5750000e+02;2.3949024e-01;2.5750000e+02;2.4341750e-01;2.5750000e+02;2.3878407e-01;2.5750000e+02;2.2656044e-01;2.5750000e+02;2.0726871e-01;2.5750000e+02;1.9121939e-02;2.5750000e+02;2.7333826e-02;2.5750000e+02;3.7502546e-02;2.5750000e+02;4.9536794e-02;2.5750000e+02;6.3304342e-02;2.5750000e+02;7.8823000e-02;2.5750000e+02;9.5482752e-02;2.5750000e+02;1.1246911e-01;2.5750000e+02;1.3026083e-01;2.5750000e+02;1.4404303e-01;2.5750000e+02;1.5959994e-01;2.5750000e+02;1.8760948e-01;2.5750000e+02;2.1817677e-01;2.5750000e+02;2.3949024e-01;2.5750000e+02;2.4341750e-01;2.5750000e+02;2.3878407e-01;2.5750000e+02;2.2656044e-01;2.5750000e+02;2.0726871e-01;2.5750000e+02;1.9121939e-02;2.5750000e+02;2.7333826e-02;2.5750000e+02;3.7502546e-02;2.5750000e+02;4.9536794e-02;2.5750000e+02;6.3304342e-02;2.5750000e+02;7.8823000e-02;2.5750000e+02;9.5482752e-02;2.5750000e+02;1.1246911e-01;2.5750000e+02;1.3026083e-01;2.5750000e+02;1.4404303e-01;2.5750000e+02;1.5959994e-01;2.5750000e+02;1.8760948e-01;2.5750000e+02;2.1817677e-01;2.5750000e+02;2.3949024e-01;2.5750000e+02;2.4341750e-01;2.5750000e+02;2.3878407e-01;2.5750000e+02;2.2656044e-01;2.5750000e+02;2.0726871e-01
2.6250000e+02;1.9101316e-02;2.6250000e+02;2.8311778e-02;2.6250000e+02;4.0473532e-02;2.6250000e+02;5.5185642e-02;2.6250000e+02;7.1087100e-02;2.6250000e+02;8.8081978e-02;2.6250000e+02;1.0556330e-01;2.6250000e+02;1.2398873e-01;2.6250000e+02;1.4149937e-01;2.6250000e+02;1.5646596e-01;2.6250000e+02;1.7389607e-01;2.6250000e+02;2.0160514e-01;2.6250000e+02;2.3019974e-01;2.6250000e+02;2.4650174e-01;2.6250000e+02;2.4750786e-01;2.6250000e+02;2.4061039e-01;2.6250000e+02;2.2641031e-01;2.6250000e+02;2.0539728e-01;2.6250000e+02;1.9101316e-02;2.6250000e+02;2.8311778e-02;2.6250000e+02;4.0473532e-02;2.6250000e+02;5.5185642e-02;2.6250000e+02;7.1087100e-02;2.6250000e+02;8.8081978e-02;2.6250000e+02;1.0556330e-01;2.6250000e+02;1.2398873e-01;2.6250000e+02;1.4149937e-01;2.6250000e+02;1.5646596e-01;2.6250000e+02;1.7389607e-01;2.6250000e+02;2.0160514e-01;2.6250000e+02;2.3019974e-01;2.6250000e+02;2.4650174e-01;2.6250000e+02;2.4750786e-01;2.6250000e+02;2.4061039e-01;2.6250000e+02;2.2641031e-01;2.6250000e+02;2.0539728e-01;2.6250000e+02;1.9101316e-02;2.6250000e+02;2.8311778e-02;2.6250000e+02;4.0473532e-02;2.6250000e+02;5.5185642e-02;2.6250000e+02;7.1087100e-02;2.6250000e+02;8.8081978e-02;2.6250000e+02;1.0556330e-01;2.6250000e+02;1.2398873e-01;2.6250000e+02;1.4149937e-01;2.6250000e+02;1.5646596e-01;2.6250000e+02;1.7389607e-01;2.6250000e+02;2.0160514e-01;2.6250000e+02;2.3019974e-01;2.6250000e+02;2.4650174e-01;2.6250000e+02;2.4750786e-01;2.6250000e+02;2.4061039e-01;2.6250000e+02;2.2641031e-01;2.6250000e+02;2.0539728e-01;2.6250000e+02;1.9101316e-02;2.6250000e+02;2.8311778e-02;2.6250000e+02;4.0473532e-02;2.6250000e+02;5.5185642e-02;2.6250000e+02;7.1087100e-02;2.6250000e+02;8.8081978e-02;2.6250000e+02;1.0556330e-01;2.6250000e+02;1.2398873e-01;2.6250000e+02;1.4149937e-01;2.6250000e+02;1.5646596e-01;2.6250000e+02;1.7389607e-01;2.6250000e+02;2.0160514e-01;2.6250000e+02;2.3019974e-01;2.6250000e+02;2.4650174e-01;2.6250000e+02;2.4750786e-01;2.6250000e+02;2.4061039e-01;2.6250000e+02;2.2641031e-01;2.6250000e+02;2.0539728e-01;2.6250000e+02;1.9101316e-02;2.6250000e+02;2.8311778e-02;2.6250000e+02;4.0473532e-02;2.6250000e+02;5.5185642e-02;2.6250000e+02;7.1087100e-02;2.6250000e+02;8.8081978e-02;2.6250000e+02;1.0556330e-01;2.6250000e+02;1.2398873e-01;2.6250000e+02;1.4149937e-01;2.6250000e+02;1.5646596e-01;2.6250000e+02;1.7389607e-01;2.6250000e+02;2.0160514e-01;2.6250000e+02;2.3019974e-01;2.6250000e+02;2.4650174e-01;2.6250000e+02;2.4750786e-01;2.6250000e+02;2.4061039e-01;2.6250000e+02;2.2641031e-01;2.6250000e+02;2.0539728e-01;2.6250000e+02;1.9101316e-02;2.6250000e+02;2.8311778e-02;2.6250000e+02;4.0473532e-02;2.6250000e+02;5.5185642e-02;2.6250000e+02;7.1087100e-02;2.6250000e+02;8.8081978e-02;2.6250000e+02;1.0556330e-01;2.6250000e+02;1.2398873e-01;2.6250000e+02;1.4149937e-01;2.6250000e+02;1.5646596e-01;2.6250000e+02;1.7389607e-01;2.6250000e+02;2.0160514e-01;2.6250000e+02;2.3019974e-01;2.6250000e+02;2.4650174e-01;2.6250000e+02;2.4750786e-01;2.6250000e+02;2.4061039e-01;2.6250000e+02;2.2641031e-01;2.6250000e+02;2.0539728e-01;2.6250000e+02;1.9101316e-02;2.6250000e+02;2.8311778e-02;2.6250000e+02;4.0473532e-02;2.6250000e+02;5.5185642e-02;2.6250000e+02;7.1087100e-02;2.6250000e+02;8.8081978e-02;2.6250000e+02;1.0556330e-01;2.6250000e+02;1.2398873e-01;2.6250000e+02;1.4149937e-01;2.6250000e+02;1.5646596e-01;2.6250000e+02;1.7389607e-01;2.6250000e+02;2.0160514e-01;2.6250000e+02;2.3019974e-01;2.6250000e+02;2.4650174e-01;2.6250000e+02;2.4750786e-01;2.6250000e+02;2.4061039e-01;2.6250000e+02;2.2641031e-01;2.6250000e+02;2.0539728e-01;2.6250000e+02;1.9101316e-02;2.6250000e+02;2.8311778e-02;2.6250000e+02;4.0473532e-02;2.6250000e+02;5.5185642e-02;2.6250000e+02;7.1087100e-02;2.6250000e+02;8.8081978e-02;2.6250000e+02;1.0556330e-01;2.6250000e+02;1.2398873e-01;2.6250000e+02;1.4149937e-01;2.6250000e+02;1.5646596e-01;2.6250000e+02;1.7389607e-01;2.6250000e+02;2.0160514e-01;2.6250000e+02;2.3019974e-01;2.6250000e+02;2.4650174e-01;2.6250000e+02;2.4750786e-01;2.6250000e+02;2.4061039e-01;2.6250000e+02;2.2641031e-01;2.6250000e+02;2.0539728e-01;2.6250000e+02;1.9101316e-02;2.6250000e+02;2.8311778e-02;2.6250000e+02;4.0473532e-02;2.6250000e+02;5.5185642e-02;2.6250000e+02;7.1087100e-02;2.6250000e+02;8.8081978e-02;2.6250000e+02;1.0556330e-01;2.6250000e+02;1.2398873e-01;2.6250000e+02;1.4149937e-01;2.6250000e+02;1.5646596e-01;2.6250000e+02;1.7389607e-01;2.6250000e+02;2.0160514e-01;2.6250000e+02;2.3019974e-01;2.6250000e+02;2.4650174e-01;2.6250000e+02;2.4750786e-01;2.6250000e+02;2.4061039e-01;2.6250000e+02;2.2641031e-01;2.6250000e+02;2.0539728e-01;2.6250000e+02;1.9101316e-02;2.6250000e+02;2.8311778e-02;2.6250000e+02;4.0473532e-02;2.6250000e+02;5.5185642e-02;2.6250000e+02;7.1087100e-02;2.6250000e+02;8.8081978e-02;2.6250000e+02;1.0556330e-01;2.6250000e+02;1.2398873e-01;2.6250000e+02;1.4149937e-01;2.6250000e+02;1.5646596e-01;2.6250000e+02;1.7389607e-01;2.6250000e+02;2.0160514e-01;2.6250000e+02;2.3019974e-01;2.6250000e+02;2.4650174e-01;2.6250000e+02;2.4750786e-01;2.6250000e+02;2.4061039e-01;2.6250000e+02;2.2641031e-01;2.6250000e+02;2.0539728e-01;2.6250000e+02;1.9101316e-02;2.6250000e+02;2.8311778e-02;2.6250000e+02;4.0473532e-02;2.6250000e+02;5.5185642e-02;2.6250000e+02;7.1087100e-02;2.6250000e+02;8.8081978e-02;2.6250000e+02;1.0556330e-01;2.6250000e+02;1.2398873e-01;2.6250000e+02;1.4149937e-01;2.6250000e+02;1.5646596e-01;2.6250000e+02;1.7389607e-01;2.6250000e+02;2.0160514e-01;2.6250000e+02;2.3019974e-01;2.6250000e+02;2.4650174e-01;2.6250000e+02;2.4750786e-01;2.6250000e+02;2.4061039e-01;2.6250000e+02;2.2641031e-01;2.6250000e+02;2.0539728e-01;2.6250000e+02;1.9101316e-02;2.6250000e+02;2.8311778e-02;2.6250000e+02;4.0473532e-02;2.6250000e+02;5.5185642e-02;2.6250000e+02;7.1087100e-02;2.6250000e+02;8.8081978e-02;2.6250000e+02;1.0556330e-01;2.6250000e+02;1.2398873e-01;2.6250000e+02;1.4149937e-01;2.6250000e+02;1.5646596e-01;2.6250000e+02;1.7389607e-01;2.6250000e+02;2.0160514e-01;2.6250000e+02;2.3019974e-01;2.6250000e+02;2.4650174e-01;2.6250000e+02;2.4750786e-01;2.6250000e+02;2.4061039e-01;2.6250000e+02;2.2641031e-01;2.6250000e+02;2.0539728e-01;2.6250000e+02;1.9101316e-02;2.6250000e+02;2.8311778e-02;2.6250000e+02;4.0473532e-02;2.6250000e+02;5.5185642e-02;2.6250000e+02;7.1087100e-02;2.6250000e+02;8.8081978e-02;2.6250000e+02;1.0556330e-01;2.6250000e+02;1.2398873e-01;2.6250000e+02;1.4149937e-01;2.6250000e+02;1.5646596e-01;2.6250000e+02;1.7389607e-01;2.6250000e+02;2.0160514e-01;2.6250000e+02;2.3019974e-01;2.6250000e+02;2.4650174e-01;2.6250000e+02;2.4750786e-01;2.6250000e+02;2.4061039e-01;2.6250000e+02;2.2641031e-01;2.6250000e+02;2.0539728e-01;2.6250000e+02;1.9101316e-02;2.6250000e+02;2.8311778e-02;2.6250000e+02;4.0473532e-02;2.6250000e+02;5.5185642e-02;2.6250000e+02;7.1087100e-02;2.6250000e+02;8.8081978e-02;2.6250000e+02;1.0556330e-01;2.6250000e+02;1.2398873e-01;2.6250000e+02;1.4149937e-01;2.6250000e+02;1.5646596e-01;2.6250000e+02;1.7389607e-01;2.6250000e+02;2.0160514e-01;2.6250000e+02;2.3019974e-01;2.6250000e+02;2.4650174e-01;2.6250000e+02;2.4750786e-01;2.6250000e+02;2.4061039e-01;2.6250000e+02;2.2641031e-01;2.6250000e+02;2.0539728e-01;2.6250000e+02;1.9101316e-02;2.6250000e+02;2.8311778e-02;2.6250000e+02;4.0473532e-02;2.6250000e+02;5.5185642e-02;2.6250000e+02;7.1087100e-02;2.6250000e+02;8.8081978e-02;2.6250000e+02;1.0556330e-01;2.6250000e+02;1.2398873e-01;2.6250000e+02;1.4149937e-01;2.6250000e+02;1.5646596e-01;2.6250000e+02;1.7389607e-01;2.6250000e+02;2.0160514e-01;2.6250000e+02;2.3019974e-01;2.6250000e+02;2.4650174e-01;2.6250000e+02;2.4750786e-01;2.6250000e+02;2.4061039e-01;2.6250000e+02;2.2641031e-01;2.6250000e+02;2.0539728e-01;2.6250000e+02;1.9101316e-02;2.6250000e+02;2.8311778e-02;2.6250000e+02;4.0473532e-02;2.6250000e+02;5.5185642e-02;2.6250000e+02;7.1087100e-02;2.6250000e+02;8.8081978e-02;2.6250000e+02;1.0556330e-01;2.6250000e+02;1.2398873e-01;2.6250000e+02;1.4149937e-01;2.6250000e+02;1.5646596e-01;2.6250000e+02;1.7389607e-01;2.6250000e+02;2.0160514e-01;2.6250000e+02;2.3019974e-01;2.6250000e+02;2.4650174e-01;2.6250000e+02;2.4750786e-01;2.6250000e+02;2.4061039e-01;2.6250000e+02;2.2641031e-01;2.6250000e+02;2.0539728e-01;2.6250000e+02;1.9101316e-02;2.6250000e+02;2.8311778e-02;2.6250000e+02;4.0473532e-02;2.6250000e+02;5.5185642e-02;2.6250000e+02;7.1087100e-02;2.6250000e+02;8.8081978e-02;2.6250000e+02;1.0556330e-01;2.6250000e+02;1.2398873e-01;2.6250000e+02;1.4149937e-01;2.6250000e+02;1.5646596e-01;2.6250000e+02;1.7389607e-01;2.6250000e+02;2.0160514e-01;2.6250000e+02;2.3019974e-01;2.6250000e+02;2.4650174e-01;2.6250000e+02;2.4750786e-01;2.6250000e+02;2.4061039e-01;2.6250000e+02;2.2641031e-01;2.6250000e+02;2.0539728e-01;2.6250000e+02;1.9101316e-02;2.6250000e+02;2.8311778e-02;2.6250000e+02;4.0473532e-02;2.6250000e+02;5.5185642e-02;2.6250000e+02;7.1087100e-02;2.6250000e+02;8.8081978e-02;2.6250000e+02;1.0556330e-01;2.6250000e+02;1.2398873e-01;2.6250000e+02;1.4149937e-01;2.6250000e+02;1.5646596e-01;2.6250000e+02;1.7389607e-01;2.6250000e+02;2.0160514e-01;2.6250000e+02;2.3019974e-01;2.6250000e+02;2.4650174e-01;2.6250000e+02;2.4750786e-01;2.6250000e+02;2.4061039e-01;2.6250000e+02;2.2641031e-01;2.6250000e+02;2.0539728e-01;2.6250000e+02;1.9101316e-02;2.6250000e+02;2.8311778e-02;2.6250000e+02;4.0473532e-02;2.6250000e+02;5.5185642e-02;2.6250000e+02;7.1087100e-02;2.6250000e+02;8.8081978e-02;2.6250000e+02;1.0556330e-01;2.6250000e+02;1.2398873e-01;2.6250000e+02;1.4149937e-01;2.6250000e+02;1.5646596e-01;2.6250000e+02;1.7389607e-01;2.6250000e+02;2.0160514e-01;2.6250000e+02;2.3019974e-01;2.6250000e+02;2.4650174e-01;2.6250000e+02;2.4750786e-01;2.6250000e+02;2.4061039e-01;2.6250000e+02;2.2641031e-01;2.6250000e+02;2.0539728e-01;2.6250000e+02;1.9101316e-02;2.6250000e+02;2.8311778e-02;2.6250000e+02;4.0473532e-02;2.6250000e+02;5.5185642e-02;2.6250000e+02;7.1087100e-02;2.6250000e+02;8.8081978e-02;2.6250000e+02;1.0556330e-01;2.6250000e+02;1.2398873e-01;2.6250000e+02;1.4149937e-01;2.6250000e+02;1.5646596e-01;2.6250000e+02;1.7389607e-01;2.6250000e+02;2.0160514e-01;2.6250000e+02;2.3019974e-01;2.6250000e+02;2.4650174e-01;2.6250000e+02;2.4750786e-01;2.6250000e+02;2.4061039e-01;2.6250000e+02;2.2641031e-01;2.6250000e+02;2.0539728e-01;2.6250000e+02;1.9101316e-02;2.6250000e+02;2.8311778e-02;2.6250000e+02;4.0473532e-02;2.6250000e+02;5.5185642e-02;2.6250000e+02;7.1087100e-02;2.6250000e+02;8.8081978e-02;2.6250000e+02;1.0556330e-01;2.6250000e+02;1.2398873e-01;2.6250000e+02;1.4149937e-01;2.6250000e+02;1.5646596e-01;2.6250000e+02;1.7389607e-01;2.6250000e+02;2.0160514e-01;2.6250000e+02;2.3019974e-01;2.6250000e+02;2.4650174e-01;2.6250000e+02;2.4750786e-01;2.6250000e+02;2.4061039e-01;2.6250000e+02;2.2641031e-01;2.6250000e+02;2.0539728e-01;2.6250000e+02;1.9101316e-02;2.6250000e+02;2.8311778e-02;2.6250000e+02;4.0473532e-02;2.6250000e+02;5.5185642e-02;2.6250000e+02;7.1087100e-02;2.6250000e+02;8.8081978e-02;2.6250000e+02;1.0556330e-01;2.6250000e+02;1.2398873e-01;2.6250000e+02;1.4149937e-01;2.6250000e+02;1.5646596e-01;2.6250000e+02;1.7389607e-01;2.6250000e+02;2.0160514e-01;2.6250000e+02;2.3019974e-01;2.6250000e+02;2.4650174e-01;2.6250000e+02;2.4750786e-01;2.6250000e+02;2.4061039e-01;2.6250000e+02;2.2641031e-01;2.6250000e+02;2.0539728e-01;2.6250000e+02;1.9101316e-02;2.6250000e+02;2.8311778e-02;2.6250000e+02;4.0473532e-02;2.6250000e+02;5.5185642e-02;2.6250000e+02;7.1087100e-02;2.6250000e+02;8.8081978e-02;2.6250000e+02;1.0556330e-01;2.6250000e+02;1.2398873e-01;2.6250000e+02;1.4149937e-01;2.6250000e+02;1.5646596e-01;2.6250000e+02;1.7389607e-01;2.6250000e+02;2.0160514e-01;2.6250000e+02;2.3019974e-01;2.6250000e+02;2.4650174e-01;2.6250000e+02;2.4750786e-01;2.6250000e+02;2.4061039e-01;2.6250000e+02;2.2641031e-01;2.6250000e+02;2.0539728e-01;2.6250000e+02;1.9101316e-02;2.6250000e+02;2.8311778e-02;2.6250000e+02;4.0473532e-02;2.6250000e+02;5.5185642e-02;2.6250000e+02;7.1087100e-02;2.6250000e+02;8.8081978e-02;2.6250000e+02;1.0556330e-01;2.6250000e+02;1.2398873e-01;2.6250000e+02;1.4149937e-01;2.6250000e+02;1.5646596e-01;2.6250000e+02;1.7389607e-01;2.6250000e+02;2.0160514e-01;2.6250000e+02;2.3019974e-01;2.6250000e+02;2.4650174e-01;2.6250000e+02;2.4750786e-01;2.6250000e+02;2.4061039e-01;2.6250000e+02;2.2641031e-01;2.6250000e+02;2.0539728e-01;2.6250000e+02;1.9101316e-02;2.6250000e+02;2.8311778e-02;2.6250000e+02;4.0473532e-02;2.6250000e+02;5.5185642e-02;2.6250000e+02;7.1087100e-02;2.6250000e+02;8.8081978e-02;2.6250000e+02;1.0556330e-01;2.6250000e+02;1.2398873e-01;2.6250000e+02;1.4149937e-01;2.6250000e+02;1.5646596e-01;2.6250000e+02;1.7389607e-01;2.6250000e+02;2.0160514e-01;2.6250000e+02;2.3019974e-01;2.6250000e+02;2.4650174e-01;2.6250000e+02;2.4750786e-01;2.6250000e+02;2.4061039e-01;2.6250000e+02;2.2641031e-01;2.6250000e+02;2.0539728e-01;2.6250000e+02;1.9101316e-02;2.6250000e+02;2.8311778e-02;2.6250000e+02;4.0473532e-02;2.6250000e+02;5.5185642e-02;2.6250000e+02;7.1087100e-02;2.6250000e+02;8.8081978e-02;2.6250000e+02;1.0556330e-01;2.6250000e+02;1.2398873e-01;2.6250000e+02;1.4149937e-01;2.6250000e+02;1.5646596e-01;2.6250000e+02;1.7389607e-01;2.6250000e+02;2.0160514e-01;2.6250000e+02;2.3019974e-01;2.6250000e+02;2.4650174e-01;2.6250000e+02;2.4750786e-01;2.6250000e+02;2.4061039e-01;2.6250000e+02;2.2641031e-01;2.6250000e+02;2.0539728e-01;2.6250000e+02;1.9101316e-02;2.6250000e+02;2.8311778e-02;2.6250000e+02;4.0473532e-02;2.6250000e+02;5.5185642e-02;2.6250000e+02;7.1087100e-02;2.6250000e+02;8.8081978e-02;2.6250000e+02;1.0556330e-01;2.6250000e+02;1.2398873e-01;2.6250000e+02;1.4149937e-01;2.6250000e+02;1.5646596e-01;2.6250000e+02;1.7389607e-01;2.6250000e+02;2.0160514e-01;2.6250000e+02;2.3019974e-01;2.6250000e+02;2.4650174e-01;2.6250000e+02;2.4750786e-01;2.6250000e+02;2.4061039e-01;2.6250000e+02;2.2641031e-01;2.6250000e+02;2.0539728e-01;2.6250000e+02;1.9101316e-02;2.6250000e+02;2.8311778e-02;2.6250000e+02;4.0473532e-02;2.6250000e+02;5.5185642e-02;2.6250000e+02;7.1087100e-02;2.6250000e+02;8.8081978e-02;2.6250000e+02;1.0556330e-01;2.6250000e+02;1.2398873e-01;2.6250000e+02;1.4149937e-01;2.6250000e+02;1.5646596e-01;2.6250000e+02;1.7389607e-01;2.6250000e+02;2.0160514e-01;2.6250000e+02;2.3019974e-01;2.6250000e+02;2.4650174e-01;2.6250000e+02;2.4750786e-01;2.6250000e+02;2.4061039e-01;2.6250000e+02;2.2641031e-01;2.6250000e+02;2.0539728e-01;2.6250000e+02;1.9101316e-02;2.6250000e+02;2.8311778e-02;2.6250000e+02;4.0473532e-02;2.6250000e+02;5.5185642e-02;2.6250000e+02;7.1087100e-02;2.6250000e+02;8.8081978e-02;2.6250000e+02;1.0556330e-01;2.6250000e+02;1.2398873e-01;2.6250000e+02;1.4149937e-01;2.6250000e+02;1.5646596e-01;2.6250000e+02;1.7389607e-01;2.6250000e+02;2.0160514e-01;2.6250000e+02;2.3019974e-01;2.6250000e+02;2.4650174e-01;2.6250000e+02;2.4750786e-01;2.6250000e+02;2.4061039e-01;2.6250000e+02;2.2641031e-01;2.6250000e+02;2.0539728e-01;2.6250000e+02;1.9101316e-02;2.6250000e+02;2.8311778e-02;2.6250000e+02;4.0473532e-02;2.6250000e+02;5.5185642e-02;2.6250000e+02;7.1087100e-02;2.6250000e+02;8.8081978e-02;2.6250000e+02;1.0556330e-01;2.6250000e+02;1.2398873e-01;2.6250000e+02;1.4149937e-01;2.6250000e+02;1.5646596e-01;2.6250000e+02;1.7389607e-01;2.6250000e+02;2.0160514e-01;2.6250000e+02;2.3019974e-01;2.6250000e+02;2.4650174e-01;2.6250000e+02;2.4750786e-01;2.6250000e+02;2.4061039e-01;2.6250000e+02;2.2641031e-01;2.6250000e+02;2.0539728e-01;2.6250000e+02;1.9101316e-02;2.6250000e+02;2.8311778e-02;2.6250000e+02;4.0473532e-02;2.6250000e+02;5.5185642e-02;2.6250000e+02;7.1087100e-02;2.6250000e+02;8.8081978e-02;2.6250000e+02;1.0556330e-01;2.6250000e+02;1.2398873e-01;2.6250000e+02;1.4149937e-01;2.6250000e+02;1.5646596e-01;2.6250000e+02;1.7389607e-01;2.6250000e+02;2.0160514e-01;2.6250000e+02;2.3019974e-01;2.6250000e+02;2.4650174e-01;2.6250000e+02;2.4750786e-01;2.6250000e+02;2.4061039e-01;2.6250000e+02;2.2641031e-01;2.6250000e+02;2.0539728e-01;2.6250000e+02;1.9101316e-02;2.6250000e+02;2.8311778e-02;2.6250000e+02;4.0473532e-02;2.6250000e+02;5.5185642e-02;2.6250000e+02;7.1087100e-02;2.6250000e+02;8.8081978e-02;2.6250000e+02;1.0556330e-01;2.6250000e+02;1.2398873e-01;2.6250000e+02;1.4149937e-01;2.6250000e+02;1.5646596e-01;2.6250000e+02;1.7389607e-01;2.6250000e+02;2.0160514e-01;2.6250000e+02;2.3019974e-01;2.6250000e+02;2.4650174e-01;2.6250000e+02;2.4750786e-01;2.6250000e+02;2.4061039e-01;2.6250000e+02;2.2641031e-01;2.6250000e+02;2.0539728e-01;2.6250000e+02;1.9101316e-02;2.6250000e+02;2.8311778e-02;2.6250000e+02;4.0473532e-02;2.6250000e+02;5.5185642e-02;2.6250000e+02;7.1087100e-02;2.6250000e+02;8.8081978e-02;2.6250000e+02;1.0556330e-01;2.6250000e+02;1.2398873e-01;2.6250000e+02;1.4149937e-01;2.6250000e+02;1.5646596e-01;2.6250000e+02;1.7389607e-01;2.6250000e+02;2.0160514e-01;2.6250000e+02;2.3019974e-01;2.6250000e+02;2.4650174e-01;2.6250000e+02;2.4750786e-01;2.6250000e+02;2.4061039e-01;2.6250000e+02;2.2641031e-01;2.6250000e+02;2.0539728e-01;2.6250000e+02;1.9101316e-02;2.6250000e+02;2.8311778e-02;2.6250000e+02;4.0473532e-02;2.6250000e+02;5.5185642e-02;2.6250000e+02;7.1087100e-02;2.6250000e+02;8.8081978e-02;2.6250000e+02;1.0556330e-01;2.6250000e+02;1.2398873e-01;2.6250000e+02;1.4149937e-01;2.6250000e+02;1.5646596e-01;2.6250000e+02;1.7389607e-01;2.6250000e+02;2.0160514e-01;2.6250000e+02;2.3019974e-01;2.6250000e+02;2.4650174e-01;2.6250000e+02;2.4750786e-01;2.6250000e+02;2.4061039e-01;2.6250000e+02;2.2641031e-01;2.6250000e+02;2.0539728e-01;2.6250000e+02;1.9101316e-02;2.6250000e+02;2.8311778e-02;2.6250000e+02;4.0473532e-02;2.6250000e+02;5.5185642e-02;2.6250000e+02;7.1087100e-02;2.6250000e+02;8.8081978e-02;2.6250000e+02;1.0556330e-01;2.6250000e+02;1.2398873e-01;2.6250000e+02;1.4149937e-01;2.6250000e+02;1.5646596e-01;2.6250000e+02;1.7389607e-01;2.6250000e+02;2.0160514e-01;2.6250000e+02;2.3019974e-01;2.6250000e+02;2.4650174e-01;2.6250000e+02;2.4750786e-01;2.6250000e+02;2.4061039e-01;2.6250000e+02;2.2641031e-01;2.6250000e+02;2.0539728e-01;2.6250000e+02;1.9101316e-02;2.6250000e+02;2.8311778e-02;2.6250000e+02;4.0473532e-02;2.6250000e+02;5.5185642e-02;2.6250000e+02;7.1087100e-02;2.6250000e+02;8.8081978e-02;2.6250000e+02;1.0556330e-01;2.6250000e+02;1.2398873e-01;2.6250000e+02;1.4149937e-01;2.6250000e+02;1.5646596e-01;2.6250000e+02;1.7389607e-01;2.6250000e+02;2.0160514e-01;2.6250000e+02;2.3019974e-01;2.6250000e+02;2.4650174e-01;2.6250000e+02;2.4750786e-01;2.6250000e+02;2.4061039e-01;2.6250000e+02;2.2641031e-01;2.6250000e+02;2.0539728e-01;2.6250000e+02;1.9101316e-02;2.6250000e+02;2.8311778e-02;2.6250000e+02;4.0473532e-02;2.6250000e+02;5.5185642e-02;2.6250000e+02;7.1087100e-02;2.6250000e+02;8.8081978e-02;2.6250000e+02;1.0556330e-01;2.6250000e+02;1.2398873e-01;2.6250000e+02;1.4149937e-01;2.6250000e+02;1.5646596e-01;2.6250000e+02;1.7389607e-01;2.6250000e+02;2.0160514e-01;2.6250000e+02;2.3019974e-01;2.6250000e+02;2.4650174e-01;2.6250000e+02;2.4750786e-01;2.6250000e+02;2.4061039e-01;2.6250000e+02;2.2641031e-01;2.6250000e+02;2.0539728e-01;2.6250000e+02;1.9101316e-02;2.6250000e+02;2.8311778e-02;2.6250000e+02;4.0473532e-02;2.6250000e+02;5.5185642e-02;2.6250000e+02;7.1087100e-02;2.6250000e+02;8.8081978e-02;2.6250000e+02;1.0556330e-01;2.6250000e+02;1.2398873e-01;2.6250000e+02;1.4149937e-01;2.6250000e+02;1.5646596e-01;2.6250000e+02;1.7389607e-01;2.6250000e+02;2.0160514e-01;2.6250000e+02;2.3019974e-01;2.6250000e+02;2.4650174e-01;2.6250000e+02;2.4750786e-01;2.6250000e+02;2.4061039e-01;2.6250000e+02;2.2641031e-01;2.6250000e+02;2.0539728e-01;2.6250000e+02;1.9101316e-02;2.6250000e+02;2.8311778e-02;2.6250000e+02;4.0473532e-02;2.6250000e+02;5.5185642e-02;2.6250000e+02;7.1087100e-02;2.6250000e+02;8.8081978e-02;2.6250000e+02;1.0556330e-01;2.6250000e+02;1.2398873e-01;2.6250000e+02;1.4149937e-01;2.6250000e+02;1.5646596e-01;2.6250000e+02;1.7389607e-01;2.6250000e+02;2.0160514e-01;2.6250000e+02;2.3019974e-01;2.6250000e+02;2.4650174e-01;2.6250000e+02;2.4750786e-01;2.6250000e+02;2.4061039e-01;2.6250000e+02;2.2641031e-01;2.6250000e+02;2.0539728e-01;2.6250000e+02;1.9101316e-02;2.6250000e+02;2.8311778e-02;2.6250000e+02;4.0473532e-02;2.6250000e+02;5.5185642e-02;2.6250000e+02;7.1087100e-02;2.6250000e+02;8.8081978e-02;2.6250000e+02;1.0556330e-01;2.6250000e+02;1.2398873e-01;2.6250000e+02;1.4149937e-01;2.6250000e+02;1.5646596e-01;2.6250000e+02;1.7389607e-01;2.6250000e+02;2.0160514e-01;2.6250000e+02;2.3019974e-01;2.6250000e+02;2.4650174e-01;2.6250000e+02;2.4750786e-01;2.6250000e+02;2.4061039e-01;2.6250000e+02;2.2641031e-01;2.6250000e+02;2.0539728e-01;2.6250000e+02;1.9101316e-02;2.6250000e+02;2.8311778e-02;2.6250000e+02;4.0473532e-02;2.6250000e+02;5.5185642e-02;2.6250000e+02;7.1087100e-02;2.6250000e+02;8.8081978e-02;2.6250000e+02;1.0556330e-01;2.6250000e+02;1.2398873e-01;2.6250000e+02;1.4149937e-01;2.6250000e+02;1.5646596e-01;2.6250000e+02;1.7389607e-01;2.6250000e+02;2.0160514e-01;2.6250000e+02;2.3019974e-01;2.6250000e+02;2.4650174e-01;2.6250000e+02;2.4750786e-01;2.6250000e+02;2.4061039e-01;2.6250000e+02;2.2641031e-01;2.6250000e+02;2.0539728e-01;2.6250000e+02;1.9101316e-02;2.6250000e+02;2.8311778e-02;2.6250000e+02;4.0473532e-02;2.6250000e+02;5.5185642e-02;2.6250000e+02;7.1087100e-02;2.6250000e+02;8.8081978e-02;2.6250000e+02;1.0556330e-01;2.6250000e+02;1.2398873e-01;2.6250000e+02;1.4149937e-01;2.6250000e+02;1.5646596e-01;2.6250000e+02;1.7389607e-01;2.6250000e+02;2.0160514e-01;2.6250000e+02;2.3019974e-01;2.6250000e+02;2.4650174e-01;2.6250000e+02;2.4750786e-01;2.6250000e+02;2.4061039e-01;2.6250000e+02;2.2641031e-01;2.6250000e+02;2.0539728e-01;2.6250000e+02;1.9101316e-02;2.6250000e+02;2.8311778e-02;2.6250000e+02;4.0473532e-02;2.6250000e+02;5.5185642e-02;2.6250000e+02;7.1087100e-02;2.6250000e+02;8.8081978e-02;2.6250000e+02;1.0556330e-01;2.6250000e+02;1.2398873e-01;2.6250000e+02;1.4149937e-01;2.6250000e+02;1.5646596e-01;2.6250000e+02;1.7389607e-01;2.6250000e+02;2.0160514e-01;2.6250000e+02;2.3019974e-01;2.6250000e+02;2.4650174e-01;2.6250000e+02;2.4750786e-01;2.6250000e+02;2.4061039e-01;2.6250000e+02;2.2641031e-01;2.6250000e+02;2.0539728e-01;2.6250000e+02;1.9101316e-02;2.6250000e+02;2.8311778e-02;2.6250000e+02;4.0473532e-02;2.6250000e+02;5.5185642e-02;2.6250000e+02;7.1087100e-02;2.6250000e+02;8.8081978e-02;2.6250000e+02;1.0556330e-01;2.6250000e+02;1.2398873e-01;2.6250000e+02;1.4149937e-01;2.6250000e+02;1.5646596e-01;2.6250000e+02;1.7389607e-01;2.6250000e+02;2.0160514e-01;2.6250000e+02;2.3019974e-01;2.6250000e+02;2.4650174e-01;2.6250000e+02;2.4750786e-01;2.6250000e+02;2.4061039e-01;2.6250000e+02;2.2641031e-01;2.6250000e+02;2.0539728e-01;2.6250000e+02;1.9101316e-02;2.6250000e+02;2.8311778e-02;2.6250000e+02;4.0473532e-02;2.6250000e+02;5.5185642e-02;2.6250000e+02;7.1087100e-02;2.6250000e+02;8.8081978e-02;2.6250000e+02;1.0556330e-01;2.6250000e+02;1.2398873e-01;2.6250000e+02;1.4149937e-01;2.6250000e+02;1.5646596e-01;2.6250000e+02;1.7389607e-01;2.6250000e+02;2.0160514e-01;2.6250000e+02;2.3019974e-01;2.6250000e+02;2.4650174e-01;2.6250000e+02;2.4750786e-01;2.6250000e+02;2.4061039e-01;2.6250000e+02;2.2641031e-01;2.6250000e+02;2.0539728e-01;2.6250000e+02;1.9101316e-02;2.6250000e+02;2.8311778e-02;2.6250000e+02;4.0473532e-02;2.6250000e+02;5.5185642e-02;2.6250000e+02;7.1087100e-02;2.6250000e+02;8.8081978e-02;2.6250000e+02;1.0556330e-01;2.6250000e+02;1.2398873e-01;2.6250000e+02;1.4149937e-01;2.6250000e+02;1.5646596e-01;2.6250000e+02;1.7389607e-01;2.6250000e+02;2.0160514e-01;2.6250000e+02;2.3019974e-01;2.6250000e+02;2.4650174e-01;2.6250000e+02;2.4750786e-01;2.6250000e+02;2.4061039e-01;2.6250000e+02;2.2641031e-01;2.6250000e+02;2.0539728e-01;2.6250000e+02;1.9101316e-02;2.6250000e+02;2.8311778e-02;2.6250000e+02;4.0473532e-02;2.6250000e+02;5.5185642e-02;2.6250000e+02;7.1087100e-02;2.6250000e+02;8.8081978e-02;2.6250000e+02;1.0556330e-01;2.6250000e+02;1.2398873e-01;2.6250000e+02;1.4149937e-01;2.6250000e+02;1.5646596e-01;2.6250000e+02;1.7389607e-01;2.6250000e+02;2.0160514e-01;2.6250000e+02;2.3019974e-01;2.6250000e+02;2.4650174e-01;2.6250000e+02;2.4750786e-01;2.6250000e+02;2.4061039e-01;2.6250000e+02;2.2641031e-01;2.6250000e+02;2.0539728e-01;2.6250000e+02;1.9101316e-02;2.6250000e+02;2.8311778e-02;2.6250000e+02;4.0473532e-02;2.6250000e+02;5.5185642e-02;2.6250000e+02;7.1087100e-02;2.6250000e+02;8.8081978e-02;2.6250000e+02;1.0556330e-01;2.6250000e+02;1.2398873e-01;2.6250000e+02;1.4149937e-01;2.6250000e+02;1.5646596e-01;2.6250000e+02;1.7389607e-01;2.6250000e+02;2.0160514e-01;2.6250000e+02;2.3019974e-01;2.6250000e+02;2.4650174e-01;2.6250000e+02;2.4750786e-01;2.6250000e+02;2.4061039e-01;2.6250000e+02;2.2641031e-01;2.6250000e+02;2.0539728e-01;2.6250000e+02;1.9101316e-02;2.6250000e+02;2.8311778e-02;2.6250000e+02;4.0473532e-02;2.6250000e+02;5.5185642e-02;2.6250000e+02;7.1087100e-02;2.6250000e+02;8.8081978e-02;2.6250000e+02;1.0556330e-01;2.6250000e+02;1.2398873e-01;2.6250000e+02;1.4149937e-01;2.6250000e+02;1.5646596e-01;2.6250000e+02;1.7389607e-01;2.6250000e+02;2.0160514e-01;2.6250000e+02;2.3019974e-01;2.6250000e+02;2.4650174e-01;2.6250000e+02;2.4750786e-01;2.6250000e+02;2.4061039e-01;2.6250000e+02;2.2641031e-01;2.6250000e+02;2.0539728e-01;2.6250000e+02;1.9101316e-02;2.6250000e+02;2.8311778e-02;2.6250000e+02;4.0473532e-02;2.6250000e+02;5.5185642e-02;2.6250000e+02;7.1087100e-02;2.6250000e+02;8.8081978e-02;2.6250000e+02;1.0556330e-01;2.6250000e+02;1.2398873e-01;2.6250000e+02;1.4149937e-01;2.6250000e+02;1.5646596e-01;2.6250000e+02;1.7389607e-01;2.6250000e+02;2.0160514e-01;2.6250000e+02;2.3019974e-01;2.6250000e+02;2.4650174e-01;2.6250000e+02;2.4750786e-01;2.6250000e+02;2.4061039e-01;2.6250000e+02;2.2641031e-01;2.6250000e+02;2.0539728e-01;2.6250000e+02;1.9101316e-02;2.6250000e+02;2.8311778e-02;2.6250000e+02;4.0473532e-02;2.6250000e+02;5.5185642e-02;2.6250000e+02;7.1087100e-02;2.6250000e+02;8.8081978e-02;2.6250000e+02;1.0556330e-01;2.6250000e+02;1.2398873e-01;2.6250000e+02;1.4149937e-01;2.6250000e+02;1.5646596e-01;2.6250000e+02;1.7389607e-01;2.6250000e+02;2.0160514e-01;2.6250000e+02;2.3019974e-01;2.6250000e+02;2.4650174e-01;2.6250000e+02;2.4750786e-01;2.6250000e+02;2.4061039e-01;2.6250000e+02;2.2641031e-01;2.6250000e+02;2.0539728e-01;2.6250000e+02;1.9101316e-02;2.6250000e+02;2.8311778e-02;2.6250000e+02;4.0473532e-02;2.6250000e+02;5.5185642e-02;2.6250000e+02;7.1087100e-02;2.6250000e+02;8.8081978e-02;2.6250000e+02;1.0556330e-01;2.6250000e+02;1.2398873e-01;2.6250000e+02;1.4149937e-01;2.6250000e+02;1.5646596e-01;2.6250000e+02;1.7389607e-01;2.6250000e+02;2.0160514e-01;2.6250000e+02;2.3019974e-01;2.6250000e+02;2.4650174e-01;2.6250000e+02;2.4750786e-01;2.6250000e+02;2.4061039e-01;2.6250000e+02;2.2641031e-01;2.6250000e+02;2.0539728e-01;2.6250000e+02;1.9101316e-02;2.6250000e+02;2.8311778e-02;2.6250000e+02;4.0473532e-02;2.6250000e+02;5.5185642e-02;2.6250000e+02;7.1087100e-02;2.6250000e+02;8.8081978e-02;2.6250000e+02;1.0556330e-01;2.6250000e+02;1.2398873e-01;2.6250000e+02;1.4149937e-01;2.6250000e+02;1.5646596e-01;2.6250000e+02;1.7389607e-01;2.6250000e+02;2.0160514e-01;2.6250000e+02;2.3019974e-01;2.6250000e+02;2.4650174e-01;2.6250000e+02;2.4750786e-01;2.6250000e+02;2.4061039e-01;2.6250000e+02;2.2641031e-01;2.6250000e+02;2.0539728e-01;2.6250000e+02;1.9101316e-02;2.6250000e+02;2.8311778e-02;2.6250000e+02;4.0473532e-02;2.6250000e+02;5.5185642e-02;2.6250000e+02;7.1087100e-02;2.6250000e+02;8.8081978e-02;2.6250000e+02;1.0556330e-01;2.6250000e+02;1.2398873e-01;2.6250000e+02;1.4149937e-01;2.6250000e+02;1.5646596e-01;2.6250000e+02;1.7389607e-01;2.6250000e+02;2.0160514e-01;2.6250000e+02;2.3019974e-01;2.6250000e+02;2.4650174e-01;2.6250000e+02;2.4750786e-01;2.6250000e+02;2.4061039e-01;2.6250000e+02;2.2641031e-01;2.6250000e+02;2.0539728e-01;2.6250000e+02;1.9101316e-02;2.6250000e+02;2.8311778e-02;2.6250000e+02;4.0473532e-02;2.6250000e+02;5.5185642e-02;2.6250000e+02;7.1087100e-02;2.6250000e+02;8.8081978e-02;2.6250000e+02;1.0556330e-01;2.6250000e+02;1.2398873e-01;2.6250000e+02;1.4149937e-01;2.6250000e+02;1.5646596e-01;2.6250000e+02;1.7389607e-01;2.6250000e+02;2.0160514e-01;2.6250000e+02;2.3019974e-01;2.6250000e+02;2.4650174e-01;2.6250000e+02;2.4750786e-01;2.6250000e+02;2.4061039e-01;2.6250000e+02;2.2641031e-01;2.6250000e+02;2.0539728e-01;2.6250000e+02;1.9101316e-02;2.6250000e+02;2.8311778e-02;2.6250000e+02;4.0473532e-02;2.6250000e+02;5.5185642e-02;2.6250000e+02;7.1087100e-02;2.6250000e+02;8.8081978e-02;2.6250000e+02;1.0556330e-01;2.6250000e+02;1.2398873e-01;2.6250000e+02;1.4149937e-01;2.6250000e+02;1.5646596e-01;2.6250000e+02;1.7389607e-01;2.6250000e+02;2.0160514e-01;2.6250000e+02;2.3019974e-01;2.6250000e+02;2.4650174e-01;2.6250000e+02;2.4750786e-01;2.6250000e+02;2.4061039e-01;2.6250000e+02;2.2641031e-01;2.6250000e+02;2.0539728e-01;2.6250000e+02;1.9101316e-02;2.6250000e+02;2.8311778e-02;2.6250000e+02;4.0473532e-02;2.6250000e+02;5.5185642e-02;2.6250000e+02;7.1087100e-02;2.6250000e+02;8.8081978e-02;2.6250000e+02;1.0556330e-01;2.6250000e+02;1.2398873e-01;2.6250000e+02;1.4149937e-01;2.6250000e+02;1.5646596e-01;2.6250000e+02;1.7389607e-01;2.6250000e+02;2.0160514e-01;2.6250000e+02;2.3019974e-01;2.6250000e+02;2.4650174e-01;2.6250000e+02;2.4750786e-01;2.6250000e+02;2.4061039e-01;2.6250000e+02;2.2641031e-01;2.6250000e+02;2.0539728e-01;2.6250000e+02;1.9101316e-02;2.6250000e+02;2.8311778e-02;2.6250000e+02;4.0473532e-02;2.6250000e+02;5.5185642e-02;2.6250000e+02;7.1087100e-02;2.6250000e+02;8.8081978e-02;2.6250000e+02;1.0556330e-01;2.6250000e+02;1.2398873e-01;2.6250000e+02;1.4149937e-01;2.6250000e+02;1.5646596e-01;2.6250000e+02;1.7389607e-01;2.6250000e+02;2.0160514e-01;2.6250000e+02;2.3019974e-01;2.6250000e+02;2.4650174e-01;2.6250000e+02;2.4750786e-01;2.6250000e+02;2.4061039e-01;2.6250000e+02;2.2641031e-01;2.6250000e+02;2.0539728e-01;2.6250000e+02;1.9101316e-02;2.6250000e+02;2.8311778e-02;2.6250000e+02;4.0473532e-02;2.6250000e+02;5.5185642e-02;2.6250000e+02;7.1087100e-02;2.6250000e+02;8.8081978e-02;2.6250000e+02;1.0556330e-01;2.6250000e+02;1.2398873e-01;2.6250000e+02;1.4149937e-01;2.6250000e+02;1.5646596e-01;2.6250000e+02;1.7389607e-01;2.6250000e+02;2.0160514e-01;2.6250000e+02;2.3019974e-01;2.6250000e+02;2.4650174e-01;2.6250000e+02;2.4750786e-01;2.6250000e+02;2.4061039e-01;2.6250000e+02;2.2641031e-01;2.6250000e+02;2.0539728e-01;2.6250000e+02;1.9101316e-02;2.6250000e+02;2.8311778e-02;2.6250000e+02;4.0473532e-02;2.6250000e+02;5.5185642e-02;2.6250000e+02;7.1087100e-02;2.6250000e+02;8.8081978e-02;2.6250000e+02;1.0556330e-01;2.6250000e+02;1.2398873e-01;2.6250000e+02;1.4149937e-01;2.6250000e+02;1.5646596e-01;2.6250000e+02;1.7389607e-01;2.6250000e+02;2.0160514e-01;2.6250000e+02;2.3019974e-01;2.6250000e+02;2.4650174e-01;2.6250000e+02;2.4750786e-01;2.6250000e+02;2.4061039e-01;2.6250000e+02;2.2641031e-01;2.6250000e+02;2.0539728e-01;2.6250000e+02;1.9101316e-02;2.6250000e+02;2.8311778e-02;2.6250000e+02;4.0473532e-02;2.6250000e+02;5.5185642e-02;2.6250000e+02;7.1087100e-02;2.6250000e+02;8.8081978e-02;2.6250000e+02;1.0556330e-01;2.6250000e+02;1.2398873e-01;2.6250000e+02;1.4149937e-01;2.6250000e+02;1.5646596e-01;2.6250000e+02;1.7389607e-01;2.6250000e+02;2.0160514e-01;2.6250000e+02;2.3019974e-01;2.6250000e+02;2.4650174e-01;2.6250000e+02;2.4750786e-01;2.6250000e+02;2.4061039e-01;2.6250000e+02;2.2641031e-01;2.6250000e+02;2.0539728e-01;2.6250000e+02;1.9101316e-02;2.6250000e+02;2.8311778e-02;2.6250000e+02;4.0473532e-02;2.6250000e+02;5.5185642e-02;2.6250000e+02;7.1087100e-02;2.6250000e+02;8.8081978e-02;2.6250000e+02;1.0556330e-01;2.6250000e+02;1.2398873e-01;2.6250000e+02;1.4149937e-01;2.6250000e+02;1.5646596e-01;2.6250000e+02;1.7389607e-01;2.6250000e+02;2.0160514e-01;2.6250000e+02;2.3019974e-01;2.6250000e+02;2.4650174e-01;2.6250000e+02;2.4750786e-01;2.6250000e+02;2.4061039e-01;2.6250000e+02;2.2641031e-01;2.6250000e+02;2.0539728e-01;2.6250000e+02;1.9101316e-02;2.6250000e+02;2.8311778e-02;2.6250000e+02;4.0473532e-02;2.6250000e+02;5.5185642e-02;2.6250000e+02;7.1087100e-02;2.6250000e+02;8.8081978e-02;2.6250000e+02;1.0556330e-01;2.6250000e+02;1.2398873e-01;2.6250000e+02;1.4149937e-01;2.6250000e+02;1.5646596e-01;2.6250000e+02;1.7389607e-01;2.6250000e+02;2.0160514e-01;2.6250000e+02;2.3019974e-01;2.6250000e+02;2.4650174e-01;2.6250000e+02;2.4750786e-01;2.6250000e+02;2.4061039e-01;2.6250000e+02;2.2641031e-01;2.6250000e+02;2.0539728e-01;2.6250000e+02;1.9101316e-02;2.6250000e+02;2.8311778e-02;2.6250000e+02;4.0473532e-02;2.6250000e+02;5.5185642e-02;2.6250000e+02;7.1087100e-02;2.6250000e+02;8.8081978e-02;2.6250000e+02;1.0556330e-01;2.6250000e+02;1.2398873e-01;2.6250000e+02;1.4149937e-01;2.6250000e+02;1.5646596e-01;2.6250000e+02;1.7389607e-01;2.6250000e+02;2.0160514e-01;2.6250000e+02;2.3019974e-01;2.6250000e+02;2.4650174e-01;2.6250000e+02;2.4750786e-01;2.6250000e+02;2.4061039e-01;2.6250000e+02;2.2641031e-01;2.6250000e+02;2.0539728e-01;2.6250000e+02;1.9101316e-02;2.6250000e+02;2.8311778e-02;2.6250000e+02;4.0473532e-02;2.6250000e+02;5.5185642e-02;2.6250000e+02;7.1087100e-02;2.6250000e+02;8.8081978e-02;2.6250000e+02;1.0556330e-01;2.6250000e+02;1.2398873e-01;2.6250000e+02;1.4149937e-01;2.6250000e+02;1.5646596e-01;2.6250000e+02;1.7389607e-01;2.6250000e+02;2.0160514e-01;2.6250000e+02;2.3019974e-01;2.6250000e+02;2.4650174e-01;2.6250000e+02;2.4750786e-01;2.6250000e+02;2.4061039e-01;2.6250000e+02;2.2641031e-01;2.6250000e+02;2.0539728e-01;2.6250000e+02;1.9101316e-02;2.6250000e+02;2.8311778e-02;2.6250000e+02;4.0473532e-02;2.6250000e+02;5.5185642e-02;2.6250000e+02;7.1087100e-02;2.6250000e+02;8.8081978e-02;2.6250000e+02;1.0556330e-01;2.6250000e+02;1.2398873e-01;2.6250000e+02;1.4149937e-01;2.6250000e+02;1.5646596e-01;2.6250000e+02;1.7389607e-01;2.6250000e+02;2.0160514e-01;2.6250000e+02;2.3019974e-01;2.6250000e+02;2.4650174e-01;2.6250000e+02;2.4750786e-01;2.6250000e+02;2.4061039e-01;2.6250000e+02;2.2641031e-01;2.6250000e+02;2.0539728e-01;2.6250000e+02;1.9101316e-02;2.6250000e+02;2.8311778e-02;2.6250000e+02;4.0473532e-02;2.6250000e+02;5.5185642e-02;2.6250000e+02;7.1087100e-02;2.6250000e+02;8.8081978e-02;2.6250000e+02;1.0556330e-01;2.6250000e+02;1.2398873e-01;2.6250000e+02;1.4149937e-01;2.6250000e+02;1.5646596e-01;2.6250000e+02;1.7389607e-01;2.6250000e+02;2.0160514e-01;2.6250000e+02;2.3019974e-01;2.6250000e+02;2.4650174e-01;2.6250000e+02;2.4750786e-01;2.6250000e+02;2.4061039e-01;2.6250000e+02;2.2641031e-01;2.6250000e+02;2.0539728e-01;2.6250000e+02;1.9101316e-02;2.6250000e+02;2.8311778e-02;2.6250000e+02;4.0473532e-02;2.6250000e+02;5.5185642e-02;2.6250000e+02;7.1087100e-02;2.6250000e+02;8.8081978e-02;2.6250000e+02;1.0556330e-01;2.6250000e+02;1.2398873e-01;2.6250000e+02;1.4149937e-01;2.6250000e+02;1.5646596e-01;2.6250000e+02;1.7389607e-01;2.6250000e+02;2.0160514e-01;2.6250000e+02;2.3019974e-01;2.6250000e+02;2.4650174e-01;2.6250000e+02;2.4750786e-01;2.6250000e+02;2.4061039e-01;2.6250000e+02;2.2641031e-01;2.6250000e+02;2.0539728e-01;2.6250000e+02;1.9101316e-02;2.6250000e+02;2.8311778e-02;2.6250000e+02;4.0473532e-02;2.6250000e+02;5.5185642e-02;2.6250000e+02;7.1087100e-02;2.6250000e+02;8.8081978e-02;2.6250000e+02;1.0556330e-01;2.6250000e+02;1.2398873e-01;2.6250000e+02;1.4149937e-01;2.6250000e+02;1.5646596e-01;2.6250000e+02;1.7389607e-01;2.6250000e+02;2.0160514e-01;2.6250000e+02;2.3019974e-01;2.6250000e+02;2.4650174e-01;2.6250000e+02;2.4750786e-01;2.6250000e+02;2.4061039e-01;2.6250000e+02;2.2641031e-01;2.6250000e+02;2.0539728e-01;2.6250000e+02;1.9101316e-02;2.6250000e+02;2.8311778e-02;2.6250000e+02;4.0473532e-02;2.6250000e+02;5.5185642e-02;2.6250000e+02;7.1087100e-02;2.6250000e+02;8.8081978e-02;2.6250000e+02;1.0556330e-01;2.6250000e+02;1.2398873e-01;2.6250000e+02;1.4149937e-01;2.6250000e+02;1.5646596e-01;2.6250000e+02;1.7389607e-01;2.6250000e+02;2.0160514e-01;2.6250000e+02;2.3019974e-01;2.6250000e+02;2.4650174e-01;2.6250000e+02;2.4750786e-01;2.6250000e+02;2.4061039e-01;2.6250000e+02;2.2641031e-01;2.6250000e+02;2.0539728e-01;2.6250000e+02;1.9101316e-02;2.6250000e+02;2.8311778e-02;2.6250000e+02;4.0473532e-02;2.6250000e+02;5.5185642e-02;2.6250000e+02;7.1087100e-02;2.6250000e+02;8.8081978e-02;2.6250000e+02;1.0556330e-01;2.6250000e+02;1.2398873e-01;2.6250000e+02;1.4149937e-01;2.6250000e+02;1.5646596e-01;2.6250000e+02;1.7389607e-01;2.6250000e+02;2.0160514e-01;2.6250000e+02;2.3019974e-01;2.6250000e+02;2.4650174e-01;2.6250000e+02;2.4750786e-01;2.6250000e+02;2.4061039e-01;2.6250000e+02;2.2641031e-01;2.6250000e+02;2.0539728e-01;2.6250000e+02;1.9101316e-02;2.6250000e+02;2.8311778e-02;2.6250000e+02;4.0473532e-02;2.6250000e+02;5.5185642e-02;2.6250000e+02;7.1087100e-02;2.6250000e+02;8.8081978e-02;2.6250000e+02;1.0556330e-01;2.6250000e+02;1.2398873e-01;2.6250000e+02;1.4149937e-01;2.6250000e+02;1.5646596e-01;2.6250000e+02;1.7389607e-01;2.6250000e+02;2.0160514e-01;2.6250000e+02;2.3019974e-01;2.6250000e+02;2.4650174e-01;2.6250000e+02;2.4750786e-01;2.6250000e+02;2.4061039e-01;2.6250000e+02;2.2641031e-01;2.6250000e+02;2.0539728e-01;2.6250000e+02;1.9101316e-02;2.6250000e+02;2.8311778e-02;2.6250000e+02;4.0473532e-02;2.6250000e+02;5.5185642e-02;2.6250000e+02;7.1087100e-02;2.6250000e+02;8.8081978e-02;2.6250000e+02;1.0556330e-01;2.6250000e+02;1.2398873e-01;2.6250000e+02;1.4149937e-01;2.6250000e+02;1.5646596e-01;2.6250000e+02;1.7389607e-01;2.6250000e+02;2.0160514e-01;2.6250000e+02;2.3019974e-01;2.6250000e+02;2.4650174e-01;2.6250000e+02;2.4750786e-01;2.6250000e+02;2.4061039e-01;2.6250000e+02;2.2641031e-01;2.6250000e+02;2.0539728e-01
2.6750000e+02;2.1612216e-02;2.6750000e+02;3.0111142e-02;2.6750000e+02;4.2484932e-02;2.6750000e+02;5.8315743e-02;2.6750000e+02;7.6873273e-02;2.6750000e+02;9.6539289e-02;2.6750000e+02;1.1613786e-01;2.6750000e+02;1.3573492e-01;2.6750000e+02;1.5350185e-01;2.6750000e+02;1.7032675e-01;2.6750000e+02;1.8906876e-01;2.6750000e+02;2.1676326e-01;2.6750000e+02;2.4259849e-01;2.6750000e+02;2.5394917e-01;2.6750000e+02;2.5228506e-01;2.6750000e+02;2.4332654e-01;2.6750000e+02;2.2731304e-01;2.6750000e+02;2.0487942e-01;2.6750000e+02;2.1612216e-02;2.6750000e+02;3.0111142e-02;2.6750000e+02;4.2484932e-02;2.6750000e+02;5.8315743e-02;2.6750000e+02;7.6873273e-02;2.6750000e+02;9.6539289e-02;2.6750000e+02;1.1613786e-01;2.6750000e+02;1.3573492e-01;2.6750000e+02;1.5350185e-01;2.6750000e+02;1.7032675e-01;2.6750000e+02;1.8906876e-01;2.6750000e+02;2.1676326e-01;2.6750000e+02;2.4259849e-01;2.6750000e+02;2.5394917e-01;2.6750000e+02;2.5228506e-01;2.6750000e+02;2.4332654e-01;2.6750000e+02;2.2731304e-01;2.6750000e+02;2.0487942e-01;2.6750000e+02;2.1612216e-02;2.6750000e+02;3.0111142e-02;2.6750000e+02;4.2484932e-02;2.6750000e+02;5.8315743e-02;2.6750000e+02;7.6873273e-02;2.6750000e+02;9.6539289e-02;2.6750000e+02;1.1613786e-01;2.6750000e+02;1.3573492e-01;2.6750000e+02;1.5350185e-01;2.6750000e+02;1.7032675e-01;2.6750000e+02;1.8906876e-01;2.6750000e+02;2.1676326e-01;2.6750000e+02;2.4259849e-01;2.6750000e+02;2.5394917e-01;2.6750000e+02;2.5228506e-01;2.6750000e+02;2.4332654e-01;2.6750000e+02;2.2731304e-01;2.6750000e+02;2.0487942e-01;2.6750000e+02;2.1612216e-02;2.6750000e+02;3.0111142e-02;2.6750000e+02;4.2484932e-02;2.6750000e+02;5.8315743e-02;2.6750000e+02;7.6873273e-02;2.6750000e+02;9.6539289e-02;2.6750000e+02;1.1613786e-01;2.6750000e+02;1.3573492e-01;2.6750000e+02;1.5350185e-01;2.6750000e+02;1.7032675e-01;2.6750000e+02;1.8906876e-01;2.6750000e+02;2.1676326e-01;2.6750000e+02;2.4259849e-01;2.6750000e+02;2.5394917e-01;2.6750000e+02;2.5228506e-01;2.6750000e+02;2.4332654e-01;2.6750000e+02;2.2731304e-01;2.6750000e+02;2.0487942e-01;2.6750000e+02;2.1612216e-02;2.6750000e+02;3.0111142e-02;2.6750000e+02;4.2484932e-02;2.6750000e+02;5.8315743e-02;2.6750000e+02;7.6873273e-02;2.6750000e+02;9.6539289e-02;2.6750000e+02;1.1613786e-01;2.6750000e+02;1.3573492e-01;2.6750000e+02;1.5350185e-01;2.6750000e+02;1.7032675e-01;2.6750000e+02;1.8906876e-01;2.6750000e+02;2.1676326e-01;2.6750000e+02;2.4259849e-01;2.6750000e+02;2.5394917e-01;2.6750000e+02;2.5228506e-01;2.6750000e+02;2.4332654e-01;2.6750000e+02;2.2731304e-01;2.6750000e+02;2.0487942e-01;2.6750000e+02;2.1612216e-02;2.6750000e+02;3.0111142e-02;2.6750000e+02;4.2484932e-02;2.6750000e+02;5.8315743e-02;2.6750000e+02;7.6873273e-02;2.6750000e+02;9.6539289e-02;2.6750000e+02;1.1613786e-01;2.6750000e+02;1.3573492e-01;2.6750000e+02;1.5350185e-01;2.6750000e+02;1.7032675e-01;2.6750000e+02;1.8906876e-01;2.6750000e+02;2.1676326e-01;2.6750000e+02;2.4259849e-01;2.6750000e+02;2.5394917e-01;2.6750000e+02;2.5228506e-01;2.6750000e+02;2.4332654e-01;2.6750000e+02;2.2731304e-01;2.6750000e+02;2.0487942e-01;2.6750000e+02;2.1612216e-02;2.6750000e+02;3.0111142e-02;2.6750000e+02;4.2484932e-02;2.6750000e+02;5.8315743e-02;2.6750000e+02;7.6873273e-02;2.6750000e+02;9.6539289e-02;2.6750000e+02;1.1613786e-01;2.6750000e+02;1.3573492e-01;2.6750000e+02;1.5350185e-01;2.6750000e+02;1.7032675e-01;2.6750000e+02;1.8906876e-01;2.6750000e+02;2.1676326e-01;2.6750000e+02;2.4259849e-01;2.6750000e+02;2.5394917e-01;2.6750000e+02;2.5228506e-01;2.6750000e+02;2.4332654e-01;2.6750000e+02;2.2731304e-01;2.6750000e+02;2.0487942e-01;2.6750000e+02;2.1612216e-02;2.6750000e+02;3.0111142e-02;2.6750000e+02;4.2484932e-02;2.6750000e+02;5.8315743e-02;2.6750000e+02;7.6873273e-02;2.6750000e+02;9.6539289e-02;2.6750000e+02;1.1613786e-01;2.6750000e+02;1.3573492e-01;2.6750000e+02;1.5350185e-01;2.6750000e+02;1.7032675e-01;2.6750000e+02;1.8906876e-01;2.6750000e+02;2.1676326e-01;2.6750000e+02;2.4259849e-01;2.6750000e+02;2.5394917e-01;2.6750000e+02;2.5228506e-01;2.6750000e+02;2.4332654e-01;2.6750000e+02;2.2731304e-01;2.6750000e+02;2.0487942e-01;2.6750000e+02;2.1612216e-02;2.6750000e+02;3.0111142e-02;2.6750000e+02;4.2484932e-02;2.6750000e+02;5.8315743e-02;2.6750000e+02;7.6873273e-02;2.6750000e+02;9.6539289e-02;2.6750000e+02;1.1613786e-01;2.6750000e+02;1.3573492e-01;2.6750000e+02;1.5350185e-01;2.6750000e+02;1.7032675e-01;2.6750000e+02;1.8906876e-01;2.6750000e+02;2.1676326e-01;2.6750000e+02;2.4259849e-01;2.6750000e+02;2.5394917e-01;2.6750000e+02;2.5228506e-01;2.6750000e+02;2.4332654e-01;2.6750000e+02;2.2731304e-01;2.6750000e+02;2.0487942e-01;2.6750000e+02;2.1612216e-02;2.6750000e+02;3.0111142e-02;2.6750000e+02;4.2484932e-02;2.6750000e+02;5.8315743e-02;2.6750000e+02;7.6873273e-02;2.6750000e+02;9.6539289e-02;2.6750000e+02;1.1613786e-01;2.6750000e+02;1.3573492e-01;2.6750000e+02;1.5350185e-01;2.6750000e+02;1.7032675e-01;2.6750000e+02;1.8906876e-01;2.6750000e+02;2.1676326e-01;2.6750000e+02;2.4259849e-01;2.6750000e+02;2.5394917e-01;2.6750000e+02;2.5228506e-01;2.6750000e+02;2.4332654e-01;2.6750000e+02;2.2731304e-01;2.6750000e+02;2.0487942e-01;2.6750000e+02;2.1612216e-02;2.6750000e+02;3.0111142e-02;2.6750000e+02;4.2484932e-02;2.6750000e+02;5.8315743e-02;2.6750000e+02;7.6873273e-02;2.6750000e+02;9.6539289e-02;2.6750000e+02;1.1613786e-01;2.6750000e+02;1.3573492e-01;2.6750000e+02;1.5350185e-01;2.6750000e+02;1.7032675e-01;2.6750000e+02;1.8906876e-01;2.6750000e+02;2.1676326e-01;2.6750000e+02;2.4259849e-01;2.6750000e+02;2.5394917e-01;2.6750000e+02;2.5228506e-01;2.6750000e+02;2.4332654e-01;2.6750000e+02;2.2731304e-01;2.6750000e+02;2.0487942e-01;2.6750000e+02;2.1612216e-02;2.6750000e+02;3.0111142e-02;2.6750000e+02;4.2484932e-02;2.6750000e+02;5.8315743e-02;2.6750000e+02;7.6873273e-02;2.6750000e+02;9.6539289e-02;2.6750000e+02;1.1613786e-01;2.6750000e+02;1.3573492e-01;2.6750000e+02;1.5350185e-01;2.6750000e+02;1.7032675e-01;2.6750000e+02;1.8906876e-01;2.6750000e+02;2.1676326e-01;2.6750000e+02;2.4259849e-01;2.6750000e+02;2.5394917e-01;2.6750000e+02;2.5228506e-01;2.6750000e+02;2.4332654e-01;2.6750000e+02;2.2731304e-01;2.6750000e+02;2.0487942e-01;2.6750000e+02;2.1612216e-02;2.6750000e+02;3.0111142e-02;2.6750000e+02;4.2484932e-02;2.6750000e+02;5.8315743e-02;2.6750000e+02;7.6873273e-02;2.6750000e+02;9.6539289e-02;2.6750000e+02;1.1613786e-01;2.6750000e+02;1.3573492e-01;2.6750000e+02;1.5350185e-01;2.6750000e+02;1.7032675e-01;2.6750000e+02;1.8906876e-01;2.6750000e+02;2.1676326e-01;2.6750000e+02;2.4259849e-01;2.6750000e+02;2.5394917e-01;2.6750000e+02;2.5228506e-01;2.6750000e+02;2.4332654e-01;2.6750000e+02;2.2731304e-01;2.6750000e+02;2.0487942e-01;2.6750000e+02;2.1612216e-02;2.6750000e+02;3.0111142e-02;2.6750000e+02;4.2484932e-02;2.6750000e+02;5.8315743e-02;2.6750000e+02;7.6873273e-02;2.6750000e+02;9.6539289e-02;2.6750000e+02;1.1613786e-01;2.6750000e+02;1.3573492e-01;2.6750000e+02;1.5350185e-01;2.6750000e+02;1.7032675e-01;2.6750000e+02;1.8906876e-01;2.6750000e+02;2.1676326e-01;2.6750000e+02;2.4259849e-01;2.6750000e+02;2.5394917e-01;2.6750000e+02;2.5228506e-01;2.6750000e+02;2.4332654e-01;2.6750000e+02;2.2731304e-01;2.6750000e+02;2.0487942e-01;2.6750000e+02;2.1612216e-02;2.6750000e+02;3.0111142e-02;2.6750000e+02;4.2484932e-02;2.6750000e+02;5.8315743e-02;2.6750000e+02;7.6873273e-02;2.6750000e+02;9.6539289e-02;2.6750000e+02;1.1613786e-01;2.6750000e+02;1.3573492e-01;2.6750000e+02;1.5350185e-01;2.6750000e+02;1.7032675e-01;2.6750000e+02;1.8906876e-01;2.6750000e+02;2.1676326e-01;2.6750000e+02;2.4259849e-01;2.6750000e+02;2.5394917e-01;2.6750000e+02;2.5228506e-01;2.6750000e+02;2.4332654e-01;2.6750000e+02;2.2731304e-01;2.6750000e+02;2.0487942e-01;2.6750000e+02;2.1612216e-02;2.6750000e+02;3.0111142e-02;2.6750000e+02;4.2484932e-02;2.6750000e+02;5.8315743e-02;2.6750000e+02;7.6873273e-02;2.6750000e+02;9.6539289e-02;2.6750000e+02;1.1613786e-01;2.6750000e+02;1.3573492e-01;2.6750000e+02;1.5350185e-01;2.6750000e+02;1.7032675e-01;2.6750000e+02;1.8906876e-01;2.6750000e+02;2.1676326e-01;2.6750000e+02;2.4259849e-01;2.6750000e+02;2.5394917e-01;2.6750000e+02;2.5228506e-01;2.6750000e+02;2.4332654e-01;2.6750000e+02;2.2731304e-01;2.6750000e+02;2.0487942e-01;2.6750000e+02;2.1612216e-02;2.6750000e+02;3.0111142e-02;2.6750000e+02;4.2484932e-02;2.6750000e+02;5.8315743e-02;2.6750000e+02;7.6873273e-02;2.6750000e+02;9.6539289e-02;2.6750000e+02;1.1613786e-01;2.6750000e+02;1.3573492e-01;2.6750000e+02;1.5350185e-01;2.6750000e+02;1.7032675e-01;2.6750000e+02;1.8906876e-01;2.6750000e+02;2.1676326e-01;2.6750000e+02;2.4259849e-01;2.6750000e+02;2.5394917e-01;2.6750000e+02;2.5228506e-01;2.6750000e+02;2.4332654e-01;2.6750000e+02;2.2731304e-01;2.6750000e+02;2.0487942e-01;2.6750000e+02;2.1612216e-02;2.6750000e+02;3.0111142e-02;2.6750000e+02;4.2484932e-02;2.6750000e+02;5.8315743e-02;2.6750000e+02;7.6873273e-02;2.6750000e+02;9.6539289e-02;2.6750000e+02;1.1613786e-01;2.6750000e+02;1.3573492e-01;2.6750000e+02;1.5350185e-01;2.6750000e+02;1.7032675e-01;2.6750000e+02;1.8906876e-01;2.6750000e+02;2.1676326e-01;2.6750000e+02;2.4259849e-01;2.6750000e+02;2.5394917e-01;2.6750000e+02;2.5228506e-01;2.6750000e+02;2.4332654e-01;2.6750000e+02;2.2731304e-01;2.6750000e+02;2.0487942e-01;2.6750000e+02;2.1612216e-02;2.6750000e+02;3.0111142e-02;2.6750000e+02;4.2484932e-02;2.6750000e+02;5.8315743e-02;2.6750000e+02;7.6873273e-02;2.6750000e+02;9.6539289e-02;2.6750000e+02;1.1613786e-01;2.6750000e+02;1.3573492e-01;2.6750000e+02;1.5350185e-01;2.6750000e+02;1.7032675e-01;2.6750000e+02;1.8906876e-01;2.6750000e+02;2.1676326e-01;2.6750000e+02;2.4259849e-01;2.6750000e+02;2.5394917e-01;2.6750000e+02;2.5228506e-01;2.6750000e+02;2.4332654e-01;2.6750000e+02;2.2731304e-01;2.6750000e+02;2.0487942e-01;2.6750000e+02;2.1612216e-02;2.6750000e+02;3.0111142e-02;2.6750000e+02;4.2484932e-02;2.6750000e+02;5.8315743e-02;2.6750000e+02;7.6873273e-02;2.6750000e+02;9.6539289e-02;2.6750000e+02;1.1613786e-01;2.6750000e+02;1.3573492e-01;2.6750000e+02;1.5350185e-01;2.6750000e+02;1.7032675e-01;2.6750000e+02;1.8906876e-01;2.6750000e+02;2.1676326e-01;2.6750000e+02;2.4259849e-01;2.6750000e+02;2.5394917e-01;2.6750000e+02;2.5228506e-01;2.6750000e+02;2.4332654e-01;2.6750000e+02;2.2731304e-01;2.6750000e+02;2.0487942e-01;2.6750000e+02;2.1612216e-02;2.6750000e+02;3.0111142e-02;2.6750000e+02;4.2484932e-02;2.6750000e+02;5.8315743e-02;2.6750000e+02;7.6873273e-02;2.6750000e+02;9.6539289e-02;2.6750000e+02;1.1613786e-01;2.6750000e+02;1.3573492e-01;2.6750000e+02;1.5350185e-01;2.6750000e+02;1.7032675e-01;2.6750000e+02;1.8906876e-01;2.6750000e+02;2.1676326e-01;2.6750000e+02;2.4259849e-01;2.6750000e+02;2.5394917e-01;2.6750000e+02;2.5228506e-01;2.6750000e+02;2.4332654e-01;2.6750000e+02;2.2731304e-01;2.6750000e+02;2.0487942e-01;2.6750000e+02;2.1612216e-02;2.6750000e+02;3.0111142e-02;2.6750000e+02;4.2484932e-02;2.6750000e+02;5.8315743e-02;2.6750000e+02;7.6873273e-02;2.6750000e+02;9.6539289e-02;2.6750000e+02;1.1613786e-01;2.6750000e+02;1.3573492e-01;2.6750000e+02;1.5350185e-01;2.6750000e+02;1.7032675e-01;2.6750000e+02;1.8906876e-01;2.6750000e+02;2.1676326e-01;2.6750000e+02;2.4259849e-01;2.6750000e+02;2.5394917e-01;2.6750000e+02;2.5228506e-01;2.6750000e+02;2.4332654e-01;2.6750000e+02;2.2731304e-01;2.6750000e+02;2.0487942e-01;2.6750000e+02;2.1612216e-02;2.6750000e+02;3.0111142e-02;2.6750000e+02;4.2484932e-02;2.6750000e+02;5.8315743e-02;2.6750000e+02;7.6873273e-02;2.6750000e+02;9.6539289e-02;2.6750000e+02;1.1613786e-01;2.6750000e+02;1.3573492e-01;2.6750000e+02;1.5350185e-01;2.6750000e+02;1.7032675e-01;2.6750000e+02;1.8906876e-01;2.6750000e+02;2.1676326e-01;2.6750000e+02;2.4259849e-01;2.6750000e+02;2.5394917e-01;2.6750000e+02;2.5228506e-01;2.6750000e+02;2.4332654e-01;2.6750000e+02;2.2731304e-01;2.6750000e+02;2.0487942e-01;2.6750000e+02;2.1612216e-02;2.6750000e+02;3.0111142e-02;2.6750000e+02;4.2484932e-02;2.6750000e+02;5.8315743e-02;2.6750000e+02;7.6873273e-02;2.6750000e+02;9.6539289e-02;2.6750000e+02;1.1613786e-01;2.6750000e+02;1.3573492e-01;2.6750000e+02;1.5350185e-01;2.6750000e+02;1.7032675e-01;2.6750000e+02;1.8906876e-01;2.6750000e+02;2.1676326e-01;2.6750000e+02;2.4259849e-01;2.6750000e+02;2.5394917e-01;2.6750000e+02;2.5228506e-01;2.6750000e+02;2.4332654e-01;2.6750000e+02;2.2731304e-01;2.6750000e+02;2.0487942e-01;2.6750000e+02;2.1612216e-02;2.6750000e+02;3.0111142e-02;2.6750000e+02;4.2484932e-02;2.6750000e+02;5.8315743e-02;2.6750000e+02;7.6873273e-02;2.6750000e+02;9.6539289e-02;2.6750000e+02;1.1613786e-01;2.6750000e+02;1.3573492e-01;2.6750000e+02;1.5350185e-01;2.6750000e+02;1.7032675e-01;2.6750000e+02;1.8906876e-01;2.6750000e+02;2.1676326e-01;2.6750000e+02;2.4259849e-01;2.6750000e+02;2.5394917e-01;2.6750000e+02;2.5228506e-01;2.6750000e+02;2.4332654e-01;2.6750000e+02;2.2731304e-01;2.6750000e+02;2.0487942e-01;2.6750000e+02;2.1612216e-02;2.6750000e+02;3.0111142e-02;2.6750000e+02;4.2484932e-02;2.6750000e+02;5.8315743e-02;2.6750000e+02;7.6873273e-02;2.6750000e+02;9.6539289e-02;2.6750000e+02;1.1613786e-01;2.6750000e+02;1.3573492e-01;2.6750000e+02;1.5350185e-01;2.6750000e+02;1.7032675e-01;2.6750000e+02;1.8906876e-01;2.6750000e+02;2.1676326e-01;2.6750000e+02;2.4259849e-01;2.6750000e+02;2.5394917e-01;2.6750000e+02;2.5228506e-01;2.6750000e+02;2.4332654e-01;2.6750000e+02;2.2731304e-01;2.6750000e+02;2.0487942e-01;2.6750000e+02;2.1612216e-02;2.6750000e+02;3.0111142e-02;2.6750000e+02;4.2484932e-02;2.6750000e+02;5.8315743e-02;2.6750000e+02;7.6873273e-02;2.6750000e+02;9.6539289e-02;2.6750000e+02;1.1613786e-01;2.6750000e+02;1.3573492e-01;2.6750000e+02;1.5350185e-01;2.6750000e+02;1.7032675e-01;2.6750000e+02;1.8906876e-01;2.6750000e+02;2.1676326e-01;2.6750000e+02;2.4259849e-01;2.6750000e+02;2.5394917e-01;2.6750000e+02;2.5228506e-01;2.6750000e+02;2.4332654e-01;2.6750000e+02;2.2731304e-01;2.6750000e+02;2.0487942e-01;2.6750000e+02;2.1612216e-02;2.6750000e+02;3.0111142e-02;2.6750000e+02;4.2484932e-02;2.6750000e+02;5.8315743e-02;2.6750000e+02;7.6873273e-02;2.6750000e+02;9.6539289e-02;2.6750000e+02;1.1613786e-01;2.6750000e+02;1.3573492e-01;2.6750000e+02;1.5350185e-01;2.6750000e+02;1.7032675e-01;2.6750000e+02;1.8906876e-01;2.6750000e+02;2.1676326e-01;2.6750000e+02;2.4259849e-01;2.6750000e+02;2.5394917e-01;2.6750000e+02;2.5228506e-01;2.6750000e+02;2.4332654e-01;2.6750000e+02;2.2731304e-01;2.6750000e+02;2.0487942e-01;2.6750000e+02;2.1612216e-02;2.6750000e+02;3.0111142e-02;2.6750000e+02;4.2484932e-02;2.6750000e+02;5.8315743e-02;2.6750000e+02;7.6873273e-02;2.6750000e+02;9.6539289e-02;2.6750000e+02;1.1613786e-01;2.6750000e+02;1.3573492e-01;2.6750000e+02;1.5350185e-01;2.6750000e+02;1.7032675e-01;2.6750000e+02;1.8906876e-01;2.6750000e+02;2.1676326e-01;2.6750000e+02;2.4259849e-01;2.6750000e+02;2.5394917e-01;2.6750000e+02;2.5228506e-01;2.6750000e+02;2.4332654e-01;2.6750000e+02;2.2731304e-01;2.6750000e+02;2.0487942e-01;2.6750000e+02;2.1612216e-02;2.6750000e+02;3.0111142e-02;2.6750000e+02;4.2484932e-02;2.6750000e+02;5.8315743e-02;2.6750000e+02;7.6873273e-02;2.6750000e+02;9.6539289e-02;2.6750000e+02;1.1613786e-01;2.6750000e+02;1.3573492e-01;2.6750000e+02;1.5350185e-01;2.6750000e+02;1.7032675e-01;2.6750000e+02;1.8906876e-01;2.6750000e+02;2.1676326e-01;2.6750000e+02;2.4259849e-01;2.6750000e+02;2.5394917e-01;2.6750000e+02;2.5228506e-01;2.6750000e+02;2.4332654e-01;2.6750000e+02;2.2731304e-01;2.6750000e+02;2.0487942e-01;2.6750000e+02;2.1612216e-02;2.6750000e+02;3.0111142e-02;2.6750000e+02;4.2484932e-02;2.6750000e+02;5.8315743e-02;2.6750000e+02;7.6873273e-02;2.6750000e+02;9.6539289e-02;2.6750000e+02;1.1613786e-01;2.6750000e+02;1.3573492e-01;2.6750000e+02;1.5350185e-01;2.6750000e+02;1.7032675e-01;2.6750000e+02;1.8906876e-01;2.6750000e+02;2.1676326e-01;2.6750000e+02;2.4259849e-01;2.6750000e+02;2.5394917e-01;2.6750000e+02;2.5228506e-01;2.6750000e+02;2.4332654e-01;2.6750000e+02;2.2731304e-01;2.6750000e+02;2.0487942e-01;2.6750000e+02;2.1612216e-02;2.6750000e+02;3.0111142e-02;2.6750000e+02;4.2484932e-02;2.6750000e+02;5.8315743e-02;2.6750000e+02;7.6873273e-02;2.6750000e+02;9.6539289e-02;2.6750000e+02;1.1613786e-01;2.6750000e+02;1.3573492e-01;2.6750000e+02;1.5350185e-01;2.6750000e+02;1.7032675e-01;2.6750000e+02;1.8906876e-01;2.6750000e+02;2.1676326e-01;2.6750000e+02;2.4259849e-01;2.6750000e+02;2.5394917e-01;2.6750000e+02;2.5228506e-01;2.6750000e+02;2.4332654e-01;2.6750000e+02;2.2731304e-01;2.6750000e+02;2.0487942e-01;2.6750000e+02;2.1612216e-02;2.6750000e+02;3.0111142e-02;2.6750000e+02;4.2484932e-02;2.6750000e+02;5.8315743e-02;2.6750000e+02;7.6873273e-02;2.6750000e+02;9.6539289e-02;2.6750000e+02;1.1613786e-01;2.6750000e+02;1.3573492e-01;2.6750000e+02;1.5350185e-01;2.6750000e+02;1.7032675e-01;2.6750000e+02;1.8906876e-01;2.6750000e+02;2.1676326e-01;2.6750000e+02;2.4259849e-01;2.6750000e+02;2.5394917e-01;2.6750000e+02;2.5228506e-01;2.6750000e+02;2.4332654e-01;2.6750000e+02;2.2731304e-01;2.6750000e+02;2.0487942e-01;2.6750000e+02;2.1612216e-02;2.6750000e+02;3.0111142e-02;2.6750000e+02;4.2484932e-02;2.6750000e+02;5.8315743e-02;2.6750000e+02;7.6873273e-02;2.6750000e+02;9.6539289e-02;2.6750000e+02;1.1613786e-01;2.6750000e+02;1.3573492e-01;2.6750000e+02;1.5350185e-01;2.6750000e+02;1.7032675e-01;2.6750000e+02;1.8906876e-01;2.6750000e+02;2.1676326e-01;2.6750000e+02;2.4259849e-01;2.6750000e+02;2.5394917e-01;2.6750000e+02;2.5228506e-01;2.6750000e+02;2.4332654e-01;2.6750000e+02;2.2731304e-01;2.6750000e+02;2.0487942e-01;2.6750000e+02;2.1612216e-02;2.6750000e+02;3.0111142e-02;2.6750000e+02;4.2484932e-02;2.6750000e+02;5.8315743e-02;2.6750000e+02;7.6873273e-02;2.6750000e+02;9.6539289e-02;2.6750000e+02;1.1613786e-01;2.6750000e+02;1.3573492e-01;2.6750000e+02;1.5350185e-01;2.6750000e+02;1.7032675e-01;2.6750000e+02;1.8906876e-01;2.6750000e+02;2.1676326e-01;2.6750000e+02;2.4259849e-01;2.6750000e+02;2.5394917e-01;2.6750000e+02;2.5228506e-01;2.6750000e+02;2.4332654e-01;2.6750000e+02;2.2731304e-01;2.6750000e+02;2.0487942e-01;2.6750000e+02;2.1612216e-02;2.6750000e+02;3.0111142e-02;2.6750000e+02;4.2484932e-02;2.6750000e+02;5.8315743e-02;2.6750000e+02;7.6873273e-02;2.6750000e+02;9.6539289e-02;2.6750000e+02;1.1613786e-01;2.6750000e+02;1.3573492e-01;2.6750000e+02;1.5350185e-01;2.6750000e+02;1.7032675e-01;2.6750000e+02;1.8906876e-01;2.6750000e+02;2.1676326e-01;2.6750000e+02;2.4259849e-01;2.6750000e+02;2.5394917e-01;2.6750000e+02;2.5228506e-01;2.6750000e+02;2.4332654e-01;2.6750000e+02;2.2731304e-01;2.6750000e+02;2.0487942e-01;2.6750000e+02;2.1612216e-02;2.6750000e+02;3.0111142e-02;2.6750000e+02;4.2484932e-02;2.6750000e+02;5.8315743e-02;2.6750000e+02;7.6873273e-02;2.6750000e+02;9.6539289e-02;2.6750000e+02;1.1613786e-01;2.6750000e+02;1.3573492e-01;2.6750000e+02;1.5350185e-01;2.6750000e+02;1.7032675e-01;2.6750000e+02;1.8906876e-01;2.6750000e+02;2.1676326e-01;2.6750000e+02;2.4259849e-01;2.6750000e+02;2.5394917e-01;2.6750000e+02;2.5228506e-01;2.6750000e+02;2.4332654e-01;2.6750000e+02;2.2731304e-01;2.6750000e+02;2.0487942e-01;2.6750000e+02;2.1612216e-02;2.6750000e+02;3.0111142e-02;2.6750000e+02;4.2484932e-02;2.6750000e+02;5.8315743e-02;2.6750000e+02;7.6873273e-02;2.6750000e+02;9.6539289e-02;2.6750000e+02;1.1613786e-01;2.6750000e+02;1.3573492e-01;2.6750000e+02;1.5350185e-01;2.6750000e+02;1.7032675e-01;2.6750000e+02;1.8906876e-01;2.6750000e+02;2.1676326e-01;2.6750000e+02;2.4259849e-01;2.6750000e+02;2.5394917e-01;2.6750000e+02;2.5228506e-01;2.6750000e+02;2.4332654e-01;2.6750000e+02;2.2731304e-01;2.6750000e+02;2.0487942e-01;2.6750000e+02;2.1612216e-02;2.6750000e+02;3.0111142e-02;2.6750000e+02;4.2484932e-02;2.6750000e+02;5.8315743e-02;2.6750000e+02;7.6873273e-02;2.6750000e+02;9.6539289e-02;2.6750000e+02;1.1613786e-01;2.6750000e+02;1.3573492e-01;2.6750000e+02;1.5350185e-01;2.6750000e+02;1.7032675e-01;2.6750000e+02;1.8906876e-01;2.6750000e+02;2.1676326e-01;2.6750000e+02;2.4259849e-01;2.6750000e+02;2.5394917e-01;2.6750000e+02;2.5228506e-01;2.6750000e+02;2.4332654e-01;2.6750000e+02;2.2731304e-01;2.6750000e+02;2.0487942e-01;2.6750000e+02;2.1612216e-02;2.6750000e+02;3.0111142e-02;2.6750000e+02;4.2484932e-02;2.6750000e+02;5.8315743e-02;2.6750000e+02;7.6873273e-02;2.6750000e+02;9.6539289e-02;2.6750000e+02;1.1613786e-01;2.6750000e+02;1.3573492e-01;2.6750000e+02;1.5350185e-01;2.6750000e+02;1.7032675e-01;2.6750000e+02;1.8906876e-01;2.6750000e+02;2.1676326e-01;2.6750000e+02;2.4259849e-01;2.6750000e+02;2.5394917e-01;2.6750000e+02;2.5228506e-01;2.6750000e+02;2.4332654e-01;2.6750000e+02;2.2731304e-01;2.6750000e+02;2.0487942e-01;2.6750000e+02;2.1612216e-02;2.6750000e+02;3.0111142e-02;2.6750000e+02;4.2484932e-02;2.6750000e+02;5.8315743e-02;2.6750000e+02;7.6873273e-02;2.6750000e+02;9.6539289e-02;2.6750000e+02;1.1613786e-01;2.6750000e+02;1.3573492e-01;2.6750000e+02;1.5350185e-01;2.6750000e+02;1.7032675e-01;2.6750000e+02;1.8906876e-01;2.6750000e+02;2.1676326e-01;2.6750000e+02;2.4259849e-01;2.6750000e+02;2.5394917e-01;2.6750000e+02;2.5228506e-01;2.6750000e+02;2.4332654e-01;2.6750000e+02;2.2731304e-01;2.6750000e+02;2.0487942e-01;2.6750000e+02;2.1612216e-02;2.6750000e+02;3.0111142e-02;2.6750000e+02;4.2484932e-02;2.6750000e+02;5.8315743e-02;2.6750000e+02;7.6873273e-02;2.6750000e+02;9.6539289e-02;2.6750000e+02;1.1613786e-01;2.6750000e+02;1.3573492e-01;2.6750000e+02;1.5350185e-01;2.6750000e+02;1.7032675e-01;2.6750000e+02;1.8906876e-01;2.6750000e+02;2.1676326e-01;2.6750000e+02;2.4259849e-01;2.6750000e+02;2.5394917e-01;2.6750000e+02;2.5228506e-01;2.6750000e+02;2.4332654e-01;2.6750000e+02;2.2731304e-01;2.6750000e+02;2.0487942e-01;2.6750000e+02;2.1612216e-02;2.6750000e+02;3.0111142e-02;2.6750000e+02;4.2484932e-02;2.6750000e+02;5.8315743e-02;2.6750000e+02;7.6873273e-02;2.6750000e+02;9.6539289e-02;2.6750000e+02;1.1613786e-01;2.6750000e+02;1.3573492e-01;2.6750000e+02;1.5350185e-01;2.6750000e+02;1.7032675e-01;2.6750000e+02;1.8906876e-01;2.6750000e+02;2.1676326e-01;2.6750000e+02;2.4259849e-01;2.6750000e+02;2.5394917e-01;2.6750000e+02;2.5228506e-01;2.6750000e+02;2.4332654e-01;2.6750000e+02;2.2731304e-01;2.6750000e+02;2.0487942e-01;2.6750000e+02;2.1612216e-02;2.6750000e+02;3.0111142e-02;2.6750000e+02;4.2484932e-02;2.6750000e+02;5.8315743e-02;2.6750000e+02;7.6873273e-02;2.6750000e+02;9.6539289e-02;2.6750000e+02;1.1613786e-01;2.6750000e+02;1.3573492e-01;2.6750000e+02;1.5350185e-01;2.6750000e+02;1.7032675e-01;2.6750000e+02;1.8906876e-01;2.6750000e+02;2.1676326e-01;2.6750000e+02;2.4259849e-01;2.6750000e+02;2.5394917e-01;2.6750000e+02;2.5228506e-01;2.6750000e+02;2.4332654e-01;2.6750000e+02;2.2731304e-01;2.6750000e+02;2.0487942e-01;2.6750000e+02;2.1612216e-02;2.6750000e+02;3.0111142e-02;2.6750000e+02;4.2484932e-02;2.6750000e+02;5.8315743e-02;2.6750000e+02;7.6873273e-02;2.6750000e+02;9.6539289e-02;2.6750000e+02;1.1613786e-01;2.6750000e+02;1.3573492e-01;2.6750000e+02;1.5350185e-01;2.6750000e+02;1.7032675e-01;2.6750000e+02;1.8906876e-01;2.6750000e+02;2.1676326e-01;2.6750000e+02;2.4259849e-01;2.6750000e+02;2.5394917e-01;2.6750000e+02;2.5228506e-01;2.6750000e+02;2.4332654e-01;2.6750000e+02;2.2731304e-01;2.6750000e+02;2.0487942e-01;2.6750000e+02;2.1612216e-02;2.6750000e+02;3.0111142e-02;2.6750000e+02;4.2484932e-02;2.6750000e+02;5.8315743e-02;2.6750000e+02;7.6873273e-02;2.6750000e+02;9.6539289e-02;2.6750000e+02;1.1613786e-01;2.6750000e+02;1.3573492e-01;2.6750000e+02;1.5350185e-01;2.6750000e+02;1.7032675e-01;2.6750000e+02;1.8906876e-01;2.6750000e+02;2.1676326e-01;2.6750000e+02;2.4259849e-01;2.6750000e+02;2.5394917e-01;2.6750000e+02;2.5228506e-01;2.6750000e+02;2.4332654e-01;2.6750000e+02;2.2731304e-01;2.6750000e+02;2.0487942e-01;2.6750000e+02;2.1612216e-02;2.6750000e+02;3.0111142e-02;2.6750000e+02;4.2484932e-02;2.6750000e+02;5.8315743e-02;2.6750000e+02;7.6873273e-02;2.6750000e+02;9.6539289e-02;2.6750000e+02;1.1613786e-01;2.6750000e+02;1.3573492e-01;2.6750000e+02;1.5350185e-01;2.6750000e+02;1.7032675e-01;2.6750000e+02;1.8906876e-01;2.6750000e+02;2.1676326e-01;2.6750000e+02;2.4259849e-01;2.6750000e+02;2.5394917e-01;2.6750000e+02;2.5228506e-01;2.6750000e+02;2.4332654e-01;2.6750000e+02;2.2731304e-01;2.6750000e+02;2.0487942e-01;2.6750000e+02;2.1612216e-02;2.6750000e+02;3.0111142e-02;2.6750000e+02;4.2484932e-02;2.6750000e+02;5.8315743e-02;2.6750000e+02;7.6873273e-02;2.6750000e+02;9.6539289e-02;2.6750000e+02;1.1613786e-01;2.6750000e+02;1.3573492e-01;2.6750000e+02;1.5350185e-01;2.6750000e+02;1.7032675e-01;2.6750000e+02;1.8906876e-01;2.6750000e+02;2.1676326e-01;2.6750000e+02;2.4259849e-01;2.6750000e+02;2.5394917e-01;2.6750000e+02;2.5228506e-01;2.6750000e+02;2.4332654e-01;2.6750000e+02;2.2731304e-01;2.6750000e+02;2.0487942e-01;2.6750000e+02;2.1612216e-02;2.6750000e+02;3.0111142e-02;2.6750000e+02;4.2484932e-02;2.6750000e+02;5.8315743e-02;2.6750000e+02;7.6873273e-02;2.6750000e+02;9.6539289e-02;2.6750000e+02;1.1613786e-01;2.6750000e+02;1.3573492e-01;2.6750000e+02;1.5350185e-01;2.6750000e+02;1.7032675e-01;2.6750000e+02;1.8906876e-01;2.6750000e+02;2.1676326e-01;2.6750000e+02;2.4259849e-01;2.6750000e+02;2.5394917e-01;2.6750000e+02;2.5228506e-01;2.6750000e+02;2.4332654e-01;2.6750000e+02;2.2731304e-01;2.6750000e+02;2.0487942e-01;2.6750000e+02;2.1612216e-02;2.6750000e+02;3.0111142e-02;2.6750000e+02;4.2484932e-02;2.6750000e+02;5.8315743e-02;2.6750000e+02;7.6873273e-02;2.6750000e+02;9.6539289e-02;2.6750000e+02;1.1613786e-01;2.6750000e+02;1.3573492e-01;2.6750000e+02;1.5350185e-01;2.6750000e+02;1.7032675e-01;2.6750000e+02;1.8906876e-01;2.6750000e+02;2.1676326e-01;2.6750000e+02;2.4259849e-01;2.6750000e+02;2.5394917e-01;2.6750000e+02;2.5228506e-01;2.6750000e+02;2.4332654e-01;2.6750000e+02;2.2731304e-01;2.6750000e+02;2.0487942e-01;2.6750000e+02;2.1612216e-02;2.6750000e+02;3.0111142e-02;2.6750000e+02;4.2484932e-02;2.6750000e+02;5.8315743e-02;2.6750000e+02;7.6873273e-02;2.6750000e+02;9.6539289e-02;2.6750000e+02;1.1613786e-01;2.6750000e+02;1.3573492e-01;2.6750000e+02;1.5350185e-01;2.6750000e+02;1.7032675e-01;2.6750000e+02;1.8906876e-01;2.6750000e+02;2.1676326e-01;2.6750000e+02;2.4259849e-01;2.6750000e+02;2.5394917e-01;2.6750000e+02;2.5228506e-01;2.6750000e+02;2.4332654e-01;2.6750000e+02;2.2731304e-01;2.6750000e+02;2.0487942e-01;2.6750000e+02;2.1612216e-02;2.6750000e+02;3.0111142e-02;2.6750000e+02;4.2484932e-02;2.6750000e+02;5.8315743e-02;2.6750000e+02;7.6873273e-02;2.6750000e+02;9.6539289e-02;2.6750000e+02;1.1613786e-01;2.6750000e+02;1.3573492e-01;2.6750000e+02;1.5350185e-01;2.6750000e+02;1.7032675e-01;2.6750000e+02;1.8906876e-01;2.6750000e+02;2.1676326e-01;2.6750000e+02;2.4259849e-01;2.6750000e+02;2.5394917e-01;2.6750000e+02;2.5228506e-01;2.6750000e+02;2.4332654e-01;2.6750000e+02;2.2731304e-01;2.6750000e+02;2.0487942e-01;2.6750000e+02;2.1612216e-02;2.6750000e+02;3.0111142e-02;2.6750000e+02;4.2484932e-02;2.6750000e+02;5.8315743e-02;2.6750000e+02;7.6873273e-02;2.6750000e+02;9.6539289e-02;2.6750000e+02;1.1613786e-01;2.6750000e+02;1.3573492e-01;2.6750000e+02;1.5350185e-01;2.6750000e+02;1.7032675e-01;2.6750000e+02;1.8906876e-01;2.6750000e+02;2.1676326e-01;2.6750000e+02;2.4259849e-01;2.6750000e+02;2.5394917e-01;2.6750000e+02;2.5228506e-01;2.6750000e+02;2.4332654e-01;2.6750000e+02;2.2731304e-01;2.6750000e+02;2.0487942e-01;2.6750000e+02;2.1612216e-02;2.6750000e+02;3.0111142e-02;2.6750000e+02;4.2484932e-02;2.6750000e+02;5.8315743e-02;2.6750000e+02;7.6873273e-02;2.6750000e+02;9.6539289e-02;2.6750000e+02;1.1613786e-01;2.6750000e+02;1.3573492e-01;2.6750000e+02;1.5350185e-01;2.6750000e+02;1.7032675e-01;2.6750000e+02;1.8906876e-01;2.6750000e+02;2.1676326e-01;2.6750000e+02;2.4259849e-01;2.6750000e+02;2.5394917e-01;2.6750000e+02;2.5228506e-01;2.6750000e+02;2.4332654e-01;2.6750000e+02;2.2731304e-01;2.6750000e+02;2.0487942e-01;2.6750000e+02;2.1612216e-02;2.6750000e+02;3.0111142e-02;2.6750000e+02;4.2484932e-02;2.6750000e+02;5.8315743e-02;2.6750000e+02;7.6873273e-02;2.6750000e+02;9.6539289e-02;2.6750000e+02;1.1613786e-01;2.6750000e+02;1.3573492e-01;2.6750000e+02;1.5350185e-01;2.6750000e+02;1.7032675e-01;2.6750000e+02;1.8906876e-01;2.6750000e+02;2.1676326e-01;2.6750000e+02;2.4259849e-01;2.6750000e+02;2.5394917e-01;2.6750000e+02;2.5228506e-01;2.6750000e+02;2.4332654e-01;2.6750000e+02;2.2731304e-01;2.6750000e+02;2.0487942e-01;2.6750000e+02;2.1612216e-02;2.6750000e+02;3.0111142e-02;2.6750000e+02;4.2484932e-02;2.6750000e+02;5.8315743e-02;2.6750000e+02;7.6873273e-02;2.6750000e+02;9.6539289e-02;2.6750000e+02;1.1613786e-01;2.6750000e+02;1.3573492e-01;2.6750000e+02;1.5350185e-01;2.6750000e+02;1.7032675e-01;2.6750000e+02;1.8906876e-01;2.6750000e+02;2.1676326e-01;2.6750000e+02;2.4259849e-01;2.6750000e+02;2.5394917e-01;2.6750000e+02;2.5228506e-01;2.6750000e+02;2.4332654e-01;2.6750000e+02;2.2731304e-01;2.6750000e+02;2.0487942e-01;2.6750000e+02;2.1612216e-02;2.6750000e+02;3.0111142e-02;2.6750000e+02;4.2484932e-02;2.6750000e+02;5.8315743e-02;2.6750000e+02;7.6873273e-02;2.6750000e+02;9.6539289e-02;2.6750000e+02;1.1613786e-01;2.6750000e+02;1.3573492e-01;2.6750000e+02;1.5350185e-01;2.6750000e+02;1.7032675e-01;2.6750000e+02;1.8906876e-01;2.6750000e+02;2.1676326e-01;2.6750000e+02;2.4259849e-01;2.6750000e+02;2.5394917e-01;2.6750000e+02;2.5228506e-01;2.6750000e+02;2.4332654e-01;2.6750000e+02;2.2731304e-01;2.6750000e+02;2.0487942e-01;2.6750000e+02;2.1612216e-02;2.6750000e+02;3.0111142e-02;2.6750000e+02;4.2484932e-02;2.6750000e+02;5.8315743e-02;2.6750000e+02;7.6873273e-02;2.6750000e+02;9.6539289e-02;2.6750000e+02;1.1613786e-01;2.6750000e+02;1.3573492e-01;2.6750000e+02;1.5350185e-01;2.6750000e+02;1.7032675e-01;2.6750000e+02;1.8906876e-01;2.6750000e+02;2.1676326e-01;2.6750000e+02;2.4259849e-01;2.6750000e+02;2.5394917e-01;2.6750000e+02;2.5228506e-01;2.6750000e+02;2.4332654e-01;2.6750000e+02;2.2731304e-01;2.6750000e+02;2.0487942e-01;2.6750000e+02;2.1612216e-02;2.6750000e+02;3.0111142e-02;2.6750000e+02;4.2484932e-02;2.6750000e+02;5.8315743e-02;2.6750000e+02;7.6873273e-02;2.6750000e+02;9.6539289e-02;2.6750000e+02;1.1613786e-01;2.6750000e+02;1.3573492e-01;2.6750000e+02;1.5350185e-01;2.6750000e+02;1.7032675e-01;2.6750000e+02;1.8906876e-01;2.6750000e+02;2.1676326e-01;2.6750000e+02;2.4259849e-01;2.6750000e+02;2.5394917e-01;2.6750000e+02;2.5228506e-01;2.6750000e+02;2.4332654e-01;2.6750000e+02;2.2731304e-01;2.6750000e+02;2.0487942e-01;2.6750000e+02;2.1612216e-02;2.6750000e+02;3.0111142e-02;2.6750000e+02;4.2484932e-02;2.6750000e+02;5.8315743e-02;2.6750000e+02;7.6873273e-02;2.6750000e+02;9.6539289e-02;2.6750000e+02;1.1613786e-01;2.6750000e+02;1.3573492e-01;2.6750000e+02;1.5350185e-01;2.6750000e+02;1.7032675e-01;2.6750000e+02;1.8906876e-01;2.6750000e+02;2.1676326e-01;2.6750000e+02;2.4259849e-01;2.6750000e+02;2.5394917e-01;2.6750000e+02;2.5228506e-01;2.6750000e+02;2.4332654e-01;2.6750000e+02;2.2731304e-01;2.6750000e+02;2.0487942e-01;2.6750000e+02;2.1612216e-02;2.6750000e+02;3.0111142e-02;2.6750000e+02;4.2484932e-02;2.6750000e+02;5.8315743e-02;2.6750000e+02;7.6873273e-02;2.6750000e+02;9.6539289e-02;2.6750000e+02;1.1613786e-01;2.6750000e+02;1.3573492e-01;2.6750000e+02;1.5350185e-01;2.6750000e+02;1.7032675e-01;2.6750000e+02;1.8906876e-01;2.6750000e+02;2.1676326e-01;2.6750000e+02;2.4259849e-01;2.6750000e+02;2.5394917e-01;2.6750000e+02;2.5228506e-01;2.6750000e+02;2.4332654e-01;2.6750000e+02;2.2731304e-01;2.6750000e+02;2.0487942e-01;2.6750000e+02;2.1612216e-02;2.6750000e+02;3.0111142e-02;2.6750000e+02;4.2484932e-02;2.6750000e+02;5.8315743e-02;2.6750000e+02;7.6873273e-02;2.6750000e+02;9.6539289e-02;2.6750000e+02;1.1613786e-01;2.6750000e+02;1.3573492e-01;2.6750000e+02;1.5350185e-01;2.6750000e+02;1.7032675e-01;2.6750000e+02;1.8906876e-01;2.6750000e+02;2.1676326e-01;2.6750000e+02;2.4259849e-01;2.6750000e+02;2.5394917e-01;2.6750000e+02;2.5228506e-01;2.6750000e+02;2.4332654e-01;2.6750000e+02;2.2731304e-01;2.6750000e+02;2.0487942e-01;2.6750000e+02;2.1612216e-02;2.6750000e+02;3.0111142e-02;2.6750000e+02;4.2484932e-02;2.6750000e+02;5.8315743e-02;2.6750000e+02;7.6873273e-02;2.6750000e+02;9.6539289e-02;2.6750000e+02;1.1613786e-01;2.6750000e+02;1.3573492e-01;2.6750000e+02;1.5350185e-01;2.6750000e+02;1.7032675e-01;2.6750000e+02;1.8906876e-01;2.6750000e+02;2.1676326e-01;2.6750000e+02;2.4259849e-01;2.6750000e+02;2.5394917e-01;2.6750000e+02;2.5228506e-01;2.6750000e+02;2.4332654e-01;2.6750000e+02;2.2731304e-01;2.6750000e+02;2.0487942e-01;2.6750000e+02;2.1612216e-02;2.6750000e+02;3.0111142e-02;2.6750000e+02;4.2484932e-02;2.6750000e+02;5.8315743e-02;2.6750000e+02;7.6873273e-02;2.6750000e+02;9.6539289e-02;2.6750000e+02;1.1613786e-01;2.6750000e+02;1.3573492e-01;2.6750000e+02;1.5350185e-01;2.6750000e+02;1.7032675e-01;2.6750000e+02;1.8906876e-01;2.6750000e+02;2.1676326e-01;2.6750000e+02;2.4259849e-01;2.6750000e+02;2.5394917e-01;2.6750000e+02;2.5228506e-01;2.6750000e+02;2.4332654e-01;2.6750000e+02;2.2731304e-01;2.6750000e+02;2.0487942e-01;2.6750000e+02;2.1612216e-02;2.6750000e+02;3.0111142e-02;2.6750000e+02;4.2484932e-02;2.6750000e+02;5.8315743e-02;2.6750000e+02;7.6873273e-02;2.6750000e+02;9.6539289e-02;2.6750000e+02;1.1613786e-01;2.6750000e+02;1.3573492e-01;2.6750000e+02;1.5350185e-01;2.6750000e+02;1.7032675e-01;2.6750000e+02;1.8906876e-01;2.6750000e+02;2.1676326e-01;2.6750000e+02;2.4259849e-01;2.6750000e+02;2.5394917e-01;2.6750000e+02;2.5228506e-01;2.6750000e+02;2.4332654e-01;2.6750000e+02;2.2731304e-01;2.6750000e+02;2.0487942e-01;2.6750000e+02;2.1612216e-02;2.6750000e+02;3.0111142e-02;2.6750000e+02;4.2484932e-02;2.6750000e+02;5.8315743e-02;2.6750000e+02;7.6873273e-02;2.6750000e+02;9.6539289e-02;2.6750000e+02;1.1613786e-01;2.6750000e+02;1.3573492e-01;2.6750000e+02;1.5350185e-01;2.6750000e+02;1.7032675e-01;2.6750000e+02;1.8906876e-01;2.6750000e+02;2.1676326e-01;2.6750000e+02;2.4259849e-01;2.6750000e+02;2.5394917e-01;2.6750000e+02;2.5228506e-01;2.6750000e+02;2.4332654e-01;2.6750000e+02;2.2731304e-01;2.6750000e+02;2.0487942e-01;2.6750000e+02;2.1612216e-02;2.6750000e+02;3.0111142e-02;2.6750000e+02;4.2484932e-02;2.6750000e+02;5.8315743e-02;2.6750000e+02;7.6873273e-02;2.6750000e+02;9.6539289e-02;2.6750000e+02;1.1613786e-01;2.6750000e+02;1.3573492e-01;2.6750000e+02;1.5350185e-01;2.6750000e+02;1.7032675e-01;2.6750000e+02;1.8906876e-01;2.6750000e+02;2.1676326e-01;2.6750000e+02;2.4259849e-01;2.6750000e+02;2.5394917e-01;2.6750000e+02;2.5228506e-01;2.6750000e+02;2.4332654e-01;2.6750000e+02;2.2731304e-01;2.6750000e+02;2.0487942e-01;2.6750000e+02;2.1612216e-02;2.6750000e+02;3.0111142e-02;2.6750000e+02;4.2484932e-02;2.6750000e+02;5.8315743e-02;2.6750000e+02;7.6873273e-02;2.6750000e+02;9.6539289e-02;2.6750000e+02;1.1613786e-01;2.6750000e+02;1.3573492e-01;2.6750000e+02;1.5350185e-01;2.6750000e+02;1.7032675e-01;2.6750000e+02;1.8906876e-01;2.6750000e+02;2.1676326e-01;2.6750000e+02;2.4259849e-01;2.6750000e+02;2.5394917e-01;2.6750000e+02;2.5228506e-01;2.6750000e+02;2.4332654e-01;2.6750000e+02;2.2731304e-01;2.6750000e+02;2.0487942e-01;2.6750000e+02;2.1612216e-02;2.6750000e+02;3.0111142e-02;2.6750000e+02;4.2484932e-02;2.6750000e+02;5.8315743e-02;2.6750000e+02;7.6873273e-02;2.6750000e+02;9.6539289e-02;2.6750000e+02;1.1613786e-01;2.6750000e+02;1.3573492e-01;2.6750000e+02;1.5350185e-01;2.6750000e+02;1.7032675e-01;2.6750000e+02;1.8906876e-01;2.6750000e+02;2.1676326e-01;2.6750000e+02;2.4259849e-01;2.6750000e+02;2.5394917e-01;2.6750000e+02;2.5228506e-01;2.6750000e+02;2.4332654e-01;2.6750000e+02;2.2731304e-01;2.6750000e+02;2.0487942e-01;2.6750000e+02;2.1612216e-02;2.6750000e+02;3.0111142e-02;2.6750000e+02;4.2484932e-02;2.6750000e+02;5.8315743e-02;2.6750000e+02;7.6873273e-02;2.6750000e+02;9.6539289e-02;2.6750000e+02;1.1613786e-01;2.6750000e+02;1.3573492e-01;2.6750000e+02;1.5350185e-01;2.6750000e+02;1.7032675e-01;2.6750000e+02;1.8906876e-01;2.6750000e+02;2.1676326e-01;2.6750000e+02;2.4259849e-01;2.6750000e+02;2.5394917e-01;2.6750000e+02;2.5228506e-01;2.6750000e+02;2.4332654e-01;2.6750000e+02;2.2731304e-01;2.6750000e+02;2.0487942e-01;2.6750000e+02;2.1612216e-02;2.6750000e+02;3.0111142e-02;2.6750000e+02;4.2484932e-02;2.6750000e+02;5.8315743e-02;2.6750000e+02;7.6873273e-02;2.6750000e+02;9.6539289e-02;2.6750000e+02;1.1613786e-01;2.6750000e+02;1.3573492e-01;2.6750000e+02;1.5350185e-01;2.6750000e+02;1.7032675e-01;2.6750000e+02;1.8906876e-01;2.6750000e+02;2.1676326e-01;2.6750000e+02;2.4259849e-01;2.6750000e+02;2.5394917e-01;2.6750000e+02;2.5228506e-01;2.6750000e+02;2.4332654e-01;2.6750000e+02;2.2731304e-01;2.6750000e+02;2.0487942e-01;2.6750000e+02;2.1612216e-02;2.6750000e+02;3.0111142e-02;2.6750000e+02;4.2484932e-02;2.6750000e+02;5.8315743e-02;2.6750000e+02;7.6873273e-02;2.6750000e+02;9.6539289e-02;2.6750000e+02;1.1613786e-01;2.6750000e+02;1.3573492e-01;2.6750000e+02;1.5350185e-01;2.6750000e+02;1.7032675e-01;2.6750000e+02;1.8906876e-01;2.6750000e+02;2.1676326e-01;2.6750000e+02;2.4259849e-01;2.6750000e+02;2.5394917e-01;2.6750000e+02;2.5228506e-01;2.6750000e+02;2.4332654e-01;2.6750000e+02;2.2731304e-01;2.6750000e+02;2.0487942e-01;2.6750000e+02;2.1612216e-02;2.6750000e+02;3.0111142e-02;2.6750000e+02;4.2484932e-02;2.6750000e+02;5.8315743e-02;2.6750000e+02;7.6873273e-02;2.6750000e+02;9.6539289e-02;2.6750000e+02;1.1613786e-01;2.6750000e+02;1.3573492e-01;2.6750000e+02;1.5350185e-01;2.6750000e+02;1.7032675e-01;2.6750000e+02;1.8906876e-01;2.6750000e+02;2.1676326e-01;2.6750000e+02;2.4259849e-01;2.6750000e+02;2.5394917e-01;2.6750000e+02;2.5228506e-01;2.6750000e+02;2.4332654e-01;2.6750000e+02;2.2731304e-01;2.6750000e+02;2.0487942e-01
2.7250000e+02;2.5576819e-02;2.7250000e+02;3.4940485e-02;2.7250000e+02;4.6730578e-02;2.7250000e+02;6.1877802e-02;2.7250000e+02;8.0489084e-02;2.7250000e+02;1.0192513e-01;2.7250000e+02;1.2459970e-01;2.7250000e+02;1.4658228e-01;2.7250000e+02;1.6557778e-01;2.7250000e+02;1.8470705e-01;2.7250000e+02;2.0445703e-01;2.7250000e+02;2.3250949e-01;2.7250000e+02;2.5490364e-01;2.7250000e+02;2.6141587e-01;2.7250000e+02;2.5742137e-01;2.7250000e+02;2.4677746e-01;2.7250000e+02;2.2934319e-01;2.7250000e+02;2.0583738e-01;2.7250000e+02;2.5576819e-02;2.7250000e+02;3.4940485e-02;2.7250000e+02;4.6730578e-02;2.7250000e+02;6.1877802e-02;2.7250000e+02;8.0489084e-02;2.7250000e+02;1.0192513e-01;2.7250000e+02;1.2459970e-01;2.7250000e+02;1.4658228e-01;2.7250000e+02;1.6557778e-01;2.7250000e+02;1.8470705e-01;2.7250000e+02;2.0445703e-01;2.7250000e+02;2.3250949e-01;2.7250000e+02;2.5490364e-01;2.7250000e+02;2.6141587e-01;2.7250000e+02;2.5742137e-01;2.7250000e+02;2.4677746e-01;2.7250000e+02;2.2934319e-01;2.7250000e+02;2.0583738e-01;2.7250000e+02;2.5576819e-02;2.7250000e+02;3.4940485e-02;2.7250000e+02;4.6730578e-02;2.7250000e+02;6.1877802e-02;2.7250000e+02;8.0489084e-02;2.7250000e+02;1.0192513e-01;2.7250000e+02;1.2459970e-01;2.7250000e+02;1.4658228e-01;2.7250000e+02;1.6557778e-01;2.7250000e+02;1.8470705e-01;2.7250000e+02;2.0445703e-01;2.7250000e+02;2.3250949e-01;2.7250000e+02;2.5490364e-01;2.7250000e+02;2.6141587e-01;2.7250000e+02;2.5742137e-01;2.7250000e+02;2.4677746e-01;2.7250000e+02;2.2934319e-01;2.7250000e+02;2.0583738e-01;2.7250000e+02;2.5576819e-02;2.7250000e+02;3.4940485e-02;2.7250000e+02;4.6730578e-02;2.7250000e+02;6.1877802e-02;2.7250000e+02;8.0489084e-02;2.7250000e+02;1.0192513e-01;2.7250000e+02;1.2459970e-01;2.7250000e+02;1.4658228e-01;2.7250000e+02;1.6557778e-01;2.7250000e+02;1.8470705e-01;2.7250000e+02;2.0445703e-01;2.7250000e+02;2.3250949e-01;2.7250000e+02;2.5490364e-01;2.7250000e+02;2.6141587e-01;2.7250000e+02;2.5742137e-01;2.7250000e+02;2.4677746e-01;2.7250000e+02;2.2934319e-01;2.7250000e+02;2.0583738e-01;2.7250000e+02;2.5576819e-02;2.7250000e+02;3.4940485e-02;2.7250000e+02;4.6730578e-02;2.7250000e+02;6.1877802e-02;2.7250000e+02;8.0489084e-02;2.7250000e+02;1.0192513e-01;2.7250000e+02;1.2459970e-01;2.7250000e+02;1.4658228e-01;2.7250000e+02;1.6557778e-01;2.7250000e+02;1.8470705e-01;2.7250000e+02;2.0445703e-01;2.7250000e+02;2.3250949e-01;2.7250000e+02;2.5490364e-01;2.7250000e+02;2.6141587e-01;2.7250000e+02;2.5742137e-01;2.7250000e+02;2.4677746e-01;2.7250000e+02;2.2934319e-01;2.7250000e+02;2.0583738e-01;2.7250000e+02;2.5576819e-02;2.7250000e+02;3.4940485e-02;2.7250000e+02;4.6730578e-02;2.7250000e+02;6.1877802e-02;2.7250000e+02;8.0489084e-02;2.7250000e+02;1.0192513e-01;2.7250000e+02;1.2459970e-01;2.7250000e+02;1.4658228e-01;2.7250000e+02;1.6557778e-01;2.7250000e+02;1.8470705e-01;2.7250000e+02;2.0445703e-01;2.7250000e+02;2.3250949e-01;2.7250000e+02;2.5490364e-01;2.7250000e+02;2.6141587e-01;2.7250000e+02;2.5742137e-01;2.7250000e+02;2.4677746e-01;2.7250000e+02;2.2934319e-01;2.7250000e+02;2.0583738e-01;2.7250000e+02;2.5576819e-02;2.7250000e+02;3.4940485e-02;2.7250000e+02;4.6730578e-02;2.7250000e+02;6.1877802e-02;2.7250000e+02;8.0489084e-02;2.7250000e+02;1.0192513e-01;2.7250000e+02;1.2459970e-01;2.7250000e+02;1.4658228e-01;2.7250000e+02;1.6557778e-01;2.7250000e+02;1.8470705e-01;2.7250000e+02;2.0445703e-01;2.7250000e+02;2.3250949e-01;2.7250000e+02;2.5490364e-01;2.7250000e+02;2.6141587e-01;2.7250000e+02;2.5742137e-01;2.7250000e+02;2.4677746e-01;2.7250000e+02;2.2934319e-01;2.7250000e+02;2.0583738e-01;2.7250000e+02;2.5576819e-02;2.7250000e+02;3.4940485e-02;2.7250000e+02;4.6730578e-02;2.7250000e+02;6.1877802e-02;2.7250000e+02;8.0489084e-02;2.7250000e+02;1.0192513e-01;2.7250000e+02;1.2459970e-01;2.7250000e+02;1.4658228e-01;2.7250000e+02;1.6557778e-01;2.7250000e+02;1.8470705e-01;2.7250000e+02;2.0445703e-01;2.7250000e+02;2.3250949e-01;2.7250000e+02;2.5490364e-01;2.7250000e+02;2.6141587e-01;2.7250000e+02;2.5742137e-01;2.7250000e+02;2.4677746e-01;2.7250000e+02;2.2934319e-01;2.7250000e+02;2.0583738e-01;2.7250000e+02;2.5576819e-02;2.7250000e+02;3.4940485e-02;2.7250000e+02;4.6730578e-02;2.7250000e+02;6.1877802e-02;2.7250000e+02;8.0489084e-02;2.7250000e+02;1.0192513e-01;2.7250000e+02;1.2459970e-01;2.7250000e+02;1.4658228e-01;2.7250000e+02;1.6557778e-01;2.7250000e+02;1.8470705e-01;2.7250000e+02;2.0445703e-01;2.7250000e+02;2.3250949e-01;2.7250000e+02;2.5490364e-01;2.7250000e+02;2.6141587e-01;2.7250000e+02;2.5742137e-01;2.7250000e+02;2.4677746e-01;2.7250000e+02;2.2934319e-01;2.7250000e+02;2.0583738e-01;2.7250000e+02;2.5576819e-02;2.7250000e+02;3.4940485e-02;2.7250000e+02;4.6730578e-02;2.7250000e+02;6.1877802e-02;2.7250000e+02;8.0489084e-02;2.7250000e+02;1.0192513e-01;2.7250000e+02;1.2459970e-01;2.7250000e+02;1.4658228e-01;2.7250000e+02;1.6557778e-01;2.7250000e+02;1.8470705e-01;2.7250000e+02;2.0445703e-01;2.7250000e+02;2.3250949e-01;2.7250000e+02;2.5490364e-01;2.7250000e+02;2.6141587e-01;2.7250000e+02;2.5742137e-01;2.7250000e+02;2.4677746e-01;2.7250000e+02;2.2934319e-01;2.7250000e+02;2.0583738e-01;2.7250000e+02;2.5576819e-02;2.7250000e+02;3.4940485e-02;2.7250000e+02;4.6730578e-02;2.7250000e+02;6.1877802e-02;2.7250000e+02;8.0489084e-02;2.7250000e+02;1.0192513e-01;2.7250000e+02;1.2459970e-01;2.7250000e+02;1.4658228e-01;2.7250000e+02;1.6557778e-01;2.7250000e+02;1.8470705e-01;2.7250000e+02;2.0445703e-01;2.7250000e+02;2.3250949e-01;2.7250000e+02;2.5490364e-01;2.7250000e+02;2.6141587e-01;2.7250000e+02;2.5742137e-01;2.7250000e+02;2.4677746e-01;2.7250000e+02;2.2934319e-01;2.7250000e+02;2.0583738e-01;2.7250000e+02;2.5576819e-02;2.7250000e+02;3.4940485e-02;2.7250000e+02;4.6730578e-02;2.7250000e+02;6.1877802e-02;2.7250000e+02;8.0489084e-02;2.7250000e+02;1.0192513e-01;2.7250000e+02;1.2459970e-01;2.7250000e+02;1.4658228e-01;2.7250000e+02;1.6557778e-01;2.7250000e+02;1.8470705e-01;2.7250000e+02;2.0445703e-01;2.7250000e+02;2.3250949e-01;2.7250000e+02;2.5490364e-01;2.7250000e+02;2.6141587e-01;2.7250000e+02;2.5742137e-01;2.7250000e+02;2.4677746e-01;2.7250000e+02;2.2934319e-01;2.7250000e+02;2.0583738e-01;2.7250000e+02;2.5576819e-02;2.7250000e+02;3.4940485e-02;2.7250000e+02;4.6730578e-02;2.7250000e+02;6.1877802e-02;2.7250000e+02;8.0489084e-02;2.7250000e+02;1.0192513e-01;2.7250000e+02;1.2459970e-01;2.7250000e+02;1.4658228e-01;2.7250000e+02;1.6557778e-01;2.7250000e+02;1.8470705e-01;2.7250000e+02;2.0445703e-01;2.7250000e+02;2.3250949e-01;2.7250000e+02;2.5490364e-01;2.7250000e+02;2.6141587e-01;2.7250000e+02;2.5742137e-01;2.7250000e+02;2.4677746e-01;2.7250000e+02;2.2934319e-01;2.7250000e+02;2.0583738e-01;2.7250000e+02;2.5576819e-02;2.7250000e+02;3.4940485e-02;2.7250000e+02;4.6730578e-02;2.7250000e+02;6.1877802e-02;2.7250000e+02;8.0489084e-02;2.7250000e+02;1.0192513e-01;2.7250000e+02;1.2459970e-01;2.7250000e+02;1.4658228e-01;2.7250000e+02;1.6557778e-01;2.7250000e+02;1.8470705e-01;2.7250000e+02;2.0445703e-01;2.7250000e+02;2.3250949e-01;2.7250000e+02;2.5490364e-01;2.7250000e+02;2.6141587e-01;2.7250000e+02;2.5742137e-01;2.7250000e+02;2.4677746e-01;2.7250000e+02;2.2934319e-01;2.7250000e+02;2.0583738e-01;2.7250000e+02;2.5576819e-02;2.7250000e+02;3.4940485e-02;2.7250000e+02;4.6730578e-02;2.7250000e+02;6.1877802e-02;2.7250000e+02;8.0489084e-02;2.7250000e+02;1.0192513e-01;2.7250000e+02;1.2459970e-01;2.7250000e+02;1.4658228e-01;2.7250000e+02;1.6557778e-01;2.7250000e+02;1.8470705e-01;2.7250000e+02;2.0445703e-01;2.7250000e+02;2.3250949e-01;2.7250000e+02;2.5490364e-01;2.7250000e+02;2.6141587e-01;2.7250000e+02;2.5742137e-01;2.7250000e+02;2.4677746e-01;2.7250000e+02;2.2934319e-01;2.7250000e+02;2.0583738e-01;2.7250000e+02;2.5576819e-02;2.7250000e+02;3.4940485e-02;2.7250000e+02;4.6730578e-02;2.7250000e+02;6.1877802e-02;2.7250000e+02;8.0489084e-02;2.7250000e+02;1.0192513e-01;2.7250000e+02;1.2459970e-01;2.7250000e+02;1.4658228e-01;2.7250000e+02;1.6557778e-01;2.7250000e+02;1.8470705e-01;2.7250000e+02;2.0445703e-01;2.7250000e+02;2.3250949e-01;2.7250000e+02;2.5490364e-01;2.7250000e+02;2.6141587e-01;2.7250000e+02;2.5742137e-01;2.7250000e+02;2.4677746e-01;2.7250000e+02;2.2934319e-01;2.7250000e+02;2.0583738e-01;2.7250000e+02;2.5576819e-02;2.7250000e+02;3.4940485e-02;2.7250000e+02;4.6730578e-02;2.7250000e+02;6.1877802e-02;2.7250000e+02;8.0489084e-02;2.7250000e+02;1.0192513e-01;2.7250000e+02;1.2459970e-01;2.7250000e+02;1.4658228e-01;2.7250000e+02;1.6557778e-01;2.7250000e+02;1.8470705e-01;2.7250000e+02;2.0445703e-01;2.7250000e+02;2.3250949e-01;2.7250000e+02;2.5490364e-01;2.7250000e+02;2.6141587e-01;2.7250000e+02;2.5742137e-01;2.7250000e+02;2.4677746e-01;2.7250000e+02;2.2934319e-01;2.7250000e+02;2.0583738e-01;2.7250000e+02;2.5576819e-02;2.7250000e+02;3.4940485e-02;2.7250000e+02;4.6730578e-02;2.7250000e+02;6.1877802e-02;2.7250000e+02;8.0489084e-02;2.7250000e+02;1.0192513e-01;2.7250000e+02;1.2459970e-01;2.7250000e+02;1.4658228e-01;2.7250000e+02;1.6557778e-01;2.7250000e+02;1.8470705e-01;2.7250000e+02;2.0445703e-01;2.7250000e+02;2.3250949e-01;2.7250000e+02;2.5490364e-01;2.7250000e+02;2.6141587e-01;2.7250000e+02;2.5742137e-01;2.7250000e+02;2.4677746e-01;2.7250000e+02;2.2934319e-01;2.7250000e+02;2.0583738e-01;2.7250000e+02;2.5576819e-02;2.7250000e+02;3.4940485e-02;2.7250000e+02;4.6730578e-02;2.7250000e+02;6.1877802e-02;2.7250000e+02;8.0489084e-02;2.7250000e+02;1.0192513e-01;2.7250000e+02;1.2459970e-01;2.7250000e+02;1.4658228e-01;2.7250000e+02;1.6557778e-01;2.7250000e+02;1.8470705e-01;2.7250000e+02;2.0445703e-01;2.7250000e+02;2.3250949e-01;2.7250000e+02;2.5490364e-01;2.7250000e+02;2.6141587e-01;2.7250000e+02;2.5742137e-01;2.7250000e+02;2.4677746e-01;2.7250000e+02;2.2934319e-01;2.7250000e+02;2.0583738e-01;2.7250000e+02;2.5576819e-02;2.7250000e+02;3.4940485e-02;2.7250000e+02;4.6730578e-02;2.7250000e+02;6.1877802e-02;2.7250000e+02;8.0489084e-02;2.7250000e+02;1.0192513e-01;2.7250000e+02;1.2459970e-01;2.7250000e+02;1.4658228e-01;2.7250000e+02;1.6557778e-01;2.7250000e+02;1.8470705e-01;2.7250000e+02;2.0445703e-01;2.7250000e+02;2.3250949e-01;2.7250000e+02;2.5490364e-01;2.7250000e+02;2.6141587e-01;2.7250000e+02;2.5742137e-01;2.7250000e+02;2.4677746e-01;2.7250000e+02;2.2934319e-01;2.7250000e+02;2.0583738e-01;2.7250000e+02;2.5576819e-02;2.7250000e+02;3.4940485e-02;2.7250000e+02;4.6730578e-02;2.7250000e+02;6.1877802e-02;2.7250000e+02;8.0489084e-02;2.7250000e+02;1.0192513e-01;2.7250000e+02;1.2459970e-01;2.7250000e+02;1.4658228e-01;2.7250000e+02;1.6557778e-01;2.7250000e+02;1.8470705e-01;2.7250000e+02;2.0445703e-01;2.7250000e+02;2.3250949e-01;2.7250000e+02;2.5490364e-01;2.7250000e+02;2.6141587e-01;2.7250000e+02;2.5742137e-01;2.7250000e+02;2.4677746e-01;2.7250000e+02;2.2934319e-01;2.7250000e+02;2.0583738e-01;2.7250000e+02;2.5576819e-02;2.7250000e+02;3.4940485e-02;2.7250000e+02;4.6730578e-02;2.7250000e+02;6.1877802e-02;2.7250000e+02;8.0489084e-02;2.7250000e+02;1.0192513e-01;2.7250000e+02;1.2459970e-01;2.7250000e+02;1.4658228e-01;2.7250000e+02;1.6557778e-01;2.7250000e+02;1.8470705e-01;2.7250000e+02;2.0445703e-01;2.7250000e+02;2.3250949e-01;2.7250000e+02;2.5490364e-01;2.7250000e+02;2.6141587e-01;2.7250000e+02;2.5742137e-01;2.7250000e+02;2.4677746e-01;2.7250000e+02;2.2934319e-01;2.7250000e+02;2.0583738e-01;2.7250000e+02;2.5576819e-02;2.7250000e+02;3.4940485e-02;2.7250000e+02;4.6730578e-02;2.7250000e+02;6.1877802e-02;2.7250000e+02;8.0489084e-02;2.7250000e+02;1.0192513e-01;2.7250000e+02;1.2459970e-01;2.7250000e+02;1.4658228e-01;2.7250000e+02;1.6557778e-01;2.7250000e+02;1.8470705e-01;2.7250000e+02;2.0445703e-01;2.7250000e+02;2.3250949e-01;2.7250000e+02;2.5490364e-01;2.7250000e+02;2.6141587e-01;2.7250000e+02;2.5742137e-01;2.7250000e+02;2.4677746e-01;2.7250000e+02;2.2934319e-01;2.7250000e+02;2.0583738e-01;2.7250000e+02;2.5576819e-02;2.7250000e+02;3.4940485e-02;2.7250000e+02;4.6730578e-02;2.7250000e+02;6.1877802e-02;2.7250000e+02;8.0489084e-02;2.7250000e+02;1.0192513e-01;2.7250000e+02;1.2459970e-01;2.7250000e+02;1.4658228e-01;2.7250000e+02;1.6557778e-01;2.7250000e+02;1.8470705e-01;2.7250000e+02;2.0445703e-01;2.7250000e+02;2.3250949e-01;2.7250000e+02;2.5490364e-01;2.7250000e+02;2.6141587e-01;2.7250000e+02;2.5742137e-01;2.7250000e+02;2.4677746e-01;2.7250000e+02;2.2934319e-01;2.7250000e+02;2.0583738e-01;2.7250000e+02;2.5576819e-02;2.7250000e+02;3.4940485e-02;2.7250000e+02;4.6730578e-02;2.7250000e+02;6.1877802e-02;2.7250000e+02;8.0489084e-02;2.7250000e+02;1.0192513e-01;2.7250000e+02;1.2459970e-01;2.7250000e+02;1.4658228e-01;2.7250000e+02;1.6557778e-01;2.7250000e+02;1.8470705e-01;2.7250000e+02;2.0445703e-01;2.7250000e+02;2.3250949e-01;2.7250000e+02;2.5490364e-01;2.7250000e+02;2.6141587e-01;2.7250000e+02;2.5742137e-01;2.7250000e+02;2.4677746e-01;2.7250000e+02;2.2934319e-01;2.7250000e+02;2.0583738e-01;2.7250000e+02;2.5576819e-02;2.7250000e+02;3.4940485e-02;2.7250000e+02;4.6730578e-02;2.7250000e+02;6.1877802e-02;2.7250000e+02;8.0489084e-02;2.7250000e+02;1.0192513e-01;2.7250000e+02;1.2459970e-01;2.7250000e+02;1.4658228e-01;2.7250000e+02;1.6557778e-01;2.7250000e+02;1.8470705e-01;2.7250000e+02;2.0445703e-01;2.7250000e+02;2.3250949e-01;2.7250000e+02;2.5490364e-01;2.7250000e+02;2.6141587e-01;2.7250000e+02;2.5742137e-01;2.7250000e+02;2.4677746e-01;2.7250000e+02;2.2934319e-01;2.7250000e+02;2.0583738e-01;2.7250000e+02;2.5576819e-02;2.7250000e+02;3.4940485e-02;2.7250000e+02;4.6730578e-02;2.7250000e+02;6.1877802e-02;2.7250000e+02;8.0489084e-02;2.7250000e+02;1.0192513e-01;2.7250000e+02;1.2459970e-01;2.7250000e+02;1.4658228e-01;2.7250000e+02;1.6557778e-01;2.7250000e+02;1.8470705e-01;2.7250000e+02;2.0445703e-01;2.7250000e+02;2.3250949e-01;2.7250000e+02;2.5490364e-01;2.7250000e+02;2.6141587e-01;2.7250000e+02;2.5742137e-01;2.7250000e+02;2.4677746e-01;2.7250000e+02;2.2934319e-01;2.7250000e+02;2.0583738e-01;2.7250000e+02;2.5576819e-02;2.7250000e+02;3.4940485e-02;2.7250000e+02;4.6730578e-02;2.7250000e+02;6.1877802e-02;2.7250000e+02;8.0489084e-02;2.7250000e+02;1.0192513e-01;2.7250000e+02;1.2459970e-01;2.7250000e+02;1.4658228e-01;2.7250000e+02;1.6557778e-01;2.7250000e+02;1.8470705e-01;2.7250000e+02;2.0445703e-01;2.7250000e+02;2.3250949e-01;2.7250000e+02;2.5490364e-01;2.7250000e+02;2.6141587e-01;2.7250000e+02;2.5742137e-01;2.7250000e+02;2.4677746e-01;2.7250000e+02;2.2934319e-01;2.7250000e+02;2.0583738e-01;2.7250000e+02;2.5576819e-02;2.7250000e+02;3.4940485e-02;2.7250000e+02;4.6730578e-02;2.7250000e+02;6.1877802e-02;2.7250000e+02;8.0489084e-02;2.7250000e+02;1.0192513e-01;2.7250000e+02;1.2459970e-01;2.7250000e+02;1.4658228e-01;2.7250000e+02;1.6557778e-01;2.7250000e+02;1.8470705e-01;2.7250000e+02;2.0445703e-01;2.7250000e+02;2.3250949e-01;2.7250000e+02;2.5490364e-01;2.7250000e+02;2.6141587e-01;2.7250000e+02;2.5742137e-01;2.7250000e+02;2.4677746e-01;2.7250000e+02;2.2934319e-01;2.7250000e+02;2.0583738e-01;2.7250000e+02;2.5576819e-02;2.7250000e+02;3.4940485e-02;2.7250000e+02;4.6730578e-02;2.7250000e+02;6.1877802e-02;2.7250000e+02;8.0489084e-02;2.7250000e+02;1.0192513e-01;2.7250000e+02;1.2459970e-01;2.7250000e+02;1.4658228e-01;2.7250000e+02;1.6557778e-01;2.7250000e+02;1.8470705e-01;2.7250000e+02;2.0445703e-01;2.7250000e+02;2.3250949e-01;2.7250000e+02;2.5490364e-01;2.7250000e+02;2.6141587e-01;2.7250000e+02;2.5742137e-01;2.7250000e+02;2.4677746e-01;2.7250000e+02;2.2934319e-01;2.7250000e+02;2.0583738e-01;2.7250000e+02;2.5576819e-02;2.7250000e+02;3.4940485e-02;2.7250000e+02;4.6730578e-02;2.7250000e+02;6.1877802e-02;2.7250000e+02;8.0489084e-02;2.7250000e+02;1.0192513e-01;2.7250000e+02;1.2459970e-01;2.7250000e+02;1.4658228e-01;2.7250000e+02;1.6557778e-01;2.7250000e+02;1.8470705e-01;2.7250000e+02;2.0445703e-01;2.7250000e+02;2.3250949e-01;2.7250000e+02;2.5490364e-01;2.7250000e+02;2.6141587e-01;2.7250000e+02;2.5742137e-01;2.7250000e+02;2.4677746e-01;2.7250000e+02;2.2934319e-01;2.7250000e+02;2.0583738e-01;2.7250000e+02;2.5576819e-02;2.7250000e+02;3.4940485e-02;2.7250000e+02;4.6730578e-02;2.7250000e+02;6.1877802e-02;2.7250000e+02;8.0489084e-02;2.7250000e+02;1.0192513e-01;2.7250000e+02;1.2459970e-01;2.7250000e+02;1.4658228e-01;2.7250000e+02;1.6557778e-01;2.7250000e+02;1.8470705e-01;2.7250000e+02;2.0445703e-01;2.7250000e+02;2.3250949e-01;2.7250000e+02;2.5490364e-01;2.7250000e+02;2.6141587e-01;2.7250000e+02;2.5742137e-01;2.7250000e+02;2.4677746e-01;2.7250000e+02;2.2934319e-01;2.7250000e+02;2.0583738e-01;2.7250000e+02;2.5576819e-02;2.7250000e+02;3.4940485e-02;2.7250000e+02;4.6730578e-02;2.7250000e+02;6.1877802e-02;2.7250000e+02;8.0489084e-02;2.7250000e+02;1.0192513e-01;2.7250000e+02;1.2459970e-01;2.7250000e+02;1.4658228e-01;2.7250000e+02;1.6557778e-01;2.7250000e+02;1.8470705e-01;2.7250000e+02;2.0445703e-01;2.7250000e+02;2.3250949e-01;2.7250000e+02;2.5490364e-01;2.7250000e+02;2.6141587e-01;2.7250000e+02;2.5742137e-01;2.7250000e+02;2.4677746e-01;2.7250000e+02;2.2934319e-01;2.7250000e+02;2.0583738e-01;2.7250000e+02;2.5576819e-02;2.7250000e+02;3.4940485e-02;2.7250000e+02;4.6730578e-02;2.7250000e+02;6.1877802e-02;2.7250000e+02;8.0489084e-02;2.7250000e+02;1.0192513e-01;2.7250000e+02;1.2459970e-01;2.7250000e+02;1.4658228e-01;2.7250000e+02;1.6557778e-01;2.7250000e+02;1.8470705e-01;2.7250000e+02;2.0445703e-01;2.7250000e+02;2.3250949e-01;2.7250000e+02;2.5490364e-01;2.7250000e+02;2.6141587e-01;2.7250000e+02;2.5742137e-01;2.7250000e+02;2.4677746e-01;2.7250000e+02;2.2934319e-01;2.7250000e+02;2.0583738e-01;2.7250000e+02;2.5576819e-02;2.7250000e+02;3.4940485e-02;2.7250000e+02;4.6730578e-02;2.7250000e+02;6.1877802e-02;2.7250000e+02;8.0489084e-02;2.7250000e+02;1.0192513e-01;2.7250000e+02;1.2459970e-01;2.7250000e+02;1.4658228e-01;2.7250000e+02;1.6557778e-01;2.7250000e+02;1.8470705e-01;2.7250000e+02;2.0445703e-01;2.7250000e+02;2.3250949e-01;2.7250000e+02;2.5490364e-01;2.7250000e+02;2.6141587e-01;2.7250000e+02;2.5742137e-01;2.7250000e+02;2.4677746e-01;2.7250000e+02;2.2934319e-01;2.7250000e+02;2.0583738e-01;2.7250000e+02;2.5576819e-02;2.7250000e+02;3.4940485e-02;2.7250000e+02;4.6730578e-02;2.7250000e+02;6.1877802e-02;2.7250000e+02;8.0489084e-02;2.7250000e+02;1.0192513e-01;2.7250000e+02;1.2459970e-01;2.7250000e+02;1.4658228e-01;2.7250000e+02;1.6557778e-01;2.7250000e+02;1.8470705e-01;2.7250000e+02;2.0445703e-01;2.7250000e+02;2.3250949e-01;2.7250000e+02;2.5490364e-01;2.7250000e+02;2.6141587e-01;2.7250000e+02;2.5742137e-01;2.7250000e+02;2.4677746e-01;2.7250000e+02;2.2934319e-01;2.7250000e+02;2.0583738e-01;2.7250000e+02;2.5576819e-02;2.7250000e+02;3.4940485e-02;2.7250000e+02;4.6730578e-02;2.7250000e+02;6.1877802e-02;2.7250000e+02;8.0489084e-02;2.7250000e+02;1.0192513e-01;2.7250000e+02;1.2459970e-01;2.7250000e+02;1.4658228e-01;2.7250000e+02;1.6557778e-01;2.7250000e+02;1.8470705e-01;2.7250000e+02;2.0445703e-01;2.7250000e+02;2.3250949e-01;2.7250000e+02;2.5490364e-01;2.7250000e+02;2.6141587e-01;2.7250000e+02;2.5742137e-01;2.7250000e+02;2.4677746e-01;2.7250000e+02;2.2934319e-01;2.7250000e+02;2.0583738e-01;2.7250000e+02;2.5576819e-02;2.7250000e+02;3.4940485e-02;2.7250000e+02;4.6730578e-02;2.7250000e+02;6.1877802e-02;2.7250000e+02;8.0489084e-02;2.7250000e+02;1.0192513e-01;2.7250000e+02;1.2459970e-01;2.7250000e+02;1.4658228e-01;2.7250000e+02;1.6557778e-01;2.7250000e+02;1.8470705e-01;2.7250000e+02;2.0445703e-01;2.7250000e+02;2.3250949e-01;2.7250000e+02;2.5490364e-01;2.7250000e+02;2.6141587e-01;2.7250000e+02;2.5742137e-01;2.7250000e+02;2.4677746e-01;2.7250000e+02;2.2934319e-01;2.7250000e+02;2.0583738e-01;2.7250000e+02;2.5576819e-02;2.7250000e+02;3.4940485e-02;2.7250000e+02;4.6730578e-02;2.7250000e+02;6.1877802e-02;2.7250000e+02;8.0489084e-02;2.7250000e+02;1.0192513e-01;2.7250000e+02;1.2459970e-01;2.7250000e+02;1.4658228e-01;2.7250000e+02;1.6557778e-01;2.7250000e+02;1.8470705e-01;2.7250000e+02;2.0445703e-01;2.7250000e+02;2.3250949e-01;2.7250000e+02;2.5490364e-01;2.7250000e+02;2.6141587e-01;2.7250000e+02;2.5742137e-01;2.7250000e+02;2.4677746e-01;2.7250000e+02;2.2934319e-01;2.7250000e+02;2.0583738e-01;2.7250000e+02;2.5576819e-02;2.7250000e+02;3.4940485e-02;2.7250000e+02;4.6730578e-02;2.7250000e+02;6.1877802e-02;2.7250000e+02;8.0489084e-02;2.7250000e+02;1.0192513e-01;2.7250000e+02;1.2459970e-01;2.7250000e+02;1.4658228e-01;2.7250000e+02;1.6557778e-01;2.7250000e+02;1.8470705e-01;2.7250000e+02;2.0445703e-01;2.7250000e+02;2.3250949e-01;2.7250000e+02;2.5490364e-01;2.7250000e+02;2.6141587e-01;2.7250000e+02;2.5742137e-01;2.7250000e+02;2.4677746e-01;2.7250000e+02;2.2934319e-01;2.7250000e+02;2.0583738e-01;2.7250000e+02;2.5576819e-02;2.7250000e+02;3.4940485e-02;2.7250000e+02;4.6730578e-02;2.7250000e+02;6.1877802e-02;2.7250000e+02;8.0489084e-02;2.7250000e+02;1.0192513e-01;2.7250000e+02;1.2459970e-01;2.7250000e+02;1.4658228e-01;2.7250000e+02;1.6557778e-01;2.7250000e+02;1.8470705e-01;2.7250000e+02;2.0445703e-01;2.7250000e+02;2.3250949e-01;2.7250000e+02;2.5490364e-01;2.7250000e+02;2.6141587e-01;2.7250000e+02;2.5742137e-01;2.7250000e+02;2.4677746e-01;2.7250000e+02;2.2934319e-01;2.7250000e+02;2.0583738e-01;2.7250000e+02;2.5576819e-02;2.7250000e+02;3.4940485e-02;2.7250000e+02;4.6730578e-02;2.7250000e+02;6.1877802e-02;2.7250000e+02;8.0489084e-02;2.7250000e+02;1.0192513e-01;2.7250000e+02;1.2459970e-01;2.7250000e+02;1.4658228e-01;2.7250000e+02;1.6557778e-01;2.7250000e+02;1.8470705e-01;2.7250000e+02;2.0445703e-01;2.7250000e+02;2.3250949e-01;2.7250000e+02;2.5490364e-01;2.7250000e+02;2.6141587e-01;2.7250000e+02;2.5742137e-01;2.7250000e+02;2.4677746e-01;2.7250000e+02;2.2934319e-01;2.7250000e+02;2.0583738e-01;2.7250000e+02;2.5576819e-02;2.7250000e+02;3.4940485e-02;2.7250000e+02;4.6730578e-02;2.7250000e+02;6.1877802e-02;2.7250000e+02;8.0489084e-02;2.7250000e+02;1.0192513e-01;2.7250000e+02;1.2459970e-01;2.7250000e+02;1.4658228e-01;2.7250000e+02;1.6557778e-01;2.7250000e+02;1.8470705e-01;2.7250000e+02;2.0445703e-01;2.7250000e+02;2.3250949e-01;2.7250000e+02;2.5490364e-01;2.7250000e+02;2.6141587e-01;2.7250000e+02;2.5742137e-01;2.7250000e+02;2.4677746e-01;2.7250000e+02;2.2934319e-01;2.7250000e+02;2.0583738e-01;2.7250000e+02;2.5576819e-02;2.7250000e+02;3.4940485e-02;2.7250000e+02;4.6730578e-02;2.7250000e+02;6.1877802e-02;2.7250000e+02;8.0489084e-02;2.7250000e+02;1.0192513e-01;2.7250000e+02;1.2459970e-01;2.7250000e+02;1.4658228e-01;2.7250000e+02;1.6557778e-01;2.7250000e+02;1.8470705e-01;2.7250000e+02;2.0445703e-01;2.7250000e+02;2.3250949e-01;2.7250000e+02;2.5490364e-01;2.7250000e+02;2.6141587e-01;2.7250000e+02;2.5742137e-01;2.7250000e+02;2.4677746e-01;2.7250000e+02;2.2934319e-01;2.7250000e+02;2.0583738e-01;2.7250000e+02;2.5576819e-02;2.7250000e+02;3.4940485e-02;2.7250000e+02;4.6730578e-02;2.7250000e+02;6.1877802e-02;2.7250000e+02;8.0489084e-02;2.7250000e+02;1.0192513e-01;2.7250000e+02;1.2459970e-01;2.7250000e+02;1.4658228e-01;2.7250000e+02;1.6557778e-01;2.7250000e+02;1.8470705e-01;2.7250000e+02;2.0445703e-01;2.7250000e+02;2.3250949e-01;2.7250000e+02;2.5490364e-01;2.7250000e+02;2.6141587e-01;2.7250000e+02;2.5742137e-01;2.7250000e+02;2.4677746e-01;2.7250000e+02;2.2934319e-01;2.7250000e+02;2.0583738e-01;2.7250000e+02;2.5576819e-02;2.7250000e+02;3.4940485e-02;2.7250000e+02;4.6730578e-02;2.7250000e+02;6.1877802e-02;2.7250000e+02;8.0489084e-02;2.7250000e+02;1.0192513e-01;2.7250000e+02;1.2459970e-01;2.7250000e+02;1.4658228e-01;2.7250000e+02;1.6557778e-01;2.7250000e+02;1.8470705e-01;2.7250000e+02;2.0445703e-01;2.7250000e+02;2.3250949e-01;2.7250000e+02;2.5490364e-01;2.7250000e+02;2.6141587e-01;2.7250000e+02;2.5742137e-01;2.7250000e+02;2.4677746e-01;2.7250000e+02;2.2934319e-01;2.7250000e+02;2.0583738e-01;2.7250000e+02;2.5576819e-02;2.7250000e+02;3.4940485e-02;2.7250000e+02;4.6730578e-02;2.7250000e+02;6.1877802e-02;2.7250000e+02;8.0489084e-02;2.7250000e+02;1.0192513e-01;2.7250000e+02;1.2459970e-01;2.7250000e+02;1.4658228e-01;2.7250000e+02;1.6557778e-01;2.7250000e+02;1.8470705e-01;2.7250000e+02;2.0445703e-01;2.7250000e+02;2.3250949e-01;2.7250000e+02;2.5490364e-01;2.7250000e+02;2.6141587e-01;2.7250000e+02;2.5742137e-01;2.7250000e+02;2.4677746e-01;2.7250000e+02;2.2934319e-01;2.7250000e+02;2.0583738e-01;2.7250000e+02;2.5576819e-02;2.7250000e+02;3.4940485e-02;2.7250000e+02;4.6730578e-02;2.7250000e+02;6.1877802e-02;2.7250000e+02;8.0489084e-02;2.7250000e+02;1.0192513e-01;2.7250000e+02;1.2459970e-01;2.7250000e+02;1.4658228e-01;2.7250000e+02;1.6557778e-01;2.7250000e+02;1.8470705e-01;2.7250000e+02;2.0445703e-01;2.7250000e+02;2.3250949e-01;2.7250000e+02;2.5490364e-01;2.7250000e+02;2.6141587e-01;2.7250000e+02;2.5742137e-01;2.7250000e+02;2.4677746e-01;2.7250000e+02;2.2934319e-01;2.7250000e+02;2.0583738e-01;2.7250000e+02;2.5576819e-02;2.7250000e+02;3.4940485e-02;2.7250000e+02;4.6730578e-02;2.7250000e+02;6.1877802e-02;2.7250000e+02;8.0489084e-02;2.7250000e+02;1.0192513e-01;2.7250000e+02;1.2459970e-01;2.7250000e+02;1.4658228e-01;2.7250000e+02;1.6557778e-01;2.7250000e+02;1.8470705e-01;2.7250000e+02;2.0445703e-01;2.7250000e+02;2.3250949e-01;2.7250000e+02;2.5490364e-01;2.7250000e+02;2.6141587e-01;2.7250000e+02;2.5742137e-01;2.7250000e+02;2.4677746e-01;2.7250000e+02;2.2934319e-01;2.7250000e+02;2.0583738e-01;2.7250000e+02;2.5576819e-02;2.7250000e+02;3.4940485e-02;2.7250000e+02;4.6730578e-02;2.7250000e+02;6.1877802e-02;2.7250000e+02;8.0489084e-02;2.7250000e+02;1.0192513e-01;2.7250000e+02;1.2459970e-01;2.7250000e+02;1.4658228e-01;2.7250000e+02;1.6557778e-01;2.7250000e+02;1.8470705e-01;2.7250000e+02;2.0445703e-01;2.7250000e+02;2.3250949e-01;2.7250000e+02;2.5490364e-01;2.7250000e+02;2.6141587e-01;2.7250000e+02;2.5742137e-01;2.7250000e+02;2.4677746e-01;2.7250000e+02;2.2934319e-01;2.7250000e+02;2.0583738e-01;2.7250000e+02;2.5576819e-02;2.7250000e+02;3.4940485e-02;2.7250000e+02;4.6730578e-02;2.7250000e+02;6.1877802e-02;2.7250000e+02;8.0489084e-02;2.7250000e+02;1.0192513e-01;2.7250000e+02;1.2459970e-01;2.7250000e+02;1.4658228e-01;2.7250000e+02;1.6557778e-01;2.7250000e+02;1.8470705e-01;2.7250000e+02;2.0445703e-01;2.7250000e+02;2.3250949e-01;2.7250000e+02;2.5490364e-01;2.7250000e+02;2.6141587e-01;2.7250000e+02;2.5742137e-01;2.7250000e+02;2.4677746e-01;2.7250000e+02;2.2934319e-01;2.7250000e+02;2.0583738e-01;2.7250000e+02;2.5576819e-02;2.7250000e+02;3.4940485e-02;2.7250000e+02;4.6730578e-02;2.7250000e+02;6.1877802e-02;2.7250000e+02;8.0489084e-02;2.7250000e+02;1.0192513e-01;2.7250000e+02;1.2459970e-01;2.7250000e+02;1.4658228e-01;2.7250000e+02;1.6557778e-01;2.7250000e+02;1.8470705e-01;2.7250000e+02;2.0445703e-01;2.7250000e+02;2.3250949e-01;2.7250000e+02;2.5490364e-01;2.7250000e+02;2.6141587e-01;2.7250000e+02;2.5742137e-01;2.7250000e+02;2.4677746e-01;2.7250000e+02;2.2934319e-01;2.7250000e+02;2.0583738e-01;2.7250000e+02;2.5576819e-02;2.7250000e+02;3.4940485e-02;2.7250000e+02;4.6730578e-02;2.7250000e+02;6.1877802e-02;2.7250000e+02;8.0489084e-02;2.7250000e+02;1.0192513e-01;2.7250000e+02;1.2459970e-01;2.7250000e+02;1.4658228e-01;2.7250000e+02;1.6557778e-01;2.7250000e+02;1.8470705e-01;2.7250000e+02;2.0445703e-01;2.7250000e+02;2.3250949e-01;2.7250000e+02;2.5490364e-01;2.7250000e+02;2.6141587e-01;2.7250000e+02;2.5742137e-01;2.7250000e+02;2.4677746e-01;2.7250000e+02;2.2934319e-01;2.7250000e+02;2.0583738e-01;2.7250000e+02;2.5576819e-02;2.7250000e+02;3.4940485e-02;2.7250000e+02;4.6730578e-02;2.7250000e+02;6.1877802e-02;2.7250000e+02;8.0489084e-02;2.7250000e+02;1.0192513e-01;2.7250000e+02;1.2459970e-01;2.7250000e+02;1.4658228e-01;2.7250000e+02;1.6557778e-01;2.7250000e+02;1.8470705e-01;2.7250000e+02;2.0445703e-01;2.7250000e+02;2.3250949e-01;2.7250000e+02;2.5490364e-01;2.7250000e+02;2.6141587e-01;2.7250000e+02;2.5742137e-01;2.7250000e+02;2.4677746e-01;2.7250000e+02;2.2934319e-01;2.7250000e+02;2.0583738e-01;2.7250000e+02;2.5576819e-02;2.7250000e+02;3.4940485e-02;2.7250000e+02;4.6730578e-02;2.7250000e+02;6.1877802e-02;2.7250000e+02;8.0489084e-02;2.7250000e+02;1.0192513e-01;2.7250000e+02;1.2459970e-01;2.7250000e+02;1.4658228e-01;2.7250000e+02;1.6557778e-01;2.7250000e+02;1.8470705e-01;2.7250000e+02;2.0445703e-01;2.7250000e+02;2.3250949e-01;2.7250000e+02;2.5490364e-01;2.7250000e+02;2.6141587e-01;2.7250000e+02;2.5742137e-01;2.7250000e+02;2.4677746e-01;2.7250000e+02;2.2934319e-01;2.7250000e+02;2.0583738e-01;2.7250000e+02;2.5576819e-02;2.7250000e+02;3.4940485e-02;2.7250000e+02;4.6730578e-02;2.7250000e+02;6.1877802e-02;2.7250000e+02;8.0489084e-02;2.7250000e+02;1.0192513e-01;2.7250000e+02;1.2459970e-01;2.7250000e+02;1.4658228e-01;2.7250000e+02;1.6557778e-01;2.7250000e+02;1.8470705e-01;2.7250000e+02;2.0445703e-01;2.7250000e+02;2.3250949e-01;2.7250000e+02;2.5490364e-01;2.7250000e+02;2.6141587e-01;2.7250000e+02;2.5742137e-01;2.7250000e+02;2.4677746e-01;2.7250000e+02;2.2934319e-01;2.7250000e+02;2.0583738e-01;2.7250000e+02;2.5576819e-02;2.7250000e+02;3.4940485e-02;2.7250000e+02;4.6730578e-02;2.7250000e+02;6.1877802e-02;2.7250000e+02;8.0489084e-02;2.7250000e+02;1.0192513e-01;2.7250000e+02;1.2459970e-01;2.7250000e+02;1.4658228e-01;2.7250000e+02;1.6557778e-01;2.7250000e+02;1.8470705e-01;2.7250000e+02;2.0445703e-01;2.7250000e+02;2.3250949e-01;2.7250000e+02;2.5490364e-01;2.7250000e+02;2.6141587e-01;2.7250000e+02;2.5742137e-01;2.7250000e+02;2.4677746e-01;2.7250000e+02;2.2934319e-01;2.7250000e+02;2.0583738e-01;2.7250000e+02;2.5576819e-02;2.7250000e+02;3.4940485e-02;2.7250000e+02;4.6730578e-02;2.7250000e+02;6.1877802e-02;2.7250000e+02;8.0489084e-02;2.7250000e+02;1.0192513e-01;2.7250000e+02;1.2459970e-01;2.7250000e+02;1.4658228e-01;2.7250000e+02;1.6557778e-01;2.7250000e+02;1.8470705e-01;2.7250000e+02;2.0445703e-01;2.7250000e+02;2.3250949e-01;2.7250000e+02;2.5490364e-01;2.7250000e+02;2.6141587e-01;2.7250000e+02;2.5742137e-01;2.7250000e+02;2.4677746e-01;2.7250000e+02;2.2934319e-01;2.7250000e+02;2.0583738e-01;2.7250000e+02;2.5576819e-02;2.7250000e+02;3.4940485e-02;2.7250000e+02;4.6730578e-02;2.7250000e+02;6.1877802e-02;2.7250000e+02;8.0489084e-02;2.7250000e+02;1.0192513e-01;2.7250000e+02;1.2459970e-01;2.7250000e+02;1.4658228e-01;2.7250000e+02;1.6557778e-01;2.7250000e+02;1.8470705e-01;2.7250000e+02;2.0445703e-01;2.7250000e+02;2.3250949e-01;2.7250000e+02;2.5490364e-01;2.7250000e+02;2.6141587e-01;2.7250000e+02;2.5742137e-01;2.7250000e+02;2.4677746e-01;2.7250000e+02;2.2934319e-01;2.7250000e+02;2.0583738e-01;2.7250000e+02;2.5576819e-02;2.7250000e+02;3.4940485e-02;2.7250000e+02;4.6730578e-02;2.7250000e+02;6.1877802e-02;2.7250000e+02;8.0489084e-02;2.7250000e+02;1.0192513e-01;2.7250000e+02;1.2459970e-01;2.7250000e+02;1.4658228e-01;2.7250000e+02;1.6557778e-01;2.7250000e+02;1.8470705e-01;2.7250000e+02;2.0445703e-01;2.7250000e+02;2.3250949e-01;2.7250000e+02;2.5490364e-01;2.7250000e+02;2.6141587e-01;2.7250000e+02;2.5742137e-01;2.7250000e+02;2.4677746e-01;2.7250000e+02;2.2934319e-01;2.7250000e+02;2.0583738e-01;2.7250000e+02;2.5576819e-02;2.7250000e+02;3.4940485e-02;2.7250000e+02;4.6730578e-02;2.7250000e+02;6.1877802e-02;2.7250000e+02;8.0489084e-02;2.7250000e+02;1.0192513e-01;2.7250000e+02;1.2459970e-01;2.7250000e+02;1.4658228e-01;2.7250000e+02;1.6557778e-01;2.7250000e+02;1.8470705e-01;2.7250000e+02;2.0445703e-01;2.7250000e+02;2.3250949e-01;2.7250000e+02;2.5490364e-01;2.7250000e+02;2.6141587e-01;2.7250000e+02;2.5742137e-01;2.7250000e+02;2.4677746e-01;2.7250000e+02;2.2934319e-01;2.7250000e+02;2.0583738e-01;2.7250000e+02;2.5576819e-02;2.7250000e+02;3.4940485e-02;2.7250000e+02;4.6730578e-02;2.7250000e+02;6.1877802e-02;2.7250000e+02;8.0489084e-02;2.7250000e+02;1.0192513e-01;2.7250000e+02;1.2459970e-01;2.7250000e+02;1.4658228e-01;2.7250000e+02;1.6557778e-01;2.7250000e+02;1.8470705e-01;2.7250000e+02;2.0445703e-01;2.7250000e+02;2.3250949e-01;2.7250000e+02;2.5490364e-01;2.7250000e+02;2.6141587e-01;2.7250000e+02;2.5742137e-01;2.7250000e+02;2.4677746e-01;2.7250000e+02;2.2934319e-01;2.7250000e+02;2.0583738e-01;2.7250000e+02;2.5576819e-02;2.7250000e+02;3.4940485e-02;2.7250000e+02;4.6730578e-02;2.7250000e+02;6.1877802e-02;2.7250000e+02;8.0489084e-02;2.7250000e+02;1.0192513e-01;2.7250000e+02;1.2459970e-01;2.7250000e+02;1.4658228e-01;2.7250000e+02;1.6557778e-01;2.7250000e+02;1.8470705e-01;2.7250000e+02;2.0445703e-01;2.7250000e+02;2.3250949e-01;2.7250000e+02;2.5490364e-01;2.7250000e+02;2.6141587e-01;2.7250000e+02;2.5742137e-01;2.7250000e+02;2.4677746e-01;2.7250000e+02;2.2934319e-01;2.7250000e+02;2.0583738e-01;2.7250000e+02;2.5576819e-02;2.7250000e+02;3.4940485e-02;2.7250000e+02;4.6730578e-02;2.7250000e+02;6.1877802e-02;2.7250000e+02;8.0489084e-02;2.7250000e+02;1.0192513e-01;2.7250000e+02;1.2459970e-01;2.7250000e+02;1.4658228e-01;2.7250000e+02;1.6557778e-01;2.7250000e+02;1.8470705e-01;2.7250000e+02;2.0445703e-01;2.7250000e+02;2.3250949e-01;2.7250000e+02;2.5490364e-01;2.7250000e+02;2.6141587e-01;2.7250000e+02;2.5742137e-01;2.7250000e+02;2.4677746e-01;2.7250000e+02;2.2934319e-01;2.7250000e+02;2.0583738e-01;2.7250000e+02;2.5576819e-02;2.7250000e+02;3.4940485e-02;2.7250000e+02;4.6730578e-02;2.7250000e+02;6.1877802e-02;2.7250000e+02;8.0489084e-02;2.7250000e+02;1.0192513e-01;2.7250000e+02;1.2459970e-01;2.7250000e+02;1.4658228e-01;2.7250000e+02;1.6557778e-01;2.7250000e+02;1.8470705e-01;2.7250000e+02;2.0445703e-01;2.7250000e+02;2.3250949e-01;2.7250000e+02;2.5490364e-01;2.7250000e+02;2.6141587e-01;2.7250000e+02;2.5742137e-01;2.7250000e+02;2.4677746e-01;2.7250000e+02;2.2934319e-01;2.7250000e+02;2.0583738e-01;2.7250000e+02;2.5576819e-02;2.7250000e+02;3.4940485e-02;2.7250000e+02;4.6730578e-02;2.7250000e+02;6.1877802e-02;2.7250000e+02;8.0489084e-02;2.7250000e+02;1.0192513e-01;2.7250000e+02;1.2459970e-01;2.7250000e+02;1.4658228e-01;2.7250000e+02;1.6557778e-01;2.7250000e+02;1.8470705e-01;2.7250000e+02;2.0445703e-01;2.7250000e+02;2.3250949e-01;2.7250000e+02;2.5490364e-01;2.7250000e+02;2.6141587e-01;2.7250000e+02;2.5742137e-01;2.7250000e+02;2.4677746e-01;2.7250000e+02;2.2934319e-01;2.7250000e+02;2.0583738e-01;2.7250000e+02;2.5576819e-02;2.7250000e+02;3.4940485e-02;2.7250000e+02;4.6730578e-02;2.7250000e+02;6.1877802e-02;2.7250000e+02;8.0489084e-02;2.7250000e+02;1.0192513e-01;2.7250000e+02;1.2459970e-01;2.7250000e+02;1.4658228e-01;2.7250000e+02;1.6557778e-01;2.7250000e+02;1.8470705e-01;2.7250000e+02;2.0445703e-01;2.7250000e+02;2.3250949e-01;2.7250000e+02;2.5490364e-01;2.7250000e+02;2.6141587e-01;2.7250000e+02;2.5742137e-01;2.7250000e+02;2.4677746e-01;2.7250000e+02;2.2934319e-01;2.7250000e+02;2.0583738e-01;2.7250000e+02;2.5576819e-02;2.7250000e+02;3.4940485e-02;2.7250000e+02;4.6730578e-02;2.7250000e+02;6.1877802e-02;2.7250000e+02;8.0489084e-02;2.7250000e+02;1.0192513e-01;2.7250000e+02;1.2459970e-01;2.7250000e+02;1.4658228e-01;2.7250000e+02;1.6557778e-01;2.7250000e+02;1.8470705e-01;2.7250000e+02;2.0445703e-01;2.7250000e+02;2.3250949e-01;2.7250000e+02;2.5490364e-01;2.7250000e+02;2.6141587e-01;2.7250000e+02;2.5742137e-01;2.7250000e+02;2.4677746e-01;2.7250000e+02;2.2934319e-01;2.7250000e+02;2.0583738e-01;2.7250000e+02;2.5576819e-02;2.7250000e+02;3.4940485e-02;2.7250000e+02;4.6730578e-02;2.7250000e+02;6.1877802e-02;2.7250000e+02;8.0489084e-02;2.7250000e+02;1.0192513e-01;2.7250000e+02;1.2459970e-01;2.7250000e+02;1.4658228e-01;2.7250000e+02;1.6557778e-01;2.7250000e+02;1.8470705e-01;2.7250000e+02;2.0445703e-01;2.7250000e+02;2.3250949e-01;2.7250000e+02;2.5490364e-01;2.7250000e+02;2.6141587e-01;2.7250000e+02;2.5742137e-01;2.7250000e+02;2.4677746e-01;2.7250000e+02;2.2934319e-01;2.7250000e+02;2.0583738e-01;2.7250000e+02;2.5576819e-02;2.7250000e+02;3.4940485e-02;2.7250000e+02;4.6730578e-02;2.7250000e+02;6.1877802e-02;2.7250000e+02;8.0489084e-02;2.7250000e+02;1.0192513e-01;2.7250000e+02;1.2459970e-01;2.7250000e+02;1.4658228e-01;2.7250000e+02;1.6557778e-01;2.7250000e+02;1.8470705e-01;2.7250000e+02;2.0445703e-01;2.7250000e+02;2.3250949e-01;2.7250000e+02;2.5490364e-01;2.7250000e+02;2.6141587e-01;2.7250000e+02;2.5742137e-01;2.7250000e+02;2.4677746e-01;2.7250000e+02;2.2934319e-01;2.7250000e+02;2.0583738e-01;2.7250000e+02;2.5576819e-02;2.7250000e+02;3.4940485e-02;2.7250000e+02;4.6730578e-02;2.7250000e+02;6.1877802e-02;2.7250000e+02;8.0489084e-02;2.7250000e+02;1.0192513e-01;2.7250000e+02;1.2459970e-01;2.7250000e+02;1.4658228e-01;2.7250000e+02;1.6557778e-01;2.7250000e+02;1.8470705e-01;2.7250000e+02;2.0445703e-01;2.7250000e+02;2.3250949e-01;2.7250000e+02;2.5490364e-01;2.7250000e+02;2.6141587e-01;2.7250000e+02;2.5742137e-01;2.7250000e+02;2.4677746e-01;2.7250000e+02;2.2934319e-01;2.7250000e+02;2.0583738e-01;2.7250000e+02;2.5576819e-02;2.7250000e+02;3.4940485e-02;2.7250000e+02;4.6730578e-02;2.7250000e+02;6.1877802e-02;2.7250000e+02;8.0489084e-02;2.7250000e+02;1.0192513e-01;2.7250000e+02;1.2459970e-01;2.7250000e+02;1.4658228e-01;2.7250000e+02;1.6557778e-01;2.7250000e+02;1.8470705e-01;2.7250000e+02;2.0445703e-01;2.7250000e+02;2.3250949e-01;2.7250000e+02;2.5490364e-01;2.7250000e+02;2.6141587e-01;2.7250000e+02;2.5742137e-01;2.7250000e+02;2.4677746e-01;2.7250000e+02;2.2934319e-01;2.7250000e+02;2.0583738e-01;2.7250000e+02;2.5576819e-02;2.7250000e+02;3.4940485e-02;2.7250000e+02;4.6730578e-02;2.7250000e+02;6.1877802e-02;2.7250000e+02;8.0489084e-02;2.7250000e+02;1.0192513e-01;2.7250000e+02;1.2459970e-01;2.7250000e+02;1.4658228e-01;2.7250000e+02;1.6557778e-01;2.7250000e+02;1.8470705e-01;2.7250000e+02;2.0445703e-01;2.7250000e+02;2.3250949e-01;2.7250000e+02;2.5490364e-01;2.7250000e+02;2.6141587e-01;2.7250000e+02;2.5742137e-01;2.7250000e+02;2.4677746e-01;2.7250000e+02;2.2934319e-01;2.7250000e+02;2.0583738e-01
2.7750000e+02;2.9430095e-02;2.7750000e+02;4.0282413e-02;2.7750000e+02;5.2589376e-02;2.7750000e+02;6.7265920e-02;2.7750000e+02;8.5289113e-02;2.7750000e+02;1.0577055e-01;2.7750000e+02;1.2949601e-01;2.7750000e+02;1.5435529e-01;2.7750000e+02;1.7648688e-01;2.7750000e+02;1.9841999e-01;2.7750000e+02;2.1933520e-01;2.7750000e+02;2.4825884e-01;2.7750000e+02;2.6585278e-01;2.7750000e+02;2.6875335e-01;2.7750000e+02;2.6297510e-01;2.7750000e+02;2.5096846e-01;2.7750000e+02;2.3237857e-01;2.7750000e+02;2.0818764e-01;2.7750000e+02;2.9430095e-02;2.7750000e+02;4.0282413e-02;2.7750000e+02;5.2589376e-02;2.7750000e+02;6.7265920e-02;2.7750000e+02;8.5289113e-02;2.7750000e+02;1.0577055e-01;2.7750000e+02;1.2949601e-01;2.7750000e+02;1.5435529e-01;2.7750000e+02;1.7648688e-01;2.7750000e+02;1.9841999e-01;2.7750000e+02;2.1933520e-01;2.7750000e+02;2.4825884e-01;2.7750000e+02;2.6585278e-01;2.7750000e+02;2.6875335e-01;2.7750000e+02;2.6297510e-01;2.7750000e+02;2.5096846e-01;2.7750000e+02;2.3237857e-01;2.7750000e+02;2.0818764e-01;2.7750000e+02;2.9430095e-02;2.7750000e+02;4.0282413e-02;2.7750000e+02;5.2589376e-02;2.7750000e+02;6.7265920e-02;2.7750000e+02;8.5289113e-02;2.7750000e+02;1.0577055e-01;2.7750000e+02;1.2949601e-01;2.7750000e+02;1.5435529e-01;2.7750000e+02;1.7648688e-01;2.7750000e+02;1.9841999e-01;2.7750000e+02;2.1933520e-01;2.7750000e+02;2.4825884e-01;2.7750000e+02;2.6585278e-01;2.7750000e+02;2.6875335e-01;2.7750000e+02;2.6297510e-01;2.7750000e+02;2.5096846e-01;2.7750000e+02;2.3237857e-01;2.7750000e+02;2.0818764e-01;2.7750000e+02;2.9430095e-02;2.7750000e+02;4.0282413e-02;2.7750000e+02;5.2589376e-02;2.7750000e+02;6.7265920e-02;2.7750000e+02;8.5289113e-02;2.7750000e+02;1.0577055e-01;2.7750000e+02;1.2949601e-01;2.7750000e+02;1.5435529e-01;2.7750000e+02;1.7648688e-01;2.7750000e+02;1.9841999e-01;2.7750000e+02;2.1933520e-01;2.7750000e+02;2.4825884e-01;2.7750000e+02;2.6585278e-01;2.7750000e+02;2.6875335e-01;2.7750000e+02;2.6297510e-01;2.7750000e+02;2.5096846e-01;2.7750000e+02;2.3237857e-01;2.7750000e+02;2.0818764e-01;2.7750000e+02;2.9430095e-02;2.7750000e+02;4.0282413e-02;2.7750000e+02;5.2589376e-02;2.7750000e+02;6.7265920e-02;2.7750000e+02;8.5289113e-02;2.7750000e+02;1.0577055e-01;2.7750000e+02;1.2949601e-01;2.7750000e+02;1.5435529e-01;2.7750000e+02;1.7648688e-01;2.7750000e+02;1.9841999e-01;2.7750000e+02;2.1933520e-01;2.7750000e+02;2.4825884e-01;2.7750000e+02;2.6585278e-01;2.7750000e+02;2.6875335e-01;2.7750000e+02;2.6297510e-01;2.7750000e+02;2.5096846e-01;2.7750000e+02;2.3237857e-01;2.7750000e+02;2.0818764e-01;2.7750000e+02;2.9430095e-02;2.7750000e+02;4.0282413e-02;2.7750000e+02;5.2589376e-02;2.7750000e+02;6.7265920e-02;2.7750000e+02;8.5289113e-02;2.7750000e+02;1.0577055e-01;2.7750000e+02;1.2949601e-01;2.7750000e+02;1.5435529e-01;2.7750000e+02;1.7648688e-01;2.7750000e+02;1.9841999e-01;2.7750000e+02;2.1933520e-01;2.7750000e+02;2.4825884e-01;2.7750000e+02;2.6585278e-01;2.7750000e+02;2.6875335e-01;2.7750000e+02;2.6297510e-01;2.7750000e+02;2.5096846e-01;2.7750000e+02;2.3237857e-01;2.7750000e+02;2.0818764e-01;2.7750000e+02;2.9430095e-02;2.7750000e+02;4.0282413e-02;2.7750000e+02;5.2589376e-02;2.7750000e+02;6.7265920e-02;2.7750000e+02;8.5289113e-02;2.7750000e+02;1.0577055e-01;2.7750000e+02;1.2949601e-01;2.7750000e+02;1.5435529e-01;2.7750000e+02;1.7648688e-01;2.7750000e+02;1.9841999e-01;2.7750000e+02;2.1933520e-01;2.7750000e+02;2.4825884e-01;2.7750000e+02;2.6585278e-01;2.7750000e+02;2.6875335e-01;2.7750000e+02;2.6297510e-01;2.7750000e+02;2.5096846e-01;2.7750000e+02;2.3237857e-01;2.7750000e+02;2.0818764e-01;2.7750000e+02;2.9430095e-02;2.7750000e+02;4.0282413e-02;2.7750000e+02;5.2589376e-02;2.7750000e+02;6.7265920e-02;2.7750000e+02;8.5289113e-02;2.7750000e+02;1.0577055e-01;2.7750000e+02;1.2949601e-01;2.7750000e+02;1.5435529e-01;2.7750000e+02;1.7648688e-01;2.7750000e+02;1.9841999e-01;2.7750000e+02;2.1933520e-01;2.7750000e+02;2.4825884e-01;2.7750000e+02;2.6585278e-01;2.7750000e+02;2.6875335e-01;2.7750000e+02;2.6297510e-01;2.7750000e+02;2.5096846e-01;2.7750000e+02;2.3237857e-01;2.7750000e+02;2.0818764e-01;2.7750000e+02;2.9430095e-02;2.7750000e+02;4.0282413e-02;2.7750000e+02;5.2589376e-02;2.7750000e+02;6.7265920e-02;2.7750000e+02;8.5289113e-02;2.7750000e+02;1.0577055e-01;2.7750000e+02;1.2949601e-01;2.7750000e+02;1.5435529e-01;2.7750000e+02;1.7648688e-01;2.7750000e+02;1.9841999e-01;2.7750000e+02;2.1933520e-01;2.7750000e+02;2.4825884e-01;2.7750000e+02;2.6585278e-01;2.7750000e+02;2.6875335e-01;2.7750000e+02;2.6297510e-01;2.7750000e+02;2.5096846e-01;2.7750000e+02;2.3237857e-01;2.7750000e+02;2.0818764e-01;2.7750000e+02;2.9430095e-02;2.7750000e+02;4.0282413e-02;2.7750000e+02;5.2589376e-02;2.7750000e+02;6.7265920e-02;2.7750000e+02;8.5289113e-02;2.7750000e+02;1.0577055e-01;2.7750000e+02;1.2949601e-01;2.7750000e+02;1.5435529e-01;2.7750000e+02;1.7648688e-01;2.7750000e+02;1.9841999e-01;2.7750000e+02;2.1933520e-01;2.7750000e+02;2.4825884e-01;2.7750000e+02;2.6585278e-01;2.7750000e+02;2.6875335e-01;2.7750000e+02;2.6297510e-01;2.7750000e+02;2.5096846e-01;2.7750000e+02;2.3237857e-01;2.7750000e+02;2.0818764e-01;2.7750000e+02;2.9430095e-02;2.7750000e+02;4.0282413e-02;2.7750000e+02;5.2589376e-02;2.7750000e+02;6.7265920e-02;2.7750000e+02;8.5289113e-02;2.7750000e+02;1.0577055e-01;2.7750000e+02;1.2949601e-01;2.7750000e+02;1.5435529e-01;2.7750000e+02;1.7648688e-01;2.7750000e+02;1.9841999e-01;2.7750000e+02;2.1933520e-01;2.7750000e+02;2.4825884e-01;2.7750000e+02;2.6585278e-01;2.7750000e+02;2.6875335e-01;2.7750000e+02;2.6297510e-01;2.7750000e+02;2.5096846e-01;2.7750000e+02;2.3237857e-01;2.7750000e+02;2.0818764e-01;2.7750000e+02;2.9430095e-02;2.7750000e+02;4.0282413e-02;2.7750000e+02;5.2589376e-02;2.7750000e+02;6.7265920e-02;2.7750000e+02;8.5289113e-02;2.7750000e+02;1.0577055e-01;2.7750000e+02;1.2949601e-01;2.7750000e+02;1.5435529e-01;2.7750000e+02;1.7648688e-01;2.7750000e+02;1.9841999e-01;2.7750000e+02;2.1933520e-01;2.7750000e+02;2.4825884e-01;2.7750000e+02;2.6585278e-01;2.7750000e+02;2.6875335e-01;2.7750000e+02;2.6297510e-01;2.7750000e+02;2.5096846e-01;2.7750000e+02;2.3237857e-01;2.7750000e+02;2.0818764e-01;2.7750000e+02;2.9430095e-02;2.7750000e+02;4.0282413e-02;2.7750000e+02;5.2589376e-02;2.7750000e+02;6.7265920e-02;2.7750000e+02;8.5289113e-02;2.7750000e+02;1.0577055e-01;2.7750000e+02;1.2949601e-01;2.7750000e+02;1.5435529e-01;2.7750000e+02;1.7648688e-01;2.7750000e+02;1.9841999e-01;2.7750000e+02;2.1933520e-01;2.7750000e+02;2.4825884e-01;2.7750000e+02;2.6585278e-01;2.7750000e+02;2.6875335e-01;2.7750000e+02;2.6297510e-01;2.7750000e+02;2.5096846e-01;2.7750000e+02;2.3237857e-01;2.7750000e+02;2.0818764e-01;2.7750000e+02;2.9430095e-02;2.7750000e+02;4.0282413e-02;2.7750000e+02;5.2589376e-02;2.7750000e+02;6.7265920e-02;2.7750000e+02;8.5289113e-02;2.7750000e+02;1.0577055e-01;2.7750000e+02;1.2949601e-01;2.7750000e+02;1.5435529e-01;2.7750000e+02;1.7648688e-01;2.7750000e+02;1.9841999e-01;2.7750000e+02;2.1933520e-01;2.7750000e+02;2.4825884e-01;2.7750000e+02;2.6585278e-01;2.7750000e+02;2.6875335e-01;2.7750000e+02;2.6297510e-01;2.7750000e+02;2.5096846e-01;2.7750000e+02;2.3237857e-01;2.7750000e+02;2.0818764e-01;2.7750000e+02;2.9430095e-02;2.7750000e+02;4.0282413e-02;2.7750000e+02;5.2589376e-02;2.7750000e+02;6.7265920e-02;2.7750000e+02;8.5289113e-02;2.7750000e+02;1.0577055e-01;2.7750000e+02;1.2949601e-01;2.7750000e+02;1.5435529e-01;2.7750000e+02;1.7648688e-01;2.7750000e+02;1.9841999e-01;2.7750000e+02;2.1933520e-01;2.7750000e+02;2.4825884e-01;2.7750000e+02;2.6585278e-01;2.7750000e+02;2.6875335e-01;2.7750000e+02;2.6297510e-01;2.7750000e+02;2.5096846e-01;2.7750000e+02;2.3237857e-01;2.7750000e+02;2.0818764e-01;2.7750000e+02;2.9430095e-02;2.7750000e+02;4.0282413e-02;2.7750000e+02;5.2589376e-02;2.7750000e+02;6.7265920e-02;2.7750000e+02;8.5289113e-02;2.7750000e+02;1.0577055e-01;2.7750000e+02;1.2949601e-01;2.7750000e+02;1.5435529e-01;2.7750000e+02;1.7648688e-01;2.7750000e+02;1.9841999e-01;2.7750000e+02;2.1933520e-01;2.7750000e+02;2.4825884e-01;2.7750000e+02;2.6585278e-01;2.7750000e+02;2.6875335e-01;2.7750000e+02;2.6297510e-01;2.7750000e+02;2.5096846e-01;2.7750000e+02;2.3237857e-01;2.7750000e+02;2.0818764e-01;2.7750000e+02;2.9430095e-02;2.7750000e+02;4.0282413e-02;2.7750000e+02;5.2589376e-02;2.7750000e+02;6.7265920e-02;2.7750000e+02;8.5289113e-02;2.7750000e+02;1.0577055e-01;2.7750000e+02;1.2949601e-01;2.7750000e+02;1.5435529e-01;2.7750000e+02;1.7648688e-01;2.7750000e+02;1.9841999e-01;2.7750000e+02;2.1933520e-01;2.7750000e+02;2.4825884e-01;2.7750000e+02;2.6585278e-01;2.7750000e+02;2.6875335e-01;2.7750000e+02;2.6297510e-01;2.7750000e+02;2.5096846e-01;2.7750000e+02;2.3237857e-01;2.7750000e+02;2.0818764e-01;2.7750000e+02;2.9430095e-02;2.7750000e+02;4.0282413e-02;2.7750000e+02;5.2589376e-02;2.7750000e+02;6.7265920e-02;2.7750000e+02;8.5289113e-02;2.7750000e+02;1.0577055e-01;2.7750000e+02;1.2949601e-01;2.7750000e+02;1.5435529e-01;2.7750000e+02;1.7648688e-01;2.7750000e+02;1.9841999e-01;2.7750000e+02;2.1933520e-01;2.7750000e+02;2.4825884e-01;2.7750000e+02;2.6585278e-01;2.7750000e+02;2.6875335e-01;2.7750000e+02;2.6297510e-01;2.7750000e+02;2.5096846e-01;2.7750000e+02;2.3237857e-01;2.7750000e+02;2.0818764e-01;2.7750000e+02;2.9430095e-02;2.7750000e+02;4.0282413e-02;2.7750000e+02;5.2589376e-02;2.7750000e+02;6.7265920e-02;2.7750000e+02;8.5289113e-02;2.7750000e+02;1.0577055e-01;2.7750000e+02;1.2949601e-01;2.7750000e+02;1.5435529e-01;2.7750000e+02;1.7648688e-01;2.7750000e+02;1.9841999e-01;2.7750000e+02;2.1933520e-01;2.7750000e+02;2.4825884e-01;2.7750000e+02;2.6585278e-01;2.7750000e+02;2.6875335e-01;2.7750000e+02;2.6297510e-01;2.7750000e+02;2.5096846e-01;2.7750000e+02;2.3237857e-01;2.7750000e+02;2.0818764e-01;2.7750000e+02;2.9430095e-02;2.7750000e+02;4.0282413e-02;2.7750000e+02;5.2589376e-02;2.7750000e+02;6.7265920e-02;2.7750000e+02;8.5289113e-02;2.7750000e+02;1.0577055e-01;2.7750000e+02;1.2949601e-01;2.7750000e+02;1.5435529e-01;2.7750000e+02;1.7648688e-01;2.7750000e+02;1.9841999e-01;2.7750000e+02;2.1933520e-01;2.7750000e+02;2.4825884e-01;2.7750000e+02;2.6585278e-01;2.7750000e+02;2.6875335e-01;2.7750000e+02;2.6297510e-01;2.7750000e+02;2.5096846e-01;2.7750000e+02;2.3237857e-01;2.7750000e+02;2.0818764e-01;2.7750000e+02;2.9430095e-02;2.7750000e+02;4.0282413e-02;2.7750000e+02;5.2589376e-02;2.7750000e+02;6.7265920e-02;2.7750000e+02;8.5289113e-02;2.7750000e+02;1.0577055e-01;2.7750000e+02;1.2949601e-01;2.7750000e+02;1.5435529e-01;2.7750000e+02;1.7648688e-01;2.7750000e+02;1.9841999e-01;2.7750000e+02;2.1933520e-01;2.7750000e+02;2.4825884e-01;2.7750000e+02;2.6585278e-01;2.7750000e+02;2.6875335e-01;2.7750000e+02;2.6297510e-01;2.7750000e+02;2.5096846e-01;2.7750000e+02;2.3237857e-01;2.7750000e+02;2.0818764e-01;2.7750000e+02;2.9430095e-02;2.7750000e+02;4.0282413e-02;2.7750000e+02;5.2589376e-02;2.7750000e+02;6.7265920e-02;2.7750000e+02;8.5289113e-02;2.7750000e+02;1.0577055e-01;2.7750000e+02;1.2949601e-01;2.7750000e+02;1.5435529e-01;2.7750000e+02;1.7648688e-01;2.7750000e+02;1.9841999e-01;2.7750000e+02;2.1933520e-01;2.7750000e+02;2.4825884e-01;2.7750000e+02;2.6585278e-01;2.7750000e+02;2.6875335e-01;2.7750000e+02;2.6297510e-01;2.7750000e+02;2.5096846e-01;2.7750000e+02;2.3237857e-01;2.7750000e+02;2.0818764e-01;2.7750000e+02;2.9430095e-02;2.7750000e+02;4.0282413e-02;2.7750000e+02;5.2589376e-02;2.7750000e+02;6.7265920e-02;2.7750000e+02;8.5289113e-02;2.7750000e+02;1.0577055e-01;2.7750000e+02;1.2949601e-01;2.7750000e+02;1.5435529e-01;2.7750000e+02;1.7648688e-01;2.7750000e+02;1.9841999e-01;2.7750000e+02;2.1933520e-01;2.7750000e+02;2.4825884e-01;2.7750000e+02;2.6585278e-01;2.7750000e+02;2.6875335e-01;2.7750000e+02;2.6297510e-01;2.7750000e+02;2.5096846e-01;2.7750000e+02;2.3237857e-01;2.7750000e+02;2.0818764e-01;2.7750000e+02;2.9430095e-02;2.7750000e+02;4.0282413e-02;2.7750000e+02;5.2589376e-02;2.7750000e+02;6.7265920e-02;2.7750000e+02;8.5289113e-02;2.7750000e+02;1.0577055e-01;2.7750000e+02;1.2949601e-01;2.7750000e+02;1.5435529e-01;2.7750000e+02;1.7648688e-01;2.7750000e+02;1.9841999e-01;2.7750000e+02;2.1933520e-01;2.7750000e+02;2.4825884e-01;2.7750000e+02;2.6585278e-01;2.7750000e+02;2.6875335e-01;2.7750000e+02;2.6297510e-01;2.7750000e+02;2.5096846e-01;2.7750000e+02;2.3237857e-01;2.7750000e+02;2.0818764e-01;2.7750000e+02;2.9430095e-02;2.7750000e+02;4.0282413e-02;2.7750000e+02;5.2589376e-02;2.7750000e+02;6.7265920e-02;2.7750000e+02;8.5289113e-02;2.7750000e+02;1.0577055e-01;2.7750000e+02;1.2949601e-01;2.7750000e+02;1.5435529e-01;2.7750000e+02;1.7648688e-01;2.7750000e+02;1.9841999e-01;2.7750000e+02;2.1933520e-01;2.7750000e+02;2.4825884e-01;2.7750000e+02;2.6585278e-01;2.7750000e+02;2.6875335e-01;2.7750000e+02;2.6297510e-01;2.7750000e+02;2.5096846e-01;2.7750000e+02;2.3237857e-01;2.7750000e+02;2.0818764e-01;2.7750000e+02;2.9430095e-02;2.7750000e+02;4.0282413e-02;2.7750000e+02;5.2589376e-02;2.7750000e+02;6.7265920e-02;2.7750000e+02;8.5289113e-02;2.7750000e+02;1.0577055e-01;2.7750000e+02;1.2949601e-01;2.7750000e+02;1.5435529e-01;2.7750000e+02;1.7648688e-01;2.7750000e+02;1.9841999e-01;2.7750000e+02;2.1933520e-01;2.7750000e+02;2.4825884e-01;2.7750000e+02;2.6585278e-01;2.7750000e+02;2.6875335e-01;2.7750000e+02;2.6297510e-01;2.7750000e+02;2.5096846e-01;2.7750000e+02;2.3237857e-01;2.7750000e+02;2.0818764e-01;2.7750000e+02;2.9430095e-02;2.7750000e+02;4.0282413e-02;2.7750000e+02;5.2589376e-02;2.7750000e+02;6.7265920e-02;2.7750000e+02;8.5289113e-02;2.7750000e+02;1.0577055e-01;2.7750000e+02;1.2949601e-01;2.7750000e+02;1.5435529e-01;2.7750000e+02;1.7648688e-01;2.7750000e+02;1.9841999e-01;2.7750000e+02;2.1933520e-01;2.7750000e+02;2.4825884e-01;2.7750000e+02;2.6585278e-01;2.7750000e+02;2.6875335e-01;2.7750000e+02;2.6297510e-01;2.7750000e+02;2.5096846e-01;2.7750000e+02;2.3237857e-01;2.7750000e+02;2.0818764e-01;2.7750000e+02;2.9430095e-02;2.7750000e+02;4.0282413e-02;2.7750000e+02;5.2589376e-02;2.7750000e+02;6.7265920e-02;2.7750000e+02;8.5289113e-02;2.7750000e+02;1.0577055e-01;2.7750000e+02;1.2949601e-01;2.7750000e+02;1.5435529e-01;2.7750000e+02;1.7648688e-01;2.7750000e+02;1.9841999e-01;2.7750000e+02;2.1933520e-01;2.7750000e+02;2.4825884e-01;2.7750000e+02;2.6585278e-01;2.7750000e+02;2.6875335e-01;2.7750000e+02;2.6297510e-01;2.7750000e+02;2.5096846e-01;2.7750000e+02;2.3237857e-01;2.7750000e+02;2.0818764e-01;2.7750000e+02;2.9430095e-02;2.7750000e+02;4.0282413e-02;2.7750000e+02;5.2589376e-02;2.7750000e+02;6.7265920e-02;2.7750000e+02;8.5289113e-02;2.7750000e+02;1.0577055e-01;2.7750000e+02;1.2949601e-01;2.7750000e+02;1.5435529e-01;2.7750000e+02;1.7648688e-01;2.7750000e+02;1.9841999e-01;2.7750000e+02;2.1933520e-01;2.7750000e+02;2.4825884e-01;2.7750000e+02;2.6585278e-01;2.7750000e+02;2.6875335e-01;2.7750000e+02;2.6297510e-01;2.7750000e+02;2.5096846e-01;2.7750000e+02;2.3237857e-01;2.7750000e+02;2.0818764e-01;2.7750000e+02;2.9430095e-02;2.7750000e+02;4.0282413e-02;2.7750000e+02;5.2589376e-02;2.7750000e+02;6.7265920e-02;2.7750000e+02;8.5289113e-02;2.7750000e+02;1.0577055e-01;2.7750000e+02;1.2949601e-01;2.7750000e+02;1.5435529e-01;2.7750000e+02;1.7648688e-01;2.7750000e+02;1.9841999e-01;2.7750000e+02;2.1933520e-01;2.7750000e+02;2.4825884e-01;2.7750000e+02;2.6585278e-01;2.7750000e+02;2.6875335e-01;2.7750000e+02;2.6297510e-01;2.7750000e+02;2.5096846e-01;2.7750000e+02;2.3237857e-01;2.7750000e+02;2.0818764e-01;2.7750000e+02;2.9430095e-02;2.7750000e+02;4.0282413e-02;2.7750000e+02;5.2589376e-02;2.7750000e+02;6.7265920e-02;2.7750000e+02;8.5289113e-02;2.7750000e+02;1.0577055e-01;2.7750000e+02;1.2949601e-01;2.7750000e+02;1.5435529e-01;2.7750000e+02;1.7648688e-01;2.7750000e+02;1.9841999e-01;2.7750000e+02;2.1933520e-01;2.7750000e+02;2.4825884e-01;2.7750000e+02;2.6585278e-01;2.7750000e+02;2.6875335e-01;2.7750000e+02;2.6297510e-01;2.7750000e+02;2.5096846e-01;2.7750000e+02;2.3237857e-01;2.7750000e+02;2.0818764e-01;2.7750000e+02;2.9430095e-02;2.7750000e+02;4.0282413e-02;2.7750000e+02;5.2589376e-02;2.7750000e+02;6.7265920e-02;2.7750000e+02;8.5289113e-02;2.7750000e+02;1.0577055e-01;2.7750000e+02;1.2949601e-01;2.7750000e+02;1.5435529e-01;2.7750000e+02;1.7648688e-01;2.7750000e+02;1.9841999e-01;2.7750000e+02;2.1933520e-01;2.7750000e+02;2.4825884e-01;2.7750000e+02;2.6585278e-01;2.7750000e+02;2.6875335e-01;2.7750000e+02;2.6297510e-01;2.7750000e+02;2.5096846e-01;2.7750000e+02;2.3237857e-01;2.7750000e+02;2.0818764e-01;2.7750000e+02;2.9430095e-02;2.7750000e+02;4.0282413e-02;2.7750000e+02;5.2589376e-02;2.7750000e+02;6.7265920e-02;2.7750000e+02;8.5289113e-02;2.7750000e+02;1.0577055e-01;2.7750000e+02;1.2949601e-01;2.7750000e+02;1.5435529e-01;2.7750000e+02;1.7648688e-01;2.7750000e+02;1.9841999e-01;2.7750000e+02;2.1933520e-01;2.7750000e+02;2.4825884e-01;2.7750000e+02;2.6585278e-01;2.7750000e+02;2.6875335e-01;2.7750000e+02;2.6297510e-01;2.7750000e+02;2.5096846e-01;2.7750000e+02;2.3237857e-01;2.7750000e+02;2.0818764e-01;2.7750000e+02;2.9430095e-02;2.7750000e+02;4.0282413e-02;2.7750000e+02;5.2589376e-02;2.7750000e+02;6.7265920e-02;2.7750000e+02;8.5289113e-02;2.7750000e+02;1.0577055e-01;2.7750000e+02;1.2949601e-01;2.7750000e+02;1.5435529e-01;2.7750000e+02;1.7648688e-01;2.7750000e+02;1.9841999e-01;2.7750000e+02;2.1933520e-01;2.7750000e+02;2.4825884e-01;2.7750000e+02;2.6585278e-01;2.7750000e+02;2.6875335e-01;2.7750000e+02;2.6297510e-01;2.7750000e+02;2.5096846e-01;2.7750000e+02;2.3237857e-01;2.7750000e+02;2.0818764e-01;2.7750000e+02;2.9430095e-02;2.7750000e+02;4.0282413e-02;2.7750000e+02;5.2589376e-02;2.7750000e+02;6.7265920e-02;2.7750000e+02;8.5289113e-02;2.7750000e+02;1.0577055e-01;2.7750000e+02;1.2949601e-01;2.7750000e+02;1.5435529e-01;2.7750000e+02;1.7648688e-01;2.7750000e+02;1.9841999e-01;2.7750000e+02;2.1933520e-01;2.7750000e+02;2.4825884e-01;2.7750000e+02;2.6585278e-01;2.7750000e+02;2.6875335e-01;2.7750000e+02;2.6297510e-01;2.7750000e+02;2.5096846e-01;2.7750000e+02;2.3237857e-01;2.7750000e+02;2.0818764e-01;2.7750000e+02;2.9430095e-02;2.7750000e+02;4.0282413e-02;2.7750000e+02;5.2589376e-02;2.7750000e+02;6.7265920e-02;2.7750000e+02;8.5289113e-02;2.7750000e+02;1.0577055e-01;2.7750000e+02;1.2949601e-01;2.7750000e+02;1.5435529e-01;2.7750000e+02;1.7648688e-01;2.7750000e+02;1.9841999e-01;2.7750000e+02;2.1933520e-01;2.7750000e+02;2.4825884e-01;2.7750000e+02;2.6585278e-01;2.7750000e+02;2.6875335e-01;2.7750000e+02;2.6297510e-01;2.7750000e+02;2.5096846e-01;2.7750000e+02;2.3237857e-01;2.7750000e+02;2.0818764e-01;2.7750000e+02;2.9430095e-02;2.7750000e+02;4.0282413e-02;2.7750000e+02;5.2589376e-02;2.7750000e+02;6.7265920e-02;2.7750000e+02;8.5289113e-02;2.7750000e+02;1.0577055e-01;2.7750000e+02;1.2949601e-01;2.7750000e+02;1.5435529e-01;2.7750000e+02;1.7648688e-01;2.7750000e+02;1.9841999e-01;2.7750000e+02;2.1933520e-01;2.7750000e+02;2.4825884e-01;2.7750000e+02;2.6585278e-01;2.7750000e+02;2.6875335e-01;2.7750000e+02;2.6297510e-01;2.7750000e+02;2.5096846e-01;2.7750000e+02;2.3237857e-01;2.7750000e+02;2.0818764e-01;2.7750000e+02;2.9430095e-02;2.7750000e+02;4.0282413e-02;2.7750000e+02;5.2589376e-02;2.7750000e+02;6.7265920e-02;2.7750000e+02;8.5289113e-02;2.7750000e+02;1.0577055e-01;2.7750000e+02;1.2949601e-01;2.7750000e+02;1.5435529e-01;2.7750000e+02;1.7648688e-01;2.7750000e+02;1.9841999e-01;2.7750000e+02;2.1933520e-01;2.7750000e+02;2.4825884e-01;2.7750000e+02;2.6585278e-01;2.7750000e+02;2.6875335e-01;2.7750000e+02;2.6297510e-01;2.7750000e+02;2.5096846e-01;2.7750000e+02;2.3237857e-01;2.7750000e+02;2.0818764e-01;2.7750000e+02;2.9430095e-02;2.7750000e+02;4.0282413e-02;2.7750000e+02;5.2589376e-02;2.7750000e+02;6.7265920e-02;2.7750000e+02;8.5289113e-02;2.7750000e+02;1.0577055e-01;2.7750000e+02;1.2949601e-01;2.7750000e+02;1.5435529e-01;2.7750000e+02;1.7648688e-01;2.7750000e+02;1.9841999e-01;2.7750000e+02;2.1933520e-01;2.7750000e+02;2.4825884e-01;2.7750000e+02;2.6585278e-01;2.7750000e+02;2.6875335e-01;2.7750000e+02;2.6297510e-01;2.7750000e+02;2.5096846e-01;2.7750000e+02;2.3237857e-01;2.7750000e+02;2.0818764e-01;2.7750000e+02;2.9430095e-02;2.7750000e+02;4.0282413e-02;2.7750000e+02;5.2589376e-02;2.7750000e+02;6.7265920e-02;2.7750000e+02;8.5289113e-02;2.7750000e+02;1.0577055e-01;2.7750000e+02;1.2949601e-01;2.7750000e+02;1.5435529e-01;2.7750000e+02;1.7648688e-01;2.7750000e+02;1.9841999e-01;2.7750000e+02;2.1933520e-01;2.7750000e+02;2.4825884e-01;2.7750000e+02;2.6585278e-01;2.7750000e+02;2.6875335e-01;2.7750000e+02;2.6297510e-01;2.7750000e+02;2.5096846e-01;2.7750000e+02;2.3237857e-01;2.7750000e+02;2.0818764e-01;2.7750000e+02;2.9430095e-02;2.7750000e+02;4.0282413e-02;2.7750000e+02;5.2589376e-02;2.7750000e+02;6.7265920e-02;2.7750000e+02;8.5289113e-02;2.7750000e+02;1.0577055e-01;2.7750000e+02;1.2949601e-01;2.7750000e+02;1.5435529e-01;2.7750000e+02;1.7648688e-01;2.7750000e+02;1.9841999e-01;2.7750000e+02;2.1933520e-01;2.7750000e+02;2.4825884e-01;2.7750000e+02;2.6585278e-01;2.7750000e+02;2.6875335e-01;2.7750000e+02;2.6297510e-01;2.7750000e+02;2.5096846e-01;2.7750000e+02;2.3237857e-01;2.7750000e+02;2.0818764e-01;2.7750000e+02;2.9430095e-02;2.7750000e+02;4.0282413e-02;2.7750000e+02;5.2589376e-02;2.7750000e+02;6.7265920e-02;2.7750000e+02;8.5289113e-02;2.7750000e+02;1.0577055e-01;2.7750000e+02;1.2949601e-01;2.7750000e+02;1.5435529e-01;2.7750000e+02;1.7648688e-01;2.7750000e+02;1.9841999e-01;2.7750000e+02;2.1933520e-01;2.7750000e+02;2.4825884e-01;2.7750000e+02;2.6585278e-01;2.7750000e+02;2.6875335e-01;2.7750000e+02;2.6297510e-01;2.7750000e+02;2.5096846e-01;2.7750000e+02;2.3237857e-01;2.7750000e+02;2.0818764e-01;2.7750000e+02;2.9430095e-02;2.7750000e+02;4.0282413e-02;2.7750000e+02;5.2589376e-02;2.7750000e+02;6.7265920e-02;2.7750000e+02;8.5289113e-02;2.7750000e+02;1.0577055e-01;2.7750000e+02;1.2949601e-01;2.7750000e+02;1.5435529e-01;2.7750000e+02;1.7648688e-01;2.7750000e+02;1.9841999e-01;2.7750000e+02;2.1933520e-01;2.7750000e+02;2.4825884e-01;2.7750000e+02;2.6585278e-01;2.7750000e+02;2.6875335e-01;2.7750000e+02;2.6297510e-01;2.7750000e+02;2.5096846e-01;2.7750000e+02;2.3237857e-01;2.7750000e+02;2.0818764e-01;2.7750000e+02;2.9430095e-02;2.7750000e+02;4.0282413e-02;2.7750000e+02;5.2589376e-02;2.7750000e+02;6.7265920e-02;2.7750000e+02;8.5289113e-02;2.7750000e+02;1.0577055e-01;2.7750000e+02;1.2949601e-01;2.7750000e+02;1.5435529e-01;2.7750000e+02;1.7648688e-01;2.7750000e+02;1.9841999e-01;2.7750000e+02;2.1933520e-01;2.7750000e+02;2.4825884e-01;2.7750000e+02;2.6585278e-01;2.7750000e+02;2.6875335e-01;2.7750000e+02;2.6297510e-01;2.7750000e+02;2.5096846e-01;2.7750000e+02;2.3237857e-01;2.7750000e+02;2.0818764e-01;2.7750000e+02;2.9430095e-02;2.7750000e+02;4.0282413e-02;2.7750000e+02;5.2589376e-02;2.7750000e+02;6.7265920e-02;2.7750000e+02;8.5289113e-02;2.7750000e+02;1.0577055e-01;2.7750000e+02;1.2949601e-01;2.7750000e+02;1.5435529e-01;2.7750000e+02;1.7648688e-01;2.7750000e+02;1.9841999e-01;2.7750000e+02;2.1933520e-01;2.7750000e+02;2.4825884e-01;2.7750000e+02;2.6585278e-01;2.7750000e+02;2.6875335e-01;2.7750000e+02;2.6297510e-01;2.7750000e+02;2.5096846e-01;2.7750000e+02;2.3237857e-01;2.7750000e+02;2.0818764e-01;2.7750000e+02;2.9430095e-02;2.7750000e+02;4.0282413e-02;2.7750000e+02;5.2589376e-02;2.7750000e+02;6.7265920e-02;2.7750000e+02;8.5289113e-02;2.7750000e+02;1.0577055e-01;2.7750000e+02;1.2949601e-01;2.7750000e+02;1.5435529e-01;2.7750000e+02;1.7648688e-01;2.7750000e+02;1.9841999e-01;2.7750000e+02;2.1933520e-01;2.7750000e+02;2.4825884e-01;2.7750000e+02;2.6585278e-01;2.7750000e+02;2.6875335e-01;2.7750000e+02;2.6297510e-01;2.7750000e+02;2.5096846e-01;2.7750000e+02;2.3237857e-01;2.7750000e+02;2.0818764e-01;2.7750000e+02;2.9430095e-02;2.7750000e+02;4.0282413e-02;2.7750000e+02;5.2589376e-02;2.7750000e+02;6.7265920e-02;2.7750000e+02;8.5289113e-02;2.7750000e+02;1.0577055e-01;2.7750000e+02;1.2949601e-01;2.7750000e+02;1.5435529e-01;2.7750000e+02;1.7648688e-01;2.7750000e+02;1.9841999e-01;2.7750000e+02;2.1933520e-01;2.7750000e+02;2.4825884e-01;2.7750000e+02;2.6585278e-01;2.7750000e+02;2.6875335e-01;2.7750000e+02;2.6297510e-01;2.7750000e+02;2.5096846e-01;2.7750000e+02;2.3237857e-01;2.7750000e+02;2.0818764e-01;2.7750000e+02;2.9430095e-02;2.7750000e+02;4.0282413e-02;2.7750000e+02;5.2589376e-02;2.7750000e+02;6.7265920e-02;2.7750000e+02;8.5289113e-02;2.7750000e+02;1.0577055e-01;2.7750000e+02;1.2949601e-01;2.7750000e+02;1.5435529e-01;2.7750000e+02;1.7648688e-01;2.7750000e+02;1.9841999e-01;2.7750000e+02;2.1933520e-01;2.7750000e+02;2.4825884e-01;2.7750000e+02;2.6585278e-01;2.7750000e+02;2.6875335e-01;2.7750000e+02;2.6297510e-01;2.7750000e+02;2.5096846e-01;2.7750000e+02;2.3237857e-01;2.7750000e+02;2.0818764e-01;2.7750000e+02;2.9430095e-02;2.7750000e+02;4.0282413e-02;2.7750000e+02;5.2589376e-02;2.7750000e+02;6.7265920e-02;2.7750000e+02;8.5289113e-02;2.7750000e+02;1.0577055e-01;2.7750000e+02;1.2949601e-01;2.7750000e+02;1.5435529e-01;2.7750000e+02;1.7648688e-01;2.7750000e+02;1.9841999e-01;2.7750000e+02;2.1933520e-01;2.7750000e+02;2.4825884e-01;2.7750000e+02;2.6585278e-01;2.7750000e+02;2.6875335e-01;2.7750000e+02;2.6297510e-01;2.7750000e+02;2.5096846e-01;2.7750000e+02;2.3237857e-01;2.7750000e+02;2.0818764e-01;2.7750000e+02;2.9430095e-02;2.7750000e+02;4.0282413e-02;2.7750000e+02;5.2589376e-02;2.7750000e+02;6.7265920e-02;2.7750000e+02;8.5289113e-02;2.7750000e+02;1.0577055e-01;2.7750000e+02;1.2949601e-01;2.7750000e+02;1.5435529e-01;2.7750000e+02;1.7648688e-01;2.7750000e+02;1.9841999e-01;2.7750000e+02;2.1933520e-01;2.7750000e+02;2.4825884e-01;2.7750000e+02;2.6585278e-01;2.7750000e+02;2.6875335e-01;2.7750000e+02;2.6297510e-01;2.7750000e+02;2.5096846e-01;2.7750000e+02;2.3237857e-01;2.7750000e+02;2.0818764e-01;2.7750000e+02;2.9430095e-02;2.7750000e+02;4.0282413e-02;2.7750000e+02;5.2589376e-02;2.7750000e+02;6.7265920e-02;2.7750000e+02;8.5289113e-02;2.7750000e+02;1.0577055e-01;2.7750000e+02;1.2949601e-01;2.7750000e+02;1.5435529e-01;2.7750000e+02;1.7648688e-01;2.7750000e+02;1.9841999e-01;2.7750000e+02;2.1933520e-01;2.7750000e+02;2.4825884e-01;2.7750000e+02;2.6585278e-01;2.7750000e+02;2.6875335e-01;2.7750000e+02;2.6297510e-01;2.7750000e+02;2.5096846e-01;2.7750000e+02;2.3237857e-01;2.7750000e+02;2.0818764e-01;2.7750000e+02;2.9430095e-02;2.7750000e+02;4.0282413e-02;2.7750000e+02;5.2589376e-02;2.7750000e+02;6.7265920e-02;2.7750000e+02;8.5289113e-02;2.7750000e+02;1.0577055e-01;2.7750000e+02;1.2949601e-01;2.7750000e+02;1.5435529e-01;2.7750000e+02;1.7648688e-01;2.7750000e+02;1.9841999e-01;2.7750000e+02;2.1933520e-01;2.7750000e+02;2.4825884e-01;2.7750000e+02;2.6585278e-01;2.7750000e+02;2.6875335e-01;2.7750000e+02;2.6297510e-01;2.7750000e+02;2.5096846e-01;2.7750000e+02;2.3237857e-01;2.7750000e+02;2.0818764e-01;2.7750000e+02;2.9430095e-02;2.7750000e+02;4.0282413e-02;2.7750000e+02;5.2589376e-02;2.7750000e+02;6.7265920e-02;2.7750000e+02;8.5289113e-02;2.7750000e+02;1.0577055e-01;2.7750000e+02;1.2949601e-01;2.7750000e+02;1.5435529e-01;2.7750000e+02;1.7648688e-01;2.7750000e+02;1.9841999e-01;2.7750000e+02;2.1933520e-01;2.7750000e+02;2.4825884e-01;2.7750000e+02;2.6585278e-01;2.7750000e+02;2.6875335e-01;2.7750000e+02;2.6297510e-01;2.7750000e+02;2.5096846e-01;2.7750000e+02;2.3237857e-01;2.7750000e+02;2.0818764e-01;2.7750000e+02;2.9430095e-02;2.7750000e+02;4.0282413e-02;2.7750000e+02;5.2589376e-02;2.7750000e+02;6.7265920e-02;2.7750000e+02;8.5289113e-02;2.7750000e+02;1.0577055e-01;2.7750000e+02;1.2949601e-01;2.7750000e+02;1.5435529e-01;2.7750000e+02;1.7648688e-01;2.7750000e+02;1.9841999e-01;2.7750000e+02;2.1933520e-01;2.7750000e+02;2.4825884e-01;2.7750000e+02;2.6585278e-01;2.7750000e+02;2.6875335e-01;2.7750000e+02;2.6297510e-01;2.7750000e+02;2.5096846e-01;2.7750000e+02;2.3237857e-01;2.7750000e+02;2.0818764e-01;2.7750000e+02;2.9430095e-02;2.7750000e+02;4.0282413e-02;2.7750000e+02;5.2589376e-02;2.7750000e+02;6.7265920e-02;2.7750000e+02;8.5289113e-02;2.7750000e+02;1.0577055e-01;2.7750000e+02;1.2949601e-01;2.7750000e+02;1.5435529e-01;2.7750000e+02;1.7648688e-01;2.7750000e+02;1.9841999e-01;2.7750000e+02;2.1933520e-01;2.7750000e+02;2.4825884e-01;2.7750000e+02;2.6585278e-01;2.7750000e+02;2.6875335e-01;2.7750000e+02;2.6297510e-01;2.7750000e+02;2.5096846e-01;2.7750000e+02;2.3237857e-01;2.7750000e+02;2.0818764e-01;2.7750000e+02;2.9430095e-02;2.7750000e+02;4.0282413e-02;2.7750000e+02;5.2589376e-02;2.7750000e+02;6.7265920e-02;2.7750000e+02;8.5289113e-02;2.7750000e+02;1.0577055e-01;2.7750000e+02;1.2949601e-01;2.7750000e+02;1.5435529e-01;2.7750000e+02;1.7648688e-01;2.7750000e+02;1.9841999e-01;2.7750000e+02;2.1933520e-01;2.7750000e+02;2.4825884e-01;2.7750000e+02;2.6585278e-01;2.7750000e+02;2.6875335e-01;2.7750000e+02;2.6297510e-01;2.7750000e+02;2.5096846e-01;2.7750000e+02;2.3237857e-01;2.7750000e+02;2.0818764e-01;2.7750000e+02;2.9430095e-02;2.7750000e+02;4.0282413e-02;2.7750000e+02;5.2589376e-02;2.7750000e+02;6.7265920e-02;2.7750000e+02;8.5289113e-02;2.7750000e+02;1.0577055e-01;2.7750000e+02;1.2949601e-01;2.7750000e+02;1.5435529e-01;2.7750000e+02;1.7648688e-01;2.7750000e+02;1.9841999e-01;2.7750000e+02;2.1933520e-01;2.7750000e+02;2.4825884e-01;2.7750000e+02;2.6585278e-01;2.7750000e+02;2.6875335e-01;2.7750000e+02;2.6297510e-01;2.7750000e+02;2.5096846e-01;2.7750000e+02;2.3237857e-01;2.7750000e+02;2.0818764e-01;2.7750000e+02;2.9430095e-02;2.7750000e+02;4.0282413e-02;2.7750000e+02;5.2589376e-02;2.7750000e+02;6.7265920e-02;2.7750000e+02;8.5289113e-02;2.7750000e+02;1.0577055e-01;2.7750000e+02;1.2949601e-01;2.7750000e+02;1.5435529e-01;2.7750000e+02;1.7648688e-01;2.7750000e+02;1.9841999e-01;2.7750000e+02;2.1933520e-01;2.7750000e+02;2.4825884e-01;2.7750000e+02;2.6585278e-01;2.7750000e+02;2.6875335e-01;2.7750000e+02;2.6297510e-01;2.7750000e+02;2.5096846e-01;2.7750000e+02;2.3237857e-01;2.7750000e+02;2.0818764e-01;2.7750000e+02;2.9430095e-02;2.7750000e+02;4.0282413e-02;2.7750000e+02;5.2589376e-02;2.7750000e+02;6.7265920e-02;2.7750000e+02;8.5289113e-02;2.7750000e+02;1.0577055e-01;2.7750000e+02;1.2949601e-01;2.7750000e+02;1.5435529e-01;2.7750000e+02;1.7648688e-01;2.7750000e+02;1.9841999e-01;2.7750000e+02;2.1933520e-01;2.7750000e+02;2.4825884e-01;2.7750000e+02;2.6585278e-01;2.7750000e+02;2.6875335e-01;2.7750000e+02;2.6297510e-01;2.7750000e+02;2.5096846e-01;2.7750000e+02;2.3237857e-01;2.7750000e+02;2.0818764e-01;2.7750000e+02;2.9430095e-02;2.7750000e+02;4.0282413e-02;2.7750000e+02;5.2589376e-02;2.7750000e+02;6.7265920e-02;2.7750000e+02;8.5289113e-02;2.7750000e+02;1.0577055e-01;2.7750000e+02;1.2949601e-01;2.7750000e+02;1.5435529e-01;2.7750000e+02;1.7648688e-01;2.7750000e+02;1.9841999e-01;2.7750000e+02;2.1933520e-01;2.7750000e+02;2.4825884e-01;2.7750000e+02;2.6585278e-01;2.7750000e+02;2.6875335e-01;2.7750000e+02;2.6297510e-01;2.7750000e+02;2.5096846e-01;2.7750000e+02;2.3237857e-01;2.7750000e+02;2.0818764e-01;2.7750000e+02;2.9430095e-02;2.7750000e+02;4.0282413e-02;2.7750000e+02;5.2589376e-02;2.7750000e+02;6.7265920e-02;2.7750000e+02;8.5289113e-02;2.7750000e+02;1.0577055e-01;2.7750000e+02;1.2949601e-01;2.7750000e+02;1.5435529e-01;2.7750000e+02;1.7648688e-01;2.7750000e+02;1.9841999e-01;2.7750000e+02;2.1933520e-01;2.7750000e+02;2.4825884e-01;2.7750000e+02;2.6585278e-01;2.7750000e+02;2.6875335e-01;2.7750000e+02;2.6297510e-01;2.7750000e+02;2.5096846e-01;2.7750000e+02;2.3237857e-01;2.7750000e+02;2.0818764e-01;2.7750000e+02;2.9430095e-02;2.7750000e+02;4.0282413e-02;2.7750000e+02;5.2589376e-02;2.7750000e+02;6.7265920e-02;2.7750000e+02;8.5289113e-02;2.7750000e+02;1.0577055e-01;2.7750000e+02;1.2949601e-01;2.7750000e+02;1.5435529e-01;2.7750000e+02;1.7648688e-01;2.7750000e+02;1.9841999e-01;2.7750000e+02;2.1933520e-01;2.7750000e+02;2.4825884e-01;2.7750000e+02;2.6585278e-01;2.7750000e+02;2.6875335e-01;2.7750000e+02;2.6297510e-01;2.7750000e+02;2.5096846e-01;2.7750000e+02;2.3237857e-01;2.7750000e+02;2.0818764e-01;2.7750000e+02;2.9430095e-02;2.7750000e+02;4.0282413e-02;2.7750000e+02;5.2589376e-02;2.7750000e+02;6.7265920e-02;2.7750000e+02;8.5289113e-02;2.7750000e+02;1.0577055e-01;2.7750000e+02;1.2949601e-01;2.7750000e+02;1.5435529e-01;2.7750000e+02;1.7648688e-01;2.7750000e+02;1.9841999e-01;2.7750000e+02;2.1933520e-01;2.7750000e+02;2.4825884e-01;2.7750000e+02;2.6585278e-01;2.7750000e+02;2.6875335e-01;2.7750000e+02;2.6297510e-01;2.7750000e+02;2.5096846e-01;2.7750000e+02;2.3237857e-01;2.7750000e+02;2.0818764e-01;2.7750000e+02;2.9430095e-02;2.7750000e+02;4.0282413e-02;2.7750000e+02;5.2589376e-02;2.7750000e+02;6.7265920e-02;2.7750000e+02;8.5289113e-02;2.7750000e+02;1.0577055e-01;2.7750000e+02;1.2949601e-01;2.7750000e+02;1.5435529e-01;2.7750000e+02;1.7648688e-01;2.7750000e+02;1.9841999e-01;2.7750000e+02;2.1933520e-01;2.7750000e+02;2.4825884e-01;2.7750000e+02;2.6585278e-01;2.7750000e+02;2.6875335e-01;2.7750000e+02;2.6297510e-01;2.7750000e+02;2.5096846e-01;2.7750000e+02;2.3237857e-01;2.7750000e+02;2.0818764e-01;2.7750000e+02;2.9430095e-02;2.7750000e+02;4.0282413e-02;2.7750000e+02;5.2589376e-02;2.7750000e+02;6.7265920e-02;2.7750000e+02;8.5289113e-02;2.7750000e+02;1.0577055e-01;2.7750000e+02;1.2949601e-01;2.7750000e+02;1.5435529e-01;2.7750000e+02;1.7648688e-01;2.7750000e+02;1.9841999e-01;2.7750000e+02;2.1933520e-01;2.7750000e+02;2.4825884e-01;2.7750000e+02;2.6585278e-01;2.7750000e+02;2.6875335e-01;2.7750000e+02;2.6297510e-01;2.7750000e+02;2.5096846e-01;2.7750000e+02;2.3237857e-01;2.7750000e+02;2.0818764e-01;2.7750000e+02;2.9430095e-02;2.7750000e+02;4.0282413e-02;2.7750000e+02;5.2589376e-02;2.7750000e+02;6.7265920e-02;2.7750000e+02;8.5289113e-02;2.7750000e+02;1.0577055e-01;2.7750000e+02;1.2949601e-01;2.7750000e+02;1.5435529e-01;2.7750000e+02;1.7648688e-01;2.7750000e+02;1.9841999e-01;2.7750000e+02;2.1933520e-01;2.7750000e+02;2.4825884e-01;2.7750000e+02;2.6585278e-01;2.7750000e+02;2.6875335e-01;2.7750000e+02;2.6297510e-01;2.7750000e+02;2.5096846e-01;2.7750000e+02;2.3237857e-01;2.7750000e+02;2.0818764e-01;2.7750000e+02;2.9430095e-02;2.7750000e+02;4.0282413e-02;2.7750000e+02;5.2589376e-02;2.7750000e+02;6.7265920e-02;2.7750000e+02;8.5289113e-02;2.7750000e+02;1.0577055e-01;2.7750000e+02;1.2949601e-01;2.7750000e+02;1.5435529e-01;2.7750000e+02;1.7648688e-01;2.7750000e+02;1.9841999e-01;2.7750000e+02;2.1933520e-01;2.7750000e+02;2.4825884e-01;2.7750000e+02;2.6585278e-01;2.7750000e+02;2.6875335e-01;2.7750000e+02;2.6297510e-01;2.7750000e+02;2.5096846e-01;2.7750000e+02;2.3237857e-01;2.7750000e+02;2.0818764e-01;2.7750000e+02;2.9430095e-02;2.7750000e+02;4.0282413e-02;2.7750000e+02;5.2589376e-02;2.7750000e+02;6.7265920e-02;2.7750000e+02;8.5289113e-02;2.7750000e+02;1.0577055e-01;2.7750000e+02;1.2949601e-01;2.7750000e+02;1.5435529e-01;2.7750000e+02;1.7648688e-01;2.7750000e+02;1.9841999e-01;2.7750000e+02;2.1933520e-01;2.7750000e+02;2.4825884e-01;2.7750000e+02;2.6585278e-01;2.7750000e+02;2.6875335e-01;2.7750000e+02;2.6297510e-01;2.7750000e+02;2.5096846e-01;2.7750000e+02;2.3237857e-01;2.7750000e+02;2.0818764e-01;2.7750000e+02;2.9430095e-02;2.7750000e+02;4.0282413e-02;2.7750000e+02;5.2589376e-02;2.7750000e+02;6.7265920e-02;2.7750000e+02;8.5289113e-02;2.7750000e+02;1.0577055e-01;2.7750000e+02;1.2949601e-01;2.7750000e+02;1.5435529e-01;2.7750000e+02;1.7648688e-01;2.7750000e+02;1.9841999e-01;2.7750000e+02;2.1933520e-01;2.7750000e+02;2.4825884e-01;2.7750000e+02;2.6585278e-01;2.7750000e+02;2.6875335e-01;2.7750000e+02;2.6297510e-01;2.7750000e+02;2.5096846e-01;2.7750000e+02;2.3237857e-01;2.7750000e+02;2.0818764e-01;2.7750000e+02;2.9430095e-02;2.7750000e+02;4.0282413e-02;2.7750000e+02;5.2589376e-02;2.7750000e+02;6.7265920e-02;2.7750000e+02;8.5289113e-02;2.7750000e+02;1.0577055e-01;2.7750000e+02;1.2949601e-01;2.7750000e+02;1.5435529e-01;2.7750000e+02;1.7648688e-01;2.7750000e+02;1.9841999e-01;2.7750000e+02;2.1933520e-01;2.7750000e+02;2.4825884e-01;2.7750000e+02;2.6585278e-01;2.7750000e+02;2.6875335e-01;2.7750000e+02;2.6297510e-01;2.7750000e+02;2.5096846e-01;2.7750000e+02;2.3237857e-01;2.7750000e+02;2.0818764e-01;2.7750000e+02;2.9430095e-02;2.7750000e+02;4.0282413e-02;2.7750000e+02;5.2589376e-02;2.7750000e+02;6.7265920e-02;2.7750000e+02;8.5289113e-02;2.7750000e+02;1.0577055e-01;2.7750000e+02;1.2949601e-01;2.7750000e+02;1.5435529e-01;2.7750000e+02;1.7648688e-01;2.7750000e+02;1.9841999e-01;2.7750000e+02;2.1933520e-01;2.7750000e+02;2.4825884e-01;2.7750000e+02;2.6585278e-01;2.7750000e+02;2.6875335e-01;2.7750000e+02;2.6297510e-01;2.7750000e+02;2.5096846e-01;2.7750000e+02;2.3237857e-01;2.7750000e+02;2.0818764e-01;2.7750000e+02;2.9430095e-02;2.7750000e+02;4.0282413e-02;2.7750000e+02;5.2589376e-02;2.7750000e+02;6.7265920e-02;2.7750000e+02;8.5289113e-02;2.7750000e+02;1.0577055e-01;2.7750000e+02;1.2949601e-01;2.7750000e+02;1.5435529e-01;2.7750000e+02;1.7648688e-01;2.7750000e+02;1.9841999e-01;2.7750000e+02;2.1933520e-01;2.7750000e+02;2.4825884e-01;2.7750000e+02;2.6585278e-01;2.7750000e+02;2.6875335e-01;2.7750000e+02;2.6297510e-01;2.7750000e+02;2.5096846e-01;2.7750000e+02;2.3237857e-01;2.7750000e+02;2.0818764e-01;2.7750000e+02;2.9430095e-02;2.7750000e+02;4.0282413e-02;2.7750000e+02;5.2589376e-02;2.7750000e+02;6.7265920e-02;2.7750000e+02;8.5289113e-02;2.7750000e+02;1.0577055e-01;2.7750000e+02;1.2949601e-01;2.7750000e+02;1.5435529e-01;2.7750000e+02;1.7648688e-01;2.7750000e+02;1.9841999e-01;2.7750000e+02;2.1933520e-01;2.7750000e+02;2.4825884e-01;2.7750000e+02;2.6585278e-01;2.7750000e+02;2.6875335e-01;2.7750000e+02;2.6297510e-01;2.7750000e+02;2.5096846e-01;2.7750000e+02;2.3237857e-01;2.7750000e+02;2.0818764e-01
2.8250000e+02;3.2530747e-02;2.8250000e+02;4.4588421e-02;2.8250000e+02;5.8160231e-02;2.8250000e+02;7.4033089e-02;2.8250000e+02;9.1206498e-02;2.8250000e+02;1.1151896e-01;2.8250000e+02;1.3403267e-01;2.8250000e+02;1.5819182e-01;2.8250000e+02;1.8419683e-01;2.8250000e+02;2.1058488e-01;2.8250000e+02;2.3379318e-01;2.8250000e+02;2.6177925e-01;2.8250000e+02;2.7484819e-01;2.8250000e+02;2.7564970e-01;2.8250000e+02;2.6863933e-01;2.8250000e+02;2.5571865e-01;2.8250000e+02;2.3644176e-01;2.8250000e+02;2.1197380e-01;2.8250000e+02;3.2530747e-02;2.8250000e+02;4.4588421e-02;2.8250000e+02;5.8160231e-02;2.8250000e+02;7.4033089e-02;2.8250000e+02;9.1206498e-02;2.8250000e+02;1.1151896e-01;2.8250000e+02;1.3403267e-01;2.8250000e+02;1.5819182e-01;2.8250000e+02;1.8419683e-01;2.8250000e+02;2.1058488e-01;2.8250000e+02;2.3379318e-01;2.8250000e+02;2.6177925e-01;2.8250000e+02;2.7484819e-01;2.8250000e+02;2.7564970e-01;2.8250000e+02;2.6863933e-01;2.8250000e+02;2.5571865e-01;2.8250000e+02;2.3644176e-01;2.8250000e+02;2.1197380e-01;2.8250000e+02;3.2530747e-02;2.8250000e+02;4.4588421e-02;2.8250000e+02;5.8160231e-02;2.8250000e+02;7.4033089e-02;2.8250000e+02;9.1206498e-02;2.8250000e+02;1.1151896e-01;2.8250000e+02;1.3403267e-01;2.8250000e+02;1.5819182e-01;2.8250000e+02;1.8419683e-01;2.8250000e+02;2.1058488e-01;2.8250000e+02;2.3379318e-01;2.8250000e+02;2.6177925e-01;2.8250000e+02;2.7484819e-01;2.8250000e+02;2.7564970e-01;2.8250000e+02;2.6863933e-01;2.8250000e+02;2.5571865e-01;2.8250000e+02;2.3644176e-01;2.8250000e+02;2.1197380e-01;2.8250000e+02;3.2530747e-02;2.8250000e+02;4.4588421e-02;2.8250000e+02;5.8160231e-02;2.8250000e+02;7.4033089e-02;2.8250000e+02;9.1206498e-02;2.8250000e+02;1.1151896e-01;2.8250000e+02;1.3403267e-01;2.8250000e+02;1.5819182e-01;2.8250000e+02;1.8419683e-01;2.8250000e+02;2.1058488e-01;2.8250000e+02;2.3379318e-01;2.8250000e+02;2.6177925e-01;2.8250000e+02;2.7484819e-01;2.8250000e+02;2.7564970e-01;2.8250000e+02;2.6863933e-01;2.8250000e+02;2.5571865e-01;2.8250000e+02;2.3644176e-01;2.8250000e+02;2.1197380e-01;2.8250000e+02;3.2530747e-02;2.8250000e+02;4.4588421e-02;2.8250000e+02;5.8160231e-02;2.8250000e+02;7.4033089e-02;2.8250000e+02;9.1206498e-02;2.8250000e+02;1.1151896e-01;2.8250000e+02;1.3403267e-01;2.8250000e+02;1.5819182e-01;2.8250000e+02;1.8419683e-01;2.8250000e+02;2.1058488e-01;2.8250000e+02;2.3379318e-01;2.8250000e+02;2.6177925e-01;2.8250000e+02;2.7484819e-01;2.8250000e+02;2.7564970e-01;2.8250000e+02;2.6863933e-01;2.8250000e+02;2.5571865e-01;2.8250000e+02;2.3644176e-01;2.8250000e+02;2.1197380e-01;2.8250000e+02;3.2530747e-02;2.8250000e+02;4.4588421e-02;2.8250000e+02;5.8160231e-02;2.8250000e+02;7.4033089e-02;2.8250000e+02;9.1206498e-02;2.8250000e+02;1.1151896e-01;2.8250000e+02;1.3403267e-01;2.8250000e+02;1.5819182e-01;2.8250000e+02;1.8419683e-01;2.8250000e+02;2.1058488e-01;2.8250000e+02;2.3379318e-01;2.8250000e+02;2.6177925e-01;2.8250000e+02;2.7484819e-01;2.8250000e+02;2.7564970e-01;2.8250000e+02;2.6863933e-01;2.8250000e+02;2.5571865e-01;2.8250000e+02;2.3644176e-01;2.8250000e+02;2.1197380e-01;2.8250000e+02;3.2530747e-02;2.8250000e+02;4.4588421e-02;2.8250000e+02;5.8160231e-02;2.8250000e+02;7.4033089e-02;2.8250000e+02;9.1206498e-02;2.8250000e+02;1.1151896e-01;2.8250000e+02;1.3403267e-01;2.8250000e+02;1.5819182e-01;2.8250000e+02;1.8419683e-01;2.8250000e+02;2.1058488e-01;2.8250000e+02;2.3379318e-01;2.8250000e+02;2.6177925e-01;2.8250000e+02;2.7484819e-01;2.8250000e+02;2.7564970e-01;2.8250000e+02;2.6863933e-01;2.8250000e+02;2.5571865e-01;2.8250000e+02;2.3644176e-01;2.8250000e+02;2.1197380e-01;2.8250000e+02;3.2530747e-02;2.8250000e+02;4.4588421e-02;2.8250000e+02;5.8160231e-02;2.8250000e+02;7.4033089e-02;2.8250000e+02;9.1206498e-02;2.8250000e+02;1.1151896e-01;2.8250000e+02;1.3403267e-01;2.8250000e+02;1.5819182e-01;2.8250000e+02;1.8419683e-01;2.8250000e+02;2.1058488e-01;2.8250000e+02;2.3379318e-01;2.8250000e+02;2.6177925e-01;2.8250000e+02;2.7484819e-01;2.8250000e+02;2.7564970e-01;2.8250000e+02;2.6863933e-01;2.8250000e+02;2.5571865e-01;2.8250000e+02;2.3644176e-01;2.8250000e+02;2.1197380e-01;2.8250000e+02;3.2530747e-02;2.8250000e+02;4.4588421e-02;2.8250000e+02;5.8160231e-02;2.8250000e+02;7.4033089e-02;2.8250000e+02;9.1206498e-02;2.8250000e+02;1.1151896e-01;2.8250000e+02;1.3403267e-01;2.8250000e+02;1.5819182e-01;2.8250000e+02;1.8419683e-01;2.8250000e+02;2.1058488e-01;2.8250000e+02;2.3379318e-01;2.8250000e+02;2.6177925e-01;2.8250000e+02;2.7484819e-01;2.8250000e+02;2.7564970e-01;2.8250000e+02;2.6863933e-01;2.8250000e+02;2.5571865e-01;2.8250000e+02;2.3644176e-01;2.8250000e+02;2.1197380e-01;2.8250000e+02;3.2530747e-02;2.8250000e+02;4.4588421e-02;2.8250000e+02;5.8160231e-02;2.8250000e+02;7.4033089e-02;2.8250000e+02;9.1206498e-02;2.8250000e+02;1.1151896e-01;2.8250000e+02;1.3403267e-01;2.8250000e+02;1.5819182e-01;2.8250000e+02;1.8419683e-01;2.8250000e+02;2.1058488e-01;2.8250000e+02;2.3379318e-01;2.8250000e+02;2.6177925e-01;2.8250000e+02;2.7484819e-01;2.8250000e+02;2.7564970e-01;2.8250000e+02;2.6863933e-01;2.8250000e+02;2.5571865e-01;2.8250000e+02;2.3644176e-01;2.8250000e+02;2.1197380e-01;2.8250000e+02;3.2530747e-02;2.8250000e+02;4.4588421e-02;2.8250000e+02;5.8160231e-02;2.8250000e+02;7.4033089e-02;2.8250000e+02;9.1206498e-02;2.8250000e+02;1.1151896e-01;2.8250000e+02;1.3403267e-01;2.8250000e+02;1.5819182e-01;2.8250000e+02;1.8419683e-01;2.8250000e+02;2.1058488e-01;2.8250000e+02;2.3379318e-01;2.8250000e+02;2.6177925e-01;2.8250000e+02;2.7484819e-01;2.8250000e+02;2.7564970e-01;2.8250000e+02;2.6863933e-01;2.8250000e+02;2.5571865e-01;2.8250000e+02;2.3644176e-01;2.8250000e+02;2.1197380e-01;2.8250000e+02;3.2530747e-02;2.8250000e+02;4.4588421e-02;2.8250000e+02;5.8160231e-02;2.8250000e+02;7.4033089e-02;2.8250000e+02;9.1206498e-02;2.8250000e+02;1.1151896e-01;2.8250000e+02;1.3403267e-01;2.8250000e+02;1.5819182e-01;2.8250000e+02;1.8419683e-01;2.8250000e+02;2.1058488e-01;2.8250000e+02;2.3379318e-01;2.8250000e+02;2.6177925e-01;2.8250000e+02;2.7484819e-01;2.8250000e+02;2.7564970e-01;2.8250000e+02;2.6863933e-01;2.8250000e+02;2.5571865e-01;2.8250000e+02;2.3644176e-01;2.8250000e+02;2.1197380e-01;2.8250000e+02;3.2530747e-02;2.8250000e+02;4.4588421e-02;2.8250000e+02;5.8160231e-02;2.8250000e+02;7.4033089e-02;2.8250000e+02;9.1206498e-02;2.8250000e+02;1.1151896e-01;2.8250000e+02;1.3403267e-01;2.8250000e+02;1.5819182e-01;2.8250000e+02;1.8419683e-01;2.8250000e+02;2.1058488e-01;2.8250000e+02;2.3379318e-01;2.8250000e+02;2.6177925e-01;2.8250000e+02;2.7484819e-01;2.8250000e+02;2.7564970e-01;2.8250000e+02;2.6863933e-01;2.8250000e+02;2.5571865e-01;2.8250000e+02;2.3644176e-01;2.8250000e+02;2.1197380e-01;2.8250000e+02;3.2530747e-02;2.8250000e+02;4.4588421e-02;2.8250000e+02;5.8160231e-02;2.8250000e+02;7.4033089e-02;2.8250000e+02;9.1206498e-02;2.8250000e+02;1.1151896e-01;2.8250000e+02;1.3403267e-01;2.8250000e+02;1.5819182e-01;2.8250000e+02;1.8419683e-01;2.8250000e+02;2.1058488e-01;2.8250000e+02;2.3379318e-01;2.8250000e+02;2.6177925e-01;2.8250000e+02;2.7484819e-01;2.8250000e+02;2.7564970e-01;2.8250000e+02;2.6863933e-01;2.8250000e+02;2.5571865e-01;2.8250000e+02;2.3644176e-01;2.8250000e+02;2.1197380e-01;2.8250000e+02;3.2530747e-02;2.8250000e+02;4.4588421e-02;2.8250000e+02;5.8160231e-02;2.8250000e+02;7.4033089e-02;2.8250000e+02;9.1206498e-02;2.8250000e+02;1.1151896e-01;2.8250000e+02;1.3403267e-01;2.8250000e+02;1.5819182e-01;2.8250000e+02;1.8419683e-01;2.8250000e+02;2.1058488e-01;2.8250000e+02;2.3379318e-01;2.8250000e+02;2.6177925e-01;2.8250000e+02;2.7484819e-01;2.8250000e+02;2.7564970e-01;2.8250000e+02;2.6863933e-01;2.8250000e+02;2.5571865e-01;2.8250000e+02;2.3644176e-01;2.8250000e+02;2.1197380e-01;2.8250000e+02;3.2530747e-02;2.8250000e+02;4.4588421e-02;2.8250000e+02;5.8160231e-02;2.8250000e+02;7.4033089e-02;2.8250000e+02;9.1206498e-02;2.8250000e+02;1.1151896e-01;2.8250000e+02;1.3403267e-01;2.8250000e+02;1.5819182e-01;2.8250000e+02;1.8419683e-01;2.8250000e+02;2.1058488e-01;2.8250000e+02;2.3379318e-01;2.8250000e+02;2.6177925e-01;2.8250000e+02;2.7484819e-01;2.8250000e+02;2.7564970e-01;2.8250000e+02;2.6863933e-01;2.8250000e+02;2.5571865e-01;2.8250000e+02;2.3644176e-01;2.8250000e+02;2.1197380e-01;2.8250000e+02;3.2530747e-02;2.8250000e+02;4.4588421e-02;2.8250000e+02;5.8160231e-02;2.8250000e+02;7.4033089e-02;2.8250000e+02;9.1206498e-02;2.8250000e+02;1.1151896e-01;2.8250000e+02;1.3403267e-01;2.8250000e+02;1.5819182e-01;2.8250000e+02;1.8419683e-01;2.8250000e+02;2.1058488e-01;2.8250000e+02;2.3379318e-01;2.8250000e+02;2.6177925e-01;2.8250000e+02;2.7484819e-01;2.8250000e+02;2.7564970e-01;2.8250000e+02;2.6863933e-01;2.8250000e+02;2.5571865e-01;2.8250000e+02;2.3644176e-01;2.8250000e+02;2.1197380e-01;2.8250000e+02;3.2530747e-02;2.8250000e+02;4.4588421e-02;2.8250000e+02;5.8160231e-02;2.8250000e+02;7.4033089e-02;2.8250000e+02;9.1206498e-02;2.8250000e+02;1.1151896e-01;2.8250000e+02;1.3403267e-01;2.8250000e+02;1.5819182e-01;2.8250000e+02;1.8419683e-01;2.8250000e+02;2.1058488e-01;2.8250000e+02;2.3379318e-01;2.8250000e+02;2.6177925e-01;2.8250000e+02;2.7484819e-01;2.8250000e+02;2.7564970e-01;2.8250000e+02;2.6863933e-01;2.8250000e+02;2.5571865e-01;2.8250000e+02;2.3644176e-01;2.8250000e+02;2.1197380e-01;2.8250000e+02;3.2530747e-02;2.8250000e+02;4.4588421e-02;2.8250000e+02;5.8160231e-02;2.8250000e+02;7.4033089e-02;2.8250000e+02;9.1206498e-02;2.8250000e+02;1.1151896e-01;2.8250000e+02;1.3403267e-01;2.8250000e+02;1.5819182e-01;2.8250000e+02;1.8419683e-01;2.8250000e+02;2.1058488e-01;2.8250000e+02;2.3379318e-01;2.8250000e+02;2.6177925e-01;2.8250000e+02;2.7484819e-01;2.8250000e+02;2.7564970e-01;2.8250000e+02;2.6863933e-01;2.8250000e+02;2.5571865e-01;2.8250000e+02;2.3644176e-01;2.8250000e+02;2.1197380e-01;2.8250000e+02;3.2530747e-02;2.8250000e+02;4.4588421e-02;2.8250000e+02;5.8160231e-02;2.8250000e+02;7.4033089e-02;2.8250000e+02;9.1206498e-02;2.8250000e+02;1.1151896e-01;2.8250000e+02;1.3403267e-01;2.8250000e+02;1.5819182e-01;2.8250000e+02;1.8419683e-01;2.8250000e+02;2.1058488e-01;2.8250000e+02;2.3379318e-01;2.8250000e+02;2.6177925e-01;2.8250000e+02;2.7484819e-01;2.8250000e+02;2.7564970e-01;2.8250000e+02;2.6863933e-01;2.8250000e+02;2.5571865e-01;2.8250000e+02;2.3644176e-01;2.8250000e+02;2.1197380e-01;2.8250000e+02;3.2530747e-02;2.8250000e+02;4.4588421e-02;2.8250000e+02;5.8160231e-02;2.8250000e+02;7.4033089e-02;2.8250000e+02;9.1206498e-02;2.8250000e+02;1.1151896e-01;2.8250000e+02;1.3403267e-01;2.8250000e+02;1.5819182e-01;2.8250000e+02;1.8419683e-01;2.8250000e+02;2.1058488e-01;2.8250000e+02;2.3379318e-01;2.8250000e+02;2.6177925e-01;2.8250000e+02;2.7484819e-01;2.8250000e+02;2.7564970e-01;2.8250000e+02;2.6863933e-01;2.8250000e+02;2.5571865e-01;2.8250000e+02;2.3644176e-01;2.8250000e+02;2.1197380e-01;2.8250000e+02;3.2530747e-02;2.8250000e+02;4.4588421e-02;2.8250000e+02;5.8160231e-02;2.8250000e+02;7.4033089e-02;2.8250000e+02;9.1206498e-02;2.8250000e+02;1.1151896e-01;2.8250000e+02;1.3403267e-01;2.8250000e+02;1.5819182e-01;2.8250000e+02;1.8419683e-01;2.8250000e+02;2.1058488e-01;2.8250000e+02;2.3379318e-01;2.8250000e+02;2.6177925e-01;2.8250000e+02;2.7484819e-01;2.8250000e+02;2.7564970e-01;2.8250000e+02;2.6863933e-01;2.8250000e+02;2.5571865e-01;2.8250000e+02;2.3644176e-01;2.8250000e+02;2.1197380e-01;2.8250000e+02;3.2530747e-02;2.8250000e+02;4.4588421e-02;2.8250000e+02;5.8160231e-02;2.8250000e+02;7.4033089e-02;2.8250000e+02;9.1206498e-02;2.8250000e+02;1.1151896e-01;2.8250000e+02;1.3403267e-01;2.8250000e+02;1.5819182e-01;2.8250000e+02;1.8419683e-01;2.8250000e+02;2.1058488e-01;2.8250000e+02;2.3379318e-01;2.8250000e+02;2.6177925e-01;2.8250000e+02;2.7484819e-01;2.8250000e+02;2.7564970e-01;2.8250000e+02;2.6863933e-01;2.8250000e+02;2.5571865e-01;2.8250000e+02;2.3644176e-01;2.8250000e+02;2.1197380e-01;2.8250000e+02;3.2530747e-02;2.8250000e+02;4.4588421e-02;2.8250000e+02;5.8160231e-02;2.8250000e+02;7.4033089e-02;2.8250000e+02;9.1206498e-02;2.8250000e+02;1.1151896e-01;2.8250000e+02;1.3403267e-01;2.8250000e+02;1.5819182e-01;2.8250000e+02;1.8419683e-01;2.8250000e+02;2.1058488e-01;2.8250000e+02;2.3379318e-01;2.8250000e+02;2.6177925e-01;2.8250000e+02;2.7484819e-01;2.8250000e+02;2.7564970e-01;2.8250000e+02;2.6863933e-01;2.8250000e+02;2.5571865e-01;2.8250000e+02;2.3644176e-01;2.8250000e+02;2.1197380e-01;2.8250000e+02;3.2530747e-02;2.8250000e+02;4.4588421e-02;2.8250000e+02;5.8160231e-02;2.8250000e+02;7.4033089e-02;2.8250000e+02;9.1206498e-02;2.8250000e+02;1.1151896e-01;2.8250000e+02;1.3403267e-01;2.8250000e+02;1.5819182e-01;2.8250000e+02;1.8419683e-01;2.8250000e+02;2.1058488e-01;2.8250000e+02;2.3379318e-01;2.8250000e+02;2.6177925e-01;2.8250000e+02;2.7484819e-01;2.8250000e+02;2.7564970e-01;2.8250000e+02;2.6863933e-01;2.8250000e+02;2.5571865e-01;2.8250000e+02;2.3644176e-01;2.8250000e+02;2.1197380e-01;2.8250000e+02;3.2530747e-02;2.8250000e+02;4.4588421e-02;2.8250000e+02;5.8160231e-02;2.8250000e+02;7.4033089e-02;2.8250000e+02;9.1206498e-02;2.8250000e+02;1.1151896e-01;2.8250000e+02;1.3403267e-01;2.8250000e+02;1.5819182e-01;2.8250000e+02;1.8419683e-01;2.8250000e+02;2.1058488e-01;2.8250000e+02;2.3379318e-01;2.8250000e+02;2.6177925e-01;2.8250000e+02;2.7484819e-01;2.8250000e+02;2.7564970e-01;2.8250000e+02;2.6863933e-01;2.8250000e+02;2.5571865e-01;2.8250000e+02;2.3644176e-01;2.8250000e+02;2.1197380e-01;2.8250000e+02;3.2530747e-02;2.8250000e+02;4.4588421e-02;2.8250000e+02;5.8160231e-02;2.8250000e+02;7.4033089e-02;2.8250000e+02;9.1206498e-02;2.8250000e+02;1.1151896e-01;2.8250000e+02;1.3403267e-01;2.8250000e+02;1.5819182e-01;2.8250000e+02;1.8419683e-01;2.8250000e+02;2.1058488e-01;2.8250000e+02;2.3379318e-01;2.8250000e+02;2.6177925e-01;2.8250000e+02;2.7484819e-01;2.8250000e+02;2.7564970e-01;2.8250000e+02;2.6863933e-01;2.8250000e+02;2.5571865e-01;2.8250000e+02;2.3644176e-01;2.8250000e+02;2.1197380e-01;2.8250000e+02;3.2530747e-02;2.8250000e+02;4.4588421e-02;2.8250000e+02;5.8160231e-02;2.8250000e+02;7.4033089e-02;2.8250000e+02;9.1206498e-02;2.8250000e+02;1.1151896e-01;2.8250000e+02;1.3403267e-01;2.8250000e+02;1.5819182e-01;2.8250000e+02;1.8419683e-01;2.8250000e+02;2.1058488e-01;2.8250000e+02;2.3379318e-01;2.8250000e+02;2.6177925e-01;2.8250000e+02;2.7484819e-01;2.8250000e+02;2.7564970e-01;2.8250000e+02;2.6863933e-01;2.8250000e+02;2.5571865e-01;2.8250000e+02;2.3644176e-01;2.8250000e+02;2.1197380e-01;2.8250000e+02;3.2530747e-02;2.8250000e+02;4.4588421e-02;2.8250000e+02;5.8160231e-02;2.8250000e+02;7.4033089e-02;2.8250000e+02;9.1206498e-02;2.8250000e+02;1.1151896e-01;2.8250000e+02;1.3403267e-01;2.8250000e+02;1.5819182e-01;2.8250000e+02;1.8419683e-01;2.8250000e+02;2.1058488e-01;2.8250000e+02;2.3379318e-01;2.8250000e+02;2.6177925e-01;2.8250000e+02;2.7484819e-01;2.8250000e+02;2.7564970e-01;2.8250000e+02;2.6863933e-01;2.8250000e+02;2.5571865e-01;2.8250000e+02;2.3644176e-01;2.8250000e+02;2.1197380e-01;2.8250000e+02;3.2530747e-02;2.8250000e+02;4.4588421e-02;2.8250000e+02;5.8160231e-02;2.8250000e+02;7.4033089e-02;2.8250000e+02;9.1206498e-02;2.8250000e+02;1.1151896e-01;2.8250000e+02;1.3403267e-01;2.8250000e+02;1.5819182e-01;2.8250000e+02;1.8419683e-01;2.8250000e+02;2.1058488e-01;2.8250000e+02;2.3379318e-01;2.8250000e+02;2.6177925e-01;2.8250000e+02;2.7484819e-01;2.8250000e+02;2.7564970e-01;2.8250000e+02;2.6863933e-01;2.8250000e+02;2.5571865e-01;2.8250000e+02;2.3644176e-01;2.8250000e+02;2.1197380e-01;2.8250000e+02;3.2530747e-02;2.8250000e+02;4.4588421e-02;2.8250000e+02;5.8160231e-02;2.8250000e+02;7.4033089e-02;2.8250000e+02;9.1206498e-02;2.8250000e+02;1.1151896e-01;2.8250000e+02;1.3403267e-01;2.8250000e+02;1.5819182e-01;2.8250000e+02;1.8419683e-01;2.8250000e+02;2.1058488e-01;2.8250000e+02;2.3379318e-01;2.8250000e+02;2.6177925e-01;2.8250000e+02;2.7484819e-01;2.8250000e+02;2.7564970e-01;2.8250000e+02;2.6863933e-01;2.8250000e+02;2.5571865e-01;2.8250000e+02;2.3644176e-01;2.8250000e+02;2.1197380e-01;2.8250000e+02;3.2530747e-02;2.8250000e+02;4.4588421e-02;2.8250000e+02;5.8160231e-02;2.8250000e+02;7.4033089e-02;2.8250000e+02;9.1206498e-02;2.8250000e+02;1.1151896e-01;2.8250000e+02;1.3403267e-01;2.8250000e+02;1.5819182e-01;2.8250000e+02;1.8419683e-01;2.8250000e+02;2.1058488e-01;2.8250000e+02;2.3379318e-01;2.8250000e+02;2.6177925e-01;2.8250000e+02;2.7484819e-01;2.8250000e+02;2.7564970e-01;2.8250000e+02;2.6863933e-01;2.8250000e+02;2.5571865e-01;2.8250000e+02;2.3644176e-01;2.8250000e+02;2.1197380e-01;2.8250000e+02;3.2530747e-02;2.8250000e+02;4.4588421e-02;2.8250000e+02;5.8160231e-02;2.8250000e+02;7.4033089e-02;2.8250000e+02;9.1206498e-02;2.8250000e+02;1.1151896e-01;2.8250000e+02;1.3403267e-01;2.8250000e+02;1.5819182e-01;2.8250000e+02;1.8419683e-01;2.8250000e+02;2.1058488e-01;2.8250000e+02;2.3379318e-01;2.8250000e+02;2.6177925e-01;2.8250000e+02;2.7484819e-01;2.8250000e+02;2.7564970e-01;2.8250000e+02;2.6863933e-01;2.8250000e+02;2.5571865e-01;2.8250000e+02;2.3644176e-01;2.8250000e+02;2.1197380e-01;2.8250000e+02;3.2530747e-02;2.8250000e+02;4.4588421e-02;2.8250000e+02;5.8160231e-02;2.8250000e+02;7.4033089e-02;2.8250000e+02;9.1206498e-02;2.8250000e+02;1.1151896e-01;2.8250000e+02;1.3403267e-01;2.8250000e+02;1.5819182e-01;2.8250000e+02;1.8419683e-01;2.8250000e+02;2.1058488e-01;2.8250000e+02;2.3379318e-01;2.8250000e+02;2.6177925e-01;2.8250000e+02;2.7484819e-01;2.8250000e+02;2.7564970e-01;2.8250000e+02;2.6863933e-01;2.8250000e+02;2.5571865e-01;2.8250000e+02;2.3644176e-01;2.8250000e+02;2.1197380e-01;2.8250000e+02;3.2530747e-02;2.8250000e+02;4.4588421e-02;2.8250000e+02;5.8160231e-02;2.8250000e+02;7.4033089e-02;2.8250000e+02;9.1206498e-02;2.8250000e+02;1.1151896e-01;2.8250000e+02;1.3403267e-01;2.8250000e+02;1.5819182e-01;2.8250000e+02;1.8419683e-01;2.8250000e+02;2.1058488e-01;2.8250000e+02;2.3379318e-01;2.8250000e+02;2.6177925e-01;2.8250000e+02;2.7484819e-01;2.8250000e+02;2.7564970e-01;2.8250000e+02;2.6863933e-01;2.8250000e+02;2.5571865e-01;2.8250000e+02;2.3644176e-01;2.8250000e+02;2.1197380e-01;2.8250000e+02;3.2530747e-02;2.8250000e+02;4.4588421e-02;2.8250000e+02;5.8160231e-02;2.8250000e+02;7.4033089e-02;2.8250000e+02;9.1206498e-02;2.8250000e+02;1.1151896e-01;2.8250000e+02;1.3403267e-01;2.8250000e+02;1.5819182e-01;2.8250000e+02;1.8419683e-01;2.8250000e+02;2.1058488e-01;2.8250000e+02;2.3379318e-01;2.8250000e+02;2.6177925e-01;2.8250000e+02;2.7484819e-01;2.8250000e+02;2.7564970e-01;2.8250000e+02;2.6863933e-01;2.8250000e+02;2.5571865e-01;2.8250000e+02;2.3644176e-01;2.8250000e+02;2.1197380e-01;2.8250000e+02;3.2530747e-02;2.8250000e+02;4.4588421e-02;2.8250000e+02;5.8160231e-02;2.8250000e+02;7.4033089e-02;2.8250000e+02;9.1206498e-02;2.8250000e+02;1.1151896e-01;2.8250000e+02;1.3403267e-01;2.8250000e+02;1.5819182e-01;2.8250000e+02;1.8419683e-01;2.8250000e+02;2.1058488e-01;2.8250000e+02;2.3379318e-01;2.8250000e+02;2.6177925e-01;2.8250000e+02;2.7484819e-01;2.8250000e+02;2.7564970e-01;2.8250000e+02;2.6863933e-01;2.8250000e+02;2.5571865e-01;2.8250000e+02;2.3644176e-01;2.8250000e+02;2.1197380e-01;2.8250000e+02;3.2530747e-02;2.8250000e+02;4.4588421e-02;2.8250000e+02;5.8160231e-02;2.8250000e+02;7.4033089e-02;2.8250000e+02;9.1206498e-02;2.8250000e+02;1.1151896e-01;2.8250000e+02;1.3403267e-01;2.8250000e+02;1.5819182e-01;2.8250000e+02;1.8419683e-01;2.8250000e+02;2.1058488e-01;2.8250000e+02;2.3379318e-01;2.8250000e+02;2.6177925e-01;2.8250000e+02;2.7484819e-01;2.8250000e+02;2.7564970e-01;2.8250000e+02;2.6863933e-01;2.8250000e+02;2.5571865e-01;2.8250000e+02;2.3644176e-01;2.8250000e+02;2.1197380e-01;2.8250000e+02;3.2530747e-02;2.8250000e+02;4.4588421e-02;2.8250000e+02;5.8160231e-02;2.8250000e+02;7.4033089e-02;2.8250000e+02;9.1206498e-02;2.8250000e+02;1.1151896e-01;2.8250000e+02;1.3403267e-01;2.8250000e+02;1.5819182e-01;2.8250000e+02;1.8419683e-01;2.8250000e+02;2.1058488e-01;2.8250000e+02;2.3379318e-01;2.8250000e+02;2.6177925e-01;2.8250000e+02;2.7484819e-01;2.8250000e+02;2.7564970e-01;2.8250000e+02;2.6863933e-01;2.8250000e+02;2.5571865e-01;2.8250000e+02;2.3644176e-01;2.8250000e+02;2.1197380e-01;2.8250000e+02;3.2530747e-02;2.8250000e+02;4.4588421e-02;2.8250000e+02;5.8160231e-02;2.8250000e+02;7.4033089e-02;2.8250000e+02;9.1206498e-02;2.8250000e+02;1.1151896e-01;2.8250000e+02;1.3403267e-01;2.8250000e+02;1.5819182e-01;2.8250000e+02;1.8419683e-01;2.8250000e+02;2.1058488e-01;2.8250000e+02;2.3379318e-01;2.8250000e+02;2.6177925e-01;2.8250000e+02;2.7484819e-01;2.8250000e+02;2.7564970e-01;2.8250000e+02;2.6863933e-01;2.8250000e+02;2.5571865e-01;2.8250000e+02;2.3644176e-01;2.8250000e+02;2.1197380e-01;2.8250000e+02;3.2530747e-02;2.8250000e+02;4.4588421e-02;2.8250000e+02;5.8160231e-02;2.8250000e+02;7.4033089e-02;2.8250000e+02;9.1206498e-02;2.8250000e+02;1.1151896e-01;2.8250000e+02;1.3403267e-01;2.8250000e+02;1.5819182e-01;2.8250000e+02;1.8419683e-01;2.8250000e+02;2.1058488e-01;2.8250000e+02;2.3379318e-01;2.8250000e+02;2.6177925e-01;2.8250000e+02;2.7484819e-01;2.8250000e+02;2.7564970e-01;2.8250000e+02;2.6863933e-01;2.8250000e+02;2.5571865e-01;2.8250000e+02;2.3644176e-01;2.8250000e+02;2.1197380e-01;2.8250000e+02;3.2530747e-02;2.8250000e+02;4.4588421e-02;2.8250000e+02;5.8160231e-02;2.8250000e+02;7.4033089e-02;2.8250000e+02;9.1206498e-02;2.8250000e+02;1.1151896e-01;2.8250000e+02;1.3403267e-01;2.8250000e+02;1.5819182e-01;2.8250000e+02;1.8419683e-01;2.8250000e+02;2.1058488e-01;2.8250000e+02;2.3379318e-01;2.8250000e+02;2.6177925e-01;2.8250000e+02;2.7484819e-01;2.8250000e+02;2.7564970e-01;2.8250000e+02;2.6863933e-01;2.8250000e+02;2.5571865e-01;2.8250000e+02;2.3644176e-01;2.8250000e+02;2.1197380e-01;2.8250000e+02;3.2530747e-02;2.8250000e+02;4.4588421e-02;2.8250000e+02;5.8160231e-02;2.8250000e+02;7.4033089e-02;2.8250000e+02;9.1206498e-02;2.8250000e+02;1.1151896e-01;2.8250000e+02;1.3403267e-01;2.8250000e+02;1.5819182e-01;2.8250000e+02;1.8419683e-01;2.8250000e+02;2.1058488e-01;2.8250000e+02;2.3379318e-01;2.8250000e+02;2.6177925e-01;2.8250000e+02;2.7484819e-01;2.8250000e+02;2.7564970e-01;2.8250000e+02;2.6863933e-01;2.8250000e+02;2.5571865e-01;2.8250000e+02;2.3644176e-01;2.8250000e+02;2.1197380e-01;2.8250000e+02;3.2530747e-02;2.8250000e+02;4.4588421e-02;2.8250000e+02;5.8160231e-02;2.8250000e+02;7.4033089e-02;2.8250000e+02;9.1206498e-02;2.8250000e+02;1.1151896e-01;2.8250000e+02;1.3403267e-01;2.8250000e+02;1.5819182e-01;2.8250000e+02;1.8419683e-01;2.8250000e+02;2.1058488e-01;2.8250000e+02;2.3379318e-01;2.8250000e+02;2.6177925e-01;2.8250000e+02;2.7484819e-01;2.8250000e+02;2.7564970e-01;2.8250000e+02;2.6863933e-01;2.8250000e+02;2.5571865e-01;2.8250000e+02;2.3644176e-01;2.8250000e+02;2.1197380e-01;2.8250000e+02;3.2530747e-02;2.8250000e+02;4.4588421e-02;2.8250000e+02;5.8160231e-02;2.8250000e+02;7.4033089e-02;2.8250000e+02;9.1206498e-02;2.8250000e+02;1.1151896e-01;2.8250000e+02;1.3403267e-01;2.8250000e+02;1.5819182e-01;2.8250000e+02;1.8419683e-01;2.8250000e+02;2.1058488e-01;2.8250000e+02;2.3379318e-01;2.8250000e+02;2.6177925e-01;2.8250000e+02;2.7484819e-01;2.8250000e+02;2.7564970e-01;2.8250000e+02;2.6863933e-01;2.8250000e+02;2.5571865e-01;2.8250000e+02;2.3644176e-01;2.8250000e+02;2.1197380e-01;2.8250000e+02;3.2530747e-02;2.8250000e+02;4.4588421e-02;2.8250000e+02;5.8160231e-02;2.8250000e+02;7.4033089e-02;2.8250000e+02;9.1206498e-02;2.8250000e+02;1.1151896e-01;2.8250000e+02;1.3403267e-01;2.8250000e+02;1.5819182e-01;2.8250000e+02;1.8419683e-01;2.8250000e+02;2.1058488e-01;2.8250000e+02;2.3379318e-01;2.8250000e+02;2.6177925e-01;2.8250000e+02;2.7484819e-01;2.8250000e+02;2.7564970e-01;2.8250000e+02;2.6863933e-01;2.8250000e+02;2.5571865e-01;2.8250000e+02;2.3644176e-01;2.8250000e+02;2.1197380e-01;2.8250000e+02;3.2530747e-02;2.8250000e+02;4.4588421e-02;2.8250000e+02;5.8160231e-02;2.8250000e+02;7.4033089e-02;2.8250000e+02;9.1206498e-02;2.8250000e+02;1.1151896e-01;2.8250000e+02;1.3403267e-01;2.8250000e+02;1.5819182e-01;2.8250000e+02;1.8419683e-01;2.8250000e+02;2.1058488e-01;2.8250000e+02;2.3379318e-01;2.8250000e+02;2.6177925e-01;2.8250000e+02;2.7484819e-01;2.8250000e+02;2.7564970e-01;2.8250000e+02;2.6863933e-01;2.8250000e+02;2.5571865e-01;2.8250000e+02;2.3644176e-01;2.8250000e+02;2.1197380e-01;2.8250000e+02;3.2530747e-02;2.8250000e+02;4.4588421e-02;2.8250000e+02;5.8160231e-02;2.8250000e+02;7.4033089e-02;2.8250000e+02;9.1206498e-02;2.8250000e+02;1.1151896e-01;2.8250000e+02;1.3403267e-01;2.8250000e+02;1.5819182e-01;2.8250000e+02;1.8419683e-01;2.8250000e+02;2.1058488e-01;2.8250000e+02;2.3379318e-01;2.8250000e+02;2.6177925e-01;2.8250000e+02;2.7484819e-01;2.8250000e+02;2.7564970e-01;2.8250000e+02;2.6863933e-01;2.8250000e+02;2.5571865e-01;2.8250000e+02;2.3644176e-01;2.8250000e+02;2.1197380e-01;2.8250000e+02;3.2530747e-02;2.8250000e+02;4.4588421e-02;2.8250000e+02;5.8160231e-02;2.8250000e+02;7.4033089e-02;2.8250000e+02;9.1206498e-02;2.8250000e+02;1.1151896e-01;2.8250000e+02;1.3403267e-01;2.8250000e+02;1.5819182e-01;2.8250000e+02;1.8419683e-01;2.8250000e+02;2.1058488e-01;2.8250000e+02;2.3379318e-01;2.8250000e+02;2.6177925e-01;2.8250000e+02;2.7484819e-01;2.8250000e+02;2.7564970e-01;2.8250000e+02;2.6863933e-01;2.8250000e+02;2.5571865e-01;2.8250000e+02;2.3644176e-01;2.8250000e+02;2.1197380e-01;2.8250000e+02;3.2530747e-02;2.8250000e+02;4.4588421e-02;2.8250000e+02;5.8160231e-02;2.8250000e+02;7.4033089e-02;2.8250000e+02;9.1206498e-02;2.8250000e+02;1.1151896e-01;2.8250000e+02;1.3403267e-01;2.8250000e+02;1.5819182e-01;2.8250000e+02;1.8419683e-01;2.8250000e+02;2.1058488e-01;2.8250000e+02;2.3379318e-01;2.8250000e+02;2.6177925e-01;2.8250000e+02;2.7484819e-01;2.8250000e+02;2.7564970e-01;2.8250000e+02;2.6863933e-01;2.8250000e+02;2.5571865e-01;2.8250000e+02;2.3644176e-01;2.8250000e+02;2.1197380e-01;2.8250000e+02;3.2530747e-02;2.8250000e+02;4.4588421e-02;2.8250000e+02;5.8160231e-02;2.8250000e+02;7.4033089e-02;2.8250000e+02;9.1206498e-02;2.8250000e+02;1.1151896e-01;2.8250000e+02;1.3403267e-01;2.8250000e+02;1.5819182e-01;2.8250000e+02;1.8419683e-01;2.8250000e+02;2.1058488e-01;2.8250000e+02;2.3379318e-01;2.8250000e+02;2.6177925e-01;2.8250000e+02;2.7484819e-01;2.8250000e+02;2.7564970e-01;2.8250000e+02;2.6863933e-01;2.8250000e+02;2.5571865e-01;2.8250000e+02;2.3644176e-01;2.8250000e+02;2.1197380e-01;2.8250000e+02;3.2530747e-02;2.8250000e+02;4.4588421e-02;2.8250000e+02;5.8160231e-02;2.8250000e+02;7.4033089e-02;2.8250000e+02;9.1206498e-02;2.8250000e+02;1.1151896e-01;2.8250000e+02;1.3403267e-01;2.8250000e+02;1.5819182e-01;2.8250000e+02;1.8419683e-01;2.8250000e+02;2.1058488e-01;2.8250000e+02;2.3379318e-01;2.8250000e+02;2.6177925e-01;2.8250000e+02;2.7484819e-01;2.8250000e+02;2.7564970e-01;2.8250000e+02;2.6863933e-01;2.8250000e+02;2.5571865e-01;2.8250000e+02;2.3644176e-01;2.8250000e+02;2.1197380e-01;2.8250000e+02;3.2530747e-02;2.8250000e+02;4.4588421e-02;2.8250000e+02;5.8160231e-02;2.8250000e+02;7.4033089e-02;2.8250000e+02;9.1206498e-02;2.8250000e+02;1.1151896e-01;2.8250000e+02;1.3403267e-01;2.8250000e+02;1.5819182e-01;2.8250000e+02;1.8419683e-01;2.8250000e+02;2.1058488e-01;2.8250000e+02;2.3379318e-01;2.8250000e+02;2.6177925e-01;2.8250000e+02;2.7484819e-01;2.8250000e+02;2.7564970e-01;2.8250000e+02;2.6863933e-01;2.8250000e+02;2.5571865e-01;2.8250000e+02;2.3644176e-01;2.8250000e+02;2.1197380e-01;2.8250000e+02;3.2530747e-02;2.8250000e+02;4.4588421e-02;2.8250000e+02;5.8160231e-02;2.8250000e+02;7.4033089e-02;2.8250000e+02;9.1206498e-02;2.8250000e+02;1.1151896e-01;2.8250000e+02;1.3403267e-01;2.8250000e+02;1.5819182e-01;2.8250000e+02;1.8419683e-01;2.8250000e+02;2.1058488e-01;2.8250000e+02;2.3379318e-01;2.8250000e+02;2.6177925e-01;2.8250000e+02;2.7484819e-01;2.8250000e+02;2.7564970e-01;2.8250000e+02;2.6863933e-01;2.8250000e+02;2.5571865e-01;2.8250000e+02;2.3644176e-01;2.8250000e+02;2.1197380e-01;2.8250000e+02;3.2530747e-02;2.8250000e+02;4.4588421e-02;2.8250000e+02;5.8160231e-02;2.8250000e+02;7.4033089e-02;2.8250000e+02;9.1206498e-02;2.8250000e+02;1.1151896e-01;2.8250000e+02;1.3403267e-01;2.8250000e+02;1.5819182e-01;2.8250000e+02;1.8419683e-01;2.8250000e+02;2.1058488e-01;2.8250000e+02;2.3379318e-01;2.8250000e+02;2.6177925e-01;2.8250000e+02;2.7484819e-01;2.8250000e+02;2.7564970e-01;2.8250000e+02;2.6863933e-01;2.8250000e+02;2.5571865e-01;2.8250000e+02;2.3644176e-01;2.8250000e+02;2.1197380e-01;2.8250000e+02;3.2530747e-02;2.8250000e+02;4.4588421e-02;2.8250000e+02;5.8160231e-02;2.8250000e+02;7.4033089e-02;2.8250000e+02;9.1206498e-02;2.8250000e+02;1.1151896e-01;2.8250000e+02;1.3403267e-01;2.8250000e+02;1.5819182e-01;2.8250000e+02;1.8419683e-01;2.8250000e+02;2.1058488e-01;2.8250000e+02;2.3379318e-01;2.8250000e+02;2.6177925e-01;2.8250000e+02;2.7484819e-01;2.8250000e+02;2.7564970e-01;2.8250000e+02;2.6863933e-01;2.8250000e+02;2.5571865e-01;2.8250000e+02;2.3644176e-01;2.8250000e+02;2.1197380e-01;2.8250000e+02;3.2530747e-02;2.8250000e+02;4.4588421e-02;2.8250000e+02;5.8160231e-02;2.8250000e+02;7.4033089e-02;2.8250000e+02;9.1206498e-02;2.8250000e+02;1.1151896e-01;2.8250000e+02;1.3403267e-01;2.8250000e+02;1.5819182e-01;2.8250000e+02;1.8419683e-01;2.8250000e+02;2.1058488e-01;2.8250000e+02;2.3379318e-01;2.8250000e+02;2.6177925e-01;2.8250000e+02;2.7484819e-01;2.8250000e+02;2.7564970e-01;2.8250000e+02;2.6863933e-01;2.8250000e+02;2.5571865e-01;2.8250000e+02;2.3644176e-01;2.8250000e+02;2.1197380e-01;2.8250000e+02;3.2530747e-02;2.8250000e+02;4.4588421e-02;2.8250000e+02;5.8160231e-02;2.8250000e+02;7.4033089e-02;2.8250000e+02;9.1206498e-02;2.8250000e+02;1.1151896e-01;2.8250000e+02;1.3403267e-01;2.8250000e+02;1.5819182e-01;2.8250000e+02;1.8419683e-01;2.8250000e+02;2.1058488e-01;2.8250000e+02;2.3379318e-01;2.8250000e+02;2.6177925e-01;2.8250000e+02;2.7484819e-01;2.8250000e+02;2.7564970e-01;2.8250000e+02;2.6863933e-01;2.8250000e+02;2.5571865e-01;2.8250000e+02;2.3644176e-01;2.8250000e+02;2.1197380e-01;2.8250000e+02;3.2530747e-02;2.8250000e+02;4.4588421e-02;2.8250000e+02;5.8160231e-02;2.8250000e+02;7.4033089e-02;2.8250000e+02;9.1206498e-02;2.8250000e+02;1.1151896e-01;2.8250000e+02;1.3403267e-01;2.8250000e+02;1.5819182e-01;2.8250000e+02;1.8419683e-01;2.8250000e+02;2.1058488e-01;2.8250000e+02;2.3379318e-01;2.8250000e+02;2.6177925e-01;2.8250000e+02;2.7484819e-01;2.8250000e+02;2.7564970e-01;2.8250000e+02;2.6863933e-01;2.8250000e+02;2.5571865e-01;2.8250000e+02;2.3644176e-01;2.8250000e+02;2.1197380e-01;2.8250000e+02;3.2530747e-02;2.8250000e+02;4.4588421e-02;2.8250000e+02;5.8160231e-02;2.8250000e+02;7.4033089e-02;2.8250000e+02;9.1206498e-02;2.8250000e+02;1.1151896e-01;2.8250000e+02;1.3403267e-01;2.8250000e+02;1.5819182e-01;2.8250000e+02;1.8419683e-01;2.8250000e+02;2.1058488e-01;2.8250000e+02;2.3379318e-01;2.8250000e+02;2.6177925e-01;2.8250000e+02;2.7484819e-01;2.8250000e+02;2.7564970e-01;2.8250000e+02;2.6863933e-01;2.8250000e+02;2.5571865e-01;2.8250000e+02;2.3644176e-01;2.8250000e+02;2.1197380e-01;2.8250000e+02;3.2530747e-02;2.8250000e+02;4.4588421e-02;2.8250000e+02;5.8160231e-02;2.8250000e+02;7.4033089e-02;2.8250000e+02;9.1206498e-02;2.8250000e+02;1.1151896e-01;2.8250000e+02;1.3403267e-01;2.8250000e+02;1.5819182e-01;2.8250000e+02;1.8419683e-01;2.8250000e+02;2.1058488e-01;2.8250000e+02;2.3379318e-01;2.8250000e+02;2.6177925e-01;2.8250000e+02;2.7484819e-01;2.8250000e+02;2.7564970e-01;2.8250000e+02;2.6863933e-01;2.8250000e+02;2.5571865e-01;2.8250000e+02;2.3644176e-01;2.8250000e+02;2.1197380e-01;2.8250000e+02;3.2530747e-02;2.8250000e+02;4.4588421e-02;2.8250000e+02;5.8160231e-02;2.8250000e+02;7.4033089e-02;2.8250000e+02;9.1206498e-02;2.8250000e+02;1.1151896e-01;2.8250000e+02;1.3403267e-01;2.8250000e+02;1.5819182e-01;2.8250000e+02;1.8419683e-01;2.8250000e+02;2.1058488e-01;2.8250000e+02;2.3379318e-01;2.8250000e+02;2.6177925e-01;2.8250000e+02;2.7484819e-01;2.8250000e+02;2.7564970e-01;2.8250000e+02;2.6863933e-01;2.8250000e+02;2.5571865e-01;2.8250000e+02;2.3644176e-01;2.8250000e+02;2.1197380e-01;2.8250000e+02;3.2530747e-02;2.8250000e+02;4.4588421e-02;2.8250000e+02;5.8160231e-02;2.8250000e+02;7.4033089e-02;2.8250000e+02;9.1206498e-02;2.8250000e+02;1.1151896e-01;2.8250000e+02;1.3403267e-01;2.8250000e+02;1.5819182e-01;2.8250000e+02;1.8419683e-01;2.8250000e+02;2.1058488e-01;2.8250000e+02;2.3379318e-01;2.8250000e+02;2.6177925e-01;2.8250000e+02;2.7484819e-01;2.8250000e+02;2.7564970e-01;2.8250000e+02;2.6863933e-01;2.8250000e+02;2.5571865e-01;2.8250000e+02;2.3644176e-01;2.8250000e+02;2.1197380e-01;2.8250000e+02;3.2530747e-02;2.8250000e+02;4.4588421e-02;2.8250000e+02;5.8160231e-02;2.8250000e+02;7.4033089e-02;2.8250000e+02;9.1206498e-02;2.8250000e+02;1.1151896e-01;2.8250000e+02;1.3403267e-01;2.8250000e+02;1.5819182e-01;2.8250000e+02;1.8419683e-01;2.8250000e+02;2.1058488e-01;2.8250000e+02;2.3379318e-01;2.8250000e+02;2.6177925e-01;2.8250000e+02;2.7484819e-01;2.8250000e+02;2.7564970e-01;2.8250000e+02;2.6863933e-01;2.8250000e+02;2.5571865e-01;2.8250000e+02;2.3644176e-01;2.8250000e+02;2.1197380e-01;2.8250000e+02;3.2530747e-02;2.8250000e+02;4.4588421e-02;2.8250000e+02;5.8160231e-02;2.8250000e+02;7.4033089e-02;2.8250000e+02;9.1206498e-02;2.8250000e+02;1.1151896e-01;2.8250000e+02;1.3403267e-01;2.8250000e+02;1.5819182e-01;2.8250000e+02;1.8419683e-01;2.8250000e+02;2.1058488e-01;2.8250000e+02;2.3379318e-01;2.8250000e+02;2.6177925e-01;2.8250000e+02;2.7484819e-01;2.8250000e+02;2.7564970e-01;2.8250000e+02;2.6863933e-01;2.8250000e+02;2.5571865e-01;2.8250000e+02;2.3644176e-01;2.8250000e+02;2.1197380e-01;2.8250000e+02;3.2530747e-02;2.8250000e+02;4.4588421e-02;2.8250000e+02;5.8160231e-02;2.8250000e+02;7.4033089e-02;2.8250000e+02;9.1206498e-02;2.8250000e+02;1.1151896e-01;2.8250000e+02;1.3403267e-01;2.8250000e+02;1.5819182e-01;2.8250000e+02;1.8419683e-01;2.8250000e+02;2.1058488e-01;2.8250000e+02;2.3379318e-01;2.8250000e+02;2.6177925e-01;2.8250000e+02;2.7484819e-01;2.8250000e+02;2.7564970e-01;2.8250000e+02;2.6863933e-01;2.8250000e+02;2.5571865e-01;2.8250000e+02;2.3644176e-01;2.8250000e+02;2.1197380e-01;2.8250000e+02;3.2530747e-02;2.8250000e+02;4.4588421e-02;2.8250000e+02;5.8160231e-02;2.8250000e+02;7.4033089e-02;2.8250000e+02;9.1206498e-02;2.8250000e+02;1.1151896e-01;2.8250000e+02;1.3403267e-01;2.8250000e+02;1.5819182e-01;2.8250000e+02;1.8419683e-01;2.8250000e+02;2.1058488e-01;2.8250000e+02;2.3379318e-01;2.8250000e+02;2.6177925e-01;2.8250000e+02;2.7484819e-01;2.8250000e+02;2.7564970e-01;2.8250000e+02;2.6863933e-01;2.8250000e+02;2.5571865e-01;2.8250000e+02;2.3644176e-01;2.8250000e+02;2.1197380e-01;2.8250000e+02;3.2530747e-02;2.8250000e+02;4.4588421e-02;2.8250000e+02;5.8160231e-02;2.8250000e+02;7.4033089e-02;2.8250000e+02;9.1206498e-02;2.8250000e+02;1.1151896e-01;2.8250000e+02;1.3403267e-01;2.8250000e+02;1.5819182e-01;2.8250000e+02;1.8419683e-01;2.8250000e+02;2.1058488e-01;2.8250000e+02;2.3379318e-01;2.8250000e+02;2.6177925e-01;2.8250000e+02;2.7484819e-01;2.8250000e+02;2.7564970e-01;2.8250000e+02;2.6863933e-01;2.8250000e+02;2.5571865e-01;2.8250000e+02;2.3644176e-01;2.8250000e+02;2.1197380e-01;2.8250000e+02;3.2530747e-02;2.8250000e+02;4.4588421e-02;2.8250000e+02;5.8160231e-02;2.8250000e+02;7.4033089e-02;2.8250000e+02;9.1206498e-02;2.8250000e+02;1.1151896e-01;2.8250000e+02;1.3403267e-01;2.8250000e+02;1.5819182e-01;2.8250000e+02;1.8419683e-01;2.8250000e+02;2.1058488e-01;2.8250000e+02;2.3379318e-01;2.8250000e+02;2.6177925e-01;2.8250000e+02;2.7484819e-01;2.8250000e+02;2.7564970e-01;2.8250000e+02;2.6863933e-01;2.8250000e+02;2.5571865e-01;2.8250000e+02;2.3644176e-01;2.8250000e+02;2.1197380e-01;2.8250000e+02;3.2530747e-02;2.8250000e+02;4.4588421e-02;2.8250000e+02;5.8160231e-02;2.8250000e+02;7.4033089e-02;2.8250000e+02;9.1206498e-02;2.8250000e+02;1.1151896e-01;2.8250000e+02;1.3403267e-01;2.8250000e+02;1.5819182e-01;2.8250000e+02;1.8419683e-01;2.8250000e+02;2.1058488e-01;2.8250000e+02;2.3379318e-01;2.8250000e+02;2.6177925e-01;2.8250000e+02;2.7484819e-01;2.8250000e+02;2.7564970e-01;2.8250000e+02;2.6863933e-01;2.8250000e+02;2.5571865e-01;2.8250000e+02;2.3644176e-01;2.8250000e+02;2.1197380e-01;2.8250000e+02;3.2530747e-02;2.8250000e+02;4.4588421e-02;2.8250000e+02;5.8160231e-02;2.8250000e+02;7.4033089e-02;2.8250000e+02;9.1206498e-02;2.8250000e+02;1.1151896e-01;2.8250000e+02;1.3403267e-01;2.8250000e+02;1.5819182e-01;2.8250000e+02;1.8419683e-01;2.8250000e+02;2.1058488e-01;2.8250000e+02;2.3379318e-01;2.8250000e+02;2.6177925e-01;2.8250000e+02;2.7484819e-01;2.8250000e+02;2.7564970e-01;2.8250000e+02;2.6863933e-01;2.8250000e+02;2.5571865e-01;2.8250000e+02;2.3644176e-01;2.8250000e+02;2.1197380e-01;2.8250000e+02;3.2530747e-02;2.8250000e+02;4.4588421e-02;2.8250000e+02;5.8160231e-02;2.8250000e+02;7.4033089e-02;2.8250000e+02;9.1206498e-02;2.8250000e+02;1.1151896e-01;2.8250000e+02;1.3403267e-01;2.8250000e+02;1.5819182e-01;2.8250000e+02;1.8419683e-01;2.8250000e+02;2.1058488e-01;2.8250000e+02;2.3379318e-01;2.8250000e+02;2.6177925e-01;2.8250000e+02;2.7484819e-01;2.8250000e+02;2.7564970e-01;2.8250000e+02;2.6863933e-01;2.8250000e+02;2.5571865e-01;2.8250000e+02;2.3644176e-01;2.8250000e+02;2.1197380e-01;2.8250000e+02;3.2530747e-02;2.8250000e+02;4.4588421e-02;2.8250000e+02;5.8160231e-02;2.8250000e+02;7.4033089e-02;2.8250000e+02;9.1206498e-02;2.8250000e+02;1.1151896e-01;2.8250000e+02;1.3403267e-01;2.8250000e+02;1.5819182e-01;2.8250000e+02;1.8419683e-01;2.8250000e+02;2.1058488e-01;2.8250000e+02;2.3379318e-01;2.8250000e+02;2.6177925e-01;2.8250000e+02;2.7484819e-01;2.8250000e+02;2.7564970e-01;2.8250000e+02;2.6863933e-01;2.8250000e+02;2.5571865e-01;2.8250000e+02;2.3644176e-01;2.8250000e+02;2.1197380e-01
2.8750000e+02;3.4572270e-02;2.8750000e+02;4.7692560e-02;2.8750000e+02;6.2618457e-02;2.8750000e+02;7.9806156e-02;2.8750000e+02;9.8251253e-02;2.8750000e+02;1.1751177e-01;2.8750000e+02;1.3929883e-01;2.8750000e+02;1.6277003e-01;2.8750000e+02;1.8941619e-01;2.8750000e+02;2.1935266e-01;2.8750000e+02;2.4672021e-01;2.8750000e+02;2.7170509e-01;2.8750000e+02;2.8198895e-01;2.8750000e+02;2.8168949e-01;2.8750000e+02;2.7423769e-01;2.8750000e+02;2.6094526e-01;2.8750000e+02;2.4149311e-01;2.8750000e+02;2.1714424e-01;2.8750000e+02;3.4572270e-02;2.8750000e+02;4.7692560e-02;2.8750000e+02;6.2618457e-02;2.8750000e+02;7.9806156e-02;2.8750000e+02;9.8251253e-02;2.8750000e+02;1.1751177e-01;2.8750000e+02;1.3929883e-01;2.8750000e+02;1.6277003e-01;2.8750000e+02;1.8941619e-01;2.8750000e+02;2.1935266e-01;2.8750000e+02;2.4672021e-01;2.8750000e+02;2.7170509e-01;2.8750000e+02;2.8198895e-01;2.8750000e+02;2.8168949e-01;2.8750000e+02;2.7423769e-01;2.8750000e+02;2.6094526e-01;2.8750000e+02;2.4149311e-01;2.8750000e+02;2.1714424e-01;2.8750000e+02;3.4572270e-02;2.8750000e+02;4.7692560e-02;2.8750000e+02;6.2618457e-02;2.8750000e+02;7.9806156e-02;2.8750000e+02;9.8251253e-02;2.8750000e+02;1.1751177e-01;2.8750000e+02;1.3929883e-01;2.8750000e+02;1.6277003e-01;2.8750000e+02;1.8941619e-01;2.8750000e+02;2.1935266e-01;2.8750000e+02;2.4672021e-01;2.8750000e+02;2.7170509e-01;2.8750000e+02;2.8198895e-01;2.8750000e+02;2.8168949e-01;2.8750000e+02;2.7423769e-01;2.8750000e+02;2.6094526e-01;2.8750000e+02;2.4149311e-01;2.8750000e+02;2.1714424e-01;2.8750000e+02;3.4572270e-02;2.8750000e+02;4.7692560e-02;2.8750000e+02;6.2618457e-02;2.8750000e+02;7.9806156e-02;2.8750000e+02;9.8251253e-02;2.8750000e+02;1.1751177e-01;2.8750000e+02;1.3929883e-01;2.8750000e+02;1.6277003e-01;2.8750000e+02;1.8941619e-01;2.8750000e+02;2.1935266e-01;2.8750000e+02;2.4672021e-01;2.8750000e+02;2.7170509e-01;2.8750000e+02;2.8198895e-01;2.8750000e+02;2.8168949e-01;2.8750000e+02;2.7423769e-01;2.8750000e+02;2.6094526e-01;2.8750000e+02;2.4149311e-01;2.8750000e+02;2.1714424e-01;2.8750000e+02;3.4572270e-02;2.8750000e+02;4.7692560e-02;2.8750000e+02;6.2618457e-02;2.8750000e+02;7.9806156e-02;2.8750000e+02;9.8251253e-02;2.8750000e+02;1.1751177e-01;2.8750000e+02;1.3929883e-01;2.8750000e+02;1.6277003e-01;2.8750000e+02;1.8941619e-01;2.8750000e+02;2.1935266e-01;2.8750000e+02;2.4672021e-01;2.8750000e+02;2.7170509e-01;2.8750000e+02;2.8198895e-01;2.8750000e+02;2.8168949e-01;2.8750000e+02;2.7423769e-01;2.8750000e+02;2.6094526e-01;2.8750000e+02;2.4149311e-01;2.8750000e+02;2.1714424e-01;2.8750000e+02;3.4572270e-02;2.8750000e+02;4.7692560e-02;2.8750000e+02;6.2618457e-02;2.8750000e+02;7.9806156e-02;2.8750000e+02;9.8251253e-02;2.8750000e+02;1.1751177e-01;2.8750000e+02;1.3929883e-01;2.8750000e+02;1.6277003e-01;2.8750000e+02;1.8941619e-01;2.8750000e+02;2.1935266e-01;2.8750000e+02;2.4672021e-01;2.8750000e+02;2.7170509e-01;2.8750000e+02;2.8198895e-01;2.8750000e+02;2.8168949e-01;2.8750000e+02;2.7423769e-01;2.8750000e+02;2.6094526e-01;2.8750000e+02;2.4149311e-01;2.8750000e+02;2.1714424e-01;2.8750000e+02;3.4572270e-02;2.8750000e+02;4.7692560e-02;2.8750000e+02;6.2618457e-02;2.8750000e+02;7.9806156e-02;2.8750000e+02;9.8251253e-02;2.8750000e+02;1.1751177e-01;2.8750000e+02;1.3929883e-01;2.8750000e+02;1.6277003e-01;2.8750000e+02;1.8941619e-01;2.8750000e+02;2.1935266e-01;2.8750000e+02;2.4672021e-01;2.8750000e+02;2.7170509e-01;2.8750000e+02;2.8198895e-01;2.8750000e+02;2.8168949e-01;2.8750000e+02;2.7423769e-01;2.8750000e+02;2.6094526e-01;2.8750000e+02;2.4149311e-01;2.8750000e+02;2.1714424e-01;2.8750000e+02;3.4572270e-02;2.8750000e+02;4.7692560e-02;2.8750000e+02;6.2618457e-02;2.8750000e+02;7.9806156e-02;2.8750000e+02;9.8251253e-02;2.8750000e+02;1.1751177e-01;2.8750000e+02;1.3929883e-01;2.8750000e+02;1.6277003e-01;2.8750000e+02;1.8941619e-01;2.8750000e+02;2.1935266e-01;2.8750000e+02;2.4672021e-01;2.8750000e+02;2.7170509e-01;2.8750000e+02;2.8198895e-01;2.8750000e+02;2.8168949e-01;2.8750000e+02;2.7423769e-01;2.8750000e+02;2.6094526e-01;2.8750000e+02;2.4149311e-01;2.8750000e+02;2.1714424e-01;2.8750000e+02;3.4572270e-02;2.8750000e+02;4.7692560e-02;2.8750000e+02;6.2618457e-02;2.8750000e+02;7.9806156e-02;2.8750000e+02;9.8251253e-02;2.8750000e+02;1.1751177e-01;2.8750000e+02;1.3929883e-01;2.8750000e+02;1.6277003e-01;2.8750000e+02;1.8941619e-01;2.8750000e+02;2.1935266e-01;2.8750000e+02;2.4672021e-01;2.8750000e+02;2.7170509e-01;2.8750000e+02;2.8198895e-01;2.8750000e+02;2.8168949e-01;2.8750000e+02;2.7423769e-01;2.8750000e+02;2.6094526e-01;2.8750000e+02;2.4149311e-01;2.8750000e+02;2.1714424e-01;2.8750000e+02;3.4572270e-02;2.8750000e+02;4.7692560e-02;2.8750000e+02;6.2618457e-02;2.8750000e+02;7.9806156e-02;2.8750000e+02;9.8251253e-02;2.8750000e+02;1.1751177e-01;2.8750000e+02;1.3929883e-01;2.8750000e+02;1.6277003e-01;2.8750000e+02;1.8941619e-01;2.8750000e+02;2.1935266e-01;2.8750000e+02;2.4672021e-01;2.8750000e+02;2.7170509e-01;2.8750000e+02;2.8198895e-01;2.8750000e+02;2.8168949e-01;2.8750000e+02;2.7423769e-01;2.8750000e+02;2.6094526e-01;2.8750000e+02;2.4149311e-01;2.8750000e+02;2.1714424e-01;2.8750000e+02;3.4572270e-02;2.8750000e+02;4.7692560e-02;2.8750000e+02;6.2618457e-02;2.8750000e+02;7.9806156e-02;2.8750000e+02;9.8251253e-02;2.8750000e+02;1.1751177e-01;2.8750000e+02;1.3929883e-01;2.8750000e+02;1.6277003e-01;2.8750000e+02;1.8941619e-01;2.8750000e+02;2.1935266e-01;2.8750000e+02;2.4672021e-01;2.8750000e+02;2.7170509e-01;2.8750000e+02;2.8198895e-01;2.8750000e+02;2.8168949e-01;2.8750000e+02;2.7423769e-01;2.8750000e+02;2.6094526e-01;2.8750000e+02;2.4149311e-01;2.8750000e+02;2.1714424e-01;2.8750000e+02;3.4572270e-02;2.8750000e+02;4.7692560e-02;2.8750000e+02;6.2618457e-02;2.8750000e+02;7.9806156e-02;2.8750000e+02;9.8251253e-02;2.8750000e+02;1.1751177e-01;2.8750000e+02;1.3929883e-01;2.8750000e+02;1.6277003e-01;2.8750000e+02;1.8941619e-01;2.8750000e+02;2.1935266e-01;2.8750000e+02;2.4672021e-01;2.8750000e+02;2.7170509e-01;2.8750000e+02;2.8198895e-01;2.8750000e+02;2.8168949e-01;2.8750000e+02;2.7423769e-01;2.8750000e+02;2.6094526e-01;2.8750000e+02;2.4149311e-01;2.8750000e+02;2.1714424e-01;2.8750000e+02;3.4572270e-02;2.8750000e+02;4.7692560e-02;2.8750000e+02;6.2618457e-02;2.8750000e+02;7.9806156e-02;2.8750000e+02;9.8251253e-02;2.8750000e+02;1.1751177e-01;2.8750000e+02;1.3929883e-01;2.8750000e+02;1.6277003e-01;2.8750000e+02;1.8941619e-01;2.8750000e+02;2.1935266e-01;2.8750000e+02;2.4672021e-01;2.8750000e+02;2.7170509e-01;2.8750000e+02;2.8198895e-01;2.8750000e+02;2.8168949e-01;2.8750000e+02;2.7423769e-01;2.8750000e+02;2.6094526e-01;2.8750000e+02;2.4149311e-01;2.8750000e+02;2.1714424e-01;2.8750000e+02;3.4572270e-02;2.8750000e+02;4.7692560e-02;2.8750000e+02;6.2618457e-02;2.8750000e+02;7.9806156e-02;2.8750000e+02;9.8251253e-02;2.8750000e+02;1.1751177e-01;2.8750000e+02;1.3929883e-01;2.8750000e+02;1.6277003e-01;2.8750000e+02;1.8941619e-01;2.8750000e+02;2.1935266e-01;2.8750000e+02;2.4672021e-01;2.8750000e+02;2.7170509e-01;2.8750000e+02;2.8198895e-01;2.8750000e+02;2.8168949e-01;2.8750000e+02;2.7423769e-01;2.8750000e+02;2.6094526e-01;2.8750000e+02;2.4149311e-01;2.8750000e+02;2.1714424e-01;2.8750000e+02;3.4572270e-02;2.8750000e+02;4.7692560e-02;2.8750000e+02;6.2618457e-02;2.8750000e+02;7.9806156e-02;2.8750000e+02;9.8251253e-02;2.8750000e+02;1.1751177e-01;2.8750000e+02;1.3929883e-01;2.8750000e+02;1.6277003e-01;2.8750000e+02;1.8941619e-01;2.8750000e+02;2.1935266e-01;2.8750000e+02;2.4672021e-01;2.8750000e+02;2.7170509e-01;2.8750000e+02;2.8198895e-01;2.8750000e+02;2.8168949e-01;2.8750000e+02;2.7423769e-01;2.8750000e+02;2.6094526e-01;2.8750000e+02;2.4149311e-01;2.8750000e+02;2.1714424e-01;2.8750000e+02;3.4572270e-02;2.8750000e+02;4.7692560e-02;2.8750000e+02;6.2618457e-02;2.8750000e+02;7.9806156e-02;2.8750000e+02;9.8251253e-02;2.8750000e+02;1.1751177e-01;2.8750000e+02;1.3929883e-01;2.8750000e+02;1.6277003e-01;2.8750000e+02;1.8941619e-01;2.8750000e+02;2.1935266e-01;2.8750000e+02;2.4672021e-01;2.8750000e+02;2.7170509e-01;2.8750000e+02;2.8198895e-01;2.8750000e+02;2.8168949e-01;2.8750000e+02;2.7423769e-01;2.8750000e+02;2.6094526e-01;2.8750000e+02;2.4149311e-01;2.8750000e+02;2.1714424e-01;2.8750000e+02;3.4572270e-02;2.8750000e+02;4.7692560e-02;2.8750000e+02;6.2618457e-02;2.8750000e+02;7.9806156e-02;2.8750000e+02;9.8251253e-02;2.8750000e+02;1.1751177e-01;2.8750000e+02;1.3929883e-01;2.8750000e+02;1.6277003e-01;2.8750000e+02;1.8941619e-01;2.8750000e+02;2.1935266e-01;2.8750000e+02;2.4672021e-01;2.8750000e+02;2.7170509e-01;2.8750000e+02;2.8198895e-01;2.8750000e+02;2.8168949e-01;2.8750000e+02;2.7423769e-01;2.8750000e+02;2.6094526e-01;2.8750000e+02;2.4149311e-01;2.8750000e+02;2.1714424e-01;2.8750000e+02;3.4572270e-02;2.8750000e+02;4.7692560e-02;2.8750000e+02;6.2618457e-02;2.8750000e+02;7.9806156e-02;2.8750000e+02;9.8251253e-02;2.8750000e+02;1.1751177e-01;2.8750000e+02;1.3929883e-01;2.8750000e+02;1.6277003e-01;2.8750000e+02;1.8941619e-01;2.8750000e+02;2.1935266e-01;2.8750000e+02;2.4672021e-01;2.8750000e+02;2.7170509e-01;2.8750000e+02;2.8198895e-01;2.8750000e+02;2.8168949e-01;2.8750000e+02;2.7423769e-01;2.8750000e+02;2.6094526e-01;2.8750000e+02;2.4149311e-01;2.8750000e+02;2.1714424e-01;2.8750000e+02;3.4572270e-02;2.8750000e+02;4.7692560e-02;2.8750000e+02;6.2618457e-02;2.8750000e+02;7.9806156e-02;2.8750000e+02;9.8251253e-02;2.8750000e+02;1.1751177e-01;2.8750000e+02;1.3929883e-01;2.8750000e+02;1.6277003e-01;2.8750000e+02;1.8941619e-01;2.8750000e+02;2.1935266e-01;2.8750000e+02;2.4672021e-01;2.8750000e+02;2.7170509e-01;2.8750000e+02;2.8198895e-01;2.8750000e+02;2.8168949e-01;2.8750000e+02;2.7423769e-01;2.8750000e+02;2.6094526e-01;2.8750000e+02;2.4149311e-01;2.8750000e+02;2.1714424e-01;2.8750000e+02;3.4572270e-02;2.8750000e+02;4.7692560e-02;2.8750000e+02;6.2618457e-02;2.8750000e+02;7.9806156e-02;2.8750000e+02;9.8251253e-02;2.8750000e+02;1.1751177e-01;2.8750000e+02;1.3929883e-01;2.8750000e+02;1.6277003e-01;2.8750000e+02;1.8941619e-01;2.8750000e+02;2.1935266e-01;2.8750000e+02;2.4672021e-01;2.8750000e+02;2.7170509e-01;2.8750000e+02;2.8198895e-01;2.8750000e+02;2.8168949e-01;2.8750000e+02;2.7423769e-01;2.8750000e+02;2.6094526e-01;2.8750000e+02;2.4149311e-01;2.8750000e+02;2.1714424e-01;2.8750000e+02;3.4572270e-02;2.8750000e+02;4.7692560e-02;2.8750000e+02;6.2618457e-02;2.8750000e+02;7.9806156e-02;2.8750000e+02;9.8251253e-02;2.8750000e+02;1.1751177e-01;2.8750000e+02;1.3929883e-01;2.8750000e+02;1.6277003e-01;2.8750000e+02;1.8941619e-01;2.8750000e+02;2.1935266e-01;2.8750000e+02;2.4672021e-01;2.8750000e+02;2.7170509e-01;2.8750000e+02;2.8198895e-01;2.8750000e+02;2.8168949e-01;2.8750000e+02;2.7423769e-01;2.8750000e+02;2.6094526e-01;2.8750000e+02;2.4149311e-01;2.8750000e+02;2.1714424e-01;2.8750000e+02;3.4572270e-02;2.8750000e+02;4.7692560e-02;2.8750000e+02;6.2618457e-02;2.8750000e+02;7.9806156e-02;2.8750000e+02;9.8251253e-02;2.8750000e+02;1.1751177e-01;2.8750000e+02;1.3929883e-01;2.8750000e+02;1.6277003e-01;2.8750000e+02;1.8941619e-01;2.8750000e+02;2.1935266e-01;2.8750000e+02;2.4672021e-01;2.8750000e+02;2.7170509e-01;2.8750000e+02;2.8198895e-01;2.8750000e+02;2.8168949e-01;2.8750000e+02;2.7423769e-01;2.8750000e+02;2.6094526e-01;2.8750000e+02;2.4149311e-01;2.8750000e+02;2.1714424e-01;2.8750000e+02;3.4572270e-02;2.8750000e+02;4.7692560e-02;2.8750000e+02;6.2618457e-02;2.8750000e+02;7.9806156e-02;2.8750000e+02;9.8251253e-02;2.8750000e+02;1.1751177e-01;2.8750000e+02;1.3929883e-01;2.8750000e+02;1.6277003e-01;2.8750000e+02;1.8941619e-01;2.8750000e+02;2.1935266e-01;2.8750000e+02;2.4672021e-01;2.8750000e+02;2.7170509e-01;2.8750000e+02;2.8198895e-01;2.8750000e+02;2.8168949e-01;2.8750000e+02;2.7423769e-01;2.8750000e+02;2.6094526e-01;2.8750000e+02;2.4149311e-01;2.8750000e+02;2.1714424e-01;2.8750000e+02;3.4572270e-02;2.8750000e+02;4.7692560e-02;2.8750000e+02;6.2618457e-02;2.8750000e+02;7.9806156e-02;2.8750000e+02;9.8251253e-02;2.8750000e+02;1.1751177e-01;2.8750000e+02;1.3929883e-01;2.8750000e+02;1.6277003e-01;2.8750000e+02;1.8941619e-01;2.8750000e+02;2.1935266e-01;2.8750000e+02;2.4672021e-01;2.8750000e+02;2.7170509e-01;2.8750000e+02;2.8198895e-01;2.8750000e+02;2.8168949e-01;2.8750000e+02;2.7423769e-01;2.8750000e+02;2.6094526e-01;2.8750000e+02;2.4149311e-01;2.8750000e+02;2.1714424e-01;2.8750000e+02;3.4572270e-02;2.8750000e+02;4.7692560e-02;2.8750000e+02;6.2618457e-02;2.8750000e+02;7.9806156e-02;2.8750000e+02;9.8251253e-02;2.8750000e+02;1.1751177e-01;2.8750000e+02;1.3929883e-01;2.8750000e+02;1.6277003e-01;2.8750000e+02;1.8941619e-01;2.8750000e+02;2.1935266e-01;2.8750000e+02;2.4672021e-01;2.8750000e+02;2.7170509e-01;2.8750000e+02;2.8198895e-01;2.8750000e+02;2.8168949e-01;2.8750000e+02;2.7423769e-01;2.8750000e+02;2.6094526e-01;2.8750000e+02;2.4149311e-01;2.8750000e+02;2.1714424e-01;2.8750000e+02;3.4572270e-02;2.8750000e+02;4.7692560e-02;2.8750000e+02;6.2618457e-02;2.8750000e+02;7.9806156e-02;2.8750000e+02;9.8251253e-02;2.8750000e+02;1.1751177e-01;2.8750000e+02;1.3929883e-01;2.8750000e+02;1.6277003e-01;2.8750000e+02;1.8941619e-01;2.8750000e+02;2.1935266e-01;2.8750000e+02;2.4672021e-01;2.8750000e+02;2.7170509e-01;2.8750000e+02;2.8198895e-01;2.8750000e+02;2.8168949e-01;2.8750000e+02;2.7423769e-01;2.8750000e+02;2.6094526e-01;2.8750000e+02;2.4149311e-01;2.8750000e+02;2.1714424e-01;2.8750000e+02;3.4572270e-02;2.8750000e+02;4.7692560e-02;2.8750000e+02;6.2618457e-02;2.8750000e+02;7.9806156e-02;2.8750000e+02;9.8251253e-02;2.8750000e+02;1.1751177e-01;2.8750000e+02;1.3929883e-01;2.8750000e+02;1.6277003e-01;2.8750000e+02;1.8941619e-01;2.8750000e+02;2.1935266e-01;2.8750000e+02;2.4672021e-01;2.8750000e+02;2.7170509e-01;2.8750000e+02;2.8198895e-01;2.8750000e+02;2.8168949e-01;2.8750000e+02;2.7423769e-01;2.8750000e+02;2.6094526e-01;2.8750000e+02;2.4149311e-01;2.8750000e+02;2.1714424e-01;2.8750000e+02;3.4572270e-02;2.8750000e+02;4.7692560e-02;2.8750000e+02;6.2618457e-02;2.8750000e+02;7.9806156e-02;2.8750000e+02;9.8251253e-02;2.8750000e+02;1.1751177e-01;2.8750000e+02;1.3929883e-01;2.8750000e+02;1.6277003e-01;2.8750000e+02;1.8941619e-01;2.8750000e+02;2.1935266e-01;2.8750000e+02;2.4672021e-01;2.8750000e+02;2.7170509e-01;2.8750000e+02;2.8198895e-01;2.8750000e+02;2.8168949e-01;2.8750000e+02;2.7423769e-01;2.8750000e+02;2.6094526e-01;2.8750000e+02;2.4149311e-01;2.8750000e+02;2.1714424e-01;2.8750000e+02;3.4572270e-02;2.8750000e+02;4.7692560e-02;2.8750000e+02;6.2618457e-02;2.8750000e+02;7.9806156e-02;2.8750000e+02;9.8251253e-02;2.8750000e+02;1.1751177e-01;2.8750000e+02;1.3929883e-01;2.8750000e+02;1.6277003e-01;2.8750000e+02;1.8941619e-01;2.8750000e+02;2.1935266e-01;2.8750000e+02;2.4672021e-01;2.8750000e+02;2.7170509e-01;2.8750000e+02;2.8198895e-01;2.8750000e+02;2.8168949e-01;2.8750000e+02;2.7423769e-01;2.8750000e+02;2.6094526e-01;2.8750000e+02;2.4149311e-01;2.8750000e+02;2.1714424e-01;2.8750000e+02;3.4572270e-02;2.8750000e+02;4.7692560e-02;2.8750000e+02;6.2618457e-02;2.8750000e+02;7.9806156e-02;2.8750000e+02;9.8251253e-02;2.8750000e+02;1.1751177e-01;2.8750000e+02;1.3929883e-01;2.8750000e+02;1.6277003e-01;2.8750000e+02;1.8941619e-01;2.8750000e+02;2.1935266e-01;2.8750000e+02;2.4672021e-01;2.8750000e+02;2.7170509e-01;2.8750000e+02;2.8198895e-01;2.8750000e+02;2.8168949e-01;2.8750000e+02;2.7423769e-01;2.8750000e+02;2.6094526e-01;2.8750000e+02;2.4149311e-01;2.8750000e+02;2.1714424e-01;2.8750000e+02;3.4572270e-02;2.8750000e+02;4.7692560e-02;2.8750000e+02;6.2618457e-02;2.8750000e+02;7.9806156e-02;2.8750000e+02;9.8251253e-02;2.8750000e+02;1.1751177e-01;2.8750000e+02;1.3929883e-01;2.8750000e+02;1.6277003e-01;2.8750000e+02;1.8941619e-01;2.8750000e+02;2.1935266e-01;2.8750000e+02;2.4672021e-01;2.8750000e+02;2.7170509e-01;2.8750000e+02;2.8198895e-01;2.8750000e+02;2.8168949e-01;2.8750000e+02;2.7423769e-01;2.8750000e+02;2.6094526e-01;2.8750000e+02;2.4149311e-01;2.8750000e+02;2.1714424e-01;2.8750000e+02;3.4572270e-02;2.8750000e+02;4.7692560e-02;2.8750000e+02;6.2618457e-02;2.8750000e+02;7.9806156e-02;2.8750000e+02;9.8251253e-02;2.8750000e+02;1.1751177e-01;2.8750000e+02;1.3929883e-01;2.8750000e+02;1.6277003e-01;2.8750000e+02;1.8941619e-01;2.8750000e+02;2.1935266e-01;2.8750000e+02;2.4672021e-01;2.8750000e+02;2.7170509e-01;2.8750000e+02;2.8198895e-01;2.8750000e+02;2.8168949e-01;2.8750000e+02;2.7423769e-01;2.8750000e+02;2.6094526e-01;2.8750000e+02;2.4149311e-01;2.8750000e+02;2.1714424e-01;2.8750000e+02;3.4572270e-02;2.8750000e+02;4.7692560e-02;2.8750000e+02;6.2618457e-02;2.8750000e+02;7.9806156e-02;2.8750000e+02;9.8251253e-02;2.8750000e+02;1.1751177e-01;2.8750000e+02;1.3929883e-01;2.8750000e+02;1.6277003e-01;2.8750000e+02;1.8941619e-01;2.8750000e+02;2.1935266e-01;2.8750000e+02;2.4672021e-01;2.8750000e+02;2.7170509e-01;2.8750000e+02;2.8198895e-01;2.8750000e+02;2.8168949e-01;2.8750000e+02;2.7423769e-01;2.8750000e+02;2.6094526e-01;2.8750000e+02;2.4149311e-01;2.8750000e+02;2.1714424e-01;2.8750000e+02;3.4572270e-02;2.8750000e+02;4.7692560e-02;2.8750000e+02;6.2618457e-02;2.8750000e+02;7.9806156e-02;2.8750000e+02;9.8251253e-02;2.8750000e+02;1.1751177e-01;2.8750000e+02;1.3929883e-01;2.8750000e+02;1.6277003e-01;2.8750000e+02;1.8941619e-01;2.8750000e+02;2.1935266e-01;2.8750000e+02;2.4672021e-01;2.8750000e+02;2.7170509e-01;2.8750000e+02;2.8198895e-01;2.8750000e+02;2.8168949e-01;2.8750000e+02;2.7423769e-01;2.8750000e+02;2.6094526e-01;2.8750000e+02;2.4149311e-01;2.8750000e+02;2.1714424e-01;2.8750000e+02;3.4572270e-02;2.8750000e+02;4.7692560e-02;2.8750000e+02;6.2618457e-02;2.8750000e+02;7.9806156e-02;2.8750000e+02;9.8251253e-02;2.8750000e+02;1.1751177e-01;2.8750000e+02;1.3929883e-01;2.8750000e+02;1.6277003e-01;2.8750000e+02;1.8941619e-01;2.8750000e+02;2.1935266e-01;2.8750000e+02;2.4672021e-01;2.8750000e+02;2.7170509e-01;2.8750000e+02;2.8198895e-01;2.8750000e+02;2.8168949e-01;2.8750000e+02;2.7423769e-01;2.8750000e+02;2.6094526e-01;2.8750000e+02;2.4149311e-01;2.8750000e+02;2.1714424e-01;2.8750000e+02;3.4572270e-02;2.8750000e+02;4.7692560e-02;2.8750000e+02;6.2618457e-02;2.8750000e+02;7.9806156e-02;2.8750000e+02;9.8251253e-02;2.8750000e+02;1.1751177e-01;2.8750000e+02;1.3929883e-01;2.8750000e+02;1.6277003e-01;2.8750000e+02;1.8941619e-01;2.8750000e+02;2.1935266e-01;2.8750000e+02;2.4672021e-01;2.8750000e+02;2.7170509e-01;2.8750000e+02;2.8198895e-01;2.8750000e+02;2.8168949e-01;2.8750000e+02;2.7423769e-01;2.8750000e+02;2.6094526e-01;2.8750000e+02;2.4149311e-01;2.8750000e+02;2.1714424e-01;2.8750000e+02;3.4572270e-02;2.8750000e+02;4.7692560e-02;2.8750000e+02;6.2618457e-02;2.8750000e+02;7.9806156e-02;2.8750000e+02;9.8251253e-02;2.8750000e+02;1.1751177e-01;2.8750000e+02;1.3929883e-01;2.8750000e+02;1.6277003e-01;2.8750000e+02;1.8941619e-01;2.8750000e+02;2.1935266e-01;2.8750000e+02;2.4672021e-01;2.8750000e+02;2.7170509e-01;2.8750000e+02;2.8198895e-01;2.8750000e+02;2.8168949e-01;2.8750000e+02;2.7423769e-01;2.8750000e+02;2.6094526e-01;2.8750000e+02;2.4149311e-01;2.8750000e+02;2.1714424e-01;2.8750000e+02;3.4572270e-02;2.8750000e+02;4.7692560e-02;2.8750000e+02;6.2618457e-02;2.8750000e+02;7.9806156e-02;2.8750000e+02;9.8251253e-02;2.8750000e+02;1.1751177e-01;2.8750000e+02;1.3929883e-01;2.8750000e+02;1.6277003e-01;2.8750000e+02;1.8941619e-01;2.8750000e+02;2.1935266e-01;2.8750000e+02;2.4672021e-01;2.8750000e+02;2.7170509e-01;2.8750000e+02;2.8198895e-01;2.8750000e+02;2.8168949e-01;2.8750000e+02;2.7423769e-01;2.8750000e+02;2.6094526e-01;2.8750000e+02;2.4149311e-01;2.8750000e+02;2.1714424e-01;2.8750000e+02;3.4572270e-02;2.8750000e+02;4.7692560e-02;2.8750000e+02;6.2618457e-02;2.8750000e+02;7.9806156e-02;2.8750000e+02;9.8251253e-02;2.8750000e+02;1.1751177e-01;2.8750000e+02;1.3929883e-01;2.8750000e+02;1.6277003e-01;2.8750000e+02;1.8941619e-01;2.8750000e+02;2.1935266e-01;2.8750000e+02;2.4672021e-01;2.8750000e+02;2.7170509e-01;2.8750000e+02;2.8198895e-01;2.8750000e+02;2.8168949e-01;2.8750000e+02;2.7423769e-01;2.8750000e+02;2.6094526e-01;2.8750000e+02;2.4149311e-01;2.8750000e+02;2.1714424e-01;2.8750000e+02;3.4572270e-02;2.8750000e+02;4.7692560e-02;2.8750000e+02;6.2618457e-02;2.8750000e+02;7.9806156e-02;2.8750000e+02;9.8251253e-02;2.8750000e+02;1.1751177e-01;2.8750000e+02;1.3929883e-01;2.8750000e+02;1.6277003e-01;2.8750000e+02;1.8941619e-01;2.8750000e+02;2.1935266e-01;2.8750000e+02;2.4672021e-01;2.8750000e+02;2.7170509e-01;2.8750000e+02;2.8198895e-01;2.8750000e+02;2.8168949e-01;2.8750000e+02;2.7423769e-01;2.8750000e+02;2.6094526e-01;2.8750000e+02;2.4149311e-01;2.8750000e+02;2.1714424e-01;2.8750000e+02;3.4572270e-02;2.8750000e+02;4.7692560e-02;2.8750000e+02;6.2618457e-02;2.8750000e+02;7.9806156e-02;2.8750000e+02;9.8251253e-02;2.8750000e+02;1.1751177e-01;2.8750000e+02;1.3929883e-01;2.8750000e+02;1.6277003e-01;2.8750000e+02;1.8941619e-01;2.8750000e+02;2.1935266e-01;2.8750000e+02;2.4672021e-01;2.8750000e+02;2.7170509e-01;2.8750000e+02;2.8198895e-01;2.8750000e+02;2.8168949e-01;2.8750000e+02;2.7423769e-01;2.8750000e+02;2.6094526e-01;2.8750000e+02;2.4149311e-01;2.8750000e+02;2.1714424e-01;2.8750000e+02;3.4572270e-02;2.8750000e+02;4.7692560e-02;2.8750000e+02;6.2618457e-02;2.8750000e+02;7.9806156e-02;2.8750000e+02;9.8251253e-02;2.8750000e+02;1.1751177e-01;2.8750000e+02;1.3929883e-01;2.8750000e+02;1.6277003e-01;2.8750000e+02;1.8941619e-01;2.8750000e+02;2.1935266e-01;2.8750000e+02;2.4672021e-01;2.8750000e+02;2.7170509e-01;2.8750000e+02;2.8198895e-01;2.8750000e+02;2.8168949e-01;2.8750000e+02;2.7423769e-01;2.8750000e+02;2.6094526e-01;2.8750000e+02;2.4149311e-01;2.8750000e+02;2.1714424e-01;2.8750000e+02;3.4572270e-02;2.8750000e+02;4.7692560e-02;2.8750000e+02;6.2618457e-02;2.8750000e+02;7.9806156e-02;2.8750000e+02;9.8251253e-02;2.8750000e+02;1.1751177e-01;2.8750000e+02;1.3929883e-01;2.8750000e+02;1.6277003e-01;2.8750000e+02;1.8941619e-01;2.8750000e+02;2.1935266e-01;2.8750000e+02;2.4672021e-01;2.8750000e+02;2.7170509e-01;2.8750000e+02;2.8198895e-01;2.8750000e+02;2.8168949e-01;2.8750000e+02;2.7423769e-01;2.8750000e+02;2.6094526e-01;2.8750000e+02;2.4149311e-01;2.8750000e+02;2.1714424e-01;2.8750000e+02;3.4572270e-02;2.8750000e+02;4.7692560e-02;2.8750000e+02;6.2618457e-02;2.8750000e+02;7.9806156e-02;2.8750000e+02;9.8251253e-02;2.8750000e+02;1.1751177e-01;2.8750000e+02;1.3929883e-01;2.8750000e+02;1.6277003e-01;2.8750000e+02;1.8941619e-01;2.8750000e+02;2.1935266e-01;2.8750000e+02;2.4672021e-01;2.8750000e+02;2.7170509e-01;2.8750000e+02;2.8198895e-01;2.8750000e+02;2.8168949e-01;2.8750000e+02;2.7423769e-01;2.8750000e+02;2.6094526e-01;2.8750000e+02;2.4149311e-01;2.8750000e+02;2.1714424e-01;2.8750000e+02;3.4572270e-02;2.8750000e+02;4.7692560e-02;2.8750000e+02;6.2618457e-02;2.8750000e+02;7.9806156e-02;2.8750000e+02;9.8251253e-02;2.8750000e+02;1.1751177e-01;2.8750000e+02;1.3929883e-01;2.8750000e+02;1.6277003e-01;2.8750000e+02;1.8941619e-01;2.8750000e+02;2.1935266e-01;2.8750000e+02;2.4672021e-01;2.8750000e+02;2.7170509e-01;2.8750000e+02;2.8198895e-01;2.8750000e+02;2.8168949e-01;2.8750000e+02;2.7423769e-01;2.8750000e+02;2.6094526e-01;2.8750000e+02;2.4149311e-01;2.8750000e+02;2.1714424e-01;2.8750000e+02;3.4572270e-02;2.8750000e+02;4.7692560e-02;2.8750000e+02;6.2618457e-02;2.8750000e+02;7.9806156e-02;2.8750000e+02;9.8251253e-02;2.8750000e+02;1.1751177e-01;2.8750000e+02;1.3929883e-01;2.8750000e+02;1.6277003e-01;2.8750000e+02;1.8941619e-01;2.8750000e+02;2.1935266e-01;2.8750000e+02;2.4672021e-01;2.8750000e+02;2.7170509e-01;2.8750000e+02;2.8198895e-01;2.8750000e+02;2.8168949e-01;2.8750000e+02;2.7423769e-01;2.8750000e+02;2.6094526e-01;2.8750000e+02;2.4149311e-01;2.8750000e+02;2.1714424e-01;2.8750000e+02;3.4572270e-02;2.8750000e+02;4.7692560e-02;2.8750000e+02;6.2618457e-02;2.8750000e+02;7.9806156e-02;2.8750000e+02;9.8251253e-02;2.8750000e+02;1.1751177e-01;2.8750000e+02;1.3929883e-01;2.8750000e+02;1.6277003e-01;2.8750000e+02;1.8941619e-01;2.8750000e+02;2.1935266e-01;2.8750000e+02;2.4672021e-01;2.8750000e+02;2.7170509e-01;2.8750000e+02;2.8198895e-01;2.8750000e+02;2.8168949e-01;2.8750000e+02;2.7423769e-01;2.8750000e+02;2.6094526e-01;2.8750000e+02;2.4149311e-01;2.8750000e+02;2.1714424e-01;2.8750000e+02;3.4572270e-02;2.8750000e+02;4.7692560e-02;2.8750000e+02;6.2618457e-02;2.8750000e+02;7.9806156e-02;2.8750000e+02;9.8251253e-02;2.8750000e+02;1.1751177e-01;2.8750000e+02;1.3929883e-01;2.8750000e+02;1.6277003e-01;2.8750000e+02;1.8941619e-01;2.8750000e+02;2.1935266e-01;2.8750000e+02;2.4672021e-01;2.8750000e+02;2.7170509e-01;2.8750000e+02;2.8198895e-01;2.8750000e+02;2.8168949e-01;2.8750000e+02;2.7423769e-01;2.8750000e+02;2.6094526e-01;2.8750000e+02;2.4149311e-01;2.8750000e+02;2.1714424e-01;2.8750000e+02;3.4572270e-02;2.8750000e+02;4.7692560e-02;2.8750000e+02;6.2618457e-02;2.8750000e+02;7.9806156e-02;2.8750000e+02;9.8251253e-02;2.8750000e+02;1.1751177e-01;2.8750000e+02;1.3929883e-01;2.8750000e+02;1.6277003e-01;2.8750000e+02;1.8941619e-01;2.8750000e+02;2.1935266e-01;2.8750000e+02;2.4672021e-01;2.8750000e+02;2.7170509e-01;2.8750000e+02;2.8198895e-01;2.8750000e+02;2.8168949e-01;2.8750000e+02;2.7423769e-01;2.8750000e+02;2.6094526e-01;2.8750000e+02;2.4149311e-01;2.8750000e+02;2.1714424e-01;2.8750000e+02;3.4572270e-02;2.8750000e+02;4.7692560e-02;2.8750000e+02;6.2618457e-02;2.8750000e+02;7.9806156e-02;2.8750000e+02;9.8251253e-02;2.8750000e+02;1.1751177e-01;2.8750000e+02;1.3929883e-01;2.8750000e+02;1.6277003e-01;2.8750000e+02;1.8941619e-01;2.8750000e+02;2.1935266e-01;2.8750000e+02;2.4672021e-01;2.8750000e+02;2.7170509e-01;2.8750000e+02;2.8198895e-01;2.8750000e+02;2.8168949e-01;2.8750000e+02;2.7423769e-01;2.8750000e+02;2.6094526e-01;2.8750000e+02;2.4149311e-01;2.8750000e+02;2.1714424e-01;2.8750000e+02;3.4572270e-02;2.8750000e+02;4.7692560e-02;2.8750000e+02;6.2618457e-02;2.8750000e+02;7.9806156e-02;2.8750000e+02;9.8251253e-02;2.8750000e+02;1.1751177e-01;2.8750000e+02;1.3929883e-01;2.8750000e+02;1.6277003e-01;2.8750000e+02;1.8941619e-01;2.8750000e+02;2.1935266e-01;2.8750000e+02;2.4672021e-01;2.8750000e+02;2.7170509e-01;2.8750000e+02;2.8198895e-01;2.8750000e+02;2.8168949e-01;2.8750000e+02;2.7423769e-01;2.8750000e+02;2.6094526e-01;2.8750000e+02;2.4149311e-01;2.8750000e+02;2.1714424e-01;2.8750000e+02;3.4572270e-02;2.8750000e+02;4.7692560e-02;2.8750000e+02;6.2618457e-02;2.8750000e+02;7.9806156e-02;2.8750000e+02;9.8251253e-02;2.8750000e+02;1.1751177e-01;2.8750000e+02;1.3929883e-01;2.8750000e+02;1.6277003e-01;2.8750000e+02;1.8941619e-01;2.8750000e+02;2.1935266e-01;2.8750000e+02;2.4672021e-01;2.8750000e+02;2.7170509e-01;2.8750000e+02;2.8198895e-01;2.8750000e+02;2.8168949e-01;2.8750000e+02;2.7423769e-01;2.8750000e+02;2.6094526e-01;2.8750000e+02;2.4149311e-01;2.8750000e+02;2.1714424e-01;2.8750000e+02;3.4572270e-02;2.8750000e+02;4.7692560e-02;2.8750000e+02;6.2618457e-02;2.8750000e+02;7.9806156e-02;2.8750000e+02;9.8251253e-02;2.8750000e+02;1.1751177e-01;2.8750000e+02;1.3929883e-01;2.8750000e+02;1.6277003e-01;2.8750000e+02;1.8941619e-01;2.8750000e+02;2.1935266e-01;2.8750000e+02;2.4672021e-01;2.8750000e+02;2.7170509e-01;2.8750000e+02;2.8198895e-01;2.8750000e+02;2.8168949e-01;2.8750000e+02;2.7423769e-01;2.8750000e+02;2.6094526e-01;2.8750000e+02;2.4149311e-01;2.8750000e+02;2.1714424e-01;2.8750000e+02;3.4572270e-02;2.8750000e+02;4.7692560e-02;2.8750000e+02;6.2618457e-02;2.8750000e+02;7.9806156e-02;2.8750000e+02;9.8251253e-02;2.8750000e+02;1.1751177e-01;2.8750000e+02;1.3929883e-01;2.8750000e+02;1.6277003e-01;2.8750000e+02;1.8941619e-01;2.8750000e+02;2.1935266e-01;2.8750000e+02;2.4672021e-01;2.8750000e+02;2.7170509e-01;2.8750000e+02;2.8198895e-01;2.8750000e+02;2.8168949e-01;2.8750000e+02;2.7423769e-01;2.8750000e+02;2.6094526e-01;2.8750000e+02;2.4149311e-01;2.8750000e+02;2.1714424e-01;2.8750000e+02;3.4572270e-02;2.8750000e+02;4.7692560e-02;2.8750000e+02;6.2618457e-02;2.8750000e+02;7.9806156e-02;2.8750000e+02;9.8251253e-02;2.8750000e+02;1.1751177e-01;2.8750000e+02;1.3929883e-01;2.8750000e+02;1.6277003e-01;2.8750000e+02;1.8941619e-01;2.8750000e+02;2.1935266e-01;2.8750000e+02;2.4672021e-01;2.8750000e+02;2.7170509e-01;2.8750000e+02;2.8198895e-01;2.8750000e+02;2.8168949e-01;2.8750000e+02;2.7423769e-01;2.8750000e+02;2.6094526e-01;2.8750000e+02;2.4149311e-01;2.8750000e+02;2.1714424e-01;2.8750000e+02;3.4572270e-02;2.8750000e+02;4.7692560e-02;2.8750000e+02;6.2618457e-02;2.8750000e+02;7.9806156e-02;2.8750000e+02;9.8251253e-02;2.8750000e+02;1.1751177e-01;2.8750000e+02;1.3929883e-01;2.8750000e+02;1.6277003e-01;2.8750000e+02;1.8941619e-01;2.8750000e+02;2.1935266e-01;2.8750000e+02;2.4672021e-01;2.8750000e+02;2.7170509e-01;2.8750000e+02;2.8198895e-01;2.8750000e+02;2.8168949e-01;2.8750000e+02;2.7423769e-01;2.8750000e+02;2.6094526e-01;2.8750000e+02;2.4149311e-01;2.8750000e+02;2.1714424e-01;2.8750000e+02;3.4572270e-02;2.8750000e+02;4.7692560e-02;2.8750000e+02;6.2618457e-02;2.8750000e+02;7.9806156e-02;2.8750000e+02;9.8251253e-02;2.8750000e+02;1.1751177e-01;2.8750000e+02;1.3929883e-01;2.8750000e+02;1.6277003e-01;2.8750000e+02;1.8941619e-01;2.8750000e+02;2.1935266e-01;2.8750000e+02;2.4672021e-01;2.8750000e+02;2.7170509e-01;2.8750000e+02;2.8198895e-01;2.8750000e+02;2.8168949e-01;2.8750000e+02;2.7423769e-01;2.8750000e+02;2.6094526e-01;2.8750000e+02;2.4149311e-01;2.8750000e+02;2.1714424e-01;2.8750000e+02;3.4572270e-02;2.8750000e+02;4.7692560e-02;2.8750000e+02;6.2618457e-02;2.8750000e+02;7.9806156e-02;2.8750000e+02;9.8251253e-02;2.8750000e+02;1.1751177e-01;2.8750000e+02;1.3929883e-01;2.8750000e+02;1.6277003e-01;2.8750000e+02;1.8941619e-01;2.8750000e+02;2.1935266e-01;2.8750000e+02;2.4672021e-01;2.8750000e+02;2.7170509e-01;2.8750000e+02;2.8198895e-01;2.8750000e+02;2.8168949e-01;2.8750000e+02;2.7423769e-01;2.8750000e+02;2.6094526e-01;2.8750000e+02;2.4149311e-01;2.8750000e+02;2.1714424e-01;2.8750000e+02;3.4572270e-02;2.8750000e+02;4.7692560e-02;2.8750000e+02;6.2618457e-02;2.8750000e+02;7.9806156e-02;2.8750000e+02;9.8251253e-02;2.8750000e+02;1.1751177e-01;2.8750000e+02;1.3929883e-01;2.8750000e+02;1.6277003e-01;2.8750000e+02;1.8941619e-01;2.8750000e+02;2.1935266e-01;2.8750000e+02;2.4672021e-01;2.8750000e+02;2.7170509e-01;2.8750000e+02;2.8198895e-01;2.8750000e+02;2.8168949e-01;2.8750000e+02;2.7423769e-01;2.8750000e+02;2.6094526e-01;2.8750000e+02;2.4149311e-01;2.8750000e+02;2.1714424e-01;2.8750000e+02;3.4572270e-02;2.8750000e+02;4.7692560e-02;2.8750000e+02;6.2618457e-02;2.8750000e+02;7.9806156e-02;2.8750000e+02;9.8251253e-02;2.8750000e+02;1.1751177e-01;2.8750000e+02;1.3929883e-01;2.8750000e+02;1.6277003e-01;2.8750000e+02;1.8941619e-01;2.8750000e+02;2.1935266e-01;2.8750000e+02;2.4672021e-01;2.8750000e+02;2.7170509e-01;2.8750000e+02;2.8198895e-01;2.8750000e+02;2.8168949e-01;2.8750000e+02;2.7423769e-01;2.8750000e+02;2.6094526e-01;2.8750000e+02;2.4149311e-01;2.8750000e+02;2.1714424e-01;2.8750000e+02;3.4572270e-02;2.8750000e+02;4.7692560e-02;2.8750000e+02;6.2618457e-02;2.8750000e+02;7.9806156e-02;2.8750000e+02;9.8251253e-02;2.8750000e+02;1.1751177e-01;2.8750000e+02;1.3929883e-01;2.8750000e+02;1.6277003e-01;2.8750000e+02;1.8941619e-01;2.8750000e+02;2.1935266e-01;2.8750000e+02;2.4672021e-01;2.8750000e+02;2.7170509e-01;2.8750000e+02;2.8198895e-01;2.8750000e+02;2.8168949e-01;2.8750000e+02;2.7423769e-01;2.8750000e+02;2.6094526e-01;2.8750000e+02;2.4149311e-01;2.8750000e+02;2.1714424e-01;2.8750000e+02;3.4572270e-02;2.8750000e+02;4.7692560e-02;2.8750000e+02;6.2618457e-02;2.8750000e+02;7.9806156e-02;2.8750000e+02;9.8251253e-02;2.8750000e+02;1.1751177e-01;2.8750000e+02;1.3929883e-01;2.8750000e+02;1.6277003e-01;2.8750000e+02;1.8941619e-01;2.8750000e+02;2.1935266e-01;2.8750000e+02;2.4672021e-01;2.8750000e+02;2.7170509e-01;2.8750000e+02;2.8198895e-01;2.8750000e+02;2.8168949e-01;2.8750000e+02;2.7423769e-01;2.8750000e+02;2.6094526e-01;2.8750000e+02;2.4149311e-01;2.8750000e+02;2.1714424e-01;2.8750000e+02;3.4572270e-02;2.8750000e+02;4.7692560e-02;2.8750000e+02;6.2618457e-02;2.8750000e+02;7.9806156e-02;2.8750000e+02;9.8251253e-02;2.8750000e+02;1.1751177e-01;2.8750000e+02;1.3929883e-01;2.8750000e+02;1.6277003e-01;2.8750000e+02;1.8941619e-01;2.8750000e+02;2.1935266e-01;2.8750000e+02;2.4672021e-01;2.8750000e+02;2.7170509e-01;2.8750000e+02;2.8198895e-01;2.8750000e+02;2.8168949e-01;2.8750000e+02;2.7423769e-01;2.8750000e+02;2.6094526e-01;2.8750000e+02;2.4149311e-01;2.8750000e+02;2.1714424e-01;2.8750000e+02;3.4572270e-02;2.8750000e+02;4.7692560e-02;2.8750000e+02;6.2618457e-02;2.8750000e+02;7.9806156e-02;2.8750000e+02;9.8251253e-02;2.8750000e+02;1.1751177e-01;2.8750000e+02;1.3929883e-01;2.8750000e+02;1.6277003e-01;2.8750000e+02;1.8941619e-01;2.8750000e+02;2.1935266e-01;2.8750000e+02;2.4672021e-01;2.8750000e+02;2.7170509e-01;2.8750000e+02;2.8198895e-01;2.8750000e+02;2.8168949e-01;2.8750000e+02;2.7423769e-01;2.8750000e+02;2.6094526e-01;2.8750000e+02;2.4149311e-01;2.8750000e+02;2.1714424e-01;2.8750000e+02;3.4572270e-02;2.8750000e+02;4.7692560e-02;2.8750000e+02;6.2618457e-02;2.8750000e+02;7.9806156e-02;2.8750000e+02;9.8251253e-02;2.8750000e+02;1.1751177e-01;2.8750000e+02;1.3929883e-01;2.8750000e+02;1.6277003e-01;2.8750000e+02;1.8941619e-01;2.8750000e+02;2.1935266e-01;2.8750000e+02;2.4672021e-01;2.8750000e+02;2.7170509e-01;2.8750000e+02;2.8198895e-01;2.8750000e+02;2.8168949e-01;2.8750000e+02;2.7423769e-01;2.8750000e+02;2.6094526e-01;2.8750000e+02;2.4149311e-01;2.8750000e+02;2.1714424e-01;2.8750000e+02;3.4572270e-02;2.8750000e+02;4.7692560e-02;2.8750000e+02;6.2618457e-02;2.8750000e+02;7.9806156e-02;2.8750000e+02;9.8251253e-02;2.8750000e+02;1.1751177e-01;2.8750000e+02;1.3929883e-01;2.8750000e+02;1.6277003e-01;2.8750000e+02;1.8941619e-01;2.8750000e+02;2.1935266e-01;2.8750000e+02;2.4672021e-01;2.8750000e+02;2.7170509e-01;2.8750000e+02;2.8198895e-01;2.8750000e+02;2.8168949e-01;2.8750000e+02;2.7423769e-01;2.8750000e+02;2.6094526e-01;2.8750000e+02;2.4149311e-01;2.8750000e+02;2.1714424e-01;2.8750000e+02;3.4572270e-02;2.8750000e+02;4.7692560e-02;2.8750000e+02;6.2618457e-02;2.8750000e+02;7.9806156e-02;2.8750000e+02;9.8251253e-02;2.8750000e+02;1.1751177e-01;2.8750000e+02;1.3929883e-01;2.8750000e+02;1.6277003e-01;2.8750000e+02;1.8941619e-01;2.8750000e+02;2.1935266e-01;2.8750000e+02;2.4672021e-01;2.8750000e+02;2.7170509e-01;2.8750000e+02;2.8198895e-01;2.8750000e+02;2.8168949e-01;2.8750000e+02;2.7423769e-01;2.8750000e+02;2.6094526e-01;2.8750000e+02;2.4149311e-01;2.8750000e+02;2.1714424e-01;2.8750000e+02;3.4572270e-02;2.8750000e+02;4.7692560e-02;2.8750000e+02;6.2618457e-02;2.8750000e+02;7.9806156e-02;2.8750000e+02;9.8251253e-02;2.8750000e+02;1.1751177e-01;2.8750000e+02;1.3929883e-01;2.8750000e+02;1.6277003e-01;2.8750000e+02;1.8941619e-01;2.8750000e+02;2.1935266e-01;2.8750000e+02;2.4672021e-01;2.8750000e+02;2.7170509e-01;2.8750000e+02;2.8198895e-01;2.8750000e+02;2.8168949e-01;2.8750000e+02;2.7423769e-01;2.8750000e+02;2.6094526e-01;2.8750000e+02;2.4149311e-01;2.8750000e+02;2.1714424e-01;2.8750000e+02;3.4572270e-02;2.8750000e+02;4.7692560e-02;2.8750000e+02;6.2618457e-02;2.8750000e+02;7.9806156e-02;2.8750000e+02;9.8251253e-02;2.8750000e+02;1.1751177e-01;2.8750000e+02;1.3929883e-01;2.8750000e+02;1.6277003e-01;2.8750000e+02;1.8941619e-01;2.8750000e+02;2.1935266e-01;2.8750000e+02;2.4672021e-01;2.8750000e+02;2.7170509e-01;2.8750000e+02;2.8198895e-01;2.8750000e+02;2.8168949e-01;2.8750000e+02;2.7423769e-01;2.8750000e+02;2.6094526e-01;2.8750000e+02;2.4149311e-01;2.8750000e+02;2.1714424e-01;2.8750000e+02;3.4572270e-02;2.8750000e+02;4.7692560e-02;2.8750000e+02;6.2618457e-02;2.8750000e+02;7.9806156e-02;2.8750000e+02;9.8251253e-02;2.8750000e+02;1.1751177e-01;2.8750000e+02;1.3929883e-01;2.8750000e+02;1.6277003e-01;2.8750000e+02;1.8941619e-01;2.8750000e+02;2.1935266e-01;2.8750000e+02;2.4672021e-01;2.8750000e+02;2.7170509e-01;2.8750000e+02;2.8198895e-01;2.8750000e+02;2.8168949e-01;2.8750000e+02;2.7423769e-01;2.8750000e+02;2.6094526e-01;2.8750000e+02;2.4149311e-01;2.8750000e+02;2.1714424e-01;2.8750000e+02;3.4572270e-02;2.8750000e+02;4.7692560e-02;2.8750000e+02;6.2618457e-02;2.8750000e+02;7.9806156e-02;2.8750000e+02;9.8251253e-02;2.8750000e+02;1.1751177e-01;2.8750000e+02;1.3929883e-01;2.8750000e+02;1.6277003e-01;2.8750000e+02;1.8941619e-01;2.8750000e+02;2.1935266e-01;2.8750000e+02;2.4672021e-01;2.8750000e+02;2.7170509e-01;2.8750000e+02;2.8198895e-01;2.8750000e+02;2.8168949e-01;2.8750000e+02;2.7423769e-01;2.8750000e+02;2.6094526e-01;2.8750000e+02;2.4149311e-01;2.8750000e+02;2.1714424e-01;2.8750000e+02;3.4572270e-02;2.8750000e+02;4.7692560e-02;2.8750000e+02;6.2618457e-02;2.8750000e+02;7.9806156e-02;2.8750000e+02;9.8251253e-02;2.8750000e+02;1.1751177e-01;2.8750000e+02;1.3929883e-01;2.8750000e+02;1.6277003e-01;2.8750000e+02;1.8941619e-01;2.8750000e+02;2.1935266e-01;2.8750000e+02;2.4672021e-01;2.8750000e+02;2.7170509e-01;2.8750000e+02;2.8198895e-01;2.8750000e+02;2.8168949e-01;2.8750000e+02;2.7423769e-01;2.8750000e+02;2.6094526e-01;2.8750000e+02;2.4149311e-01;2.8750000e+02;2.1714424e-01;2.8750000e+02;3.4572270e-02;2.8750000e+02;4.7692560e-02;2.8750000e+02;6.2618457e-02;2.8750000e+02;7.9806156e-02;2.8750000e+02;9.8251253e-02;2.8750000e+02;1.1751177e-01;2.8750000e+02;1.3929883e-01;2.8750000e+02;1.6277003e-01;2.8750000e+02;1.8941619e-01;2.8750000e+02;2.1935266e-01;2.8750000e+02;2.4672021e-01;2.8750000e+02;2.7170509e-01;2.8750000e+02;2.8198895e-01;2.8750000e+02;2.8168949e-01;2.8750000e+02;2.7423769e-01;2.8750000e+02;2.6094526e-01;2.8750000e+02;2.4149311e-01;2.8750000e+02;2.1714424e-01
2.9250000e+02;3.6332019e-02;2.9250000e+02;4.9471598e-02;2.9250000e+02;6.5732449e-02;2.9250000e+02;8.3680339e-02;2.9250000e+02;1.0381012e-01;2.9250000e+02;1.2332842e-01;2.9250000e+02;1.4440638e-01;2.9250000e+02;1.6758429e-01;2.9250000e+02;1.9486775e-01;2.9250000e+02;2.2408225e-01;2.9250000e+02;2.5419745e-01;2.9250000e+02;2.7766404e-01;2.9250000e+02;2.8698003e-01;2.9250000e+02;2.8664356e-01;2.9250000e+02;2.7945751e-01;2.9250000e+02;2.6632300e-01;2.9250000e+02;2.4715781e-01;2.9250000e+02;2.2321533e-01;2.9250000e+02;3.6332019e-02;2.9250000e+02;4.9471598e-02;2.9250000e+02;6.5732449e-02;2.9250000e+02;8.3680339e-02;2.9250000e+02;1.0381012e-01;2.9250000e+02;1.2332842e-01;2.9250000e+02;1.4440638e-01;2.9250000e+02;1.6758429e-01;2.9250000e+02;1.9486775e-01;2.9250000e+02;2.2408225e-01;2.9250000e+02;2.5419745e-01;2.9250000e+02;2.7766404e-01;2.9250000e+02;2.8698003e-01;2.9250000e+02;2.8664356e-01;2.9250000e+02;2.7945751e-01;2.9250000e+02;2.6632300e-01;2.9250000e+02;2.4715781e-01;2.9250000e+02;2.2321533e-01;2.9250000e+02;3.6332019e-02;2.9250000e+02;4.9471598e-02;2.9250000e+02;6.5732449e-02;2.9250000e+02;8.3680339e-02;2.9250000e+02;1.0381012e-01;2.9250000e+02;1.2332842e-01;2.9250000e+02;1.4440638e-01;2.9250000e+02;1.6758429e-01;2.9250000e+02;1.9486775e-01;2.9250000e+02;2.2408225e-01;2.9250000e+02;2.5419745e-01;2.9250000e+02;2.7766404e-01;2.9250000e+02;2.8698003e-01;2.9250000e+02;2.8664356e-01;2.9250000e+02;2.7945751e-01;2.9250000e+02;2.6632300e-01;2.9250000e+02;2.4715781e-01;2.9250000e+02;2.2321533e-01;2.9250000e+02;3.6332019e-02;2.9250000e+02;4.9471598e-02;2.9250000e+02;6.5732449e-02;2.9250000e+02;8.3680339e-02;2.9250000e+02;1.0381012e-01;2.9250000e+02;1.2332842e-01;2.9250000e+02;1.4440638e-01;2.9250000e+02;1.6758429e-01;2.9250000e+02;1.9486775e-01;2.9250000e+02;2.2408225e-01;2.9250000e+02;2.5419745e-01;2.9250000e+02;2.7766404e-01;2.9250000e+02;2.8698003e-01;2.9250000e+02;2.8664356e-01;2.9250000e+02;2.7945751e-01;2.9250000e+02;2.6632300e-01;2.9250000e+02;2.4715781e-01;2.9250000e+02;2.2321533e-01;2.9250000e+02;3.6332019e-02;2.9250000e+02;4.9471598e-02;2.9250000e+02;6.5732449e-02;2.9250000e+02;8.3680339e-02;2.9250000e+02;1.0381012e-01;2.9250000e+02;1.2332842e-01;2.9250000e+02;1.4440638e-01;2.9250000e+02;1.6758429e-01;2.9250000e+02;1.9486775e-01;2.9250000e+02;2.2408225e-01;2.9250000e+02;2.5419745e-01;2.9250000e+02;2.7766404e-01;2.9250000e+02;2.8698003e-01;2.9250000e+02;2.8664356e-01;2.9250000e+02;2.7945751e-01;2.9250000e+02;2.6632300e-01;2.9250000e+02;2.4715781e-01;2.9250000e+02;2.2321533e-01;2.9250000e+02;3.6332019e-02;2.9250000e+02;4.9471598e-02;2.9250000e+02;6.5732449e-02;2.9250000e+02;8.3680339e-02;2.9250000e+02;1.0381012e-01;2.9250000e+02;1.2332842e-01;2.9250000e+02;1.4440638e-01;2.9250000e+02;1.6758429e-01;2.9250000e+02;1.9486775e-01;2.9250000e+02;2.2408225e-01;2.9250000e+02;2.5419745e-01;2.9250000e+02;2.7766404e-01;2.9250000e+02;2.8698003e-01;2.9250000e+02;2.8664356e-01;2.9250000e+02;2.7945751e-01;2.9250000e+02;2.6632300e-01;2.9250000e+02;2.4715781e-01;2.9250000e+02;2.2321533e-01;2.9250000e+02;3.6332019e-02;2.9250000e+02;4.9471598e-02;2.9250000e+02;6.5732449e-02;2.9250000e+02;8.3680339e-02;2.9250000e+02;1.0381012e-01;2.9250000e+02;1.2332842e-01;2.9250000e+02;1.4440638e-01;2.9250000e+02;1.6758429e-01;2.9250000e+02;1.9486775e-01;2.9250000e+02;2.2408225e-01;2.9250000e+02;2.5419745e-01;2.9250000e+02;2.7766404e-01;2.9250000e+02;2.8698003e-01;2.9250000e+02;2.8664356e-01;2.9250000e+02;2.7945751e-01;2.9250000e+02;2.6632300e-01;2.9250000e+02;2.4715781e-01;2.9250000e+02;2.2321533e-01;2.9250000e+02;3.6332019e-02;2.9250000e+02;4.9471598e-02;2.9250000e+02;6.5732449e-02;2.9250000e+02;8.3680339e-02;2.9250000e+02;1.0381012e-01;2.9250000e+02;1.2332842e-01;2.9250000e+02;1.4440638e-01;2.9250000e+02;1.6758429e-01;2.9250000e+02;1.9486775e-01;2.9250000e+02;2.2408225e-01;2.9250000e+02;2.5419745e-01;2.9250000e+02;2.7766404e-01;2.9250000e+02;2.8698003e-01;2.9250000e+02;2.8664356e-01;2.9250000e+02;2.7945751e-01;2.9250000e+02;2.6632300e-01;2.9250000e+02;2.4715781e-01;2.9250000e+02;2.2321533e-01;2.9250000e+02;3.6332019e-02;2.9250000e+02;4.9471598e-02;2.9250000e+02;6.5732449e-02;2.9250000e+02;8.3680339e-02;2.9250000e+02;1.0381012e-01;2.9250000e+02;1.2332842e-01;2.9250000e+02;1.4440638e-01;2.9250000e+02;1.6758429e-01;2.9250000e+02;1.9486775e-01;2.9250000e+02;2.2408225e-01;2.9250000e+02;2.5419745e-01;2.9250000e+02;2.7766404e-01;2.9250000e+02;2.8698003e-01;2.9250000e+02;2.8664356e-01;2.9250000e+02;2.7945751e-01;2.9250000e+02;2.6632300e-01;2.9250000e+02;2.4715781e-01;2.9250000e+02;2.2321533e-01;2.9250000e+02;3.6332019e-02;2.9250000e+02;4.9471598e-02;2.9250000e+02;6.5732449e-02;2.9250000e+02;8.3680339e-02;2.9250000e+02;1.0381012e-01;2.9250000e+02;1.2332842e-01;2.9250000e+02;1.4440638e-01;2.9250000e+02;1.6758429e-01;2.9250000e+02;1.9486775e-01;2.9250000e+02;2.2408225e-01;2.9250000e+02;2.5419745e-01;2.9250000e+02;2.7766404e-01;2.9250000e+02;2.8698003e-01;2.9250000e+02;2.8664356e-01;2.9250000e+02;2.7945751e-01;2.9250000e+02;2.6632300e-01;2.9250000e+02;2.4715781e-01;2.9250000e+02;2.2321533e-01;2.9250000e+02;3.6332019e-02;2.9250000e+02;4.9471598e-02;2.9250000e+02;6.5732449e-02;2.9250000e+02;8.3680339e-02;2.9250000e+02;1.0381012e-01;2.9250000e+02;1.2332842e-01;2.9250000e+02;1.4440638e-01;2.9250000e+02;1.6758429e-01;2.9250000e+02;1.9486775e-01;2.9250000e+02;2.2408225e-01;2.9250000e+02;2.5419745e-01;2.9250000e+02;2.7766404e-01;2.9250000e+02;2.8698003e-01;2.9250000e+02;2.8664356e-01;2.9250000e+02;2.7945751e-01;2.9250000e+02;2.6632300e-01;2.9250000e+02;2.4715781e-01;2.9250000e+02;2.2321533e-01;2.9250000e+02;3.6332019e-02;2.9250000e+02;4.9471598e-02;2.9250000e+02;6.5732449e-02;2.9250000e+02;8.3680339e-02;2.9250000e+02;1.0381012e-01;2.9250000e+02;1.2332842e-01;2.9250000e+02;1.4440638e-01;2.9250000e+02;1.6758429e-01;2.9250000e+02;1.9486775e-01;2.9250000e+02;2.2408225e-01;2.9250000e+02;2.5419745e-01;2.9250000e+02;2.7766404e-01;2.9250000e+02;2.8698003e-01;2.9250000e+02;2.8664356e-01;2.9250000e+02;2.7945751e-01;2.9250000e+02;2.6632300e-01;2.9250000e+02;2.4715781e-01;2.9250000e+02;2.2321533e-01;2.9250000e+02;3.6332019e-02;2.9250000e+02;4.9471598e-02;2.9250000e+02;6.5732449e-02;2.9250000e+02;8.3680339e-02;2.9250000e+02;1.0381012e-01;2.9250000e+02;1.2332842e-01;2.9250000e+02;1.4440638e-01;2.9250000e+02;1.6758429e-01;2.9250000e+02;1.9486775e-01;2.9250000e+02;2.2408225e-01;2.9250000e+02;2.5419745e-01;2.9250000e+02;2.7766404e-01;2.9250000e+02;2.8698003e-01;2.9250000e+02;2.8664356e-01;2.9250000e+02;2.7945751e-01;2.9250000e+02;2.6632300e-01;2.9250000e+02;2.4715781e-01;2.9250000e+02;2.2321533e-01;2.9250000e+02;3.6332019e-02;2.9250000e+02;4.9471598e-02;2.9250000e+02;6.5732449e-02;2.9250000e+02;8.3680339e-02;2.9250000e+02;1.0381012e-01;2.9250000e+02;1.2332842e-01;2.9250000e+02;1.4440638e-01;2.9250000e+02;1.6758429e-01;2.9250000e+02;1.9486775e-01;2.9250000e+02;2.2408225e-01;2.9250000e+02;2.5419745e-01;2.9250000e+02;2.7766404e-01;2.9250000e+02;2.8698003e-01;2.9250000e+02;2.8664356e-01;2.9250000e+02;2.7945751e-01;2.9250000e+02;2.6632300e-01;2.9250000e+02;2.4715781e-01;2.9250000e+02;2.2321533e-01;2.9250000e+02;3.6332019e-02;2.9250000e+02;4.9471598e-02;2.9250000e+02;6.5732449e-02;2.9250000e+02;8.3680339e-02;2.9250000e+02;1.0381012e-01;2.9250000e+02;1.2332842e-01;2.9250000e+02;1.4440638e-01;2.9250000e+02;1.6758429e-01;2.9250000e+02;1.9486775e-01;2.9250000e+02;2.2408225e-01;2.9250000e+02;2.5419745e-01;2.9250000e+02;2.7766404e-01;2.9250000e+02;2.8698003e-01;2.9250000e+02;2.8664356e-01;2.9250000e+02;2.7945751e-01;2.9250000e+02;2.6632300e-01;2.9250000e+02;2.4715781e-01;2.9250000e+02;2.2321533e-01;2.9250000e+02;3.6332019e-02;2.9250000e+02;4.9471598e-02;2.9250000e+02;6.5732449e-02;2.9250000e+02;8.3680339e-02;2.9250000e+02;1.0381012e-01;2.9250000e+02;1.2332842e-01;2.9250000e+02;1.4440638e-01;2.9250000e+02;1.6758429e-01;2.9250000e+02;1.9486775e-01;2.9250000e+02;2.2408225e-01;2.9250000e+02;2.5419745e-01;2.9250000e+02;2.7766404e-01;2.9250000e+02;2.8698003e-01;2.9250000e+02;2.8664356e-01;2.9250000e+02;2.7945751e-01;2.9250000e+02;2.6632300e-01;2.9250000e+02;2.4715781e-01;2.9250000e+02;2.2321533e-01;2.9250000e+02;3.6332019e-02;2.9250000e+02;4.9471598e-02;2.9250000e+02;6.5732449e-02;2.9250000e+02;8.3680339e-02;2.9250000e+02;1.0381012e-01;2.9250000e+02;1.2332842e-01;2.9250000e+02;1.4440638e-01;2.9250000e+02;1.6758429e-01;2.9250000e+02;1.9486775e-01;2.9250000e+02;2.2408225e-01;2.9250000e+02;2.5419745e-01;2.9250000e+02;2.7766404e-01;2.9250000e+02;2.8698003e-01;2.9250000e+02;2.8664356e-01;2.9250000e+02;2.7945751e-01;2.9250000e+02;2.6632300e-01;2.9250000e+02;2.4715781e-01;2.9250000e+02;2.2321533e-01;2.9250000e+02;3.6332019e-02;2.9250000e+02;4.9471598e-02;2.9250000e+02;6.5732449e-02;2.9250000e+02;8.3680339e-02;2.9250000e+02;1.0381012e-01;2.9250000e+02;1.2332842e-01;2.9250000e+02;1.4440638e-01;2.9250000e+02;1.6758429e-01;2.9250000e+02;1.9486775e-01;2.9250000e+02;2.2408225e-01;2.9250000e+02;2.5419745e-01;2.9250000e+02;2.7766404e-01;2.9250000e+02;2.8698003e-01;2.9250000e+02;2.8664356e-01;2.9250000e+02;2.7945751e-01;2.9250000e+02;2.6632300e-01;2.9250000e+02;2.4715781e-01;2.9250000e+02;2.2321533e-01;2.9250000e+02;3.6332019e-02;2.9250000e+02;4.9471598e-02;2.9250000e+02;6.5732449e-02;2.9250000e+02;8.3680339e-02;2.9250000e+02;1.0381012e-01;2.9250000e+02;1.2332842e-01;2.9250000e+02;1.4440638e-01;2.9250000e+02;1.6758429e-01;2.9250000e+02;1.9486775e-01;2.9250000e+02;2.2408225e-01;2.9250000e+02;2.5419745e-01;2.9250000e+02;2.7766404e-01;2.9250000e+02;2.8698003e-01;2.9250000e+02;2.8664356e-01;2.9250000e+02;2.7945751e-01;2.9250000e+02;2.6632300e-01;2.9250000e+02;2.4715781e-01;2.9250000e+02;2.2321533e-01;2.9250000e+02;3.6332019e-02;2.9250000e+02;4.9471598e-02;2.9250000e+02;6.5732449e-02;2.9250000e+02;8.3680339e-02;2.9250000e+02;1.0381012e-01;2.9250000e+02;1.2332842e-01;2.9250000e+02;1.4440638e-01;2.9250000e+02;1.6758429e-01;2.9250000e+02;1.9486775e-01;2.9250000e+02;2.2408225e-01;2.9250000e+02;2.5419745e-01;2.9250000e+02;2.7766404e-01;2.9250000e+02;2.8698003e-01;2.9250000e+02;2.8664356e-01;2.9250000e+02;2.7945751e-01;2.9250000e+02;2.6632300e-01;2.9250000e+02;2.4715781e-01;2.9250000e+02;2.2321533e-01;2.9250000e+02;3.6332019e-02;2.9250000e+02;4.9471598e-02;2.9250000e+02;6.5732449e-02;2.9250000e+02;8.3680339e-02;2.9250000e+02;1.0381012e-01;2.9250000e+02;1.2332842e-01;2.9250000e+02;1.4440638e-01;2.9250000e+02;1.6758429e-01;2.9250000e+02;1.9486775e-01;2.9250000e+02;2.2408225e-01;2.9250000e+02;2.5419745e-01;2.9250000e+02;2.7766404e-01;2.9250000e+02;2.8698003e-01;2.9250000e+02;2.8664356e-01;2.9250000e+02;2.7945751e-01;2.9250000e+02;2.6632300e-01;2.9250000e+02;2.4715781e-01;2.9250000e+02;2.2321533e-01;2.9250000e+02;3.6332019e-02;2.9250000e+02;4.9471598e-02;2.9250000e+02;6.5732449e-02;2.9250000e+02;8.3680339e-02;2.9250000e+02;1.0381012e-01;2.9250000e+02;1.2332842e-01;2.9250000e+02;1.4440638e-01;2.9250000e+02;1.6758429e-01;2.9250000e+02;1.9486775e-01;2.9250000e+02;2.2408225e-01;2.9250000e+02;2.5419745e-01;2.9250000e+02;2.7766404e-01;2.9250000e+02;2.8698003e-01;2.9250000e+02;2.8664356e-01;2.9250000e+02;2.7945751e-01;2.9250000e+02;2.6632300e-01;2.9250000e+02;2.4715781e-01;2.9250000e+02;2.2321533e-01;2.9250000e+02;3.6332019e-02;2.9250000e+02;4.9471598e-02;2.9250000e+02;6.5732449e-02;2.9250000e+02;8.3680339e-02;2.9250000e+02;1.0381012e-01;2.9250000e+02;1.2332842e-01;2.9250000e+02;1.4440638e-01;2.9250000e+02;1.6758429e-01;2.9250000e+02;1.9486775e-01;2.9250000e+02;2.2408225e-01;2.9250000e+02;2.5419745e-01;2.9250000e+02;2.7766404e-01;2.9250000e+02;2.8698003e-01;2.9250000e+02;2.8664356e-01;2.9250000e+02;2.7945751e-01;2.9250000e+02;2.6632300e-01;2.9250000e+02;2.4715781e-01;2.9250000e+02;2.2321533e-01;2.9250000e+02;3.6332019e-02;2.9250000e+02;4.9471598e-02;2.9250000e+02;6.5732449e-02;2.9250000e+02;8.3680339e-02;2.9250000e+02;1.0381012e-01;2.9250000e+02;1.2332842e-01;2.9250000e+02;1.4440638e-01;2.9250000e+02;1.6758429e-01;2.9250000e+02;1.9486775e-01;2.9250000e+02;2.2408225e-01;2.9250000e+02;2.5419745e-01;2.9250000e+02;2.7766404e-01;2.9250000e+02;2.8698003e-01;2.9250000e+02;2.8664356e-01;2.9250000e+02;2.7945751e-01;2.9250000e+02;2.6632300e-01;2.9250000e+02;2.4715781e-01;2.9250000e+02;2.2321533e-01;2.9250000e+02;3.6332019e-02;2.9250000e+02;4.9471598e-02;2.9250000e+02;6.5732449e-02;2.9250000e+02;8.3680339e-02;2.9250000e+02;1.0381012e-01;2.9250000e+02;1.2332842e-01;2.9250000e+02;1.4440638e-01;2.9250000e+02;1.6758429e-01;2.9250000e+02;1.9486775e-01;2.9250000e+02;2.2408225e-01;2.9250000e+02;2.5419745e-01;2.9250000e+02;2.7766404e-01;2.9250000e+02;2.8698003e-01;2.9250000e+02;2.8664356e-01;2.9250000e+02;2.7945751e-01;2.9250000e+02;2.6632300e-01;2.9250000e+02;2.4715781e-01;2.9250000e+02;2.2321533e-01;2.9250000e+02;3.6332019e-02;2.9250000e+02;4.9471598e-02;2.9250000e+02;6.5732449e-02;2.9250000e+02;8.3680339e-02;2.9250000e+02;1.0381012e-01;2.9250000e+02;1.2332842e-01;2.9250000e+02;1.4440638e-01;2.9250000e+02;1.6758429e-01;2.9250000e+02;1.9486775e-01;2.9250000e+02;2.2408225e-01;2.9250000e+02;2.5419745e-01;2.9250000e+02;2.7766404e-01;2.9250000e+02;2.8698003e-01;2.9250000e+02;2.8664356e-01;2.9250000e+02;2.7945751e-01;2.9250000e+02;2.6632300e-01;2.9250000e+02;2.4715781e-01;2.9250000e+02;2.2321533e-01;2.9250000e+02;3.6332019e-02;2.9250000e+02;4.9471598e-02;2.9250000e+02;6.5732449e-02;2.9250000e+02;8.3680339e-02;2.9250000e+02;1.0381012e-01;2.9250000e+02;1.2332842e-01;2.9250000e+02;1.4440638e-01;2.9250000e+02;1.6758429e-01;2.9250000e+02;1.9486775e-01;2.9250000e+02;2.2408225e-01;2.9250000e+02;2.5419745e-01;2.9250000e+02;2.7766404e-01;2.9250000e+02;2.8698003e-01;2.9250000e+02;2.8664356e-01;2.9250000e+02;2.7945751e-01;2.9250000e+02;2.6632300e-01;2.9250000e+02;2.4715781e-01;2.9250000e+02;2.2321533e-01;2.9250000e+02;3.6332019e-02;2.9250000e+02;4.9471598e-02;2.9250000e+02;6.5732449e-02;2.9250000e+02;8.3680339e-02;2.9250000e+02;1.0381012e-01;2.9250000e+02;1.2332842e-01;2.9250000e+02;1.4440638e-01;2.9250000e+02;1.6758429e-01;2.9250000e+02;1.9486775e-01;2.9250000e+02;2.2408225e-01;2.9250000e+02;2.5419745e-01;2.9250000e+02;2.7766404e-01;2.9250000e+02;2.8698003e-01;2.9250000e+02;2.8664356e-01;2.9250000e+02;2.7945751e-01;2.9250000e+02;2.6632300e-01;2.9250000e+02;2.4715781e-01;2.9250000e+02;2.2321533e-01;2.9250000e+02;3.6332019e-02;2.9250000e+02;4.9471598e-02;2.9250000e+02;6.5732449e-02;2.9250000e+02;8.3680339e-02;2.9250000e+02;1.0381012e-01;2.9250000e+02;1.2332842e-01;2.9250000e+02;1.4440638e-01;2.9250000e+02;1.6758429e-01;2.9250000e+02;1.9486775e-01;2.9250000e+02;2.2408225e-01;2.9250000e+02;2.5419745e-01;2.9250000e+02;2.7766404e-01;2.9250000e+02;2.8698003e-01;2.9250000e+02;2.8664356e-01;2.9250000e+02;2.7945751e-01;2.9250000e+02;2.6632300e-01;2.9250000e+02;2.4715781e-01;2.9250000e+02;2.2321533e-01;2.9250000e+02;3.6332019e-02;2.9250000e+02;4.9471598e-02;2.9250000e+02;6.5732449e-02;2.9250000e+02;8.3680339e-02;2.9250000e+02;1.0381012e-01;2.9250000e+02;1.2332842e-01;2.9250000e+02;1.4440638e-01;2.9250000e+02;1.6758429e-01;2.9250000e+02;1.9486775e-01;2.9250000e+02;2.2408225e-01;2.9250000e+02;2.5419745e-01;2.9250000e+02;2.7766404e-01;2.9250000e+02;2.8698003e-01;2.9250000e+02;2.8664356e-01;2.9250000e+02;2.7945751e-01;2.9250000e+02;2.6632300e-01;2.9250000e+02;2.4715781e-01;2.9250000e+02;2.2321533e-01;2.9250000e+02;3.6332019e-02;2.9250000e+02;4.9471598e-02;2.9250000e+02;6.5732449e-02;2.9250000e+02;8.3680339e-02;2.9250000e+02;1.0381012e-01;2.9250000e+02;1.2332842e-01;2.9250000e+02;1.4440638e-01;2.9250000e+02;1.6758429e-01;2.9250000e+02;1.9486775e-01;2.9250000e+02;2.2408225e-01;2.9250000e+02;2.5419745e-01;2.9250000e+02;2.7766404e-01;2.9250000e+02;2.8698003e-01;2.9250000e+02;2.8664356e-01;2.9250000e+02;2.7945751e-01;2.9250000e+02;2.6632300e-01;2.9250000e+02;2.4715781e-01;2.9250000e+02;2.2321533e-01;2.9250000e+02;3.6332019e-02;2.9250000e+02;4.9471598e-02;2.9250000e+02;6.5732449e-02;2.9250000e+02;8.3680339e-02;2.9250000e+02;1.0381012e-01;2.9250000e+02;1.2332842e-01;2.9250000e+02;1.4440638e-01;2.9250000e+02;1.6758429e-01;2.9250000e+02;1.9486775e-01;2.9250000e+02;2.2408225e-01;2.9250000e+02;2.5419745e-01;2.9250000e+02;2.7766404e-01;2.9250000e+02;2.8698003e-01;2.9250000e+02;2.8664356e-01;2.9250000e+02;2.7945751e-01;2.9250000e+02;2.6632300e-01;2.9250000e+02;2.4715781e-01;2.9250000e+02;2.2321533e-01;2.9250000e+02;3.6332019e-02;2.9250000e+02;4.9471598e-02;2.9250000e+02;6.5732449e-02;2.9250000e+02;8.3680339e-02;2.9250000e+02;1.0381012e-01;2.9250000e+02;1.2332842e-01;2.9250000e+02;1.4440638e-01;2.9250000e+02;1.6758429e-01;2.9250000e+02;1.9486775e-01;2.9250000e+02;2.2408225e-01;2.9250000e+02;2.5419745e-01;2.9250000e+02;2.7766404e-01;2.9250000e+02;2.8698003e-01;2.9250000e+02;2.8664356e-01;2.9250000e+02;2.7945751e-01;2.9250000e+02;2.6632300e-01;2.9250000e+02;2.4715781e-01;2.9250000e+02;2.2321533e-01;2.9250000e+02;3.6332019e-02;2.9250000e+02;4.9471598e-02;2.9250000e+02;6.5732449e-02;2.9250000e+02;8.3680339e-02;2.9250000e+02;1.0381012e-01;2.9250000e+02;1.2332842e-01;2.9250000e+02;1.4440638e-01;2.9250000e+02;1.6758429e-01;2.9250000e+02;1.9486775e-01;2.9250000e+02;2.2408225e-01;2.9250000e+02;2.5419745e-01;2.9250000e+02;2.7766404e-01;2.9250000e+02;2.8698003e-01;2.9250000e+02;2.8664356e-01;2.9250000e+02;2.7945751e-01;2.9250000e+02;2.6632300e-01;2.9250000e+02;2.4715781e-01;2.9250000e+02;2.2321533e-01;2.9250000e+02;3.6332019e-02;2.9250000e+02;4.9471598e-02;2.9250000e+02;6.5732449e-02;2.9250000e+02;8.3680339e-02;2.9250000e+02;1.0381012e-01;2.9250000e+02;1.2332842e-01;2.9250000e+02;1.4440638e-01;2.9250000e+02;1.6758429e-01;2.9250000e+02;1.9486775e-01;2.9250000e+02;2.2408225e-01;2.9250000e+02;2.5419745e-01;2.9250000e+02;2.7766404e-01;2.9250000e+02;2.8698003e-01;2.9250000e+02;2.8664356e-01;2.9250000e+02;2.7945751e-01;2.9250000e+02;2.6632300e-01;2.9250000e+02;2.4715781e-01;2.9250000e+02;2.2321533e-01;2.9250000e+02;3.6332019e-02;2.9250000e+02;4.9471598e-02;2.9250000e+02;6.5732449e-02;2.9250000e+02;8.3680339e-02;2.9250000e+02;1.0381012e-01;2.9250000e+02;1.2332842e-01;2.9250000e+02;1.4440638e-01;2.9250000e+02;1.6758429e-01;2.9250000e+02;1.9486775e-01;2.9250000e+02;2.2408225e-01;2.9250000e+02;2.5419745e-01;2.9250000e+02;2.7766404e-01;2.9250000e+02;2.8698003e-01;2.9250000e+02;2.8664356e-01;2.9250000e+02;2.7945751e-01;2.9250000e+02;2.6632300e-01;2.9250000e+02;2.4715781e-01;2.9250000e+02;2.2321533e-01;2.9250000e+02;3.6332019e-02;2.9250000e+02;4.9471598e-02;2.9250000e+02;6.5732449e-02;2.9250000e+02;8.3680339e-02;2.9250000e+02;1.0381012e-01;2.9250000e+02;1.2332842e-01;2.9250000e+02;1.4440638e-01;2.9250000e+02;1.6758429e-01;2.9250000e+02;1.9486775e-01;2.9250000e+02;2.2408225e-01;2.9250000e+02;2.5419745e-01;2.9250000e+02;2.7766404e-01;2.9250000e+02;2.8698003e-01;2.9250000e+02;2.8664356e-01;2.9250000e+02;2.7945751e-01;2.9250000e+02;2.6632300e-01;2.9250000e+02;2.4715781e-01;2.9250000e+02;2.2321533e-01;2.9250000e+02;3.6332019e-02;2.9250000e+02;4.9471598e-02;2.9250000e+02;6.5732449e-02;2.9250000e+02;8.3680339e-02;2.9250000e+02;1.0381012e-01;2.9250000e+02;1.2332842e-01;2.9250000e+02;1.4440638e-01;2.9250000e+02;1.6758429e-01;2.9250000e+02;1.9486775e-01;2.9250000e+02;2.2408225e-01;2.9250000e+02;2.5419745e-01;2.9250000e+02;2.7766404e-01;2.9250000e+02;2.8698003e-01;2.9250000e+02;2.8664356e-01;2.9250000e+02;2.7945751e-01;2.9250000e+02;2.6632300e-01;2.9250000e+02;2.4715781e-01;2.9250000e+02;2.2321533e-01;2.9250000e+02;3.6332019e-02;2.9250000e+02;4.9471598e-02;2.9250000e+02;6.5732449e-02;2.9250000e+02;8.3680339e-02;2.9250000e+02;1.0381012e-01;2.9250000e+02;1.2332842e-01;2.9250000e+02;1.4440638e-01;2.9250000e+02;1.6758429e-01;2.9250000e+02;1.9486775e-01;2.9250000e+02;2.2408225e-01;2.9250000e+02;2.5419745e-01;2.9250000e+02;2.7766404e-01;2.9250000e+02;2.8698003e-01;2.9250000e+02;2.8664356e-01;2.9250000e+02;2.7945751e-01;2.9250000e+02;2.6632300e-01;2.9250000e+02;2.4715781e-01;2.9250000e+02;2.2321533e-01;2.9250000e+02;3.6332019e-02;2.9250000e+02;4.9471598e-02;2.9250000e+02;6.5732449e-02;2.9250000e+02;8.3680339e-02;2.9250000e+02;1.0381012e-01;2.9250000e+02;1.2332842e-01;2.9250000e+02;1.4440638e-01;2.9250000e+02;1.6758429e-01;2.9250000e+02;1.9486775e-01;2.9250000e+02;2.2408225e-01;2.9250000e+02;2.5419745e-01;2.9250000e+02;2.7766404e-01;2.9250000e+02;2.8698003e-01;2.9250000e+02;2.8664356e-01;2.9250000e+02;2.7945751e-01;2.9250000e+02;2.6632300e-01;2.9250000e+02;2.4715781e-01;2.9250000e+02;2.2321533e-01;2.9250000e+02;3.6332019e-02;2.9250000e+02;4.9471598e-02;2.9250000e+02;6.5732449e-02;2.9250000e+02;8.3680339e-02;2.9250000e+02;1.0381012e-01;2.9250000e+02;1.2332842e-01;2.9250000e+02;1.4440638e-01;2.9250000e+02;1.6758429e-01;2.9250000e+02;1.9486775e-01;2.9250000e+02;2.2408225e-01;2.9250000e+02;2.5419745e-01;2.9250000e+02;2.7766404e-01;2.9250000e+02;2.8698003e-01;2.9250000e+02;2.8664356e-01;2.9250000e+02;2.7945751e-01;2.9250000e+02;2.6632300e-01;2.9250000e+02;2.4715781e-01;2.9250000e+02;2.2321533e-01;2.9250000e+02;3.6332019e-02;2.9250000e+02;4.9471598e-02;2.9250000e+02;6.5732449e-02;2.9250000e+02;8.3680339e-02;2.9250000e+02;1.0381012e-01;2.9250000e+02;1.2332842e-01;2.9250000e+02;1.4440638e-01;2.9250000e+02;1.6758429e-01;2.9250000e+02;1.9486775e-01;2.9250000e+02;2.2408225e-01;2.9250000e+02;2.5419745e-01;2.9250000e+02;2.7766404e-01;2.9250000e+02;2.8698003e-01;2.9250000e+02;2.8664356e-01;2.9250000e+02;2.7945751e-01;2.9250000e+02;2.6632300e-01;2.9250000e+02;2.4715781e-01;2.9250000e+02;2.2321533e-01;2.9250000e+02;3.6332019e-02;2.9250000e+02;4.9471598e-02;2.9250000e+02;6.5732449e-02;2.9250000e+02;8.3680339e-02;2.9250000e+02;1.0381012e-01;2.9250000e+02;1.2332842e-01;2.9250000e+02;1.4440638e-01;2.9250000e+02;1.6758429e-01;2.9250000e+02;1.9486775e-01;2.9250000e+02;2.2408225e-01;2.9250000e+02;2.5419745e-01;2.9250000e+02;2.7766404e-01;2.9250000e+02;2.8698003e-01;2.9250000e+02;2.8664356e-01;2.9250000e+02;2.7945751e-01;2.9250000e+02;2.6632300e-01;2.9250000e+02;2.4715781e-01;2.9250000e+02;2.2321533e-01;2.9250000e+02;3.6332019e-02;2.9250000e+02;4.9471598e-02;2.9250000e+02;6.5732449e-02;2.9250000e+02;8.3680339e-02;2.9250000e+02;1.0381012e-01;2.9250000e+02;1.2332842e-01;2.9250000e+02;1.4440638e-01;2.9250000e+02;1.6758429e-01;2.9250000e+02;1.9486775e-01;2.9250000e+02;2.2408225e-01;2.9250000e+02;2.5419745e-01;2.9250000e+02;2.7766404e-01;2.9250000e+02;2.8698003e-01;2.9250000e+02;2.8664356e-01;2.9250000e+02;2.7945751e-01;2.9250000e+02;2.6632300e-01;2.9250000e+02;2.4715781e-01;2.9250000e+02;2.2321533e-01;2.9250000e+02;3.6332019e-02;2.9250000e+02;4.9471598e-02;2.9250000e+02;6.5732449e-02;2.9250000e+02;8.3680339e-02;2.9250000e+02;1.0381012e-01;2.9250000e+02;1.2332842e-01;2.9250000e+02;1.4440638e-01;2.9250000e+02;1.6758429e-01;2.9250000e+02;1.9486775e-01;2.9250000e+02;2.2408225e-01;2.9250000e+02;2.5419745e-01;2.9250000e+02;2.7766404e-01;2.9250000e+02;2.8698003e-01;2.9250000e+02;2.8664356e-01;2.9250000e+02;2.7945751e-01;2.9250000e+02;2.6632300e-01;2.9250000e+02;2.4715781e-01;2.9250000e+02;2.2321533e-01;2.9250000e+02;3.6332019e-02;2.9250000e+02;4.9471598e-02;2.9250000e+02;6.5732449e-02;2.9250000e+02;8.3680339e-02;2.9250000e+02;1.0381012e-01;2.9250000e+02;1.2332842e-01;2.9250000e+02;1.4440638e-01;2.9250000e+02;1.6758429e-01;2.9250000e+02;1.9486775e-01;2.9250000e+02;2.2408225e-01;2.9250000e+02;2.5419745e-01;2.9250000e+02;2.7766404e-01;2.9250000e+02;2.8698003e-01;2.9250000e+02;2.8664356e-01;2.9250000e+02;2.7945751e-01;2.9250000e+02;2.6632300e-01;2.9250000e+02;2.4715781e-01;2.9250000e+02;2.2321533e-01;2.9250000e+02;3.6332019e-02;2.9250000e+02;4.9471598e-02;2.9250000e+02;6.5732449e-02;2.9250000e+02;8.3680339e-02;2.9250000e+02;1.0381012e-01;2.9250000e+02;1.2332842e-01;2.9250000e+02;1.4440638e-01;2.9250000e+02;1.6758429e-01;2.9250000e+02;1.9486775e-01;2.9250000e+02;2.2408225e-01;2.9250000e+02;2.5419745e-01;2.9250000e+02;2.7766404e-01;2.9250000e+02;2.8698003e-01;2.9250000e+02;2.8664356e-01;2.9250000e+02;2.7945751e-01;2.9250000e+02;2.6632300e-01;2.9250000e+02;2.4715781e-01;2.9250000e+02;2.2321533e-01;2.9250000e+02;3.6332019e-02;2.9250000e+02;4.9471598e-02;2.9250000e+02;6.5732449e-02;2.9250000e+02;8.3680339e-02;2.9250000e+02;1.0381012e-01;2.9250000e+02;1.2332842e-01;2.9250000e+02;1.4440638e-01;2.9250000e+02;1.6758429e-01;2.9250000e+02;1.9486775e-01;2.9250000e+02;2.2408225e-01;2.9250000e+02;2.5419745e-01;2.9250000e+02;2.7766404e-01;2.9250000e+02;2.8698003e-01;2.9250000e+02;2.8664356e-01;2.9250000e+02;2.7945751e-01;2.9250000e+02;2.6632300e-01;2.9250000e+02;2.4715781e-01;2.9250000e+02;2.2321533e-01;2.9250000e+02;3.6332019e-02;2.9250000e+02;4.9471598e-02;2.9250000e+02;6.5732449e-02;2.9250000e+02;8.3680339e-02;2.9250000e+02;1.0381012e-01;2.9250000e+02;1.2332842e-01;2.9250000e+02;1.4440638e-01;2.9250000e+02;1.6758429e-01;2.9250000e+02;1.9486775e-01;2.9250000e+02;2.2408225e-01;2.9250000e+02;2.5419745e-01;2.9250000e+02;2.7766404e-01;2.9250000e+02;2.8698003e-01;2.9250000e+02;2.8664356e-01;2.9250000e+02;2.7945751e-01;2.9250000e+02;2.6632300e-01;2.9250000e+02;2.4715781e-01;2.9250000e+02;2.2321533e-01;2.9250000e+02;3.6332019e-02;2.9250000e+02;4.9471598e-02;2.9250000e+02;6.5732449e-02;2.9250000e+02;8.3680339e-02;2.9250000e+02;1.0381012e-01;2.9250000e+02;1.2332842e-01;2.9250000e+02;1.4440638e-01;2.9250000e+02;1.6758429e-01;2.9250000e+02;1.9486775e-01;2.9250000e+02;2.2408225e-01;2.9250000e+02;2.5419745e-01;2.9250000e+02;2.7766404e-01;2.9250000e+02;2.8698003e-01;2.9250000e+02;2.8664356e-01;2.9250000e+02;2.7945751e-01;2.9250000e+02;2.6632300e-01;2.9250000e+02;2.4715781e-01;2.9250000e+02;2.2321533e-01;2.9250000e+02;3.6332019e-02;2.9250000e+02;4.9471598e-02;2.9250000e+02;6.5732449e-02;2.9250000e+02;8.3680339e-02;2.9250000e+02;1.0381012e-01;2.9250000e+02;1.2332842e-01;2.9250000e+02;1.4440638e-01;2.9250000e+02;1.6758429e-01;2.9250000e+02;1.9486775e-01;2.9250000e+02;2.2408225e-01;2.9250000e+02;2.5419745e-01;2.9250000e+02;2.7766404e-01;2.9250000e+02;2.8698003e-01;2.9250000e+02;2.8664356e-01;2.9250000e+02;2.7945751e-01;2.9250000e+02;2.6632300e-01;2.9250000e+02;2.4715781e-01;2.9250000e+02;2.2321533e-01;2.9250000e+02;3.6332019e-02;2.9250000e+02;4.9471598e-02;2.9250000e+02;6.5732449e-02;2.9250000e+02;8.3680339e-02;2.9250000e+02;1.0381012e-01;2.9250000e+02;1.2332842e-01;2.9250000e+02;1.4440638e-01;2.9250000e+02;1.6758429e-01;2.9250000e+02;1.9486775e-01;2.9250000e+02;2.2408225e-01;2.9250000e+02;2.5419745e-01;2.9250000e+02;2.7766404e-01;2.9250000e+02;2.8698003e-01;2.9250000e+02;2.8664356e-01;2.9250000e+02;2.7945751e-01;2.9250000e+02;2.6632300e-01;2.9250000e+02;2.4715781e-01;2.9250000e+02;2.2321533e-01;2.9250000e+02;3.6332019e-02;2.9250000e+02;4.9471598e-02;2.9250000e+02;6.5732449e-02;2.9250000e+02;8.3680339e-02;2.9250000e+02;1.0381012e-01;2.9250000e+02;1.2332842e-01;2.9250000e+02;1.4440638e-01;2.9250000e+02;1.6758429e-01;2.9250000e+02;1.9486775e-01;2.9250000e+02;2.2408225e-01;2.9250000e+02;2.5419745e-01;2.9250000e+02;2.7766404e-01;2.9250000e+02;2.8698003e-01;2.9250000e+02;2.8664356e-01;2.9250000e+02;2.7945751e-01;2.9250000e+02;2.6632300e-01;2.9250000e+02;2.4715781e-01;2.9250000e+02;2.2321533e-01;2.9250000e+02;3.6332019e-02;2.9250000e+02;4.9471598e-02;2.9250000e+02;6.5732449e-02;2.9250000e+02;8.3680339e-02;2.9250000e+02;1.0381012e-01;2.9250000e+02;1.2332842e-01;2.9250000e+02;1.4440638e-01;2.9250000e+02;1.6758429e-01;2.9250000e+02;1.9486775e-01;2.9250000e+02;2.2408225e-01;2.9250000e+02;2.5419745e-01;2.9250000e+02;2.7766404e-01;2.9250000e+02;2.8698003e-01;2.9250000e+02;2.8664356e-01;2.9250000e+02;2.7945751e-01;2.9250000e+02;2.6632300e-01;2.9250000e+02;2.4715781e-01;2.9250000e+02;2.2321533e-01;2.9250000e+02;3.6332019e-02;2.9250000e+02;4.9471598e-02;2.9250000e+02;6.5732449e-02;2.9250000e+02;8.3680339e-02;2.9250000e+02;1.0381012e-01;2.9250000e+02;1.2332842e-01;2.9250000e+02;1.4440638e-01;2.9250000e+02;1.6758429e-01;2.9250000e+02;1.9486775e-01;2.9250000e+02;2.2408225e-01;2.9250000e+02;2.5419745e-01;2.9250000e+02;2.7766404e-01;2.9250000e+02;2.8698003e-01;2.9250000e+02;2.8664356e-01;2.9250000e+02;2.7945751e-01;2.9250000e+02;2.6632300e-01;2.9250000e+02;2.4715781e-01;2.9250000e+02;2.2321533e-01;2.9250000e+02;3.6332019e-02;2.9250000e+02;4.9471598e-02;2.9250000e+02;6.5732449e-02;2.9250000e+02;8.3680339e-02;2.9250000e+02;1.0381012e-01;2.9250000e+02;1.2332842e-01;2.9250000e+02;1.4440638e-01;2.9250000e+02;1.6758429e-01;2.9250000e+02;1.9486775e-01;2.9250000e+02;2.2408225e-01;2.9250000e+02;2.5419745e-01;2.9250000e+02;2.7766404e-01;2.9250000e+02;2.8698003e-01;2.9250000e+02;2.8664356e-01;2.9250000e+02;2.7945751e-01;2.9250000e+02;2.6632300e-01;2.9250000e+02;2.4715781e-01;2.9250000e+02;2.2321533e-01;2.9250000e+02;3.6332019e-02;2.9250000e+02;4.9471598e-02;2.9250000e+02;6.5732449e-02;2.9250000e+02;8.3680339e-02;2.9250000e+02;1.0381012e-01;2.9250000e+02;1.2332842e-01;2.9250000e+02;1.4440638e-01;2.9250000e+02;1.6758429e-01;2.9250000e+02;1.9486775e-01;2.9250000e+02;2.2408225e-01;2.9250000e+02;2.5419745e-01;2.9250000e+02;2.7766404e-01;2.9250000e+02;2.8698003e-01;2.9250000e+02;2.8664356e-01;2.9250000e+02;2.7945751e-01;2.9250000e+02;2.6632300e-01;2.9250000e+02;2.4715781e-01;2.9250000e+02;2.2321533e-01;2.9250000e+02;3.6332019e-02;2.9250000e+02;4.9471598e-02;2.9250000e+02;6.5732449e-02;2.9250000e+02;8.3680339e-02;2.9250000e+02;1.0381012e-01;2.9250000e+02;1.2332842e-01;2.9250000e+02;1.4440638e-01;2.9250000e+02;1.6758429e-01;2.9250000e+02;1.9486775e-01;2.9250000e+02;2.2408225e-01;2.9250000e+02;2.5419745e-01;2.9250000e+02;2.7766404e-01;2.9250000e+02;2.8698003e-01;2.9250000e+02;2.8664356e-01;2.9250000e+02;2.7945751e-01;2.9250000e+02;2.6632300e-01;2.9250000e+02;2.4715781e-01;2.9250000e+02;2.2321533e-01;2.9250000e+02;3.6332019e-02;2.9250000e+02;4.9471598e-02;2.9250000e+02;6.5732449e-02;2.9250000e+02;8.3680339e-02;2.9250000e+02;1.0381012e-01;2.9250000e+02;1.2332842e-01;2.9250000e+02;1.4440638e-01;2.9250000e+02;1.6758429e-01;2.9250000e+02;1.9486775e-01;2.9250000e+02;2.2408225e-01;2.9250000e+02;2.5419745e-01;2.9250000e+02;2.7766404e-01;2.9250000e+02;2.8698003e-01;2.9250000e+02;2.8664356e-01;2.9250000e+02;2.7945751e-01;2.9250000e+02;2.6632300e-01;2.9250000e+02;2.4715781e-01;2.9250000e+02;2.2321533e-01;2.9250000e+02;3.6332019e-02;2.9250000e+02;4.9471598e-02;2.9250000e+02;6.5732449e-02;2.9250000e+02;8.3680339e-02;2.9250000e+02;1.0381012e-01;2.9250000e+02;1.2332842e-01;2.9250000e+02;1.4440638e-01;2.9250000e+02;1.6758429e-01;2.9250000e+02;1.9486775e-01;2.9250000e+02;2.2408225e-01;2.9250000e+02;2.5419745e-01;2.9250000e+02;2.7766404e-01;2.9250000e+02;2.8698003e-01;2.9250000e+02;2.8664356e-01;2.9250000e+02;2.7945751e-01;2.9250000e+02;2.6632300e-01;2.9250000e+02;2.4715781e-01;2.9250000e+02;2.2321533e-01;2.9250000e+02;3.6332019e-02;2.9250000e+02;4.9471598e-02;2.9250000e+02;6.5732449e-02;2.9250000e+02;8.3680339e-02;2.9250000e+02;1.0381012e-01;2.9250000e+02;1.2332842e-01;2.9250000e+02;1.4440638e-01;2.9250000e+02;1.6758429e-01;2.9250000e+02;1.9486775e-01;2.9250000e+02;2.2408225e-01;2.9250000e+02;2.5419745e-01;2.9250000e+02;2.7766404e-01;2.9250000e+02;2.8698003e-01;2.9250000e+02;2.8664356e-01;2.9250000e+02;2.7945751e-01;2.9250000e+02;2.6632300e-01;2.9250000e+02;2.4715781e-01;2.9250000e+02;2.2321533e-01;2.9250000e+02;3.6332019e-02;2.9250000e+02;4.9471598e-02;2.9250000e+02;6.5732449e-02;2.9250000e+02;8.3680339e-02;2.9250000e+02;1.0381012e-01;2.9250000e+02;1.2332842e-01;2.9250000e+02;1.4440638e-01;2.9250000e+02;1.6758429e-01;2.9250000e+02;1.9486775e-01;2.9250000e+02;2.2408225e-01;2.9250000e+02;2.5419745e-01;2.9250000e+02;2.7766404e-01;2.9250000e+02;2.8698003e-01;2.9250000e+02;2.8664356e-01;2.9250000e+02;2.7945751e-01;2.9250000e+02;2.6632300e-01;2.9250000e+02;2.4715781e-01;2.9250000e+02;2.2321533e-01;2.9250000e+02;3.6332019e-02;2.9250000e+02;4.9471598e-02;2.9250000e+02;6.5732449e-02;2.9250000e+02;8.3680339e-02;2.9250000e+02;1.0381012e-01;2.9250000e+02;1.2332842e-01;2.9250000e+02;1.4440638e-01;2.9250000e+02;1.6758429e-01;2.9250000e+02;1.9486775e-01;2.9250000e+02;2.2408225e-01;2.9250000e+02;2.5419745e-01;2.9250000e+02;2.7766404e-01;2.9250000e+02;2.8698003e-01;2.9250000e+02;2.8664356e-01;2.9250000e+02;2.7945751e-01;2.9250000e+02;2.6632300e-01;2.9250000e+02;2.4715781e-01;2.9250000e+02;2.2321533e-01;2.9250000e+02;3.6332019e-02;2.9250000e+02;4.9471598e-02;2.9250000e+02;6.5732449e-02;2.9250000e+02;8.3680339e-02;2.9250000e+02;1.0381012e-01;2.9250000e+02;1.2332842e-01;2.9250000e+02;1.4440638e-01;2.9250000e+02;1.6758429e-01;2.9250000e+02;1.9486775e-01;2.9250000e+02;2.2408225e-01;2.9250000e+02;2.5419745e-01;2.9250000e+02;2.7766404e-01;2.9250000e+02;2.8698003e-01;2.9250000e+02;2.8664356e-01;2.9250000e+02;2.7945751e-01;2.9250000e+02;2.6632300e-01;2.9250000e+02;2.4715781e-01;2.9250000e+02;2.2321533e-01;2.9250000e+02;3.6332019e-02;2.9250000e+02;4.9471598e-02;2.9250000e+02;6.5732449e-02;2.9250000e+02;8.3680339e-02;2.9250000e+02;1.0381012e-01;2.9250000e+02;1.2332842e-01;2.9250000e+02;1.4440638e-01;2.9250000e+02;1.6758429e-01;2.9250000e+02;1.9486775e-01;2.9250000e+02;2.2408225e-01;2.9250000e+02;2.5419745e-01;2.9250000e+02;2.7766404e-01;2.9250000e+02;2.8698003e-01;2.9250000e+02;2.8664356e-01;2.9250000e+02;2.7945751e-01;2.9250000e+02;2.6632300e-01;2.9250000e+02;2.4715781e-01;2.9250000e+02;2.2321533e-01;2.9250000e+02;3.6332019e-02;2.9250000e+02;4.9471598e-02;2.9250000e+02;6.5732449e-02;2.9250000e+02;8.3680339e-02;2.9250000e+02;1.0381012e-01;2.9250000e+02;1.2332842e-01;2.9250000e+02;1.4440638e-01;2.9250000e+02;1.6758429e-01;2.9250000e+02;1.9486775e-01;2.9250000e+02;2.2408225e-01;2.9250000e+02;2.5419745e-01;2.9250000e+02;2.7766404e-01;2.9250000e+02;2.8698003e-01;2.9250000e+02;2.8664356e-01;2.9250000e+02;2.7945751e-01;2.9250000e+02;2.6632300e-01;2.9250000e+02;2.4715781e-01;2.9250000e+02;2.2321533e-01;2.9250000e+02;3.6332019e-02;2.9250000e+02;4.9471598e-02;2.9250000e+02;6.5732449e-02;2.9250000e+02;8.3680339e-02;2.9250000e+02;1.0381012e-01;2.9250000e+02;1.2332842e-01;2.9250000e+02;1.4440638e-01;2.9250000e+02;1.6758429e-01;2.9250000e+02;1.9486775e-01;2.9250000e+02;2.2408225e-01;2.9250000e+02;2.5419745e-01;2.9250000e+02;2.7766404e-01;2.9250000e+02;2.8698003e-01;2.9250000e+02;2.8664356e-01;2.9250000e+02;2.7945751e-01;2.9250000e+02;2.6632300e-01;2.9250000e+02;2.4715781e-01;2.9250000e+02;2.2321533e-01;2.9250000e+02;3.6332019e-02;2.9250000e+02;4.9471598e-02;2.9250000e+02;6.5732449e-02;2.9250000e+02;8.3680339e-02;2.9250000e+02;1.0381012e-01;2.9250000e+02;1.2332842e-01;2.9250000e+02;1.4440638e-01;2.9250000e+02;1.6758429e-01;2.9250000e+02;1.9486775e-01;2.9250000e+02;2.2408225e-01;2.9250000e+02;2.5419745e-01;2.9250000e+02;2.7766404e-01;2.9250000e+02;2.8698003e-01;2.9250000e+02;2.8664356e-01;2.9250000e+02;2.7945751e-01;2.9250000e+02;2.6632300e-01;2.9250000e+02;2.4715781e-01;2.9250000e+02;2.2321533e-01;2.9250000e+02;3.6332019e-02;2.9250000e+02;4.9471598e-02;2.9250000e+02;6.5732449e-02;2.9250000e+02;8.3680339e-02;2.9250000e+02;1.0381012e-01;2.9250000e+02;1.2332842e-01;2.9250000e+02;1.4440638e-01;2.9250000e+02;1.6758429e-01;2.9250000e+02;1.9486775e-01;2.9250000e+02;2.2408225e-01;2.9250000e+02;2.5419745e-01;2.9250000e+02;2.7766404e-01;2.9250000e+02;2.8698003e-01;2.9250000e+02;2.8664356e-01;2.9250000e+02;2.7945751e-01;2.9250000e+02;2.6632300e-01;2.9250000e+02;2.4715781e-01;2.9250000e+02;2.2321533e-01;2.9250000e+02;3.6332019e-02;2.9250000e+02;4.9471598e-02;2.9250000e+02;6.5732449e-02;2.9250000e+02;8.3680339e-02;2.9250000e+02;1.0381012e-01;2.9250000e+02;1.2332842e-01;2.9250000e+02;1.4440638e-01;2.9250000e+02;1.6758429e-01;2.9250000e+02;1.9486775e-01;2.9250000e+02;2.2408225e-01;2.9250000e+02;2.5419745e-01;2.9250000e+02;2.7766404e-01;2.9250000e+02;2.8698003e-01;2.9250000e+02;2.8664356e-01;2.9250000e+02;2.7945751e-01;2.9250000e+02;2.6632300e-01;2.9250000e+02;2.4715781e-01;2.9250000e+02;2.2321533e-01;2.9250000e+02;3.6332019e-02;2.9250000e+02;4.9471598e-02;2.9250000e+02;6.5732449e-02;2.9250000e+02;8.3680339e-02;2.9250000e+02;1.0381012e-01;2.9250000e+02;1.2332842e-01;2.9250000e+02;1.4440638e-01;2.9250000e+02;1.6758429e-01;2.9250000e+02;1.9486775e-01;2.9250000e+02;2.2408225e-01;2.9250000e+02;2.5419745e-01;2.9250000e+02;2.7766404e-01;2.9250000e+02;2.8698003e-01;2.9250000e+02;2.8664356e-01;2.9250000e+02;2.7945751e-01;2.9250000e+02;2.6632300e-01;2.9250000e+02;2.4715781e-01;2.9250000e+02;2.2321533e-01;2.9250000e+02;3.6332019e-02;2.9250000e+02;4.9471598e-02;2.9250000e+02;6.5732449e-02;2.9250000e+02;8.3680339e-02;2.9250000e+02;1.0381012e-01;2.9250000e+02;1.2332842e-01;2.9250000e+02;1.4440638e-01;2.9250000e+02;1.6758429e-01;2.9250000e+02;1.9486775e-01;2.9250000e+02;2.2408225e-01;2.9250000e+02;2.5419745e-01;2.9250000e+02;2.7766404e-01;2.9250000e+02;2.8698003e-01;2.9250000e+02;2.8664356e-01;2.9250000e+02;2.7945751e-01;2.9250000e+02;2.6632300e-01;2.9250000e+02;2.4715781e-01;2.9250000e+02;2.2321533e-01;2.9250000e+02;3.6332019e-02;2.9250000e+02;4.9471598e-02;2.9250000e+02;6.5732449e-02;2.9250000e+02;8.3680339e-02;2.9250000e+02;1.0381012e-01;2.9250000e+02;1.2332842e-01;2.9250000e+02;1.4440638e-01;2.9250000e+02;1.6758429e-01;2.9250000e+02;1.9486775e-01;2.9250000e+02;2.2408225e-01;2.9250000e+02;2.5419745e-01;2.9250000e+02;2.7766404e-01;2.9250000e+02;2.8698003e-01;2.9250000e+02;2.8664356e-01;2.9250000e+02;2.7945751e-01;2.9250000e+02;2.6632300e-01;2.9250000e+02;2.4715781e-01;2.9250000e+02;2.2321533e-01
2.9750000e+02;3.6988590e-02;2.9750000e+02;5.0635133e-02;2.9750000e+02;6.7208789e-02;2.9750000e+02;8.6143598e-02;2.9750000e+02;1.0623354e-01;2.9750000e+02;1.2746079e-01;2.9750000e+02;1.4868873e-01;2.9750000e+02;1.7167234e-01;2.9750000e+02;1.9903263e-01;2.9750000e+02;2.2450611e-01;2.9750000e+02;2.5498202e-01;2.9750000e+02;2.7881140e-01;2.9750000e+02;2.8901678e-01;2.9750000e+02;2.8971583e-01;2.9750000e+02;2.8369927e-01;2.9750000e+02;2.7128270e-01;2.9750000e+02;2.5274271e-01;2.9750000e+02;2.2952482e-01;2.9750000e+02;3.6988590e-02;2.9750000e+02;5.0635133e-02;2.9750000e+02;6.7208789e-02;2.9750000e+02;8.6143598e-02;2.9750000e+02;1.0623354e-01;2.9750000e+02;1.2746079e-01;2.9750000e+02;1.4868873e-01;2.9750000e+02;1.7167234e-01;2.9750000e+02;1.9903263e-01;2.9750000e+02;2.2450611e-01;2.9750000e+02;2.5498202e-01;2.9750000e+02;2.7881140e-01;2.9750000e+02;2.8901678e-01;2.9750000e+02;2.8971583e-01;2.9750000e+02;2.8369927e-01;2.9750000e+02;2.7128270e-01;2.9750000e+02;2.5274271e-01;2.9750000e+02;2.2952482e-01;2.9750000e+02;3.6988590e-02;2.9750000e+02;5.0635133e-02;2.9750000e+02;6.7208789e-02;2.9750000e+02;8.6143598e-02;2.9750000e+02;1.0623354e-01;2.9750000e+02;1.2746079e-01;2.9750000e+02;1.4868873e-01;2.9750000e+02;1.7167234e-01;2.9750000e+02;1.9903263e-01;2.9750000e+02;2.2450611e-01;2.9750000e+02;2.5498202e-01;2.9750000e+02;2.7881140e-01;2.9750000e+02;2.8901678e-01;2.9750000e+02;2.8971583e-01;2.9750000e+02;2.8369927e-01;2.9750000e+02;2.7128270e-01;2.9750000e+02;2.5274271e-01;2.9750000e+02;2.2952482e-01;2.9750000e+02;3.6988590e-02;2.9750000e+02;5.0635133e-02;2.9750000e+02;6.7208789e-02;2.9750000e+02;8.6143598e-02;2.9750000e+02;1.0623354e-01;2.9750000e+02;1.2746079e-01;2.9750000e+02;1.4868873e-01;2.9750000e+02;1.7167234e-01;2.9750000e+02;1.9903263e-01;2.9750000e+02;2.2450611e-01;2.9750000e+02;2.5498202e-01;2.9750000e+02;2.7881140e-01;2.9750000e+02;2.8901678e-01;2.9750000e+02;2.8971583e-01;2.9750000e+02;2.8369927e-01;2.9750000e+02;2.7128270e-01;2.9750000e+02;2.5274271e-01;2.9750000e+02;2.2952482e-01;2.9750000e+02;3.6988590e-02;2.9750000e+02;5.0635133e-02;2.9750000e+02;6.7208789e-02;2.9750000e+02;8.6143598e-02;2.9750000e+02;1.0623354e-01;2.9750000e+02;1.2746079e-01;2.9750000e+02;1.4868873e-01;2.9750000e+02;1.7167234e-01;2.9750000e+02;1.9903263e-01;2.9750000e+02;2.2450611e-01;2.9750000e+02;2.5498202e-01;2.9750000e+02;2.7881140e-01;2.9750000e+02;2.8901678e-01;2.9750000e+02;2.8971583e-01;2.9750000e+02;2.8369927e-01;2.9750000e+02;2.7128270e-01;2.9750000e+02;2.5274271e-01;2.9750000e+02;2.2952482e-01;2.9750000e+02;3.6988590e-02;2.9750000e+02;5.0635133e-02;2.9750000e+02;6.7208789e-02;2.9750000e+02;8.6143598e-02;2.9750000e+02;1.0623354e-01;2.9750000e+02;1.2746079e-01;2.9750000e+02;1.4868873e-01;2.9750000e+02;1.7167234e-01;2.9750000e+02;1.9903263e-01;2.9750000e+02;2.2450611e-01;2.9750000e+02;2.5498202e-01;2.9750000e+02;2.7881140e-01;2.9750000e+02;2.8901678e-01;2.9750000e+02;2.8971583e-01;2.9750000e+02;2.8369927e-01;2.9750000e+02;2.7128270e-01;2.9750000e+02;2.5274271e-01;2.9750000e+02;2.2952482e-01;2.9750000e+02;3.6988590e-02;2.9750000e+02;5.0635133e-02;2.9750000e+02;6.7208789e-02;2.9750000e+02;8.6143598e-02;2.9750000e+02;1.0623354e-01;2.9750000e+02;1.2746079e-01;2.9750000e+02;1.4868873e-01;2.9750000e+02;1.7167234e-01;2.9750000e+02;1.9903263e-01;2.9750000e+02;2.2450611e-01;2.9750000e+02;2.5498202e-01;2.9750000e+02;2.7881140e-01;2.9750000e+02;2.8901678e-01;2.9750000e+02;2.8971583e-01;2.9750000e+02;2.8369927e-01;2.9750000e+02;2.7128270e-01;2.9750000e+02;2.5274271e-01;2.9750000e+02;2.2952482e-01;2.9750000e+02;3.6988590e-02;2.9750000e+02;5.0635133e-02;2.9750000e+02;6.7208789e-02;2.9750000e+02;8.6143598e-02;2.9750000e+02;1.0623354e-01;2.9750000e+02;1.2746079e-01;2.9750000e+02;1.4868873e-01;2.9750000e+02;1.7167234e-01;2.9750000e+02;1.9903263e-01;2.9750000e+02;2.2450611e-01;2.9750000e+02;2.5498202e-01;2.9750000e+02;2.7881140e-01;2.9750000e+02;2.8901678e-01;2.9750000e+02;2.8971583e-01;2.9750000e+02;2.8369927e-01;2.9750000e+02;2.7128270e-01;2.9750000e+02;2.5274271e-01;2.9750000e+02;2.2952482e-01;2.9750000e+02;3.6988590e-02;2.9750000e+02;5.0635133e-02;2.9750000e+02;6.7208789e-02;2.9750000e+02;8.6143598e-02;2.9750000e+02;1.0623354e-01;2.9750000e+02;1.2746079e-01;2.9750000e+02;1.4868873e-01;2.9750000e+02;1.7167234e-01;2.9750000e+02;1.9903263e-01;2.9750000e+02;2.2450611e-01;2.9750000e+02;2.5498202e-01;2.9750000e+02;2.7881140e-01;2.9750000e+02;2.8901678e-01;2.9750000e+02;2.8971583e-01;2.9750000e+02;2.8369927e-01;2.9750000e+02;2.7128270e-01;2.9750000e+02;2.5274271e-01;2.9750000e+02;2.2952482e-01;2.9750000e+02;3.6988590e-02;2.9750000e+02;5.0635133e-02;2.9750000e+02;6.7208789e-02;2.9750000e+02;8.6143598e-02;2.9750000e+02;1.0623354e-01;2.9750000e+02;1.2746079e-01;2.9750000e+02;1.4868873e-01;2.9750000e+02;1.7167234e-01;2.9750000e+02;1.9903263e-01;2.9750000e+02;2.2450611e-01;2.9750000e+02;2.5498202e-01;2.9750000e+02;2.7881140e-01;2.9750000e+02;2.8901678e-01;2.9750000e+02;2.8971583e-01;2.9750000e+02;2.8369927e-01;2.9750000e+02;2.7128270e-01;2.9750000e+02;2.5274271e-01;2.9750000e+02;2.2952482e-01;2.9750000e+02;3.6988590e-02;2.9750000e+02;5.0635133e-02;2.9750000e+02;6.7208789e-02;2.9750000e+02;8.6143598e-02;2.9750000e+02;1.0623354e-01;2.9750000e+02;1.2746079e-01;2.9750000e+02;1.4868873e-01;2.9750000e+02;1.7167234e-01;2.9750000e+02;1.9903263e-01;2.9750000e+02;2.2450611e-01;2.9750000e+02;2.5498202e-01;2.9750000e+02;2.7881140e-01;2.9750000e+02;2.8901678e-01;2.9750000e+02;2.8971583e-01;2.9750000e+02;2.8369927e-01;2.9750000e+02;2.7128270e-01;2.9750000e+02;2.5274271e-01;2.9750000e+02;2.2952482e-01;2.9750000e+02;3.6988590e-02;2.9750000e+02;5.0635133e-02;2.9750000e+02;6.7208789e-02;2.9750000e+02;8.6143598e-02;2.9750000e+02;1.0623354e-01;2.9750000e+02;1.2746079e-01;2.9750000e+02;1.4868873e-01;2.9750000e+02;1.7167234e-01;2.9750000e+02;1.9903263e-01;2.9750000e+02;2.2450611e-01;2.9750000e+02;2.5498202e-01;2.9750000e+02;2.7881140e-01;2.9750000e+02;2.8901678e-01;2.9750000e+02;2.8971583e-01;2.9750000e+02;2.8369927e-01;2.9750000e+02;2.7128270e-01;2.9750000e+02;2.5274271e-01;2.9750000e+02;2.2952482e-01;2.9750000e+02;3.6988590e-02;2.9750000e+02;5.0635133e-02;2.9750000e+02;6.7208789e-02;2.9750000e+02;8.6143598e-02;2.9750000e+02;1.0623354e-01;2.9750000e+02;1.2746079e-01;2.9750000e+02;1.4868873e-01;2.9750000e+02;1.7167234e-01;2.9750000e+02;1.9903263e-01;2.9750000e+02;2.2450611e-01;2.9750000e+02;2.5498202e-01;2.9750000e+02;2.7881140e-01;2.9750000e+02;2.8901678e-01;2.9750000e+02;2.8971583e-01;2.9750000e+02;2.8369927e-01;2.9750000e+02;2.7128270e-01;2.9750000e+02;2.5274271e-01;2.9750000e+02;2.2952482e-01;2.9750000e+02;3.6988590e-02;2.9750000e+02;5.0635133e-02;2.9750000e+02;6.7208789e-02;2.9750000e+02;8.6143598e-02;2.9750000e+02;1.0623354e-01;2.9750000e+02;1.2746079e-01;2.9750000e+02;1.4868873e-01;2.9750000e+02;1.7167234e-01;2.9750000e+02;1.9903263e-01;2.9750000e+02;2.2450611e-01;2.9750000e+02;2.5498202e-01;2.9750000e+02;2.7881140e-01;2.9750000e+02;2.8901678e-01;2.9750000e+02;2.8971583e-01;2.9750000e+02;2.8369927e-01;2.9750000e+02;2.7128270e-01;2.9750000e+02;2.5274271e-01;2.9750000e+02;2.2952482e-01;2.9750000e+02;3.6988590e-02;2.9750000e+02;5.0635133e-02;2.9750000e+02;6.7208789e-02;2.9750000e+02;8.6143598e-02;2.9750000e+02;1.0623354e-01;2.9750000e+02;1.2746079e-01;2.9750000e+02;1.4868873e-01;2.9750000e+02;1.7167234e-01;2.9750000e+02;1.9903263e-01;2.9750000e+02;2.2450611e-01;2.9750000e+02;2.5498202e-01;2.9750000e+02;2.7881140e-01;2.9750000e+02;2.8901678e-01;2.9750000e+02;2.8971583e-01;2.9750000e+02;2.8369927e-01;2.9750000e+02;2.7128270e-01;2.9750000e+02;2.5274271e-01;2.9750000e+02;2.2952482e-01;2.9750000e+02;3.6988590e-02;2.9750000e+02;5.0635133e-02;2.9750000e+02;6.7208789e-02;2.9750000e+02;8.6143598e-02;2.9750000e+02;1.0623354e-01;2.9750000e+02;1.2746079e-01;2.9750000e+02;1.4868873e-01;2.9750000e+02;1.7167234e-01;2.9750000e+02;1.9903263e-01;2.9750000e+02;2.2450611e-01;2.9750000e+02;2.5498202e-01;2.9750000e+02;2.7881140e-01;2.9750000e+02;2.8901678e-01;2.9750000e+02;2.8971583e-01;2.9750000e+02;2.8369927e-01;2.9750000e+02;2.7128270e-01;2.9750000e+02;2.5274271e-01;2.9750000e+02;2.2952482e-01;2.9750000e+02;3.6988590e-02;2.9750000e+02;5.0635133e-02;2.9750000e+02;6.7208789e-02;2.9750000e+02;8.6143598e-02;2.9750000e+02;1.0623354e-01;2.9750000e+02;1.2746079e-01;2.9750000e+02;1.4868873e-01;2.9750000e+02;1.7167234e-01;2.9750000e+02;1.9903263e-01;2.9750000e+02;2.2450611e-01;2.9750000e+02;2.5498202e-01;2.9750000e+02;2.7881140e-01;2.9750000e+02;2.8901678e-01;2.9750000e+02;2.8971583e-01;2.9750000e+02;2.8369927e-01;2.9750000e+02;2.7128270e-01;2.9750000e+02;2.5274271e-01;2.9750000e+02;2.2952482e-01;2.9750000e+02;3.6988590e-02;2.9750000e+02;5.0635133e-02;2.9750000e+02;6.7208789e-02;2.9750000e+02;8.6143598e-02;2.9750000e+02;1.0623354e-01;2.9750000e+02;1.2746079e-01;2.9750000e+02;1.4868873e-01;2.9750000e+02;1.7167234e-01;2.9750000e+02;1.9903263e-01;2.9750000e+02;2.2450611e-01;2.9750000e+02;2.5498202e-01;2.9750000e+02;2.7881140e-01;2.9750000e+02;2.8901678e-01;2.9750000e+02;2.8971583e-01;2.9750000e+02;2.8369927e-01;2.9750000e+02;2.7128270e-01;2.9750000e+02;2.5274271e-01;2.9750000e+02;2.2952482e-01;2.9750000e+02;3.6988590e-02;2.9750000e+02;5.0635133e-02;2.9750000e+02;6.7208789e-02;2.9750000e+02;8.6143598e-02;2.9750000e+02;1.0623354e-01;2.9750000e+02;1.2746079e-01;2.9750000e+02;1.4868873e-01;2.9750000e+02;1.7167234e-01;2.9750000e+02;1.9903263e-01;2.9750000e+02;2.2450611e-01;2.9750000e+02;2.5498202e-01;2.9750000e+02;2.7881140e-01;2.9750000e+02;2.8901678e-01;2.9750000e+02;2.8971583e-01;2.9750000e+02;2.8369927e-01;2.9750000e+02;2.7128270e-01;2.9750000e+02;2.5274271e-01;2.9750000e+02;2.2952482e-01;2.9750000e+02;3.6988590e-02;2.9750000e+02;5.0635133e-02;2.9750000e+02;6.7208789e-02;2.9750000e+02;8.6143598e-02;2.9750000e+02;1.0623354e-01;2.9750000e+02;1.2746079e-01;2.9750000e+02;1.4868873e-01;2.9750000e+02;1.7167234e-01;2.9750000e+02;1.9903263e-01;2.9750000e+02;2.2450611e-01;2.9750000e+02;2.5498202e-01;2.9750000e+02;2.7881140e-01;2.9750000e+02;2.8901678e-01;2.9750000e+02;2.8971583e-01;2.9750000e+02;2.8369927e-01;2.9750000e+02;2.7128270e-01;2.9750000e+02;2.5274271e-01;2.9750000e+02;2.2952482e-01;2.9750000e+02;3.6988590e-02;2.9750000e+02;5.0635133e-02;2.9750000e+02;6.7208789e-02;2.9750000e+02;8.6143598e-02;2.9750000e+02;1.0623354e-01;2.9750000e+02;1.2746079e-01;2.9750000e+02;1.4868873e-01;2.9750000e+02;1.7167234e-01;2.9750000e+02;1.9903263e-01;2.9750000e+02;2.2450611e-01;2.9750000e+02;2.5498202e-01;2.9750000e+02;2.7881140e-01;2.9750000e+02;2.8901678e-01;2.9750000e+02;2.8971583e-01;2.9750000e+02;2.8369927e-01;2.9750000e+02;2.7128270e-01;2.9750000e+02;2.5274271e-01;2.9750000e+02;2.2952482e-01;2.9750000e+02;3.6988590e-02;2.9750000e+02;5.0635133e-02;2.9750000e+02;6.7208789e-02;2.9750000e+02;8.6143598e-02;2.9750000e+02;1.0623354e-01;2.9750000e+02;1.2746079e-01;2.9750000e+02;1.4868873e-01;2.9750000e+02;1.7167234e-01;2.9750000e+02;1.9903263e-01;2.9750000e+02;2.2450611e-01;2.9750000e+02;2.5498202e-01;2.9750000e+02;2.7881140e-01;2.9750000e+02;2.8901678e-01;2.9750000e+02;2.8971583e-01;2.9750000e+02;2.8369927e-01;2.9750000e+02;2.7128270e-01;2.9750000e+02;2.5274271e-01;2.9750000e+02;2.2952482e-01;2.9750000e+02;3.6988590e-02;2.9750000e+02;5.0635133e-02;2.9750000e+02;6.7208789e-02;2.9750000e+02;8.6143598e-02;2.9750000e+02;1.0623354e-01;2.9750000e+02;1.2746079e-01;2.9750000e+02;1.4868873e-01;2.9750000e+02;1.7167234e-01;2.9750000e+02;1.9903263e-01;2.9750000e+02;2.2450611e-01;2.9750000e+02;2.5498202e-01;2.9750000e+02;2.7881140e-01;2.9750000e+02;2.8901678e-01;2.9750000e+02;2.8971583e-01;2.9750000e+02;2.8369927e-01;2.9750000e+02;2.7128270e-01;2.9750000e+02;2.5274271e-01;2.9750000e+02;2.2952482e-01;2.9750000e+02;3.6988590e-02;2.9750000e+02;5.0635133e-02;2.9750000e+02;6.7208789e-02;2.9750000e+02;8.6143598e-02;2.9750000e+02;1.0623354e-01;2.9750000e+02;1.2746079e-01;2.9750000e+02;1.4868873e-01;2.9750000e+02;1.7167234e-01;2.9750000e+02;1.9903263e-01;2.9750000e+02;2.2450611e-01;2.9750000e+02;2.5498202e-01;2.9750000e+02;2.7881140e-01;2.9750000e+02;2.8901678e-01;2.9750000e+02;2.8971583e-01;2.9750000e+02;2.8369927e-01;2.9750000e+02;2.7128270e-01;2.9750000e+02;2.5274271e-01;2.9750000e+02;2.2952482e-01;2.9750000e+02;3.6988590e-02;2.9750000e+02;5.0635133e-02;2.9750000e+02;6.7208789e-02;2.9750000e+02;8.6143598e-02;2.9750000e+02;1.0623354e-01;2.9750000e+02;1.2746079e-01;2.9750000e+02;1.4868873e-01;2.9750000e+02;1.7167234e-01;2.9750000e+02;1.9903263e-01;2.9750000e+02;2.2450611e-01;2.9750000e+02;2.5498202e-01;2.9750000e+02;2.7881140e-01;2.9750000e+02;2.8901678e-01;2.9750000e+02;2.8971583e-01;2.9750000e+02;2.8369927e-01;2.9750000e+02;2.7128270e-01;2.9750000e+02;2.5274271e-01;2.9750000e+02;2.2952482e-01;2.9750000e+02;3.6988590e-02;2.9750000e+02;5.0635133e-02;2.9750000e+02;6.7208789e-02;2.9750000e+02;8.6143598e-02;2.9750000e+02;1.0623354e-01;2.9750000e+02;1.2746079e-01;2.9750000e+02;1.4868873e-01;2.9750000e+02;1.7167234e-01;2.9750000e+02;1.9903263e-01;2.9750000e+02;2.2450611e-01;2.9750000e+02;2.5498202e-01;2.9750000e+02;2.7881140e-01;2.9750000e+02;2.8901678e-01;2.9750000e+02;2.8971583e-01;2.9750000e+02;2.8369927e-01;2.9750000e+02;2.7128270e-01;2.9750000e+02;2.5274271e-01;2.9750000e+02;2.2952482e-01;2.9750000e+02;3.6988590e-02;2.9750000e+02;5.0635133e-02;2.9750000e+02;6.7208789e-02;2.9750000e+02;8.6143598e-02;2.9750000e+02;1.0623354e-01;2.9750000e+02;1.2746079e-01;2.9750000e+02;1.4868873e-01;2.9750000e+02;1.7167234e-01;2.9750000e+02;1.9903263e-01;2.9750000e+02;2.2450611e-01;2.9750000e+02;2.5498202e-01;2.9750000e+02;2.7881140e-01;2.9750000e+02;2.8901678e-01;2.9750000e+02;2.8971583e-01;2.9750000e+02;2.8369927e-01;2.9750000e+02;2.7128270e-01;2.9750000e+02;2.5274271e-01;2.9750000e+02;2.2952482e-01;2.9750000e+02;3.6988590e-02;2.9750000e+02;5.0635133e-02;2.9750000e+02;6.7208789e-02;2.9750000e+02;8.6143598e-02;2.9750000e+02;1.0623354e-01;2.9750000e+02;1.2746079e-01;2.9750000e+02;1.4868873e-01;2.9750000e+02;1.7167234e-01;2.9750000e+02;1.9903263e-01;2.9750000e+02;2.2450611e-01;2.9750000e+02;2.5498202e-01;2.9750000e+02;2.7881140e-01;2.9750000e+02;2.8901678e-01;2.9750000e+02;2.8971583e-01;2.9750000e+02;2.8369927e-01;2.9750000e+02;2.7128270e-01;2.9750000e+02;2.5274271e-01;2.9750000e+02;2.2952482e-01;2.9750000e+02;3.6988590e-02;2.9750000e+02;5.0635133e-02;2.9750000e+02;6.7208789e-02;2.9750000e+02;8.6143598e-02;2.9750000e+02;1.0623354e-01;2.9750000e+02;1.2746079e-01;2.9750000e+02;1.4868873e-01;2.9750000e+02;1.7167234e-01;2.9750000e+02;1.9903263e-01;2.9750000e+02;2.2450611e-01;2.9750000e+02;2.5498202e-01;2.9750000e+02;2.7881140e-01;2.9750000e+02;2.8901678e-01;2.9750000e+02;2.8971583e-01;2.9750000e+02;2.8369927e-01;2.9750000e+02;2.7128270e-01;2.9750000e+02;2.5274271e-01;2.9750000e+02;2.2952482e-01;2.9750000e+02;3.6988590e-02;2.9750000e+02;5.0635133e-02;2.9750000e+02;6.7208789e-02;2.9750000e+02;8.6143598e-02;2.9750000e+02;1.0623354e-01;2.9750000e+02;1.2746079e-01;2.9750000e+02;1.4868873e-01;2.9750000e+02;1.7167234e-01;2.9750000e+02;1.9903263e-01;2.9750000e+02;2.2450611e-01;2.9750000e+02;2.5498202e-01;2.9750000e+02;2.7881140e-01;2.9750000e+02;2.8901678e-01;2.9750000e+02;2.8971583e-01;2.9750000e+02;2.8369927e-01;2.9750000e+02;2.7128270e-01;2.9750000e+02;2.5274271e-01;2.9750000e+02;2.2952482e-01;2.9750000e+02;3.6988590e-02;2.9750000e+02;5.0635133e-02;2.9750000e+02;6.7208789e-02;2.9750000e+02;8.6143598e-02;2.9750000e+02;1.0623354e-01;2.9750000e+02;1.2746079e-01;2.9750000e+02;1.4868873e-01;2.9750000e+02;1.7167234e-01;2.9750000e+02;1.9903263e-01;2.9750000e+02;2.2450611e-01;2.9750000e+02;2.5498202e-01;2.9750000e+02;2.7881140e-01;2.9750000e+02;2.8901678e-01;2.9750000e+02;2.8971583e-01;2.9750000e+02;2.8369927e-01;2.9750000e+02;2.7128270e-01;2.9750000e+02;2.5274271e-01;2.9750000e+02;2.2952482e-01;2.9750000e+02;3.6988590e-02;2.9750000e+02;5.0635133e-02;2.9750000e+02;6.7208789e-02;2.9750000e+02;8.6143598e-02;2.9750000e+02;1.0623354e-01;2.9750000e+02;1.2746079e-01;2.9750000e+02;1.4868873e-01;2.9750000e+02;1.7167234e-01;2.9750000e+02;1.9903263e-01;2.9750000e+02;2.2450611e-01;2.9750000e+02;2.5498202e-01;2.9750000e+02;2.7881140e-01;2.9750000e+02;2.8901678e-01;2.9750000e+02;2.8971583e-01;2.9750000e+02;2.8369927e-01;2.9750000e+02;2.7128270e-01;2.9750000e+02;2.5274271e-01;2.9750000e+02;2.2952482e-01;2.9750000e+02;3.6988590e-02;2.9750000e+02;5.0635133e-02;2.9750000e+02;6.7208789e-02;2.9750000e+02;8.6143598e-02;2.9750000e+02;1.0623354e-01;2.9750000e+02;1.2746079e-01;2.9750000e+02;1.4868873e-01;2.9750000e+02;1.7167234e-01;2.9750000e+02;1.9903263e-01;2.9750000e+02;2.2450611e-01;2.9750000e+02;2.5498202e-01;2.9750000e+02;2.7881140e-01;2.9750000e+02;2.8901678e-01;2.9750000e+02;2.8971583e-01;2.9750000e+02;2.8369927e-01;2.9750000e+02;2.7128270e-01;2.9750000e+02;2.5274271e-01;2.9750000e+02;2.2952482e-01;2.9750000e+02;3.6988590e-02;2.9750000e+02;5.0635133e-02;2.9750000e+02;6.7208789e-02;2.9750000e+02;8.6143598e-02;2.9750000e+02;1.0623354e-01;2.9750000e+02;1.2746079e-01;2.9750000e+02;1.4868873e-01;2.9750000e+02;1.7167234e-01;2.9750000e+02;1.9903263e-01;2.9750000e+02;2.2450611e-01;2.9750000e+02;2.5498202e-01;2.9750000e+02;2.7881140e-01;2.9750000e+02;2.8901678e-01;2.9750000e+02;2.8971583e-01;2.9750000e+02;2.8369927e-01;2.9750000e+02;2.7128270e-01;2.9750000e+02;2.5274271e-01;2.9750000e+02;2.2952482e-01;2.9750000e+02;3.6988590e-02;2.9750000e+02;5.0635133e-02;2.9750000e+02;6.7208789e-02;2.9750000e+02;8.6143598e-02;2.9750000e+02;1.0623354e-01;2.9750000e+02;1.2746079e-01;2.9750000e+02;1.4868873e-01;2.9750000e+02;1.7167234e-01;2.9750000e+02;1.9903263e-01;2.9750000e+02;2.2450611e-01;2.9750000e+02;2.5498202e-01;2.9750000e+02;2.7881140e-01;2.9750000e+02;2.8901678e-01;2.9750000e+02;2.8971583e-01;2.9750000e+02;2.8369927e-01;2.9750000e+02;2.7128270e-01;2.9750000e+02;2.5274271e-01;2.9750000e+02;2.2952482e-01;2.9750000e+02;3.6988590e-02;2.9750000e+02;5.0635133e-02;2.9750000e+02;6.7208789e-02;2.9750000e+02;8.6143598e-02;2.9750000e+02;1.0623354e-01;2.9750000e+02;1.2746079e-01;2.9750000e+02;1.4868873e-01;2.9750000e+02;1.7167234e-01;2.9750000e+02;1.9903263e-01;2.9750000e+02;2.2450611e-01;2.9750000e+02;2.5498202e-01;2.9750000e+02;2.7881140e-01;2.9750000e+02;2.8901678e-01;2.9750000e+02;2.8971583e-01;2.9750000e+02;2.8369927e-01;2.9750000e+02;2.7128270e-01;2.9750000e+02;2.5274271e-01;2.9750000e+02;2.2952482e-01;2.9750000e+02;3.6988590e-02;2.9750000e+02;5.0635133e-02;2.9750000e+02;6.7208789e-02;2.9750000e+02;8.6143598e-02;2.9750000e+02;1.0623354e-01;2.9750000e+02;1.2746079e-01;2.9750000e+02;1.4868873e-01;2.9750000e+02;1.7167234e-01;2.9750000e+02;1.9903263e-01;2.9750000e+02;2.2450611e-01;2.9750000e+02;2.5498202e-01;2.9750000e+02;2.7881140e-01;2.9750000e+02;2.8901678e-01;2.9750000e+02;2.8971583e-01;2.9750000e+02;2.8369927e-01;2.9750000e+02;2.7128270e-01;2.9750000e+02;2.5274271e-01;2.9750000e+02;2.2952482e-01;2.9750000e+02;3.6988590e-02;2.9750000e+02;5.0635133e-02;2.9750000e+02;6.7208789e-02;2.9750000e+02;8.6143598e-02;2.9750000e+02;1.0623354e-01;2.9750000e+02;1.2746079e-01;2.9750000e+02;1.4868873e-01;2.9750000e+02;1.7167234e-01;2.9750000e+02;1.9903263e-01;2.9750000e+02;2.2450611e-01;2.9750000e+02;2.5498202e-01;2.9750000e+02;2.7881140e-01;2.9750000e+02;2.8901678e-01;2.9750000e+02;2.8971583e-01;2.9750000e+02;2.8369927e-01;2.9750000e+02;2.7128270e-01;2.9750000e+02;2.5274271e-01;2.9750000e+02;2.2952482e-01;2.9750000e+02;3.6988590e-02;2.9750000e+02;5.0635133e-02;2.9750000e+02;6.7208789e-02;2.9750000e+02;8.6143598e-02;2.9750000e+02;1.0623354e-01;2.9750000e+02;1.2746079e-01;2.9750000e+02;1.4868873e-01;2.9750000e+02;1.7167234e-01;2.9750000e+02;1.9903263e-01;2.9750000e+02;2.2450611e-01;2.9750000e+02;2.5498202e-01;2.9750000e+02;2.7881140e-01;2.9750000e+02;2.8901678e-01;2.9750000e+02;2.8971583e-01;2.9750000e+02;2.8369927e-01;2.9750000e+02;2.7128270e-01;2.9750000e+02;2.5274271e-01;2.9750000e+02;2.2952482e-01;2.9750000e+02;3.6988590e-02;2.9750000e+02;5.0635133e-02;2.9750000e+02;6.7208789e-02;2.9750000e+02;8.6143598e-02;2.9750000e+02;1.0623354e-01;2.9750000e+02;1.2746079e-01;2.9750000e+02;1.4868873e-01;2.9750000e+02;1.7167234e-01;2.9750000e+02;1.9903263e-01;2.9750000e+02;2.2450611e-01;2.9750000e+02;2.5498202e-01;2.9750000e+02;2.7881140e-01;2.9750000e+02;2.8901678e-01;2.9750000e+02;2.8971583e-01;2.9750000e+02;2.8369927e-01;2.9750000e+02;2.7128270e-01;2.9750000e+02;2.5274271e-01;2.9750000e+02;2.2952482e-01;2.9750000e+02;3.6988590e-02;2.9750000e+02;5.0635133e-02;2.9750000e+02;6.7208789e-02;2.9750000e+02;8.6143598e-02;2.9750000e+02;1.0623354e-01;2.9750000e+02;1.2746079e-01;2.9750000e+02;1.4868873e-01;2.9750000e+02;1.7167234e-01;2.9750000e+02;1.9903263e-01;2.9750000e+02;2.2450611e-01;2.9750000e+02;2.5498202e-01;2.9750000e+02;2.7881140e-01;2.9750000e+02;2.8901678e-01;2.9750000e+02;2.8971583e-01;2.9750000e+02;2.8369927e-01;2.9750000e+02;2.7128270e-01;2.9750000e+02;2.5274271e-01;2.9750000e+02;2.2952482e-01;2.9750000e+02;3.6988590e-02;2.9750000e+02;5.0635133e-02;2.9750000e+02;6.7208789e-02;2.9750000e+02;8.6143598e-02;2.9750000e+02;1.0623354e-01;2.9750000e+02;1.2746079e-01;2.9750000e+02;1.4868873e-01;2.9750000e+02;1.7167234e-01;2.9750000e+02;1.9903263e-01;2.9750000e+02;2.2450611e-01;2.9750000e+02;2.5498202e-01;2.9750000e+02;2.7881140e-01;2.9750000e+02;2.8901678e-01;2.9750000e+02;2.8971583e-01;2.9750000e+02;2.8369927e-01;2.9750000e+02;2.7128270e-01;2.9750000e+02;2.5274271e-01;2.9750000e+02;2.2952482e-01;2.9750000e+02;3.6988590e-02;2.9750000e+02;5.0635133e-02;2.9750000e+02;6.7208789e-02;2.9750000e+02;8.6143598e-02;2.9750000e+02;1.0623354e-01;2.9750000e+02;1.2746079e-01;2.9750000e+02;1.4868873e-01;2.9750000e+02;1.7167234e-01;2.9750000e+02;1.9903263e-01;2.9750000e+02;2.2450611e-01;2.9750000e+02;2.5498202e-01;2.9750000e+02;2.7881140e-01;2.9750000e+02;2.8901678e-01;2.9750000e+02;2.8971583e-01;2.9750000e+02;2.8369927e-01;2.9750000e+02;2.7128270e-01;2.9750000e+02;2.5274271e-01;2.9750000e+02;2.2952482e-01;2.9750000e+02;3.6988590e-02;2.9750000e+02;5.0635133e-02;2.9750000e+02;6.7208789e-02;2.9750000e+02;8.6143598e-02;2.9750000e+02;1.0623354e-01;2.9750000e+02;1.2746079e-01;2.9750000e+02;1.4868873e-01;2.9750000e+02;1.7167234e-01;2.9750000e+02;1.9903263e-01;2.9750000e+02;2.2450611e-01;2.9750000e+02;2.5498202e-01;2.9750000e+02;2.7881140e-01;2.9750000e+02;2.8901678e-01;2.9750000e+02;2.8971583e-01;2.9750000e+02;2.8369927e-01;2.9750000e+02;2.7128270e-01;2.9750000e+02;2.5274271e-01;2.9750000e+02;2.2952482e-01;2.9750000e+02;3.6988590e-02;2.9750000e+02;5.0635133e-02;2.9750000e+02;6.7208789e-02;2.9750000e+02;8.6143598e-02;2.9750000e+02;1.0623354e-01;2.9750000e+02;1.2746079e-01;2.9750000e+02;1.4868873e-01;2.9750000e+02;1.7167234e-01;2.9750000e+02;1.9903263e-01;2.9750000e+02;2.2450611e-01;2.9750000e+02;2.5498202e-01;2.9750000e+02;2.7881140e-01;2.9750000e+02;2.8901678e-01;2.9750000e+02;2.8971583e-01;2.9750000e+02;2.8369927e-01;2.9750000e+02;2.7128270e-01;2.9750000e+02;2.5274271e-01;2.9750000e+02;2.2952482e-01;2.9750000e+02;3.6988590e-02;2.9750000e+02;5.0635133e-02;2.9750000e+02;6.7208789e-02;2.9750000e+02;8.6143598e-02;2.9750000e+02;1.0623354e-01;2.9750000e+02;1.2746079e-01;2.9750000e+02;1.4868873e-01;2.9750000e+02;1.7167234e-01;2.9750000e+02;1.9903263e-01;2.9750000e+02;2.2450611e-01;2.9750000e+02;2.5498202e-01;2.9750000e+02;2.7881140e-01;2.9750000e+02;2.8901678e-01;2.9750000e+02;2.8971583e-01;2.9750000e+02;2.8369927e-01;2.9750000e+02;2.7128270e-01;2.9750000e+02;2.5274271e-01;2.9750000e+02;2.2952482e-01;2.9750000e+02;3.6988590e-02;2.9750000e+02;5.0635133e-02;2.9750000e+02;6.7208789e-02;2.9750000e+02;8.6143598e-02;2.9750000e+02;1.0623354e-01;2.9750000e+02;1.2746079e-01;2.9750000e+02;1.4868873e-01;2.9750000e+02;1.7167234e-01;2.9750000e+02;1.9903263e-01;2.9750000e+02;2.2450611e-01;2.9750000e+02;2.5498202e-01;2.9750000e+02;2.7881140e-01;2.9750000e+02;2.8901678e-01;2.9750000e+02;2.8971583e-01;2.9750000e+02;2.8369927e-01;2.9750000e+02;2.7128270e-01;2.9750000e+02;2.5274271e-01;2.9750000e+02;2.2952482e-01;2.9750000e+02;3.6988590e-02;2.9750000e+02;5.0635133e-02;2.9750000e+02;6.7208789e-02;2.9750000e+02;8.6143598e-02;2.9750000e+02;1.0623354e-01;2.9750000e+02;1.2746079e-01;2.9750000e+02;1.4868873e-01;2.9750000e+02;1.7167234e-01;2.9750000e+02;1.9903263e-01;2.9750000e+02;2.2450611e-01;2.9750000e+02;2.5498202e-01;2.9750000e+02;2.7881140e-01;2.9750000e+02;2.8901678e-01;2.9750000e+02;2.8971583e-01;2.9750000e+02;2.8369927e-01;2.9750000e+02;2.7128270e-01;2.9750000e+02;2.5274271e-01;2.9750000e+02;2.2952482e-01;2.9750000e+02;3.6988590e-02;2.9750000e+02;5.0635133e-02;2.9750000e+02;6.7208789e-02;2.9750000e+02;8.6143598e-02;2.9750000e+02;1.0623354e-01;2.9750000e+02;1.2746079e-01;2.9750000e+02;1.4868873e-01;2.9750000e+02;1.7167234e-01;2.9750000e+02;1.9903263e-01;2.9750000e+02;2.2450611e-01;2.9750000e+02;2.5498202e-01;2.9750000e+02;2.7881140e-01;2.9750000e+02;2.8901678e-01;2.9750000e+02;2.8971583e-01;2.9750000e+02;2.8369927e-01;2.9750000e+02;2.7128270e-01;2.9750000e+02;2.5274271e-01;2.9750000e+02;2.2952482e-01;2.9750000e+02;3.6988590e-02;2.9750000e+02;5.0635133e-02;2.9750000e+02;6.7208789e-02;2.9750000e+02;8.6143598e-02;2.9750000e+02;1.0623354e-01;2.9750000e+02;1.2746079e-01;2.9750000e+02;1.4868873e-01;2.9750000e+02;1.7167234e-01;2.9750000e+02;1.9903263e-01;2.9750000e+02;2.2450611e-01;2.9750000e+02;2.5498202e-01;2.9750000e+02;2.7881140e-01;2.9750000e+02;2.8901678e-01;2.9750000e+02;2.8971583e-01;2.9750000e+02;2.8369927e-01;2.9750000e+02;2.7128270e-01;2.9750000e+02;2.5274271e-01;2.9750000e+02;2.2952482e-01;2.9750000e+02;3.6988590e-02;2.9750000e+02;5.0635133e-02;2.9750000e+02;6.7208789e-02;2.9750000e+02;8.6143598e-02;2.9750000e+02;1.0623354e-01;2.9750000e+02;1.2746079e-01;2.9750000e+02;1.4868873e-01;2.9750000e+02;1.7167234e-01;2.9750000e+02;1.9903263e-01;2.9750000e+02;2.2450611e-01;2.9750000e+02;2.5498202e-01;2.9750000e+02;2.7881140e-01;2.9750000e+02;2.8901678e-01;2.9750000e+02;2.8971583e-01;2.9750000e+02;2.8369927e-01;2.9750000e+02;2.7128270e-01;2.9750000e+02;2.5274271e-01;2.9750000e+02;2.2952482e-01;2.9750000e+02;3.6988590e-02;2.9750000e+02;5.0635133e-02;2.9750000e+02;6.7208789e-02;2.9750000e+02;8.6143598e-02;2.9750000e+02;1.0623354e-01;2.9750000e+02;1.2746079e-01;2.9750000e+02;1.4868873e-01;2.9750000e+02;1.7167234e-01;2.9750000e+02;1.9903263e-01;2.9750000e+02;2.2450611e-01;2.9750000e+02;2.5498202e-01;2.9750000e+02;2.7881140e-01;2.9750000e+02;2.8901678e-01;2.9750000e+02;2.8971583e-01;2.9750000e+02;2.8369927e-01;2.9750000e+02;2.7128270e-01;2.9750000e+02;2.5274271e-01;2.9750000e+02;2.2952482e-01;2.9750000e+02;3.6988590e-02;2.9750000e+02;5.0635133e-02;2.9750000e+02;6.7208789e-02;2.9750000e+02;8.6143598e-02;2.9750000e+02;1.0623354e-01;2.9750000e+02;1.2746079e-01;2.9750000e+02;1.4868873e-01;2.9750000e+02;1.7167234e-01;2.9750000e+02;1.9903263e-01;2.9750000e+02;2.2450611e-01;2.9750000e+02;2.5498202e-01;2.9750000e+02;2.7881140e-01;2.9750000e+02;2.8901678e-01;2.9750000e+02;2.8971583e-01;2.9750000e+02;2.8369927e-01;2.9750000e+02;2.7128270e-01;2.9750000e+02;2.5274271e-01;2.9750000e+02;2.2952482e-01;2.9750000e+02;3.6988590e-02;2.9750000e+02;5.0635133e-02;2.9750000e+02;6.7208789e-02;2.9750000e+02;8.6143598e-02;2.9750000e+02;1.0623354e-01;2.9750000e+02;1.2746079e-01;2.9750000e+02;1.4868873e-01;2.9750000e+02;1.7167234e-01;2.9750000e+02;1.9903263e-01;2.9750000e+02;2.2450611e-01;2.9750000e+02;2.5498202e-01;2.9750000e+02;2.7881140e-01;2.9750000e+02;2.8901678e-01;2.9750000e+02;2.8971583e-01;2.9750000e+02;2.8369927e-01;2.9750000e+02;2.7128270e-01;2.9750000e+02;2.5274271e-01;2.9750000e+02;2.2952482e-01;2.9750000e+02;3.6988590e-02;2.9750000e+02;5.0635133e-02;2.9750000e+02;6.7208789e-02;2.9750000e+02;8.6143598e-02;2.9750000e+02;1.0623354e-01;2.9750000e+02;1.2746079e-01;2.9750000e+02;1.4868873e-01;2.9750000e+02;1.7167234e-01;2.9750000e+02;1.9903263e-01;2.9750000e+02;2.2450611e-01;2.9750000e+02;2.5498202e-01;2.9750000e+02;2.7881140e-01;2.9750000e+02;2.8901678e-01;2.9750000e+02;2.8971583e-01;2.9750000e+02;2.8369927e-01;2.9750000e+02;2.7128270e-01;2.9750000e+02;2.5274271e-01;2.9750000e+02;2.2952482e-01;2.9750000e+02;3.6988590e-02;2.9750000e+02;5.0635133e-02;2.9750000e+02;6.7208789e-02;2.9750000e+02;8.6143598e-02;2.9750000e+02;1.0623354e-01;2.9750000e+02;1.2746079e-01;2.9750000e+02;1.4868873e-01;2.9750000e+02;1.7167234e-01;2.9750000e+02;1.9903263e-01;2.9750000e+02;2.2450611e-01;2.9750000e+02;2.5498202e-01;2.9750000e+02;2.7881140e-01;2.9750000e+02;2.8901678e-01;2.9750000e+02;2.8971583e-01;2.9750000e+02;2.8369927e-01;2.9750000e+02;2.7128270e-01;2.9750000e+02;2.5274271e-01;2.9750000e+02;2.2952482e-01;2.9750000e+02;3.6988590e-02;2.9750000e+02;5.0635133e-02;2.9750000e+02;6.7208789e-02;2.9750000e+02;8.6143598e-02;2.9750000e+02;1.0623354e-01;2.9750000e+02;1.2746079e-01;2.9750000e+02;1.4868873e-01;2.9750000e+02;1.7167234e-01;2.9750000e+02;1.9903263e-01;2.9750000e+02;2.2450611e-01;2.9750000e+02;2.5498202e-01;2.9750000e+02;2.7881140e-01;2.9750000e+02;2.8901678e-01;2.9750000e+02;2.8971583e-01;2.9750000e+02;2.8369927e-01;2.9750000e+02;2.7128270e-01;2.9750000e+02;2.5274271e-01;2.9750000e+02;2.2952482e-01;2.9750000e+02;3.6988590e-02;2.9750000e+02;5.0635133e-02;2.9750000e+02;6.7208789e-02;2.9750000e+02;8.6143598e-02;2.9750000e+02;1.0623354e-01;2.9750000e+02;1.2746079e-01;2.9750000e+02;1.4868873e-01;2.9750000e+02;1.7167234e-01;2.9750000e+02;1.9903263e-01;2.9750000e+02;2.2450611e-01;2.9750000e+02;2.5498202e-01;2.9750000e+02;2.7881140e-01;2.9750000e+02;2.8901678e-01;2.9750000e+02;2.8971583e-01;2.9750000e+02;2.8369927e-01;2.9750000e+02;2.7128270e-01;2.9750000e+02;2.5274271e-01;2.9750000e+02;2.2952482e-01;2.9750000e+02;3.6988590e-02;2.9750000e+02;5.0635133e-02;2.9750000e+02;6.7208789e-02;2.9750000e+02;8.6143598e-02;2.9750000e+02;1.0623354e-01;2.9750000e+02;1.2746079e-01;2.9750000e+02;1.4868873e-01;2.9750000e+02;1.7167234e-01;2.9750000e+02;1.9903263e-01;2.9750000e+02;2.2450611e-01;2.9750000e+02;2.5498202e-01;2.9750000e+02;2.7881140e-01;2.9750000e+02;2.8901678e-01;2.9750000e+02;2.8971583e-01;2.9750000e+02;2.8369927e-01;2.9750000e+02;2.7128270e-01;2.9750000e+02;2.5274271e-01;2.9750000e+02;2.2952482e-01;2.9750000e+02;3.6988590e-02;2.9750000e+02;5.0635133e-02;2.9750000e+02;6.7208789e-02;2.9750000e+02;8.6143598e-02;2.9750000e+02;1.0623354e-01;2.9750000e+02;1.2746079e-01;2.9750000e+02;1.4868873e-01;2.9750000e+02;1.7167234e-01;2.9750000e+02;1.9903263e-01;2.9750000e+02;2.2450611e-01;2.9750000e+02;2.5498202e-01;2.9750000e+02;2.7881140e-01;2.9750000e+02;2.8901678e-01;2.9750000e+02;2.8971583e-01;2.9750000e+02;2.8369927e-01;2.9750000e+02;2.7128270e-01;2.9750000e+02;2.5274271e-01;2.9750000e+02;2.2952482e-01;2.9750000e+02;3.6988590e-02;2.9750000e+02;5.0635133e-02;2.9750000e+02;6.7208789e-02;2.9750000e+02;8.6143598e-02;2.9750000e+02;1.0623354e-01;2.9750000e+02;1.2746079e-01;2.9750000e+02;1.4868873e-01;2.9750000e+02;1.7167234e-01;2.9750000e+02;1.9903263e-01;2.9750000e+02;2.2450611e-01;2.9750000e+02;2.5498202e-01;2.9750000e+02;2.7881140e-01;2.9750000e+02;2.8901678e-01;2.9750000e+02;2.8971583e-01;2.9750000e+02;2.8369927e-01;2.9750000e+02;2.7128270e-01;2.9750000e+02;2.5274271e-01;2.9750000e+02;2.2952482e-01;2.9750000e+02;3.6988590e-02;2.9750000e+02;5.0635133e-02;2.9750000e+02;6.7208789e-02;2.9750000e+02;8.6143598e-02;2.9750000e+02;1.0623354e-01;2.9750000e+02;1.2746079e-01;2.9750000e+02;1.4868873e-01;2.9750000e+02;1.7167234e-01;2.9750000e+02;1.9903263e-01;2.9750000e+02;2.2450611e-01;2.9750000e+02;2.5498202e-01;2.9750000e+02;2.7881140e-01;2.9750000e+02;2.8901678e-01;2.9750000e+02;2.8971583e-01;2.9750000e+02;2.8369927e-01;2.9750000e+02;2.7128270e-01;2.9750000e+02;2.5274271e-01;2.9750000e+02;2.2952482e-01;2.9750000e+02;3.6988590e-02;2.9750000e+02;5.0635133e-02;2.9750000e+02;6.7208789e-02;2.9750000e+02;8.6143598e-02;2.9750000e+02;1.0623354e-01;2.9750000e+02;1.2746079e-01;2.9750000e+02;1.4868873e-01;2.9750000e+02;1.7167234e-01;2.9750000e+02;1.9903263e-01;2.9750000e+02;2.2450611e-01;2.9750000e+02;2.5498202e-01;2.9750000e+02;2.7881140e-01;2.9750000e+02;2.8901678e-01;2.9750000e+02;2.8971583e-01;2.9750000e+02;2.8369927e-01;2.9750000e+02;2.7128270e-01;2.9750000e+02;2.5274271e-01;2.9750000e+02;2.2952482e-01;2.9750000e+02;3.6988590e-02;2.9750000e+02;5.0635133e-02;2.9750000e+02;6.7208789e-02;2.9750000e+02;8.6143598e-02;2.9750000e+02;1.0623354e-01;2.9750000e+02;1.2746079e-01;2.9750000e+02;1.4868873e-01;2.9750000e+02;1.7167234e-01;2.9750000e+02;1.9903263e-01;2.9750000e+02;2.2450611e-01;2.9750000e+02;2.5498202e-01;2.9750000e+02;2.7881140e-01;2.9750000e+02;2.8901678e-01;2.9750000e+02;2.8971583e-01;2.9750000e+02;2.8369927e-01;2.9750000e+02;2.7128270e-01;2.9750000e+02;2.5274271e-01;2.9750000e+02;2.2952482e-01;2.9750000e+02;3.6988590e-02;2.9750000e+02;5.0635133e-02;2.9750000e+02;6.7208789e-02;2.9750000e+02;8.6143598e-02;2.9750000e+02;1.0623354e-01;2.9750000e+02;1.2746079e-01;2.9750000e+02;1.4868873e-01;2.9750000e+02;1.7167234e-01;2.9750000e+02;1.9903263e-01;2.9750000e+02;2.2450611e-01;2.9750000e+02;2.5498202e-01;2.9750000e+02;2.7881140e-01;2.9750000e+02;2.8901678e-01;2.9750000e+02;2.8971583e-01;2.9750000e+02;2.8369927e-01;2.9750000e+02;2.7128270e-01;2.9750000e+02;2.5274271e-01;2.9750000e+02;2.2952482e-01;2.9750000e+02;3.6988590e-02;2.9750000e+02;5.0635133e-02;2.9750000e+02;6.7208789e-02;2.9750000e+02;8.6143598e-02;2.9750000e+02;1.0623354e-01;2.9750000e+02;1.2746079e-01;2.9750000e+02;1.4868873e-01;2.9750000e+02;1.7167234e-01;2.9750000e+02;1.9903263e-01;2.9750000e+02;2.2450611e-01;2.9750000e+02;2.5498202e-01;2.9750000e+02;2.7881140e-01;2.9750000e+02;2.8901678e-01;2.9750000e+02;2.8971583e-01;2.9750000e+02;2.8369927e-01;2.9750000e+02;2.7128270e-01;2.9750000e+02;2.5274271e-01;2.9750000e+02;2.2952482e-01;2.9750000e+02;3.6988590e-02;2.9750000e+02;5.0635133e-02;2.9750000e+02;6.7208789e-02;2.9750000e+02;8.6143598e-02;2.9750000e+02;1.0623354e-01;2.9750000e+02;1.2746079e-01;2.9750000e+02;1.4868873e-01;2.9750000e+02;1.7167234e-01;2.9750000e+02;1.9903263e-01;2.9750000e+02;2.2450611e-01;2.9750000e+02;2.5498202e-01;2.9750000e+02;2.7881140e-01;2.9750000e+02;2.8901678e-01;2.9750000e+02;2.8971583e-01;2.9750000e+02;2.8369927e-01;2.9750000e+02;2.7128270e-01;2.9750000e+02;2.5274271e-01;2.9750000e+02;2.2952482e-01;2.9750000e+02;3.6988590e-02;2.9750000e+02;5.0635133e-02;2.9750000e+02;6.7208789e-02;2.9750000e+02;8.6143598e-02;2.9750000e+02;1.0623354e-01;2.9750000e+02;1.2746079e-01;2.9750000e+02;1.4868873e-01;2.9750000e+02;1.7167234e-01;2.9750000e+02;1.9903263e-01;2.9750000e+02;2.2450611e-01;2.9750000e+02;2.5498202e-01;2.9750000e+02;2.7881140e-01;2.9750000e+02;2.8901678e-01;2.9750000e+02;2.8971583e-01;2.9750000e+02;2.8369927e-01;2.9750000e+02;2.7128270e-01;2.9750000e+02;2.5274271e-01;2.9750000e+02;2.2952482e-01;2.9750000e+02;3.6988590e-02;2.9750000e+02;5.0635133e-02;2.9750000e+02;6.7208789e-02;2.9750000e+02;8.6143598e-02;2.9750000e+02;1.0623354e-01;2.9750000e+02;1.2746079e-01;2.9750000e+02;1.4868873e-01;2.9750000e+02;1.7167234e-01;2.9750000e+02;1.9903263e-01;2.9750000e+02;2.2450611e-01;2.9750000e+02;2.5498202e-01;2.9750000e+02;2.7881140e-01;2.9750000e+02;2.8901678e-01;2.9750000e+02;2.8971583e-01;2.9750000e+02;2.8369927e-01;2.9750000e+02;2.7128270e-01;2.9750000e+02;2.5274271e-01;2.9750000e+02;2.2952482e-01;2.9750000e+02;3.6988590e-02;2.9750000e+02;5.0635133e-02;2.9750000e+02;6.7208789e-02;2.9750000e+02;8.6143598e-02;2.9750000e+02;1.0623354e-01;2.9750000e+02;1.2746079e-01;2.9750000e+02;1.4868873e-01;2.9750000e+02;1.7167234e-01;2.9750000e+02;1.9903263e-01;2.9750000e+02;2.2450611e-01;2.9750000e+02;2.5498202e-01;2.9750000e+02;2.7881140e-01;2.9750000e+02;2.8901678e-01;2.9750000e+02;2.8971583e-01;2.9750000e+02;2.8369927e-01;2.9750000e+02;2.7128270e-01;2.9750000e+02;2.5274271e-01;2.9750000e+02;2.2952482e-01;2.9750000e+02;3.6988590e-02;2.9750000e+02;5.0635133e-02;2.9750000e+02;6.7208789e-02;2.9750000e+02;8.6143598e-02;2.9750000e+02;1.0623354e-01;2.9750000e+02;1.2746079e-01;2.9750000e+02;1.4868873e-01;2.9750000e+02;1.7167234e-01;2.9750000e+02;1.9903263e-01;2.9750000e+02;2.2450611e-01;2.9750000e+02;2.5498202e-01;2.9750000e+02;2.7881140e-01;2.9750000e+02;2.8901678e-01;2.9750000e+02;2.8971583e-01;2.9750000e+02;2.8369927e-01;2.9750000e+02;2.7128270e-01;2.9750000e+02;2.5274271e-01;2.9750000e+02;2.2952482e-01;2.9750000e+02;3.6988590e-02;2.9750000e+02;5.0635133e-02;2.9750000e+02;6.7208789e-02;2.9750000e+02;8.6143598e-02;2.9750000e+02;1.0623354e-01;2.9750000e+02;1.2746079e-01;2.9750000e+02;1.4868873e-01;2.9750000e+02;1.7167234e-01;2.9750000e+02;1.9903263e-01;2.9750000e+02;2.2450611e-01;2.9750000e+02;2.5498202e-01;2.9750000e+02;2.7881140e-01;2.9750000e+02;2.8901678e-01;2.9750000e+02;2.8971583e-01;2.9750000e+02;2.8369927e-01;2.9750000e+02;2.7128270e-01;2.9750000e+02;2.5274271e-01;2.9750000e+02;2.2952482e-01;2.9750000e+02;3.6988590e-02;2.9750000e+02;5.0635133e-02;2.9750000e+02;6.7208789e-02;2.9750000e+02;8.6143598e-02;2.9750000e+02;1.0623354e-01;2.9750000e+02;1.2746079e-01;2.9750000e+02;1.4868873e-01;2.9750000e+02;1.7167234e-01;2.9750000e+02;1.9903263e-01;2.9750000e+02;2.2450611e-01;2.9750000e+02;2.5498202e-01;2.9750000e+02;2.7881140e-01;2.9750000e+02;2.8901678e-01;2.9750000e+02;2.8971583e-01;2.9750000e+02;2.8369927e-01;2.9750000e+02;2.7128270e-01;2.9750000e+02;2.5274271e-01;2.9750000e+02;2.2952482e-01
3.0250000e+02;3.7068509e-02;3.0250000e+02;5.1452283e-02;3.0250000e+02;6.7784697e-02;3.0250000e+02;8.6625278e-02;3.0250000e+02;1.0732528e-01;3.0250000e+02;1.2881511e-01;3.0250000e+02;1.5131785e-01;3.0250000e+02;1.7392430e-01;3.0250000e+02;1.9868080e-01;3.0250000e+02;2.2272111e-01;3.0250000e+02;2.5067833e-01;3.0250000e+02;2.7420700e-01;3.0250000e+02;2.8763592e-01;3.0250000e+02;2.9022652e-01;3.0250000e+02;2.8592041e-01;3.0250000e+02;2.7492264e-01;3.0250000e+02;2.5751576e-01;3.0250000e+02;2.3537517e-01;3.0250000e+02;3.7068509e-02;3.0250000e+02;5.1452283e-02;3.0250000e+02;6.7784697e-02;3.0250000e+02;8.6625278e-02;3.0250000e+02;1.0732528e-01;3.0250000e+02;1.2881511e-01;3.0250000e+02;1.5131785e-01;3.0250000e+02;1.7392430e-01;3.0250000e+02;1.9868080e-01;3.0250000e+02;2.2272111e-01;3.0250000e+02;2.5067833e-01;3.0250000e+02;2.7420700e-01;3.0250000e+02;2.8763592e-01;3.0250000e+02;2.9022652e-01;3.0250000e+02;2.8592041e-01;3.0250000e+02;2.7492264e-01;3.0250000e+02;2.5751576e-01;3.0250000e+02;2.3537517e-01;3.0250000e+02;3.7068509e-02;3.0250000e+02;5.1452283e-02;3.0250000e+02;6.7784697e-02;3.0250000e+02;8.6625278e-02;3.0250000e+02;1.0732528e-01;3.0250000e+02;1.2881511e-01;3.0250000e+02;1.5131785e-01;3.0250000e+02;1.7392430e-01;3.0250000e+02;1.9868080e-01;3.0250000e+02;2.2272111e-01;3.0250000e+02;2.5067833e-01;3.0250000e+02;2.7420700e-01;3.0250000e+02;2.8763592e-01;3.0250000e+02;2.9022652e-01;3.0250000e+02;2.8592041e-01;3.0250000e+02;2.7492264e-01;3.0250000e+02;2.5751576e-01;3.0250000e+02;2.3537517e-01;3.0250000e+02;3.7068509e-02;3.0250000e+02;5.1452283e-02;3.0250000e+02;6.7784697e-02;3.0250000e+02;8.6625278e-02;3.0250000e+02;1.0732528e-01;3.0250000e+02;1.2881511e-01;3.0250000e+02;1.5131785e-01;3.0250000e+02;1.7392430e-01;3.0250000e+02;1.9868080e-01;3.0250000e+02;2.2272111e-01;3.0250000e+02;2.5067833e-01;3.0250000e+02;2.7420700e-01;3.0250000e+02;2.8763592e-01;3.0250000e+02;2.9022652e-01;3.0250000e+02;2.8592041e-01;3.0250000e+02;2.7492264e-01;3.0250000e+02;2.5751576e-01;3.0250000e+02;2.3537517e-01;3.0250000e+02;3.7068509e-02;3.0250000e+02;5.1452283e-02;3.0250000e+02;6.7784697e-02;3.0250000e+02;8.6625278e-02;3.0250000e+02;1.0732528e-01;3.0250000e+02;1.2881511e-01;3.0250000e+02;1.5131785e-01;3.0250000e+02;1.7392430e-01;3.0250000e+02;1.9868080e-01;3.0250000e+02;2.2272111e-01;3.0250000e+02;2.5067833e-01;3.0250000e+02;2.7420700e-01;3.0250000e+02;2.8763592e-01;3.0250000e+02;2.9022652e-01;3.0250000e+02;2.8592041e-01;3.0250000e+02;2.7492264e-01;3.0250000e+02;2.5751576e-01;3.0250000e+02;2.3537517e-01;3.0250000e+02;3.7068509e-02;3.0250000e+02;5.1452283e-02;3.0250000e+02;6.7784697e-02;3.0250000e+02;8.6625278e-02;3.0250000e+02;1.0732528e-01;3.0250000e+02;1.2881511e-01;3.0250000e+02;1.5131785e-01;3.0250000e+02;1.7392430e-01;3.0250000e+02;1.9868080e-01;3.0250000e+02;2.2272111e-01;3.0250000e+02;2.5067833e-01;3.0250000e+02;2.7420700e-01;3.0250000e+02;2.8763592e-01;3.0250000e+02;2.9022652e-01;3.0250000e+02;2.8592041e-01;3.0250000e+02;2.7492264e-01;3.0250000e+02;2.5751576e-01;3.0250000e+02;2.3537517e-01;3.0250000e+02;3.7068509e-02;3.0250000e+02;5.1452283e-02;3.0250000e+02;6.7784697e-02;3.0250000e+02;8.6625278e-02;3.0250000e+02;1.0732528e-01;3.0250000e+02;1.2881511e-01;3.0250000e+02;1.5131785e-01;3.0250000e+02;1.7392430e-01;3.0250000e+02;1.9868080e-01;3.0250000e+02;2.2272111e-01;3.0250000e+02;2.5067833e-01;3.0250000e+02;2.7420700e-01;3.0250000e+02;2.8763592e-01;3.0250000e+02;2.9022652e-01;3.0250000e+02;2.8592041e-01;3.0250000e+02;2.7492264e-01;3.0250000e+02;2.5751576e-01;3.0250000e+02;2.3537517e-01;3.0250000e+02;3.7068509e-02;3.0250000e+02;5.1452283e-02;3.0250000e+02;6.7784697e-02;3.0250000e+02;8.6625278e-02;3.0250000e+02;1.0732528e-01;3.0250000e+02;1.2881511e-01;3.0250000e+02;1.5131785e-01;3.0250000e+02;1.7392430e-01;3.0250000e+02;1.9868080e-01;3.0250000e+02;2.2272111e-01;3.0250000e+02;2.5067833e-01;3.0250000e+02;2.7420700e-01;3.0250000e+02;2.8763592e-01;3.0250000e+02;2.9022652e-01;3.0250000e+02;2.8592041e-01;3.0250000e+02;2.7492264e-01;3.0250000e+02;2.5751576e-01;3.0250000e+02;2.3537517e-01;3.0250000e+02;3.7068509e-02;3.0250000e+02;5.1452283e-02;3.0250000e+02;6.7784697e-02;3.0250000e+02;8.6625278e-02;3.0250000e+02;1.0732528e-01;3.0250000e+02;1.2881511e-01;3.0250000e+02;1.5131785e-01;3.0250000e+02;1.7392430e-01;3.0250000e+02;1.9868080e-01;3.0250000e+02;2.2272111e-01;3.0250000e+02;2.5067833e-01;3.0250000e+02;2.7420700e-01;3.0250000e+02;2.8763592e-01;3.0250000e+02;2.9022652e-01;3.0250000e+02;2.8592041e-01;3.0250000e+02;2.7492264e-01;3.0250000e+02;2.5751576e-01;3.0250000e+02;2.3537517e-01;3.0250000e+02;3.7068509e-02;3.0250000e+02;5.1452283e-02;3.0250000e+02;6.7784697e-02;3.0250000e+02;8.6625278e-02;3.0250000e+02;1.0732528e-01;3.0250000e+02;1.2881511e-01;3.0250000e+02;1.5131785e-01;3.0250000e+02;1.7392430e-01;3.0250000e+02;1.9868080e-01;3.0250000e+02;2.2272111e-01;3.0250000e+02;2.5067833e-01;3.0250000e+02;2.7420700e-01;3.0250000e+02;2.8763592e-01;3.0250000e+02;2.9022652e-01;3.0250000e+02;2.8592041e-01;3.0250000e+02;2.7492264e-01;3.0250000e+02;2.5751576e-01;3.0250000e+02;2.3537517e-01;3.0250000e+02;3.7068509e-02;3.0250000e+02;5.1452283e-02;3.0250000e+02;6.7784697e-02;3.0250000e+02;8.6625278e-02;3.0250000e+02;1.0732528e-01;3.0250000e+02;1.2881511e-01;3.0250000e+02;1.5131785e-01;3.0250000e+02;1.7392430e-01;3.0250000e+02;1.9868080e-01;3.0250000e+02;2.2272111e-01;3.0250000e+02;2.5067833e-01;3.0250000e+02;2.7420700e-01;3.0250000e+02;2.8763592e-01;3.0250000e+02;2.9022652e-01;3.0250000e+02;2.8592041e-01;3.0250000e+02;2.7492264e-01;3.0250000e+02;2.5751576e-01;3.0250000e+02;2.3537517e-01;3.0250000e+02;3.7068509e-02;3.0250000e+02;5.1452283e-02;3.0250000e+02;6.7784697e-02;3.0250000e+02;8.6625278e-02;3.0250000e+02;1.0732528e-01;3.0250000e+02;1.2881511e-01;3.0250000e+02;1.5131785e-01;3.0250000e+02;1.7392430e-01;3.0250000e+02;1.9868080e-01;3.0250000e+02;2.2272111e-01;3.0250000e+02;2.5067833e-01;3.0250000e+02;2.7420700e-01;3.0250000e+02;2.8763592e-01;3.0250000e+02;2.9022652e-01;3.0250000e+02;2.8592041e-01;3.0250000e+02;2.7492264e-01;3.0250000e+02;2.5751576e-01;3.0250000e+02;2.3537517e-01;3.0250000e+02;3.7068509e-02;3.0250000e+02;5.1452283e-02;3.0250000e+02;6.7784697e-02;3.0250000e+02;8.6625278e-02;3.0250000e+02;1.0732528e-01;3.0250000e+02;1.2881511e-01;3.0250000e+02;1.5131785e-01;3.0250000e+02;1.7392430e-01;3.0250000e+02;1.9868080e-01;3.0250000e+02;2.2272111e-01;3.0250000e+02;2.5067833e-01;3.0250000e+02;2.7420700e-01;3.0250000e+02;2.8763592e-01;3.0250000e+02;2.9022652e-01;3.0250000e+02;2.8592041e-01;3.0250000e+02;2.7492264e-01;3.0250000e+02;2.5751576e-01;3.0250000e+02;2.3537517e-01;3.0250000e+02;3.7068509e-02;3.0250000e+02;5.1452283e-02;3.0250000e+02;6.7784697e-02;3.0250000e+02;8.6625278e-02;3.0250000e+02;1.0732528e-01;3.0250000e+02;1.2881511e-01;3.0250000e+02;1.5131785e-01;3.0250000e+02;1.7392430e-01;3.0250000e+02;1.9868080e-01;3.0250000e+02;2.2272111e-01;3.0250000e+02;2.5067833e-01;3.0250000e+02;2.7420700e-01;3.0250000e+02;2.8763592e-01;3.0250000e+02;2.9022652e-01;3.0250000e+02;2.8592041e-01;3.0250000e+02;2.7492264e-01;3.0250000e+02;2.5751576e-01;3.0250000e+02;2.3537517e-01;3.0250000e+02;3.7068509e-02;3.0250000e+02;5.1452283e-02;3.0250000e+02;6.7784697e-02;3.0250000e+02;8.6625278e-02;3.0250000e+02;1.0732528e-01;3.0250000e+02;1.2881511e-01;3.0250000e+02;1.5131785e-01;3.0250000e+02;1.7392430e-01;3.0250000e+02;1.9868080e-01;3.0250000e+02;2.2272111e-01;3.0250000e+02;2.5067833e-01;3.0250000e+02;2.7420700e-01;3.0250000e+02;2.8763592e-01;3.0250000e+02;2.9022652e-01;3.0250000e+02;2.8592041e-01;3.0250000e+02;2.7492264e-01;3.0250000e+02;2.5751576e-01;3.0250000e+02;2.3537517e-01;3.0250000e+02;3.7068509e-02;3.0250000e+02;5.1452283e-02;3.0250000e+02;6.7784697e-02;3.0250000e+02;8.6625278e-02;3.0250000e+02;1.0732528e-01;3.0250000e+02;1.2881511e-01;3.0250000e+02;1.5131785e-01;3.0250000e+02;1.7392430e-01;3.0250000e+02;1.9868080e-01;3.0250000e+02;2.2272111e-01;3.0250000e+02;2.5067833e-01;3.0250000e+02;2.7420700e-01;3.0250000e+02;2.8763592e-01;3.0250000e+02;2.9022652e-01;3.0250000e+02;2.8592041e-01;3.0250000e+02;2.7492264e-01;3.0250000e+02;2.5751576e-01;3.0250000e+02;2.3537517e-01;3.0250000e+02;3.7068509e-02;3.0250000e+02;5.1452283e-02;3.0250000e+02;6.7784697e-02;3.0250000e+02;8.6625278e-02;3.0250000e+02;1.0732528e-01;3.0250000e+02;1.2881511e-01;3.0250000e+02;1.5131785e-01;3.0250000e+02;1.7392430e-01;3.0250000e+02;1.9868080e-01;3.0250000e+02;2.2272111e-01;3.0250000e+02;2.5067833e-01;3.0250000e+02;2.7420700e-01;3.0250000e+02;2.8763592e-01;3.0250000e+02;2.9022652e-01;3.0250000e+02;2.8592041e-01;3.0250000e+02;2.7492264e-01;3.0250000e+02;2.5751576e-01;3.0250000e+02;2.3537517e-01;3.0250000e+02;3.7068509e-02;3.0250000e+02;5.1452283e-02;3.0250000e+02;6.7784697e-02;3.0250000e+02;8.6625278e-02;3.0250000e+02;1.0732528e-01;3.0250000e+02;1.2881511e-01;3.0250000e+02;1.5131785e-01;3.0250000e+02;1.7392430e-01;3.0250000e+02;1.9868080e-01;3.0250000e+02;2.2272111e-01;3.0250000e+02;2.5067833e-01;3.0250000e+02;2.7420700e-01;3.0250000e+02;2.8763592e-01;3.0250000e+02;2.9022652e-01;3.0250000e+02;2.8592041e-01;3.0250000e+02;2.7492264e-01;3.0250000e+02;2.5751576e-01;3.0250000e+02;2.3537517e-01;3.0250000e+02;3.7068509e-02;3.0250000e+02;5.1452283e-02;3.0250000e+02;6.7784697e-02;3.0250000e+02;8.6625278e-02;3.0250000e+02;1.0732528e-01;3.0250000e+02;1.2881511e-01;3.0250000e+02;1.5131785e-01;3.0250000e+02;1.7392430e-01;3.0250000e+02;1.9868080e-01;3.0250000e+02;2.2272111e-01;3.0250000e+02;2.5067833e-01;3.0250000e+02;2.7420700e-01;3.0250000e+02;2.8763592e-01;3.0250000e+02;2.9022652e-01;3.0250000e+02;2.8592041e-01;3.0250000e+02;2.7492264e-01;3.0250000e+02;2.5751576e-01;3.0250000e+02;2.3537517e-01;3.0250000e+02;3.7068509e-02;3.0250000e+02;5.1452283e-02;3.0250000e+02;6.7784697e-02;3.0250000e+02;8.6625278e-02;3.0250000e+02;1.0732528e-01;3.0250000e+02;1.2881511e-01;3.0250000e+02;1.5131785e-01;3.0250000e+02;1.7392430e-01;3.0250000e+02;1.9868080e-01;3.0250000e+02;2.2272111e-01;3.0250000e+02;2.5067833e-01;3.0250000e+02;2.7420700e-01;3.0250000e+02;2.8763592e-01;3.0250000e+02;2.9022652e-01;3.0250000e+02;2.8592041e-01;3.0250000e+02;2.7492264e-01;3.0250000e+02;2.5751576e-01;3.0250000e+02;2.3537517e-01;3.0250000e+02;3.7068509e-02;3.0250000e+02;5.1452283e-02;3.0250000e+02;6.7784697e-02;3.0250000e+02;8.6625278e-02;3.0250000e+02;1.0732528e-01;3.0250000e+02;1.2881511e-01;3.0250000e+02;1.5131785e-01;3.0250000e+02;1.7392430e-01;3.0250000e+02;1.9868080e-01;3.0250000e+02;2.2272111e-01;3.0250000e+02;2.5067833e-01;3.0250000e+02;2.7420700e-01;3.0250000e+02;2.8763592e-01;3.0250000e+02;2.9022652e-01;3.0250000e+02;2.8592041e-01;3.0250000e+02;2.7492264e-01;3.0250000e+02;2.5751576e-01;3.0250000e+02;2.3537517e-01;3.0250000e+02;3.7068509e-02;3.0250000e+02;5.1452283e-02;3.0250000e+02;6.7784697e-02;3.0250000e+02;8.6625278e-02;3.0250000e+02;1.0732528e-01;3.0250000e+02;1.2881511e-01;3.0250000e+02;1.5131785e-01;3.0250000e+02;1.7392430e-01;3.0250000e+02;1.9868080e-01;3.0250000e+02;2.2272111e-01;3.0250000e+02;2.5067833e-01;3.0250000e+02;2.7420700e-01;3.0250000e+02;2.8763592e-01;3.0250000e+02;2.9022652e-01;3.0250000e+02;2.8592041e-01;3.0250000e+02;2.7492264e-01;3.0250000e+02;2.5751576e-01;3.0250000e+02;2.3537517e-01;3.0250000e+02;3.7068509e-02;3.0250000e+02;5.1452283e-02;3.0250000e+02;6.7784697e-02;3.0250000e+02;8.6625278e-02;3.0250000e+02;1.0732528e-01;3.0250000e+02;1.2881511e-01;3.0250000e+02;1.5131785e-01;3.0250000e+02;1.7392430e-01;3.0250000e+02;1.9868080e-01;3.0250000e+02;2.2272111e-01;3.0250000e+02;2.5067833e-01;3.0250000e+02;2.7420700e-01;3.0250000e+02;2.8763592e-01;3.0250000e+02;2.9022652e-01;3.0250000e+02;2.8592041e-01;3.0250000e+02;2.7492264e-01;3.0250000e+02;2.5751576e-01;3.0250000e+02;2.3537517e-01;3.0250000e+02;3.7068509e-02;3.0250000e+02;5.1452283e-02;3.0250000e+02;6.7784697e-02;3.0250000e+02;8.6625278e-02;3.0250000e+02;1.0732528e-01;3.0250000e+02;1.2881511e-01;3.0250000e+02;1.5131785e-01;3.0250000e+02;1.7392430e-01;3.0250000e+02;1.9868080e-01;3.0250000e+02;2.2272111e-01;3.0250000e+02;2.5067833e-01;3.0250000e+02;2.7420700e-01;3.0250000e+02;2.8763592e-01;3.0250000e+02;2.9022652e-01;3.0250000e+02;2.8592041e-01;3.0250000e+02;2.7492264e-01;3.0250000e+02;2.5751576e-01;3.0250000e+02;2.3537517e-01;3.0250000e+02;3.7068509e-02;3.0250000e+02;5.1452283e-02;3.0250000e+02;6.7784697e-02;3.0250000e+02;8.6625278e-02;3.0250000e+02;1.0732528e-01;3.0250000e+02;1.2881511e-01;3.0250000e+02;1.5131785e-01;3.0250000e+02;1.7392430e-01;3.0250000e+02;1.9868080e-01;3.0250000e+02;2.2272111e-01;3.0250000e+02;2.5067833e-01;3.0250000e+02;2.7420700e-01;3.0250000e+02;2.8763592e-01;3.0250000e+02;2.9022652e-01;3.0250000e+02;2.8592041e-01;3.0250000e+02;2.7492264e-01;3.0250000e+02;2.5751576e-01;3.0250000e+02;2.3537517e-01;3.0250000e+02;3.7068509e-02;3.0250000e+02;5.1452283e-02;3.0250000e+02;6.7784697e-02;3.0250000e+02;8.6625278e-02;3.0250000e+02;1.0732528e-01;3.0250000e+02;1.2881511e-01;3.0250000e+02;1.5131785e-01;3.0250000e+02;1.7392430e-01;3.0250000e+02;1.9868080e-01;3.0250000e+02;2.2272111e-01;3.0250000e+02;2.5067833e-01;3.0250000e+02;2.7420700e-01;3.0250000e+02;2.8763592e-01;3.0250000e+02;2.9022652e-01;3.0250000e+02;2.8592041e-01;3.0250000e+02;2.7492264e-01;3.0250000e+02;2.5751576e-01;3.0250000e+02;2.3537517e-01;3.0250000e+02;3.7068509e-02;3.0250000e+02;5.1452283e-02;3.0250000e+02;6.7784697e-02;3.0250000e+02;8.6625278e-02;3.0250000e+02;1.0732528e-01;3.0250000e+02;1.2881511e-01;3.0250000e+02;1.5131785e-01;3.0250000e+02;1.7392430e-01;3.0250000e+02;1.9868080e-01;3.0250000e+02;2.2272111e-01;3.0250000e+02;2.5067833e-01;3.0250000e+02;2.7420700e-01;3.0250000e+02;2.8763592e-01;3.0250000e+02;2.9022652e-01;3.0250000e+02;2.8592041e-01;3.0250000e+02;2.7492264e-01;3.0250000e+02;2.5751576e-01;3.0250000e+02;2.3537517e-01;3.0250000e+02;3.7068509e-02;3.0250000e+02;5.1452283e-02;3.0250000e+02;6.7784697e-02;3.0250000e+02;8.6625278e-02;3.0250000e+02;1.0732528e-01;3.0250000e+02;1.2881511e-01;3.0250000e+02;1.5131785e-01;3.0250000e+02;1.7392430e-01;3.0250000e+02;1.9868080e-01;3.0250000e+02;2.2272111e-01;3.0250000e+02;2.5067833e-01;3.0250000e+02;2.7420700e-01;3.0250000e+02;2.8763592e-01;3.0250000e+02;2.9022652e-01;3.0250000e+02;2.8592041e-01;3.0250000e+02;2.7492264e-01;3.0250000e+02;2.5751576e-01;3.0250000e+02;2.3537517e-01;3.0250000e+02;3.7068509e-02;3.0250000e+02;5.1452283e-02;3.0250000e+02;6.7784697e-02;3.0250000e+02;8.6625278e-02;3.0250000e+02;1.0732528e-01;3.0250000e+02;1.2881511e-01;3.0250000e+02;1.5131785e-01;3.0250000e+02;1.7392430e-01;3.0250000e+02;1.9868080e-01;3.0250000e+02;2.2272111e-01;3.0250000e+02;2.5067833e-01;3.0250000e+02;2.7420700e-01;3.0250000e+02;2.8763592e-01;3.0250000e+02;2.9022652e-01;3.0250000e+02;2.8592041e-01;3.0250000e+02;2.7492264e-01;3.0250000e+02;2.5751576e-01;3.0250000e+02;2.3537517e-01;3.0250000e+02;3.7068509e-02;3.0250000e+02;5.1452283e-02;3.0250000e+02;6.7784697e-02;3.0250000e+02;8.6625278e-02;3.0250000e+02;1.0732528e-01;3.0250000e+02;1.2881511e-01;3.0250000e+02;1.5131785e-01;3.0250000e+02;1.7392430e-01;3.0250000e+02;1.9868080e-01;3.0250000e+02;2.2272111e-01;3.0250000e+02;2.5067833e-01;3.0250000e+02;2.7420700e-01;3.0250000e+02;2.8763592e-01;3.0250000e+02;2.9022652e-01;3.0250000e+02;2.8592041e-01;3.0250000e+02;2.7492264e-01;3.0250000e+02;2.5751576e-01;3.0250000e+02;2.3537517e-01;3.0250000e+02;3.7068509e-02;3.0250000e+02;5.1452283e-02;3.0250000e+02;6.7784697e-02;3.0250000e+02;8.6625278e-02;3.0250000e+02;1.0732528e-01;3.0250000e+02;1.2881511e-01;3.0250000e+02;1.5131785e-01;3.0250000e+02;1.7392430e-01;3.0250000e+02;1.9868080e-01;3.0250000e+02;2.2272111e-01;3.0250000e+02;2.5067833e-01;3.0250000e+02;2.7420700e-01;3.0250000e+02;2.8763592e-01;3.0250000e+02;2.9022652e-01;3.0250000e+02;2.8592041e-01;3.0250000e+02;2.7492264e-01;3.0250000e+02;2.5751576e-01;3.0250000e+02;2.3537517e-01;3.0250000e+02;3.7068509e-02;3.0250000e+02;5.1452283e-02;3.0250000e+02;6.7784697e-02;3.0250000e+02;8.6625278e-02;3.0250000e+02;1.0732528e-01;3.0250000e+02;1.2881511e-01;3.0250000e+02;1.5131785e-01;3.0250000e+02;1.7392430e-01;3.0250000e+02;1.9868080e-01;3.0250000e+02;2.2272111e-01;3.0250000e+02;2.5067833e-01;3.0250000e+02;2.7420700e-01;3.0250000e+02;2.8763592e-01;3.0250000e+02;2.9022652e-01;3.0250000e+02;2.8592041e-01;3.0250000e+02;2.7492264e-01;3.0250000e+02;2.5751576e-01;3.0250000e+02;2.3537517e-01;3.0250000e+02;3.7068509e-02;3.0250000e+02;5.1452283e-02;3.0250000e+02;6.7784697e-02;3.0250000e+02;8.6625278e-02;3.0250000e+02;1.0732528e-01;3.0250000e+02;1.2881511e-01;3.0250000e+02;1.5131785e-01;3.0250000e+02;1.7392430e-01;3.0250000e+02;1.9868080e-01;3.0250000e+02;2.2272111e-01;3.0250000e+02;2.5067833e-01;3.0250000e+02;2.7420700e-01;3.0250000e+02;2.8763592e-01;3.0250000e+02;2.9022652e-01;3.0250000e+02;2.8592041e-01;3.0250000e+02;2.7492264e-01;3.0250000e+02;2.5751576e-01;3.0250000e+02;2.3537517e-01;3.0250000e+02;3.7068509e-02;3.0250000e+02;5.1452283e-02;3.0250000e+02;6.7784697e-02;3.0250000e+02;8.6625278e-02;3.0250000e+02;1.0732528e-01;3.0250000e+02;1.2881511e-01;3.0250000e+02;1.5131785e-01;3.0250000e+02;1.7392430e-01;3.0250000e+02;1.9868080e-01;3.0250000e+02;2.2272111e-01;3.0250000e+02;2.5067833e-01;3.0250000e+02;2.7420700e-01;3.0250000e+02;2.8763592e-01;3.0250000e+02;2.9022652e-01;3.0250000e+02;2.8592041e-01;3.0250000e+02;2.7492264e-01;3.0250000e+02;2.5751576e-01;3.0250000e+02;2.3537517e-01;3.0250000e+02;3.7068509e-02;3.0250000e+02;5.1452283e-02;3.0250000e+02;6.7784697e-02;3.0250000e+02;8.6625278e-02;3.0250000e+02;1.0732528e-01;3.0250000e+02;1.2881511e-01;3.0250000e+02;1.5131785e-01;3.0250000e+02;1.7392430e-01;3.0250000e+02;1.9868080e-01;3.0250000e+02;2.2272111e-01;3.0250000e+02;2.5067833e-01;3.0250000e+02;2.7420700e-01;3.0250000e+02;2.8763592e-01;3.0250000e+02;2.9022652e-01;3.0250000e+02;2.8592041e-01;3.0250000e+02;2.7492264e-01;3.0250000e+02;2.5751576e-01;3.0250000e+02;2.3537517e-01;3.0250000e+02;3.7068509e-02;3.0250000e+02;5.1452283e-02;3.0250000e+02;6.7784697e-02;3.0250000e+02;8.6625278e-02;3.0250000e+02;1.0732528e-01;3.0250000e+02;1.2881511e-01;3.0250000e+02;1.5131785e-01;3.0250000e+02;1.7392430e-01;3.0250000e+02;1.9868080e-01;3.0250000e+02;2.2272111e-01;3.0250000e+02;2.5067833e-01;3.0250000e+02;2.7420700e-01;3.0250000e+02;2.8763592e-01;3.0250000e+02;2.9022652e-01;3.0250000e+02;2.8592041e-01;3.0250000e+02;2.7492264e-01;3.0250000e+02;2.5751576e-01;3.0250000e+02;2.3537517e-01;3.0250000e+02;3.7068509e-02;3.0250000e+02;5.1452283e-02;3.0250000e+02;6.7784697e-02;3.0250000e+02;8.6625278e-02;3.0250000e+02;1.0732528e-01;3.0250000e+02;1.2881511e-01;3.0250000e+02;1.5131785e-01;3.0250000e+02;1.7392430e-01;3.0250000e+02;1.9868080e-01;3.0250000e+02;2.2272111e-01;3.0250000e+02;2.5067833e-01;3.0250000e+02;2.7420700e-01;3.0250000e+02;2.8763592e-01;3.0250000e+02;2.9022652e-01;3.0250000e+02;2.8592041e-01;3.0250000e+02;2.7492264e-01;3.0250000e+02;2.5751576e-01;3.0250000e+02;2.3537517e-01;3.0250000e+02;3.7068509e-02;3.0250000e+02;5.1452283e-02;3.0250000e+02;6.7784697e-02;3.0250000e+02;8.6625278e-02;3.0250000e+02;1.0732528e-01;3.0250000e+02;1.2881511e-01;3.0250000e+02;1.5131785e-01;3.0250000e+02;1.7392430e-01;3.0250000e+02;1.9868080e-01;3.0250000e+02;2.2272111e-01;3.0250000e+02;2.5067833e-01;3.0250000e+02;2.7420700e-01;3.0250000e+02;2.8763592e-01;3.0250000e+02;2.9022652e-01;3.0250000e+02;2.8592041e-01;3.0250000e+02;2.7492264e-01;3.0250000e+02;2.5751576e-01;3.0250000e+02;2.3537517e-01;3.0250000e+02;3.7068509e-02;3.0250000e+02;5.1452283e-02;3.0250000e+02;6.7784697e-02;3.0250000e+02;8.6625278e-02;3.0250000e+02;1.0732528e-01;3.0250000e+02;1.2881511e-01;3.0250000e+02;1.5131785e-01;3.0250000e+02;1.7392430e-01;3.0250000e+02;1.9868080e-01;3.0250000e+02;2.2272111e-01;3.0250000e+02;2.5067833e-01;3.0250000e+02;2.7420700e-01;3.0250000e+02;2.8763592e-01;3.0250000e+02;2.9022652e-01;3.0250000e+02;2.8592041e-01;3.0250000e+02;2.7492264e-01;3.0250000e+02;2.5751576e-01;3.0250000e+02;2.3537517e-01;3.0250000e+02;3.7068509e-02;3.0250000e+02;5.1452283e-02;3.0250000e+02;6.7784697e-02;3.0250000e+02;8.6625278e-02;3.0250000e+02;1.0732528e-01;3.0250000e+02;1.2881511e-01;3.0250000e+02;1.5131785e-01;3.0250000e+02;1.7392430e-01;3.0250000e+02;1.9868080e-01;3.0250000e+02;2.2272111e-01;3.0250000e+02;2.5067833e-01;3.0250000e+02;2.7420700e-01;3.0250000e+02;2.8763592e-01;3.0250000e+02;2.9022652e-01;3.0250000e+02;2.8592041e-01;3.0250000e+02;2.7492264e-01;3.0250000e+02;2.5751576e-01;3.0250000e+02;2.3537517e-01;3.0250000e+02;3.7068509e-02;3.0250000e+02;5.1452283e-02;3.0250000e+02;6.7784697e-02;3.0250000e+02;8.6625278e-02;3.0250000e+02;1.0732528e-01;3.0250000e+02;1.2881511e-01;3.0250000e+02;1.5131785e-01;3.0250000e+02;1.7392430e-01;3.0250000e+02;1.9868080e-01;3.0250000e+02;2.2272111e-01;3.0250000e+02;2.5067833e-01;3.0250000e+02;2.7420700e-01;3.0250000e+02;2.8763592e-01;3.0250000e+02;2.9022652e-01;3.0250000e+02;2.8592041e-01;3.0250000e+02;2.7492264e-01;3.0250000e+02;2.5751576e-01;3.0250000e+02;2.3537517e-01;3.0250000e+02;3.7068509e-02;3.0250000e+02;5.1452283e-02;3.0250000e+02;6.7784697e-02;3.0250000e+02;8.6625278e-02;3.0250000e+02;1.0732528e-01;3.0250000e+02;1.2881511e-01;3.0250000e+02;1.5131785e-01;3.0250000e+02;1.7392430e-01;3.0250000e+02;1.9868080e-01;3.0250000e+02;2.2272111e-01;3.0250000e+02;2.5067833e-01;3.0250000e+02;2.7420700e-01;3.0250000e+02;2.8763592e-01;3.0250000e+02;2.9022652e-01;3.0250000e+02;2.8592041e-01;3.0250000e+02;2.7492264e-01;3.0250000e+02;2.5751576e-01;3.0250000e+02;2.3537517e-01;3.0250000e+02;3.7068509e-02;3.0250000e+02;5.1452283e-02;3.0250000e+02;6.7784697e-02;3.0250000e+02;8.6625278e-02;3.0250000e+02;1.0732528e-01;3.0250000e+02;1.2881511e-01;3.0250000e+02;1.5131785e-01;3.0250000e+02;1.7392430e-01;3.0250000e+02;1.9868080e-01;3.0250000e+02;2.2272111e-01;3.0250000e+02;2.5067833e-01;3.0250000e+02;2.7420700e-01;3.0250000e+02;2.8763592e-01;3.0250000e+02;2.9022652e-01;3.0250000e+02;2.8592041e-01;3.0250000e+02;2.7492264e-01;3.0250000e+02;2.5751576e-01;3.0250000e+02;2.3537517e-01;3.0250000e+02;3.7068509e-02;3.0250000e+02;5.1452283e-02;3.0250000e+02;6.7784697e-02;3.0250000e+02;8.6625278e-02;3.0250000e+02;1.0732528e-01;3.0250000e+02;1.2881511e-01;3.0250000e+02;1.5131785e-01;3.0250000e+02;1.7392430e-01;3.0250000e+02;1.9868080e-01;3.0250000e+02;2.2272111e-01;3.0250000e+02;2.5067833e-01;3.0250000e+02;2.7420700e-01;3.0250000e+02;2.8763592e-01;3.0250000e+02;2.9022652e-01;3.0250000e+02;2.8592041e-01;3.0250000e+02;2.7492264e-01;3.0250000e+02;2.5751576e-01;3.0250000e+02;2.3537517e-01;3.0250000e+02;3.7068509e-02;3.0250000e+02;5.1452283e-02;3.0250000e+02;6.7784697e-02;3.0250000e+02;8.6625278e-02;3.0250000e+02;1.0732528e-01;3.0250000e+02;1.2881511e-01;3.0250000e+02;1.5131785e-01;3.0250000e+02;1.7392430e-01;3.0250000e+02;1.9868080e-01;3.0250000e+02;2.2272111e-01;3.0250000e+02;2.5067833e-01;3.0250000e+02;2.7420700e-01;3.0250000e+02;2.8763592e-01;3.0250000e+02;2.9022652e-01;3.0250000e+02;2.8592041e-01;3.0250000e+02;2.7492264e-01;3.0250000e+02;2.5751576e-01;3.0250000e+02;2.3537517e-01;3.0250000e+02;3.7068509e-02;3.0250000e+02;5.1452283e-02;3.0250000e+02;6.7784697e-02;3.0250000e+02;8.6625278e-02;3.0250000e+02;1.0732528e-01;3.0250000e+02;1.2881511e-01;3.0250000e+02;1.5131785e-01;3.0250000e+02;1.7392430e-01;3.0250000e+02;1.9868080e-01;3.0250000e+02;2.2272111e-01;3.0250000e+02;2.5067833e-01;3.0250000e+02;2.7420700e-01;3.0250000e+02;2.8763592e-01;3.0250000e+02;2.9022652e-01;3.0250000e+02;2.8592041e-01;3.0250000e+02;2.7492264e-01;3.0250000e+02;2.5751576e-01;3.0250000e+02;2.3537517e-01;3.0250000e+02;3.7068509e-02;3.0250000e+02;5.1452283e-02;3.0250000e+02;6.7784697e-02;3.0250000e+02;8.6625278e-02;3.0250000e+02;1.0732528e-01;3.0250000e+02;1.2881511e-01;3.0250000e+02;1.5131785e-01;3.0250000e+02;1.7392430e-01;3.0250000e+02;1.9868080e-01;3.0250000e+02;2.2272111e-01;3.0250000e+02;2.5067833e-01;3.0250000e+02;2.7420700e-01;3.0250000e+02;2.8763592e-01;3.0250000e+02;2.9022652e-01;3.0250000e+02;2.8592041e-01;3.0250000e+02;2.7492264e-01;3.0250000e+02;2.5751576e-01;3.0250000e+02;2.3537517e-01;3.0250000e+02;3.7068509e-02;3.0250000e+02;5.1452283e-02;3.0250000e+02;6.7784697e-02;3.0250000e+02;8.6625278e-02;3.0250000e+02;1.0732528e-01;3.0250000e+02;1.2881511e-01;3.0250000e+02;1.5131785e-01;3.0250000e+02;1.7392430e-01;3.0250000e+02;1.9868080e-01;3.0250000e+02;2.2272111e-01;3.0250000e+02;2.5067833e-01;3.0250000e+02;2.7420700e-01;3.0250000e+02;2.8763592e-01;3.0250000e+02;2.9022652e-01;3.0250000e+02;2.8592041e-01;3.0250000e+02;2.7492264e-01;3.0250000e+02;2.5751576e-01;3.0250000e+02;2.3537517e-01;3.0250000e+02;3.7068509e-02;3.0250000e+02;5.1452283e-02;3.0250000e+02;6.7784697e-02;3.0250000e+02;8.6625278e-02;3.0250000e+02;1.0732528e-01;3.0250000e+02;1.2881511e-01;3.0250000e+02;1.5131785e-01;3.0250000e+02;1.7392430e-01;3.0250000e+02;1.9868080e-01;3.0250000e+02;2.2272111e-01;3.0250000e+02;2.5067833e-01;3.0250000e+02;2.7420700e-01;3.0250000e+02;2.8763592e-01;3.0250000e+02;2.9022652e-01;3.0250000e+02;2.8592041e-01;3.0250000e+02;2.7492264e-01;3.0250000e+02;2.5751576e-01;3.0250000e+02;2.3537517e-01;3.0250000e+02;3.7068509e-02;3.0250000e+02;5.1452283e-02;3.0250000e+02;6.7784697e-02;3.0250000e+02;8.6625278e-02;3.0250000e+02;1.0732528e-01;3.0250000e+02;1.2881511e-01;3.0250000e+02;1.5131785e-01;3.0250000e+02;1.7392430e-01;3.0250000e+02;1.9868080e-01;3.0250000e+02;2.2272111e-01;3.0250000e+02;2.5067833e-01;3.0250000e+02;2.7420700e-01;3.0250000e+02;2.8763592e-01;3.0250000e+02;2.9022652e-01;3.0250000e+02;2.8592041e-01;3.0250000e+02;2.7492264e-01;3.0250000e+02;2.5751576e-01;3.0250000e+02;2.3537517e-01;3.0250000e+02;3.7068509e-02;3.0250000e+02;5.1452283e-02;3.0250000e+02;6.7784697e-02;3.0250000e+02;8.6625278e-02;3.0250000e+02;1.0732528e-01;3.0250000e+02;1.2881511e-01;3.0250000e+02;1.5131785e-01;3.0250000e+02;1.7392430e-01;3.0250000e+02;1.9868080e-01;3.0250000e+02;2.2272111e-01;3.0250000e+02;2.5067833e-01;3.0250000e+02;2.7420700e-01;3.0250000e+02;2.8763592e-01;3.0250000e+02;2.9022652e-01;3.0250000e+02;2.8592041e-01;3.0250000e+02;2.7492264e-01;3.0250000e+02;2.5751576e-01;3.0250000e+02;2.3537517e-01;3.0250000e+02;3.7068509e-02;3.0250000e+02;5.1452283e-02;3.0250000e+02;6.7784697e-02;3.0250000e+02;8.6625278e-02;3.0250000e+02;1.0732528e-01;3.0250000e+02;1.2881511e-01;3.0250000e+02;1.5131785e-01;3.0250000e+02;1.7392430e-01;3.0250000e+02;1.9868080e-01;3.0250000e+02;2.2272111e-01;3.0250000e+02;2.5067833e-01;3.0250000e+02;2.7420700e-01;3.0250000e+02;2.8763592e-01;3.0250000e+02;2.9022652e-01;3.0250000e+02;2.8592041e-01;3.0250000e+02;2.7492264e-01;3.0250000e+02;2.5751576e-01;3.0250000e+02;2.3537517e-01;3.0250000e+02;3.7068509e-02;3.0250000e+02;5.1452283e-02;3.0250000e+02;6.7784697e-02;3.0250000e+02;8.6625278e-02;3.0250000e+02;1.0732528e-01;3.0250000e+02;1.2881511e-01;3.0250000e+02;1.5131785e-01;3.0250000e+02;1.7392430e-01;3.0250000e+02;1.9868080e-01;3.0250000e+02;2.2272111e-01;3.0250000e+02;2.5067833e-01;3.0250000e+02;2.7420700e-01;3.0250000e+02;2.8763592e-01;3.0250000e+02;2.9022652e-01;3.0250000e+02;2.8592041e-01;3.0250000e+02;2.7492264e-01;3.0250000e+02;2.5751576e-01;3.0250000e+02;2.3537517e-01;3.0250000e+02;3.7068509e-02;3.0250000e+02;5.1452283e-02;3.0250000e+02;6.7784697e-02;3.0250000e+02;8.6625278e-02;3.0250000e+02;1.0732528e-01;3.0250000e+02;1.2881511e-01;3.0250000e+02;1.5131785e-01;3.0250000e+02;1.7392430e-01;3.0250000e+02;1.9868080e-01;3.0250000e+02;2.2272111e-01;3.0250000e+02;2.5067833e-01;3.0250000e+02;2.7420700e-01;3.0250000e+02;2.8763592e-01;3.0250000e+02;2.9022652e-01;3.0250000e+02;2.8592041e-01;3.0250000e+02;2.7492264e-01;3.0250000e+02;2.5751576e-01;3.0250000e+02;2.3537517e-01;3.0250000e+02;3.7068509e-02;3.0250000e+02;5.1452283e-02;3.0250000e+02;6.7784697e-02;3.0250000e+02;8.6625278e-02;3.0250000e+02;1.0732528e-01;3.0250000e+02;1.2881511e-01;3.0250000e+02;1.5131785e-01;3.0250000e+02;1.7392430e-01;3.0250000e+02;1.9868080e-01;3.0250000e+02;2.2272111e-01;3.0250000e+02;2.5067833e-01;3.0250000e+02;2.7420700e-01;3.0250000e+02;2.8763592e-01;3.0250000e+02;2.9022652e-01;3.0250000e+02;2.8592041e-01;3.0250000e+02;2.7492264e-01;3.0250000e+02;2.5751576e-01;3.0250000e+02;2.3537517e-01;3.0250000e+02;3.7068509e-02;3.0250000e+02;5.1452283e-02;3.0250000e+02;6.7784697e-02;3.0250000e+02;8.6625278e-02;3.0250000e+02;1.0732528e-01;3.0250000e+02;1.2881511e-01;3.0250000e+02;1.5131785e-01;3.0250000e+02;1.7392430e-01;3.0250000e+02;1.9868080e-01;3.0250000e+02;2.2272111e-01;3.0250000e+02;2.5067833e-01;3.0250000e+02;2.7420700e-01;3.0250000e+02;2.8763592e-01;3.0250000e+02;2.9022652e-01;3.0250000e+02;2.8592041e-01;3.0250000e+02;2.7492264e-01;3.0250000e+02;2.5751576e-01;3.0250000e+02;2.3537517e-01;3.0250000e+02;3.7068509e-02;3.0250000e+02;5.1452283e-02;3.0250000e+02;6.7784697e-02;3.0250000e+02;8.6625278e-02;3.0250000e+02;1.0732528e-01;3.0250000e+02;1.2881511e-01;3.0250000e+02;1.5131785e-01;3.0250000e+02;1.7392430e-01;3.0250000e+02;1.9868080e-01;3.0250000e+02;2.2272111e-01;3.0250000e+02;2.5067833e-01;3.0250000e+02;2.7420700e-01;3.0250000e+02;2.8763592e-01;3.0250000e+02;2.9022652e-01;3.0250000e+02;2.8592041e-01;3.0250000e+02;2.7492264e-01;3.0250000e+02;2.5751576e-01;3.0250000e+02;2.3537517e-01;3.0250000e+02;3.7068509e-02;3.0250000e+02;5.1452283e-02;3.0250000e+02;6.7784697e-02;3.0250000e+02;8.6625278e-02;3.0250000e+02;1.0732528e-01;3.0250000e+02;1.2881511e-01;3.0250000e+02;1.5131785e-01;3.0250000e+02;1.7392430e-01;3.0250000e+02;1.9868080e-01;3.0250000e+02;2.2272111e-01;3.0250000e+02;2.5067833e-01;3.0250000e+02;2.7420700e-01;3.0250000e+02;2.8763592e-01;3.0250000e+02;2.9022652e-01;3.0250000e+02;2.8592041e-01;3.0250000e+02;2.7492264e-01;3.0250000e+02;2.5751576e-01;3.0250000e+02;2.3537517e-01;3.0250000e+02;3.7068509e-02;3.0250000e+02;5.1452283e-02;3.0250000e+02;6.7784697e-02;3.0250000e+02;8.6625278e-02;3.0250000e+02;1.0732528e-01;3.0250000e+02;1.2881511e-01;3.0250000e+02;1.5131785e-01;3.0250000e+02;1.7392430e-01;3.0250000e+02;1.9868080e-01;3.0250000e+02;2.2272111e-01;3.0250000e+02;2.5067833e-01;3.0250000e+02;2.7420700e-01;3.0250000e+02;2.8763592e-01;3.0250000e+02;2.9022652e-01;3.0250000e+02;2.8592041e-01;3.0250000e+02;2.7492264e-01;3.0250000e+02;2.5751576e-01;3.0250000e+02;2.3537517e-01;3.0250000e+02;3.7068509e-02;3.0250000e+02;5.1452283e-02;3.0250000e+02;6.7784697e-02;3.0250000e+02;8.6625278e-02;3.0250000e+02;1.0732528e-01;3.0250000e+02;1.2881511e-01;3.0250000e+02;1.5131785e-01;3.0250000e+02;1.7392430e-01;3.0250000e+02;1.9868080e-01;3.0250000e+02;2.2272111e-01;3.0250000e+02;2.5067833e-01;3.0250000e+02;2.7420700e-01;3.0250000e+02;2.8763592e-01;3.0250000e+02;2.9022652e-01;3.0250000e+02;2.8592041e-01;3.0250000e+02;2.7492264e-01;3.0250000e+02;2.5751576e-01;3.0250000e+02;2.3537517e-01;3.0250000e+02;3.7068509e-02;3.0250000e+02;5.1452283e-02;3.0250000e+02;6.7784697e-02;3.0250000e+02;8.6625278e-02;3.0250000e+02;1.0732528e-01;3.0250000e+02;1.2881511e-01;3.0250000e+02;1.5131785e-01;3.0250000e+02;1.7392430e-01;3.0250000e+02;1.9868080e-01;3.0250000e+02;2.2272111e-01;3.0250000e+02;2.5067833e-01;3.0250000e+02;2.7420700e-01;3.0250000e+02;2.8763592e-01;3.0250000e+02;2.9022652e-01;3.0250000e+02;2.8592041e-01;3.0250000e+02;2.7492264e-01;3.0250000e+02;2.5751576e-01;3.0250000e+02;2.3537517e-01;3.0250000e+02;3.7068509e-02;3.0250000e+02;5.1452283e-02;3.0250000e+02;6.7784697e-02;3.0250000e+02;8.6625278e-02;3.0250000e+02;1.0732528e-01;3.0250000e+02;1.2881511e-01;3.0250000e+02;1.5131785e-01;3.0250000e+02;1.7392430e-01;3.0250000e+02;1.9868080e-01;3.0250000e+02;2.2272111e-01;3.0250000e+02;2.5067833e-01;3.0250000e+02;2.7420700e-01;3.0250000e+02;2.8763592e-01;3.0250000e+02;2.9022652e-01;3.0250000e+02;2.8592041e-01;3.0250000e+02;2.7492264e-01;3.0250000e+02;2.5751576e-01;3.0250000e+02;2.3537517e-01;3.0250000e+02;3.7068509e-02;3.0250000e+02;5.1452283e-02;3.0250000e+02;6.7784697e-02;3.0250000e+02;8.6625278e-02;3.0250000e+02;1.0732528e-01;3.0250000e+02;1.2881511e-01;3.0250000e+02;1.5131785e-01;3.0250000e+02;1.7392430e-01;3.0250000e+02;1.9868080e-01;3.0250000e+02;2.2272111e-01;3.0250000e+02;2.5067833e-01;3.0250000e+02;2.7420700e-01;3.0250000e+02;2.8763592e-01;3.0250000e+02;2.9022652e-01;3.0250000e+02;2.8592041e-01;3.0250000e+02;2.7492264e-01;3.0250000e+02;2.5751576e-01;3.0250000e+02;2.3537517e-01;3.0250000e+02;3.7068509e-02;3.0250000e+02;5.1452283e-02;3.0250000e+02;6.7784697e-02;3.0250000e+02;8.6625278e-02;3.0250000e+02;1.0732528e-01;3.0250000e+02;1.2881511e-01;3.0250000e+02;1.5131785e-01;3.0250000e+02;1.7392430e-01;3.0250000e+02;1.9868080e-01;3.0250000e+02;2.2272111e-01;3.0250000e+02;2.5067833e-01;3.0250000e+02;2.7420700e-01;3.0250000e+02;2.8763592e-01;3.0250000e+02;2.9022652e-01;3.0250000e+02;2.8592041e-01;3.0250000e+02;2.7492264e-01;3.0250000e+02;2.5751576e-01;3.0250000e+02;2.3537517e-01;3.0250000e+02;3.7068509e-02;3.0250000e+02;5.1452283e-02;3.0250000e+02;6.7784697e-02;3.0250000e+02;8.6625278e-02;3.0250000e+02;1.0732528e-01;3.0250000e+02;1.2881511e-01;3.0250000e+02;1.5131785e-01;3.0250000e+02;1.7392430e-01;3.0250000e+02;1.9868080e-01;3.0250000e+02;2.2272111e-01;3.0250000e+02;2.5067833e-01;3.0250000e+02;2.7420700e-01;3.0250000e+02;2.8763592e-01;3.0250000e+02;2.9022652e-01;3.0250000e+02;2.8592041e-01;3.0250000e+02;2.7492264e-01;3.0250000e+02;2.5751576e-01;3.0250000e+02;2.3537517e-01;3.0250000e+02;3.7068509e-02;3.0250000e+02;5.1452283e-02;3.0250000e+02;6.7784697e-02;3.0250000e+02;8.6625278e-02;3.0250000e+02;1.0732528e-01;3.0250000e+02;1.2881511e-01;3.0250000e+02;1.5131785e-01;3.0250000e+02;1.7392430e-01;3.0250000e+02;1.9868080e-01;3.0250000e+02;2.2272111e-01;3.0250000e+02;2.5067833e-01;3.0250000e+02;2.7420700e-01;3.0250000e+02;2.8763592e-01;3.0250000e+02;2.9022652e-01;3.0250000e+02;2.8592041e-01;3.0250000e+02;2.7492264e-01;3.0250000e+02;2.5751576e-01;3.0250000e+02;2.3537517e-01;3.0250000e+02;3.7068509e-02;3.0250000e+02;5.1452283e-02;3.0250000e+02;6.7784697e-02;3.0250000e+02;8.6625278e-02;3.0250000e+02;1.0732528e-01;3.0250000e+02;1.2881511e-01;3.0250000e+02;1.5131785e-01;3.0250000e+02;1.7392430e-01;3.0250000e+02;1.9868080e-01;3.0250000e+02;2.2272111e-01;3.0250000e+02;2.5067833e-01;3.0250000e+02;2.7420700e-01;3.0250000e+02;2.8763592e-01;3.0250000e+02;2.9022652e-01;3.0250000e+02;2.8592041e-01;3.0250000e+02;2.7492264e-01;3.0250000e+02;2.5751576e-01;3.0250000e+02;2.3537517e-01;3.0250000e+02;3.7068509e-02;3.0250000e+02;5.1452283e-02;3.0250000e+02;6.7784697e-02;3.0250000e+02;8.6625278e-02;3.0250000e+02;1.0732528e-01;3.0250000e+02;1.2881511e-01;3.0250000e+02;1.5131785e-01;3.0250000e+02;1.7392430e-01;3.0250000e+02;1.9868080e-01;3.0250000e+02;2.2272111e-01;3.0250000e+02;2.5067833e-01;3.0250000e+02;2.7420700e-01;3.0250000e+02;2.8763592e-01;3.0250000e+02;2.9022652e-01;3.0250000e+02;2.8592041e-01;3.0250000e+02;2.7492264e-01;3.0250000e+02;2.5751576e-01;3.0250000e+02;2.3537517e-01;3.0250000e+02;3.7068509e-02;3.0250000e+02;5.1452283e-02;3.0250000e+02;6.7784697e-02;3.0250000e+02;8.6625278e-02;3.0250000e+02;1.0732528e-01;3.0250000e+02;1.2881511e-01;3.0250000e+02;1.5131785e-01;3.0250000e+02;1.7392430e-01;3.0250000e+02;1.9868080e-01;3.0250000e+02;2.2272111e-01;3.0250000e+02;2.5067833e-01;3.0250000e+02;2.7420700e-01;3.0250000e+02;2.8763592e-01;3.0250000e+02;2.9022652e-01;3.0250000e+02;2.8592041e-01;3.0250000e+02;2.7492264e-01;3.0250000e+02;2.5751576e-01;3.0250000e+02;2.3537517e-01;3.0250000e+02;3.7068509e-02;3.0250000e+02;5.1452283e-02;3.0250000e+02;6.7784697e-02;3.0250000e+02;8.6625278e-02;3.0250000e+02;1.0732528e-01;3.0250000e+02;1.2881511e-01;3.0250000e+02;1.5131785e-01;3.0250000e+02;1.7392430e-01;3.0250000e+02;1.9868080e-01;3.0250000e+02;2.2272111e-01;3.0250000e+02;2.5067833e-01;3.0250000e+02;2.7420700e-01;3.0250000e+02;2.8763592e-01;3.0250000e+02;2.9022652e-01;3.0250000e+02;2.8592041e-01;3.0250000e+02;2.7492264e-01;3.0250000e+02;2.5751576e-01;3.0250000e+02;2.3537517e-01;3.0250000e+02;3.7068509e-02;3.0250000e+02;5.1452283e-02;3.0250000e+02;6.7784697e-02;3.0250000e+02;8.6625278e-02;3.0250000e+02;1.0732528e-01;3.0250000e+02;1.2881511e-01;3.0250000e+02;1.5131785e-01;3.0250000e+02;1.7392430e-01;3.0250000e+02;1.9868080e-01;3.0250000e+02;2.2272111e-01;3.0250000e+02;2.5067833e-01;3.0250000e+02;2.7420700e-01;3.0250000e+02;2.8763592e-01;3.0250000e+02;2.9022652e-01;3.0250000e+02;2.8592041e-01;3.0250000e+02;2.7492264e-01;3.0250000e+02;2.5751576e-01;3.0250000e+02;2.3537517e-01;3.0250000e+02;3.7068509e-02;3.0250000e+02;5.1452283e-02;3.0250000e+02;6.7784697e-02;3.0250000e+02;8.6625278e-02;3.0250000e+02;1.0732528e-01;3.0250000e+02;1.2881511e-01;3.0250000e+02;1.5131785e-01;3.0250000e+02;1.7392430e-01;3.0250000e+02;1.9868080e-01;3.0250000e+02;2.2272111e-01;3.0250000e+02;2.5067833e-01;3.0250000e+02;2.7420700e-01;3.0250000e+02;2.8763592e-01;3.0250000e+02;2.9022652e-01;3.0250000e+02;2.8592041e-01;3.0250000e+02;2.7492264e-01;3.0250000e+02;2.5751576e-01;3.0250000e+02;2.3537517e-01;3.0250000e+02;3.7068509e-02;3.0250000e+02;5.1452283e-02;3.0250000e+02;6.7784697e-02;3.0250000e+02;8.6625278e-02;3.0250000e+02;1.0732528e-01;3.0250000e+02;1.2881511e-01;3.0250000e+02;1.5131785e-01;3.0250000e+02;1.7392430e-01;3.0250000e+02;1.9868080e-01;3.0250000e+02;2.2272111e-01;3.0250000e+02;2.5067833e-01;3.0250000e+02;2.7420700e-01;3.0250000e+02;2.8763592e-01;3.0250000e+02;2.9022652e-01;3.0250000e+02;2.8592041e-01;3.0250000e+02;2.7492264e-01;3.0250000e+02;2.5751576e-01;3.0250000e+02;2.3537517e-01
3.0750000e+02;3.7363041e-02;3.0750000e+02;5.0527848e-02;3.0750000e+02;6.7573830e-02;3.0750000e+02;8.6166844e-02;3.0750000e+02;1.0658984e-01;3.0750000e+02;1.2863423e-01;3.0750000e+02;1.5111500e-01;3.0750000e+02;1.7260908e-01;3.0750000e+02;1.9353387e-01;3.0750000e+02;2.1896745e-01;3.0750000e+02;2.4337740e-01;3.0750000e+02;2.6504537e-01;3.0750000e+02;2.8231886e-01;3.0750000e+02;2.8796512e-01;3.0750000e+02;2.8587037e-01;3.0750000e+02;2.7661642e-01;3.0750000e+02;2.6076707e-01;3.0750000e+02;2.4021049e-01;3.0750000e+02;3.7363041e-02;3.0750000e+02;5.0527848e-02;3.0750000e+02;6.7573830e-02;3.0750000e+02;8.6166844e-02;3.0750000e+02;1.0658984e-01;3.0750000e+02;1.2863423e-01;3.0750000e+02;1.5111500e-01;3.0750000e+02;1.7260908e-01;3.0750000e+02;1.9353387e-01;3.0750000e+02;2.1896745e-01;3.0750000e+02;2.4337740e-01;3.0750000e+02;2.6504537e-01;3.0750000e+02;2.8231886e-01;3.0750000e+02;2.8796512e-01;3.0750000e+02;2.8587037e-01;3.0750000e+02;2.7661642e-01;3.0750000e+02;2.6076707e-01;3.0750000e+02;2.4021049e-01;3.0750000e+02;3.7363041e-02;3.0750000e+02;5.0527848e-02;3.0750000e+02;6.7573830e-02;3.0750000e+02;8.6166844e-02;3.0750000e+02;1.0658984e-01;3.0750000e+02;1.2863423e-01;3.0750000e+02;1.5111500e-01;3.0750000e+02;1.7260908e-01;3.0750000e+02;1.9353387e-01;3.0750000e+02;2.1896745e-01;3.0750000e+02;2.4337740e-01;3.0750000e+02;2.6504537e-01;3.0750000e+02;2.8231886e-01;3.0750000e+02;2.8796512e-01;3.0750000e+02;2.8587037e-01;3.0750000e+02;2.7661642e-01;3.0750000e+02;2.6076707e-01;3.0750000e+02;2.4021049e-01;3.0750000e+02;3.7363041e-02;3.0750000e+02;5.0527848e-02;3.0750000e+02;6.7573830e-02;3.0750000e+02;8.6166844e-02;3.0750000e+02;1.0658984e-01;3.0750000e+02;1.2863423e-01;3.0750000e+02;1.5111500e-01;3.0750000e+02;1.7260908e-01;3.0750000e+02;1.9353387e-01;3.0750000e+02;2.1896745e-01;3.0750000e+02;2.4337740e-01;3.0750000e+02;2.6504537e-01;3.0750000e+02;2.8231886e-01;3.0750000e+02;2.8796512e-01;3.0750000e+02;2.8587037e-01;3.0750000e+02;2.7661642e-01;3.0750000e+02;2.6076707e-01;3.0750000e+02;2.4021049e-01;3.0750000e+02;3.7363041e-02;3.0750000e+02;5.0527848e-02;3.0750000e+02;6.7573830e-02;3.0750000e+02;8.6166844e-02;3.0750000e+02;1.0658984e-01;3.0750000e+02;1.2863423e-01;3.0750000e+02;1.5111500e-01;3.0750000e+02;1.7260908e-01;3.0750000e+02;1.9353387e-01;3.0750000e+02;2.1896745e-01;3.0750000e+02;2.4337740e-01;3.0750000e+02;2.6504537e-01;3.0750000e+02;2.8231886e-01;3.0750000e+02;2.8796512e-01;3.0750000e+02;2.8587037e-01;3.0750000e+02;2.7661642e-01;3.0750000e+02;2.6076707e-01;3.0750000e+02;2.4021049e-01;3.0750000e+02;3.7363041e-02;3.0750000e+02;5.0527848e-02;3.0750000e+02;6.7573830e-02;3.0750000e+02;8.6166844e-02;3.0750000e+02;1.0658984e-01;3.0750000e+02;1.2863423e-01;3.0750000e+02;1.5111500e-01;3.0750000e+02;1.7260908e-01;3.0750000e+02;1.9353387e-01;3.0750000e+02;2.1896745e-01;3.0750000e+02;2.4337740e-01;3.0750000e+02;2.6504537e-01;3.0750000e+02;2.8231886e-01;3.0750000e+02;2.8796512e-01;3.0750000e+02;2.8587037e-01;3.0750000e+02;2.7661642e-01;3.0750000e+02;2.6076707e-01;3.0750000e+02;2.4021049e-01;3.0750000e+02;3.7363041e-02;3.0750000e+02;5.0527848e-02;3.0750000e+02;6.7573830e-02;3.0750000e+02;8.6166844e-02;3.0750000e+02;1.0658984e-01;3.0750000e+02;1.2863423e-01;3.0750000e+02;1.5111500e-01;3.0750000e+02;1.7260908e-01;3.0750000e+02;1.9353387e-01;3.0750000e+02;2.1896745e-01;3.0750000e+02;2.4337740e-01;3.0750000e+02;2.6504537e-01;3.0750000e+02;2.8231886e-01;3.0750000e+02;2.8796512e-01;3.0750000e+02;2.8587037e-01;3.0750000e+02;2.7661642e-01;3.0750000e+02;2.6076707e-01;3.0750000e+02;2.4021049e-01;3.0750000e+02;3.7363041e-02;3.0750000e+02;5.0527848e-02;3.0750000e+02;6.7573830e-02;3.0750000e+02;8.6166844e-02;3.0750000e+02;1.0658984e-01;3.0750000e+02;1.2863423e-01;3.0750000e+02;1.5111500e-01;3.0750000e+02;1.7260908e-01;3.0750000e+02;1.9353387e-01;3.0750000e+02;2.1896745e-01;3.0750000e+02;2.4337740e-01;3.0750000e+02;2.6504537e-01;3.0750000e+02;2.8231886e-01;3.0750000e+02;2.8796512e-01;3.0750000e+02;2.8587037e-01;3.0750000e+02;2.7661642e-01;3.0750000e+02;2.6076707e-01;3.0750000e+02;2.4021049e-01;3.0750000e+02;3.7363041e-02;3.0750000e+02;5.0527848e-02;3.0750000e+02;6.7573830e-02;3.0750000e+02;8.6166844e-02;3.0750000e+02;1.0658984e-01;3.0750000e+02;1.2863423e-01;3.0750000e+02;1.5111500e-01;3.0750000e+02;1.7260908e-01;3.0750000e+02;1.9353387e-01;3.0750000e+02;2.1896745e-01;3.0750000e+02;2.4337740e-01;3.0750000e+02;2.6504537e-01;3.0750000e+02;2.8231886e-01;3.0750000e+02;2.8796512e-01;3.0750000e+02;2.8587037e-01;3.0750000e+02;2.7661642e-01;3.0750000e+02;2.6076707e-01;3.0750000e+02;2.4021049e-01;3.0750000e+02;3.7363041e-02;3.0750000e+02;5.0527848e-02;3.0750000e+02;6.7573830e-02;3.0750000e+02;8.6166844e-02;3.0750000e+02;1.0658984e-01;3.0750000e+02;1.2863423e-01;3.0750000e+02;1.5111500e-01;3.0750000e+02;1.7260908e-01;3.0750000e+02;1.9353387e-01;3.0750000e+02;2.1896745e-01;3.0750000e+02;2.4337740e-01;3.0750000e+02;2.6504537e-01;3.0750000e+02;2.8231886e-01;3.0750000e+02;2.8796512e-01;3.0750000e+02;2.8587037e-01;3.0750000e+02;2.7661642e-01;3.0750000e+02;2.6076707e-01;3.0750000e+02;2.4021049e-01;3.0750000e+02;3.7363041e-02;3.0750000e+02;5.0527848e-02;3.0750000e+02;6.7573830e-02;3.0750000e+02;8.6166844e-02;3.0750000e+02;1.0658984e-01;3.0750000e+02;1.2863423e-01;3.0750000e+02;1.5111500e-01;3.0750000e+02;1.7260908e-01;3.0750000e+02;1.9353387e-01;3.0750000e+02;2.1896745e-01;3.0750000e+02;2.4337740e-01;3.0750000e+02;2.6504537e-01;3.0750000e+02;2.8231886e-01;3.0750000e+02;2.8796512e-01;3.0750000e+02;2.8587037e-01;3.0750000e+02;2.7661642e-01;3.0750000e+02;2.6076707e-01;3.0750000e+02;2.4021049e-01;3.0750000e+02;3.7363041e-02;3.0750000e+02;5.0527848e-02;3.0750000e+02;6.7573830e-02;3.0750000e+02;8.6166844e-02;3.0750000e+02;1.0658984e-01;3.0750000e+02;1.2863423e-01;3.0750000e+02;1.5111500e-01;3.0750000e+02;1.7260908e-01;3.0750000e+02;1.9353387e-01;3.0750000e+02;2.1896745e-01;3.0750000e+02;2.4337740e-01;3.0750000e+02;2.6504537e-01;3.0750000e+02;2.8231886e-01;3.0750000e+02;2.8796512e-01;3.0750000e+02;2.8587037e-01;3.0750000e+02;2.7661642e-01;3.0750000e+02;2.6076707e-01;3.0750000e+02;2.4021049e-01;3.0750000e+02;3.7363041e-02;3.0750000e+02;5.0527848e-02;3.0750000e+02;6.7573830e-02;3.0750000e+02;8.6166844e-02;3.0750000e+02;1.0658984e-01;3.0750000e+02;1.2863423e-01;3.0750000e+02;1.5111500e-01;3.0750000e+02;1.7260908e-01;3.0750000e+02;1.9353387e-01;3.0750000e+02;2.1896745e-01;3.0750000e+02;2.4337740e-01;3.0750000e+02;2.6504537e-01;3.0750000e+02;2.8231886e-01;3.0750000e+02;2.8796512e-01;3.0750000e+02;2.8587037e-01;3.0750000e+02;2.7661642e-01;3.0750000e+02;2.6076707e-01;3.0750000e+02;2.4021049e-01;3.0750000e+02;3.7363041e-02;3.0750000e+02;5.0527848e-02;3.0750000e+02;6.7573830e-02;3.0750000e+02;8.6166844e-02;3.0750000e+02;1.0658984e-01;3.0750000e+02;1.2863423e-01;3.0750000e+02;1.5111500e-01;3.0750000e+02;1.7260908e-01;3.0750000e+02;1.9353387e-01;3.0750000e+02;2.1896745e-01;3.0750000e+02;2.4337740e-01;3.0750000e+02;2.6504537e-01;3.0750000e+02;2.8231886e-01;3.0750000e+02;2.8796512e-01;3.0750000e+02;2.8587037e-01;3.0750000e+02;2.7661642e-01;3.0750000e+02;2.6076707e-01;3.0750000e+02;2.4021049e-01;3.0750000e+02;3.7363041e-02;3.0750000e+02;5.0527848e-02;3.0750000e+02;6.7573830e-02;3.0750000e+02;8.6166844e-02;3.0750000e+02;1.0658984e-01;3.0750000e+02;1.2863423e-01;3.0750000e+02;1.5111500e-01;3.0750000e+02;1.7260908e-01;3.0750000e+02;1.9353387e-01;3.0750000e+02;2.1896745e-01;3.0750000e+02;2.4337740e-01;3.0750000e+02;2.6504537e-01;3.0750000e+02;2.8231886e-01;3.0750000e+02;2.8796512e-01;3.0750000e+02;2.8587037e-01;3.0750000e+02;2.7661642e-01;3.0750000e+02;2.6076707e-01;3.0750000e+02;2.4021049e-01;3.0750000e+02;3.7363041e-02;3.0750000e+02;5.0527848e-02;3.0750000e+02;6.7573830e-02;3.0750000e+02;8.6166844e-02;3.0750000e+02;1.0658984e-01;3.0750000e+02;1.2863423e-01;3.0750000e+02;1.5111500e-01;3.0750000e+02;1.7260908e-01;3.0750000e+02;1.9353387e-01;3.0750000e+02;2.1896745e-01;3.0750000e+02;2.4337740e-01;3.0750000e+02;2.6504537e-01;3.0750000e+02;2.8231886e-01;3.0750000e+02;2.8796512e-01;3.0750000e+02;2.8587037e-01;3.0750000e+02;2.7661642e-01;3.0750000e+02;2.6076707e-01;3.0750000e+02;2.4021049e-01;3.0750000e+02;3.7363041e-02;3.0750000e+02;5.0527848e-02;3.0750000e+02;6.7573830e-02;3.0750000e+02;8.6166844e-02;3.0750000e+02;1.0658984e-01;3.0750000e+02;1.2863423e-01;3.0750000e+02;1.5111500e-01;3.0750000e+02;1.7260908e-01;3.0750000e+02;1.9353387e-01;3.0750000e+02;2.1896745e-01;3.0750000e+02;2.4337740e-01;3.0750000e+02;2.6504537e-01;3.0750000e+02;2.8231886e-01;3.0750000e+02;2.8796512e-01;3.0750000e+02;2.8587037e-01;3.0750000e+02;2.7661642e-01;3.0750000e+02;2.6076707e-01;3.0750000e+02;2.4021049e-01;3.0750000e+02;3.7363041e-02;3.0750000e+02;5.0527848e-02;3.0750000e+02;6.7573830e-02;3.0750000e+02;8.6166844e-02;3.0750000e+02;1.0658984e-01;3.0750000e+02;1.2863423e-01;3.0750000e+02;1.5111500e-01;3.0750000e+02;1.7260908e-01;3.0750000e+02;1.9353387e-01;3.0750000e+02;2.1896745e-01;3.0750000e+02;2.4337740e-01;3.0750000e+02;2.6504537e-01;3.0750000e+02;2.8231886e-01;3.0750000e+02;2.8796512e-01;3.0750000e+02;2.8587037e-01;3.0750000e+02;2.7661642e-01;3.0750000e+02;2.6076707e-01;3.0750000e+02;2.4021049e-01;3.0750000e+02;3.7363041e-02;3.0750000e+02;5.0527848e-02;3.0750000e+02;6.7573830e-02;3.0750000e+02;8.6166844e-02;3.0750000e+02;1.0658984e-01;3.0750000e+02;1.2863423e-01;3.0750000e+02;1.5111500e-01;3.0750000e+02;1.7260908e-01;3.0750000e+02;1.9353387e-01;3.0750000e+02;2.1896745e-01;3.0750000e+02;2.4337740e-01;3.0750000e+02;2.6504537e-01;3.0750000e+02;2.8231886e-01;3.0750000e+02;2.8796512e-01;3.0750000e+02;2.8587037e-01;3.0750000e+02;2.7661642e-01;3.0750000e+02;2.6076707e-01;3.0750000e+02;2.4021049e-01;3.0750000e+02;3.7363041e-02;3.0750000e+02;5.0527848e-02;3.0750000e+02;6.7573830e-02;3.0750000e+02;8.6166844e-02;3.0750000e+02;1.0658984e-01;3.0750000e+02;1.2863423e-01;3.0750000e+02;1.5111500e-01;3.0750000e+02;1.7260908e-01;3.0750000e+02;1.9353387e-01;3.0750000e+02;2.1896745e-01;3.0750000e+02;2.4337740e-01;3.0750000e+02;2.6504537e-01;3.0750000e+02;2.8231886e-01;3.0750000e+02;2.8796512e-01;3.0750000e+02;2.8587037e-01;3.0750000e+02;2.7661642e-01;3.0750000e+02;2.6076707e-01;3.0750000e+02;2.4021049e-01;3.0750000e+02;3.7363041e-02;3.0750000e+02;5.0527848e-02;3.0750000e+02;6.7573830e-02;3.0750000e+02;8.6166844e-02;3.0750000e+02;1.0658984e-01;3.0750000e+02;1.2863423e-01;3.0750000e+02;1.5111500e-01;3.0750000e+02;1.7260908e-01;3.0750000e+02;1.9353387e-01;3.0750000e+02;2.1896745e-01;3.0750000e+02;2.4337740e-01;3.0750000e+02;2.6504537e-01;3.0750000e+02;2.8231886e-01;3.0750000e+02;2.8796512e-01;3.0750000e+02;2.8587037e-01;3.0750000e+02;2.7661642e-01;3.0750000e+02;2.6076707e-01;3.0750000e+02;2.4021049e-01;3.0750000e+02;3.7363041e-02;3.0750000e+02;5.0527848e-02;3.0750000e+02;6.7573830e-02;3.0750000e+02;8.6166844e-02;3.0750000e+02;1.0658984e-01;3.0750000e+02;1.2863423e-01;3.0750000e+02;1.5111500e-01;3.0750000e+02;1.7260908e-01;3.0750000e+02;1.9353387e-01;3.0750000e+02;2.1896745e-01;3.0750000e+02;2.4337740e-01;3.0750000e+02;2.6504537e-01;3.0750000e+02;2.8231886e-01;3.0750000e+02;2.8796512e-01;3.0750000e+02;2.8587037e-01;3.0750000e+02;2.7661642e-01;3.0750000e+02;2.6076707e-01;3.0750000e+02;2.4021049e-01;3.0750000e+02;3.7363041e-02;3.0750000e+02;5.0527848e-02;3.0750000e+02;6.7573830e-02;3.0750000e+02;8.6166844e-02;3.0750000e+02;1.0658984e-01;3.0750000e+02;1.2863423e-01;3.0750000e+02;1.5111500e-01;3.0750000e+02;1.7260908e-01;3.0750000e+02;1.9353387e-01;3.0750000e+02;2.1896745e-01;3.0750000e+02;2.4337740e-01;3.0750000e+02;2.6504537e-01;3.0750000e+02;2.8231886e-01;3.0750000e+02;2.8796512e-01;3.0750000e+02;2.8587037e-01;3.0750000e+02;2.7661642e-01;3.0750000e+02;2.6076707e-01;3.0750000e+02;2.4021049e-01;3.0750000e+02;3.7363041e-02;3.0750000e+02;5.0527848e-02;3.0750000e+02;6.7573830e-02;3.0750000e+02;8.6166844e-02;3.0750000e+02;1.0658984e-01;3.0750000e+02;1.2863423e-01;3.0750000e+02;1.5111500e-01;3.0750000e+02;1.7260908e-01;3.0750000e+02;1.9353387e-01;3.0750000e+02;2.1896745e-01;3.0750000e+02;2.4337740e-01;3.0750000e+02;2.6504537e-01;3.0750000e+02;2.8231886e-01;3.0750000e+02;2.8796512e-01;3.0750000e+02;2.8587037e-01;3.0750000e+02;2.7661642e-01;3.0750000e+02;2.6076707e-01;3.0750000e+02;2.4021049e-01;3.0750000e+02;3.7363041e-02;3.0750000e+02;5.0527848e-02;3.0750000e+02;6.7573830e-02;3.0750000e+02;8.6166844e-02;3.0750000e+02;1.0658984e-01;3.0750000e+02;1.2863423e-01;3.0750000e+02;1.5111500e-01;3.0750000e+02;1.7260908e-01;3.0750000e+02;1.9353387e-01;3.0750000e+02;2.1896745e-01;3.0750000e+02;2.4337740e-01;3.0750000e+02;2.6504537e-01;3.0750000e+02;2.8231886e-01;3.0750000e+02;2.8796512e-01;3.0750000e+02;2.8587037e-01;3.0750000e+02;2.7661642e-01;3.0750000e+02;2.6076707e-01;3.0750000e+02;2.4021049e-01;3.0750000e+02;3.7363041e-02;3.0750000e+02;5.0527848e-02;3.0750000e+02;6.7573830e-02;3.0750000e+02;8.6166844e-02;3.0750000e+02;1.0658984e-01;3.0750000e+02;1.2863423e-01;3.0750000e+02;1.5111500e-01;3.0750000e+02;1.7260908e-01;3.0750000e+02;1.9353387e-01;3.0750000e+02;2.1896745e-01;3.0750000e+02;2.4337740e-01;3.0750000e+02;2.6504537e-01;3.0750000e+02;2.8231886e-01;3.0750000e+02;2.8796512e-01;3.0750000e+02;2.8587037e-01;3.0750000e+02;2.7661642e-01;3.0750000e+02;2.6076707e-01;3.0750000e+02;2.4021049e-01;3.0750000e+02;3.7363041e-02;3.0750000e+02;5.0527848e-02;3.0750000e+02;6.7573830e-02;3.0750000e+02;8.6166844e-02;3.0750000e+02;1.0658984e-01;3.0750000e+02;1.2863423e-01;3.0750000e+02;1.5111500e-01;3.0750000e+02;1.7260908e-01;3.0750000e+02;1.9353387e-01;3.0750000e+02;2.1896745e-01;3.0750000e+02;2.4337740e-01;3.0750000e+02;2.6504537e-01;3.0750000e+02;2.8231886e-01;3.0750000e+02;2.8796512e-01;3.0750000e+02;2.8587037e-01;3.0750000e+02;2.7661642e-01;3.0750000e+02;2.6076707e-01;3.0750000e+02;2.4021049e-01;3.0750000e+02;3.7363041e-02;3.0750000e+02;5.0527848e-02;3.0750000e+02;6.7573830e-02;3.0750000e+02;8.6166844e-02;3.0750000e+02;1.0658984e-01;3.0750000e+02;1.2863423e-01;3.0750000e+02;1.5111500e-01;3.0750000e+02;1.7260908e-01;3.0750000e+02;1.9353387e-01;3.0750000e+02;2.1896745e-01;3.0750000e+02;2.4337740e-01;3.0750000e+02;2.6504537e-01;3.0750000e+02;2.8231886e-01;3.0750000e+02;2.8796512e-01;3.0750000e+02;2.8587037e-01;3.0750000e+02;2.7661642e-01;3.0750000e+02;2.6076707e-01;3.0750000e+02;2.4021049e-01;3.0750000e+02;3.7363041e-02;3.0750000e+02;5.0527848e-02;3.0750000e+02;6.7573830e-02;3.0750000e+02;8.6166844e-02;3.0750000e+02;1.0658984e-01;3.0750000e+02;1.2863423e-01;3.0750000e+02;1.5111500e-01;3.0750000e+02;1.7260908e-01;3.0750000e+02;1.9353387e-01;3.0750000e+02;2.1896745e-01;3.0750000e+02;2.4337740e-01;3.0750000e+02;2.6504537e-01;3.0750000e+02;2.8231886e-01;3.0750000e+02;2.8796512e-01;3.0750000e+02;2.8587037e-01;3.0750000e+02;2.7661642e-01;3.0750000e+02;2.6076707e-01;3.0750000e+02;2.4021049e-01;3.0750000e+02;3.7363041e-02;3.0750000e+02;5.0527848e-02;3.0750000e+02;6.7573830e-02;3.0750000e+02;8.6166844e-02;3.0750000e+02;1.0658984e-01;3.0750000e+02;1.2863423e-01;3.0750000e+02;1.5111500e-01;3.0750000e+02;1.7260908e-01;3.0750000e+02;1.9353387e-01;3.0750000e+02;2.1896745e-01;3.0750000e+02;2.4337740e-01;3.0750000e+02;2.6504537e-01;3.0750000e+02;2.8231886e-01;3.0750000e+02;2.8796512e-01;3.0750000e+02;2.8587037e-01;3.0750000e+02;2.7661642e-01;3.0750000e+02;2.6076707e-01;3.0750000e+02;2.4021049e-01;3.0750000e+02;3.7363041e-02;3.0750000e+02;5.0527848e-02;3.0750000e+02;6.7573830e-02;3.0750000e+02;8.6166844e-02;3.0750000e+02;1.0658984e-01;3.0750000e+02;1.2863423e-01;3.0750000e+02;1.5111500e-01;3.0750000e+02;1.7260908e-01;3.0750000e+02;1.9353387e-01;3.0750000e+02;2.1896745e-01;3.0750000e+02;2.4337740e-01;3.0750000e+02;2.6504537e-01;3.0750000e+02;2.8231886e-01;3.0750000e+02;2.8796512e-01;3.0750000e+02;2.8587037e-01;3.0750000e+02;2.7661642e-01;3.0750000e+02;2.6076707e-01;3.0750000e+02;2.4021049e-01;3.0750000e+02;3.7363041e-02;3.0750000e+02;5.0527848e-02;3.0750000e+02;6.7573830e-02;3.0750000e+02;8.6166844e-02;3.0750000e+02;1.0658984e-01;3.0750000e+02;1.2863423e-01;3.0750000e+02;1.5111500e-01;3.0750000e+02;1.7260908e-01;3.0750000e+02;1.9353387e-01;3.0750000e+02;2.1896745e-01;3.0750000e+02;2.4337740e-01;3.0750000e+02;2.6504537e-01;3.0750000e+02;2.8231886e-01;3.0750000e+02;2.8796512e-01;3.0750000e+02;2.8587037e-01;3.0750000e+02;2.7661642e-01;3.0750000e+02;2.6076707e-01;3.0750000e+02;2.4021049e-01;3.0750000e+02;3.7363041e-02;3.0750000e+02;5.0527848e-02;3.0750000e+02;6.7573830e-02;3.0750000e+02;8.6166844e-02;3.0750000e+02;1.0658984e-01;3.0750000e+02;1.2863423e-01;3.0750000e+02;1.5111500e-01;3.0750000e+02;1.7260908e-01;3.0750000e+02;1.9353387e-01;3.0750000e+02;2.1896745e-01;3.0750000e+02;2.4337740e-01;3.0750000e+02;2.6504537e-01;3.0750000e+02;2.8231886e-01;3.0750000e+02;2.8796512e-01;3.0750000e+02;2.8587037e-01;3.0750000e+02;2.7661642e-01;3.0750000e+02;2.6076707e-01;3.0750000e+02;2.4021049e-01;3.0750000e+02;3.7363041e-02;3.0750000e+02;5.0527848e-02;3.0750000e+02;6.7573830e-02;3.0750000e+02;8.6166844e-02;3.0750000e+02;1.0658984e-01;3.0750000e+02;1.2863423e-01;3.0750000e+02;1.5111500e-01;3.0750000e+02;1.7260908e-01;3.0750000e+02;1.9353387e-01;3.0750000e+02;2.1896745e-01;3.0750000e+02;2.4337740e-01;3.0750000e+02;2.6504537e-01;3.0750000e+02;2.8231886e-01;3.0750000e+02;2.8796512e-01;3.0750000e+02;2.8587037e-01;3.0750000e+02;2.7661642e-01;3.0750000e+02;2.6076707e-01;3.0750000e+02;2.4021049e-01;3.0750000e+02;3.7363041e-02;3.0750000e+02;5.0527848e-02;3.0750000e+02;6.7573830e-02;3.0750000e+02;8.6166844e-02;3.0750000e+02;1.0658984e-01;3.0750000e+02;1.2863423e-01;3.0750000e+02;1.5111500e-01;3.0750000e+02;1.7260908e-01;3.0750000e+02;1.9353387e-01;3.0750000e+02;2.1896745e-01;3.0750000e+02;2.4337740e-01;3.0750000e+02;2.6504537e-01;3.0750000e+02;2.8231886e-01;3.0750000e+02;2.8796512e-01;3.0750000e+02;2.8587037e-01;3.0750000e+02;2.7661642e-01;3.0750000e+02;2.6076707e-01;3.0750000e+02;2.4021049e-01;3.0750000e+02;3.7363041e-02;3.0750000e+02;5.0527848e-02;3.0750000e+02;6.7573830e-02;3.0750000e+02;8.6166844e-02;3.0750000e+02;1.0658984e-01;3.0750000e+02;1.2863423e-01;3.0750000e+02;1.5111500e-01;3.0750000e+02;1.7260908e-01;3.0750000e+02;1.9353387e-01;3.0750000e+02;2.1896745e-01;3.0750000e+02;2.4337740e-01;3.0750000e+02;2.6504537e-01;3.0750000e+02;2.8231886e-01;3.0750000e+02;2.8796512e-01;3.0750000e+02;2.8587037e-01;3.0750000e+02;2.7661642e-01;3.0750000e+02;2.6076707e-01;3.0750000e+02;2.4021049e-01;3.0750000e+02;3.7363041e-02;3.0750000e+02;5.0527848e-02;3.0750000e+02;6.7573830e-02;3.0750000e+02;8.6166844e-02;3.0750000e+02;1.0658984e-01;3.0750000e+02;1.2863423e-01;3.0750000e+02;1.5111500e-01;3.0750000e+02;1.7260908e-01;3.0750000e+02;1.9353387e-01;3.0750000e+02;2.1896745e-01;3.0750000e+02;2.4337740e-01;3.0750000e+02;2.6504537e-01;3.0750000e+02;2.8231886e-01;3.0750000e+02;2.8796512e-01;3.0750000e+02;2.8587037e-01;3.0750000e+02;2.7661642e-01;3.0750000e+02;2.6076707e-01;3.0750000e+02;2.4021049e-01;3.0750000e+02;3.7363041e-02;3.0750000e+02;5.0527848e-02;3.0750000e+02;6.7573830e-02;3.0750000e+02;8.6166844e-02;3.0750000e+02;1.0658984e-01;3.0750000e+02;1.2863423e-01;3.0750000e+02;1.5111500e-01;3.0750000e+02;1.7260908e-01;3.0750000e+02;1.9353387e-01;3.0750000e+02;2.1896745e-01;3.0750000e+02;2.4337740e-01;3.0750000e+02;2.6504537e-01;3.0750000e+02;2.8231886e-01;3.0750000e+02;2.8796512e-01;3.0750000e+02;2.8587037e-01;3.0750000e+02;2.7661642e-01;3.0750000e+02;2.6076707e-01;3.0750000e+02;2.4021049e-01;3.0750000e+02;3.7363041e-02;3.0750000e+02;5.0527848e-02;3.0750000e+02;6.7573830e-02;3.0750000e+02;8.6166844e-02;3.0750000e+02;1.0658984e-01;3.0750000e+02;1.2863423e-01;3.0750000e+02;1.5111500e-01;3.0750000e+02;1.7260908e-01;3.0750000e+02;1.9353387e-01;3.0750000e+02;2.1896745e-01;3.0750000e+02;2.4337740e-01;3.0750000e+02;2.6504537e-01;3.0750000e+02;2.8231886e-01;3.0750000e+02;2.8796512e-01;3.0750000e+02;2.8587037e-01;3.0750000e+02;2.7661642e-01;3.0750000e+02;2.6076707e-01;3.0750000e+02;2.4021049e-01;3.0750000e+02;3.7363041e-02;3.0750000e+02;5.0527848e-02;3.0750000e+02;6.7573830e-02;3.0750000e+02;8.6166844e-02;3.0750000e+02;1.0658984e-01;3.0750000e+02;1.2863423e-01;3.0750000e+02;1.5111500e-01;3.0750000e+02;1.7260908e-01;3.0750000e+02;1.9353387e-01;3.0750000e+02;2.1896745e-01;3.0750000e+02;2.4337740e-01;3.0750000e+02;2.6504537e-01;3.0750000e+02;2.8231886e-01;3.0750000e+02;2.8796512e-01;3.0750000e+02;2.8587037e-01;3.0750000e+02;2.7661642e-01;3.0750000e+02;2.6076707e-01;3.0750000e+02;2.4021049e-01;3.0750000e+02;3.7363041e-02;3.0750000e+02;5.0527848e-02;3.0750000e+02;6.7573830e-02;3.0750000e+02;8.6166844e-02;3.0750000e+02;1.0658984e-01;3.0750000e+02;1.2863423e-01;3.0750000e+02;1.5111500e-01;3.0750000e+02;1.7260908e-01;3.0750000e+02;1.9353387e-01;3.0750000e+02;2.1896745e-01;3.0750000e+02;2.4337740e-01;3.0750000e+02;2.6504537e-01;3.0750000e+02;2.8231886e-01;3.0750000e+02;2.8796512e-01;3.0750000e+02;2.8587037e-01;3.0750000e+02;2.7661642e-01;3.0750000e+02;2.6076707e-01;3.0750000e+02;2.4021049e-01;3.0750000e+02;3.7363041e-02;3.0750000e+02;5.0527848e-02;3.0750000e+02;6.7573830e-02;3.0750000e+02;8.6166844e-02;3.0750000e+02;1.0658984e-01;3.0750000e+02;1.2863423e-01;3.0750000e+02;1.5111500e-01;3.0750000e+02;1.7260908e-01;3.0750000e+02;1.9353387e-01;3.0750000e+02;2.1896745e-01;3.0750000e+02;2.4337740e-01;3.0750000e+02;2.6504537e-01;3.0750000e+02;2.8231886e-01;3.0750000e+02;2.8796512e-01;3.0750000e+02;2.8587037e-01;3.0750000e+02;2.7661642e-01;3.0750000e+02;2.6076707e-01;3.0750000e+02;2.4021049e-01;3.0750000e+02;3.7363041e-02;3.0750000e+02;5.0527848e-02;3.0750000e+02;6.7573830e-02;3.0750000e+02;8.6166844e-02;3.0750000e+02;1.0658984e-01;3.0750000e+02;1.2863423e-01;3.0750000e+02;1.5111500e-01;3.0750000e+02;1.7260908e-01;3.0750000e+02;1.9353387e-01;3.0750000e+02;2.1896745e-01;3.0750000e+02;2.4337740e-01;3.0750000e+02;2.6504537e-01;3.0750000e+02;2.8231886e-01;3.0750000e+02;2.8796512e-01;3.0750000e+02;2.8587037e-01;3.0750000e+02;2.7661642e-01;3.0750000e+02;2.6076707e-01;3.0750000e+02;2.4021049e-01;3.0750000e+02;3.7363041e-02;3.0750000e+02;5.0527848e-02;3.0750000e+02;6.7573830e-02;3.0750000e+02;8.6166844e-02;3.0750000e+02;1.0658984e-01;3.0750000e+02;1.2863423e-01;3.0750000e+02;1.5111500e-01;3.0750000e+02;1.7260908e-01;3.0750000e+02;1.9353387e-01;3.0750000e+02;2.1896745e-01;3.0750000e+02;2.4337740e-01;3.0750000e+02;2.6504537e-01;3.0750000e+02;2.8231886e-01;3.0750000e+02;2.8796512e-01;3.0750000e+02;2.8587037e-01;3.0750000e+02;2.7661642e-01;3.0750000e+02;2.6076707e-01;3.0750000e+02;2.4021049e-01;3.0750000e+02;3.7363041e-02;3.0750000e+02;5.0527848e-02;3.0750000e+02;6.7573830e-02;3.0750000e+02;8.6166844e-02;3.0750000e+02;1.0658984e-01;3.0750000e+02;1.2863423e-01;3.0750000e+02;1.5111500e-01;3.0750000e+02;1.7260908e-01;3.0750000e+02;1.9353387e-01;3.0750000e+02;2.1896745e-01;3.0750000e+02;2.4337740e-01;3.0750000e+02;2.6504537e-01;3.0750000e+02;2.8231886e-01;3.0750000e+02;2.8796512e-01;3.0750000e+02;2.8587037e-01;3.0750000e+02;2.7661642e-01;3.0750000e+02;2.6076707e-01;3.0750000e+02;2.4021049e-01;3.0750000e+02;3.7363041e-02;3.0750000e+02;5.0527848e-02;3.0750000e+02;6.7573830e-02;3.0750000e+02;8.6166844e-02;3.0750000e+02;1.0658984e-01;3.0750000e+02;1.2863423e-01;3.0750000e+02;1.5111500e-01;3.0750000e+02;1.7260908e-01;3.0750000e+02;1.9353387e-01;3.0750000e+02;2.1896745e-01;3.0750000e+02;2.4337740e-01;3.0750000e+02;2.6504537e-01;3.0750000e+02;2.8231886e-01;3.0750000e+02;2.8796512e-01;3.0750000e+02;2.8587037e-01;3.0750000e+02;2.7661642e-01;3.0750000e+02;2.6076707e-01;3.0750000e+02;2.4021049e-01;3.0750000e+02;3.7363041e-02;3.0750000e+02;5.0527848e-02;3.0750000e+02;6.7573830e-02;3.0750000e+02;8.6166844e-02;3.0750000e+02;1.0658984e-01;3.0750000e+02;1.2863423e-01;3.0750000e+02;1.5111500e-01;3.0750000e+02;1.7260908e-01;3.0750000e+02;1.9353387e-01;3.0750000e+02;2.1896745e-01;3.0750000e+02;2.4337740e-01;3.0750000e+02;2.6504537e-01;3.0750000e+02;2.8231886e-01;3.0750000e+02;2.8796512e-01;3.0750000e+02;2.8587037e-01;3.0750000e+02;2.7661642e-01;3.0750000e+02;2.6076707e-01;3.0750000e+02;2.4021049e-01;3.0750000e+02;3.7363041e-02;3.0750000e+02;5.0527848e-02;3.0750000e+02;6.7573830e-02;3.0750000e+02;8.6166844e-02;3.0750000e+02;1.0658984e-01;3.0750000e+02;1.2863423e-01;3.0750000e+02;1.5111500e-01;3.0750000e+02;1.7260908e-01;3.0750000e+02;1.9353387e-01;3.0750000e+02;2.1896745e-01;3.0750000e+02;2.4337740e-01;3.0750000e+02;2.6504537e-01;3.0750000e+02;2.8231886e-01;3.0750000e+02;2.8796512e-01;3.0750000e+02;2.8587037e-01;3.0750000e+02;2.7661642e-01;3.0750000e+02;2.6076707e-01;3.0750000e+02;2.4021049e-01;3.0750000e+02;3.7363041e-02;3.0750000e+02;5.0527848e-02;3.0750000e+02;6.7573830e-02;3.0750000e+02;8.6166844e-02;3.0750000e+02;1.0658984e-01;3.0750000e+02;1.2863423e-01;3.0750000e+02;1.5111500e-01;3.0750000e+02;1.7260908e-01;3.0750000e+02;1.9353387e-01;3.0750000e+02;2.1896745e-01;3.0750000e+02;2.4337740e-01;3.0750000e+02;2.6504537e-01;3.0750000e+02;2.8231886e-01;3.0750000e+02;2.8796512e-01;3.0750000e+02;2.8587037e-01;3.0750000e+02;2.7661642e-01;3.0750000e+02;2.6076707e-01;3.0750000e+02;2.4021049e-01;3.0750000e+02;3.7363041e-02;3.0750000e+02;5.0527848e-02;3.0750000e+02;6.7573830e-02;3.0750000e+02;8.6166844e-02;3.0750000e+02;1.0658984e-01;3.0750000e+02;1.2863423e-01;3.0750000e+02;1.5111500e-01;3.0750000e+02;1.7260908e-01;3.0750000e+02;1.9353387e-01;3.0750000e+02;2.1896745e-01;3.0750000e+02;2.4337740e-01;3.0750000e+02;2.6504537e-01;3.0750000e+02;2.8231886e-01;3.0750000e+02;2.8796512e-01;3.0750000e+02;2.8587037e-01;3.0750000e+02;2.7661642e-01;3.0750000e+02;2.6076707e-01;3.0750000e+02;2.4021049e-01;3.0750000e+02;3.7363041e-02;3.0750000e+02;5.0527848e-02;3.0750000e+02;6.7573830e-02;3.0750000e+02;8.6166844e-02;3.0750000e+02;1.0658984e-01;3.0750000e+02;1.2863423e-01;3.0750000e+02;1.5111500e-01;3.0750000e+02;1.7260908e-01;3.0750000e+02;1.9353387e-01;3.0750000e+02;2.1896745e-01;3.0750000e+02;2.4337740e-01;3.0750000e+02;2.6504537e-01;3.0750000e+02;2.8231886e-01;3.0750000e+02;2.8796512e-01;3.0750000e+02;2.8587037e-01;3.0750000e+02;2.7661642e-01;3.0750000e+02;2.6076707e-01;3.0750000e+02;2.4021049e-01;3.0750000e+02;3.7363041e-02;3.0750000e+02;5.0527848e-02;3.0750000e+02;6.7573830e-02;3.0750000e+02;8.6166844e-02;3.0750000e+02;1.0658984e-01;3.0750000e+02;1.2863423e-01;3.0750000e+02;1.5111500e-01;3.0750000e+02;1.7260908e-01;3.0750000e+02;1.9353387e-01;3.0750000e+02;2.1896745e-01;3.0750000e+02;2.4337740e-01;3.0750000e+02;2.6504537e-01;3.0750000e+02;2.8231886e-01;3.0750000e+02;2.8796512e-01;3.0750000e+02;2.8587037e-01;3.0750000e+02;2.7661642e-01;3.0750000e+02;2.6076707e-01;3.0750000e+02;2.4021049e-01;3.0750000e+02;3.7363041e-02;3.0750000e+02;5.0527848e-02;3.0750000e+02;6.7573830e-02;3.0750000e+02;8.6166844e-02;3.0750000e+02;1.0658984e-01;3.0750000e+02;1.2863423e-01;3.0750000e+02;1.5111500e-01;3.0750000e+02;1.7260908e-01;3.0750000e+02;1.9353387e-01;3.0750000e+02;2.1896745e-01;3.0750000e+02;2.4337740e-01;3.0750000e+02;2.6504537e-01;3.0750000e+02;2.8231886e-01;3.0750000e+02;2.8796512e-01;3.0750000e+02;2.8587037e-01;3.0750000e+02;2.7661642e-01;3.0750000e+02;2.6076707e-01;3.0750000e+02;2.4021049e-01;3.0750000e+02;3.7363041e-02;3.0750000e+02;5.0527848e-02;3.0750000e+02;6.7573830e-02;3.0750000e+02;8.6166844e-02;3.0750000e+02;1.0658984e-01;3.0750000e+02;1.2863423e-01;3.0750000e+02;1.5111500e-01;3.0750000e+02;1.7260908e-01;3.0750000e+02;1.9353387e-01;3.0750000e+02;2.1896745e-01;3.0750000e+02;2.4337740e-01;3.0750000e+02;2.6504537e-01;3.0750000e+02;2.8231886e-01;3.0750000e+02;2.8796512e-01;3.0750000e+02;2.8587037e-01;3.0750000e+02;2.7661642e-01;3.0750000e+02;2.6076707e-01;3.0750000e+02;2.4021049e-01;3.0750000e+02;3.7363041e-02;3.0750000e+02;5.0527848e-02;3.0750000e+02;6.7573830e-02;3.0750000e+02;8.6166844e-02;3.0750000e+02;1.0658984e-01;3.0750000e+02;1.2863423e-01;3.0750000e+02;1.5111500e-01;3.0750000e+02;1.7260908e-01;3.0750000e+02;1.9353387e-01;3.0750000e+02;2.1896745e-01;3.0750000e+02;2.4337740e-01;3.0750000e+02;2.6504537e-01;3.0750000e+02;2.8231886e-01;3.0750000e+02;2.8796512e-01;3.0750000e+02;2.8587037e-01;3.0750000e+02;2.7661642e-01;3.0750000e+02;2.6076707e-01;3.0750000e+02;2.4021049e-01;3.0750000e+02;3.7363041e-02;3.0750000e+02;5.0527848e-02;3.0750000e+02;6.7573830e-02;3.0750000e+02;8.6166844e-02;3.0750000e+02;1.0658984e-01;3.0750000e+02;1.2863423e-01;3.0750000e+02;1.5111500e-01;3.0750000e+02;1.7260908e-01;3.0750000e+02;1.9353387e-01;3.0750000e+02;2.1896745e-01;3.0750000e+02;2.4337740e-01;3.0750000e+02;2.6504537e-01;3.0750000e+02;2.8231886e-01;3.0750000e+02;2.8796512e-01;3.0750000e+02;2.8587037e-01;3.0750000e+02;2.7661642e-01;3.0750000e+02;2.6076707e-01;3.0750000e+02;2.4021049e-01;3.0750000e+02;3.7363041e-02;3.0750000e+02;5.0527848e-02;3.0750000e+02;6.7573830e-02;3.0750000e+02;8.6166844e-02;3.0750000e+02;1.0658984e-01;3.0750000e+02;1.2863423e-01;3.0750000e+02;1.5111500e-01;3.0750000e+02;1.7260908e-01;3.0750000e+02;1.9353387e-01;3.0750000e+02;2.1896745e-01;3.0750000e+02;2.4337740e-01;3.0750000e+02;2.6504537e-01;3.0750000e+02;2.8231886e-01;3.0750000e+02;2.8796512e-01;3.0750000e+02;2.8587037e-01;3.0750000e+02;2.7661642e-01;3.0750000e+02;2.6076707e-01;3.0750000e+02;2.4021049e-01;3.0750000e+02;3.7363041e-02;3.0750000e+02;5.0527848e-02;3.0750000e+02;6.7573830e-02;3.0750000e+02;8.6166844e-02;3.0750000e+02;1.0658984e-01;3.0750000e+02;1.2863423e-01;3.0750000e+02;1.5111500e-01;3.0750000e+02;1.7260908e-01;3.0750000e+02;1.9353387e-01;3.0750000e+02;2.1896745e-01;3.0750000e+02;2.4337740e-01;3.0750000e+02;2.6504537e-01;3.0750000e+02;2.8231886e-01;3.0750000e+02;2.8796512e-01;3.0750000e+02;2.8587037e-01;3.0750000e+02;2.7661642e-01;3.0750000e+02;2.6076707e-01;3.0750000e+02;2.4021049e-01;3.0750000e+02;3.7363041e-02;3.0750000e+02;5.0527848e-02;3.0750000e+02;6.7573830e-02;3.0750000e+02;8.6166844e-02;3.0750000e+02;1.0658984e-01;3.0750000e+02;1.2863423e-01;3.0750000e+02;1.5111500e-01;3.0750000e+02;1.7260908e-01;3.0750000e+02;1.9353387e-01;3.0750000e+02;2.1896745e-01;3.0750000e+02;2.4337740e-01;3.0750000e+02;2.6504537e-01;3.0750000e+02;2.8231886e-01;3.0750000e+02;2.8796512e-01;3.0750000e+02;2.8587037e-01;3.0750000e+02;2.7661642e-01;3.0750000e+02;2.6076707e-01;3.0750000e+02;2.4021049e-01;3.0750000e+02;3.7363041e-02;3.0750000e+02;5.0527848e-02;3.0750000e+02;6.7573830e-02;3.0750000e+02;8.6166844e-02;3.0750000e+02;1.0658984e-01;3.0750000e+02;1.2863423e-01;3.0750000e+02;1.5111500e-01;3.0750000e+02;1.7260908e-01;3.0750000e+02;1.9353387e-01;3.0750000e+02;2.1896745e-01;3.0750000e+02;2.4337740e-01;3.0750000e+02;2.6504537e-01;3.0750000e+02;2.8231886e-01;3.0750000e+02;2.8796512e-01;3.0750000e+02;2.8587037e-01;3.0750000e+02;2.7661642e-01;3.0750000e+02;2.6076707e-01;3.0750000e+02;2.4021049e-01;3.0750000e+02;3.7363041e-02;3.0750000e+02;5.0527848e-02;3.0750000e+02;6.7573830e-02;3.0750000e+02;8.6166844e-02;3.0750000e+02;1.0658984e-01;3.0750000e+02;1.2863423e-01;3.0750000e+02;1.5111500e-01;3.0750000e+02;1.7260908e-01;3.0750000e+02;1.9353387e-01;3.0750000e+02;2.1896745e-01;3.0750000e+02;2.4337740e-01;3.0750000e+02;2.6504537e-01;3.0750000e+02;2.8231886e-01;3.0750000e+02;2.8796512e-01;3.0750000e+02;2.8587037e-01;3.0750000e+02;2.7661642e-01;3.0750000e+02;2.6076707e-01;3.0750000e+02;2.4021049e-01;3.0750000e+02;3.7363041e-02;3.0750000e+02;5.0527848e-02;3.0750000e+02;6.7573830e-02;3.0750000e+02;8.6166844e-02;3.0750000e+02;1.0658984e-01;3.0750000e+02;1.2863423e-01;3.0750000e+02;1.5111500e-01;3.0750000e+02;1.7260908e-01;3.0750000e+02;1.9353387e-01;3.0750000e+02;2.1896745e-01;3.0750000e+02;2.4337740e-01;3.0750000e+02;2.6504537e-01;3.0750000e+02;2.8231886e-01;3.0750000e+02;2.8796512e-01;3.0750000e+02;2.8587037e-01;3.0750000e+02;2.7661642e-01;3.0750000e+02;2.6076707e-01;3.0750000e+02;2.4021049e-01;3.0750000e+02;3.7363041e-02;3.0750000e+02;5.0527848e-02;3.0750000e+02;6.7573830e-02;3.0750000e+02;8.6166844e-02;3.0750000e+02;1.0658984e-01;3.0750000e+02;1.2863423e-01;3.0750000e+02;1.5111500e-01;3.0750000e+02;1.7260908e-01;3.0750000e+02;1.9353387e-01;3.0750000e+02;2.1896745e-01;3.0750000e+02;2.4337740e-01;3.0750000e+02;2.6504537e-01;3.0750000e+02;2.8231886e-01;3.0750000e+02;2.8796512e-01;3.0750000e+02;2.8587037e-01;3.0750000e+02;2.7661642e-01;3.0750000e+02;2.6076707e-01;3.0750000e+02;2.4021049e-01;3.0750000e+02;3.7363041e-02;3.0750000e+02;5.0527848e-02;3.0750000e+02;6.7573830e-02;3.0750000e+02;8.6166844e-02;3.0750000e+02;1.0658984e-01;3.0750000e+02;1.2863423e-01;3.0750000e+02;1.5111500e-01;3.0750000e+02;1.7260908e-01;3.0750000e+02;1.9353387e-01;3.0750000e+02;2.1896745e-01;3.0750000e+02;2.4337740e-01;3.0750000e+02;2.6504537e-01;3.0750000e+02;2.8231886e-01;3.0750000e+02;2.8796512e-01;3.0750000e+02;2.8587037e-01;3.0750000e+02;2.7661642e-01;3.0750000e+02;2.6076707e-01;3.0750000e+02;2.4021049e-01;3.0750000e+02;3.7363041e-02;3.0750000e+02;5.0527848e-02;3.0750000e+02;6.7573830e-02;3.0750000e+02;8.6166844e-02;3.0750000e+02;1.0658984e-01;3.0750000e+02;1.2863423e-01;3.0750000e+02;1.5111500e-01;3.0750000e+02;1.7260908e-01;3.0750000e+02;1.9353387e-01;3.0750000e+02;2.1896745e-01;3.0750000e+02;2.4337740e-01;3.0750000e+02;2.6504537e-01;3.0750000e+02;2.8231886e-01;3.0750000e+02;2.8796512e-01;3.0750000e+02;2.8587037e-01;3.0750000e+02;2.7661642e-01;3.0750000e+02;2.6076707e-01;3.0750000e+02;2.4021049e-01;3.0750000e+02;3.7363041e-02;3.0750000e+02;5.0527848e-02;3.0750000e+02;6.7573830e-02;3.0750000e+02;8.6166844e-02;3.0750000e+02;1.0658984e-01;3.0750000e+02;1.2863423e-01;3.0750000e+02;1.5111500e-01;3.0750000e+02;1.7260908e-01;3.0750000e+02;1.9353387e-01;3.0750000e+02;2.1896745e-01;3.0750000e+02;2.4337740e-01;3.0750000e+02;2.6504537e-01;3.0750000e+02;2.8231886e-01;3.0750000e+02;2.8796512e-01;3.0750000e+02;2.8587037e-01;3.0750000e+02;2.7661642e-01;3.0750000e+02;2.6076707e-01;3.0750000e+02;2.4021049e-01;3.0750000e+02;3.7363041e-02;3.0750000e+02;5.0527848e-02;3.0750000e+02;6.7573830e-02;3.0750000e+02;8.6166844e-02;3.0750000e+02;1.0658984e-01;3.0750000e+02;1.2863423e-01;3.0750000e+02;1.5111500e-01;3.0750000e+02;1.7260908e-01;3.0750000e+02;1.9353387e-01;3.0750000e+02;2.1896745e-01;3.0750000e+02;2.4337740e-01;3.0750000e+02;2.6504537e-01;3.0750000e+02;2.8231886e-01;3.0750000e+02;2.8796512e-01;3.0750000e+02;2.8587037e-01;3.0750000e+02;2.7661642e-01;3.0750000e+02;2.6076707e-01;3.0750000e+02;2.4021049e-01;3.0750000e+02;3.7363041e-02;3.0750000e+02;5.0527848e-02;3.0750000e+02;6.7573830e-02;3.0750000e+02;8.6166844e-02;3.0750000e+02;1.0658984e-01;3.0750000e+02;1.2863423e-01;3.0750000e+02;1.5111500e-01;3.0750000e+02;1.7260908e-01;3.0750000e+02;1.9353387e-01;3.0750000e+02;2.1896745e-01;3.0750000e+02;2.4337740e-01;3.0750000e+02;2.6504537e-01;3.0750000e+02;2.8231886e-01;3.0750000e+02;2.8796512e-01;3.0750000e+02;2.8587037e-01;3.0750000e+02;2.7661642e-01;3.0750000e+02;2.6076707e-01;3.0750000e+02;2.4021049e-01;3.0750000e+02;3.7363041e-02;3.0750000e+02;5.0527848e-02;3.0750000e+02;6.7573830e-02;3.0750000e+02;8.6166844e-02;3.0750000e+02;1.0658984e-01;3.0750000e+02;1.2863423e-01;3.0750000e+02;1.5111500e-01;3.0750000e+02;1.7260908e-01;3.0750000e+02;1.9353387e-01;3.0750000e+02;2.1896745e-01;3.0750000e+02;2.4337740e-01;3.0750000e+02;2.6504537e-01;3.0750000e+02;2.8231886e-01;3.0750000e+02;2.8796512e-01;3.0750000e+02;2.8587037e-01;3.0750000e+02;2.7661642e-01;3.0750000e+02;2.6076707e-01;3.0750000e+02;2.4021049e-01;3.0750000e+02;3.7363041e-02;3.0750000e+02;5.0527848e-02;3.0750000e+02;6.7573830e-02;3.0750000e+02;8.6166844e-02;3.0750000e+02;1.0658984e-01;3.0750000e+02;1.2863423e-01;3.0750000e+02;1.5111500e-01;3.0750000e+02;1.7260908e-01;3.0750000e+02;1.9353387e-01;3.0750000e+02;2.1896745e-01;3.0750000e+02;2.4337740e-01;3.0750000e+02;2.6504537e-01;3.0750000e+02;2.8231886e-01;3.0750000e+02;2.8796512e-01;3.0750000e+02;2.8587037e-01;3.0750000e+02;2.7661642e-01;3.0750000e+02;2.6076707e-01;3.0750000e+02;2.4021049e-01;3.0750000e+02;3.7363041e-02;3.0750000e+02;5.0527848e-02;3.0750000e+02;6.7573830e-02;3.0750000e+02;8.6166844e-02;3.0750000e+02;1.0658984e-01;3.0750000e+02;1.2863423e-01;3.0750000e+02;1.5111500e-01;3.0750000e+02;1.7260908e-01;3.0750000e+02;1.9353387e-01;3.0750000e+02;2.1896745e-01;3.0750000e+02;2.4337740e-01;3.0750000e+02;2.6504537e-01;3.0750000e+02;2.8231886e-01;3.0750000e+02;2.8796512e-01;3.0750000e+02;2.8587037e-01;3.0750000e+02;2.7661642e-01;3.0750000e+02;2.6076707e-01;3.0750000e+02;2.4021049e-01;3.0750000e+02;3.7363041e-02;3.0750000e+02;5.0527848e-02;3.0750000e+02;6.7573830e-02;3.0750000e+02;8.6166844e-02;3.0750000e+02;1.0658984e-01;3.0750000e+02;1.2863423e-01;3.0750000e+02;1.5111500e-01;3.0750000e+02;1.7260908e-01;3.0750000e+02;1.9353387e-01;3.0750000e+02;2.1896745e-01;3.0750000e+02;2.4337740e-01;3.0750000e+02;2.6504537e-01;3.0750000e+02;2.8231886e-01;3.0750000e+02;2.8796512e-01;3.0750000e+02;2.8587037e-01;3.0750000e+02;2.7661642e-01;3.0750000e+02;2.6076707e-01;3.0750000e+02;2.4021049e-01;3.0750000e+02;3.7363041e-02;3.0750000e+02;5.0527848e-02;3.0750000e+02;6.7573830e-02;3.0750000e+02;8.6166844e-02;3.0750000e+02;1.0658984e-01;3.0750000e+02;1.2863423e-01;3.0750000e+02;1.5111500e-01;3.0750000e+02;1.7260908e-01;3.0750000e+02;1.9353387e-01;3.0750000e+02;2.1896745e-01;3.0750000e+02;2.4337740e-01;3.0750000e+02;2.6504537e-01;3.0750000e+02;2.8231886e-01;3.0750000e+02;2.8796512e-01;3.0750000e+02;2.8587037e-01;3.0750000e+02;2.7661642e-01;3.0750000e+02;2.6076707e-01;3.0750000e+02;2.4021049e-01
3.1250000e+02;3.6542539e-02;3.1250000e+02;5.0185580e-02;3.1250000e+02;6.6374213e-02;3.1250000e+02;8.4116504e-02;3.1250000e+02;1.0473314e-01;3.1250000e+02;1.2568946e-01;3.1250000e+02;1.4727637e-01;3.1250000e+02;1.6750230e-01;3.1250000e+02;1.8692926e-01;3.1250000e+02;2.1126087e-01;3.1250000e+02;2.3310156e-01;3.1250000e+02;2.5334075e-01;3.1250000e+02;2.7304122e-01;3.1250000e+02;2.8321862e-01;3.1250000e+02;2.8359866e-01;3.1250000e+02;2.7643231e-01;3.1250000e+02;2.6258790e-01;3.1250000e+02;2.4398884e-01;3.1250000e+02;3.6542539e-02;3.1250000e+02;5.0185580e-02;3.1250000e+02;6.6374213e-02;3.1250000e+02;8.4116504e-02;3.1250000e+02;1.0473314e-01;3.1250000e+02;1.2568946e-01;3.1250000e+02;1.4727637e-01;3.1250000e+02;1.6750230e-01;3.1250000e+02;1.8692926e-01;3.1250000e+02;2.1126087e-01;3.1250000e+02;2.3310156e-01;3.1250000e+02;2.5334075e-01;3.1250000e+02;2.7304122e-01;3.1250000e+02;2.8321862e-01;3.1250000e+02;2.8359866e-01;3.1250000e+02;2.7643231e-01;3.1250000e+02;2.6258790e-01;3.1250000e+02;2.4398884e-01;3.1250000e+02;3.6542539e-02;3.1250000e+02;5.0185580e-02;3.1250000e+02;6.6374213e-02;3.1250000e+02;8.4116504e-02;3.1250000e+02;1.0473314e-01;3.1250000e+02;1.2568946e-01;3.1250000e+02;1.4727637e-01;3.1250000e+02;1.6750230e-01;3.1250000e+02;1.8692926e-01;3.1250000e+02;2.1126087e-01;3.1250000e+02;2.3310156e-01;3.1250000e+02;2.5334075e-01;3.1250000e+02;2.7304122e-01;3.1250000e+02;2.8321862e-01;3.1250000e+02;2.8359866e-01;3.1250000e+02;2.7643231e-01;3.1250000e+02;2.6258790e-01;3.1250000e+02;2.4398884e-01;3.1250000e+02;3.6542539e-02;3.1250000e+02;5.0185580e-02;3.1250000e+02;6.6374213e-02;3.1250000e+02;8.4116504e-02;3.1250000e+02;1.0473314e-01;3.1250000e+02;1.2568946e-01;3.1250000e+02;1.4727637e-01;3.1250000e+02;1.6750230e-01;3.1250000e+02;1.8692926e-01;3.1250000e+02;2.1126087e-01;3.1250000e+02;2.3310156e-01;3.1250000e+02;2.5334075e-01;3.1250000e+02;2.7304122e-01;3.1250000e+02;2.8321862e-01;3.1250000e+02;2.8359866e-01;3.1250000e+02;2.7643231e-01;3.1250000e+02;2.6258790e-01;3.1250000e+02;2.4398884e-01;3.1250000e+02;3.6542539e-02;3.1250000e+02;5.0185580e-02;3.1250000e+02;6.6374213e-02;3.1250000e+02;8.4116504e-02;3.1250000e+02;1.0473314e-01;3.1250000e+02;1.2568946e-01;3.1250000e+02;1.4727637e-01;3.1250000e+02;1.6750230e-01;3.1250000e+02;1.8692926e-01;3.1250000e+02;2.1126087e-01;3.1250000e+02;2.3310156e-01;3.1250000e+02;2.5334075e-01;3.1250000e+02;2.7304122e-01;3.1250000e+02;2.8321862e-01;3.1250000e+02;2.8359866e-01;3.1250000e+02;2.7643231e-01;3.1250000e+02;2.6258790e-01;3.1250000e+02;2.4398884e-01;3.1250000e+02;3.6542539e-02;3.1250000e+02;5.0185580e-02;3.1250000e+02;6.6374213e-02;3.1250000e+02;8.4116504e-02;3.1250000e+02;1.0473314e-01;3.1250000e+02;1.2568946e-01;3.1250000e+02;1.4727637e-01;3.1250000e+02;1.6750230e-01;3.1250000e+02;1.8692926e-01;3.1250000e+02;2.1126087e-01;3.1250000e+02;2.3310156e-01;3.1250000e+02;2.5334075e-01;3.1250000e+02;2.7304122e-01;3.1250000e+02;2.8321862e-01;3.1250000e+02;2.8359866e-01;3.1250000e+02;2.7643231e-01;3.1250000e+02;2.6258790e-01;3.1250000e+02;2.4398884e-01;3.1250000e+02;3.6542539e-02;3.1250000e+02;5.0185580e-02;3.1250000e+02;6.6374213e-02;3.1250000e+02;8.4116504e-02;3.1250000e+02;1.0473314e-01;3.1250000e+02;1.2568946e-01;3.1250000e+02;1.4727637e-01;3.1250000e+02;1.6750230e-01;3.1250000e+02;1.8692926e-01;3.1250000e+02;2.1126087e-01;3.1250000e+02;2.3310156e-01;3.1250000e+02;2.5334075e-01;3.1250000e+02;2.7304122e-01;3.1250000e+02;2.8321862e-01;3.1250000e+02;2.8359866e-01;3.1250000e+02;2.7643231e-01;3.1250000e+02;2.6258790e-01;3.1250000e+02;2.4398884e-01;3.1250000e+02;3.6542539e-02;3.1250000e+02;5.0185580e-02;3.1250000e+02;6.6374213e-02;3.1250000e+02;8.4116504e-02;3.1250000e+02;1.0473314e-01;3.1250000e+02;1.2568946e-01;3.1250000e+02;1.4727637e-01;3.1250000e+02;1.6750230e-01;3.1250000e+02;1.8692926e-01;3.1250000e+02;2.1126087e-01;3.1250000e+02;2.3310156e-01;3.1250000e+02;2.5334075e-01;3.1250000e+02;2.7304122e-01;3.1250000e+02;2.8321862e-01;3.1250000e+02;2.8359866e-01;3.1250000e+02;2.7643231e-01;3.1250000e+02;2.6258790e-01;3.1250000e+02;2.4398884e-01;3.1250000e+02;3.6542539e-02;3.1250000e+02;5.0185580e-02;3.1250000e+02;6.6374213e-02;3.1250000e+02;8.4116504e-02;3.1250000e+02;1.0473314e-01;3.1250000e+02;1.2568946e-01;3.1250000e+02;1.4727637e-01;3.1250000e+02;1.6750230e-01;3.1250000e+02;1.8692926e-01;3.1250000e+02;2.1126087e-01;3.1250000e+02;2.3310156e-01;3.1250000e+02;2.5334075e-01;3.1250000e+02;2.7304122e-01;3.1250000e+02;2.8321862e-01;3.1250000e+02;2.8359866e-01;3.1250000e+02;2.7643231e-01;3.1250000e+02;2.6258790e-01;3.1250000e+02;2.4398884e-01;3.1250000e+02;3.6542539e-02;3.1250000e+02;5.0185580e-02;3.1250000e+02;6.6374213e-02;3.1250000e+02;8.4116504e-02;3.1250000e+02;1.0473314e-01;3.1250000e+02;1.2568946e-01;3.1250000e+02;1.4727637e-01;3.1250000e+02;1.6750230e-01;3.1250000e+02;1.8692926e-01;3.1250000e+02;2.1126087e-01;3.1250000e+02;2.3310156e-01;3.1250000e+02;2.5334075e-01;3.1250000e+02;2.7304122e-01;3.1250000e+02;2.8321862e-01;3.1250000e+02;2.8359866e-01;3.1250000e+02;2.7643231e-01;3.1250000e+02;2.6258790e-01;3.1250000e+02;2.4398884e-01;3.1250000e+02;3.6542539e-02;3.1250000e+02;5.0185580e-02;3.1250000e+02;6.6374213e-02;3.1250000e+02;8.4116504e-02;3.1250000e+02;1.0473314e-01;3.1250000e+02;1.2568946e-01;3.1250000e+02;1.4727637e-01;3.1250000e+02;1.6750230e-01;3.1250000e+02;1.8692926e-01;3.1250000e+02;2.1126087e-01;3.1250000e+02;2.3310156e-01;3.1250000e+02;2.5334075e-01;3.1250000e+02;2.7304122e-01;3.1250000e+02;2.8321862e-01;3.1250000e+02;2.8359866e-01;3.1250000e+02;2.7643231e-01;3.1250000e+02;2.6258790e-01;3.1250000e+02;2.4398884e-01;3.1250000e+02;3.6542539e-02;3.1250000e+02;5.0185580e-02;3.1250000e+02;6.6374213e-02;3.1250000e+02;8.4116504e-02;3.1250000e+02;1.0473314e-01;3.1250000e+02;1.2568946e-01;3.1250000e+02;1.4727637e-01;3.1250000e+02;1.6750230e-01;3.1250000e+02;1.8692926e-01;3.1250000e+02;2.1126087e-01;3.1250000e+02;2.3310156e-01;3.1250000e+02;2.5334075e-01;3.1250000e+02;2.7304122e-01;3.1250000e+02;2.8321862e-01;3.1250000e+02;2.8359866e-01;3.1250000e+02;2.7643231e-01;3.1250000e+02;2.6258790e-01;3.1250000e+02;2.4398884e-01;3.1250000e+02;3.6542539e-02;3.1250000e+02;5.0185580e-02;3.1250000e+02;6.6374213e-02;3.1250000e+02;8.4116504e-02;3.1250000e+02;1.0473314e-01;3.1250000e+02;1.2568946e-01;3.1250000e+02;1.4727637e-01;3.1250000e+02;1.6750230e-01;3.1250000e+02;1.8692926e-01;3.1250000e+02;2.1126087e-01;3.1250000e+02;2.3310156e-01;3.1250000e+02;2.5334075e-01;3.1250000e+02;2.7304122e-01;3.1250000e+02;2.8321862e-01;3.1250000e+02;2.8359866e-01;3.1250000e+02;2.7643231e-01;3.1250000e+02;2.6258790e-01;3.1250000e+02;2.4398884e-01;3.1250000e+02;3.6542539e-02;3.1250000e+02;5.0185580e-02;3.1250000e+02;6.6374213e-02;3.1250000e+02;8.4116504e-02;3.1250000e+02;1.0473314e-01;3.1250000e+02;1.2568946e-01;3.1250000e+02;1.4727637e-01;3.1250000e+02;1.6750230e-01;3.1250000e+02;1.8692926e-01;3.1250000e+02;2.1126087e-01;3.1250000e+02;2.3310156e-01;3.1250000e+02;2.5334075e-01;3.1250000e+02;2.7304122e-01;3.1250000e+02;2.8321862e-01;3.1250000e+02;2.8359866e-01;3.1250000e+02;2.7643231e-01;3.1250000e+02;2.6258790e-01;3.1250000e+02;2.4398884e-01;3.1250000e+02;3.6542539e-02;3.1250000e+02;5.0185580e-02;3.1250000e+02;6.6374213e-02;3.1250000e+02;8.4116504e-02;3.1250000e+02;1.0473314e-01;3.1250000e+02;1.2568946e-01;3.1250000e+02;1.4727637e-01;3.1250000e+02;1.6750230e-01;3.1250000e+02;1.8692926e-01;3.1250000e+02;2.1126087e-01;3.1250000e+02;2.3310156e-01;3.1250000e+02;2.5334075e-01;3.1250000e+02;2.7304122e-01;3.1250000e+02;2.8321862e-01;3.1250000e+02;2.8359866e-01;3.1250000e+02;2.7643231e-01;3.1250000e+02;2.6258790e-01;3.1250000e+02;2.4398884e-01;3.1250000e+02;3.6542539e-02;3.1250000e+02;5.0185580e-02;3.1250000e+02;6.6374213e-02;3.1250000e+02;8.4116504e-02;3.1250000e+02;1.0473314e-01;3.1250000e+02;1.2568946e-01;3.1250000e+02;1.4727637e-01;3.1250000e+02;1.6750230e-01;3.1250000e+02;1.8692926e-01;3.1250000e+02;2.1126087e-01;3.1250000e+02;2.3310156e-01;3.1250000e+02;2.5334075e-01;3.1250000e+02;2.7304122e-01;3.1250000e+02;2.8321862e-01;3.1250000e+02;2.8359866e-01;3.1250000e+02;2.7643231e-01;3.1250000e+02;2.6258790e-01;3.1250000e+02;2.4398884e-01;3.1250000e+02;3.6542539e-02;3.1250000e+02;5.0185580e-02;3.1250000e+02;6.6374213e-02;3.1250000e+02;8.4116504e-02;3.1250000e+02;1.0473314e-01;3.1250000e+02;1.2568946e-01;3.1250000e+02;1.4727637e-01;3.1250000e+02;1.6750230e-01;3.1250000e+02;1.8692926e-01;3.1250000e+02;2.1126087e-01;3.1250000e+02;2.3310156e-01;3.1250000e+02;2.5334075e-01;3.1250000e+02;2.7304122e-01;3.1250000e+02;2.8321862e-01;3.1250000e+02;2.8359866e-01;3.1250000e+02;2.7643231e-01;3.1250000e+02;2.6258790e-01;3.1250000e+02;2.4398884e-01;3.1250000e+02;3.6542539e-02;3.1250000e+02;5.0185580e-02;3.1250000e+02;6.6374213e-02;3.1250000e+02;8.4116504e-02;3.1250000e+02;1.0473314e-01;3.1250000e+02;1.2568946e-01;3.1250000e+02;1.4727637e-01;3.1250000e+02;1.6750230e-01;3.1250000e+02;1.8692926e-01;3.1250000e+02;2.1126087e-01;3.1250000e+02;2.3310156e-01;3.1250000e+02;2.5334075e-01;3.1250000e+02;2.7304122e-01;3.1250000e+02;2.8321862e-01;3.1250000e+02;2.8359866e-01;3.1250000e+02;2.7643231e-01;3.1250000e+02;2.6258790e-01;3.1250000e+02;2.4398884e-01;3.1250000e+02;3.6542539e-02;3.1250000e+02;5.0185580e-02;3.1250000e+02;6.6374213e-02;3.1250000e+02;8.4116504e-02;3.1250000e+02;1.0473314e-01;3.1250000e+02;1.2568946e-01;3.1250000e+02;1.4727637e-01;3.1250000e+02;1.6750230e-01;3.1250000e+02;1.8692926e-01;3.1250000e+02;2.1126087e-01;3.1250000e+02;2.3310156e-01;3.1250000e+02;2.5334075e-01;3.1250000e+02;2.7304122e-01;3.1250000e+02;2.8321862e-01;3.1250000e+02;2.8359866e-01;3.1250000e+02;2.7643231e-01;3.1250000e+02;2.6258790e-01;3.1250000e+02;2.4398884e-01;3.1250000e+02;3.6542539e-02;3.1250000e+02;5.0185580e-02;3.1250000e+02;6.6374213e-02;3.1250000e+02;8.4116504e-02;3.1250000e+02;1.0473314e-01;3.1250000e+02;1.2568946e-01;3.1250000e+02;1.4727637e-01;3.1250000e+02;1.6750230e-01;3.1250000e+02;1.8692926e-01;3.1250000e+02;2.1126087e-01;3.1250000e+02;2.3310156e-01;3.1250000e+02;2.5334075e-01;3.1250000e+02;2.7304122e-01;3.1250000e+02;2.8321862e-01;3.1250000e+02;2.8359866e-01;3.1250000e+02;2.7643231e-01;3.1250000e+02;2.6258790e-01;3.1250000e+02;2.4398884e-01;3.1250000e+02;3.6542539e-02;3.1250000e+02;5.0185580e-02;3.1250000e+02;6.6374213e-02;3.1250000e+02;8.4116504e-02;3.1250000e+02;1.0473314e-01;3.1250000e+02;1.2568946e-01;3.1250000e+02;1.4727637e-01;3.1250000e+02;1.6750230e-01;3.1250000e+02;1.8692926e-01;3.1250000e+02;2.1126087e-01;3.1250000e+02;2.3310156e-01;3.1250000e+02;2.5334075e-01;3.1250000e+02;2.7304122e-01;3.1250000e+02;2.8321862e-01;3.1250000e+02;2.8359866e-01;3.1250000e+02;2.7643231e-01;3.1250000e+02;2.6258790e-01;3.1250000e+02;2.4398884e-01;3.1250000e+02;3.6542539e-02;3.1250000e+02;5.0185580e-02;3.1250000e+02;6.6374213e-02;3.1250000e+02;8.4116504e-02;3.1250000e+02;1.0473314e-01;3.1250000e+02;1.2568946e-01;3.1250000e+02;1.4727637e-01;3.1250000e+02;1.6750230e-01;3.1250000e+02;1.8692926e-01;3.1250000e+02;2.1126087e-01;3.1250000e+02;2.3310156e-01;3.1250000e+02;2.5334075e-01;3.1250000e+02;2.7304122e-01;3.1250000e+02;2.8321862e-01;3.1250000e+02;2.8359866e-01;3.1250000e+02;2.7643231e-01;3.1250000e+02;2.6258790e-01;3.1250000e+02;2.4398884e-01;3.1250000e+02;3.6542539e-02;3.1250000e+02;5.0185580e-02;3.1250000e+02;6.6374213e-02;3.1250000e+02;8.4116504e-02;3.1250000e+02;1.0473314e-01;3.1250000e+02;1.2568946e-01;3.1250000e+02;1.4727637e-01;3.1250000e+02;1.6750230e-01;3.1250000e+02;1.8692926e-01;3.1250000e+02;2.1126087e-01;3.1250000e+02;2.3310156e-01;3.1250000e+02;2.5334075e-01;3.1250000e+02;2.7304122e-01;3.1250000e+02;2.8321862e-01;3.1250000e+02;2.8359866e-01;3.1250000e+02;2.7643231e-01;3.1250000e+02;2.6258790e-01;3.1250000e+02;2.4398884e-01;3.1250000e+02;3.6542539e-02;3.1250000e+02;5.0185580e-02;3.1250000e+02;6.6374213e-02;3.1250000e+02;8.4116504e-02;3.1250000e+02;1.0473314e-01;3.1250000e+02;1.2568946e-01;3.1250000e+02;1.4727637e-01;3.1250000e+02;1.6750230e-01;3.1250000e+02;1.8692926e-01;3.1250000e+02;2.1126087e-01;3.1250000e+02;2.3310156e-01;3.1250000e+02;2.5334075e-01;3.1250000e+02;2.7304122e-01;3.1250000e+02;2.8321862e-01;3.1250000e+02;2.8359866e-01;3.1250000e+02;2.7643231e-01;3.1250000e+02;2.6258790e-01;3.1250000e+02;2.4398884e-01;3.1250000e+02;3.6542539e-02;3.1250000e+02;5.0185580e-02;3.1250000e+02;6.6374213e-02;3.1250000e+02;8.4116504e-02;3.1250000e+02;1.0473314e-01;3.1250000e+02;1.2568946e-01;3.1250000e+02;1.4727637e-01;3.1250000e+02;1.6750230e-01;3.1250000e+02;1.8692926e-01;3.1250000e+02;2.1126087e-01;3.1250000e+02;2.3310156e-01;3.1250000e+02;2.5334075e-01;3.1250000e+02;2.7304122e-01;3.1250000e+02;2.8321862e-01;3.1250000e+02;2.8359866e-01;3.1250000e+02;2.7643231e-01;3.1250000e+02;2.6258790e-01;3.1250000e+02;2.4398884e-01;3.1250000e+02;3.6542539e-02;3.1250000e+02;5.0185580e-02;3.1250000e+02;6.6374213e-02;3.1250000e+02;8.4116504e-02;3.1250000e+02;1.0473314e-01;3.1250000e+02;1.2568946e-01;3.1250000e+02;1.4727637e-01;3.1250000e+02;1.6750230e-01;3.1250000e+02;1.8692926e-01;3.1250000e+02;2.1126087e-01;3.1250000e+02;2.3310156e-01;3.1250000e+02;2.5334075e-01;3.1250000e+02;2.7304122e-01;3.1250000e+02;2.8321862e-01;3.1250000e+02;2.8359866e-01;3.1250000e+02;2.7643231e-01;3.1250000e+02;2.6258790e-01;3.1250000e+02;2.4398884e-01;3.1250000e+02;3.6542539e-02;3.1250000e+02;5.0185580e-02;3.1250000e+02;6.6374213e-02;3.1250000e+02;8.4116504e-02;3.1250000e+02;1.0473314e-01;3.1250000e+02;1.2568946e-01;3.1250000e+02;1.4727637e-01;3.1250000e+02;1.6750230e-01;3.1250000e+02;1.8692926e-01;3.1250000e+02;2.1126087e-01;3.1250000e+02;2.3310156e-01;3.1250000e+02;2.5334075e-01;3.1250000e+02;2.7304122e-01;3.1250000e+02;2.8321862e-01;3.1250000e+02;2.8359866e-01;3.1250000e+02;2.7643231e-01;3.1250000e+02;2.6258790e-01;3.1250000e+02;2.4398884e-01;3.1250000e+02;3.6542539e-02;3.1250000e+02;5.0185580e-02;3.1250000e+02;6.6374213e-02;3.1250000e+02;8.4116504e-02;3.1250000e+02;1.0473314e-01;3.1250000e+02;1.2568946e-01;3.1250000e+02;1.4727637e-01;3.1250000e+02;1.6750230e-01;3.1250000e+02;1.8692926e-01;3.1250000e+02;2.1126087e-01;3.1250000e+02;2.3310156e-01;3.1250000e+02;2.5334075e-01;3.1250000e+02;2.7304122e-01;3.1250000e+02;2.8321862e-01;3.1250000e+02;2.8359866e-01;3.1250000e+02;2.7643231e-01;3.1250000e+02;2.6258790e-01;3.1250000e+02;2.4398884e-01;3.1250000e+02;3.6542539e-02;3.1250000e+02;5.0185580e-02;3.1250000e+02;6.6374213e-02;3.1250000e+02;8.4116504e-02;3.1250000e+02;1.0473314e-01;3.1250000e+02;1.2568946e-01;3.1250000e+02;1.4727637e-01;3.1250000e+02;1.6750230e-01;3.1250000e+02;1.8692926e-01;3.1250000e+02;2.1126087e-01;3.1250000e+02;2.3310156e-01;3.1250000e+02;2.5334075e-01;3.1250000e+02;2.7304122e-01;3.1250000e+02;2.8321862e-01;3.1250000e+02;2.8359866e-01;3.1250000e+02;2.7643231e-01;3.1250000e+02;2.6258790e-01;3.1250000e+02;2.4398884e-01;3.1250000e+02;3.6542539e-02;3.1250000e+02;5.0185580e-02;3.1250000e+02;6.6374213e-02;3.1250000e+02;8.4116504e-02;3.1250000e+02;1.0473314e-01;3.1250000e+02;1.2568946e-01;3.1250000e+02;1.4727637e-01;3.1250000e+02;1.6750230e-01;3.1250000e+02;1.8692926e-01;3.1250000e+02;2.1126087e-01;3.1250000e+02;2.3310156e-01;3.1250000e+02;2.5334075e-01;3.1250000e+02;2.7304122e-01;3.1250000e+02;2.8321862e-01;3.1250000e+02;2.8359866e-01;3.1250000e+02;2.7643231e-01;3.1250000e+02;2.6258790e-01;3.1250000e+02;2.4398884e-01;3.1250000e+02;3.6542539e-02;3.1250000e+02;5.0185580e-02;3.1250000e+02;6.6374213e-02;3.1250000e+02;8.4116504e-02;3.1250000e+02;1.0473314e-01;3.1250000e+02;1.2568946e-01;3.1250000e+02;1.4727637e-01;3.1250000e+02;1.6750230e-01;3.1250000e+02;1.8692926e-01;3.1250000e+02;2.1126087e-01;3.1250000e+02;2.3310156e-01;3.1250000e+02;2.5334075e-01;3.1250000e+02;2.7304122e-01;3.1250000e+02;2.8321862e-01;3.1250000e+02;2.8359866e-01;3.1250000e+02;2.7643231e-01;3.1250000e+02;2.6258790e-01;3.1250000e+02;2.4398884e-01;3.1250000e+02;3.6542539e-02;3.1250000e+02;5.0185580e-02;3.1250000e+02;6.6374213e-02;3.1250000e+02;8.4116504e-02;3.1250000e+02;1.0473314e-01;3.1250000e+02;1.2568946e-01;3.1250000e+02;1.4727637e-01;3.1250000e+02;1.6750230e-01;3.1250000e+02;1.8692926e-01;3.1250000e+02;2.1126087e-01;3.1250000e+02;2.3310156e-01;3.1250000e+02;2.5334075e-01;3.1250000e+02;2.7304122e-01;3.1250000e+02;2.8321862e-01;3.1250000e+02;2.8359866e-01;3.1250000e+02;2.7643231e-01;3.1250000e+02;2.6258790e-01;3.1250000e+02;2.4398884e-01;3.1250000e+02;3.6542539e-02;3.1250000e+02;5.0185580e-02;3.1250000e+02;6.6374213e-02;3.1250000e+02;8.4116504e-02;3.1250000e+02;1.0473314e-01;3.1250000e+02;1.2568946e-01;3.1250000e+02;1.4727637e-01;3.1250000e+02;1.6750230e-01;3.1250000e+02;1.8692926e-01;3.1250000e+02;2.1126087e-01;3.1250000e+02;2.3310156e-01;3.1250000e+02;2.5334075e-01;3.1250000e+02;2.7304122e-01;3.1250000e+02;2.8321862e-01;3.1250000e+02;2.8359866e-01;3.1250000e+02;2.7643231e-01;3.1250000e+02;2.6258790e-01;3.1250000e+02;2.4398884e-01;3.1250000e+02;3.6542539e-02;3.1250000e+02;5.0185580e-02;3.1250000e+02;6.6374213e-02;3.1250000e+02;8.4116504e-02;3.1250000e+02;1.0473314e-01;3.1250000e+02;1.2568946e-01;3.1250000e+02;1.4727637e-01;3.1250000e+02;1.6750230e-01;3.1250000e+02;1.8692926e-01;3.1250000e+02;2.1126087e-01;3.1250000e+02;2.3310156e-01;3.1250000e+02;2.5334075e-01;3.1250000e+02;2.7304122e-01;3.1250000e+02;2.8321862e-01;3.1250000e+02;2.8359866e-01;3.1250000e+02;2.7643231e-01;3.1250000e+02;2.6258790e-01;3.1250000e+02;2.4398884e-01;3.1250000e+02;3.6542539e-02;3.1250000e+02;5.0185580e-02;3.1250000e+02;6.6374213e-02;3.1250000e+02;8.4116504e-02;3.1250000e+02;1.0473314e-01;3.1250000e+02;1.2568946e-01;3.1250000e+02;1.4727637e-01;3.1250000e+02;1.6750230e-01;3.1250000e+02;1.8692926e-01;3.1250000e+02;2.1126087e-01;3.1250000e+02;2.3310156e-01;3.1250000e+02;2.5334075e-01;3.1250000e+02;2.7304122e-01;3.1250000e+02;2.8321862e-01;3.1250000e+02;2.8359866e-01;3.1250000e+02;2.7643231e-01;3.1250000e+02;2.6258790e-01;3.1250000e+02;2.4398884e-01;3.1250000e+02;3.6542539e-02;3.1250000e+02;5.0185580e-02;3.1250000e+02;6.6374213e-02;3.1250000e+02;8.4116504e-02;3.1250000e+02;1.0473314e-01;3.1250000e+02;1.2568946e-01;3.1250000e+02;1.4727637e-01;3.1250000e+02;1.6750230e-01;3.1250000e+02;1.8692926e-01;3.1250000e+02;2.1126087e-01;3.1250000e+02;2.3310156e-01;3.1250000e+02;2.5334075e-01;3.1250000e+02;2.7304122e-01;3.1250000e+02;2.8321862e-01;3.1250000e+02;2.8359866e-01;3.1250000e+02;2.7643231e-01;3.1250000e+02;2.6258790e-01;3.1250000e+02;2.4398884e-01;3.1250000e+02;3.6542539e-02;3.1250000e+02;5.0185580e-02;3.1250000e+02;6.6374213e-02;3.1250000e+02;8.4116504e-02;3.1250000e+02;1.0473314e-01;3.1250000e+02;1.2568946e-01;3.1250000e+02;1.4727637e-01;3.1250000e+02;1.6750230e-01;3.1250000e+02;1.8692926e-01;3.1250000e+02;2.1126087e-01;3.1250000e+02;2.3310156e-01;3.1250000e+02;2.5334075e-01;3.1250000e+02;2.7304122e-01;3.1250000e+02;2.8321862e-01;3.1250000e+02;2.8359866e-01;3.1250000e+02;2.7643231e-01;3.1250000e+02;2.6258790e-01;3.1250000e+02;2.4398884e-01;3.1250000e+02;3.6542539e-02;3.1250000e+02;5.0185580e-02;3.1250000e+02;6.6374213e-02;3.1250000e+02;8.4116504e-02;3.1250000e+02;1.0473314e-01;3.1250000e+02;1.2568946e-01;3.1250000e+02;1.4727637e-01;3.1250000e+02;1.6750230e-01;3.1250000e+02;1.8692926e-01;3.1250000e+02;2.1126087e-01;3.1250000e+02;2.3310156e-01;3.1250000e+02;2.5334075e-01;3.1250000e+02;2.7304122e-01;3.1250000e+02;2.8321862e-01;3.1250000e+02;2.8359866e-01;3.1250000e+02;2.7643231e-01;3.1250000e+02;2.6258790e-01;3.1250000e+02;2.4398884e-01;3.1250000e+02;3.6542539e-02;3.1250000e+02;5.0185580e-02;3.1250000e+02;6.6374213e-02;3.1250000e+02;8.4116504e-02;3.1250000e+02;1.0473314e-01;3.1250000e+02;1.2568946e-01;3.1250000e+02;1.4727637e-01;3.1250000e+02;1.6750230e-01;3.1250000e+02;1.8692926e-01;3.1250000e+02;2.1126087e-01;3.1250000e+02;2.3310156e-01;3.1250000e+02;2.5334075e-01;3.1250000e+02;2.7304122e-01;3.1250000e+02;2.8321862e-01;3.1250000e+02;2.8359866e-01;3.1250000e+02;2.7643231e-01;3.1250000e+02;2.6258790e-01;3.1250000e+02;2.4398884e-01;3.1250000e+02;3.6542539e-02;3.1250000e+02;5.0185580e-02;3.1250000e+02;6.6374213e-02;3.1250000e+02;8.4116504e-02;3.1250000e+02;1.0473314e-01;3.1250000e+02;1.2568946e-01;3.1250000e+02;1.4727637e-01;3.1250000e+02;1.6750230e-01;3.1250000e+02;1.8692926e-01;3.1250000e+02;2.1126087e-01;3.1250000e+02;2.3310156e-01;3.1250000e+02;2.5334075e-01;3.1250000e+02;2.7304122e-01;3.1250000e+02;2.8321862e-01;3.1250000e+02;2.8359866e-01;3.1250000e+02;2.7643231e-01;3.1250000e+02;2.6258790e-01;3.1250000e+02;2.4398884e-01;3.1250000e+02;3.6542539e-02;3.1250000e+02;5.0185580e-02;3.1250000e+02;6.6374213e-02;3.1250000e+02;8.4116504e-02;3.1250000e+02;1.0473314e-01;3.1250000e+02;1.2568946e-01;3.1250000e+02;1.4727637e-01;3.1250000e+02;1.6750230e-01;3.1250000e+02;1.8692926e-01;3.1250000e+02;2.1126087e-01;3.1250000e+02;2.3310156e-01;3.1250000e+02;2.5334075e-01;3.1250000e+02;2.7304122e-01;3.1250000e+02;2.8321862e-01;3.1250000e+02;2.8359866e-01;3.1250000e+02;2.7643231e-01;3.1250000e+02;2.6258790e-01;3.1250000e+02;2.4398884e-01;3.1250000e+02;3.6542539e-02;3.1250000e+02;5.0185580e-02;3.1250000e+02;6.6374213e-02;3.1250000e+02;8.4116504e-02;3.1250000e+02;1.0473314e-01;3.1250000e+02;1.2568946e-01;3.1250000e+02;1.4727637e-01;3.1250000e+02;1.6750230e-01;3.1250000e+02;1.8692926e-01;3.1250000e+02;2.1126087e-01;3.1250000e+02;2.3310156e-01;3.1250000e+02;2.5334075e-01;3.1250000e+02;2.7304122e-01;3.1250000e+02;2.8321862e-01;3.1250000e+02;2.8359866e-01;3.1250000e+02;2.7643231e-01;3.1250000e+02;2.6258790e-01;3.1250000e+02;2.4398884e-01;3.1250000e+02;3.6542539e-02;3.1250000e+02;5.0185580e-02;3.1250000e+02;6.6374213e-02;3.1250000e+02;8.4116504e-02;3.1250000e+02;1.0473314e-01;3.1250000e+02;1.2568946e-01;3.1250000e+02;1.4727637e-01;3.1250000e+02;1.6750230e-01;3.1250000e+02;1.8692926e-01;3.1250000e+02;2.1126087e-01;3.1250000e+02;2.3310156e-01;3.1250000e+02;2.5334075e-01;3.1250000e+02;2.7304122e-01;3.1250000e+02;2.8321862e-01;3.1250000e+02;2.8359866e-01;3.1250000e+02;2.7643231e-01;3.1250000e+02;2.6258790e-01;3.1250000e+02;2.4398884e-01;3.1250000e+02;3.6542539e-02;3.1250000e+02;5.0185580e-02;3.1250000e+02;6.6374213e-02;3.1250000e+02;8.4116504e-02;3.1250000e+02;1.0473314e-01;3.1250000e+02;1.2568946e-01;3.1250000e+02;1.4727637e-01;3.1250000e+02;1.6750230e-01;3.1250000e+02;1.8692926e-01;3.1250000e+02;2.1126087e-01;3.1250000e+02;2.3310156e-01;3.1250000e+02;2.5334075e-01;3.1250000e+02;2.7304122e-01;3.1250000e+02;2.8321862e-01;3.1250000e+02;2.8359866e-01;3.1250000e+02;2.7643231e-01;3.1250000e+02;2.6258790e-01;3.1250000e+02;2.4398884e-01;3.1250000e+02;3.6542539e-02;3.1250000e+02;5.0185580e-02;3.1250000e+02;6.6374213e-02;3.1250000e+02;8.4116504e-02;3.1250000e+02;1.0473314e-01;3.1250000e+02;1.2568946e-01;3.1250000e+02;1.4727637e-01;3.1250000e+02;1.6750230e-01;3.1250000e+02;1.8692926e-01;3.1250000e+02;2.1126087e-01;3.1250000e+02;2.3310156e-01;3.1250000e+02;2.5334075e-01;3.1250000e+02;2.7304122e-01;3.1250000e+02;2.8321862e-01;3.1250000e+02;2.8359866e-01;3.1250000e+02;2.7643231e-01;3.1250000e+02;2.6258790e-01;3.1250000e+02;2.4398884e-01;3.1250000e+02;3.6542539e-02;3.1250000e+02;5.0185580e-02;3.1250000e+02;6.6374213e-02;3.1250000e+02;8.4116504e-02;3.1250000e+02;1.0473314e-01;3.1250000e+02;1.2568946e-01;3.1250000e+02;1.4727637e-01;3.1250000e+02;1.6750230e-01;3.1250000e+02;1.8692926e-01;3.1250000e+02;2.1126087e-01;3.1250000e+02;2.3310156e-01;3.1250000e+02;2.5334075e-01;3.1250000e+02;2.7304122e-01;3.1250000e+02;2.8321862e-01;3.1250000e+02;2.8359866e-01;3.1250000e+02;2.7643231e-01;3.1250000e+02;2.6258790e-01;3.1250000e+02;2.4398884e-01;3.1250000e+02;3.6542539e-02;3.1250000e+02;5.0185580e-02;3.1250000e+02;6.6374213e-02;3.1250000e+02;8.4116504e-02;3.1250000e+02;1.0473314e-01;3.1250000e+02;1.2568946e-01;3.1250000e+02;1.4727637e-01;3.1250000e+02;1.6750230e-01;3.1250000e+02;1.8692926e-01;3.1250000e+02;2.1126087e-01;3.1250000e+02;2.3310156e-01;3.1250000e+02;2.5334075e-01;3.1250000e+02;2.7304122e-01;3.1250000e+02;2.8321862e-01;3.1250000e+02;2.8359866e-01;3.1250000e+02;2.7643231e-01;3.1250000e+02;2.6258790e-01;3.1250000e+02;2.4398884e-01;3.1250000e+02;3.6542539e-02;3.1250000e+02;5.0185580e-02;3.1250000e+02;6.6374213e-02;3.1250000e+02;8.4116504e-02;3.1250000e+02;1.0473314e-01;3.1250000e+02;1.2568946e-01;3.1250000e+02;1.4727637e-01;3.1250000e+02;1.6750230e-01;3.1250000e+02;1.8692926e-01;3.1250000e+02;2.1126087e-01;3.1250000e+02;2.3310156e-01;3.1250000e+02;2.5334075e-01;3.1250000e+02;2.7304122e-01;3.1250000e+02;2.8321862e-01;3.1250000e+02;2.8359866e-01;3.1250000e+02;2.7643231e-01;3.1250000e+02;2.6258790e-01;3.1250000e+02;2.4398884e-01;3.1250000e+02;3.6542539e-02;3.1250000e+02;5.0185580e-02;3.1250000e+02;6.6374213e-02;3.1250000e+02;8.4116504e-02;3.1250000e+02;1.0473314e-01;3.1250000e+02;1.2568946e-01;3.1250000e+02;1.4727637e-01;3.1250000e+02;1.6750230e-01;3.1250000e+02;1.8692926e-01;3.1250000e+02;2.1126087e-01;3.1250000e+02;2.3310156e-01;3.1250000e+02;2.5334075e-01;3.1250000e+02;2.7304122e-01;3.1250000e+02;2.8321862e-01;3.1250000e+02;2.8359866e-01;3.1250000e+02;2.7643231e-01;3.1250000e+02;2.6258790e-01;3.1250000e+02;2.4398884e-01;3.1250000e+02;3.6542539e-02;3.1250000e+02;5.0185580e-02;3.1250000e+02;6.6374213e-02;3.1250000e+02;8.4116504e-02;3.1250000e+02;1.0473314e-01;3.1250000e+02;1.2568946e-01;3.1250000e+02;1.4727637e-01;3.1250000e+02;1.6750230e-01;3.1250000e+02;1.8692926e-01;3.1250000e+02;2.1126087e-01;3.1250000e+02;2.3310156e-01;3.1250000e+02;2.5334075e-01;3.1250000e+02;2.7304122e-01;3.1250000e+02;2.8321862e-01;3.1250000e+02;2.8359866e-01;3.1250000e+02;2.7643231e-01;3.1250000e+02;2.6258790e-01;3.1250000e+02;2.4398884e-01;3.1250000e+02;3.6542539e-02;3.1250000e+02;5.0185580e-02;3.1250000e+02;6.6374213e-02;3.1250000e+02;8.4116504e-02;3.1250000e+02;1.0473314e-01;3.1250000e+02;1.2568946e-01;3.1250000e+02;1.4727637e-01;3.1250000e+02;1.6750230e-01;3.1250000e+02;1.8692926e-01;3.1250000e+02;2.1126087e-01;3.1250000e+02;2.3310156e-01;3.1250000e+02;2.5334075e-01;3.1250000e+02;2.7304122e-01;3.1250000e+02;2.8321862e-01;3.1250000e+02;2.8359866e-01;3.1250000e+02;2.7643231e-01;3.1250000e+02;2.6258790e-01;3.1250000e+02;2.4398884e-01;3.1250000e+02;3.6542539e-02;3.1250000e+02;5.0185580e-02;3.1250000e+02;6.6374213e-02;3.1250000e+02;8.4116504e-02;3.1250000e+02;1.0473314e-01;3.1250000e+02;1.2568946e-01;3.1250000e+02;1.4727637e-01;3.1250000e+02;1.6750230e-01;3.1250000e+02;1.8692926e-01;3.1250000e+02;2.1126087e-01;3.1250000e+02;2.3310156e-01;3.1250000e+02;2.5334075e-01;3.1250000e+02;2.7304122e-01;3.1250000e+02;2.8321862e-01;3.1250000e+02;2.8359866e-01;3.1250000e+02;2.7643231e-01;3.1250000e+02;2.6258790e-01;3.1250000e+02;2.4398884e-01;3.1250000e+02;3.6542539e-02;3.1250000e+02;5.0185580e-02;3.1250000e+02;6.6374213e-02;3.1250000e+02;8.4116504e-02;3.1250000e+02;1.0473314e-01;3.1250000e+02;1.2568946e-01;3.1250000e+02;1.4727637e-01;3.1250000e+02;1.6750230e-01;3.1250000e+02;1.8692926e-01;3.1250000e+02;2.1126087e-01;3.1250000e+02;2.3310156e-01;3.1250000e+02;2.5334075e-01;3.1250000e+02;2.7304122e-01;3.1250000e+02;2.8321862e-01;3.1250000e+02;2.8359866e-01;3.1250000e+02;2.7643231e-01;3.1250000e+02;2.6258790e-01;3.1250000e+02;2.4398884e-01;3.1250000e+02;3.6542539e-02;3.1250000e+02;5.0185580e-02;3.1250000e+02;6.6374213e-02;3.1250000e+02;8.4116504e-02;3.1250000e+02;1.0473314e-01;3.1250000e+02;1.2568946e-01;3.1250000e+02;1.4727637e-01;3.1250000e+02;1.6750230e-01;3.1250000e+02;1.8692926e-01;3.1250000e+02;2.1126087e-01;3.1250000e+02;2.3310156e-01;3.1250000e+02;2.5334075e-01;3.1250000e+02;2.7304122e-01;3.1250000e+02;2.8321862e-01;3.1250000e+02;2.8359866e-01;3.1250000e+02;2.7643231e-01;3.1250000e+02;2.6258790e-01;3.1250000e+02;2.4398884e-01;3.1250000e+02;3.6542539e-02;3.1250000e+02;5.0185580e-02;3.1250000e+02;6.6374213e-02;3.1250000e+02;8.4116504e-02;3.1250000e+02;1.0473314e-01;3.1250000e+02;1.2568946e-01;3.1250000e+02;1.4727637e-01;3.1250000e+02;1.6750230e-01;3.1250000e+02;1.8692926e-01;3.1250000e+02;2.1126087e-01;3.1250000e+02;2.3310156e-01;3.1250000e+02;2.5334075e-01;3.1250000e+02;2.7304122e-01;3.1250000e+02;2.8321862e-01;3.1250000e+02;2.8359866e-01;3.1250000e+02;2.7643231e-01;3.1250000e+02;2.6258790e-01;3.1250000e+02;2.4398884e-01;3.1250000e+02;3.6542539e-02;3.1250000e+02;5.0185580e-02;3.1250000e+02;6.6374213e-02;3.1250000e+02;8.4116504e-02;3.1250000e+02;1.0473314e-01;3.1250000e+02;1.2568946e-01;3.1250000e+02;1.4727637e-01;3.1250000e+02;1.6750230e-01;3.1250000e+02;1.8692926e-01;3.1250000e+02;2.1126087e-01;3.1250000e+02;2.3310156e-01;3.1250000e+02;2.5334075e-01;3.1250000e+02;2.7304122e-01;3.1250000e+02;2.8321862e-01;3.1250000e+02;2.8359866e-01;3.1250000e+02;2.7643231e-01;3.1250000e+02;2.6258790e-01;3.1250000e+02;2.4398884e-01;3.1250000e+02;3.6542539e-02;3.1250000e+02;5.0185580e-02;3.1250000e+02;6.6374213e-02;3.1250000e+02;8.4116504e-02;3.1250000e+02;1.0473314e-01;3.1250000e+02;1.2568946e-01;3.1250000e+02;1.4727637e-01;3.1250000e+02;1.6750230e-01;3.1250000e+02;1.8692926e-01;3.1250000e+02;2.1126087e-01;3.1250000e+02;2.3310156e-01;3.1250000e+02;2.5334075e-01;3.1250000e+02;2.7304122e-01;3.1250000e+02;2.8321862e-01;3.1250000e+02;2.8359866e-01;3.1250000e+02;2.7643231e-01;3.1250000e+02;2.6258790e-01;3.1250000e+02;2.4398884e-01;3.1250000e+02;3.6542539e-02;3.1250000e+02;5.0185580e-02;3.1250000e+02;6.6374213e-02;3.1250000e+02;8.4116504e-02;3.1250000e+02;1.0473314e-01;3.1250000e+02;1.2568946e-01;3.1250000e+02;1.4727637e-01;3.1250000e+02;1.6750230e-01;3.1250000e+02;1.8692926e-01;3.1250000e+02;2.1126087e-01;3.1250000e+02;2.3310156e-01;3.1250000e+02;2.5334075e-01;3.1250000e+02;2.7304122e-01;3.1250000e+02;2.8321862e-01;3.1250000e+02;2.8359866e-01;3.1250000e+02;2.7643231e-01;3.1250000e+02;2.6258790e-01;3.1250000e+02;2.4398884e-01;3.1250000e+02;3.6542539e-02;3.1250000e+02;5.0185580e-02;3.1250000e+02;6.6374213e-02;3.1250000e+02;8.4116504e-02;3.1250000e+02;1.0473314e-01;3.1250000e+02;1.2568946e-01;3.1250000e+02;1.4727637e-01;3.1250000e+02;1.6750230e-01;3.1250000e+02;1.8692926e-01;3.1250000e+02;2.1126087e-01;3.1250000e+02;2.3310156e-01;3.1250000e+02;2.5334075e-01;3.1250000e+02;2.7304122e-01;3.1250000e+02;2.8321862e-01;3.1250000e+02;2.8359866e-01;3.1250000e+02;2.7643231e-01;3.1250000e+02;2.6258790e-01;3.1250000e+02;2.4398884e-01;3.1250000e+02;3.6542539e-02;3.1250000e+02;5.0185580e-02;3.1250000e+02;6.6374213e-02;3.1250000e+02;8.4116504e-02;3.1250000e+02;1.0473314e-01;3.1250000e+02;1.2568946e-01;3.1250000e+02;1.4727637e-01;3.1250000e+02;1.6750230e-01;3.1250000e+02;1.8692926e-01;3.1250000e+02;2.1126087e-01;3.1250000e+02;2.3310156e-01;3.1250000e+02;2.5334075e-01;3.1250000e+02;2.7304122e-01;3.1250000e+02;2.8321862e-01;3.1250000e+02;2.8359866e-01;3.1250000e+02;2.7643231e-01;3.1250000e+02;2.6258790e-01;3.1250000e+02;2.4398884e-01;3.1250000e+02;3.6542539e-02;3.1250000e+02;5.0185580e-02;3.1250000e+02;6.6374213e-02;3.1250000e+02;8.4116504e-02;3.1250000e+02;1.0473314e-01;3.1250000e+02;1.2568946e-01;3.1250000e+02;1.4727637e-01;3.1250000e+02;1.6750230e-01;3.1250000e+02;1.8692926e-01;3.1250000e+02;2.1126087e-01;3.1250000e+02;2.3310156e-01;3.1250000e+02;2.5334075e-01;3.1250000e+02;2.7304122e-01;3.1250000e+02;2.8321862e-01;3.1250000e+02;2.8359866e-01;3.1250000e+02;2.7643231e-01;3.1250000e+02;2.6258790e-01;3.1250000e+02;2.4398884e-01;3.1250000e+02;3.6542539e-02;3.1250000e+02;5.0185580e-02;3.1250000e+02;6.6374213e-02;3.1250000e+02;8.4116504e-02;3.1250000e+02;1.0473314e-01;3.1250000e+02;1.2568946e-01;3.1250000e+02;1.4727637e-01;3.1250000e+02;1.6750230e-01;3.1250000e+02;1.8692926e-01;3.1250000e+02;2.1126087e-01;3.1250000e+02;2.3310156e-01;3.1250000e+02;2.5334075e-01;3.1250000e+02;2.7304122e-01;3.1250000e+02;2.8321862e-01;3.1250000e+02;2.8359866e-01;3.1250000e+02;2.7643231e-01;3.1250000e+02;2.6258790e-01;3.1250000e+02;2.4398884e-01;3.1250000e+02;3.6542539e-02;3.1250000e+02;5.0185580e-02;3.1250000e+02;6.6374213e-02;3.1250000e+02;8.4116504e-02;3.1250000e+02;1.0473314e-01;3.1250000e+02;1.2568946e-01;3.1250000e+02;1.4727637e-01;3.1250000e+02;1.6750230e-01;3.1250000e+02;1.8692926e-01;3.1250000e+02;2.1126087e-01;3.1250000e+02;2.3310156e-01;3.1250000e+02;2.5334075e-01;3.1250000e+02;2.7304122e-01;3.1250000e+02;2.8321862e-01;3.1250000e+02;2.8359866e-01;3.1250000e+02;2.7643231e-01;3.1250000e+02;2.6258790e-01;3.1250000e+02;2.4398884e-01;3.1250000e+02;3.6542539e-02;3.1250000e+02;5.0185580e-02;3.1250000e+02;6.6374213e-02;3.1250000e+02;8.4116504e-02;3.1250000e+02;1.0473314e-01;3.1250000e+02;1.2568946e-01;3.1250000e+02;1.4727637e-01;3.1250000e+02;1.6750230e-01;3.1250000e+02;1.8692926e-01;3.1250000e+02;2.1126087e-01;3.1250000e+02;2.3310156e-01;3.1250000e+02;2.5334075e-01;3.1250000e+02;2.7304122e-01;3.1250000e+02;2.8321862e-01;3.1250000e+02;2.8359866e-01;3.1250000e+02;2.7643231e-01;3.1250000e+02;2.6258790e-01;3.1250000e+02;2.4398884e-01;3.1250000e+02;3.6542539e-02;3.1250000e+02;5.0185580e-02;3.1250000e+02;6.6374213e-02;3.1250000e+02;8.4116504e-02;3.1250000e+02;1.0473314e-01;3.1250000e+02;1.2568946e-01;3.1250000e+02;1.4727637e-01;3.1250000e+02;1.6750230e-01;3.1250000e+02;1.8692926e-01;3.1250000e+02;2.1126087e-01;3.1250000e+02;2.3310156e-01;3.1250000e+02;2.5334075e-01;3.1250000e+02;2.7304122e-01;3.1250000e+02;2.8321862e-01;3.1250000e+02;2.8359866e-01;3.1250000e+02;2.7643231e-01;3.1250000e+02;2.6258790e-01;3.1250000e+02;2.4398884e-01;3.1250000e+02;3.6542539e-02;3.1250000e+02;5.0185580e-02;3.1250000e+02;6.6374213e-02;3.1250000e+02;8.4116504e-02;3.1250000e+02;1.0473314e-01;3.1250000e+02;1.2568946e-01;3.1250000e+02;1.4727637e-01;3.1250000e+02;1.6750230e-01;3.1250000e+02;1.8692926e-01;3.1250000e+02;2.1126087e-01;3.1250000e+02;2.3310156e-01;3.1250000e+02;2.5334075e-01;3.1250000e+02;2.7304122e-01;3.1250000e+02;2.8321862e-01;3.1250000e+02;2.8359866e-01;3.1250000e+02;2.7643231e-01;3.1250000e+02;2.6258790e-01;3.1250000e+02;2.4398884e-01;3.1250000e+02;3.6542539e-02;3.1250000e+02;5.0185580e-02;3.1250000e+02;6.6374213e-02;3.1250000e+02;8.4116504e-02;3.1250000e+02;1.0473314e-01;3.1250000e+02;1.2568946e-01;3.1250000e+02;1.4727637e-01;3.1250000e+02;1.6750230e-01;3.1250000e+02;1.8692926e-01;3.1250000e+02;2.1126087e-01;3.1250000e+02;2.3310156e-01;3.1250000e+02;2.5334075e-01;3.1250000e+02;2.7304122e-01;3.1250000e+02;2.8321862e-01;3.1250000e+02;2.8359866e-01;3.1250000e+02;2.7643231e-01;3.1250000e+02;2.6258790e-01;3.1250000e+02;2.4398884e-01;3.1250000e+02;3.6542539e-02;3.1250000e+02;5.0185580e-02;3.1250000e+02;6.6374213e-02;3.1250000e+02;8.4116504e-02;3.1250000e+02;1.0473314e-01;3.1250000e+02;1.2568946e-01;3.1250000e+02;1.4727637e-01;3.1250000e+02;1.6750230e-01;3.1250000e+02;1.8692926e-01;3.1250000e+02;2.1126087e-01;3.1250000e+02;2.3310156e-01;3.1250000e+02;2.5334075e-01;3.1250000e+02;2.7304122e-01;3.1250000e+02;2.8321862e-01;3.1250000e+02;2.8359866e-01;3.1250000e+02;2.7643231e-01;3.1250000e+02;2.6258790e-01;3.1250000e+02;2.4398884e-01;3.1250000e+02;3.6542539e-02;3.1250000e+02;5.0185580e-02;3.1250000e+02;6.6374213e-02;3.1250000e+02;8.4116504e-02;3.1250000e+02;1.0473314e-01;3.1250000e+02;1.2568946e-01;3.1250000e+02;1.4727637e-01;3.1250000e+02;1.6750230e-01;3.1250000e+02;1.8692926e-01;3.1250000e+02;2.1126087e-01;3.1250000e+02;2.3310156e-01;3.1250000e+02;2.5334075e-01;3.1250000e+02;2.7304122e-01;3.1250000e+02;2.8321862e-01;3.1250000e+02;2.8359866e-01;3.1250000e+02;2.7643231e-01;3.1250000e+02;2.6258790e-01;3.1250000e+02;2.4398884e-01;3.1250000e+02;3.6542539e-02;3.1250000e+02;5.0185580e-02;3.1250000e+02;6.6374213e-02;3.1250000e+02;8.4116504e-02;3.1250000e+02;1.0473314e-01;3.1250000e+02;1.2568946e-01;3.1250000e+02;1.4727637e-01;3.1250000e+02;1.6750230e-01;3.1250000e+02;1.8692926e-01;3.1250000e+02;2.1126087e-01;3.1250000e+02;2.3310156e-01;3.1250000e+02;2.5334075e-01;3.1250000e+02;2.7304122e-01;3.1250000e+02;2.8321862e-01;3.1250000e+02;2.8359866e-01;3.1250000e+02;2.7643231e-01;3.1250000e+02;2.6258790e-01;3.1250000e+02;2.4398884e-01;3.1250000e+02;3.6542539e-02;3.1250000e+02;5.0185580e-02;3.1250000e+02;6.6374213e-02;3.1250000e+02;8.4116504e-02;3.1250000e+02;1.0473314e-01;3.1250000e+02;1.2568946e-01;3.1250000e+02;1.4727637e-01;3.1250000e+02;1.6750230e-01;3.1250000e+02;1.8692926e-01;3.1250000e+02;2.1126087e-01;3.1250000e+02;2.3310156e-01;3.1250000e+02;2.5334075e-01;3.1250000e+02;2.7304122e-01;3.1250000e+02;2.8321862e-01;3.1250000e+02;2.8359866e-01;3.1250000e+02;2.7643231e-01;3.1250000e+02;2.6258790e-01;3.1250000e+02;2.4398884e-01;3.1250000e+02;3.6542539e-02;3.1250000e+02;5.0185580e-02;3.1250000e+02;6.6374213e-02;3.1250000e+02;8.4116504e-02;3.1250000e+02;1.0473314e-01;3.1250000e+02;1.2568946e-01;3.1250000e+02;1.4727637e-01;3.1250000e+02;1.6750230e-01;3.1250000e+02;1.8692926e-01;3.1250000e+02;2.1126087e-01;3.1250000e+02;2.3310156e-01;3.1250000e+02;2.5334075e-01;3.1250000e+02;2.7304122e-01;3.1250000e+02;2.8321862e-01;3.1250000e+02;2.8359866e-01;3.1250000e+02;2.7643231e-01;3.1250000e+02;2.6258790e-01;3.1250000e+02;2.4398884e-01;3.1250000e+02;3.6542539e-02;3.1250000e+02;5.0185580e-02;3.1250000e+02;6.6374213e-02;3.1250000e+02;8.4116504e-02;3.1250000e+02;1.0473314e-01;3.1250000e+02;1.2568946e-01;3.1250000e+02;1.4727637e-01;3.1250000e+02;1.6750230e-01;3.1250000e+02;1.8692926e-01;3.1250000e+02;2.1126087e-01;3.1250000e+02;2.3310156e-01;3.1250000e+02;2.5334075e-01;3.1250000e+02;2.7304122e-01;3.1250000e+02;2.8321862e-01;3.1250000e+02;2.8359866e-01;3.1250000e+02;2.7643231e-01;3.1250000e+02;2.6258790e-01;3.1250000e+02;2.4398884e-01
3.1750000e+02;3.4778081e-02;3.1750000e+02;4.8639487e-02;3.1750000e+02;6.3586868e-02;3.1750000e+02;8.1402555e-02;3.1750000e+02;1.0089745e-01;3.1750000e+02;1.2067858e-01;3.1750000e+02;1.4124385e-01;3.1750000e+02;1.5947463e-01;3.1750000e+02;1.8044247e-01;3.1750000e+02;1.9935305e-01;3.1750000e+02;2.1981628e-01;3.1750000e+02;2.4004470e-01;3.1750000e+02;2.6166332e-01;3.1750000e+02;2.7691174e-01;3.1750000e+02;2.8007153e-01;3.1750000e+02;2.7530125e-01;3.1750000e+02;2.6347589e-01;3.1750000e+02;2.4665830e-01;3.1750000e+02;3.4778081e-02;3.1750000e+02;4.8639487e-02;3.1750000e+02;6.3586868e-02;3.1750000e+02;8.1402555e-02;3.1750000e+02;1.0089745e-01;3.1750000e+02;1.2067858e-01;3.1750000e+02;1.4124385e-01;3.1750000e+02;1.5947463e-01;3.1750000e+02;1.8044247e-01;3.1750000e+02;1.9935305e-01;3.1750000e+02;2.1981628e-01;3.1750000e+02;2.4004470e-01;3.1750000e+02;2.6166332e-01;3.1750000e+02;2.7691174e-01;3.1750000e+02;2.8007153e-01;3.1750000e+02;2.7530125e-01;3.1750000e+02;2.6347589e-01;3.1750000e+02;2.4665830e-01;3.1750000e+02;3.4778081e-02;3.1750000e+02;4.8639487e-02;3.1750000e+02;6.3586868e-02;3.1750000e+02;8.1402555e-02;3.1750000e+02;1.0089745e-01;3.1750000e+02;1.2067858e-01;3.1750000e+02;1.4124385e-01;3.1750000e+02;1.5947463e-01;3.1750000e+02;1.8044247e-01;3.1750000e+02;1.9935305e-01;3.1750000e+02;2.1981628e-01;3.1750000e+02;2.4004470e-01;3.1750000e+02;2.6166332e-01;3.1750000e+02;2.7691174e-01;3.1750000e+02;2.8007153e-01;3.1750000e+02;2.7530125e-01;3.1750000e+02;2.6347589e-01;3.1750000e+02;2.4665830e-01;3.1750000e+02;3.4778081e-02;3.1750000e+02;4.8639487e-02;3.1750000e+02;6.3586868e-02;3.1750000e+02;8.1402555e-02;3.1750000e+02;1.0089745e-01;3.1750000e+02;1.2067858e-01;3.1750000e+02;1.4124385e-01;3.1750000e+02;1.5947463e-01;3.1750000e+02;1.8044247e-01;3.1750000e+02;1.9935305e-01;3.1750000e+02;2.1981628e-01;3.1750000e+02;2.4004470e-01;3.1750000e+02;2.6166332e-01;3.1750000e+02;2.7691174e-01;3.1750000e+02;2.8007153e-01;3.1750000e+02;2.7530125e-01;3.1750000e+02;2.6347589e-01;3.1750000e+02;2.4665830e-01;3.1750000e+02;3.4778081e-02;3.1750000e+02;4.8639487e-02;3.1750000e+02;6.3586868e-02;3.1750000e+02;8.1402555e-02;3.1750000e+02;1.0089745e-01;3.1750000e+02;1.2067858e-01;3.1750000e+02;1.4124385e-01;3.1750000e+02;1.5947463e-01;3.1750000e+02;1.8044247e-01;3.1750000e+02;1.9935305e-01;3.1750000e+02;2.1981628e-01;3.1750000e+02;2.4004470e-01;3.1750000e+02;2.6166332e-01;3.1750000e+02;2.7691174e-01;3.1750000e+02;2.8007153e-01;3.1750000e+02;2.7530125e-01;3.1750000e+02;2.6347589e-01;3.1750000e+02;2.4665830e-01;3.1750000e+02;3.4778081e-02;3.1750000e+02;4.8639487e-02;3.1750000e+02;6.3586868e-02;3.1750000e+02;8.1402555e-02;3.1750000e+02;1.0089745e-01;3.1750000e+02;1.2067858e-01;3.1750000e+02;1.4124385e-01;3.1750000e+02;1.5947463e-01;3.1750000e+02;1.8044247e-01;3.1750000e+02;1.9935305e-01;3.1750000e+02;2.1981628e-01;3.1750000e+02;2.4004470e-01;3.1750000e+02;2.6166332e-01;3.1750000e+02;2.7691174e-01;3.1750000e+02;2.8007153e-01;3.1750000e+02;2.7530125e-01;3.1750000e+02;2.6347589e-01;3.1750000e+02;2.4665830e-01;3.1750000e+02;3.4778081e-02;3.1750000e+02;4.8639487e-02;3.1750000e+02;6.3586868e-02;3.1750000e+02;8.1402555e-02;3.1750000e+02;1.0089745e-01;3.1750000e+02;1.2067858e-01;3.1750000e+02;1.4124385e-01;3.1750000e+02;1.5947463e-01;3.1750000e+02;1.8044247e-01;3.1750000e+02;1.9935305e-01;3.1750000e+02;2.1981628e-01;3.1750000e+02;2.4004470e-01;3.1750000e+02;2.6166332e-01;3.1750000e+02;2.7691174e-01;3.1750000e+02;2.8007153e-01;3.1750000e+02;2.7530125e-01;3.1750000e+02;2.6347589e-01;3.1750000e+02;2.4665830e-01;3.1750000e+02;3.4778081e-02;3.1750000e+02;4.8639487e-02;3.1750000e+02;6.3586868e-02;3.1750000e+02;8.1402555e-02;3.1750000e+02;1.0089745e-01;3.1750000e+02;1.2067858e-01;3.1750000e+02;1.4124385e-01;3.1750000e+02;1.5947463e-01;3.1750000e+02;1.8044247e-01;3.1750000e+02;1.9935305e-01;3.1750000e+02;2.1981628e-01;3.1750000e+02;2.4004470e-01;3.1750000e+02;2.6166332e-01;3.1750000e+02;2.7691174e-01;3.1750000e+02;2.8007153e-01;3.1750000e+02;2.7530125e-01;3.1750000e+02;2.6347589e-01;3.1750000e+02;2.4665830e-01;3.1750000e+02;3.4778081e-02;3.1750000e+02;4.8639487e-02;3.1750000e+02;6.3586868e-02;3.1750000e+02;8.1402555e-02;3.1750000e+02;1.0089745e-01;3.1750000e+02;1.2067858e-01;3.1750000e+02;1.4124385e-01;3.1750000e+02;1.5947463e-01;3.1750000e+02;1.8044247e-01;3.1750000e+02;1.9935305e-01;3.1750000e+02;2.1981628e-01;3.1750000e+02;2.4004470e-01;3.1750000e+02;2.6166332e-01;3.1750000e+02;2.7691174e-01;3.1750000e+02;2.8007153e-01;3.1750000e+02;2.7530125e-01;3.1750000e+02;2.6347589e-01;3.1750000e+02;2.4665830e-01;3.1750000e+02;3.4778081e-02;3.1750000e+02;4.8639487e-02;3.1750000e+02;6.3586868e-02;3.1750000e+02;8.1402555e-02;3.1750000e+02;1.0089745e-01;3.1750000e+02;1.2067858e-01;3.1750000e+02;1.4124385e-01;3.1750000e+02;1.5947463e-01;3.1750000e+02;1.8044247e-01;3.1750000e+02;1.9935305e-01;3.1750000e+02;2.1981628e-01;3.1750000e+02;2.4004470e-01;3.1750000e+02;2.6166332e-01;3.1750000e+02;2.7691174e-01;3.1750000e+02;2.8007153e-01;3.1750000e+02;2.7530125e-01;3.1750000e+02;2.6347589e-01;3.1750000e+02;2.4665830e-01;3.1750000e+02;3.4778081e-02;3.1750000e+02;4.8639487e-02;3.1750000e+02;6.3586868e-02;3.1750000e+02;8.1402555e-02;3.1750000e+02;1.0089745e-01;3.1750000e+02;1.2067858e-01;3.1750000e+02;1.4124385e-01;3.1750000e+02;1.5947463e-01;3.1750000e+02;1.8044247e-01;3.1750000e+02;1.9935305e-01;3.1750000e+02;2.1981628e-01;3.1750000e+02;2.4004470e-01;3.1750000e+02;2.6166332e-01;3.1750000e+02;2.7691174e-01;3.1750000e+02;2.8007153e-01;3.1750000e+02;2.7530125e-01;3.1750000e+02;2.6347589e-01;3.1750000e+02;2.4665830e-01;3.1750000e+02;3.4778081e-02;3.1750000e+02;4.8639487e-02;3.1750000e+02;6.3586868e-02;3.1750000e+02;8.1402555e-02;3.1750000e+02;1.0089745e-01;3.1750000e+02;1.2067858e-01;3.1750000e+02;1.4124385e-01;3.1750000e+02;1.5947463e-01;3.1750000e+02;1.8044247e-01;3.1750000e+02;1.9935305e-01;3.1750000e+02;2.1981628e-01;3.1750000e+02;2.4004470e-01;3.1750000e+02;2.6166332e-01;3.1750000e+02;2.7691174e-01;3.1750000e+02;2.8007153e-01;3.1750000e+02;2.7530125e-01;3.1750000e+02;2.6347589e-01;3.1750000e+02;2.4665830e-01;3.1750000e+02;3.4778081e-02;3.1750000e+02;4.8639487e-02;3.1750000e+02;6.3586868e-02;3.1750000e+02;8.1402555e-02;3.1750000e+02;1.0089745e-01;3.1750000e+02;1.2067858e-01;3.1750000e+02;1.4124385e-01;3.1750000e+02;1.5947463e-01;3.1750000e+02;1.8044247e-01;3.1750000e+02;1.9935305e-01;3.1750000e+02;2.1981628e-01;3.1750000e+02;2.4004470e-01;3.1750000e+02;2.6166332e-01;3.1750000e+02;2.7691174e-01;3.1750000e+02;2.8007153e-01;3.1750000e+02;2.7530125e-01;3.1750000e+02;2.6347589e-01;3.1750000e+02;2.4665830e-01;3.1750000e+02;3.4778081e-02;3.1750000e+02;4.8639487e-02;3.1750000e+02;6.3586868e-02;3.1750000e+02;8.1402555e-02;3.1750000e+02;1.0089745e-01;3.1750000e+02;1.2067858e-01;3.1750000e+02;1.4124385e-01;3.1750000e+02;1.5947463e-01;3.1750000e+02;1.8044247e-01;3.1750000e+02;1.9935305e-01;3.1750000e+02;2.1981628e-01;3.1750000e+02;2.4004470e-01;3.1750000e+02;2.6166332e-01;3.1750000e+02;2.7691174e-01;3.1750000e+02;2.8007153e-01;3.1750000e+02;2.7530125e-01;3.1750000e+02;2.6347589e-01;3.1750000e+02;2.4665830e-01;3.1750000e+02;3.4778081e-02;3.1750000e+02;4.8639487e-02;3.1750000e+02;6.3586868e-02;3.1750000e+02;8.1402555e-02;3.1750000e+02;1.0089745e-01;3.1750000e+02;1.2067858e-01;3.1750000e+02;1.4124385e-01;3.1750000e+02;1.5947463e-01;3.1750000e+02;1.8044247e-01;3.1750000e+02;1.9935305e-01;3.1750000e+02;2.1981628e-01;3.1750000e+02;2.4004470e-01;3.1750000e+02;2.6166332e-01;3.1750000e+02;2.7691174e-01;3.1750000e+02;2.8007153e-01;3.1750000e+02;2.7530125e-01;3.1750000e+02;2.6347589e-01;3.1750000e+02;2.4665830e-01;3.1750000e+02;3.4778081e-02;3.1750000e+02;4.8639487e-02;3.1750000e+02;6.3586868e-02;3.1750000e+02;8.1402555e-02;3.1750000e+02;1.0089745e-01;3.1750000e+02;1.2067858e-01;3.1750000e+02;1.4124385e-01;3.1750000e+02;1.5947463e-01;3.1750000e+02;1.8044247e-01;3.1750000e+02;1.9935305e-01;3.1750000e+02;2.1981628e-01;3.1750000e+02;2.4004470e-01;3.1750000e+02;2.6166332e-01;3.1750000e+02;2.7691174e-01;3.1750000e+02;2.8007153e-01;3.1750000e+02;2.7530125e-01;3.1750000e+02;2.6347589e-01;3.1750000e+02;2.4665830e-01;3.1750000e+02;3.4778081e-02;3.1750000e+02;4.8639487e-02;3.1750000e+02;6.3586868e-02;3.1750000e+02;8.1402555e-02;3.1750000e+02;1.0089745e-01;3.1750000e+02;1.2067858e-01;3.1750000e+02;1.4124385e-01;3.1750000e+02;1.5947463e-01;3.1750000e+02;1.8044247e-01;3.1750000e+02;1.9935305e-01;3.1750000e+02;2.1981628e-01;3.1750000e+02;2.4004470e-01;3.1750000e+02;2.6166332e-01;3.1750000e+02;2.7691174e-01;3.1750000e+02;2.8007153e-01;3.1750000e+02;2.7530125e-01;3.1750000e+02;2.6347589e-01;3.1750000e+02;2.4665830e-01;3.1750000e+02;3.4778081e-02;3.1750000e+02;4.8639487e-02;3.1750000e+02;6.3586868e-02;3.1750000e+02;8.1402555e-02;3.1750000e+02;1.0089745e-01;3.1750000e+02;1.2067858e-01;3.1750000e+02;1.4124385e-01;3.1750000e+02;1.5947463e-01;3.1750000e+02;1.8044247e-01;3.1750000e+02;1.9935305e-01;3.1750000e+02;2.1981628e-01;3.1750000e+02;2.4004470e-01;3.1750000e+02;2.6166332e-01;3.1750000e+02;2.7691174e-01;3.1750000e+02;2.8007153e-01;3.1750000e+02;2.7530125e-01;3.1750000e+02;2.6347589e-01;3.1750000e+02;2.4665830e-01;3.1750000e+02;3.4778081e-02;3.1750000e+02;4.8639487e-02;3.1750000e+02;6.3586868e-02;3.1750000e+02;8.1402555e-02;3.1750000e+02;1.0089745e-01;3.1750000e+02;1.2067858e-01;3.1750000e+02;1.4124385e-01;3.1750000e+02;1.5947463e-01;3.1750000e+02;1.8044247e-01;3.1750000e+02;1.9935305e-01;3.1750000e+02;2.1981628e-01;3.1750000e+02;2.4004470e-01;3.1750000e+02;2.6166332e-01;3.1750000e+02;2.7691174e-01;3.1750000e+02;2.8007153e-01;3.1750000e+02;2.7530125e-01;3.1750000e+02;2.6347589e-01;3.1750000e+02;2.4665830e-01;3.1750000e+02;3.4778081e-02;3.1750000e+02;4.8639487e-02;3.1750000e+02;6.3586868e-02;3.1750000e+02;8.1402555e-02;3.1750000e+02;1.0089745e-01;3.1750000e+02;1.2067858e-01;3.1750000e+02;1.4124385e-01;3.1750000e+02;1.5947463e-01;3.1750000e+02;1.8044247e-01;3.1750000e+02;1.9935305e-01;3.1750000e+02;2.1981628e-01;3.1750000e+02;2.4004470e-01;3.1750000e+02;2.6166332e-01;3.1750000e+02;2.7691174e-01;3.1750000e+02;2.8007153e-01;3.1750000e+02;2.7530125e-01;3.1750000e+02;2.6347589e-01;3.1750000e+02;2.4665830e-01;3.1750000e+02;3.4778081e-02;3.1750000e+02;4.8639487e-02;3.1750000e+02;6.3586868e-02;3.1750000e+02;8.1402555e-02;3.1750000e+02;1.0089745e-01;3.1750000e+02;1.2067858e-01;3.1750000e+02;1.4124385e-01;3.1750000e+02;1.5947463e-01;3.1750000e+02;1.8044247e-01;3.1750000e+02;1.9935305e-01;3.1750000e+02;2.1981628e-01;3.1750000e+02;2.4004470e-01;3.1750000e+02;2.6166332e-01;3.1750000e+02;2.7691174e-01;3.1750000e+02;2.8007153e-01;3.1750000e+02;2.7530125e-01;3.1750000e+02;2.6347589e-01;3.1750000e+02;2.4665830e-01;3.1750000e+02;3.4778081e-02;3.1750000e+02;4.8639487e-02;3.1750000e+02;6.3586868e-02;3.1750000e+02;8.1402555e-02;3.1750000e+02;1.0089745e-01;3.1750000e+02;1.2067858e-01;3.1750000e+02;1.4124385e-01;3.1750000e+02;1.5947463e-01;3.1750000e+02;1.8044247e-01;3.1750000e+02;1.9935305e-01;3.1750000e+02;2.1981628e-01;3.1750000e+02;2.4004470e-01;3.1750000e+02;2.6166332e-01;3.1750000e+02;2.7691174e-01;3.1750000e+02;2.8007153e-01;3.1750000e+02;2.7530125e-01;3.1750000e+02;2.6347589e-01;3.1750000e+02;2.4665830e-01;3.1750000e+02;3.4778081e-02;3.1750000e+02;4.8639487e-02;3.1750000e+02;6.3586868e-02;3.1750000e+02;8.1402555e-02;3.1750000e+02;1.0089745e-01;3.1750000e+02;1.2067858e-01;3.1750000e+02;1.4124385e-01;3.1750000e+02;1.5947463e-01;3.1750000e+02;1.8044247e-01;3.1750000e+02;1.9935305e-01;3.1750000e+02;2.1981628e-01;3.1750000e+02;2.4004470e-01;3.1750000e+02;2.6166332e-01;3.1750000e+02;2.7691174e-01;3.1750000e+02;2.8007153e-01;3.1750000e+02;2.7530125e-01;3.1750000e+02;2.6347589e-01;3.1750000e+02;2.4665830e-01;3.1750000e+02;3.4778081e-02;3.1750000e+02;4.8639487e-02;3.1750000e+02;6.3586868e-02;3.1750000e+02;8.1402555e-02;3.1750000e+02;1.0089745e-01;3.1750000e+02;1.2067858e-01;3.1750000e+02;1.4124385e-01;3.1750000e+02;1.5947463e-01;3.1750000e+02;1.8044247e-01;3.1750000e+02;1.9935305e-01;3.1750000e+02;2.1981628e-01;3.1750000e+02;2.4004470e-01;3.1750000e+02;2.6166332e-01;3.1750000e+02;2.7691174e-01;3.1750000e+02;2.8007153e-01;3.1750000e+02;2.7530125e-01;3.1750000e+02;2.6347589e-01;3.1750000e+02;2.4665830e-01;3.1750000e+02;3.4778081e-02;3.1750000e+02;4.8639487e-02;3.1750000e+02;6.3586868e-02;3.1750000e+02;8.1402555e-02;3.1750000e+02;1.0089745e-01;3.1750000e+02;1.2067858e-01;3.1750000e+02;1.4124385e-01;3.1750000e+02;1.5947463e-01;3.1750000e+02;1.8044247e-01;3.1750000e+02;1.9935305e-01;3.1750000e+02;2.1981628e-01;3.1750000e+02;2.4004470e-01;3.1750000e+02;2.6166332e-01;3.1750000e+02;2.7691174e-01;3.1750000e+02;2.8007153e-01;3.1750000e+02;2.7530125e-01;3.1750000e+02;2.6347589e-01;3.1750000e+02;2.4665830e-01;3.1750000e+02;3.4778081e-02;3.1750000e+02;4.8639487e-02;3.1750000e+02;6.3586868e-02;3.1750000e+02;8.1402555e-02;3.1750000e+02;1.0089745e-01;3.1750000e+02;1.2067858e-01;3.1750000e+02;1.4124385e-01;3.1750000e+02;1.5947463e-01;3.1750000e+02;1.8044247e-01;3.1750000e+02;1.9935305e-01;3.1750000e+02;2.1981628e-01;3.1750000e+02;2.4004470e-01;3.1750000e+02;2.6166332e-01;3.1750000e+02;2.7691174e-01;3.1750000e+02;2.8007153e-01;3.1750000e+02;2.7530125e-01;3.1750000e+02;2.6347589e-01;3.1750000e+02;2.4665830e-01;3.1750000e+02;3.4778081e-02;3.1750000e+02;4.8639487e-02;3.1750000e+02;6.3586868e-02;3.1750000e+02;8.1402555e-02;3.1750000e+02;1.0089745e-01;3.1750000e+02;1.2067858e-01;3.1750000e+02;1.4124385e-01;3.1750000e+02;1.5947463e-01;3.1750000e+02;1.8044247e-01;3.1750000e+02;1.9935305e-01;3.1750000e+02;2.1981628e-01;3.1750000e+02;2.4004470e-01;3.1750000e+02;2.6166332e-01;3.1750000e+02;2.7691174e-01;3.1750000e+02;2.8007153e-01;3.1750000e+02;2.7530125e-01;3.1750000e+02;2.6347589e-01;3.1750000e+02;2.4665830e-01;3.1750000e+02;3.4778081e-02;3.1750000e+02;4.8639487e-02;3.1750000e+02;6.3586868e-02;3.1750000e+02;8.1402555e-02;3.1750000e+02;1.0089745e-01;3.1750000e+02;1.2067858e-01;3.1750000e+02;1.4124385e-01;3.1750000e+02;1.5947463e-01;3.1750000e+02;1.8044247e-01;3.1750000e+02;1.9935305e-01;3.1750000e+02;2.1981628e-01;3.1750000e+02;2.4004470e-01;3.1750000e+02;2.6166332e-01;3.1750000e+02;2.7691174e-01;3.1750000e+02;2.8007153e-01;3.1750000e+02;2.7530125e-01;3.1750000e+02;2.6347589e-01;3.1750000e+02;2.4665830e-01;3.1750000e+02;3.4778081e-02;3.1750000e+02;4.8639487e-02;3.1750000e+02;6.3586868e-02;3.1750000e+02;8.1402555e-02;3.1750000e+02;1.0089745e-01;3.1750000e+02;1.2067858e-01;3.1750000e+02;1.4124385e-01;3.1750000e+02;1.5947463e-01;3.1750000e+02;1.8044247e-01;3.1750000e+02;1.9935305e-01;3.1750000e+02;2.1981628e-01;3.1750000e+02;2.4004470e-01;3.1750000e+02;2.6166332e-01;3.1750000e+02;2.7691174e-01;3.1750000e+02;2.8007153e-01;3.1750000e+02;2.7530125e-01;3.1750000e+02;2.6347589e-01;3.1750000e+02;2.4665830e-01;3.1750000e+02;3.4778081e-02;3.1750000e+02;4.8639487e-02;3.1750000e+02;6.3586868e-02;3.1750000e+02;8.1402555e-02;3.1750000e+02;1.0089745e-01;3.1750000e+02;1.2067858e-01;3.1750000e+02;1.4124385e-01;3.1750000e+02;1.5947463e-01;3.1750000e+02;1.8044247e-01;3.1750000e+02;1.9935305e-01;3.1750000e+02;2.1981628e-01;3.1750000e+02;2.4004470e-01;3.1750000e+02;2.6166332e-01;3.1750000e+02;2.7691174e-01;3.1750000e+02;2.8007153e-01;3.1750000e+02;2.7530125e-01;3.1750000e+02;2.6347589e-01;3.1750000e+02;2.4665830e-01;3.1750000e+02;3.4778081e-02;3.1750000e+02;4.8639487e-02;3.1750000e+02;6.3586868e-02;3.1750000e+02;8.1402555e-02;3.1750000e+02;1.0089745e-01;3.1750000e+02;1.2067858e-01;3.1750000e+02;1.4124385e-01;3.1750000e+02;1.5947463e-01;3.1750000e+02;1.8044247e-01;3.1750000e+02;1.9935305e-01;3.1750000e+02;2.1981628e-01;3.1750000e+02;2.4004470e-01;3.1750000e+02;2.6166332e-01;3.1750000e+02;2.7691174e-01;3.1750000e+02;2.8007153e-01;3.1750000e+02;2.7530125e-01;3.1750000e+02;2.6347589e-01;3.1750000e+02;2.4665830e-01;3.1750000e+02;3.4778081e-02;3.1750000e+02;4.8639487e-02;3.1750000e+02;6.3586868e-02;3.1750000e+02;8.1402555e-02;3.1750000e+02;1.0089745e-01;3.1750000e+02;1.2067858e-01;3.1750000e+02;1.4124385e-01;3.1750000e+02;1.5947463e-01;3.1750000e+02;1.8044247e-01;3.1750000e+02;1.9935305e-01;3.1750000e+02;2.1981628e-01;3.1750000e+02;2.4004470e-01;3.1750000e+02;2.6166332e-01;3.1750000e+02;2.7691174e-01;3.1750000e+02;2.8007153e-01;3.1750000e+02;2.7530125e-01;3.1750000e+02;2.6347589e-01;3.1750000e+02;2.4665830e-01;3.1750000e+02;3.4778081e-02;3.1750000e+02;4.8639487e-02;3.1750000e+02;6.3586868e-02;3.1750000e+02;8.1402555e-02;3.1750000e+02;1.0089745e-01;3.1750000e+02;1.2067858e-01;3.1750000e+02;1.4124385e-01;3.1750000e+02;1.5947463e-01;3.1750000e+02;1.8044247e-01;3.1750000e+02;1.9935305e-01;3.1750000e+02;2.1981628e-01;3.1750000e+02;2.4004470e-01;3.1750000e+02;2.6166332e-01;3.1750000e+02;2.7691174e-01;3.1750000e+02;2.8007153e-01;3.1750000e+02;2.7530125e-01;3.1750000e+02;2.6347589e-01;3.1750000e+02;2.4665830e-01;3.1750000e+02;3.4778081e-02;3.1750000e+02;4.8639487e-02;3.1750000e+02;6.3586868e-02;3.1750000e+02;8.1402555e-02;3.1750000e+02;1.0089745e-01;3.1750000e+02;1.2067858e-01;3.1750000e+02;1.4124385e-01;3.1750000e+02;1.5947463e-01;3.1750000e+02;1.8044247e-01;3.1750000e+02;1.9935305e-01;3.1750000e+02;2.1981628e-01;3.1750000e+02;2.4004470e-01;3.1750000e+02;2.6166332e-01;3.1750000e+02;2.7691174e-01;3.1750000e+02;2.8007153e-01;3.1750000e+02;2.7530125e-01;3.1750000e+02;2.6347589e-01;3.1750000e+02;2.4665830e-01;3.1750000e+02;3.4778081e-02;3.1750000e+02;4.8639487e-02;3.1750000e+02;6.3586868e-02;3.1750000e+02;8.1402555e-02;3.1750000e+02;1.0089745e-01;3.1750000e+02;1.2067858e-01;3.1750000e+02;1.4124385e-01;3.1750000e+02;1.5947463e-01;3.1750000e+02;1.8044247e-01;3.1750000e+02;1.9935305e-01;3.1750000e+02;2.1981628e-01;3.1750000e+02;2.4004470e-01;3.1750000e+02;2.6166332e-01;3.1750000e+02;2.7691174e-01;3.1750000e+02;2.8007153e-01;3.1750000e+02;2.7530125e-01;3.1750000e+02;2.6347589e-01;3.1750000e+02;2.4665830e-01;3.1750000e+02;3.4778081e-02;3.1750000e+02;4.8639487e-02;3.1750000e+02;6.3586868e-02;3.1750000e+02;8.1402555e-02;3.1750000e+02;1.0089745e-01;3.1750000e+02;1.2067858e-01;3.1750000e+02;1.4124385e-01;3.1750000e+02;1.5947463e-01;3.1750000e+02;1.8044247e-01;3.1750000e+02;1.9935305e-01;3.1750000e+02;2.1981628e-01;3.1750000e+02;2.4004470e-01;3.1750000e+02;2.6166332e-01;3.1750000e+02;2.7691174e-01;3.1750000e+02;2.8007153e-01;3.1750000e+02;2.7530125e-01;3.1750000e+02;2.6347589e-01;3.1750000e+02;2.4665830e-01;3.1750000e+02;3.4778081e-02;3.1750000e+02;4.8639487e-02;3.1750000e+02;6.3586868e-02;3.1750000e+02;8.1402555e-02;3.1750000e+02;1.0089745e-01;3.1750000e+02;1.2067858e-01;3.1750000e+02;1.4124385e-01;3.1750000e+02;1.5947463e-01;3.1750000e+02;1.8044247e-01;3.1750000e+02;1.9935305e-01;3.1750000e+02;2.1981628e-01;3.1750000e+02;2.4004470e-01;3.1750000e+02;2.6166332e-01;3.1750000e+02;2.7691174e-01;3.1750000e+02;2.8007153e-01;3.1750000e+02;2.7530125e-01;3.1750000e+02;2.6347589e-01;3.1750000e+02;2.4665830e-01;3.1750000e+02;3.4778081e-02;3.1750000e+02;4.8639487e-02;3.1750000e+02;6.3586868e-02;3.1750000e+02;8.1402555e-02;3.1750000e+02;1.0089745e-01;3.1750000e+02;1.2067858e-01;3.1750000e+02;1.4124385e-01;3.1750000e+02;1.5947463e-01;3.1750000e+02;1.8044247e-01;3.1750000e+02;1.9935305e-01;3.1750000e+02;2.1981628e-01;3.1750000e+02;2.4004470e-01;3.1750000e+02;2.6166332e-01;3.1750000e+02;2.7691174e-01;3.1750000e+02;2.8007153e-01;3.1750000e+02;2.7530125e-01;3.1750000e+02;2.6347589e-01;3.1750000e+02;2.4665830e-01;3.1750000e+02;3.4778081e-02;3.1750000e+02;4.8639487e-02;3.1750000e+02;6.3586868e-02;3.1750000e+02;8.1402555e-02;3.1750000e+02;1.0089745e-01;3.1750000e+02;1.2067858e-01;3.1750000e+02;1.4124385e-01;3.1750000e+02;1.5947463e-01;3.1750000e+02;1.8044247e-01;3.1750000e+02;1.9935305e-01;3.1750000e+02;2.1981628e-01;3.1750000e+02;2.4004470e-01;3.1750000e+02;2.6166332e-01;3.1750000e+02;2.7691174e-01;3.1750000e+02;2.8007153e-01;3.1750000e+02;2.7530125e-01;3.1750000e+02;2.6347589e-01;3.1750000e+02;2.4665830e-01;3.1750000e+02;3.4778081e-02;3.1750000e+02;4.8639487e-02;3.1750000e+02;6.3586868e-02;3.1750000e+02;8.1402555e-02;3.1750000e+02;1.0089745e-01;3.1750000e+02;1.2067858e-01;3.1750000e+02;1.4124385e-01;3.1750000e+02;1.5947463e-01;3.1750000e+02;1.8044247e-01;3.1750000e+02;1.9935305e-01;3.1750000e+02;2.1981628e-01;3.1750000e+02;2.4004470e-01;3.1750000e+02;2.6166332e-01;3.1750000e+02;2.7691174e-01;3.1750000e+02;2.8007153e-01;3.1750000e+02;2.7530125e-01;3.1750000e+02;2.6347589e-01;3.1750000e+02;2.4665830e-01;3.1750000e+02;3.4778081e-02;3.1750000e+02;4.8639487e-02;3.1750000e+02;6.3586868e-02;3.1750000e+02;8.1402555e-02;3.1750000e+02;1.0089745e-01;3.1750000e+02;1.2067858e-01;3.1750000e+02;1.4124385e-01;3.1750000e+02;1.5947463e-01;3.1750000e+02;1.8044247e-01;3.1750000e+02;1.9935305e-01;3.1750000e+02;2.1981628e-01;3.1750000e+02;2.4004470e-01;3.1750000e+02;2.6166332e-01;3.1750000e+02;2.7691174e-01;3.1750000e+02;2.8007153e-01;3.1750000e+02;2.7530125e-01;3.1750000e+02;2.6347589e-01;3.1750000e+02;2.4665830e-01;3.1750000e+02;3.4778081e-02;3.1750000e+02;4.8639487e-02;3.1750000e+02;6.3586868e-02;3.1750000e+02;8.1402555e-02;3.1750000e+02;1.0089745e-01;3.1750000e+02;1.2067858e-01;3.1750000e+02;1.4124385e-01;3.1750000e+02;1.5947463e-01;3.1750000e+02;1.8044247e-01;3.1750000e+02;1.9935305e-01;3.1750000e+02;2.1981628e-01;3.1750000e+02;2.4004470e-01;3.1750000e+02;2.6166332e-01;3.1750000e+02;2.7691174e-01;3.1750000e+02;2.8007153e-01;3.1750000e+02;2.7530125e-01;3.1750000e+02;2.6347589e-01;3.1750000e+02;2.4665830e-01;3.1750000e+02;3.4778081e-02;3.1750000e+02;4.8639487e-02;3.1750000e+02;6.3586868e-02;3.1750000e+02;8.1402555e-02;3.1750000e+02;1.0089745e-01;3.1750000e+02;1.2067858e-01;3.1750000e+02;1.4124385e-01;3.1750000e+02;1.5947463e-01;3.1750000e+02;1.8044247e-01;3.1750000e+02;1.9935305e-01;3.1750000e+02;2.1981628e-01;3.1750000e+02;2.4004470e-01;3.1750000e+02;2.6166332e-01;3.1750000e+02;2.7691174e-01;3.1750000e+02;2.8007153e-01;3.1750000e+02;2.7530125e-01;3.1750000e+02;2.6347589e-01;3.1750000e+02;2.4665830e-01;3.1750000e+02;3.4778081e-02;3.1750000e+02;4.8639487e-02;3.1750000e+02;6.3586868e-02;3.1750000e+02;8.1402555e-02;3.1750000e+02;1.0089745e-01;3.1750000e+02;1.2067858e-01;3.1750000e+02;1.4124385e-01;3.1750000e+02;1.5947463e-01;3.1750000e+02;1.8044247e-01;3.1750000e+02;1.9935305e-01;3.1750000e+02;2.1981628e-01;3.1750000e+02;2.4004470e-01;3.1750000e+02;2.6166332e-01;3.1750000e+02;2.7691174e-01;3.1750000e+02;2.8007153e-01;3.1750000e+02;2.7530125e-01;3.1750000e+02;2.6347589e-01;3.1750000e+02;2.4665830e-01;3.1750000e+02;3.4778081e-02;3.1750000e+02;4.8639487e-02;3.1750000e+02;6.3586868e-02;3.1750000e+02;8.1402555e-02;3.1750000e+02;1.0089745e-01;3.1750000e+02;1.2067858e-01;3.1750000e+02;1.4124385e-01;3.1750000e+02;1.5947463e-01;3.1750000e+02;1.8044247e-01;3.1750000e+02;1.9935305e-01;3.1750000e+02;2.1981628e-01;3.1750000e+02;2.4004470e-01;3.1750000e+02;2.6166332e-01;3.1750000e+02;2.7691174e-01;3.1750000e+02;2.8007153e-01;3.1750000e+02;2.7530125e-01;3.1750000e+02;2.6347589e-01;3.1750000e+02;2.4665830e-01;3.1750000e+02;3.4778081e-02;3.1750000e+02;4.8639487e-02;3.1750000e+02;6.3586868e-02;3.1750000e+02;8.1402555e-02;3.1750000e+02;1.0089745e-01;3.1750000e+02;1.2067858e-01;3.1750000e+02;1.4124385e-01;3.1750000e+02;1.5947463e-01;3.1750000e+02;1.8044247e-01;3.1750000e+02;1.9935305e-01;3.1750000e+02;2.1981628e-01;3.1750000e+02;2.4004470e-01;3.1750000e+02;2.6166332e-01;3.1750000e+02;2.7691174e-01;3.1750000e+02;2.8007153e-01;3.1750000e+02;2.7530125e-01;3.1750000e+02;2.6347589e-01;3.1750000e+02;2.4665830e-01;3.1750000e+02;3.4778081e-02;3.1750000e+02;4.8639487e-02;3.1750000e+02;6.3586868e-02;3.1750000e+02;8.1402555e-02;3.1750000e+02;1.0089745e-01;3.1750000e+02;1.2067858e-01;3.1750000e+02;1.4124385e-01;3.1750000e+02;1.5947463e-01;3.1750000e+02;1.8044247e-01;3.1750000e+02;1.9935305e-01;3.1750000e+02;2.1981628e-01;3.1750000e+02;2.4004470e-01;3.1750000e+02;2.6166332e-01;3.1750000e+02;2.7691174e-01;3.1750000e+02;2.8007153e-01;3.1750000e+02;2.7530125e-01;3.1750000e+02;2.6347589e-01;3.1750000e+02;2.4665830e-01;3.1750000e+02;3.4778081e-02;3.1750000e+02;4.8639487e-02;3.1750000e+02;6.3586868e-02;3.1750000e+02;8.1402555e-02;3.1750000e+02;1.0089745e-01;3.1750000e+02;1.2067858e-01;3.1750000e+02;1.4124385e-01;3.1750000e+02;1.5947463e-01;3.1750000e+02;1.8044247e-01;3.1750000e+02;1.9935305e-01;3.1750000e+02;2.1981628e-01;3.1750000e+02;2.4004470e-01;3.1750000e+02;2.6166332e-01;3.1750000e+02;2.7691174e-01;3.1750000e+02;2.8007153e-01;3.1750000e+02;2.7530125e-01;3.1750000e+02;2.6347589e-01;3.1750000e+02;2.4665830e-01;3.1750000e+02;3.4778081e-02;3.1750000e+02;4.8639487e-02;3.1750000e+02;6.3586868e-02;3.1750000e+02;8.1402555e-02;3.1750000e+02;1.0089745e-01;3.1750000e+02;1.2067858e-01;3.1750000e+02;1.4124385e-01;3.1750000e+02;1.5947463e-01;3.1750000e+02;1.8044247e-01;3.1750000e+02;1.9935305e-01;3.1750000e+02;2.1981628e-01;3.1750000e+02;2.4004470e-01;3.1750000e+02;2.6166332e-01;3.1750000e+02;2.7691174e-01;3.1750000e+02;2.8007153e-01;3.1750000e+02;2.7530125e-01;3.1750000e+02;2.6347589e-01;3.1750000e+02;2.4665830e-01;3.1750000e+02;3.4778081e-02;3.1750000e+02;4.8639487e-02;3.1750000e+02;6.3586868e-02;3.1750000e+02;8.1402555e-02;3.1750000e+02;1.0089745e-01;3.1750000e+02;1.2067858e-01;3.1750000e+02;1.4124385e-01;3.1750000e+02;1.5947463e-01;3.1750000e+02;1.8044247e-01;3.1750000e+02;1.9935305e-01;3.1750000e+02;2.1981628e-01;3.1750000e+02;2.4004470e-01;3.1750000e+02;2.6166332e-01;3.1750000e+02;2.7691174e-01;3.1750000e+02;2.8007153e-01;3.1750000e+02;2.7530125e-01;3.1750000e+02;2.6347589e-01;3.1750000e+02;2.4665830e-01;3.1750000e+02;3.4778081e-02;3.1750000e+02;4.8639487e-02;3.1750000e+02;6.3586868e-02;3.1750000e+02;8.1402555e-02;3.1750000e+02;1.0089745e-01;3.1750000e+02;1.2067858e-01;3.1750000e+02;1.4124385e-01;3.1750000e+02;1.5947463e-01;3.1750000e+02;1.8044247e-01;3.1750000e+02;1.9935305e-01;3.1750000e+02;2.1981628e-01;3.1750000e+02;2.4004470e-01;3.1750000e+02;2.6166332e-01;3.1750000e+02;2.7691174e-01;3.1750000e+02;2.8007153e-01;3.1750000e+02;2.7530125e-01;3.1750000e+02;2.6347589e-01;3.1750000e+02;2.4665830e-01;3.1750000e+02;3.4778081e-02;3.1750000e+02;4.8639487e-02;3.1750000e+02;6.3586868e-02;3.1750000e+02;8.1402555e-02;3.1750000e+02;1.0089745e-01;3.1750000e+02;1.2067858e-01;3.1750000e+02;1.4124385e-01;3.1750000e+02;1.5947463e-01;3.1750000e+02;1.8044247e-01;3.1750000e+02;1.9935305e-01;3.1750000e+02;2.1981628e-01;3.1750000e+02;2.4004470e-01;3.1750000e+02;2.6166332e-01;3.1750000e+02;2.7691174e-01;3.1750000e+02;2.8007153e-01;3.1750000e+02;2.7530125e-01;3.1750000e+02;2.6347589e-01;3.1750000e+02;2.4665830e-01;3.1750000e+02;3.4778081e-02;3.1750000e+02;4.8639487e-02;3.1750000e+02;6.3586868e-02;3.1750000e+02;8.1402555e-02;3.1750000e+02;1.0089745e-01;3.1750000e+02;1.2067858e-01;3.1750000e+02;1.4124385e-01;3.1750000e+02;1.5947463e-01;3.1750000e+02;1.8044247e-01;3.1750000e+02;1.9935305e-01;3.1750000e+02;2.1981628e-01;3.1750000e+02;2.4004470e-01;3.1750000e+02;2.6166332e-01;3.1750000e+02;2.7691174e-01;3.1750000e+02;2.8007153e-01;3.1750000e+02;2.7530125e-01;3.1750000e+02;2.6347589e-01;3.1750000e+02;2.4665830e-01;3.1750000e+02;3.4778081e-02;3.1750000e+02;4.8639487e-02;3.1750000e+02;6.3586868e-02;3.1750000e+02;8.1402555e-02;3.1750000e+02;1.0089745e-01;3.1750000e+02;1.2067858e-01;3.1750000e+02;1.4124385e-01;3.1750000e+02;1.5947463e-01;3.1750000e+02;1.8044247e-01;3.1750000e+02;1.9935305e-01;3.1750000e+02;2.1981628e-01;3.1750000e+02;2.4004470e-01;3.1750000e+02;2.6166332e-01;3.1750000e+02;2.7691174e-01;3.1750000e+02;2.8007153e-01;3.1750000e+02;2.7530125e-01;3.1750000e+02;2.6347589e-01;3.1750000e+02;2.4665830e-01;3.1750000e+02;3.4778081e-02;3.1750000e+02;4.8639487e-02;3.1750000e+02;6.3586868e-02;3.1750000e+02;8.1402555e-02;3.1750000e+02;1.0089745e-01;3.1750000e+02;1.2067858e-01;3.1750000e+02;1.4124385e-01;3.1750000e+02;1.5947463e-01;3.1750000e+02;1.8044247e-01;3.1750000e+02;1.9935305e-01;3.1750000e+02;2.1981628e-01;3.1750000e+02;2.4004470e-01;3.1750000e+02;2.6166332e-01;3.1750000e+02;2.7691174e-01;3.1750000e+02;2.8007153e-01;3.1750000e+02;2.7530125e-01;3.1750000e+02;2.6347589e-01;3.1750000e+02;2.4665830e-01;3.1750000e+02;3.4778081e-02;3.1750000e+02;4.8639487e-02;3.1750000e+02;6.3586868e-02;3.1750000e+02;8.1402555e-02;3.1750000e+02;1.0089745e-01;3.1750000e+02;1.2067858e-01;3.1750000e+02;1.4124385e-01;3.1750000e+02;1.5947463e-01;3.1750000e+02;1.8044247e-01;3.1750000e+02;1.9935305e-01;3.1750000e+02;2.1981628e-01;3.1750000e+02;2.4004470e-01;3.1750000e+02;2.6166332e-01;3.1750000e+02;2.7691174e-01;3.1750000e+02;2.8007153e-01;3.1750000e+02;2.7530125e-01;3.1750000e+02;2.6347589e-01;3.1750000e+02;2.4665830e-01;3.1750000e+02;3.4778081e-02;3.1750000e+02;4.8639487e-02;3.1750000e+02;6.3586868e-02;3.1750000e+02;8.1402555e-02;3.1750000e+02;1.0089745e-01;3.1750000e+02;1.2067858e-01;3.1750000e+02;1.4124385e-01;3.1750000e+02;1.5947463e-01;3.1750000e+02;1.8044247e-01;3.1750000e+02;1.9935305e-01;3.1750000e+02;2.1981628e-01;3.1750000e+02;2.4004470e-01;3.1750000e+02;2.6166332e-01;3.1750000e+02;2.7691174e-01;3.1750000e+02;2.8007153e-01;3.1750000e+02;2.7530125e-01;3.1750000e+02;2.6347589e-01;3.1750000e+02;2.4665830e-01;3.1750000e+02;3.4778081e-02;3.1750000e+02;4.8639487e-02;3.1750000e+02;6.3586868e-02;3.1750000e+02;8.1402555e-02;3.1750000e+02;1.0089745e-01;3.1750000e+02;1.2067858e-01;3.1750000e+02;1.4124385e-01;3.1750000e+02;1.5947463e-01;3.1750000e+02;1.8044247e-01;3.1750000e+02;1.9935305e-01;3.1750000e+02;2.1981628e-01;3.1750000e+02;2.4004470e-01;3.1750000e+02;2.6166332e-01;3.1750000e+02;2.7691174e-01;3.1750000e+02;2.8007153e-01;3.1750000e+02;2.7530125e-01;3.1750000e+02;2.6347589e-01;3.1750000e+02;2.4665830e-01;3.1750000e+02;3.4778081e-02;3.1750000e+02;4.8639487e-02;3.1750000e+02;6.3586868e-02;3.1750000e+02;8.1402555e-02;3.1750000e+02;1.0089745e-01;3.1750000e+02;1.2067858e-01;3.1750000e+02;1.4124385e-01;3.1750000e+02;1.5947463e-01;3.1750000e+02;1.8044247e-01;3.1750000e+02;1.9935305e-01;3.1750000e+02;2.1981628e-01;3.1750000e+02;2.4004470e-01;3.1750000e+02;2.6166332e-01;3.1750000e+02;2.7691174e-01;3.1750000e+02;2.8007153e-01;3.1750000e+02;2.7530125e-01;3.1750000e+02;2.6347589e-01;3.1750000e+02;2.4665830e-01;3.1750000e+02;3.4778081e-02;3.1750000e+02;4.8639487e-02;3.1750000e+02;6.3586868e-02;3.1750000e+02;8.1402555e-02;3.1750000e+02;1.0089745e-01;3.1750000e+02;1.2067858e-01;3.1750000e+02;1.4124385e-01;3.1750000e+02;1.5947463e-01;3.1750000e+02;1.8044247e-01;3.1750000e+02;1.9935305e-01;3.1750000e+02;2.1981628e-01;3.1750000e+02;2.4004470e-01;3.1750000e+02;2.6166332e-01;3.1750000e+02;2.7691174e-01;3.1750000e+02;2.8007153e-01;3.1750000e+02;2.7530125e-01;3.1750000e+02;2.6347589e-01;3.1750000e+02;2.4665830e-01;3.1750000e+02;3.4778081e-02;3.1750000e+02;4.8639487e-02;3.1750000e+02;6.3586868e-02;3.1750000e+02;8.1402555e-02;3.1750000e+02;1.0089745e-01;3.1750000e+02;1.2067858e-01;3.1750000e+02;1.4124385e-01;3.1750000e+02;1.5947463e-01;3.1750000e+02;1.8044247e-01;3.1750000e+02;1.9935305e-01;3.1750000e+02;2.1981628e-01;3.1750000e+02;2.4004470e-01;3.1750000e+02;2.6166332e-01;3.1750000e+02;2.7691174e-01;3.1750000e+02;2.8007153e-01;3.1750000e+02;2.7530125e-01;3.1750000e+02;2.6347589e-01;3.1750000e+02;2.4665830e-01;3.1750000e+02;3.4778081e-02;3.1750000e+02;4.8639487e-02;3.1750000e+02;6.3586868e-02;3.1750000e+02;8.1402555e-02;3.1750000e+02;1.0089745e-01;3.1750000e+02;1.2067858e-01;3.1750000e+02;1.4124385e-01;3.1750000e+02;1.5947463e-01;3.1750000e+02;1.8044247e-01;3.1750000e+02;1.9935305e-01;3.1750000e+02;2.1981628e-01;3.1750000e+02;2.4004470e-01;3.1750000e+02;2.6166332e-01;3.1750000e+02;2.7691174e-01;3.1750000e+02;2.8007153e-01;3.1750000e+02;2.7530125e-01;3.1750000e+02;2.6347589e-01;3.1750000e+02;2.4665830e-01;3.1750000e+02;3.4778081e-02;3.1750000e+02;4.8639487e-02;3.1750000e+02;6.3586868e-02;3.1750000e+02;8.1402555e-02;3.1750000e+02;1.0089745e-01;3.1750000e+02;1.2067858e-01;3.1750000e+02;1.4124385e-01;3.1750000e+02;1.5947463e-01;3.1750000e+02;1.8044247e-01;3.1750000e+02;1.9935305e-01;3.1750000e+02;2.1981628e-01;3.1750000e+02;2.4004470e-01;3.1750000e+02;2.6166332e-01;3.1750000e+02;2.7691174e-01;3.1750000e+02;2.8007153e-01;3.1750000e+02;2.7530125e-01;3.1750000e+02;2.6347589e-01;3.1750000e+02;2.4665830e-01;3.1750000e+02;3.4778081e-02;3.1750000e+02;4.8639487e-02;3.1750000e+02;6.3586868e-02;3.1750000e+02;8.1402555e-02;3.1750000e+02;1.0089745e-01;3.1750000e+02;1.2067858e-01;3.1750000e+02;1.4124385e-01;3.1750000e+02;1.5947463e-01;3.1750000e+02;1.8044247e-01;3.1750000e+02;1.9935305e-01;3.1750000e+02;2.1981628e-01;3.1750000e+02;2.4004470e-01;3.1750000e+02;2.6166332e-01;3.1750000e+02;2.7691174e-01;3.1750000e+02;2.8007153e-01;3.1750000e+02;2.7530125e-01;3.1750000e+02;2.6347589e-01;3.1750000e+02;2.4665830e-01;3.1750000e+02;3.4778081e-02;3.1750000e+02;4.8639487e-02;3.1750000e+02;6.3586868e-02;3.1750000e+02;8.1402555e-02;3.1750000e+02;1.0089745e-01;3.1750000e+02;1.2067858e-01;3.1750000e+02;1.4124385e-01;3.1750000e+02;1.5947463e-01;3.1750000e+02;1.8044247e-01;3.1750000e+02;1.9935305e-01;3.1750000e+02;2.1981628e-01;3.1750000e+02;2.4004470e-01;3.1750000e+02;2.6166332e-01;3.1750000e+02;2.7691174e-01;3.1750000e+02;2.8007153e-01;3.1750000e+02;2.7530125e-01;3.1750000e+02;2.6347589e-01;3.1750000e+02;2.4665830e-01;3.1750000e+02;3.4778081e-02;3.1750000e+02;4.8639487e-02;3.1750000e+02;6.3586868e-02;3.1750000e+02;8.1402555e-02;3.1750000e+02;1.0089745e-01;3.1750000e+02;1.2067858e-01;3.1750000e+02;1.4124385e-01;3.1750000e+02;1.5947463e-01;3.1750000e+02;1.8044247e-01;3.1750000e+02;1.9935305e-01;3.1750000e+02;2.1981628e-01;3.1750000e+02;2.4004470e-01;3.1750000e+02;2.6166332e-01;3.1750000e+02;2.7691174e-01;3.1750000e+02;2.8007153e-01;3.1750000e+02;2.7530125e-01;3.1750000e+02;2.6347589e-01;3.1750000e+02;2.4665830e-01;3.1750000e+02;3.4778081e-02;3.1750000e+02;4.8639487e-02;3.1750000e+02;6.3586868e-02;3.1750000e+02;8.1402555e-02;3.1750000e+02;1.0089745e-01;3.1750000e+02;1.2067858e-01;3.1750000e+02;1.4124385e-01;3.1750000e+02;1.5947463e-01;3.1750000e+02;1.8044247e-01;3.1750000e+02;1.9935305e-01;3.1750000e+02;2.1981628e-01;3.1750000e+02;2.4004470e-01;3.1750000e+02;2.6166332e-01;3.1750000e+02;2.7691174e-01;3.1750000e+02;2.8007153e-01;3.1750000e+02;2.7530125e-01;3.1750000e+02;2.6347589e-01;3.1750000e+02;2.4665830e-01;3.1750000e+02;3.4778081e-02;3.1750000e+02;4.8639487e-02;3.1750000e+02;6.3586868e-02;3.1750000e+02;8.1402555e-02;3.1750000e+02;1.0089745e-01;3.1750000e+02;1.2067858e-01;3.1750000e+02;1.4124385e-01;3.1750000e+02;1.5947463e-01;3.1750000e+02;1.8044247e-01;3.1750000e+02;1.9935305e-01;3.1750000e+02;2.1981628e-01;3.1750000e+02;2.4004470e-01;3.1750000e+02;2.6166332e-01;3.1750000e+02;2.7691174e-01;3.1750000e+02;2.8007153e-01;3.1750000e+02;2.7530125e-01;3.1750000e+02;2.6347589e-01;3.1750000e+02;2.4665830e-01;3.1750000e+02;3.4778081e-02;3.1750000e+02;4.8639487e-02;3.1750000e+02;6.3586868e-02;3.1750000e+02;8.1402555e-02;3.1750000e+02;1.0089745e-01;3.1750000e+02;1.2067858e-01;3.1750000e+02;1.4124385e-01;3.1750000e+02;1.5947463e-01;3.1750000e+02;1.8044247e-01;3.1750000e+02;1.9935305e-01;3.1750000e+02;2.1981628e-01;3.1750000e+02;2.4004470e-01;3.1750000e+02;2.6166332e-01;3.1750000e+02;2.7691174e-01;3.1750000e+02;2.8007153e-01;3.1750000e+02;2.7530125e-01;3.1750000e+02;2.6347589e-01;3.1750000e+02;2.4665830e-01;3.1750000e+02;3.4778081e-02;3.1750000e+02;4.8639487e-02;3.1750000e+02;6.3586868e-02;3.1750000e+02;8.1402555e-02;3.1750000e+02;1.0089745e-01;3.1750000e+02;1.2067858e-01;3.1750000e+02;1.4124385e-01;3.1750000e+02;1.5947463e-01;3.1750000e+02;1.8044247e-01;3.1750000e+02;1.9935305e-01;3.1750000e+02;2.1981628e-01;3.1750000e+02;2.4004470e-01;3.1750000e+02;2.6166332e-01;3.1750000e+02;2.7691174e-01;3.1750000e+02;2.8007153e-01;3.1750000e+02;2.7530125e-01;3.1750000e+02;2.6347589e-01;3.1750000e+02;2.4665830e-01;3.1750000e+02;3.4778081e-02;3.1750000e+02;4.8639487e-02;3.1750000e+02;6.3586868e-02;3.1750000e+02;8.1402555e-02;3.1750000e+02;1.0089745e-01;3.1750000e+02;1.2067858e-01;3.1750000e+02;1.4124385e-01;3.1750000e+02;1.5947463e-01;3.1750000e+02;1.8044247e-01;3.1750000e+02;1.9935305e-01;3.1750000e+02;2.1981628e-01;3.1750000e+02;2.4004470e-01;3.1750000e+02;2.6166332e-01;3.1750000e+02;2.7691174e-01;3.1750000e+02;2.8007153e-01;3.1750000e+02;2.7530125e-01;3.1750000e+02;2.6347589e-01;3.1750000e+02;2.4665830e-01;3.1750000e+02;3.4778081e-02;3.1750000e+02;4.8639487e-02;3.1750000e+02;6.3586868e-02;3.1750000e+02;8.1402555e-02;3.1750000e+02;1.0089745e-01;3.1750000e+02;1.2067858e-01;3.1750000e+02;1.4124385e-01;3.1750000e+02;1.5947463e-01;3.1750000e+02;1.8044247e-01;3.1750000e+02;1.9935305e-01;3.1750000e+02;2.1981628e-01;3.1750000e+02;2.4004470e-01;3.1750000e+02;2.6166332e-01;3.1750000e+02;2.7691174e-01;3.1750000e+02;2.8007153e-01;3.1750000e+02;2.7530125e-01;3.1750000e+02;2.6347589e-01;3.1750000e+02;2.4665830e-01;3.1750000e+02;3.4778081e-02;3.1750000e+02;4.8639487e-02;3.1750000e+02;6.3586868e-02;3.1750000e+02;8.1402555e-02;3.1750000e+02;1.0089745e-01;3.1750000e+02;1.2067858e-01;3.1750000e+02;1.4124385e-01;3.1750000e+02;1.5947463e-01;3.1750000e+02;1.8044247e-01;3.1750000e+02;1.9935305e-01;3.1750000e+02;2.1981628e-01;3.1750000e+02;2.4004470e-01;3.1750000e+02;2.6166332e-01;3.1750000e+02;2.7691174e-01;3.1750000e+02;2.8007153e-01;3.1750000e+02;2.7530125e-01;3.1750000e+02;2.6347589e-01;3.1750000e+02;2.4665830e-01
3.2250000e+02;3.3221852e-02;3.2250000e+02;4.5816198e-02;3.2250000e+02;5.9987117e-02;3.2250000e+02;7.7028684e-02;3.2250000e+02;9.5304467e-02;3.2250000e+02;1.1444806e-01;3.2250000e+02;1.3285334e-01;3.2250000e+02;1.5228741e-01;3.2250000e+02;1.7097744e-01;3.2250000e+02;1.8634579e-01;3.2250000e+02;2.0442918e-01;3.2250000e+02;2.2619767e-01;3.2250000e+02;2.4967104e-01;3.2250000e+02;2.6978061e-01;3.2250000e+02;2.7567071e-01;3.2250000e+02;2.7321711e-01;3.2250000e+02;2.6336133e-01;3.2250000e+02;2.4822888e-01;3.2250000e+02;3.3221852e-02;3.2250000e+02;4.5816198e-02;3.2250000e+02;5.9987117e-02;3.2250000e+02;7.7028684e-02;3.2250000e+02;9.5304467e-02;3.2250000e+02;1.1444806e-01;3.2250000e+02;1.3285334e-01;3.2250000e+02;1.5228741e-01;3.2250000e+02;1.7097744e-01;3.2250000e+02;1.8634579e-01;3.2250000e+02;2.0442918e-01;3.2250000e+02;2.2619767e-01;3.2250000e+02;2.4967104e-01;3.2250000e+02;2.6978061e-01;3.2250000e+02;2.7567071e-01;3.2250000e+02;2.7321711e-01;3.2250000e+02;2.6336133e-01;3.2250000e+02;2.4822888e-01;3.2250000e+02;3.3221852e-02;3.2250000e+02;4.5816198e-02;3.2250000e+02;5.9987117e-02;3.2250000e+02;7.7028684e-02;3.2250000e+02;9.5304467e-02;3.2250000e+02;1.1444806e-01;3.2250000e+02;1.3285334e-01;3.2250000e+02;1.5228741e-01;3.2250000e+02;1.7097744e-01;3.2250000e+02;1.8634579e-01;3.2250000e+02;2.0442918e-01;3.2250000e+02;2.2619767e-01;3.2250000e+02;2.4967104e-01;3.2250000e+02;2.6978061e-01;3.2250000e+02;2.7567071e-01;3.2250000e+02;2.7321711e-01;3.2250000e+02;2.6336133e-01;3.2250000e+02;2.4822888e-01;3.2250000e+02;3.3221852e-02;3.2250000e+02;4.5816198e-02;3.2250000e+02;5.9987117e-02;3.2250000e+02;7.7028684e-02;3.2250000e+02;9.5304467e-02;3.2250000e+02;1.1444806e-01;3.2250000e+02;1.3285334e-01;3.2250000e+02;1.5228741e-01;3.2250000e+02;1.7097744e-01;3.2250000e+02;1.8634579e-01;3.2250000e+02;2.0442918e-01;3.2250000e+02;2.2619767e-01;3.2250000e+02;2.4967104e-01;3.2250000e+02;2.6978061e-01;3.2250000e+02;2.7567071e-01;3.2250000e+02;2.7321711e-01;3.2250000e+02;2.6336133e-01;3.2250000e+02;2.4822888e-01;3.2250000e+02;3.3221852e-02;3.2250000e+02;4.5816198e-02;3.2250000e+02;5.9987117e-02;3.2250000e+02;7.7028684e-02;3.2250000e+02;9.5304467e-02;3.2250000e+02;1.1444806e-01;3.2250000e+02;1.3285334e-01;3.2250000e+02;1.5228741e-01;3.2250000e+02;1.7097744e-01;3.2250000e+02;1.8634579e-01;3.2250000e+02;2.0442918e-01;3.2250000e+02;2.2619767e-01;3.2250000e+02;2.4967104e-01;3.2250000e+02;2.6978061e-01;3.2250000e+02;2.7567071e-01;3.2250000e+02;2.7321711e-01;3.2250000e+02;2.6336133e-01;3.2250000e+02;2.4822888e-01;3.2250000e+02;3.3221852e-02;3.2250000e+02;4.5816198e-02;3.2250000e+02;5.9987117e-02;3.2250000e+02;7.7028684e-02;3.2250000e+02;9.5304467e-02;3.2250000e+02;1.1444806e-01;3.2250000e+02;1.3285334e-01;3.2250000e+02;1.5228741e-01;3.2250000e+02;1.7097744e-01;3.2250000e+02;1.8634579e-01;3.2250000e+02;2.0442918e-01;3.2250000e+02;2.2619767e-01;3.2250000e+02;2.4967104e-01;3.2250000e+02;2.6978061e-01;3.2250000e+02;2.7567071e-01;3.2250000e+02;2.7321711e-01;3.2250000e+02;2.6336133e-01;3.2250000e+02;2.4822888e-01;3.2250000e+02;3.3221852e-02;3.2250000e+02;4.5816198e-02;3.2250000e+02;5.9987117e-02;3.2250000e+02;7.7028684e-02;3.2250000e+02;9.5304467e-02;3.2250000e+02;1.1444806e-01;3.2250000e+02;1.3285334e-01;3.2250000e+02;1.5228741e-01;3.2250000e+02;1.7097744e-01;3.2250000e+02;1.8634579e-01;3.2250000e+02;2.0442918e-01;3.2250000e+02;2.2619767e-01;3.2250000e+02;2.4967104e-01;3.2250000e+02;2.6978061e-01;3.2250000e+02;2.7567071e-01;3.2250000e+02;2.7321711e-01;3.2250000e+02;2.6336133e-01;3.2250000e+02;2.4822888e-01;3.2250000e+02;3.3221852e-02;3.2250000e+02;4.5816198e-02;3.2250000e+02;5.9987117e-02;3.2250000e+02;7.7028684e-02;3.2250000e+02;9.5304467e-02;3.2250000e+02;1.1444806e-01;3.2250000e+02;1.3285334e-01;3.2250000e+02;1.5228741e-01;3.2250000e+02;1.7097744e-01;3.2250000e+02;1.8634579e-01;3.2250000e+02;2.0442918e-01;3.2250000e+02;2.2619767e-01;3.2250000e+02;2.4967104e-01;3.2250000e+02;2.6978061e-01;3.2250000e+02;2.7567071e-01;3.2250000e+02;2.7321711e-01;3.2250000e+02;2.6336133e-01;3.2250000e+02;2.4822888e-01;3.2250000e+02;3.3221852e-02;3.2250000e+02;4.5816198e-02;3.2250000e+02;5.9987117e-02;3.2250000e+02;7.7028684e-02;3.2250000e+02;9.5304467e-02;3.2250000e+02;1.1444806e-01;3.2250000e+02;1.3285334e-01;3.2250000e+02;1.5228741e-01;3.2250000e+02;1.7097744e-01;3.2250000e+02;1.8634579e-01;3.2250000e+02;2.0442918e-01;3.2250000e+02;2.2619767e-01;3.2250000e+02;2.4967104e-01;3.2250000e+02;2.6978061e-01;3.2250000e+02;2.7567071e-01;3.2250000e+02;2.7321711e-01;3.2250000e+02;2.6336133e-01;3.2250000e+02;2.4822888e-01;3.2250000e+02;3.3221852e-02;3.2250000e+02;4.5816198e-02;3.2250000e+02;5.9987117e-02;3.2250000e+02;7.7028684e-02;3.2250000e+02;9.5304467e-02;3.2250000e+02;1.1444806e-01;3.2250000e+02;1.3285334e-01;3.2250000e+02;1.5228741e-01;3.2250000e+02;1.7097744e-01;3.2250000e+02;1.8634579e-01;3.2250000e+02;2.0442918e-01;3.2250000e+02;2.2619767e-01;3.2250000e+02;2.4967104e-01;3.2250000e+02;2.6978061e-01;3.2250000e+02;2.7567071e-01;3.2250000e+02;2.7321711e-01;3.2250000e+02;2.6336133e-01;3.2250000e+02;2.4822888e-01;3.2250000e+02;3.3221852e-02;3.2250000e+02;4.5816198e-02;3.2250000e+02;5.9987117e-02;3.2250000e+02;7.7028684e-02;3.2250000e+02;9.5304467e-02;3.2250000e+02;1.1444806e-01;3.2250000e+02;1.3285334e-01;3.2250000e+02;1.5228741e-01;3.2250000e+02;1.7097744e-01;3.2250000e+02;1.8634579e-01;3.2250000e+02;2.0442918e-01;3.2250000e+02;2.2619767e-01;3.2250000e+02;2.4967104e-01;3.2250000e+02;2.6978061e-01;3.2250000e+02;2.7567071e-01;3.2250000e+02;2.7321711e-01;3.2250000e+02;2.6336133e-01;3.2250000e+02;2.4822888e-01;3.2250000e+02;3.3221852e-02;3.2250000e+02;4.5816198e-02;3.2250000e+02;5.9987117e-02;3.2250000e+02;7.7028684e-02;3.2250000e+02;9.5304467e-02;3.2250000e+02;1.1444806e-01;3.2250000e+02;1.3285334e-01;3.2250000e+02;1.5228741e-01;3.2250000e+02;1.7097744e-01;3.2250000e+02;1.8634579e-01;3.2250000e+02;2.0442918e-01;3.2250000e+02;2.2619767e-01;3.2250000e+02;2.4967104e-01;3.2250000e+02;2.6978061e-01;3.2250000e+02;2.7567071e-01;3.2250000e+02;2.7321711e-01;3.2250000e+02;2.6336133e-01;3.2250000e+02;2.4822888e-01;3.2250000e+02;3.3221852e-02;3.2250000e+02;4.5816198e-02;3.2250000e+02;5.9987117e-02;3.2250000e+02;7.7028684e-02;3.2250000e+02;9.5304467e-02;3.2250000e+02;1.1444806e-01;3.2250000e+02;1.3285334e-01;3.2250000e+02;1.5228741e-01;3.2250000e+02;1.7097744e-01;3.2250000e+02;1.8634579e-01;3.2250000e+02;2.0442918e-01;3.2250000e+02;2.2619767e-01;3.2250000e+02;2.4967104e-01;3.2250000e+02;2.6978061e-01;3.2250000e+02;2.7567071e-01;3.2250000e+02;2.7321711e-01;3.2250000e+02;2.6336133e-01;3.2250000e+02;2.4822888e-01;3.2250000e+02;3.3221852e-02;3.2250000e+02;4.5816198e-02;3.2250000e+02;5.9987117e-02;3.2250000e+02;7.7028684e-02;3.2250000e+02;9.5304467e-02;3.2250000e+02;1.1444806e-01;3.2250000e+02;1.3285334e-01;3.2250000e+02;1.5228741e-01;3.2250000e+02;1.7097744e-01;3.2250000e+02;1.8634579e-01;3.2250000e+02;2.0442918e-01;3.2250000e+02;2.2619767e-01;3.2250000e+02;2.4967104e-01;3.2250000e+02;2.6978061e-01;3.2250000e+02;2.7567071e-01;3.2250000e+02;2.7321711e-01;3.2250000e+02;2.6336133e-01;3.2250000e+02;2.4822888e-01;3.2250000e+02;3.3221852e-02;3.2250000e+02;4.5816198e-02;3.2250000e+02;5.9987117e-02;3.2250000e+02;7.7028684e-02;3.2250000e+02;9.5304467e-02;3.2250000e+02;1.1444806e-01;3.2250000e+02;1.3285334e-01;3.2250000e+02;1.5228741e-01;3.2250000e+02;1.7097744e-01;3.2250000e+02;1.8634579e-01;3.2250000e+02;2.0442918e-01;3.2250000e+02;2.2619767e-01;3.2250000e+02;2.4967104e-01;3.2250000e+02;2.6978061e-01;3.2250000e+02;2.7567071e-01;3.2250000e+02;2.7321711e-01;3.2250000e+02;2.6336133e-01;3.2250000e+02;2.4822888e-01;3.2250000e+02;3.3221852e-02;3.2250000e+02;4.5816198e-02;3.2250000e+02;5.9987117e-02;3.2250000e+02;7.7028684e-02;3.2250000e+02;9.5304467e-02;3.2250000e+02;1.1444806e-01;3.2250000e+02;1.3285334e-01;3.2250000e+02;1.5228741e-01;3.2250000e+02;1.7097744e-01;3.2250000e+02;1.8634579e-01;3.2250000e+02;2.0442918e-01;3.2250000e+02;2.2619767e-01;3.2250000e+02;2.4967104e-01;3.2250000e+02;2.6978061e-01;3.2250000e+02;2.7567071e-01;3.2250000e+02;2.7321711e-01;3.2250000e+02;2.6336133e-01;3.2250000e+02;2.4822888e-01;3.2250000e+02;3.3221852e-02;3.2250000e+02;4.5816198e-02;3.2250000e+02;5.9987117e-02;3.2250000e+02;7.7028684e-02;3.2250000e+02;9.5304467e-02;3.2250000e+02;1.1444806e-01;3.2250000e+02;1.3285334e-01;3.2250000e+02;1.5228741e-01;3.2250000e+02;1.7097744e-01;3.2250000e+02;1.8634579e-01;3.2250000e+02;2.0442918e-01;3.2250000e+02;2.2619767e-01;3.2250000e+02;2.4967104e-01;3.2250000e+02;2.6978061e-01;3.2250000e+02;2.7567071e-01;3.2250000e+02;2.7321711e-01;3.2250000e+02;2.6336133e-01;3.2250000e+02;2.4822888e-01;3.2250000e+02;3.3221852e-02;3.2250000e+02;4.5816198e-02;3.2250000e+02;5.9987117e-02;3.2250000e+02;7.7028684e-02;3.2250000e+02;9.5304467e-02;3.2250000e+02;1.1444806e-01;3.2250000e+02;1.3285334e-01;3.2250000e+02;1.5228741e-01;3.2250000e+02;1.7097744e-01;3.2250000e+02;1.8634579e-01;3.2250000e+02;2.0442918e-01;3.2250000e+02;2.2619767e-01;3.2250000e+02;2.4967104e-01;3.2250000e+02;2.6978061e-01;3.2250000e+02;2.7567071e-01;3.2250000e+02;2.7321711e-01;3.2250000e+02;2.6336133e-01;3.2250000e+02;2.4822888e-01;3.2250000e+02;3.3221852e-02;3.2250000e+02;4.5816198e-02;3.2250000e+02;5.9987117e-02;3.2250000e+02;7.7028684e-02;3.2250000e+02;9.5304467e-02;3.2250000e+02;1.1444806e-01;3.2250000e+02;1.3285334e-01;3.2250000e+02;1.5228741e-01;3.2250000e+02;1.7097744e-01;3.2250000e+02;1.8634579e-01;3.2250000e+02;2.0442918e-01;3.2250000e+02;2.2619767e-01;3.2250000e+02;2.4967104e-01;3.2250000e+02;2.6978061e-01;3.2250000e+02;2.7567071e-01;3.2250000e+02;2.7321711e-01;3.2250000e+02;2.6336133e-01;3.2250000e+02;2.4822888e-01;3.2250000e+02;3.3221852e-02;3.2250000e+02;4.5816198e-02;3.2250000e+02;5.9987117e-02;3.2250000e+02;7.7028684e-02;3.2250000e+02;9.5304467e-02;3.2250000e+02;1.1444806e-01;3.2250000e+02;1.3285334e-01;3.2250000e+02;1.5228741e-01;3.2250000e+02;1.7097744e-01;3.2250000e+02;1.8634579e-01;3.2250000e+02;2.0442918e-01;3.2250000e+02;2.2619767e-01;3.2250000e+02;2.4967104e-01;3.2250000e+02;2.6978061e-01;3.2250000e+02;2.7567071e-01;3.2250000e+02;2.7321711e-01;3.2250000e+02;2.6336133e-01;3.2250000e+02;2.4822888e-01;3.2250000e+02;3.3221852e-02;3.2250000e+02;4.5816198e-02;3.2250000e+02;5.9987117e-02;3.2250000e+02;7.7028684e-02;3.2250000e+02;9.5304467e-02;3.2250000e+02;1.1444806e-01;3.2250000e+02;1.3285334e-01;3.2250000e+02;1.5228741e-01;3.2250000e+02;1.7097744e-01;3.2250000e+02;1.8634579e-01;3.2250000e+02;2.0442918e-01;3.2250000e+02;2.2619767e-01;3.2250000e+02;2.4967104e-01;3.2250000e+02;2.6978061e-01;3.2250000e+02;2.7567071e-01;3.2250000e+02;2.7321711e-01;3.2250000e+02;2.6336133e-01;3.2250000e+02;2.4822888e-01;3.2250000e+02;3.3221852e-02;3.2250000e+02;4.5816198e-02;3.2250000e+02;5.9987117e-02;3.2250000e+02;7.7028684e-02;3.2250000e+02;9.5304467e-02;3.2250000e+02;1.1444806e-01;3.2250000e+02;1.3285334e-01;3.2250000e+02;1.5228741e-01;3.2250000e+02;1.7097744e-01;3.2250000e+02;1.8634579e-01;3.2250000e+02;2.0442918e-01;3.2250000e+02;2.2619767e-01;3.2250000e+02;2.4967104e-01;3.2250000e+02;2.6978061e-01;3.2250000e+02;2.7567071e-01;3.2250000e+02;2.7321711e-01;3.2250000e+02;2.6336133e-01;3.2250000e+02;2.4822888e-01;3.2250000e+02;3.3221852e-02;3.2250000e+02;4.5816198e-02;3.2250000e+02;5.9987117e-02;3.2250000e+02;7.7028684e-02;3.2250000e+02;9.5304467e-02;3.2250000e+02;1.1444806e-01;3.2250000e+02;1.3285334e-01;3.2250000e+02;1.5228741e-01;3.2250000e+02;1.7097744e-01;3.2250000e+02;1.8634579e-01;3.2250000e+02;2.0442918e-01;3.2250000e+02;2.2619767e-01;3.2250000e+02;2.4967104e-01;3.2250000e+02;2.6978061e-01;3.2250000e+02;2.7567071e-01;3.2250000e+02;2.7321711e-01;3.2250000e+02;2.6336133e-01;3.2250000e+02;2.4822888e-01;3.2250000e+02;3.3221852e-02;3.2250000e+02;4.5816198e-02;3.2250000e+02;5.9987117e-02;3.2250000e+02;7.7028684e-02;3.2250000e+02;9.5304467e-02;3.2250000e+02;1.1444806e-01;3.2250000e+02;1.3285334e-01;3.2250000e+02;1.5228741e-01;3.2250000e+02;1.7097744e-01;3.2250000e+02;1.8634579e-01;3.2250000e+02;2.0442918e-01;3.2250000e+02;2.2619767e-01;3.2250000e+02;2.4967104e-01;3.2250000e+02;2.6978061e-01;3.2250000e+02;2.7567071e-01;3.2250000e+02;2.7321711e-01;3.2250000e+02;2.6336133e-01;3.2250000e+02;2.4822888e-01;3.2250000e+02;3.3221852e-02;3.2250000e+02;4.5816198e-02;3.2250000e+02;5.9987117e-02;3.2250000e+02;7.7028684e-02;3.2250000e+02;9.5304467e-02;3.2250000e+02;1.1444806e-01;3.2250000e+02;1.3285334e-01;3.2250000e+02;1.5228741e-01;3.2250000e+02;1.7097744e-01;3.2250000e+02;1.8634579e-01;3.2250000e+02;2.0442918e-01;3.2250000e+02;2.2619767e-01;3.2250000e+02;2.4967104e-01;3.2250000e+02;2.6978061e-01;3.2250000e+02;2.7567071e-01;3.2250000e+02;2.7321711e-01;3.2250000e+02;2.6336133e-01;3.2250000e+02;2.4822888e-01;3.2250000e+02;3.3221852e-02;3.2250000e+02;4.5816198e-02;3.2250000e+02;5.9987117e-02;3.2250000e+02;7.7028684e-02;3.2250000e+02;9.5304467e-02;3.2250000e+02;1.1444806e-01;3.2250000e+02;1.3285334e-01;3.2250000e+02;1.5228741e-01;3.2250000e+02;1.7097744e-01;3.2250000e+02;1.8634579e-01;3.2250000e+02;2.0442918e-01;3.2250000e+02;2.2619767e-01;3.2250000e+02;2.4967104e-01;3.2250000e+02;2.6978061e-01;3.2250000e+02;2.7567071e-01;3.2250000e+02;2.7321711e-01;3.2250000e+02;2.6336133e-01;3.2250000e+02;2.4822888e-01;3.2250000e+02;3.3221852e-02;3.2250000e+02;4.5816198e-02;3.2250000e+02;5.9987117e-02;3.2250000e+02;7.7028684e-02;3.2250000e+02;9.5304467e-02;3.2250000e+02;1.1444806e-01;3.2250000e+02;1.3285334e-01;3.2250000e+02;1.5228741e-01;3.2250000e+02;1.7097744e-01;3.2250000e+02;1.8634579e-01;3.2250000e+02;2.0442918e-01;3.2250000e+02;2.2619767e-01;3.2250000e+02;2.4967104e-01;3.2250000e+02;2.6978061e-01;3.2250000e+02;2.7567071e-01;3.2250000e+02;2.7321711e-01;3.2250000e+02;2.6336133e-01;3.2250000e+02;2.4822888e-01;3.2250000e+02;3.3221852e-02;3.2250000e+02;4.5816198e-02;3.2250000e+02;5.9987117e-02;3.2250000e+02;7.7028684e-02;3.2250000e+02;9.5304467e-02;3.2250000e+02;1.1444806e-01;3.2250000e+02;1.3285334e-01;3.2250000e+02;1.5228741e-01;3.2250000e+02;1.7097744e-01;3.2250000e+02;1.8634579e-01;3.2250000e+02;2.0442918e-01;3.2250000e+02;2.2619767e-01;3.2250000e+02;2.4967104e-01;3.2250000e+02;2.6978061e-01;3.2250000e+02;2.7567071e-01;3.2250000e+02;2.7321711e-01;3.2250000e+02;2.6336133e-01;3.2250000e+02;2.4822888e-01;3.2250000e+02;3.3221852e-02;3.2250000e+02;4.5816198e-02;3.2250000e+02;5.9987117e-02;3.2250000e+02;7.7028684e-02;3.2250000e+02;9.5304467e-02;3.2250000e+02;1.1444806e-01;3.2250000e+02;1.3285334e-01;3.2250000e+02;1.5228741e-01;3.2250000e+02;1.7097744e-01;3.2250000e+02;1.8634579e-01;3.2250000e+02;2.0442918e-01;3.2250000e+02;2.2619767e-01;3.2250000e+02;2.4967104e-01;3.2250000e+02;2.6978061e-01;3.2250000e+02;2.7567071e-01;3.2250000e+02;2.7321711e-01;3.2250000e+02;2.6336133e-01;3.2250000e+02;2.4822888e-01;3.2250000e+02;3.3221852e-02;3.2250000e+02;4.5816198e-02;3.2250000e+02;5.9987117e-02;3.2250000e+02;7.7028684e-02;3.2250000e+02;9.5304467e-02;3.2250000e+02;1.1444806e-01;3.2250000e+02;1.3285334e-01;3.2250000e+02;1.5228741e-01;3.2250000e+02;1.7097744e-01;3.2250000e+02;1.8634579e-01;3.2250000e+02;2.0442918e-01;3.2250000e+02;2.2619767e-01;3.2250000e+02;2.4967104e-01;3.2250000e+02;2.6978061e-01;3.2250000e+02;2.7567071e-01;3.2250000e+02;2.7321711e-01;3.2250000e+02;2.6336133e-01;3.2250000e+02;2.4822888e-01;3.2250000e+02;3.3221852e-02;3.2250000e+02;4.5816198e-02;3.2250000e+02;5.9987117e-02;3.2250000e+02;7.7028684e-02;3.2250000e+02;9.5304467e-02;3.2250000e+02;1.1444806e-01;3.2250000e+02;1.3285334e-01;3.2250000e+02;1.5228741e-01;3.2250000e+02;1.7097744e-01;3.2250000e+02;1.8634579e-01;3.2250000e+02;2.0442918e-01;3.2250000e+02;2.2619767e-01;3.2250000e+02;2.4967104e-01;3.2250000e+02;2.6978061e-01;3.2250000e+02;2.7567071e-01;3.2250000e+02;2.7321711e-01;3.2250000e+02;2.6336133e-01;3.2250000e+02;2.4822888e-01;3.2250000e+02;3.3221852e-02;3.2250000e+02;4.5816198e-02;3.2250000e+02;5.9987117e-02;3.2250000e+02;7.7028684e-02;3.2250000e+02;9.5304467e-02;3.2250000e+02;1.1444806e-01;3.2250000e+02;1.3285334e-01;3.2250000e+02;1.5228741e-01;3.2250000e+02;1.7097744e-01;3.2250000e+02;1.8634579e-01;3.2250000e+02;2.0442918e-01;3.2250000e+02;2.2619767e-01;3.2250000e+02;2.4967104e-01;3.2250000e+02;2.6978061e-01;3.2250000e+02;2.7567071e-01;3.2250000e+02;2.7321711e-01;3.2250000e+02;2.6336133e-01;3.2250000e+02;2.4822888e-01;3.2250000e+02;3.3221852e-02;3.2250000e+02;4.5816198e-02;3.2250000e+02;5.9987117e-02;3.2250000e+02;7.7028684e-02;3.2250000e+02;9.5304467e-02;3.2250000e+02;1.1444806e-01;3.2250000e+02;1.3285334e-01;3.2250000e+02;1.5228741e-01;3.2250000e+02;1.7097744e-01;3.2250000e+02;1.8634579e-01;3.2250000e+02;2.0442918e-01;3.2250000e+02;2.2619767e-01;3.2250000e+02;2.4967104e-01;3.2250000e+02;2.6978061e-01;3.2250000e+02;2.7567071e-01;3.2250000e+02;2.7321711e-01;3.2250000e+02;2.6336133e-01;3.2250000e+02;2.4822888e-01;3.2250000e+02;3.3221852e-02;3.2250000e+02;4.5816198e-02;3.2250000e+02;5.9987117e-02;3.2250000e+02;7.7028684e-02;3.2250000e+02;9.5304467e-02;3.2250000e+02;1.1444806e-01;3.2250000e+02;1.3285334e-01;3.2250000e+02;1.5228741e-01;3.2250000e+02;1.7097744e-01;3.2250000e+02;1.8634579e-01;3.2250000e+02;2.0442918e-01;3.2250000e+02;2.2619767e-01;3.2250000e+02;2.4967104e-01;3.2250000e+02;2.6978061e-01;3.2250000e+02;2.7567071e-01;3.2250000e+02;2.7321711e-01;3.2250000e+02;2.6336133e-01;3.2250000e+02;2.4822888e-01;3.2250000e+02;3.3221852e-02;3.2250000e+02;4.5816198e-02;3.2250000e+02;5.9987117e-02;3.2250000e+02;7.7028684e-02;3.2250000e+02;9.5304467e-02;3.2250000e+02;1.1444806e-01;3.2250000e+02;1.3285334e-01;3.2250000e+02;1.5228741e-01;3.2250000e+02;1.7097744e-01;3.2250000e+02;1.8634579e-01;3.2250000e+02;2.0442918e-01;3.2250000e+02;2.2619767e-01;3.2250000e+02;2.4967104e-01;3.2250000e+02;2.6978061e-01;3.2250000e+02;2.7567071e-01;3.2250000e+02;2.7321711e-01;3.2250000e+02;2.6336133e-01;3.2250000e+02;2.4822888e-01;3.2250000e+02;3.3221852e-02;3.2250000e+02;4.5816198e-02;3.2250000e+02;5.9987117e-02;3.2250000e+02;7.7028684e-02;3.2250000e+02;9.5304467e-02;3.2250000e+02;1.1444806e-01;3.2250000e+02;1.3285334e-01;3.2250000e+02;1.5228741e-01;3.2250000e+02;1.7097744e-01;3.2250000e+02;1.8634579e-01;3.2250000e+02;2.0442918e-01;3.2250000e+02;2.2619767e-01;3.2250000e+02;2.4967104e-01;3.2250000e+02;2.6978061e-01;3.2250000e+02;2.7567071e-01;3.2250000e+02;2.7321711e-01;3.2250000e+02;2.6336133e-01;3.2250000e+02;2.4822888e-01;3.2250000e+02;3.3221852e-02;3.2250000e+02;4.5816198e-02;3.2250000e+02;5.9987117e-02;3.2250000e+02;7.7028684e-02;3.2250000e+02;9.5304467e-02;3.2250000e+02;1.1444806e-01;3.2250000e+02;1.3285334e-01;3.2250000e+02;1.5228741e-01;3.2250000e+02;1.7097744e-01;3.2250000e+02;1.8634579e-01;3.2250000e+02;2.0442918e-01;3.2250000e+02;2.2619767e-01;3.2250000e+02;2.4967104e-01;3.2250000e+02;2.6978061e-01;3.2250000e+02;2.7567071e-01;3.2250000e+02;2.7321711e-01;3.2250000e+02;2.6336133e-01;3.2250000e+02;2.4822888e-01;3.2250000e+02;3.3221852e-02;3.2250000e+02;4.5816198e-02;3.2250000e+02;5.9987117e-02;3.2250000e+02;7.7028684e-02;3.2250000e+02;9.5304467e-02;3.2250000e+02;1.1444806e-01;3.2250000e+02;1.3285334e-01;3.2250000e+02;1.5228741e-01;3.2250000e+02;1.7097744e-01;3.2250000e+02;1.8634579e-01;3.2250000e+02;2.0442918e-01;3.2250000e+02;2.2619767e-01;3.2250000e+02;2.4967104e-01;3.2250000e+02;2.6978061e-01;3.2250000e+02;2.7567071e-01;3.2250000e+02;2.7321711e-01;3.2250000e+02;2.6336133e-01;3.2250000e+02;2.4822888e-01;3.2250000e+02;3.3221852e-02;3.2250000e+02;4.5816198e-02;3.2250000e+02;5.9987117e-02;3.2250000e+02;7.7028684e-02;3.2250000e+02;9.5304467e-02;3.2250000e+02;1.1444806e-01;3.2250000e+02;1.3285334e-01;3.2250000e+02;1.5228741e-01;3.2250000e+02;1.7097744e-01;3.2250000e+02;1.8634579e-01;3.2250000e+02;2.0442918e-01;3.2250000e+02;2.2619767e-01;3.2250000e+02;2.4967104e-01;3.2250000e+02;2.6978061e-01;3.2250000e+02;2.7567071e-01;3.2250000e+02;2.7321711e-01;3.2250000e+02;2.6336133e-01;3.2250000e+02;2.4822888e-01;3.2250000e+02;3.3221852e-02;3.2250000e+02;4.5816198e-02;3.2250000e+02;5.9987117e-02;3.2250000e+02;7.7028684e-02;3.2250000e+02;9.5304467e-02;3.2250000e+02;1.1444806e-01;3.2250000e+02;1.3285334e-01;3.2250000e+02;1.5228741e-01;3.2250000e+02;1.7097744e-01;3.2250000e+02;1.8634579e-01;3.2250000e+02;2.0442918e-01;3.2250000e+02;2.2619767e-01;3.2250000e+02;2.4967104e-01;3.2250000e+02;2.6978061e-01;3.2250000e+02;2.7567071e-01;3.2250000e+02;2.7321711e-01;3.2250000e+02;2.6336133e-01;3.2250000e+02;2.4822888e-01;3.2250000e+02;3.3221852e-02;3.2250000e+02;4.5816198e-02;3.2250000e+02;5.9987117e-02;3.2250000e+02;7.7028684e-02;3.2250000e+02;9.5304467e-02;3.2250000e+02;1.1444806e-01;3.2250000e+02;1.3285334e-01;3.2250000e+02;1.5228741e-01;3.2250000e+02;1.7097744e-01;3.2250000e+02;1.8634579e-01;3.2250000e+02;2.0442918e-01;3.2250000e+02;2.2619767e-01;3.2250000e+02;2.4967104e-01;3.2250000e+02;2.6978061e-01;3.2250000e+02;2.7567071e-01;3.2250000e+02;2.7321711e-01;3.2250000e+02;2.6336133e-01;3.2250000e+02;2.4822888e-01;3.2250000e+02;3.3221852e-02;3.2250000e+02;4.5816198e-02;3.2250000e+02;5.9987117e-02;3.2250000e+02;7.7028684e-02;3.2250000e+02;9.5304467e-02;3.2250000e+02;1.1444806e-01;3.2250000e+02;1.3285334e-01;3.2250000e+02;1.5228741e-01;3.2250000e+02;1.7097744e-01;3.2250000e+02;1.8634579e-01;3.2250000e+02;2.0442918e-01;3.2250000e+02;2.2619767e-01;3.2250000e+02;2.4967104e-01;3.2250000e+02;2.6978061e-01;3.2250000e+02;2.7567071e-01;3.2250000e+02;2.7321711e-01;3.2250000e+02;2.6336133e-01;3.2250000e+02;2.4822888e-01;3.2250000e+02;3.3221852e-02;3.2250000e+02;4.5816198e-02;3.2250000e+02;5.9987117e-02;3.2250000e+02;7.7028684e-02;3.2250000e+02;9.5304467e-02;3.2250000e+02;1.1444806e-01;3.2250000e+02;1.3285334e-01;3.2250000e+02;1.5228741e-01;3.2250000e+02;1.7097744e-01;3.2250000e+02;1.8634579e-01;3.2250000e+02;2.0442918e-01;3.2250000e+02;2.2619767e-01;3.2250000e+02;2.4967104e-01;3.2250000e+02;2.6978061e-01;3.2250000e+02;2.7567071e-01;3.2250000e+02;2.7321711e-01;3.2250000e+02;2.6336133e-01;3.2250000e+02;2.4822888e-01;3.2250000e+02;3.3221852e-02;3.2250000e+02;4.5816198e-02;3.2250000e+02;5.9987117e-02;3.2250000e+02;7.7028684e-02;3.2250000e+02;9.5304467e-02;3.2250000e+02;1.1444806e-01;3.2250000e+02;1.3285334e-01;3.2250000e+02;1.5228741e-01;3.2250000e+02;1.7097744e-01;3.2250000e+02;1.8634579e-01;3.2250000e+02;2.0442918e-01;3.2250000e+02;2.2619767e-01;3.2250000e+02;2.4967104e-01;3.2250000e+02;2.6978061e-01;3.2250000e+02;2.7567071e-01;3.2250000e+02;2.7321711e-01;3.2250000e+02;2.6336133e-01;3.2250000e+02;2.4822888e-01;3.2250000e+02;3.3221852e-02;3.2250000e+02;4.5816198e-02;3.2250000e+02;5.9987117e-02;3.2250000e+02;7.7028684e-02;3.2250000e+02;9.5304467e-02;3.2250000e+02;1.1444806e-01;3.2250000e+02;1.3285334e-01;3.2250000e+02;1.5228741e-01;3.2250000e+02;1.7097744e-01;3.2250000e+02;1.8634579e-01;3.2250000e+02;2.0442918e-01;3.2250000e+02;2.2619767e-01;3.2250000e+02;2.4967104e-01;3.2250000e+02;2.6978061e-01;3.2250000e+02;2.7567071e-01;3.2250000e+02;2.7321711e-01;3.2250000e+02;2.6336133e-01;3.2250000e+02;2.4822888e-01;3.2250000e+02;3.3221852e-02;3.2250000e+02;4.5816198e-02;3.2250000e+02;5.9987117e-02;3.2250000e+02;7.7028684e-02;3.2250000e+02;9.5304467e-02;3.2250000e+02;1.1444806e-01;3.2250000e+02;1.3285334e-01;3.2250000e+02;1.5228741e-01;3.2250000e+02;1.7097744e-01;3.2250000e+02;1.8634579e-01;3.2250000e+02;2.0442918e-01;3.2250000e+02;2.2619767e-01;3.2250000e+02;2.4967104e-01;3.2250000e+02;2.6978061e-01;3.2250000e+02;2.7567071e-01;3.2250000e+02;2.7321711e-01;3.2250000e+02;2.6336133e-01;3.2250000e+02;2.4822888e-01;3.2250000e+02;3.3221852e-02;3.2250000e+02;4.5816198e-02;3.2250000e+02;5.9987117e-02;3.2250000e+02;7.7028684e-02;3.2250000e+02;9.5304467e-02;3.2250000e+02;1.1444806e-01;3.2250000e+02;1.3285334e-01;3.2250000e+02;1.5228741e-01;3.2250000e+02;1.7097744e-01;3.2250000e+02;1.8634579e-01;3.2250000e+02;2.0442918e-01;3.2250000e+02;2.2619767e-01;3.2250000e+02;2.4967104e-01;3.2250000e+02;2.6978061e-01;3.2250000e+02;2.7567071e-01;3.2250000e+02;2.7321711e-01;3.2250000e+02;2.6336133e-01;3.2250000e+02;2.4822888e-01;3.2250000e+02;3.3221852e-02;3.2250000e+02;4.5816198e-02;3.2250000e+02;5.9987117e-02;3.2250000e+02;7.7028684e-02;3.2250000e+02;9.5304467e-02;3.2250000e+02;1.1444806e-01;3.2250000e+02;1.3285334e-01;3.2250000e+02;1.5228741e-01;3.2250000e+02;1.7097744e-01;3.2250000e+02;1.8634579e-01;3.2250000e+02;2.0442918e-01;3.2250000e+02;2.2619767e-01;3.2250000e+02;2.4967104e-01;3.2250000e+02;2.6978061e-01;3.2250000e+02;2.7567071e-01;3.2250000e+02;2.7321711e-01;3.2250000e+02;2.6336133e-01;3.2250000e+02;2.4822888e-01;3.2250000e+02;3.3221852e-02;3.2250000e+02;4.5816198e-02;3.2250000e+02;5.9987117e-02;3.2250000e+02;7.7028684e-02;3.2250000e+02;9.5304467e-02;3.2250000e+02;1.1444806e-01;3.2250000e+02;1.3285334e-01;3.2250000e+02;1.5228741e-01;3.2250000e+02;1.7097744e-01;3.2250000e+02;1.8634579e-01;3.2250000e+02;2.0442918e-01;3.2250000e+02;2.2619767e-01;3.2250000e+02;2.4967104e-01;3.2250000e+02;2.6978061e-01;3.2250000e+02;2.7567071e-01;3.2250000e+02;2.7321711e-01;3.2250000e+02;2.6336133e-01;3.2250000e+02;2.4822888e-01;3.2250000e+02;3.3221852e-02;3.2250000e+02;4.5816198e-02;3.2250000e+02;5.9987117e-02;3.2250000e+02;7.7028684e-02;3.2250000e+02;9.5304467e-02;3.2250000e+02;1.1444806e-01;3.2250000e+02;1.3285334e-01;3.2250000e+02;1.5228741e-01;3.2250000e+02;1.7097744e-01;3.2250000e+02;1.8634579e-01;3.2250000e+02;2.0442918e-01;3.2250000e+02;2.2619767e-01;3.2250000e+02;2.4967104e-01;3.2250000e+02;2.6978061e-01;3.2250000e+02;2.7567071e-01;3.2250000e+02;2.7321711e-01;3.2250000e+02;2.6336133e-01;3.2250000e+02;2.4822888e-01;3.2250000e+02;3.3221852e-02;3.2250000e+02;4.5816198e-02;3.2250000e+02;5.9987117e-02;3.2250000e+02;7.7028684e-02;3.2250000e+02;9.5304467e-02;3.2250000e+02;1.1444806e-01;3.2250000e+02;1.3285334e-01;3.2250000e+02;1.5228741e-01;3.2250000e+02;1.7097744e-01;3.2250000e+02;1.8634579e-01;3.2250000e+02;2.0442918e-01;3.2250000e+02;2.2619767e-01;3.2250000e+02;2.4967104e-01;3.2250000e+02;2.6978061e-01;3.2250000e+02;2.7567071e-01;3.2250000e+02;2.7321711e-01;3.2250000e+02;2.6336133e-01;3.2250000e+02;2.4822888e-01;3.2250000e+02;3.3221852e-02;3.2250000e+02;4.5816198e-02;3.2250000e+02;5.9987117e-02;3.2250000e+02;7.7028684e-02;3.2250000e+02;9.5304467e-02;3.2250000e+02;1.1444806e-01;3.2250000e+02;1.3285334e-01;3.2250000e+02;1.5228741e-01;3.2250000e+02;1.7097744e-01;3.2250000e+02;1.8634579e-01;3.2250000e+02;2.0442918e-01;3.2250000e+02;2.2619767e-01;3.2250000e+02;2.4967104e-01;3.2250000e+02;2.6978061e-01;3.2250000e+02;2.7567071e-01;3.2250000e+02;2.7321711e-01;3.2250000e+02;2.6336133e-01;3.2250000e+02;2.4822888e-01;3.2250000e+02;3.3221852e-02;3.2250000e+02;4.5816198e-02;3.2250000e+02;5.9987117e-02;3.2250000e+02;7.7028684e-02;3.2250000e+02;9.5304467e-02;3.2250000e+02;1.1444806e-01;3.2250000e+02;1.3285334e-01;3.2250000e+02;1.5228741e-01;3.2250000e+02;1.7097744e-01;3.2250000e+02;1.8634579e-01;3.2250000e+02;2.0442918e-01;3.2250000e+02;2.2619767e-01;3.2250000e+02;2.4967104e-01;3.2250000e+02;2.6978061e-01;3.2250000e+02;2.7567071e-01;3.2250000e+02;2.7321711e-01;3.2250000e+02;2.6336133e-01;3.2250000e+02;2.4822888e-01;3.2250000e+02;3.3221852e-02;3.2250000e+02;4.5816198e-02;3.2250000e+02;5.9987117e-02;3.2250000e+02;7.7028684e-02;3.2250000e+02;9.5304467e-02;3.2250000e+02;1.1444806e-01;3.2250000e+02;1.3285334e-01;3.2250000e+02;1.5228741e-01;3.2250000e+02;1.7097744e-01;3.2250000e+02;1.8634579e-01;3.2250000e+02;2.0442918e-01;3.2250000e+02;2.2619767e-01;3.2250000e+02;2.4967104e-01;3.2250000e+02;2.6978061e-01;3.2250000e+02;2.7567071e-01;3.2250000e+02;2.7321711e-01;3.2250000e+02;2.6336133e-01;3.2250000e+02;2.4822888e-01;3.2250000e+02;3.3221852e-02;3.2250000e+02;4.5816198e-02;3.2250000e+02;5.9987117e-02;3.2250000e+02;7.7028684e-02;3.2250000e+02;9.5304467e-02;3.2250000e+02;1.1444806e-01;3.2250000e+02;1.3285334e-01;3.2250000e+02;1.5228741e-01;3.2250000e+02;1.7097744e-01;3.2250000e+02;1.8634579e-01;3.2250000e+02;2.0442918e-01;3.2250000e+02;2.2619767e-01;3.2250000e+02;2.4967104e-01;3.2250000e+02;2.6978061e-01;3.2250000e+02;2.7567071e-01;3.2250000e+02;2.7321711e-01;3.2250000e+02;2.6336133e-01;3.2250000e+02;2.4822888e-01;3.2250000e+02;3.3221852e-02;3.2250000e+02;4.5816198e-02;3.2250000e+02;5.9987117e-02;3.2250000e+02;7.7028684e-02;3.2250000e+02;9.5304467e-02;3.2250000e+02;1.1444806e-01;3.2250000e+02;1.3285334e-01;3.2250000e+02;1.5228741e-01;3.2250000e+02;1.7097744e-01;3.2250000e+02;1.8634579e-01;3.2250000e+02;2.0442918e-01;3.2250000e+02;2.2619767e-01;3.2250000e+02;2.4967104e-01;3.2250000e+02;2.6978061e-01;3.2250000e+02;2.7567071e-01;3.2250000e+02;2.7321711e-01;3.2250000e+02;2.6336133e-01;3.2250000e+02;2.4822888e-01;3.2250000e+02;3.3221852e-02;3.2250000e+02;4.5816198e-02;3.2250000e+02;5.9987117e-02;3.2250000e+02;7.7028684e-02;3.2250000e+02;9.5304467e-02;3.2250000e+02;1.1444806e-01;3.2250000e+02;1.3285334e-01;3.2250000e+02;1.5228741e-01;3.2250000e+02;1.7097744e-01;3.2250000e+02;1.8634579e-01;3.2250000e+02;2.0442918e-01;3.2250000e+02;2.2619767e-01;3.2250000e+02;2.4967104e-01;3.2250000e+02;2.6978061e-01;3.2250000e+02;2.7567071e-01;3.2250000e+02;2.7321711e-01;3.2250000e+02;2.6336133e-01;3.2250000e+02;2.4822888e-01;3.2250000e+02;3.3221852e-02;3.2250000e+02;4.5816198e-02;3.2250000e+02;5.9987117e-02;3.2250000e+02;7.7028684e-02;3.2250000e+02;9.5304467e-02;3.2250000e+02;1.1444806e-01;3.2250000e+02;1.3285334e-01;3.2250000e+02;1.5228741e-01;3.2250000e+02;1.7097744e-01;3.2250000e+02;1.8634579e-01;3.2250000e+02;2.0442918e-01;3.2250000e+02;2.2619767e-01;3.2250000e+02;2.4967104e-01;3.2250000e+02;2.6978061e-01;3.2250000e+02;2.7567071e-01;3.2250000e+02;2.7321711e-01;3.2250000e+02;2.6336133e-01;3.2250000e+02;2.4822888e-01;3.2250000e+02;3.3221852e-02;3.2250000e+02;4.5816198e-02;3.2250000e+02;5.9987117e-02;3.2250000e+02;7.7028684e-02;3.2250000e+02;9.5304467e-02;3.2250000e+02;1.1444806e-01;3.2250000e+02;1.3285334e-01;3.2250000e+02;1.5228741e-01;3.2250000e+02;1.7097744e-01;3.2250000e+02;1.8634579e-01;3.2250000e+02;2.0442918e-01;3.2250000e+02;2.2619767e-01;3.2250000e+02;2.4967104e-01;3.2250000e+02;2.6978061e-01;3.2250000e+02;2.7567071e-01;3.2250000e+02;2.7321711e-01;3.2250000e+02;2.6336133e-01;3.2250000e+02;2.4822888e-01;3.2250000e+02;3.3221852e-02;3.2250000e+02;4.5816198e-02;3.2250000e+02;5.9987117e-02;3.2250000e+02;7.7028684e-02;3.2250000e+02;9.5304467e-02;3.2250000e+02;1.1444806e-01;3.2250000e+02;1.3285334e-01;3.2250000e+02;1.5228741e-01;3.2250000e+02;1.7097744e-01;3.2250000e+02;1.8634579e-01;3.2250000e+02;2.0442918e-01;3.2250000e+02;2.2619767e-01;3.2250000e+02;2.4967104e-01;3.2250000e+02;2.6978061e-01;3.2250000e+02;2.7567071e-01;3.2250000e+02;2.7321711e-01;3.2250000e+02;2.6336133e-01;3.2250000e+02;2.4822888e-01;3.2250000e+02;3.3221852e-02;3.2250000e+02;4.5816198e-02;3.2250000e+02;5.9987117e-02;3.2250000e+02;7.7028684e-02;3.2250000e+02;9.5304467e-02;3.2250000e+02;1.1444806e-01;3.2250000e+02;1.3285334e-01;3.2250000e+02;1.5228741e-01;3.2250000e+02;1.7097744e-01;3.2250000e+02;1.8634579e-01;3.2250000e+02;2.0442918e-01;3.2250000e+02;2.2619767e-01;3.2250000e+02;2.4967104e-01;3.2250000e+02;2.6978061e-01;3.2250000e+02;2.7567071e-01;3.2250000e+02;2.7321711e-01;3.2250000e+02;2.6336133e-01;3.2250000e+02;2.4822888e-01;3.2250000e+02;3.3221852e-02;3.2250000e+02;4.5816198e-02;3.2250000e+02;5.9987117e-02;3.2250000e+02;7.7028684e-02;3.2250000e+02;9.5304467e-02;3.2250000e+02;1.1444806e-01;3.2250000e+02;1.3285334e-01;3.2250000e+02;1.5228741e-01;3.2250000e+02;1.7097744e-01;3.2250000e+02;1.8634579e-01;3.2250000e+02;2.0442918e-01;3.2250000e+02;2.2619767e-01;3.2250000e+02;2.4967104e-01;3.2250000e+02;2.6978061e-01;3.2250000e+02;2.7567071e-01;3.2250000e+02;2.7321711e-01;3.2250000e+02;2.6336133e-01;3.2250000e+02;2.4822888e-01;3.2250000e+02;3.3221852e-02;3.2250000e+02;4.5816198e-02;3.2250000e+02;5.9987117e-02;3.2250000e+02;7.7028684e-02;3.2250000e+02;9.5304467e-02;3.2250000e+02;1.1444806e-01;3.2250000e+02;1.3285334e-01;3.2250000e+02;1.5228741e-01;3.2250000e+02;1.7097744e-01;3.2250000e+02;1.8634579e-01;3.2250000e+02;2.0442918e-01;3.2250000e+02;2.2619767e-01;3.2250000e+02;2.4967104e-01;3.2250000e+02;2.6978061e-01;3.2250000e+02;2.7567071e-01;3.2250000e+02;2.7321711e-01;3.2250000e+02;2.6336133e-01;3.2250000e+02;2.4822888e-01;3.2250000e+02;3.3221852e-02;3.2250000e+02;4.5816198e-02;3.2250000e+02;5.9987117e-02;3.2250000e+02;7.7028684e-02;3.2250000e+02;9.5304467e-02;3.2250000e+02;1.1444806e-01;3.2250000e+02;1.3285334e-01;3.2250000e+02;1.5228741e-01;3.2250000e+02;1.7097744e-01;3.2250000e+02;1.8634579e-01;3.2250000e+02;2.0442918e-01;3.2250000e+02;2.2619767e-01;3.2250000e+02;2.4967104e-01;3.2250000e+02;2.6978061e-01;3.2250000e+02;2.7567071e-01;3.2250000e+02;2.7321711e-01;3.2250000e+02;2.6336133e-01;3.2250000e+02;2.4822888e-01;3.2250000e+02;3.3221852e-02;3.2250000e+02;4.5816198e-02;3.2250000e+02;5.9987117e-02;3.2250000e+02;7.7028684e-02;3.2250000e+02;9.5304467e-02;3.2250000e+02;1.1444806e-01;3.2250000e+02;1.3285334e-01;3.2250000e+02;1.5228741e-01;3.2250000e+02;1.7097744e-01;3.2250000e+02;1.8634579e-01;3.2250000e+02;2.0442918e-01;3.2250000e+02;2.2619767e-01;3.2250000e+02;2.4967104e-01;3.2250000e+02;2.6978061e-01;3.2250000e+02;2.7567071e-01;3.2250000e+02;2.7321711e-01;3.2250000e+02;2.6336133e-01;3.2250000e+02;2.4822888e-01;3.2250000e+02;3.3221852e-02;3.2250000e+02;4.5816198e-02;3.2250000e+02;5.9987117e-02;3.2250000e+02;7.7028684e-02;3.2250000e+02;9.5304467e-02;3.2250000e+02;1.1444806e-01;3.2250000e+02;1.3285334e-01;3.2250000e+02;1.5228741e-01;3.2250000e+02;1.7097744e-01;3.2250000e+02;1.8634579e-01;3.2250000e+02;2.0442918e-01;3.2250000e+02;2.2619767e-01;3.2250000e+02;2.4967104e-01;3.2250000e+02;2.6978061e-01;3.2250000e+02;2.7567071e-01;3.2250000e+02;2.7321711e-01;3.2250000e+02;2.6336133e-01;3.2250000e+02;2.4822888e-01;3.2250000e+02;3.3221852e-02;3.2250000e+02;4.5816198e-02;3.2250000e+02;5.9987117e-02;3.2250000e+02;7.7028684e-02;3.2250000e+02;9.5304467e-02;3.2250000e+02;1.1444806e-01;3.2250000e+02;1.3285334e-01;3.2250000e+02;1.5228741e-01;3.2250000e+02;1.7097744e-01;3.2250000e+02;1.8634579e-01;3.2250000e+02;2.0442918e-01;3.2250000e+02;2.2619767e-01;3.2250000e+02;2.4967104e-01;3.2250000e+02;2.6978061e-01;3.2250000e+02;2.7567071e-01;3.2250000e+02;2.7321711e-01;3.2250000e+02;2.6336133e-01;3.2250000e+02;2.4822888e-01;3.2250000e+02;3.3221852e-02;3.2250000e+02;4.5816198e-02;3.2250000e+02;5.9987117e-02;3.2250000e+02;7.7028684e-02;3.2250000e+02;9.5304467e-02;3.2250000e+02;1.1444806e-01;3.2250000e+02;1.3285334e-01;3.2250000e+02;1.5228741e-01;3.2250000e+02;1.7097744e-01;3.2250000e+02;1.8634579e-01;3.2250000e+02;2.0442918e-01;3.2250000e+02;2.2619767e-01;3.2250000e+02;2.4967104e-01;3.2250000e+02;2.6978061e-01;3.2250000e+02;2.7567071e-01;3.2250000e+02;2.7321711e-01;3.2250000e+02;2.6336133e-01;3.2250000e+02;2.4822888e-01;3.2250000e+02;3.3221852e-02;3.2250000e+02;4.5816198e-02;3.2250000e+02;5.9987117e-02;3.2250000e+02;7.7028684e-02;3.2250000e+02;9.5304467e-02;3.2250000e+02;1.1444806e-01;3.2250000e+02;1.3285334e-01;3.2250000e+02;1.5228741e-01;3.2250000e+02;1.7097744e-01;3.2250000e+02;1.8634579e-01;3.2250000e+02;2.0442918e-01;3.2250000e+02;2.2619767e-01;3.2250000e+02;2.4967104e-01;3.2250000e+02;2.6978061e-01;3.2250000e+02;2.7567071e-01;3.2250000e+02;2.7321711e-01;3.2250000e+02;2.6336133e-01;3.2250000e+02;2.4822888e-01;3.2250000e+02;3.3221852e-02;3.2250000e+02;4.5816198e-02;3.2250000e+02;5.9987117e-02;3.2250000e+02;7.7028684e-02;3.2250000e+02;9.5304467e-02;3.2250000e+02;1.1444806e-01;3.2250000e+02;1.3285334e-01;3.2250000e+02;1.5228741e-01;3.2250000e+02;1.7097744e-01;3.2250000e+02;1.8634579e-01;3.2250000e+02;2.0442918e-01;3.2250000e+02;2.2619767e-01;3.2250000e+02;2.4967104e-01;3.2250000e+02;2.6978061e-01;3.2250000e+02;2.7567071e-01;3.2250000e+02;2.7321711e-01;3.2250000e+02;2.6336133e-01;3.2250000e+02;2.4822888e-01;3.2250000e+02;3.3221852e-02;3.2250000e+02;4.5816198e-02;3.2250000e+02;5.9987117e-02;3.2250000e+02;7.7028684e-02;3.2250000e+02;9.5304467e-02;3.2250000e+02;1.1444806e-01;3.2250000e+02;1.3285334e-01;3.2250000e+02;1.5228741e-01;3.2250000e+02;1.7097744e-01;3.2250000e+02;1.8634579e-01;3.2250000e+02;2.0442918e-01;3.2250000e+02;2.2619767e-01;3.2250000e+02;2.4967104e-01;3.2250000e+02;2.6978061e-01;3.2250000e+02;2.7567071e-01;3.2250000e+02;2.7321711e-01;3.2250000e+02;2.6336133e-01;3.2250000e+02;2.4822888e-01;3.2250000e+02;3.3221852e-02;3.2250000e+02;4.5816198e-02;3.2250000e+02;5.9987117e-02;3.2250000e+02;7.7028684e-02;3.2250000e+02;9.5304467e-02;3.2250000e+02;1.1444806e-01;3.2250000e+02;1.3285334e-01;3.2250000e+02;1.5228741e-01;3.2250000e+02;1.7097744e-01;3.2250000e+02;1.8634579e-01;3.2250000e+02;2.0442918e-01;3.2250000e+02;2.2619767e-01;3.2250000e+02;2.4967104e-01;3.2250000e+02;2.6978061e-01;3.2250000e+02;2.7567071e-01;3.2250000e+02;2.7321711e-01;3.2250000e+02;2.6336133e-01;3.2250000e+02;2.4822888e-01;3.2250000e+02;3.3221852e-02;3.2250000e+02;4.5816198e-02;3.2250000e+02;5.9987117e-02;3.2250000e+02;7.7028684e-02;3.2250000e+02;9.5304467e-02;3.2250000e+02;1.1444806e-01;3.2250000e+02;1.3285334e-01;3.2250000e+02;1.5228741e-01;3.2250000e+02;1.7097744e-01;3.2250000e+02;1.8634579e-01;3.2250000e+02;2.0442918e-01;3.2250000e+02;2.2619767e-01;3.2250000e+02;2.4967104e-01;3.2250000e+02;2.6978061e-01;3.2250000e+02;2.7567071e-01;3.2250000e+02;2.7321711e-01;3.2250000e+02;2.6336133e-01;3.2250000e+02;2.4822888e-01
3.2750000e+02;3.0957434e-02;3.2750000e+02;4.2300202e-02;3.2750000e+02;5.5374507e-02;3.2750000e+02;7.1348235e-02;3.2750000e+02;8.8697158e-02;3.2750000e+02;1.0652105e-01;3.2750000e+02;1.2560117e-01;3.2750000e+02;1.4488964e-01;3.2750000e+02;1.6014735e-01;3.2750000e+02;1.7342754e-01;3.2750000e+02;1.8844238e-01;3.2750000e+02;2.1210408e-01;3.2750000e+02;2.3743102e-01;3.2750000e+02;2.6215315e-01;3.2750000e+02;2.7074158e-01;3.2750000e+02;2.7028933e-01;3.2750000e+02;2.6216099e-01;3.2750000e+02;2.4841028e-01;3.2750000e+02;3.0957434e-02;3.2750000e+02;4.2300202e-02;3.2750000e+02;5.5374507e-02;3.2750000e+02;7.1348235e-02;3.2750000e+02;8.8697158e-02;3.2750000e+02;1.0652105e-01;3.2750000e+02;1.2560117e-01;3.2750000e+02;1.4488964e-01;3.2750000e+02;1.6014735e-01;3.2750000e+02;1.7342754e-01;3.2750000e+02;1.8844238e-01;3.2750000e+02;2.1210408e-01;3.2750000e+02;2.3743102e-01;3.2750000e+02;2.6215315e-01;3.2750000e+02;2.7074158e-01;3.2750000e+02;2.7028933e-01;3.2750000e+02;2.6216099e-01;3.2750000e+02;2.4841028e-01;3.2750000e+02;3.0957434e-02;3.2750000e+02;4.2300202e-02;3.2750000e+02;5.5374507e-02;3.2750000e+02;7.1348235e-02;3.2750000e+02;8.8697158e-02;3.2750000e+02;1.0652105e-01;3.2750000e+02;1.2560117e-01;3.2750000e+02;1.4488964e-01;3.2750000e+02;1.6014735e-01;3.2750000e+02;1.7342754e-01;3.2750000e+02;1.8844238e-01;3.2750000e+02;2.1210408e-01;3.2750000e+02;2.3743102e-01;3.2750000e+02;2.6215315e-01;3.2750000e+02;2.7074158e-01;3.2750000e+02;2.7028933e-01;3.2750000e+02;2.6216099e-01;3.2750000e+02;2.4841028e-01;3.2750000e+02;3.0957434e-02;3.2750000e+02;4.2300202e-02;3.2750000e+02;5.5374507e-02;3.2750000e+02;7.1348235e-02;3.2750000e+02;8.8697158e-02;3.2750000e+02;1.0652105e-01;3.2750000e+02;1.2560117e-01;3.2750000e+02;1.4488964e-01;3.2750000e+02;1.6014735e-01;3.2750000e+02;1.7342754e-01;3.2750000e+02;1.8844238e-01;3.2750000e+02;2.1210408e-01;3.2750000e+02;2.3743102e-01;3.2750000e+02;2.6215315e-01;3.2750000e+02;2.7074158e-01;3.2750000e+02;2.7028933e-01;3.2750000e+02;2.6216099e-01;3.2750000e+02;2.4841028e-01;3.2750000e+02;3.0957434e-02;3.2750000e+02;4.2300202e-02;3.2750000e+02;5.5374507e-02;3.2750000e+02;7.1348235e-02;3.2750000e+02;8.8697158e-02;3.2750000e+02;1.0652105e-01;3.2750000e+02;1.2560117e-01;3.2750000e+02;1.4488964e-01;3.2750000e+02;1.6014735e-01;3.2750000e+02;1.7342754e-01;3.2750000e+02;1.8844238e-01;3.2750000e+02;2.1210408e-01;3.2750000e+02;2.3743102e-01;3.2750000e+02;2.6215315e-01;3.2750000e+02;2.7074158e-01;3.2750000e+02;2.7028933e-01;3.2750000e+02;2.6216099e-01;3.2750000e+02;2.4841028e-01;3.2750000e+02;3.0957434e-02;3.2750000e+02;4.2300202e-02;3.2750000e+02;5.5374507e-02;3.2750000e+02;7.1348235e-02;3.2750000e+02;8.8697158e-02;3.2750000e+02;1.0652105e-01;3.2750000e+02;1.2560117e-01;3.2750000e+02;1.4488964e-01;3.2750000e+02;1.6014735e-01;3.2750000e+02;1.7342754e-01;3.2750000e+02;1.8844238e-01;3.2750000e+02;2.1210408e-01;3.2750000e+02;2.3743102e-01;3.2750000e+02;2.6215315e-01;3.2750000e+02;2.7074158e-01;3.2750000e+02;2.7028933e-01;3.2750000e+02;2.6216099e-01;3.2750000e+02;2.4841028e-01;3.2750000e+02;3.0957434e-02;3.2750000e+02;4.2300202e-02;3.2750000e+02;5.5374507e-02;3.2750000e+02;7.1348235e-02;3.2750000e+02;8.8697158e-02;3.2750000e+02;1.0652105e-01;3.2750000e+02;1.2560117e-01;3.2750000e+02;1.4488964e-01;3.2750000e+02;1.6014735e-01;3.2750000e+02;1.7342754e-01;3.2750000e+02;1.8844238e-01;3.2750000e+02;2.1210408e-01;3.2750000e+02;2.3743102e-01;3.2750000e+02;2.6215315e-01;3.2750000e+02;2.7074158e-01;3.2750000e+02;2.7028933e-01;3.2750000e+02;2.6216099e-01;3.2750000e+02;2.4841028e-01;3.2750000e+02;3.0957434e-02;3.2750000e+02;4.2300202e-02;3.2750000e+02;5.5374507e-02;3.2750000e+02;7.1348235e-02;3.2750000e+02;8.8697158e-02;3.2750000e+02;1.0652105e-01;3.2750000e+02;1.2560117e-01;3.2750000e+02;1.4488964e-01;3.2750000e+02;1.6014735e-01;3.2750000e+02;1.7342754e-01;3.2750000e+02;1.8844238e-01;3.2750000e+02;2.1210408e-01;3.2750000e+02;2.3743102e-01;3.2750000e+02;2.6215315e-01;3.2750000e+02;2.7074158e-01;3.2750000e+02;2.7028933e-01;3.2750000e+02;2.6216099e-01;3.2750000e+02;2.4841028e-01;3.2750000e+02;3.0957434e-02;3.2750000e+02;4.2300202e-02;3.2750000e+02;5.5374507e-02;3.2750000e+02;7.1348235e-02;3.2750000e+02;8.8697158e-02;3.2750000e+02;1.0652105e-01;3.2750000e+02;1.2560117e-01;3.2750000e+02;1.4488964e-01;3.2750000e+02;1.6014735e-01;3.2750000e+02;1.7342754e-01;3.2750000e+02;1.8844238e-01;3.2750000e+02;2.1210408e-01;3.2750000e+02;2.3743102e-01;3.2750000e+02;2.6215315e-01;3.2750000e+02;2.7074158e-01;3.2750000e+02;2.7028933e-01;3.2750000e+02;2.6216099e-01;3.2750000e+02;2.4841028e-01;3.2750000e+02;3.0957434e-02;3.2750000e+02;4.2300202e-02;3.2750000e+02;5.5374507e-02;3.2750000e+02;7.1348235e-02;3.2750000e+02;8.8697158e-02;3.2750000e+02;1.0652105e-01;3.2750000e+02;1.2560117e-01;3.2750000e+02;1.4488964e-01;3.2750000e+02;1.6014735e-01;3.2750000e+02;1.7342754e-01;3.2750000e+02;1.8844238e-01;3.2750000e+02;2.1210408e-01;3.2750000e+02;2.3743102e-01;3.2750000e+02;2.6215315e-01;3.2750000e+02;2.7074158e-01;3.2750000e+02;2.7028933e-01;3.2750000e+02;2.6216099e-01;3.2750000e+02;2.4841028e-01;3.2750000e+02;3.0957434e-02;3.2750000e+02;4.2300202e-02;3.2750000e+02;5.5374507e-02;3.2750000e+02;7.1348235e-02;3.2750000e+02;8.8697158e-02;3.2750000e+02;1.0652105e-01;3.2750000e+02;1.2560117e-01;3.2750000e+02;1.4488964e-01;3.2750000e+02;1.6014735e-01;3.2750000e+02;1.7342754e-01;3.2750000e+02;1.8844238e-01;3.2750000e+02;2.1210408e-01;3.2750000e+02;2.3743102e-01;3.2750000e+02;2.6215315e-01;3.2750000e+02;2.7074158e-01;3.2750000e+02;2.7028933e-01;3.2750000e+02;2.6216099e-01;3.2750000e+02;2.4841028e-01;3.2750000e+02;3.0957434e-02;3.2750000e+02;4.2300202e-02;3.2750000e+02;5.5374507e-02;3.2750000e+02;7.1348235e-02;3.2750000e+02;8.8697158e-02;3.2750000e+02;1.0652105e-01;3.2750000e+02;1.2560117e-01;3.2750000e+02;1.4488964e-01;3.2750000e+02;1.6014735e-01;3.2750000e+02;1.7342754e-01;3.2750000e+02;1.8844238e-01;3.2750000e+02;2.1210408e-01;3.2750000e+02;2.3743102e-01;3.2750000e+02;2.6215315e-01;3.2750000e+02;2.7074158e-01;3.2750000e+02;2.7028933e-01;3.2750000e+02;2.6216099e-01;3.2750000e+02;2.4841028e-01;3.2750000e+02;3.0957434e-02;3.2750000e+02;4.2300202e-02;3.2750000e+02;5.5374507e-02;3.2750000e+02;7.1348235e-02;3.2750000e+02;8.8697158e-02;3.2750000e+02;1.0652105e-01;3.2750000e+02;1.2560117e-01;3.2750000e+02;1.4488964e-01;3.2750000e+02;1.6014735e-01;3.2750000e+02;1.7342754e-01;3.2750000e+02;1.8844238e-01;3.2750000e+02;2.1210408e-01;3.2750000e+02;2.3743102e-01;3.2750000e+02;2.6215315e-01;3.2750000e+02;2.7074158e-01;3.2750000e+02;2.7028933e-01;3.2750000e+02;2.6216099e-01;3.2750000e+02;2.4841028e-01;3.2750000e+02;3.0957434e-02;3.2750000e+02;4.2300202e-02;3.2750000e+02;5.5374507e-02;3.2750000e+02;7.1348235e-02;3.2750000e+02;8.8697158e-02;3.2750000e+02;1.0652105e-01;3.2750000e+02;1.2560117e-01;3.2750000e+02;1.4488964e-01;3.2750000e+02;1.6014735e-01;3.2750000e+02;1.7342754e-01;3.2750000e+02;1.8844238e-01;3.2750000e+02;2.1210408e-01;3.2750000e+02;2.3743102e-01;3.2750000e+02;2.6215315e-01;3.2750000e+02;2.7074158e-01;3.2750000e+02;2.7028933e-01;3.2750000e+02;2.6216099e-01;3.2750000e+02;2.4841028e-01;3.2750000e+02;3.0957434e-02;3.2750000e+02;4.2300202e-02;3.2750000e+02;5.5374507e-02;3.2750000e+02;7.1348235e-02;3.2750000e+02;8.8697158e-02;3.2750000e+02;1.0652105e-01;3.2750000e+02;1.2560117e-01;3.2750000e+02;1.4488964e-01;3.2750000e+02;1.6014735e-01;3.2750000e+02;1.7342754e-01;3.2750000e+02;1.8844238e-01;3.2750000e+02;2.1210408e-01;3.2750000e+02;2.3743102e-01;3.2750000e+02;2.6215315e-01;3.2750000e+02;2.7074158e-01;3.2750000e+02;2.7028933e-01;3.2750000e+02;2.6216099e-01;3.2750000e+02;2.4841028e-01;3.2750000e+02;3.0957434e-02;3.2750000e+02;4.2300202e-02;3.2750000e+02;5.5374507e-02;3.2750000e+02;7.1348235e-02;3.2750000e+02;8.8697158e-02;3.2750000e+02;1.0652105e-01;3.2750000e+02;1.2560117e-01;3.2750000e+02;1.4488964e-01;3.2750000e+02;1.6014735e-01;3.2750000e+02;1.7342754e-01;3.2750000e+02;1.8844238e-01;3.2750000e+02;2.1210408e-01;3.2750000e+02;2.3743102e-01;3.2750000e+02;2.6215315e-01;3.2750000e+02;2.7074158e-01;3.2750000e+02;2.7028933e-01;3.2750000e+02;2.6216099e-01;3.2750000e+02;2.4841028e-01;3.2750000e+02;3.0957434e-02;3.2750000e+02;4.2300202e-02;3.2750000e+02;5.5374507e-02;3.2750000e+02;7.1348235e-02;3.2750000e+02;8.8697158e-02;3.2750000e+02;1.0652105e-01;3.2750000e+02;1.2560117e-01;3.2750000e+02;1.4488964e-01;3.2750000e+02;1.6014735e-01;3.2750000e+02;1.7342754e-01;3.2750000e+02;1.8844238e-01;3.2750000e+02;2.1210408e-01;3.2750000e+02;2.3743102e-01;3.2750000e+02;2.6215315e-01;3.2750000e+02;2.7074158e-01;3.2750000e+02;2.7028933e-01;3.2750000e+02;2.6216099e-01;3.2750000e+02;2.4841028e-01;3.2750000e+02;3.0957434e-02;3.2750000e+02;4.2300202e-02;3.2750000e+02;5.5374507e-02;3.2750000e+02;7.1348235e-02;3.2750000e+02;8.8697158e-02;3.2750000e+02;1.0652105e-01;3.2750000e+02;1.2560117e-01;3.2750000e+02;1.4488964e-01;3.2750000e+02;1.6014735e-01;3.2750000e+02;1.7342754e-01;3.2750000e+02;1.8844238e-01;3.2750000e+02;2.1210408e-01;3.2750000e+02;2.3743102e-01;3.2750000e+02;2.6215315e-01;3.2750000e+02;2.7074158e-01;3.2750000e+02;2.7028933e-01;3.2750000e+02;2.6216099e-01;3.2750000e+02;2.4841028e-01;3.2750000e+02;3.0957434e-02;3.2750000e+02;4.2300202e-02;3.2750000e+02;5.5374507e-02;3.2750000e+02;7.1348235e-02;3.2750000e+02;8.8697158e-02;3.2750000e+02;1.0652105e-01;3.2750000e+02;1.2560117e-01;3.2750000e+02;1.4488964e-01;3.2750000e+02;1.6014735e-01;3.2750000e+02;1.7342754e-01;3.2750000e+02;1.8844238e-01;3.2750000e+02;2.1210408e-01;3.2750000e+02;2.3743102e-01;3.2750000e+02;2.6215315e-01;3.2750000e+02;2.7074158e-01;3.2750000e+02;2.7028933e-01;3.2750000e+02;2.6216099e-01;3.2750000e+02;2.4841028e-01;3.2750000e+02;3.0957434e-02;3.2750000e+02;4.2300202e-02;3.2750000e+02;5.5374507e-02;3.2750000e+02;7.1348235e-02;3.2750000e+02;8.8697158e-02;3.2750000e+02;1.0652105e-01;3.2750000e+02;1.2560117e-01;3.2750000e+02;1.4488964e-01;3.2750000e+02;1.6014735e-01;3.2750000e+02;1.7342754e-01;3.2750000e+02;1.8844238e-01;3.2750000e+02;2.1210408e-01;3.2750000e+02;2.3743102e-01;3.2750000e+02;2.6215315e-01;3.2750000e+02;2.7074158e-01;3.2750000e+02;2.7028933e-01;3.2750000e+02;2.6216099e-01;3.2750000e+02;2.4841028e-01;3.2750000e+02;3.0957434e-02;3.2750000e+02;4.2300202e-02;3.2750000e+02;5.5374507e-02;3.2750000e+02;7.1348235e-02;3.2750000e+02;8.8697158e-02;3.2750000e+02;1.0652105e-01;3.2750000e+02;1.2560117e-01;3.2750000e+02;1.4488964e-01;3.2750000e+02;1.6014735e-01;3.2750000e+02;1.7342754e-01;3.2750000e+02;1.8844238e-01;3.2750000e+02;2.1210408e-01;3.2750000e+02;2.3743102e-01;3.2750000e+02;2.6215315e-01;3.2750000e+02;2.7074158e-01;3.2750000e+02;2.7028933e-01;3.2750000e+02;2.6216099e-01;3.2750000e+02;2.4841028e-01;3.2750000e+02;3.0957434e-02;3.2750000e+02;4.2300202e-02;3.2750000e+02;5.5374507e-02;3.2750000e+02;7.1348235e-02;3.2750000e+02;8.8697158e-02;3.2750000e+02;1.0652105e-01;3.2750000e+02;1.2560117e-01;3.2750000e+02;1.4488964e-01;3.2750000e+02;1.6014735e-01;3.2750000e+02;1.7342754e-01;3.2750000e+02;1.8844238e-01;3.2750000e+02;2.1210408e-01;3.2750000e+02;2.3743102e-01;3.2750000e+02;2.6215315e-01;3.2750000e+02;2.7074158e-01;3.2750000e+02;2.7028933e-01;3.2750000e+02;2.6216099e-01;3.2750000e+02;2.4841028e-01;3.2750000e+02;3.0957434e-02;3.2750000e+02;4.2300202e-02;3.2750000e+02;5.5374507e-02;3.2750000e+02;7.1348235e-02;3.2750000e+02;8.8697158e-02;3.2750000e+02;1.0652105e-01;3.2750000e+02;1.2560117e-01;3.2750000e+02;1.4488964e-01;3.2750000e+02;1.6014735e-01;3.2750000e+02;1.7342754e-01;3.2750000e+02;1.8844238e-01;3.2750000e+02;2.1210408e-01;3.2750000e+02;2.3743102e-01;3.2750000e+02;2.6215315e-01;3.2750000e+02;2.7074158e-01;3.2750000e+02;2.7028933e-01;3.2750000e+02;2.6216099e-01;3.2750000e+02;2.4841028e-01;3.2750000e+02;3.0957434e-02;3.2750000e+02;4.2300202e-02;3.2750000e+02;5.5374507e-02;3.2750000e+02;7.1348235e-02;3.2750000e+02;8.8697158e-02;3.2750000e+02;1.0652105e-01;3.2750000e+02;1.2560117e-01;3.2750000e+02;1.4488964e-01;3.2750000e+02;1.6014735e-01;3.2750000e+02;1.7342754e-01;3.2750000e+02;1.8844238e-01;3.2750000e+02;2.1210408e-01;3.2750000e+02;2.3743102e-01;3.2750000e+02;2.6215315e-01;3.2750000e+02;2.7074158e-01;3.2750000e+02;2.7028933e-01;3.2750000e+02;2.6216099e-01;3.2750000e+02;2.4841028e-01;3.2750000e+02;3.0957434e-02;3.2750000e+02;4.2300202e-02;3.2750000e+02;5.5374507e-02;3.2750000e+02;7.1348235e-02;3.2750000e+02;8.8697158e-02;3.2750000e+02;1.0652105e-01;3.2750000e+02;1.2560117e-01;3.2750000e+02;1.4488964e-01;3.2750000e+02;1.6014735e-01;3.2750000e+02;1.7342754e-01;3.2750000e+02;1.8844238e-01;3.2750000e+02;2.1210408e-01;3.2750000e+02;2.3743102e-01;3.2750000e+02;2.6215315e-01;3.2750000e+02;2.7074158e-01;3.2750000e+02;2.7028933e-01;3.2750000e+02;2.6216099e-01;3.2750000e+02;2.4841028e-01;3.2750000e+02;3.0957434e-02;3.2750000e+02;4.2300202e-02;3.2750000e+02;5.5374507e-02;3.2750000e+02;7.1348235e-02;3.2750000e+02;8.8697158e-02;3.2750000e+02;1.0652105e-01;3.2750000e+02;1.2560117e-01;3.2750000e+02;1.4488964e-01;3.2750000e+02;1.6014735e-01;3.2750000e+02;1.7342754e-01;3.2750000e+02;1.8844238e-01;3.2750000e+02;2.1210408e-01;3.2750000e+02;2.3743102e-01;3.2750000e+02;2.6215315e-01;3.2750000e+02;2.7074158e-01;3.2750000e+02;2.7028933e-01;3.2750000e+02;2.6216099e-01;3.2750000e+02;2.4841028e-01;3.2750000e+02;3.0957434e-02;3.2750000e+02;4.2300202e-02;3.2750000e+02;5.5374507e-02;3.2750000e+02;7.1348235e-02;3.2750000e+02;8.8697158e-02;3.2750000e+02;1.0652105e-01;3.2750000e+02;1.2560117e-01;3.2750000e+02;1.4488964e-01;3.2750000e+02;1.6014735e-01;3.2750000e+02;1.7342754e-01;3.2750000e+02;1.8844238e-01;3.2750000e+02;2.1210408e-01;3.2750000e+02;2.3743102e-01;3.2750000e+02;2.6215315e-01;3.2750000e+02;2.7074158e-01;3.2750000e+02;2.7028933e-01;3.2750000e+02;2.6216099e-01;3.2750000e+02;2.4841028e-01;3.2750000e+02;3.0957434e-02;3.2750000e+02;4.2300202e-02;3.2750000e+02;5.5374507e-02;3.2750000e+02;7.1348235e-02;3.2750000e+02;8.8697158e-02;3.2750000e+02;1.0652105e-01;3.2750000e+02;1.2560117e-01;3.2750000e+02;1.4488964e-01;3.2750000e+02;1.6014735e-01;3.2750000e+02;1.7342754e-01;3.2750000e+02;1.8844238e-01;3.2750000e+02;2.1210408e-01;3.2750000e+02;2.3743102e-01;3.2750000e+02;2.6215315e-01;3.2750000e+02;2.7074158e-01;3.2750000e+02;2.7028933e-01;3.2750000e+02;2.6216099e-01;3.2750000e+02;2.4841028e-01;3.2750000e+02;3.0957434e-02;3.2750000e+02;4.2300202e-02;3.2750000e+02;5.5374507e-02;3.2750000e+02;7.1348235e-02;3.2750000e+02;8.8697158e-02;3.2750000e+02;1.0652105e-01;3.2750000e+02;1.2560117e-01;3.2750000e+02;1.4488964e-01;3.2750000e+02;1.6014735e-01;3.2750000e+02;1.7342754e-01;3.2750000e+02;1.8844238e-01;3.2750000e+02;2.1210408e-01;3.2750000e+02;2.3743102e-01;3.2750000e+02;2.6215315e-01;3.2750000e+02;2.7074158e-01;3.2750000e+02;2.7028933e-01;3.2750000e+02;2.6216099e-01;3.2750000e+02;2.4841028e-01;3.2750000e+02;3.0957434e-02;3.2750000e+02;4.2300202e-02;3.2750000e+02;5.5374507e-02;3.2750000e+02;7.1348235e-02;3.2750000e+02;8.8697158e-02;3.2750000e+02;1.0652105e-01;3.2750000e+02;1.2560117e-01;3.2750000e+02;1.4488964e-01;3.2750000e+02;1.6014735e-01;3.2750000e+02;1.7342754e-01;3.2750000e+02;1.8844238e-01;3.2750000e+02;2.1210408e-01;3.2750000e+02;2.3743102e-01;3.2750000e+02;2.6215315e-01;3.2750000e+02;2.7074158e-01;3.2750000e+02;2.7028933e-01;3.2750000e+02;2.6216099e-01;3.2750000e+02;2.4841028e-01;3.2750000e+02;3.0957434e-02;3.2750000e+02;4.2300202e-02;3.2750000e+02;5.5374507e-02;3.2750000e+02;7.1348235e-02;3.2750000e+02;8.8697158e-02;3.2750000e+02;1.0652105e-01;3.2750000e+02;1.2560117e-01;3.2750000e+02;1.4488964e-01;3.2750000e+02;1.6014735e-01;3.2750000e+02;1.7342754e-01;3.2750000e+02;1.8844238e-01;3.2750000e+02;2.1210408e-01;3.2750000e+02;2.3743102e-01;3.2750000e+02;2.6215315e-01;3.2750000e+02;2.7074158e-01;3.2750000e+02;2.7028933e-01;3.2750000e+02;2.6216099e-01;3.2750000e+02;2.4841028e-01;3.2750000e+02;3.0957434e-02;3.2750000e+02;4.2300202e-02;3.2750000e+02;5.5374507e-02;3.2750000e+02;7.1348235e-02;3.2750000e+02;8.8697158e-02;3.2750000e+02;1.0652105e-01;3.2750000e+02;1.2560117e-01;3.2750000e+02;1.4488964e-01;3.2750000e+02;1.6014735e-01;3.2750000e+02;1.7342754e-01;3.2750000e+02;1.8844238e-01;3.2750000e+02;2.1210408e-01;3.2750000e+02;2.3743102e-01;3.2750000e+02;2.6215315e-01;3.2750000e+02;2.7074158e-01;3.2750000e+02;2.7028933e-01;3.2750000e+02;2.6216099e-01;3.2750000e+02;2.4841028e-01;3.2750000e+02;3.0957434e-02;3.2750000e+02;4.2300202e-02;3.2750000e+02;5.5374507e-02;3.2750000e+02;7.1348235e-02;3.2750000e+02;8.8697158e-02;3.2750000e+02;1.0652105e-01;3.2750000e+02;1.2560117e-01;3.2750000e+02;1.4488964e-01;3.2750000e+02;1.6014735e-01;3.2750000e+02;1.7342754e-01;3.2750000e+02;1.8844238e-01;3.2750000e+02;2.1210408e-01;3.2750000e+02;2.3743102e-01;3.2750000e+02;2.6215315e-01;3.2750000e+02;2.7074158e-01;3.2750000e+02;2.7028933e-01;3.2750000e+02;2.6216099e-01;3.2750000e+02;2.4841028e-01;3.2750000e+02;3.0957434e-02;3.2750000e+02;4.2300202e-02;3.2750000e+02;5.5374507e-02;3.2750000e+02;7.1348235e-02;3.2750000e+02;8.8697158e-02;3.2750000e+02;1.0652105e-01;3.2750000e+02;1.2560117e-01;3.2750000e+02;1.4488964e-01;3.2750000e+02;1.6014735e-01;3.2750000e+02;1.7342754e-01;3.2750000e+02;1.8844238e-01;3.2750000e+02;2.1210408e-01;3.2750000e+02;2.3743102e-01;3.2750000e+02;2.6215315e-01;3.2750000e+02;2.7074158e-01;3.2750000e+02;2.7028933e-01;3.2750000e+02;2.6216099e-01;3.2750000e+02;2.4841028e-01;3.2750000e+02;3.0957434e-02;3.2750000e+02;4.2300202e-02;3.2750000e+02;5.5374507e-02;3.2750000e+02;7.1348235e-02;3.2750000e+02;8.8697158e-02;3.2750000e+02;1.0652105e-01;3.2750000e+02;1.2560117e-01;3.2750000e+02;1.4488964e-01;3.2750000e+02;1.6014735e-01;3.2750000e+02;1.7342754e-01;3.2750000e+02;1.8844238e-01;3.2750000e+02;2.1210408e-01;3.2750000e+02;2.3743102e-01;3.2750000e+02;2.6215315e-01;3.2750000e+02;2.7074158e-01;3.2750000e+02;2.7028933e-01;3.2750000e+02;2.6216099e-01;3.2750000e+02;2.4841028e-01;3.2750000e+02;3.0957434e-02;3.2750000e+02;4.2300202e-02;3.2750000e+02;5.5374507e-02;3.2750000e+02;7.1348235e-02;3.2750000e+02;8.8697158e-02;3.2750000e+02;1.0652105e-01;3.2750000e+02;1.2560117e-01;3.2750000e+02;1.4488964e-01;3.2750000e+02;1.6014735e-01;3.2750000e+02;1.7342754e-01;3.2750000e+02;1.8844238e-01;3.2750000e+02;2.1210408e-01;3.2750000e+02;2.3743102e-01;3.2750000e+02;2.6215315e-01;3.2750000e+02;2.7074158e-01;3.2750000e+02;2.7028933e-01;3.2750000e+02;2.6216099e-01;3.2750000e+02;2.4841028e-01;3.2750000e+02;3.0957434e-02;3.2750000e+02;4.2300202e-02;3.2750000e+02;5.5374507e-02;3.2750000e+02;7.1348235e-02;3.2750000e+02;8.8697158e-02;3.2750000e+02;1.0652105e-01;3.2750000e+02;1.2560117e-01;3.2750000e+02;1.4488964e-01;3.2750000e+02;1.6014735e-01;3.2750000e+02;1.7342754e-01;3.2750000e+02;1.8844238e-01;3.2750000e+02;2.1210408e-01;3.2750000e+02;2.3743102e-01;3.2750000e+02;2.6215315e-01;3.2750000e+02;2.7074158e-01;3.2750000e+02;2.7028933e-01;3.2750000e+02;2.6216099e-01;3.2750000e+02;2.4841028e-01;3.2750000e+02;3.0957434e-02;3.2750000e+02;4.2300202e-02;3.2750000e+02;5.5374507e-02;3.2750000e+02;7.1348235e-02;3.2750000e+02;8.8697158e-02;3.2750000e+02;1.0652105e-01;3.2750000e+02;1.2560117e-01;3.2750000e+02;1.4488964e-01;3.2750000e+02;1.6014735e-01;3.2750000e+02;1.7342754e-01;3.2750000e+02;1.8844238e-01;3.2750000e+02;2.1210408e-01;3.2750000e+02;2.3743102e-01;3.2750000e+02;2.6215315e-01;3.2750000e+02;2.7074158e-01;3.2750000e+02;2.7028933e-01;3.2750000e+02;2.6216099e-01;3.2750000e+02;2.4841028e-01;3.2750000e+02;3.0957434e-02;3.2750000e+02;4.2300202e-02;3.2750000e+02;5.5374507e-02;3.2750000e+02;7.1348235e-02;3.2750000e+02;8.8697158e-02;3.2750000e+02;1.0652105e-01;3.2750000e+02;1.2560117e-01;3.2750000e+02;1.4488964e-01;3.2750000e+02;1.6014735e-01;3.2750000e+02;1.7342754e-01;3.2750000e+02;1.8844238e-01;3.2750000e+02;2.1210408e-01;3.2750000e+02;2.3743102e-01;3.2750000e+02;2.6215315e-01;3.2750000e+02;2.7074158e-01;3.2750000e+02;2.7028933e-01;3.2750000e+02;2.6216099e-01;3.2750000e+02;2.4841028e-01;3.2750000e+02;3.0957434e-02;3.2750000e+02;4.2300202e-02;3.2750000e+02;5.5374507e-02;3.2750000e+02;7.1348235e-02;3.2750000e+02;8.8697158e-02;3.2750000e+02;1.0652105e-01;3.2750000e+02;1.2560117e-01;3.2750000e+02;1.4488964e-01;3.2750000e+02;1.6014735e-01;3.2750000e+02;1.7342754e-01;3.2750000e+02;1.8844238e-01;3.2750000e+02;2.1210408e-01;3.2750000e+02;2.3743102e-01;3.2750000e+02;2.6215315e-01;3.2750000e+02;2.7074158e-01;3.2750000e+02;2.7028933e-01;3.2750000e+02;2.6216099e-01;3.2750000e+02;2.4841028e-01;3.2750000e+02;3.0957434e-02;3.2750000e+02;4.2300202e-02;3.2750000e+02;5.5374507e-02;3.2750000e+02;7.1348235e-02;3.2750000e+02;8.8697158e-02;3.2750000e+02;1.0652105e-01;3.2750000e+02;1.2560117e-01;3.2750000e+02;1.4488964e-01;3.2750000e+02;1.6014735e-01;3.2750000e+02;1.7342754e-01;3.2750000e+02;1.8844238e-01;3.2750000e+02;2.1210408e-01;3.2750000e+02;2.3743102e-01;3.2750000e+02;2.6215315e-01;3.2750000e+02;2.7074158e-01;3.2750000e+02;2.7028933e-01;3.2750000e+02;2.6216099e-01;3.2750000e+02;2.4841028e-01;3.2750000e+02;3.0957434e-02;3.2750000e+02;4.2300202e-02;3.2750000e+02;5.5374507e-02;3.2750000e+02;7.1348235e-02;3.2750000e+02;8.8697158e-02;3.2750000e+02;1.0652105e-01;3.2750000e+02;1.2560117e-01;3.2750000e+02;1.4488964e-01;3.2750000e+02;1.6014735e-01;3.2750000e+02;1.7342754e-01;3.2750000e+02;1.8844238e-01;3.2750000e+02;2.1210408e-01;3.2750000e+02;2.3743102e-01;3.2750000e+02;2.6215315e-01;3.2750000e+02;2.7074158e-01;3.2750000e+02;2.7028933e-01;3.2750000e+02;2.6216099e-01;3.2750000e+02;2.4841028e-01;3.2750000e+02;3.0957434e-02;3.2750000e+02;4.2300202e-02;3.2750000e+02;5.5374507e-02;3.2750000e+02;7.1348235e-02;3.2750000e+02;8.8697158e-02;3.2750000e+02;1.0652105e-01;3.2750000e+02;1.2560117e-01;3.2750000e+02;1.4488964e-01;3.2750000e+02;1.6014735e-01;3.2750000e+02;1.7342754e-01;3.2750000e+02;1.8844238e-01;3.2750000e+02;2.1210408e-01;3.2750000e+02;2.3743102e-01;3.2750000e+02;2.6215315e-01;3.2750000e+02;2.7074158e-01;3.2750000e+02;2.7028933e-01;3.2750000e+02;2.6216099e-01;3.2750000e+02;2.4841028e-01;3.2750000e+02;3.0957434e-02;3.2750000e+02;4.2300202e-02;3.2750000e+02;5.5374507e-02;3.2750000e+02;7.1348235e-02;3.2750000e+02;8.8697158e-02;3.2750000e+02;1.0652105e-01;3.2750000e+02;1.2560117e-01;3.2750000e+02;1.4488964e-01;3.2750000e+02;1.6014735e-01;3.2750000e+02;1.7342754e-01;3.2750000e+02;1.8844238e-01;3.2750000e+02;2.1210408e-01;3.2750000e+02;2.3743102e-01;3.2750000e+02;2.6215315e-01;3.2750000e+02;2.7074158e-01;3.2750000e+02;2.7028933e-01;3.2750000e+02;2.6216099e-01;3.2750000e+02;2.4841028e-01;3.2750000e+02;3.0957434e-02;3.2750000e+02;4.2300202e-02;3.2750000e+02;5.5374507e-02;3.2750000e+02;7.1348235e-02;3.2750000e+02;8.8697158e-02;3.2750000e+02;1.0652105e-01;3.2750000e+02;1.2560117e-01;3.2750000e+02;1.4488964e-01;3.2750000e+02;1.6014735e-01;3.2750000e+02;1.7342754e-01;3.2750000e+02;1.8844238e-01;3.2750000e+02;2.1210408e-01;3.2750000e+02;2.3743102e-01;3.2750000e+02;2.6215315e-01;3.2750000e+02;2.7074158e-01;3.2750000e+02;2.7028933e-01;3.2750000e+02;2.6216099e-01;3.2750000e+02;2.4841028e-01;3.2750000e+02;3.0957434e-02;3.2750000e+02;4.2300202e-02;3.2750000e+02;5.5374507e-02;3.2750000e+02;7.1348235e-02;3.2750000e+02;8.8697158e-02;3.2750000e+02;1.0652105e-01;3.2750000e+02;1.2560117e-01;3.2750000e+02;1.4488964e-01;3.2750000e+02;1.6014735e-01;3.2750000e+02;1.7342754e-01;3.2750000e+02;1.8844238e-01;3.2750000e+02;2.1210408e-01;3.2750000e+02;2.3743102e-01;3.2750000e+02;2.6215315e-01;3.2750000e+02;2.7074158e-01;3.2750000e+02;2.7028933e-01;3.2750000e+02;2.6216099e-01;3.2750000e+02;2.4841028e-01;3.2750000e+02;3.0957434e-02;3.2750000e+02;4.2300202e-02;3.2750000e+02;5.5374507e-02;3.2750000e+02;7.1348235e-02;3.2750000e+02;8.8697158e-02;3.2750000e+02;1.0652105e-01;3.2750000e+02;1.2560117e-01;3.2750000e+02;1.4488964e-01;3.2750000e+02;1.6014735e-01;3.2750000e+02;1.7342754e-01;3.2750000e+02;1.8844238e-01;3.2750000e+02;2.1210408e-01;3.2750000e+02;2.3743102e-01;3.2750000e+02;2.6215315e-01;3.2750000e+02;2.7074158e-01;3.2750000e+02;2.7028933e-01;3.2750000e+02;2.6216099e-01;3.2750000e+02;2.4841028e-01;3.2750000e+02;3.0957434e-02;3.2750000e+02;4.2300202e-02;3.2750000e+02;5.5374507e-02;3.2750000e+02;7.1348235e-02;3.2750000e+02;8.8697158e-02;3.2750000e+02;1.0652105e-01;3.2750000e+02;1.2560117e-01;3.2750000e+02;1.4488964e-01;3.2750000e+02;1.6014735e-01;3.2750000e+02;1.7342754e-01;3.2750000e+02;1.8844238e-01;3.2750000e+02;2.1210408e-01;3.2750000e+02;2.3743102e-01;3.2750000e+02;2.6215315e-01;3.2750000e+02;2.7074158e-01;3.2750000e+02;2.7028933e-01;3.2750000e+02;2.6216099e-01;3.2750000e+02;2.4841028e-01;3.2750000e+02;3.0957434e-02;3.2750000e+02;4.2300202e-02;3.2750000e+02;5.5374507e-02;3.2750000e+02;7.1348235e-02;3.2750000e+02;8.8697158e-02;3.2750000e+02;1.0652105e-01;3.2750000e+02;1.2560117e-01;3.2750000e+02;1.4488964e-01;3.2750000e+02;1.6014735e-01;3.2750000e+02;1.7342754e-01;3.2750000e+02;1.8844238e-01;3.2750000e+02;2.1210408e-01;3.2750000e+02;2.3743102e-01;3.2750000e+02;2.6215315e-01;3.2750000e+02;2.7074158e-01;3.2750000e+02;2.7028933e-01;3.2750000e+02;2.6216099e-01;3.2750000e+02;2.4841028e-01;3.2750000e+02;3.0957434e-02;3.2750000e+02;4.2300202e-02;3.2750000e+02;5.5374507e-02;3.2750000e+02;7.1348235e-02;3.2750000e+02;8.8697158e-02;3.2750000e+02;1.0652105e-01;3.2750000e+02;1.2560117e-01;3.2750000e+02;1.4488964e-01;3.2750000e+02;1.6014735e-01;3.2750000e+02;1.7342754e-01;3.2750000e+02;1.8844238e-01;3.2750000e+02;2.1210408e-01;3.2750000e+02;2.3743102e-01;3.2750000e+02;2.6215315e-01;3.2750000e+02;2.7074158e-01;3.2750000e+02;2.7028933e-01;3.2750000e+02;2.6216099e-01;3.2750000e+02;2.4841028e-01;3.2750000e+02;3.0957434e-02;3.2750000e+02;4.2300202e-02;3.2750000e+02;5.5374507e-02;3.2750000e+02;7.1348235e-02;3.2750000e+02;8.8697158e-02;3.2750000e+02;1.0652105e-01;3.2750000e+02;1.2560117e-01;3.2750000e+02;1.4488964e-01;3.2750000e+02;1.6014735e-01;3.2750000e+02;1.7342754e-01;3.2750000e+02;1.8844238e-01;3.2750000e+02;2.1210408e-01;3.2750000e+02;2.3743102e-01;3.2750000e+02;2.6215315e-01;3.2750000e+02;2.7074158e-01;3.2750000e+02;2.7028933e-01;3.2750000e+02;2.6216099e-01;3.2750000e+02;2.4841028e-01;3.2750000e+02;3.0957434e-02;3.2750000e+02;4.2300202e-02;3.2750000e+02;5.5374507e-02;3.2750000e+02;7.1348235e-02;3.2750000e+02;8.8697158e-02;3.2750000e+02;1.0652105e-01;3.2750000e+02;1.2560117e-01;3.2750000e+02;1.4488964e-01;3.2750000e+02;1.6014735e-01;3.2750000e+02;1.7342754e-01;3.2750000e+02;1.8844238e-01;3.2750000e+02;2.1210408e-01;3.2750000e+02;2.3743102e-01;3.2750000e+02;2.6215315e-01;3.2750000e+02;2.7074158e-01;3.2750000e+02;2.7028933e-01;3.2750000e+02;2.6216099e-01;3.2750000e+02;2.4841028e-01;3.2750000e+02;3.0957434e-02;3.2750000e+02;4.2300202e-02;3.2750000e+02;5.5374507e-02;3.2750000e+02;7.1348235e-02;3.2750000e+02;8.8697158e-02;3.2750000e+02;1.0652105e-01;3.2750000e+02;1.2560117e-01;3.2750000e+02;1.4488964e-01;3.2750000e+02;1.6014735e-01;3.2750000e+02;1.7342754e-01;3.2750000e+02;1.8844238e-01;3.2750000e+02;2.1210408e-01;3.2750000e+02;2.3743102e-01;3.2750000e+02;2.6215315e-01;3.2750000e+02;2.7074158e-01;3.2750000e+02;2.7028933e-01;3.2750000e+02;2.6216099e-01;3.2750000e+02;2.4841028e-01;3.2750000e+02;3.0957434e-02;3.2750000e+02;4.2300202e-02;3.2750000e+02;5.5374507e-02;3.2750000e+02;7.1348235e-02;3.2750000e+02;8.8697158e-02;3.2750000e+02;1.0652105e-01;3.2750000e+02;1.2560117e-01;3.2750000e+02;1.4488964e-01;3.2750000e+02;1.6014735e-01;3.2750000e+02;1.7342754e-01;3.2750000e+02;1.8844238e-01;3.2750000e+02;2.1210408e-01;3.2750000e+02;2.3743102e-01;3.2750000e+02;2.6215315e-01;3.2750000e+02;2.7074158e-01;3.2750000e+02;2.7028933e-01;3.2750000e+02;2.6216099e-01;3.2750000e+02;2.4841028e-01;3.2750000e+02;3.0957434e-02;3.2750000e+02;4.2300202e-02;3.2750000e+02;5.5374507e-02;3.2750000e+02;7.1348235e-02;3.2750000e+02;8.8697158e-02;3.2750000e+02;1.0652105e-01;3.2750000e+02;1.2560117e-01;3.2750000e+02;1.4488964e-01;3.2750000e+02;1.6014735e-01;3.2750000e+02;1.7342754e-01;3.2750000e+02;1.8844238e-01;3.2750000e+02;2.1210408e-01;3.2750000e+02;2.3743102e-01;3.2750000e+02;2.6215315e-01;3.2750000e+02;2.7074158e-01;3.2750000e+02;2.7028933e-01;3.2750000e+02;2.6216099e-01;3.2750000e+02;2.4841028e-01;3.2750000e+02;3.0957434e-02;3.2750000e+02;4.2300202e-02;3.2750000e+02;5.5374507e-02;3.2750000e+02;7.1348235e-02;3.2750000e+02;8.8697158e-02;3.2750000e+02;1.0652105e-01;3.2750000e+02;1.2560117e-01;3.2750000e+02;1.4488964e-01;3.2750000e+02;1.6014735e-01;3.2750000e+02;1.7342754e-01;3.2750000e+02;1.8844238e-01;3.2750000e+02;2.1210408e-01;3.2750000e+02;2.3743102e-01;3.2750000e+02;2.6215315e-01;3.2750000e+02;2.7074158e-01;3.2750000e+02;2.7028933e-01;3.2750000e+02;2.6216099e-01;3.2750000e+02;2.4841028e-01;3.2750000e+02;3.0957434e-02;3.2750000e+02;4.2300202e-02;3.2750000e+02;5.5374507e-02;3.2750000e+02;7.1348235e-02;3.2750000e+02;8.8697158e-02;3.2750000e+02;1.0652105e-01;3.2750000e+02;1.2560117e-01;3.2750000e+02;1.4488964e-01;3.2750000e+02;1.6014735e-01;3.2750000e+02;1.7342754e-01;3.2750000e+02;1.8844238e-01;3.2750000e+02;2.1210408e-01;3.2750000e+02;2.3743102e-01;3.2750000e+02;2.6215315e-01;3.2750000e+02;2.7074158e-01;3.2750000e+02;2.7028933e-01;3.2750000e+02;2.6216099e-01;3.2750000e+02;2.4841028e-01;3.2750000e+02;3.0957434e-02;3.2750000e+02;4.2300202e-02;3.2750000e+02;5.5374507e-02;3.2750000e+02;7.1348235e-02;3.2750000e+02;8.8697158e-02;3.2750000e+02;1.0652105e-01;3.2750000e+02;1.2560117e-01;3.2750000e+02;1.4488964e-01;3.2750000e+02;1.6014735e-01;3.2750000e+02;1.7342754e-01;3.2750000e+02;1.8844238e-01;3.2750000e+02;2.1210408e-01;3.2750000e+02;2.3743102e-01;3.2750000e+02;2.6215315e-01;3.2750000e+02;2.7074158e-01;3.2750000e+02;2.7028933e-01;3.2750000e+02;2.6216099e-01;3.2750000e+02;2.4841028e-01;3.2750000e+02;3.0957434e-02;3.2750000e+02;4.2300202e-02;3.2750000e+02;5.5374507e-02;3.2750000e+02;7.1348235e-02;3.2750000e+02;8.8697158e-02;3.2750000e+02;1.0652105e-01;3.2750000e+02;1.2560117e-01;3.2750000e+02;1.4488964e-01;3.2750000e+02;1.6014735e-01;3.2750000e+02;1.7342754e-01;3.2750000e+02;1.8844238e-01;3.2750000e+02;2.1210408e-01;3.2750000e+02;2.3743102e-01;3.2750000e+02;2.6215315e-01;3.2750000e+02;2.7074158e-01;3.2750000e+02;2.7028933e-01;3.2750000e+02;2.6216099e-01;3.2750000e+02;2.4841028e-01;3.2750000e+02;3.0957434e-02;3.2750000e+02;4.2300202e-02;3.2750000e+02;5.5374507e-02;3.2750000e+02;7.1348235e-02;3.2750000e+02;8.8697158e-02;3.2750000e+02;1.0652105e-01;3.2750000e+02;1.2560117e-01;3.2750000e+02;1.4488964e-01;3.2750000e+02;1.6014735e-01;3.2750000e+02;1.7342754e-01;3.2750000e+02;1.8844238e-01;3.2750000e+02;2.1210408e-01;3.2750000e+02;2.3743102e-01;3.2750000e+02;2.6215315e-01;3.2750000e+02;2.7074158e-01;3.2750000e+02;2.7028933e-01;3.2750000e+02;2.6216099e-01;3.2750000e+02;2.4841028e-01;3.2750000e+02;3.0957434e-02;3.2750000e+02;4.2300202e-02;3.2750000e+02;5.5374507e-02;3.2750000e+02;7.1348235e-02;3.2750000e+02;8.8697158e-02;3.2750000e+02;1.0652105e-01;3.2750000e+02;1.2560117e-01;3.2750000e+02;1.4488964e-01;3.2750000e+02;1.6014735e-01;3.2750000e+02;1.7342754e-01;3.2750000e+02;1.8844238e-01;3.2750000e+02;2.1210408e-01;3.2750000e+02;2.3743102e-01;3.2750000e+02;2.6215315e-01;3.2750000e+02;2.7074158e-01;3.2750000e+02;2.7028933e-01;3.2750000e+02;2.6216099e-01;3.2750000e+02;2.4841028e-01;3.2750000e+02;3.0957434e-02;3.2750000e+02;4.2300202e-02;3.2750000e+02;5.5374507e-02;3.2750000e+02;7.1348235e-02;3.2750000e+02;8.8697158e-02;3.2750000e+02;1.0652105e-01;3.2750000e+02;1.2560117e-01;3.2750000e+02;1.4488964e-01;3.2750000e+02;1.6014735e-01;3.2750000e+02;1.7342754e-01;3.2750000e+02;1.8844238e-01;3.2750000e+02;2.1210408e-01;3.2750000e+02;2.3743102e-01;3.2750000e+02;2.6215315e-01;3.2750000e+02;2.7074158e-01;3.2750000e+02;2.7028933e-01;3.2750000e+02;2.6216099e-01;3.2750000e+02;2.4841028e-01;3.2750000e+02;3.0957434e-02;3.2750000e+02;4.2300202e-02;3.2750000e+02;5.5374507e-02;3.2750000e+02;7.1348235e-02;3.2750000e+02;8.8697158e-02;3.2750000e+02;1.0652105e-01;3.2750000e+02;1.2560117e-01;3.2750000e+02;1.4488964e-01;3.2750000e+02;1.6014735e-01;3.2750000e+02;1.7342754e-01;3.2750000e+02;1.8844238e-01;3.2750000e+02;2.1210408e-01;3.2750000e+02;2.3743102e-01;3.2750000e+02;2.6215315e-01;3.2750000e+02;2.7074158e-01;3.2750000e+02;2.7028933e-01;3.2750000e+02;2.6216099e-01;3.2750000e+02;2.4841028e-01;3.2750000e+02;3.0957434e-02;3.2750000e+02;4.2300202e-02;3.2750000e+02;5.5374507e-02;3.2750000e+02;7.1348235e-02;3.2750000e+02;8.8697158e-02;3.2750000e+02;1.0652105e-01;3.2750000e+02;1.2560117e-01;3.2750000e+02;1.4488964e-01;3.2750000e+02;1.6014735e-01;3.2750000e+02;1.7342754e-01;3.2750000e+02;1.8844238e-01;3.2750000e+02;2.1210408e-01;3.2750000e+02;2.3743102e-01;3.2750000e+02;2.6215315e-01;3.2750000e+02;2.7074158e-01;3.2750000e+02;2.7028933e-01;3.2750000e+02;2.6216099e-01;3.2750000e+02;2.4841028e-01;3.2750000e+02;3.0957434e-02;3.2750000e+02;4.2300202e-02;3.2750000e+02;5.5374507e-02;3.2750000e+02;7.1348235e-02;3.2750000e+02;8.8697158e-02;3.2750000e+02;1.0652105e-01;3.2750000e+02;1.2560117e-01;3.2750000e+02;1.4488964e-01;3.2750000e+02;1.6014735e-01;3.2750000e+02;1.7342754e-01;3.2750000e+02;1.8844238e-01;3.2750000e+02;2.1210408e-01;3.2750000e+02;2.3743102e-01;3.2750000e+02;2.6215315e-01;3.2750000e+02;2.7074158e-01;3.2750000e+02;2.7028933e-01;3.2750000e+02;2.6216099e-01;3.2750000e+02;2.4841028e-01;3.2750000e+02;3.0957434e-02;3.2750000e+02;4.2300202e-02;3.2750000e+02;5.5374507e-02;3.2750000e+02;7.1348235e-02;3.2750000e+02;8.8697158e-02;3.2750000e+02;1.0652105e-01;3.2750000e+02;1.2560117e-01;3.2750000e+02;1.4488964e-01;3.2750000e+02;1.6014735e-01;3.2750000e+02;1.7342754e-01;3.2750000e+02;1.8844238e-01;3.2750000e+02;2.1210408e-01;3.2750000e+02;2.3743102e-01;3.2750000e+02;2.6215315e-01;3.2750000e+02;2.7074158e-01;3.2750000e+02;2.7028933e-01;3.2750000e+02;2.6216099e-01;3.2750000e+02;2.4841028e-01;3.2750000e+02;3.0957434e-02;3.2750000e+02;4.2300202e-02;3.2750000e+02;5.5374507e-02;3.2750000e+02;7.1348235e-02;3.2750000e+02;8.8697158e-02;3.2750000e+02;1.0652105e-01;3.2750000e+02;1.2560117e-01;3.2750000e+02;1.4488964e-01;3.2750000e+02;1.6014735e-01;3.2750000e+02;1.7342754e-01;3.2750000e+02;1.8844238e-01;3.2750000e+02;2.1210408e-01;3.2750000e+02;2.3743102e-01;3.2750000e+02;2.6215315e-01;3.2750000e+02;2.7074158e-01;3.2750000e+02;2.7028933e-01;3.2750000e+02;2.6216099e-01;3.2750000e+02;2.4841028e-01;3.2750000e+02;3.0957434e-02;3.2750000e+02;4.2300202e-02;3.2750000e+02;5.5374507e-02;3.2750000e+02;7.1348235e-02;3.2750000e+02;8.8697158e-02;3.2750000e+02;1.0652105e-01;3.2750000e+02;1.2560117e-01;3.2750000e+02;1.4488964e-01;3.2750000e+02;1.6014735e-01;3.2750000e+02;1.7342754e-01;3.2750000e+02;1.8844238e-01;3.2750000e+02;2.1210408e-01;3.2750000e+02;2.3743102e-01;3.2750000e+02;2.6215315e-01;3.2750000e+02;2.7074158e-01;3.2750000e+02;2.7028933e-01;3.2750000e+02;2.6216099e-01;3.2750000e+02;2.4841028e-01;3.2750000e+02;3.0957434e-02;3.2750000e+02;4.2300202e-02;3.2750000e+02;5.5374507e-02;3.2750000e+02;7.1348235e-02;3.2750000e+02;8.8697158e-02;3.2750000e+02;1.0652105e-01;3.2750000e+02;1.2560117e-01;3.2750000e+02;1.4488964e-01;3.2750000e+02;1.6014735e-01;3.2750000e+02;1.7342754e-01;3.2750000e+02;1.8844238e-01;3.2750000e+02;2.1210408e-01;3.2750000e+02;2.3743102e-01;3.2750000e+02;2.6215315e-01;3.2750000e+02;2.7074158e-01;3.2750000e+02;2.7028933e-01;3.2750000e+02;2.6216099e-01;3.2750000e+02;2.4841028e-01;3.2750000e+02;3.0957434e-02;3.2750000e+02;4.2300202e-02;3.2750000e+02;5.5374507e-02;3.2750000e+02;7.1348235e-02;3.2750000e+02;8.8697158e-02;3.2750000e+02;1.0652105e-01;3.2750000e+02;1.2560117e-01;3.2750000e+02;1.4488964e-01;3.2750000e+02;1.6014735e-01;3.2750000e+02;1.7342754e-01;3.2750000e+02;1.8844238e-01;3.2750000e+02;2.1210408e-01;3.2750000e+02;2.3743102e-01;3.2750000e+02;2.6215315e-01;3.2750000e+02;2.7074158e-01;3.2750000e+02;2.7028933e-01;3.2750000e+02;2.6216099e-01;3.2750000e+02;2.4841028e-01;3.2750000e+02;3.0957434e-02;3.2750000e+02;4.2300202e-02;3.2750000e+02;5.5374507e-02;3.2750000e+02;7.1348235e-02;3.2750000e+02;8.8697158e-02;3.2750000e+02;1.0652105e-01;3.2750000e+02;1.2560117e-01;3.2750000e+02;1.4488964e-01;3.2750000e+02;1.6014735e-01;3.2750000e+02;1.7342754e-01;3.2750000e+02;1.8844238e-01;3.2750000e+02;2.1210408e-01;3.2750000e+02;2.3743102e-01;3.2750000e+02;2.6215315e-01;3.2750000e+02;2.7074158e-01;3.2750000e+02;2.7028933e-01;3.2750000e+02;2.6216099e-01;3.2750000e+02;2.4841028e-01;3.2750000e+02;3.0957434e-02;3.2750000e+02;4.2300202e-02;3.2750000e+02;5.5374507e-02;3.2750000e+02;7.1348235e-02;3.2750000e+02;8.8697158e-02;3.2750000e+02;1.0652105e-01;3.2750000e+02;1.2560117e-01;3.2750000e+02;1.4488964e-01;3.2750000e+02;1.6014735e-01;3.2750000e+02;1.7342754e-01;3.2750000e+02;1.8844238e-01;3.2750000e+02;2.1210408e-01;3.2750000e+02;2.3743102e-01;3.2750000e+02;2.6215315e-01;3.2750000e+02;2.7074158e-01;3.2750000e+02;2.7028933e-01;3.2750000e+02;2.6216099e-01;3.2750000e+02;2.4841028e-01;3.2750000e+02;3.0957434e-02;3.2750000e+02;4.2300202e-02;3.2750000e+02;5.5374507e-02;3.2750000e+02;7.1348235e-02;3.2750000e+02;8.8697158e-02;3.2750000e+02;1.0652105e-01;3.2750000e+02;1.2560117e-01;3.2750000e+02;1.4488964e-01;3.2750000e+02;1.6014735e-01;3.2750000e+02;1.7342754e-01;3.2750000e+02;1.8844238e-01;3.2750000e+02;2.1210408e-01;3.2750000e+02;2.3743102e-01;3.2750000e+02;2.6215315e-01;3.2750000e+02;2.7074158e-01;3.2750000e+02;2.7028933e-01;3.2750000e+02;2.6216099e-01;3.2750000e+02;2.4841028e-01
3.3250000e+02;2.7909337e-02;3.3250000e+02;3.8139198e-02;3.3250000e+02;5.0591744e-02;3.3250000e+02;6.4879231e-02;3.3250000e+02;8.1039846e-02;3.3250000e+02;9.9178195e-02;3.3250000e+02;1.1877181e-01;3.3250000e+02;1.3575041e-01;3.3250000e+02;1.4958841e-01;3.3250000e+02;1.6093951e-01;3.3250000e+02;1.7340137e-01;3.3250000e+02;1.9795856e-01;3.3250000e+02;2.2517379e-01;3.3250000e+02;2.5419194e-01;3.3250000e+02;2.6538801e-01;3.3250000e+02;2.6657796e-01;3.3250000e+02;2.5995126e-01;3.3250000e+02;2.4735527e-01;3.3250000e+02;2.7909337e-02;3.3250000e+02;3.8139198e-02;3.3250000e+02;5.0591744e-02;3.3250000e+02;6.4879231e-02;3.3250000e+02;8.1039846e-02;3.3250000e+02;9.9178195e-02;3.3250000e+02;1.1877181e-01;3.3250000e+02;1.3575041e-01;3.3250000e+02;1.4958841e-01;3.3250000e+02;1.6093951e-01;3.3250000e+02;1.7340137e-01;3.3250000e+02;1.9795856e-01;3.3250000e+02;2.2517379e-01;3.3250000e+02;2.5419194e-01;3.3250000e+02;2.6538801e-01;3.3250000e+02;2.6657796e-01;3.3250000e+02;2.5995126e-01;3.3250000e+02;2.4735527e-01;3.3250000e+02;2.7909337e-02;3.3250000e+02;3.8139198e-02;3.3250000e+02;5.0591744e-02;3.3250000e+02;6.4879231e-02;3.3250000e+02;8.1039846e-02;3.3250000e+02;9.9178195e-02;3.3250000e+02;1.1877181e-01;3.3250000e+02;1.3575041e-01;3.3250000e+02;1.4958841e-01;3.3250000e+02;1.6093951e-01;3.3250000e+02;1.7340137e-01;3.3250000e+02;1.9795856e-01;3.3250000e+02;2.2517379e-01;3.3250000e+02;2.5419194e-01;3.3250000e+02;2.6538801e-01;3.3250000e+02;2.6657796e-01;3.3250000e+02;2.5995126e-01;3.3250000e+02;2.4735527e-01;3.3250000e+02;2.7909337e-02;3.3250000e+02;3.8139198e-02;3.3250000e+02;5.0591744e-02;3.3250000e+02;6.4879231e-02;3.3250000e+02;8.1039846e-02;3.3250000e+02;9.9178195e-02;3.3250000e+02;1.1877181e-01;3.3250000e+02;1.3575041e-01;3.3250000e+02;1.4958841e-01;3.3250000e+02;1.6093951e-01;3.3250000e+02;1.7340137e-01;3.3250000e+02;1.9795856e-01;3.3250000e+02;2.2517379e-01;3.3250000e+02;2.5419194e-01;3.3250000e+02;2.6538801e-01;3.3250000e+02;2.6657796e-01;3.3250000e+02;2.5995126e-01;3.3250000e+02;2.4735527e-01;3.3250000e+02;2.7909337e-02;3.3250000e+02;3.8139198e-02;3.3250000e+02;5.0591744e-02;3.3250000e+02;6.4879231e-02;3.3250000e+02;8.1039846e-02;3.3250000e+02;9.9178195e-02;3.3250000e+02;1.1877181e-01;3.3250000e+02;1.3575041e-01;3.3250000e+02;1.4958841e-01;3.3250000e+02;1.6093951e-01;3.3250000e+02;1.7340137e-01;3.3250000e+02;1.9795856e-01;3.3250000e+02;2.2517379e-01;3.3250000e+02;2.5419194e-01;3.3250000e+02;2.6538801e-01;3.3250000e+02;2.6657796e-01;3.3250000e+02;2.5995126e-01;3.3250000e+02;2.4735527e-01;3.3250000e+02;2.7909337e-02;3.3250000e+02;3.8139198e-02;3.3250000e+02;5.0591744e-02;3.3250000e+02;6.4879231e-02;3.3250000e+02;8.1039846e-02;3.3250000e+02;9.9178195e-02;3.3250000e+02;1.1877181e-01;3.3250000e+02;1.3575041e-01;3.3250000e+02;1.4958841e-01;3.3250000e+02;1.6093951e-01;3.3250000e+02;1.7340137e-01;3.3250000e+02;1.9795856e-01;3.3250000e+02;2.2517379e-01;3.3250000e+02;2.5419194e-01;3.3250000e+02;2.6538801e-01;3.3250000e+02;2.6657796e-01;3.3250000e+02;2.5995126e-01;3.3250000e+02;2.4735527e-01;3.3250000e+02;2.7909337e-02;3.3250000e+02;3.8139198e-02;3.3250000e+02;5.0591744e-02;3.3250000e+02;6.4879231e-02;3.3250000e+02;8.1039846e-02;3.3250000e+02;9.9178195e-02;3.3250000e+02;1.1877181e-01;3.3250000e+02;1.3575041e-01;3.3250000e+02;1.4958841e-01;3.3250000e+02;1.6093951e-01;3.3250000e+02;1.7340137e-01;3.3250000e+02;1.9795856e-01;3.3250000e+02;2.2517379e-01;3.3250000e+02;2.5419194e-01;3.3250000e+02;2.6538801e-01;3.3250000e+02;2.6657796e-01;3.3250000e+02;2.5995126e-01;3.3250000e+02;2.4735527e-01;3.3250000e+02;2.7909337e-02;3.3250000e+02;3.8139198e-02;3.3250000e+02;5.0591744e-02;3.3250000e+02;6.4879231e-02;3.3250000e+02;8.1039846e-02;3.3250000e+02;9.9178195e-02;3.3250000e+02;1.1877181e-01;3.3250000e+02;1.3575041e-01;3.3250000e+02;1.4958841e-01;3.3250000e+02;1.6093951e-01;3.3250000e+02;1.7340137e-01;3.3250000e+02;1.9795856e-01;3.3250000e+02;2.2517379e-01;3.3250000e+02;2.5419194e-01;3.3250000e+02;2.6538801e-01;3.3250000e+02;2.6657796e-01;3.3250000e+02;2.5995126e-01;3.3250000e+02;2.4735527e-01;3.3250000e+02;2.7909337e-02;3.3250000e+02;3.8139198e-02;3.3250000e+02;5.0591744e-02;3.3250000e+02;6.4879231e-02;3.3250000e+02;8.1039846e-02;3.3250000e+02;9.9178195e-02;3.3250000e+02;1.1877181e-01;3.3250000e+02;1.3575041e-01;3.3250000e+02;1.4958841e-01;3.3250000e+02;1.6093951e-01;3.3250000e+02;1.7340137e-01;3.3250000e+02;1.9795856e-01;3.3250000e+02;2.2517379e-01;3.3250000e+02;2.5419194e-01;3.3250000e+02;2.6538801e-01;3.3250000e+02;2.6657796e-01;3.3250000e+02;2.5995126e-01;3.3250000e+02;2.4735527e-01;3.3250000e+02;2.7909337e-02;3.3250000e+02;3.8139198e-02;3.3250000e+02;5.0591744e-02;3.3250000e+02;6.4879231e-02;3.3250000e+02;8.1039846e-02;3.3250000e+02;9.9178195e-02;3.3250000e+02;1.1877181e-01;3.3250000e+02;1.3575041e-01;3.3250000e+02;1.4958841e-01;3.3250000e+02;1.6093951e-01;3.3250000e+02;1.7340137e-01;3.3250000e+02;1.9795856e-01;3.3250000e+02;2.2517379e-01;3.3250000e+02;2.5419194e-01;3.3250000e+02;2.6538801e-01;3.3250000e+02;2.6657796e-01;3.3250000e+02;2.5995126e-01;3.3250000e+02;2.4735527e-01;3.3250000e+02;2.7909337e-02;3.3250000e+02;3.8139198e-02;3.3250000e+02;5.0591744e-02;3.3250000e+02;6.4879231e-02;3.3250000e+02;8.1039846e-02;3.3250000e+02;9.9178195e-02;3.3250000e+02;1.1877181e-01;3.3250000e+02;1.3575041e-01;3.3250000e+02;1.4958841e-01;3.3250000e+02;1.6093951e-01;3.3250000e+02;1.7340137e-01;3.3250000e+02;1.9795856e-01;3.3250000e+02;2.2517379e-01;3.3250000e+02;2.5419194e-01;3.3250000e+02;2.6538801e-01;3.3250000e+02;2.6657796e-01;3.3250000e+02;2.5995126e-01;3.3250000e+02;2.4735527e-01;3.3250000e+02;2.7909337e-02;3.3250000e+02;3.8139198e-02;3.3250000e+02;5.0591744e-02;3.3250000e+02;6.4879231e-02;3.3250000e+02;8.1039846e-02;3.3250000e+02;9.9178195e-02;3.3250000e+02;1.1877181e-01;3.3250000e+02;1.3575041e-01;3.3250000e+02;1.4958841e-01;3.3250000e+02;1.6093951e-01;3.3250000e+02;1.7340137e-01;3.3250000e+02;1.9795856e-01;3.3250000e+02;2.2517379e-01;3.3250000e+02;2.5419194e-01;3.3250000e+02;2.6538801e-01;3.3250000e+02;2.6657796e-01;3.3250000e+02;2.5995126e-01;3.3250000e+02;2.4735527e-01;3.3250000e+02;2.7909337e-02;3.3250000e+02;3.8139198e-02;3.3250000e+02;5.0591744e-02;3.3250000e+02;6.4879231e-02;3.3250000e+02;8.1039846e-02;3.3250000e+02;9.9178195e-02;3.3250000e+02;1.1877181e-01;3.3250000e+02;1.3575041e-01;3.3250000e+02;1.4958841e-01;3.3250000e+02;1.6093951e-01;3.3250000e+02;1.7340137e-01;3.3250000e+02;1.9795856e-01;3.3250000e+02;2.2517379e-01;3.3250000e+02;2.5419194e-01;3.3250000e+02;2.6538801e-01;3.3250000e+02;2.6657796e-01;3.3250000e+02;2.5995126e-01;3.3250000e+02;2.4735527e-01;3.3250000e+02;2.7909337e-02;3.3250000e+02;3.8139198e-02;3.3250000e+02;5.0591744e-02;3.3250000e+02;6.4879231e-02;3.3250000e+02;8.1039846e-02;3.3250000e+02;9.9178195e-02;3.3250000e+02;1.1877181e-01;3.3250000e+02;1.3575041e-01;3.3250000e+02;1.4958841e-01;3.3250000e+02;1.6093951e-01;3.3250000e+02;1.7340137e-01;3.3250000e+02;1.9795856e-01;3.3250000e+02;2.2517379e-01;3.3250000e+02;2.5419194e-01;3.3250000e+02;2.6538801e-01;3.3250000e+02;2.6657796e-01;3.3250000e+02;2.5995126e-01;3.3250000e+02;2.4735527e-01;3.3250000e+02;2.7909337e-02;3.3250000e+02;3.8139198e-02;3.3250000e+02;5.0591744e-02;3.3250000e+02;6.4879231e-02;3.3250000e+02;8.1039846e-02;3.3250000e+02;9.9178195e-02;3.3250000e+02;1.1877181e-01;3.3250000e+02;1.3575041e-01;3.3250000e+02;1.4958841e-01;3.3250000e+02;1.6093951e-01;3.3250000e+02;1.7340137e-01;3.3250000e+02;1.9795856e-01;3.3250000e+02;2.2517379e-01;3.3250000e+02;2.5419194e-01;3.3250000e+02;2.6538801e-01;3.3250000e+02;2.6657796e-01;3.3250000e+02;2.5995126e-01;3.3250000e+02;2.4735527e-01;3.3250000e+02;2.7909337e-02;3.3250000e+02;3.8139198e-02;3.3250000e+02;5.0591744e-02;3.3250000e+02;6.4879231e-02;3.3250000e+02;8.1039846e-02;3.3250000e+02;9.9178195e-02;3.3250000e+02;1.1877181e-01;3.3250000e+02;1.3575041e-01;3.3250000e+02;1.4958841e-01;3.3250000e+02;1.6093951e-01;3.3250000e+02;1.7340137e-01;3.3250000e+02;1.9795856e-01;3.3250000e+02;2.2517379e-01;3.3250000e+02;2.5419194e-01;3.3250000e+02;2.6538801e-01;3.3250000e+02;2.6657796e-01;3.3250000e+02;2.5995126e-01;3.3250000e+02;2.4735527e-01;3.3250000e+02;2.7909337e-02;3.3250000e+02;3.8139198e-02;3.3250000e+02;5.0591744e-02;3.3250000e+02;6.4879231e-02;3.3250000e+02;8.1039846e-02;3.3250000e+02;9.9178195e-02;3.3250000e+02;1.1877181e-01;3.3250000e+02;1.3575041e-01;3.3250000e+02;1.4958841e-01;3.3250000e+02;1.6093951e-01;3.3250000e+02;1.7340137e-01;3.3250000e+02;1.9795856e-01;3.3250000e+02;2.2517379e-01;3.3250000e+02;2.5419194e-01;3.3250000e+02;2.6538801e-01;3.3250000e+02;2.6657796e-01;3.3250000e+02;2.5995126e-01;3.3250000e+02;2.4735527e-01;3.3250000e+02;2.7909337e-02;3.3250000e+02;3.8139198e-02;3.3250000e+02;5.0591744e-02;3.3250000e+02;6.4879231e-02;3.3250000e+02;8.1039846e-02;3.3250000e+02;9.9178195e-02;3.3250000e+02;1.1877181e-01;3.3250000e+02;1.3575041e-01;3.3250000e+02;1.4958841e-01;3.3250000e+02;1.6093951e-01;3.3250000e+02;1.7340137e-01;3.3250000e+02;1.9795856e-01;3.3250000e+02;2.2517379e-01;3.3250000e+02;2.5419194e-01;3.3250000e+02;2.6538801e-01;3.3250000e+02;2.6657796e-01;3.3250000e+02;2.5995126e-01;3.3250000e+02;2.4735527e-01;3.3250000e+02;2.7909337e-02;3.3250000e+02;3.8139198e-02;3.3250000e+02;5.0591744e-02;3.3250000e+02;6.4879231e-02;3.3250000e+02;8.1039846e-02;3.3250000e+02;9.9178195e-02;3.3250000e+02;1.1877181e-01;3.3250000e+02;1.3575041e-01;3.3250000e+02;1.4958841e-01;3.3250000e+02;1.6093951e-01;3.3250000e+02;1.7340137e-01;3.3250000e+02;1.9795856e-01;3.3250000e+02;2.2517379e-01;3.3250000e+02;2.5419194e-01;3.3250000e+02;2.6538801e-01;3.3250000e+02;2.6657796e-01;3.3250000e+02;2.5995126e-01;3.3250000e+02;2.4735527e-01;3.3250000e+02;2.7909337e-02;3.3250000e+02;3.8139198e-02;3.3250000e+02;5.0591744e-02;3.3250000e+02;6.4879231e-02;3.3250000e+02;8.1039846e-02;3.3250000e+02;9.9178195e-02;3.3250000e+02;1.1877181e-01;3.3250000e+02;1.3575041e-01;3.3250000e+02;1.4958841e-01;3.3250000e+02;1.6093951e-01;3.3250000e+02;1.7340137e-01;3.3250000e+02;1.9795856e-01;3.3250000e+02;2.2517379e-01;3.3250000e+02;2.5419194e-01;3.3250000e+02;2.6538801e-01;3.3250000e+02;2.6657796e-01;3.3250000e+02;2.5995126e-01;3.3250000e+02;2.4735527e-01;3.3250000e+02;2.7909337e-02;3.3250000e+02;3.8139198e-02;3.3250000e+02;5.0591744e-02;3.3250000e+02;6.4879231e-02;3.3250000e+02;8.1039846e-02;3.3250000e+02;9.9178195e-02;3.3250000e+02;1.1877181e-01;3.3250000e+02;1.3575041e-01;3.3250000e+02;1.4958841e-01;3.3250000e+02;1.6093951e-01;3.3250000e+02;1.7340137e-01;3.3250000e+02;1.9795856e-01;3.3250000e+02;2.2517379e-01;3.3250000e+02;2.5419194e-01;3.3250000e+02;2.6538801e-01;3.3250000e+02;2.6657796e-01;3.3250000e+02;2.5995126e-01;3.3250000e+02;2.4735527e-01;3.3250000e+02;2.7909337e-02;3.3250000e+02;3.8139198e-02;3.3250000e+02;5.0591744e-02;3.3250000e+02;6.4879231e-02;3.3250000e+02;8.1039846e-02;3.3250000e+02;9.9178195e-02;3.3250000e+02;1.1877181e-01;3.3250000e+02;1.3575041e-01;3.3250000e+02;1.4958841e-01;3.3250000e+02;1.6093951e-01;3.3250000e+02;1.7340137e-01;3.3250000e+02;1.9795856e-01;3.3250000e+02;2.2517379e-01;3.3250000e+02;2.5419194e-01;3.3250000e+02;2.6538801e-01;3.3250000e+02;2.6657796e-01;3.3250000e+02;2.5995126e-01;3.3250000e+02;2.4735527e-01;3.3250000e+02;2.7909337e-02;3.3250000e+02;3.8139198e-02;3.3250000e+02;5.0591744e-02;3.3250000e+02;6.4879231e-02;3.3250000e+02;8.1039846e-02;3.3250000e+02;9.9178195e-02;3.3250000e+02;1.1877181e-01;3.3250000e+02;1.3575041e-01;3.3250000e+02;1.4958841e-01;3.3250000e+02;1.6093951e-01;3.3250000e+02;1.7340137e-01;3.3250000e+02;1.9795856e-01;3.3250000e+02;2.2517379e-01;3.3250000e+02;2.5419194e-01;3.3250000e+02;2.6538801e-01;3.3250000e+02;2.6657796e-01;3.3250000e+02;2.5995126e-01;3.3250000e+02;2.4735527e-01;3.3250000e+02;2.7909337e-02;3.3250000e+02;3.8139198e-02;3.3250000e+02;5.0591744e-02;3.3250000e+02;6.4879231e-02;3.3250000e+02;8.1039846e-02;3.3250000e+02;9.9178195e-02;3.3250000e+02;1.1877181e-01;3.3250000e+02;1.3575041e-01;3.3250000e+02;1.4958841e-01;3.3250000e+02;1.6093951e-01;3.3250000e+02;1.7340137e-01;3.3250000e+02;1.9795856e-01;3.3250000e+02;2.2517379e-01;3.3250000e+02;2.5419194e-01;3.3250000e+02;2.6538801e-01;3.3250000e+02;2.6657796e-01;3.3250000e+02;2.5995126e-01;3.3250000e+02;2.4735527e-01;3.3250000e+02;2.7909337e-02;3.3250000e+02;3.8139198e-02;3.3250000e+02;5.0591744e-02;3.3250000e+02;6.4879231e-02;3.3250000e+02;8.1039846e-02;3.3250000e+02;9.9178195e-02;3.3250000e+02;1.1877181e-01;3.3250000e+02;1.3575041e-01;3.3250000e+02;1.4958841e-01;3.3250000e+02;1.6093951e-01;3.3250000e+02;1.7340137e-01;3.3250000e+02;1.9795856e-01;3.3250000e+02;2.2517379e-01;3.3250000e+02;2.5419194e-01;3.3250000e+02;2.6538801e-01;3.3250000e+02;2.6657796e-01;3.3250000e+02;2.5995126e-01;3.3250000e+02;2.4735527e-01;3.3250000e+02;2.7909337e-02;3.3250000e+02;3.8139198e-02;3.3250000e+02;5.0591744e-02;3.3250000e+02;6.4879231e-02;3.3250000e+02;8.1039846e-02;3.3250000e+02;9.9178195e-02;3.3250000e+02;1.1877181e-01;3.3250000e+02;1.3575041e-01;3.3250000e+02;1.4958841e-01;3.3250000e+02;1.6093951e-01;3.3250000e+02;1.7340137e-01;3.3250000e+02;1.9795856e-01;3.3250000e+02;2.2517379e-01;3.3250000e+02;2.5419194e-01;3.3250000e+02;2.6538801e-01;3.3250000e+02;2.6657796e-01;3.3250000e+02;2.5995126e-01;3.3250000e+02;2.4735527e-01;3.3250000e+02;2.7909337e-02;3.3250000e+02;3.8139198e-02;3.3250000e+02;5.0591744e-02;3.3250000e+02;6.4879231e-02;3.3250000e+02;8.1039846e-02;3.3250000e+02;9.9178195e-02;3.3250000e+02;1.1877181e-01;3.3250000e+02;1.3575041e-01;3.3250000e+02;1.4958841e-01;3.3250000e+02;1.6093951e-01;3.3250000e+02;1.7340137e-01;3.3250000e+02;1.9795856e-01;3.3250000e+02;2.2517379e-01;3.3250000e+02;2.5419194e-01;3.3250000e+02;2.6538801e-01;3.3250000e+02;2.6657796e-01;3.3250000e+02;2.5995126e-01;3.3250000e+02;2.4735527e-01;3.3250000e+02;2.7909337e-02;3.3250000e+02;3.8139198e-02;3.3250000e+02;5.0591744e-02;3.3250000e+02;6.4879231e-02;3.3250000e+02;8.1039846e-02;3.3250000e+02;9.9178195e-02;3.3250000e+02;1.1877181e-01;3.3250000e+02;1.3575041e-01;3.3250000e+02;1.4958841e-01;3.3250000e+02;1.6093951e-01;3.3250000e+02;1.7340137e-01;3.3250000e+02;1.9795856e-01;3.3250000e+02;2.2517379e-01;3.3250000e+02;2.5419194e-01;3.3250000e+02;2.6538801e-01;3.3250000e+02;2.6657796e-01;3.3250000e+02;2.5995126e-01;3.3250000e+02;2.4735527e-01;3.3250000e+02;2.7909337e-02;3.3250000e+02;3.8139198e-02;3.3250000e+02;5.0591744e-02;3.3250000e+02;6.4879231e-02;3.3250000e+02;8.1039846e-02;3.3250000e+02;9.9178195e-02;3.3250000e+02;1.1877181e-01;3.3250000e+02;1.3575041e-01;3.3250000e+02;1.4958841e-01;3.3250000e+02;1.6093951e-01;3.3250000e+02;1.7340137e-01;3.3250000e+02;1.9795856e-01;3.3250000e+02;2.2517379e-01;3.3250000e+02;2.5419194e-01;3.3250000e+02;2.6538801e-01;3.3250000e+02;2.6657796e-01;3.3250000e+02;2.5995126e-01;3.3250000e+02;2.4735527e-01;3.3250000e+02;2.7909337e-02;3.3250000e+02;3.8139198e-02;3.3250000e+02;5.0591744e-02;3.3250000e+02;6.4879231e-02;3.3250000e+02;8.1039846e-02;3.3250000e+02;9.9178195e-02;3.3250000e+02;1.1877181e-01;3.3250000e+02;1.3575041e-01;3.3250000e+02;1.4958841e-01;3.3250000e+02;1.6093951e-01;3.3250000e+02;1.7340137e-01;3.3250000e+02;1.9795856e-01;3.3250000e+02;2.2517379e-01;3.3250000e+02;2.5419194e-01;3.3250000e+02;2.6538801e-01;3.3250000e+02;2.6657796e-01;3.3250000e+02;2.5995126e-01;3.3250000e+02;2.4735527e-01;3.3250000e+02;2.7909337e-02;3.3250000e+02;3.8139198e-02;3.3250000e+02;5.0591744e-02;3.3250000e+02;6.4879231e-02;3.3250000e+02;8.1039846e-02;3.3250000e+02;9.9178195e-02;3.3250000e+02;1.1877181e-01;3.3250000e+02;1.3575041e-01;3.3250000e+02;1.4958841e-01;3.3250000e+02;1.6093951e-01;3.3250000e+02;1.7340137e-01;3.3250000e+02;1.9795856e-01;3.3250000e+02;2.2517379e-01;3.3250000e+02;2.5419194e-01;3.3250000e+02;2.6538801e-01;3.3250000e+02;2.6657796e-01;3.3250000e+02;2.5995126e-01;3.3250000e+02;2.4735527e-01;3.3250000e+02;2.7909337e-02;3.3250000e+02;3.8139198e-02;3.3250000e+02;5.0591744e-02;3.3250000e+02;6.4879231e-02;3.3250000e+02;8.1039846e-02;3.3250000e+02;9.9178195e-02;3.3250000e+02;1.1877181e-01;3.3250000e+02;1.3575041e-01;3.3250000e+02;1.4958841e-01;3.3250000e+02;1.6093951e-01;3.3250000e+02;1.7340137e-01;3.3250000e+02;1.9795856e-01;3.3250000e+02;2.2517379e-01;3.3250000e+02;2.5419194e-01;3.3250000e+02;2.6538801e-01;3.3250000e+02;2.6657796e-01;3.3250000e+02;2.5995126e-01;3.3250000e+02;2.4735527e-01;3.3250000e+02;2.7909337e-02;3.3250000e+02;3.8139198e-02;3.3250000e+02;5.0591744e-02;3.3250000e+02;6.4879231e-02;3.3250000e+02;8.1039846e-02;3.3250000e+02;9.9178195e-02;3.3250000e+02;1.1877181e-01;3.3250000e+02;1.3575041e-01;3.3250000e+02;1.4958841e-01;3.3250000e+02;1.6093951e-01;3.3250000e+02;1.7340137e-01;3.3250000e+02;1.9795856e-01;3.3250000e+02;2.2517379e-01;3.3250000e+02;2.5419194e-01;3.3250000e+02;2.6538801e-01;3.3250000e+02;2.6657796e-01;3.3250000e+02;2.5995126e-01;3.3250000e+02;2.4735527e-01;3.3250000e+02;2.7909337e-02;3.3250000e+02;3.8139198e-02;3.3250000e+02;5.0591744e-02;3.3250000e+02;6.4879231e-02;3.3250000e+02;8.1039846e-02;3.3250000e+02;9.9178195e-02;3.3250000e+02;1.1877181e-01;3.3250000e+02;1.3575041e-01;3.3250000e+02;1.4958841e-01;3.3250000e+02;1.6093951e-01;3.3250000e+02;1.7340137e-01;3.3250000e+02;1.9795856e-01;3.3250000e+02;2.2517379e-01;3.3250000e+02;2.5419194e-01;3.3250000e+02;2.6538801e-01;3.3250000e+02;2.6657796e-01;3.3250000e+02;2.5995126e-01;3.3250000e+02;2.4735527e-01;3.3250000e+02;2.7909337e-02;3.3250000e+02;3.8139198e-02;3.3250000e+02;5.0591744e-02;3.3250000e+02;6.4879231e-02;3.3250000e+02;8.1039846e-02;3.3250000e+02;9.9178195e-02;3.3250000e+02;1.1877181e-01;3.3250000e+02;1.3575041e-01;3.3250000e+02;1.4958841e-01;3.3250000e+02;1.6093951e-01;3.3250000e+02;1.7340137e-01;3.3250000e+02;1.9795856e-01;3.3250000e+02;2.2517379e-01;3.3250000e+02;2.5419194e-01;3.3250000e+02;2.6538801e-01;3.3250000e+02;2.6657796e-01;3.3250000e+02;2.5995126e-01;3.3250000e+02;2.4735527e-01;3.3250000e+02;2.7909337e-02;3.3250000e+02;3.8139198e-02;3.3250000e+02;5.0591744e-02;3.3250000e+02;6.4879231e-02;3.3250000e+02;8.1039846e-02;3.3250000e+02;9.9178195e-02;3.3250000e+02;1.1877181e-01;3.3250000e+02;1.3575041e-01;3.3250000e+02;1.4958841e-01;3.3250000e+02;1.6093951e-01;3.3250000e+02;1.7340137e-01;3.3250000e+02;1.9795856e-01;3.3250000e+02;2.2517379e-01;3.3250000e+02;2.5419194e-01;3.3250000e+02;2.6538801e-01;3.3250000e+02;2.6657796e-01;3.3250000e+02;2.5995126e-01;3.3250000e+02;2.4735527e-01;3.3250000e+02;2.7909337e-02;3.3250000e+02;3.8139198e-02;3.3250000e+02;5.0591744e-02;3.3250000e+02;6.4879231e-02;3.3250000e+02;8.1039846e-02;3.3250000e+02;9.9178195e-02;3.3250000e+02;1.1877181e-01;3.3250000e+02;1.3575041e-01;3.3250000e+02;1.4958841e-01;3.3250000e+02;1.6093951e-01;3.3250000e+02;1.7340137e-01;3.3250000e+02;1.9795856e-01;3.3250000e+02;2.2517379e-01;3.3250000e+02;2.5419194e-01;3.3250000e+02;2.6538801e-01;3.3250000e+02;2.6657796e-01;3.3250000e+02;2.5995126e-01;3.3250000e+02;2.4735527e-01;3.3250000e+02;2.7909337e-02;3.3250000e+02;3.8139198e-02;3.3250000e+02;5.0591744e-02;3.3250000e+02;6.4879231e-02;3.3250000e+02;8.1039846e-02;3.3250000e+02;9.9178195e-02;3.3250000e+02;1.1877181e-01;3.3250000e+02;1.3575041e-01;3.3250000e+02;1.4958841e-01;3.3250000e+02;1.6093951e-01;3.3250000e+02;1.7340137e-01;3.3250000e+02;1.9795856e-01;3.3250000e+02;2.2517379e-01;3.3250000e+02;2.5419194e-01;3.3250000e+02;2.6538801e-01;3.3250000e+02;2.6657796e-01;3.3250000e+02;2.5995126e-01;3.3250000e+02;2.4735527e-01;3.3250000e+02;2.7909337e-02;3.3250000e+02;3.8139198e-02;3.3250000e+02;5.0591744e-02;3.3250000e+02;6.4879231e-02;3.3250000e+02;8.1039846e-02;3.3250000e+02;9.9178195e-02;3.3250000e+02;1.1877181e-01;3.3250000e+02;1.3575041e-01;3.3250000e+02;1.4958841e-01;3.3250000e+02;1.6093951e-01;3.3250000e+02;1.7340137e-01;3.3250000e+02;1.9795856e-01;3.3250000e+02;2.2517379e-01;3.3250000e+02;2.5419194e-01;3.3250000e+02;2.6538801e-01;3.3250000e+02;2.6657796e-01;3.3250000e+02;2.5995126e-01;3.3250000e+02;2.4735527e-01;3.3250000e+02;2.7909337e-02;3.3250000e+02;3.8139198e-02;3.3250000e+02;5.0591744e-02;3.3250000e+02;6.4879231e-02;3.3250000e+02;8.1039846e-02;3.3250000e+02;9.9178195e-02;3.3250000e+02;1.1877181e-01;3.3250000e+02;1.3575041e-01;3.3250000e+02;1.4958841e-01;3.3250000e+02;1.6093951e-01;3.3250000e+02;1.7340137e-01;3.3250000e+02;1.9795856e-01;3.3250000e+02;2.2517379e-01;3.3250000e+02;2.5419194e-01;3.3250000e+02;2.6538801e-01;3.3250000e+02;2.6657796e-01;3.3250000e+02;2.5995126e-01;3.3250000e+02;2.4735527e-01;3.3250000e+02;2.7909337e-02;3.3250000e+02;3.8139198e-02;3.3250000e+02;5.0591744e-02;3.3250000e+02;6.4879231e-02;3.3250000e+02;8.1039846e-02;3.3250000e+02;9.9178195e-02;3.3250000e+02;1.1877181e-01;3.3250000e+02;1.3575041e-01;3.3250000e+02;1.4958841e-01;3.3250000e+02;1.6093951e-01;3.3250000e+02;1.7340137e-01;3.3250000e+02;1.9795856e-01;3.3250000e+02;2.2517379e-01;3.3250000e+02;2.5419194e-01;3.3250000e+02;2.6538801e-01;3.3250000e+02;2.6657796e-01;3.3250000e+02;2.5995126e-01;3.3250000e+02;2.4735527e-01;3.3250000e+02;2.7909337e-02;3.3250000e+02;3.8139198e-02;3.3250000e+02;5.0591744e-02;3.3250000e+02;6.4879231e-02;3.3250000e+02;8.1039846e-02;3.3250000e+02;9.9178195e-02;3.3250000e+02;1.1877181e-01;3.3250000e+02;1.3575041e-01;3.3250000e+02;1.4958841e-01;3.3250000e+02;1.6093951e-01;3.3250000e+02;1.7340137e-01;3.3250000e+02;1.9795856e-01;3.3250000e+02;2.2517379e-01;3.3250000e+02;2.5419194e-01;3.3250000e+02;2.6538801e-01;3.3250000e+02;2.6657796e-01;3.3250000e+02;2.5995126e-01;3.3250000e+02;2.4735527e-01;3.3250000e+02;2.7909337e-02;3.3250000e+02;3.8139198e-02;3.3250000e+02;5.0591744e-02;3.3250000e+02;6.4879231e-02;3.3250000e+02;8.1039846e-02;3.3250000e+02;9.9178195e-02;3.3250000e+02;1.1877181e-01;3.3250000e+02;1.3575041e-01;3.3250000e+02;1.4958841e-01;3.3250000e+02;1.6093951e-01;3.3250000e+02;1.7340137e-01;3.3250000e+02;1.9795856e-01;3.3250000e+02;2.2517379e-01;3.3250000e+02;2.5419194e-01;3.3250000e+02;2.6538801e-01;3.3250000e+02;2.6657796e-01;3.3250000e+02;2.5995126e-01;3.3250000e+02;2.4735527e-01;3.3250000e+02;2.7909337e-02;3.3250000e+02;3.8139198e-02;3.3250000e+02;5.0591744e-02;3.3250000e+02;6.4879231e-02;3.3250000e+02;8.1039846e-02;3.3250000e+02;9.9178195e-02;3.3250000e+02;1.1877181e-01;3.3250000e+02;1.3575041e-01;3.3250000e+02;1.4958841e-01;3.3250000e+02;1.6093951e-01;3.3250000e+02;1.7340137e-01;3.3250000e+02;1.9795856e-01;3.3250000e+02;2.2517379e-01;3.3250000e+02;2.5419194e-01;3.3250000e+02;2.6538801e-01;3.3250000e+02;2.6657796e-01;3.3250000e+02;2.5995126e-01;3.3250000e+02;2.4735527e-01;3.3250000e+02;2.7909337e-02;3.3250000e+02;3.8139198e-02;3.3250000e+02;5.0591744e-02;3.3250000e+02;6.4879231e-02;3.3250000e+02;8.1039846e-02;3.3250000e+02;9.9178195e-02;3.3250000e+02;1.1877181e-01;3.3250000e+02;1.3575041e-01;3.3250000e+02;1.4958841e-01;3.3250000e+02;1.6093951e-01;3.3250000e+02;1.7340137e-01;3.3250000e+02;1.9795856e-01;3.3250000e+02;2.2517379e-01;3.3250000e+02;2.5419194e-01;3.3250000e+02;2.6538801e-01;3.3250000e+02;2.6657796e-01;3.3250000e+02;2.5995126e-01;3.3250000e+02;2.4735527e-01;3.3250000e+02;2.7909337e-02;3.3250000e+02;3.8139198e-02;3.3250000e+02;5.0591744e-02;3.3250000e+02;6.4879231e-02;3.3250000e+02;8.1039846e-02;3.3250000e+02;9.9178195e-02;3.3250000e+02;1.1877181e-01;3.3250000e+02;1.3575041e-01;3.3250000e+02;1.4958841e-01;3.3250000e+02;1.6093951e-01;3.3250000e+02;1.7340137e-01;3.3250000e+02;1.9795856e-01;3.3250000e+02;2.2517379e-01;3.3250000e+02;2.5419194e-01;3.3250000e+02;2.6538801e-01;3.3250000e+02;2.6657796e-01;3.3250000e+02;2.5995126e-01;3.3250000e+02;2.4735527e-01;3.3250000e+02;2.7909337e-02;3.3250000e+02;3.8139198e-02;3.3250000e+02;5.0591744e-02;3.3250000e+02;6.4879231e-02;3.3250000e+02;8.1039846e-02;3.3250000e+02;9.9178195e-02;3.3250000e+02;1.1877181e-01;3.3250000e+02;1.3575041e-01;3.3250000e+02;1.4958841e-01;3.3250000e+02;1.6093951e-01;3.3250000e+02;1.7340137e-01;3.3250000e+02;1.9795856e-01;3.3250000e+02;2.2517379e-01;3.3250000e+02;2.5419194e-01;3.3250000e+02;2.6538801e-01;3.3250000e+02;2.6657796e-01;3.3250000e+02;2.5995126e-01;3.3250000e+02;2.4735527e-01;3.3250000e+02;2.7909337e-02;3.3250000e+02;3.8139198e-02;3.3250000e+02;5.0591744e-02;3.3250000e+02;6.4879231e-02;3.3250000e+02;8.1039846e-02;3.3250000e+02;9.9178195e-02;3.3250000e+02;1.1877181e-01;3.3250000e+02;1.3575041e-01;3.3250000e+02;1.4958841e-01;3.3250000e+02;1.6093951e-01;3.3250000e+02;1.7340137e-01;3.3250000e+02;1.9795856e-01;3.3250000e+02;2.2517379e-01;3.3250000e+02;2.5419194e-01;3.3250000e+02;2.6538801e-01;3.3250000e+02;2.6657796e-01;3.3250000e+02;2.5995126e-01;3.3250000e+02;2.4735527e-01;3.3250000e+02;2.7909337e-02;3.3250000e+02;3.8139198e-02;3.3250000e+02;5.0591744e-02;3.3250000e+02;6.4879231e-02;3.3250000e+02;8.1039846e-02;3.3250000e+02;9.9178195e-02;3.3250000e+02;1.1877181e-01;3.3250000e+02;1.3575041e-01;3.3250000e+02;1.4958841e-01;3.3250000e+02;1.6093951e-01;3.3250000e+02;1.7340137e-01;3.3250000e+02;1.9795856e-01;3.3250000e+02;2.2517379e-01;3.3250000e+02;2.5419194e-01;3.3250000e+02;2.6538801e-01;3.3250000e+02;2.6657796e-01;3.3250000e+02;2.5995126e-01;3.3250000e+02;2.4735527e-01;3.3250000e+02;2.7909337e-02;3.3250000e+02;3.8139198e-02;3.3250000e+02;5.0591744e-02;3.3250000e+02;6.4879231e-02;3.3250000e+02;8.1039846e-02;3.3250000e+02;9.9178195e-02;3.3250000e+02;1.1877181e-01;3.3250000e+02;1.3575041e-01;3.3250000e+02;1.4958841e-01;3.3250000e+02;1.6093951e-01;3.3250000e+02;1.7340137e-01;3.3250000e+02;1.9795856e-01;3.3250000e+02;2.2517379e-01;3.3250000e+02;2.5419194e-01;3.3250000e+02;2.6538801e-01;3.3250000e+02;2.6657796e-01;3.3250000e+02;2.5995126e-01;3.3250000e+02;2.4735527e-01;3.3250000e+02;2.7909337e-02;3.3250000e+02;3.8139198e-02;3.3250000e+02;5.0591744e-02;3.3250000e+02;6.4879231e-02;3.3250000e+02;8.1039846e-02;3.3250000e+02;9.9178195e-02;3.3250000e+02;1.1877181e-01;3.3250000e+02;1.3575041e-01;3.3250000e+02;1.4958841e-01;3.3250000e+02;1.6093951e-01;3.3250000e+02;1.7340137e-01;3.3250000e+02;1.9795856e-01;3.3250000e+02;2.2517379e-01;3.3250000e+02;2.5419194e-01;3.3250000e+02;2.6538801e-01;3.3250000e+02;2.6657796e-01;3.3250000e+02;2.5995126e-01;3.3250000e+02;2.4735527e-01;3.3250000e+02;2.7909337e-02;3.3250000e+02;3.8139198e-02;3.3250000e+02;5.0591744e-02;3.3250000e+02;6.4879231e-02;3.3250000e+02;8.1039846e-02;3.3250000e+02;9.9178195e-02;3.3250000e+02;1.1877181e-01;3.3250000e+02;1.3575041e-01;3.3250000e+02;1.4958841e-01;3.3250000e+02;1.6093951e-01;3.3250000e+02;1.7340137e-01;3.3250000e+02;1.9795856e-01;3.3250000e+02;2.2517379e-01;3.3250000e+02;2.5419194e-01;3.3250000e+02;2.6538801e-01;3.3250000e+02;2.6657796e-01;3.3250000e+02;2.5995126e-01;3.3250000e+02;2.4735527e-01;3.3250000e+02;2.7909337e-02;3.3250000e+02;3.8139198e-02;3.3250000e+02;5.0591744e-02;3.3250000e+02;6.4879231e-02;3.3250000e+02;8.1039846e-02;3.3250000e+02;9.9178195e-02;3.3250000e+02;1.1877181e-01;3.3250000e+02;1.3575041e-01;3.3250000e+02;1.4958841e-01;3.3250000e+02;1.6093951e-01;3.3250000e+02;1.7340137e-01;3.3250000e+02;1.9795856e-01;3.3250000e+02;2.2517379e-01;3.3250000e+02;2.5419194e-01;3.3250000e+02;2.6538801e-01;3.3250000e+02;2.6657796e-01;3.3250000e+02;2.5995126e-01;3.3250000e+02;2.4735527e-01;3.3250000e+02;2.7909337e-02;3.3250000e+02;3.8139198e-02;3.3250000e+02;5.0591744e-02;3.3250000e+02;6.4879231e-02;3.3250000e+02;8.1039846e-02;3.3250000e+02;9.9178195e-02;3.3250000e+02;1.1877181e-01;3.3250000e+02;1.3575041e-01;3.3250000e+02;1.4958841e-01;3.3250000e+02;1.6093951e-01;3.3250000e+02;1.7340137e-01;3.3250000e+02;1.9795856e-01;3.3250000e+02;2.2517379e-01;3.3250000e+02;2.5419194e-01;3.3250000e+02;2.6538801e-01;3.3250000e+02;2.6657796e-01;3.3250000e+02;2.5995126e-01;3.3250000e+02;2.4735527e-01;3.3250000e+02;2.7909337e-02;3.3250000e+02;3.8139198e-02;3.3250000e+02;5.0591744e-02;3.3250000e+02;6.4879231e-02;3.3250000e+02;8.1039846e-02;3.3250000e+02;9.9178195e-02;3.3250000e+02;1.1877181e-01;3.3250000e+02;1.3575041e-01;3.3250000e+02;1.4958841e-01;3.3250000e+02;1.6093951e-01;3.3250000e+02;1.7340137e-01;3.3250000e+02;1.9795856e-01;3.3250000e+02;2.2517379e-01;3.3250000e+02;2.5419194e-01;3.3250000e+02;2.6538801e-01;3.3250000e+02;2.6657796e-01;3.3250000e+02;2.5995126e-01;3.3250000e+02;2.4735527e-01;3.3250000e+02;2.7909337e-02;3.3250000e+02;3.8139198e-02;3.3250000e+02;5.0591744e-02;3.3250000e+02;6.4879231e-02;3.3250000e+02;8.1039846e-02;3.3250000e+02;9.9178195e-02;3.3250000e+02;1.1877181e-01;3.3250000e+02;1.3575041e-01;3.3250000e+02;1.4958841e-01;3.3250000e+02;1.6093951e-01;3.3250000e+02;1.7340137e-01;3.3250000e+02;1.9795856e-01;3.3250000e+02;2.2517379e-01;3.3250000e+02;2.5419194e-01;3.3250000e+02;2.6538801e-01;3.3250000e+02;2.6657796e-01;3.3250000e+02;2.5995126e-01;3.3250000e+02;2.4735527e-01;3.3250000e+02;2.7909337e-02;3.3250000e+02;3.8139198e-02;3.3250000e+02;5.0591744e-02;3.3250000e+02;6.4879231e-02;3.3250000e+02;8.1039846e-02;3.3250000e+02;9.9178195e-02;3.3250000e+02;1.1877181e-01;3.3250000e+02;1.3575041e-01;3.3250000e+02;1.4958841e-01;3.3250000e+02;1.6093951e-01;3.3250000e+02;1.7340137e-01;3.3250000e+02;1.9795856e-01;3.3250000e+02;2.2517379e-01;3.3250000e+02;2.5419194e-01;3.3250000e+02;2.6538801e-01;3.3250000e+02;2.6657796e-01;3.3250000e+02;2.5995126e-01;3.3250000e+02;2.4735527e-01;3.3250000e+02;2.7909337e-02;3.3250000e+02;3.8139198e-02;3.3250000e+02;5.0591744e-02;3.3250000e+02;6.4879231e-02;3.3250000e+02;8.1039846e-02;3.3250000e+02;9.9178195e-02;3.3250000e+02;1.1877181e-01;3.3250000e+02;1.3575041e-01;3.3250000e+02;1.4958841e-01;3.3250000e+02;1.6093951e-01;3.3250000e+02;1.7340137e-01;3.3250000e+02;1.9795856e-01;3.3250000e+02;2.2517379e-01;3.3250000e+02;2.5419194e-01;3.3250000e+02;2.6538801e-01;3.3250000e+02;2.6657796e-01;3.3250000e+02;2.5995126e-01;3.3250000e+02;2.4735527e-01;3.3250000e+02;2.7909337e-02;3.3250000e+02;3.8139198e-02;3.3250000e+02;5.0591744e-02;3.3250000e+02;6.4879231e-02;3.3250000e+02;8.1039846e-02;3.3250000e+02;9.9178195e-02;3.3250000e+02;1.1877181e-01;3.3250000e+02;1.3575041e-01;3.3250000e+02;1.4958841e-01;3.3250000e+02;1.6093951e-01;3.3250000e+02;1.7340137e-01;3.3250000e+02;1.9795856e-01;3.3250000e+02;2.2517379e-01;3.3250000e+02;2.5419194e-01;3.3250000e+02;2.6538801e-01;3.3250000e+02;2.6657796e-01;3.3250000e+02;2.5995126e-01;3.3250000e+02;2.4735527e-01;3.3250000e+02;2.7909337e-02;3.3250000e+02;3.8139198e-02;3.3250000e+02;5.0591744e-02;3.3250000e+02;6.4879231e-02;3.3250000e+02;8.1039846e-02;3.3250000e+02;9.9178195e-02;3.3250000e+02;1.1877181e-01;3.3250000e+02;1.3575041e-01;3.3250000e+02;1.4958841e-01;3.3250000e+02;1.6093951e-01;3.3250000e+02;1.7340137e-01;3.3250000e+02;1.9795856e-01;3.3250000e+02;2.2517379e-01;3.3250000e+02;2.5419194e-01;3.3250000e+02;2.6538801e-01;3.3250000e+02;2.6657796e-01;3.3250000e+02;2.5995126e-01;3.3250000e+02;2.4735527e-01;3.3250000e+02;2.7909337e-02;3.3250000e+02;3.8139198e-02;3.3250000e+02;5.0591744e-02;3.3250000e+02;6.4879231e-02;3.3250000e+02;8.1039846e-02;3.3250000e+02;9.9178195e-02;3.3250000e+02;1.1877181e-01;3.3250000e+02;1.3575041e-01;3.3250000e+02;1.4958841e-01;3.3250000e+02;1.6093951e-01;3.3250000e+02;1.7340137e-01;3.3250000e+02;1.9795856e-01;3.3250000e+02;2.2517379e-01;3.3250000e+02;2.5419194e-01;3.3250000e+02;2.6538801e-01;3.3250000e+02;2.6657796e-01;3.3250000e+02;2.5995126e-01;3.3250000e+02;2.4735527e-01;3.3250000e+02;2.7909337e-02;3.3250000e+02;3.8139198e-02;3.3250000e+02;5.0591744e-02;3.3250000e+02;6.4879231e-02;3.3250000e+02;8.1039846e-02;3.3250000e+02;9.9178195e-02;3.3250000e+02;1.1877181e-01;3.3250000e+02;1.3575041e-01;3.3250000e+02;1.4958841e-01;3.3250000e+02;1.6093951e-01;3.3250000e+02;1.7340137e-01;3.3250000e+02;1.9795856e-01;3.3250000e+02;2.2517379e-01;3.3250000e+02;2.5419194e-01;3.3250000e+02;2.6538801e-01;3.3250000e+02;2.6657796e-01;3.3250000e+02;2.5995126e-01;3.3250000e+02;2.4735527e-01;3.3250000e+02;2.7909337e-02;3.3250000e+02;3.8139198e-02;3.3250000e+02;5.0591744e-02;3.3250000e+02;6.4879231e-02;3.3250000e+02;8.1039846e-02;3.3250000e+02;9.9178195e-02;3.3250000e+02;1.1877181e-01;3.3250000e+02;1.3575041e-01;3.3250000e+02;1.4958841e-01;3.3250000e+02;1.6093951e-01;3.3250000e+02;1.7340137e-01;3.3250000e+02;1.9795856e-01;3.3250000e+02;2.2517379e-01;3.3250000e+02;2.5419194e-01;3.3250000e+02;2.6538801e-01;3.3250000e+02;2.6657796e-01;3.3250000e+02;2.5995126e-01;3.3250000e+02;2.4735527e-01;3.3250000e+02;2.7909337e-02;3.3250000e+02;3.8139198e-02;3.3250000e+02;5.0591744e-02;3.3250000e+02;6.4879231e-02;3.3250000e+02;8.1039846e-02;3.3250000e+02;9.9178195e-02;3.3250000e+02;1.1877181e-01;3.3250000e+02;1.3575041e-01;3.3250000e+02;1.4958841e-01;3.3250000e+02;1.6093951e-01;3.3250000e+02;1.7340137e-01;3.3250000e+02;1.9795856e-01;3.3250000e+02;2.2517379e-01;3.3250000e+02;2.5419194e-01;3.3250000e+02;2.6538801e-01;3.3250000e+02;2.6657796e-01;3.3250000e+02;2.5995126e-01;3.3250000e+02;2.4735527e-01;3.3250000e+02;2.7909337e-02;3.3250000e+02;3.8139198e-02;3.3250000e+02;5.0591744e-02;3.3250000e+02;6.4879231e-02;3.3250000e+02;8.1039846e-02;3.3250000e+02;9.9178195e-02;3.3250000e+02;1.1877181e-01;3.3250000e+02;1.3575041e-01;3.3250000e+02;1.4958841e-01;3.3250000e+02;1.6093951e-01;3.3250000e+02;1.7340137e-01;3.3250000e+02;1.9795856e-01;3.3250000e+02;2.2517379e-01;3.3250000e+02;2.5419194e-01;3.3250000e+02;2.6538801e-01;3.3250000e+02;2.6657796e-01;3.3250000e+02;2.5995126e-01;3.3250000e+02;2.4735527e-01;3.3250000e+02;2.7909337e-02;3.3250000e+02;3.8139198e-02;3.3250000e+02;5.0591744e-02;3.3250000e+02;6.4879231e-02;3.3250000e+02;8.1039846e-02;3.3250000e+02;9.9178195e-02;3.3250000e+02;1.1877181e-01;3.3250000e+02;1.3575041e-01;3.3250000e+02;1.4958841e-01;3.3250000e+02;1.6093951e-01;3.3250000e+02;1.7340137e-01;3.3250000e+02;1.9795856e-01;3.3250000e+02;2.2517379e-01;3.3250000e+02;2.5419194e-01;3.3250000e+02;2.6538801e-01;3.3250000e+02;2.6657796e-01;3.3250000e+02;2.5995126e-01;3.3250000e+02;2.4735527e-01;3.3250000e+02;2.7909337e-02;3.3250000e+02;3.8139198e-02;3.3250000e+02;5.0591744e-02;3.3250000e+02;6.4879231e-02;3.3250000e+02;8.1039846e-02;3.3250000e+02;9.9178195e-02;3.3250000e+02;1.1877181e-01;3.3250000e+02;1.3575041e-01;3.3250000e+02;1.4958841e-01;3.3250000e+02;1.6093951e-01;3.3250000e+02;1.7340137e-01;3.3250000e+02;1.9795856e-01;3.3250000e+02;2.2517379e-01;3.3250000e+02;2.5419194e-01;3.3250000e+02;2.6538801e-01;3.3250000e+02;2.6657796e-01;3.3250000e+02;2.5995126e-01;3.3250000e+02;2.4735527e-01;3.3250000e+02;2.7909337e-02;3.3250000e+02;3.8139198e-02;3.3250000e+02;5.0591744e-02;3.3250000e+02;6.4879231e-02;3.3250000e+02;8.1039846e-02;3.3250000e+02;9.9178195e-02;3.3250000e+02;1.1877181e-01;3.3250000e+02;1.3575041e-01;3.3250000e+02;1.4958841e-01;3.3250000e+02;1.6093951e-01;3.3250000e+02;1.7340137e-01;3.3250000e+02;1.9795856e-01;3.3250000e+02;2.2517379e-01;3.3250000e+02;2.5419194e-01;3.3250000e+02;2.6538801e-01;3.3250000e+02;2.6657796e-01;3.3250000e+02;2.5995126e-01;3.3250000e+02;2.4735527e-01;3.3250000e+02;2.7909337e-02;3.3250000e+02;3.8139198e-02;3.3250000e+02;5.0591744e-02;3.3250000e+02;6.4879231e-02;3.3250000e+02;8.1039846e-02;3.3250000e+02;9.9178195e-02;3.3250000e+02;1.1877181e-01;3.3250000e+02;1.3575041e-01;3.3250000e+02;1.4958841e-01;3.3250000e+02;1.6093951e-01;3.3250000e+02;1.7340137e-01;3.3250000e+02;1.9795856e-01;3.3250000e+02;2.2517379e-01;3.3250000e+02;2.5419194e-01;3.3250000e+02;2.6538801e-01;3.3250000e+02;2.6657796e-01;3.3250000e+02;2.5995126e-01;3.3250000e+02;2.4735527e-01;3.3250000e+02;2.7909337e-02;3.3250000e+02;3.8139198e-02;3.3250000e+02;5.0591744e-02;3.3250000e+02;6.4879231e-02;3.3250000e+02;8.1039846e-02;3.3250000e+02;9.9178195e-02;3.3250000e+02;1.1877181e-01;3.3250000e+02;1.3575041e-01;3.3250000e+02;1.4958841e-01;3.3250000e+02;1.6093951e-01;3.3250000e+02;1.7340137e-01;3.3250000e+02;1.9795856e-01;3.3250000e+02;2.2517379e-01;3.3250000e+02;2.5419194e-01;3.3250000e+02;2.6538801e-01;3.3250000e+02;2.6657796e-01;3.3250000e+02;2.5995126e-01;3.3250000e+02;2.4735527e-01;3.3250000e+02;2.7909337e-02;3.3250000e+02;3.8139198e-02;3.3250000e+02;5.0591744e-02;3.3250000e+02;6.4879231e-02;3.3250000e+02;8.1039846e-02;3.3250000e+02;9.9178195e-02;3.3250000e+02;1.1877181e-01;3.3250000e+02;1.3575041e-01;3.3250000e+02;1.4958841e-01;3.3250000e+02;1.6093951e-01;3.3250000e+02;1.7340137e-01;3.3250000e+02;1.9795856e-01;3.3250000e+02;2.2517379e-01;3.3250000e+02;2.5419194e-01;3.3250000e+02;2.6538801e-01;3.3250000e+02;2.6657796e-01;3.3250000e+02;2.5995126e-01;3.3250000e+02;2.4735527e-01;3.3250000e+02;2.7909337e-02;3.3250000e+02;3.8139198e-02;3.3250000e+02;5.0591744e-02;3.3250000e+02;6.4879231e-02;3.3250000e+02;8.1039846e-02;3.3250000e+02;9.9178195e-02;3.3250000e+02;1.1877181e-01;3.3250000e+02;1.3575041e-01;3.3250000e+02;1.4958841e-01;3.3250000e+02;1.6093951e-01;3.3250000e+02;1.7340137e-01;3.3250000e+02;1.9795856e-01;3.3250000e+02;2.2517379e-01;3.3250000e+02;2.5419194e-01;3.3250000e+02;2.6538801e-01;3.3250000e+02;2.6657796e-01;3.3250000e+02;2.5995126e-01;3.3250000e+02;2.4735527e-01;3.3250000e+02;2.7909337e-02;3.3250000e+02;3.8139198e-02;3.3250000e+02;5.0591744e-02;3.3250000e+02;6.4879231e-02;3.3250000e+02;8.1039846e-02;3.3250000e+02;9.9178195e-02;3.3250000e+02;1.1877181e-01;3.3250000e+02;1.3575041e-01;3.3250000e+02;1.4958841e-01;3.3250000e+02;1.6093951e-01;3.3250000e+02;1.7340137e-01;3.3250000e+02;1.9795856e-01;3.3250000e+02;2.2517379e-01;3.3250000e+02;2.5419194e-01;3.3250000e+02;2.6538801e-01;3.3250000e+02;2.6657796e-01;3.3250000e+02;2.5995126e-01;3.3250000e+02;2.4735527e-01
3.3750000e+02;2.4387445e-02;3.3750000e+02;3.3766024e-02;3.3750000e+02;4.5098476e-02;3.3750000e+02;5.8815423e-02;3.3750000e+02;7.4577838e-02;3.3750000e+02;9.2227474e-02;3.3750000e+02;1.0948595e-01;3.3750000e+02;1.2555811e-01;3.3750000e+02;1.3931897e-01;3.3750000e+02;1.4985590e-01;3.3750000e+02;1.6043532e-01;3.3750000e+02;1.8448688e-01;3.3750000e+02;2.1364570e-01;3.3750000e+02;2.4630994e-01;3.3750000e+02;2.5958911e-01;3.3750000e+02;2.6211119e-01;3.3750000e+02;2.5685066e-01;3.3750000e+02;2.4505632e-01;3.3750000e+02;2.4387445e-02;3.3750000e+02;3.3766024e-02;3.3750000e+02;4.5098476e-02;3.3750000e+02;5.8815423e-02;3.3750000e+02;7.4577838e-02;3.3750000e+02;9.2227474e-02;3.3750000e+02;1.0948595e-01;3.3750000e+02;1.2555811e-01;3.3750000e+02;1.3931897e-01;3.3750000e+02;1.4985590e-01;3.3750000e+02;1.6043532e-01;3.3750000e+02;1.8448688e-01;3.3750000e+02;2.1364570e-01;3.3750000e+02;2.4630994e-01;3.3750000e+02;2.5958911e-01;3.3750000e+02;2.6211119e-01;3.3750000e+02;2.5685066e-01;3.3750000e+02;2.4505632e-01;3.3750000e+02;2.4387445e-02;3.3750000e+02;3.3766024e-02;3.3750000e+02;4.5098476e-02;3.3750000e+02;5.8815423e-02;3.3750000e+02;7.4577838e-02;3.3750000e+02;9.2227474e-02;3.3750000e+02;1.0948595e-01;3.3750000e+02;1.2555811e-01;3.3750000e+02;1.3931897e-01;3.3750000e+02;1.4985590e-01;3.3750000e+02;1.6043532e-01;3.3750000e+02;1.8448688e-01;3.3750000e+02;2.1364570e-01;3.3750000e+02;2.4630994e-01;3.3750000e+02;2.5958911e-01;3.3750000e+02;2.6211119e-01;3.3750000e+02;2.5685066e-01;3.3750000e+02;2.4505632e-01;3.3750000e+02;2.4387445e-02;3.3750000e+02;3.3766024e-02;3.3750000e+02;4.5098476e-02;3.3750000e+02;5.8815423e-02;3.3750000e+02;7.4577838e-02;3.3750000e+02;9.2227474e-02;3.3750000e+02;1.0948595e-01;3.3750000e+02;1.2555811e-01;3.3750000e+02;1.3931897e-01;3.3750000e+02;1.4985590e-01;3.3750000e+02;1.6043532e-01;3.3750000e+02;1.8448688e-01;3.3750000e+02;2.1364570e-01;3.3750000e+02;2.4630994e-01;3.3750000e+02;2.5958911e-01;3.3750000e+02;2.6211119e-01;3.3750000e+02;2.5685066e-01;3.3750000e+02;2.4505632e-01;3.3750000e+02;2.4387445e-02;3.3750000e+02;3.3766024e-02;3.3750000e+02;4.5098476e-02;3.3750000e+02;5.8815423e-02;3.3750000e+02;7.4577838e-02;3.3750000e+02;9.2227474e-02;3.3750000e+02;1.0948595e-01;3.3750000e+02;1.2555811e-01;3.3750000e+02;1.3931897e-01;3.3750000e+02;1.4985590e-01;3.3750000e+02;1.6043532e-01;3.3750000e+02;1.8448688e-01;3.3750000e+02;2.1364570e-01;3.3750000e+02;2.4630994e-01;3.3750000e+02;2.5958911e-01;3.3750000e+02;2.6211119e-01;3.3750000e+02;2.5685066e-01;3.3750000e+02;2.4505632e-01;3.3750000e+02;2.4387445e-02;3.3750000e+02;3.3766024e-02;3.3750000e+02;4.5098476e-02;3.3750000e+02;5.8815423e-02;3.3750000e+02;7.4577838e-02;3.3750000e+02;9.2227474e-02;3.3750000e+02;1.0948595e-01;3.3750000e+02;1.2555811e-01;3.3750000e+02;1.3931897e-01;3.3750000e+02;1.4985590e-01;3.3750000e+02;1.6043532e-01;3.3750000e+02;1.8448688e-01;3.3750000e+02;2.1364570e-01;3.3750000e+02;2.4630994e-01;3.3750000e+02;2.5958911e-01;3.3750000e+02;2.6211119e-01;3.3750000e+02;2.5685066e-01;3.3750000e+02;2.4505632e-01;3.3750000e+02;2.4387445e-02;3.3750000e+02;3.3766024e-02;3.3750000e+02;4.5098476e-02;3.3750000e+02;5.8815423e-02;3.3750000e+02;7.4577838e-02;3.3750000e+02;9.2227474e-02;3.3750000e+02;1.0948595e-01;3.3750000e+02;1.2555811e-01;3.3750000e+02;1.3931897e-01;3.3750000e+02;1.4985590e-01;3.3750000e+02;1.6043532e-01;3.3750000e+02;1.8448688e-01;3.3750000e+02;2.1364570e-01;3.3750000e+02;2.4630994e-01;3.3750000e+02;2.5958911e-01;3.3750000e+02;2.6211119e-01;3.3750000e+02;2.5685066e-01;3.3750000e+02;2.4505632e-01;3.3750000e+02;2.4387445e-02;3.3750000e+02;3.3766024e-02;3.3750000e+02;4.5098476e-02;3.3750000e+02;5.8815423e-02;3.3750000e+02;7.4577838e-02;3.3750000e+02;9.2227474e-02;3.3750000e+02;1.0948595e-01;3.3750000e+02;1.2555811e-01;3.3750000e+02;1.3931897e-01;3.3750000e+02;1.4985590e-01;3.3750000e+02;1.6043532e-01;3.3750000e+02;1.8448688e-01;3.3750000e+02;2.1364570e-01;3.3750000e+02;2.4630994e-01;3.3750000e+02;2.5958911e-01;3.3750000e+02;2.6211119e-01;3.3750000e+02;2.5685066e-01;3.3750000e+02;2.4505632e-01;3.3750000e+02;2.4387445e-02;3.3750000e+02;3.3766024e-02;3.3750000e+02;4.5098476e-02;3.3750000e+02;5.8815423e-02;3.3750000e+02;7.4577838e-02;3.3750000e+02;9.2227474e-02;3.3750000e+02;1.0948595e-01;3.3750000e+02;1.2555811e-01;3.3750000e+02;1.3931897e-01;3.3750000e+02;1.4985590e-01;3.3750000e+02;1.6043532e-01;3.3750000e+02;1.8448688e-01;3.3750000e+02;2.1364570e-01;3.3750000e+02;2.4630994e-01;3.3750000e+02;2.5958911e-01;3.3750000e+02;2.6211119e-01;3.3750000e+02;2.5685066e-01;3.3750000e+02;2.4505632e-01;3.3750000e+02;2.4387445e-02;3.3750000e+02;3.3766024e-02;3.3750000e+02;4.5098476e-02;3.3750000e+02;5.8815423e-02;3.3750000e+02;7.4577838e-02;3.3750000e+02;9.2227474e-02;3.3750000e+02;1.0948595e-01;3.3750000e+02;1.2555811e-01;3.3750000e+02;1.3931897e-01;3.3750000e+02;1.4985590e-01;3.3750000e+02;1.6043532e-01;3.3750000e+02;1.8448688e-01;3.3750000e+02;2.1364570e-01;3.3750000e+02;2.4630994e-01;3.3750000e+02;2.5958911e-01;3.3750000e+02;2.6211119e-01;3.3750000e+02;2.5685066e-01;3.3750000e+02;2.4505632e-01;3.3750000e+02;2.4387445e-02;3.3750000e+02;3.3766024e-02;3.3750000e+02;4.5098476e-02;3.3750000e+02;5.8815423e-02;3.3750000e+02;7.4577838e-02;3.3750000e+02;9.2227474e-02;3.3750000e+02;1.0948595e-01;3.3750000e+02;1.2555811e-01;3.3750000e+02;1.3931897e-01;3.3750000e+02;1.4985590e-01;3.3750000e+02;1.6043532e-01;3.3750000e+02;1.8448688e-01;3.3750000e+02;2.1364570e-01;3.3750000e+02;2.4630994e-01;3.3750000e+02;2.5958911e-01;3.3750000e+02;2.6211119e-01;3.3750000e+02;2.5685066e-01;3.3750000e+02;2.4505632e-01;3.3750000e+02;2.4387445e-02;3.3750000e+02;3.3766024e-02;3.3750000e+02;4.5098476e-02;3.3750000e+02;5.8815423e-02;3.3750000e+02;7.4577838e-02;3.3750000e+02;9.2227474e-02;3.3750000e+02;1.0948595e-01;3.3750000e+02;1.2555811e-01;3.3750000e+02;1.3931897e-01;3.3750000e+02;1.4985590e-01;3.3750000e+02;1.6043532e-01;3.3750000e+02;1.8448688e-01;3.3750000e+02;2.1364570e-01;3.3750000e+02;2.4630994e-01;3.3750000e+02;2.5958911e-01;3.3750000e+02;2.6211119e-01;3.3750000e+02;2.5685066e-01;3.3750000e+02;2.4505632e-01;3.3750000e+02;2.4387445e-02;3.3750000e+02;3.3766024e-02;3.3750000e+02;4.5098476e-02;3.3750000e+02;5.8815423e-02;3.3750000e+02;7.4577838e-02;3.3750000e+02;9.2227474e-02;3.3750000e+02;1.0948595e-01;3.3750000e+02;1.2555811e-01;3.3750000e+02;1.3931897e-01;3.3750000e+02;1.4985590e-01;3.3750000e+02;1.6043532e-01;3.3750000e+02;1.8448688e-01;3.3750000e+02;2.1364570e-01;3.3750000e+02;2.4630994e-01;3.3750000e+02;2.5958911e-01;3.3750000e+02;2.6211119e-01;3.3750000e+02;2.5685066e-01;3.3750000e+02;2.4505632e-01;3.3750000e+02;2.4387445e-02;3.3750000e+02;3.3766024e-02;3.3750000e+02;4.5098476e-02;3.3750000e+02;5.8815423e-02;3.3750000e+02;7.4577838e-02;3.3750000e+02;9.2227474e-02;3.3750000e+02;1.0948595e-01;3.3750000e+02;1.2555811e-01;3.3750000e+02;1.3931897e-01;3.3750000e+02;1.4985590e-01;3.3750000e+02;1.6043532e-01;3.3750000e+02;1.8448688e-01;3.3750000e+02;2.1364570e-01;3.3750000e+02;2.4630994e-01;3.3750000e+02;2.5958911e-01;3.3750000e+02;2.6211119e-01;3.3750000e+02;2.5685066e-01;3.3750000e+02;2.4505632e-01;3.3750000e+02;2.4387445e-02;3.3750000e+02;3.3766024e-02;3.3750000e+02;4.5098476e-02;3.3750000e+02;5.8815423e-02;3.3750000e+02;7.4577838e-02;3.3750000e+02;9.2227474e-02;3.3750000e+02;1.0948595e-01;3.3750000e+02;1.2555811e-01;3.3750000e+02;1.3931897e-01;3.3750000e+02;1.4985590e-01;3.3750000e+02;1.6043532e-01;3.3750000e+02;1.8448688e-01;3.3750000e+02;2.1364570e-01;3.3750000e+02;2.4630994e-01;3.3750000e+02;2.5958911e-01;3.3750000e+02;2.6211119e-01;3.3750000e+02;2.5685066e-01;3.3750000e+02;2.4505632e-01;3.3750000e+02;2.4387445e-02;3.3750000e+02;3.3766024e-02;3.3750000e+02;4.5098476e-02;3.3750000e+02;5.8815423e-02;3.3750000e+02;7.4577838e-02;3.3750000e+02;9.2227474e-02;3.3750000e+02;1.0948595e-01;3.3750000e+02;1.2555811e-01;3.3750000e+02;1.3931897e-01;3.3750000e+02;1.4985590e-01;3.3750000e+02;1.6043532e-01;3.3750000e+02;1.8448688e-01;3.3750000e+02;2.1364570e-01;3.3750000e+02;2.4630994e-01;3.3750000e+02;2.5958911e-01;3.3750000e+02;2.6211119e-01;3.3750000e+02;2.5685066e-01;3.3750000e+02;2.4505632e-01;3.3750000e+02;2.4387445e-02;3.3750000e+02;3.3766024e-02;3.3750000e+02;4.5098476e-02;3.3750000e+02;5.8815423e-02;3.3750000e+02;7.4577838e-02;3.3750000e+02;9.2227474e-02;3.3750000e+02;1.0948595e-01;3.3750000e+02;1.2555811e-01;3.3750000e+02;1.3931897e-01;3.3750000e+02;1.4985590e-01;3.3750000e+02;1.6043532e-01;3.3750000e+02;1.8448688e-01;3.3750000e+02;2.1364570e-01;3.3750000e+02;2.4630994e-01;3.3750000e+02;2.5958911e-01;3.3750000e+02;2.6211119e-01;3.3750000e+02;2.5685066e-01;3.3750000e+02;2.4505632e-01;3.3750000e+02;2.4387445e-02;3.3750000e+02;3.3766024e-02;3.3750000e+02;4.5098476e-02;3.3750000e+02;5.8815423e-02;3.3750000e+02;7.4577838e-02;3.3750000e+02;9.2227474e-02;3.3750000e+02;1.0948595e-01;3.3750000e+02;1.2555811e-01;3.3750000e+02;1.3931897e-01;3.3750000e+02;1.4985590e-01;3.3750000e+02;1.6043532e-01;3.3750000e+02;1.8448688e-01;3.3750000e+02;2.1364570e-01;3.3750000e+02;2.4630994e-01;3.3750000e+02;2.5958911e-01;3.3750000e+02;2.6211119e-01;3.3750000e+02;2.5685066e-01;3.3750000e+02;2.4505632e-01;3.3750000e+02;2.4387445e-02;3.3750000e+02;3.3766024e-02;3.3750000e+02;4.5098476e-02;3.3750000e+02;5.8815423e-02;3.3750000e+02;7.4577838e-02;3.3750000e+02;9.2227474e-02;3.3750000e+02;1.0948595e-01;3.3750000e+02;1.2555811e-01;3.3750000e+02;1.3931897e-01;3.3750000e+02;1.4985590e-01;3.3750000e+02;1.6043532e-01;3.3750000e+02;1.8448688e-01;3.3750000e+02;2.1364570e-01;3.3750000e+02;2.4630994e-01;3.3750000e+02;2.5958911e-01;3.3750000e+02;2.6211119e-01;3.3750000e+02;2.5685066e-01;3.3750000e+02;2.4505632e-01;3.3750000e+02;2.4387445e-02;3.3750000e+02;3.3766024e-02;3.3750000e+02;4.5098476e-02;3.3750000e+02;5.8815423e-02;3.3750000e+02;7.4577838e-02;3.3750000e+02;9.2227474e-02;3.3750000e+02;1.0948595e-01;3.3750000e+02;1.2555811e-01;3.3750000e+02;1.3931897e-01;3.3750000e+02;1.4985590e-01;3.3750000e+02;1.6043532e-01;3.3750000e+02;1.8448688e-01;3.3750000e+02;2.1364570e-01;3.3750000e+02;2.4630994e-01;3.3750000e+02;2.5958911e-01;3.3750000e+02;2.6211119e-01;3.3750000e+02;2.5685066e-01;3.3750000e+02;2.4505632e-01;3.3750000e+02;2.4387445e-02;3.3750000e+02;3.3766024e-02;3.3750000e+02;4.5098476e-02;3.3750000e+02;5.8815423e-02;3.3750000e+02;7.4577838e-02;3.3750000e+02;9.2227474e-02;3.3750000e+02;1.0948595e-01;3.3750000e+02;1.2555811e-01;3.3750000e+02;1.3931897e-01;3.3750000e+02;1.4985590e-01;3.3750000e+02;1.6043532e-01;3.3750000e+02;1.8448688e-01;3.3750000e+02;2.1364570e-01;3.3750000e+02;2.4630994e-01;3.3750000e+02;2.5958911e-01;3.3750000e+02;2.6211119e-01;3.3750000e+02;2.5685066e-01;3.3750000e+02;2.4505632e-01;3.3750000e+02;2.4387445e-02;3.3750000e+02;3.3766024e-02;3.3750000e+02;4.5098476e-02;3.3750000e+02;5.8815423e-02;3.3750000e+02;7.4577838e-02;3.3750000e+02;9.2227474e-02;3.3750000e+02;1.0948595e-01;3.3750000e+02;1.2555811e-01;3.3750000e+02;1.3931897e-01;3.3750000e+02;1.4985590e-01;3.3750000e+02;1.6043532e-01;3.3750000e+02;1.8448688e-01;3.3750000e+02;2.1364570e-01;3.3750000e+02;2.4630994e-01;3.3750000e+02;2.5958911e-01;3.3750000e+02;2.6211119e-01;3.3750000e+02;2.5685066e-01;3.3750000e+02;2.4505632e-01;3.3750000e+02;2.4387445e-02;3.3750000e+02;3.3766024e-02;3.3750000e+02;4.5098476e-02;3.3750000e+02;5.8815423e-02;3.3750000e+02;7.4577838e-02;3.3750000e+02;9.2227474e-02;3.3750000e+02;1.0948595e-01;3.3750000e+02;1.2555811e-01;3.3750000e+02;1.3931897e-01;3.3750000e+02;1.4985590e-01;3.3750000e+02;1.6043532e-01;3.3750000e+02;1.8448688e-01;3.3750000e+02;2.1364570e-01;3.3750000e+02;2.4630994e-01;3.3750000e+02;2.5958911e-01;3.3750000e+02;2.6211119e-01;3.3750000e+02;2.5685066e-01;3.3750000e+02;2.4505632e-01;3.3750000e+02;2.4387445e-02;3.3750000e+02;3.3766024e-02;3.3750000e+02;4.5098476e-02;3.3750000e+02;5.8815423e-02;3.3750000e+02;7.4577838e-02;3.3750000e+02;9.2227474e-02;3.3750000e+02;1.0948595e-01;3.3750000e+02;1.2555811e-01;3.3750000e+02;1.3931897e-01;3.3750000e+02;1.4985590e-01;3.3750000e+02;1.6043532e-01;3.3750000e+02;1.8448688e-01;3.3750000e+02;2.1364570e-01;3.3750000e+02;2.4630994e-01;3.3750000e+02;2.5958911e-01;3.3750000e+02;2.6211119e-01;3.3750000e+02;2.5685066e-01;3.3750000e+02;2.4505632e-01;3.3750000e+02;2.4387445e-02;3.3750000e+02;3.3766024e-02;3.3750000e+02;4.5098476e-02;3.3750000e+02;5.8815423e-02;3.3750000e+02;7.4577838e-02;3.3750000e+02;9.2227474e-02;3.3750000e+02;1.0948595e-01;3.3750000e+02;1.2555811e-01;3.3750000e+02;1.3931897e-01;3.3750000e+02;1.4985590e-01;3.3750000e+02;1.6043532e-01;3.3750000e+02;1.8448688e-01;3.3750000e+02;2.1364570e-01;3.3750000e+02;2.4630994e-01;3.3750000e+02;2.5958911e-01;3.3750000e+02;2.6211119e-01;3.3750000e+02;2.5685066e-01;3.3750000e+02;2.4505632e-01;3.3750000e+02;2.4387445e-02;3.3750000e+02;3.3766024e-02;3.3750000e+02;4.5098476e-02;3.3750000e+02;5.8815423e-02;3.3750000e+02;7.4577838e-02;3.3750000e+02;9.2227474e-02;3.3750000e+02;1.0948595e-01;3.3750000e+02;1.2555811e-01;3.3750000e+02;1.3931897e-01;3.3750000e+02;1.4985590e-01;3.3750000e+02;1.6043532e-01;3.3750000e+02;1.8448688e-01;3.3750000e+02;2.1364570e-01;3.3750000e+02;2.4630994e-01;3.3750000e+02;2.5958911e-01;3.3750000e+02;2.6211119e-01;3.3750000e+02;2.5685066e-01;3.3750000e+02;2.4505632e-01;3.3750000e+02;2.4387445e-02;3.3750000e+02;3.3766024e-02;3.3750000e+02;4.5098476e-02;3.3750000e+02;5.8815423e-02;3.3750000e+02;7.4577838e-02;3.3750000e+02;9.2227474e-02;3.3750000e+02;1.0948595e-01;3.3750000e+02;1.2555811e-01;3.3750000e+02;1.3931897e-01;3.3750000e+02;1.4985590e-01;3.3750000e+02;1.6043532e-01;3.3750000e+02;1.8448688e-01;3.3750000e+02;2.1364570e-01;3.3750000e+02;2.4630994e-01;3.3750000e+02;2.5958911e-01;3.3750000e+02;2.6211119e-01;3.3750000e+02;2.5685066e-01;3.3750000e+02;2.4505632e-01;3.3750000e+02;2.4387445e-02;3.3750000e+02;3.3766024e-02;3.3750000e+02;4.5098476e-02;3.3750000e+02;5.8815423e-02;3.3750000e+02;7.4577838e-02;3.3750000e+02;9.2227474e-02;3.3750000e+02;1.0948595e-01;3.3750000e+02;1.2555811e-01;3.3750000e+02;1.3931897e-01;3.3750000e+02;1.4985590e-01;3.3750000e+02;1.6043532e-01;3.3750000e+02;1.8448688e-01;3.3750000e+02;2.1364570e-01;3.3750000e+02;2.4630994e-01;3.3750000e+02;2.5958911e-01;3.3750000e+02;2.6211119e-01;3.3750000e+02;2.5685066e-01;3.3750000e+02;2.4505632e-01;3.3750000e+02;2.4387445e-02;3.3750000e+02;3.3766024e-02;3.3750000e+02;4.5098476e-02;3.3750000e+02;5.8815423e-02;3.3750000e+02;7.4577838e-02;3.3750000e+02;9.2227474e-02;3.3750000e+02;1.0948595e-01;3.3750000e+02;1.2555811e-01;3.3750000e+02;1.3931897e-01;3.3750000e+02;1.4985590e-01;3.3750000e+02;1.6043532e-01;3.3750000e+02;1.8448688e-01;3.3750000e+02;2.1364570e-01;3.3750000e+02;2.4630994e-01;3.3750000e+02;2.5958911e-01;3.3750000e+02;2.6211119e-01;3.3750000e+02;2.5685066e-01;3.3750000e+02;2.4505632e-01;3.3750000e+02;2.4387445e-02;3.3750000e+02;3.3766024e-02;3.3750000e+02;4.5098476e-02;3.3750000e+02;5.8815423e-02;3.3750000e+02;7.4577838e-02;3.3750000e+02;9.2227474e-02;3.3750000e+02;1.0948595e-01;3.3750000e+02;1.2555811e-01;3.3750000e+02;1.3931897e-01;3.3750000e+02;1.4985590e-01;3.3750000e+02;1.6043532e-01;3.3750000e+02;1.8448688e-01;3.3750000e+02;2.1364570e-01;3.3750000e+02;2.4630994e-01;3.3750000e+02;2.5958911e-01;3.3750000e+02;2.6211119e-01;3.3750000e+02;2.5685066e-01;3.3750000e+02;2.4505632e-01;3.3750000e+02;2.4387445e-02;3.3750000e+02;3.3766024e-02;3.3750000e+02;4.5098476e-02;3.3750000e+02;5.8815423e-02;3.3750000e+02;7.4577838e-02;3.3750000e+02;9.2227474e-02;3.3750000e+02;1.0948595e-01;3.3750000e+02;1.2555811e-01;3.3750000e+02;1.3931897e-01;3.3750000e+02;1.4985590e-01;3.3750000e+02;1.6043532e-01;3.3750000e+02;1.8448688e-01;3.3750000e+02;2.1364570e-01;3.3750000e+02;2.4630994e-01;3.3750000e+02;2.5958911e-01;3.3750000e+02;2.6211119e-01;3.3750000e+02;2.5685066e-01;3.3750000e+02;2.4505632e-01;3.3750000e+02;2.4387445e-02;3.3750000e+02;3.3766024e-02;3.3750000e+02;4.5098476e-02;3.3750000e+02;5.8815423e-02;3.3750000e+02;7.4577838e-02;3.3750000e+02;9.2227474e-02;3.3750000e+02;1.0948595e-01;3.3750000e+02;1.2555811e-01;3.3750000e+02;1.3931897e-01;3.3750000e+02;1.4985590e-01;3.3750000e+02;1.6043532e-01;3.3750000e+02;1.8448688e-01;3.3750000e+02;2.1364570e-01;3.3750000e+02;2.4630994e-01;3.3750000e+02;2.5958911e-01;3.3750000e+02;2.6211119e-01;3.3750000e+02;2.5685066e-01;3.3750000e+02;2.4505632e-01;3.3750000e+02;2.4387445e-02;3.3750000e+02;3.3766024e-02;3.3750000e+02;4.5098476e-02;3.3750000e+02;5.8815423e-02;3.3750000e+02;7.4577838e-02;3.3750000e+02;9.2227474e-02;3.3750000e+02;1.0948595e-01;3.3750000e+02;1.2555811e-01;3.3750000e+02;1.3931897e-01;3.3750000e+02;1.4985590e-01;3.3750000e+02;1.6043532e-01;3.3750000e+02;1.8448688e-01;3.3750000e+02;2.1364570e-01;3.3750000e+02;2.4630994e-01;3.3750000e+02;2.5958911e-01;3.3750000e+02;2.6211119e-01;3.3750000e+02;2.5685066e-01;3.3750000e+02;2.4505632e-01;3.3750000e+02;2.4387445e-02;3.3750000e+02;3.3766024e-02;3.3750000e+02;4.5098476e-02;3.3750000e+02;5.8815423e-02;3.3750000e+02;7.4577838e-02;3.3750000e+02;9.2227474e-02;3.3750000e+02;1.0948595e-01;3.3750000e+02;1.2555811e-01;3.3750000e+02;1.3931897e-01;3.3750000e+02;1.4985590e-01;3.3750000e+02;1.6043532e-01;3.3750000e+02;1.8448688e-01;3.3750000e+02;2.1364570e-01;3.3750000e+02;2.4630994e-01;3.3750000e+02;2.5958911e-01;3.3750000e+02;2.6211119e-01;3.3750000e+02;2.5685066e-01;3.3750000e+02;2.4505632e-01;3.3750000e+02;2.4387445e-02;3.3750000e+02;3.3766024e-02;3.3750000e+02;4.5098476e-02;3.3750000e+02;5.8815423e-02;3.3750000e+02;7.4577838e-02;3.3750000e+02;9.2227474e-02;3.3750000e+02;1.0948595e-01;3.3750000e+02;1.2555811e-01;3.3750000e+02;1.3931897e-01;3.3750000e+02;1.4985590e-01;3.3750000e+02;1.6043532e-01;3.3750000e+02;1.8448688e-01;3.3750000e+02;2.1364570e-01;3.3750000e+02;2.4630994e-01;3.3750000e+02;2.5958911e-01;3.3750000e+02;2.6211119e-01;3.3750000e+02;2.5685066e-01;3.3750000e+02;2.4505632e-01;3.3750000e+02;2.4387445e-02;3.3750000e+02;3.3766024e-02;3.3750000e+02;4.5098476e-02;3.3750000e+02;5.8815423e-02;3.3750000e+02;7.4577838e-02;3.3750000e+02;9.2227474e-02;3.3750000e+02;1.0948595e-01;3.3750000e+02;1.2555811e-01;3.3750000e+02;1.3931897e-01;3.3750000e+02;1.4985590e-01;3.3750000e+02;1.6043532e-01;3.3750000e+02;1.8448688e-01;3.3750000e+02;2.1364570e-01;3.3750000e+02;2.4630994e-01;3.3750000e+02;2.5958911e-01;3.3750000e+02;2.6211119e-01;3.3750000e+02;2.5685066e-01;3.3750000e+02;2.4505632e-01;3.3750000e+02;2.4387445e-02;3.3750000e+02;3.3766024e-02;3.3750000e+02;4.5098476e-02;3.3750000e+02;5.8815423e-02;3.3750000e+02;7.4577838e-02;3.3750000e+02;9.2227474e-02;3.3750000e+02;1.0948595e-01;3.3750000e+02;1.2555811e-01;3.3750000e+02;1.3931897e-01;3.3750000e+02;1.4985590e-01;3.3750000e+02;1.6043532e-01;3.3750000e+02;1.8448688e-01;3.3750000e+02;2.1364570e-01;3.3750000e+02;2.4630994e-01;3.3750000e+02;2.5958911e-01;3.3750000e+02;2.6211119e-01;3.3750000e+02;2.5685066e-01;3.3750000e+02;2.4505632e-01;3.3750000e+02;2.4387445e-02;3.3750000e+02;3.3766024e-02;3.3750000e+02;4.5098476e-02;3.3750000e+02;5.8815423e-02;3.3750000e+02;7.4577838e-02;3.3750000e+02;9.2227474e-02;3.3750000e+02;1.0948595e-01;3.3750000e+02;1.2555811e-01;3.3750000e+02;1.3931897e-01;3.3750000e+02;1.4985590e-01;3.3750000e+02;1.6043532e-01;3.3750000e+02;1.8448688e-01;3.3750000e+02;2.1364570e-01;3.3750000e+02;2.4630994e-01;3.3750000e+02;2.5958911e-01;3.3750000e+02;2.6211119e-01;3.3750000e+02;2.5685066e-01;3.3750000e+02;2.4505632e-01;3.3750000e+02;2.4387445e-02;3.3750000e+02;3.3766024e-02;3.3750000e+02;4.5098476e-02;3.3750000e+02;5.8815423e-02;3.3750000e+02;7.4577838e-02;3.3750000e+02;9.2227474e-02;3.3750000e+02;1.0948595e-01;3.3750000e+02;1.2555811e-01;3.3750000e+02;1.3931897e-01;3.3750000e+02;1.4985590e-01;3.3750000e+02;1.6043532e-01;3.3750000e+02;1.8448688e-01;3.3750000e+02;2.1364570e-01;3.3750000e+02;2.4630994e-01;3.3750000e+02;2.5958911e-01;3.3750000e+02;2.6211119e-01;3.3750000e+02;2.5685066e-01;3.3750000e+02;2.4505632e-01;3.3750000e+02;2.4387445e-02;3.3750000e+02;3.3766024e-02;3.3750000e+02;4.5098476e-02;3.3750000e+02;5.8815423e-02;3.3750000e+02;7.4577838e-02;3.3750000e+02;9.2227474e-02;3.3750000e+02;1.0948595e-01;3.3750000e+02;1.2555811e-01;3.3750000e+02;1.3931897e-01;3.3750000e+02;1.4985590e-01;3.3750000e+02;1.6043532e-01;3.3750000e+02;1.8448688e-01;3.3750000e+02;2.1364570e-01;3.3750000e+02;2.4630994e-01;3.3750000e+02;2.5958911e-01;3.3750000e+02;2.6211119e-01;3.3750000e+02;2.5685066e-01;3.3750000e+02;2.4505632e-01;3.3750000e+02;2.4387445e-02;3.3750000e+02;3.3766024e-02;3.3750000e+02;4.5098476e-02;3.3750000e+02;5.8815423e-02;3.3750000e+02;7.4577838e-02;3.3750000e+02;9.2227474e-02;3.3750000e+02;1.0948595e-01;3.3750000e+02;1.2555811e-01;3.3750000e+02;1.3931897e-01;3.3750000e+02;1.4985590e-01;3.3750000e+02;1.6043532e-01;3.3750000e+02;1.8448688e-01;3.3750000e+02;2.1364570e-01;3.3750000e+02;2.4630994e-01;3.3750000e+02;2.5958911e-01;3.3750000e+02;2.6211119e-01;3.3750000e+02;2.5685066e-01;3.3750000e+02;2.4505632e-01;3.3750000e+02;2.4387445e-02;3.3750000e+02;3.3766024e-02;3.3750000e+02;4.5098476e-02;3.3750000e+02;5.8815423e-02;3.3750000e+02;7.4577838e-02;3.3750000e+02;9.2227474e-02;3.3750000e+02;1.0948595e-01;3.3750000e+02;1.2555811e-01;3.3750000e+02;1.3931897e-01;3.3750000e+02;1.4985590e-01;3.3750000e+02;1.6043532e-01;3.3750000e+02;1.8448688e-01;3.3750000e+02;2.1364570e-01;3.3750000e+02;2.4630994e-01;3.3750000e+02;2.5958911e-01;3.3750000e+02;2.6211119e-01;3.3750000e+02;2.5685066e-01;3.3750000e+02;2.4505632e-01;3.3750000e+02;2.4387445e-02;3.3750000e+02;3.3766024e-02;3.3750000e+02;4.5098476e-02;3.3750000e+02;5.8815423e-02;3.3750000e+02;7.4577838e-02;3.3750000e+02;9.2227474e-02;3.3750000e+02;1.0948595e-01;3.3750000e+02;1.2555811e-01;3.3750000e+02;1.3931897e-01;3.3750000e+02;1.4985590e-01;3.3750000e+02;1.6043532e-01;3.3750000e+02;1.8448688e-01;3.3750000e+02;2.1364570e-01;3.3750000e+02;2.4630994e-01;3.3750000e+02;2.5958911e-01;3.3750000e+02;2.6211119e-01;3.3750000e+02;2.5685066e-01;3.3750000e+02;2.4505632e-01;3.3750000e+02;2.4387445e-02;3.3750000e+02;3.3766024e-02;3.3750000e+02;4.5098476e-02;3.3750000e+02;5.8815423e-02;3.3750000e+02;7.4577838e-02;3.3750000e+02;9.2227474e-02;3.3750000e+02;1.0948595e-01;3.3750000e+02;1.2555811e-01;3.3750000e+02;1.3931897e-01;3.3750000e+02;1.4985590e-01;3.3750000e+02;1.6043532e-01;3.3750000e+02;1.8448688e-01;3.3750000e+02;2.1364570e-01;3.3750000e+02;2.4630994e-01;3.3750000e+02;2.5958911e-01;3.3750000e+02;2.6211119e-01;3.3750000e+02;2.5685066e-01;3.3750000e+02;2.4505632e-01;3.3750000e+02;2.4387445e-02;3.3750000e+02;3.3766024e-02;3.3750000e+02;4.5098476e-02;3.3750000e+02;5.8815423e-02;3.3750000e+02;7.4577838e-02;3.3750000e+02;9.2227474e-02;3.3750000e+02;1.0948595e-01;3.3750000e+02;1.2555811e-01;3.3750000e+02;1.3931897e-01;3.3750000e+02;1.4985590e-01;3.3750000e+02;1.6043532e-01;3.3750000e+02;1.8448688e-01;3.3750000e+02;2.1364570e-01;3.3750000e+02;2.4630994e-01;3.3750000e+02;2.5958911e-01;3.3750000e+02;2.6211119e-01;3.3750000e+02;2.5685066e-01;3.3750000e+02;2.4505632e-01;3.3750000e+02;2.4387445e-02;3.3750000e+02;3.3766024e-02;3.3750000e+02;4.5098476e-02;3.3750000e+02;5.8815423e-02;3.3750000e+02;7.4577838e-02;3.3750000e+02;9.2227474e-02;3.3750000e+02;1.0948595e-01;3.3750000e+02;1.2555811e-01;3.3750000e+02;1.3931897e-01;3.3750000e+02;1.4985590e-01;3.3750000e+02;1.6043532e-01;3.3750000e+02;1.8448688e-01;3.3750000e+02;2.1364570e-01;3.3750000e+02;2.4630994e-01;3.3750000e+02;2.5958911e-01;3.3750000e+02;2.6211119e-01;3.3750000e+02;2.5685066e-01;3.3750000e+02;2.4505632e-01;3.3750000e+02;2.4387445e-02;3.3750000e+02;3.3766024e-02;3.3750000e+02;4.5098476e-02;3.3750000e+02;5.8815423e-02;3.3750000e+02;7.4577838e-02;3.3750000e+02;9.2227474e-02;3.3750000e+02;1.0948595e-01;3.3750000e+02;1.2555811e-01;3.3750000e+02;1.3931897e-01;3.3750000e+02;1.4985590e-01;3.3750000e+02;1.6043532e-01;3.3750000e+02;1.8448688e-01;3.3750000e+02;2.1364570e-01;3.3750000e+02;2.4630994e-01;3.3750000e+02;2.5958911e-01;3.3750000e+02;2.6211119e-01;3.3750000e+02;2.5685066e-01;3.3750000e+02;2.4505632e-01;3.3750000e+02;2.4387445e-02;3.3750000e+02;3.3766024e-02;3.3750000e+02;4.5098476e-02;3.3750000e+02;5.8815423e-02;3.3750000e+02;7.4577838e-02;3.3750000e+02;9.2227474e-02;3.3750000e+02;1.0948595e-01;3.3750000e+02;1.2555811e-01;3.3750000e+02;1.3931897e-01;3.3750000e+02;1.4985590e-01;3.3750000e+02;1.6043532e-01;3.3750000e+02;1.8448688e-01;3.3750000e+02;2.1364570e-01;3.3750000e+02;2.4630994e-01;3.3750000e+02;2.5958911e-01;3.3750000e+02;2.6211119e-01;3.3750000e+02;2.5685066e-01;3.3750000e+02;2.4505632e-01;3.3750000e+02;2.4387445e-02;3.3750000e+02;3.3766024e-02;3.3750000e+02;4.5098476e-02;3.3750000e+02;5.8815423e-02;3.3750000e+02;7.4577838e-02;3.3750000e+02;9.2227474e-02;3.3750000e+02;1.0948595e-01;3.3750000e+02;1.2555811e-01;3.3750000e+02;1.3931897e-01;3.3750000e+02;1.4985590e-01;3.3750000e+02;1.6043532e-01;3.3750000e+02;1.8448688e-01;3.3750000e+02;2.1364570e-01;3.3750000e+02;2.4630994e-01;3.3750000e+02;2.5958911e-01;3.3750000e+02;2.6211119e-01;3.3750000e+02;2.5685066e-01;3.3750000e+02;2.4505632e-01;3.3750000e+02;2.4387445e-02;3.3750000e+02;3.3766024e-02;3.3750000e+02;4.5098476e-02;3.3750000e+02;5.8815423e-02;3.3750000e+02;7.4577838e-02;3.3750000e+02;9.2227474e-02;3.3750000e+02;1.0948595e-01;3.3750000e+02;1.2555811e-01;3.3750000e+02;1.3931897e-01;3.3750000e+02;1.4985590e-01;3.3750000e+02;1.6043532e-01;3.3750000e+02;1.8448688e-01;3.3750000e+02;2.1364570e-01;3.3750000e+02;2.4630994e-01;3.3750000e+02;2.5958911e-01;3.3750000e+02;2.6211119e-01;3.3750000e+02;2.5685066e-01;3.3750000e+02;2.4505632e-01;3.3750000e+02;2.4387445e-02;3.3750000e+02;3.3766024e-02;3.3750000e+02;4.5098476e-02;3.3750000e+02;5.8815423e-02;3.3750000e+02;7.4577838e-02;3.3750000e+02;9.2227474e-02;3.3750000e+02;1.0948595e-01;3.3750000e+02;1.2555811e-01;3.3750000e+02;1.3931897e-01;3.3750000e+02;1.4985590e-01;3.3750000e+02;1.6043532e-01;3.3750000e+02;1.8448688e-01;3.3750000e+02;2.1364570e-01;3.3750000e+02;2.4630994e-01;3.3750000e+02;2.5958911e-01;3.3750000e+02;2.6211119e-01;3.3750000e+02;2.5685066e-01;3.3750000e+02;2.4505632e-01;3.3750000e+02;2.4387445e-02;3.3750000e+02;3.3766024e-02;3.3750000e+02;4.5098476e-02;3.3750000e+02;5.8815423e-02;3.3750000e+02;7.4577838e-02;3.3750000e+02;9.2227474e-02;3.3750000e+02;1.0948595e-01;3.3750000e+02;1.2555811e-01;3.3750000e+02;1.3931897e-01;3.3750000e+02;1.4985590e-01;3.3750000e+02;1.6043532e-01;3.3750000e+02;1.8448688e-01;3.3750000e+02;2.1364570e-01;3.3750000e+02;2.4630994e-01;3.3750000e+02;2.5958911e-01;3.3750000e+02;2.6211119e-01;3.3750000e+02;2.5685066e-01;3.3750000e+02;2.4505632e-01;3.3750000e+02;2.4387445e-02;3.3750000e+02;3.3766024e-02;3.3750000e+02;4.5098476e-02;3.3750000e+02;5.8815423e-02;3.3750000e+02;7.4577838e-02;3.3750000e+02;9.2227474e-02;3.3750000e+02;1.0948595e-01;3.3750000e+02;1.2555811e-01;3.3750000e+02;1.3931897e-01;3.3750000e+02;1.4985590e-01;3.3750000e+02;1.6043532e-01;3.3750000e+02;1.8448688e-01;3.3750000e+02;2.1364570e-01;3.3750000e+02;2.4630994e-01;3.3750000e+02;2.5958911e-01;3.3750000e+02;2.6211119e-01;3.3750000e+02;2.5685066e-01;3.3750000e+02;2.4505632e-01;3.3750000e+02;2.4387445e-02;3.3750000e+02;3.3766024e-02;3.3750000e+02;4.5098476e-02;3.3750000e+02;5.8815423e-02;3.3750000e+02;7.4577838e-02;3.3750000e+02;9.2227474e-02;3.3750000e+02;1.0948595e-01;3.3750000e+02;1.2555811e-01;3.3750000e+02;1.3931897e-01;3.3750000e+02;1.4985590e-01;3.3750000e+02;1.6043532e-01;3.3750000e+02;1.8448688e-01;3.3750000e+02;2.1364570e-01;3.3750000e+02;2.4630994e-01;3.3750000e+02;2.5958911e-01;3.3750000e+02;2.6211119e-01;3.3750000e+02;2.5685066e-01;3.3750000e+02;2.4505632e-01;3.3750000e+02;2.4387445e-02;3.3750000e+02;3.3766024e-02;3.3750000e+02;4.5098476e-02;3.3750000e+02;5.8815423e-02;3.3750000e+02;7.4577838e-02;3.3750000e+02;9.2227474e-02;3.3750000e+02;1.0948595e-01;3.3750000e+02;1.2555811e-01;3.3750000e+02;1.3931897e-01;3.3750000e+02;1.4985590e-01;3.3750000e+02;1.6043532e-01;3.3750000e+02;1.8448688e-01;3.3750000e+02;2.1364570e-01;3.3750000e+02;2.4630994e-01;3.3750000e+02;2.5958911e-01;3.3750000e+02;2.6211119e-01;3.3750000e+02;2.5685066e-01;3.3750000e+02;2.4505632e-01;3.3750000e+02;2.4387445e-02;3.3750000e+02;3.3766024e-02;3.3750000e+02;4.5098476e-02;3.3750000e+02;5.8815423e-02;3.3750000e+02;7.4577838e-02;3.3750000e+02;9.2227474e-02;3.3750000e+02;1.0948595e-01;3.3750000e+02;1.2555811e-01;3.3750000e+02;1.3931897e-01;3.3750000e+02;1.4985590e-01;3.3750000e+02;1.6043532e-01;3.3750000e+02;1.8448688e-01;3.3750000e+02;2.1364570e-01;3.3750000e+02;2.4630994e-01;3.3750000e+02;2.5958911e-01;3.3750000e+02;2.6211119e-01;3.3750000e+02;2.5685066e-01;3.3750000e+02;2.4505632e-01;3.3750000e+02;2.4387445e-02;3.3750000e+02;3.3766024e-02;3.3750000e+02;4.5098476e-02;3.3750000e+02;5.8815423e-02;3.3750000e+02;7.4577838e-02;3.3750000e+02;9.2227474e-02;3.3750000e+02;1.0948595e-01;3.3750000e+02;1.2555811e-01;3.3750000e+02;1.3931897e-01;3.3750000e+02;1.4985590e-01;3.3750000e+02;1.6043532e-01;3.3750000e+02;1.8448688e-01;3.3750000e+02;2.1364570e-01;3.3750000e+02;2.4630994e-01;3.3750000e+02;2.5958911e-01;3.3750000e+02;2.6211119e-01;3.3750000e+02;2.5685066e-01;3.3750000e+02;2.4505632e-01;3.3750000e+02;2.4387445e-02;3.3750000e+02;3.3766024e-02;3.3750000e+02;4.5098476e-02;3.3750000e+02;5.8815423e-02;3.3750000e+02;7.4577838e-02;3.3750000e+02;9.2227474e-02;3.3750000e+02;1.0948595e-01;3.3750000e+02;1.2555811e-01;3.3750000e+02;1.3931897e-01;3.3750000e+02;1.4985590e-01;3.3750000e+02;1.6043532e-01;3.3750000e+02;1.8448688e-01;3.3750000e+02;2.1364570e-01;3.3750000e+02;2.4630994e-01;3.3750000e+02;2.5958911e-01;3.3750000e+02;2.6211119e-01;3.3750000e+02;2.5685066e-01;3.3750000e+02;2.4505632e-01;3.3750000e+02;2.4387445e-02;3.3750000e+02;3.3766024e-02;3.3750000e+02;4.5098476e-02;3.3750000e+02;5.8815423e-02;3.3750000e+02;7.4577838e-02;3.3750000e+02;9.2227474e-02;3.3750000e+02;1.0948595e-01;3.3750000e+02;1.2555811e-01;3.3750000e+02;1.3931897e-01;3.3750000e+02;1.4985590e-01;3.3750000e+02;1.6043532e-01;3.3750000e+02;1.8448688e-01;3.3750000e+02;2.1364570e-01;3.3750000e+02;2.4630994e-01;3.3750000e+02;2.5958911e-01;3.3750000e+02;2.6211119e-01;3.3750000e+02;2.5685066e-01;3.3750000e+02;2.4505632e-01;3.3750000e+02;2.4387445e-02;3.3750000e+02;3.3766024e-02;3.3750000e+02;4.5098476e-02;3.3750000e+02;5.8815423e-02;3.3750000e+02;7.4577838e-02;3.3750000e+02;9.2227474e-02;3.3750000e+02;1.0948595e-01;3.3750000e+02;1.2555811e-01;3.3750000e+02;1.3931897e-01;3.3750000e+02;1.4985590e-01;3.3750000e+02;1.6043532e-01;3.3750000e+02;1.8448688e-01;3.3750000e+02;2.1364570e-01;3.3750000e+02;2.4630994e-01;3.3750000e+02;2.5958911e-01;3.3750000e+02;2.6211119e-01;3.3750000e+02;2.5685066e-01;3.3750000e+02;2.4505632e-01;3.3750000e+02;2.4387445e-02;3.3750000e+02;3.3766024e-02;3.3750000e+02;4.5098476e-02;3.3750000e+02;5.8815423e-02;3.3750000e+02;7.4577838e-02;3.3750000e+02;9.2227474e-02;3.3750000e+02;1.0948595e-01;3.3750000e+02;1.2555811e-01;3.3750000e+02;1.3931897e-01;3.3750000e+02;1.4985590e-01;3.3750000e+02;1.6043532e-01;3.3750000e+02;1.8448688e-01;3.3750000e+02;2.1364570e-01;3.3750000e+02;2.4630994e-01;3.3750000e+02;2.5958911e-01;3.3750000e+02;2.6211119e-01;3.3750000e+02;2.5685066e-01;3.3750000e+02;2.4505632e-01;3.3750000e+02;2.4387445e-02;3.3750000e+02;3.3766024e-02;3.3750000e+02;4.5098476e-02;3.3750000e+02;5.8815423e-02;3.3750000e+02;7.4577838e-02;3.3750000e+02;9.2227474e-02;3.3750000e+02;1.0948595e-01;3.3750000e+02;1.2555811e-01;3.3750000e+02;1.3931897e-01;3.3750000e+02;1.4985590e-01;3.3750000e+02;1.6043532e-01;3.3750000e+02;1.8448688e-01;3.3750000e+02;2.1364570e-01;3.3750000e+02;2.4630994e-01;3.3750000e+02;2.5958911e-01;3.3750000e+02;2.6211119e-01;3.3750000e+02;2.5685066e-01;3.3750000e+02;2.4505632e-01;3.3750000e+02;2.4387445e-02;3.3750000e+02;3.3766024e-02;3.3750000e+02;4.5098476e-02;3.3750000e+02;5.8815423e-02;3.3750000e+02;7.4577838e-02;3.3750000e+02;9.2227474e-02;3.3750000e+02;1.0948595e-01;3.3750000e+02;1.2555811e-01;3.3750000e+02;1.3931897e-01;3.3750000e+02;1.4985590e-01;3.3750000e+02;1.6043532e-01;3.3750000e+02;1.8448688e-01;3.3750000e+02;2.1364570e-01;3.3750000e+02;2.4630994e-01;3.3750000e+02;2.5958911e-01;3.3750000e+02;2.6211119e-01;3.3750000e+02;2.5685066e-01;3.3750000e+02;2.4505632e-01;3.3750000e+02;2.4387445e-02;3.3750000e+02;3.3766024e-02;3.3750000e+02;4.5098476e-02;3.3750000e+02;5.8815423e-02;3.3750000e+02;7.4577838e-02;3.3750000e+02;9.2227474e-02;3.3750000e+02;1.0948595e-01;3.3750000e+02;1.2555811e-01;3.3750000e+02;1.3931897e-01;3.3750000e+02;1.4985590e-01;3.3750000e+02;1.6043532e-01;3.3750000e+02;1.8448688e-01;3.3750000e+02;2.1364570e-01;3.3750000e+02;2.4630994e-01;3.3750000e+02;2.5958911e-01;3.3750000e+02;2.6211119e-01;3.3750000e+02;2.5685066e-01;3.3750000e+02;2.4505632e-01;3.3750000e+02;2.4387445e-02;3.3750000e+02;3.3766024e-02;3.3750000e+02;4.5098476e-02;3.3750000e+02;5.8815423e-02;3.3750000e+02;7.4577838e-02;3.3750000e+02;9.2227474e-02;3.3750000e+02;1.0948595e-01;3.3750000e+02;1.2555811e-01;3.3750000e+02;1.3931897e-01;3.3750000e+02;1.4985590e-01;3.3750000e+02;1.6043532e-01;3.3750000e+02;1.8448688e-01;3.3750000e+02;2.1364570e-01;3.3750000e+02;2.4630994e-01;3.3750000e+02;2.5958911e-01;3.3750000e+02;2.6211119e-01;3.3750000e+02;2.5685066e-01;3.3750000e+02;2.4505632e-01;3.3750000e+02;2.4387445e-02;3.3750000e+02;3.3766024e-02;3.3750000e+02;4.5098476e-02;3.3750000e+02;5.8815423e-02;3.3750000e+02;7.4577838e-02;3.3750000e+02;9.2227474e-02;3.3750000e+02;1.0948595e-01;3.3750000e+02;1.2555811e-01;3.3750000e+02;1.3931897e-01;3.3750000e+02;1.4985590e-01;3.3750000e+02;1.6043532e-01;3.3750000e+02;1.8448688e-01;3.3750000e+02;2.1364570e-01;3.3750000e+02;2.4630994e-01;3.3750000e+02;2.5958911e-01;3.3750000e+02;2.6211119e-01;3.3750000e+02;2.5685066e-01;3.3750000e+02;2.4505632e-01;3.3750000e+02;2.4387445e-02;3.3750000e+02;3.3766024e-02;3.3750000e+02;4.5098476e-02;3.3750000e+02;5.8815423e-02;3.3750000e+02;7.4577838e-02;3.3750000e+02;9.2227474e-02;3.3750000e+02;1.0948595e-01;3.3750000e+02;1.2555811e-01;3.3750000e+02;1.3931897e-01;3.3750000e+02;1.4985590e-01;3.3750000e+02;1.6043532e-01;3.3750000e+02;1.8448688e-01;3.3750000e+02;2.1364570e-01;3.3750000e+02;2.4630994e-01;3.3750000e+02;2.5958911e-01;3.3750000e+02;2.6211119e-01;3.3750000e+02;2.5685066e-01;3.3750000e+02;2.4505632e-01;3.3750000e+02;2.4387445e-02;3.3750000e+02;3.3766024e-02;3.3750000e+02;4.5098476e-02;3.3750000e+02;5.8815423e-02;3.3750000e+02;7.4577838e-02;3.3750000e+02;9.2227474e-02;3.3750000e+02;1.0948595e-01;3.3750000e+02;1.2555811e-01;3.3750000e+02;1.3931897e-01;3.3750000e+02;1.4985590e-01;3.3750000e+02;1.6043532e-01;3.3750000e+02;1.8448688e-01;3.3750000e+02;2.1364570e-01;3.3750000e+02;2.4630994e-01;3.3750000e+02;2.5958911e-01;3.3750000e+02;2.6211119e-01;3.3750000e+02;2.5685066e-01;3.3750000e+02;2.4505632e-01;3.3750000e+02;2.4387445e-02;3.3750000e+02;3.3766024e-02;3.3750000e+02;4.5098476e-02;3.3750000e+02;5.8815423e-02;3.3750000e+02;7.4577838e-02;3.3750000e+02;9.2227474e-02;3.3750000e+02;1.0948595e-01;3.3750000e+02;1.2555811e-01;3.3750000e+02;1.3931897e-01;3.3750000e+02;1.4985590e-01;3.3750000e+02;1.6043532e-01;3.3750000e+02;1.8448688e-01;3.3750000e+02;2.1364570e-01;3.3750000e+02;2.4630994e-01;3.3750000e+02;2.5958911e-01;3.3750000e+02;2.6211119e-01;3.3750000e+02;2.5685066e-01;3.3750000e+02;2.4505632e-01;3.3750000e+02;2.4387445e-02;3.3750000e+02;3.3766024e-02;3.3750000e+02;4.5098476e-02;3.3750000e+02;5.8815423e-02;3.3750000e+02;7.4577838e-02;3.3750000e+02;9.2227474e-02;3.3750000e+02;1.0948595e-01;3.3750000e+02;1.2555811e-01;3.3750000e+02;1.3931897e-01;3.3750000e+02;1.4985590e-01;3.3750000e+02;1.6043532e-01;3.3750000e+02;1.8448688e-01;3.3750000e+02;2.1364570e-01;3.3750000e+02;2.4630994e-01;3.3750000e+02;2.5958911e-01;3.3750000e+02;2.6211119e-01;3.3750000e+02;2.5685066e-01;3.3750000e+02;2.4505632e-01;3.3750000e+02;2.4387445e-02;3.3750000e+02;3.3766024e-02;3.3750000e+02;4.5098476e-02;3.3750000e+02;5.8815423e-02;3.3750000e+02;7.4577838e-02;3.3750000e+02;9.2227474e-02;3.3750000e+02;1.0948595e-01;3.3750000e+02;1.2555811e-01;3.3750000e+02;1.3931897e-01;3.3750000e+02;1.4985590e-01;3.3750000e+02;1.6043532e-01;3.3750000e+02;1.8448688e-01;3.3750000e+02;2.1364570e-01;3.3750000e+02;2.4630994e-01;3.3750000e+02;2.5958911e-01;3.3750000e+02;2.6211119e-01;3.3750000e+02;2.5685066e-01;3.3750000e+02;2.4505632e-01;3.3750000e+02;2.4387445e-02;3.3750000e+02;3.3766024e-02;3.3750000e+02;4.5098476e-02;3.3750000e+02;5.8815423e-02;3.3750000e+02;7.4577838e-02;3.3750000e+02;9.2227474e-02;3.3750000e+02;1.0948595e-01;3.3750000e+02;1.2555811e-01;3.3750000e+02;1.3931897e-01;3.3750000e+02;1.4985590e-01;3.3750000e+02;1.6043532e-01;3.3750000e+02;1.8448688e-01;3.3750000e+02;2.1364570e-01;3.3750000e+02;2.4630994e-01;3.3750000e+02;2.5958911e-01;3.3750000e+02;2.6211119e-01;3.3750000e+02;2.5685066e-01;3.3750000e+02;2.4505632e-01;3.3750000e+02;2.4387445e-02;3.3750000e+02;3.3766024e-02;3.3750000e+02;4.5098476e-02;3.3750000e+02;5.8815423e-02;3.3750000e+02;7.4577838e-02;3.3750000e+02;9.2227474e-02;3.3750000e+02;1.0948595e-01;3.3750000e+02;1.2555811e-01;3.3750000e+02;1.3931897e-01;3.3750000e+02;1.4985590e-01;3.3750000e+02;1.6043532e-01;3.3750000e+02;1.8448688e-01;3.3750000e+02;2.1364570e-01;3.3750000e+02;2.4630994e-01;3.3750000e+02;2.5958911e-01;3.3750000e+02;2.6211119e-01;3.3750000e+02;2.5685066e-01;3.3750000e+02;2.4505632e-01
3.4250000e+02;2.0928830e-02;3.4250000e+02;2.9235100e-02;3.4250000e+02;3.9716348e-02;3.4250000e+02;5.3325173e-02;3.4250000e+02;6.8116665e-02;3.4250000e+02;8.3684146e-02;3.4250000e+02;9.9645697e-02;3.4250000e+02;1.1552340e-01;3.4250000e+02;1.2964831e-01;3.4250000e+02;1.3979526e-01;3.4250000e+02;1.4961906e-01;3.4250000e+02;1.7263016e-01;3.4250000e+02;2.0369381e-01;3.4250000e+02;2.3918630e-01;3.4250000e+02;2.5377828e-01;3.4250000e+02;2.5727618e-01;3.4250000e+02;2.5287545e-01;3.4250000e+02;2.4152875e-01;3.4250000e+02;2.0928830e-02;3.4250000e+02;2.9235100e-02;3.4250000e+02;3.9716348e-02;3.4250000e+02;5.3325173e-02;3.4250000e+02;6.8116665e-02;3.4250000e+02;8.3684146e-02;3.4250000e+02;9.9645697e-02;3.4250000e+02;1.1552340e-01;3.4250000e+02;1.2964831e-01;3.4250000e+02;1.3979526e-01;3.4250000e+02;1.4961906e-01;3.4250000e+02;1.7263016e-01;3.4250000e+02;2.0369381e-01;3.4250000e+02;2.3918630e-01;3.4250000e+02;2.5377828e-01;3.4250000e+02;2.5727618e-01;3.4250000e+02;2.5287545e-01;3.4250000e+02;2.4152875e-01;3.4250000e+02;2.0928830e-02;3.4250000e+02;2.9235100e-02;3.4250000e+02;3.9716348e-02;3.4250000e+02;5.3325173e-02;3.4250000e+02;6.8116665e-02;3.4250000e+02;8.3684146e-02;3.4250000e+02;9.9645697e-02;3.4250000e+02;1.1552340e-01;3.4250000e+02;1.2964831e-01;3.4250000e+02;1.3979526e-01;3.4250000e+02;1.4961906e-01;3.4250000e+02;1.7263016e-01;3.4250000e+02;2.0369381e-01;3.4250000e+02;2.3918630e-01;3.4250000e+02;2.5377828e-01;3.4250000e+02;2.5727618e-01;3.4250000e+02;2.5287545e-01;3.4250000e+02;2.4152875e-01;3.4250000e+02;2.0928830e-02;3.4250000e+02;2.9235100e-02;3.4250000e+02;3.9716348e-02;3.4250000e+02;5.3325173e-02;3.4250000e+02;6.8116665e-02;3.4250000e+02;8.3684146e-02;3.4250000e+02;9.9645697e-02;3.4250000e+02;1.1552340e-01;3.4250000e+02;1.2964831e-01;3.4250000e+02;1.3979526e-01;3.4250000e+02;1.4961906e-01;3.4250000e+02;1.7263016e-01;3.4250000e+02;2.0369381e-01;3.4250000e+02;2.3918630e-01;3.4250000e+02;2.5377828e-01;3.4250000e+02;2.5727618e-01;3.4250000e+02;2.5287545e-01;3.4250000e+02;2.4152875e-01;3.4250000e+02;2.0928830e-02;3.4250000e+02;2.9235100e-02;3.4250000e+02;3.9716348e-02;3.4250000e+02;5.3325173e-02;3.4250000e+02;6.8116665e-02;3.4250000e+02;8.3684146e-02;3.4250000e+02;9.9645697e-02;3.4250000e+02;1.1552340e-01;3.4250000e+02;1.2964831e-01;3.4250000e+02;1.3979526e-01;3.4250000e+02;1.4961906e-01;3.4250000e+02;1.7263016e-01;3.4250000e+02;2.0369381e-01;3.4250000e+02;2.3918630e-01;3.4250000e+02;2.5377828e-01;3.4250000e+02;2.5727618e-01;3.4250000e+02;2.5287545e-01;3.4250000e+02;2.4152875e-01;3.4250000e+02;2.0928830e-02;3.4250000e+02;2.9235100e-02;3.4250000e+02;3.9716348e-02;3.4250000e+02;5.3325173e-02;3.4250000e+02;6.8116665e-02;3.4250000e+02;8.3684146e-02;3.4250000e+02;9.9645697e-02;3.4250000e+02;1.1552340e-01;3.4250000e+02;1.2964831e-01;3.4250000e+02;1.3979526e-01;3.4250000e+02;1.4961906e-01;3.4250000e+02;1.7263016e-01;3.4250000e+02;2.0369381e-01;3.4250000e+02;2.3918630e-01;3.4250000e+02;2.5377828e-01;3.4250000e+02;2.5727618e-01;3.4250000e+02;2.5287545e-01;3.4250000e+02;2.4152875e-01;3.4250000e+02;2.0928830e-02;3.4250000e+02;2.9235100e-02;3.4250000e+02;3.9716348e-02;3.4250000e+02;5.3325173e-02;3.4250000e+02;6.8116665e-02;3.4250000e+02;8.3684146e-02;3.4250000e+02;9.9645697e-02;3.4250000e+02;1.1552340e-01;3.4250000e+02;1.2964831e-01;3.4250000e+02;1.3979526e-01;3.4250000e+02;1.4961906e-01;3.4250000e+02;1.7263016e-01;3.4250000e+02;2.0369381e-01;3.4250000e+02;2.3918630e-01;3.4250000e+02;2.5377828e-01;3.4250000e+02;2.5727618e-01;3.4250000e+02;2.5287545e-01;3.4250000e+02;2.4152875e-01;3.4250000e+02;2.0928830e-02;3.4250000e+02;2.9235100e-02;3.4250000e+02;3.9716348e-02;3.4250000e+02;5.3325173e-02;3.4250000e+02;6.8116665e-02;3.4250000e+02;8.3684146e-02;3.4250000e+02;9.9645697e-02;3.4250000e+02;1.1552340e-01;3.4250000e+02;1.2964831e-01;3.4250000e+02;1.3979526e-01;3.4250000e+02;1.4961906e-01;3.4250000e+02;1.7263016e-01;3.4250000e+02;2.0369381e-01;3.4250000e+02;2.3918630e-01;3.4250000e+02;2.5377828e-01;3.4250000e+02;2.5727618e-01;3.4250000e+02;2.5287545e-01;3.4250000e+02;2.4152875e-01;3.4250000e+02;2.0928830e-02;3.4250000e+02;2.9235100e-02;3.4250000e+02;3.9716348e-02;3.4250000e+02;5.3325173e-02;3.4250000e+02;6.8116665e-02;3.4250000e+02;8.3684146e-02;3.4250000e+02;9.9645697e-02;3.4250000e+02;1.1552340e-01;3.4250000e+02;1.2964831e-01;3.4250000e+02;1.3979526e-01;3.4250000e+02;1.4961906e-01;3.4250000e+02;1.7263016e-01;3.4250000e+02;2.0369381e-01;3.4250000e+02;2.3918630e-01;3.4250000e+02;2.5377828e-01;3.4250000e+02;2.5727618e-01;3.4250000e+02;2.5287545e-01;3.4250000e+02;2.4152875e-01;3.4250000e+02;2.0928830e-02;3.4250000e+02;2.9235100e-02;3.4250000e+02;3.9716348e-02;3.4250000e+02;5.3325173e-02;3.4250000e+02;6.8116665e-02;3.4250000e+02;8.3684146e-02;3.4250000e+02;9.9645697e-02;3.4250000e+02;1.1552340e-01;3.4250000e+02;1.2964831e-01;3.4250000e+02;1.3979526e-01;3.4250000e+02;1.4961906e-01;3.4250000e+02;1.7263016e-01;3.4250000e+02;2.0369381e-01;3.4250000e+02;2.3918630e-01;3.4250000e+02;2.5377828e-01;3.4250000e+02;2.5727618e-01;3.4250000e+02;2.5287545e-01;3.4250000e+02;2.4152875e-01;3.4250000e+02;2.0928830e-02;3.4250000e+02;2.9235100e-02;3.4250000e+02;3.9716348e-02;3.4250000e+02;5.3325173e-02;3.4250000e+02;6.8116665e-02;3.4250000e+02;8.3684146e-02;3.4250000e+02;9.9645697e-02;3.4250000e+02;1.1552340e-01;3.4250000e+02;1.2964831e-01;3.4250000e+02;1.3979526e-01;3.4250000e+02;1.4961906e-01;3.4250000e+02;1.7263016e-01;3.4250000e+02;2.0369381e-01;3.4250000e+02;2.3918630e-01;3.4250000e+02;2.5377828e-01;3.4250000e+02;2.5727618e-01;3.4250000e+02;2.5287545e-01;3.4250000e+02;2.4152875e-01;3.4250000e+02;2.0928830e-02;3.4250000e+02;2.9235100e-02;3.4250000e+02;3.9716348e-02;3.4250000e+02;5.3325173e-02;3.4250000e+02;6.8116665e-02;3.4250000e+02;8.3684146e-02;3.4250000e+02;9.9645697e-02;3.4250000e+02;1.1552340e-01;3.4250000e+02;1.2964831e-01;3.4250000e+02;1.3979526e-01;3.4250000e+02;1.4961906e-01;3.4250000e+02;1.7263016e-01;3.4250000e+02;2.0369381e-01;3.4250000e+02;2.3918630e-01;3.4250000e+02;2.5377828e-01;3.4250000e+02;2.5727618e-01;3.4250000e+02;2.5287545e-01;3.4250000e+02;2.4152875e-01;3.4250000e+02;2.0928830e-02;3.4250000e+02;2.9235100e-02;3.4250000e+02;3.9716348e-02;3.4250000e+02;5.3325173e-02;3.4250000e+02;6.8116665e-02;3.4250000e+02;8.3684146e-02;3.4250000e+02;9.9645697e-02;3.4250000e+02;1.1552340e-01;3.4250000e+02;1.2964831e-01;3.4250000e+02;1.3979526e-01;3.4250000e+02;1.4961906e-01;3.4250000e+02;1.7263016e-01;3.4250000e+02;2.0369381e-01;3.4250000e+02;2.3918630e-01;3.4250000e+02;2.5377828e-01;3.4250000e+02;2.5727618e-01;3.4250000e+02;2.5287545e-01;3.4250000e+02;2.4152875e-01;3.4250000e+02;2.0928830e-02;3.4250000e+02;2.9235100e-02;3.4250000e+02;3.9716348e-02;3.4250000e+02;5.3325173e-02;3.4250000e+02;6.8116665e-02;3.4250000e+02;8.3684146e-02;3.4250000e+02;9.9645697e-02;3.4250000e+02;1.1552340e-01;3.4250000e+02;1.2964831e-01;3.4250000e+02;1.3979526e-01;3.4250000e+02;1.4961906e-01;3.4250000e+02;1.7263016e-01;3.4250000e+02;2.0369381e-01;3.4250000e+02;2.3918630e-01;3.4250000e+02;2.5377828e-01;3.4250000e+02;2.5727618e-01;3.4250000e+02;2.5287545e-01;3.4250000e+02;2.4152875e-01;3.4250000e+02;2.0928830e-02;3.4250000e+02;2.9235100e-02;3.4250000e+02;3.9716348e-02;3.4250000e+02;5.3325173e-02;3.4250000e+02;6.8116665e-02;3.4250000e+02;8.3684146e-02;3.4250000e+02;9.9645697e-02;3.4250000e+02;1.1552340e-01;3.4250000e+02;1.2964831e-01;3.4250000e+02;1.3979526e-01;3.4250000e+02;1.4961906e-01;3.4250000e+02;1.7263016e-01;3.4250000e+02;2.0369381e-01;3.4250000e+02;2.3918630e-01;3.4250000e+02;2.5377828e-01;3.4250000e+02;2.5727618e-01;3.4250000e+02;2.5287545e-01;3.4250000e+02;2.4152875e-01;3.4250000e+02;2.0928830e-02;3.4250000e+02;2.9235100e-02;3.4250000e+02;3.9716348e-02;3.4250000e+02;5.3325173e-02;3.4250000e+02;6.8116665e-02;3.4250000e+02;8.3684146e-02;3.4250000e+02;9.9645697e-02;3.4250000e+02;1.1552340e-01;3.4250000e+02;1.2964831e-01;3.4250000e+02;1.3979526e-01;3.4250000e+02;1.4961906e-01;3.4250000e+02;1.7263016e-01;3.4250000e+02;2.0369381e-01;3.4250000e+02;2.3918630e-01;3.4250000e+02;2.5377828e-01;3.4250000e+02;2.5727618e-01;3.4250000e+02;2.5287545e-01;3.4250000e+02;2.4152875e-01;3.4250000e+02;2.0928830e-02;3.4250000e+02;2.9235100e-02;3.4250000e+02;3.9716348e-02;3.4250000e+02;5.3325173e-02;3.4250000e+02;6.8116665e-02;3.4250000e+02;8.3684146e-02;3.4250000e+02;9.9645697e-02;3.4250000e+02;1.1552340e-01;3.4250000e+02;1.2964831e-01;3.4250000e+02;1.3979526e-01;3.4250000e+02;1.4961906e-01;3.4250000e+02;1.7263016e-01;3.4250000e+02;2.0369381e-01;3.4250000e+02;2.3918630e-01;3.4250000e+02;2.5377828e-01;3.4250000e+02;2.5727618e-01;3.4250000e+02;2.5287545e-01;3.4250000e+02;2.4152875e-01;3.4250000e+02;2.0928830e-02;3.4250000e+02;2.9235100e-02;3.4250000e+02;3.9716348e-02;3.4250000e+02;5.3325173e-02;3.4250000e+02;6.8116665e-02;3.4250000e+02;8.3684146e-02;3.4250000e+02;9.9645697e-02;3.4250000e+02;1.1552340e-01;3.4250000e+02;1.2964831e-01;3.4250000e+02;1.3979526e-01;3.4250000e+02;1.4961906e-01;3.4250000e+02;1.7263016e-01;3.4250000e+02;2.0369381e-01;3.4250000e+02;2.3918630e-01;3.4250000e+02;2.5377828e-01;3.4250000e+02;2.5727618e-01;3.4250000e+02;2.5287545e-01;3.4250000e+02;2.4152875e-01;3.4250000e+02;2.0928830e-02;3.4250000e+02;2.9235100e-02;3.4250000e+02;3.9716348e-02;3.4250000e+02;5.3325173e-02;3.4250000e+02;6.8116665e-02;3.4250000e+02;8.3684146e-02;3.4250000e+02;9.9645697e-02;3.4250000e+02;1.1552340e-01;3.4250000e+02;1.2964831e-01;3.4250000e+02;1.3979526e-01;3.4250000e+02;1.4961906e-01;3.4250000e+02;1.7263016e-01;3.4250000e+02;2.0369381e-01;3.4250000e+02;2.3918630e-01;3.4250000e+02;2.5377828e-01;3.4250000e+02;2.5727618e-01;3.4250000e+02;2.5287545e-01;3.4250000e+02;2.4152875e-01;3.4250000e+02;2.0928830e-02;3.4250000e+02;2.9235100e-02;3.4250000e+02;3.9716348e-02;3.4250000e+02;5.3325173e-02;3.4250000e+02;6.8116665e-02;3.4250000e+02;8.3684146e-02;3.4250000e+02;9.9645697e-02;3.4250000e+02;1.1552340e-01;3.4250000e+02;1.2964831e-01;3.4250000e+02;1.3979526e-01;3.4250000e+02;1.4961906e-01;3.4250000e+02;1.7263016e-01;3.4250000e+02;2.0369381e-01;3.4250000e+02;2.3918630e-01;3.4250000e+02;2.5377828e-01;3.4250000e+02;2.5727618e-01;3.4250000e+02;2.5287545e-01;3.4250000e+02;2.4152875e-01;3.4250000e+02;2.0928830e-02;3.4250000e+02;2.9235100e-02;3.4250000e+02;3.9716348e-02;3.4250000e+02;5.3325173e-02;3.4250000e+02;6.8116665e-02;3.4250000e+02;8.3684146e-02;3.4250000e+02;9.9645697e-02;3.4250000e+02;1.1552340e-01;3.4250000e+02;1.2964831e-01;3.4250000e+02;1.3979526e-01;3.4250000e+02;1.4961906e-01;3.4250000e+02;1.7263016e-01;3.4250000e+02;2.0369381e-01;3.4250000e+02;2.3918630e-01;3.4250000e+02;2.5377828e-01;3.4250000e+02;2.5727618e-01;3.4250000e+02;2.5287545e-01;3.4250000e+02;2.4152875e-01;3.4250000e+02;2.0928830e-02;3.4250000e+02;2.9235100e-02;3.4250000e+02;3.9716348e-02;3.4250000e+02;5.3325173e-02;3.4250000e+02;6.8116665e-02;3.4250000e+02;8.3684146e-02;3.4250000e+02;9.9645697e-02;3.4250000e+02;1.1552340e-01;3.4250000e+02;1.2964831e-01;3.4250000e+02;1.3979526e-01;3.4250000e+02;1.4961906e-01;3.4250000e+02;1.7263016e-01;3.4250000e+02;2.0369381e-01;3.4250000e+02;2.3918630e-01;3.4250000e+02;2.5377828e-01;3.4250000e+02;2.5727618e-01;3.4250000e+02;2.5287545e-01;3.4250000e+02;2.4152875e-01;3.4250000e+02;2.0928830e-02;3.4250000e+02;2.9235100e-02;3.4250000e+02;3.9716348e-02;3.4250000e+02;5.3325173e-02;3.4250000e+02;6.8116665e-02;3.4250000e+02;8.3684146e-02;3.4250000e+02;9.9645697e-02;3.4250000e+02;1.1552340e-01;3.4250000e+02;1.2964831e-01;3.4250000e+02;1.3979526e-01;3.4250000e+02;1.4961906e-01;3.4250000e+02;1.7263016e-01;3.4250000e+02;2.0369381e-01;3.4250000e+02;2.3918630e-01;3.4250000e+02;2.5377828e-01;3.4250000e+02;2.5727618e-01;3.4250000e+02;2.5287545e-01;3.4250000e+02;2.4152875e-01;3.4250000e+02;2.0928830e-02;3.4250000e+02;2.9235100e-02;3.4250000e+02;3.9716348e-02;3.4250000e+02;5.3325173e-02;3.4250000e+02;6.8116665e-02;3.4250000e+02;8.3684146e-02;3.4250000e+02;9.9645697e-02;3.4250000e+02;1.1552340e-01;3.4250000e+02;1.2964831e-01;3.4250000e+02;1.3979526e-01;3.4250000e+02;1.4961906e-01;3.4250000e+02;1.7263016e-01;3.4250000e+02;2.0369381e-01;3.4250000e+02;2.3918630e-01;3.4250000e+02;2.5377828e-01;3.4250000e+02;2.5727618e-01;3.4250000e+02;2.5287545e-01;3.4250000e+02;2.4152875e-01;3.4250000e+02;2.0928830e-02;3.4250000e+02;2.9235100e-02;3.4250000e+02;3.9716348e-02;3.4250000e+02;5.3325173e-02;3.4250000e+02;6.8116665e-02;3.4250000e+02;8.3684146e-02;3.4250000e+02;9.9645697e-02;3.4250000e+02;1.1552340e-01;3.4250000e+02;1.2964831e-01;3.4250000e+02;1.3979526e-01;3.4250000e+02;1.4961906e-01;3.4250000e+02;1.7263016e-01;3.4250000e+02;2.0369381e-01;3.4250000e+02;2.3918630e-01;3.4250000e+02;2.5377828e-01;3.4250000e+02;2.5727618e-01;3.4250000e+02;2.5287545e-01;3.4250000e+02;2.4152875e-01;3.4250000e+02;2.0928830e-02;3.4250000e+02;2.9235100e-02;3.4250000e+02;3.9716348e-02;3.4250000e+02;5.3325173e-02;3.4250000e+02;6.8116665e-02;3.4250000e+02;8.3684146e-02;3.4250000e+02;9.9645697e-02;3.4250000e+02;1.1552340e-01;3.4250000e+02;1.2964831e-01;3.4250000e+02;1.3979526e-01;3.4250000e+02;1.4961906e-01;3.4250000e+02;1.7263016e-01;3.4250000e+02;2.0369381e-01;3.4250000e+02;2.3918630e-01;3.4250000e+02;2.5377828e-01;3.4250000e+02;2.5727618e-01;3.4250000e+02;2.5287545e-01;3.4250000e+02;2.4152875e-01;3.4250000e+02;2.0928830e-02;3.4250000e+02;2.9235100e-02;3.4250000e+02;3.9716348e-02;3.4250000e+02;5.3325173e-02;3.4250000e+02;6.8116665e-02;3.4250000e+02;8.3684146e-02;3.4250000e+02;9.9645697e-02;3.4250000e+02;1.1552340e-01;3.4250000e+02;1.2964831e-01;3.4250000e+02;1.3979526e-01;3.4250000e+02;1.4961906e-01;3.4250000e+02;1.7263016e-01;3.4250000e+02;2.0369381e-01;3.4250000e+02;2.3918630e-01;3.4250000e+02;2.5377828e-01;3.4250000e+02;2.5727618e-01;3.4250000e+02;2.5287545e-01;3.4250000e+02;2.4152875e-01;3.4250000e+02;2.0928830e-02;3.4250000e+02;2.9235100e-02;3.4250000e+02;3.9716348e-02;3.4250000e+02;5.3325173e-02;3.4250000e+02;6.8116665e-02;3.4250000e+02;8.3684146e-02;3.4250000e+02;9.9645697e-02;3.4250000e+02;1.1552340e-01;3.4250000e+02;1.2964831e-01;3.4250000e+02;1.3979526e-01;3.4250000e+02;1.4961906e-01;3.4250000e+02;1.7263016e-01;3.4250000e+02;2.0369381e-01;3.4250000e+02;2.3918630e-01;3.4250000e+02;2.5377828e-01;3.4250000e+02;2.5727618e-01;3.4250000e+02;2.5287545e-01;3.4250000e+02;2.4152875e-01;3.4250000e+02;2.0928830e-02;3.4250000e+02;2.9235100e-02;3.4250000e+02;3.9716348e-02;3.4250000e+02;5.3325173e-02;3.4250000e+02;6.8116665e-02;3.4250000e+02;8.3684146e-02;3.4250000e+02;9.9645697e-02;3.4250000e+02;1.1552340e-01;3.4250000e+02;1.2964831e-01;3.4250000e+02;1.3979526e-01;3.4250000e+02;1.4961906e-01;3.4250000e+02;1.7263016e-01;3.4250000e+02;2.0369381e-01;3.4250000e+02;2.3918630e-01;3.4250000e+02;2.5377828e-01;3.4250000e+02;2.5727618e-01;3.4250000e+02;2.5287545e-01;3.4250000e+02;2.4152875e-01;3.4250000e+02;2.0928830e-02;3.4250000e+02;2.9235100e-02;3.4250000e+02;3.9716348e-02;3.4250000e+02;5.3325173e-02;3.4250000e+02;6.8116665e-02;3.4250000e+02;8.3684146e-02;3.4250000e+02;9.9645697e-02;3.4250000e+02;1.1552340e-01;3.4250000e+02;1.2964831e-01;3.4250000e+02;1.3979526e-01;3.4250000e+02;1.4961906e-01;3.4250000e+02;1.7263016e-01;3.4250000e+02;2.0369381e-01;3.4250000e+02;2.3918630e-01;3.4250000e+02;2.5377828e-01;3.4250000e+02;2.5727618e-01;3.4250000e+02;2.5287545e-01;3.4250000e+02;2.4152875e-01;3.4250000e+02;2.0928830e-02;3.4250000e+02;2.9235100e-02;3.4250000e+02;3.9716348e-02;3.4250000e+02;5.3325173e-02;3.4250000e+02;6.8116665e-02;3.4250000e+02;8.3684146e-02;3.4250000e+02;9.9645697e-02;3.4250000e+02;1.1552340e-01;3.4250000e+02;1.2964831e-01;3.4250000e+02;1.3979526e-01;3.4250000e+02;1.4961906e-01;3.4250000e+02;1.7263016e-01;3.4250000e+02;2.0369381e-01;3.4250000e+02;2.3918630e-01;3.4250000e+02;2.5377828e-01;3.4250000e+02;2.5727618e-01;3.4250000e+02;2.5287545e-01;3.4250000e+02;2.4152875e-01;3.4250000e+02;2.0928830e-02;3.4250000e+02;2.9235100e-02;3.4250000e+02;3.9716348e-02;3.4250000e+02;5.3325173e-02;3.4250000e+02;6.8116665e-02;3.4250000e+02;8.3684146e-02;3.4250000e+02;9.9645697e-02;3.4250000e+02;1.1552340e-01;3.4250000e+02;1.2964831e-01;3.4250000e+02;1.3979526e-01;3.4250000e+02;1.4961906e-01;3.4250000e+02;1.7263016e-01;3.4250000e+02;2.0369381e-01;3.4250000e+02;2.3918630e-01;3.4250000e+02;2.5377828e-01;3.4250000e+02;2.5727618e-01;3.4250000e+02;2.5287545e-01;3.4250000e+02;2.4152875e-01;3.4250000e+02;2.0928830e-02;3.4250000e+02;2.9235100e-02;3.4250000e+02;3.9716348e-02;3.4250000e+02;5.3325173e-02;3.4250000e+02;6.8116665e-02;3.4250000e+02;8.3684146e-02;3.4250000e+02;9.9645697e-02;3.4250000e+02;1.1552340e-01;3.4250000e+02;1.2964831e-01;3.4250000e+02;1.3979526e-01;3.4250000e+02;1.4961906e-01;3.4250000e+02;1.7263016e-01;3.4250000e+02;2.0369381e-01;3.4250000e+02;2.3918630e-01;3.4250000e+02;2.5377828e-01;3.4250000e+02;2.5727618e-01;3.4250000e+02;2.5287545e-01;3.4250000e+02;2.4152875e-01;3.4250000e+02;2.0928830e-02;3.4250000e+02;2.9235100e-02;3.4250000e+02;3.9716348e-02;3.4250000e+02;5.3325173e-02;3.4250000e+02;6.8116665e-02;3.4250000e+02;8.3684146e-02;3.4250000e+02;9.9645697e-02;3.4250000e+02;1.1552340e-01;3.4250000e+02;1.2964831e-01;3.4250000e+02;1.3979526e-01;3.4250000e+02;1.4961906e-01;3.4250000e+02;1.7263016e-01;3.4250000e+02;2.0369381e-01;3.4250000e+02;2.3918630e-01;3.4250000e+02;2.5377828e-01;3.4250000e+02;2.5727618e-01;3.4250000e+02;2.5287545e-01;3.4250000e+02;2.4152875e-01;3.4250000e+02;2.0928830e-02;3.4250000e+02;2.9235100e-02;3.4250000e+02;3.9716348e-02;3.4250000e+02;5.3325173e-02;3.4250000e+02;6.8116665e-02;3.4250000e+02;8.3684146e-02;3.4250000e+02;9.9645697e-02;3.4250000e+02;1.1552340e-01;3.4250000e+02;1.2964831e-01;3.4250000e+02;1.3979526e-01;3.4250000e+02;1.4961906e-01;3.4250000e+02;1.7263016e-01;3.4250000e+02;2.0369381e-01;3.4250000e+02;2.3918630e-01;3.4250000e+02;2.5377828e-01;3.4250000e+02;2.5727618e-01;3.4250000e+02;2.5287545e-01;3.4250000e+02;2.4152875e-01;3.4250000e+02;2.0928830e-02;3.4250000e+02;2.9235100e-02;3.4250000e+02;3.9716348e-02;3.4250000e+02;5.3325173e-02;3.4250000e+02;6.8116665e-02;3.4250000e+02;8.3684146e-02;3.4250000e+02;9.9645697e-02;3.4250000e+02;1.1552340e-01;3.4250000e+02;1.2964831e-01;3.4250000e+02;1.3979526e-01;3.4250000e+02;1.4961906e-01;3.4250000e+02;1.7263016e-01;3.4250000e+02;2.0369381e-01;3.4250000e+02;2.3918630e-01;3.4250000e+02;2.5377828e-01;3.4250000e+02;2.5727618e-01;3.4250000e+02;2.5287545e-01;3.4250000e+02;2.4152875e-01;3.4250000e+02;2.0928830e-02;3.4250000e+02;2.9235100e-02;3.4250000e+02;3.9716348e-02;3.4250000e+02;5.3325173e-02;3.4250000e+02;6.8116665e-02;3.4250000e+02;8.3684146e-02;3.4250000e+02;9.9645697e-02;3.4250000e+02;1.1552340e-01;3.4250000e+02;1.2964831e-01;3.4250000e+02;1.3979526e-01;3.4250000e+02;1.4961906e-01;3.4250000e+02;1.7263016e-01;3.4250000e+02;2.0369381e-01;3.4250000e+02;2.3918630e-01;3.4250000e+02;2.5377828e-01;3.4250000e+02;2.5727618e-01;3.4250000e+02;2.5287545e-01;3.4250000e+02;2.4152875e-01;3.4250000e+02;2.0928830e-02;3.4250000e+02;2.9235100e-02;3.4250000e+02;3.9716348e-02;3.4250000e+02;5.3325173e-02;3.4250000e+02;6.8116665e-02;3.4250000e+02;8.3684146e-02;3.4250000e+02;9.9645697e-02;3.4250000e+02;1.1552340e-01;3.4250000e+02;1.2964831e-01;3.4250000e+02;1.3979526e-01;3.4250000e+02;1.4961906e-01;3.4250000e+02;1.7263016e-01;3.4250000e+02;2.0369381e-01;3.4250000e+02;2.3918630e-01;3.4250000e+02;2.5377828e-01;3.4250000e+02;2.5727618e-01;3.4250000e+02;2.5287545e-01;3.4250000e+02;2.4152875e-01;3.4250000e+02;2.0928830e-02;3.4250000e+02;2.9235100e-02;3.4250000e+02;3.9716348e-02;3.4250000e+02;5.3325173e-02;3.4250000e+02;6.8116665e-02;3.4250000e+02;8.3684146e-02;3.4250000e+02;9.9645697e-02;3.4250000e+02;1.1552340e-01;3.4250000e+02;1.2964831e-01;3.4250000e+02;1.3979526e-01;3.4250000e+02;1.4961906e-01;3.4250000e+02;1.7263016e-01;3.4250000e+02;2.0369381e-01;3.4250000e+02;2.3918630e-01;3.4250000e+02;2.5377828e-01;3.4250000e+02;2.5727618e-01;3.4250000e+02;2.5287545e-01;3.4250000e+02;2.4152875e-01;3.4250000e+02;2.0928830e-02;3.4250000e+02;2.9235100e-02;3.4250000e+02;3.9716348e-02;3.4250000e+02;5.3325173e-02;3.4250000e+02;6.8116665e-02;3.4250000e+02;8.3684146e-02;3.4250000e+02;9.9645697e-02;3.4250000e+02;1.1552340e-01;3.4250000e+02;1.2964831e-01;3.4250000e+02;1.3979526e-01;3.4250000e+02;1.4961906e-01;3.4250000e+02;1.7263016e-01;3.4250000e+02;2.0369381e-01;3.4250000e+02;2.3918630e-01;3.4250000e+02;2.5377828e-01;3.4250000e+02;2.5727618e-01;3.4250000e+02;2.5287545e-01;3.4250000e+02;2.4152875e-01;3.4250000e+02;2.0928830e-02;3.4250000e+02;2.9235100e-02;3.4250000e+02;3.9716348e-02;3.4250000e+02;5.3325173e-02;3.4250000e+02;6.8116665e-02;3.4250000e+02;8.3684146e-02;3.4250000e+02;9.9645697e-02;3.4250000e+02;1.1552340e-01;3.4250000e+02;1.2964831e-01;3.4250000e+02;1.3979526e-01;3.4250000e+02;1.4961906e-01;3.4250000e+02;1.7263016e-01;3.4250000e+02;2.0369381e-01;3.4250000e+02;2.3918630e-01;3.4250000e+02;2.5377828e-01;3.4250000e+02;2.5727618e-01;3.4250000e+02;2.5287545e-01;3.4250000e+02;2.4152875e-01;3.4250000e+02;2.0928830e-02;3.4250000e+02;2.9235100e-02;3.4250000e+02;3.9716348e-02;3.4250000e+02;5.3325173e-02;3.4250000e+02;6.8116665e-02;3.4250000e+02;8.3684146e-02;3.4250000e+02;9.9645697e-02;3.4250000e+02;1.1552340e-01;3.4250000e+02;1.2964831e-01;3.4250000e+02;1.3979526e-01;3.4250000e+02;1.4961906e-01;3.4250000e+02;1.7263016e-01;3.4250000e+02;2.0369381e-01;3.4250000e+02;2.3918630e-01;3.4250000e+02;2.5377828e-01;3.4250000e+02;2.5727618e-01;3.4250000e+02;2.5287545e-01;3.4250000e+02;2.4152875e-01;3.4250000e+02;2.0928830e-02;3.4250000e+02;2.9235100e-02;3.4250000e+02;3.9716348e-02;3.4250000e+02;5.3325173e-02;3.4250000e+02;6.8116665e-02;3.4250000e+02;8.3684146e-02;3.4250000e+02;9.9645697e-02;3.4250000e+02;1.1552340e-01;3.4250000e+02;1.2964831e-01;3.4250000e+02;1.3979526e-01;3.4250000e+02;1.4961906e-01;3.4250000e+02;1.7263016e-01;3.4250000e+02;2.0369381e-01;3.4250000e+02;2.3918630e-01;3.4250000e+02;2.5377828e-01;3.4250000e+02;2.5727618e-01;3.4250000e+02;2.5287545e-01;3.4250000e+02;2.4152875e-01;3.4250000e+02;2.0928830e-02;3.4250000e+02;2.9235100e-02;3.4250000e+02;3.9716348e-02;3.4250000e+02;5.3325173e-02;3.4250000e+02;6.8116665e-02;3.4250000e+02;8.3684146e-02;3.4250000e+02;9.9645697e-02;3.4250000e+02;1.1552340e-01;3.4250000e+02;1.2964831e-01;3.4250000e+02;1.3979526e-01;3.4250000e+02;1.4961906e-01;3.4250000e+02;1.7263016e-01;3.4250000e+02;2.0369381e-01;3.4250000e+02;2.3918630e-01;3.4250000e+02;2.5377828e-01;3.4250000e+02;2.5727618e-01;3.4250000e+02;2.5287545e-01;3.4250000e+02;2.4152875e-01;3.4250000e+02;2.0928830e-02;3.4250000e+02;2.9235100e-02;3.4250000e+02;3.9716348e-02;3.4250000e+02;5.3325173e-02;3.4250000e+02;6.8116665e-02;3.4250000e+02;8.3684146e-02;3.4250000e+02;9.9645697e-02;3.4250000e+02;1.1552340e-01;3.4250000e+02;1.2964831e-01;3.4250000e+02;1.3979526e-01;3.4250000e+02;1.4961906e-01;3.4250000e+02;1.7263016e-01;3.4250000e+02;2.0369381e-01;3.4250000e+02;2.3918630e-01;3.4250000e+02;2.5377828e-01;3.4250000e+02;2.5727618e-01;3.4250000e+02;2.5287545e-01;3.4250000e+02;2.4152875e-01;3.4250000e+02;2.0928830e-02;3.4250000e+02;2.9235100e-02;3.4250000e+02;3.9716348e-02;3.4250000e+02;5.3325173e-02;3.4250000e+02;6.8116665e-02;3.4250000e+02;8.3684146e-02;3.4250000e+02;9.9645697e-02;3.4250000e+02;1.1552340e-01;3.4250000e+02;1.2964831e-01;3.4250000e+02;1.3979526e-01;3.4250000e+02;1.4961906e-01;3.4250000e+02;1.7263016e-01;3.4250000e+02;2.0369381e-01;3.4250000e+02;2.3918630e-01;3.4250000e+02;2.5377828e-01;3.4250000e+02;2.5727618e-01;3.4250000e+02;2.5287545e-01;3.4250000e+02;2.4152875e-01;3.4250000e+02;2.0928830e-02;3.4250000e+02;2.9235100e-02;3.4250000e+02;3.9716348e-02;3.4250000e+02;5.3325173e-02;3.4250000e+02;6.8116665e-02;3.4250000e+02;8.3684146e-02;3.4250000e+02;9.9645697e-02;3.4250000e+02;1.1552340e-01;3.4250000e+02;1.2964831e-01;3.4250000e+02;1.3979526e-01;3.4250000e+02;1.4961906e-01;3.4250000e+02;1.7263016e-01;3.4250000e+02;2.0369381e-01;3.4250000e+02;2.3918630e-01;3.4250000e+02;2.5377828e-01;3.4250000e+02;2.5727618e-01;3.4250000e+02;2.5287545e-01;3.4250000e+02;2.4152875e-01;3.4250000e+02;2.0928830e-02;3.4250000e+02;2.9235100e-02;3.4250000e+02;3.9716348e-02;3.4250000e+02;5.3325173e-02;3.4250000e+02;6.8116665e-02;3.4250000e+02;8.3684146e-02;3.4250000e+02;9.9645697e-02;3.4250000e+02;1.1552340e-01;3.4250000e+02;1.2964831e-01;3.4250000e+02;1.3979526e-01;3.4250000e+02;1.4961906e-01;3.4250000e+02;1.7263016e-01;3.4250000e+02;2.0369381e-01;3.4250000e+02;2.3918630e-01;3.4250000e+02;2.5377828e-01;3.4250000e+02;2.5727618e-01;3.4250000e+02;2.5287545e-01;3.4250000e+02;2.4152875e-01;3.4250000e+02;2.0928830e-02;3.4250000e+02;2.9235100e-02;3.4250000e+02;3.9716348e-02;3.4250000e+02;5.3325173e-02;3.4250000e+02;6.8116665e-02;3.4250000e+02;8.3684146e-02;3.4250000e+02;9.9645697e-02;3.4250000e+02;1.1552340e-01;3.4250000e+02;1.2964831e-01;3.4250000e+02;1.3979526e-01;3.4250000e+02;1.4961906e-01;3.4250000e+02;1.7263016e-01;3.4250000e+02;2.0369381e-01;3.4250000e+02;2.3918630e-01;3.4250000e+02;2.5377828e-01;3.4250000e+02;2.5727618e-01;3.4250000e+02;2.5287545e-01;3.4250000e+02;2.4152875e-01;3.4250000e+02;2.0928830e-02;3.4250000e+02;2.9235100e-02;3.4250000e+02;3.9716348e-02;3.4250000e+02;5.3325173e-02;3.4250000e+02;6.8116665e-02;3.4250000e+02;8.3684146e-02;3.4250000e+02;9.9645697e-02;3.4250000e+02;1.1552340e-01;3.4250000e+02;1.2964831e-01;3.4250000e+02;1.3979526e-01;3.4250000e+02;1.4961906e-01;3.4250000e+02;1.7263016e-01;3.4250000e+02;2.0369381e-01;3.4250000e+02;2.3918630e-01;3.4250000e+02;2.5377828e-01;3.4250000e+02;2.5727618e-01;3.4250000e+02;2.5287545e-01;3.4250000e+02;2.4152875e-01;3.4250000e+02;2.0928830e-02;3.4250000e+02;2.9235100e-02;3.4250000e+02;3.9716348e-02;3.4250000e+02;5.3325173e-02;3.4250000e+02;6.8116665e-02;3.4250000e+02;8.3684146e-02;3.4250000e+02;9.9645697e-02;3.4250000e+02;1.1552340e-01;3.4250000e+02;1.2964831e-01;3.4250000e+02;1.3979526e-01;3.4250000e+02;1.4961906e-01;3.4250000e+02;1.7263016e-01;3.4250000e+02;2.0369381e-01;3.4250000e+02;2.3918630e-01;3.4250000e+02;2.5377828e-01;3.4250000e+02;2.5727618e-01;3.4250000e+02;2.5287545e-01;3.4250000e+02;2.4152875e-01;3.4250000e+02;2.0928830e-02;3.4250000e+02;2.9235100e-02;3.4250000e+02;3.9716348e-02;3.4250000e+02;5.3325173e-02;3.4250000e+02;6.8116665e-02;3.4250000e+02;8.3684146e-02;3.4250000e+02;9.9645697e-02;3.4250000e+02;1.1552340e-01;3.4250000e+02;1.2964831e-01;3.4250000e+02;1.3979526e-01;3.4250000e+02;1.4961906e-01;3.4250000e+02;1.7263016e-01;3.4250000e+02;2.0369381e-01;3.4250000e+02;2.3918630e-01;3.4250000e+02;2.5377828e-01;3.4250000e+02;2.5727618e-01;3.4250000e+02;2.5287545e-01;3.4250000e+02;2.4152875e-01;3.4250000e+02;2.0928830e-02;3.4250000e+02;2.9235100e-02;3.4250000e+02;3.9716348e-02;3.4250000e+02;5.3325173e-02;3.4250000e+02;6.8116665e-02;3.4250000e+02;8.3684146e-02;3.4250000e+02;9.9645697e-02;3.4250000e+02;1.1552340e-01;3.4250000e+02;1.2964831e-01;3.4250000e+02;1.3979526e-01;3.4250000e+02;1.4961906e-01;3.4250000e+02;1.7263016e-01;3.4250000e+02;2.0369381e-01;3.4250000e+02;2.3918630e-01;3.4250000e+02;2.5377828e-01;3.4250000e+02;2.5727618e-01;3.4250000e+02;2.5287545e-01;3.4250000e+02;2.4152875e-01;3.4250000e+02;2.0928830e-02;3.4250000e+02;2.9235100e-02;3.4250000e+02;3.9716348e-02;3.4250000e+02;5.3325173e-02;3.4250000e+02;6.8116665e-02;3.4250000e+02;8.3684146e-02;3.4250000e+02;9.9645697e-02;3.4250000e+02;1.1552340e-01;3.4250000e+02;1.2964831e-01;3.4250000e+02;1.3979526e-01;3.4250000e+02;1.4961906e-01;3.4250000e+02;1.7263016e-01;3.4250000e+02;2.0369381e-01;3.4250000e+02;2.3918630e-01;3.4250000e+02;2.5377828e-01;3.4250000e+02;2.5727618e-01;3.4250000e+02;2.5287545e-01;3.4250000e+02;2.4152875e-01;3.4250000e+02;2.0928830e-02;3.4250000e+02;2.9235100e-02;3.4250000e+02;3.9716348e-02;3.4250000e+02;5.3325173e-02;3.4250000e+02;6.8116665e-02;3.4250000e+02;8.3684146e-02;3.4250000e+02;9.9645697e-02;3.4250000e+02;1.1552340e-01;3.4250000e+02;1.2964831e-01;3.4250000e+02;1.3979526e-01;3.4250000e+02;1.4961906e-01;3.4250000e+02;1.7263016e-01;3.4250000e+02;2.0369381e-01;3.4250000e+02;2.3918630e-01;3.4250000e+02;2.5377828e-01;3.4250000e+02;2.5727618e-01;3.4250000e+02;2.5287545e-01;3.4250000e+02;2.4152875e-01;3.4250000e+02;2.0928830e-02;3.4250000e+02;2.9235100e-02;3.4250000e+02;3.9716348e-02;3.4250000e+02;5.3325173e-02;3.4250000e+02;6.8116665e-02;3.4250000e+02;8.3684146e-02;3.4250000e+02;9.9645697e-02;3.4250000e+02;1.1552340e-01;3.4250000e+02;1.2964831e-01;3.4250000e+02;1.3979526e-01;3.4250000e+02;1.4961906e-01;3.4250000e+02;1.7263016e-01;3.4250000e+02;2.0369381e-01;3.4250000e+02;2.3918630e-01;3.4250000e+02;2.5377828e-01;3.4250000e+02;2.5727618e-01;3.4250000e+02;2.5287545e-01;3.4250000e+02;2.4152875e-01;3.4250000e+02;2.0928830e-02;3.4250000e+02;2.9235100e-02;3.4250000e+02;3.9716348e-02;3.4250000e+02;5.3325173e-02;3.4250000e+02;6.8116665e-02;3.4250000e+02;8.3684146e-02;3.4250000e+02;9.9645697e-02;3.4250000e+02;1.1552340e-01;3.4250000e+02;1.2964831e-01;3.4250000e+02;1.3979526e-01;3.4250000e+02;1.4961906e-01;3.4250000e+02;1.7263016e-01;3.4250000e+02;2.0369381e-01;3.4250000e+02;2.3918630e-01;3.4250000e+02;2.5377828e-01;3.4250000e+02;2.5727618e-01;3.4250000e+02;2.5287545e-01;3.4250000e+02;2.4152875e-01;3.4250000e+02;2.0928830e-02;3.4250000e+02;2.9235100e-02;3.4250000e+02;3.9716348e-02;3.4250000e+02;5.3325173e-02;3.4250000e+02;6.8116665e-02;3.4250000e+02;8.3684146e-02;3.4250000e+02;9.9645697e-02;3.4250000e+02;1.1552340e-01;3.4250000e+02;1.2964831e-01;3.4250000e+02;1.3979526e-01;3.4250000e+02;1.4961906e-01;3.4250000e+02;1.7263016e-01;3.4250000e+02;2.0369381e-01;3.4250000e+02;2.3918630e-01;3.4250000e+02;2.5377828e-01;3.4250000e+02;2.5727618e-01;3.4250000e+02;2.5287545e-01;3.4250000e+02;2.4152875e-01;3.4250000e+02;2.0928830e-02;3.4250000e+02;2.9235100e-02;3.4250000e+02;3.9716348e-02;3.4250000e+02;5.3325173e-02;3.4250000e+02;6.8116665e-02;3.4250000e+02;8.3684146e-02;3.4250000e+02;9.9645697e-02;3.4250000e+02;1.1552340e-01;3.4250000e+02;1.2964831e-01;3.4250000e+02;1.3979526e-01;3.4250000e+02;1.4961906e-01;3.4250000e+02;1.7263016e-01;3.4250000e+02;2.0369381e-01;3.4250000e+02;2.3918630e-01;3.4250000e+02;2.5377828e-01;3.4250000e+02;2.5727618e-01;3.4250000e+02;2.5287545e-01;3.4250000e+02;2.4152875e-01;3.4250000e+02;2.0928830e-02;3.4250000e+02;2.9235100e-02;3.4250000e+02;3.9716348e-02;3.4250000e+02;5.3325173e-02;3.4250000e+02;6.8116665e-02;3.4250000e+02;8.3684146e-02;3.4250000e+02;9.9645697e-02;3.4250000e+02;1.1552340e-01;3.4250000e+02;1.2964831e-01;3.4250000e+02;1.3979526e-01;3.4250000e+02;1.4961906e-01;3.4250000e+02;1.7263016e-01;3.4250000e+02;2.0369381e-01;3.4250000e+02;2.3918630e-01;3.4250000e+02;2.5377828e-01;3.4250000e+02;2.5727618e-01;3.4250000e+02;2.5287545e-01;3.4250000e+02;2.4152875e-01;3.4250000e+02;2.0928830e-02;3.4250000e+02;2.9235100e-02;3.4250000e+02;3.9716348e-02;3.4250000e+02;5.3325173e-02;3.4250000e+02;6.8116665e-02;3.4250000e+02;8.3684146e-02;3.4250000e+02;9.9645697e-02;3.4250000e+02;1.1552340e-01;3.4250000e+02;1.2964831e-01;3.4250000e+02;1.3979526e-01;3.4250000e+02;1.4961906e-01;3.4250000e+02;1.7263016e-01;3.4250000e+02;2.0369381e-01;3.4250000e+02;2.3918630e-01;3.4250000e+02;2.5377828e-01;3.4250000e+02;2.5727618e-01;3.4250000e+02;2.5287545e-01;3.4250000e+02;2.4152875e-01;3.4250000e+02;2.0928830e-02;3.4250000e+02;2.9235100e-02;3.4250000e+02;3.9716348e-02;3.4250000e+02;5.3325173e-02;3.4250000e+02;6.8116665e-02;3.4250000e+02;8.3684146e-02;3.4250000e+02;9.9645697e-02;3.4250000e+02;1.1552340e-01;3.4250000e+02;1.2964831e-01;3.4250000e+02;1.3979526e-01;3.4250000e+02;1.4961906e-01;3.4250000e+02;1.7263016e-01;3.4250000e+02;2.0369381e-01;3.4250000e+02;2.3918630e-01;3.4250000e+02;2.5377828e-01;3.4250000e+02;2.5727618e-01;3.4250000e+02;2.5287545e-01;3.4250000e+02;2.4152875e-01;3.4250000e+02;2.0928830e-02;3.4250000e+02;2.9235100e-02;3.4250000e+02;3.9716348e-02;3.4250000e+02;5.3325173e-02;3.4250000e+02;6.8116665e-02;3.4250000e+02;8.3684146e-02;3.4250000e+02;9.9645697e-02;3.4250000e+02;1.1552340e-01;3.4250000e+02;1.2964831e-01;3.4250000e+02;1.3979526e-01;3.4250000e+02;1.4961906e-01;3.4250000e+02;1.7263016e-01;3.4250000e+02;2.0369381e-01;3.4250000e+02;2.3918630e-01;3.4250000e+02;2.5377828e-01;3.4250000e+02;2.5727618e-01;3.4250000e+02;2.5287545e-01;3.4250000e+02;2.4152875e-01;3.4250000e+02;2.0928830e-02;3.4250000e+02;2.9235100e-02;3.4250000e+02;3.9716348e-02;3.4250000e+02;5.3325173e-02;3.4250000e+02;6.8116665e-02;3.4250000e+02;8.3684146e-02;3.4250000e+02;9.9645697e-02;3.4250000e+02;1.1552340e-01;3.4250000e+02;1.2964831e-01;3.4250000e+02;1.3979526e-01;3.4250000e+02;1.4961906e-01;3.4250000e+02;1.7263016e-01;3.4250000e+02;2.0369381e-01;3.4250000e+02;2.3918630e-01;3.4250000e+02;2.5377828e-01;3.4250000e+02;2.5727618e-01;3.4250000e+02;2.5287545e-01;3.4250000e+02;2.4152875e-01;3.4250000e+02;2.0928830e-02;3.4250000e+02;2.9235100e-02;3.4250000e+02;3.9716348e-02;3.4250000e+02;5.3325173e-02;3.4250000e+02;6.8116665e-02;3.4250000e+02;8.3684146e-02;3.4250000e+02;9.9645697e-02;3.4250000e+02;1.1552340e-01;3.4250000e+02;1.2964831e-01;3.4250000e+02;1.3979526e-01;3.4250000e+02;1.4961906e-01;3.4250000e+02;1.7263016e-01;3.4250000e+02;2.0369381e-01;3.4250000e+02;2.3918630e-01;3.4250000e+02;2.5377828e-01;3.4250000e+02;2.5727618e-01;3.4250000e+02;2.5287545e-01;3.4250000e+02;2.4152875e-01;3.4250000e+02;2.0928830e-02;3.4250000e+02;2.9235100e-02;3.4250000e+02;3.9716348e-02;3.4250000e+02;5.3325173e-02;3.4250000e+02;6.8116665e-02;3.4250000e+02;8.3684146e-02;3.4250000e+02;9.9645697e-02;3.4250000e+02;1.1552340e-01;3.4250000e+02;1.2964831e-01;3.4250000e+02;1.3979526e-01;3.4250000e+02;1.4961906e-01;3.4250000e+02;1.7263016e-01;3.4250000e+02;2.0369381e-01;3.4250000e+02;2.3918630e-01;3.4250000e+02;2.5377828e-01;3.4250000e+02;2.5727618e-01;3.4250000e+02;2.5287545e-01;3.4250000e+02;2.4152875e-01;3.4250000e+02;2.0928830e-02;3.4250000e+02;2.9235100e-02;3.4250000e+02;3.9716348e-02;3.4250000e+02;5.3325173e-02;3.4250000e+02;6.8116665e-02;3.4250000e+02;8.3684146e-02;3.4250000e+02;9.9645697e-02;3.4250000e+02;1.1552340e-01;3.4250000e+02;1.2964831e-01;3.4250000e+02;1.3979526e-01;3.4250000e+02;1.4961906e-01;3.4250000e+02;1.7263016e-01;3.4250000e+02;2.0369381e-01;3.4250000e+02;2.3918630e-01;3.4250000e+02;2.5377828e-01;3.4250000e+02;2.5727618e-01;3.4250000e+02;2.5287545e-01;3.4250000e+02;2.4152875e-01;3.4250000e+02;2.0928830e-02;3.4250000e+02;2.9235100e-02;3.4250000e+02;3.9716348e-02;3.4250000e+02;5.3325173e-02;3.4250000e+02;6.8116665e-02;3.4250000e+02;8.3684146e-02;3.4250000e+02;9.9645697e-02;3.4250000e+02;1.1552340e-01;3.4250000e+02;1.2964831e-01;3.4250000e+02;1.3979526e-01;3.4250000e+02;1.4961906e-01;3.4250000e+02;1.7263016e-01;3.4250000e+02;2.0369381e-01;3.4250000e+02;2.3918630e-01;3.4250000e+02;2.5377828e-01;3.4250000e+02;2.5727618e-01;3.4250000e+02;2.5287545e-01;3.4250000e+02;2.4152875e-01;3.4250000e+02;2.0928830e-02;3.4250000e+02;2.9235100e-02;3.4250000e+02;3.9716348e-02;3.4250000e+02;5.3325173e-02;3.4250000e+02;6.8116665e-02;3.4250000e+02;8.3684146e-02;3.4250000e+02;9.9645697e-02;3.4250000e+02;1.1552340e-01;3.4250000e+02;1.2964831e-01;3.4250000e+02;1.3979526e-01;3.4250000e+02;1.4961906e-01;3.4250000e+02;1.7263016e-01;3.4250000e+02;2.0369381e-01;3.4250000e+02;2.3918630e-01;3.4250000e+02;2.5377828e-01;3.4250000e+02;2.5727618e-01;3.4250000e+02;2.5287545e-01;3.4250000e+02;2.4152875e-01;3.4250000e+02;2.0928830e-02;3.4250000e+02;2.9235100e-02;3.4250000e+02;3.9716348e-02;3.4250000e+02;5.3325173e-02;3.4250000e+02;6.8116665e-02;3.4250000e+02;8.3684146e-02;3.4250000e+02;9.9645697e-02;3.4250000e+02;1.1552340e-01;3.4250000e+02;1.2964831e-01;3.4250000e+02;1.3979526e-01;3.4250000e+02;1.4961906e-01;3.4250000e+02;1.7263016e-01;3.4250000e+02;2.0369381e-01;3.4250000e+02;2.3918630e-01;3.4250000e+02;2.5377828e-01;3.4250000e+02;2.5727618e-01;3.4250000e+02;2.5287545e-01;3.4250000e+02;2.4152875e-01;3.4250000e+02;2.0928830e-02;3.4250000e+02;2.9235100e-02;3.4250000e+02;3.9716348e-02;3.4250000e+02;5.3325173e-02;3.4250000e+02;6.8116665e-02;3.4250000e+02;8.3684146e-02;3.4250000e+02;9.9645697e-02;3.4250000e+02;1.1552340e-01;3.4250000e+02;1.2964831e-01;3.4250000e+02;1.3979526e-01;3.4250000e+02;1.4961906e-01;3.4250000e+02;1.7263016e-01;3.4250000e+02;2.0369381e-01;3.4250000e+02;2.3918630e-01;3.4250000e+02;2.5377828e-01;3.4250000e+02;2.5727618e-01;3.4250000e+02;2.5287545e-01;3.4250000e+02;2.4152875e-01;3.4250000e+02;2.0928830e-02;3.4250000e+02;2.9235100e-02;3.4250000e+02;3.9716348e-02;3.4250000e+02;5.3325173e-02;3.4250000e+02;6.8116665e-02;3.4250000e+02;8.3684146e-02;3.4250000e+02;9.9645697e-02;3.4250000e+02;1.1552340e-01;3.4250000e+02;1.2964831e-01;3.4250000e+02;1.3979526e-01;3.4250000e+02;1.4961906e-01;3.4250000e+02;1.7263016e-01;3.4250000e+02;2.0369381e-01;3.4250000e+02;2.3918630e-01;3.4250000e+02;2.5377828e-01;3.4250000e+02;2.5727618e-01;3.4250000e+02;2.5287545e-01;3.4250000e+02;2.4152875e-01;3.4250000e+02;2.0928830e-02;3.4250000e+02;2.9235100e-02;3.4250000e+02;3.9716348e-02;3.4250000e+02;5.3325173e-02;3.4250000e+02;6.8116665e-02;3.4250000e+02;8.3684146e-02;3.4250000e+02;9.9645697e-02;3.4250000e+02;1.1552340e-01;3.4250000e+02;1.2964831e-01;3.4250000e+02;1.3979526e-01;3.4250000e+02;1.4961906e-01;3.4250000e+02;1.7263016e-01;3.4250000e+02;2.0369381e-01;3.4250000e+02;2.3918630e-01;3.4250000e+02;2.5377828e-01;3.4250000e+02;2.5727618e-01;3.4250000e+02;2.5287545e-01;3.4250000e+02;2.4152875e-01
3.4750000e+02;1.8868141e-02;3.4750000e+02;2.6272811e-02;3.4750000e+02;3.6068074e-02;3.4750000e+02;4.7428854e-02;3.4750000e+02;6.0500350e-02;3.4750000e+02;7.5215034e-02;3.4750000e+02;9.0629898e-02;3.4750000e+02;1.0660318e-01;3.4750000e+02;1.2142982e-01;3.4750000e+02;1.3122344e-01;3.4750000e+02;1.4084469e-01;3.4750000e+02;1.6265257e-01;3.4750000e+02;1.9577520e-01;3.4750000e+02;2.3297632e-01;3.4750000e+02;2.4811809e-01;3.4750000e+02;2.5227699e-01;3.4750000e+02;2.4824104e-01;3.4750000e+02;2.3687160e-01;3.4750000e+02;1.8868141e-02;3.4750000e+02;2.6272811e-02;3.4750000e+02;3.6068074e-02;3.4750000e+02;4.7428854e-02;3.4750000e+02;6.0500350e-02;3.4750000e+02;7.5215034e-02;3.4750000e+02;9.0629898e-02;3.4750000e+02;1.0660318e-01;3.4750000e+02;1.2142982e-01;3.4750000e+02;1.3122344e-01;3.4750000e+02;1.4084469e-01;3.4750000e+02;1.6265257e-01;3.4750000e+02;1.9577520e-01;3.4750000e+02;2.3297632e-01;3.4750000e+02;2.4811809e-01;3.4750000e+02;2.5227699e-01;3.4750000e+02;2.4824104e-01;3.4750000e+02;2.3687160e-01;3.4750000e+02;1.8868141e-02;3.4750000e+02;2.6272811e-02;3.4750000e+02;3.6068074e-02;3.4750000e+02;4.7428854e-02;3.4750000e+02;6.0500350e-02;3.4750000e+02;7.5215034e-02;3.4750000e+02;9.0629898e-02;3.4750000e+02;1.0660318e-01;3.4750000e+02;1.2142982e-01;3.4750000e+02;1.3122344e-01;3.4750000e+02;1.4084469e-01;3.4750000e+02;1.6265257e-01;3.4750000e+02;1.9577520e-01;3.4750000e+02;2.3297632e-01;3.4750000e+02;2.4811809e-01;3.4750000e+02;2.5227699e-01;3.4750000e+02;2.4824104e-01;3.4750000e+02;2.3687160e-01;3.4750000e+02;1.8868141e-02;3.4750000e+02;2.6272811e-02;3.4750000e+02;3.6068074e-02;3.4750000e+02;4.7428854e-02;3.4750000e+02;6.0500350e-02;3.4750000e+02;7.5215034e-02;3.4750000e+02;9.0629898e-02;3.4750000e+02;1.0660318e-01;3.4750000e+02;1.2142982e-01;3.4750000e+02;1.3122344e-01;3.4750000e+02;1.4084469e-01;3.4750000e+02;1.6265257e-01;3.4750000e+02;1.9577520e-01;3.4750000e+02;2.3297632e-01;3.4750000e+02;2.4811809e-01;3.4750000e+02;2.5227699e-01;3.4750000e+02;2.4824104e-01;3.4750000e+02;2.3687160e-01;3.4750000e+02;1.8868141e-02;3.4750000e+02;2.6272811e-02;3.4750000e+02;3.6068074e-02;3.4750000e+02;4.7428854e-02;3.4750000e+02;6.0500350e-02;3.4750000e+02;7.5215034e-02;3.4750000e+02;9.0629898e-02;3.4750000e+02;1.0660318e-01;3.4750000e+02;1.2142982e-01;3.4750000e+02;1.3122344e-01;3.4750000e+02;1.4084469e-01;3.4750000e+02;1.6265257e-01;3.4750000e+02;1.9577520e-01;3.4750000e+02;2.3297632e-01;3.4750000e+02;2.4811809e-01;3.4750000e+02;2.5227699e-01;3.4750000e+02;2.4824104e-01;3.4750000e+02;2.3687160e-01;3.4750000e+02;1.8868141e-02;3.4750000e+02;2.6272811e-02;3.4750000e+02;3.6068074e-02;3.4750000e+02;4.7428854e-02;3.4750000e+02;6.0500350e-02;3.4750000e+02;7.5215034e-02;3.4750000e+02;9.0629898e-02;3.4750000e+02;1.0660318e-01;3.4750000e+02;1.2142982e-01;3.4750000e+02;1.3122344e-01;3.4750000e+02;1.4084469e-01;3.4750000e+02;1.6265257e-01;3.4750000e+02;1.9577520e-01;3.4750000e+02;2.3297632e-01;3.4750000e+02;2.4811809e-01;3.4750000e+02;2.5227699e-01;3.4750000e+02;2.4824104e-01;3.4750000e+02;2.3687160e-01;3.4750000e+02;1.8868141e-02;3.4750000e+02;2.6272811e-02;3.4750000e+02;3.6068074e-02;3.4750000e+02;4.7428854e-02;3.4750000e+02;6.0500350e-02;3.4750000e+02;7.5215034e-02;3.4750000e+02;9.0629898e-02;3.4750000e+02;1.0660318e-01;3.4750000e+02;1.2142982e-01;3.4750000e+02;1.3122344e-01;3.4750000e+02;1.4084469e-01;3.4750000e+02;1.6265257e-01;3.4750000e+02;1.9577520e-01;3.4750000e+02;2.3297632e-01;3.4750000e+02;2.4811809e-01;3.4750000e+02;2.5227699e-01;3.4750000e+02;2.4824104e-01;3.4750000e+02;2.3687160e-01;3.4750000e+02;1.8868141e-02;3.4750000e+02;2.6272811e-02;3.4750000e+02;3.6068074e-02;3.4750000e+02;4.7428854e-02;3.4750000e+02;6.0500350e-02;3.4750000e+02;7.5215034e-02;3.4750000e+02;9.0629898e-02;3.4750000e+02;1.0660318e-01;3.4750000e+02;1.2142982e-01;3.4750000e+02;1.3122344e-01;3.4750000e+02;1.4084469e-01;3.4750000e+02;1.6265257e-01;3.4750000e+02;1.9577520e-01;3.4750000e+02;2.3297632e-01;3.4750000e+02;2.4811809e-01;3.4750000e+02;2.5227699e-01;3.4750000e+02;2.4824104e-01;3.4750000e+02;2.3687160e-01;3.4750000e+02;1.8868141e-02;3.4750000e+02;2.6272811e-02;3.4750000e+02;3.6068074e-02;3.4750000e+02;4.7428854e-02;3.4750000e+02;6.0500350e-02;3.4750000e+02;7.5215034e-02;3.4750000e+02;9.0629898e-02;3.4750000e+02;1.0660318e-01;3.4750000e+02;1.2142982e-01;3.4750000e+02;1.3122344e-01;3.4750000e+02;1.4084469e-01;3.4750000e+02;1.6265257e-01;3.4750000e+02;1.9577520e-01;3.4750000e+02;2.3297632e-01;3.4750000e+02;2.4811809e-01;3.4750000e+02;2.5227699e-01;3.4750000e+02;2.4824104e-01;3.4750000e+02;2.3687160e-01;3.4750000e+02;1.8868141e-02;3.4750000e+02;2.6272811e-02;3.4750000e+02;3.6068074e-02;3.4750000e+02;4.7428854e-02;3.4750000e+02;6.0500350e-02;3.4750000e+02;7.5215034e-02;3.4750000e+02;9.0629898e-02;3.4750000e+02;1.0660318e-01;3.4750000e+02;1.2142982e-01;3.4750000e+02;1.3122344e-01;3.4750000e+02;1.4084469e-01;3.4750000e+02;1.6265257e-01;3.4750000e+02;1.9577520e-01;3.4750000e+02;2.3297632e-01;3.4750000e+02;2.4811809e-01;3.4750000e+02;2.5227699e-01;3.4750000e+02;2.4824104e-01;3.4750000e+02;2.3687160e-01;3.4750000e+02;1.8868141e-02;3.4750000e+02;2.6272811e-02;3.4750000e+02;3.6068074e-02;3.4750000e+02;4.7428854e-02;3.4750000e+02;6.0500350e-02;3.4750000e+02;7.5215034e-02;3.4750000e+02;9.0629898e-02;3.4750000e+02;1.0660318e-01;3.4750000e+02;1.2142982e-01;3.4750000e+02;1.3122344e-01;3.4750000e+02;1.4084469e-01;3.4750000e+02;1.6265257e-01;3.4750000e+02;1.9577520e-01;3.4750000e+02;2.3297632e-01;3.4750000e+02;2.4811809e-01;3.4750000e+02;2.5227699e-01;3.4750000e+02;2.4824104e-01;3.4750000e+02;2.3687160e-01;3.4750000e+02;1.8868141e-02;3.4750000e+02;2.6272811e-02;3.4750000e+02;3.6068074e-02;3.4750000e+02;4.7428854e-02;3.4750000e+02;6.0500350e-02;3.4750000e+02;7.5215034e-02;3.4750000e+02;9.0629898e-02;3.4750000e+02;1.0660318e-01;3.4750000e+02;1.2142982e-01;3.4750000e+02;1.3122344e-01;3.4750000e+02;1.4084469e-01;3.4750000e+02;1.6265257e-01;3.4750000e+02;1.9577520e-01;3.4750000e+02;2.3297632e-01;3.4750000e+02;2.4811809e-01;3.4750000e+02;2.5227699e-01;3.4750000e+02;2.4824104e-01;3.4750000e+02;2.3687160e-01;3.4750000e+02;1.8868141e-02;3.4750000e+02;2.6272811e-02;3.4750000e+02;3.6068074e-02;3.4750000e+02;4.7428854e-02;3.4750000e+02;6.0500350e-02;3.4750000e+02;7.5215034e-02;3.4750000e+02;9.0629898e-02;3.4750000e+02;1.0660318e-01;3.4750000e+02;1.2142982e-01;3.4750000e+02;1.3122344e-01;3.4750000e+02;1.4084469e-01;3.4750000e+02;1.6265257e-01;3.4750000e+02;1.9577520e-01;3.4750000e+02;2.3297632e-01;3.4750000e+02;2.4811809e-01;3.4750000e+02;2.5227699e-01;3.4750000e+02;2.4824104e-01;3.4750000e+02;2.3687160e-01;3.4750000e+02;1.8868141e-02;3.4750000e+02;2.6272811e-02;3.4750000e+02;3.6068074e-02;3.4750000e+02;4.7428854e-02;3.4750000e+02;6.0500350e-02;3.4750000e+02;7.5215034e-02;3.4750000e+02;9.0629898e-02;3.4750000e+02;1.0660318e-01;3.4750000e+02;1.2142982e-01;3.4750000e+02;1.3122344e-01;3.4750000e+02;1.4084469e-01;3.4750000e+02;1.6265257e-01;3.4750000e+02;1.9577520e-01;3.4750000e+02;2.3297632e-01;3.4750000e+02;2.4811809e-01;3.4750000e+02;2.5227699e-01;3.4750000e+02;2.4824104e-01;3.4750000e+02;2.3687160e-01;3.4750000e+02;1.8868141e-02;3.4750000e+02;2.6272811e-02;3.4750000e+02;3.6068074e-02;3.4750000e+02;4.7428854e-02;3.4750000e+02;6.0500350e-02;3.4750000e+02;7.5215034e-02;3.4750000e+02;9.0629898e-02;3.4750000e+02;1.0660318e-01;3.4750000e+02;1.2142982e-01;3.4750000e+02;1.3122344e-01;3.4750000e+02;1.4084469e-01;3.4750000e+02;1.6265257e-01;3.4750000e+02;1.9577520e-01;3.4750000e+02;2.3297632e-01;3.4750000e+02;2.4811809e-01;3.4750000e+02;2.5227699e-01;3.4750000e+02;2.4824104e-01;3.4750000e+02;2.3687160e-01;3.4750000e+02;1.8868141e-02;3.4750000e+02;2.6272811e-02;3.4750000e+02;3.6068074e-02;3.4750000e+02;4.7428854e-02;3.4750000e+02;6.0500350e-02;3.4750000e+02;7.5215034e-02;3.4750000e+02;9.0629898e-02;3.4750000e+02;1.0660318e-01;3.4750000e+02;1.2142982e-01;3.4750000e+02;1.3122344e-01;3.4750000e+02;1.4084469e-01;3.4750000e+02;1.6265257e-01;3.4750000e+02;1.9577520e-01;3.4750000e+02;2.3297632e-01;3.4750000e+02;2.4811809e-01;3.4750000e+02;2.5227699e-01;3.4750000e+02;2.4824104e-01;3.4750000e+02;2.3687160e-01;3.4750000e+02;1.8868141e-02;3.4750000e+02;2.6272811e-02;3.4750000e+02;3.6068074e-02;3.4750000e+02;4.7428854e-02;3.4750000e+02;6.0500350e-02;3.4750000e+02;7.5215034e-02;3.4750000e+02;9.0629898e-02;3.4750000e+02;1.0660318e-01;3.4750000e+02;1.2142982e-01;3.4750000e+02;1.3122344e-01;3.4750000e+02;1.4084469e-01;3.4750000e+02;1.6265257e-01;3.4750000e+02;1.9577520e-01;3.4750000e+02;2.3297632e-01;3.4750000e+02;2.4811809e-01;3.4750000e+02;2.5227699e-01;3.4750000e+02;2.4824104e-01;3.4750000e+02;2.3687160e-01;3.4750000e+02;1.8868141e-02;3.4750000e+02;2.6272811e-02;3.4750000e+02;3.6068074e-02;3.4750000e+02;4.7428854e-02;3.4750000e+02;6.0500350e-02;3.4750000e+02;7.5215034e-02;3.4750000e+02;9.0629898e-02;3.4750000e+02;1.0660318e-01;3.4750000e+02;1.2142982e-01;3.4750000e+02;1.3122344e-01;3.4750000e+02;1.4084469e-01;3.4750000e+02;1.6265257e-01;3.4750000e+02;1.9577520e-01;3.4750000e+02;2.3297632e-01;3.4750000e+02;2.4811809e-01;3.4750000e+02;2.5227699e-01;3.4750000e+02;2.4824104e-01;3.4750000e+02;2.3687160e-01;3.4750000e+02;1.8868141e-02;3.4750000e+02;2.6272811e-02;3.4750000e+02;3.6068074e-02;3.4750000e+02;4.7428854e-02;3.4750000e+02;6.0500350e-02;3.4750000e+02;7.5215034e-02;3.4750000e+02;9.0629898e-02;3.4750000e+02;1.0660318e-01;3.4750000e+02;1.2142982e-01;3.4750000e+02;1.3122344e-01;3.4750000e+02;1.4084469e-01;3.4750000e+02;1.6265257e-01;3.4750000e+02;1.9577520e-01;3.4750000e+02;2.3297632e-01;3.4750000e+02;2.4811809e-01;3.4750000e+02;2.5227699e-01;3.4750000e+02;2.4824104e-01;3.4750000e+02;2.3687160e-01;3.4750000e+02;1.8868141e-02;3.4750000e+02;2.6272811e-02;3.4750000e+02;3.6068074e-02;3.4750000e+02;4.7428854e-02;3.4750000e+02;6.0500350e-02;3.4750000e+02;7.5215034e-02;3.4750000e+02;9.0629898e-02;3.4750000e+02;1.0660318e-01;3.4750000e+02;1.2142982e-01;3.4750000e+02;1.3122344e-01;3.4750000e+02;1.4084469e-01;3.4750000e+02;1.6265257e-01;3.4750000e+02;1.9577520e-01;3.4750000e+02;2.3297632e-01;3.4750000e+02;2.4811809e-01;3.4750000e+02;2.5227699e-01;3.4750000e+02;2.4824104e-01;3.4750000e+02;2.3687160e-01;3.4750000e+02;1.8868141e-02;3.4750000e+02;2.6272811e-02;3.4750000e+02;3.6068074e-02;3.4750000e+02;4.7428854e-02;3.4750000e+02;6.0500350e-02;3.4750000e+02;7.5215034e-02;3.4750000e+02;9.0629898e-02;3.4750000e+02;1.0660318e-01;3.4750000e+02;1.2142982e-01;3.4750000e+02;1.3122344e-01;3.4750000e+02;1.4084469e-01;3.4750000e+02;1.6265257e-01;3.4750000e+02;1.9577520e-01;3.4750000e+02;2.3297632e-01;3.4750000e+02;2.4811809e-01;3.4750000e+02;2.5227699e-01;3.4750000e+02;2.4824104e-01;3.4750000e+02;2.3687160e-01;3.4750000e+02;1.8868141e-02;3.4750000e+02;2.6272811e-02;3.4750000e+02;3.6068074e-02;3.4750000e+02;4.7428854e-02;3.4750000e+02;6.0500350e-02;3.4750000e+02;7.5215034e-02;3.4750000e+02;9.0629898e-02;3.4750000e+02;1.0660318e-01;3.4750000e+02;1.2142982e-01;3.4750000e+02;1.3122344e-01;3.4750000e+02;1.4084469e-01;3.4750000e+02;1.6265257e-01;3.4750000e+02;1.9577520e-01;3.4750000e+02;2.3297632e-01;3.4750000e+02;2.4811809e-01;3.4750000e+02;2.5227699e-01;3.4750000e+02;2.4824104e-01;3.4750000e+02;2.3687160e-01;3.4750000e+02;1.8868141e-02;3.4750000e+02;2.6272811e-02;3.4750000e+02;3.6068074e-02;3.4750000e+02;4.7428854e-02;3.4750000e+02;6.0500350e-02;3.4750000e+02;7.5215034e-02;3.4750000e+02;9.0629898e-02;3.4750000e+02;1.0660318e-01;3.4750000e+02;1.2142982e-01;3.4750000e+02;1.3122344e-01;3.4750000e+02;1.4084469e-01;3.4750000e+02;1.6265257e-01;3.4750000e+02;1.9577520e-01;3.4750000e+02;2.3297632e-01;3.4750000e+02;2.4811809e-01;3.4750000e+02;2.5227699e-01;3.4750000e+02;2.4824104e-01;3.4750000e+02;2.3687160e-01;3.4750000e+02;1.8868141e-02;3.4750000e+02;2.6272811e-02;3.4750000e+02;3.6068074e-02;3.4750000e+02;4.7428854e-02;3.4750000e+02;6.0500350e-02;3.4750000e+02;7.5215034e-02;3.4750000e+02;9.0629898e-02;3.4750000e+02;1.0660318e-01;3.4750000e+02;1.2142982e-01;3.4750000e+02;1.3122344e-01;3.4750000e+02;1.4084469e-01;3.4750000e+02;1.6265257e-01;3.4750000e+02;1.9577520e-01;3.4750000e+02;2.3297632e-01;3.4750000e+02;2.4811809e-01;3.4750000e+02;2.5227699e-01;3.4750000e+02;2.4824104e-01;3.4750000e+02;2.3687160e-01;3.4750000e+02;1.8868141e-02;3.4750000e+02;2.6272811e-02;3.4750000e+02;3.6068074e-02;3.4750000e+02;4.7428854e-02;3.4750000e+02;6.0500350e-02;3.4750000e+02;7.5215034e-02;3.4750000e+02;9.0629898e-02;3.4750000e+02;1.0660318e-01;3.4750000e+02;1.2142982e-01;3.4750000e+02;1.3122344e-01;3.4750000e+02;1.4084469e-01;3.4750000e+02;1.6265257e-01;3.4750000e+02;1.9577520e-01;3.4750000e+02;2.3297632e-01;3.4750000e+02;2.4811809e-01;3.4750000e+02;2.5227699e-01;3.4750000e+02;2.4824104e-01;3.4750000e+02;2.3687160e-01;3.4750000e+02;1.8868141e-02;3.4750000e+02;2.6272811e-02;3.4750000e+02;3.6068074e-02;3.4750000e+02;4.7428854e-02;3.4750000e+02;6.0500350e-02;3.4750000e+02;7.5215034e-02;3.4750000e+02;9.0629898e-02;3.4750000e+02;1.0660318e-01;3.4750000e+02;1.2142982e-01;3.4750000e+02;1.3122344e-01;3.4750000e+02;1.4084469e-01;3.4750000e+02;1.6265257e-01;3.4750000e+02;1.9577520e-01;3.4750000e+02;2.3297632e-01;3.4750000e+02;2.4811809e-01;3.4750000e+02;2.5227699e-01;3.4750000e+02;2.4824104e-01;3.4750000e+02;2.3687160e-01;3.4750000e+02;1.8868141e-02;3.4750000e+02;2.6272811e-02;3.4750000e+02;3.6068074e-02;3.4750000e+02;4.7428854e-02;3.4750000e+02;6.0500350e-02;3.4750000e+02;7.5215034e-02;3.4750000e+02;9.0629898e-02;3.4750000e+02;1.0660318e-01;3.4750000e+02;1.2142982e-01;3.4750000e+02;1.3122344e-01;3.4750000e+02;1.4084469e-01;3.4750000e+02;1.6265257e-01;3.4750000e+02;1.9577520e-01;3.4750000e+02;2.3297632e-01;3.4750000e+02;2.4811809e-01;3.4750000e+02;2.5227699e-01;3.4750000e+02;2.4824104e-01;3.4750000e+02;2.3687160e-01;3.4750000e+02;1.8868141e-02;3.4750000e+02;2.6272811e-02;3.4750000e+02;3.6068074e-02;3.4750000e+02;4.7428854e-02;3.4750000e+02;6.0500350e-02;3.4750000e+02;7.5215034e-02;3.4750000e+02;9.0629898e-02;3.4750000e+02;1.0660318e-01;3.4750000e+02;1.2142982e-01;3.4750000e+02;1.3122344e-01;3.4750000e+02;1.4084469e-01;3.4750000e+02;1.6265257e-01;3.4750000e+02;1.9577520e-01;3.4750000e+02;2.3297632e-01;3.4750000e+02;2.4811809e-01;3.4750000e+02;2.5227699e-01;3.4750000e+02;2.4824104e-01;3.4750000e+02;2.3687160e-01;3.4750000e+02;1.8868141e-02;3.4750000e+02;2.6272811e-02;3.4750000e+02;3.6068074e-02;3.4750000e+02;4.7428854e-02;3.4750000e+02;6.0500350e-02;3.4750000e+02;7.5215034e-02;3.4750000e+02;9.0629898e-02;3.4750000e+02;1.0660318e-01;3.4750000e+02;1.2142982e-01;3.4750000e+02;1.3122344e-01;3.4750000e+02;1.4084469e-01;3.4750000e+02;1.6265257e-01;3.4750000e+02;1.9577520e-01;3.4750000e+02;2.3297632e-01;3.4750000e+02;2.4811809e-01;3.4750000e+02;2.5227699e-01;3.4750000e+02;2.4824104e-01;3.4750000e+02;2.3687160e-01;3.4750000e+02;1.8868141e-02;3.4750000e+02;2.6272811e-02;3.4750000e+02;3.6068074e-02;3.4750000e+02;4.7428854e-02;3.4750000e+02;6.0500350e-02;3.4750000e+02;7.5215034e-02;3.4750000e+02;9.0629898e-02;3.4750000e+02;1.0660318e-01;3.4750000e+02;1.2142982e-01;3.4750000e+02;1.3122344e-01;3.4750000e+02;1.4084469e-01;3.4750000e+02;1.6265257e-01;3.4750000e+02;1.9577520e-01;3.4750000e+02;2.3297632e-01;3.4750000e+02;2.4811809e-01;3.4750000e+02;2.5227699e-01;3.4750000e+02;2.4824104e-01;3.4750000e+02;2.3687160e-01;3.4750000e+02;1.8868141e-02;3.4750000e+02;2.6272811e-02;3.4750000e+02;3.6068074e-02;3.4750000e+02;4.7428854e-02;3.4750000e+02;6.0500350e-02;3.4750000e+02;7.5215034e-02;3.4750000e+02;9.0629898e-02;3.4750000e+02;1.0660318e-01;3.4750000e+02;1.2142982e-01;3.4750000e+02;1.3122344e-01;3.4750000e+02;1.4084469e-01;3.4750000e+02;1.6265257e-01;3.4750000e+02;1.9577520e-01;3.4750000e+02;2.3297632e-01;3.4750000e+02;2.4811809e-01;3.4750000e+02;2.5227699e-01;3.4750000e+02;2.4824104e-01;3.4750000e+02;2.3687160e-01;3.4750000e+02;1.8868141e-02;3.4750000e+02;2.6272811e-02;3.4750000e+02;3.6068074e-02;3.4750000e+02;4.7428854e-02;3.4750000e+02;6.0500350e-02;3.4750000e+02;7.5215034e-02;3.4750000e+02;9.0629898e-02;3.4750000e+02;1.0660318e-01;3.4750000e+02;1.2142982e-01;3.4750000e+02;1.3122344e-01;3.4750000e+02;1.4084469e-01;3.4750000e+02;1.6265257e-01;3.4750000e+02;1.9577520e-01;3.4750000e+02;2.3297632e-01;3.4750000e+02;2.4811809e-01;3.4750000e+02;2.5227699e-01;3.4750000e+02;2.4824104e-01;3.4750000e+02;2.3687160e-01;3.4750000e+02;1.8868141e-02;3.4750000e+02;2.6272811e-02;3.4750000e+02;3.6068074e-02;3.4750000e+02;4.7428854e-02;3.4750000e+02;6.0500350e-02;3.4750000e+02;7.5215034e-02;3.4750000e+02;9.0629898e-02;3.4750000e+02;1.0660318e-01;3.4750000e+02;1.2142982e-01;3.4750000e+02;1.3122344e-01;3.4750000e+02;1.4084469e-01;3.4750000e+02;1.6265257e-01;3.4750000e+02;1.9577520e-01;3.4750000e+02;2.3297632e-01;3.4750000e+02;2.4811809e-01;3.4750000e+02;2.5227699e-01;3.4750000e+02;2.4824104e-01;3.4750000e+02;2.3687160e-01;3.4750000e+02;1.8868141e-02;3.4750000e+02;2.6272811e-02;3.4750000e+02;3.6068074e-02;3.4750000e+02;4.7428854e-02;3.4750000e+02;6.0500350e-02;3.4750000e+02;7.5215034e-02;3.4750000e+02;9.0629898e-02;3.4750000e+02;1.0660318e-01;3.4750000e+02;1.2142982e-01;3.4750000e+02;1.3122344e-01;3.4750000e+02;1.4084469e-01;3.4750000e+02;1.6265257e-01;3.4750000e+02;1.9577520e-01;3.4750000e+02;2.3297632e-01;3.4750000e+02;2.4811809e-01;3.4750000e+02;2.5227699e-01;3.4750000e+02;2.4824104e-01;3.4750000e+02;2.3687160e-01;3.4750000e+02;1.8868141e-02;3.4750000e+02;2.6272811e-02;3.4750000e+02;3.6068074e-02;3.4750000e+02;4.7428854e-02;3.4750000e+02;6.0500350e-02;3.4750000e+02;7.5215034e-02;3.4750000e+02;9.0629898e-02;3.4750000e+02;1.0660318e-01;3.4750000e+02;1.2142982e-01;3.4750000e+02;1.3122344e-01;3.4750000e+02;1.4084469e-01;3.4750000e+02;1.6265257e-01;3.4750000e+02;1.9577520e-01;3.4750000e+02;2.3297632e-01;3.4750000e+02;2.4811809e-01;3.4750000e+02;2.5227699e-01;3.4750000e+02;2.4824104e-01;3.4750000e+02;2.3687160e-01;3.4750000e+02;1.8868141e-02;3.4750000e+02;2.6272811e-02;3.4750000e+02;3.6068074e-02;3.4750000e+02;4.7428854e-02;3.4750000e+02;6.0500350e-02;3.4750000e+02;7.5215034e-02;3.4750000e+02;9.0629898e-02;3.4750000e+02;1.0660318e-01;3.4750000e+02;1.2142982e-01;3.4750000e+02;1.3122344e-01;3.4750000e+02;1.4084469e-01;3.4750000e+02;1.6265257e-01;3.4750000e+02;1.9577520e-01;3.4750000e+02;2.3297632e-01;3.4750000e+02;2.4811809e-01;3.4750000e+02;2.5227699e-01;3.4750000e+02;2.4824104e-01;3.4750000e+02;2.3687160e-01;3.4750000e+02;1.8868141e-02;3.4750000e+02;2.6272811e-02;3.4750000e+02;3.6068074e-02;3.4750000e+02;4.7428854e-02;3.4750000e+02;6.0500350e-02;3.4750000e+02;7.5215034e-02;3.4750000e+02;9.0629898e-02;3.4750000e+02;1.0660318e-01;3.4750000e+02;1.2142982e-01;3.4750000e+02;1.3122344e-01;3.4750000e+02;1.4084469e-01;3.4750000e+02;1.6265257e-01;3.4750000e+02;1.9577520e-01;3.4750000e+02;2.3297632e-01;3.4750000e+02;2.4811809e-01;3.4750000e+02;2.5227699e-01;3.4750000e+02;2.4824104e-01;3.4750000e+02;2.3687160e-01;3.4750000e+02;1.8868141e-02;3.4750000e+02;2.6272811e-02;3.4750000e+02;3.6068074e-02;3.4750000e+02;4.7428854e-02;3.4750000e+02;6.0500350e-02;3.4750000e+02;7.5215034e-02;3.4750000e+02;9.0629898e-02;3.4750000e+02;1.0660318e-01;3.4750000e+02;1.2142982e-01;3.4750000e+02;1.3122344e-01;3.4750000e+02;1.4084469e-01;3.4750000e+02;1.6265257e-01;3.4750000e+02;1.9577520e-01;3.4750000e+02;2.3297632e-01;3.4750000e+02;2.4811809e-01;3.4750000e+02;2.5227699e-01;3.4750000e+02;2.4824104e-01;3.4750000e+02;2.3687160e-01;3.4750000e+02;1.8868141e-02;3.4750000e+02;2.6272811e-02;3.4750000e+02;3.6068074e-02;3.4750000e+02;4.7428854e-02;3.4750000e+02;6.0500350e-02;3.4750000e+02;7.5215034e-02;3.4750000e+02;9.0629898e-02;3.4750000e+02;1.0660318e-01;3.4750000e+02;1.2142982e-01;3.4750000e+02;1.3122344e-01;3.4750000e+02;1.4084469e-01;3.4750000e+02;1.6265257e-01;3.4750000e+02;1.9577520e-01;3.4750000e+02;2.3297632e-01;3.4750000e+02;2.4811809e-01;3.4750000e+02;2.5227699e-01;3.4750000e+02;2.4824104e-01;3.4750000e+02;2.3687160e-01;3.4750000e+02;1.8868141e-02;3.4750000e+02;2.6272811e-02;3.4750000e+02;3.6068074e-02;3.4750000e+02;4.7428854e-02;3.4750000e+02;6.0500350e-02;3.4750000e+02;7.5215034e-02;3.4750000e+02;9.0629898e-02;3.4750000e+02;1.0660318e-01;3.4750000e+02;1.2142982e-01;3.4750000e+02;1.3122344e-01;3.4750000e+02;1.4084469e-01;3.4750000e+02;1.6265257e-01;3.4750000e+02;1.9577520e-01;3.4750000e+02;2.3297632e-01;3.4750000e+02;2.4811809e-01;3.4750000e+02;2.5227699e-01;3.4750000e+02;2.4824104e-01;3.4750000e+02;2.3687160e-01;3.4750000e+02;1.8868141e-02;3.4750000e+02;2.6272811e-02;3.4750000e+02;3.6068074e-02;3.4750000e+02;4.7428854e-02;3.4750000e+02;6.0500350e-02;3.4750000e+02;7.5215034e-02;3.4750000e+02;9.0629898e-02;3.4750000e+02;1.0660318e-01;3.4750000e+02;1.2142982e-01;3.4750000e+02;1.3122344e-01;3.4750000e+02;1.4084469e-01;3.4750000e+02;1.6265257e-01;3.4750000e+02;1.9577520e-01;3.4750000e+02;2.3297632e-01;3.4750000e+02;2.4811809e-01;3.4750000e+02;2.5227699e-01;3.4750000e+02;2.4824104e-01;3.4750000e+02;2.3687160e-01;3.4750000e+02;1.8868141e-02;3.4750000e+02;2.6272811e-02;3.4750000e+02;3.6068074e-02;3.4750000e+02;4.7428854e-02;3.4750000e+02;6.0500350e-02;3.4750000e+02;7.5215034e-02;3.4750000e+02;9.0629898e-02;3.4750000e+02;1.0660318e-01;3.4750000e+02;1.2142982e-01;3.4750000e+02;1.3122344e-01;3.4750000e+02;1.4084469e-01;3.4750000e+02;1.6265257e-01;3.4750000e+02;1.9577520e-01;3.4750000e+02;2.3297632e-01;3.4750000e+02;2.4811809e-01;3.4750000e+02;2.5227699e-01;3.4750000e+02;2.4824104e-01;3.4750000e+02;2.3687160e-01;3.4750000e+02;1.8868141e-02;3.4750000e+02;2.6272811e-02;3.4750000e+02;3.6068074e-02;3.4750000e+02;4.7428854e-02;3.4750000e+02;6.0500350e-02;3.4750000e+02;7.5215034e-02;3.4750000e+02;9.0629898e-02;3.4750000e+02;1.0660318e-01;3.4750000e+02;1.2142982e-01;3.4750000e+02;1.3122344e-01;3.4750000e+02;1.4084469e-01;3.4750000e+02;1.6265257e-01;3.4750000e+02;1.9577520e-01;3.4750000e+02;2.3297632e-01;3.4750000e+02;2.4811809e-01;3.4750000e+02;2.5227699e-01;3.4750000e+02;2.4824104e-01;3.4750000e+02;2.3687160e-01;3.4750000e+02;1.8868141e-02;3.4750000e+02;2.6272811e-02;3.4750000e+02;3.6068074e-02;3.4750000e+02;4.7428854e-02;3.4750000e+02;6.0500350e-02;3.4750000e+02;7.5215034e-02;3.4750000e+02;9.0629898e-02;3.4750000e+02;1.0660318e-01;3.4750000e+02;1.2142982e-01;3.4750000e+02;1.3122344e-01;3.4750000e+02;1.4084469e-01;3.4750000e+02;1.6265257e-01;3.4750000e+02;1.9577520e-01;3.4750000e+02;2.3297632e-01;3.4750000e+02;2.4811809e-01;3.4750000e+02;2.5227699e-01;3.4750000e+02;2.4824104e-01;3.4750000e+02;2.3687160e-01;3.4750000e+02;1.8868141e-02;3.4750000e+02;2.6272811e-02;3.4750000e+02;3.6068074e-02;3.4750000e+02;4.7428854e-02;3.4750000e+02;6.0500350e-02;3.4750000e+02;7.5215034e-02;3.4750000e+02;9.0629898e-02;3.4750000e+02;1.0660318e-01;3.4750000e+02;1.2142982e-01;3.4750000e+02;1.3122344e-01;3.4750000e+02;1.4084469e-01;3.4750000e+02;1.6265257e-01;3.4750000e+02;1.9577520e-01;3.4750000e+02;2.3297632e-01;3.4750000e+02;2.4811809e-01;3.4750000e+02;2.5227699e-01;3.4750000e+02;2.4824104e-01;3.4750000e+02;2.3687160e-01;3.4750000e+02;1.8868141e-02;3.4750000e+02;2.6272811e-02;3.4750000e+02;3.6068074e-02;3.4750000e+02;4.7428854e-02;3.4750000e+02;6.0500350e-02;3.4750000e+02;7.5215034e-02;3.4750000e+02;9.0629898e-02;3.4750000e+02;1.0660318e-01;3.4750000e+02;1.2142982e-01;3.4750000e+02;1.3122344e-01;3.4750000e+02;1.4084469e-01;3.4750000e+02;1.6265257e-01;3.4750000e+02;1.9577520e-01;3.4750000e+02;2.3297632e-01;3.4750000e+02;2.4811809e-01;3.4750000e+02;2.5227699e-01;3.4750000e+02;2.4824104e-01;3.4750000e+02;2.3687160e-01;3.4750000e+02;1.8868141e-02;3.4750000e+02;2.6272811e-02;3.4750000e+02;3.6068074e-02;3.4750000e+02;4.7428854e-02;3.4750000e+02;6.0500350e-02;3.4750000e+02;7.5215034e-02;3.4750000e+02;9.0629898e-02;3.4750000e+02;1.0660318e-01;3.4750000e+02;1.2142982e-01;3.4750000e+02;1.3122344e-01;3.4750000e+02;1.4084469e-01;3.4750000e+02;1.6265257e-01;3.4750000e+02;1.9577520e-01;3.4750000e+02;2.3297632e-01;3.4750000e+02;2.4811809e-01;3.4750000e+02;2.5227699e-01;3.4750000e+02;2.4824104e-01;3.4750000e+02;2.3687160e-01;3.4750000e+02;1.8868141e-02;3.4750000e+02;2.6272811e-02;3.4750000e+02;3.6068074e-02;3.4750000e+02;4.7428854e-02;3.4750000e+02;6.0500350e-02;3.4750000e+02;7.5215034e-02;3.4750000e+02;9.0629898e-02;3.4750000e+02;1.0660318e-01;3.4750000e+02;1.2142982e-01;3.4750000e+02;1.3122344e-01;3.4750000e+02;1.4084469e-01;3.4750000e+02;1.6265257e-01;3.4750000e+02;1.9577520e-01;3.4750000e+02;2.3297632e-01;3.4750000e+02;2.4811809e-01;3.4750000e+02;2.5227699e-01;3.4750000e+02;2.4824104e-01;3.4750000e+02;2.3687160e-01;3.4750000e+02;1.8868141e-02;3.4750000e+02;2.6272811e-02;3.4750000e+02;3.6068074e-02;3.4750000e+02;4.7428854e-02;3.4750000e+02;6.0500350e-02;3.4750000e+02;7.5215034e-02;3.4750000e+02;9.0629898e-02;3.4750000e+02;1.0660318e-01;3.4750000e+02;1.2142982e-01;3.4750000e+02;1.3122344e-01;3.4750000e+02;1.4084469e-01;3.4750000e+02;1.6265257e-01;3.4750000e+02;1.9577520e-01;3.4750000e+02;2.3297632e-01;3.4750000e+02;2.4811809e-01;3.4750000e+02;2.5227699e-01;3.4750000e+02;2.4824104e-01;3.4750000e+02;2.3687160e-01;3.4750000e+02;1.8868141e-02;3.4750000e+02;2.6272811e-02;3.4750000e+02;3.6068074e-02;3.4750000e+02;4.7428854e-02;3.4750000e+02;6.0500350e-02;3.4750000e+02;7.5215034e-02;3.4750000e+02;9.0629898e-02;3.4750000e+02;1.0660318e-01;3.4750000e+02;1.2142982e-01;3.4750000e+02;1.3122344e-01;3.4750000e+02;1.4084469e-01;3.4750000e+02;1.6265257e-01;3.4750000e+02;1.9577520e-01;3.4750000e+02;2.3297632e-01;3.4750000e+02;2.4811809e-01;3.4750000e+02;2.5227699e-01;3.4750000e+02;2.4824104e-01;3.4750000e+02;2.3687160e-01;3.4750000e+02;1.8868141e-02;3.4750000e+02;2.6272811e-02;3.4750000e+02;3.6068074e-02;3.4750000e+02;4.7428854e-02;3.4750000e+02;6.0500350e-02;3.4750000e+02;7.5215034e-02;3.4750000e+02;9.0629898e-02;3.4750000e+02;1.0660318e-01;3.4750000e+02;1.2142982e-01;3.4750000e+02;1.3122344e-01;3.4750000e+02;1.4084469e-01;3.4750000e+02;1.6265257e-01;3.4750000e+02;1.9577520e-01;3.4750000e+02;2.3297632e-01;3.4750000e+02;2.4811809e-01;3.4750000e+02;2.5227699e-01;3.4750000e+02;2.4824104e-01;3.4750000e+02;2.3687160e-01;3.4750000e+02;1.8868141e-02;3.4750000e+02;2.6272811e-02;3.4750000e+02;3.6068074e-02;3.4750000e+02;4.7428854e-02;3.4750000e+02;6.0500350e-02;3.4750000e+02;7.5215034e-02;3.4750000e+02;9.0629898e-02;3.4750000e+02;1.0660318e-01;3.4750000e+02;1.2142982e-01;3.4750000e+02;1.3122344e-01;3.4750000e+02;1.4084469e-01;3.4750000e+02;1.6265257e-01;3.4750000e+02;1.9577520e-01;3.4750000e+02;2.3297632e-01;3.4750000e+02;2.4811809e-01;3.4750000e+02;2.5227699e-01;3.4750000e+02;2.4824104e-01;3.4750000e+02;2.3687160e-01;3.4750000e+02;1.8868141e-02;3.4750000e+02;2.6272811e-02;3.4750000e+02;3.6068074e-02;3.4750000e+02;4.7428854e-02;3.4750000e+02;6.0500350e-02;3.4750000e+02;7.5215034e-02;3.4750000e+02;9.0629898e-02;3.4750000e+02;1.0660318e-01;3.4750000e+02;1.2142982e-01;3.4750000e+02;1.3122344e-01;3.4750000e+02;1.4084469e-01;3.4750000e+02;1.6265257e-01;3.4750000e+02;1.9577520e-01;3.4750000e+02;2.3297632e-01;3.4750000e+02;2.4811809e-01;3.4750000e+02;2.5227699e-01;3.4750000e+02;2.4824104e-01;3.4750000e+02;2.3687160e-01;3.4750000e+02;1.8868141e-02;3.4750000e+02;2.6272811e-02;3.4750000e+02;3.6068074e-02;3.4750000e+02;4.7428854e-02;3.4750000e+02;6.0500350e-02;3.4750000e+02;7.5215034e-02;3.4750000e+02;9.0629898e-02;3.4750000e+02;1.0660318e-01;3.4750000e+02;1.2142982e-01;3.4750000e+02;1.3122344e-01;3.4750000e+02;1.4084469e-01;3.4750000e+02;1.6265257e-01;3.4750000e+02;1.9577520e-01;3.4750000e+02;2.3297632e-01;3.4750000e+02;2.4811809e-01;3.4750000e+02;2.5227699e-01;3.4750000e+02;2.4824104e-01;3.4750000e+02;2.3687160e-01;3.4750000e+02;1.8868141e-02;3.4750000e+02;2.6272811e-02;3.4750000e+02;3.6068074e-02;3.4750000e+02;4.7428854e-02;3.4750000e+02;6.0500350e-02;3.4750000e+02;7.5215034e-02;3.4750000e+02;9.0629898e-02;3.4750000e+02;1.0660318e-01;3.4750000e+02;1.2142982e-01;3.4750000e+02;1.3122344e-01;3.4750000e+02;1.4084469e-01;3.4750000e+02;1.6265257e-01;3.4750000e+02;1.9577520e-01;3.4750000e+02;2.3297632e-01;3.4750000e+02;2.4811809e-01;3.4750000e+02;2.5227699e-01;3.4750000e+02;2.4824104e-01;3.4750000e+02;2.3687160e-01;3.4750000e+02;1.8868141e-02;3.4750000e+02;2.6272811e-02;3.4750000e+02;3.6068074e-02;3.4750000e+02;4.7428854e-02;3.4750000e+02;6.0500350e-02;3.4750000e+02;7.5215034e-02;3.4750000e+02;9.0629898e-02;3.4750000e+02;1.0660318e-01;3.4750000e+02;1.2142982e-01;3.4750000e+02;1.3122344e-01;3.4750000e+02;1.4084469e-01;3.4750000e+02;1.6265257e-01;3.4750000e+02;1.9577520e-01;3.4750000e+02;2.3297632e-01;3.4750000e+02;2.4811809e-01;3.4750000e+02;2.5227699e-01;3.4750000e+02;2.4824104e-01;3.4750000e+02;2.3687160e-01;3.4750000e+02;1.8868141e-02;3.4750000e+02;2.6272811e-02;3.4750000e+02;3.6068074e-02;3.4750000e+02;4.7428854e-02;3.4750000e+02;6.0500350e-02;3.4750000e+02;7.5215034e-02;3.4750000e+02;9.0629898e-02;3.4750000e+02;1.0660318e-01;3.4750000e+02;1.2142982e-01;3.4750000e+02;1.3122344e-01;3.4750000e+02;1.4084469e-01;3.4750000e+02;1.6265257e-01;3.4750000e+02;1.9577520e-01;3.4750000e+02;2.3297632e-01;3.4750000e+02;2.4811809e-01;3.4750000e+02;2.5227699e-01;3.4750000e+02;2.4824104e-01;3.4750000e+02;2.3687160e-01;3.4750000e+02;1.8868141e-02;3.4750000e+02;2.6272811e-02;3.4750000e+02;3.6068074e-02;3.4750000e+02;4.7428854e-02;3.4750000e+02;6.0500350e-02;3.4750000e+02;7.5215034e-02;3.4750000e+02;9.0629898e-02;3.4750000e+02;1.0660318e-01;3.4750000e+02;1.2142982e-01;3.4750000e+02;1.3122344e-01;3.4750000e+02;1.4084469e-01;3.4750000e+02;1.6265257e-01;3.4750000e+02;1.9577520e-01;3.4750000e+02;2.3297632e-01;3.4750000e+02;2.4811809e-01;3.4750000e+02;2.5227699e-01;3.4750000e+02;2.4824104e-01;3.4750000e+02;2.3687160e-01;3.4750000e+02;1.8868141e-02;3.4750000e+02;2.6272811e-02;3.4750000e+02;3.6068074e-02;3.4750000e+02;4.7428854e-02;3.4750000e+02;6.0500350e-02;3.4750000e+02;7.5215034e-02;3.4750000e+02;9.0629898e-02;3.4750000e+02;1.0660318e-01;3.4750000e+02;1.2142982e-01;3.4750000e+02;1.3122344e-01;3.4750000e+02;1.4084469e-01;3.4750000e+02;1.6265257e-01;3.4750000e+02;1.9577520e-01;3.4750000e+02;2.3297632e-01;3.4750000e+02;2.4811809e-01;3.4750000e+02;2.5227699e-01;3.4750000e+02;2.4824104e-01;3.4750000e+02;2.3687160e-01;3.4750000e+02;1.8868141e-02;3.4750000e+02;2.6272811e-02;3.4750000e+02;3.6068074e-02;3.4750000e+02;4.7428854e-02;3.4750000e+02;6.0500350e-02;3.4750000e+02;7.5215034e-02;3.4750000e+02;9.0629898e-02;3.4750000e+02;1.0660318e-01;3.4750000e+02;1.2142982e-01;3.4750000e+02;1.3122344e-01;3.4750000e+02;1.4084469e-01;3.4750000e+02;1.6265257e-01;3.4750000e+02;1.9577520e-01;3.4750000e+02;2.3297632e-01;3.4750000e+02;2.4811809e-01;3.4750000e+02;2.5227699e-01;3.4750000e+02;2.4824104e-01;3.4750000e+02;2.3687160e-01;3.4750000e+02;1.8868141e-02;3.4750000e+02;2.6272811e-02;3.4750000e+02;3.6068074e-02;3.4750000e+02;4.7428854e-02;3.4750000e+02;6.0500350e-02;3.4750000e+02;7.5215034e-02;3.4750000e+02;9.0629898e-02;3.4750000e+02;1.0660318e-01;3.4750000e+02;1.2142982e-01;3.4750000e+02;1.3122344e-01;3.4750000e+02;1.4084469e-01;3.4750000e+02;1.6265257e-01;3.4750000e+02;1.9577520e-01;3.4750000e+02;2.3297632e-01;3.4750000e+02;2.4811809e-01;3.4750000e+02;2.5227699e-01;3.4750000e+02;2.4824104e-01;3.4750000e+02;2.3687160e-01;3.4750000e+02;1.8868141e-02;3.4750000e+02;2.6272811e-02;3.4750000e+02;3.6068074e-02;3.4750000e+02;4.7428854e-02;3.4750000e+02;6.0500350e-02;3.4750000e+02;7.5215034e-02;3.4750000e+02;9.0629898e-02;3.4750000e+02;1.0660318e-01;3.4750000e+02;1.2142982e-01;3.4750000e+02;1.3122344e-01;3.4750000e+02;1.4084469e-01;3.4750000e+02;1.6265257e-01;3.4750000e+02;1.9577520e-01;3.4750000e+02;2.3297632e-01;3.4750000e+02;2.4811809e-01;3.4750000e+02;2.5227699e-01;3.4750000e+02;2.4824104e-01;3.4750000e+02;2.3687160e-01;3.4750000e+02;1.8868141e-02;3.4750000e+02;2.6272811e-02;3.4750000e+02;3.6068074e-02;3.4750000e+02;4.7428854e-02;3.4750000e+02;6.0500350e-02;3.4750000e+02;7.5215034e-02;3.4750000e+02;9.0629898e-02;3.4750000e+02;1.0660318e-01;3.4750000e+02;1.2142982e-01;3.4750000e+02;1.3122344e-01;3.4750000e+02;1.4084469e-01;3.4750000e+02;1.6265257e-01;3.4750000e+02;1.9577520e-01;3.4750000e+02;2.3297632e-01;3.4750000e+02;2.4811809e-01;3.4750000e+02;2.5227699e-01;3.4750000e+02;2.4824104e-01;3.4750000e+02;2.3687160e-01;3.4750000e+02;1.8868141e-02;3.4750000e+02;2.6272811e-02;3.4750000e+02;3.6068074e-02;3.4750000e+02;4.7428854e-02;3.4750000e+02;6.0500350e-02;3.4750000e+02;7.5215034e-02;3.4750000e+02;9.0629898e-02;3.4750000e+02;1.0660318e-01;3.4750000e+02;1.2142982e-01;3.4750000e+02;1.3122344e-01;3.4750000e+02;1.4084469e-01;3.4750000e+02;1.6265257e-01;3.4750000e+02;1.9577520e-01;3.4750000e+02;2.3297632e-01;3.4750000e+02;2.4811809e-01;3.4750000e+02;2.5227699e-01;3.4750000e+02;2.4824104e-01;3.4750000e+02;2.3687160e-01;3.4750000e+02;1.8868141e-02;3.4750000e+02;2.6272811e-02;3.4750000e+02;3.6068074e-02;3.4750000e+02;4.7428854e-02;3.4750000e+02;6.0500350e-02;3.4750000e+02;7.5215034e-02;3.4750000e+02;9.0629898e-02;3.4750000e+02;1.0660318e-01;3.4750000e+02;1.2142982e-01;3.4750000e+02;1.3122344e-01;3.4750000e+02;1.4084469e-01;3.4750000e+02;1.6265257e-01;3.4750000e+02;1.9577520e-01;3.4750000e+02;2.3297632e-01;3.4750000e+02;2.4811809e-01;3.4750000e+02;2.5227699e-01;3.4750000e+02;2.4824104e-01;3.4750000e+02;2.3687160e-01;3.4750000e+02;1.8868141e-02;3.4750000e+02;2.6272811e-02;3.4750000e+02;3.6068074e-02;3.4750000e+02;4.7428854e-02;3.4750000e+02;6.0500350e-02;3.4750000e+02;7.5215034e-02;3.4750000e+02;9.0629898e-02;3.4750000e+02;1.0660318e-01;3.4750000e+02;1.2142982e-01;3.4750000e+02;1.3122344e-01;3.4750000e+02;1.4084469e-01;3.4750000e+02;1.6265257e-01;3.4750000e+02;1.9577520e-01;3.4750000e+02;2.3297632e-01;3.4750000e+02;2.4811809e-01;3.4750000e+02;2.5227699e-01;3.4750000e+02;2.4824104e-01;3.4750000e+02;2.3687160e-01;3.4750000e+02;1.8868141e-02;3.4750000e+02;2.6272811e-02;3.4750000e+02;3.6068074e-02;3.4750000e+02;4.7428854e-02;3.4750000e+02;6.0500350e-02;3.4750000e+02;7.5215034e-02;3.4750000e+02;9.0629898e-02;3.4750000e+02;1.0660318e-01;3.4750000e+02;1.2142982e-01;3.4750000e+02;1.3122344e-01;3.4750000e+02;1.4084469e-01;3.4750000e+02;1.6265257e-01;3.4750000e+02;1.9577520e-01;3.4750000e+02;2.3297632e-01;3.4750000e+02;2.4811809e-01;3.4750000e+02;2.5227699e-01;3.4750000e+02;2.4824104e-01;3.4750000e+02;2.3687160e-01;3.4750000e+02;1.8868141e-02;3.4750000e+02;2.6272811e-02;3.4750000e+02;3.6068074e-02;3.4750000e+02;4.7428854e-02;3.4750000e+02;6.0500350e-02;3.4750000e+02;7.5215034e-02;3.4750000e+02;9.0629898e-02;3.4750000e+02;1.0660318e-01;3.4750000e+02;1.2142982e-01;3.4750000e+02;1.3122344e-01;3.4750000e+02;1.4084469e-01;3.4750000e+02;1.6265257e-01;3.4750000e+02;1.9577520e-01;3.4750000e+02;2.3297632e-01;3.4750000e+02;2.4811809e-01;3.4750000e+02;2.5227699e-01;3.4750000e+02;2.4824104e-01;3.4750000e+02;2.3687160e-01;3.4750000e+02;1.8868141e-02;3.4750000e+02;2.6272811e-02;3.4750000e+02;3.6068074e-02;3.4750000e+02;4.7428854e-02;3.4750000e+02;6.0500350e-02;3.4750000e+02;7.5215034e-02;3.4750000e+02;9.0629898e-02;3.4750000e+02;1.0660318e-01;3.4750000e+02;1.2142982e-01;3.4750000e+02;1.3122344e-01;3.4750000e+02;1.4084469e-01;3.4750000e+02;1.6265257e-01;3.4750000e+02;1.9577520e-01;3.4750000e+02;2.3297632e-01;3.4750000e+02;2.4811809e-01;3.4750000e+02;2.5227699e-01;3.4750000e+02;2.4824104e-01;3.4750000e+02;2.3687160e-01;3.4750000e+02;1.8868141e-02;3.4750000e+02;2.6272811e-02;3.4750000e+02;3.6068074e-02;3.4750000e+02;4.7428854e-02;3.4750000e+02;6.0500350e-02;3.4750000e+02;7.5215034e-02;3.4750000e+02;9.0629898e-02;3.4750000e+02;1.0660318e-01;3.4750000e+02;1.2142982e-01;3.4750000e+02;1.3122344e-01;3.4750000e+02;1.4084469e-01;3.4750000e+02;1.6265257e-01;3.4750000e+02;1.9577520e-01;3.4750000e+02;2.3297632e-01;3.4750000e+02;2.4811809e-01;3.4750000e+02;2.5227699e-01;3.4750000e+02;2.4824104e-01;3.4750000e+02;2.3687160e-01;3.4750000e+02;1.8868141e-02;3.4750000e+02;2.6272811e-02;3.4750000e+02;3.6068074e-02;3.4750000e+02;4.7428854e-02;3.4750000e+02;6.0500350e-02;3.4750000e+02;7.5215034e-02;3.4750000e+02;9.0629898e-02;3.4750000e+02;1.0660318e-01;3.4750000e+02;1.2142982e-01;3.4750000e+02;1.3122344e-01;3.4750000e+02;1.4084469e-01;3.4750000e+02;1.6265257e-01;3.4750000e+02;1.9577520e-01;3.4750000e+02;2.3297632e-01;3.4750000e+02;2.4811809e-01;3.4750000e+02;2.5227699e-01;3.4750000e+02;2.4824104e-01;3.4750000e+02;2.3687160e-01;3.4750000e+02;1.8868141e-02;3.4750000e+02;2.6272811e-02;3.4750000e+02;3.6068074e-02;3.4750000e+02;4.7428854e-02;3.4750000e+02;6.0500350e-02;3.4750000e+02;7.5215034e-02;3.4750000e+02;9.0629898e-02;3.4750000e+02;1.0660318e-01;3.4750000e+02;1.2142982e-01;3.4750000e+02;1.3122344e-01;3.4750000e+02;1.4084469e-01;3.4750000e+02;1.6265257e-01;3.4750000e+02;1.9577520e-01;3.4750000e+02;2.3297632e-01;3.4750000e+02;2.4811809e-01;3.4750000e+02;2.5227699e-01;3.4750000e+02;2.4824104e-01;3.4750000e+02;2.3687160e-01;3.4750000e+02;1.8868141e-02;3.4750000e+02;2.6272811e-02;3.4750000e+02;3.6068074e-02;3.4750000e+02;4.7428854e-02;3.4750000e+02;6.0500350e-02;3.4750000e+02;7.5215034e-02;3.4750000e+02;9.0629898e-02;3.4750000e+02;1.0660318e-01;3.4750000e+02;1.2142982e-01;3.4750000e+02;1.3122344e-01;3.4750000e+02;1.4084469e-01;3.4750000e+02;1.6265257e-01;3.4750000e+02;1.9577520e-01;3.4750000e+02;2.3297632e-01;3.4750000e+02;2.4811809e-01;3.4750000e+02;2.5227699e-01;3.4750000e+02;2.4824104e-01;3.4750000e+02;2.3687160e-01
3.5250000e+02;1.7892675e-02;3.5250000e+02;2.3897210e-02;3.5250000e+02;3.2075129e-02;3.5250000e+02;4.2276166e-02;3.5250000e+02;5.4471351e-02;3.5250000e+02;6.8191648e-02;3.5250000e+02;8.3724305e-02;3.5250000e+02;9.9538103e-02;3.5250000e+02;1.1521624e-01;3.5250000e+02;1.2508291e-01;3.5250000e+02;1.3494211e-01;3.5250000e+02;1.5670671e-01;3.5250000e+02;1.9047315e-01;3.5250000e+02;2.2806562e-01;3.5250000e+02;2.4321260e-01;3.5250000e+02;2.4741563e-01;3.5250000e+02;2.4322361e-01;3.5250000e+02;2.3144630e-01;3.5250000e+02;1.7892675e-02;3.5250000e+02;2.3897210e-02;3.5250000e+02;3.2075129e-02;3.5250000e+02;4.2276166e-02;3.5250000e+02;5.4471351e-02;3.5250000e+02;6.8191648e-02;3.5250000e+02;8.3724305e-02;3.5250000e+02;9.9538103e-02;3.5250000e+02;1.1521624e-01;3.5250000e+02;1.2508291e-01;3.5250000e+02;1.3494211e-01;3.5250000e+02;1.5670671e-01;3.5250000e+02;1.9047315e-01;3.5250000e+02;2.2806562e-01;3.5250000e+02;2.4321260e-01;3.5250000e+02;2.4741563e-01;3.5250000e+02;2.4322361e-01;3.5250000e+02;2.3144630e-01;3.5250000e+02;1.7892675e-02;3.5250000e+02;2.3897210e-02;3.5250000e+02;3.2075129e-02;3.5250000e+02;4.2276166e-02;3.5250000e+02;5.4471351e-02;3.5250000e+02;6.8191648e-02;3.5250000e+02;8.3724305e-02;3.5250000e+02;9.9538103e-02;3.5250000e+02;1.1521624e-01;3.5250000e+02;1.2508291e-01;3.5250000e+02;1.3494211e-01;3.5250000e+02;1.5670671e-01;3.5250000e+02;1.9047315e-01;3.5250000e+02;2.2806562e-01;3.5250000e+02;2.4321260e-01;3.5250000e+02;2.4741563e-01;3.5250000e+02;2.4322361e-01;3.5250000e+02;2.3144630e-01;3.5250000e+02;1.7892675e-02;3.5250000e+02;2.3897210e-02;3.5250000e+02;3.2075129e-02;3.5250000e+02;4.2276166e-02;3.5250000e+02;5.4471351e-02;3.5250000e+02;6.8191648e-02;3.5250000e+02;8.3724305e-02;3.5250000e+02;9.9538103e-02;3.5250000e+02;1.1521624e-01;3.5250000e+02;1.2508291e-01;3.5250000e+02;1.3494211e-01;3.5250000e+02;1.5670671e-01;3.5250000e+02;1.9047315e-01;3.5250000e+02;2.2806562e-01;3.5250000e+02;2.4321260e-01;3.5250000e+02;2.4741563e-01;3.5250000e+02;2.4322361e-01;3.5250000e+02;2.3144630e-01;3.5250000e+02;1.7892675e-02;3.5250000e+02;2.3897210e-02;3.5250000e+02;3.2075129e-02;3.5250000e+02;4.2276166e-02;3.5250000e+02;5.4471351e-02;3.5250000e+02;6.8191648e-02;3.5250000e+02;8.3724305e-02;3.5250000e+02;9.9538103e-02;3.5250000e+02;1.1521624e-01;3.5250000e+02;1.2508291e-01;3.5250000e+02;1.3494211e-01;3.5250000e+02;1.5670671e-01;3.5250000e+02;1.9047315e-01;3.5250000e+02;2.2806562e-01;3.5250000e+02;2.4321260e-01;3.5250000e+02;2.4741563e-01;3.5250000e+02;2.4322361e-01;3.5250000e+02;2.3144630e-01;3.5250000e+02;1.7892675e-02;3.5250000e+02;2.3897210e-02;3.5250000e+02;3.2075129e-02;3.5250000e+02;4.2276166e-02;3.5250000e+02;5.4471351e-02;3.5250000e+02;6.8191648e-02;3.5250000e+02;8.3724305e-02;3.5250000e+02;9.9538103e-02;3.5250000e+02;1.1521624e-01;3.5250000e+02;1.2508291e-01;3.5250000e+02;1.3494211e-01;3.5250000e+02;1.5670671e-01;3.5250000e+02;1.9047315e-01;3.5250000e+02;2.2806562e-01;3.5250000e+02;2.4321260e-01;3.5250000e+02;2.4741563e-01;3.5250000e+02;2.4322361e-01;3.5250000e+02;2.3144630e-01;3.5250000e+02;1.7892675e-02;3.5250000e+02;2.3897210e-02;3.5250000e+02;3.2075129e-02;3.5250000e+02;4.2276166e-02;3.5250000e+02;5.4471351e-02;3.5250000e+02;6.8191648e-02;3.5250000e+02;8.3724305e-02;3.5250000e+02;9.9538103e-02;3.5250000e+02;1.1521624e-01;3.5250000e+02;1.2508291e-01;3.5250000e+02;1.3494211e-01;3.5250000e+02;1.5670671e-01;3.5250000e+02;1.9047315e-01;3.5250000e+02;2.2806562e-01;3.5250000e+02;2.4321260e-01;3.5250000e+02;2.4741563e-01;3.5250000e+02;2.4322361e-01;3.5250000e+02;2.3144630e-01;3.5250000e+02;1.7892675e-02;3.5250000e+02;2.3897210e-02;3.5250000e+02;3.2075129e-02;3.5250000e+02;4.2276166e-02;3.5250000e+02;5.4471351e-02;3.5250000e+02;6.8191648e-02;3.5250000e+02;8.3724305e-02;3.5250000e+02;9.9538103e-02;3.5250000e+02;1.1521624e-01;3.5250000e+02;1.2508291e-01;3.5250000e+02;1.3494211e-01;3.5250000e+02;1.5670671e-01;3.5250000e+02;1.9047315e-01;3.5250000e+02;2.2806562e-01;3.5250000e+02;2.4321260e-01;3.5250000e+02;2.4741563e-01;3.5250000e+02;2.4322361e-01;3.5250000e+02;2.3144630e-01;3.5250000e+02;1.7892675e-02;3.5250000e+02;2.3897210e-02;3.5250000e+02;3.2075129e-02;3.5250000e+02;4.2276166e-02;3.5250000e+02;5.4471351e-02;3.5250000e+02;6.8191648e-02;3.5250000e+02;8.3724305e-02;3.5250000e+02;9.9538103e-02;3.5250000e+02;1.1521624e-01;3.5250000e+02;1.2508291e-01;3.5250000e+02;1.3494211e-01;3.5250000e+02;1.5670671e-01;3.5250000e+02;1.9047315e-01;3.5250000e+02;2.2806562e-01;3.5250000e+02;2.4321260e-01;3.5250000e+02;2.4741563e-01;3.5250000e+02;2.4322361e-01;3.5250000e+02;2.3144630e-01;3.5250000e+02;1.7892675e-02;3.5250000e+02;2.3897210e-02;3.5250000e+02;3.2075129e-02;3.5250000e+02;4.2276166e-02;3.5250000e+02;5.4471351e-02;3.5250000e+02;6.8191648e-02;3.5250000e+02;8.3724305e-02;3.5250000e+02;9.9538103e-02;3.5250000e+02;1.1521624e-01;3.5250000e+02;1.2508291e-01;3.5250000e+02;1.3494211e-01;3.5250000e+02;1.5670671e-01;3.5250000e+02;1.9047315e-01;3.5250000e+02;2.2806562e-01;3.5250000e+02;2.4321260e-01;3.5250000e+02;2.4741563e-01;3.5250000e+02;2.4322361e-01;3.5250000e+02;2.3144630e-01;3.5250000e+02;1.7892675e-02;3.5250000e+02;2.3897210e-02;3.5250000e+02;3.2075129e-02;3.5250000e+02;4.2276166e-02;3.5250000e+02;5.4471351e-02;3.5250000e+02;6.8191648e-02;3.5250000e+02;8.3724305e-02;3.5250000e+02;9.9538103e-02;3.5250000e+02;1.1521624e-01;3.5250000e+02;1.2508291e-01;3.5250000e+02;1.3494211e-01;3.5250000e+02;1.5670671e-01;3.5250000e+02;1.9047315e-01;3.5250000e+02;2.2806562e-01;3.5250000e+02;2.4321260e-01;3.5250000e+02;2.4741563e-01;3.5250000e+02;2.4322361e-01;3.5250000e+02;2.3144630e-01;3.5250000e+02;1.7892675e-02;3.5250000e+02;2.3897210e-02;3.5250000e+02;3.2075129e-02;3.5250000e+02;4.2276166e-02;3.5250000e+02;5.4471351e-02;3.5250000e+02;6.8191648e-02;3.5250000e+02;8.3724305e-02;3.5250000e+02;9.9538103e-02;3.5250000e+02;1.1521624e-01;3.5250000e+02;1.2508291e-01;3.5250000e+02;1.3494211e-01;3.5250000e+02;1.5670671e-01;3.5250000e+02;1.9047315e-01;3.5250000e+02;2.2806562e-01;3.5250000e+02;2.4321260e-01;3.5250000e+02;2.4741563e-01;3.5250000e+02;2.4322361e-01;3.5250000e+02;2.3144630e-01;3.5250000e+02;1.7892675e-02;3.5250000e+02;2.3897210e-02;3.5250000e+02;3.2075129e-02;3.5250000e+02;4.2276166e-02;3.5250000e+02;5.4471351e-02;3.5250000e+02;6.8191648e-02;3.5250000e+02;8.3724305e-02;3.5250000e+02;9.9538103e-02;3.5250000e+02;1.1521624e-01;3.5250000e+02;1.2508291e-01;3.5250000e+02;1.3494211e-01;3.5250000e+02;1.5670671e-01;3.5250000e+02;1.9047315e-01;3.5250000e+02;2.2806562e-01;3.5250000e+02;2.4321260e-01;3.5250000e+02;2.4741563e-01;3.5250000e+02;2.4322361e-01;3.5250000e+02;2.3144630e-01;3.5250000e+02;1.7892675e-02;3.5250000e+02;2.3897210e-02;3.5250000e+02;3.2075129e-02;3.5250000e+02;4.2276166e-02;3.5250000e+02;5.4471351e-02;3.5250000e+02;6.8191648e-02;3.5250000e+02;8.3724305e-02;3.5250000e+02;9.9538103e-02;3.5250000e+02;1.1521624e-01;3.5250000e+02;1.2508291e-01;3.5250000e+02;1.3494211e-01;3.5250000e+02;1.5670671e-01;3.5250000e+02;1.9047315e-01;3.5250000e+02;2.2806562e-01;3.5250000e+02;2.4321260e-01;3.5250000e+02;2.4741563e-01;3.5250000e+02;2.4322361e-01;3.5250000e+02;2.3144630e-01;3.5250000e+02;1.7892675e-02;3.5250000e+02;2.3897210e-02;3.5250000e+02;3.2075129e-02;3.5250000e+02;4.2276166e-02;3.5250000e+02;5.4471351e-02;3.5250000e+02;6.8191648e-02;3.5250000e+02;8.3724305e-02;3.5250000e+02;9.9538103e-02;3.5250000e+02;1.1521624e-01;3.5250000e+02;1.2508291e-01;3.5250000e+02;1.3494211e-01;3.5250000e+02;1.5670671e-01;3.5250000e+02;1.9047315e-01;3.5250000e+02;2.2806562e-01;3.5250000e+02;2.4321260e-01;3.5250000e+02;2.4741563e-01;3.5250000e+02;2.4322361e-01;3.5250000e+02;2.3144630e-01;3.5250000e+02;1.7892675e-02;3.5250000e+02;2.3897210e-02;3.5250000e+02;3.2075129e-02;3.5250000e+02;4.2276166e-02;3.5250000e+02;5.4471351e-02;3.5250000e+02;6.8191648e-02;3.5250000e+02;8.3724305e-02;3.5250000e+02;9.9538103e-02;3.5250000e+02;1.1521624e-01;3.5250000e+02;1.2508291e-01;3.5250000e+02;1.3494211e-01;3.5250000e+02;1.5670671e-01;3.5250000e+02;1.9047315e-01;3.5250000e+02;2.2806562e-01;3.5250000e+02;2.4321260e-01;3.5250000e+02;2.4741563e-01;3.5250000e+02;2.4322361e-01;3.5250000e+02;2.3144630e-01;3.5250000e+02;1.7892675e-02;3.5250000e+02;2.3897210e-02;3.5250000e+02;3.2075129e-02;3.5250000e+02;4.2276166e-02;3.5250000e+02;5.4471351e-02;3.5250000e+02;6.8191648e-02;3.5250000e+02;8.3724305e-02;3.5250000e+02;9.9538103e-02;3.5250000e+02;1.1521624e-01;3.5250000e+02;1.2508291e-01;3.5250000e+02;1.3494211e-01;3.5250000e+02;1.5670671e-01;3.5250000e+02;1.9047315e-01;3.5250000e+02;2.2806562e-01;3.5250000e+02;2.4321260e-01;3.5250000e+02;2.4741563e-01;3.5250000e+02;2.4322361e-01;3.5250000e+02;2.3144630e-01;3.5250000e+02;1.7892675e-02;3.5250000e+02;2.3897210e-02;3.5250000e+02;3.2075129e-02;3.5250000e+02;4.2276166e-02;3.5250000e+02;5.4471351e-02;3.5250000e+02;6.8191648e-02;3.5250000e+02;8.3724305e-02;3.5250000e+02;9.9538103e-02;3.5250000e+02;1.1521624e-01;3.5250000e+02;1.2508291e-01;3.5250000e+02;1.3494211e-01;3.5250000e+02;1.5670671e-01;3.5250000e+02;1.9047315e-01;3.5250000e+02;2.2806562e-01;3.5250000e+02;2.4321260e-01;3.5250000e+02;2.4741563e-01;3.5250000e+02;2.4322361e-01;3.5250000e+02;2.3144630e-01;3.5250000e+02;1.7892675e-02;3.5250000e+02;2.3897210e-02;3.5250000e+02;3.2075129e-02;3.5250000e+02;4.2276166e-02;3.5250000e+02;5.4471351e-02;3.5250000e+02;6.8191648e-02;3.5250000e+02;8.3724305e-02;3.5250000e+02;9.9538103e-02;3.5250000e+02;1.1521624e-01;3.5250000e+02;1.2508291e-01;3.5250000e+02;1.3494211e-01;3.5250000e+02;1.5670671e-01;3.5250000e+02;1.9047315e-01;3.5250000e+02;2.2806562e-01;3.5250000e+02;2.4321260e-01;3.5250000e+02;2.4741563e-01;3.5250000e+02;2.4322361e-01;3.5250000e+02;2.3144630e-01;3.5250000e+02;1.7892675e-02;3.5250000e+02;2.3897210e-02;3.5250000e+02;3.2075129e-02;3.5250000e+02;4.2276166e-02;3.5250000e+02;5.4471351e-02;3.5250000e+02;6.8191648e-02;3.5250000e+02;8.3724305e-02;3.5250000e+02;9.9538103e-02;3.5250000e+02;1.1521624e-01;3.5250000e+02;1.2508291e-01;3.5250000e+02;1.3494211e-01;3.5250000e+02;1.5670671e-01;3.5250000e+02;1.9047315e-01;3.5250000e+02;2.2806562e-01;3.5250000e+02;2.4321260e-01;3.5250000e+02;2.4741563e-01;3.5250000e+02;2.4322361e-01;3.5250000e+02;2.3144630e-01;3.5250000e+02;1.7892675e-02;3.5250000e+02;2.3897210e-02;3.5250000e+02;3.2075129e-02;3.5250000e+02;4.2276166e-02;3.5250000e+02;5.4471351e-02;3.5250000e+02;6.8191648e-02;3.5250000e+02;8.3724305e-02;3.5250000e+02;9.9538103e-02;3.5250000e+02;1.1521624e-01;3.5250000e+02;1.2508291e-01;3.5250000e+02;1.3494211e-01;3.5250000e+02;1.5670671e-01;3.5250000e+02;1.9047315e-01;3.5250000e+02;2.2806562e-01;3.5250000e+02;2.4321260e-01;3.5250000e+02;2.4741563e-01;3.5250000e+02;2.4322361e-01;3.5250000e+02;2.3144630e-01;3.5250000e+02;1.7892675e-02;3.5250000e+02;2.3897210e-02;3.5250000e+02;3.2075129e-02;3.5250000e+02;4.2276166e-02;3.5250000e+02;5.4471351e-02;3.5250000e+02;6.8191648e-02;3.5250000e+02;8.3724305e-02;3.5250000e+02;9.9538103e-02;3.5250000e+02;1.1521624e-01;3.5250000e+02;1.2508291e-01;3.5250000e+02;1.3494211e-01;3.5250000e+02;1.5670671e-01;3.5250000e+02;1.9047315e-01;3.5250000e+02;2.2806562e-01;3.5250000e+02;2.4321260e-01;3.5250000e+02;2.4741563e-01;3.5250000e+02;2.4322361e-01;3.5250000e+02;2.3144630e-01;3.5250000e+02;1.7892675e-02;3.5250000e+02;2.3897210e-02;3.5250000e+02;3.2075129e-02;3.5250000e+02;4.2276166e-02;3.5250000e+02;5.4471351e-02;3.5250000e+02;6.8191648e-02;3.5250000e+02;8.3724305e-02;3.5250000e+02;9.9538103e-02;3.5250000e+02;1.1521624e-01;3.5250000e+02;1.2508291e-01;3.5250000e+02;1.3494211e-01;3.5250000e+02;1.5670671e-01;3.5250000e+02;1.9047315e-01;3.5250000e+02;2.2806562e-01;3.5250000e+02;2.4321260e-01;3.5250000e+02;2.4741563e-01;3.5250000e+02;2.4322361e-01;3.5250000e+02;2.3144630e-01;3.5250000e+02;1.7892675e-02;3.5250000e+02;2.3897210e-02;3.5250000e+02;3.2075129e-02;3.5250000e+02;4.2276166e-02;3.5250000e+02;5.4471351e-02;3.5250000e+02;6.8191648e-02;3.5250000e+02;8.3724305e-02;3.5250000e+02;9.9538103e-02;3.5250000e+02;1.1521624e-01;3.5250000e+02;1.2508291e-01;3.5250000e+02;1.3494211e-01;3.5250000e+02;1.5670671e-01;3.5250000e+02;1.9047315e-01;3.5250000e+02;2.2806562e-01;3.5250000e+02;2.4321260e-01;3.5250000e+02;2.4741563e-01;3.5250000e+02;2.4322361e-01;3.5250000e+02;2.3144630e-01;3.5250000e+02;1.7892675e-02;3.5250000e+02;2.3897210e-02;3.5250000e+02;3.2075129e-02;3.5250000e+02;4.2276166e-02;3.5250000e+02;5.4471351e-02;3.5250000e+02;6.8191648e-02;3.5250000e+02;8.3724305e-02;3.5250000e+02;9.9538103e-02;3.5250000e+02;1.1521624e-01;3.5250000e+02;1.2508291e-01;3.5250000e+02;1.3494211e-01;3.5250000e+02;1.5670671e-01;3.5250000e+02;1.9047315e-01;3.5250000e+02;2.2806562e-01;3.5250000e+02;2.4321260e-01;3.5250000e+02;2.4741563e-01;3.5250000e+02;2.4322361e-01;3.5250000e+02;2.3144630e-01;3.5250000e+02;1.7892675e-02;3.5250000e+02;2.3897210e-02;3.5250000e+02;3.2075129e-02;3.5250000e+02;4.2276166e-02;3.5250000e+02;5.4471351e-02;3.5250000e+02;6.8191648e-02;3.5250000e+02;8.3724305e-02;3.5250000e+02;9.9538103e-02;3.5250000e+02;1.1521624e-01;3.5250000e+02;1.2508291e-01;3.5250000e+02;1.3494211e-01;3.5250000e+02;1.5670671e-01;3.5250000e+02;1.9047315e-01;3.5250000e+02;2.2806562e-01;3.5250000e+02;2.4321260e-01;3.5250000e+02;2.4741563e-01;3.5250000e+02;2.4322361e-01;3.5250000e+02;2.3144630e-01;3.5250000e+02;1.7892675e-02;3.5250000e+02;2.3897210e-02;3.5250000e+02;3.2075129e-02;3.5250000e+02;4.2276166e-02;3.5250000e+02;5.4471351e-02;3.5250000e+02;6.8191648e-02;3.5250000e+02;8.3724305e-02;3.5250000e+02;9.9538103e-02;3.5250000e+02;1.1521624e-01;3.5250000e+02;1.2508291e-01;3.5250000e+02;1.3494211e-01;3.5250000e+02;1.5670671e-01;3.5250000e+02;1.9047315e-01;3.5250000e+02;2.2806562e-01;3.5250000e+02;2.4321260e-01;3.5250000e+02;2.4741563e-01;3.5250000e+02;2.4322361e-01;3.5250000e+02;2.3144630e-01;3.5250000e+02;1.7892675e-02;3.5250000e+02;2.3897210e-02;3.5250000e+02;3.2075129e-02;3.5250000e+02;4.2276166e-02;3.5250000e+02;5.4471351e-02;3.5250000e+02;6.8191648e-02;3.5250000e+02;8.3724305e-02;3.5250000e+02;9.9538103e-02;3.5250000e+02;1.1521624e-01;3.5250000e+02;1.2508291e-01;3.5250000e+02;1.3494211e-01;3.5250000e+02;1.5670671e-01;3.5250000e+02;1.9047315e-01;3.5250000e+02;2.2806562e-01;3.5250000e+02;2.4321260e-01;3.5250000e+02;2.4741563e-01;3.5250000e+02;2.4322361e-01;3.5250000e+02;2.3144630e-01;3.5250000e+02;1.7892675e-02;3.5250000e+02;2.3897210e-02;3.5250000e+02;3.2075129e-02;3.5250000e+02;4.2276166e-02;3.5250000e+02;5.4471351e-02;3.5250000e+02;6.8191648e-02;3.5250000e+02;8.3724305e-02;3.5250000e+02;9.9538103e-02;3.5250000e+02;1.1521624e-01;3.5250000e+02;1.2508291e-01;3.5250000e+02;1.3494211e-01;3.5250000e+02;1.5670671e-01;3.5250000e+02;1.9047315e-01;3.5250000e+02;2.2806562e-01;3.5250000e+02;2.4321260e-01;3.5250000e+02;2.4741563e-01;3.5250000e+02;2.4322361e-01;3.5250000e+02;2.3144630e-01;3.5250000e+02;1.7892675e-02;3.5250000e+02;2.3897210e-02;3.5250000e+02;3.2075129e-02;3.5250000e+02;4.2276166e-02;3.5250000e+02;5.4471351e-02;3.5250000e+02;6.8191648e-02;3.5250000e+02;8.3724305e-02;3.5250000e+02;9.9538103e-02;3.5250000e+02;1.1521624e-01;3.5250000e+02;1.2508291e-01;3.5250000e+02;1.3494211e-01;3.5250000e+02;1.5670671e-01;3.5250000e+02;1.9047315e-01;3.5250000e+02;2.2806562e-01;3.5250000e+02;2.4321260e-01;3.5250000e+02;2.4741563e-01;3.5250000e+02;2.4322361e-01;3.5250000e+02;2.3144630e-01;3.5250000e+02;1.7892675e-02;3.5250000e+02;2.3897210e-02;3.5250000e+02;3.2075129e-02;3.5250000e+02;4.2276166e-02;3.5250000e+02;5.4471351e-02;3.5250000e+02;6.8191648e-02;3.5250000e+02;8.3724305e-02;3.5250000e+02;9.9538103e-02;3.5250000e+02;1.1521624e-01;3.5250000e+02;1.2508291e-01;3.5250000e+02;1.3494211e-01;3.5250000e+02;1.5670671e-01;3.5250000e+02;1.9047315e-01;3.5250000e+02;2.2806562e-01;3.5250000e+02;2.4321260e-01;3.5250000e+02;2.4741563e-01;3.5250000e+02;2.4322361e-01;3.5250000e+02;2.3144630e-01;3.5250000e+02;1.7892675e-02;3.5250000e+02;2.3897210e-02;3.5250000e+02;3.2075129e-02;3.5250000e+02;4.2276166e-02;3.5250000e+02;5.4471351e-02;3.5250000e+02;6.8191648e-02;3.5250000e+02;8.3724305e-02;3.5250000e+02;9.9538103e-02;3.5250000e+02;1.1521624e-01;3.5250000e+02;1.2508291e-01;3.5250000e+02;1.3494211e-01;3.5250000e+02;1.5670671e-01;3.5250000e+02;1.9047315e-01;3.5250000e+02;2.2806562e-01;3.5250000e+02;2.4321260e-01;3.5250000e+02;2.4741563e-01;3.5250000e+02;2.4322361e-01;3.5250000e+02;2.3144630e-01;3.5250000e+02;1.7892675e-02;3.5250000e+02;2.3897210e-02;3.5250000e+02;3.2075129e-02;3.5250000e+02;4.2276166e-02;3.5250000e+02;5.4471351e-02;3.5250000e+02;6.8191648e-02;3.5250000e+02;8.3724305e-02;3.5250000e+02;9.9538103e-02;3.5250000e+02;1.1521624e-01;3.5250000e+02;1.2508291e-01;3.5250000e+02;1.3494211e-01;3.5250000e+02;1.5670671e-01;3.5250000e+02;1.9047315e-01;3.5250000e+02;2.2806562e-01;3.5250000e+02;2.4321260e-01;3.5250000e+02;2.4741563e-01;3.5250000e+02;2.4322361e-01;3.5250000e+02;2.3144630e-01;3.5250000e+02;1.7892675e-02;3.5250000e+02;2.3897210e-02;3.5250000e+02;3.2075129e-02;3.5250000e+02;4.2276166e-02;3.5250000e+02;5.4471351e-02;3.5250000e+02;6.8191648e-02;3.5250000e+02;8.3724305e-02;3.5250000e+02;9.9538103e-02;3.5250000e+02;1.1521624e-01;3.5250000e+02;1.2508291e-01;3.5250000e+02;1.3494211e-01;3.5250000e+02;1.5670671e-01;3.5250000e+02;1.9047315e-01;3.5250000e+02;2.2806562e-01;3.5250000e+02;2.4321260e-01;3.5250000e+02;2.4741563e-01;3.5250000e+02;2.4322361e-01;3.5250000e+02;2.3144630e-01;3.5250000e+02;1.7892675e-02;3.5250000e+02;2.3897210e-02;3.5250000e+02;3.2075129e-02;3.5250000e+02;4.2276166e-02;3.5250000e+02;5.4471351e-02;3.5250000e+02;6.8191648e-02;3.5250000e+02;8.3724305e-02;3.5250000e+02;9.9538103e-02;3.5250000e+02;1.1521624e-01;3.5250000e+02;1.2508291e-01;3.5250000e+02;1.3494211e-01;3.5250000e+02;1.5670671e-01;3.5250000e+02;1.9047315e-01;3.5250000e+02;2.2806562e-01;3.5250000e+02;2.4321260e-01;3.5250000e+02;2.4741563e-01;3.5250000e+02;2.4322361e-01;3.5250000e+02;2.3144630e-01;3.5250000e+02;1.7892675e-02;3.5250000e+02;2.3897210e-02;3.5250000e+02;3.2075129e-02;3.5250000e+02;4.2276166e-02;3.5250000e+02;5.4471351e-02;3.5250000e+02;6.8191648e-02;3.5250000e+02;8.3724305e-02;3.5250000e+02;9.9538103e-02;3.5250000e+02;1.1521624e-01;3.5250000e+02;1.2508291e-01;3.5250000e+02;1.3494211e-01;3.5250000e+02;1.5670671e-01;3.5250000e+02;1.9047315e-01;3.5250000e+02;2.2806562e-01;3.5250000e+02;2.4321260e-01;3.5250000e+02;2.4741563e-01;3.5250000e+02;2.4322361e-01;3.5250000e+02;2.3144630e-01;3.5250000e+02;1.7892675e-02;3.5250000e+02;2.3897210e-02;3.5250000e+02;3.2075129e-02;3.5250000e+02;4.2276166e-02;3.5250000e+02;5.4471351e-02;3.5250000e+02;6.8191648e-02;3.5250000e+02;8.3724305e-02;3.5250000e+02;9.9538103e-02;3.5250000e+02;1.1521624e-01;3.5250000e+02;1.2508291e-01;3.5250000e+02;1.3494211e-01;3.5250000e+02;1.5670671e-01;3.5250000e+02;1.9047315e-01;3.5250000e+02;2.2806562e-01;3.5250000e+02;2.4321260e-01;3.5250000e+02;2.4741563e-01;3.5250000e+02;2.4322361e-01;3.5250000e+02;2.3144630e-01;3.5250000e+02;1.7892675e-02;3.5250000e+02;2.3897210e-02;3.5250000e+02;3.2075129e-02;3.5250000e+02;4.2276166e-02;3.5250000e+02;5.4471351e-02;3.5250000e+02;6.8191648e-02;3.5250000e+02;8.3724305e-02;3.5250000e+02;9.9538103e-02;3.5250000e+02;1.1521624e-01;3.5250000e+02;1.2508291e-01;3.5250000e+02;1.3494211e-01;3.5250000e+02;1.5670671e-01;3.5250000e+02;1.9047315e-01;3.5250000e+02;2.2806562e-01;3.5250000e+02;2.4321260e-01;3.5250000e+02;2.4741563e-01;3.5250000e+02;2.4322361e-01;3.5250000e+02;2.3144630e-01;3.5250000e+02;1.7892675e-02;3.5250000e+02;2.3897210e-02;3.5250000e+02;3.2075129e-02;3.5250000e+02;4.2276166e-02;3.5250000e+02;5.4471351e-02;3.5250000e+02;6.8191648e-02;3.5250000e+02;8.3724305e-02;3.5250000e+02;9.9538103e-02;3.5250000e+02;1.1521624e-01;3.5250000e+02;1.2508291e-01;3.5250000e+02;1.3494211e-01;3.5250000e+02;1.5670671e-01;3.5250000e+02;1.9047315e-01;3.5250000e+02;2.2806562e-01;3.5250000e+02;2.4321260e-01;3.5250000e+02;2.4741563e-01;3.5250000e+02;2.4322361e-01;3.5250000e+02;2.3144630e-01;3.5250000e+02;1.7892675e-02;3.5250000e+02;2.3897210e-02;3.5250000e+02;3.2075129e-02;3.5250000e+02;4.2276166e-02;3.5250000e+02;5.4471351e-02;3.5250000e+02;6.8191648e-02;3.5250000e+02;8.3724305e-02;3.5250000e+02;9.9538103e-02;3.5250000e+02;1.1521624e-01;3.5250000e+02;1.2508291e-01;3.5250000e+02;1.3494211e-01;3.5250000e+02;1.5670671e-01;3.5250000e+02;1.9047315e-01;3.5250000e+02;2.2806562e-01;3.5250000e+02;2.4321260e-01;3.5250000e+02;2.4741563e-01;3.5250000e+02;2.4322361e-01;3.5250000e+02;2.3144630e-01;3.5250000e+02;1.7892675e-02;3.5250000e+02;2.3897210e-02;3.5250000e+02;3.2075129e-02;3.5250000e+02;4.2276166e-02;3.5250000e+02;5.4471351e-02;3.5250000e+02;6.8191648e-02;3.5250000e+02;8.3724305e-02;3.5250000e+02;9.9538103e-02;3.5250000e+02;1.1521624e-01;3.5250000e+02;1.2508291e-01;3.5250000e+02;1.3494211e-01;3.5250000e+02;1.5670671e-01;3.5250000e+02;1.9047315e-01;3.5250000e+02;2.2806562e-01;3.5250000e+02;2.4321260e-01;3.5250000e+02;2.4741563e-01;3.5250000e+02;2.4322361e-01;3.5250000e+02;2.3144630e-01;3.5250000e+02;1.7892675e-02;3.5250000e+02;2.3897210e-02;3.5250000e+02;3.2075129e-02;3.5250000e+02;4.2276166e-02;3.5250000e+02;5.4471351e-02;3.5250000e+02;6.8191648e-02;3.5250000e+02;8.3724305e-02;3.5250000e+02;9.9538103e-02;3.5250000e+02;1.1521624e-01;3.5250000e+02;1.2508291e-01;3.5250000e+02;1.3494211e-01;3.5250000e+02;1.5670671e-01;3.5250000e+02;1.9047315e-01;3.5250000e+02;2.2806562e-01;3.5250000e+02;2.4321260e-01;3.5250000e+02;2.4741563e-01;3.5250000e+02;2.4322361e-01;3.5250000e+02;2.3144630e-01;3.5250000e+02;1.7892675e-02;3.5250000e+02;2.3897210e-02;3.5250000e+02;3.2075129e-02;3.5250000e+02;4.2276166e-02;3.5250000e+02;5.4471351e-02;3.5250000e+02;6.8191648e-02;3.5250000e+02;8.3724305e-02;3.5250000e+02;9.9538103e-02;3.5250000e+02;1.1521624e-01;3.5250000e+02;1.2508291e-01;3.5250000e+02;1.3494211e-01;3.5250000e+02;1.5670671e-01;3.5250000e+02;1.9047315e-01;3.5250000e+02;2.2806562e-01;3.5250000e+02;2.4321260e-01;3.5250000e+02;2.4741563e-01;3.5250000e+02;2.4322361e-01;3.5250000e+02;2.3144630e-01;3.5250000e+02;1.7892675e-02;3.5250000e+02;2.3897210e-02;3.5250000e+02;3.2075129e-02;3.5250000e+02;4.2276166e-02;3.5250000e+02;5.4471351e-02;3.5250000e+02;6.8191648e-02;3.5250000e+02;8.3724305e-02;3.5250000e+02;9.9538103e-02;3.5250000e+02;1.1521624e-01;3.5250000e+02;1.2508291e-01;3.5250000e+02;1.3494211e-01;3.5250000e+02;1.5670671e-01;3.5250000e+02;1.9047315e-01;3.5250000e+02;2.2806562e-01;3.5250000e+02;2.4321260e-01;3.5250000e+02;2.4741563e-01;3.5250000e+02;2.4322361e-01;3.5250000e+02;2.3144630e-01;3.5250000e+02;1.7892675e-02;3.5250000e+02;2.3897210e-02;3.5250000e+02;3.2075129e-02;3.5250000e+02;4.2276166e-02;3.5250000e+02;5.4471351e-02;3.5250000e+02;6.8191648e-02;3.5250000e+02;8.3724305e-02;3.5250000e+02;9.9538103e-02;3.5250000e+02;1.1521624e-01;3.5250000e+02;1.2508291e-01;3.5250000e+02;1.3494211e-01;3.5250000e+02;1.5670671e-01;3.5250000e+02;1.9047315e-01;3.5250000e+02;2.2806562e-01;3.5250000e+02;2.4321260e-01;3.5250000e+02;2.4741563e-01;3.5250000e+02;2.4322361e-01;3.5250000e+02;2.3144630e-01;3.5250000e+02;1.7892675e-02;3.5250000e+02;2.3897210e-02;3.5250000e+02;3.2075129e-02;3.5250000e+02;4.2276166e-02;3.5250000e+02;5.4471351e-02;3.5250000e+02;6.8191648e-02;3.5250000e+02;8.3724305e-02;3.5250000e+02;9.9538103e-02;3.5250000e+02;1.1521624e-01;3.5250000e+02;1.2508291e-01;3.5250000e+02;1.3494211e-01;3.5250000e+02;1.5670671e-01;3.5250000e+02;1.9047315e-01;3.5250000e+02;2.2806562e-01;3.5250000e+02;2.4321260e-01;3.5250000e+02;2.4741563e-01;3.5250000e+02;2.4322361e-01;3.5250000e+02;2.3144630e-01;3.5250000e+02;1.7892675e-02;3.5250000e+02;2.3897210e-02;3.5250000e+02;3.2075129e-02;3.5250000e+02;4.2276166e-02;3.5250000e+02;5.4471351e-02;3.5250000e+02;6.8191648e-02;3.5250000e+02;8.3724305e-02;3.5250000e+02;9.9538103e-02;3.5250000e+02;1.1521624e-01;3.5250000e+02;1.2508291e-01;3.5250000e+02;1.3494211e-01;3.5250000e+02;1.5670671e-01;3.5250000e+02;1.9047315e-01;3.5250000e+02;2.2806562e-01;3.5250000e+02;2.4321260e-01;3.5250000e+02;2.4741563e-01;3.5250000e+02;2.4322361e-01;3.5250000e+02;2.3144630e-01;3.5250000e+02;1.7892675e-02;3.5250000e+02;2.3897210e-02;3.5250000e+02;3.2075129e-02;3.5250000e+02;4.2276166e-02;3.5250000e+02;5.4471351e-02;3.5250000e+02;6.8191648e-02;3.5250000e+02;8.3724305e-02;3.5250000e+02;9.9538103e-02;3.5250000e+02;1.1521624e-01;3.5250000e+02;1.2508291e-01;3.5250000e+02;1.3494211e-01;3.5250000e+02;1.5670671e-01;3.5250000e+02;1.9047315e-01;3.5250000e+02;2.2806562e-01;3.5250000e+02;2.4321260e-01;3.5250000e+02;2.4741563e-01;3.5250000e+02;2.4322361e-01;3.5250000e+02;2.3144630e-01;3.5250000e+02;1.7892675e-02;3.5250000e+02;2.3897210e-02;3.5250000e+02;3.2075129e-02;3.5250000e+02;4.2276166e-02;3.5250000e+02;5.4471351e-02;3.5250000e+02;6.8191648e-02;3.5250000e+02;8.3724305e-02;3.5250000e+02;9.9538103e-02;3.5250000e+02;1.1521624e-01;3.5250000e+02;1.2508291e-01;3.5250000e+02;1.3494211e-01;3.5250000e+02;1.5670671e-01;3.5250000e+02;1.9047315e-01;3.5250000e+02;2.2806562e-01;3.5250000e+02;2.4321260e-01;3.5250000e+02;2.4741563e-01;3.5250000e+02;2.4322361e-01;3.5250000e+02;2.3144630e-01;3.5250000e+02;1.7892675e-02;3.5250000e+02;2.3897210e-02;3.5250000e+02;3.2075129e-02;3.5250000e+02;4.2276166e-02;3.5250000e+02;5.4471351e-02;3.5250000e+02;6.8191648e-02;3.5250000e+02;8.3724305e-02;3.5250000e+02;9.9538103e-02;3.5250000e+02;1.1521624e-01;3.5250000e+02;1.2508291e-01;3.5250000e+02;1.3494211e-01;3.5250000e+02;1.5670671e-01;3.5250000e+02;1.9047315e-01;3.5250000e+02;2.2806562e-01;3.5250000e+02;2.4321260e-01;3.5250000e+02;2.4741563e-01;3.5250000e+02;2.4322361e-01;3.5250000e+02;2.3144630e-01;3.5250000e+02;1.7892675e-02;3.5250000e+02;2.3897210e-02;3.5250000e+02;3.2075129e-02;3.5250000e+02;4.2276166e-02;3.5250000e+02;5.4471351e-02;3.5250000e+02;6.8191648e-02;3.5250000e+02;8.3724305e-02;3.5250000e+02;9.9538103e-02;3.5250000e+02;1.1521624e-01;3.5250000e+02;1.2508291e-01;3.5250000e+02;1.3494211e-01;3.5250000e+02;1.5670671e-01;3.5250000e+02;1.9047315e-01;3.5250000e+02;2.2806562e-01;3.5250000e+02;2.4321260e-01;3.5250000e+02;2.4741563e-01;3.5250000e+02;2.4322361e-01;3.5250000e+02;2.3144630e-01;3.5250000e+02;1.7892675e-02;3.5250000e+02;2.3897210e-02;3.5250000e+02;3.2075129e-02;3.5250000e+02;4.2276166e-02;3.5250000e+02;5.4471351e-02;3.5250000e+02;6.8191648e-02;3.5250000e+02;8.3724305e-02;3.5250000e+02;9.9538103e-02;3.5250000e+02;1.1521624e-01;3.5250000e+02;1.2508291e-01;3.5250000e+02;1.3494211e-01;3.5250000e+02;1.5670671e-01;3.5250000e+02;1.9047315e-01;3.5250000e+02;2.2806562e-01;3.5250000e+02;2.4321260e-01;3.5250000e+02;2.4741563e-01;3.5250000e+02;2.4322361e-01;3.5250000e+02;2.3144630e-01;3.5250000e+02;1.7892675e-02;3.5250000e+02;2.3897210e-02;3.5250000e+02;3.2075129e-02;3.5250000e+02;4.2276166e-02;3.5250000e+02;5.4471351e-02;3.5250000e+02;6.8191648e-02;3.5250000e+02;8.3724305e-02;3.5250000e+02;9.9538103e-02;3.5250000e+02;1.1521624e-01;3.5250000e+02;1.2508291e-01;3.5250000e+02;1.3494211e-01;3.5250000e+02;1.5670671e-01;3.5250000e+02;1.9047315e-01;3.5250000e+02;2.2806562e-01;3.5250000e+02;2.4321260e-01;3.5250000e+02;2.4741563e-01;3.5250000e+02;2.4322361e-01;3.5250000e+02;2.3144630e-01;3.5250000e+02;1.7892675e-02;3.5250000e+02;2.3897210e-02;3.5250000e+02;3.2075129e-02;3.5250000e+02;4.2276166e-02;3.5250000e+02;5.4471351e-02;3.5250000e+02;6.8191648e-02;3.5250000e+02;8.3724305e-02;3.5250000e+02;9.9538103e-02;3.5250000e+02;1.1521624e-01;3.5250000e+02;1.2508291e-01;3.5250000e+02;1.3494211e-01;3.5250000e+02;1.5670671e-01;3.5250000e+02;1.9047315e-01;3.5250000e+02;2.2806562e-01;3.5250000e+02;2.4321260e-01;3.5250000e+02;2.4741563e-01;3.5250000e+02;2.4322361e-01;3.5250000e+02;2.3144630e-01;3.5250000e+02;1.7892675e-02;3.5250000e+02;2.3897210e-02;3.5250000e+02;3.2075129e-02;3.5250000e+02;4.2276166e-02;3.5250000e+02;5.4471351e-02;3.5250000e+02;6.8191648e-02;3.5250000e+02;8.3724305e-02;3.5250000e+02;9.9538103e-02;3.5250000e+02;1.1521624e-01;3.5250000e+02;1.2508291e-01;3.5250000e+02;1.3494211e-01;3.5250000e+02;1.5670671e-01;3.5250000e+02;1.9047315e-01;3.5250000e+02;2.2806562e-01;3.5250000e+02;2.4321260e-01;3.5250000e+02;2.4741563e-01;3.5250000e+02;2.4322361e-01;3.5250000e+02;2.3144630e-01;3.5250000e+02;1.7892675e-02;3.5250000e+02;2.3897210e-02;3.5250000e+02;3.2075129e-02;3.5250000e+02;4.2276166e-02;3.5250000e+02;5.4471351e-02;3.5250000e+02;6.8191648e-02;3.5250000e+02;8.3724305e-02;3.5250000e+02;9.9538103e-02;3.5250000e+02;1.1521624e-01;3.5250000e+02;1.2508291e-01;3.5250000e+02;1.3494211e-01;3.5250000e+02;1.5670671e-01;3.5250000e+02;1.9047315e-01;3.5250000e+02;2.2806562e-01;3.5250000e+02;2.4321260e-01;3.5250000e+02;2.4741563e-01;3.5250000e+02;2.4322361e-01;3.5250000e+02;2.3144630e-01;3.5250000e+02;1.7892675e-02;3.5250000e+02;2.3897210e-02;3.5250000e+02;3.2075129e-02;3.5250000e+02;4.2276166e-02;3.5250000e+02;5.4471351e-02;3.5250000e+02;6.8191648e-02;3.5250000e+02;8.3724305e-02;3.5250000e+02;9.9538103e-02;3.5250000e+02;1.1521624e-01;3.5250000e+02;1.2508291e-01;3.5250000e+02;1.3494211e-01;3.5250000e+02;1.5670671e-01;3.5250000e+02;1.9047315e-01;3.5250000e+02;2.2806562e-01;3.5250000e+02;2.4321260e-01;3.5250000e+02;2.4741563e-01;3.5250000e+02;2.4322361e-01;3.5250000e+02;2.3144630e-01;3.5250000e+02;1.7892675e-02;3.5250000e+02;2.3897210e-02;3.5250000e+02;3.2075129e-02;3.5250000e+02;4.2276166e-02;3.5250000e+02;5.4471351e-02;3.5250000e+02;6.8191648e-02;3.5250000e+02;8.3724305e-02;3.5250000e+02;9.9538103e-02;3.5250000e+02;1.1521624e-01;3.5250000e+02;1.2508291e-01;3.5250000e+02;1.3494211e-01;3.5250000e+02;1.5670671e-01;3.5250000e+02;1.9047315e-01;3.5250000e+02;2.2806562e-01;3.5250000e+02;2.4321260e-01;3.5250000e+02;2.4741563e-01;3.5250000e+02;2.4322361e-01;3.5250000e+02;2.3144630e-01;3.5250000e+02;1.7892675e-02;3.5250000e+02;2.3897210e-02;3.5250000e+02;3.2075129e-02;3.5250000e+02;4.2276166e-02;3.5250000e+02;5.4471351e-02;3.5250000e+02;6.8191648e-02;3.5250000e+02;8.3724305e-02;3.5250000e+02;9.9538103e-02;3.5250000e+02;1.1521624e-01;3.5250000e+02;1.2508291e-01;3.5250000e+02;1.3494211e-01;3.5250000e+02;1.5670671e-01;3.5250000e+02;1.9047315e-01;3.5250000e+02;2.2806562e-01;3.5250000e+02;2.4321260e-01;3.5250000e+02;2.4741563e-01;3.5250000e+02;2.4322361e-01;3.5250000e+02;2.3144630e-01;3.5250000e+02;1.7892675e-02;3.5250000e+02;2.3897210e-02;3.5250000e+02;3.2075129e-02;3.5250000e+02;4.2276166e-02;3.5250000e+02;5.4471351e-02;3.5250000e+02;6.8191648e-02;3.5250000e+02;8.3724305e-02;3.5250000e+02;9.9538103e-02;3.5250000e+02;1.1521624e-01;3.5250000e+02;1.2508291e-01;3.5250000e+02;1.3494211e-01;3.5250000e+02;1.5670671e-01;3.5250000e+02;1.9047315e-01;3.5250000e+02;2.2806562e-01;3.5250000e+02;2.4321260e-01;3.5250000e+02;2.4741563e-01;3.5250000e+02;2.4322361e-01;3.5250000e+02;2.3144630e-01;3.5250000e+02;1.7892675e-02;3.5250000e+02;2.3897210e-02;3.5250000e+02;3.2075129e-02;3.5250000e+02;4.2276166e-02;3.5250000e+02;5.4471351e-02;3.5250000e+02;6.8191648e-02;3.5250000e+02;8.3724305e-02;3.5250000e+02;9.9538103e-02;3.5250000e+02;1.1521624e-01;3.5250000e+02;1.2508291e-01;3.5250000e+02;1.3494211e-01;3.5250000e+02;1.5670671e-01;3.5250000e+02;1.9047315e-01;3.5250000e+02;2.2806562e-01;3.5250000e+02;2.4321260e-01;3.5250000e+02;2.4741563e-01;3.5250000e+02;2.4322361e-01;3.5250000e+02;2.3144630e-01;3.5250000e+02;1.7892675e-02;3.5250000e+02;2.3897210e-02;3.5250000e+02;3.2075129e-02;3.5250000e+02;4.2276166e-02;3.5250000e+02;5.4471351e-02;3.5250000e+02;6.8191648e-02;3.5250000e+02;8.3724305e-02;3.5250000e+02;9.9538103e-02;3.5250000e+02;1.1521624e-01;3.5250000e+02;1.2508291e-01;3.5250000e+02;1.3494211e-01;3.5250000e+02;1.5670671e-01;3.5250000e+02;1.9047315e-01;3.5250000e+02;2.2806562e-01;3.5250000e+02;2.4321260e-01;3.5250000e+02;2.4741563e-01;3.5250000e+02;2.4322361e-01;3.5250000e+02;2.3144630e-01;3.5250000e+02;1.7892675e-02;3.5250000e+02;2.3897210e-02;3.5250000e+02;3.2075129e-02;3.5250000e+02;4.2276166e-02;3.5250000e+02;5.4471351e-02;3.5250000e+02;6.8191648e-02;3.5250000e+02;8.3724305e-02;3.5250000e+02;9.9538103e-02;3.5250000e+02;1.1521624e-01;3.5250000e+02;1.2508291e-01;3.5250000e+02;1.3494211e-01;3.5250000e+02;1.5670671e-01;3.5250000e+02;1.9047315e-01;3.5250000e+02;2.2806562e-01;3.5250000e+02;2.4321260e-01;3.5250000e+02;2.4741563e-01;3.5250000e+02;2.4322361e-01;3.5250000e+02;2.3144630e-01;3.5250000e+02;1.7892675e-02;3.5250000e+02;2.3897210e-02;3.5250000e+02;3.2075129e-02;3.5250000e+02;4.2276166e-02;3.5250000e+02;5.4471351e-02;3.5250000e+02;6.8191648e-02;3.5250000e+02;8.3724305e-02;3.5250000e+02;9.9538103e-02;3.5250000e+02;1.1521624e-01;3.5250000e+02;1.2508291e-01;3.5250000e+02;1.3494211e-01;3.5250000e+02;1.5670671e-01;3.5250000e+02;1.9047315e-01;3.5250000e+02;2.2806562e-01;3.5250000e+02;2.4321260e-01;3.5250000e+02;2.4741563e-01;3.5250000e+02;2.4322361e-01;3.5250000e+02;2.3144630e-01;3.5250000e+02;1.7892675e-02;3.5250000e+02;2.3897210e-02;3.5250000e+02;3.2075129e-02;3.5250000e+02;4.2276166e-02;3.5250000e+02;5.4471351e-02;3.5250000e+02;6.8191648e-02;3.5250000e+02;8.3724305e-02;3.5250000e+02;9.9538103e-02;3.5250000e+02;1.1521624e-01;3.5250000e+02;1.2508291e-01;3.5250000e+02;1.3494211e-01;3.5250000e+02;1.5670671e-01;3.5250000e+02;1.9047315e-01;3.5250000e+02;2.2806562e-01;3.5250000e+02;2.4321260e-01;3.5250000e+02;2.4741563e-01;3.5250000e+02;2.4322361e-01;3.5250000e+02;2.3144630e-01;3.5250000e+02;1.7892675e-02;3.5250000e+02;2.3897210e-02;3.5250000e+02;3.2075129e-02;3.5250000e+02;4.2276166e-02;3.5250000e+02;5.4471351e-02;3.5250000e+02;6.8191648e-02;3.5250000e+02;8.3724305e-02;3.5250000e+02;9.9538103e-02;3.5250000e+02;1.1521624e-01;3.5250000e+02;1.2508291e-01;3.5250000e+02;1.3494211e-01;3.5250000e+02;1.5670671e-01;3.5250000e+02;1.9047315e-01;3.5250000e+02;2.2806562e-01;3.5250000e+02;2.4321260e-01;3.5250000e+02;2.4741563e-01;3.5250000e+02;2.4322361e-01;3.5250000e+02;2.3144630e-01;3.5250000e+02;1.7892675e-02;3.5250000e+02;2.3897210e-02;3.5250000e+02;3.2075129e-02;3.5250000e+02;4.2276166e-02;3.5250000e+02;5.4471351e-02;3.5250000e+02;6.8191648e-02;3.5250000e+02;8.3724305e-02;3.5250000e+02;9.9538103e-02;3.5250000e+02;1.1521624e-01;3.5250000e+02;1.2508291e-01;3.5250000e+02;1.3494211e-01;3.5250000e+02;1.5670671e-01;3.5250000e+02;1.9047315e-01;3.5250000e+02;2.2806562e-01;3.5250000e+02;2.4321260e-01;3.5250000e+02;2.4741563e-01;3.5250000e+02;2.4322361e-01;3.5250000e+02;2.3144630e-01;3.5250000e+02;1.7892675e-02;3.5250000e+02;2.3897210e-02;3.5250000e+02;3.2075129e-02;3.5250000e+02;4.2276166e-02;3.5250000e+02;5.4471351e-02;3.5250000e+02;6.8191648e-02;3.5250000e+02;8.3724305e-02;3.5250000e+02;9.9538103e-02;3.5250000e+02;1.1521624e-01;3.5250000e+02;1.2508291e-01;3.5250000e+02;1.3494211e-01;3.5250000e+02;1.5670671e-01;3.5250000e+02;1.9047315e-01;3.5250000e+02;2.2806562e-01;3.5250000e+02;2.4321260e-01;3.5250000e+02;2.4741563e-01;3.5250000e+02;2.4322361e-01;3.5250000e+02;2.3144630e-01;3.5250000e+02;1.7892675e-02;3.5250000e+02;2.3897210e-02;3.5250000e+02;3.2075129e-02;3.5250000e+02;4.2276166e-02;3.5250000e+02;5.4471351e-02;3.5250000e+02;6.8191648e-02;3.5250000e+02;8.3724305e-02;3.5250000e+02;9.9538103e-02;3.5250000e+02;1.1521624e-01;3.5250000e+02;1.2508291e-01;3.5250000e+02;1.3494211e-01;3.5250000e+02;1.5670671e-01;3.5250000e+02;1.9047315e-01;3.5250000e+02;2.2806562e-01;3.5250000e+02;2.4321260e-01;3.5250000e+02;2.4741563e-01;3.5250000e+02;2.4322361e-01;3.5250000e+02;2.3144630e-01;3.5250000e+02;1.7892675e-02;3.5250000e+02;2.3897210e-02;3.5250000e+02;3.2075129e-02;3.5250000e+02;4.2276166e-02;3.5250000e+02;5.4471351e-02;3.5250000e+02;6.8191648e-02;3.5250000e+02;8.3724305e-02;3.5250000e+02;9.9538103e-02;3.5250000e+02;1.1521624e-01;3.5250000e+02;1.2508291e-01;3.5250000e+02;1.3494211e-01;3.5250000e+02;1.5670671e-01;3.5250000e+02;1.9047315e-01;3.5250000e+02;2.2806562e-01;3.5250000e+02;2.4321260e-01;3.5250000e+02;2.4741563e-01;3.5250000e+02;2.4322361e-01;3.5250000e+02;2.3144630e-01;3.5250000e+02;1.7892675e-02;3.5250000e+02;2.3897210e-02;3.5250000e+02;3.2075129e-02;3.5250000e+02;4.2276166e-02;3.5250000e+02;5.4471351e-02;3.5250000e+02;6.8191648e-02;3.5250000e+02;8.3724305e-02;3.5250000e+02;9.9538103e-02;3.5250000e+02;1.1521624e-01;3.5250000e+02;1.2508291e-01;3.5250000e+02;1.3494211e-01;3.5250000e+02;1.5670671e-01;3.5250000e+02;1.9047315e-01;3.5250000e+02;2.2806562e-01;3.5250000e+02;2.4321260e-01;3.5250000e+02;2.4741563e-01;3.5250000e+02;2.4322361e-01;3.5250000e+02;2.3144630e-01;3.5250000e+02;1.7892675e-02;3.5250000e+02;2.3897210e-02;3.5250000e+02;3.2075129e-02;3.5250000e+02;4.2276166e-02;3.5250000e+02;5.4471351e-02;3.5250000e+02;6.8191648e-02;3.5250000e+02;8.3724305e-02;3.5250000e+02;9.9538103e-02;3.5250000e+02;1.1521624e-01;3.5250000e+02;1.2508291e-01;3.5250000e+02;1.3494211e-01;3.5250000e+02;1.5670671e-01;3.5250000e+02;1.9047315e-01;3.5250000e+02;2.2806562e-01;3.5250000e+02;2.4321260e-01;3.5250000e+02;2.4741563e-01;3.5250000e+02;2.4322361e-01;3.5250000e+02;2.3144630e-01;3.5250000e+02;1.7892675e-02;3.5250000e+02;2.3897210e-02;3.5250000e+02;3.2075129e-02;3.5250000e+02;4.2276166e-02;3.5250000e+02;5.4471351e-02;3.5250000e+02;6.8191648e-02;3.5250000e+02;8.3724305e-02;3.5250000e+02;9.9538103e-02;3.5250000e+02;1.1521624e-01;3.5250000e+02;1.2508291e-01;3.5250000e+02;1.3494211e-01;3.5250000e+02;1.5670671e-01;3.5250000e+02;1.9047315e-01;3.5250000e+02;2.2806562e-01;3.5250000e+02;2.4321260e-01;3.5250000e+02;2.4741563e-01;3.5250000e+02;2.4322361e-01;3.5250000e+02;2.3144630e-01
3.5750000e+02;1.6650187e-02;3.5750000e+02;2.2055836e-02;3.5750000e+02;2.9694868e-02;3.5750000e+02;3.9489489e-02;3.5750000e+02;5.1244877e-02;3.5750000e+02;6.4640313e-02;3.5750000e+02;7.9706162e-02;3.5750000e+02;9.5606580e-02;3.5750000e+02;1.1179527e-01;3.5750000e+02;1.2169640e-01;3.5750000e+02;1.3174774e-01;3.5750000e+02;1.5513480e-01;3.5750000e+02;1.8873987e-01;3.5750000e+02;2.2529235e-01;3.5750000e+02;2.3960823e-01;3.5750000e+02;2.4310634e-01;3.5750000e+02;2.3811057e-01;3.5750000e+02;2.2550507e-01;3.5750000e+02;1.6650187e-02;3.5750000e+02;2.2055836e-02;3.5750000e+02;2.9694868e-02;3.5750000e+02;3.9489489e-02;3.5750000e+02;5.1244877e-02;3.5750000e+02;6.4640313e-02;3.5750000e+02;7.9706162e-02;3.5750000e+02;9.5606580e-02;3.5750000e+02;1.1179527e-01;3.5750000e+02;1.2169640e-01;3.5750000e+02;1.3174774e-01;3.5750000e+02;1.5513480e-01;3.5750000e+02;1.8873987e-01;3.5750000e+02;2.2529235e-01;3.5750000e+02;2.3960823e-01;3.5750000e+02;2.4310634e-01;3.5750000e+02;2.3811057e-01;3.5750000e+02;2.2550507e-01;3.5750000e+02;1.6650187e-02;3.5750000e+02;2.2055836e-02;3.5750000e+02;2.9694868e-02;3.5750000e+02;3.9489489e-02;3.5750000e+02;5.1244877e-02;3.5750000e+02;6.4640313e-02;3.5750000e+02;7.9706162e-02;3.5750000e+02;9.5606580e-02;3.5750000e+02;1.1179527e-01;3.5750000e+02;1.2169640e-01;3.5750000e+02;1.3174774e-01;3.5750000e+02;1.5513480e-01;3.5750000e+02;1.8873987e-01;3.5750000e+02;2.2529235e-01;3.5750000e+02;2.3960823e-01;3.5750000e+02;2.4310634e-01;3.5750000e+02;2.3811057e-01;3.5750000e+02;2.2550507e-01;3.5750000e+02;1.6650187e-02;3.5750000e+02;2.2055836e-02;3.5750000e+02;2.9694868e-02;3.5750000e+02;3.9489489e-02;3.5750000e+02;5.1244877e-02;3.5750000e+02;6.4640313e-02;3.5750000e+02;7.9706162e-02;3.5750000e+02;9.5606580e-02;3.5750000e+02;1.1179527e-01;3.5750000e+02;1.2169640e-01;3.5750000e+02;1.3174774e-01;3.5750000e+02;1.5513480e-01;3.5750000e+02;1.8873987e-01;3.5750000e+02;2.2529235e-01;3.5750000e+02;2.3960823e-01;3.5750000e+02;2.4310634e-01;3.5750000e+02;2.3811057e-01;3.5750000e+02;2.2550507e-01;3.5750000e+02;1.6650187e-02;3.5750000e+02;2.2055836e-02;3.5750000e+02;2.9694868e-02;3.5750000e+02;3.9489489e-02;3.5750000e+02;5.1244877e-02;3.5750000e+02;6.4640313e-02;3.5750000e+02;7.9706162e-02;3.5750000e+02;9.5606580e-02;3.5750000e+02;1.1179527e-01;3.5750000e+02;1.2169640e-01;3.5750000e+02;1.3174774e-01;3.5750000e+02;1.5513480e-01;3.5750000e+02;1.8873987e-01;3.5750000e+02;2.2529235e-01;3.5750000e+02;2.3960823e-01;3.5750000e+02;2.4310634e-01;3.5750000e+02;2.3811057e-01;3.5750000e+02;2.2550507e-01;3.5750000e+02;1.6650187e-02;3.5750000e+02;2.2055836e-02;3.5750000e+02;2.9694868e-02;3.5750000e+02;3.9489489e-02;3.5750000e+02;5.1244877e-02;3.5750000e+02;6.4640313e-02;3.5750000e+02;7.9706162e-02;3.5750000e+02;9.5606580e-02;3.5750000e+02;1.1179527e-01;3.5750000e+02;1.2169640e-01;3.5750000e+02;1.3174774e-01;3.5750000e+02;1.5513480e-01;3.5750000e+02;1.8873987e-01;3.5750000e+02;2.2529235e-01;3.5750000e+02;2.3960823e-01;3.5750000e+02;2.4310634e-01;3.5750000e+02;2.3811057e-01;3.5750000e+02;2.2550507e-01;3.5750000e+02;1.6650187e-02;3.5750000e+02;2.2055836e-02;3.5750000e+02;2.9694868e-02;3.5750000e+02;3.9489489e-02;3.5750000e+02;5.1244877e-02;3.5750000e+02;6.4640313e-02;3.5750000e+02;7.9706162e-02;3.5750000e+02;9.5606580e-02;3.5750000e+02;1.1179527e-01;3.5750000e+02;1.2169640e-01;3.5750000e+02;1.3174774e-01;3.5750000e+02;1.5513480e-01;3.5750000e+02;1.8873987e-01;3.5750000e+02;2.2529235e-01;3.5750000e+02;2.3960823e-01;3.5750000e+02;2.4310634e-01;3.5750000e+02;2.3811057e-01;3.5750000e+02;2.2550507e-01;3.5750000e+02;1.6650187e-02;3.5750000e+02;2.2055836e-02;3.5750000e+02;2.9694868e-02;3.5750000e+02;3.9489489e-02;3.5750000e+02;5.1244877e-02;3.5750000e+02;6.4640313e-02;3.5750000e+02;7.9706162e-02;3.5750000e+02;9.5606580e-02;3.5750000e+02;1.1179527e-01;3.5750000e+02;1.2169640e-01;3.5750000e+02;1.3174774e-01;3.5750000e+02;1.5513480e-01;3.5750000e+02;1.8873987e-01;3.5750000e+02;2.2529235e-01;3.5750000e+02;2.3960823e-01;3.5750000e+02;2.4310634e-01;3.5750000e+02;2.3811057e-01;3.5750000e+02;2.2550507e-01;3.5750000e+02;1.6650187e-02;3.5750000e+02;2.2055836e-02;3.5750000e+02;2.9694868e-02;3.5750000e+02;3.9489489e-02;3.5750000e+02;5.1244877e-02;3.5750000e+02;6.4640313e-02;3.5750000e+02;7.9706162e-02;3.5750000e+02;9.5606580e-02;3.5750000e+02;1.1179527e-01;3.5750000e+02;1.2169640e-01;3.5750000e+02;1.3174774e-01;3.5750000e+02;1.5513480e-01;3.5750000e+02;1.8873987e-01;3.5750000e+02;2.2529235e-01;3.5750000e+02;2.3960823e-01;3.5750000e+02;2.4310634e-01;3.5750000e+02;2.3811057e-01;3.5750000e+02;2.2550507e-01;3.5750000e+02;1.6650187e-02;3.5750000e+02;2.2055836e-02;3.5750000e+02;2.9694868e-02;3.5750000e+02;3.9489489e-02;3.5750000e+02;5.1244877e-02;3.5750000e+02;6.4640313e-02;3.5750000e+02;7.9706162e-02;3.5750000e+02;9.5606580e-02;3.5750000e+02;1.1179527e-01;3.5750000e+02;1.2169640e-01;3.5750000e+02;1.3174774e-01;3.5750000e+02;1.5513480e-01;3.5750000e+02;1.8873987e-01;3.5750000e+02;2.2529235e-01;3.5750000e+02;2.3960823e-01;3.5750000e+02;2.4310634e-01;3.5750000e+02;2.3811057e-01;3.5750000e+02;2.2550507e-01;3.5750000e+02;1.6650187e-02;3.5750000e+02;2.2055836e-02;3.5750000e+02;2.9694868e-02;3.5750000e+02;3.9489489e-02;3.5750000e+02;5.1244877e-02;3.5750000e+02;6.4640313e-02;3.5750000e+02;7.9706162e-02;3.5750000e+02;9.5606580e-02;3.5750000e+02;1.1179527e-01;3.5750000e+02;1.2169640e-01;3.5750000e+02;1.3174774e-01;3.5750000e+02;1.5513480e-01;3.5750000e+02;1.8873987e-01;3.5750000e+02;2.2529235e-01;3.5750000e+02;2.3960823e-01;3.5750000e+02;2.4310634e-01;3.5750000e+02;2.3811057e-01;3.5750000e+02;2.2550507e-01;3.5750000e+02;1.6650187e-02;3.5750000e+02;2.2055836e-02;3.5750000e+02;2.9694868e-02;3.5750000e+02;3.9489489e-02;3.5750000e+02;5.1244877e-02;3.5750000e+02;6.4640313e-02;3.5750000e+02;7.9706162e-02;3.5750000e+02;9.5606580e-02;3.5750000e+02;1.1179527e-01;3.5750000e+02;1.2169640e-01;3.5750000e+02;1.3174774e-01;3.5750000e+02;1.5513480e-01;3.5750000e+02;1.8873987e-01;3.5750000e+02;2.2529235e-01;3.5750000e+02;2.3960823e-01;3.5750000e+02;2.4310634e-01;3.5750000e+02;2.3811057e-01;3.5750000e+02;2.2550507e-01;3.5750000e+02;1.6650187e-02;3.5750000e+02;2.2055836e-02;3.5750000e+02;2.9694868e-02;3.5750000e+02;3.9489489e-02;3.5750000e+02;5.1244877e-02;3.5750000e+02;6.4640313e-02;3.5750000e+02;7.9706162e-02;3.5750000e+02;9.5606580e-02;3.5750000e+02;1.1179527e-01;3.5750000e+02;1.2169640e-01;3.5750000e+02;1.3174774e-01;3.5750000e+02;1.5513480e-01;3.5750000e+02;1.8873987e-01;3.5750000e+02;2.2529235e-01;3.5750000e+02;2.3960823e-01;3.5750000e+02;2.4310634e-01;3.5750000e+02;2.3811057e-01;3.5750000e+02;2.2550507e-01;3.5750000e+02;1.6650187e-02;3.5750000e+02;2.2055836e-02;3.5750000e+02;2.9694868e-02;3.5750000e+02;3.9489489e-02;3.5750000e+02;5.1244877e-02;3.5750000e+02;6.4640313e-02;3.5750000e+02;7.9706162e-02;3.5750000e+02;9.5606580e-02;3.5750000e+02;1.1179527e-01;3.5750000e+02;1.2169640e-01;3.5750000e+02;1.3174774e-01;3.5750000e+02;1.5513480e-01;3.5750000e+02;1.8873987e-01;3.5750000e+02;2.2529235e-01;3.5750000e+02;2.3960823e-01;3.5750000e+02;2.4310634e-01;3.5750000e+02;2.3811057e-01;3.5750000e+02;2.2550507e-01;3.5750000e+02;1.6650187e-02;3.5750000e+02;2.2055836e-02;3.5750000e+02;2.9694868e-02;3.5750000e+02;3.9489489e-02;3.5750000e+02;5.1244877e-02;3.5750000e+02;6.4640313e-02;3.5750000e+02;7.9706162e-02;3.5750000e+02;9.5606580e-02;3.5750000e+02;1.1179527e-01;3.5750000e+02;1.2169640e-01;3.5750000e+02;1.3174774e-01;3.5750000e+02;1.5513480e-01;3.5750000e+02;1.8873987e-01;3.5750000e+02;2.2529235e-01;3.5750000e+02;2.3960823e-01;3.5750000e+02;2.4310634e-01;3.5750000e+02;2.3811057e-01;3.5750000e+02;2.2550507e-01;3.5750000e+02;1.6650187e-02;3.5750000e+02;2.2055836e-02;3.5750000e+02;2.9694868e-02;3.5750000e+02;3.9489489e-02;3.5750000e+02;5.1244877e-02;3.5750000e+02;6.4640313e-02;3.5750000e+02;7.9706162e-02;3.5750000e+02;9.5606580e-02;3.5750000e+02;1.1179527e-01;3.5750000e+02;1.2169640e-01;3.5750000e+02;1.3174774e-01;3.5750000e+02;1.5513480e-01;3.5750000e+02;1.8873987e-01;3.5750000e+02;2.2529235e-01;3.5750000e+02;2.3960823e-01;3.5750000e+02;2.4310634e-01;3.5750000e+02;2.3811057e-01;3.5750000e+02;2.2550507e-01;3.5750000e+02;1.6650187e-02;3.5750000e+02;2.2055836e-02;3.5750000e+02;2.9694868e-02;3.5750000e+02;3.9489489e-02;3.5750000e+02;5.1244877e-02;3.5750000e+02;6.4640313e-02;3.5750000e+02;7.9706162e-02;3.5750000e+02;9.5606580e-02;3.5750000e+02;1.1179527e-01;3.5750000e+02;1.2169640e-01;3.5750000e+02;1.3174774e-01;3.5750000e+02;1.5513480e-01;3.5750000e+02;1.8873987e-01;3.5750000e+02;2.2529235e-01;3.5750000e+02;2.3960823e-01;3.5750000e+02;2.4310634e-01;3.5750000e+02;2.3811057e-01;3.5750000e+02;2.2550507e-01;3.5750000e+02;1.6650187e-02;3.5750000e+02;2.2055836e-02;3.5750000e+02;2.9694868e-02;3.5750000e+02;3.9489489e-02;3.5750000e+02;5.1244877e-02;3.5750000e+02;6.4640313e-02;3.5750000e+02;7.9706162e-02;3.5750000e+02;9.5606580e-02;3.5750000e+02;1.1179527e-01;3.5750000e+02;1.2169640e-01;3.5750000e+02;1.3174774e-01;3.5750000e+02;1.5513480e-01;3.5750000e+02;1.8873987e-01;3.5750000e+02;2.2529235e-01;3.5750000e+02;2.3960823e-01;3.5750000e+02;2.4310634e-01;3.5750000e+02;2.3811057e-01;3.5750000e+02;2.2550507e-01;3.5750000e+02;1.6650187e-02;3.5750000e+02;2.2055836e-02;3.5750000e+02;2.9694868e-02;3.5750000e+02;3.9489489e-02;3.5750000e+02;5.1244877e-02;3.5750000e+02;6.4640313e-02;3.5750000e+02;7.9706162e-02;3.5750000e+02;9.5606580e-02;3.5750000e+02;1.1179527e-01;3.5750000e+02;1.2169640e-01;3.5750000e+02;1.3174774e-01;3.5750000e+02;1.5513480e-01;3.5750000e+02;1.8873987e-01;3.5750000e+02;2.2529235e-01;3.5750000e+02;2.3960823e-01;3.5750000e+02;2.4310634e-01;3.5750000e+02;2.3811057e-01;3.5750000e+02;2.2550507e-01;3.5750000e+02;1.6650187e-02;3.5750000e+02;2.2055836e-02;3.5750000e+02;2.9694868e-02;3.5750000e+02;3.9489489e-02;3.5750000e+02;5.1244877e-02;3.5750000e+02;6.4640313e-02;3.5750000e+02;7.9706162e-02;3.5750000e+02;9.5606580e-02;3.5750000e+02;1.1179527e-01;3.5750000e+02;1.2169640e-01;3.5750000e+02;1.3174774e-01;3.5750000e+02;1.5513480e-01;3.5750000e+02;1.8873987e-01;3.5750000e+02;2.2529235e-01;3.5750000e+02;2.3960823e-01;3.5750000e+02;2.4310634e-01;3.5750000e+02;2.3811057e-01;3.5750000e+02;2.2550507e-01;3.5750000e+02;1.6650187e-02;3.5750000e+02;2.2055836e-02;3.5750000e+02;2.9694868e-02;3.5750000e+02;3.9489489e-02;3.5750000e+02;5.1244877e-02;3.5750000e+02;6.4640313e-02;3.5750000e+02;7.9706162e-02;3.5750000e+02;9.5606580e-02;3.5750000e+02;1.1179527e-01;3.5750000e+02;1.2169640e-01;3.5750000e+02;1.3174774e-01;3.5750000e+02;1.5513480e-01;3.5750000e+02;1.8873987e-01;3.5750000e+02;2.2529235e-01;3.5750000e+02;2.3960823e-01;3.5750000e+02;2.4310634e-01;3.5750000e+02;2.3811057e-01;3.5750000e+02;2.2550507e-01;3.5750000e+02;1.6650187e-02;3.5750000e+02;2.2055836e-02;3.5750000e+02;2.9694868e-02;3.5750000e+02;3.9489489e-02;3.5750000e+02;5.1244877e-02;3.5750000e+02;6.4640313e-02;3.5750000e+02;7.9706162e-02;3.5750000e+02;9.5606580e-02;3.5750000e+02;1.1179527e-01;3.5750000e+02;1.2169640e-01;3.5750000e+02;1.3174774e-01;3.5750000e+02;1.5513480e-01;3.5750000e+02;1.8873987e-01;3.5750000e+02;2.2529235e-01;3.5750000e+02;2.3960823e-01;3.5750000e+02;2.4310634e-01;3.5750000e+02;2.3811057e-01;3.5750000e+02;2.2550507e-01;3.5750000e+02;1.6650187e-02;3.5750000e+02;2.2055836e-02;3.5750000e+02;2.9694868e-02;3.5750000e+02;3.9489489e-02;3.5750000e+02;5.1244877e-02;3.5750000e+02;6.4640313e-02;3.5750000e+02;7.9706162e-02;3.5750000e+02;9.5606580e-02;3.5750000e+02;1.1179527e-01;3.5750000e+02;1.2169640e-01;3.5750000e+02;1.3174774e-01;3.5750000e+02;1.5513480e-01;3.5750000e+02;1.8873987e-01;3.5750000e+02;2.2529235e-01;3.5750000e+02;2.3960823e-01;3.5750000e+02;2.4310634e-01;3.5750000e+02;2.3811057e-01;3.5750000e+02;2.2550507e-01;3.5750000e+02;1.6650187e-02;3.5750000e+02;2.2055836e-02;3.5750000e+02;2.9694868e-02;3.5750000e+02;3.9489489e-02;3.5750000e+02;5.1244877e-02;3.5750000e+02;6.4640313e-02;3.5750000e+02;7.9706162e-02;3.5750000e+02;9.5606580e-02;3.5750000e+02;1.1179527e-01;3.5750000e+02;1.2169640e-01;3.5750000e+02;1.3174774e-01;3.5750000e+02;1.5513480e-01;3.5750000e+02;1.8873987e-01;3.5750000e+02;2.2529235e-01;3.5750000e+02;2.3960823e-01;3.5750000e+02;2.4310634e-01;3.5750000e+02;2.3811057e-01;3.5750000e+02;2.2550507e-01;3.5750000e+02;1.6650187e-02;3.5750000e+02;2.2055836e-02;3.5750000e+02;2.9694868e-02;3.5750000e+02;3.9489489e-02;3.5750000e+02;5.1244877e-02;3.5750000e+02;6.4640313e-02;3.5750000e+02;7.9706162e-02;3.5750000e+02;9.5606580e-02;3.5750000e+02;1.1179527e-01;3.5750000e+02;1.2169640e-01;3.5750000e+02;1.3174774e-01;3.5750000e+02;1.5513480e-01;3.5750000e+02;1.8873987e-01;3.5750000e+02;2.2529235e-01;3.5750000e+02;2.3960823e-01;3.5750000e+02;2.4310634e-01;3.5750000e+02;2.3811057e-01;3.5750000e+02;2.2550507e-01;3.5750000e+02;1.6650187e-02;3.5750000e+02;2.2055836e-02;3.5750000e+02;2.9694868e-02;3.5750000e+02;3.9489489e-02;3.5750000e+02;5.1244877e-02;3.5750000e+02;6.4640313e-02;3.5750000e+02;7.9706162e-02;3.5750000e+02;9.5606580e-02;3.5750000e+02;1.1179527e-01;3.5750000e+02;1.2169640e-01;3.5750000e+02;1.3174774e-01;3.5750000e+02;1.5513480e-01;3.5750000e+02;1.8873987e-01;3.5750000e+02;2.2529235e-01;3.5750000e+02;2.3960823e-01;3.5750000e+02;2.4310634e-01;3.5750000e+02;2.3811057e-01;3.5750000e+02;2.2550507e-01;3.5750000e+02;1.6650187e-02;3.5750000e+02;2.2055836e-02;3.5750000e+02;2.9694868e-02;3.5750000e+02;3.9489489e-02;3.5750000e+02;5.1244877e-02;3.5750000e+02;6.4640313e-02;3.5750000e+02;7.9706162e-02;3.5750000e+02;9.5606580e-02;3.5750000e+02;1.1179527e-01;3.5750000e+02;1.2169640e-01;3.5750000e+02;1.3174774e-01;3.5750000e+02;1.5513480e-01;3.5750000e+02;1.8873987e-01;3.5750000e+02;2.2529235e-01;3.5750000e+02;2.3960823e-01;3.5750000e+02;2.4310634e-01;3.5750000e+02;2.3811057e-01;3.5750000e+02;2.2550507e-01;3.5750000e+02;1.6650187e-02;3.5750000e+02;2.2055836e-02;3.5750000e+02;2.9694868e-02;3.5750000e+02;3.9489489e-02;3.5750000e+02;5.1244877e-02;3.5750000e+02;6.4640313e-02;3.5750000e+02;7.9706162e-02;3.5750000e+02;9.5606580e-02;3.5750000e+02;1.1179527e-01;3.5750000e+02;1.2169640e-01;3.5750000e+02;1.3174774e-01;3.5750000e+02;1.5513480e-01;3.5750000e+02;1.8873987e-01;3.5750000e+02;2.2529235e-01;3.5750000e+02;2.3960823e-01;3.5750000e+02;2.4310634e-01;3.5750000e+02;2.3811057e-01;3.5750000e+02;2.2550507e-01;3.5750000e+02;1.6650187e-02;3.5750000e+02;2.2055836e-02;3.5750000e+02;2.9694868e-02;3.5750000e+02;3.9489489e-02;3.5750000e+02;5.1244877e-02;3.5750000e+02;6.4640313e-02;3.5750000e+02;7.9706162e-02;3.5750000e+02;9.5606580e-02;3.5750000e+02;1.1179527e-01;3.5750000e+02;1.2169640e-01;3.5750000e+02;1.3174774e-01;3.5750000e+02;1.5513480e-01;3.5750000e+02;1.8873987e-01;3.5750000e+02;2.2529235e-01;3.5750000e+02;2.3960823e-01;3.5750000e+02;2.4310634e-01;3.5750000e+02;2.3811057e-01;3.5750000e+02;2.2550507e-01;3.5750000e+02;1.6650187e-02;3.5750000e+02;2.2055836e-02;3.5750000e+02;2.9694868e-02;3.5750000e+02;3.9489489e-02;3.5750000e+02;5.1244877e-02;3.5750000e+02;6.4640313e-02;3.5750000e+02;7.9706162e-02;3.5750000e+02;9.5606580e-02;3.5750000e+02;1.1179527e-01;3.5750000e+02;1.2169640e-01;3.5750000e+02;1.3174774e-01;3.5750000e+02;1.5513480e-01;3.5750000e+02;1.8873987e-01;3.5750000e+02;2.2529235e-01;3.5750000e+02;2.3960823e-01;3.5750000e+02;2.4310634e-01;3.5750000e+02;2.3811057e-01;3.5750000e+02;2.2550507e-01;3.5750000e+02;1.6650187e-02;3.5750000e+02;2.2055836e-02;3.5750000e+02;2.9694868e-02;3.5750000e+02;3.9489489e-02;3.5750000e+02;5.1244877e-02;3.5750000e+02;6.4640313e-02;3.5750000e+02;7.9706162e-02;3.5750000e+02;9.5606580e-02;3.5750000e+02;1.1179527e-01;3.5750000e+02;1.2169640e-01;3.5750000e+02;1.3174774e-01;3.5750000e+02;1.5513480e-01;3.5750000e+02;1.8873987e-01;3.5750000e+02;2.2529235e-01;3.5750000e+02;2.3960823e-01;3.5750000e+02;2.4310634e-01;3.5750000e+02;2.3811057e-01;3.5750000e+02;2.2550507e-01;3.5750000e+02;1.6650187e-02;3.5750000e+02;2.2055836e-02;3.5750000e+02;2.9694868e-02;3.5750000e+02;3.9489489e-02;3.5750000e+02;5.1244877e-02;3.5750000e+02;6.4640313e-02;3.5750000e+02;7.9706162e-02;3.5750000e+02;9.5606580e-02;3.5750000e+02;1.1179527e-01;3.5750000e+02;1.2169640e-01;3.5750000e+02;1.3174774e-01;3.5750000e+02;1.5513480e-01;3.5750000e+02;1.8873987e-01;3.5750000e+02;2.2529235e-01;3.5750000e+02;2.3960823e-01;3.5750000e+02;2.4310634e-01;3.5750000e+02;2.3811057e-01;3.5750000e+02;2.2550507e-01;3.5750000e+02;1.6650187e-02;3.5750000e+02;2.2055836e-02;3.5750000e+02;2.9694868e-02;3.5750000e+02;3.9489489e-02;3.5750000e+02;5.1244877e-02;3.5750000e+02;6.4640313e-02;3.5750000e+02;7.9706162e-02;3.5750000e+02;9.5606580e-02;3.5750000e+02;1.1179527e-01;3.5750000e+02;1.2169640e-01;3.5750000e+02;1.3174774e-01;3.5750000e+02;1.5513480e-01;3.5750000e+02;1.8873987e-01;3.5750000e+02;2.2529235e-01;3.5750000e+02;2.3960823e-01;3.5750000e+02;2.4310634e-01;3.5750000e+02;2.3811057e-01;3.5750000e+02;2.2550507e-01;3.5750000e+02;1.6650187e-02;3.5750000e+02;2.2055836e-02;3.5750000e+02;2.9694868e-02;3.5750000e+02;3.9489489e-02;3.5750000e+02;5.1244877e-02;3.5750000e+02;6.4640313e-02;3.5750000e+02;7.9706162e-02;3.5750000e+02;9.5606580e-02;3.5750000e+02;1.1179527e-01;3.5750000e+02;1.2169640e-01;3.5750000e+02;1.3174774e-01;3.5750000e+02;1.5513480e-01;3.5750000e+02;1.8873987e-01;3.5750000e+02;2.2529235e-01;3.5750000e+02;2.3960823e-01;3.5750000e+02;2.4310634e-01;3.5750000e+02;2.3811057e-01;3.5750000e+02;2.2550507e-01;3.5750000e+02;1.6650187e-02;3.5750000e+02;2.2055836e-02;3.5750000e+02;2.9694868e-02;3.5750000e+02;3.9489489e-02;3.5750000e+02;5.1244877e-02;3.5750000e+02;6.4640313e-02;3.5750000e+02;7.9706162e-02;3.5750000e+02;9.5606580e-02;3.5750000e+02;1.1179527e-01;3.5750000e+02;1.2169640e-01;3.5750000e+02;1.3174774e-01;3.5750000e+02;1.5513480e-01;3.5750000e+02;1.8873987e-01;3.5750000e+02;2.2529235e-01;3.5750000e+02;2.3960823e-01;3.5750000e+02;2.4310634e-01;3.5750000e+02;2.3811057e-01;3.5750000e+02;2.2550507e-01;3.5750000e+02;1.6650187e-02;3.5750000e+02;2.2055836e-02;3.5750000e+02;2.9694868e-02;3.5750000e+02;3.9489489e-02;3.5750000e+02;5.1244877e-02;3.5750000e+02;6.4640313e-02;3.5750000e+02;7.9706162e-02;3.5750000e+02;9.5606580e-02;3.5750000e+02;1.1179527e-01;3.5750000e+02;1.2169640e-01;3.5750000e+02;1.3174774e-01;3.5750000e+02;1.5513480e-01;3.5750000e+02;1.8873987e-01;3.5750000e+02;2.2529235e-01;3.5750000e+02;2.3960823e-01;3.5750000e+02;2.4310634e-01;3.5750000e+02;2.3811057e-01;3.5750000e+02;2.2550507e-01;3.5750000e+02;1.6650187e-02;3.5750000e+02;2.2055836e-02;3.5750000e+02;2.9694868e-02;3.5750000e+02;3.9489489e-02;3.5750000e+02;5.1244877e-02;3.5750000e+02;6.4640313e-02;3.5750000e+02;7.9706162e-02;3.5750000e+02;9.5606580e-02;3.5750000e+02;1.1179527e-01;3.5750000e+02;1.2169640e-01;3.5750000e+02;1.3174774e-01;3.5750000e+02;1.5513480e-01;3.5750000e+02;1.8873987e-01;3.5750000e+02;2.2529235e-01;3.5750000e+02;2.3960823e-01;3.5750000e+02;2.4310634e-01;3.5750000e+02;2.3811057e-01;3.5750000e+02;2.2550507e-01;3.5750000e+02;1.6650187e-02;3.5750000e+02;2.2055836e-02;3.5750000e+02;2.9694868e-02;3.5750000e+02;3.9489489e-02;3.5750000e+02;5.1244877e-02;3.5750000e+02;6.4640313e-02;3.5750000e+02;7.9706162e-02;3.5750000e+02;9.5606580e-02;3.5750000e+02;1.1179527e-01;3.5750000e+02;1.2169640e-01;3.5750000e+02;1.3174774e-01;3.5750000e+02;1.5513480e-01;3.5750000e+02;1.8873987e-01;3.5750000e+02;2.2529235e-01;3.5750000e+02;2.3960823e-01;3.5750000e+02;2.4310634e-01;3.5750000e+02;2.3811057e-01;3.5750000e+02;2.2550507e-01;3.5750000e+02;1.6650187e-02;3.5750000e+02;2.2055836e-02;3.5750000e+02;2.9694868e-02;3.5750000e+02;3.9489489e-02;3.5750000e+02;5.1244877e-02;3.5750000e+02;6.4640313e-02;3.5750000e+02;7.9706162e-02;3.5750000e+02;9.5606580e-02;3.5750000e+02;1.1179527e-01;3.5750000e+02;1.2169640e-01;3.5750000e+02;1.3174774e-01;3.5750000e+02;1.5513480e-01;3.5750000e+02;1.8873987e-01;3.5750000e+02;2.2529235e-01;3.5750000e+02;2.3960823e-01;3.5750000e+02;2.4310634e-01;3.5750000e+02;2.3811057e-01;3.5750000e+02;2.2550507e-01;3.5750000e+02;1.6650187e-02;3.5750000e+02;2.2055836e-02;3.5750000e+02;2.9694868e-02;3.5750000e+02;3.9489489e-02;3.5750000e+02;5.1244877e-02;3.5750000e+02;6.4640313e-02;3.5750000e+02;7.9706162e-02;3.5750000e+02;9.5606580e-02;3.5750000e+02;1.1179527e-01;3.5750000e+02;1.2169640e-01;3.5750000e+02;1.3174774e-01;3.5750000e+02;1.5513480e-01;3.5750000e+02;1.8873987e-01;3.5750000e+02;2.2529235e-01;3.5750000e+02;2.3960823e-01;3.5750000e+02;2.4310634e-01;3.5750000e+02;2.3811057e-01;3.5750000e+02;2.2550507e-01;3.5750000e+02;1.6650187e-02;3.5750000e+02;2.2055836e-02;3.5750000e+02;2.9694868e-02;3.5750000e+02;3.9489489e-02;3.5750000e+02;5.1244877e-02;3.5750000e+02;6.4640313e-02;3.5750000e+02;7.9706162e-02;3.5750000e+02;9.5606580e-02;3.5750000e+02;1.1179527e-01;3.5750000e+02;1.2169640e-01;3.5750000e+02;1.3174774e-01;3.5750000e+02;1.5513480e-01;3.5750000e+02;1.8873987e-01;3.5750000e+02;2.2529235e-01;3.5750000e+02;2.3960823e-01;3.5750000e+02;2.4310634e-01;3.5750000e+02;2.3811057e-01;3.5750000e+02;2.2550507e-01;3.5750000e+02;1.6650187e-02;3.5750000e+02;2.2055836e-02;3.5750000e+02;2.9694868e-02;3.5750000e+02;3.9489489e-02;3.5750000e+02;5.1244877e-02;3.5750000e+02;6.4640313e-02;3.5750000e+02;7.9706162e-02;3.5750000e+02;9.5606580e-02;3.5750000e+02;1.1179527e-01;3.5750000e+02;1.2169640e-01;3.5750000e+02;1.3174774e-01;3.5750000e+02;1.5513480e-01;3.5750000e+02;1.8873987e-01;3.5750000e+02;2.2529235e-01;3.5750000e+02;2.3960823e-01;3.5750000e+02;2.4310634e-01;3.5750000e+02;2.3811057e-01;3.5750000e+02;2.2550507e-01;3.5750000e+02;1.6650187e-02;3.5750000e+02;2.2055836e-02;3.5750000e+02;2.9694868e-02;3.5750000e+02;3.9489489e-02;3.5750000e+02;5.1244877e-02;3.5750000e+02;6.4640313e-02;3.5750000e+02;7.9706162e-02;3.5750000e+02;9.5606580e-02;3.5750000e+02;1.1179527e-01;3.5750000e+02;1.2169640e-01;3.5750000e+02;1.3174774e-01;3.5750000e+02;1.5513480e-01;3.5750000e+02;1.8873987e-01;3.5750000e+02;2.2529235e-01;3.5750000e+02;2.3960823e-01;3.5750000e+02;2.4310634e-01;3.5750000e+02;2.3811057e-01;3.5750000e+02;2.2550507e-01;3.5750000e+02;1.6650187e-02;3.5750000e+02;2.2055836e-02;3.5750000e+02;2.9694868e-02;3.5750000e+02;3.9489489e-02;3.5750000e+02;5.1244877e-02;3.5750000e+02;6.4640313e-02;3.5750000e+02;7.9706162e-02;3.5750000e+02;9.5606580e-02;3.5750000e+02;1.1179527e-01;3.5750000e+02;1.2169640e-01;3.5750000e+02;1.3174774e-01;3.5750000e+02;1.5513480e-01;3.5750000e+02;1.8873987e-01;3.5750000e+02;2.2529235e-01;3.5750000e+02;2.3960823e-01;3.5750000e+02;2.4310634e-01;3.5750000e+02;2.3811057e-01;3.5750000e+02;2.2550507e-01;3.5750000e+02;1.6650187e-02;3.5750000e+02;2.2055836e-02;3.5750000e+02;2.9694868e-02;3.5750000e+02;3.9489489e-02;3.5750000e+02;5.1244877e-02;3.5750000e+02;6.4640313e-02;3.5750000e+02;7.9706162e-02;3.5750000e+02;9.5606580e-02;3.5750000e+02;1.1179527e-01;3.5750000e+02;1.2169640e-01;3.5750000e+02;1.3174774e-01;3.5750000e+02;1.5513480e-01;3.5750000e+02;1.8873987e-01;3.5750000e+02;2.2529235e-01;3.5750000e+02;2.3960823e-01;3.5750000e+02;2.4310634e-01;3.5750000e+02;2.3811057e-01;3.5750000e+02;2.2550507e-01;3.5750000e+02;1.6650187e-02;3.5750000e+02;2.2055836e-02;3.5750000e+02;2.9694868e-02;3.5750000e+02;3.9489489e-02;3.5750000e+02;5.1244877e-02;3.5750000e+02;6.4640313e-02;3.5750000e+02;7.9706162e-02;3.5750000e+02;9.5606580e-02;3.5750000e+02;1.1179527e-01;3.5750000e+02;1.2169640e-01;3.5750000e+02;1.3174774e-01;3.5750000e+02;1.5513480e-01;3.5750000e+02;1.8873987e-01;3.5750000e+02;2.2529235e-01;3.5750000e+02;2.3960823e-01;3.5750000e+02;2.4310634e-01;3.5750000e+02;2.3811057e-01;3.5750000e+02;2.2550507e-01;3.5750000e+02;1.6650187e-02;3.5750000e+02;2.2055836e-02;3.5750000e+02;2.9694868e-02;3.5750000e+02;3.9489489e-02;3.5750000e+02;5.1244877e-02;3.5750000e+02;6.4640313e-02;3.5750000e+02;7.9706162e-02;3.5750000e+02;9.5606580e-02;3.5750000e+02;1.1179527e-01;3.5750000e+02;1.2169640e-01;3.5750000e+02;1.3174774e-01;3.5750000e+02;1.5513480e-01;3.5750000e+02;1.8873987e-01;3.5750000e+02;2.2529235e-01;3.5750000e+02;2.3960823e-01;3.5750000e+02;2.4310634e-01;3.5750000e+02;2.3811057e-01;3.5750000e+02;2.2550507e-01;3.5750000e+02;1.6650187e-02;3.5750000e+02;2.2055836e-02;3.5750000e+02;2.9694868e-02;3.5750000e+02;3.9489489e-02;3.5750000e+02;5.1244877e-02;3.5750000e+02;6.4640313e-02;3.5750000e+02;7.9706162e-02;3.5750000e+02;9.5606580e-02;3.5750000e+02;1.1179527e-01;3.5750000e+02;1.2169640e-01;3.5750000e+02;1.3174774e-01;3.5750000e+02;1.5513480e-01;3.5750000e+02;1.8873987e-01;3.5750000e+02;2.2529235e-01;3.5750000e+02;2.3960823e-01;3.5750000e+02;2.4310634e-01;3.5750000e+02;2.3811057e-01;3.5750000e+02;2.2550507e-01;3.5750000e+02;1.6650187e-02;3.5750000e+02;2.2055836e-02;3.5750000e+02;2.9694868e-02;3.5750000e+02;3.9489489e-02;3.5750000e+02;5.1244877e-02;3.5750000e+02;6.4640313e-02;3.5750000e+02;7.9706162e-02;3.5750000e+02;9.5606580e-02;3.5750000e+02;1.1179527e-01;3.5750000e+02;1.2169640e-01;3.5750000e+02;1.3174774e-01;3.5750000e+02;1.5513480e-01;3.5750000e+02;1.8873987e-01;3.5750000e+02;2.2529235e-01;3.5750000e+02;2.3960823e-01;3.5750000e+02;2.4310634e-01;3.5750000e+02;2.3811057e-01;3.5750000e+02;2.2550507e-01;3.5750000e+02;1.6650187e-02;3.5750000e+02;2.2055836e-02;3.5750000e+02;2.9694868e-02;3.5750000e+02;3.9489489e-02;3.5750000e+02;5.1244877e-02;3.5750000e+02;6.4640313e-02;3.5750000e+02;7.9706162e-02;3.5750000e+02;9.5606580e-02;3.5750000e+02;1.1179527e-01;3.5750000e+02;1.2169640e-01;3.5750000e+02;1.3174774e-01;3.5750000e+02;1.5513480e-01;3.5750000e+02;1.8873987e-01;3.5750000e+02;2.2529235e-01;3.5750000e+02;2.3960823e-01;3.5750000e+02;2.4310634e-01;3.5750000e+02;2.3811057e-01;3.5750000e+02;2.2550507e-01;3.5750000e+02;1.6650187e-02;3.5750000e+02;2.2055836e-02;3.5750000e+02;2.9694868e-02;3.5750000e+02;3.9489489e-02;3.5750000e+02;5.1244877e-02;3.5750000e+02;6.4640313e-02;3.5750000e+02;7.9706162e-02;3.5750000e+02;9.5606580e-02;3.5750000e+02;1.1179527e-01;3.5750000e+02;1.2169640e-01;3.5750000e+02;1.3174774e-01;3.5750000e+02;1.5513480e-01;3.5750000e+02;1.8873987e-01;3.5750000e+02;2.2529235e-01;3.5750000e+02;2.3960823e-01;3.5750000e+02;2.4310634e-01;3.5750000e+02;2.3811057e-01;3.5750000e+02;2.2550507e-01;3.5750000e+02;1.6650187e-02;3.5750000e+02;2.2055836e-02;3.5750000e+02;2.9694868e-02;3.5750000e+02;3.9489489e-02;3.5750000e+02;5.1244877e-02;3.5750000e+02;6.4640313e-02;3.5750000e+02;7.9706162e-02;3.5750000e+02;9.5606580e-02;3.5750000e+02;1.1179527e-01;3.5750000e+02;1.2169640e-01;3.5750000e+02;1.3174774e-01;3.5750000e+02;1.5513480e-01;3.5750000e+02;1.8873987e-01;3.5750000e+02;2.2529235e-01;3.5750000e+02;2.3960823e-01;3.5750000e+02;2.4310634e-01;3.5750000e+02;2.3811057e-01;3.5750000e+02;2.2550507e-01;3.5750000e+02;1.6650187e-02;3.5750000e+02;2.2055836e-02;3.5750000e+02;2.9694868e-02;3.5750000e+02;3.9489489e-02;3.5750000e+02;5.1244877e-02;3.5750000e+02;6.4640313e-02;3.5750000e+02;7.9706162e-02;3.5750000e+02;9.5606580e-02;3.5750000e+02;1.1179527e-01;3.5750000e+02;1.2169640e-01;3.5750000e+02;1.3174774e-01;3.5750000e+02;1.5513480e-01;3.5750000e+02;1.8873987e-01;3.5750000e+02;2.2529235e-01;3.5750000e+02;2.3960823e-01;3.5750000e+02;2.4310634e-01;3.5750000e+02;2.3811057e-01;3.5750000e+02;2.2550507e-01;3.5750000e+02;1.6650187e-02;3.5750000e+02;2.2055836e-02;3.5750000e+02;2.9694868e-02;3.5750000e+02;3.9489489e-02;3.5750000e+02;5.1244877e-02;3.5750000e+02;6.4640313e-02;3.5750000e+02;7.9706162e-02;3.5750000e+02;9.5606580e-02;3.5750000e+02;1.1179527e-01;3.5750000e+02;1.2169640e-01;3.5750000e+02;1.3174774e-01;3.5750000e+02;1.5513480e-01;3.5750000e+02;1.8873987e-01;3.5750000e+02;2.2529235e-01;3.5750000e+02;2.3960823e-01;3.5750000e+02;2.4310634e-01;3.5750000e+02;2.3811057e-01;3.5750000e+02;2.2550507e-01;3.5750000e+02;1.6650187e-02;3.5750000e+02;2.2055836e-02;3.5750000e+02;2.9694868e-02;3.5750000e+02;3.9489489e-02;3.5750000e+02;5.1244877e-02;3.5750000e+02;6.4640313e-02;3.5750000e+02;7.9706162e-02;3.5750000e+02;9.5606580e-02;3.5750000e+02;1.1179527e-01;3.5750000e+02;1.2169640e-01;3.5750000e+02;1.3174774e-01;3.5750000e+02;1.5513480e-01;3.5750000e+02;1.8873987e-01;3.5750000e+02;2.2529235e-01;3.5750000e+02;2.3960823e-01;3.5750000e+02;2.4310634e-01;3.5750000e+02;2.3811057e-01;3.5750000e+02;2.2550507e-01;3.5750000e+02;1.6650187e-02;3.5750000e+02;2.2055836e-02;3.5750000e+02;2.9694868e-02;3.5750000e+02;3.9489489e-02;3.5750000e+02;5.1244877e-02;3.5750000e+02;6.4640313e-02;3.5750000e+02;7.9706162e-02;3.5750000e+02;9.5606580e-02;3.5750000e+02;1.1179527e-01;3.5750000e+02;1.2169640e-01;3.5750000e+02;1.3174774e-01;3.5750000e+02;1.5513480e-01;3.5750000e+02;1.8873987e-01;3.5750000e+02;2.2529235e-01;3.5750000e+02;2.3960823e-01;3.5750000e+02;2.4310634e-01;3.5750000e+02;2.3811057e-01;3.5750000e+02;2.2550507e-01;3.5750000e+02;1.6650187e-02;3.5750000e+02;2.2055836e-02;3.5750000e+02;2.9694868e-02;3.5750000e+02;3.9489489e-02;3.5750000e+02;5.1244877e-02;3.5750000e+02;6.4640313e-02;3.5750000e+02;7.9706162e-02;3.5750000e+02;9.5606580e-02;3.5750000e+02;1.1179527e-01;3.5750000e+02;1.2169640e-01;3.5750000e+02;1.3174774e-01;3.5750000e+02;1.5513480e-01;3.5750000e+02;1.8873987e-01;3.5750000e+02;2.2529235e-01;3.5750000e+02;2.3960823e-01;3.5750000e+02;2.4310634e-01;3.5750000e+02;2.3811057e-01;3.5750000e+02;2.2550507e-01;3.5750000e+02;1.6650187e-02;3.5750000e+02;2.2055836e-02;3.5750000e+02;2.9694868e-02;3.5750000e+02;3.9489489e-02;3.5750000e+02;5.1244877e-02;3.5750000e+02;6.4640313e-02;3.5750000e+02;7.9706162e-02;3.5750000e+02;9.5606580e-02;3.5750000e+02;1.1179527e-01;3.5750000e+02;1.2169640e-01;3.5750000e+02;1.3174774e-01;3.5750000e+02;1.5513480e-01;3.5750000e+02;1.8873987e-01;3.5750000e+02;2.2529235e-01;3.5750000e+02;2.3960823e-01;3.5750000e+02;2.4310634e-01;3.5750000e+02;2.3811057e-01;3.5750000e+02;2.2550507e-01;3.5750000e+02;1.6650187e-02;3.5750000e+02;2.2055836e-02;3.5750000e+02;2.9694868e-02;3.5750000e+02;3.9489489e-02;3.5750000e+02;5.1244877e-02;3.5750000e+02;6.4640313e-02;3.5750000e+02;7.9706162e-02;3.5750000e+02;9.5606580e-02;3.5750000e+02;1.1179527e-01;3.5750000e+02;1.2169640e-01;3.5750000e+02;1.3174774e-01;3.5750000e+02;1.5513480e-01;3.5750000e+02;1.8873987e-01;3.5750000e+02;2.2529235e-01;3.5750000e+02;2.3960823e-01;3.5750000e+02;2.4310634e-01;3.5750000e+02;2.3811057e-01;3.5750000e+02;2.2550507e-01;3.5750000e+02;1.6650187e-02;3.5750000e+02;2.2055836e-02;3.5750000e+02;2.9694868e-02;3.5750000e+02;3.9489489e-02;3.5750000e+02;5.1244877e-02;3.5750000e+02;6.4640313e-02;3.5750000e+02;7.9706162e-02;3.5750000e+02;9.5606580e-02;3.5750000e+02;1.1179527e-01;3.5750000e+02;1.2169640e-01;3.5750000e+02;1.3174774e-01;3.5750000e+02;1.5513480e-01;3.5750000e+02;1.8873987e-01;3.5750000e+02;2.2529235e-01;3.5750000e+02;2.3960823e-01;3.5750000e+02;2.4310634e-01;3.5750000e+02;2.3811057e-01;3.5750000e+02;2.2550507e-01;3.5750000e+02;1.6650187e-02;3.5750000e+02;2.2055836e-02;3.5750000e+02;2.9694868e-02;3.5750000e+02;3.9489489e-02;3.5750000e+02;5.1244877e-02;3.5750000e+02;6.4640313e-02;3.5750000e+02;7.9706162e-02;3.5750000e+02;9.5606580e-02;3.5750000e+02;1.1179527e-01;3.5750000e+02;1.2169640e-01;3.5750000e+02;1.3174774e-01;3.5750000e+02;1.5513480e-01;3.5750000e+02;1.8873987e-01;3.5750000e+02;2.2529235e-01;3.5750000e+02;2.3960823e-01;3.5750000e+02;2.4310634e-01;3.5750000e+02;2.3811057e-01;3.5750000e+02;2.2550507e-01;3.5750000e+02;1.6650187e-02;3.5750000e+02;2.2055836e-02;3.5750000e+02;2.9694868e-02;3.5750000e+02;3.9489489e-02;3.5750000e+02;5.1244877e-02;3.5750000e+02;6.4640313e-02;3.5750000e+02;7.9706162e-02;3.5750000e+02;9.5606580e-02;3.5750000e+02;1.1179527e-01;3.5750000e+02;1.2169640e-01;3.5750000e+02;1.3174774e-01;3.5750000e+02;1.5513480e-01;3.5750000e+02;1.8873987e-01;3.5750000e+02;2.2529235e-01;3.5750000e+02;2.3960823e-01;3.5750000e+02;2.4310634e-01;3.5750000e+02;2.3811057e-01;3.5750000e+02;2.2550507e-01;3.5750000e+02;1.6650187e-02;3.5750000e+02;2.2055836e-02;3.5750000e+02;2.9694868e-02;3.5750000e+02;3.9489489e-02;3.5750000e+02;5.1244877e-02;3.5750000e+02;6.4640313e-02;3.5750000e+02;7.9706162e-02;3.5750000e+02;9.5606580e-02;3.5750000e+02;1.1179527e-01;3.5750000e+02;1.2169640e-01;3.5750000e+02;1.3174774e-01;3.5750000e+02;1.5513480e-01;3.5750000e+02;1.8873987e-01;3.5750000e+02;2.2529235e-01;3.5750000e+02;2.3960823e-01;3.5750000e+02;2.4310634e-01;3.5750000e+02;2.3811057e-01;3.5750000e+02;2.2550507e-01;3.5750000e+02;1.6650187e-02;3.5750000e+02;2.2055836e-02;3.5750000e+02;2.9694868e-02;3.5750000e+02;3.9489489e-02;3.5750000e+02;5.1244877e-02;3.5750000e+02;6.4640313e-02;3.5750000e+02;7.9706162e-02;3.5750000e+02;9.5606580e-02;3.5750000e+02;1.1179527e-01;3.5750000e+02;1.2169640e-01;3.5750000e+02;1.3174774e-01;3.5750000e+02;1.5513480e-01;3.5750000e+02;1.8873987e-01;3.5750000e+02;2.2529235e-01;3.5750000e+02;2.3960823e-01;3.5750000e+02;2.4310634e-01;3.5750000e+02;2.3811057e-01;3.5750000e+02;2.2550507e-01;3.5750000e+02;1.6650187e-02;3.5750000e+02;2.2055836e-02;3.5750000e+02;2.9694868e-02;3.5750000e+02;3.9489489e-02;3.5750000e+02;5.1244877e-02;3.5750000e+02;6.4640313e-02;3.5750000e+02;7.9706162e-02;3.5750000e+02;9.5606580e-02;3.5750000e+02;1.1179527e-01;3.5750000e+02;1.2169640e-01;3.5750000e+02;1.3174774e-01;3.5750000e+02;1.5513480e-01;3.5750000e+02;1.8873987e-01;3.5750000e+02;2.2529235e-01;3.5750000e+02;2.3960823e-01;3.5750000e+02;2.4310634e-01;3.5750000e+02;2.3811057e-01;3.5750000e+02;2.2550507e-01;3.5750000e+02;1.6650187e-02;3.5750000e+02;2.2055836e-02;3.5750000e+02;2.9694868e-02;3.5750000e+02;3.9489489e-02;3.5750000e+02;5.1244877e-02;3.5750000e+02;6.4640313e-02;3.5750000e+02;7.9706162e-02;3.5750000e+02;9.5606580e-02;3.5750000e+02;1.1179527e-01;3.5750000e+02;1.2169640e-01;3.5750000e+02;1.3174774e-01;3.5750000e+02;1.5513480e-01;3.5750000e+02;1.8873987e-01;3.5750000e+02;2.2529235e-01;3.5750000e+02;2.3960823e-01;3.5750000e+02;2.4310634e-01;3.5750000e+02;2.3811057e-01;3.5750000e+02;2.2550507e-01;3.5750000e+02;1.6650187e-02;3.5750000e+02;2.2055836e-02;3.5750000e+02;2.9694868e-02;3.5750000e+02;3.9489489e-02;3.5750000e+02;5.1244877e-02;3.5750000e+02;6.4640313e-02;3.5750000e+02;7.9706162e-02;3.5750000e+02;9.5606580e-02;3.5750000e+02;1.1179527e-01;3.5750000e+02;1.2169640e-01;3.5750000e+02;1.3174774e-01;3.5750000e+02;1.5513480e-01;3.5750000e+02;1.8873987e-01;3.5750000e+02;2.2529235e-01;3.5750000e+02;2.3960823e-01;3.5750000e+02;2.4310634e-01;3.5750000e+02;2.3811057e-01;3.5750000e+02;2.2550507e-01;3.5750000e+02;1.6650187e-02;3.5750000e+02;2.2055836e-02;3.5750000e+02;2.9694868e-02;3.5750000e+02;3.9489489e-02;3.5750000e+02;5.1244877e-02;3.5750000e+02;6.4640313e-02;3.5750000e+02;7.9706162e-02;3.5750000e+02;9.5606580e-02;3.5750000e+02;1.1179527e-01;3.5750000e+02;1.2169640e-01;3.5750000e+02;1.3174774e-01;3.5750000e+02;1.5513480e-01;3.5750000e+02;1.8873987e-01;3.5750000e+02;2.2529235e-01;3.5750000e+02;2.3960823e-01;3.5750000e+02;2.4310634e-01;3.5750000e+02;2.3811057e-01;3.5750000e+02;2.2550507e-01;3.5750000e+02;1.6650187e-02;3.5750000e+02;2.2055836e-02;3.5750000e+02;2.9694868e-02;3.5750000e+02;3.9489489e-02;3.5750000e+02;5.1244877e-02;3.5750000e+02;6.4640313e-02;3.5750000e+02;7.9706162e-02;3.5750000e+02;9.5606580e-02;3.5750000e+02;1.1179527e-01;3.5750000e+02;1.2169640e-01;3.5750000e+02;1.3174774e-01;3.5750000e+02;1.5513480e-01;3.5750000e+02;1.8873987e-01;3.5750000e+02;2.2529235e-01;3.5750000e+02;2.3960823e-01;3.5750000e+02;2.4310634e-01;3.5750000e+02;2.3811057e-01;3.5750000e+02;2.2550507e-01;3.5750000e+02;1.6650187e-02;3.5750000e+02;2.2055836e-02;3.5750000e+02;2.9694868e-02;3.5750000e+02;3.9489489e-02;3.5750000e+02;5.1244877e-02;3.5750000e+02;6.4640313e-02;3.5750000e+02;7.9706162e-02;3.5750000e+02;9.5606580e-02;3.5750000e+02;1.1179527e-01;3.5750000e+02;1.2169640e-01;3.5750000e+02;1.3174774e-01;3.5750000e+02;1.5513480e-01;3.5750000e+02;1.8873987e-01;3.5750000e+02;2.2529235e-01;3.5750000e+02;2.3960823e-01;3.5750000e+02;2.4310634e-01;3.5750000e+02;2.3811057e-01;3.5750000e+02;2.2550507e-01;3.5750000e+02;1.6650187e-02;3.5750000e+02;2.2055836e-02;3.5750000e+02;2.9694868e-02;3.5750000e+02;3.9489489e-02;3.5750000e+02;5.1244877e-02;3.5750000e+02;6.4640313e-02;3.5750000e+02;7.9706162e-02;3.5750000e+02;9.5606580e-02;3.5750000e+02;1.1179527e-01;3.5750000e+02;1.2169640e-01;3.5750000e+02;1.3174774e-01;3.5750000e+02;1.5513480e-01;3.5750000e+02;1.8873987e-01;3.5750000e+02;2.2529235e-01;3.5750000e+02;2.3960823e-01;3.5750000e+02;2.4310634e-01;3.5750000e+02;2.3811057e-01;3.5750000e+02;2.2550507e-01;3.5750000e+02;1.6650187e-02;3.5750000e+02;2.2055836e-02;3.5750000e+02;2.9694868e-02;3.5750000e+02;3.9489489e-02;3.5750000e+02;5.1244877e-02;3.5750000e+02;6.4640313e-02;3.5750000e+02;7.9706162e-02;3.5750000e+02;9.5606580e-02;3.5750000e+02;1.1179527e-01;3.5750000e+02;1.2169640e-01;3.5750000e+02;1.3174774e-01;3.5750000e+02;1.5513480e-01;3.5750000e+02;1.8873987e-01;3.5750000e+02;2.2529235e-01;3.5750000e+02;2.3960823e-01;3.5750000e+02;2.4310634e-01;3.5750000e+02;2.3811057e-01;3.5750000e+02;2.2550507e-01;3.5750000e+02;1.6650187e-02;3.5750000e+02;2.2055836e-02;3.5750000e+02;2.9694868e-02;3.5750000e+02;3.9489489e-02;3.5750000e+02;5.1244877e-02;3.5750000e+02;6.4640313e-02;3.5750000e+02;7.9706162e-02;3.5750000e+02;9.5606580e-02;3.5750000e+02;1.1179527e-01;3.5750000e+02;1.2169640e-01;3.5750000e+02;1.3174774e-01;3.5750000e+02;1.5513480e-01;3.5750000e+02;1.8873987e-01;3.5750000e+02;2.2529235e-01;3.5750000e+02;2.3960823e-01;3.5750000e+02;2.4310634e-01;3.5750000e+02;2.3811057e-01;3.5750000e+02;2.2550507e-01
