# Export File Created with QBlade CE v2.0.9.7b_beta windows on 16.08.2026 at 01:13:22
Blade_NACA_0021_Circ70_Sol1.10 Simulation 3.13;Blade_NACA_0021_Circ70_Sol1.10 Simulation 3.13;Blade_NACA_0021_Circ70_Sol1.10 Simulation 3.13;Blade_NACA_0021_Circ70_Sol1.10 Simulation 3.13;Blade_NACA_0021_Circ70_Sol1.10 Simulation 3.13;Blade_NACA_0021_Circ70_Sol1.10 Simulation 3.13;Blade_NACA_0021_Circ70_Sol1.10 Simulation 3.13;Blade_NACA_0021_Circ70_Sol1.10 Simulation 3.13;Blade_NACA_0021_Circ70_Sol1.10 Simulation 3.13;Blade_NACA_0021_Circ70_Sol1.10 Simulation 3.13;Blade_NACA_0021_Circ70_Sol1.10 Simulation 3.13;Blade_NACA_0021_Circ70_Sol1.10 Simulation 3.13;Blade_NACA_0021_Circ70_Sol1.10 Simulation 3.13;Blade_NACA_0021_Circ70_Sol1.10 Simulation 3.13;Blade_NACA_0021_Circ70_Sol1.10 Simulation 3.13;Blade_NACA_0021_Circ70_Sol1.10 Simulation 3.13;Blade_NACA_0021_Circ70_Sol1.10 Simulation 3.13;Blade_NACA_0021_Circ70_Sol1.10 Simulation 3.13;Blade_NACA_0021_Circ70_Sol1.10 Simulation 3.13;Blade_NACA_0021_Circ70_Sol1.10 Simulation 3.13;Blade_NACA_0021_Circ70_Sol1.10 Simulation 3.13;Blade_NACA_0021_Circ70_Sol1.10 Simulation 3.13;Blade_NACA_0021_Circ70_Sol1.10 Simulation 3.13;Blade_NACA_0021_Circ70_Sol1.10 Simulation 3.13;Blade_NACA_0021_Circ70_Sol1.10 Simulation 3.13;Blade_NACA_0021_Circ70_Sol1.10 Simulation 3.13;Blade_NACA_0021_Circ70_Sol1.10 Simulation 3.13;Blade_NACA_0021_Circ70_Sol1.10 Simulation 3.13;Blade_NACA_0021_Circ70_Sol1.10 Simulation 3.13;Blade_NACA_0021_Circ70_Sol1.10 Simulation 3.13;Blade_NACA_0021_Circ70_Sol1.10 Simulation 3.13;Blade_NACA_0021_Circ70_Sol1.10 Simulation 3.13;Blade_NACA_0021_Circ70_Sol1.10 Simulation 3.13;Blade_NACA_0021_Circ70_Sol1.10 Simulation 3.13;Blade_NACA_0021_Circ70_Sol1.10 Simulation 3.13;Blade_NACA_0021_Circ70_Sol1.10 Simulation 3.13;Blade_NACA_0021_Circ70_Sol1.10 Simulation 3.13;Blade_NACA_0021_Circ70_Sol1.10 Simulation 3.13;Blade_NACA_0021_Circ70_Sol1.10 Simulation 3.13;Blade_NACA_0021_Circ70_Sol1.10 Simulation 3.13;Blade_NACA_0021_Circ70_Sol1.10 Simulation 3.13;Blade_NACA_0021_Circ70_Sol1.10 Simulation 3.13;Blade_NACA_0021_Circ70_Sol1.10 Simulation 3.13;Blade_NACA_0021_Circ70_Sol1.10 Simulation 3.13;Blade_NACA_0021_Circ70_Sol1.10 Simulation 3.13;Blade_NACA_0021_Circ70_Sol1.10 Simulation 3.13;Blade_NACA_0021_Circ70_Sol1.10 Simulation 3.13;Blade_NACA_0021_Circ70_Sol1.10 Simulation 3.13;Blade_NACA_0021_Circ70_Sol1.10 Simulation 3.13;Blade_NACA_0021_Circ70_Sol1.10 Simulation 3.13;Blade_NACA_0021_Circ70_Sol1.10 Simulation 3.13;Blade_NACA_0021_Circ70_Sol1.10 Simulation 3.13;Blade_NACA_0021_Circ70_Sol1.10 Simulation 3.13;Blade_NACA_0021_Circ70_Sol1.10 Simulation 3.13;Blade_NACA_0021_Circ70_Sol1.10 Simulation 3.13;Blade_NACA_0021_Circ70_Sol1.10 Simulation 3.13;Blade_NACA_0021_Circ70_Sol1.10 Simulation 3.13;Blade_NACA_0021_Circ70_Sol1.10 Simulation 3.13;Blade_NACA_0021_Circ70_Sol1.10 Simulation 3.13;Blade_NACA_0021_Circ70_Sol1.10 Simulation 3.13;Blade_NACA_0021_Circ70_Sol1.10 Simulation 3.13;Blade_NACA_0021_Circ70_Sol1.10 Simulation 3.13;Blade_NACA_0021_Circ70_Sol1.10 Simulation 3.13;Blade_NACA_0021_Circ70_Sol1.10 Simulation 3.13;Blade_NACA_0021_Circ70_Sol1.10 Simulation 3.13;Blade_NACA_0021_Circ70_Sol1.10 Simulation 3.13;Blade_NACA_0021_Circ70_Sol1.10 Simulation 3.13;Blade_NACA_0021_Circ70_Sol1.10 Simulation 3.13;Blade_NACA_0021_Circ70_Sol1.10 Simulation 3.13;Blade_NACA_0021_Circ70_Sol1.10 Simulation 3.13;Blade_NACA_0021_Circ70_Sol1.10 Simulation 3.13;Blade_NACA_0021_Circ70_Sol1.10 Simulation 3.13;Blade_NACA_0021_Circ70_Sol1.10 Simulation 3.13;Blade_NACA_0021_Circ70_Sol1.10 Simulation 3.13;Blade_NACA_0021_Circ70_Sol1.10 Simulation 3.13;Blade_NACA_0021_Circ70_Sol1.10 Simulation 3.13;Blade_NACA_0021_Circ70_Sol1.10 Simulation 3.13;Blade_NACA_0021_Circ70_Sol1.10 Simulation 3.13;Blade_NACA_0021_Circ70_Sol1.10 Simulation 3.13;Blade_NACA_0021_Circ70_Sol1.10 Simulation 3.13;Blade_NACA_0021_Circ70_Sol1.10 Simulation 3.13;Blade_NACA_0021_Circ70_Sol1.10 Simulation 3.13;Blade_NACA_0021_Circ70_Sol1.10 Simulation 3.13;Blade_NACA_0021_Circ70_Sol1.10 Simulation 3.13;Blade_NACA_0021_Circ70_Sol1.10 Simulation 3.13;Blade_NACA_0021_Circ70_Sol1.10 Simulation 3.13;Blade_NACA_0021_Circ70_Sol1.10 Simulation 3.13;Blade_NACA_0021_Circ70_Sol1.10 Simulation 3.13;Blade_NACA_0021_Circ70_Sol1.10 Simulation 3.13;Blade_NACA_0021_Circ70_Sol1.10 Simulation 3.13;Blade_NACA_0021_Circ70_Sol1.10 Simulation 3.13;Blade_NACA_0021_Circ70_Sol1.10 Simulation 3.13;Blade_NACA_0021_Circ70_Sol1.10 Simulation 3.13;Blade_NACA_0021_Circ70_Sol1.10 Simulation 3.13;Blade_NACA_0021_Circ70_Sol1.10 Simulation 3.13;Blade_NACA_0021_Circ70_Sol1.10 Simulation 3.13;Blade_NACA_0021_Circ70_Sol1.10 Simulation 3.13;Blade_NACA_0021_Circ70_Sol1.10 Simulation 3.13;Blade_NACA_0021_Circ70_Sol1.10 Simulation 3.13;Blade_NACA_0021_Circ70_Sol1.10 Simulation 3.13;Blade_NACA_0021_Circ70_Sol1.10 Simulation 3.13;Blade_NACA_0021_Circ70_Sol1.10 Simulation 3.13;Blade_NACA_0021_Circ70_Sol1.10 Simulation 3.13;Blade_NACA_0021_Circ70_Sol1.10 Simulation 3.13;Blade_NACA_0021_Circ70_Sol1.10 Simulation 3.13;Blade_NACA_0021_Circ70_Sol1.10 Simulation 3.13;Blade_NACA_0021_Circ70_Sol1.10 Simulation 3.13;Blade_NACA_0021_Circ70_Sol1.10 Simulation 3.13;Blade_NACA_0021_Circ70_Sol1.10 Simulation 3.13;Blade_NACA_0021_Circ70_Sol1.10 Simulation 3.13;Blade_NACA_0021_Circ70_Sol1.10 Simulation 3.13;Blade_NACA_0021_Circ70_Sol1.10 Simulation 3.13;Blade_NACA_0021_Circ70_Sol1.10 Simulation 3.13;Blade_NACA_0021_Circ70_Sol1.10 Simulation 3.13;Blade_NACA_0021_Circ70_Sol1.10 Simulation 3.13;Blade_NACA_0021_Circ70_Sol1.10 Simulation 3.13;Blade_NACA_0021_Circ70_Sol1.10 Simulation 3.13;Blade_NACA_0021_Circ70_Sol1.10 Simulation 3.13;Blade_NACA_0021_Circ70_Sol1.10 Simulation 3.13;Blade_NACA_0021_Circ70_Sol1.10 Simulation 3.13;Blade_NACA_0021_Circ70_Sol1.10 Simulation 3.13;Blade_NACA_0021_Circ70_Sol1.10 Simulation 3.13;Blade_NACA_0021_Circ70_Sol1.10 Simulation 3.13;Blade_NACA_0021_Circ70_Sol1.10 Simulation 3.13;Blade_NACA_0021_Circ70_Sol1.10 Simulation 3.13;Blade_NACA_0021_Circ70_Sol1.10 Simulation 3.13;Blade_NACA_0021_Circ70_Sol1.10 Simulation 3.13;Blade_NACA_0021_Circ70_Sol1.10 Simulation 3.13;Blade_NACA_0021_Circ70_Sol1.10 Simulation 3.13;Blade_NACA_0021_Circ70_Sol1.10 Simulation 3.13;Blade_NACA_0021_Circ70_Sol1.10 Simulation 3.13;Blade_NACA_0021_Circ70_Sol1.10 Simulation 3.13;Blade_NACA_0021_Circ70_Sol1.10 Simulation 3.13;Blade_NACA_0021_Circ70_Sol1.10 Simulation 3.13;Blade_NACA_0021_Circ70_Sol1.10 Simulation 3.13;Blade_NACA_0021_Circ70_Sol1.10 Simulation 3.13;Blade_NACA_0021_Circ70_Sol1.10 Simulation 3.13;Blade_NACA_0021_Circ70_Sol1.10 Simulation 3.13;Blade_NACA_0021_Circ70_Sol1.10 Simulation 3.13;Blade_NACA_0021_Circ70_Sol1.10 Simulation 3.13;Blade_NACA_0021_Circ70_Sol1.10 Simulation 3.13;Blade_NACA_0021_Circ70_Sol1.10 Simulation 3.13;Blade_NACA_0021_Circ70_Sol1.10 Simulation 3.13;Blade_NACA_0021_Circ70_Sol1.10 Simulation 3.13;Blade_NACA_0021_Circ70_Sol1.10 Simulation 3.13;Blade_NACA_0021_Circ70_Sol1.10 Simulation 3.13;Blade_NACA_0021_Circ70_Sol1.10 Simulation 3.13;Blade_NACA_0021_Circ70_Sol1.10 Simulation 3.13;Blade_NACA_0021_Circ70_Sol1.10 Simulation 3.13;Blade_NACA_0021_Circ70_Sol1.10 Simulation 3.13;Blade_NACA_0021_Circ70_Sol1.10 Simulation 3.13;Blade_NACA_0021_Circ70_Sol1.10 Simulation 3.13;Blade_NACA_0021_Circ70_Sol1.10 Simulation 3.13;Blade_NACA_0021_Circ70_Sol1.10 Simulation 3.13;Blade_NACA_0021_Circ70_Sol1.10 Simulation 3.13;Blade_NACA_0021_Circ70_Sol1.10 Simulation 3.13;Blade_NACA_0021_Circ70_Sol1.10 Simulation 3.13;Blade_NACA_0021_Circ70_Sol1.10 Simulation 3.13;Blade_NACA_0021_Circ70_Sol1.10 Simulation 3.13;Blade_NACA_0021_Circ70_Sol1.10 Simulation 3.13;Blade_NACA_0021_Circ70_Sol1.10 Simulation 3.13;Blade_NACA_0021_Circ70_Sol1.10 Simulation 3.13;Blade_NACA_0021_Circ70_Sol1.10 Simulation 3.13;Blade_NACA_0021_Circ70_Sol1.10 Simulation 3.13;Blade_NACA_0021_Circ70_Sol1.10 Simulation 3.13;Blade_NACA_0021_Circ70_Sol1.10 Simulation 3.13;Blade_NACA_0021_Circ70_Sol1.10 Simulation 3.13;Blade_NACA_0021_Circ70_Sol1.10 Simulation 3.13;Blade_NACA_0021_Circ70_Sol1.10 Simulation 3.13;Blade_NACA_0021_Circ70_Sol1.10 Simulation 3.13;Blade_NACA_0021_Circ70_Sol1.10 Simulation 3.13;Blade_NACA_0021_Circ70_Sol1.10 Simulation 3.13;Blade_NACA_0021_Circ70_Sol1.10 Simulation 3.13;Blade_NACA_0021_Circ70_Sol1.10 Simulation 3.13;Blade_NACA_0021_Circ70_Sol1.10 Simulation 3.13;Blade_NACA_0021_Circ70_Sol1.10 Simulation 3.13;Blade_NACA_0021_Circ70_Sol1.10 Simulation 3.13;Blade_NACA_0021_Circ70_Sol1.10 Simulation 3.13;Blade_NACA_0021_Circ70_Sol1.10 Simulation 3.13;Blade_NACA_0021_Circ70_Sol1.10 Simulation 3.13;Blade_NACA_0021_Circ70_Sol1.10 Simulation 3.13;Blade_NACA_0021_Circ70_Sol1.10 Simulation 3.13;Blade_NACA_0021_Circ70_Sol1.10 Simulation 3.13;Blade_NACA_0021_Circ70_Sol1.10 Simulation 3.13;Blade_NACA_0021_Circ70_Sol1.10 Simulation 3.13;Blade_NACA_0021_Circ70_Sol1.10 Simulation 3.13;Blade_NACA_0021_Circ70_Sol1.10 Simulation 3.13;Blade_NACA_0021_Circ70_Sol1.10 Simulation 3.13;Blade_NACA_0021_Circ70_Sol1.10 Simulation 3.13;Blade_NACA_0021_Circ70_Sol1.10 Simulation 3.13;Blade_NACA_0021_Circ70_Sol1.10 Simulation 3.13;Blade_NACA_0021_Circ70_Sol1.10 Simulation 3.13;Blade_NACA_0021_Circ70_Sol1.10 Simulation 3.13;Blade_NACA_0021_Circ70_Sol1.10 Simulation 3.13;Blade_NACA_0021_Circ70_Sol1.10 Simulation 3.13;Blade_NACA_0021_Circ70_Sol1.10 Simulation 3.13;Blade_NACA_0021_Circ70_Sol1.10 Simulation 3.13;Blade_NACA_0021_Circ70_Sol1.10 Simulation 3.13;Blade_NACA_0021_Circ70_Sol1.10 Simulation 3.13;Blade_NACA_0021_Circ70_Sol1.10 Simulation 3.13;Blade_NACA_0021_Circ70_Sol1.10 Simulation 3.13;Blade_NACA_0021_Circ70_Sol1.10 Simulation 3.13;Blade_NACA_0021_Circ70_Sol1.10 Simulation 3.13;Blade_NACA_0021_Circ70_Sol1.10 Simulation 3.13;Blade_NACA_0021_Circ70_Sol1.10 Simulation 3.13;Blade_NACA_0021_Circ70_Sol1.10 Simulation 3.13;Blade_NACA_0021_Circ70_Sol1.10 Simulation 3.13;Blade_NACA_0021_Circ70_Sol1.10 Simulation 3.13;Blade_NACA_0021_Circ70_Sol1.10 Simulation 3.13;Blade_NACA_0021_Circ70_Sol1.10 Simulation 3.13;Blade_NACA_0021_Circ70_Sol1.10 Simulation 3.13;Blade_NACA_0021_Circ70_Sol1.10 Simulation 3.13;Blade_NACA_0021_Circ70_Sol1.10 Simulation 3.13;Blade_NACA_0021_Circ70_Sol1.10 Simulation 3.13;Blade_NACA_0021_Circ70_Sol1.10 Simulation 3.13;Blade_NACA_0021_Circ70_Sol1.10 Simulation 3.13;Blade_NACA_0021_Circ70_Sol1.10 Simulation 3.13;Blade_NACA_0021_Circ70_Sol1.10 Simulation 3.13;Blade_NACA_0021_Circ70_Sol1.10 Simulation 3.13;Blade_NACA_0021_Circ70_Sol1.10 Simulation 3.13;Blade_NACA_0021_Circ70_Sol1.10 Simulation 3.13;Blade_NACA_0021_Circ70_Sol1.10 Simulation 3.13;Blade_NACA_0021_Circ70_Sol1.10 Simulation 3.13;Blade_NACA_0021_Circ70_Sol1.10 Simulation 3.13;Blade_NACA_0021_Circ70_Sol1.10 Simulation 3.13;Blade_NACA_0021_Circ70_Sol1.10 Simulation 3.13;Blade_NACA_0021_Circ70_Sol1.10 Simulation 3.13;Blade_NACA_0021_Circ70_Sol1.10 Simulation 3.13;Blade_NACA_0021_Circ70_Sol1.10 Simulation 3.13;Blade_NACA_0021_Circ70_Sol1.10 Simulation 3.13;Blade_NACA_0021_Circ70_Sol1.10 Simulation 3.13;Blade_NACA_0021_Circ70_Sol1.10 Simulation 3.13;Blade_NACA_0021_Circ70_Sol1.10 Simulation 3.13;Blade_NACA_0021_Circ70_Sol1.10 Simulation 3.13;Blade_NACA_0021_Circ70_Sol1.10 Simulation 3.13;Blade_NACA_0021_Circ70_Sol1.10 Simulation 3.13;Blade_NACA_0021_Circ70_Sol1.10 Simulation 3.13;Blade_NACA_0021_Circ70_Sol1.10 Simulation 3.13;Blade_NACA_0021_Circ70_Sol1.10 Simulation 3.13;Blade_NACA_0021_Circ70_Sol1.10 Simulation 3.13;Blade_NACA_0021_Circ70_Sol1.10 Simulation 3.13;Blade_NACA_0021_Circ70_Sol1.10 Simulation 3.13;Blade_NACA_0021_Circ70_Sol1.10 Simulation 3.13;Blade_NACA_0021_Circ70_Sol1.10 Simulation 3.13;Blade_NACA_0021_Circ70_Sol1.10 Simulation 3.13;Blade_NACA_0021_Circ70_Sol1.10 Simulation 3.13;Blade_NACA_0021_Circ70_Sol1.10 Simulation 3.13;Blade_NACA_0021_Circ70_Sol1.10 Simulation 3.13;Blade_NACA_0021_Circ70_Sol1.10 Simulation 3.13;Blade_NACA_0021_Circ70_Sol1.10 Simulation 3.13;Blade_NACA_0021_Circ70_Sol1.10 Simulation 3.13;Blade_NACA_0021_Circ70_Sol1.10 Simulation 3.13;Blade_NACA_0021_Circ70_Sol1.10 Simulation 3.13;Blade_NACA_0021_Circ70_Sol1.10 Simulation 3.13;Blade_NACA_0021_Circ70_Sol1.10 Simulation 3.13;Blade_NACA_0021_Circ70_Sol1.10 Simulation 3.13;Blade_NACA_0021_Circ70_Sol1.10 Simulation 3.13;Blade_NACA_0021_Circ70_Sol1.10 Simulation 3.13;Blade_NACA_0021_Circ70_Sol1.10 Simulation 3.13;Blade_NACA_0021_Circ70_Sol1.10 Simulation 3.13;Blade_NACA_0021_Circ70_Sol1.10 Simulation 3.13;Blade_NACA_0021_Circ70_Sol1.10 Simulation 3.13;Blade_NACA_0021_Circ70_Sol1.10 Simulation 3.13;Blade_NACA_0021_Circ70_Sol1.10 Simulation 3.13;Blade_NACA_0021_Circ70_Sol1.10 Simulation 3.13;Blade_NACA_0021_Circ70_Sol1.10 Simulation 3.13;Blade_NACA_0021_Circ70_Sol1.10 Simulation 3.13;Blade_NACA_0021_Circ70_Sol1.10 Simulation 3.13;Blade_NACA_0021_Circ70_Sol1.10 Simulation 3.13;Blade_NACA_0021_Circ70_Sol1.10 Simulation 3.13;Blade_NACA_0021_Circ70_Sol1.10 Simulation 3.13;Blade_NACA_0021_Circ70_Sol1.10 Simulation 3.13;Blade_NACA_0021_Circ70_Sol1.10 Simulation 3.13;Blade_NACA_0021_Circ70_Sol1.10 Simulation 3.13;Blade_NACA_0021_Circ70_Sol1.10 Simulation 3.13;Blade_NACA_0021_Circ70_Sol1.10 Simulation 3.13;Blade_NACA_0021_Circ70_Sol1.10 Simulation 3.13;Blade_NACA_0021_Circ70_Sol1.10 Simulation 3.13;Blade_NACA_0021_Circ70_Sol1.10 Simulation 3.13;Blade_NACA_0021_Circ70_Sol1.10 Simulation 3.13;Blade_NACA_0021_Circ70_Sol1.10 Simulation 3.13;Blade_NACA_0021_Circ70_Sol1.10 Simulation 3.13;Blade_NACA_0021_Circ70_Sol1.10 Simulation 3.13;Blade_NACA_0021_Circ70_Sol1.10 Simulation 3.13;Blade_NACA_0021_Circ70_Sol1.10 Simulation 3.13;Blade_NACA_0021_Circ70_Sol1.10 Simulation 3.13;Blade_NACA_0021_Circ70_Sol1.10 Simulation 3.13;Blade_NACA_0021_Circ70_Sol1.10 Simulation 3.13;Blade_NACA_0021_Circ70_Sol1.10 Simulation 3.13;Blade_NACA_0021_Circ70_Sol1.10 Simulation 3.13;Blade_NACA_0021_Circ70_Sol1.10 Simulation 3.13;Blade_NACA_0021_Circ70_Sol1.10 Simulation 3.13;Blade_NACA_0021_Circ70_Sol1.10 Simulation 3.13;Blade_NACA_0021_Circ70_Sol1.10 Simulation 3.13;Blade_NACA_0021_Circ70_Sol1.10 Simulation 3.13;Blade_NACA_0021_Circ70_Sol1.10 Simulation 3.13;Blade_NACA_0021_Circ70_Sol1.10 Simulation 3.13;Blade_NACA_0021_Circ70_Sol1.10 Simulation 3.13;Blade_NACA_0021_Circ70_Sol1.10 Simulation 3.13;Blade_NACA_0021_Circ70_Sol1.10 Simulation 3.13;Blade_NACA_0021_Circ70_Sol1.10 Simulation 3.13;Blade_NACA_0021_Circ70_Sol1.10 Simulation 3.13;Blade_NACA_0021_Circ70_Sol1.10 Simulation 3.13;Blade_NACA_0021_Circ70_Sol1.10 Simulation 3.13;Blade_NACA_0021_Circ70_Sol1.10 Simulation 3.13;Blade_NACA_0021_Circ70_Sol1.10 Simulation 3.13;Blade_NACA_0021_Circ70_Sol1.10 Simulation 3.13;Blade_NACA_0021_Circ70_Sol1.10 Simulation 3.13;Blade_NACA_0021_Circ70_Sol1.10 Simulation 3.13;Blade_NACA_0021_Circ70_Sol1.10 Simulation 3.13;Blade_NACA_0021_Circ70_Sol1.10 Simulation 3.13;Blade_NACA_0021_Circ70_Sol1.10 Simulation 3.13;Blade_NACA_0021_Circ70_Sol1.10 Simulation 3.13;Blade_NACA_0021_Circ70_Sol1.10 Simulation 3.13;Blade_NACA_0021_Circ70_Sol1.10 Simulation 3.13;Blade_NACA_0021_Circ70_Sol1.10 Simulation 3.13;Blade_NACA_0021_Circ70_Sol1.10 Simulation 3.13;Blade_NACA_0021_Circ70_Sol1.10 Simulation 3.13;Blade_NACA_0021_Circ70_Sol1.10 Simulation 3.13;Blade_NACA_0021_Circ70_Sol1.10 Simulation 3.13;Blade_NACA_0021_Circ70_Sol1.10 Simulation 3.13;Blade_NACA_0021_Circ70_Sol1.10 Simulation 3.13;Blade_NACA_0021_Circ70_Sol1.10 Simulation 3.13;Blade_NACA_0021_Circ70_Sol1.10 Simulation 3.13;Blade_NACA_0021_Circ70_Sol1.10 Simulation 3.13;Blade_NACA_0021_Circ70_Sol1.10 Simulation 3.13;Blade_NACA_0021_Circ70_Sol1.10 Simulation 3.13;Blade_NACA_0021_Circ70_Sol1.10 Simulation 3.13;Blade_NACA_0021_Circ70_Sol1.10 Simulation 3.13;Blade_NACA_0021_Circ70_Sol1.10 Simulation 3.13;Blade_NACA_0021_Circ70_Sol1.10 Simulation 3.13;Blade_NACA_0021_Circ70_Sol1.10 Simulation 3.13;Blade_NACA_0021_Circ70_Sol1.10 Simulation 3.13;Blade_NACA_0021_Circ70_Sol1.10 Simulation 3.13;Blade_NACA_0021_Circ70_Sol1.10 Simulation 3.13;Blade_NACA_0021_Circ70_Sol1.10 Simulation 3.13;Blade_NACA_0021_Circ70_Sol1.10 Simulation 3.13;Blade_NACA_0021_Circ70_Sol1.10 Simulation 3.13;Blade_NACA_0021_Circ70_Sol1.10 Simulation 3.13;Blade_NACA_0021_Circ70_Sol1.10 Simulation 3.13;Blade_NACA_0021_Circ70_Sol1.10 Simulation 3.13;Blade_NACA_0021_Circ70_Sol1.10 Simulation 3.13;Blade_NACA_0021_Circ70_Sol1.10 Simulation 3.13;Blade_NACA_0021_Circ70_Sol1.10 Simulation 3.13;Blade_NACA_0021_Circ70_Sol1.10 Simulation 3.13;Blade_NACA_0021_Circ70_Sol1.10 Simulation 3.13;Blade_NACA_0021_Circ70_Sol1.10 Simulation 3.13;Blade_NACA_0021_Circ70_Sol1.10 Simulation 3.13;Blade_NACA_0021_Circ70_Sol1.10 Simulation 3.13;Blade_NACA_0021_Circ70_Sol1.10 Simulation 3.13;Blade_NACA_0021_Circ70_Sol1.10 Simulation 3.13;Blade_NACA_0021_Circ70_Sol1.10 Simulation 3.13;Blade_NACA_0021_Circ70_Sol1.10 Simulation 3.13;Blade_NACA_0021_Circ70_Sol1.10 Simulation 3.13;Blade_NACA_0021_Circ70_Sol1.10 Simulation 3.13;Blade_NACA_0021_Circ70_Sol1.10 Simulation 3.13;Blade_NACA_0021_Circ70_Sol1.10 Simulation 3.13;Blade_NACA_0021_Circ70_Sol1.10 Simulation 3.13;Blade_NACA_0021_Circ70_Sol1.10 Simulation 3.13;Blade_NACA_0021_Circ70_Sol1.10 Simulation 3.13;Blade_NACA_0021_Circ70_Sol1.10 Simulation 3.13;Blade_NACA_0021_Circ70_Sol1.10 Simulation 3.13;Blade_NACA_0021_Circ70_Sol1.10 Simulation 3.13;Blade_NACA_0021_Circ70_Sol1.10 Simulation 3.13;Blade_NACA_0021_Circ70_Sol1.10 Simulation 3.13;Blade_NACA_0021_Circ70_Sol1.10 Simulation 3.13;Blade_NACA_0021_Circ70_Sol1.10 Simulation 3.13;Blade_NACA_0021_Circ70_Sol1.10 Simulation 3.13;Blade_NACA_0021_Circ70_Sol1.10 Simulation 3.13;Blade_NACA_0021_Circ70_Sol1.10 Simulation 3.13;Blade_NACA_0021_Circ70_Sol1.10 Simulation 3.13;Blade_NACA_0021_Circ70_Sol1.10 Simulation 3.13;Blade_NACA_0021_Circ70_Sol1.10 Simulation 3.13;Blade_NACA_0021_Circ70_Sol1.10 Simulation 3.13;Blade_NACA_0021_Circ70_Sol1.10 Simulation 3.13;Blade_NACA_0021_Circ70_Sol1.10 Simulation 3.13;Blade_NACA_0021_Circ70_Sol1.10 Simulation 3.13;Blade_NACA_0021_Circ70_Sol1.10 Simulation 3.13;Blade_NACA_0021_Circ70_Sol1.10 Simulation 3.13;Blade_NACA_0021_Circ70_Sol1.10 Simulation 3.13;Blade_NACA_0021_Circ70_Sol1.10 Simulation 3.13;Blade_NACA_0021_Circ70_Sol1.10 Simulation 3.13;Blade_NACA_0021_Circ70_Sol1.10 Simulation 3.13;Blade_NACA_0021_Circ70_Sol1.10 Simulation 3.13;Blade_NACA_0021_Circ70_Sol1.10 Simulation 3.13;Blade_NACA_0021_Circ70_Sol1.10 Simulation 3.13;Blade_NACA_0021_Circ70_Sol1.10 Simulation 3.13;Blade_NACA_0021_Circ70_Sol1.10 Simulation 3.13;Blade_NACA_0021_Circ70_Sol1.10 Simulation 3.13;Blade_NACA_0021_Circ70_Sol1.10 Simulation 3.13;Blade_NACA_0021_Circ70_Sol1.10 Simulation 3.13;Blade_NACA_0021_Circ70_Sol1.10 Simulation 3.13;Blade_NACA_0021_Circ70_Sol1.10 Simulation 3.13;Blade_NACA_0021_Circ70_Sol1.10 Simulation 3.13;Blade_NACA_0021_Circ70_Sol1.10 Simulation 3.13;Blade_NACA_0021_Circ70_Sol1.10 Simulation 3.13;Blade_NACA_0021_Circ70_Sol1.10 Simulation 3.13;Blade_NACA_0021_Circ70_Sol1.10 Simulation 3.13;Blade_NACA_0021_Circ70_Sol1.10 Simulation 3.13;Blade_NACA_0021_Circ70_Sol1.10 Simulation 3.13;Blade_NACA_0021_Circ70_Sol1.10 Simulation 3.13;Blade_NACA_0021_Circ70_Sol1.10 Simulation 3.13;Blade_NACA_0021_Circ70_Sol1.10 Simulation 3.13;Blade_NACA_0021_Circ70_Sol1.10 Simulation 3.13;Blade_NACA_0021_Circ70_Sol1.10 Simulation 3.13;Blade_NACA_0021_Circ70_Sol1.10 Simulation 3.13;Blade_NACA_0021_Circ70_Sol1.10 Simulation 3.13;Blade_NACA_0021_Circ70_Sol1.10 Simulation 3.13;Blade_NACA_0021_Circ70_Sol1.10 Simulation 3.13;Blade_NACA_0021_Circ70_Sol1.10 Simulation 3.13;Blade_NACA_0021_Circ70_Sol1.10 Simulation 3.13;Blade_NACA_0021_Circ70_Sol1.10 Simulation 3.13;Blade_NACA_0021_Circ70_Sol1.10 Simulation 3.13;Blade_NACA_0021_Circ70_Sol1.10 Simulation 3.13;Blade_NACA_0021_Circ70_Sol1.10 Simulation 3.13;Blade_NACA_0021_Circ70_Sol1.10 Simulation 3.13;Blade_NACA_0021_Circ70_Sol1.10 Simulation 3.13;Blade_NACA_0021_Circ70_Sol1.10 Simulation 3.13;Blade_NACA_0021_Circ70_Sol1.10 Simulation 3.13;Blade_NACA_0021_Circ70_Sol1.10 Simulation 3.13;Blade_NACA_0021_Circ70_Sol1.10 Simulation 3.13;Blade_NACA_0021_Circ70_Sol1.10 Simulation 3.13;Blade_NACA_0021_Circ70_Sol1.10 Simulation 3.13;Blade_NACA_0021_Circ70_Sol1.10 Simulation 3.13;Blade_NACA_0021_Circ70_Sol1.10 Simulation 3.13;Blade_NACA_0021_Circ70_Sol1.10 Simulation 3.13;Blade_NACA_0021_Circ70_Sol1.10 Simulation 3.13;Blade_NACA_0021_Circ70_Sol1.10 Simulation 3.13;Blade_NACA_0021_Circ70_Sol1.10 Simulation 3.13;Blade_NACA_0021_Circ70_Sol1.10 Simulation 3.13;Blade_NACA_0021_Circ70_Sol1.10 Simulation 3.13;Blade_NACA_0021_Circ70_Sol1.10 Simulation 3.13;Blade_NACA_0021_Circ70_Sol1.10 Simulation 3.13;Blade_NACA_0021_Circ70_Sol1.10 Simulation 3.13;Blade_NACA_0021_Circ70_Sol1.10 Simulation 3.13;Blade_NACA_0021_Circ70_Sol1.10 Simulation 3.13;Blade_NACA_0021_Circ70_Sol1.10 Simulation 3.13;Blade_NACA_0021_Circ70_Sol1.10 Simulation 3.13;Blade_NACA_0021_Circ70_Sol1.10 Simulation 3.13;Blade_NACA_0021_Circ70_Sol1.10 Simulation 3.13;Blade_NACA_0021_Circ70_Sol1.10 Simulation 3.13;Blade_NACA_0021_Circ70_Sol1.10 Simulation 3.13;Blade_NACA_0021_Circ70_Sol1.10 Simulation 3.13;Blade_NACA_0021_Circ70_Sol1.10 Simulation 3.13;Blade_NACA_0021_Circ70_Sol1.10 Simulation 3.13;Blade_NACA_0021_Circ70_Sol1.10 Simulation 3.13;Blade_NACA_0021_Circ70_Sol1.10 Simulation 3.13;Blade_NACA_0021_Circ70_Sol1.10 Simulation 3.13;Blade_NACA_0021_Circ70_Sol1.10 Simulation 3.13;Blade_NACA_0021_Circ70_Sol1.10 Simulation 3.13;Blade_NACA_0021_Circ70_Sol1.10 Simulation 3.13;Blade_NACA_0021_Circ70_Sol1.10 Simulation 3.13;Blade_NACA_0021_Circ70_Sol1.10 Simulation 3.13;Blade_NACA_0021_Circ70_Sol1.10 Simulation 3.13;Blade_NACA_0021_Circ70_Sol1.10 Simulation 3.13;Blade_NACA_0021_Circ70_Sol1.10 Simulation 3.13;Blade_NACA_0021_Circ70_Sol1.10 Simulation 3.13;Blade_NACA_0021_Circ70_Sol1.10 Simulation 3.13;Blade_NACA_0021_Circ70_Sol1.10 Simulation 3.13;Blade_NACA_0021_Circ70_Sol1.10 Simulation 3.13;Blade_NACA_0021_Circ70_Sol1.10 Simulation 3.13;Blade_NACA_0021_Circ70_Sol1.10 Simulation 3.13;Blade_NACA_0021_Circ70_Sol1.10 Simulation 3.13;Blade_NACA_0021_Circ70_Sol1.10 Simulation 3.13;Blade_NACA_0021_Circ70_Sol1.10 Simulation 3.13;Blade_NACA_0021_Circ70_Sol1.10 Simulation 3.13;Blade_NACA_0021_Circ70_Sol1.10 Simulation 3.13;Blade_NACA_0021_Circ70_Sol1.10 Simulation 3.13;Blade_NACA_0021_Circ70_Sol1.10 Simulation 3.13;Blade_NACA_0021_Circ70_Sol1.10 Simulation 3.13;Blade_NACA_0021_Circ70_Sol1.10 Simulation 3.13;Blade_NACA_0021_Circ70_Sol1.10 Simulation 3.13;Blade_NACA_0021_Circ70_Sol1.10 Simulation 3.13;Blade_NACA_0021_Circ70_Sol1.10 Simulation 3.13;Blade_NACA_0021_Circ70_Sol1.10 Simulation 3.13;Blade_NACA_0021_Circ70_Sol1.10 Simulation 3.13;Blade_NACA_0021_Circ70_Sol1.10 Simulation 3.13;Blade_NACA_0021_Circ70_Sol1.10 Simulation 3.13;Blade_NACA_0021_Circ70_Sol1.10 Simulation 3.13;Blade_NACA_0021_Circ70_Sol1.10 Simulation 3.13;Blade_NACA_0021_Circ70_Sol1.10 Simulation 3.13;Blade_NACA_0021_Circ70_Sol1.10 Simulation 3.13;Blade_NACA_0021_Circ70_Sol1.10 Simulation 3.13;Blade_NACA_0021_Circ70_Sol1.10 Simulation 3.13;Blade_NACA_0021_Circ70_Sol1.10 Simulation 3.13;Blade_NACA_0021_Circ70_Sol1.10 Simulation 3.13;Blade_NACA_0021_Circ70_Sol1.10 Simulation 3.13;Blade_NACA_0021_Circ70_Sol1.10 Simulation 3.13;Blade_NACA_0021_Circ70_Sol1.10 Simulation 3.13;Blade_NACA_0021_Circ70_Sol1.10 Simulation 3.13;Blade_NACA_0021_Circ70_Sol1.10 Simulation 3.13;Blade_NACA_0021_Circ70_Sol1.10 Simulation 3.13;Blade_NACA_0021_Circ70_Sol1.10 Simulation 3.13;Blade_NACA_0021_Circ70_Sol1.10 Simulation 3.13;Blade_NACA_0021_Circ70_Sol1.10 Simulation 3.13;Blade_NACA_0021_Circ70_Sol1.10 Simulation 3.13;Blade_NACA_0021_Circ70_Sol1.10 Simulation 3.13;Blade_NACA_0021_Circ70_Sol1.10 Simulation 3.13;Blade_NACA_0021_Circ70_Sol1.10 Simulation 3.13;Blade_NACA_0021_Circ70_Sol1.10 Simulation 3.13;Blade_NACA_0021_Circ70_Sol1.10 Simulation 3.13;Blade_NACA_0021_Circ70_Sol1.10 Simulation 3.13;Blade_NACA_0021_Circ70_Sol1.10 Simulation 3.13;Blade_NACA_0021_Circ70_Sol1.10 Simulation 3.13;Blade_NACA_0021_Circ70_Sol1.10 Simulation 3.13;Blade_NACA_0021_Circ70_Sol1.10 Simulation 3.13;Blade_NACA_0021_Circ70_Sol1.10 Simulation 3.13;Blade_NACA_0021_Circ70_Sol1.10 Simulation 3.13;Blade_NACA_0021_Circ70_Sol1.10 Simulation 3.13;Blade_NACA_0021_Circ70_Sol1.10 Simulation 3.13;Blade_NACA_0021_Circ70_Sol1.10 Simulation 3.13;Blade_NACA_0021_Circ70_Sol1.10 Simulation 3.13;Blade_NACA_0021_Circ70_Sol1.10 Simulation 3.13;Blade_NACA_0021_Circ70_Sol1.10 Simulation 3.13;Blade_NACA_0021_Circ70_Sol1.10 Simulation 3.13;Blade_NACA_0021_Circ70_Sol1.10 Simulation 3.13;Blade_NACA_0021_Circ70_Sol1.10 Simulation 3.13;Blade_NACA_0021_Circ70_Sol1.10 Simulation 3.13;Blade_NACA_0021_Circ70_Sol1.10 Simulation 3.13;Blade_NACA_0021_Circ70_Sol1.10 Simulation 3.13;Blade_NACA_0021_Circ70_Sol1.10 Simulation 3.13;Blade_NACA_0021_Circ70_Sol1.10 Simulation 3.13;Blade_NACA_0021_Circ70_Sol1.10 Simulation 3.13;Blade_NACA_0021_Circ70_Sol1.10 Simulation 3.13;Blade_NACA_0021_Circ70_Sol1.10 Simulation 3.13;Blade_NACA_0021_Circ70_Sol1.10 Simulation 3.13;Blade_NACA_0021_Circ70_Sol1.10 Simulation 3.13;Blade_NACA_0021_Circ70_Sol1.10 Simulation 3.13;Blade_NACA_0021_Circ70_Sol1.10 Simulation 3.13;Blade_NACA_0021_Circ70_Sol1.10 Simulation 3.13;Blade_NACA_0021_Circ70_Sol1.10 Simulation 3.13;Blade_NACA_0021_Circ70_Sol1.10 Simulation 3.13;Blade_NACA_0021_Circ70_Sol1.10 Simulation 3.13;Blade_NACA_0021_Circ70_Sol1.10 Simulation 3.13;Blade_NACA_0021_Circ70_Sol1.10 Simulation 3.13;Blade_NACA_0021_Circ70_Sol1.10 Simulation 3.13;Blade_NACA_0021_Circ70_Sol1.10 Simulation 3.13;Blade_NACA_0021_Circ70_Sol1.10 Simulation 3.13;Blade_NACA_0021_Circ70_Sol1.10 Simulation 3.13;Blade_NACA_0021_Circ70_Sol1.10 Simulation 3.13;Blade_NACA_0021_Circ70_Sol1.10 Simulation 3.13;Blade_NACA_0021_Circ70_Sol1.10 Simulation 3.13;Blade_NACA_0021_Circ70_Sol1.10 Simulation 3.13;Blade_NACA_0021_Circ70_Sol1.10 Simulation 3.13;Blade_NACA_0021_Circ70_Sol1.10 Simulation 3.13;Blade_NACA_0021_Circ70_Sol1.10 Simulation 3.13;Blade_NACA_0021_Circ70_Sol1.10 Simulation 3.13;Blade_NACA_0021_Circ70_Sol1.10 Simulation 3.13;Blade_NACA_0021_Circ70_Sol1.10 Simulation 3.13;Blade_NACA_0021_Circ70_Sol1.10 Simulation 3.13;Blade_NACA_0021_Circ70_Sol1.10 Simulation 3.13;Blade_NACA_0021_Circ70_Sol1.10 Simulation 3.13;Blade_NACA_0021_Circ70_Sol1.10 Simulation 3.13;Blade_NACA_0021_Circ70_Sol1.10 Simulation 3.13;Blade_NACA_0021_Circ70_Sol1.10 Simulation 3.13;Blade_NACA_0021_Circ70_Sol1.10 Simulation 3.13;Blade_NACA_0021_Circ70_Sol1.10 Simulation 3.13;Blade_NACA_0021_Circ70_Sol1.10 Simulation 3.13;Blade_NACA_0021_Circ70_Sol1.10 Simulation 3.13;Blade_NACA_0021_Circ70_Sol1.10 Simulation 3.13;Blade_NACA_0021_Circ70_Sol1.10 Simulation 3.13;Blade_NACA_0021_Circ70_Sol1.10 Simulation 3.13;Blade_NACA_0021_Circ70_Sol1.10 Simulation 3.13;Blade_NACA_0021_Circ70_Sol1.10 Simulation 3.13;Blade_NACA_0021_Circ70_Sol1.10 Simulation 3.13;Blade_NACA_0021_Circ70_Sol1.10 Simulation 3.13;Blade_NACA_0021_Circ70_Sol1.10 Simulation 3.13;Blade_NACA_0021_Circ70_Sol1.10 Simulation 3.13;Blade_NACA_0021_Circ70_Sol1.10 Simulation 3.13;Blade_NACA_0021_Circ70_Sol1.10 Simulation 3.13;Blade_NACA_0021_Circ70_Sol1.10 Simulation 3.13;Blade_NACA_0021_Circ70_Sol1.10 Simulation 3.13;Blade_NACA_0021_Circ70_Sol1.10 Simulation 3.13;Blade_NACA_0021_Circ70_Sol1.10 Simulation 3.13;Blade_NACA_0021_Circ70_Sol1.10 Simulation 3.13;Blade_NACA_0021_Circ70_Sol1.10 Simulation 3.13;Blade_NACA_0021_Circ70_Sol1.10 Simulation 3.13;Blade_NACA_0021_Circ70_Sol1.10 Simulation 3.13;Blade_NACA_0021_Circ70_Sol1.10 Simulation 3.13;Blade_NACA_0021_Circ70_Sol1.10 Simulation 3.13;Blade_NACA_0021_Circ70_Sol1.10 Simulation 3.13;Blade_NACA_0021_Circ70_Sol1.10 Simulation 3.13;Blade_NACA_0021_Circ70_Sol1.10 Simulation 3.13;Blade_NACA_0021_Circ70_Sol1.10 Simulation 3.13;Blade_NACA_0021_Circ70_Sol1.10 Simulation 3.13;Blade_NACA_0021_Circ70_Sol1.10 Simulation 3.13;Blade_NACA_0021_Circ70_Sol1.10 Simulation 3.13;Blade_NACA_0021_Circ70_Sol1.10 Simulation 3.13;Blade_NACA_0021_Circ70_Sol1.10 Simulation 3.13;Blade_NACA_0021_Circ70_Sol1.10 Simulation 3.13;Blade_NACA_0021_Circ70_Sol1.10 Simulation 3.13;Blade_NACA_0021_Circ70_Sol1.10 Simulation 3.13;Blade_NACA_0021_Circ70_Sol1.10 Simulation 3.13;Blade_NACA_0021_Circ70_Sol1.10 Simulation 3.13;Blade_NACA_0021_Circ70_Sol1.10 Simulation 3.13;Blade_NACA_0021_Circ70_Sol1.10 Simulation 3.13;Blade_NACA_0021_Circ70_Sol1.10 Simulation 3.13;Blade_NACA_0021_Circ70_Sol1.10 Simulation 3.13;Blade_NACA_0021_Circ70_Sol1.10 Simulation 3.13;Blade_NACA_0021_Circ70_Sol1.10 Simulation 3.13;Blade_NACA_0021_Circ70_Sol1.10 Simulation 3.13;Blade_NACA_0021_Circ70_Sol1.10 Simulation 3.13;Blade_NACA_0021_Circ70_Sol1.10 Simulation 3.13;Blade_NACA_0021_Circ70_Sol1.10 Simulation 3.13;Blade_NACA_0021_Circ70_Sol1.10 Simulation 3.13;Blade_NACA_0021_Circ70_Sol1.10 Simulation 3.13;Blade_NACA_0021_Circ70_Sol1.10 Simulation 3.13;Blade_NACA_0021_Circ70_Sol1.10 Simulation 3.13;Blade_NACA_0021_Circ70_Sol1.10 Simulation 3.13;Blade_NACA_0021_Circ70_Sol1.10 Simulation 3.13;Blade_NACA_0021_Circ70_Sol1.10 Simulation 3.13;Blade_NACA_0021_Circ70_Sol1.10 Simulation 3.13;Blade_NACA_0021_Circ70_Sol1.10 Simulation 3.13;Blade_NACA_0021_Circ70_Sol1.10 Simulation 3.13;Blade_NACA_0021_Circ70_Sol1.10 Simulation 3.13;Blade_NACA_0021_Circ70_Sol1.10 Simulation 3.13;Blade_NACA_0021_Circ70_Sol1.10 Simulation 3.13;Blade_NACA_0021_Circ70_Sol1.10 Simulation 3.13;Blade_NACA_0021_Circ70_Sol1.10 Simulation 3.13;Blade_NACA_0021_Circ70_Sol1.10 Simulation 3.13;Blade_NACA_0021_Circ70_Sol1.10 Simulation 3.13;Blade_NACA_0021_Circ70_Sol1.10 Simulation 3.13;Blade_NACA_0021_Circ70_Sol1.10 Simulation 3.13;Blade_NACA_0021_Circ70_Sol1.10 Simulation 3.13;Blade_NACA_0021_Circ70_Sol1.10 Simulation 3.13;Blade_NACA_0021_Circ70_Sol1.10 Simulation 3.13;Blade_NACA_0021_Circ70_Sol1.10 Simulation 3.13;Blade_NACA_0021_Circ70_Sol1.10 Simulation 3.13;Blade_NACA_0021_Circ70_Sol1.10 Simulation 3.13;Blade_NACA_0021_Circ70_Sol1.10 Simulation 3.13;Blade_NACA_0021_Circ70_Sol1.10 Simulation 3.13;Blade_NACA_0021_Circ70_Sol1.10 Simulation 3.13;Blade_NACA_0021_Circ70_Sol1.10 Simulation 3.13;Blade_NACA_0021_Circ70_Sol1.10 Simulation 3.13;Blade_NACA_0021_Circ70_Sol1.10 Simulation 3.13;Blade_NACA_0021_Circ70_Sol1.10 Simulation 3.13;Blade_NACA_0021_Circ70_Sol1.10 Simulation 3.13;Blade_NACA_0021_Circ70_Sol1.10 Simulation 3.13;Blade_NACA_0021_Circ70_Sol1.10 Simulation 3.13;Blade_NACA_0021_Circ70_Sol1.10 Simulation 3.13;Blade_NACA_0021_Circ70_Sol1.10 Simulation 3.13;Blade_NACA_0021_Circ70_Sol1.10 Simulation 3.13;Blade_NACA_0021_Circ70_Sol1.10 Simulation 3.13;Blade_NACA_0021_Circ70_Sol1.10 Simulation 3.13;Blade_NACA_0021_Circ70_Sol1.10 Simulation 3.13;Blade_NACA_0021_Circ70_Sol1.10 Simulation 3.13;Blade_NACA_0021_Circ70_Sol1.10 Simulation 3.13;Blade_NACA_0021_Circ70_Sol1.10 Simulation 3.13;Blade_NACA_0021_Circ70_Sol1.10 Simulation 3.13;Blade_NACA_0021_Circ70_Sol1.10 Simulation 3.13;Blade_NACA_0021_Circ70_Sol1.10 Simulation 3.13;Blade_NACA_0021_Circ70_Sol1.10 Simulation 3.13;Blade_NACA_0021_Circ70_Sol1.10 Simulation 3.13;Blade_NACA_0021_Circ70_Sol1.10 Simulation 3.13;Blade_NACA_0021_Circ70_Sol1.10 Simulation 3.13;Blade_NACA_0021_Circ70_Sol1.10 Simulation 3.13;Blade_NACA_0021_Circ70_Sol1.10 Simulation 3.13;Blade_NACA_0021_Circ70_Sol1.10 Simulation 3.13;Blade_NACA_0021_Circ70_Sol1.10 Simulation 3.13;Blade_NACA_0021_Circ70_Sol1.10 Simulation 3.13;Blade_NACA_0021_Circ70_Sol1.10 Simulation 3.13;Blade_NACA_0021_Circ70_Sol1.10 Simulation 3.13;Blade_NACA_0021_Circ70_Sol1.10 Simulation 3.13;Blade_NACA_0021_Circ70_Sol1.10 Simulation 3.13;Blade_NACA_0021_Circ70_Sol1.10 Simulation 3.13;Blade_NACA_0021_Circ70_Sol1.10 Simulation 3.13;Blade_NACA_0021_Circ70_Sol1.10 Simulation 3.13;Blade_NACA_0021_Circ70_Sol1.10 Simulation 3.13;Blade_NACA_0021_Circ70_Sol1.10 Simulation 3.13;Blade_NACA_0021_Circ70_Sol1.10 Simulation 3.13;Blade_NACA_0021_Circ70_Sol1.10 Simulation 3.13;Blade_NACA_0021_Circ70_Sol1.10 Simulation 3.13;Blade_NACA_0021_Circ70_Sol1.10 Simulation 3.13;Blade_NACA_0021_Circ70_Sol1.10 Simulation 3.13;Blade_NACA_0021_Circ70_Sol1.10 Simulation 3.13;Blade_NACA_0021_Circ70_Sol1.10 Simulation 3.13;Blade_NACA_0021_Circ70_Sol1.10 Simulation 3.13;Blade_NACA_0021_Circ70_Sol1.10 Simulation 3.13;Blade_NACA_0021_Circ70_Sol1.10 Simulation 3.13;Blade_NACA_0021_Circ70_Sol1.10 Simulation 3.13;Blade_NACA_0021_Circ70_Sol1.10 Simulation 3.13;Blade_NACA_0021_Circ70_Sol1.10 Simulation 3.13;Blade_NACA_0021_Circ70_Sol1.10 Simulation 3.13;Blade_NACA_0021_Circ70_Sol1.10 Simulation 3.13;Blade_NACA_0021_Circ70_Sol1.10 Simulation 3.13;Blade_NACA_0021_Circ70_Sol1.10 Simulation 3.13;Blade_NACA_0021_Circ70_Sol1.10 Simulation 3.13;Blade_NACA_0021_Circ70_Sol1.10 Simulation 3.13;Blade_NACA_0021_Circ70_Sol1.10 Simulation 3.13;Blade_NACA_0021_Circ70_Sol1.10 Simulation 3.13;Blade_NACA_0021_Circ70_Sol1.10 Simulation 3.13;Blade_NACA_0021_Circ70_Sol1.10 Simulation 3.13;Blade_NACA_0021_Circ70_Sol1.10 Simulation 3.13;Blade_NACA_0021_Circ70_Sol1.10 Simulation 3.13;Blade_NACA_0021_Circ70_Sol1.10 Simulation 3.13;Blade_NACA_0021_Circ70_Sol1.10 Simulation 3.13;Blade_NACA_0021_Circ70_Sol1.10 Simulation 3.13;Blade_NACA_0021_Circ70_Sol1.10 Simulation 3.13;Blade_NACA_0021_Circ70_Sol1.10 Simulation 3.13;Blade_NACA_0021_Circ70_Sol1.10 Simulation 3.13;Blade_NACA_0021_Circ70_Sol1.10 Simulation 3.13;Blade_NACA_0021_Circ70_Sol1.10 Simulation 3.13;Blade_NACA_0021_Circ70_Sol1.10 Simulation 3.13;Blade_NACA_0021_Circ70_Sol1.10 Simulation 3.13;Blade_NACA_0021_Circ70_Sol1.10 Simulation 3.13;Blade_NACA_0021_Circ70_Sol1.10 Simulation 3.13;Blade_NACA_0021_Circ70_Sol1.10 Simulation 3.13;Blade_NACA_0021_Circ70_Sol1.10 Simulation 3.13;Blade_NACA_0021_Circ70_Sol1.10 Simulation 3.13;Blade_NACA_0021_Circ70_Sol1.10 Simulation 3.13;Blade_NACA_0021_Circ70_Sol1.10 Simulation 3.13;Blade_NACA_0021_Circ70_Sol1.10 Simulation 3.13;Blade_NACA_0021_Circ70_Sol1.10 Simulation 3.13;Blade_NACA_0021_Circ70_Sol1.10 Simulation 3.13;Blade_NACA_0021_Circ70_Sol1.10 Simulation 3.13;Blade_NACA_0021_Circ70_Sol1.10 Simulation 3.13;Blade_NACA_0021_Circ70_Sol1.10 Simulation 3.13;Blade_NACA_0021_Circ70_Sol1.10 Simulation 3.13;Blade_NACA_0021_Circ70_Sol1.10 Simulation 3.13;Blade_NACA_0021_Circ70_Sol1.10 Simulation 3.13;Blade_NACA_0021_Circ70_Sol1.10 Simulation 3.13;Blade_NACA_0021_Circ70_Sol1.10 Simulation 3.13;Blade_NACA_0021_Circ70_Sol1.10 Simulation 3.13;Blade_NACA_0021_Circ70_Sol1.10 Simulation 3.13;Blade_NACA_0021_Circ70_Sol1.10 Simulation 3.13;Blade_NACA_0021_Circ70_Sol1.10 Simulation 3.13;Blade_NACA_0021_Circ70_Sol1.10 Simulation 3.13;Blade_NACA_0021_Circ70_Sol1.10 Simulation 3.13;Blade_NACA_0021_Circ70_Sol1.10 Simulation 3.13;Blade_NACA_0021_Circ70_Sol1.10 Simulation 3.13;Blade_NACA_0021_Circ70_Sol1.10 Simulation 3.13;Blade_NACA_0021_Circ70_Sol1.10 Simulation 3.13;Blade_NACA_0021_Circ70_Sol1.10 Simulation 3.13;Blade_NACA_0021_Circ70_Sol1.10 Simulation 3.13;Blade_NACA_0021_Circ70_Sol1.10 Simulation 3.13;Blade_NACA_0021_Circ70_Sol1.10 Simulation 3.13;Blade_NACA_0021_Circ70_Sol1.10 Simulation 3.13;Blade_NACA_0021_Circ70_Sol1.10 Simulation 3.13;Blade_NACA_0021_Circ70_Sol1.10 Simulation 3.13;Blade_NACA_0021_Circ70_Sol1.10 Simulation 3.13;Blade_NACA_0021_Circ70_Sol1.10 Simulation 3.13;Blade_NACA_0021_Circ70_Sol1.10 Simulation 3.13;Blade_NACA_0021_Circ70_Sol1.10 Simulation 3.13;Blade_NACA_0021_Circ70_Sol1.10 Simulation 3.13;Blade_NACA_0021_Circ70_Sol1.10 Simulation 3.13;Blade_NACA_0021_Circ70_Sol1.10 Simulation 3.13;Blade_NACA_0021_Circ70_Sol1.10 Simulation 3.13;Blade_NACA_0021_Circ70_Sol1.10 Simulation 3.13;Blade_NACA_0021_Circ70_Sol1.10 Simulation 3.13;Blade_NACA_0021_Circ70_Sol1.10 Simulation 3.13;Blade_NACA_0021_Circ70_Sol1.10 Simulation 3.13;Blade_NACA_0021_Circ70_Sol1.10 Simulation 3.13;Blade_NACA_0021_Circ70_Sol1.10 Simulation 3.13;Blade_NACA_0021_Circ70_Sol1.10 Simulation 3.13;Blade_NACA_0021_Circ70_Sol1.10 Simulation 3.13;Blade_NACA_0021_Circ70_Sol1.10 Simulation 3.13;Blade_NACA_0021_Circ70_Sol1.10 Simulation 3.13;Blade_NACA_0021_Circ70_Sol1.10 Simulation 3.13;Blade_NACA_0021_Circ70_Sol1.10 Simulation 3.13;Blade_NACA_0021_Circ70_Sol1.10 Simulation 3.13;Blade_NACA_0021_Circ70_Sol1.10 Simulation 3.13;Blade_NACA_0021_Circ70_Sol1.10 Simulation 3.13;Blade_NACA_0021_Circ70_Sol1.10 Simulation 3.13;Blade_NACA_0021_Circ70_Sol1.10 Simulation 3.13;Blade_NACA_0021_Circ70_Sol1.10 Simulation 3.13;Blade_NACA_0021_Circ70_Sol1.10 Simulation 3.13;Blade_NACA_0021_Circ70_Sol1.10 Simulation 3.13;Blade_NACA_0021_Circ70_Sol1.10 Simulation 3.13;Blade_NACA_0021_Circ70_Sol1.10 Simulation 3.13;Blade_NACA_0021_Circ70_Sol1.10 Simulation 3.13;Blade_NACA_0021_Circ70_Sol1.10 Simulation 3.13;Blade_NACA_0021_Circ70_Sol1.10 Simulation 3.13;Blade_NACA_0021_Circ70_Sol1.10 Simulation 3.13;Blade_NACA_0021_Circ70_Sol1.10 Simulation 3.13;Blade_NACA_0021_Circ70_Sol1.10 Simulation 3.13;Blade_NACA_0021_Circ70_Sol1.10 Simulation 3.13;Blade_NACA_0021_Circ70_Sol1.10 Simulation 3.13;Blade_NACA_0021_Circ70_Sol1.10 Simulation 3.13;Blade_NACA_0021_Circ70_Sol1.10 Simulation 3.13;Blade_NACA_0021_Circ70_Sol1.10 Simulation 3.13;Blade_NACA_0021_Circ70_Sol1.10 Simulation 3.13;Blade_NACA_0021_Circ70_Sol1.10 Simulation 3.13;Blade_NACA_0021_Circ70_Sol1.10 Simulation 3.13;Blade_NACA_0021_Circ70_Sol1.10 Simulation 3.13;Blade_NACA_0021_Circ70_Sol1.10 Simulation 3.13;Blade_NACA_0021_Circ70_Sol1.10 Simulation 3.13;Blade_NACA_0021_Circ70_Sol1.10 Simulation 3.13;Blade_NACA_0021_Circ70_Sol1.10 Simulation 3.13;Blade_NACA_0021_Circ70_Sol1.10 Simulation 3.13;Blade_NACA_0021_Circ70_Sol1.10 Simulation 3.13;Blade_NACA_0021_Circ70_Sol1.10 Simulation 3.13;Blade_NACA_0021_Circ70_Sol1.10 Simulation 3.13;Blade_NACA_0021_Circ70_Sol1.10 Simulation 3.13;Blade_NACA_0021_Circ70_Sol1.10 Simulation 3.13;Blade_NACA_0021_Circ70_Sol1.10 Simulation 3.13;Blade_NACA_0021_Circ70_Sol1.10 Simulation 3.13;Blade_NACA_0021_Circ70_Sol1.10 Simulation 3.13;Blade_NACA_0021_Circ70_Sol1.10 Simulation 3.13;Blade_NACA_0021_Circ70_Sol1.10 Simulation 3.13;Blade_NACA_0021_Circ70_Sol1.10 Simulation 3.13;Blade_NACA_0021_Circ70_Sol1.10 Simulation 3.13;Blade_NACA_0021_Circ70_Sol1.10 Simulation 3.13;Blade_NACA_0021_Circ70_Sol1.10 Simulation 3.13;Blade_NACA_0021_Circ70_Sol1.10 Simulation 3.13;Blade_NACA_0021_Circ70_Sol1.10 Simulation 3.13;Blade_NACA_0021_Circ70_Sol1.10 Simulation 3.13;Blade_NACA_0021_Circ70_Sol1.10 Simulation 3.13;Blade_NACA_0021_Circ70_Sol1.10 Simulation 3.13;Blade_NACA_0021_Circ70_Sol1.10 Simulation 3.13;Blade_NACA_0021_Circ70_Sol1.10 Simulation 3.13;Blade_NACA_0021_Circ70_Sol1.10 Simulation 3.13;Blade_NACA_0021_Circ70_Sol1.10 Simulation 3.13;Blade_NACA_0021_Circ70_Sol1.10 Simulation 3.13;Blade_NACA_0021_Circ70_Sol1.10 Simulation 3.13;Blade_NACA_0021_Circ70_Sol1.10 Simulation 3.13;Blade_NACA_0021_Circ70_Sol1.10 Simulation 3.13;Blade_NACA_0021_Circ70_Sol1.10 Simulation 3.13;Blade_NACA_0021_Circ70_Sol1.10 Simulation 3.13;Blade_NACA_0021_Circ70_Sol1.10 Simulation 3.13;Blade_NACA_0021_Circ70_Sol1.10 Simulation 3.13;Blade_NACA_0021_Circ70_Sol1.10 Simulation 3.13;Blade_NACA_0021_Circ70_Sol1.10 Simulation 3.13;Blade_NACA_0021_Circ70_Sol1.10 Simulation 3.13;Blade_NACA_0021_Circ70_Sol1.10 Simulation 3.13;Blade_NACA_0021_Circ70_Sol1.10 Simulation 3.13;Blade_NACA_0021_Circ70_Sol1.10 Simulation 3.13;Blade_NACA_0021_Circ70_Sol1.10 Simulation 3.13;Blade_NACA_0021_Circ70_Sol1.10 Simulation 3.13;Blade_NACA_0021_Circ70_Sol1.10 Simulation 3.13;Blade_NACA_0021_Circ70_Sol1.10 Simulation 3.13;Blade_NACA_0021_Circ70_Sol1.10 Simulation 3.13;Blade_NACA_0021_Circ70_Sol1.10 Simulation 3.13;Blade_NACA_0021_Circ70_Sol1.10 Simulation 3.13;Blade_NACA_0021_Circ70_Sol1.10 Simulation 3.13;Blade_NACA_0021_Circ70_Sol1.10 Simulation 3.13;Blade_NACA_0021_Circ70_Sol1.10 Simulation 3.13;Blade_NACA_0021_Circ70_Sol1.10 Simulation 3.13;Blade_NACA_0021_Circ70_Sol1.10 Simulation 3.13;Blade_NACA_0021_Circ70_Sol1.10 Simulation 3.13;Blade_NACA_0021_Circ70_Sol1.10 Simulation 3.13;Blade_NACA_0021_Circ70_Sol1.10 Simulation 3.13;Blade_NACA_0021_Circ70_Sol1.10 Simulation 3.13;Blade_NACA_0021_Circ70_Sol1.10 Simulation 3.13;Blade_NACA_0021_Circ70_Sol1.10 Simulation 3.13;Blade_NACA_0021_Circ70_Sol1.10 Simulation 3.13;Blade_NACA_0021_Circ70_Sol1.10 Simulation 3.13;Blade_NACA_0021_Circ70_Sol1.10 Simulation 3.13;Blade_NACA_0021_Circ70_Sol1.10 Simulation 3.13;Blade_NACA_0021_Circ70_Sol1.10 Simulation 3.13;Blade_NACA_0021_Circ70_Sol1.10 Simulation 3.13;Blade_NACA_0021_Circ70_Sol1.10 Simulation 3.13;Blade_NACA_0021_Circ70_Sol1.10 Simulation 3.13;Blade_NACA_0021_Circ70_Sol1.10 Simulation 3.13;Blade_NACA_0021_Circ70_Sol1.10 Simulation 3.13;Blade_NACA_0021_Circ70_Sol1.10 Simulation 3.13;Blade_NACA_0021_Circ70_Sol1.10 Simulation 3.13;Blade_NACA_0021_Circ70_Sol1.10 Simulation 3.13;Blade_NACA_0021_Circ70_Sol1.10 Simulation 3.13;Blade_NACA_0021_Circ70_Sol1.10 Simulation 3.13;Blade_NACA_0021_Circ70_Sol1.10 Simulation 3.13;Blade_NACA_0021_Circ70_Sol1.10 Simulation 3.13;Blade_NACA_0021_Circ70_Sol1.10 Simulation 3.13;Blade_NACA_0021_Circ70_Sol1.10 Simulation 3.13;Blade_NACA_0021_Circ70_Sol1.10 Simulation 3.13;Blade_NACA_0021_Circ70_Sol1.10 Simulation 3.13;Blade_NACA_0021_Circ70_Sol1.10 Simulation 3.13;Blade_NACA_0021_Circ70_Sol1.10 Simulation 3.13;Blade_NACA_0021_Circ70_Sol1.10 Simulation 3.13;Blade_NACA_0021_Circ70_Sol1.10 Simulation 3.13;Blade_NACA_0021_Circ70_Sol1.10 Simulation 3.13;Blade_NACA_0021_Circ70_Sol1.10 Simulation 3.13;Blade_NACA_0021_Circ70_Sol1.10 Simulation 3.13;Blade_NACA_0021_Circ70_Sol1.10 Simulation 3.13;Blade_NACA_0021_Circ70_Sol1.10 Simulation 3.13;Blade_NACA_0021_Circ70_Sol1.10 Simulation 3.13;Blade_NACA_0021_Circ70_Sol1.10 Simulation 3.13;Blade_NACA_0021_Circ70_Sol1.10 Simulation 3.13;Blade_NACA_0021_Circ70_Sol1.10 Simulation 3.13;Blade_NACA_0021_Circ70_Sol1.10 Simulation 3.13;Blade_NACA_0021_Circ70_Sol1.10 Simulation 3.13;Blade_NACA_0021_Circ70_Sol1.10 Simulation 3.13;Blade_NACA_0021_Circ70_Sol1.10 Simulation 3.13;Blade_NACA_0021_Circ70_Sol1.10 Simulation 3.13;Blade_NACA_0021_Circ70_Sol1.10 Simulation 3.13;Blade_NACA_0021_Circ70_Sol1.10 Simulation 3.13;Blade_NACA_0021_Circ70_Sol1.10 Simulation 3.13;Blade_NACA_0021_Circ70_Sol1.10 Simulation 3.13;Blade_NACA_0021_Circ70_Sol1.10 Simulation 3.13;Blade_NACA_0021_Circ70_Sol1.10 Simulation 3.13;Blade_NACA_0021_Circ70_Sol1.10 Simulation 3.13;Blade_NACA_0021_Circ70_Sol1.10 Simulation 3.13;Blade_NACA_0021_Circ70_Sol1.10 Simulation 3.13;Blade_NACA_0021_Circ70_Sol1.10 Simulation 3.13;Blade_NACA_0021_Circ70_Sol1.10 Simulation 3.13;Blade_NACA_0021_Circ70_Sol1.10 Simulation 3.13;Blade_NACA_0021_Circ70_Sol1.10 Simulation 3.13;Blade_NACA_0021_Circ70_Sol1.10 Simulation 3.13;Blade_NACA_0021_Circ70_Sol1.10 Simulation 3.13;Blade_NACA_0021_Circ70_Sol1.10 Simulation 3.13;Blade_NACA_0021_Circ70_Sol1.10 Simulation 3.13;Blade_NACA_0021_Circ70_Sol1.10 Simulation 3.13;Blade_NACA_0021_Circ70_Sol1.10 Simulation 3.13;Blade_NACA_0021_Circ70_Sol1.10 Simulation 3.13;Blade_NACA_0021_Circ70_Sol1.10 Simulation 3.13;Blade_NACA_0021_Circ70_Sol1.10 Simulation 3.13;Blade_NACA_0021_Circ70_Sol1.10 Simulation 3.13;Blade_NACA_0021_Circ70_Sol1.10 Simulation 3.13;Blade_NACA_0021_Circ70_Sol1.10 Simulation 3.13;Blade_NACA_0021_Circ70_Sol1.10 Simulation 3.13;Blade_NACA_0021_Circ70_Sol1.10 Simulation 3.13;Blade_NACA_0021_Circ70_Sol1.10 Simulation 3.13;Blade_NACA_0021_Circ70_Sol1.10 Simulation 3.13;Blade_NACA_0021_Circ70_Sol1.10 Simulation 3.13;Blade_NACA_0021_Circ70_Sol1.10 Simulation 3.13;Blade_NACA_0021_Circ70_Sol1.10 Simulation 3.13;Blade_NACA_0021_Circ70_Sol1.10 Simulation 3.13;Blade_NACA_0021_Circ70_Sol1.10 Simulation 3.13;Blade_NACA_0021_Circ70_Sol1.10 Simulation 3.13;Blade_NACA_0021_Circ70_Sol1.10 Simulation 3.13;Blade_NACA_0021_Circ70_Sol1.10 Simulation 3.13;Blade_NACA_0021_Circ70_Sol1.10 Simulation 3.13;Blade_NACA_0021_Circ70_Sol1.10 Simulation 3.13;Blade_NACA_0021_Circ70_Sol1.10 Simulation 3.13;Blade_NACA_0021_Circ70_Sol1.10 Simulation 3.13;Blade_NACA_0021_Circ70_Sol1.10 Simulation 3.13;Blade_NACA_0021_Circ70_Sol1.10 Simulation 3.13;Blade_NACA_0021_Circ70_Sol1.10 Simulation 3.13;Blade_NACA_0021_Circ70_Sol1.10 Simulation 3.13;Blade_NACA_0021_Circ70_Sol1.10 Simulation 3.13;Blade_NACA_0021_Circ70_Sol1.10 Simulation 3.13;Blade_NACA_0021_Circ70_Sol1.10 Simulation 3.13;Blade_NACA_0021_Circ70_Sol1.10 Simulation 3.13;Blade_NACA_0021_Circ70_Sol1.10 Simulation 3.13;Blade_NACA_0021_Circ70_Sol1.10 Simulation 3.13;Blade_NACA_0021_Circ70_Sol1.10 Simulation 3.13;Blade_NACA_0021_Circ70_Sol1.10 Simulation 3.13;Blade_NACA_0021_Circ70_Sol1.10 Simulation 3.13;Blade_NACA_0021_Circ70_Sol1.10 Simulation 3.13;Blade_NACA_0021_Circ70_Sol1.10 Simulation 3.13;Blade_NACA_0021_Circ70_Sol1.10 Simulation 3.13;Blade_NACA_0021_Circ70_Sol1.10 Simulation 3.13;Blade_NACA_0021_Circ70_Sol1.10 Simulation 3.13;Blade_NACA_0021_Circ70_Sol1.10 Simulation 3.13;Blade_NACA_0021_Circ70_Sol1.10 Simulation 3.13;Blade_NACA_0021_Circ70_Sol1.10 Simulation 3.13;Blade_NACA_0021_Circ70_Sol1.10 Simulation 3.13;Blade_NACA_0021_Circ70_Sol1.10 Simulation 3.13;Blade_NACA_0021_Circ70_Sol1.10 Simulation 3.13;Blade_NACA_0021_Circ70_Sol1.10 Simulation 3.13;Blade_NACA_0021_Circ70_Sol1.10 Simulation 3.13;Blade_NACA_0021_Circ70_Sol1.10 Simulation 3.13;Blade_NACA_0021_Circ70_Sol1.10 Simulation 3.13;Blade_NACA_0021_Circ70_Sol1.10 Simulation 3.13;Blade_NACA_0021_Circ70_Sol1.10 Simulation 3.13;Blade_NACA_0021_Circ70_Sol1.10 Simulation 3.13;Blade_NACA_0021_Circ70_Sol1.10 Simulation 3.13;Blade_NACA_0021_Circ70_Sol1.10 Simulation 3.13;Blade_NACA_0021_Circ70_Sol1.10 Simulation 3.13;Blade_NACA_0021_Circ70_Sol1.10 Simulation 3.13;Blade_NACA_0021_Circ70_Sol1.10 Simulation 3.13;Blade_NACA_0021_Circ70_Sol1.10 Simulation 3.13;Blade_NACA_0021_Circ70_Sol1.10 Simulation 3.13;Blade_NACA_0021_Circ70_Sol1.10 Simulation 3.13;Blade_NACA_0021_Circ70_Sol1.10 Simulation 3.13;Blade_NACA_0021_Circ70_Sol1.10 Simulation 3.13;Blade_NACA_0021_Circ70_Sol1.10 Simulation 3.13;Blade_NACA_0021_Circ70_Sol1.10 Simulation 3.13;Blade_NACA_0021_Circ70_Sol1.10 Simulation 3.13;Blade_NACA_0021_Circ70_Sol1.10 Simulation 3.13;Blade_NACA_0021_Circ70_Sol1.10 Simulation 3.13;Blade_NACA_0021_Circ70_Sol1.10 Simulation 3.13;Blade_NACA_0021_Circ70_Sol1.10 Simulation 3.13;Blade_NACA_0021_Circ70_Sol1.10 Simulation 3.13;Blade_NACA_0021_Circ70_Sol1.10 Simulation 3.13;Blade_NACA_0021_Circ70_Sol1.10 Simulation 3.13;Blade_NACA_0021_Circ70_Sol1.10 Simulation 3.13;Blade_NACA_0021_Circ70_Sol1.10 Simulation 3.13;Blade_NACA_0021_Circ70_Sol1.10 Simulation 3.13;Blade_NACA_0021_Circ70_Sol1.10 Simulation 3.13;Blade_NACA_0021_Circ70_Sol1.10 Simulation 3.13;Blade_NACA_0021_Circ70_Sol1.10 Simulation 3.13;Blade_NACA_0021_Circ70_Sol1.10 Simulation 3.13;Blade_NACA_0021_Circ70_Sol1.10 Simulation 3.13;Blade_NACA_0021_Circ70_Sol1.10 Simulation 3.13;Blade_NACA_0021_Circ70_Sol1.10 Simulation 3.13;Blade_NACA_0021_Circ70_Sol1.10 Simulation 3.13;Blade_NACA_0021_Circ70_Sol1.10 Simulation 3.13;Blade_NACA_0021_Circ70_Sol1.10 Simulation 3.13;Blade_NACA_0021_Circ70_Sol1.10 Simulation 3.13;Blade_NACA_0021_Circ70_Sol1.10 Simulation 3.13;Blade_NACA_0021_Circ70_Sol1.10 Simulation 3.13;Blade_NACA_0021_Circ70_Sol1.10 Simulation 3.13;Blade_NACA_0021_Circ70_Sol1.10 Simulation 3.13;Blade_NACA_0021_Circ70_Sol1.10 Simulation 3.13;Blade_NACA_0021_Circ70_Sol1.10 Simulation 3.13;Blade_NACA_0021_Circ70_Sol1.10 Simulation 3.13;Blade_NACA_0021_Circ70_Sol1.10 Simulation 3.13;Blade_NACA_0021_Circ70_Sol1.10 Simulation 3.13;Blade_NACA_0021_Circ70_Sol1.10 Simulation 3.13;Blade_NACA_0021_Circ70_Sol1.10 Simulation 3.13;Blade_NACA_0021_Circ70_Sol1.10 Simulation 3.13;Blade_NACA_0021_Circ70_Sol1.10 Simulation 3.13;Blade_NACA_0021_Circ70_Sol1.10 Simulation 3.13;Blade_NACA_0021_Circ70_Sol1.10 Simulation 3.13;Blade_NACA_0021_Circ70_Sol1.10 Simulation 3.13;Blade_NACA_0021_Circ70_Sol1.10 Simulation 3.13;Blade_NACA_0021_Circ70_Sol1.10 Simulation 3.13;Blade_NACA_0021_Circ70_Sol1.10 Simulation 3.13;Blade_NACA_0021_Circ70_Sol1.10 Simulation 3.13;Blade_NACA_0021_Circ70_Sol1.10 Simulation 3.13;Blade_NACA_0021_Circ70_Sol1.10 Simulation 3.13;Blade_NACA_0021_Circ70_Sol1.10 Simulation 3.13;Blade_NACA_0021_Circ70_Sol1.10 Simulation 3.13;Blade_NACA_0021_Circ70_Sol1.10 Simulation 3.13;Blade_NACA_0021_Circ70_Sol1.10 Simulation 3.13;Blade_NACA_0021_Circ70_Sol1.10 Simulation 3.13;Blade_NACA_0021_Circ70_Sol1.10 Simulation 3.13;Blade_NACA_0021_Circ70_Sol1.10 Simulation 3.13;Blade_NACA_0021_Circ70_Sol1.10 Simulation 3.13;Blade_NACA_0021_Circ70_Sol1.10 Simulation 3.13;Blade_NACA_0021_Circ70_Sol1.10 Simulation 3.13;Blade_NACA_0021_Circ70_Sol1.10 Simulation 3.13;Blade_NACA_0021_Circ70_Sol1.10 Simulation 3.13;Blade_NACA_0021_Circ70_Sol1.10 Simulation 3.13;Blade_NACA_0021_Circ70_Sol1.10 Simulation 3.13;Blade_NACA_0021_Circ70_Sol1.10 Simulation 3.13;Blade_NACA_0021_Circ70_Sol1.10 Simulation 3.13;Blade_NACA_0021_Circ70_Sol1.10 Simulation 3.13;Blade_NACA_0021_Circ70_Sol1.10 Simulation 3.13;Blade_NACA_0021_Circ70_Sol1.10 Simulation 3.13;Blade_NACA_0021_Circ70_Sol1.10 Simulation 3.13;Blade_NACA_0021_Circ70_Sol1.10 Simulation 3.13;Blade_NACA_0021_Circ70_Sol1.10 Simulation 3.13;Blade_NACA_0021_Circ70_Sol1.10 Simulation 3.13;Blade_NACA_0021_Circ70_Sol1.10 Simulation 3.13;Blade_NACA_0021_Circ70_Sol1.10 Simulation 3.13;Blade_NACA_0021_Circ70_Sol1.10 Simulation 3.13;Blade_NACA_0021_Circ70_Sol1.10 Simulation 3.13;Blade_NACA_0021_Circ70_Sol1.10 Simulation 3.13;Blade_NACA_0021_Circ70_Sol1.10 Simulation 3.13;Blade_NACA_0021_Circ70_Sol1.10 Simulation 3.13;Blade_NACA_0021_Circ70_Sol1.10 Simulation 3.13;Blade_NACA_0021_Circ70_Sol1.10 Simulation 3.13;Blade_NACA_0021_Circ70_Sol1.10 Simulation 3.13;Blade_NACA_0021_Circ70_Sol1.10 Simulation 3.13;Blade_NACA_0021_Circ70_Sol1.10 Simulation 3.13;Blade_NACA_0021_Circ70_Sol1.10 Simulation 3.13;Blade_NACA_0021_Circ70_Sol1.10 Simulation 3.13;Blade_NACA_0021_Circ70_Sol1.10 Simulation 3.13;Blade_NACA_0021_Circ70_Sol1.10 Simulation 3.13;Blade_NACA_0021_Circ70_Sol1.10 Simulation 3.13;Blade_NACA_0021_Circ70_Sol1.10 Simulation 3.13;Blade_NACA_0021_Circ70_Sol1.10 Simulation 3.13;Blade_NACA_0021_Circ70_Sol1.10 Simulation 3.13;Blade_NACA_0021_Circ70_Sol1.10 Simulation 3.13;Blade_NACA_0021_Circ70_Sol1.10 Simulation 3.13;Blade_NACA_0021_Circ70_Sol1.10 Simulation 3.13;Blade_NACA_0021_Circ70_Sol1.10 Simulation 3.13;Blade_NACA_0021_Circ70_Sol1.10 Simulation 3.13;Blade_NACA_0021_Circ70_Sol1.10 Simulation 3.13;Blade_NACA_0021_Circ70_Sol1.10 Simulation 3.13;Blade_NACA_0021_Circ70_Sol1.10 Simulation 3.13;Blade_NACA_0021_Circ70_Sol1.10 Simulation 3.13;Blade_NACA_0021_Circ70_Sol1.10 Simulation 3.13;Blade_NACA_0021_Circ70_Sol1.10 Simulation 3.13;Blade_NACA_0021_Circ70_Sol1.10 Simulation 3.13;Blade_NACA_0021_Circ70_Sol1.10 Simulation 3.13;Blade_NACA_0021_Circ70_Sol1.10 Simulation 3.13;Blade_NACA_0021_Circ70_Sol1.10 Simulation 3.13;Blade_NACA_0021_Circ70_Sol1.10 Simulation 3.13;Blade_NACA_0021_Circ70_Sol1.10 Simulation 3.13;Blade_NACA_0021_Circ70_Sol1.10 Simulation 3.13;Blade_NACA_0021_Circ70_Sol1.10 Simulation 3.13;Blade_NACA_0021_Circ70_Sol1.10 Simulation 3.13;Blade_NACA_0021_Circ70_Sol1.10 Simulation 3.13;Blade_NACA_0021_Circ70_Sol1.10 Simulation 3.13;Blade_NACA_0021_Circ70_Sol1.10 Simulation 3.13;Blade_NACA_0021_Circ70_Sol1.10 Simulation 3.13;Blade_NACA_0021_Circ70_Sol1.10 Simulation 3.13;Blade_NACA_0021_Circ70_Sol1.10 Simulation 3.13;Blade_NACA_0021_Circ70_Sol1.10 Simulation 3.13;Blade_NACA_0021_Circ70_Sol1.10 Simulation 3.13;Blade_NACA_0021_Circ70_Sol1.10 Simulation 3.13;Blade_NACA_0021_Circ70_Sol1.10 Simulation 3.13;Blade_NACA_0021_Circ70_Sol1.10 Simulation 3.13;Blade_NACA_0021_Circ70_Sol1.10 Simulation 3.13;Blade_NACA_0021_Circ70_Sol1.10 Simulation 3.13;Blade_NACA_0021_Circ70_Sol1.10 Simulation 3.13;Blade_NACA_0021_Circ70_Sol1.10 Simulation 3.13;Blade_NACA_0021_Circ70_Sol1.10 Simulation 3.13;Blade_NACA_0021_Circ70_Sol1.10 Simulation 3.13;Blade_NACA_0021_Circ70_Sol1.10 Simulation 3.13;Blade_NACA_0021_Circ70_Sol1.10 Simulation 3.13;Blade_NACA_0021_Circ70_Sol1.10 Simulation 3.13;Blade_NACA_0021_Circ70_Sol1.10 Simulation 3.13;Blade_NACA_0021_Circ70_Sol1.10 Simulation 3.13;Blade_NACA_0021_Circ70_Sol1.10 Simulation 3.13;Blade_NACA_0021_Circ70_Sol1.10 Simulation 3.13;Blade_NACA_0021_Circ70_Sol1.10 Simulation 3.13;Blade_NACA_0021_Circ70_Sol1.10 Simulation 3.13;Blade_NACA_0021_Circ70_Sol1.10 Simulation 3.13;Blade_NACA_0021_Circ70_Sol1.10 Simulation 3.13;Blade_NACA_0021_Circ70_Sol1.10 Simulation 3.13;Blade_NACA_0021_Circ70_Sol1.10 Simulation 3.13;Blade_NACA_0021_Circ70_Sol1.10 Simulation 3.13;Blade_NACA_0021_Circ70_Sol1.10 Simulation 3.13;Blade_NACA_0021_Circ70_Sol1.10 Simulation 3.13;Blade_NACA_0021_Circ70_Sol1.10 Simulation 3.13;Blade_NACA_0021_Circ70_Sol1.10 Simulation 3.13;Blade_NACA_0021_Circ70_Sol1.10 Simulation 3.13;Blade_NACA_0021_Circ70_Sol1.10 Simulation 3.13;Blade_NACA_0021_Circ70_Sol1.10 Simulation 3.13;Blade_NACA_0021_Circ70_Sol1.10 Simulation 3.13;Blade_NACA_0021_Circ70_Sol1.10 Simulation 3.13;Blade_NACA_0021_Circ70_Sol1.10 Simulation 3.13;Blade_NACA_0021_Circ70_Sol1.10 Simulation 3.13;Blade_NACA_0021_Circ70_Sol1.10 Simulation 3.13;Blade_NACA_0021_Circ70_Sol1.10 Simulation 3.13;Blade_NACA_0021_Circ70_Sol1.10 Simulation 3.13;Blade_NACA_0021_Circ70_Sol1.10 Simulation 3.13;Blade_NACA_0021_Circ70_Sol1.10 Simulation 3.13;Blade_NACA_0021_Circ70_Sol1.10 Simulation 3.13;Blade_NACA_0021_Circ70_Sol1.10 Simulation 3.13;Blade_NACA_0021_Circ70_Sol1.10 Simulation 3.13;Blade_NACA_0021_Circ70_Sol1.10 Simulation 3.13;Blade_NACA_0021_Circ70_Sol1.10 Simulation 3.13;Blade_NACA_0021_Circ70_Sol1.10 Simulation 3.13;Blade_NACA_0021_Circ70_Sol1.10 Simulation 3.13;Blade_NACA_0021_Circ70_Sol1.10 Simulation 3.13;Blade_NACA_0021_Circ70_Sol1.10 Simulation 3.13;Blade_NACA_0021_Circ70_Sol1.10 Simulation 3.13;Blade_NACA_0021_Circ70_Sol1.10 Simulation 3.13;Blade_NACA_0021_Circ70_Sol1.10 Simulation 3.13;Blade_NACA_0021_Circ70_Sol1.10 Simulation 3.13;Blade_NACA_0021_Circ70_Sol1.10 Simulation 3.13;Blade_NACA_0021_Circ70_Sol1.10 Simulation 3.13;Blade_NACA_0021_Circ70_Sol1.10 Simulation 3.13;Blade_NACA_0021_Circ70_Sol1.10 Simulation 3.13;Blade_NACA_0021_Circ70_Sol1.10 Simulation 3.13;Blade_NACA_0021_Circ70_Sol1.10 Simulation 3.13;Blade_NACA_0021_Circ70_Sol1.10 Simulation 3.13;Blade_NACA_0021_Circ70_Sol1.10 Simulation 3.13;Blade_NACA_0021_Circ70_Sol1.10 Simulation 3.13;Blade_NACA_0021_Circ70_Sol1.10 Simulation 3.13;Blade_NACA_0021_Circ70_Sol1.10 Simulation 3.13;Blade_NACA_0021_Circ70_Sol1.10 Simulation 3.13;Blade_NACA_0021_Circ70_Sol1.10 Simulation 3.13;Blade_NACA_0021_Circ70_Sol1.10 Simulation 3.13;Blade_NACA_0021_Circ70_Sol1.10 Simulation 3.13;Blade_NACA_0021_Circ70_Sol1.10 Simulation 3.13;Blade_NACA_0021_Circ70_Sol1.10 Simulation 3.13;Blade_NACA_0021_Circ70_Sol1.10 Simulation 3.13;Blade_NACA_0021_Circ70_Sol1.10 Simulation 3.13;Blade_NACA_0021_Circ70_Sol1.10 Simulation 3.13;Blade_NACA_0021_Circ70_Sol1.10 Simulation 3.13;Blade_NACA_0021_Circ70_Sol1.10 Simulation 3.13;Blade_NACA_0021_Circ70_Sol1.10 Simulation 3.13;Blade_NACA_0021_Circ70_Sol1.10 Simulation 3.13;Blade_NACA_0021_Circ70_Sol1.10 Simulation 3.13;Blade_NACA_0021_Circ70_Sol1.10 Simulation 3.13;Blade_NACA_0021_Circ70_Sol1.10 Simulation 3.13;Blade_NACA_0021_Circ70_Sol1.10 Simulation 3.13;Blade_NACA_0021_Circ70_Sol1.10 Simulation 3.13;Blade_NACA_0021_Circ70_Sol1.10 Simulation 3.13;Blade_NACA_0021_Circ70_Sol1.10 Simulation 3.13;Blade_NACA_0021_Circ70_Sol1.10 Simulation 3.13;Blade_NACA_0021_Circ70_Sol1.10 Simulation 3.13;Blade_NACA_0021_Circ70_Sol1.10 Simulation 3.13;Blade_NACA_0021_Circ70_Sol1.10 Simulation 3.13;Blade_NACA_0021_Circ70_Sol1.10 Simulation 3.13;Blade_NACA_0021_Circ70_Sol1.10 Simulation 3.13;Blade_NACA_0021_Circ70_Sol1.10 Simulation 3.13;Blade_NACA_0021_Circ70_Sol1.10 Simulation 3.13;Blade_NACA_0021_Circ70_Sol1.10 Simulation 3.13;Blade_NACA_0021_Circ70_Sol1.10 Simulation 3.13;Blade_NACA_0021_Circ70_Sol1.10 Simulation 3.13;Blade_NACA_0021_Circ70_Sol1.10 Simulation 3.13;Blade_NACA_0021_Circ70_Sol1.10 Simulation 3.13;Blade_NACA_0021_Circ70_Sol1.10 Simulation 3.13;Blade_NACA_0021_Circ70_Sol1.10 Simulation 3.13;Blade_NACA_0021_Circ70_Sol1.10 Simulation 3.13;Blade_NACA_0021_Circ70_Sol1.10 Simulation 3.13;Blade_NACA_0021_Circ70_Sol1.10 Simulation 3.13;Blade_NACA_0021_Circ70_Sol1.10 Simulation 3.13;Blade_NACA_0021_Circ70_Sol1.10 Simulation 3.13;Blade_NACA_0021_Circ70_Sol1.10 Simulation 3.13;Blade_NACA_0021_Circ70_Sol1.10 Simulation 3.13;Blade_NACA_0021_Circ70_Sol1.10 Simulation 3.13;Blade_NACA_0021_Circ70_Sol1.10 Simulation 3.13;Blade_NACA_0021_Circ70_Sol1.10 Simulation 3.13;Blade_NACA_0021_Circ70_Sol1.10 Simulation 3.13;Blade_NACA_0021_Circ70_Sol1.10 Simulation 3.13;Blade_NACA_0021_Circ70_Sol1.10 Simulation 3.13;Blade_NACA_0021_Circ70_Sol1.10 Simulation 3.13;Blade_NACA_0021_Circ70_Sol1.10 Simulation 3.13;Blade_NACA_0021_Circ70_Sol1.10 Simulation 3.13;Blade_NACA_0021_Circ70_Sol1.10 Simulation 3.13;Blade_NACA_0021_Circ70_Sol1.10 Simulation 3.13;Blade_NACA_0021_Circ70_Sol1.10 Simulation 3.13;Blade_NACA_0021_Circ70_Sol1.10 Simulation 3.13;Blade_NACA_0021_Circ70_Sol1.10 Simulation 3.13;Blade_NACA_0021_Circ70_Sol1.10 Simulation 3.13;Blade_NACA_0021_Circ70_Sol1.10 Simulation 3.13;Blade_NACA_0021_Circ70_Sol1.10 Simulation 3.13;Blade_NACA_0021_Circ70_Sol1.10 Simulation 3.13;Blade_NACA_0021_Circ70_Sol1.10 Simulation 3.13;Blade_NACA_0021_Circ70_Sol1.10 Simulation 3.13;Blade_NACA_0021_Circ70_Sol1.10 Simulation 3.13;Blade_NACA_0021_Circ70_Sol1.10 Simulation 3.13;Blade_NACA_0021_Circ70_Sol1.10 Simulation 3.13;Blade_NACA_0021_Circ70_Sol1.10 Simulation 3.13;Blade_NACA_0021_Circ70_Sol1.10 Simulation 3.13;Blade_NACA_0021_Circ70_Sol1.10 Simulation 3.13;Blade_NACA_0021_Circ70_Sol1.10 Simulation 3.13;Blade_NACA_0021_Circ70_Sol1.10 Simulation 3.13;Blade_NACA_0021_Circ70_Sol1.10 Simulation 3.13;Blade_NACA_0021_Circ70_Sol1.10 Simulation 3.13;Blade_NACA_0021_Circ70_Sol1.10 Simulation 3.13;Blade_NACA_0021_Circ70_Sol1.10 Simulation 3.13;Blade_NACA_0021_Circ70_Sol1.10 Simulation 3.13;Blade_NACA_0021_Circ70_Sol1.10 Simulation 3.13;Blade_NACA_0021_Circ70_Sol1.10 Simulation 3.13;Blade_NACA_0021_Circ70_Sol1.10 Simulation 3.13;Blade_NACA_0021_Circ70_Sol1.10 Simulation 3.13;Blade_NACA_0021_Circ70_Sol1.10 Simulation 3.13;Blade_NACA_0021_Circ70_Sol1.10 Simulation 3.13;Blade_NACA_0021_Circ70_Sol1.10 Simulation 3.13;Blade_NACA_0021_Circ70_Sol1.10 Simulation 3.13;Blade_NACA_0021_Circ70_Sol1.10 Simulation 3.13;Blade_NACA_0021_Circ70_Sol1.10 Simulation 3.13;Blade_NACA_0021_Circ70_Sol1.10 Simulation 3.13;Blade_NACA_0021_Circ70_Sol1.10 Simulation 3.13;Blade_NACA_0021_Circ70_Sol1.10 Simulation 3.13;Blade_NACA_0021_Circ70_Sol1.10 Simulation 3.13;Blade_NACA_0021_Circ70_Sol1.10 Simulation 3.13;Blade_NACA_0021_Circ70_Sol1.10 Simulation 3.13;Blade_NACA_0021_Circ70_Sol1.10 Simulation 3.13;Blade_NACA_0021_Circ70_Sol1.10 Simulation 3.13;Blade_NACA_0021_Circ70_Sol1.10 Simulation 3.13;Blade_NACA_0021_Circ70_Sol1.10 Simulation 3.13;Blade_NACA_0021_Circ70_Sol1.10 Simulation 3.13;Blade_NACA_0021_Circ70_Sol1.10 Simulation 3.13;Blade_NACA_0021_Circ70_Sol1.10 Simulation 3.13;Blade_NACA_0021_Circ70_Sol1.10 Simulation 3.13;Blade_NACA_0021_Circ70_Sol1.10 Simulation 3.13;Blade_NACA_0021_Circ70_Sol1.10 Simulation 3.13;Blade_NACA_0021_Circ70_Sol1.10 Simulation 3.13;Blade_NACA_0021_Circ70_Sol1.10 Simulation 3.13;Blade_NACA_0021_Circ70_Sol1.10 Simulation 3.13;Blade_NACA_0021_Circ70_Sol1.10 Simulation 3.13;Blade_NACA_0021_Circ70_Sol1.10 Simulation 3.13;Blade_NACA_0021_Circ70_Sol1.10 Simulation 3.13;Blade_NACA_0021_Circ70_Sol1.10 Simulation 3.13;Blade_NACA_0021_Circ70_Sol1.10 Simulation 3.13;Blade_NACA_0021_Circ70_Sol1.10 Simulation 3.13;Blade_NACA_0021_Circ70_Sol1.10 Simulation 3.13;Blade_NACA_0021_Circ70_Sol1.10 Simulation 3.13;Blade_NACA_0021_Circ70_Sol1.10 Simulation 3.13;Blade_NACA_0021_Circ70_Sol1.10 Simulation 3.13;Blade_NACA_0021_Circ70_Sol1.10 Simulation 3.13;Blade_NACA_0021_Circ70_Sol1.10 Simulation 3.13;Blade_NACA_0021_Circ70_Sol1.10 Simulation 3.13;Blade_NACA_0021_Circ70_Sol1.10 Simulation 3.13;Blade_NACA_0021_Circ70_Sol1.10 Simulation 3.13;Blade_NACA_0021_Circ70_Sol1.10 Simulation 3.13;Blade_NACA_0021_Circ70_Sol1.10 Simulation 3.13;Blade_NACA_0021_Circ70_Sol1.10 Simulation 3.13;Blade_NACA_0021_Circ70_Sol1.10 Simulation 3.13;Blade_NACA_0021_Circ70_Sol1.10 Simulation 3.13;Blade_NACA_0021_Circ70_Sol1.10 Simulation 3.13;Blade_NACA_0021_Circ70_Sol1.10 Simulation 3.13;Blade_NACA_0021_Circ70_Sol1.10 Simulation 3.13;Blade_NACA_0021_Circ70_Sol1.10 Simulation 3.13;Blade_NACA_0021_Circ70_Sol1.10 Simulation 3.13;Blade_NACA_0021_Circ70_Sol1.10 Simulation 3.13;Blade_NACA_0021_Circ70_Sol1.10 Simulation 3.13;Blade_NACA_0021_Circ70_Sol1.10 Simulation 3.13;Blade_NACA_0021_Circ70_Sol1.10 Simulation 3.13;Blade_NACA_0021_Circ70_Sol1.10 Simulation 3.13;Blade_NACA_0021_Circ70_Sol1.10 Simulation 3.13;Blade_NACA_0021_Circ70_Sol1.10 Simulation 3.13;Blade_NACA_0021_Circ70_Sol1.10 Simulation 3.13;Blade_NACA_0021_Circ70_Sol1.10 Simulation 3.13;Blade_NACA_0021_Circ70_Sol1.10 Simulation 3.13;Blade_NACA_0021_Circ70_Sol1.10 Simulation 3.13;Blade_NACA_0021_Circ70_Sol1.10 Simulation 3.13;Blade_NACA_0021_Circ70_Sol1.10 Simulation 3.13;Blade_NACA_0021_Circ70_Sol1.10 Simulation 3.13;Blade_NACA_0021_Circ70_Sol1.10 Simulation 3.13;Blade_NACA_0021_Circ70_Sol1.10 Simulation 3.13;Blade_NACA_0021_Circ70_Sol1.10 Simulation 3.13;Blade_NACA_0021_Circ70_Sol1.10 Simulation 3.13;Blade_NACA_0021_Circ70_Sol1.10 Simulation 3.13;Blade_NACA_0021_Circ70_Sol1.10 Simulation 3.13;Blade_NACA_0021_Circ70_Sol1.10 Simulation 3.13;Blade_NACA_0021_Circ70_Sol1.10 Simulation 3.13;Blade_NACA_0021_Circ70_Sol1.10 Simulation 3.13;Blade_NACA_0021_Circ70_Sol1.10 Simulation 3.13;Blade_NACA_0021_Circ70_Sol1.10 Simulation 3.13;Blade_NACA_0021_Circ70_Sol1.10 Simulation 3.13;Blade_NACA_0021_Circ70_Sol1.10 Simulation 3.13;Blade_NACA_0021_Circ70_Sol1.10 Simulation 3.13;Blade_NACA_0021_Circ70_Sol1.10 Simulation 3.13;Blade_NACA_0021_Circ70_Sol1.10 Simulation 3.13;Blade_NACA_0021_Circ70_Sol1.10 Simulation 3.13;Blade_NACA_0021_Circ70_Sol1.10 Simulation 3.13;Blade_NACA_0021_Circ70_Sol1.10 Simulation 3.13;Blade_NACA_0021_Circ70_Sol1.10 Simulation 3.13;Blade_NACA_0021_Circ70_Sol1.10 Simulation 3.13;Blade_NACA_0021_Circ70_Sol1.10 Simulation 3.13;Blade_NACA_0021_Circ70_Sol1.10 Simulation 3.13;Blade_NACA_0021_Circ70_Sol1.10 Simulation 3.13;Blade_NACA_0021_Circ70_Sol1.10 Simulation 3.13;Blade_NACA_0021_Circ70_Sol1.10 Simulation 3.13;Blade_NACA_0021_Circ70_Sol1.10 Simulation 3.13;Blade_NACA_0021_Circ70_Sol1.10 Simulation 3.13;Blade_NACA_0021_Circ70_Sol1.10 Simulation 3.13;Blade_NACA_0021_Circ70_Sol1.10 Simulation 3.13;Blade_NACA_0021_Circ70_Sol1.10 Simulation 3.13;Blade_NACA_0021_Circ70_Sol1.10 Simulation 3.13;Blade_NACA_0021_Circ70_Sol1.10 Simulation 3.13;Blade_NACA_0021_Circ70_Sol1.10 Simulation 3.13;Blade_NACA_0021_Circ70_Sol1.10 Simulation 3.13;Blade_NACA_0021_Circ70_Sol1.10 Simulation 3.13;Blade_NACA_0021_Circ70_Sol1.10 Simulation 3.13;Blade_NACA_0021_Circ70_Sol1.10 Simulation 3.13;Blade_NACA_0021_Circ70_Sol1.10 Simulation 3.13;Blade_NACA_0021_Circ70_Sol1.10 Simulation 3.13;Blade_NACA_0021_Circ70_Sol1.10 Simulation 3.13;Blade_NACA_0021_Circ70_Sol1.10 Simulation 3.13;Blade_NACA_0021_Circ70_Sol1.10 Simulation 3.13;Blade_NACA_0021_Circ70_Sol1.10 Simulation 3.13;Blade_NACA_0021_Circ70_Sol1.10 Simulation 3.13;Blade_NACA_0021_Circ70_Sol1.10 Simulation 3.13;Blade_NACA_0021_Circ70_Sol1.10 Simulation 3.13;Blade_NACA_0021_Circ70_Sol1.10 Simulation 3.13;Blade_NACA_0021_Circ70_Sol1.10 Simulation 3.13;Blade_NACA_0021_Circ70_Sol1.10 Simulation 3.13;Blade_NACA_0021_Circ70_Sol1.10 Simulation 3.13;Blade_NACA_0021_Circ70_Sol1.10 Simulation 3.13;Blade_NACA_0021_Circ70_Sol1.10 Simulation 3.13;Blade_NACA_0021_Circ70_Sol1.10 Simulation 3.13;Blade_NACA_0021_Circ70_Sol1.10 Simulation 3.13;Blade_NACA_0021_Circ70_Sol1.10 Simulation 3.13;Blade_NACA_0021_Circ70_Sol1.10 Simulation 3.13;Blade_NACA_0021_Circ70_Sol1.10 Simulation 3.13;Blade_NACA_0021_Circ70_Sol1.10 Simulation 3.13;Blade_NACA_0021_Circ70_Sol1.10 Simulation 3.13;Blade_NACA_0021_Circ70_Sol1.10 Simulation 3.13;Blade_NACA_0021_Circ70_Sol1.10 Simulation 3.13;Blade_NACA_0021_Circ70_Sol1.10 Simulation 3.13;Blade_NACA_0021_Circ70_Sol1.10 Simulation 3.13;Blade_NACA_0021_Circ70_Sol1.10 Simulation 3.13;Blade_NACA_0021_Circ70_Sol1.10 Simulation 3.13;Blade_NACA_0021_Circ70_Sol1.10 Simulation 3.13;Blade_NACA_0021_Circ70_Sol1.10 Simulation 3.13;Blade_NACA_0021_Circ70_Sol1.10 Simulation 3.13;Blade_NACA_0021_Circ70_Sol1.10 Simulation 3.13;Blade_NACA_0021_Circ70_Sol1.10 Simulation 3.13;Blade_NACA_0021_Circ70_Sol1.10 Simulation 3.13;Blade_NACA_0021_Circ70_Sol1.10 Simulation 3.13;Blade_NACA_0021_Circ70_Sol1.10 Simulation 3.13;Blade_NACA_0021_Circ70_Sol1.10 Simulation 3.13;Blade_NACA_0021_Circ70_Sol1.10 Simulation 3.13;Blade_NACA_0021_Circ70_Sol1.10 Simulation 3.13;Blade_NACA_0021_Circ70_Sol1.10 Simulation 3.13;Blade_NACA_0021_Circ70_Sol1.10 Simulation 3.13;Blade_NACA_0021_Circ70_Sol1.10 Simulation 3.13;Blade_NACA_0021_Circ70_Sol1.10 Simulation 3.13;Blade_NACA_0021_Circ70_Sol1.10 Simulation 3.13;Blade_NACA_0021_Circ70_Sol1.10 Simulation 3.13;Blade_NACA_0021_Circ70_Sol1.10 Simulation 3.13;Blade_NACA_0021_Circ70_Sol1.10 Simulation 3.13;Blade_NACA_0021_Circ70_Sol1.10 Simulation 3.13;Blade_NACA_0021_Circ70_Sol1.10 Simulation 3.13;Blade_NACA_0021_Circ70_Sol1.10 Simulation 3.13;Blade_NACA_0021_Circ70_Sol1.10 Simulation 3.13;Blade_NACA_0021_Circ70_Sol1.10 Simulation 3.13;Blade_NACA_0021_Circ70_Sol1.10 Simulation 3.13;Blade_NACA_0021_Circ70_Sol1.10 Simulation 3.13;Blade_NACA_0021_Circ70_Sol1.10 Simulation 3.13;Blade_NACA_0021_Circ70_Sol1.10 Simulation 3.13;Blade_NACA_0021_Circ70_Sol1.10 Simulation 3.13;Blade_NACA_0021_Circ70_Sol1.10 Simulation 3.13;Blade_NACA_0021_Circ70_Sol1.10 Simulation 3.13;Blade_NACA_0021_Circ70_Sol1.10 Simulation 3.13;Blade_NACA_0021_Circ70_Sol1.10 Simulation 3.13;Blade_NACA_0021_Circ70_Sol1.10 Simulation 3.13;Blade_NACA_0021_Circ70_Sol1.10 Simulation 3.13;Blade_NACA_0021_Circ70_Sol1.10 Simulation 3.13;Blade_NACA_0021_Circ70_Sol1.10 Simulation 3.13;Blade_NACA_0021_Circ70_Sol1.10 Simulation 3.13;Blade_NACA_0021_Circ70_Sol1.10 Simulation 3.13;Blade_NACA_0021_Circ70_Sol1.10 Simulation 3.13;Blade_NACA_0021_Circ70_Sol1.10 Simulation 3.13;Blade_NACA_0021_Circ70_Sol1.10 Simulation 3.13;Blade_NACA_0021_Circ70_Sol1.10 Simulation 3.13;Blade_NACA_0021_Circ70_Sol1.10 Simulation 3.13;Blade_NACA_0021_Circ70_Sol1.10 Simulation 3.13;Blade_NACA_0021_Circ70_Sol1.10 Simulation 3.13;Blade_NACA_0021_Circ70_Sol1.10 Simulation 3.13;Blade_NACA_0021_Circ70_Sol1.10 Simulation 3.13;Blade_NACA_0021_Circ70_Sol1.10 Simulation 3.13;Blade_NACA_0021_Circ70_Sol1.10 Simulation 3.13;Blade_NACA_0021_Circ70_Sol1.10 Simulation 3.13;Blade_NACA_0021_Circ70_Sol1.10 Simulation 3.13;Blade_NACA_0021_Circ70_Sol1.10 Simulation 3.13;Blade_NACA_0021_Circ70_Sol1.10 Simulation 3.13;Blade_NACA_0021_Circ70_Sol1.10 Simulation 3.13;Blade_NACA_0021_Circ70_Sol1.10 Simulation 3.13;Blade_NACA_0021_Circ70_Sol1.10 Simulation 3.13;Blade_NACA_0021_Circ70_Sol1.10 Simulation 3.13;Blade_NACA_0021_Circ70_Sol1.10 Simulation 3.13;Blade_NACA_0021_Circ70_Sol1.10 Simulation 3.13;Blade_NACA_0021_Circ70_Sol1.10 Simulation 3.13;Blade_NACA_0021_Circ70_Sol1.10 Simulation 3.13;Blade_NACA_0021_Circ70_Sol1.10 Simulation 3.13;Blade_NACA_0021_Circ70_Sol1.10 Simulation 3.13;Blade_NACA_0021_Circ70_Sol1.10 Simulation 3.13;Blade_NACA_0021_Circ70_Sol1.10 Simulation 3.13;Blade_NACA_0021_Circ70_Sol1.10 Simulation 3.13;Blade_NACA_0021_Circ70_Sol1.10 Simulation 3.13;Blade_NACA_0021_Circ70_Sol1.10 Simulation 3.13;Blade_NACA_0021_Circ70_Sol1.10 Simulation 3.13;Blade_NACA_0021_Circ70_Sol1.10 Simulation 3.13;Blade_NACA_0021_Circ70_Sol1.10 Simulation 3.13;Blade_NACA_0021_Circ70_Sol1.10 Simulation 3.13;Blade_NACA_0021_Circ70_Sol1.10 Simulation 3.13;Blade_NACA_0021_Circ70_Sol1.10 Simulation 3.13;Blade_NACA_0021_Circ70_Sol1.10 Simulation 3.13;Blade_NACA_0021_Circ70_Sol1.10 Simulation 3.13;Blade_NACA_0021_Circ70_Sol1.10 Simulation 3.13;Blade_NACA_0021_Circ70_Sol1.10 Simulation 3.13;Blade_NACA_0021_Circ70_Sol1.10 Simulation 3.13;Blade_NACA_0021_Circ70_Sol1.10 Simulation 3.13;Blade_NACA_0021_Circ70_Sol1.10 Simulation 3.13;Blade_NACA_0021_Circ70_Sol1.10 Simulation 3.13;Blade_NACA_0021_Circ70_Sol1.10 Simulation 3.13;Blade_NACA_0021_Circ70_Sol1.10 Simulation 3.13;Blade_NACA_0021_Circ70_Sol1.10 Simulation 3.13;Blade_NACA_0021_Circ70_Sol1.10 Simulation 3.13;Blade_NACA_0021_Circ70_Sol1.10 Simulation 3.13;Blade_NACA_0021_Circ70_Sol1.10 Simulation 3.13;Blade_NACA_0021_Circ70_Sol1.10 Simulation 3.13;Blade_NACA_0021_Circ70_Sol1.10 Simulation 3.13;Blade_NACA_0021_Circ70_Sol1.10 Simulation 3.13;Blade_NACA_0021_Circ70_Sol1.10 Simulation 3.13;Blade_NACA_0021_Circ70_Sol1.10 Simulation 3.13;Blade_NACA_0021_Circ70_Sol1.10 Simulation 3.13;Blade_NACA_0021_Circ70_Sol1.10 Simulation 3.13;Blade_NACA_0021_Circ70_Sol1.10 Simulation 3.13;Blade_NACA_0021_Circ70_Sol1.10 Simulation 3.13;Blade_NACA_0021_Circ70_Sol1.10 Simulation 3.13;Blade_NACA_0021_Circ70_Sol1.10 Simulation 3.13;Blade_NACA_0021_Circ70_Sol1.10 Simulation 3.13;Blade_NACA_0021_Circ70_Sol1.10 Simulation 3.13;Blade_NACA_0021_Circ70_Sol1.10 Simulation 3.13;Blade_NACA_0021_Circ70_Sol1.10 Simulation 3.13;Blade_NACA_0021_Circ70_Sol1.10 Simulation 3.13;Blade_NACA_0021_Circ70_Sol1.10 Simulation 3.13;Blade_NACA_0021_Circ70_Sol1.10 Simulation 3.13;Blade_NACA_0021_Circ70_Sol1.10 Simulation 3.13;Blade_NACA_0021_Circ70_Sol1.10 Simulation 3.13;Blade_NACA_0021_Circ70_Sol1.10 Simulation 3.13;Blade_NACA_0021_Circ70_Sol1.10 Simulation 3.13;Blade_NACA_0021_Circ70_Sol1.10 Simulation 3.13;Blade_NACA_0021_Circ70_Sol1.10 Simulation 3.13;Blade_NACA_0021_Circ70_Sol1.10 Simulation 3.13;Blade_NACA_0021_Circ70_Sol1.10 Simulation 3.13;Blade_NACA_0021_Circ70_Sol1.10 Simulation 3.13;Blade_NACA_0021_Circ70_Sol1.10 Simulation 3.13;Blade_NACA_0021_Circ70_Sol1.10 Simulation 3.13;Blade_NACA_0021_Circ70_Sol1.10 Simulation 3.13;Blade_NACA_0021_Circ70_Sol1.10 Simulation 3.13;Blade_NACA_0021_Circ70_Sol1.10 Simulation 3.13;Blade_NACA_0021_Circ70_Sol1.10 Simulation 3.13;Blade_NACA_0021_Circ70_Sol1.10 Simulation 3.13;Blade_NACA_0021_Circ70_Sol1.10 Simulation 3.13;Blade_NACA_0021_Circ70_Sol1.10 Simulation 3.13;Blade_NACA_0021_Circ70_Sol1.10 Simulation 3.13;Blade_NACA_0021_Circ70_Sol1.10 Simulation 3.13;Blade_NACA_0021_Circ70_Sol1.10 Simulation 3.13;Blade_NACA_0021_Circ70_Sol1.10 Simulation 3.13;Blade_NACA_0021_Circ70_Sol1.10 Simulation 3.13;Blade_NACA_0021_Circ70_Sol1.10 Simulation 3.13;Blade_NACA_0021_Circ70_Sol1.10 Simulation 3.13;Blade_NACA_0021_Circ70_Sol1.10 Simulation 3.13;Blade_NACA_0021_Circ70_Sol1.10 Simulation 3.13;Blade_NACA_0021_Circ70_Sol1.10 Simulation 3.13;Blade_NACA_0021_Circ70_Sol1.10 Simulation 3.13;Blade_NACA_0021_Circ70_Sol1.10 Simulation 3.13;Blade_NACA_0021_Circ70_Sol1.10 Simulation 3.13;Blade_NACA_0021_Circ70_Sol1.10 Simulation 3.13;Blade_NACA_0021_Circ70_Sol1.10 Simulation 3.13
Azimuthal Angle Theta [deg];Rotor Torque [Nm];Azimuthal Angle Theta [deg];Rotor Torque [Nm];Azimuthal Angle Theta [deg];Rotor Torque [Nm];Azimuthal Angle Theta [deg];Rotor Torque [Nm];Azimuthal Angle Theta [deg];Rotor Torque [Nm];Azimuthal Angle Theta [deg];Rotor Torque [Nm];Azimuthal Angle Theta [deg];Rotor Torque [Nm];Azimuthal Angle Theta [deg];Rotor Torque [Nm];Azimuthal Angle Theta [deg];Rotor Torque [Nm];Azimuthal Angle Theta [deg];Rotor Torque [Nm];Azimuthal Angle Theta [deg];Rotor Torque [Nm];Azimuthal Angle Theta [deg];Rotor Torque [Nm];Azimuthal Angle Theta [deg];Rotor Torque [Nm];Azimuthal Angle Theta [deg];Rotor Torque [Nm];Azimuthal Angle Theta [deg];Rotor Torque [Nm];Azimuthal Angle Theta [deg];Rotor Torque [Nm];Azimuthal Angle Theta [deg];Rotor Torque [Nm];Azimuthal Angle Theta [deg];Rotor Torque [Nm];Azimuthal Angle Theta [deg];Rotor Torque [Nm];Azimuthal Angle Theta [deg];Rotor Torque [Nm];Azimuthal Angle Theta [deg];Rotor Torque [Nm];Azimuthal Angle Theta [deg];Rotor Torque [Nm];Azimuthal Angle Theta [deg];Rotor Torque [Nm];Azimuthal Angle Theta [deg];Rotor Torque [Nm];Azimuthal Angle Theta [deg];Rotor Torque [Nm];Azimuthal Angle Theta [deg];Rotor Torque [Nm];Azimuthal Angle Theta [deg];Rotor Torque [Nm];Azimuthal Angle Theta [deg];Rotor Torque [Nm];Azimuthal Angle Theta [deg];Rotor Torque [Nm];Azimuthal Angle Theta [deg];Rotor Torque [Nm];Azimuthal Angle Theta [deg];Rotor Torque [Nm];Azimuthal Angle Theta [deg];Rotor Torque [Nm];Azimuthal Angle Theta [deg];Rotor Torque [Nm];Azimuthal Angle Theta [deg];Rotor Torque [Nm];Azimuthal Angle Theta [deg];Rotor Torque [Nm];Azimuthal Angle Theta [deg];Rotor Torque [Nm];Azimuthal Angle Theta [deg];Rotor Torque [Nm];Azimuthal Angle Theta [deg];Rotor Torque [Nm];Azimuthal Angle Theta [deg];Rotor Torque [Nm];Azimuthal Angle Theta [deg];Rotor Torque [Nm];Azimuthal Angle Theta [deg];Rotor Torque [Nm];Azimuthal Angle Theta [deg];Rotor Torque [Nm];Azimuthal Angle Theta [deg];Rotor Torque [Nm];Azimuthal Angle Theta [deg];Rotor Torque [Nm];Azimuthal Angle Theta [deg];Rotor Torque [Nm];Azimuthal Angle Theta [deg];Rotor Torque [Nm];Azimuthal Angle Theta [deg];Rotor Torque [Nm];Azimuthal Angle Theta [deg];Rotor Torque [Nm];Azimuthal Angle Theta [deg];Rotor Torque [Nm];Azimuthal Angle Theta [deg];Rotor Torque [Nm];Azimuthal Angle Theta [deg];Rotor Torque [Nm];Azimuthal Angle Theta [deg];Rotor Torque [Nm];Azimuthal Angle Theta [deg];Rotor Torque [Nm];Azimuthal Angle Theta [deg];Rotor Torque [Nm];Azimuthal Angle Theta [deg];Rotor Torque [Nm];Azimuthal Angle Theta [deg];Rotor Torque [Nm];Azimuthal Angle Theta [deg];Rotor Torque [Nm];Azimuthal Angle Theta [deg];Rotor Torque [Nm];Azimuthal Angle Theta [deg];Rotor Torque [Nm];Azimuthal Angle Theta [deg];Rotor Torque [Nm];Azimuthal Angle Theta [deg];Rotor Torque [Nm];Azimuthal Angle Theta [deg];Rotor Torque [Nm];Azimuthal Angle Theta [deg];Rotor Torque [Nm];Azimuthal Angle Theta [deg];Rotor Torque [Nm];Azimuthal Angle Theta [deg];Rotor Torque [Nm];Azimuthal Angle Theta [deg];Rotor Torque [Nm];Azimuthal Angle Theta [deg];Rotor Torque [Nm];Azimuthal Angle Theta [deg];Rotor Torque [Nm];Azimuthal Angle Theta [deg];Rotor Torque [Nm];Azimuthal Angle Theta [deg];Rotor Torque [Nm];Azimuthal Angle Theta [deg];Rotor Torque [Nm];Azimuthal Angle Theta [deg];Rotor Torque [Nm];Azimuthal Angle Theta [deg];Rotor Torque [Nm];Azimuthal Angle Theta [deg];Rotor Torque [Nm];Azimuthal Angle Theta [deg];Rotor Torque [Nm];Azimuthal Angle Theta [deg];Rotor Torque [Nm];Azimuthal Angle Theta [deg];Rotor Torque [Nm];Azimuthal Angle Theta [deg];Rotor Torque [Nm];Azimuthal Angle Theta [deg];Rotor Torque [Nm];Azimuthal Angle Theta [deg];Rotor Torque [Nm];Azimuthal Angle Theta [deg];Rotor Torque [Nm];Azimuthal Angle Theta [deg];Rotor Torque [Nm];Azimuthal Angle Theta [deg];Rotor Torque [Nm];Azimuthal Angle Theta [deg];Rotor Torque [Nm];Azimuthal Angle Theta [deg];Rotor Torque [Nm];Azimuthal Angle Theta [deg];Rotor Torque [Nm];Azimuthal Angle Theta [deg];Rotor Torque [Nm];Azimuthal Angle Theta [deg];Rotor Torque [Nm];Azimuthal Angle Theta [deg];Rotor Torque [Nm];Azimuthal Angle Theta [deg];Rotor Torque [Nm];Azimuthal Angle Theta [deg];Rotor Torque [Nm];Azimuthal Angle Theta [deg];Rotor Torque [Nm];Azimuthal Angle Theta [deg];Rotor Torque [Nm];Azimuthal Angle Theta [deg];Rotor Torque [Nm];Azimuthal Angle Theta [deg];Rotor Torque [Nm];Azimuthal Angle Theta [deg];Rotor Torque [Nm];Azimuthal Angle Theta [deg];Rotor Torque [Nm];Azimuthal Angle Theta [deg];Rotor Torque [Nm];Azimuthal Angle Theta [deg];Rotor Torque [Nm];Azimuthal Angle Theta [deg];Rotor Torque [Nm];Azimuthal Angle Theta [deg];Rotor Torque [Nm];Azimuthal Angle Theta [deg];Rotor Torque [Nm];Azimuthal Angle Theta [deg];Rotor Torque [Nm];Azimuthal Angle Theta [deg];Rotor Torque [Nm];Azimuthal Angle Theta [deg];Rotor Torque [Nm];Azimuthal Angle Theta [deg];Rotor Torque [Nm];Azimuthal Angle Theta [deg];Rotor Torque [Nm];Azimuthal Angle Theta [deg];Rotor Torque [Nm];Azimuthal Angle Theta [deg];Rotor Torque [Nm];Azimuthal Angle Theta [deg];Rotor Torque [Nm];Azimuthal Angle Theta [deg];Rotor Torque [Nm];Azimuthal Angle Theta [deg];Rotor Torque [Nm];Azimuthal Angle Theta [deg];Rotor Torque [Nm];Azimuthal Angle Theta [deg];Rotor Torque [Nm];Azimuthal Angle Theta [deg];Rotor Torque [Nm];Azimuthal Angle Theta [deg];Rotor Torque [Nm];Azimuthal Angle Theta [deg];Rotor Torque [Nm];Azimuthal Angle Theta [deg];Rotor Torque [Nm];Azimuthal Angle Theta [deg];Rotor Torque [Nm];Azimuthal Angle Theta [deg];Rotor Torque [Nm];Azimuthal Angle Theta [deg];Rotor Torque [Nm];Azimuthal Angle Theta [deg];Rotor Torque [Nm];Azimuthal Angle Theta [deg];Rotor Torque [Nm];Azimuthal Angle Theta [deg];Rotor Torque [Nm];Azimuthal Angle Theta [deg];Rotor Torque [Nm];Azimuthal Angle Theta [deg];Rotor Torque [Nm];Azimuthal Angle Theta [deg];Rotor Torque [Nm];Azimuthal Angle Theta [deg];Rotor Torque [Nm];Azimuthal Angle Theta [deg];Rotor Torque [Nm];Azimuthal Angle Theta [deg];Rotor Torque [Nm];Azimuthal Angle Theta [deg];Rotor Torque [Nm];Azimuthal Angle Theta [deg];Rotor Torque [Nm];Azimuthal Angle Theta [deg];Rotor Torque [Nm];Azimuthal Angle Theta [deg];Rotor Torque [Nm];Azimuthal Angle Theta [deg];Rotor Torque [Nm];Azimuthal Angle Theta [deg];Rotor Torque [Nm];Azimuthal Angle Theta [deg];Rotor Torque [Nm];Azimuthal Angle Theta [deg];Rotor Torque [Nm];Azimuthal Angle Theta [deg];Rotor Torque [Nm];Azimuthal Angle Theta [deg];Rotor Torque [Nm];Azimuthal Angle Theta [deg];Rotor Torque [Nm];Azimuthal Angle Theta [deg];Rotor Torque [Nm];Azimuthal Angle Theta [deg];Rotor Torque [Nm];Azimuthal Angle Theta [deg];Rotor Torque [Nm];Azimuthal Angle Theta [deg];Rotor Torque [Nm];Azimuthal Angle Theta [deg];Rotor Torque [Nm];Azimuthal Angle Theta [deg];Rotor Torque [Nm];Azimuthal Angle Theta [deg];Rotor Torque [Nm];Azimuthal Angle Theta [deg];Rotor Torque [Nm];Azimuthal Angle Theta [deg];Rotor Torque [Nm];Azimuthal Angle Theta [deg];Rotor Torque [Nm];Azimuthal Angle Theta [deg];Rotor Torque [Nm];Azimuthal Angle Theta [deg];Rotor Torque [Nm];Azimuthal Angle Theta [deg];Rotor Torque [Nm];Azimuthal Angle Theta [deg];Rotor Torque [Nm];Azimuthal Angle Theta [deg];Rotor Torque [Nm];Azimuthal Angle Theta [deg];Rotor Torque [Nm];Azimuthal Angle Theta [deg];Rotor Torque [Nm];Azimuthal Angle Theta [deg];Rotor Torque [Nm];Azimuthal Angle Theta [deg];Rotor Torque [Nm];Azimuthal Angle Theta [deg];Rotor Torque [Nm];Azimuthal Angle Theta [deg];Rotor Torque [Nm];Azimuthal Angle Theta [deg];Rotor Torque [Nm];Azimuthal Angle Theta [deg];Rotor Torque [Nm];Azimuthal Angle Theta [deg];Rotor Torque [Nm];Azimuthal Angle Theta [deg];Rotor Torque [Nm];Azimuthal Angle Theta [deg];Rotor Torque [Nm];Azimuthal Angle Theta [deg];Rotor Torque [Nm];Azimuthal Angle Theta [deg];Rotor Torque [Nm];Azimuthal Angle Theta [deg];Rotor Torque [Nm];Azimuthal Angle Theta [deg];Rotor Torque [Nm];Azimuthal Angle Theta [deg];Rotor Torque [Nm];Azimuthal Angle Theta [deg];Rotor Torque [Nm];Azimuthal Angle Theta [deg];Rotor Torque [Nm];Azimuthal Angle Theta [deg];Rotor Torque [Nm];Azimuthal Angle Theta [deg];Rotor Torque [Nm];Azimuthal Angle Theta [deg];Rotor Torque [Nm];Azimuthal Angle Theta [deg];Rotor Torque [Nm];Azimuthal Angle Theta [deg];Rotor Torque [Nm];Azimuthal Angle Theta [deg];Rotor Torque [Nm];Azimuthal Angle Theta [deg];Rotor Torque [Nm];Azimuthal Angle Theta [deg];Rotor Torque [Nm];Azimuthal Angle Theta [deg];Rotor Torque [Nm];Azimuthal Angle Theta [deg];Rotor Torque [Nm];Azimuthal Angle Theta [deg];Rotor Torque [Nm];Azimuthal Angle Theta [deg];Rotor Torque [Nm];Azimuthal Angle Theta [deg];Rotor Torque [Nm];Azimuthal Angle Theta [deg];Rotor Torque [Nm];Azimuthal Angle Theta [deg];Rotor Torque [Nm];Azimuthal Angle Theta [deg];Rotor Torque [Nm];Azimuthal Angle Theta [deg];Rotor Torque [Nm];Azimuthal Angle Theta [deg];Rotor Torque [Nm];Azimuthal Angle Theta [deg];Rotor Torque [Nm];Azimuthal Angle Theta [deg];Rotor Torque [Nm];Azimuthal Angle Theta [deg];Rotor Torque [Nm];Azimuthal Angle Theta [deg];Rotor Torque [Nm];Azimuthal Angle Theta [deg];Rotor Torque [Nm];Azimuthal Angle Theta [deg];Rotor Torque [Nm];Azimuthal Angle Theta [deg];Rotor Torque [Nm];Azimuthal Angle Theta [deg];Rotor Torque [Nm];Azimuthal Angle Theta [deg];Rotor Torque [Nm];Azimuthal Angle Theta [deg];Rotor Torque [Nm];Azimuthal Angle Theta [deg];Rotor Torque [Nm];Azimuthal Angle Theta [deg];Rotor Torque [Nm];Azimuthal Angle Theta [deg];Rotor Torque [Nm];Azimuthal Angle Theta [deg];Rotor Torque [Nm];Azimuthal Angle Theta [deg];Rotor Torque [Nm];Azimuthal Angle Theta [deg];Rotor Torque [Nm];Azimuthal Angle Theta [deg];Rotor Torque [Nm];Azimuthal Angle Theta [deg];Rotor Torque [Nm];Azimuthal Angle Theta [deg];Rotor Torque [Nm];Azimuthal Angle Theta [deg];Rotor Torque [Nm];Azimuthal Angle Theta [deg];Rotor Torque [Nm];Azimuthal Angle Theta [deg];Rotor Torque [Nm];Azimuthal Angle Theta [deg];Rotor Torque [Nm];Azimuthal Angle Theta [deg];Rotor Torque [Nm];Azimuthal Angle Theta [deg];Rotor Torque [Nm];Azimuthal Angle Theta [deg];Rotor Torque [Nm];Azimuthal Angle Theta [deg];Rotor Torque [Nm];Azimuthal Angle Theta [deg];Rotor Torque [Nm];Azimuthal Angle Theta [deg];Rotor Torque [Nm];Azimuthal Angle Theta [deg];Rotor Torque [Nm];Azimuthal Angle Theta [deg];Rotor Torque [Nm];Azimuthal Angle Theta [deg];Rotor Torque [Nm];Azimuthal Angle Theta [deg];Rotor Torque [Nm];Azimuthal Angle Theta [deg];Rotor Torque [Nm];Azimuthal Angle Theta [deg];Rotor Torque [Nm];Azimuthal Angle Theta [deg];Rotor Torque [Nm];Azimuthal Angle Theta [deg];Rotor Torque [Nm];Azimuthal Angle Theta [deg];Rotor Torque [Nm];Azimuthal Angle Theta [deg];Rotor Torque [Nm];Azimuthal Angle Theta [deg];Rotor Torque [Nm];Azimuthal Angle Theta [deg];Rotor Torque [Nm];Azimuthal Angle Theta [deg];Rotor Torque [Nm];Azimuthal Angle Theta [deg];Rotor Torque [Nm];Azimuthal Angle Theta [deg];Rotor Torque [Nm];Azimuthal Angle Theta [deg];Rotor Torque [Nm];Azimuthal Angle Theta [deg];Rotor Torque [Nm];Azimuthal Angle Theta [deg];Rotor Torque [Nm];Azimuthal Angle Theta [deg];Rotor Torque [Nm];Azimuthal Angle Theta [deg];Rotor Torque [Nm];Azimuthal Angle Theta [deg];Rotor Torque [Nm];Azimuthal Angle Theta [deg];Rotor Torque [Nm];Azimuthal Angle Theta [deg];Rotor Torque [Nm];Azimuthal Angle Theta [deg];Rotor Torque [Nm];Azimuthal Angle Theta [deg];Rotor Torque [Nm];Azimuthal Angle Theta [deg];Rotor Torque [Nm];Azimuthal Angle Theta [deg];Rotor Torque [Nm];Azimuthal Angle Theta [deg];Rotor Torque [Nm];Azimuthal Angle Theta [deg];Rotor Torque [Nm];Azimuthal Angle Theta [deg];Rotor Torque [Nm];Azimuthal Angle Theta [deg];Rotor Torque [Nm];Azimuthal Angle Theta [deg];Rotor Torque [Nm];Azimuthal Angle Theta [deg];Rotor Torque [Nm];Azimuthal Angle Theta [deg];Rotor Torque [Nm];Azimuthal Angle Theta [deg];Rotor Torque [Nm];Azimuthal Angle Theta [deg];Rotor Torque [Nm];Azimuthal Angle Theta [deg];Rotor Torque [Nm];Azimuthal Angle Theta [deg];Rotor Torque [Nm];Azimuthal Angle Theta [deg];Rotor Torque [Nm];Azimuthal Angle Theta [deg];Rotor Torque [Nm];Azimuthal Angle Theta [deg];Rotor Torque [Nm];Azimuthal Angle Theta [deg];Rotor Torque [Nm];Azimuthal Angle Theta [deg];Rotor Torque [Nm];Azimuthal Angle Theta [deg];Rotor Torque [Nm];Azimuthal Angle Theta [deg];Rotor Torque [Nm];Azimuthal Angle Theta [deg];Rotor Torque [Nm];Azimuthal Angle Theta [deg];Rotor Torque [Nm];Azimuthal Angle Theta [deg];Rotor Torque [Nm];Azimuthal Angle Theta [deg];Rotor Torque [Nm];Azimuthal Angle Theta [deg];Rotor Torque [Nm];Azimuthal Angle Theta [deg];Rotor Torque [Nm];Azimuthal Angle Theta [deg];Rotor Torque [Nm];Azimuthal Angle Theta [deg];Rotor Torque [Nm];Azimuthal Angle Theta [deg];Rotor Torque [Nm];Azimuthal Angle Theta [deg];Rotor Torque [Nm];Azimuthal Angle Theta [deg];Rotor Torque [Nm];Azimuthal Angle Theta [deg];Rotor Torque [Nm];Azimuthal Angle Theta [deg];Rotor Torque [Nm];Azimuthal Angle Theta [deg];Rotor Torque [Nm];Azimuthal Angle Theta [deg];Rotor Torque [Nm];Azimuthal Angle Theta [deg];Rotor Torque [Nm];Azimuthal Angle Theta [deg];Rotor Torque [Nm];Azimuthal Angle Theta [deg];Rotor Torque [Nm];Azimuthal Angle Theta [deg];Rotor Torque [Nm];Azimuthal Angle Theta [deg];Rotor Torque [Nm];Azimuthal Angle Theta [deg];Rotor Torque [Nm];Azimuthal Angle Theta [deg];Rotor Torque [Nm];Azimuthal Angle Theta [deg];Rotor Torque [Nm];Azimuthal Angle Theta [deg];Rotor Torque [Nm];Azimuthal Angle Theta [deg];Rotor Torque [Nm];Azimuthal Angle Theta [deg];Rotor Torque [Nm];Azimuthal Angle Theta [deg];Rotor Torque [Nm];Azimuthal Angle Theta [deg];Rotor Torque [Nm];Azimuthal Angle Theta [deg];Rotor Torque [Nm];Azimuthal Angle Theta [deg];Rotor Torque [Nm];Azimuthal Angle Theta [deg];Rotor Torque [Nm];Azimuthal Angle Theta [deg];Rotor Torque [Nm];Azimuthal Angle Theta [deg];Rotor Torque [Nm];Azimuthal Angle Theta [deg];Rotor Torque [Nm];Azimuthal Angle Theta [deg];Rotor Torque [Nm];Azimuthal Angle Theta [deg];Rotor Torque [Nm];Azimuthal Angle Theta [deg];Rotor Torque [Nm];Azimuthal Angle Theta [deg];Rotor Torque [Nm];Azimuthal Angle Theta [deg];Rotor Torque [Nm];Azimuthal Angle Theta [deg];Rotor Torque [Nm];Azimuthal Angle Theta [deg];Rotor Torque [Nm];Azimuthal Angle Theta [deg];Rotor Torque [Nm];Azimuthal Angle Theta [deg];Rotor Torque [Nm];Azimuthal Angle Theta [deg];Rotor Torque [Nm];Azimuthal Angle Theta [deg];Rotor Torque [Nm];Azimuthal Angle Theta [deg];Rotor Torque [Nm];Azimuthal Angle Theta [deg];Rotor Torque [Nm];Azimuthal Angle Theta [deg];Rotor Torque [Nm];Azimuthal Angle Theta [deg];Rotor Torque [Nm];Azimuthal Angle Theta [deg];Rotor Torque [Nm];Azimuthal Angle Theta [deg];Rotor Torque [Nm];Azimuthal Angle Theta [deg];Rotor Torque [Nm];Azimuthal Angle Theta [deg];Rotor Torque [Nm];Azimuthal Angle Theta [deg];Rotor Torque [Nm];Azimuthal Angle Theta [deg];Rotor Torque [Nm];Azimuthal Angle Theta [deg];Rotor Torque [Nm];Azimuthal Angle Theta [deg];Rotor Torque [Nm];Azimuthal Angle Theta [deg];Rotor Torque [Nm];Azimuthal Angle Theta [deg];Rotor Torque [Nm];Azimuthal Angle Theta [deg];Rotor Torque [Nm];Azimuthal Angle Theta [deg];Rotor Torque [Nm];Azimuthal Angle Theta [deg];Rotor Torque [Nm];Azimuthal Angle Theta [deg];Rotor Torque [Nm];Azimuthal Angle Theta [deg];Rotor Torque [Nm];Azimuthal Angle Theta [deg];Rotor Torque [Nm];Azimuthal Angle Theta [deg];Rotor Torque [Nm];Azimuthal Angle Theta [deg];Rotor Torque [Nm];Azimuthal Angle Theta [deg];Rotor Torque [Nm];Azimuthal Angle Theta [deg];Rotor Torque [Nm];Azimuthal Angle Theta [deg];Rotor Torque [Nm];Azimuthal Angle Theta [deg];Rotor Torque [Nm];Azimuthal Angle Theta [deg];Rotor Torque [Nm];Azimuthal Angle Theta [deg];Rotor Torque [Nm];Azimuthal Angle Theta [deg];Rotor Torque [Nm];Azimuthal Angle Theta [deg];Rotor Torque [Nm];Azimuthal Angle Theta [deg];Rotor Torque [Nm];Azimuthal Angle Theta [deg];Rotor Torque [Nm];Azimuthal Angle Theta [deg];Rotor Torque [Nm];Azimuthal Angle Theta [deg];Rotor Torque [Nm];Azimuthal Angle Theta [deg];Rotor Torque [Nm];Azimuthal Angle Theta [deg];Rotor Torque [Nm];Azimuthal Angle Theta [deg];Rotor Torque [Nm];Azimuthal Angle Theta [deg];Rotor Torque [Nm];Azimuthal Angle Theta [deg];Rotor Torque [Nm];Azimuthal Angle Theta [deg];Rotor Torque [Nm];Azimuthal Angle Theta [deg];Rotor Torque [Nm];Azimuthal Angle Theta [deg];Rotor Torque [Nm];Azimuthal Angle Theta [deg];Rotor Torque [Nm];Azimuthal Angle Theta [deg];Rotor Torque [Nm];Azimuthal Angle Theta [deg];Rotor Torque [Nm];Azimuthal Angle Theta [deg];Rotor Torque [Nm];Azimuthal Angle Theta [deg];Rotor Torque [Nm];Azimuthal Angle Theta [deg];Rotor Torque [Nm];Azimuthal Angle Theta [deg];Rotor Torque [Nm];Azimuthal Angle Theta [deg];Rotor Torque [Nm];Azimuthal Angle Theta [deg];Rotor Torque [Nm];Azimuthal Angle Theta [deg];Rotor Torque [Nm];Azimuthal Angle Theta [deg];Rotor Torque [Nm];Azimuthal Angle Theta [deg];Rotor Torque [Nm];Azimuthal Angle Theta [deg];Rotor Torque [Nm];Azimuthal Angle Theta [deg];Rotor Torque [Nm];Azimuthal Angle Theta [deg];Rotor Torque [Nm];Azimuthal Angle Theta [deg];Rotor Torque [Nm];Azimuthal Angle Theta [deg];Rotor Torque [Nm];Azimuthal Angle Theta [deg];Rotor Torque [Nm];Azimuthal Angle Theta [deg];Rotor Torque [Nm];Azimuthal Angle Theta [deg];Rotor Torque [Nm];Azimuthal Angle Theta [deg];Rotor Torque [Nm];Azimuthal Angle Theta [deg];Rotor Torque [Nm];Azimuthal Angle Theta [deg];Rotor Torque [Nm];Azimuthal Angle Theta [deg];Rotor Torque [Nm];Azimuthal Angle Theta [deg];Rotor Torque [Nm];Azimuthal Angle Theta [deg];Rotor Torque [Nm];Azimuthal Angle Theta [deg];Rotor Torque [Nm];Azimuthal Angle Theta [deg];Rotor Torque [Nm];Azimuthal Angle Theta [deg];Rotor Torque [Nm];Azimuthal Angle Theta [deg];Rotor Torque [Nm];Azimuthal Angle Theta [deg];Rotor Torque [Nm];Azimuthal Angle Theta [deg];Rotor Torque [Nm];Azimuthal Angle Theta [deg];Rotor Torque [Nm];Azimuthal Angle Theta [deg];Rotor Torque [Nm];Azimuthal Angle Theta [deg];Rotor Torque [Nm];Azimuthal Angle Theta [deg];Rotor Torque [Nm];Azimuthal Angle Theta [deg];Rotor Torque [Nm];Azimuthal Angle Theta [deg];Rotor Torque [Nm];Azimuthal Angle Theta [deg];Rotor Torque [Nm];Azimuthal Angle Theta [deg];Rotor Torque [Nm];Azimuthal Angle Theta [deg];Rotor Torque [Nm];Azimuthal Angle Theta [deg];Rotor Torque [Nm];Azimuthal Angle Theta [deg];Rotor Torque [Nm];Azimuthal Angle Theta [deg];Rotor Torque [Nm];Azimuthal Angle Theta [deg];Rotor Torque [Nm];Azimuthal Angle Theta [deg];Rotor Torque [Nm];Azimuthal Angle Theta [deg];Rotor Torque [Nm];Azimuthal Angle Theta [deg];Rotor Torque [Nm];Azimuthal Angle Theta [deg];Rotor Torque [Nm];Azimuthal Angle Theta [deg];Rotor Torque [Nm];Azimuthal Angle Theta [deg];Rotor Torque [Nm];Azimuthal Angle Theta [deg];Rotor Torque [Nm];Azimuthal Angle Theta [deg];Rotor Torque [Nm];Azimuthal Angle Theta [deg];Rotor Torque [Nm];Azimuthal Angle Theta [deg];Rotor Torque [Nm];Azimuthal Angle Theta [deg];Rotor Torque [Nm];Azimuthal Angle Theta [deg];Rotor Torque [Nm];Azimuthal Angle Theta [deg];Rotor Torque [Nm];Azimuthal Angle Theta [deg];Rotor Torque [Nm];Azimuthal Angle Theta [deg];Rotor Torque [Nm];Azimuthal Angle Theta [deg];Rotor Torque [Nm];Azimuthal Angle Theta [deg];Rotor Torque [Nm];Azimuthal Angle Theta [deg];Rotor Torque [Nm];Azimuthal Angle Theta [deg];Rotor Torque [Nm];Azimuthal Angle Theta [deg];Rotor Torque [Nm];Azimuthal Angle Theta [deg];Rotor Torque [Nm];Azimuthal Angle Theta [deg];Rotor Torque [Nm];Azimuthal Angle Theta [deg];Rotor Torque [Nm];Azimuthal Angle Theta [deg];Rotor Torque [Nm];Azimuthal Angle Theta [deg];Rotor Torque [Nm];Azimuthal Angle Theta [deg];Rotor Torque [Nm];Azimuthal Angle Theta [deg];Rotor Torque [Nm];Azimuthal Angle Theta [deg];Rotor Torque [Nm];Azimuthal Angle Theta [deg];Rotor Torque [Nm];Azimuthal Angle Theta [deg];Rotor Torque [Nm];Azimuthal Angle Theta [deg];Rotor Torque [Nm];Azimuthal Angle Theta [deg];Rotor Torque [Nm];Azimuthal Angle Theta [deg];Rotor Torque [Nm];Azimuthal Angle Theta [deg];Rotor Torque [Nm];Azimuthal Angle Theta [deg];Rotor Torque [Nm];Azimuthal Angle Theta [deg];Rotor Torque [Nm];Azimuthal Angle Theta [deg];Rotor Torque [Nm];Azimuthal Angle Theta [deg];Rotor Torque [Nm];Azimuthal Angle Theta [deg];Rotor Torque [Nm];Azimuthal Angle Theta [deg];Rotor Torque [Nm];Azimuthal Angle Theta [deg];Rotor Torque [Nm];Azimuthal Angle Theta [deg];Rotor Torque [Nm];Azimuthal Angle Theta [deg];Rotor Torque [Nm];Azimuthal Angle Theta [deg];Rotor Torque [Nm];Azimuthal Angle Theta [deg];Rotor Torque [Nm];Azimuthal Angle Theta [deg];Rotor Torque [Nm];Azimuthal Angle Theta [deg];Rotor Torque [Nm];Azimuthal Angle Theta [deg];Rotor Torque [Nm];Azimuthal Angle Theta [deg];Rotor Torque [Nm];Azimuthal Angle Theta [deg];Rotor Torque [Nm];Azimuthal Angle Theta [deg];Rotor Torque [Nm];Azimuthal Angle Theta [deg];Rotor Torque [Nm];Azimuthal Angle Theta [deg];Rotor Torque [Nm];Azimuthal Angle Theta [deg];Rotor Torque [Nm];Azimuthal Angle Theta [deg];Rotor Torque [Nm];Azimuthal Angle Theta [deg];Rotor Torque [Nm];Azimuthal Angle Theta [deg];Rotor Torque [Nm];Azimuthal Angle Theta [deg];Rotor Torque [Nm];Azimuthal Angle Theta [deg];Rotor Torque [Nm];Azimuthal Angle Theta [deg];Rotor Torque [Nm];Azimuthal Angle Theta [deg];Rotor Torque [Nm];Azimuthal Angle Theta [deg];Rotor Torque [Nm];Azimuthal Angle Theta [deg];Rotor Torque [Nm];Azimuthal Angle Theta [deg];Rotor Torque [Nm];Azimuthal Angle Theta [deg];Rotor Torque [Nm];Azimuthal Angle Theta [deg];Rotor Torque [Nm];Azimuthal Angle Theta [deg];Rotor Torque [Nm];Azimuthal Angle Theta [deg];Rotor Torque [Nm];Azimuthal Angle Theta [deg];Rotor Torque [Nm];Azimuthal Angle Theta [deg];Rotor Torque [Nm];Azimuthal Angle Theta [deg];Rotor Torque [Nm];Azimuthal Angle Theta [deg];Rotor Torque [Nm];Azimuthal Angle Theta [deg];Rotor Torque [Nm];Azimuthal Angle Theta [deg];Rotor Torque [Nm];Azimuthal Angle Theta [deg];Rotor Torque [Nm];Azimuthal Angle Theta [deg];Rotor Torque [Nm];Azimuthal Angle Theta [deg];Rotor Torque [Nm];Azimuthal Angle Theta [deg];Rotor Torque [Nm];Azimuthal Angle Theta [deg];Rotor Torque [Nm];Azimuthal Angle Theta [deg];Rotor Torque [Nm];Azimuthal Angle Theta [deg];Rotor Torque [Nm];Azimuthal Angle Theta [deg];Rotor Torque [Nm];Azimuthal Angle Theta [deg];Rotor Torque [Nm];Azimuthal Angle Theta [deg];Rotor Torque [Nm];Azimuthal Angle Theta [deg];Rotor Torque [Nm];Azimuthal Angle Theta [deg];Rotor Torque [Nm];Azimuthal Angle Theta [deg];Rotor Torque [Nm];Azimuthal Angle Theta [deg];Rotor Torque [Nm];Azimuthal Angle Theta [deg];Rotor Torque [Nm];Azimuthal Angle Theta [deg];Rotor Torque [Nm];Azimuthal Angle Theta [deg];Rotor Torque [Nm];Azimuthal Angle Theta [deg];Rotor Torque [Nm];Azimuthal Angle Theta [deg];Rotor Torque [Nm];Azimuthal Angle Theta [deg];Rotor Torque [Nm];Azimuthal Angle Theta [deg];Rotor Torque [Nm];Azimuthal Angle Theta [deg];Rotor Torque [Nm];Azimuthal Angle Theta [deg];Rotor Torque [Nm];Azimuthal Angle Theta [deg];Rotor Torque [Nm];Azimuthal Angle Theta [deg];Rotor Torque [Nm];Azimuthal Angle Theta [deg];Rotor Torque [Nm];Azimuthal Angle Theta [deg];Rotor Torque [Nm];Azimuthal Angle Theta [deg];Rotor Torque [Nm];Azimuthal Angle Theta [deg];Rotor Torque [Nm];Azimuthal Angle Theta [deg];Rotor Torque [Nm];Azimuthal Angle Theta [deg];Rotor Torque [Nm];Azimuthal Angle Theta [deg];Rotor Torque [Nm];Azimuthal Angle Theta [deg];Rotor Torque [Nm];Azimuthal Angle Theta [deg];Rotor Torque [Nm];Azimuthal Angle Theta [deg];Rotor Torque [Nm];Azimuthal Angle Theta [deg];Rotor Torque [Nm];Azimuthal Angle Theta [deg];Rotor Torque [Nm];Azimuthal Angle Theta [deg];Rotor Torque [Nm];Azimuthal Angle Theta [deg];Rotor Torque [Nm];Azimuthal Angle Theta [deg];Rotor Torque [Nm];Azimuthal Angle Theta [deg];Rotor Torque [Nm];Azimuthal Angle Theta [deg];Rotor Torque [Nm];Azimuthal Angle Theta [deg];Rotor Torque [Nm];Azimuthal Angle Theta [deg];Rotor Torque [Nm];Azimuthal Angle Theta [deg];Rotor Torque [Nm];Azimuthal Angle Theta [deg];Rotor Torque [Nm];Azimuthal Angle Theta [deg];Rotor Torque [Nm];Azimuthal Angle Theta [deg];Rotor Torque [Nm];Azimuthal Angle Theta [deg];Rotor Torque [Nm];Azimuthal Angle Theta [deg];Rotor Torque [Nm];Azimuthal Angle Theta [deg];Rotor Torque [Nm];Azimuthal Angle Theta [deg];Rotor Torque [Nm];Azimuthal Angle Theta [deg];Rotor Torque [Nm];Azimuthal Angle Theta [deg];Rotor Torque [Nm];Azimuthal Angle Theta [deg];Rotor Torque [Nm];Azimuthal Angle Theta [deg];Rotor Torque [Nm];Azimuthal Angle Theta [deg];Rotor Torque [Nm];Azimuthal Angle Theta [deg];Rotor Torque [Nm];Azimuthal Angle Theta [deg];Rotor Torque [Nm];Azimuthal Angle Theta [deg];Rotor Torque [Nm];Azimuthal Angle Theta [deg];Rotor Torque [Nm];Azimuthal Angle Theta [deg];Rotor Torque [Nm];Azimuthal Angle Theta [deg];Rotor Torque [Nm];Azimuthal Angle Theta [deg];Rotor Torque [Nm];Azimuthal Angle Theta [deg];Rotor Torque [Nm];Azimuthal Angle Theta [deg];Rotor Torque [Nm];Azimuthal Angle Theta [deg];Rotor Torque [Nm];Azimuthal Angle Theta [deg];Rotor Torque [Nm];Azimuthal Angle Theta [deg];Rotor Torque [Nm];Azimuthal Angle Theta [deg];Rotor Torque [Nm];Azimuthal Angle Theta [deg];Rotor Torque [Nm];Azimuthal Angle Theta [deg];Rotor Torque [Nm];Azimuthal Angle Theta [deg];Rotor Torque [Nm];Azimuthal Angle Theta [deg];Rotor Torque [Nm];Azimuthal Angle Theta [deg];Rotor Torque [Nm];Azimuthal Angle Theta [deg];Rotor Torque [Nm];Azimuthal Angle Theta [deg];Rotor Torque [Nm];Azimuthal Angle Theta [deg];Rotor Torque [Nm];Azimuthal Angle Theta [deg];Rotor Torque [Nm];Azimuthal Angle Theta [deg];Rotor Torque [Nm];Azimuthal Angle Theta [deg];Rotor Torque [Nm];Azimuthal Angle Theta [deg];Rotor Torque [Nm];Azimuthal Angle Theta [deg];Rotor Torque [Nm];Azimuthal Angle Theta [deg];Rotor Torque [Nm];Azimuthal Angle Theta [deg];Rotor Torque [Nm];Azimuthal Angle Theta [deg];Rotor Torque [Nm];Azimuthal Angle Theta [deg];Rotor Torque [Nm];Azimuthal Angle Theta [deg];Rotor Torque [Nm];Azimuthal Angle Theta [deg];Rotor Torque [Nm];Azimuthal Angle Theta [deg];Rotor Torque [Nm];Azimuthal Angle Theta [deg];Rotor Torque [Nm];Azimuthal Angle Theta [deg];Rotor Torque [Nm];Azimuthal Angle Theta [deg];Rotor Torque [Nm];Azimuthal Angle Theta [deg];Rotor Torque [Nm];Azimuthal Angle Theta [deg];Rotor Torque [Nm];Azimuthal Angle Theta [deg];Rotor Torque [Nm];Azimuthal Angle Theta [deg];Rotor Torque [Nm];Azimuthal Angle Theta [deg];Rotor Torque [Nm];Azimuthal Angle Theta [deg];Rotor Torque [Nm];Azimuthal Angle Theta [deg];Rotor Torque [Nm];Azimuthal Angle Theta [deg];Rotor Torque [Nm];Azimuthal Angle Theta [deg];Rotor Torque [Nm];Azimuthal Angle Theta [deg];Rotor Torque [Nm];Azimuthal Angle Theta [deg];Rotor Torque [Nm];Azimuthal Angle Theta [deg];Rotor Torque [Nm];Azimuthal Angle Theta [deg];Rotor Torque [Nm];Azimuthal Angle Theta [deg];Rotor Torque [Nm];Azimuthal Angle Theta [deg];Rotor Torque [Nm];Azimuthal Angle Theta [deg];Rotor Torque [Nm];Azimuthal Angle Theta [deg];Rotor Torque [Nm];Azimuthal Angle Theta [deg];Rotor Torque [Nm];Azimuthal Angle Theta [deg];Rotor Torque [Nm];Azimuthal Angle Theta [deg];Rotor Torque [Nm];Azimuthal Angle Theta [deg];Rotor Torque [Nm];Azimuthal Angle Theta [deg];Rotor Torque [Nm];Azimuthal Angle Theta [deg];Rotor Torque [Nm];Azimuthal Angle Theta [deg];Rotor Torque [Nm];Azimuthal Angle Theta [deg];Rotor Torque [Nm];Azimuthal Angle Theta [deg];Rotor Torque [Nm];Azimuthal Angle Theta [deg];Rotor Torque [Nm];Azimuthal Angle Theta [deg];Rotor Torque [Nm];Azimuthal Angle Theta [deg];Rotor Torque [Nm];Azimuthal Angle Theta [deg];Rotor Torque [Nm];Azimuthal Angle Theta [deg];Rotor Torque [Nm];Azimuthal Angle Theta [deg];Rotor Torque [Nm];Azimuthal Angle Theta [deg];Rotor Torque [Nm];Azimuthal Angle Theta [deg];Rotor Torque [Nm];Azimuthal Angle Theta [deg];Rotor Torque [Nm];Azimuthal Angle Theta [deg];Rotor Torque [Nm];Azimuthal Angle Theta [deg];Rotor Torque [Nm];Azimuthal Angle Theta [deg];Rotor Torque [Nm];Azimuthal Angle Theta [deg];Rotor Torque [Nm];Azimuthal Angle Theta [deg];Rotor Torque [Nm];Azimuthal Angle Theta [deg];Rotor Torque [Nm];Azimuthal Angle Theta [deg];Rotor Torque [Nm];Azimuthal Angle Theta [deg];Rotor Torque [Nm];Azimuthal Angle Theta [deg];Rotor Torque [Nm];Azimuthal Angle Theta [deg];Rotor Torque [Nm];Azimuthal Angle Theta [deg];Rotor Torque [Nm];Azimuthal Angle Theta [deg];Rotor Torque [Nm];Azimuthal Angle Theta [deg];Rotor Torque [Nm];Azimuthal Angle Theta [deg];Rotor Torque [Nm];Azimuthal Angle Theta [deg];Rotor Torque [Nm];Azimuthal Angle Theta [deg];Rotor Torque [Nm];Azimuthal Angle Theta [deg];Rotor Torque [Nm];Azimuthal Angle Theta [deg];Rotor Torque [Nm];Azimuthal Angle Theta [deg];Rotor Torque [Nm];Azimuthal Angle Theta [deg];Rotor Torque [Nm];Azimuthal Angle Theta [deg];Rotor Torque [Nm];Azimuthal Angle Theta [deg];Rotor Torque [Nm];Azimuthal Angle Theta [deg];Rotor Torque [Nm];Azimuthal Angle Theta [deg];Rotor Torque [Nm];Azimuthal Angle Theta [deg];Rotor Torque [Nm];Azimuthal Angle Theta [deg];Rotor Torque [Nm];Azimuthal Angle Theta [deg];Rotor Torque [Nm];Azimuthal Angle Theta [deg];Rotor Torque [Nm];Azimuthal Angle Theta [deg];Rotor Torque [Nm];Azimuthal Angle Theta [deg];Rotor Torque [Nm];Azimuthal Angle Theta [deg];Rotor Torque [Nm];Azimuthal Angle Theta [deg];Rotor Torque [Nm];Azimuthal Angle Theta [deg];Rotor Torque [Nm];Azimuthal Angle Theta [deg];Rotor Torque [Nm];Azimuthal Angle Theta [deg];Rotor Torque [Nm];Azimuthal Angle Theta [deg];Rotor Torque [Nm];Azimuthal Angle Theta [deg];Rotor Torque [Nm];Azimuthal Angle Theta [deg];Rotor Torque [Nm];Azimuthal Angle Theta [deg];Rotor Torque [Nm];Azimuthal Angle Theta [deg];Rotor Torque [Nm];Azimuthal Angle Theta [deg];Rotor Torque [Nm];Azimuthal Angle Theta [deg];Rotor Torque [Nm];Azimuthal Angle Theta [deg];Rotor Torque [Nm];Azimuthal Angle Theta [deg];Rotor Torque [Nm];Azimuthal Angle Theta [deg];Rotor Torque [Nm];Azimuthal Angle Theta [deg];Rotor Torque [Nm];Azimuthal Angle Theta [deg];Rotor Torque [Nm];Azimuthal Angle Theta [deg];Rotor Torque [Nm];Azimuthal Angle Theta [deg];Rotor Torque [Nm];Azimuthal Angle Theta [deg];Rotor Torque [Nm];Azimuthal Angle Theta [deg];Rotor Torque [Nm];Azimuthal Angle Theta [deg];Rotor Torque [Nm];Azimuthal Angle Theta [deg];Rotor Torque [Nm];Azimuthal Angle Theta [deg];Rotor Torque [Nm];Azimuthal Angle Theta [deg];Rotor Torque [Nm];Azimuthal Angle Theta [deg];Rotor Torque [Nm];Azimuthal Angle Theta [deg];Rotor Torque [Nm];Azimuthal Angle Theta [deg];Rotor Torque [Nm];Azimuthal Angle Theta [deg];Rotor Torque [Nm];Azimuthal Angle Theta [deg];Rotor Torque [Nm];Azimuthal Angle Theta [deg];Rotor Torque [Nm];Azimuthal Angle Theta [deg];Rotor Torque [Nm];Azimuthal Angle Theta [deg];Rotor Torque [Nm];Azimuthal Angle Theta [deg];Rotor Torque [Nm];Azimuthal Angle Theta [deg];Rotor Torque [Nm];Azimuthal Angle Theta [deg];Rotor Torque [Nm];Azimuthal Angle Theta [deg];Rotor Torque [Nm];Azimuthal Angle Theta [deg];Rotor Torque [Nm];Azimuthal Angle Theta [deg];Rotor Torque [Nm];Azimuthal Angle Theta [deg];Rotor Torque [Nm];Azimuthal Angle Theta [deg];Rotor Torque [Nm];Azimuthal Angle Theta [deg];Rotor Torque [Nm];Azimuthal Angle Theta [deg];Rotor Torque [Nm];Azimuthal Angle Theta [deg];Rotor Torque [Nm];Azimuthal Angle Theta [deg];Rotor Torque [Nm];Azimuthal Angle Theta [deg];Rotor Torque [Nm];Azimuthal Angle Theta [deg];Rotor Torque [Nm];Azimuthal Angle Theta [deg];Rotor Torque [Nm];Azimuthal Angle Theta [deg];Rotor Torque [Nm];Azimuthal Angle Theta [deg];Rotor Torque [Nm];Azimuthal Angle Theta [deg];Rotor Torque [Nm];Azimuthal Angle Theta [deg];Rotor Torque [Nm];Azimuthal Angle Theta [deg];Rotor Torque [Nm];Azimuthal Angle Theta [deg];Rotor Torque [Nm];Azimuthal Angle Theta [deg];Rotor Torque [Nm];Azimuthal Angle Theta [deg];Rotor Torque [Nm];Azimuthal Angle Theta [deg];Rotor Torque [Nm];Azimuthal Angle Theta [deg];Rotor Torque [Nm];Azimuthal Angle Theta [deg];Rotor Torque [Nm];Azimuthal Angle Theta [deg];Rotor Torque [Nm];Azimuthal Angle Theta [deg];Rotor Torque [Nm];Azimuthal Angle Theta [deg];Rotor Torque [Nm];Azimuthal Angle Theta [deg];Rotor Torque [Nm];Azimuthal Angle Theta [deg];Rotor Torque [Nm];Azimuthal Angle Theta [deg];Rotor Torque [Nm];Azimuthal Angle Theta [deg];Rotor Torque [Nm];Azimuthal Angle Theta [deg];Rotor Torque [Nm];Azimuthal Angle Theta [deg];Rotor Torque [Nm];Azimuthal Angle Theta [deg];Rotor Torque [Nm];Azimuthal Angle Theta [deg];Rotor Torque [Nm];Azimuthal Angle Theta [deg];Rotor Torque [Nm];Azimuthal Angle Theta [deg];Rotor Torque [Nm];Azimuthal Angle Theta [deg];Rotor Torque [Nm];Azimuthal Angle Theta [deg];Rotor Torque [Nm];Azimuthal Angle Theta [deg];Rotor Torque [Nm];Azimuthal Angle Theta [deg];Rotor Torque [Nm];Azimuthal Angle Theta [deg];Rotor Torque [Nm];Azimuthal Angle Theta [deg];Rotor Torque [Nm];Azimuthal Angle Theta [deg];Rotor Torque [Nm];Azimuthal Angle Theta [deg];Rotor Torque [Nm];Azimuthal Angle Theta [deg];Rotor Torque [Nm];Azimuthal Angle Theta [deg];Rotor Torque [Nm];Azimuthal Angle Theta [deg];Rotor Torque [Nm];Azimuthal Angle Theta [deg];Rotor Torque [Nm];Azimuthal Angle Theta [deg];Rotor Torque [Nm];Azimuthal Angle Theta [deg];Rotor Torque [Nm];Azimuthal Angle Theta [deg];Rotor Torque [Nm];Azimuthal Angle Theta [deg];Rotor Torque [Nm];Azimuthal Angle Theta [deg];Rotor Torque [Nm];Azimuthal Angle Theta [deg];Rotor Torque [Nm];Azimuthal Angle Theta [deg];Rotor Torque [Nm];Azimuthal Angle Theta [deg];Rotor Torque [Nm];Azimuthal Angle Theta [deg];Rotor Torque [Nm];Azimuthal Angle Theta [deg];Rotor Torque [Nm];Azimuthal Angle Theta [deg];Rotor Torque [Nm];Azimuthal Angle Theta [deg];Rotor Torque [Nm];Azimuthal Angle Theta [deg];Rotor Torque [Nm];Azimuthal Angle Theta [deg];Rotor Torque [Nm];Azimuthal Angle Theta [deg];Rotor Torque [Nm];Azimuthal Angle Theta [deg];Rotor Torque [Nm];Azimuthal Angle Theta [deg];Rotor Torque [Nm];Azimuthal Angle Theta [deg];Rotor Torque [Nm];Azimuthal Angle Theta [deg];Rotor Torque [Nm];Azimuthal Angle Theta [deg];Rotor Torque [Nm];Azimuthal Angle Theta [deg];Rotor Torque [Nm];Azimuthal Angle Theta [deg];Rotor Torque [Nm];Azimuthal Angle Theta [deg];Rotor Torque [Nm];Azimuthal Angle Theta [deg];Rotor Torque [Nm];Azimuthal Angle Theta [deg];Rotor Torque [Nm];Azimuthal Angle Theta [deg];Rotor Torque [Nm];Azimuthal Angle Theta [deg];Rotor Torque [Nm];Azimuthal Angle Theta [deg];Rotor Torque [Nm];Azimuthal Angle Theta [deg];Rotor Torque [Nm];Azimuthal Angle Theta [deg];Rotor Torque [Nm];Azimuthal Angle Theta [deg];Rotor Torque [Nm];Azimuthal Angle Theta [deg];Rotor Torque [Nm];Azimuthal Angle Theta [deg];Rotor Torque [Nm];Azimuthal Angle Theta [deg];Rotor Torque [Nm];Azimuthal Angle Theta [deg];Rotor Torque [Nm];Azimuthal Angle Theta [deg];Rotor Torque [Nm];Azimuthal Angle Theta [deg];Rotor Torque [Nm];Azimuthal Angle Theta [deg];Rotor Torque [Nm];Azimuthal Angle Theta [deg];Rotor Torque [Nm];Azimuthal Angle Theta [deg];Rotor Torque [Nm];Azimuthal Angle Theta [deg];Rotor Torque [Nm];Azimuthal Angle Theta [deg];Rotor Torque [Nm];Azimuthal Angle Theta [deg];Rotor Torque [Nm];Azimuthal Angle Theta [deg];Rotor Torque [Nm];Azimuthal Angle Theta [deg];Rotor Torque [Nm];Azimuthal Angle Theta [deg];Rotor Torque [Nm];Azimuthal Angle Theta [deg];Rotor Torque [Nm];Azimuthal Angle Theta [deg];Rotor Torque [Nm];Azimuthal Angle Theta [deg];Rotor Torque [Nm];Azimuthal Angle Theta [deg];Rotor Torque [Nm];Azimuthal Angle Theta [deg];Rotor Torque [Nm];Azimuthal Angle Theta [deg];Rotor Torque [Nm];Azimuthal Angle Theta [deg];Rotor Torque [Nm];Azimuthal Angle Theta [deg];Rotor Torque [Nm];Azimuthal Angle Theta [deg];Rotor Torque [Nm];Azimuthal Angle Theta [deg];Rotor Torque [Nm];Azimuthal Angle Theta [deg];Rotor Torque [Nm];Azimuthal Angle Theta [deg];Rotor Torque [Nm];Azimuthal Angle Theta [deg];Rotor Torque [Nm];Azimuthal Angle Theta [deg];Rotor Torque [Nm];Azimuthal Angle Theta [deg];Rotor Torque [Nm];Azimuthal Angle Theta [deg];Rotor Torque [Nm];Azimuthal Angle Theta [deg];Rotor Torque [Nm];Azimuthal Angle Theta [deg];Rotor Torque [Nm];Azimuthal Angle Theta [deg];Rotor Torque [Nm];Azimuthal Angle Theta [deg];Rotor Torque [Nm];Azimuthal Angle Theta [deg];Rotor Torque [Nm];Azimuthal Angle Theta [deg];Rotor Torque [Nm];Azimuthal Angle Theta [deg];Rotor Torque [Nm];Azimuthal Angle Theta [deg];Rotor Torque [Nm];Azimuthal Angle Theta [deg];Rotor Torque [Nm];Azimuthal Angle Theta [deg];Rotor Torque [Nm];Azimuthal Angle Theta [deg];Rotor Torque [Nm];Azimuthal Angle Theta [deg];Rotor Torque [Nm];Azimuthal Angle Theta [deg];Rotor Torque [Nm];Azimuthal Angle Theta [deg];Rotor Torque [Nm];Azimuthal Angle Theta [deg];Rotor Torque [Nm];Azimuthal Angle Theta [deg];Rotor Torque [Nm];Azimuthal Angle Theta [deg];Rotor Torque [Nm];Azimuthal Angle Theta [deg];Rotor Torque [Nm];Azimuthal Angle Theta [deg];Rotor Torque [Nm];Azimuthal Angle Theta [deg];Rotor Torque [Nm];Azimuthal Angle Theta [deg];Rotor Torque [Nm];Azimuthal Angle Theta [deg];Rotor Torque [Nm];Azimuthal Angle Theta [deg];Rotor Torque [Nm];Azimuthal Angle Theta [deg];Rotor Torque [Nm];Azimuthal Angle Theta [deg];Rotor Torque [Nm];Azimuthal Angle Theta [deg];Rotor Torque [Nm];Azimuthal Angle Theta [deg];Rotor Torque [Nm];Azimuthal Angle Theta [deg];Rotor Torque [Nm];Azimuthal Angle Theta [deg];Rotor Torque [Nm];Azimuthal Angle Theta [deg];Rotor Torque [Nm];Azimuthal Angle Theta [deg];Rotor Torque [Nm];Azimuthal Angle Theta [deg];Rotor Torque [Nm];Azimuthal Angle Theta [deg];Rotor Torque [Nm];Azimuthal Angle Theta [deg];Rotor Torque [Nm];Azimuthal Angle Theta [deg];Rotor Torque [Nm];Azimuthal Angle Theta [deg];Rotor Torque [Nm];Azimuthal Angle Theta [deg];Rotor Torque [Nm];Azimuthal Angle Theta [deg];Rotor Torque [Nm];Azimuthal Angle Theta [deg];Rotor Torque [Nm];Azimuthal Angle Theta [deg];Rotor Torque [Nm];Azimuthal Angle Theta [deg];Rotor Torque [Nm];Azimuthal Angle Theta [deg];Rotor Torque [Nm];Azimuthal Angle Theta [deg];Rotor Torque [Nm];Azimuthal Angle Theta [deg];Rotor Torque [Nm];Azimuthal Angle Theta [deg];Rotor Torque [Nm];Azimuthal Angle Theta [deg];Rotor Torque [Nm];Azimuthal Angle Theta [deg];Rotor Torque [Nm];Azimuthal Angle Theta [deg];Rotor Torque [Nm];Azimuthal Angle Theta [deg];Rotor Torque [Nm];Azimuthal Angle Theta [deg];Rotor Torque [Nm];Azimuthal Angle Theta [deg];Rotor Torque [Nm];Azimuthal Angle Theta [deg];Rotor Torque [Nm];Azimuthal Angle Theta [deg];Rotor Torque [Nm];Azimuthal Angle Theta [deg];Rotor Torque [Nm];Azimuthal Angle Theta [deg];Rotor Torque [Nm];Azimuthal Angle Theta [deg];Rotor Torque [Nm];Azimuthal Angle Theta [deg];Rotor Torque [Nm];Azimuthal Angle Theta [deg];Rotor Torque [Nm];Azimuthal Angle Theta [deg];Rotor Torque [Nm];Azimuthal Angle Theta [deg];Rotor Torque [Nm];Azimuthal Angle Theta [deg];Rotor Torque [Nm];Azimuthal Angle Theta [deg];Rotor Torque [Nm];Azimuthal Angle Theta [deg];Rotor Torque [Nm];Azimuthal Angle Theta [deg];Rotor Torque [Nm];Azimuthal Angle Theta [deg];Rotor Torque [Nm];Azimuthal Angle Theta [deg];Rotor Torque [Nm];Azimuthal Angle Theta [deg];Rotor Torque [Nm];Azimuthal Angle Theta [deg];Rotor Torque [Nm];Azimuthal Angle Theta [deg];Rotor Torque [Nm];Azimuthal Angle Theta [deg];Rotor Torque [Nm];Azimuthal Angle Theta [deg];Rotor Torque [Nm];Azimuthal Angle Theta [deg];Rotor Torque [Nm];Azimuthal Angle Theta [deg];Rotor Torque [Nm];Azimuthal Angle Theta [deg];Rotor Torque [Nm];Azimuthal Angle Theta [deg];Rotor Torque [Nm];Azimuthal Angle Theta [deg];Rotor Torque [Nm];Azimuthal Angle Theta [deg];Rotor Torque [Nm];Azimuthal Angle Theta [deg];Rotor Torque [Nm];Azimuthal Angle Theta [deg];Rotor Torque [Nm];Azimuthal Angle Theta [deg];Rotor Torque [Nm];Azimuthal Angle Theta [deg];Rotor Torque [Nm];Azimuthal Angle Theta [deg];Rotor Torque [Nm];Azimuthal Angle Theta [deg];Rotor Torque [Nm];Azimuthal Angle Theta [deg];Rotor Torque [Nm];Azimuthal Angle Theta [deg];Rotor Torque [Nm];Azimuthal Angle Theta [deg];Rotor Torque [Nm];Azimuthal Angle Theta [deg];Rotor Torque [Nm];Azimuthal Angle Theta [deg];Rotor Torque [Nm];Azimuthal Angle Theta [deg];Rotor Torque [Nm];Azimuthal Angle Theta [deg];Rotor Torque [Nm];Azimuthal Angle Theta [deg];Rotor Torque [Nm];Azimuthal Angle Theta [deg];Rotor Torque [Nm];Azimuthal Angle Theta [deg];Rotor Torque [Nm];Azimuthal Angle Theta [deg];Rotor Torque [Nm];Azimuthal Angle Theta [deg];Rotor Torque [Nm];Azimuthal Angle Theta [deg];Rotor Torque [Nm];Azimuthal Angle Theta [deg];Rotor Torque [Nm];Azimuthal Angle Theta [deg];Rotor Torque [Nm];Azimuthal Angle Theta [deg];Rotor Torque [Nm];Azimuthal Angle Theta [deg];Rotor Torque [Nm];Azimuthal Angle Theta [deg];Rotor Torque [Nm];Azimuthal Angle Theta [deg];Rotor Torque [Nm];Azimuthal Angle Theta [deg];Rotor Torque [Nm];Azimuthal Angle Theta [deg];Rotor Torque [Nm];Azimuthal Angle Theta [deg];Rotor Torque [Nm];Azimuthal Angle Theta [deg];Rotor Torque [Nm];Azimuthal Angle Theta [deg];Rotor Torque [Nm];Azimuthal Angle Theta [deg];Rotor Torque [Nm];Azimuthal Angle Theta [deg];Rotor Torque [Nm];Azimuthal Angle Theta [deg];Rotor Torque [Nm];Azimuthal Angle Theta [deg];Rotor Torque [Nm];Azimuthal Angle Theta [deg];Rotor Torque [Nm];Azimuthal Angle Theta [deg];Rotor Torque [Nm];Azimuthal Angle Theta [deg];Rotor Torque [Nm];Azimuthal Angle Theta [deg];Rotor Torque [Nm];Azimuthal Angle Theta [deg];Rotor Torque [Nm];Azimuthal Angle Theta [deg];Rotor Torque [Nm];Azimuthal Angle Theta [deg];Rotor Torque [Nm];Azimuthal Angle Theta [deg];Rotor Torque [Nm];Azimuthal Angle Theta [deg];Rotor Torque [Nm];Azimuthal Angle Theta [deg];Rotor Torque [Nm];Azimuthal Angle Theta [deg];Rotor Torque [Nm];Azimuthal Angle Theta [deg];Rotor Torque [Nm];Azimuthal Angle Theta [deg];Rotor Torque [Nm];Azimuthal Angle Theta [deg];Rotor Torque [Nm];Azimuthal Angle Theta [deg];Rotor Torque [Nm];Azimuthal Angle Theta [deg];Rotor Torque [Nm];Azimuthal Angle Theta [deg];Rotor Torque [Nm];Azimuthal Angle Theta [deg];Rotor Torque [Nm];Azimuthal Angle Theta [deg];Rotor Torque [Nm];Azimuthal Angle Theta [deg];Rotor Torque [Nm];Azimuthal Angle Theta [deg];Rotor Torque [Nm];Azimuthal Angle Theta [deg];Rotor Torque [Nm];Azimuthal Angle Theta [deg];Rotor Torque [Nm];Azimuthal Angle Theta [deg];Rotor Torque [Nm];Azimuthal Angle Theta [deg];Rotor Torque [Nm];Azimuthal Angle Theta [deg];Rotor Torque [Nm];Azimuthal Angle Theta [deg];Rotor Torque [Nm];Azimuthal Angle Theta [deg];Rotor Torque [Nm];Azimuthal Angle Theta [deg];Rotor Torque [Nm];Azimuthal Angle Theta [deg];Rotor Torque [Nm];Azimuthal Angle Theta [deg];Rotor Torque [Nm];Azimuthal Angle Theta [deg];Rotor Torque [Nm];Azimuthal Angle Theta [deg];Rotor Torque [Nm];Azimuthal Angle Theta [deg];Rotor Torque [Nm];Azimuthal Angle Theta [deg];Rotor Torque [Nm];Azimuthal Angle Theta [deg];Rotor Torque [Nm];Azimuthal Angle Theta [deg];Rotor Torque [Nm];Azimuthal Angle Theta [deg];Rotor Torque [Nm];Azimuthal Angle Theta [deg];Rotor Torque [Nm];Azimuthal Angle Theta [deg];Rotor Torque [Nm];Azimuthal Angle Theta [deg];Rotor Torque [Nm];Azimuthal Angle Theta [deg];Rotor Torque [Nm];Azimuthal Angle Theta [deg];Rotor Torque [Nm];Azimuthal Angle Theta [deg];Rotor Torque [Nm];Azimuthal Angle Theta [deg];Rotor Torque [Nm];Azimuthal Angle Theta [deg];Rotor Torque [Nm];Azimuthal Angle Theta [deg];Rotor Torque [Nm];Azimuthal Angle Theta [deg];Rotor Torque [Nm];Azimuthal Angle Theta [deg];Rotor Torque [Nm];Azimuthal Angle Theta [deg];Rotor Torque [Nm];Azimuthal Angle Theta [deg];Rotor Torque [Nm];Azimuthal Angle Theta [deg];Rotor Torque [Nm];Azimuthal Angle Theta [deg];Rotor Torque [Nm];Azimuthal Angle Theta [deg];Rotor Torque [Nm];Azimuthal Angle Theta [deg];Rotor Torque [Nm];Azimuthal Angle Theta [deg];Rotor Torque [Nm];Azimuthal Angle Theta [deg];Rotor Torque [Nm];Azimuthal Angle Theta [deg];Rotor Torque [Nm];Azimuthal Angle Theta [deg];Rotor Torque [Nm];Azimuthal Angle Theta [deg];Rotor Torque [Nm];Azimuthal Angle Theta [deg];Rotor Torque [Nm];Azimuthal Angle Theta [deg];Rotor Torque [Nm];Azimuthal Angle Theta [deg];Rotor Torque [Nm];Azimuthal Angle Theta [deg];Rotor Torque [Nm];Azimuthal Angle Theta [deg];Rotor Torque [Nm];Azimuthal Angle Theta [deg];Rotor Torque [Nm];Azimuthal Angle Theta [deg];Rotor Torque [Nm];Azimuthal Angle Theta [deg];Rotor Torque [Nm];Azimuthal Angle Theta [deg];Rotor Torque [Nm];Azimuthal Angle Theta [deg];Rotor Torque [Nm];Azimuthal Angle Theta [deg];Rotor Torque [Nm];Azimuthal Angle Theta [deg];Rotor Torque [Nm];Azimuthal Angle Theta [deg];Rotor Torque [Nm];Azimuthal Angle Theta [deg];Rotor Torque [Nm];Azimuthal Angle Theta [deg];Rotor Torque [Nm];Azimuthal Angle Theta [deg];Rotor Torque [Nm];Azimuthal Angle Theta [deg];Rotor Torque [Nm];Azimuthal Angle Theta [deg];Rotor Torque [Nm];Azimuthal Angle Theta [deg];Rotor Torque [Nm];Azimuthal Angle Theta [deg];Rotor Torque [Nm];Azimuthal Angle Theta [deg];Rotor Torque [Nm];Azimuthal Angle Theta [deg];Rotor Torque [Nm];Azimuthal Angle Theta [deg];Rotor Torque [Nm];Azimuthal Angle Theta [deg];Rotor Torque [Nm];Azimuthal Angle Theta [deg];Rotor Torque [Nm];Azimuthal Angle Theta [deg];Rotor Torque [Nm];Azimuthal Angle Theta [deg];Rotor Torque [Nm];Azimuthal Angle Theta [deg];Rotor Torque [Nm];Azimuthal Angle Theta [deg];Rotor Torque [Nm];Azimuthal Angle Theta [deg];Rotor Torque [Nm];Azimuthal Angle Theta [deg];Rotor Torque [Nm];Azimuthal Angle Theta [deg];Rotor Torque [Nm];Azimuthal Angle Theta [deg];Rotor Torque [Nm];Azimuthal Angle Theta [deg];Rotor Torque [Nm];Azimuthal Angle Theta [deg];Rotor Torque [Nm];Azimuthal Angle Theta [deg];Rotor Torque [Nm];Azimuthal Angle Theta [deg];Rotor Torque [Nm];Azimuthal Angle Theta [deg];Rotor Torque [Nm];Azimuthal Angle Theta [deg];Rotor Torque [Nm];Azimuthal Angle Theta [deg];Rotor Torque [Nm];Azimuthal Angle Theta [deg];Rotor Torque [Nm];Azimuthal Angle Theta [deg];Rotor Torque [Nm];Azimuthal Angle Theta [deg];Rotor Torque [Nm];Azimuthal Angle Theta [deg];Rotor Torque [Nm];Azimuthal Angle Theta [deg];Rotor Torque [Nm];Azimuthal Angle Theta [deg];Rotor Torque [Nm];Azimuthal Angle Theta [deg];Rotor Torque [Nm];Azimuthal Angle Theta [deg];Rotor Torque [Nm];Azimuthal Angle Theta [deg];Rotor Torque [Nm];Azimuthal Angle Theta [deg];Rotor Torque [Nm];Azimuthal Angle Theta [deg];Rotor Torque [Nm];Azimuthal Angle Theta [deg];Rotor Torque [Nm];Azimuthal Angle Theta [deg];Rotor Torque [Nm];Azimuthal Angle Theta [deg];Rotor Torque [Nm];Azimuthal Angle Theta [deg];Rotor Torque [Nm];Azimuthal Angle Theta [deg];Rotor Torque [Nm];Azimuthal Angle Theta [deg];Rotor Torque [Nm];Azimuthal Angle Theta [deg];Rotor Torque [Nm];Azimuthal Angle Theta [deg];Rotor Torque [Nm];Azimuthal Angle Theta [deg];Rotor Torque [Nm];Azimuthal Angle Theta [deg];Rotor Torque [Nm];Azimuthal Angle Theta [deg];Rotor Torque [Nm];Azimuthal Angle Theta [deg];Rotor Torque [Nm];Azimuthal Angle Theta [deg];Rotor Torque [Nm];Azimuthal Angle Theta [deg];Rotor Torque [Nm];Azimuthal Angle Theta [deg];Rotor Torque [Nm];Azimuthal Angle Theta [deg];Rotor Torque [Nm];Azimuthal Angle Theta [deg];Rotor Torque [Nm];Azimuthal Angle Theta [deg];Rotor Torque [Nm];Azimuthal Angle Theta [deg];Rotor Torque [Nm];Azimuthal Angle Theta [deg];Rotor Torque [Nm];Azimuthal Angle Theta [deg];Rotor Torque [Nm];Azimuthal Angle Theta [deg];Rotor Torque [Nm];Azimuthal Angle Theta [deg];Rotor Torque [Nm];Azimuthal Angle Theta [deg];Rotor Torque [Nm];Azimuthal Angle Theta [deg];Rotor Torque [Nm];Azimuthal Angle Theta [deg];Rotor Torque [Nm];Azimuthal Angle Theta [deg];Rotor Torque [Nm];Azimuthal Angle Theta [deg];Rotor Torque [Nm];Azimuthal Angle Theta [deg];Rotor Torque [Nm];Azimuthal Angle Theta [deg];Rotor Torque [Nm];Azimuthal Angle Theta [deg];Rotor Torque [Nm];Azimuthal Angle Theta [deg];Rotor Torque [Nm];Azimuthal Angle Theta [deg];Rotor Torque [Nm];Azimuthal Angle Theta [deg];Rotor Torque [Nm];Azimuthal Angle Theta [deg];Rotor Torque [Nm];Azimuthal Angle Theta [deg];Rotor Torque [Nm];Azimuthal Angle Theta [deg];Rotor Torque [Nm];Azimuthal Angle Theta [deg];Rotor Torque [Nm];Azimuthal Angle Theta [deg];Rotor Torque [Nm];Azimuthal Angle Theta [deg];Rotor Torque [Nm];Azimuthal Angle Theta [deg];Rotor Torque [Nm];Azimuthal Angle Theta [deg];Rotor Torque [Nm];Azimuthal Angle Theta [deg];Rotor Torque [Nm];Azimuthal Angle Theta [deg];Rotor Torque [Nm];Azimuthal Angle Theta [deg];Rotor Torque [Nm];Azimuthal Angle Theta [deg];Rotor Torque [Nm];Azimuthal Angle Theta [deg];Rotor Torque [Nm];Azimuthal Angle Theta [deg];Rotor Torque [Nm];Azimuthal Angle Theta [deg];Rotor Torque [Nm];Azimuthal Angle Theta [deg];Rotor Torque [Nm];Azimuthal Angle Theta [deg];Rotor Torque [Nm];Azimuthal Angle Theta [deg];Rotor Torque [Nm];Azimuthal Angle Theta [deg];Rotor Torque [Nm];Azimuthal Angle Theta [deg];Rotor Torque [Nm];Azimuthal Angle Theta [deg];Rotor Torque [Nm];Azimuthal Angle Theta [deg];Rotor Torque [Nm];Azimuthal Angle Theta [deg];Rotor Torque [Nm];Azimuthal Angle Theta [deg];Rotor Torque [Nm];Azimuthal Angle Theta [deg];Rotor Torque [Nm];Azimuthal Angle Theta [deg];Rotor Torque [Nm];Azimuthal Angle Theta [deg];Rotor Torque [Nm];Azimuthal Angle Theta [deg];Rotor Torque [Nm];Azimuthal Angle Theta [deg];Rotor Torque [Nm];Azimuthal Angle Theta [deg];Rotor Torque [Nm];Azimuthal Angle Theta [deg];Rotor Torque [Nm];Azimuthal Angle Theta [deg];Rotor Torque [Nm];Azimuthal Angle Theta [deg];Rotor Torque [Nm];Azimuthal Angle Theta [deg];Rotor Torque [Nm];Azimuthal Angle Theta [deg];Rotor Torque [Nm];Azimuthal Angle Theta [deg];Rotor Torque [Nm];Azimuthal Angle Theta [deg];Rotor Torque [Nm];Azimuthal Angle Theta [deg];Rotor Torque [Nm];Azimuthal Angle Theta [deg];Rotor Torque [Nm];Azimuthal Angle Theta [deg];Rotor Torque [Nm];Azimuthal Angle Theta [deg];Rotor Torque [Nm];Azimuthal Angle Theta [deg];Rotor Torque [Nm];Azimuthal Angle Theta [deg];Rotor Torque [Nm];Azimuthal Angle Theta [deg];Rotor Torque [Nm];Azimuthal Angle Theta [deg];Rotor Torque [Nm];Azimuthal Angle Theta [deg];Rotor Torque [Nm];Azimuthal Angle Theta [deg];Rotor Torque [Nm];Azimuthal Angle Theta [deg];Rotor Torque [Nm];Azimuthal Angle Theta [deg];Rotor Torque [Nm];Azimuthal Angle Theta [deg];Rotor Torque [Nm];Azimuthal Angle Theta [deg];Rotor Torque [Nm];Azimuthal Angle Theta [deg];Rotor Torque [Nm];Azimuthal Angle Theta [deg];Rotor Torque [Nm];Azimuthal Angle Theta [deg];Rotor Torque [Nm];Azimuthal Angle Theta [deg];Rotor Torque [Nm];Azimuthal Angle Theta [deg];Rotor Torque [Nm];Azimuthal Angle Theta [deg];Rotor Torque [Nm];Azimuthal Angle Theta [deg];Rotor Torque [Nm];Azimuthal Angle Theta [deg];Rotor Torque [Nm];Azimuthal Angle Theta [deg];Rotor Torque [Nm];Azimuthal Angle Theta [deg];Rotor Torque [Nm];Azimuthal Angle Theta [deg];Rotor Torque [Nm];Azimuthal Angle Theta [deg];Rotor Torque [Nm];Azimuthal Angle Theta [deg];Rotor Torque [Nm];Azimuthal Angle Theta [deg];Rotor Torque [Nm];Azimuthal Angle Theta [deg];Rotor Torque [Nm];Azimuthal Angle Theta [deg];Rotor Torque [Nm];Azimuthal Angle Theta [deg];Rotor Torque [Nm];Azimuthal Angle Theta [deg];Rotor Torque [Nm];Azimuthal Angle Theta [deg];Rotor Torque [Nm];Azimuthal Angle Theta [deg];Rotor Torque [Nm];Azimuthal Angle Theta [deg];Rotor Torque [Nm];Azimuthal Angle Theta [deg];Rotor Torque [Nm];Azimuthal Angle Theta [deg];Rotor Torque [Nm];Azimuthal Angle Theta [deg];Rotor Torque [Nm];Azimuthal Angle Theta [deg];Rotor Torque [Nm];Azimuthal Angle Theta [deg];Rotor Torque [Nm];Azimuthal Angle Theta [deg];Rotor Torque [Nm];Azimuthal Angle Theta [deg];Rotor Torque [Nm];Azimuthal Angle Theta [deg];Rotor Torque [Nm];Azimuthal Angle Theta [deg];Rotor Torque [Nm];Azimuthal Angle Theta [deg];Rotor Torque [Nm];Azimuthal Angle Theta [deg];Rotor Torque [Nm];Azimuthal Angle Theta [deg];Rotor Torque [Nm];Azimuthal Angle Theta [deg];Rotor Torque [Nm];Azimuthal Angle Theta [deg];Rotor Torque [Nm];Azimuthal Angle Theta [deg];Rotor Torque [Nm];Azimuthal Angle Theta [deg];Rotor Torque [Nm];Azimuthal Angle Theta [deg];Rotor Torque [Nm];Azimuthal Angle Theta [deg];Rotor Torque [Nm];Azimuthal Angle Theta [deg];Rotor Torque [Nm];Azimuthal Angle Theta [deg];Rotor Torque [Nm];Azimuthal Angle Theta [deg];Rotor Torque [Nm];Azimuthal Angle Theta [deg];Rotor Torque [Nm];Azimuthal Angle Theta [deg];Rotor Torque [Nm];Azimuthal Angle Theta [deg];Rotor Torque [Nm];Azimuthal Angle Theta [deg];Rotor Torque [Nm];Azimuthal Angle Theta [deg];Rotor Torque [Nm];Azimuthal Angle Theta [deg];Rotor Torque [Nm];Azimuthal Angle Theta [deg];Rotor Torque [Nm];Azimuthal Angle Theta [deg];Rotor Torque [Nm];Azimuthal Angle Theta [deg];Rotor Torque [Nm];Azimuthal Angle Theta [deg];Rotor Torque [Nm];Azimuthal Angle Theta [deg];Rotor Torque [Nm];Azimuthal Angle Theta [deg];Rotor Torque [Nm];Azimuthal Angle Theta [deg];Rotor Torque [Nm];Azimuthal Angle Theta [deg];Rotor Torque [Nm];Azimuthal Angle Theta [deg];Rotor Torque [Nm];Azimuthal Angle Theta [deg];Rotor Torque [Nm];Azimuthal Angle Theta [deg];Rotor Torque [Nm];Azimuthal Angle Theta [deg];Rotor Torque [Nm];Azimuthal Angle Theta [deg];Rotor Torque [Nm];Azimuthal Angle Theta [deg];Rotor Torque [Nm];Azimuthal Angle Theta [deg];Rotor Torque [Nm];Azimuthal Angle Theta [deg];Rotor Torque [Nm];Azimuthal Angle Theta [deg];Rotor Torque [Nm];Azimuthal Angle Theta [deg];Rotor Torque [Nm];Azimuthal Angle Theta [deg];Rotor Torque [Nm];Azimuthal Angle Theta [deg];Rotor Torque [Nm];Azimuthal Angle Theta [deg];Rotor Torque [Nm];Azimuthal Angle Theta [deg];Rotor Torque [Nm];Azimuthal Angle Theta [deg];Rotor Torque [Nm];Azimuthal Angle Theta [deg];Rotor Torque [Nm];Azimuthal Angle Theta [deg];Rotor Torque [Nm];Azimuthal Angle Theta [deg];Rotor Torque [Nm];Azimuthal Angle Theta [deg];Rotor Torque [Nm];Azimuthal Angle Theta [deg];Rotor Torque [Nm];Azimuthal Angle Theta [deg];Rotor Torque [Nm];Azimuthal Angle Theta [deg];Rotor Torque [Nm];Azimuthal Angle Theta [deg];Rotor Torque [Nm];Azimuthal Angle Theta [deg];Rotor Torque [Nm];Azimuthal Angle Theta [deg];Rotor Torque [Nm];Azimuthal Angle Theta [deg];Rotor Torque [Nm];Azimuthal Angle Theta [deg];Rotor Torque [Nm];Azimuthal Angle Theta [deg];Rotor Torque [Nm];Azimuthal Angle Theta [deg];Rotor Torque [Nm];Azimuthal Angle Theta [deg];Rotor Torque [Nm];Azimuthal Angle Theta [deg];Rotor Torque [Nm];Azimuthal Angle Theta [deg];Rotor Torque [Nm];Azimuthal Angle Theta [deg];Rotor Torque [Nm];Azimuthal Angle Theta [deg];Rotor Torque [Nm];Azimuthal Angle Theta [deg];Rotor Torque [Nm];Azimuthal Angle Theta [deg];Rotor Torque [Nm];Azimuthal Angle Theta [deg];Rotor Torque [Nm];Azimuthal Angle Theta [deg];Rotor Torque [Nm];Azimuthal Angle Theta [deg];Rotor Torque [Nm];Azimuthal Angle Theta [deg];Rotor Torque [Nm];Azimuthal Angle Theta [deg];Rotor Torque [Nm];Azimuthal Angle Theta [deg];Rotor Torque [Nm];Azimuthal Angle Theta [deg];Rotor Torque [Nm];Azimuthal Angle Theta [deg];Rotor Torque [Nm];Azimuthal Angle Theta [deg];Rotor Torque [Nm];Azimuthal Angle Theta [deg];Rotor Torque [Nm];Azimuthal Angle Theta [deg];Rotor Torque [Nm];Azimuthal Angle Theta [deg];Rotor Torque [Nm];Azimuthal Angle Theta [deg];Rotor Torque [Nm];Azimuthal Angle Theta [deg];Rotor Torque [Nm];Azimuthal Angle Theta [deg];Rotor Torque [Nm];Azimuthal Angle Theta [deg];Rotor Torque [Nm];Azimuthal Angle Theta [deg];Rotor Torque [Nm];Azimuthal Angle Theta [deg];Rotor Torque [Nm];Azimuthal Angle Theta [deg];Rotor Torque [Nm];Azimuthal Angle Theta [deg];Rotor Torque [Nm];Azimuthal Angle Theta [deg];Rotor Torque [Nm];Azimuthal Angle Theta [deg];Rotor Torque [Nm];Azimuthal Angle Theta [deg];Rotor Torque [Nm];Azimuthal Angle Theta [deg];Rotor Torque [Nm];Azimuthal Angle Theta [deg];Rotor Torque [Nm];Azimuthal Angle Theta [deg];Rotor Torque [Nm];Azimuthal Angle Theta [deg];Rotor Torque [Nm];Azimuthal Angle Theta [deg];Rotor Torque [Nm];Azimuthal Angle Theta [deg];Rotor Torque [Nm];Azimuthal Angle Theta [deg];Rotor Torque [Nm];Azimuthal Angle Theta [deg];Rotor Torque [Nm];Azimuthal Angle Theta [deg];Rotor Torque [Nm];Azimuthal Angle Theta [deg];Rotor Torque [Nm];Azimuthal Angle Theta [deg];Rotor Torque [Nm];Azimuthal Angle Theta [deg];Rotor Torque [Nm];Azimuthal Angle Theta [deg];Rotor Torque [Nm];Azimuthal Angle Theta [deg];Rotor Torque [Nm];Azimuthal Angle Theta [deg];Rotor Torque [Nm];Azimuthal Angle Theta [deg];Rotor Torque [Nm];Azimuthal Angle Theta [deg];Rotor Torque [Nm];Azimuthal Angle Theta [deg];Rotor Torque [Nm];Azimuthal Angle Theta [deg];Rotor Torque [Nm];Azimuthal Angle Theta [deg];Rotor Torque [Nm];Azimuthal Angle Theta [deg];Rotor Torque [Nm];Azimuthal Angle Theta [deg];Rotor Torque [Nm];Azimuthal Angle Theta [deg];Rotor Torque [Nm];Azimuthal Angle Theta [deg];Rotor Torque [Nm];Azimuthal Angle Theta [deg];Rotor Torque [Nm];Azimuthal Angle Theta [deg];Rotor Torque [Nm];Azimuthal Angle Theta [deg];Rotor Torque [Nm];Azimuthal Angle Theta [deg];Rotor Torque [Nm];Azimuthal Angle Theta [deg];Rotor Torque [Nm];Azimuthal Angle Theta [deg];Rotor Torque [Nm];Azimuthal Angle Theta [deg];Rotor Torque [Nm];Azimuthal Angle Theta [deg];Rotor Torque [Nm];Azimuthal Angle Theta [deg];Rotor Torque [Nm];Azimuthal Angle Theta [deg];Rotor Torque [Nm];Azimuthal Angle Theta [deg];Rotor Torque [Nm];Azimuthal Angle Theta [deg];Rotor Torque [Nm];Azimuthal Angle Theta [deg];Rotor Torque [Nm];Azimuthal Angle Theta [deg];Rotor Torque [Nm];Azimuthal Angle Theta [deg];Rotor Torque [Nm];Azimuthal Angle Theta [deg];Rotor Torque [Nm];Azimuthal Angle Theta [deg];Rotor Torque [Nm];Azimuthal Angle Theta [deg];Rotor Torque [Nm];Azimuthal Angle Theta [deg];Rotor Torque [Nm];Azimuthal Angle Theta [deg];Rotor Torque [Nm];Azimuthal Angle Theta [deg];Rotor Torque [Nm];Azimuthal Angle Theta [deg];Rotor Torque [Nm];Azimuthal Angle Theta [deg];Rotor Torque [Nm];Azimuthal Angle Theta [deg];Rotor Torque [Nm];Azimuthal Angle Theta [deg];Rotor Torque [Nm];Azimuthal Angle Theta [deg];Rotor Torque [Nm];Azimuthal Angle Theta [deg];Rotor Torque [Nm];Azimuthal Angle Theta [deg];Rotor Torque [Nm];Azimuthal Angle Theta [deg];Rotor Torque [Nm];Azimuthal Angle Theta [deg];Rotor Torque [Nm];Azimuthal Angle Theta [deg];Rotor Torque [Nm];Azimuthal Angle Theta [deg];Rotor Torque [Nm];Azimuthal Angle Theta [deg];Rotor Torque [Nm];Azimuthal Angle Theta [deg];Rotor Torque [Nm];Azimuthal Angle Theta [deg];Rotor Torque [Nm];Azimuthal Angle Theta [deg];Rotor Torque [Nm];Azimuthal Angle Theta [deg];Rotor Torque [Nm];Azimuthal Angle Theta [deg];Rotor Torque [Nm];Azimuthal Angle Theta [deg];Rotor Torque [Nm];Azimuthal Angle Theta [deg];Rotor Torque [Nm];Azimuthal Angle Theta [deg];Rotor Torque [Nm];Azimuthal Angle Theta [deg];Rotor Torque [Nm];Azimuthal Angle Theta [deg];Rotor Torque [Nm];Azimuthal Angle Theta [deg];Rotor Torque [Nm];Azimuthal Angle Theta [deg];Rotor Torque [Nm];Azimuthal Angle Theta [deg];Rotor Torque [Nm];Azimuthal Angle Theta [deg];Rotor Torque [Nm];Azimuthal Angle Theta [deg];Rotor Torque [Nm];Azimuthal Angle Theta [deg];Rotor Torque [Nm];Azimuthal Angle Theta [deg];Rotor Torque [Nm];Azimuthal Angle Theta [deg];Rotor Torque [Nm];Azimuthal Angle Theta [deg];Rotor Torque [Nm];Azimuthal Angle Theta [deg];Rotor Torque [Nm];Azimuthal Angle Theta [deg];Rotor Torque [Nm];Azimuthal Angle Theta [deg];Rotor Torque [Nm];Azimuthal Angle Theta [deg];Rotor Torque [Nm];Azimuthal Angle Theta [deg];Rotor Torque [Nm];Azimuthal Angle Theta [deg];Rotor Torque [Nm];Azimuthal Angle Theta [deg];Rotor Torque [Nm];Azimuthal Angle Theta [deg];Rotor Torque [Nm];Azimuthal Angle Theta [deg];Rotor Torque [Nm];Azimuthal Angle Theta [deg];Rotor Torque [Nm];Azimuthal Angle Theta [deg];Rotor Torque [Nm];Azimuthal Angle Theta [deg];Rotor Torque [Nm];Azimuthal Angle Theta [deg];Rotor Torque [Nm];Azimuthal Angle Theta [deg];Rotor Torque [Nm];Azimuthal Angle Theta [deg];Rotor Torque [Nm];Azimuthal Angle Theta [deg];Rotor Torque [Nm];Azimuthal Angle Theta [deg];Rotor Torque [Nm];Azimuthal Angle Theta [deg];Rotor Torque [Nm];Azimuthal Angle Theta [deg];Rotor Torque [Nm];Azimuthal Angle Theta [deg];Rotor Torque [Nm];Azimuthal Angle Theta [deg];Rotor Torque [Nm];Azimuthal Angle Theta [deg];Rotor Torque [Nm];Azimuthal Angle Theta [deg];Rotor Torque [Nm];Azimuthal Angle Theta [deg];Rotor Torque [Nm];Azimuthal Angle Theta [deg];Rotor Torque [Nm];Azimuthal Angle Theta [deg];Rotor Torque [Nm];Azimuthal Angle Theta [deg];Rotor Torque [Nm];Azimuthal Angle Theta [deg];Rotor Torque [Nm];Azimuthal Angle Theta [deg];Rotor Torque [Nm];Azimuthal Angle Theta [deg];Rotor Torque [Nm];Azimuthal Angle Theta [deg];Rotor Torque [Nm];Azimuthal Angle Theta [deg];Rotor Torque [Nm];Azimuthal Angle Theta [deg];Rotor Torque [Nm];Azimuthal Angle Theta [deg];Rotor Torque [Nm];Azimuthal Angle Theta [deg];Rotor Torque [Nm];Azimuthal Angle Theta [deg];Rotor Torque [Nm];Azimuthal Angle Theta [deg];Rotor Torque [Nm];Azimuthal Angle Theta [deg];Rotor Torque [Nm];Azimuthal Angle Theta [deg];Rotor Torque [Nm];Azimuthal Angle Theta [deg];Rotor Torque [Nm];Azimuthal Angle Theta [deg];Rotor Torque [Nm];Azimuthal Angle Theta [deg];Rotor Torque [Nm];Azimuthal Angle Theta [deg];Rotor Torque [Nm];Azimuthal Angle Theta [deg];Rotor Torque [Nm];Azimuthal Angle Theta [deg];Rotor Torque [Nm];Azimuthal Angle Theta [deg];Rotor Torque [Nm];Azimuthal Angle Theta [deg];Rotor Torque [Nm];Azimuthal Angle Theta [deg];Rotor Torque [Nm];Azimuthal Angle Theta [deg];Rotor Torque [Nm];Azimuthal Angle Theta [deg];Rotor Torque [Nm];Azimuthal Angle Theta [deg];Rotor Torque [Nm];Azimuthal Angle Theta [deg];Rotor Torque [Nm];Azimuthal Angle Theta [deg];Rotor Torque [Nm];Azimuthal Angle Theta [deg];Rotor Torque [Nm];Azimuthal Angle Theta [deg];Rotor Torque [Nm];Azimuthal Angle Theta [deg];Rotor Torque [Nm];Azimuthal Angle Theta [deg];Rotor Torque [Nm];Azimuthal Angle Theta [deg];Rotor Torque [Nm];Azimuthal Angle Theta [deg];Rotor Torque [Nm];Azimuthal Angle Theta [deg];Rotor Torque [Nm];Azimuthal Angle Theta [deg];Rotor Torque [Nm];Azimuthal Angle Theta [deg];Rotor Torque [Nm];Azimuthal Angle Theta [deg];Rotor Torque [Nm];Azimuthal Angle Theta [deg];Rotor Torque [Nm];Azimuthal Angle Theta [deg];Rotor Torque [Nm];Azimuthal Angle Theta [deg];Rotor Torque [Nm];Azimuthal Angle Theta [deg];Rotor Torque [Nm];Azimuthal Angle Theta [deg];Rotor Torque [Nm];Azimuthal Angle Theta [deg];Rotor Torque [Nm];Azimuthal Angle Theta [deg];Rotor Torque [Nm];Azimuthal Angle Theta [deg];Rotor Torque [Nm];Azimuthal Angle Theta [deg];Rotor Torque [Nm];Azimuthal Angle Theta [deg];Rotor Torque [Nm];Azimuthal Angle Theta [deg];Rotor Torque [Nm];Azimuthal Angle Theta [deg];Rotor Torque [Nm];Azimuthal Angle Theta [deg];Rotor Torque [Nm];Azimuthal Angle Theta [deg];Rotor Torque [Nm];Azimuthal Angle Theta [deg];Rotor Torque [Nm];Azimuthal Angle Theta [deg];Rotor Torque [Nm];Azimuthal Angle Theta [deg];Rotor Torque [Nm];Azimuthal Angle Theta [deg];Rotor Torque [Nm];Azimuthal Angle Theta [deg];Rotor Torque [Nm];Azimuthal Angle Theta [deg];Rotor Torque [Nm];Azimuthal Angle Theta [deg];Rotor Torque [Nm];Azimuthal Angle Theta [deg];Rotor Torque [Nm];Azimuthal Angle Theta [deg];Rotor Torque [Nm];Azimuthal Angle Theta [deg];Rotor Torque [Nm];Azimuthal Angle Theta [deg];Rotor Torque [Nm];Azimuthal Angle Theta [deg];Rotor Torque [Nm];Azimuthal Angle Theta [deg];Rotor Torque [Nm];Azimuthal Angle Theta [deg];Rotor Torque [Nm];Azimuthal Angle Theta [deg];Rotor Torque [Nm];Azimuthal Angle Theta [deg];Rotor Torque [Nm];Azimuthal Angle Theta [deg];Rotor Torque [Nm];Azimuthal Angle Theta [deg];Rotor Torque [Nm];Azimuthal Angle Theta [deg];Rotor Torque [Nm];Azimuthal Angle Theta [deg];Rotor Torque [Nm];Azimuthal Angle Theta [deg];Rotor Torque [Nm];Azimuthal Angle Theta [deg];Rotor Torque [Nm];Azimuthal Angle Theta [deg];Rotor Torque [Nm];Azimuthal Angle Theta [deg];Rotor Torque [Nm];Azimuthal Angle Theta [deg];Rotor Torque [Nm];Azimuthal Angle Theta [deg];Rotor Torque [Nm];Azimuthal Angle Theta [deg];Rotor Torque [Nm];Azimuthal Angle Theta [deg];Rotor Torque [Nm];Azimuthal Angle Theta [deg];Rotor Torque [Nm];Azimuthal Angle Theta [deg];Rotor Torque [Nm];Azimuthal Angle Theta [deg];Rotor Torque [Nm];Azimuthal Angle Theta [deg];Rotor Torque [Nm];Azimuthal Angle Theta [deg];Rotor Torque [Nm];Azimuthal Angle Theta [deg];Rotor Torque [Nm];Azimuthal Angle Theta [deg];Rotor Torque [Nm];Azimuthal Angle Theta [deg];Rotor Torque [Nm];Azimuthal Angle Theta [deg];Rotor Torque [Nm];Azimuthal Angle Theta [deg];Rotor Torque [Nm];Azimuthal Angle Theta [deg];Rotor Torque [Nm];Azimuthal Angle Theta [deg];Rotor Torque [Nm];Azimuthal Angle Theta [deg];Rotor Torque [Nm];Azimuthal Angle Theta [deg];Rotor Torque [Nm];Azimuthal Angle Theta [deg];Rotor Torque [Nm];Azimuthal Angle Theta [deg];Rotor Torque [Nm];Azimuthal Angle Theta [deg];Rotor Torque [Nm];Azimuthal Angle Theta [deg];Rotor Torque [Nm];Azimuthal Angle Theta [deg];Rotor Torque [Nm];Azimuthal Angle Theta [deg];Rotor Torque [Nm];Azimuthal Angle Theta [deg];Rotor Torque [Nm];Azimuthal Angle Theta [deg];Rotor Torque [Nm];Azimuthal Angle Theta [deg];Rotor Torque [Nm];Azimuthal Angle Theta [deg];Rotor Torque [Nm];Azimuthal Angle Theta [deg];Rotor Torque [Nm];Azimuthal Angle Theta [deg];Rotor Torque [Nm];Azimuthal Angle Theta [deg];Rotor Torque [Nm];Azimuthal Angle Theta [deg];Rotor Torque [Nm];Azimuthal Angle Theta [deg];Rotor Torque [Nm];Azimuthal Angle Theta [deg];Rotor Torque [Nm];Azimuthal Angle Theta [deg];Rotor Torque [Nm];Azimuthal Angle Theta [deg];Rotor Torque [Nm];Azimuthal Angle Theta [deg];Rotor Torque [Nm];Azimuthal Angle Theta [deg];Rotor Torque [Nm];Azimuthal Angle Theta [deg];Rotor Torque [Nm];Azimuthal Angle Theta [deg];Rotor Torque [Nm];Azimuthal Angle Theta [deg];Rotor Torque [Nm];Azimuthal Angle Theta [deg];Rotor Torque [Nm];Azimuthal Angle Theta [deg];Rotor Torque [Nm];Azimuthal Angle Theta [deg];Rotor Torque [Nm];Azimuthal Angle Theta [deg];Rotor Torque [Nm];Azimuthal Angle Theta [deg];Rotor Torque [Nm];Azimuthal Angle Theta [deg];Rotor Torque [Nm];Azimuthal Angle Theta [deg];Rotor Torque [Nm];Azimuthal Angle Theta [deg];Rotor Torque [Nm];Azimuthal Angle Theta [deg];Rotor Torque [Nm];Azimuthal Angle Theta [deg];Rotor Torque [Nm];Azimuthal Angle Theta [deg];Rotor Torque [Nm];Azimuthal Angle Theta [deg];Rotor Torque [Nm];Azimuthal Angle Theta [deg];Rotor Torque [Nm];Azimuthal Angle Theta [deg];Rotor Torque [Nm];Azimuthal Angle Theta [deg];Rotor Torque [Nm];Azimuthal Angle Theta [deg];Rotor Torque [Nm];Azimuthal Angle Theta [deg];Rotor Torque [Nm];Azimuthal Angle Theta [deg];Rotor Torque [Nm];Azimuthal Angle Theta [deg];Rotor Torque [Nm];Azimuthal Angle Theta [deg];Rotor Torque [Nm];Azimuthal Angle Theta [deg];Rotor Torque [Nm];Azimuthal Angle Theta [deg];Rotor Torque [Nm];Azimuthal Angle Theta [deg];Rotor Torque [Nm];Azimuthal Angle Theta [deg];Rotor Torque [Nm];Azimuthal Angle Theta [deg];Rotor Torque [Nm];Azimuthal Angle Theta [deg];Rotor Torque [Nm];Azimuthal Angle Theta [deg];Rotor Torque [Nm];Azimuthal Angle Theta [deg];Rotor Torque [Nm];Azimuthal Angle Theta [deg];Rotor Torque [Nm];Azimuthal Angle Theta [deg];Rotor Torque [Nm];Azimuthal Angle Theta [deg];Rotor Torque [Nm];Azimuthal Angle Theta [deg];Rotor Torque [Nm];Azimuthal Angle Theta [deg];Rotor Torque [Nm];Azimuthal Angle Theta [deg];Rotor Torque [Nm];Azimuthal Angle Theta [deg];Rotor Torque [Nm];Azimuthal Angle Theta [deg];Rotor Torque [Nm];Azimuthal Angle Theta [deg];Rotor Torque [Nm];Azimuthal Angle Theta [deg];Rotor Torque [Nm];Azimuthal Angle Theta [deg];Rotor Torque [Nm];Azimuthal Angle Theta [deg];Rotor Torque [Nm];Azimuthal Angle Theta [deg];Rotor Torque [Nm];Azimuthal Angle Theta [deg];Rotor Torque [Nm];Azimuthal Angle Theta [deg];Rotor Torque [Nm];Azimuthal Angle Theta [deg];Rotor Torque [Nm];Azimuthal Angle Theta [deg];Rotor Torque [Nm];Azimuthal Angle Theta [deg];Rotor Torque [Nm];Azimuthal Angle Theta [deg];Rotor Torque [Nm];Azimuthal Angle Theta [deg];Rotor Torque [Nm];Azimuthal Angle Theta [deg];Rotor Torque [Nm];Azimuthal Angle Theta [deg];Rotor Torque [Nm];Azimuthal Angle Theta [deg];Rotor Torque [Nm];Azimuthal Angle Theta [deg];Rotor Torque [Nm];Azimuthal Angle Theta [deg];Rotor Torque [Nm];Azimuthal Angle Theta [deg];Rotor Torque [Nm];Azimuthal Angle Theta [deg];Rotor Torque [Nm];Azimuthal Angle Theta [deg];Rotor Torque [Nm];Azimuthal Angle Theta [deg];Rotor Torque [Nm];Azimuthal Angle Theta [deg];Rotor Torque [Nm];Azimuthal Angle Theta [deg];Rotor Torque [Nm];Azimuthal Angle Theta [deg];Rotor Torque [Nm];Azimuthal Angle Theta [deg];Rotor Torque [Nm];Azimuthal Angle Theta [deg];Rotor Torque [Nm];Azimuthal Angle Theta [deg];Rotor Torque [Nm];Azimuthal Angle Theta [deg];Rotor Torque [Nm];Azimuthal Angle Theta [deg];Rotor Torque [Nm];Azimuthal Angle Theta [deg];Rotor Torque [Nm];Azimuthal Angle Theta [deg];Rotor Torque [Nm];Azimuthal Angle Theta [deg];Rotor Torque [Nm];Azimuthal Angle Theta [deg];Rotor Torque [Nm];Azimuthal Angle Theta [deg];Rotor Torque [Nm];Azimuthal Angle Theta [deg];Rotor Torque [Nm];Azimuthal Angle Theta [deg];Rotor Torque [Nm];Azimuthal Angle Theta [deg];Rotor Torque [Nm];Azimuthal Angle Theta [deg];Rotor Torque [Nm];Azimuthal Angle Theta [deg];Rotor Torque [Nm];Azimuthal Angle Theta [deg];Rotor Torque [Nm];Azimuthal Angle Theta [deg];Rotor Torque [Nm];Azimuthal Angle Theta [deg];Rotor Torque [Nm]
2.5000000e+00;-1.0481040e-01;2.5000000e+00;-1.2236656e-01;2.5000000e+00;-1.2193936e-01;2.5000000e+00;-1.0171672e-01;2.5000000e+00;-6.1254181e-02;2.5000000e+00;2.5787340e-03;2.5000000e+00;9.2305116e-02;2.5000000e+00;1.6608937e-01;2.5000000e+00;1.9732000e-01;2.5000000e+00;2.0317569e-01;2.5000000e+00;1.8773317e-01;2.5000000e+00;1.3811456e-01;2.5000000e+00;8.3529316e-02;2.5000000e+00;2.9389299e-02;2.5000000e+00;-2.3098968e-02;2.5000000e+00;-7.1868338e-02;2.5000000e+00;-1.2128915e-01;2.5000000e+00;-1.7271475e-01;2.5000000e+00;-1.0481040e-01;2.5000000e+00;-1.2236656e-01;2.5000000e+00;-1.2193936e-01;2.5000000e+00;-1.0171672e-01;2.5000000e+00;-6.1254181e-02;2.5000000e+00;2.5787340e-03;2.5000000e+00;9.2305116e-02;2.5000000e+00;1.6608937e-01;2.5000000e+00;1.9732000e-01;2.5000000e+00;2.0317569e-01;2.5000000e+00;1.8773317e-01;2.5000000e+00;1.3811456e-01;2.5000000e+00;8.3529316e-02;2.5000000e+00;2.9389299e-02;2.5000000e+00;-2.3098968e-02;2.5000000e+00;-7.1868338e-02;2.5000000e+00;-1.2128915e-01;2.5000000e+00;-1.7271475e-01;2.5000000e+00;-1.0481040e-01;2.5000000e+00;-1.2236656e-01;2.5000000e+00;-1.2193936e-01;2.5000000e+00;-1.0171672e-01;2.5000000e+00;-6.1254181e-02;2.5000000e+00;2.5787340e-03;2.5000000e+00;9.2305116e-02;2.5000000e+00;1.6608937e-01;2.5000000e+00;1.9732000e-01;2.5000000e+00;2.0317569e-01;2.5000000e+00;1.8773317e-01;2.5000000e+00;1.3811456e-01;2.5000000e+00;8.3529316e-02;2.5000000e+00;2.9389299e-02;2.5000000e+00;-2.3098968e-02;2.5000000e+00;-7.1868338e-02;2.5000000e+00;-1.2128915e-01;2.5000000e+00;-1.7271475e-01;2.5000000e+00;-1.0481040e-01;2.5000000e+00;-1.2236656e-01;2.5000000e+00;-1.2193936e-01;2.5000000e+00;-1.0171672e-01;2.5000000e+00;-6.1254181e-02;2.5000000e+00;2.5787340e-03;2.5000000e+00;9.2305116e-02;2.5000000e+00;1.6608937e-01;2.5000000e+00;1.9732000e-01;2.5000000e+00;2.0317569e-01;2.5000000e+00;1.8773317e-01;2.5000000e+00;1.3811456e-01;2.5000000e+00;8.3529316e-02;2.5000000e+00;2.9389299e-02;2.5000000e+00;-2.3098968e-02;2.5000000e+00;-7.1868338e-02;2.5000000e+00;-1.2128915e-01;2.5000000e+00;-1.7271475e-01;2.5000000e+00;-1.0481040e-01;2.5000000e+00;-1.2236656e-01;2.5000000e+00;-1.2193936e-01;2.5000000e+00;-1.0171672e-01;2.5000000e+00;-6.1254181e-02;2.5000000e+00;2.5787340e-03;2.5000000e+00;9.2305116e-02;2.5000000e+00;1.6608937e-01;2.5000000e+00;1.9732000e-01;2.5000000e+00;2.0317569e-01;2.5000000e+00;1.8773317e-01;2.5000000e+00;1.3811456e-01;2.5000000e+00;8.3529316e-02;2.5000000e+00;2.9389299e-02;2.5000000e+00;-2.3098968e-02;2.5000000e+00;-7.1868338e-02;2.5000000e+00;-1.2128915e-01;2.5000000e+00;-1.7271475e-01;2.5000000e+00;-1.0481040e-01;2.5000000e+00;-1.2236656e-01;2.5000000e+00;-1.2193936e-01;2.5000000e+00;-1.0171672e-01;2.5000000e+00;-6.1254181e-02;2.5000000e+00;2.5787340e-03;2.5000000e+00;9.2305116e-02;2.5000000e+00;1.6608937e-01;2.5000000e+00;1.9732000e-01;2.5000000e+00;2.0317569e-01;2.5000000e+00;1.8773317e-01;2.5000000e+00;1.3811456e-01;2.5000000e+00;8.3529316e-02;2.5000000e+00;2.9389299e-02;2.5000000e+00;-2.3098968e-02;2.5000000e+00;-7.1868338e-02;2.5000000e+00;-1.2128915e-01;2.5000000e+00;-1.7271475e-01;2.5000000e+00;-1.0481040e-01;2.5000000e+00;-1.2236656e-01;2.5000000e+00;-1.2193936e-01;2.5000000e+00;-1.0171672e-01;2.5000000e+00;-6.1254181e-02;2.5000000e+00;2.5787340e-03;2.5000000e+00;9.2305116e-02;2.5000000e+00;1.6608937e-01;2.5000000e+00;1.9732000e-01;2.5000000e+00;2.0317569e-01;2.5000000e+00;1.8773317e-01;2.5000000e+00;1.3811456e-01;2.5000000e+00;8.3529316e-02;2.5000000e+00;2.9389299e-02;2.5000000e+00;-2.3098968e-02;2.5000000e+00;-7.1868338e-02;2.5000000e+00;-1.2128915e-01;2.5000000e+00;-1.7271475e-01;2.5000000e+00;-1.0481040e-01;2.5000000e+00;-1.2236656e-01;2.5000000e+00;-1.2193936e-01;2.5000000e+00;-1.0171672e-01;2.5000000e+00;-6.1254181e-02;2.5000000e+00;2.5787340e-03;2.5000000e+00;9.2305116e-02;2.5000000e+00;1.6608937e-01;2.5000000e+00;1.9732000e-01;2.5000000e+00;2.0317569e-01;2.5000000e+00;1.8773317e-01;2.5000000e+00;1.3811456e-01;2.5000000e+00;8.3529316e-02;2.5000000e+00;2.9389299e-02;2.5000000e+00;-2.3098968e-02;2.5000000e+00;-7.1868338e-02;2.5000000e+00;-1.2128915e-01;2.5000000e+00;-1.7271475e-01;2.5000000e+00;-1.0481040e-01;2.5000000e+00;-1.2236656e-01;2.5000000e+00;-1.2193936e-01;2.5000000e+00;-1.0171672e-01;2.5000000e+00;-6.1254181e-02;2.5000000e+00;2.5787340e-03;2.5000000e+00;9.2305116e-02;2.5000000e+00;1.6608937e-01;2.5000000e+00;1.9732000e-01;2.5000000e+00;2.0317569e-01;2.5000000e+00;1.8773317e-01;2.5000000e+00;1.3811456e-01;2.5000000e+00;8.3529316e-02;2.5000000e+00;2.9389299e-02;2.5000000e+00;-2.3098968e-02;2.5000000e+00;-7.1868338e-02;2.5000000e+00;-1.2128915e-01;2.5000000e+00;-1.7271475e-01;2.5000000e+00;-1.0481040e-01;2.5000000e+00;-1.2236656e-01;2.5000000e+00;-1.2193936e-01;2.5000000e+00;-1.0171672e-01;2.5000000e+00;-6.1254181e-02;2.5000000e+00;2.5787340e-03;2.5000000e+00;9.2305116e-02;2.5000000e+00;1.6608937e-01;2.5000000e+00;1.9732000e-01;2.5000000e+00;2.0317569e-01;2.5000000e+00;1.8773317e-01;2.5000000e+00;1.3811456e-01;2.5000000e+00;8.3529316e-02;2.5000000e+00;2.9389299e-02;2.5000000e+00;-2.3098968e-02;2.5000000e+00;-7.1868338e-02;2.5000000e+00;-1.2128915e-01;2.5000000e+00;-1.7271475e-01;2.5000000e+00;-1.0481040e-01;2.5000000e+00;-1.2236656e-01;2.5000000e+00;-1.2193936e-01;2.5000000e+00;-1.0171672e-01;2.5000000e+00;-6.1254181e-02;2.5000000e+00;2.5787340e-03;2.5000000e+00;9.2305116e-02;2.5000000e+00;1.6608937e-01;2.5000000e+00;1.9732000e-01;2.5000000e+00;2.0317569e-01;2.5000000e+00;1.8773317e-01;2.5000000e+00;1.3811456e-01;2.5000000e+00;8.3529316e-02;2.5000000e+00;2.9389299e-02;2.5000000e+00;-2.3098968e-02;2.5000000e+00;-7.1868338e-02;2.5000000e+00;-1.2128915e-01;2.5000000e+00;-1.7271475e-01;2.5000000e+00;-1.0481040e-01;2.5000000e+00;-1.2236656e-01;2.5000000e+00;-1.2193936e-01;2.5000000e+00;-1.0171672e-01;2.5000000e+00;-6.1254181e-02;2.5000000e+00;2.5787340e-03;2.5000000e+00;9.2305116e-02;2.5000000e+00;1.6608937e-01;2.5000000e+00;1.9732000e-01;2.5000000e+00;2.0317569e-01;2.5000000e+00;1.8773317e-01;2.5000000e+00;1.3811456e-01;2.5000000e+00;8.3529316e-02;2.5000000e+00;2.9389299e-02;2.5000000e+00;-2.3098968e-02;2.5000000e+00;-7.1868338e-02;2.5000000e+00;-1.2128915e-01;2.5000000e+00;-1.7271475e-01;2.5000000e+00;-1.0481040e-01;2.5000000e+00;-1.2236656e-01;2.5000000e+00;-1.2193936e-01;2.5000000e+00;-1.0171672e-01;2.5000000e+00;-6.1254181e-02;2.5000000e+00;2.5787340e-03;2.5000000e+00;9.2305116e-02;2.5000000e+00;1.6608937e-01;2.5000000e+00;1.9732000e-01;2.5000000e+00;2.0317569e-01;2.5000000e+00;1.8773317e-01;2.5000000e+00;1.3811456e-01;2.5000000e+00;8.3529316e-02;2.5000000e+00;2.9389299e-02;2.5000000e+00;-2.3098968e-02;2.5000000e+00;-7.1868338e-02;2.5000000e+00;-1.2128915e-01;2.5000000e+00;-1.7271475e-01;2.5000000e+00;-1.0481040e-01;2.5000000e+00;-1.2236656e-01;2.5000000e+00;-1.2193936e-01;2.5000000e+00;-1.0171672e-01;2.5000000e+00;-6.1254181e-02;2.5000000e+00;2.5787340e-03;2.5000000e+00;9.2305116e-02;2.5000000e+00;1.6608937e-01;2.5000000e+00;1.9732000e-01;2.5000000e+00;2.0317569e-01;2.5000000e+00;1.8773317e-01;2.5000000e+00;1.3811456e-01;2.5000000e+00;8.3529316e-02;2.5000000e+00;2.9389299e-02;2.5000000e+00;-2.3098968e-02;2.5000000e+00;-7.1868338e-02;2.5000000e+00;-1.2128915e-01;2.5000000e+00;-1.7271475e-01;2.5000000e+00;-1.0481040e-01;2.5000000e+00;-1.2236656e-01;2.5000000e+00;-1.2193936e-01;2.5000000e+00;-1.0171672e-01;2.5000000e+00;-6.1254181e-02;2.5000000e+00;2.5787340e-03;2.5000000e+00;9.2305116e-02;2.5000000e+00;1.6608937e-01;2.5000000e+00;1.9732000e-01;2.5000000e+00;2.0317569e-01;2.5000000e+00;1.8773317e-01;2.5000000e+00;1.3811456e-01;2.5000000e+00;8.3529316e-02;2.5000000e+00;2.9389299e-02;2.5000000e+00;-2.3098968e-02;2.5000000e+00;-7.1868338e-02;2.5000000e+00;-1.2128915e-01;2.5000000e+00;-1.7271475e-01;2.5000000e+00;-1.0481040e-01;2.5000000e+00;-1.2236656e-01;2.5000000e+00;-1.2193936e-01;2.5000000e+00;-1.0171672e-01;2.5000000e+00;-6.1254181e-02;2.5000000e+00;2.5787340e-03;2.5000000e+00;9.2305116e-02;2.5000000e+00;1.6608937e-01;2.5000000e+00;1.9732000e-01;2.5000000e+00;2.0317569e-01;2.5000000e+00;1.8773317e-01;2.5000000e+00;1.3811456e-01;2.5000000e+00;8.3529316e-02;2.5000000e+00;2.9389299e-02;2.5000000e+00;-2.3098968e-02;2.5000000e+00;-7.1868338e-02;2.5000000e+00;-1.2128915e-01;2.5000000e+00;-1.7271475e-01;2.5000000e+00;-1.0481040e-01;2.5000000e+00;-1.2236656e-01;2.5000000e+00;-1.2193936e-01;2.5000000e+00;-1.0171672e-01;2.5000000e+00;-6.1254181e-02;2.5000000e+00;2.5787340e-03;2.5000000e+00;9.2305116e-02;2.5000000e+00;1.6608937e-01;2.5000000e+00;1.9732000e-01;2.5000000e+00;2.0317569e-01;2.5000000e+00;1.8773317e-01;2.5000000e+00;1.3811456e-01;2.5000000e+00;8.3529316e-02;2.5000000e+00;2.9389299e-02;2.5000000e+00;-2.3098968e-02;2.5000000e+00;-7.1868338e-02;2.5000000e+00;-1.2128915e-01;2.5000000e+00;-1.7271475e-01;2.5000000e+00;-1.0481040e-01;2.5000000e+00;-1.2236656e-01;2.5000000e+00;-1.2193936e-01;2.5000000e+00;-1.0171672e-01;2.5000000e+00;-6.1254181e-02;2.5000000e+00;2.5787340e-03;2.5000000e+00;9.2305116e-02;2.5000000e+00;1.6608937e-01;2.5000000e+00;1.9732000e-01;2.5000000e+00;2.0317569e-01;2.5000000e+00;1.8773317e-01;2.5000000e+00;1.3811456e-01;2.5000000e+00;8.3529316e-02;2.5000000e+00;2.9389299e-02;2.5000000e+00;-2.3098968e-02;2.5000000e+00;-7.1868338e-02;2.5000000e+00;-1.2128915e-01;2.5000000e+00;-1.7271475e-01;2.5000000e+00;-1.0481040e-01;2.5000000e+00;-1.2236656e-01;2.5000000e+00;-1.2193936e-01;2.5000000e+00;-1.0171672e-01;2.5000000e+00;-6.1254181e-02;2.5000000e+00;2.5787340e-03;2.5000000e+00;9.2305116e-02;2.5000000e+00;1.6608937e-01;2.5000000e+00;1.9732000e-01;2.5000000e+00;2.0317569e-01;2.5000000e+00;1.8773317e-01;2.5000000e+00;1.3811456e-01;2.5000000e+00;8.3529316e-02;2.5000000e+00;2.9389299e-02;2.5000000e+00;-2.3098968e-02;2.5000000e+00;-7.1868338e-02;2.5000000e+00;-1.2128915e-01;2.5000000e+00;-1.7271475e-01;2.5000000e+00;-1.0481040e-01;2.5000000e+00;-1.2236656e-01;2.5000000e+00;-1.2193936e-01;2.5000000e+00;-1.0171672e-01;2.5000000e+00;-6.1254181e-02;2.5000000e+00;2.5787340e-03;2.5000000e+00;9.2305116e-02;2.5000000e+00;1.6608937e-01;2.5000000e+00;1.9732000e-01;2.5000000e+00;2.0317569e-01;2.5000000e+00;1.8773317e-01;2.5000000e+00;1.3811456e-01;2.5000000e+00;8.3529316e-02;2.5000000e+00;2.9389299e-02;2.5000000e+00;-2.3098968e-02;2.5000000e+00;-7.1868338e-02;2.5000000e+00;-1.2128915e-01;2.5000000e+00;-1.7271475e-01;2.5000000e+00;-1.0481040e-01;2.5000000e+00;-1.2236656e-01;2.5000000e+00;-1.2193936e-01;2.5000000e+00;-1.0171672e-01;2.5000000e+00;-6.1254181e-02;2.5000000e+00;2.5787340e-03;2.5000000e+00;9.2305116e-02;2.5000000e+00;1.6608937e-01;2.5000000e+00;1.9732000e-01;2.5000000e+00;2.0317569e-01;2.5000000e+00;1.8773317e-01;2.5000000e+00;1.3811456e-01;2.5000000e+00;8.3529316e-02;2.5000000e+00;2.9389299e-02;2.5000000e+00;-2.3098968e-02;2.5000000e+00;-7.1868338e-02;2.5000000e+00;-1.2128915e-01;2.5000000e+00;-1.7271475e-01;2.5000000e+00;-1.0481040e-01;2.5000000e+00;-1.2236656e-01;2.5000000e+00;-1.2193936e-01;2.5000000e+00;-1.0171672e-01;2.5000000e+00;-6.1254181e-02;2.5000000e+00;2.5787340e-03;2.5000000e+00;9.2305116e-02;2.5000000e+00;1.6608937e-01;2.5000000e+00;1.9732000e-01;2.5000000e+00;2.0317569e-01;2.5000000e+00;1.8773317e-01;2.5000000e+00;1.3811456e-01;2.5000000e+00;8.3529316e-02;2.5000000e+00;2.9389299e-02;2.5000000e+00;-2.3098968e-02;2.5000000e+00;-7.1868338e-02;2.5000000e+00;-1.2128915e-01;2.5000000e+00;-1.7271475e-01;2.5000000e+00;-1.0481040e-01;2.5000000e+00;-1.2236656e-01;2.5000000e+00;-1.2193936e-01;2.5000000e+00;-1.0171672e-01;2.5000000e+00;-6.1254181e-02;2.5000000e+00;2.5787340e-03;2.5000000e+00;9.2305116e-02;2.5000000e+00;1.6608937e-01;2.5000000e+00;1.9732000e-01;2.5000000e+00;2.0317569e-01;2.5000000e+00;1.8773317e-01;2.5000000e+00;1.3811456e-01;2.5000000e+00;8.3529316e-02;2.5000000e+00;2.9389299e-02;2.5000000e+00;-2.3098968e-02;2.5000000e+00;-7.1868338e-02;2.5000000e+00;-1.2128915e-01;2.5000000e+00;-1.7271475e-01;2.5000000e+00;-1.0481040e-01;2.5000000e+00;-1.2236656e-01;2.5000000e+00;-1.2193936e-01;2.5000000e+00;-1.0171672e-01;2.5000000e+00;-6.1254181e-02;2.5000000e+00;2.5787340e-03;2.5000000e+00;9.2305116e-02;2.5000000e+00;1.6608937e-01;2.5000000e+00;1.9732000e-01;2.5000000e+00;2.0317569e-01;2.5000000e+00;1.8773317e-01;2.5000000e+00;1.3811456e-01;2.5000000e+00;8.3529316e-02;2.5000000e+00;2.9389299e-02;2.5000000e+00;-2.3098968e-02;2.5000000e+00;-7.1868338e-02;2.5000000e+00;-1.2128915e-01;2.5000000e+00;-1.7271475e-01;2.5000000e+00;-1.0481040e-01;2.5000000e+00;-1.2236656e-01;2.5000000e+00;-1.2193936e-01;2.5000000e+00;-1.0171672e-01;2.5000000e+00;-6.1254181e-02;2.5000000e+00;2.5787340e-03;2.5000000e+00;9.2305116e-02;2.5000000e+00;1.6608937e-01;2.5000000e+00;1.9732000e-01;2.5000000e+00;2.0317569e-01;2.5000000e+00;1.8773317e-01;2.5000000e+00;1.3811456e-01;2.5000000e+00;8.3529316e-02;2.5000000e+00;2.9389299e-02;2.5000000e+00;-2.3098968e-02;2.5000000e+00;-7.1868338e-02;2.5000000e+00;-1.2128915e-01;2.5000000e+00;-1.7271475e-01;2.5000000e+00;-1.0481040e-01;2.5000000e+00;-1.2236656e-01;2.5000000e+00;-1.2193936e-01;2.5000000e+00;-1.0171672e-01;2.5000000e+00;-6.1254181e-02;2.5000000e+00;2.5787340e-03;2.5000000e+00;9.2305116e-02;2.5000000e+00;1.6608937e-01;2.5000000e+00;1.9732000e-01;2.5000000e+00;2.0317569e-01;2.5000000e+00;1.8773317e-01;2.5000000e+00;1.3811456e-01;2.5000000e+00;8.3529316e-02;2.5000000e+00;2.9389299e-02;2.5000000e+00;-2.3098968e-02;2.5000000e+00;-7.1868338e-02;2.5000000e+00;-1.2128915e-01;2.5000000e+00;-1.7271475e-01;2.5000000e+00;-1.0481040e-01;2.5000000e+00;-1.2236656e-01;2.5000000e+00;-1.2193936e-01;2.5000000e+00;-1.0171672e-01;2.5000000e+00;-6.1254181e-02;2.5000000e+00;2.5787340e-03;2.5000000e+00;9.2305116e-02;2.5000000e+00;1.6608937e-01;2.5000000e+00;1.9732000e-01;2.5000000e+00;2.0317569e-01;2.5000000e+00;1.8773317e-01;2.5000000e+00;1.3811456e-01;2.5000000e+00;8.3529316e-02;2.5000000e+00;2.9389299e-02;2.5000000e+00;-2.3098968e-02;2.5000000e+00;-7.1868338e-02;2.5000000e+00;-1.2128915e-01;2.5000000e+00;-1.7271475e-01;2.5000000e+00;-1.0481040e-01;2.5000000e+00;-1.2236656e-01;2.5000000e+00;-1.2193936e-01;2.5000000e+00;-1.0171672e-01;2.5000000e+00;-6.1254181e-02;2.5000000e+00;2.5787340e-03;2.5000000e+00;9.2305116e-02;2.5000000e+00;1.6608937e-01;2.5000000e+00;1.9732000e-01;2.5000000e+00;2.0317569e-01;2.5000000e+00;1.8773317e-01;2.5000000e+00;1.3811456e-01;2.5000000e+00;8.3529316e-02;2.5000000e+00;2.9389299e-02;2.5000000e+00;-2.3098968e-02;2.5000000e+00;-7.1868338e-02;2.5000000e+00;-1.2128915e-01;2.5000000e+00;-1.7271475e-01;2.5000000e+00;-1.0481040e-01;2.5000000e+00;-1.2236656e-01;2.5000000e+00;-1.2193936e-01;2.5000000e+00;-1.0171672e-01;2.5000000e+00;-6.1254181e-02;2.5000000e+00;2.5787340e-03;2.5000000e+00;9.2305116e-02;2.5000000e+00;1.6608937e-01;2.5000000e+00;1.9732000e-01;2.5000000e+00;2.0317569e-01;2.5000000e+00;1.8773317e-01;2.5000000e+00;1.3811456e-01;2.5000000e+00;8.3529316e-02;2.5000000e+00;2.9389299e-02;2.5000000e+00;-2.3098968e-02;2.5000000e+00;-7.1868338e-02;2.5000000e+00;-1.2128915e-01;2.5000000e+00;-1.7271475e-01;2.5000000e+00;-1.0481040e-01;2.5000000e+00;-1.2236656e-01;2.5000000e+00;-1.2193936e-01;2.5000000e+00;-1.0171672e-01;2.5000000e+00;-6.1254181e-02;2.5000000e+00;2.5787340e-03;2.5000000e+00;9.2305116e-02;2.5000000e+00;1.6608937e-01;2.5000000e+00;1.9732000e-01;2.5000000e+00;2.0317569e-01;2.5000000e+00;1.8773317e-01;2.5000000e+00;1.3811456e-01;2.5000000e+00;8.3529316e-02;2.5000000e+00;2.9389299e-02;2.5000000e+00;-2.3098968e-02;2.5000000e+00;-7.1868338e-02;2.5000000e+00;-1.2128915e-01;2.5000000e+00;-1.7271475e-01;2.5000000e+00;-1.0481040e-01;2.5000000e+00;-1.2236656e-01;2.5000000e+00;-1.2193936e-01;2.5000000e+00;-1.0171672e-01;2.5000000e+00;-6.1254181e-02;2.5000000e+00;2.5787340e-03;2.5000000e+00;9.2305116e-02;2.5000000e+00;1.6608937e-01;2.5000000e+00;1.9732000e-01;2.5000000e+00;2.0317569e-01;2.5000000e+00;1.8773317e-01;2.5000000e+00;1.3811456e-01;2.5000000e+00;8.3529316e-02;2.5000000e+00;2.9389299e-02;2.5000000e+00;-2.3098968e-02;2.5000000e+00;-7.1868338e-02;2.5000000e+00;-1.2128915e-01;2.5000000e+00;-1.7271475e-01;2.5000000e+00;-1.0481040e-01;2.5000000e+00;-1.2236656e-01;2.5000000e+00;-1.2193936e-01;2.5000000e+00;-1.0171672e-01;2.5000000e+00;-6.1254181e-02;2.5000000e+00;2.5787340e-03;2.5000000e+00;9.2305116e-02;2.5000000e+00;1.6608937e-01;2.5000000e+00;1.9732000e-01;2.5000000e+00;2.0317569e-01;2.5000000e+00;1.8773317e-01;2.5000000e+00;1.3811456e-01;2.5000000e+00;8.3529316e-02;2.5000000e+00;2.9389299e-02;2.5000000e+00;-2.3098968e-02;2.5000000e+00;-7.1868338e-02;2.5000000e+00;-1.2128915e-01;2.5000000e+00;-1.7271475e-01;2.5000000e+00;-1.0481040e-01;2.5000000e+00;-1.2236656e-01;2.5000000e+00;-1.2193936e-01;2.5000000e+00;-1.0171672e-01;2.5000000e+00;-6.1254181e-02;2.5000000e+00;2.5787340e-03;2.5000000e+00;9.2305116e-02;2.5000000e+00;1.6608937e-01;2.5000000e+00;1.9732000e-01;2.5000000e+00;2.0317569e-01;2.5000000e+00;1.8773317e-01;2.5000000e+00;1.3811456e-01;2.5000000e+00;8.3529316e-02;2.5000000e+00;2.9389299e-02;2.5000000e+00;-2.3098968e-02;2.5000000e+00;-7.1868338e-02;2.5000000e+00;-1.2128915e-01;2.5000000e+00;-1.7271475e-01;2.5000000e+00;-1.0481040e-01;2.5000000e+00;-1.2236656e-01;2.5000000e+00;-1.2193936e-01;2.5000000e+00;-1.0171672e-01;2.5000000e+00;-6.1254181e-02;2.5000000e+00;2.5787340e-03;2.5000000e+00;9.2305116e-02;2.5000000e+00;1.6608937e-01;2.5000000e+00;1.9732000e-01;2.5000000e+00;2.0317569e-01;2.5000000e+00;1.8773317e-01;2.5000000e+00;1.3811456e-01;2.5000000e+00;8.3529316e-02;2.5000000e+00;2.9389299e-02;2.5000000e+00;-2.3098968e-02;2.5000000e+00;-7.1868338e-02;2.5000000e+00;-1.2128915e-01;2.5000000e+00;-1.7271475e-01;2.5000000e+00;-1.0481040e-01;2.5000000e+00;-1.2236656e-01;2.5000000e+00;-1.2193936e-01;2.5000000e+00;-1.0171672e-01;2.5000000e+00;-6.1254181e-02;2.5000000e+00;2.5787340e-03;2.5000000e+00;9.2305116e-02;2.5000000e+00;1.6608937e-01;2.5000000e+00;1.9732000e-01;2.5000000e+00;2.0317569e-01;2.5000000e+00;1.8773317e-01;2.5000000e+00;1.3811456e-01;2.5000000e+00;8.3529316e-02;2.5000000e+00;2.9389299e-02;2.5000000e+00;-2.3098968e-02;2.5000000e+00;-7.1868338e-02;2.5000000e+00;-1.2128915e-01;2.5000000e+00;-1.7271475e-01;2.5000000e+00;-1.0481040e-01;2.5000000e+00;-1.2236656e-01;2.5000000e+00;-1.2193936e-01;2.5000000e+00;-1.0171672e-01;2.5000000e+00;-6.1254181e-02;2.5000000e+00;2.5787340e-03;2.5000000e+00;9.2305116e-02;2.5000000e+00;1.6608937e-01;2.5000000e+00;1.9732000e-01;2.5000000e+00;2.0317569e-01;2.5000000e+00;1.8773317e-01;2.5000000e+00;1.3811456e-01;2.5000000e+00;8.3529316e-02;2.5000000e+00;2.9389299e-02;2.5000000e+00;-2.3098968e-02;2.5000000e+00;-7.1868338e-02;2.5000000e+00;-1.2128915e-01;2.5000000e+00;-1.7271475e-01;2.5000000e+00;-1.0481040e-01;2.5000000e+00;-1.2236656e-01;2.5000000e+00;-1.2193936e-01;2.5000000e+00;-1.0171672e-01;2.5000000e+00;-6.1254181e-02;2.5000000e+00;2.5787340e-03;2.5000000e+00;9.2305116e-02;2.5000000e+00;1.6608937e-01;2.5000000e+00;1.9732000e-01;2.5000000e+00;2.0317569e-01;2.5000000e+00;1.8773317e-01;2.5000000e+00;1.3811456e-01;2.5000000e+00;8.3529316e-02;2.5000000e+00;2.9389299e-02;2.5000000e+00;-2.3098968e-02;2.5000000e+00;-7.1868338e-02;2.5000000e+00;-1.2128915e-01;2.5000000e+00;-1.7271475e-01;2.5000000e+00;-1.0481040e-01;2.5000000e+00;-1.2236656e-01;2.5000000e+00;-1.2193936e-01;2.5000000e+00;-1.0171672e-01;2.5000000e+00;-6.1254181e-02;2.5000000e+00;2.5787340e-03;2.5000000e+00;9.2305116e-02;2.5000000e+00;1.6608937e-01;2.5000000e+00;1.9732000e-01;2.5000000e+00;2.0317569e-01;2.5000000e+00;1.8773317e-01;2.5000000e+00;1.3811456e-01;2.5000000e+00;8.3529316e-02;2.5000000e+00;2.9389299e-02;2.5000000e+00;-2.3098968e-02;2.5000000e+00;-7.1868338e-02;2.5000000e+00;-1.2128915e-01;2.5000000e+00;-1.7271475e-01;2.5000000e+00;-1.0481040e-01;2.5000000e+00;-1.2236656e-01;2.5000000e+00;-1.2193936e-01;2.5000000e+00;-1.0171672e-01;2.5000000e+00;-6.1254181e-02;2.5000000e+00;2.5787340e-03;2.5000000e+00;9.2305116e-02;2.5000000e+00;1.6608937e-01;2.5000000e+00;1.9732000e-01;2.5000000e+00;2.0317569e-01;2.5000000e+00;1.8773317e-01;2.5000000e+00;1.3811456e-01;2.5000000e+00;8.3529316e-02;2.5000000e+00;2.9389299e-02;2.5000000e+00;-2.3098968e-02;2.5000000e+00;-7.1868338e-02;2.5000000e+00;-1.2128915e-01;2.5000000e+00;-1.7271475e-01;2.5000000e+00;-1.0481040e-01;2.5000000e+00;-1.2236656e-01;2.5000000e+00;-1.2193936e-01;2.5000000e+00;-1.0171672e-01;2.5000000e+00;-6.1254181e-02;2.5000000e+00;2.5787340e-03;2.5000000e+00;9.2305116e-02;2.5000000e+00;1.6608937e-01;2.5000000e+00;1.9732000e-01;2.5000000e+00;2.0317569e-01;2.5000000e+00;1.8773317e-01;2.5000000e+00;1.3811456e-01;2.5000000e+00;8.3529316e-02;2.5000000e+00;2.9389299e-02;2.5000000e+00;-2.3098968e-02;2.5000000e+00;-7.1868338e-02;2.5000000e+00;-1.2128915e-01;2.5000000e+00;-1.7271475e-01;2.5000000e+00;-1.0481040e-01;2.5000000e+00;-1.2236656e-01;2.5000000e+00;-1.2193936e-01;2.5000000e+00;-1.0171672e-01;2.5000000e+00;-6.1254181e-02;2.5000000e+00;2.5787340e-03;2.5000000e+00;9.2305116e-02;2.5000000e+00;1.6608937e-01;2.5000000e+00;1.9732000e-01;2.5000000e+00;2.0317569e-01;2.5000000e+00;1.8773317e-01;2.5000000e+00;1.3811456e-01;2.5000000e+00;8.3529316e-02;2.5000000e+00;2.9389299e-02;2.5000000e+00;-2.3098968e-02;2.5000000e+00;-7.1868338e-02;2.5000000e+00;-1.2128915e-01;2.5000000e+00;-1.7271475e-01;2.5000000e+00;-1.0481040e-01;2.5000000e+00;-1.2236656e-01;2.5000000e+00;-1.2193936e-01;2.5000000e+00;-1.0171672e-01;2.5000000e+00;-6.1254181e-02;2.5000000e+00;2.5787340e-03;2.5000000e+00;9.2305116e-02;2.5000000e+00;1.6608937e-01;2.5000000e+00;1.9732000e-01;2.5000000e+00;2.0317569e-01;2.5000000e+00;1.8773317e-01;2.5000000e+00;1.3811456e-01;2.5000000e+00;8.3529316e-02;2.5000000e+00;2.9389299e-02;2.5000000e+00;-2.3098968e-02;2.5000000e+00;-7.1868338e-02;2.5000000e+00;-1.2128915e-01;2.5000000e+00;-1.7271475e-01;2.5000000e+00;-1.0481040e-01;2.5000000e+00;-1.2236656e-01;2.5000000e+00;-1.2193936e-01;2.5000000e+00;-1.0171672e-01;2.5000000e+00;-6.1254181e-02;2.5000000e+00;2.5787340e-03;2.5000000e+00;9.2305116e-02;2.5000000e+00;1.6608937e-01;2.5000000e+00;1.9732000e-01;2.5000000e+00;2.0317569e-01;2.5000000e+00;1.8773317e-01;2.5000000e+00;1.3811456e-01;2.5000000e+00;8.3529316e-02;2.5000000e+00;2.9389299e-02;2.5000000e+00;-2.3098968e-02;2.5000000e+00;-7.1868338e-02;2.5000000e+00;-1.2128915e-01;2.5000000e+00;-1.7271475e-01;2.5000000e+00;-1.0481040e-01;2.5000000e+00;-1.2236656e-01;2.5000000e+00;-1.2193936e-01;2.5000000e+00;-1.0171672e-01;2.5000000e+00;-6.1254181e-02;2.5000000e+00;2.5787340e-03;2.5000000e+00;9.2305116e-02;2.5000000e+00;1.6608937e-01;2.5000000e+00;1.9732000e-01;2.5000000e+00;2.0317569e-01;2.5000000e+00;1.8773317e-01;2.5000000e+00;1.3811456e-01;2.5000000e+00;8.3529316e-02;2.5000000e+00;2.9389299e-02;2.5000000e+00;-2.3098968e-02;2.5000000e+00;-7.1868338e-02;2.5000000e+00;-1.2128915e-01;2.5000000e+00;-1.7271475e-01;2.5000000e+00;-1.0481040e-01;2.5000000e+00;-1.2236656e-01;2.5000000e+00;-1.2193936e-01;2.5000000e+00;-1.0171672e-01;2.5000000e+00;-6.1254181e-02;2.5000000e+00;2.5787340e-03;2.5000000e+00;9.2305116e-02;2.5000000e+00;1.6608937e-01;2.5000000e+00;1.9732000e-01;2.5000000e+00;2.0317569e-01;2.5000000e+00;1.8773317e-01;2.5000000e+00;1.3811456e-01;2.5000000e+00;8.3529316e-02;2.5000000e+00;2.9389299e-02;2.5000000e+00;-2.3098968e-02;2.5000000e+00;-7.1868338e-02;2.5000000e+00;-1.2128915e-01;2.5000000e+00;-1.7271475e-01;2.5000000e+00;-1.0481040e-01;2.5000000e+00;-1.2236656e-01;2.5000000e+00;-1.2193936e-01;2.5000000e+00;-1.0171672e-01;2.5000000e+00;-6.1254181e-02;2.5000000e+00;2.5787340e-03;2.5000000e+00;9.2305116e-02;2.5000000e+00;1.6608937e-01;2.5000000e+00;1.9732000e-01;2.5000000e+00;2.0317569e-01;2.5000000e+00;1.8773317e-01;2.5000000e+00;1.3811456e-01;2.5000000e+00;8.3529316e-02;2.5000000e+00;2.9389299e-02;2.5000000e+00;-2.3098968e-02;2.5000000e+00;-7.1868338e-02;2.5000000e+00;-1.2128915e-01;2.5000000e+00;-1.7271475e-01;2.5000000e+00;-1.0481040e-01;2.5000000e+00;-1.2236656e-01;2.5000000e+00;-1.2193936e-01;2.5000000e+00;-1.0171672e-01;2.5000000e+00;-6.1254181e-02;2.5000000e+00;2.5787340e-03;2.5000000e+00;9.2305116e-02;2.5000000e+00;1.6608937e-01;2.5000000e+00;1.9732000e-01;2.5000000e+00;2.0317569e-01;2.5000000e+00;1.8773317e-01;2.5000000e+00;1.3811456e-01;2.5000000e+00;8.3529316e-02;2.5000000e+00;2.9389299e-02;2.5000000e+00;-2.3098968e-02;2.5000000e+00;-7.1868338e-02;2.5000000e+00;-1.2128915e-01;2.5000000e+00;-1.7271475e-01;2.5000000e+00;-1.0481040e-01;2.5000000e+00;-1.2236656e-01;2.5000000e+00;-1.2193936e-01;2.5000000e+00;-1.0171672e-01;2.5000000e+00;-6.1254181e-02;2.5000000e+00;2.5787340e-03;2.5000000e+00;9.2305116e-02;2.5000000e+00;1.6608937e-01;2.5000000e+00;1.9732000e-01;2.5000000e+00;2.0317569e-01;2.5000000e+00;1.8773317e-01;2.5000000e+00;1.3811456e-01;2.5000000e+00;8.3529316e-02;2.5000000e+00;2.9389299e-02;2.5000000e+00;-2.3098968e-02;2.5000000e+00;-7.1868338e-02;2.5000000e+00;-1.2128915e-01;2.5000000e+00;-1.7271475e-01;2.5000000e+00;-1.0481040e-01;2.5000000e+00;-1.2236656e-01;2.5000000e+00;-1.2193936e-01;2.5000000e+00;-1.0171672e-01;2.5000000e+00;-6.1254181e-02;2.5000000e+00;2.5787340e-03;2.5000000e+00;9.2305116e-02;2.5000000e+00;1.6608937e-01;2.5000000e+00;1.9732000e-01;2.5000000e+00;2.0317569e-01;2.5000000e+00;1.8773317e-01;2.5000000e+00;1.3811456e-01;2.5000000e+00;8.3529316e-02;2.5000000e+00;2.9389299e-02;2.5000000e+00;-2.3098968e-02;2.5000000e+00;-7.1868338e-02;2.5000000e+00;-1.2128915e-01;2.5000000e+00;-1.7271475e-01;2.5000000e+00;-1.0481040e-01;2.5000000e+00;-1.2236656e-01;2.5000000e+00;-1.2193936e-01;2.5000000e+00;-1.0171672e-01;2.5000000e+00;-6.1254181e-02;2.5000000e+00;2.5787340e-03;2.5000000e+00;9.2305116e-02;2.5000000e+00;1.6608937e-01;2.5000000e+00;1.9732000e-01;2.5000000e+00;2.0317569e-01;2.5000000e+00;1.8773317e-01;2.5000000e+00;1.3811456e-01;2.5000000e+00;8.3529316e-02;2.5000000e+00;2.9389299e-02;2.5000000e+00;-2.3098968e-02;2.5000000e+00;-7.1868338e-02;2.5000000e+00;-1.2128915e-01;2.5000000e+00;-1.7271475e-01;2.5000000e+00;-1.0481040e-01;2.5000000e+00;-1.2236656e-01;2.5000000e+00;-1.2193936e-01;2.5000000e+00;-1.0171672e-01;2.5000000e+00;-6.1254181e-02;2.5000000e+00;2.5787340e-03;2.5000000e+00;9.2305116e-02;2.5000000e+00;1.6608937e-01;2.5000000e+00;1.9732000e-01;2.5000000e+00;2.0317569e-01;2.5000000e+00;1.8773317e-01;2.5000000e+00;1.3811456e-01;2.5000000e+00;8.3529316e-02;2.5000000e+00;2.9389299e-02;2.5000000e+00;-2.3098968e-02;2.5000000e+00;-7.1868338e-02;2.5000000e+00;-1.2128915e-01;2.5000000e+00;-1.7271475e-01;2.5000000e+00;-1.0481040e-01;2.5000000e+00;-1.2236656e-01;2.5000000e+00;-1.2193936e-01;2.5000000e+00;-1.0171672e-01;2.5000000e+00;-6.1254181e-02;2.5000000e+00;2.5787340e-03;2.5000000e+00;9.2305116e-02;2.5000000e+00;1.6608937e-01;2.5000000e+00;1.9732000e-01;2.5000000e+00;2.0317569e-01;2.5000000e+00;1.8773317e-01;2.5000000e+00;1.3811456e-01;2.5000000e+00;8.3529316e-02;2.5000000e+00;2.9389299e-02;2.5000000e+00;-2.3098968e-02;2.5000000e+00;-7.1868338e-02;2.5000000e+00;-1.2128915e-01;2.5000000e+00;-1.7271475e-01;2.5000000e+00;-1.0481040e-01;2.5000000e+00;-1.2236656e-01;2.5000000e+00;-1.2193936e-01;2.5000000e+00;-1.0171672e-01;2.5000000e+00;-6.1254181e-02;2.5000000e+00;2.5787340e-03;2.5000000e+00;9.2305116e-02;2.5000000e+00;1.6608937e-01;2.5000000e+00;1.9732000e-01;2.5000000e+00;2.0317569e-01;2.5000000e+00;1.8773317e-01;2.5000000e+00;1.3811456e-01;2.5000000e+00;8.3529316e-02;2.5000000e+00;2.9389299e-02;2.5000000e+00;-2.3098968e-02;2.5000000e+00;-7.1868338e-02;2.5000000e+00;-1.2128915e-01;2.5000000e+00;-1.7271475e-01;2.5000000e+00;-1.0481040e-01;2.5000000e+00;-1.2236656e-01;2.5000000e+00;-1.2193936e-01;2.5000000e+00;-1.0171672e-01;2.5000000e+00;-6.1254181e-02;2.5000000e+00;2.5787340e-03;2.5000000e+00;9.2305116e-02;2.5000000e+00;1.6608937e-01;2.5000000e+00;1.9732000e-01;2.5000000e+00;2.0317569e-01;2.5000000e+00;1.8773317e-01;2.5000000e+00;1.3811456e-01;2.5000000e+00;8.3529316e-02;2.5000000e+00;2.9389299e-02;2.5000000e+00;-2.3098968e-02;2.5000000e+00;-7.1868338e-02;2.5000000e+00;-1.2128915e-01;2.5000000e+00;-1.7271475e-01;2.5000000e+00;-1.0481040e-01;2.5000000e+00;-1.2236656e-01;2.5000000e+00;-1.2193936e-01;2.5000000e+00;-1.0171672e-01;2.5000000e+00;-6.1254181e-02;2.5000000e+00;2.5787340e-03;2.5000000e+00;9.2305116e-02;2.5000000e+00;1.6608937e-01;2.5000000e+00;1.9732000e-01;2.5000000e+00;2.0317569e-01;2.5000000e+00;1.8773317e-01;2.5000000e+00;1.3811456e-01;2.5000000e+00;8.3529316e-02;2.5000000e+00;2.9389299e-02;2.5000000e+00;-2.3098968e-02;2.5000000e+00;-7.1868338e-02;2.5000000e+00;-1.2128915e-01;2.5000000e+00;-1.7271475e-01;2.5000000e+00;-1.0481040e-01;2.5000000e+00;-1.2236656e-01;2.5000000e+00;-1.2193936e-01;2.5000000e+00;-1.0171672e-01;2.5000000e+00;-6.1254181e-02;2.5000000e+00;2.5787340e-03;2.5000000e+00;9.2305116e-02;2.5000000e+00;1.6608937e-01;2.5000000e+00;1.9732000e-01;2.5000000e+00;2.0317569e-01;2.5000000e+00;1.8773317e-01;2.5000000e+00;1.3811456e-01;2.5000000e+00;8.3529316e-02;2.5000000e+00;2.9389299e-02;2.5000000e+00;-2.3098968e-02;2.5000000e+00;-7.1868338e-02;2.5000000e+00;-1.2128915e-01;2.5000000e+00;-1.7271475e-01;2.5000000e+00;-1.0481040e-01;2.5000000e+00;-1.2236656e-01;2.5000000e+00;-1.2193936e-01;2.5000000e+00;-1.0171672e-01;2.5000000e+00;-6.1254181e-02;2.5000000e+00;2.5787340e-03;2.5000000e+00;9.2305116e-02;2.5000000e+00;1.6608937e-01;2.5000000e+00;1.9732000e-01;2.5000000e+00;2.0317569e-01;2.5000000e+00;1.8773317e-01;2.5000000e+00;1.3811456e-01;2.5000000e+00;8.3529316e-02;2.5000000e+00;2.9389299e-02;2.5000000e+00;-2.3098968e-02;2.5000000e+00;-7.1868338e-02;2.5000000e+00;-1.2128915e-01;2.5000000e+00;-1.7271475e-01;2.5000000e+00;-1.0481040e-01;2.5000000e+00;-1.2236656e-01;2.5000000e+00;-1.2193936e-01;2.5000000e+00;-1.0171672e-01;2.5000000e+00;-6.1254181e-02;2.5000000e+00;2.5787340e-03;2.5000000e+00;9.2305116e-02;2.5000000e+00;1.6608937e-01;2.5000000e+00;1.9732000e-01;2.5000000e+00;2.0317569e-01;2.5000000e+00;1.8773317e-01;2.5000000e+00;1.3811456e-01;2.5000000e+00;8.3529316e-02;2.5000000e+00;2.9389299e-02;2.5000000e+00;-2.3098968e-02;2.5000000e+00;-7.1868338e-02;2.5000000e+00;-1.2128915e-01;2.5000000e+00;-1.7271475e-01;2.5000000e+00;-1.0481040e-01;2.5000000e+00;-1.2236656e-01;2.5000000e+00;-1.2193936e-01;2.5000000e+00;-1.0171672e-01;2.5000000e+00;-6.1254181e-02;2.5000000e+00;2.5787340e-03;2.5000000e+00;9.2305116e-02;2.5000000e+00;1.6608937e-01;2.5000000e+00;1.9732000e-01;2.5000000e+00;2.0317569e-01;2.5000000e+00;1.8773317e-01;2.5000000e+00;1.3811456e-01;2.5000000e+00;8.3529316e-02;2.5000000e+00;2.9389299e-02;2.5000000e+00;-2.3098968e-02;2.5000000e+00;-7.1868338e-02;2.5000000e+00;-1.2128915e-01;2.5000000e+00;-1.7271475e-01;2.5000000e+00;-1.0481040e-01;2.5000000e+00;-1.2236656e-01;2.5000000e+00;-1.2193936e-01;2.5000000e+00;-1.0171672e-01;2.5000000e+00;-6.1254181e-02;2.5000000e+00;2.5787340e-03;2.5000000e+00;9.2305116e-02;2.5000000e+00;1.6608937e-01;2.5000000e+00;1.9732000e-01;2.5000000e+00;2.0317569e-01;2.5000000e+00;1.8773317e-01;2.5000000e+00;1.3811456e-01;2.5000000e+00;8.3529316e-02;2.5000000e+00;2.9389299e-02;2.5000000e+00;-2.3098968e-02;2.5000000e+00;-7.1868338e-02;2.5000000e+00;-1.2128915e-01;2.5000000e+00;-1.7271475e-01;2.5000000e+00;-1.0481040e-01;2.5000000e+00;-1.2236656e-01;2.5000000e+00;-1.2193936e-01;2.5000000e+00;-1.0171672e-01;2.5000000e+00;-6.1254181e-02;2.5000000e+00;2.5787340e-03;2.5000000e+00;9.2305116e-02;2.5000000e+00;1.6608937e-01;2.5000000e+00;1.9732000e-01;2.5000000e+00;2.0317569e-01;2.5000000e+00;1.8773317e-01;2.5000000e+00;1.3811456e-01;2.5000000e+00;8.3529316e-02;2.5000000e+00;2.9389299e-02;2.5000000e+00;-2.3098968e-02;2.5000000e+00;-7.1868338e-02;2.5000000e+00;-1.2128915e-01;2.5000000e+00;-1.7271475e-01;2.5000000e+00;-1.0481040e-01;2.5000000e+00;-1.2236656e-01;2.5000000e+00;-1.2193936e-01;2.5000000e+00;-1.0171672e-01;2.5000000e+00;-6.1254181e-02;2.5000000e+00;2.5787340e-03;2.5000000e+00;9.2305116e-02;2.5000000e+00;1.6608937e-01;2.5000000e+00;1.9732000e-01;2.5000000e+00;2.0317569e-01;2.5000000e+00;1.8773317e-01;2.5000000e+00;1.3811456e-01;2.5000000e+00;8.3529316e-02;2.5000000e+00;2.9389299e-02;2.5000000e+00;-2.3098968e-02;2.5000000e+00;-7.1868338e-02;2.5000000e+00;-1.2128915e-01;2.5000000e+00;-1.7271475e-01;2.5000000e+00;-1.0481040e-01;2.5000000e+00;-1.2236656e-01;2.5000000e+00;-1.2193936e-01;2.5000000e+00;-1.0171672e-01;2.5000000e+00;-6.1254181e-02;2.5000000e+00;2.5787340e-03;2.5000000e+00;9.2305116e-02;2.5000000e+00;1.6608937e-01;2.5000000e+00;1.9732000e-01;2.5000000e+00;2.0317569e-01;2.5000000e+00;1.8773317e-01;2.5000000e+00;1.3811456e-01;2.5000000e+00;8.3529316e-02;2.5000000e+00;2.9389299e-02;2.5000000e+00;-2.3098968e-02;2.5000000e+00;-7.1868338e-02;2.5000000e+00;-1.2128915e-01;2.5000000e+00;-1.7271475e-01;2.5000000e+00;-1.0481040e-01;2.5000000e+00;-1.2236656e-01;2.5000000e+00;-1.2193936e-01;2.5000000e+00;-1.0171672e-01;2.5000000e+00;-6.1254181e-02;2.5000000e+00;2.5787340e-03;2.5000000e+00;9.2305116e-02;2.5000000e+00;1.6608937e-01;2.5000000e+00;1.9732000e-01;2.5000000e+00;2.0317569e-01;2.5000000e+00;1.8773317e-01;2.5000000e+00;1.3811456e-01;2.5000000e+00;8.3529316e-02;2.5000000e+00;2.9389299e-02;2.5000000e+00;-2.3098968e-02;2.5000000e+00;-7.1868338e-02;2.5000000e+00;-1.2128915e-01;2.5000000e+00;-1.7271475e-01;2.5000000e+00;-1.0481040e-01;2.5000000e+00;-1.2236656e-01;2.5000000e+00;-1.2193936e-01;2.5000000e+00;-1.0171672e-01;2.5000000e+00;-6.1254181e-02;2.5000000e+00;2.5787340e-03;2.5000000e+00;9.2305116e-02;2.5000000e+00;1.6608937e-01;2.5000000e+00;1.9732000e-01;2.5000000e+00;2.0317569e-01;2.5000000e+00;1.8773317e-01;2.5000000e+00;1.3811456e-01;2.5000000e+00;8.3529316e-02;2.5000000e+00;2.9389299e-02;2.5000000e+00;-2.3098968e-02;2.5000000e+00;-7.1868338e-02;2.5000000e+00;-1.2128915e-01;2.5000000e+00;-1.7271475e-01;2.5000000e+00;-1.0481040e-01;2.5000000e+00;-1.2236656e-01;2.5000000e+00;-1.2193936e-01;2.5000000e+00;-1.0171672e-01;2.5000000e+00;-6.1254181e-02;2.5000000e+00;2.5787340e-03;2.5000000e+00;9.2305116e-02;2.5000000e+00;1.6608937e-01;2.5000000e+00;1.9732000e-01;2.5000000e+00;2.0317569e-01;2.5000000e+00;1.8773317e-01;2.5000000e+00;1.3811456e-01;2.5000000e+00;8.3529316e-02;2.5000000e+00;2.9389299e-02;2.5000000e+00;-2.3098968e-02;2.5000000e+00;-7.1868338e-02;2.5000000e+00;-1.2128915e-01;2.5000000e+00;-1.7271475e-01;2.5000000e+00;-1.0481040e-01;2.5000000e+00;-1.2236656e-01;2.5000000e+00;-1.2193936e-01;2.5000000e+00;-1.0171672e-01;2.5000000e+00;-6.1254181e-02;2.5000000e+00;2.5787340e-03;2.5000000e+00;9.2305116e-02;2.5000000e+00;1.6608937e-01;2.5000000e+00;1.9732000e-01;2.5000000e+00;2.0317569e-01;2.5000000e+00;1.8773317e-01;2.5000000e+00;1.3811456e-01;2.5000000e+00;8.3529316e-02;2.5000000e+00;2.9389299e-02;2.5000000e+00;-2.3098968e-02;2.5000000e+00;-7.1868338e-02;2.5000000e+00;-1.2128915e-01;2.5000000e+00;-1.7271475e-01;2.5000000e+00;-1.0481040e-01;2.5000000e+00;-1.2236656e-01;2.5000000e+00;-1.2193936e-01;2.5000000e+00;-1.0171672e-01;2.5000000e+00;-6.1254181e-02;2.5000000e+00;2.5787340e-03;2.5000000e+00;9.2305116e-02;2.5000000e+00;1.6608937e-01;2.5000000e+00;1.9732000e-01;2.5000000e+00;2.0317569e-01;2.5000000e+00;1.8773317e-01;2.5000000e+00;1.3811456e-01;2.5000000e+00;8.3529316e-02;2.5000000e+00;2.9389299e-02;2.5000000e+00;-2.3098968e-02;2.5000000e+00;-7.1868338e-02;2.5000000e+00;-1.2128915e-01;2.5000000e+00;-1.7271475e-01;2.5000000e+00;-1.0481040e-01;2.5000000e+00;-1.2236656e-01;2.5000000e+00;-1.2193936e-01;2.5000000e+00;-1.0171672e-01;2.5000000e+00;-6.1254181e-02;2.5000000e+00;2.5787340e-03;2.5000000e+00;9.2305116e-02;2.5000000e+00;1.6608937e-01;2.5000000e+00;1.9732000e-01;2.5000000e+00;2.0317569e-01;2.5000000e+00;1.8773317e-01;2.5000000e+00;1.3811456e-01;2.5000000e+00;8.3529316e-02;2.5000000e+00;2.9389299e-02;2.5000000e+00;-2.3098968e-02;2.5000000e+00;-7.1868338e-02;2.5000000e+00;-1.2128915e-01;2.5000000e+00;-1.7271475e-01;2.5000000e+00;-1.0481040e-01;2.5000000e+00;-1.2236656e-01;2.5000000e+00;-1.2193936e-01;2.5000000e+00;-1.0171672e-01;2.5000000e+00;-6.1254181e-02;2.5000000e+00;2.5787340e-03;2.5000000e+00;9.2305116e-02;2.5000000e+00;1.6608937e-01;2.5000000e+00;1.9732000e-01;2.5000000e+00;2.0317569e-01;2.5000000e+00;1.8773317e-01;2.5000000e+00;1.3811456e-01;2.5000000e+00;8.3529316e-02;2.5000000e+00;2.9389299e-02;2.5000000e+00;-2.3098968e-02;2.5000000e+00;-7.1868338e-02;2.5000000e+00;-1.2128915e-01;2.5000000e+00;-1.7271475e-01;2.5000000e+00;-1.0481040e-01;2.5000000e+00;-1.2236656e-01;2.5000000e+00;-1.2193936e-01;2.5000000e+00;-1.0171672e-01;2.5000000e+00;-6.1254181e-02;2.5000000e+00;2.5787340e-03;2.5000000e+00;9.2305116e-02;2.5000000e+00;1.6608937e-01;2.5000000e+00;1.9732000e-01;2.5000000e+00;2.0317569e-01;2.5000000e+00;1.8773317e-01;2.5000000e+00;1.3811456e-01;2.5000000e+00;8.3529316e-02;2.5000000e+00;2.9389299e-02;2.5000000e+00;-2.3098968e-02;2.5000000e+00;-7.1868338e-02;2.5000000e+00;-1.2128915e-01;2.5000000e+00;-1.7271475e-01;2.5000000e+00;-1.0481040e-01;2.5000000e+00;-1.2236656e-01;2.5000000e+00;-1.2193936e-01;2.5000000e+00;-1.0171672e-01;2.5000000e+00;-6.1254181e-02;2.5000000e+00;2.5787340e-03;2.5000000e+00;9.2305116e-02;2.5000000e+00;1.6608937e-01;2.5000000e+00;1.9732000e-01;2.5000000e+00;2.0317569e-01;2.5000000e+00;1.8773317e-01;2.5000000e+00;1.3811456e-01;2.5000000e+00;8.3529316e-02;2.5000000e+00;2.9389299e-02;2.5000000e+00;-2.3098968e-02;2.5000000e+00;-7.1868338e-02;2.5000000e+00;-1.2128915e-01;2.5000000e+00;-1.7271475e-01;2.5000000e+00;-1.0481040e-01;2.5000000e+00;-1.2236656e-01;2.5000000e+00;-1.2193936e-01;2.5000000e+00;-1.0171672e-01;2.5000000e+00;-6.1254181e-02;2.5000000e+00;2.5787340e-03;2.5000000e+00;9.2305116e-02;2.5000000e+00;1.6608937e-01;2.5000000e+00;1.9732000e-01;2.5000000e+00;2.0317569e-01;2.5000000e+00;1.8773317e-01;2.5000000e+00;1.3811456e-01;2.5000000e+00;8.3529316e-02;2.5000000e+00;2.9389299e-02;2.5000000e+00;-2.3098968e-02;2.5000000e+00;-7.1868338e-02;2.5000000e+00;-1.2128915e-01;2.5000000e+00;-1.7271475e-01;2.5000000e+00;-1.0481040e-01;2.5000000e+00;-1.2236656e-01;2.5000000e+00;-1.2193936e-01;2.5000000e+00;-1.0171672e-01;2.5000000e+00;-6.1254181e-02;2.5000000e+00;2.5787340e-03;2.5000000e+00;9.2305116e-02;2.5000000e+00;1.6608937e-01;2.5000000e+00;1.9732000e-01;2.5000000e+00;2.0317569e-01;2.5000000e+00;1.8773317e-01;2.5000000e+00;1.3811456e-01;2.5000000e+00;8.3529316e-02;2.5000000e+00;2.9389299e-02;2.5000000e+00;-2.3098968e-02;2.5000000e+00;-7.1868338e-02;2.5000000e+00;-1.2128915e-01;2.5000000e+00;-1.7271475e-01;2.5000000e+00;-1.0481040e-01;2.5000000e+00;-1.2236656e-01;2.5000000e+00;-1.2193936e-01;2.5000000e+00;-1.0171672e-01;2.5000000e+00;-6.1254181e-02;2.5000000e+00;2.5787340e-03;2.5000000e+00;9.2305116e-02;2.5000000e+00;1.6608937e-01;2.5000000e+00;1.9732000e-01;2.5000000e+00;2.0317569e-01;2.5000000e+00;1.8773317e-01;2.5000000e+00;1.3811456e-01;2.5000000e+00;8.3529316e-02;2.5000000e+00;2.9389299e-02;2.5000000e+00;-2.3098968e-02;2.5000000e+00;-7.1868338e-02;2.5000000e+00;-1.2128915e-01;2.5000000e+00;-1.7271475e-01;2.5000000e+00;-1.0481040e-01;2.5000000e+00;-1.2236656e-01;2.5000000e+00;-1.2193936e-01;2.5000000e+00;-1.0171672e-01;2.5000000e+00;-6.1254181e-02;2.5000000e+00;2.5787340e-03;2.5000000e+00;9.2305116e-02;2.5000000e+00;1.6608937e-01;2.5000000e+00;1.9732000e-01;2.5000000e+00;2.0317569e-01;2.5000000e+00;1.8773317e-01;2.5000000e+00;1.3811456e-01;2.5000000e+00;8.3529316e-02;2.5000000e+00;2.9389299e-02;2.5000000e+00;-2.3098968e-02;2.5000000e+00;-7.1868338e-02;2.5000000e+00;-1.2128915e-01;2.5000000e+00;-1.7271475e-01;2.5000000e+00;-1.0481040e-01;2.5000000e+00;-1.2236656e-01;2.5000000e+00;-1.2193936e-01;2.5000000e+00;-1.0171672e-01;2.5000000e+00;-6.1254181e-02;2.5000000e+00;2.5787340e-03;2.5000000e+00;9.2305116e-02;2.5000000e+00;1.6608937e-01;2.5000000e+00;1.9732000e-01;2.5000000e+00;2.0317569e-01;2.5000000e+00;1.8773317e-01;2.5000000e+00;1.3811456e-01;2.5000000e+00;8.3529316e-02;2.5000000e+00;2.9389299e-02;2.5000000e+00;-2.3098968e-02;2.5000000e+00;-7.1868338e-02;2.5000000e+00;-1.2128915e-01;2.5000000e+00;-1.7271475e-01;2.5000000e+00;-1.0481040e-01;2.5000000e+00;-1.2236656e-01;2.5000000e+00;-1.2193936e-01;2.5000000e+00;-1.0171672e-01;2.5000000e+00;-6.1254181e-02;2.5000000e+00;2.5787340e-03;2.5000000e+00;9.2305116e-02;2.5000000e+00;1.6608937e-01;2.5000000e+00;1.9732000e-01;2.5000000e+00;2.0317569e-01;2.5000000e+00;1.8773317e-01;2.5000000e+00;1.3811456e-01;2.5000000e+00;8.3529316e-02;2.5000000e+00;2.9389299e-02;2.5000000e+00;-2.3098968e-02;2.5000000e+00;-7.1868338e-02;2.5000000e+00;-1.2128915e-01;2.5000000e+00;-1.7271475e-01;2.5000000e+00;-1.0481040e-01;2.5000000e+00;-1.2236656e-01;2.5000000e+00;-1.2193936e-01;2.5000000e+00;-1.0171672e-01;2.5000000e+00;-6.1254181e-02;2.5000000e+00;2.5787340e-03;2.5000000e+00;9.2305116e-02;2.5000000e+00;1.6608937e-01;2.5000000e+00;1.9732000e-01;2.5000000e+00;2.0317569e-01;2.5000000e+00;1.8773317e-01;2.5000000e+00;1.3811456e-01;2.5000000e+00;8.3529316e-02;2.5000000e+00;2.9389299e-02;2.5000000e+00;-2.3098968e-02;2.5000000e+00;-7.1868338e-02;2.5000000e+00;-1.2128915e-01;2.5000000e+00;-1.7271475e-01;2.5000000e+00;-1.0481040e-01;2.5000000e+00;-1.2236656e-01;2.5000000e+00;-1.2193936e-01;2.5000000e+00;-1.0171672e-01;2.5000000e+00;-6.1254181e-02;2.5000000e+00;2.5787340e-03;2.5000000e+00;9.2305116e-02;2.5000000e+00;1.6608937e-01;2.5000000e+00;1.9732000e-01;2.5000000e+00;2.0317569e-01;2.5000000e+00;1.8773317e-01;2.5000000e+00;1.3811456e-01;2.5000000e+00;8.3529316e-02;2.5000000e+00;2.9389299e-02;2.5000000e+00;-2.3098968e-02;2.5000000e+00;-7.1868338e-02;2.5000000e+00;-1.2128915e-01;2.5000000e+00;-1.7271475e-01;2.5000000e+00;-1.0481040e-01;2.5000000e+00;-1.2236656e-01;2.5000000e+00;-1.2193936e-01;2.5000000e+00;-1.0171672e-01;2.5000000e+00;-6.1254181e-02;2.5000000e+00;2.5787340e-03;2.5000000e+00;9.2305116e-02;2.5000000e+00;1.6608937e-01;2.5000000e+00;1.9732000e-01;2.5000000e+00;2.0317569e-01;2.5000000e+00;1.8773317e-01;2.5000000e+00;1.3811456e-01;2.5000000e+00;8.3529316e-02;2.5000000e+00;2.9389299e-02;2.5000000e+00;-2.3098968e-02;2.5000000e+00;-7.1868338e-02;2.5000000e+00;-1.2128915e-01;2.5000000e+00;-1.7271475e-01;2.5000000e+00;-1.0481040e-01;2.5000000e+00;-1.2236656e-01;2.5000000e+00;-1.2193936e-01;2.5000000e+00;-1.0171672e-01;2.5000000e+00;-6.1254181e-02;2.5000000e+00;2.5787340e-03;2.5000000e+00;9.2305116e-02;2.5000000e+00;1.6608937e-01;2.5000000e+00;1.9732000e-01;2.5000000e+00;2.0317569e-01;2.5000000e+00;1.8773317e-01;2.5000000e+00;1.3811456e-01;2.5000000e+00;8.3529316e-02;2.5000000e+00;2.9389299e-02;2.5000000e+00;-2.3098968e-02;2.5000000e+00;-7.1868338e-02;2.5000000e+00;-1.2128915e-01;2.5000000e+00;-1.7271475e-01;2.5000000e+00;-1.0481040e-01;2.5000000e+00;-1.2236656e-01;2.5000000e+00;-1.2193936e-01;2.5000000e+00;-1.0171672e-01;2.5000000e+00;-6.1254181e-02;2.5000000e+00;2.5787340e-03;2.5000000e+00;9.2305116e-02;2.5000000e+00;1.6608937e-01;2.5000000e+00;1.9732000e-01;2.5000000e+00;2.0317569e-01;2.5000000e+00;1.8773317e-01;2.5000000e+00;1.3811456e-01;2.5000000e+00;8.3529316e-02;2.5000000e+00;2.9389299e-02;2.5000000e+00;-2.3098968e-02;2.5000000e+00;-7.1868338e-02;2.5000000e+00;-1.2128915e-01;2.5000000e+00;-1.7271475e-01
7.5000000e+00;-1.0045651e-01;7.5000000e+00;-1.1575986e-01;7.5000000e+00;-1.1266175e-01;7.5000000e+00;-8.9042880e-02;7.5000000e+00;-4.5119986e-02;7.5000000e+00;2.1683557e-02;7.5000000e+00;1.0837731e-01;7.5000000e+00;1.6925289e-01;7.5000000e+00;1.8757361e-01;7.5000000e+00;1.9028118e-01;7.5000000e+00;1.8553522e-01;7.5000000e+00;1.4263245e-01;7.5000000e+00;9.2606246e-02;7.5000000e+00;4.1328326e-02;7.5000000e+00;-9.5652938e-03;7.5000000e+00;-5.8353730e-02;7.5000000e+00;-1.0543741e-01;7.5000000e+00;-1.5645482e-01;7.5000000e+00;-1.0045651e-01;7.5000000e+00;-1.1575986e-01;7.5000000e+00;-1.1266175e-01;7.5000000e+00;-8.9042880e-02;7.5000000e+00;-4.5119986e-02;7.5000000e+00;2.1683557e-02;7.5000000e+00;1.0837731e-01;7.5000000e+00;1.6925289e-01;7.5000000e+00;1.8757361e-01;7.5000000e+00;1.9028118e-01;7.5000000e+00;1.8553522e-01;7.5000000e+00;1.4263245e-01;7.5000000e+00;9.2606246e-02;7.5000000e+00;4.1328326e-02;7.5000000e+00;-9.5652938e-03;7.5000000e+00;-5.8353730e-02;7.5000000e+00;-1.0543741e-01;7.5000000e+00;-1.5645482e-01;7.5000000e+00;-1.0045651e-01;7.5000000e+00;-1.1575986e-01;7.5000000e+00;-1.1266175e-01;7.5000000e+00;-8.9042880e-02;7.5000000e+00;-4.5119986e-02;7.5000000e+00;2.1683557e-02;7.5000000e+00;1.0837731e-01;7.5000000e+00;1.6925289e-01;7.5000000e+00;1.8757361e-01;7.5000000e+00;1.9028118e-01;7.5000000e+00;1.8553522e-01;7.5000000e+00;1.4263245e-01;7.5000000e+00;9.2606246e-02;7.5000000e+00;4.1328326e-02;7.5000000e+00;-9.5652938e-03;7.5000000e+00;-5.8353730e-02;7.5000000e+00;-1.0543741e-01;7.5000000e+00;-1.5645482e-01;7.5000000e+00;-1.0045651e-01;7.5000000e+00;-1.1575986e-01;7.5000000e+00;-1.1266175e-01;7.5000000e+00;-8.9042880e-02;7.5000000e+00;-4.5119986e-02;7.5000000e+00;2.1683557e-02;7.5000000e+00;1.0837731e-01;7.5000000e+00;1.6925289e-01;7.5000000e+00;1.8757361e-01;7.5000000e+00;1.9028118e-01;7.5000000e+00;1.8553522e-01;7.5000000e+00;1.4263245e-01;7.5000000e+00;9.2606246e-02;7.5000000e+00;4.1328326e-02;7.5000000e+00;-9.5652938e-03;7.5000000e+00;-5.8353730e-02;7.5000000e+00;-1.0543741e-01;7.5000000e+00;-1.5645482e-01;7.5000000e+00;-1.0045651e-01;7.5000000e+00;-1.1575986e-01;7.5000000e+00;-1.1266175e-01;7.5000000e+00;-8.9042880e-02;7.5000000e+00;-4.5119986e-02;7.5000000e+00;2.1683557e-02;7.5000000e+00;1.0837731e-01;7.5000000e+00;1.6925289e-01;7.5000000e+00;1.8757361e-01;7.5000000e+00;1.9028118e-01;7.5000000e+00;1.8553522e-01;7.5000000e+00;1.4263245e-01;7.5000000e+00;9.2606246e-02;7.5000000e+00;4.1328326e-02;7.5000000e+00;-9.5652938e-03;7.5000000e+00;-5.8353730e-02;7.5000000e+00;-1.0543741e-01;7.5000000e+00;-1.5645482e-01;7.5000000e+00;-1.0045651e-01;7.5000000e+00;-1.1575986e-01;7.5000000e+00;-1.1266175e-01;7.5000000e+00;-8.9042880e-02;7.5000000e+00;-4.5119986e-02;7.5000000e+00;2.1683557e-02;7.5000000e+00;1.0837731e-01;7.5000000e+00;1.6925289e-01;7.5000000e+00;1.8757361e-01;7.5000000e+00;1.9028118e-01;7.5000000e+00;1.8553522e-01;7.5000000e+00;1.4263245e-01;7.5000000e+00;9.2606246e-02;7.5000000e+00;4.1328326e-02;7.5000000e+00;-9.5652938e-03;7.5000000e+00;-5.8353730e-02;7.5000000e+00;-1.0543741e-01;7.5000000e+00;-1.5645482e-01;7.5000000e+00;-1.0045651e-01;7.5000000e+00;-1.1575986e-01;7.5000000e+00;-1.1266175e-01;7.5000000e+00;-8.9042880e-02;7.5000000e+00;-4.5119986e-02;7.5000000e+00;2.1683557e-02;7.5000000e+00;1.0837731e-01;7.5000000e+00;1.6925289e-01;7.5000000e+00;1.8757361e-01;7.5000000e+00;1.9028118e-01;7.5000000e+00;1.8553522e-01;7.5000000e+00;1.4263245e-01;7.5000000e+00;9.2606246e-02;7.5000000e+00;4.1328326e-02;7.5000000e+00;-9.5652938e-03;7.5000000e+00;-5.8353730e-02;7.5000000e+00;-1.0543741e-01;7.5000000e+00;-1.5645482e-01;7.5000000e+00;-1.0045651e-01;7.5000000e+00;-1.1575986e-01;7.5000000e+00;-1.1266175e-01;7.5000000e+00;-8.9042880e-02;7.5000000e+00;-4.5119986e-02;7.5000000e+00;2.1683557e-02;7.5000000e+00;1.0837731e-01;7.5000000e+00;1.6925289e-01;7.5000000e+00;1.8757361e-01;7.5000000e+00;1.9028118e-01;7.5000000e+00;1.8553522e-01;7.5000000e+00;1.4263245e-01;7.5000000e+00;9.2606246e-02;7.5000000e+00;4.1328326e-02;7.5000000e+00;-9.5652938e-03;7.5000000e+00;-5.8353730e-02;7.5000000e+00;-1.0543741e-01;7.5000000e+00;-1.5645482e-01;7.5000000e+00;-1.0045651e-01;7.5000000e+00;-1.1575986e-01;7.5000000e+00;-1.1266175e-01;7.5000000e+00;-8.9042880e-02;7.5000000e+00;-4.5119986e-02;7.5000000e+00;2.1683557e-02;7.5000000e+00;1.0837731e-01;7.5000000e+00;1.6925289e-01;7.5000000e+00;1.8757361e-01;7.5000000e+00;1.9028118e-01;7.5000000e+00;1.8553522e-01;7.5000000e+00;1.4263245e-01;7.5000000e+00;9.2606246e-02;7.5000000e+00;4.1328326e-02;7.5000000e+00;-9.5652938e-03;7.5000000e+00;-5.8353730e-02;7.5000000e+00;-1.0543741e-01;7.5000000e+00;-1.5645482e-01;7.5000000e+00;-1.0045651e-01;7.5000000e+00;-1.1575986e-01;7.5000000e+00;-1.1266175e-01;7.5000000e+00;-8.9042880e-02;7.5000000e+00;-4.5119986e-02;7.5000000e+00;2.1683557e-02;7.5000000e+00;1.0837731e-01;7.5000000e+00;1.6925289e-01;7.5000000e+00;1.8757361e-01;7.5000000e+00;1.9028118e-01;7.5000000e+00;1.8553522e-01;7.5000000e+00;1.4263245e-01;7.5000000e+00;9.2606246e-02;7.5000000e+00;4.1328326e-02;7.5000000e+00;-9.5652938e-03;7.5000000e+00;-5.8353730e-02;7.5000000e+00;-1.0543741e-01;7.5000000e+00;-1.5645482e-01;7.5000000e+00;-1.0045651e-01;7.5000000e+00;-1.1575986e-01;7.5000000e+00;-1.1266175e-01;7.5000000e+00;-8.9042880e-02;7.5000000e+00;-4.5119986e-02;7.5000000e+00;2.1683557e-02;7.5000000e+00;1.0837731e-01;7.5000000e+00;1.6925289e-01;7.5000000e+00;1.8757361e-01;7.5000000e+00;1.9028118e-01;7.5000000e+00;1.8553522e-01;7.5000000e+00;1.4263245e-01;7.5000000e+00;9.2606246e-02;7.5000000e+00;4.1328326e-02;7.5000000e+00;-9.5652938e-03;7.5000000e+00;-5.8353730e-02;7.5000000e+00;-1.0543741e-01;7.5000000e+00;-1.5645482e-01;7.5000000e+00;-1.0045651e-01;7.5000000e+00;-1.1575986e-01;7.5000000e+00;-1.1266175e-01;7.5000000e+00;-8.9042880e-02;7.5000000e+00;-4.5119986e-02;7.5000000e+00;2.1683557e-02;7.5000000e+00;1.0837731e-01;7.5000000e+00;1.6925289e-01;7.5000000e+00;1.8757361e-01;7.5000000e+00;1.9028118e-01;7.5000000e+00;1.8553522e-01;7.5000000e+00;1.4263245e-01;7.5000000e+00;9.2606246e-02;7.5000000e+00;4.1328326e-02;7.5000000e+00;-9.5652938e-03;7.5000000e+00;-5.8353730e-02;7.5000000e+00;-1.0543741e-01;7.5000000e+00;-1.5645482e-01;7.5000000e+00;-1.0045651e-01;7.5000000e+00;-1.1575986e-01;7.5000000e+00;-1.1266175e-01;7.5000000e+00;-8.9042880e-02;7.5000000e+00;-4.5119986e-02;7.5000000e+00;2.1683557e-02;7.5000000e+00;1.0837731e-01;7.5000000e+00;1.6925289e-01;7.5000000e+00;1.8757361e-01;7.5000000e+00;1.9028118e-01;7.5000000e+00;1.8553522e-01;7.5000000e+00;1.4263245e-01;7.5000000e+00;9.2606246e-02;7.5000000e+00;4.1328326e-02;7.5000000e+00;-9.5652938e-03;7.5000000e+00;-5.8353730e-02;7.5000000e+00;-1.0543741e-01;7.5000000e+00;-1.5645482e-01;7.5000000e+00;-1.0045651e-01;7.5000000e+00;-1.1575986e-01;7.5000000e+00;-1.1266175e-01;7.5000000e+00;-8.9042880e-02;7.5000000e+00;-4.5119986e-02;7.5000000e+00;2.1683557e-02;7.5000000e+00;1.0837731e-01;7.5000000e+00;1.6925289e-01;7.5000000e+00;1.8757361e-01;7.5000000e+00;1.9028118e-01;7.5000000e+00;1.8553522e-01;7.5000000e+00;1.4263245e-01;7.5000000e+00;9.2606246e-02;7.5000000e+00;4.1328326e-02;7.5000000e+00;-9.5652938e-03;7.5000000e+00;-5.8353730e-02;7.5000000e+00;-1.0543741e-01;7.5000000e+00;-1.5645482e-01;7.5000000e+00;-1.0045651e-01;7.5000000e+00;-1.1575986e-01;7.5000000e+00;-1.1266175e-01;7.5000000e+00;-8.9042880e-02;7.5000000e+00;-4.5119986e-02;7.5000000e+00;2.1683557e-02;7.5000000e+00;1.0837731e-01;7.5000000e+00;1.6925289e-01;7.5000000e+00;1.8757361e-01;7.5000000e+00;1.9028118e-01;7.5000000e+00;1.8553522e-01;7.5000000e+00;1.4263245e-01;7.5000000e+00;9.2606246e-02;7.5000000e+00;4.1328326e-02;7.5000000e+00;-9.5652938e-03;7.5000000e+00;-5.8353730e-02;7.5000000e+00;-1.0543741e-01;7.5000000e+00;-1.5645482e-01;7.5000000e+00;-1.0045651e-01;7.5000000e+00;-1.1575986e-01;7.5000000e+00;-1.1266175e-01;7.5000000e+00;-8.9042880e-02;7.5000000e+00;-4.5119986e-02;7.5000000e+00;2.1683557e-02;7.5000000e+00;1.0837731e-01;7.5000000e+00;1.6925289e-01;7.5000000e+00;1.8757361e-01;7.5000000e+00;1.9028118e-01;7.5000000e+00;1.8553522e-01;7.5000000e+00;1.4263245e-01;7.5000000e+00;9.2606246e-02;7.5000000e+00;4.1328326e-02;7.5000000e+00;-9.5652938e-03;7.5000000e+00;-5.8353730e-02;7.5000000e+00;-1.0543741e-01;7.5000000e+00;-1.5645482e-01;7.5000000e+00;-1.0045651e-01;7.5000000e+00;-1.1575986e-01;7.5000000e+00;-1.1266175e-01;7.5000000e+00;-8.9042880e-02;7.5000000e+00;-4.5119986e-02;7.5000000e+00;2.1683557e-02;7.5000000e+00;1.0837731e-01;7.5000000e+00;1.6925289e-01;7.5000000e+00;1.8757361e-01;7.5000000e+00;1.9028118e-01;7.5000000e+00;1.8553522e-01;7.5000000e+00;1.4263245e-01;7.5000000e+00;9.2606246e-02;7.5000000e+00;4.1328326e-02;7.5000000e+00;-9.5652938e-03;7.5000000e+00;-5.8353730e-02;7.5000000e+00;-1.0543741e-01;7.5000000e+00;-1.5645482e-01;7.5000000e+00;-1.0045651e-01;7.5000000e+00;-1.1575986e-01;7.5000000e+00;-1.1266175e-01;7.5000000e+00;-8.9042880e-02;7.5000000e+00;-4.5119986e-02;7.5000000e+00;2.1683557e-02;7.5000000e+00;1.0837731e-01;7.5000000e+00;1.6925289e-01;7.5000000e+00;1.8757361e-01;7.5000000e+00;1.9028118e-01;7.5000000e+00;1.8553522e-01;7.5000000e+00;1.4263245e-01;7.5000000e+00;9.2606246e-02;7.5000000e+00;4.1328326e-02;7.5000000e+00;-9.5652938e-03;7.5000000e+00;-5.8353730e-02;7.5000000e+00;-1.0543741e-01;7.5000000e+00;-1.5645482e-01;7.5000000e+00;-1.0045651e-01;7.5000000e+00;-1.1575986e-01;7.5000000e+00;-1.1266175e-01;7.5000000e+00;-8.9042880e-02;7.5000000e+00;-4.5119986e-02;7.5000000e+00;2.1683557e-02;7.5000000e+00;1.0837731e-01;7.5000000e+00;1.6925289e-01;7.5000000e+00;1.8757361e-01;7.5000000e+00;1.9028118e-01;7.5000000e+00;1.8553522e-01;7.5000000e+00;1.4263245e-01;7.5000000e+00;9.2606246e-02;7.5000000e+00;4.1328326e-02;7.5000000e+00;-9.5652938e-03;7.5000000e+00;-5.8353730e-02;7.5000000e+00;-1.0543741e-01;7.5000000e+00;-1.5645482e-01;7.5000000e+00;-1.0045651e-01;7.5000000e+00;-1.1575986e-01;7.5000000e+00;-1.1266175e-01;7.5000000e+00;-8.9042880e-02;7.5000000e+00;-4.5119986e-02;7.5000000e+00;2.1683557e-02;7.5000000e+00;1.0837731e-01;7.5000000e+00;1.6925289e-01;7.5000000e+00;1.8757361e-01;7.5000000e+00;1.9028118e-01;7.5000000e+00;1.8553522e-01;7.5000000e+00;1.4263245e-01;7.5000000e+00;9.2606246e-02;7.5000000e+00;4.1328326e-02;7.5000000e+00;-9.5652938e-03;7.5000000e+00;-5.8353730e-02;7.5000000e+00;-1.0543741e-01;7.5000000e+00;-1.5645482e-01;7.5000000e+00;-1.0045651e-01;7.5000000e+00;-1.1575986e-01;7.5000000e+00;-1.1266175e-01;7.5000000e+00;-8.9042880e-02;7.5000000e+00;-4.5119986e-02;7.5000000e+00;2.1683557e-02;7.5000000e+00;1.0837731e-01;7.5000000e+00;1.6925289e-01;7.5000000e+00;1.8757361e-01;7.5000000e+00;1.9028118e-01;7.5000000e+00;1.8553522e-01;7.5000000e+00;1.4263245e-01;7.5000000e+00;9.2606246e-02;7.5000000e+00;4.1328326e-02;7.5000000e+00;-9.5652938e-03;7.5000000e+00;-5.8353730e-02;7.5000000e+00;-1.0543741e-01;7.5000000e+00;-1.5645482e-01;7.5000000e+00;-1.0045651e-01;7.5000000e+00;-1.1575986e-01;7.5000000e+00;-1.1266175e-01;7.5000000e+00;-8.9042880e-02;7.5000000e+00;-4.5119986e-02;7.5000000e+00;2.1683557e-02;7.5000000e+00;1.0837731e-01;7.5000000e+00;1.6925289e-01;7.5000000e+00;1.8757361e-01;7.5000000e+00;1.9028118e-01;7.5000000e+00;1.8553522e-01;7.5000000e+00;1.4263245e-01;7.5000000e+00;9.2606246e-02;7.5000000e+00;4.1328326e-02;7.5000000e+00;-9.5652938e-03;7.5000000e+00;-5.8353730e-02;7.5000000e+00;-1.0543741e-01;7.5000000e+00;-1.5645482e-01;7.5000000e+00;-1.0045651e-01;7.5000000e+00;-1.1575986e-01;7.5000000e+00;-1.1266175e-01;7.5000000e+00;-8.9042880e-02;7.5000000e+00;-4.5119986e-02;7.5000000e+00;2.1683557e-02;7.5000000e+00;1.0837731e-01;7.5000000e+00;1.6925289e-01;7.5000000e+00;1.8757361e-01;7.5000000e+00;1.9028118e-01;7.5000000e+00;1.8553522e-01;7.5000000e+00;1.4263245e-01;7.5000000e+00;9.2606246e-02;7.5000000e+00;4.1328326e-02;7.5000000e+00;-9.5652938e-03;7.5000000e+00;-5.8353730e-02;7.5000000e+00;-1.0543741e-01;7.5000000e+00;-1.5645482e-01;7.5000000e+00;-1.0045651e-01;7.5000000e+00;-1.1575986e-01;7.5000000e+00;-1.1266175e-01;7.5000000e+00;-8.9042880e-02;7.5000000e+00;-4.5119986e-02;7.5000000e+00;2.1683557e-02;7.5000000e+00;1.0837731e-01;7.5000000e+00;1.6925289e-01;7.5000000e+00;1.8757361e-01;7.5000000e+00;1.9028118e-01;7.5000000e+00;1.8553522e-01;7.5000000e+00;1.4263245e-01;7.5000000e+00;9.2606246e-02;7.5000000e+00;4.1328326e-02;7.5000000e+00;-9.5652938e-03;7.5000000e+00;-5.8353730e-02;7.5000000e+00;-1.0543741e-01;7.5000000e+00;-1.5645482e-01;7.5000000e+00;-1.0045651e-01;7.5000000e+00;-1.1575986e-01;7.5000000e+00;-1.1266175e-01;7.5000000e+00;-8.9042880e-02;7.5000000e+00;-4.5119986e-02;7.5000000e+00;2.1683557e-02;7.5000000e+00;1.0837731e-01;7.5000000e+00;1.6925289e-01;7.5000000e+00;1.8757361e-01;7.5000000e+00;1.9028118e-01;7.5000000e+00;1.8553522e-01;7.5000000e+00;1.4263245e-01;7.5000000e+00;9.2606246e-02;7.5000000e+00;4.1328326e-02;7.5000000e+00;-9.5652938e-03;7.5000000e+00;-5.8353730e-02;7.5000000e+00;-1.0543741e-01;7.5000000e+00;-1.5645482e-01;7.5000000e+00;-1.0045651e-01;7.5000000e+00;-1.1575986e-01;7.5000000e+00;-1.1266175e-01;7.5000000e+00;-8.9042880e-02;7.5000000e+00;-4.5119986e-02;7.5000000e+00;2.1683557e-02;7.5000000e+00;1.0837731e-01;7.5000000e+00;1.6925289e-01;7.5000000e+00;1.8757361e-01;7.5000000e+00;1.9028118e-01;7.5000000e+00;1.8553522e-01;7.5000000e+00;1.4263245e-01;7.5000000e+00;9.2606246e-02;7.5000000e+00;4.1328326e-02;7.5000000e+00;-9.5652938e-03;7.5000000e+00;-5.8353730e-02;7.5000000e+00;-1.0543741e-01;7.5000000e+00;-1.5645482e-01;7.5000000e+00;-1.0045651e-01;7.5000000e+00;-1.1575986e-01;7.5000000e+00;-1.1266175e-01;7.5000000e+00;-8.9042880e-02;7.5000000e+00;-4.5119986e-02;7.5000000e+00;2.1683557e-02;7.5000000e+00;1.0837731e-01;7.5000000e+00;1.6925289e-01;7.5000000e+00;1.8757361e-01;7.5000000e+00;1.9028118e-01;7.5000000e+00;1.8553522e-01;7.5000000e+00;1.4263245e-01;7.5000000e+00;9.2606246e-02;7.5000000e+00;4.1328326e-02;7.5000000e+00;-9.5652938e-03;7.5000000e+00;-5.8353730e-02;7.5000000e+00;-1.0543741e-01;7.5000000e+00;-1.5645482e-01;7.5000000e+00;-1.0045651e-01;7.5000000e+00;-1.1575986e-01;7.5000000e+00;-1.1266175e-01;7.5000000e+00;-8.9042880e-02;7.5000000e+00;-4.5119986e-02;7.5000000e+00;2.1683557e-02;7.5000000e+00;1.0837731e-01;7.5000000e+00;1.6925289e-01;7.5000000e+00;1.8757361e-01;7.5000000e+00;1.9028118e-01;7.5000000e+00;1.8553522e-01;7.5000000e+00;1.4263245e-01;7.5000000e+00;9.2606246e-02;7.5000000e+00;4.1328326e-02;7.5000000e+00;-9.5652938e-03;7.5000000e+00;-5.8353730e-02;7.5000000e+00;-1.0543741e-01;7.5000000e+00;-1.5645482e-01;7.5000000e+00;-1.0045651e-01;7.5000000e+00;-1.1575986e-01;7.5000000e+00;-1.1266175e-01;7.5000000e+00;-8.9042880e-02;7.5000000e+00;-4.5119986e-02;7.5000000e+00;2.1683557e-02;7.5000000e+00;1.0837731e-01;7.5000000e+00;1.6925289e-01;7.5000000e+00;1.8757361e-01;7.5000000e+00;1.9028118e-01;7.5000000e+00;1.8553522e-01;7.5000000e+00;1.4263245e-01;7.5000000e+00;9.2606246e-02;7.5000000e+00;4.1328326e-02;7.5000000e+00;-9.5652938e-03;7.5000000e+00;-5.8353730e-02;7.5000000e+00;-1.0543741e-01;7.5000000e+00;-1.5645482e-01;7.5000000e+00;-1.0045651e-01;7.5000000e+00;-1.1575986e-01;7.5000000e+00;-1.1266175e-01;7.5000000e+00;-8.9042880e-02;7.5000000e+00;-4.5119986e-02;7.5000000e+00;2.1683557e-02;7.5000000e+00;1.0837731e-01;7.5000000e+00;1.6925289e-01;7.5000000e+00;1.8757361e-01;7.5000000e+00;1.9028118e-01;7.5000000e+00;1.8553522e-01;7.5000000e+00;1.4263245e-01;7.5000000e+00;9.2606246e-02;7.5000000e+00;4.1328326e-02;7.5000000e+00;-9.5652938e-03;7.5000000e+00;-5.8353730e-02;7.5000000e+00;-1.0543741e-01;7.5000000e+00;-1.5645482e-01;7.5000000e+00;-1.0045651e-01;7.5000000e+00;-1.1575986e-01;7.5000000e+00;-1.1266175e-01;7.5000000e+00;-8.9042880e-02;7.5000000e+00;-4.5119986e-02;7.5000000e+00;2.1683557e-02;7.5000000e+00;1.0837731e-01;7.5000000e+00;1.6925289e-01;7.5000000e+00;1.8757361e-01;7.5000000e+00;1.9028118e-01;7.5000000e+00;1.8553522e-01;7.5000000e+00;1.4263245e-01;7.5000000e+00;9.2606246e-02;7.5000000e+00;4.1328326e-02;7.5000000e+00;-9.5652938e-03;7.5000000e+00;-5.8353730e-02;7.5000000e+00;-1.0543741e-01;7.5000000e+00;-1.5645482e-01;7.5000000e+00;-1.0045651e-01;7.5000000e+00;-1.1575986e-01;7.5000000e+00;-1.1266175e-01;7.5000000e+00;-8.9042880e-02;7.5000000e+00;-4.5119986e-02;7.5000000e+00;2.1683557e-02;7.5000000e+00;1.0837731e-01;7.5000000e+00;1.6925289e-01;7.5000000e+00;1.8757361e-01;7.5000000e+00;1.9028118e-01;7.5000000e+00;1.8553522e-01;7.5000000e+00;1.4263245e-01;7.5000000e+00;9.2606246e-02;7.5000000e+00;4.1328326e-02;7.5000000e+00;-9.5652938e-03;7.5000000e+00;-5.8353730e-02;7.5000000e+00;-1.0543741e-01;7.5000000e+00;-1.5645482e-01;7.5000000e+00;-1.0045651e-01;7.5000000e+00;-1.1575986e-01;7.5000000e+00;-1.1266175e-01;7.5000000e+00;-8.9042880e-02;7.5000000e+00;-4.5119986e-02;7.5000000e+00;2.1683557e-02;7.5000000e+00;1.0837731e-01;7.5000000e+00;1.6925289e-01;7.5000000e+00;1.8757361e-01;7.5000000e+00;1.9028118e-01;7.5000000e+00;1.8553522e-01;7.5000000e+00;1.4263245e-01;7.5000000e+00;9.2606246e-02;7.5000000e+00;4.1328326e-02;7.5000000e+00;-9.5652938e-03;7.5000000e+00;-5.8353730e-02;7.5000000e+00;-1.0543741e-01;7.5000000e+00;-1.5645482e-01;7.5000000e+00;-1.0045651e-01;7.5000000e+00;-1.1575986e-01;7.5000000e+00;-1.1266175e-01;7.5000000e+00;-8.9042880e-02;7.5000000e+00;-4.5119986e-02;7.5000000e+00;2.1683557e-02;7.5000000e+00;1.0837731e-01;7.5000000e+00;1.6925289e-01;7.5000000e+00;1.8757361e-01;7.5000000e+00;1.9028118e-01;7.5000000e+00;1.8553522e-01;7.5000000e+00;1.4263245e-01;7.5000000e+00;9.2606246e-02;7.5000000e+00;4.1328326e-02;7.5000000e+00;-9.5652938e-03;7.5000000e+00;-5.8353730e-02;7.5000000e+00;-1.0543741e-01;7.5000000e+00;-1.5645482e-01;7.5000000e+00;-1.0045651e-01;7.5000000e+00;-1.1575986e-01;7.5000000e+00;-1.1266175e-01;7.5000000e+00;-8.9042880e-02;7.5000000e+00;-4.5119986e-02;7.5000000e+00;2.1683557e-02;7.5000000e+00;1.0837731e-01;7.5000000e+00;1.6925289e-01;7.5000000e+00;1.8757361e-01;7.5000000e+00;1.9028118e-01;7.5000000e+00;1.8553522e-01;7.5000000e+00;1.4263245e-01;7.5000000e+00;9.2606246e-02;7.5000000e+00;4.1328326e-02;7.5000000e+00;-9.5652938e-03;7.5000000e+00;-5.8353730e-02;7.5000000e+00;-1.0543741e-01;7.5000000e+00;-1.5645482e-01;7.5000000e+00;-1.0045651e-01;7.5000000e+00;-1.1575986e-01;7.5000000e+00;-1.1266175e-01;7.5000000e+00;-8.9042880e-02;7.5000000e+00;-4.5119986e-02;7.5000000e+00;2.1683557e-02;7.5000000e+00;1.0837731e-01;7.5000000e+00;1.6925289e-01;7.5000000e+00;1.8757361e-01;7.5000000e+00;1.9028118e-01;7.5000000e+00;1.8553522e-01;7.5000000e+00;1.4263245e-01;7.5000000e+00;9.2606246e-02;7.5000000e+00;4.1328326e-02;7.5000000e+00;-9.5652938e-03;7.5000000e+00;-5.8353730e-02;7.5000000e+00;-1.0543741e-01;7.5000000e+00;-1.5645482e-01;7.5000000e+00;-1.0045651e-01;7.5000000e+00;-1.1575986e-01;7.5000000e+00;-1.1266175e-01;7.5000000e+00;-8.9042880e-02;7.5000000e+00;-4.5119986e-02;7.5000000e+00;2.1683557e-02;7.5000000e+00;1.0837731e-01;7.5000000e+00;1.6925289e-01;7.5000000e+00;1.8757361e-01;7.5000000e+00;1.9028118e-01;7.5000000e+00;1.8553522e-01;7.5000000e+00;1.4263245e-01;7.5000000e+00;9.2606246e-02;7.5000000e+00;4.1328326e-02;7.5000000e+00;-9.5652938e-03;7.5000000e+00;-5.8353730e-02;7.5000000e+00;-1.0543741e-01;7.5000000e+00;-1.5645482e-01;7.5000000e+00;-1.0045651e-01;7.5000000e+00;-1.1575986e-01;7.5000000e+00;-1.1266175e-01;7.5000000e+00;-8.9042880e-02;7.5000000e+00;-4.5119986e-02;7.5000000e+00;2.1683557e-02;7.5000000e+00;1.0837731e-01;7.5000000e+00;1.6925289e-01;7.5000000e+00;1.8757361e-01;7.5000000e+00;1.9028118e-01;7.5000000e+00;1.8553522e-01;7.5000000e+00;1.4263245e-01;7.5000000e+00;9.2606246e-02;7.5000000e+00;4.1328326e-02;7.5000000e+00;-9.5652938e-03;7.5000000e+00;-5.8353730e-02;7.5000000e+00;-1.0543741e-01;7.5000000e+00;-1.5645482e-01;7.5000000e+00;-1.0045651e-01;7.5000000e+00;-1.1575986e-01;7.5000000e+00;-1.1266175e-01;7.5000000e+00;-8.9042880e-02;7.5000000e+00;-4.5119986e-02;7.5000000e+00;2.1683557e-02;7.5000000e+00;1.0837731e-01;7.5000000e+00;1.6925289e-01;7.5000000e+00;1.8757361e-01;7.5000000e+00;1.9028118e-01;7.5000000e+00;1.8553522e-01;7.5000000e+00;1.4263245e-01;7.5000000e+00;9.2606246e-02;7.5000000e+00;4.1328326e-02;7.5000000e+00;-9.5652938e-03;7.5000000e+00;-5.8353730e-02;7.5000000e+00;-1.0543741e-01;7.5000000e+00;-1.5645482e-01;7.5000000e+00;-1.0045651e-01;7.5000000e+00;-1.1575986e-01;7.5000000e+00;-1.1266175e-01;7.5000000e+00;-8.9042880e-02;7.5000000e+00;-4.5119986e-02;7.5000000e+00;2.1683557e-02;7.5000000e+00;1.0837731e-01;7.5000000e+00;1.6925289e-01;7.5000000e+00;1.8757361e-01;7.5000000e+00;1.9028118e-01;7.5000000e+00;1.8553522e-01;7.5000000e+00;1.4263245e-01;7.5000000e+00;9.2606246e-02;7.5000000e+00;4.1328326e-02;7.5000000e+00;-9.5652938e-03;7.5000000e+00;-5.8353730e-02;7.5000000e+00;-1.0543741e-01;7.5000000e+00;-1.5645482e-01;7.5000000e+00;-1.0045651e-01;7.5000000e+00;-1.1575986e-01;7.5000000e+00;-1.1266175e-01;7.5000000e+00;-8.9042880e-02;7.5000000e+00;-4.5119986e-02;7.5000000e+00;2.1683557e-02;7.5000000e+00;1.0837731e-01;7.5000000e+00;1.6925289e-01;7.5000000e+00;1.8757361e-01;7.5000000e+00;1.9028118e-01;7.5000000e+00;1.8553522e-01;7.5000000e+00;1.4263245e-01;7.5000000e+00;9.2606246e-02;7.5000000e+00;4.1328326e-02;7.5000000e+00;-9.5652938e-03;7.5000000e+00;-5.8353730e-02;7.5000000e+00;-1.0543741e-01;7.5000000e+00;-1.5645482e-01;7.5000000e+00;-1.0045651e-01;7.5000000e+00;-1.1575986e-01;7.5000000e+00;-1.1266175e-01;7.5000000e+00;-8.9042880e-02;7.5000000e+00;-4.5119986e-02;7.5000000e+00;2.1683557e-02;7.5000000e+00;1.0837731e-01;7.5000000e+00;1.6925289e-01;7.5000000e+00;1.8757361e-01;7.5000000e+00;1.9028118e-01;7.5000000e+00;1.8553522e-01;7.5000000e+00;1.4263245e-01;7.5000000e+00;9.2606246e-02;7.5000000e+00;4.1328326e-02;7.5000000e+00;-9.5652938e-03;7.5000000e+00;-5.8353730e-02;7.5000000e+00;-1.0543741e-01;7.5000000e+00;-1.5645482e-01;7.5000000e+00;-1.0045651e-01;7.5000000e+00;-1.1575986e-01;7.5000000e+00;-1.1266175e-01;7.5000000e+00;-8.9042880e-02;7.5000000e+00;-4.5119986e-02;7.5000000e+00;2.1683557e-02;7.5000000e+00;1.0837731e-01;7.5000000e+00;1.6925289e-01;7.5000000e+00;1.8757361e-01;7.5000000e+00;1.9028118e-01;7.5000000e+00;1.8553522e-01;7.5000000e+00;1.4263245e-01;7.5000000e+00;9.2606246e-02;7.5000000e+00;4.1328326e-02;7.5000000e+00;-9.5652938e-03;7.5000000e+00;-5.8353730e-02;7.5000000e+00;-1.0543741e-01;7.5000000e+00;-1.5645482e-01;7.5000000e+00;-1.0045651e-01;7.5000000e+00;-1.1575986e-01;7.5000000e+00;-1.1266175e-01;7.5000000e+00;-8.9042880e-02;7.5000000e+00;-4.5119986e-02;7.5000000e+00;2.1683557e-02;7.5000000e+00;1.0837731e-01;7.5000000e+00;1.6925289e-01;7.5000000e+00;1.8757361e-01;7.5000000e+00;1.9028118e-01;7.5000000e+00;1.8553522e-01;7.5000000e+00;1.4263245e-01;7.5000000e+00;9.2606246e-02;7.5000000e+00;4.1328326e-02;7.5000000e+00;-9.5652938e-03;7.5000000e+00;-5.8353730e-02;7.5000000e+00;-1.0543741e-01;7.5000000e+00;-1.5645482e-01;7.5000000e+00;-1.0045651e-01;7.5000000e+00;-1.1575986e-01;7.5000000e+00;-1.1266175e-01;7.5000000e+00;-8.9042880e-02;7.5000000e+00;-4.5119986e-02;7.5000000e+00;2.1683557e-02;7.5000000e+00;1.0837731e-01;7.5000000e+00;1.6925289e-01;7.5000000e+00;1.8757361e-01;7.5000000e+00;1.9028118e-01;7.5000000e+00;1.8553522e-01;7.5000000e+00;1.4263245e-01;7.5000000e+00;9.2606246e-02;7.5000000e+00;4.1328326e-02;7.5000000e+00;-9.5652938e-03;7.5000000e+00;-5.8353730e-02;7.5000000e+00;-1.0543741e-01;7.5000000e+00;-1.5645482e-01;7.5000000e+00;-1.0045651e-01;7.5000000e+00;-1.1575986e-01;7.5000000e+00;-1.1266175e-01;7.5000000e+00;-8.9042880e-02;7.5000000e+00;-4.5119986e-02;7.5000000e+00;2.1683557e-02;7.5000000e+00;1.0837731e-01;7.5000000e+00;1.6925289e-01;7.5000000e+00;1.8757361e-01;7.5000000e+00;1.9028118e-01;7.5000000e+00;1.8553522e-01;7.5000000e+00;1.4263245e-01;7.5000000e+00;9.2606246e-02;7.5000000e+00;4.1328326e-02;7.5000000e+00;-9.5652938e-03;7.5000000e+00;-5.8353730e-02;7.5000000e+00;-1.0543741e-01;7.5000000e+00;-1.5645482e-01;7.5000000e+00;-1.0045651e-01;7.5000000e+00;-1.1575986e-01;7.5000000e+00;-1.1266175e-01;7.5000000e+00;-8.9042880e-02;7.5000000e+00;-4.5119986e-02;7.5000000e+00;2.1683557e-02;7.5000000e+00;1.0837731e-01;7.5000000e+00;1.6925289e-01;7.5000000e+00;1.8757361e-01;7.5000000e+00;1.9028118e-01;7.5000000e+00;1.8553522e-01;7.5000000e+00;1.4263245e-01;7.5000000e+00;9.2606246e-02;7.5000000e+00;4.1328326e-02;7.5000000e+00;-9.5652938e-03;7.5000000e+00;-5.8353730e-02;7.5000000e+00;-1.0543741e-01;7.5000000e+00;-1.5645482e-01;7.5000000e+00;-1.0045651e-01;7.5000000e+00;-1.1575986e-01;7.5000000e+00;-1.1266175e-01;7.5000000e+00;-8.9042880e-02;7.5000000e+00;-4.5119986e-02;7.5000000e+00;2.1683557e-02;7.5000000e+00;1.0837731e-01;7.5000000e+00;1.6925289e-01;7.5000000e+00;1.8757361e-01;7.5000000e+00;1.9028118e-01;7.5000000e+00;1.8553522e-01;7.5000000e+00;1.4263245e-01;7.5000000e+00;9.2606246e-02;7.5000000e+00;4.1328326e-02;7.5000000e+00;-9.5652938e-03;7.5000000e+00;-5.8353730e-02;7.5000000e+00;-1.0543741e-01;7.5000000e+00;-1.5645482e-01;7.5000000e+00;-1.0045651e-01;7.5000000e+00;-1.1575986e-01;7.5000000e+00;-1.1266175e-01;7.5000000e+00;-8.9042880e-02;7.5000000e+00;-4.5119986e-02;7.5000000e+00;2.1683557e-02;7.5000000e+00;1.0837731e-01;7.5000000e+00;1.6925289e-01;7.5000000e+00;1.8757361e-01;7.5000000e+00;1.9028118e-01;7.5000000e+00;1.8553522e-01;7.5000000e+00;1.4263245e-01;7.5000000e+00;9.2606246e-02;7.5000000e+00;4.1328326e-02;7.5000000e+00;-9.5652938e-03;7.5000000e+00;-5.8353730e-02;7.5000000e+00;-1.0543741e-01;7.5000000e+00;-1.5645482e-01;7.5000000e+00;-1.0045651e-01;7.5000000e+00;-1.1575986e-01;7.5000000e+00;-1.1266175e-01;7.5000000e+00;-8.9042880e-02;7.5000000e+00;-4.5119986e-02;7.5000000e+00;2.1683557e-02;7.5000000e+00;1.0837731e-01;7.5000000e+00;1.6925289e-01;7.5000000e+00;1.8757361e-01;7.5000000e+00;1.9028118e-01;7.5000000e+00;1.8553522e-01;7.5000000e+00;1.4263245e-01;7.5000000e+00;9.2606246e-02;7.5000000e+00;4.1328326e-02;7.5000000e+00;-9.5652938e-03;7.5000000e+00;-5.8353730e-02;7.5000000e+00;-1.0543741e-01;7.5000000e+00;-1.5645482e-01;7.5000000e+00;-1.0045651e-01;7.5000000e+00;-1.1575986e-01;7.5000000e+00;-1.1266175e-01;7.5000000e+00;-8.9042880e-02;7.5000000e+00;-4.5119986e-02;7.5000000e+00;2.1683557e-02;7.5000000e+00;1.0837731e-01;7.5000000e+00;1.6925289e-01;7.5000000e+00;1.8757361e-01;7.5000000e+00;1.9028118e-01;7.5000000e+00;1.8553522e-01;7.5000000e+00;1.4263245e-01;7.5000000e+00;9.2606246e-02;7.5000000e+00;4.1328326e-02;7.5000000e+00;-9.5652938e-03;7.5000000e+00;-5.8353730e-02;7.5000000e+00;-1.0543741e-01;7.5000000e+00;-1.5645482e-01;7.5000000e+00;-1.0045651e-01;7.5000000e+00;-1.1575986e-01;7.5000000e+00;-1.1266175e-01;7.5000000e+00;-8.9042880e-02;7.5000000e+00;-4.5119986e-02;7.5000000e+00;2.1683557e-02;7.5000000e+00;1.0837731e-01;7.5000000e+00;1.6925289e-01;7.5000000e+00;1.8757361e-01;7.5000000e+00;1.9028118e-01;7.5000000e+00;1.8553522e-01;7.5000000e+00;1.4263245e-01;7.5000000e+00;9.2606246e-02;7.5000000e+00;4.1328326e-02;7.5000000e+00;-9.5652938e-03;7.5000000e+00;-5.8353730e-02;7.5000000e+00;-1.0543741e-01;7.5000000e+00;-1.5645482e-01;7.5000000e+00;-1.0045651e-01;7.5000000e+00;-1.1575986e-01;7.5000000e+00;-1.1266175e-01;7.5000000e+00;-8.9042880e-02;7.5000000e+00;-4.5119986e-02;7.5000000e+00;2.1683557e-02;7.5000000e+00;1.0837731e-01;7.5000000e+00;1.6925289e-01;7.5000000e+00;1.8757361e-01;7.5000000e+00;1.9028118e-01;7.5000000e+00;1.8553522e-01;7.5000000e+00;1.4263245e-01;7.5000000e+00;9.2606246e-02;7.5000000e+00;4.1328326e-02;7.5000000e+00;-9.5652938e-03;7.5000000e+00;-5.8353730e-02;7.5000000e+00;-1.0543741e-01;7.5000000e+00;-1.5645482e-01;7.5000000e+00;-1.0045651e-01;7.5000000e+00;-1.1575986e-01;7.5000000e+00;-1.1266175e-01;7.5000000e+00;-8.9042880e-02;7.5000000e+00;-4.5119986e-02;7.5000000e+00;2.1683557e-02;7.5000000e+00;1.0837731e-01;7.5000000e+00;1.6925289e-01;7.5000000e+00;1.8757361e-01;7.5000000e+00;1.9028118e-01;7.5000000e+00;1.8553522e-01;7.5000000e+00;1.4263245e-01;7.5000000e+00;9.2606246e-02;7.5000000e+00;4.1328326e-02;7.5000000e+00;-9.5652938e-03;7.5000000e+00;-5.8353730e-02;7.5000000e+00;-1.0543741e-01;7.5000000e+00;-1.5645482e-01;7.5000000e+00;-1.0045651e-01;7.5000000e+00;-1.1575986e-01;7.5000000e+00;-1.1266175e-01;7.5000000e+00;-8.9042880e-02;7.5000000e+00;-4.5119986e-02;7.5000000e+00;2.1683557e-02;7.5000000e+00;1.0837731e-01;7.5000000e+00;1.6925289e-01;7.5000000e+00;1.8757361e-01;7.5000000e+00;1.9028118e-01;7.5000000e+00;1.8553522e-01;7.5000000e+00;1.4263245e-01;7.5000000e+00;9.2606246e-02;7.5000000e+00;4.1328326e-02;7.5000000e+00;-9.5652938e-03;7.5000000e+00;-5.8353730e-02;7.5000000e+00;-1.0543741e-01;7.5000000e+00;-1.5645482e-01;7.5000000e+00;-1.0045651e-01;7.5000000e+00;-1.1575986e-01;7.5000000e+00;-1.1266175e-01;7.5000000e+00;-8.9042880e-02;7.5000000e+00;-4.5119986e-02;7.5000000e+00;2.1683557e-02;7.5000000e+00;1.0837731e-01;7.5000000e+00;1.6925289e-01;7.5000000e+00;1.8757361e-01;7.5000000e+00;1.9028118e-01;7.5000000e+00;1.8553522e-01;7.5000000e+00;1.4263245e-01;7.5000000e+00;9.2606246e-02;7.5000000e+00;4.1328326e-02;7.5000000e+00;-9.5652938e-03;7.5000000e+00;-5.8353730e-02;7.5000000e+00;-1.0543741e-01;7.5000000e+00;-1.5645482e-01;7.5000000e+00;-1.0045651e-01;7.5000000e+00;-1.1575986e-01;7.5000000e+00;-1.1266175e-01;7.5000000e+00;-8.9042880e-02;7.5000000e+00;-4.5119986e-02;7.5000000e+00;2.1683557e-02;7.5000000e+00;1.0837731e-01;7.5000000e+00;1.6925289e-01;7.5000000e+00;1.8757361e-01;7.5000000e+00;1.9028118e-01;7.5000000e+00;1.8553522e-01;7.5000000e+00;1.4263245e-01;7.5000000e+00;9.2606246e-02;7.5000000e+00;4.1328326e-02;7.5000000e+00;-9.5652938e-03;7.5000000e+00;-5.8353730e-02;7.5000000e+00;-1.0543741e-01;7.5000000e+00;-1.5645482e-01;7.5000000e+00;-1.0045651e-01;7.5000000e+00;-1.1575986e-01;7.5000000e+00;-1.1266175e-01;7.5000000e+00;-8.9042880e-02;7.5000000e+00;-4.5119986e-02;7.5000000e+00;2.1683557e-02;7.5000000e+00;1.0837731e-01;7.5000000e+00;1.6925289e-01;7.5000000e+00;1.8757361e-01;7.5000000e+00;1.9028118e-01;7.5000000e+00;1.8553522e-01;7.5000000e+00;1.4263245e-01;7.5000000e+00;9.2606246e-02;7.5000000e+00;4.1328326e-02;7.5000000e+00;-9.5652938e-03;7.5000000e+00;-5.8353730e-02;7.5000000e+00;-1.0543741e-01;7.5000000e+00;-1.5645482e-01;7.5000000e+00;-1.0045651e-01;7.5000000e+00;-1.1575986e-01;7.5000000e+00;-1.1266175e-01;7.5000000e+00;-8.9042880e-02;7.5000000e+00;-4.5119986e-02;7.5000000e+00;2.1683557e-02;7.5000000e+00;1.0837731e-01;7.5000000e+00;1.6925289e-01;7.5000000e+00;1.8757361e-01;7.5000000e+00;1.9028118e-01;7.5000000e+00;1.8553522e-01;7.5000000e+00;1.4263245e-01;7.5000000e+00;9.2606246e-02;7.5000000e+00;4.1328326e-02;7.5000000e+00;-9.5652938e-03;7.5000000e+00;-5.8353730e-02;7.5000000e+00;-1.0543741e-01;7.5000000e+00;-1.5645482e-01;7.5000000e+00;-1.0045651e-01;7.5000000e+00;-1.1575986e-01;7.5000000e+00;-1.1266175e-01;7.5000000e+00;-8.9042880e-02;7.5000000e+00;-4.5119986e-02;7.5000000e+00;2.1683557e-02;7.5000000e+00;1.0837731e-01;7.5000000e+00;1.6925289e-01;7.5000000e+00;1.8757361e-01;7.5000000e+00;1.9028118e-01;7.5000000e+00;1.8553522e-01;7.5000000e+00;1.4263245e-01;7.5000000e+00;9.2606246e-02;7.5000000e+00;4.1328326e-02;7.5000000e+00;-9.5652938e-03;7.5000000e+00;-5.8353730e-02;7.5000000e+00;-1.0543741e-01;7.5000000e+00;-1.5645482e-01;7.5000000e+00;-1.0045651e-01;7.5000000e+00;-1.1575986e-01;7.5000000e+00;-1.1266175e-01;7.5000000e+00;-8.9042880e-02;7.5000000e+00;-4.5119986e-02;7.5000000e+00;2.1683557e-02;7.5000000e+00;1.0837731e-01;7.5000000e+00;1.6925289e-01;7.5000000e+00;1.8757361e-01;7.5000000e+00;1.9028118e-01;7.5000000e+00;1.8553522e-01;7.5000000e+00;1.4263245e-01;7.5000000e+00;9.2606246e-02;7.5000000e+00;4.1328326e-02;7.5000000e+00;-9.5652938e-03;7.5000000e+00;-5.8353730e-02;7.5000000e+00;-1.0543741e-01;7.5000000e+00;-1.5645482e-01;7.5000000e+00;-1.0045651e-01;7.5000000e+00;-1.1575986e-01;7.5000000e+00;-1.1266175e-01;7.5000000e+00;-8.9042880e-02;7.5000000e+00;-4.5119986e-02;7.5000000e+00;2.1683557e-02;7.5000000e+00;1.0837731e-01;7.5000000e+00;1.6925289e-01;7.5000000e+00;1.8757361e-01;7.5000000e+00;1.9028118e-01;7.5000000e+00;1.8553522e-01;7.5000000e+00;1.4263245e-01;7.5000000e+00;9.2606246e-02;7.5000000e+00;4.1328326e-02;7.5000000e+00;-9.5652938e-03;7.5000000e+00;-5.8353730e-02;7.5000000e+00;-1.0543741e-01;7.5000000e+00;-1.5645482e-01;7.5000000e+00;-1.0045651e-01;7.5000000e+00;-1.1575986e-01;7.5000000e+00;-1.1266175e-01;7.5000000e+00;-8.9042880e-02;7.5000000e+00;-4.5119986e-02;7.5000000e+00;2.1683557e-02;7.5000000e+00;1.0837731e-01;7.5000000e+00;1.6925289e-01;7.5000000e+00;1.8757361e-01;7.5000000e+00;1.9028118e-01;7.5000000e+00;1.8553522e-01;7.5000000e+00;1.4263245e-01;7.5000000e+00;9.2606246e-02;7.5000000e+00;4.1328326e-02;7.5000000e+00;-9.5652938e-03;7.5000000e+00;-5.8353730e-02;7.5000000e+00;-1.0543741e-01;7.5000000e+00;-1.5645482e-01;7.5000000e+00;-1.0045651e-01;7.5000000e+00;-1.1575986e-01;7.5000000e+00;-1.1266175e-01;7.5000000e+00;-8.9042880e-02;7.5000000e+00;-4.5119986e-02;7.5000000e+00;2.1683557e-02;7.5000000e+00;1.0837731e-01;7.5000000e+00;1.6925289e-01;7.5000000e+00;1.8757361e-01;7.5000000e+00;1.9028118e-01;7.5000000e+00;1.8553522e-01;7.5000000e+00;1.4263245e-01;7.5000000e+00;9.2606246e-02;7.5000000e+00;4.1328326e-02;7.5000000e+00;-9.5652938e-03;7.5000000e+00;-5.8353730e-02;7.5000000e+00;-1.0543741e-01;7.5000000e+00;-1.5645482e-01;7.5000000e+00;-1.0045651e-01;7.5000000e+00;-1.1575986e-01;7.5000000e+00;-1.1266175e-01;7.5000000e+00;-8.9042880e-02;7.5000000e+00;-4.5119986e-02;7.5000000e+00;2.1683557e-02;7.5000000e+00;1.0837731e-01;7.5000000e+00;1.6925289e-01;7.5000000e+00;1.8757361e-01;7.5000000e+00;1.9028118e-01;7.5000000e+00;1.8553522e-01;7.5000000e+00;1.4263245e-01;7.5000000e+00;9.2606246e-02;7.5000000e+00;4.1328326e-02;7.5000000e+00;-9.5652938e-03;7.5000000e+00;-5.8353730e-02;7.5000000e+00;-1.0543741e-01;7.5000000e+00;-1.5645482e-01;7.5000000e+00;-1.0045651e-01;7.5000000e+00;-1.1575986e-01;7.5000000e+00;-1.1266175e-01;7.5000000e+00;-8.9042880e-02;7.5000000e+00;-4.5119986e-02;7.5000000e+00;2.1683557e-02;7.5000000e+00;1.0837731e-01;7.5000000e+00;1.6925289e-01;7.5000000e+00;1.8757361e-01;7.5000000e+00;1.9028118e-01;7.5000000e+00;1.8553522e-01;7.5000000e+00;1.4263245e-01;7.5000000e+00;9.2606246e-02;7.5000000e+00;4.1328326e-02;7.5000000e+00;-9.5652938e-03;7.5000000e+00;-5.8353730e-02;7.5000000e+00;-1.0543741e-01;7.5000000e+00;-1.5645482e-01;7.5000000e+00;-1.0045651e-01;7.5000000e+00;-1.1575986e-01;7.5000000e+00;-1.1266175e-01;7.5000000e+00;-8.9042880e-02;7.5000000e+00;-4.5119986e-02;7.5000000e+00;2.1683557e-02;7.5000000e+00;1.0837731e-01;7.5000000e+00;1.6925289e-01;7.5000000e+00;1.8757361e-01;7.5000000e+00;1.9028118e-01;7.5000000e+00;1.8553522e-01;7.5000000e+00;1.4263245e-01;7.5000000e+00;9.2606246e-02;7.5000000e+00;4.1328326e-02;7.5000000e+00;-9.5652938e-03;7.5000000e+00;-5.8353730e-02;7.5000000e+00;-1.0543741e-01;7.5000000e+00;-1.5645482e-01;7.5000000e+00;-1.0045651e-01;7.5000000e+00;-1.1575986e-01;7.5000000e+00;-1.1266175e-01;7.5000000e+00;-8.9042880e-02;7.5000000e+00;-4.5119986e-02;7.5000000e+00;2.1683557e-02;7.5000000e+00;1.0837731e-01;7.5000000e+00;1.6925289e-01;7.5000000e+00;1.8757361e-01;7.5000000e+00;1.9028118e-01;7.5000000e+00;1.8553522e-01;7.5000000e+00;1.4263245e-01;7.5000000e+00;9.2606246e-02;7.5000000e+00;4.1328326e-02;7.5000000e+00;-9.5652938e-03;7.5000000e+00;-5.8353730e-02;7.5000000e+00;-1.0543741e-01;7.5000000e+00;-1.5645482e-01;7.5000000e+00;-1.0045651e-01;7.5000000e+00;-1.1575986e-01;7.5000000e+00;-1.1266175e-01;7.5000000e+00;-8.9042880e-02;7.5000000e+00;-4.5119986e-02;7.5000000e+00;2.1683557e-02;7.5000000e+00;1.0837731e-01;7.5000000e+00;1.6925289e-01;7.5000000e+00;1.8757361e-01;7.5000000e+00;1.9028118e-01;7.5000000e+00;1.8553522e-01;7.5000000e+00;1.4263245e-01;7.5000000e+00;9.2606246e-02;7.5000000e+00;4.1328326e-02;7.5000000e+00;-9.5652938e-03;7.5000000e+00;-5.8353730e-02;7.5000000e+00;-1.0543741e-01;7.5000000e+00;-1.5645482e-01;7.5000000e+00;-1.0045651e-01;7.5000000e+00;-1.1575986e-01;7.5000000e+00;-1.1266175e-01;7.5000000e+00;-8.9042880e-02;7.5000000e+00;-4.5119986e-02;7.5000000e+00;2.1683557e-02;7.5000000e+00;1.0837731e-01;7.5000000e+00;1.6925289e-01;7.5000000e+00;1.8757361e-01;7.5000000e+00;1.9028118e-01;7.5000000e+00;1.8553522e-01;7.5000000e+00;1.4263245e-01;7.5000000e+00;9.2606246e-02;7.5000000e+00;4.1328326e-02;7.5000000e+00;-9.5652938e-03;7.5000000e+00;-5.8353730e-02;7.5000000e+00;-1.0543741e-01;7.5000000e+00;-1.5645482e-01;7.5000000e+00;-1.0045651e-01;7.5000000e+00;-1.1575986e-01;7.5000000e+00;-1.1266175e-01;7.5000000e+00;-8.9042880e-02;7.5000000e+00;-4.5119986e-02;7.5000000e+00;2.1683557e-02;7.5000000e+00;1.0837731e-01;7.5000000e+00;1.6925289e-01;7.5000000e+00;1.8757361e-01;7.5000000e+00;1.9028118e-01;7.5000000e+00;1.8553522e-01;7.5000000e+00;1.4263245e-01;7.5000000e+00;9.2606246e-02;7.5000000e+00;4.1328326e-02;7.5000000e+00;-9.5652938e-03;7.5000000e+00;-5.8353730e-02;7.5000000e+00;-1.0543741e-01;7.5000000e+00;-1.5645482e-01;7.5000000e+00;-1.0045651e-01;7.5000000e+00;-1.1575986e-01;7.5000000e+00;-1.1266175e-01;7.5000000e+00;-8.9042880e-02;7.5000000e+00;-4.5119986e-02;7.5000000e+00;2.1683557e-02;7.5000000e+00;1.0837731e-01;7.5000000e+00;1.6925289e-01;7.5000000e+00;1.8757361e-01;7.5000000e+00;1.9028118e-01;7.5000000e+00;1.8553522e-01;7.5000000e+00;1.4263245e-01;7.5000000e+00;9.2606246e-02;7.5000000e+00;4.1328326e-02;7.5000000e+00;-9.5652938e-03;7.5000000e+00;-5.8353730e-02;7.5000000e+00;-1.0543741e-01;7.5000000e+00;-1.5645482e-01;7.5000000e+00;-1.0045651e-01;7.5000000e+00;-1.1575986e-01;7.5000000e+00;-1.1266175e-01;7.5000000e+00;-8.9042880e-02;7.5000000e+00;-4.5119986e-02;7.5000000e+00;2.1683557e-02;7.5000000e+00;1.0837731e-01;7.5000000e+00;1.6925289e-01;7.5000000e+00;1.8757361e-01;7.5000000e+00;1.9028118e-01;7.5000000e+00;1.8553522e-01;7.5000000e+00;1.4263245e-01;7.5000000e+00;9.2606246e-02;7.5000000e+00;4.1328326e-02;7.5000000e+00;-9.5652938e-03;7.5000000e+00;-5.8353730e-02;7.5000000e+00;-1.0543741e-01;7.5000000e+00;-1.5645482e-01;7.5000000e+00;-1.0045651e-01;7.5000000e+00;-1.1575986e-01;7.5000000e+00;-1.1266175e-01;7.5000000e+00;-8.9042880e-02;7.5000000e+00;-4.5119986e-02;7.5000000e+00;2.1683557e-02;7.5000000e+00;1.0837731e-01;7.5000000e+00;1.6925289e-01;7.5000000e+00;1.8757361e-01;7.5000000e+00;1.9028118e-01;7.5000000e+00;1.8553522e-01;7.5000000e+00;1.4263245e-01;7.5000000e+00;9.2606246e-02;7.5000000e+00;4.1328326e-02;7.5000000e+00;-9.5652938e-03;7.5000000e+00;-5.8353730e-02;7.5000000e+00;-1.0543741e-01;7.5000000e+00;-1.5645482e-01;7.5000000e+00;-1.0045651e-01;7.5000000e+00;-1.1575986e-01;7.5000000e+00;-1.1266175e-01;7.5000000e+00;-8.9042880e-02;7.5000000e+00;-4.5119986e-02;7.5000000e+00;2.1683557e-02;7.5000000e+00;1.0837731e-01;7.5000000e+00;1.6925289e-01;7.5000000e+00;1.8757361e-01;7.5000000e+00;1.9028118e-01;7.5000000e+00;1.8553522e-01;7.5000000e+00;1.4263245e-01;7.5000000e+00;9.2606246e-02;7.5000000e+00;4.1328326e-02;7.5000000e+00;-9.5652938e-03;7.5000000e+00;-5.8353730e-02;7.5000000e+00;-1.0543741e-01;7.5000000e+00;-1.5645482e-01;7.5000000e+00;-1.0045651e-01;7.5000000e+00;-1.1575986e-01;7.5000000e+00;-1.1266175e-01;7.5000000e+00;-8.9042880e-02;7.5000000e+00;-4.5119986e-02;7.5000000e+00;2.1683557e-02;7.5000000e+00;1.0837731e-01;7.5000000e+00;1.6925289e-01;7.5000000e+00;1.8757361e-01;7.5000000e+00;1.9028118e-01;7.5000000e+00;1.8553522e-01;7.5000000e+00;1.4263245e-01;7.5000000e+00;9.2606246e-02;7.5000000e+00;4.1328326e-02;7.5000000e+00;-9.5652938e-03;7.5000000e+00;-5.8353730e-02;7.5000000e+00;-1.0543741e-01;7.5000000e+00;-1.5645482e-01;7.5000000e+00;-1.0045651e-01;7.5000000e+00;-1.1575986e-01;7.5000000e+00;-1.1266175e-01;7.5000000e+00;-8.9042880e-02;7.5000000e+00;-4.5119986e-02;7.5000000e+00;2.1683557e-02;7.5000000e+00;1.0837731e-01;7.5000000e+00;1.6925289e-01;7.5000000e+00;1.8757361e-01;7.5000000e+00;1.9028118e-01;7.5000000e+00;1.8553522e-01;7.5000000e+00;1.4263245e-01;7.5000000e+00;9.2606246e-02;7.5000000e+00;4.1328326e-02;7.5000000e+00;-9.5652938e-03;7.5000000e+00;-5.8353730e-02;7.5000000e+00;-1.0543741e-01;7.5000000e+00;-1.5645482e-01;7.5000000e+00;-1.0045651e-01;7.5000000e+00;-1.1575986e-01;7.5000000e+00;-1.1266175e-01;7.5000000e+00;-8.9042880e-02;7.5000000e+00;-4.5119986e-02;7.5000000e+00;2.1683557e-02;7.5000000e+00;1.0837731e-01;7.5000000e+00;1.6925289e-01;7.5000000e+00;1.8757361e-01;7.5000000e+00;1.9028118e-01;7.5000000e+00;1.8553522e-01;7.5000000e+00;1.4263245e-01;7.5000000e+00;9.2606246e-02;7.5000000e+00;4.1328326e-02;7.5000000e+00;-9.5652938e-03;7.5000000e+00;-5.8353730e-02;7.5000000e+00;-1.0543741e-01;7.5000000e+00;-1.5645482e-01;7.5000000e+00;-1.0045651e-01;7.5000000e+00;-1.1575986e-01;7.5000000e+00;-1.1266175e-01;7.5000000e+00;-8.9042880e-02;7.5000000e+00;-4.5119986e-02;7.5000000e+00;2.1683557e-02;7.5000000e+00;1.0837731e-01;7.5000000e+00;1.6925289e-01;7.5000000e+00;1.8757361e-01;7.5000000e+00;1.9028118e-01;7.5000000e+00;1.8553522e-01;7.5000000e+00;1.4263245e-01;7.5000000e+00;9.2606246e-02;7.5000000e+00;4.1328326e-02;7.5000000e+00;-9.5652938e-03;7.5000000e+00;-5.8353730e-02;7.5000000e+00;-1.0543741e-01;7.5000000e+00;-1.5645482e-01;7.5000000e+00;-1.0045651e-01;7.5000000e+00;-1.1575986e-01;7.5000000e+00;-1.1266175e-01;7.5000000e+00;-8.9042880e-02;7.5000000e+00;-4.5119986e-02;7.5000000e+00;2.1683557e-02;7.5000000e+00;1.0837731e-01;7.5000000e+00;1.6925289e-01;7.5000000e+00;1.8757361e-01;7.5000000e+00;1.9028118e-01;7.5000000e+00;1.8553522e-01;7.5000000e+00;1.4263245e-01;7.5000000e+00;9.2606246e-02;7.5000000e+00;4.1328326e-02;7.5000000e+00;-9.5652938e-03;7.5000000e+00;-5.8353730e-02;7.5000000e+00;-1.0543741e-01;7.5000000e+00;-1.5645482e-01;7.5000000e+00;-1.0045651e-01;7.5000000e+00;-1.1575986e-01;7.5000000e+00;-1.1266175e-01;7.5000000e+00;-8.9042880e-02;7.5000000e+00;-4.5119986e-02;7.5000000e+00;2.1683557e-02;7.5000000e+00;1.0837731e-01;7.5000000e+00;1.6925289e-01;7.5000000e+00;1.8757361e-01;7.5000000e+00;1.9028118e-01;7.5000000e+00;1.8553522e-01;7.5000000e+00;1.4263245e-01;7.5000000e+00;9.2606246e-02;7.5000000e+00;4.1328326e-02;7.5000000e+00;-9.5652938e-03;7.5000000e+00;-5.8353730e-02;7.5000000e+00;-1.0543741e-01;7.5000000e+00;-1.5645482e-01;7.5000000e+00;-1.0045651e-01;7.5000000e+00;-1.1575986e-01;7.5000000e+00;-1.1266175e-01;7.5000000e+00;-8.9042880e-02;7.5000000e+00;-4.5119986e-02;7.5000000e+00;2.1683557e-02;7.5000000e+00;1.0837731e-01;7.5000000e+00;1.6925289e-01;7.5000000e+00;1.8757361e-01;7.5000000e+00;1.9028118e-01;7.5000000e+00;1.8553522e-01;7.5000000e+00;1.4263245e-01;7.5000000e+00;9.2606246e-02;7.5000000e+00;4.1328326e-02;7.5000000e+00;-9.5652938e-03;7.5000000e+00;-5.8353730e-02;7.5000000e+00;-1.0543741e-01;7.5000000e+00;-1.5645482e-01;7.5000000e+00;-1.0045651e-01;7.5000000e+00;-1.1575986e-01;7.5000000e+00;-1.1266175e-01;7.5000000e+00;-8.9042880e-02;7.5000000e+00;-4.5119986e-02;7.5000000e+00;2.1683557e-02;7.5000000e+00;1.0837731e-01;7.5000000e+00;1.6925289e-01;7.5000000e+00;1.8757361e-01;7.5000000e+00;1.9028118e-01;7.5000000e+00;1.8553522e-01;7.5000000e+00;1.4263245e-01;7.5000000e+00;9.2606246e-02;7.5000000e+00;4.1328326e-02;7.5000000e+00;-9.5652938e-03;7.5000000e+00;-5.8353730e-02;7.5000000e+00;-1.0543741e-01;7.5000000e+00;-1.5645482e-01
1.2500000e+01;-9.4300233e-02;1.2500000e+01;-1.0435255e-01;1.2500000e+01;-9.6428357e-02;1.2500000e+01;-6.7923114e-02;1.2500000e+01;-1.9683076e-02;1.2500000e+01;5.1454198e-02;1.2500000e+01;1.3314527e-01;1.2500000e+01;1.7976302e-01;1.2500000e+01;1.8307817e-01;1.2500000e+01;1.8012753e-01;1.2500000e+01;1.8370396e-01;1.2500000e+01;1.4720219e-01;1.2500000e+01;1.0123630e-01;1.2500000e+01;5.2338399e-02;1.2500000e+01;4.0939376e-03;1.2500000e+01;-4.6111405e-02;1.2500000e+01;-9.3202822e-02;1.2500000e+01;-1.4109796e-01;1.2500000e+01;-9.4300233e-02;1.2500000e+01;-1.0435255e-01;1.2500000e+01;-9.6428357e-02;1.2500000e+01;-6.7923114e-02;1.2500000e+01;-1.9683076e-02;1.2500000e+01;5.1454198e-02;1.2500000e+01;1.3314527e-01;1.2500000e+01;1.7976302e-01;1.2500000e+01;1.8307817e-01;1.2500000e+01;1.8012753e-01;1.2500000e+01;1.8370396e-01;1.2500000e+01;1.4720219e-01;1.2500000e+01;1.0123630e-01;1.2500000e+01;5.2338399e-02;1.2500000e+01;4.0939376e-03;1.2500000e+01;-4.6111405e-02;1.2500000e+01;-9.3202822e-02;1.2500000e+01;-1.4109796e-01;1.2500000e+01;-9.4300233e-02;1.2500000e+01;-1.0435255e-01;1.2500000e+01;-9.6428357e-02;1.2500000e+01;-6.7923114e-02;1.2500000e+01;-1.9683076e-02;1.2500000e+01;5.1454198e-02;1.2500000e+01;1.3314527e-01;1.2500000e+01;1.7976302e-01;1.2500000e+01;1.8307817e-01;1.2500000e+01;1.8012753e-01;1.2500000e+01;1.8370396e-01;1.2500000e+01;1.4720219e-01;1.2500000e+01;1.0123630e-01;1.2500000e+01;5.2338399e-02;1.2500000e+01;4.0939376e-03;1.2500000e+01;-4.6111405e-02;1.2500000e+01;-9.3202822e-02;1.2500000e+01;-1.4109796e-01;1.2500000e+01;-9.4300233e-02;1.2500000e+01;-1.0435255e-01;1.2500000e+01;-9.6428357e-02;1.2500000e+01;-6.7923114e-02;1.2500000e+01;-1.9683076e-02;1.2500000e+01;5.1454198e-02;1.2500000e+01;1.3314527e-01;1.2500000e+01;1.7976302e-01;1.2500000e+01;1.8307817e-01;1.2500000e+01;1.8012753e-01;1.2500000e+01;1.8370396e-01;1.2500000e+01;1.4720219e-01;1.2500000e+01;1.0123630e-01;1.2500000e+01;5.2338399e-02;1.2500000e+01;4.0939376e-03;1.2500000e+01;-4.6111405e-02;1.2500000e+01;-9.3202822e-02;1.2500000e+01;-1.4109796e-01;1.2500000e+01;-9.4300233e-02;1.2500000e+01;-1.0435255e-01;1.2500000e+01;-9.6428357e-02;1.2500000e+01;-6.7923114e-02;1.2500000e+01;-1.9683076e-02;1.2500000e+01;5.1454198e-02;1.2500000e+01;1.3314527e-01;1.2500000e+01;1.7976302e-01;1.2500000e+01;1.8307817e-01;1.2500000e+01;1.8012753e-01;1.2500000e+01;1.8370396e-01;1.2500000e+01;1.4720219e-01;1.2500000e+01;1.0123630e-01;1.2500000e+01;5.2338399e-02;1.2500000e+01;4.0939376e-03;1.2500000e+01;-4.6111405e-02;1.2500000e+01;-9.3202822e-02;1.2500000e+01;-1.4109796e-01;1.2500000e+01;-9.4300233e-02;1.2500000e+01;-1.0435255e-01;1.2500000e+01;-9.6428357e-02;1.2500000e+01;-6.7923114e-02;1.2500000e+01;-1.9683076e-02;1.2500000e+01;5.1454198e-02;1.2500000e+01;1.3314527e-01;1.2500000e+01;1.7976302e-01;1.2500000e+01;1.8307817e-01;1.2500000e+01;1.8012753e-01;1.2500000e+01;1.8370396e-01;1.2500000e+01;1.4720219e-01;1.2500000e+01;1.0123630e-01;1.2500000e+01;5.2338399e-02;1.2500000e+01;4.0939376e-03;1.2500000e+01;-4.6111405e-02;1.2500000e+01;-9.3202822e-02;1.2500000e+01;-1.4109796e-01;1.2500000e+01;-9.4300233e-02;1.2500000e+01;-1.0435255e-01;1.2500000e+01;-9.6428357e-02;1.2500000e+01;-6.7923114e-02;1.2500000e+01;-1.9683076e-02;1.2500000e+01;5.1454198e-02;1.2500000e+01;1.3314527e-01;1.2500000e+01;1.7976302e-01;1.2500000e+01;1.8307817e-01;1.2500000e+01;1.8012753e-01;1.2500000e+01;1.8370396e-01;1.2500000e+01;1.4720219e-01;1.2500000e+01;1.0123630e-01;1.2500000e+01;5.2338399e-02;1.2500000e+01;4.0939376e-03;1.2500000e+01;-4.6111405e-02;1.2500000e+01;-9.3202822e-02;1.2500000e+01;-1.4109796e-01;1.2500000e+01;-9.4300233e-02;1.2500000e+01;-1.0435255e-01;1.2500000e+01;-9.6428357e-02;1.2500000e+01;-6.7923114e-02;1.2500000e+01;-1.9683076e-02;1.2500000e+01;5.1454198e-02;1.2500000e+01;1.3314527e-01;1.2500000e+01;1.7976302e-01;1.2500000e+01;1.8307817e-01;1.2500000e+01;1.8012753e-01;1.2500000e+01;1.8370396e-01;1.2500000e+01;1.4720219e-01;1.2500000e+01;1.0123630e-01;1.2500000e+01;5.2338399e-02;1.2500000e+01;4.0939376e-03;1.2500000e+01;-4.6111405e-02;1.2500000e+01;-9.3202822e-02;1.2500000e+01;-1.4109796e-01;1.2500000e+01;-9.4300233e-02;1.2500000e+01;-1.0435255e-01;1.2500000e+01;-9.6428357e-02;1.2500000e+01;-6.7923114e-02;1.2500000e+01;-1.9683076e-02;1.2500000e+01;5.1454198e-02;1.2500000e+01;1.3314527e-01;1.2500000e+01;1.7976302e-01;1.2500000e+01;1.8307817e-01;1.2500000e+01;1.8012753e-01;1.2500000e+01;1.8370396e-01;1.2500000e+01;1.4720219e-01;1.2500000e+01;1.0123630e-01;1.2500000e+01;5.2338399e-02;1.2500000e+01;4.0939376e-03;1.2500000e+01;-4.6111405e-02;1.2500000e+01;-9.3202822e-02;1.2500000e+01;-1.4109796e-01;1.2500000e+01;-9.4300233e-02;1.2500000e+01;-1.0435255e-01;1.2500000e+01;-9.6428357e-02;1.2500000e+01;-6.7923114e-02;1.2500000e+01;-1.9683076e-02;1.2500000e+01;5.1454198e-02;1.2500000e+01;1.3314527e-01;1.2500000e+01;1.7976302e-01;1.2500000e+01;1.8307817e-01;1.2500000e+01;1.8012753e-01;1.2500000e+01;1.8370396e-01;1.2500000e+01;1.4720219e-01;1.2500000e+01;1.0123630e-01;1.2500000e+01;5.2338399e-02;1.2500000e+01;4.0939376e-03;1.2500000e+01;-4.6111405e-02;1.2500000e+01;-9.3202822e-02;1.2500000e+01;-1.4109796e-01;1.2500000e+01;-9.4300233e-02;1.2500000e+01;-1.0435255e-01;1.2500000e+01;-9.6428357e-02;1.2500000e+01;-6.7923114e-02;1.2500000e+01;-1.9683076e-02;1.2500000e+01;5.1454198e-02;1.2500000e+01;1.3314527e-01;1.2500000e+01;1.7976302e-01;1.2500000e+01;1.8307817e-01;1.2500000e+01;1.8012753e-01;1.2500000e+01;1.8370396e-01;1.2500000e+01;1.4720219e-01;1.2500000e+01;1.0123630e-01;1.2500000e+01;5.2338399e-02;1.2500000e+01;4.0939376e-03;1.2500000e+01;-4.6111405e-02;1.2500000e+01;-9.3202822e-02;1.2500000e+01;-1.4109796e-01;1.2500000e+01;-9.4300233e-02;1.2500000e+01;-1.0435255e-01;1.2500000e+01;-9.6428357e-02;1.2500000e+01;-6.7923114e-02;1.2500000e+01;-1.9683076e-02;1.2500000e+01;5.1454198e-02;1.2500000e+01;1.3314527e-01;1.2500000e+01;1.7976302e-01;1.2500000e+01;1.8307817e-01;1.2500000e+01;1.8012753e-01;1.2500000e+01;1.8370396e-01;1.2500000e+01;1.4720219e-01;1.2500000e+01;1.0123630e-01;1.2500000e+01;5.2338399e-02;1.2500000e+01;4.0939376e-03;1.2500000e+01;-4.6111405e-02;1.2500000e+01;-9.3202822e-02;1.2500000e+01;-1.4109796e-01;1.2500000e+01;-9.4300233e-02;1.2500000e+01;-1.0435255e-01;1.2500000e+01;-9.6428357e-02;1.2500000e+01;-6.7923114e-02;1.2500000e+01;-1.9683076e-02;1.2500000e+01;5.1454198e-02;1.2500000e+01;1.3314527e-01;1.2500000e+01;1.7976302e-01;1.2500000e+01;1.8307817e-01;1.2500000e+01;1.8012753e-01;1.2500000e+01;1.8370396e-01;1.2500000e+01;1.4720219e-01;1.2500000e+01;1.0123630e-01;1.2500000e+01;5.2338399e-02;1.2500000e+01;4.0939376e-03;1.2500000e+01;-4.6111405e-02;1.2500000e+01;-9.3202822e-02;1.2500000e+01;-1.4109796e-01;1.2500000e+01;-9.4300233e-02;1.2500000e+01;-1.0435255e-01;1.2500000e+01;-9.6428357e-02;1.2500000e+01;-6.7923114e-02;1.2500000e+01;-1.9683076e-02;1.2500000e+01;5.1454198e-02;1.2500000e+01;1.3314527e-01;1.2500000e+01;1.7976302e-01;1.2500000e+01;1.8307817e-01;1.2500000e+01;1.8012753e-01;1.2500000e+01;1.8370396e-01;1.2500000e+01;1.4720219e-01;1.2500000e+01;1.0123630e-01;1.2500000e+01;5.2338399e-02;1.2500000e+01;4.0939376e-03;1.2500000e+01;-4.6111405e-02;1.2500000e+01;-9.3202822e-02;1.2500000e+01;-1.4109796e-01;1.2500000e+01;-9.4300233e-02;1.2500000e+01;-1.0435255e-01;1.2500000e+01;-9.6428357e-02;1.2500000e+01;-6.7923114e-02;1.2500000e+01;-1.9683076e-02;1.2500000e+01;5.1454198e-02;1.2500000e+01;1.3314527e-01;1.2500000e+01;1.7976302e-01;1.2500000e+01;1.8307817e-01;1.2500000e+01;1.8012753e-01;1.2500000e+01;1.8370396e-01;1.2500000e+01;1.4720219e-01;1.2500000e+01;1.0123630e-01;1.2500000e+01;5.2338399e-02;1.2500000e+01;4.0939376e-03;1.2500000e+01;-4.6111405e-02;1.2500000e+01;-9.3202822e-02;1.2500000e+01;-1.4109796e-01;1.2500000e+01;-9.4300233e-02;1.2500000e+01;-1.0435255e-01;1.2500000e+01;-9.6428357e-02;1.2500000e+01;-6.7923114e-02;1.2500000e+01;-1.9683076e-02;1.2500000e+01;5.1454198e-02;1.2500000e+01;1.3314527e-01;1.2500000e+01;1.7976302e-01;1.2500000e+01;1.8307817e-01;1.2500000e+01;1.8012753e-01;1.2500000e+01;1.8370396e-01;1.2500000e+01;1.4720219e-01;1.2500000e+01;1.0123630e-01;1.2500000e+01;5.2338399e-02;1.2500000e+01;4.0939376e-03;1.2500000e+01;-4.6111405e-02;1.2500000e+01;-9.3202822e-02;1.2500000e+01;-1.4109796e-01;1.2500000e+01;-9.4300233e-02;1.2500000e+01;-1.0435255e-01;1.2500000e+01;-9.6428357e-02;1.2500000e+01;-6.7923114e-02;1.2500000e+01;-1.9683076e-02;1.2500000e+01;5.1454198e-02;1.2500000e+01;1.3314527e-01;1.2500000e+01;1.7976302e-01;1.2500000e+01;1.8307817e-01;1.2500000e+01;1.8012753e-01;1.2500000e+01;1.8370396e-01;1.2500000e+01;1.4720219e-01;1.2500000e+01;1.0123630e-01;1.2500000e+01;5.2338399e-02;1.2500000e+01;4.0939376e-03;1.2500000e+01;-4.6111405e-02;1.2500000e+01;-9.3202822e-02;1.2500000e+01;-1.4109796e-01;1.2500000e+01;-9.4300233e-02;1.2500000e+01;-1.0435255e-01;1.2500000e+01;-9.6428357e-02;1.2500000e+01;-6.7923114e-02;1.2500000e+01;-1.9683076e-02;1.2500000e+01;5.1454198e-02;1.2500000e+01;1.3314527e-01;1.2500000e+01;1.7976302e-01;1.2500000e+01;1.8307817e-01;1.2500000e+01;1.8012753e-01;1.2500000e+01;1.8370396e-01;1.2500000e+01;1.4720219e-01;1.2500000e+01;1.0123630e-01;1.2500000e+01;5.2338399e-02;1.2500000e+01;4.0939376e-03;1.2500000e+01;-4.6111405e-02;1.2500000e+01;-9.3202822e-02;1.2500000e+01;-1.4109796e-01;1.2500000e+01;-9.4300233e-02;1.2500000e+01;-1.0435255e-01;1.2500000e+01;-9.6428357e-02;1.2500000e+01;-6.7923114e-02;1.2500000e+01;-1.9683076e-02;1.2500000e+01;5.1454198e-02;1.2500000e+01;1.3314527e-01;1.2500000e+01;1.7976302e-01;1.2500000e+01;1.8307817e-01;1.2500000e+01;1.8012753e-01;1.2500000e+01;1.8370396e-01;1.2500000e+01;1.4720219e-01;1.2500000e+01;1.0123630e-01;1.2500000e+01;5.2338399e-02;1.2500000e+01;4.0939376e-03;1.2500000e+01;-4.6111405e-02;1.2500000e+01;-9.3202822e-02;1.2500000e+01;-1.4109796e-01;1.2500000e+01;-9.4300233e-02;1.2500000e+01;-1.0435255e-01;1.2500000e+01;-9.6428357e-02;1.2500000e+01;-6.7923114e-02;1.2500000e+01;-1.9683076e-02;1.2500000e+01;5.1454198e-02;1.2500000e+01;1.3314527e-01;1.2500000e+01;1.7976302e-01;1.2500000e+01;1.8307817e-01;1.2500000e+01;1.8012753e-01;1.2500000e+01;1.8370396e-01;1.2500000e+01;1.4720219e-01;1.2500000e+01;1.0123630e-01;1.2500000e+01;5.2338399e-02;1.2500000e+01;4.0939376e-03;1.2500000e+01;-4.6111405e-02;1.2500000e+01;-9.3202822e-02;1.2500000e+01;-1.4109796e-01;1.2500000e+01;-9.4300233e-02;1.2500000e+01;-1.0435255e-01;1.2500000e+01;-9.6428357e-02;1.2500000e+01;-6.7923114e-02;1.2500000e+01;-1.9683076e-02;1.2500000e+01;5.1454198e-02;1.2500000e+01;1.3314527e-01;1.2500000e+01;1.7976302e-01;1.2500000e+01;1.8307817e-01;1.2500000e+01;1.8012753e-01;1.2500000e+01;1.8370396e-01;1.2500000e+01;1.4720219e-01;1.2500000e+01;1.0123630e-01;1.2500000e+01;5.2338399e-02;1.2500000e+01;4.0939376e-03;1.2500000e+01;-4.6111405e-02;1.2500000e+01;-9.3202822e-02;1.2500000e+01;-1.4109796e-01;1.2500000e+01;-9.4300233e-02;1.2500000e+01;-1.0435255e-01;1.2500000e+01;-9.6428357e-02;1.2500000e+01;-6.7923114e-02;1.2500000e+01;-1.9683076e-02;1.2500000e+01;5.1454198e-02;1.2500000e+01;1.3314527e-01;1.2500000e+01;1.7976302e-01;1.2500000e+01;1.8307817e-01;1.2500000e+01;1.8012753e-01;1.2500000e+01;1.8370396e-01;1.2500000e+01;1.4720219e-01;1.2500000e+01;1.0123630e-01;1.2500000e+01;5.2338399e-02;1.2500000e+01;4.0939376e-03;1.2500000e+01;-4.6111405e-02;1.2500000e+01;-9.3202822e-02;1.2500000e+01;-1.4109796e-01;1.2500000e+01;-9.4300233e-02;1.2500000e+01;-1.0435255e-01;1.2500000e+01;-9.6428357e-02;1.2500000e+01;-6.7923114e-02;1.2500000e+01;-1.9683076e-02;1.2500000e+01;5.1454198e-02;1.2500000e+01;1.3314527e-01;1.2500000e+01;1.7976302e-01;1.2500000e+01;1.8307817e-01;1.2500000e+01;1.8012753e-01;1.2500000e+01;1.8370396e-01;1.2500000e+01;1.4720219e-01;1.2500000e+01;1.0123630e-01;1.2500000e+01;5.2338399e-02;1.2500000e+01;4.0939376e-03;1.2500000e+01;-4.6111405e-02;1.2500000e+01;-9.3202822e-02;1.2500000e+01;-1.4109796e-01;1.2500000e+01;-9.4300233e-02;1.2500000e+01;-1.0435255e-01;1.2500000e+01;-9.6428357e-02;1.2500000e+01;-6.7923114e-02;1.2500000e+01;-1.9683076e-02;1.2500000e+01;5.1454198e-02;1.2500000e+01;1.3314527e-01;1.2500000e+01;1.7976302e-01;1.2500000e+01;1.8307817e-01;1.2500000e+01;1.8012753e-01;1.2500000e+01;1.8370396e-01;1.2500000e+01;1.4720219e-01;1.2500000e+01;1.0123630e-01;1.2500000e+01;5.2338399e-02;1.2500000e+01;4.0939376e-03;1.2500000e+01;-4.6111405e-02;1.2500000e+01;-9.3202822e-02;1.2500000e+01;-1.4109796e-01;1.2500000e+01;-9.4300233e-02;1.2500000e+01;-1.0435255e-01;1.2500000e+01;-9.6428357e-02;1.2500000e+01;-6.7923114e-02;1.2500000e+01;-1.9683076e-02;1.2500000e+01;5.1454198e-02;1.2500000e+01;1.3314527e-01;1.2500000e+01;1.7976302e-01;1.2500000e+01;1.8307817e-01;1.2500000e+01;1.8012753e-01;1.2500000e+01;1.8370396e-01;1.2500000e+01;1.4720219e-01;1.2500000e+01;1.0123630e-01;1.2500000e+01;5.2338399e-02;1.2500000e+01;4.0939376e-03;1.2500000e+01;-4.6111405e-02;1.2500000e+01;-9.3202822e-02;1.2500000e+01;-1.4109796e-01;1.2500000e+01;-9.4300233e-02;1.2500000e+01;-1.0435255e-01;1.2500000e+01;-9.6428357e-02;1.2500000e+01;-6.7923114e-02;1.2500000e+01;-1.9683076e-02;1.2500000e+01;5.1454198e-02;1.2500000e+01;1.3314527e-01;1.2500000e+01;1.7976302e-01;1.2500000e+01;1.8307817e-01;1.2500000e+01;1.8012753e-01;1.2500000e+01;1.8370396e-01;1.2500000e+01;1.4720219e-01;1.2500000e+01;1.0123630e-01;1.2500000e+01;5.2338399e-02;1.2500000e+01;4.0939376e-03;1.2500000e+01;-4.6111405e-02;1.2500000e+01;-9.3202822e-02;1.2500000e+01;-1.4109796e-01;1.2500000e+01;-9.4300233e-02;1.2500000e+01;-1.0435255e-01;1.2500000e+01;-9.6428357e-02;1.2500000e+01;-6.7923114e-02;1.2500000e+01;-1.9683076e-02;1.2500000e+01;5.1454198e-02;1.2500000e+01;1.3314527e-01;1.2500000e+01;1.7976302e-01;1.2500000e+01;1.8307817e-01;1.2500000e+01;1.8012753e-01;1.2500000e+01;1.8370396e-01;1.2500000e+01;1.4720219e-01;1.2500000e+01;1.0123630e-01;1.2500000e+01;5.2338399e-02;1.2500000e+01;4.0939376e-03;1.2500000e+01;-4.6111405e-02;1.2500000e+01;-9.3202822e-02;1.2500000e+01;-1.4109796e-01;1.2500000e+01;-9.4300233e-02;1.2500000e+01;-1.0435255e-01;1.2500000e+01;-9.6428357e-02;1.2500000e+01;-6.7923114e-02;1.2500000e+01;-1.9683076e-02;1.2500000e+01;5.1454198e-02;1.2500000e+01;1.3314527e-01;1.2500000e+01;1.7976302e-01;1.2500000e+01;1.8307817e-01;1.2500000e+01;1.8012753e-01;1.2500000e+01;1.8370396e-01;1.2500000e+01;1.4720219e-01;1.2500000e+01;1.0123630e-01;1.2500000e+01;5.2338399e-02;1.2500000e+01;4.0939376e-03;1.2500000e+01;-4.6111405e-02;1.2500000e+01;-9.3202822e-02;1.2500000e+01;-1.4109796e-01;1.2500000e+01;-9.4300233e-02;1.2500000e+01;-1.0435255e-01;1.2500000e+01;-9.6428357e-02;1.2500000e+01;-6.7923114e-02;1.2500000e+01;-1.9683076e-02;1.2500000e+01;5.1454198e-02;1.2500000e+01;1.3314527e-01;1.2500000e+01;1.7976302e-01;1.2500000e+01;1.8307817e-01;1.2500000e+01;1.8012753e-01;1.2500000e+01;1.8370396e-01;1.2500000e+01;1.4720219e-01;1.2500000e+01;1.0123630e-01;1.2500000e+01;5.2338399e-02;1.2500000e+01;4.0939376e-03;1.2500000e+01;-4.6111405e-02;1.2500000e+01;-9.3202822e-02;1.2500000e+01;-1.4109796e-01;1.2500000e+01;-9.4300233e-02;1.2500000e+01;-1.0435255e-01;1.2500000e+01;-9.6428357e-02;1.2500000e+01;-6.7923114e-02;1.2500000e+01;-1.9683076e-02;1.2500000e+01;5.1454198e-02;1.2500000e+01;1.3314527e-01;1.2500000e+01;1.7976302e-01;1.2500000e+01;1.8307817e-01;1.2500000e+01;1.8012753e-01;1.2500000e+01;1.8370396e-01;1.2500000e+01;1.4720219e-01;1.2500000e+01;1.0123630e-01;1.2500000e+01;5.2338399e-02;1.2500000e+01;4.0939376e-03;1.2500000e+01;-4.6111405e-02;1.2500000e+01;-9.3202822e-02;1.2500000e+01;-1.4109796e-01;1.2500000e+01;-9.4300233e-02;1.2500000e+01;-1.0435255e-01;1.2500000e+01;-9.6428357e-02;1.2500000e+01;-6.7923114e-02;1.2500000e+01;-1.9683076e-02;1.2500000e+01;5.1454198e-02;1.2500000e+01;1.3314527e-01;1.2500000e+01;1.7976302e-01;1.2500000e+01;1.8307817e-01;1.2500000e+01;1.8012753e-01;1.2500000e+01;1.8370396e-01;1.2500000e+01;1.4720219e-01;1.2500000e+01;1.0123630e-01;1.2500000e+01;5.2338399e-02;1.2500000e+01;4.0939376e-03;1.2500000e+01;-4.6111405e-02;1.2500000e+01;-9.3202822e-02;1.2500000e+01;-1.4109796e-01;1.2500000e+01;-9.4300233e-02;1.2500000e+01;-1.0435255e-01;1.2500000e+01;-9.6428357e-02;1.2500000e+01;-6.7923114e-02;1.2500000e+01;-1.9683076e-02;1.2500000e+01;5.1454198e-02;1.2500000e+01;1.3314527e-01;1.2500000e+01;1.7976302e-01;1.2500000e+01;1.8307817e-01;1.2500000e+01;1.8012753e-01;1.2500000e+01;1.8370396e-01;1.2500000e+01;1.4720219e-01;1.2500000e+01;1.0123630e-01;1.2500000e+01;5.2338399e-02;1.2500000e+01;4.0939376e-03;1.2500000e+01;-4.6111405e-02;1.2500000e+01;-9.3202822e-02;1.2500000e+01;-1.4109796e-01;1.2500000e+01;-9.4300233e-02;1.2500000e+01;-1.0435255e-01;1.2500000e+01;-9.6428357e-02;1.2500000e+01;-6.7923114e-02;1.2500000e+01;-1.9683076e-02;1.2500000e+01;5.1454198e-02;1.2500000e+01;1.3314527e-01;1.2500000e+01;1.7976302e-01;1.2500000e+01;1.8307817e-01;1.2500000e+01;1.8012753e-01;1.2500000e+01;1.8370396e-01;1.2500000e+01;1.4720219e-01;1.2500000e+01;1.0123630e-01;1.2500000e+01;5.2338399e-02;1.2500000e+01;4.0939376e-03;1.2500000e+01;-4.6111405e-02;1.2500000e+01;-9.3202822e-02;1.2500000e+01;-1.4109796e-01;1.2500000e+01;-9.4300233e-02;1.2500000e+01;-1.0435255e-01;1.2500000e+01;-9.6428357e-02;1.2500000e+01;-6.7923114e-02;1.2500000e+01;-1.9683076e-02;1.2500000e+01;5.1454198e-02;1.2500000e+01;1.3314527e-01;1.2500000e+01;1.7976302e-01;1.2500000e+01;1.8307817e-01;1.2500000e+01;1.8012753e-01;1.2500000e+01;1.8370396e-01;1.2500000e+01;1.4720219e-01;1.2500000e+01;1.0123630e-01;1.2500000e+01;5.2338399e-02;1.2500000e+01;4.0939376e-03;1.2500000e+01;-4.6111405e-02;1.2500000e+01;-9.3202822e-02;1.2500000e+01;-1.4109796e-01;1.2500000e+01;-9.4300233e-02;1.2500000e+01;-1.0435255e-01;1.2500000e+01;-9.6428357e-02;1.2500000e+01;-6.7923114e-02;1.2500000e+01;-1.9683076e-02;1.2500000e+01;5.1454198e-02;1.2500000e+01;1.3314527e-01;1.2500000e+01;1.7976302e-01;1.2500000e+01;1.8307817e-01;1.2500000e+01;1.8012753e-01;1.2500000e+01;1.8370396e-01;1.2500000e+01;1.4720219e-01;1.2500000e+01;1.0123630e-01;1.2500000e+01;5.2338399e-02;1.2500000e+01;4.0939376e-03;1.2500000e+01;-4.6111405e-02;1.2500000e+01;-9.3202822e-02;1.2500000e+01;-1.4109796e-01;1.2500000e+01;-9.4300233e-02;1.2500000e+01;-1.0435255e-01;1.2500000e+01;-9.6428357e-02;1.2500000e+01;-6.7923114e-02;1.2500000e+01;-1.9683076e-02;1.2500000e+01;5.1454198e-02;1.2500000e+01;1.3314527e-01;1.2500000e+01;1.7976302e-01;1.2500000e+01;1.8307817e-01;1.2500000e+01;1.8012753e-01;1.2500000e+01;1.8370396e-01;1.2500000e+01;1.4720219e-01;1.2500000e+01;1.0123630e-01;1.2500000e+01;5.2338399e-02;1.2500000e+01;4.0939376e-03;1.2500000e+01;-4.6111405e-02;1.2500000e+01;-9.3202822e-02;1.2500000e+01;-1.4109796e-01;1.2500000e+01;-9.4300233e-02;1.2500000e+01;-1.0435255e-01;1.2500000e+01;-9.6428357e-02;1.2500000e+01;-6.7923114e-02;1.2500000e+01;-1.9683076e-02;1.2500000e+01;5.1454198e-02;1.2500000e+01;1.3314527e-01;1.2500000e+01;1.7976302e-01;1.2500000e+01;1.8307817e-01;1.2500000e+01;1.8012753e-01;1.2500000e+01;1.8370396e-01;1.2500000e+01;1.4720219e-01;1.2500000e+01;1.0123630e-01;1.2500000e+01;5.2338399e-02;1.2500000e+01;4.0939376e-03;1.2500000e+01;-4.6111405e-02;1.2500000e+01;-9.3202822e-02;1.2500000e+01;-1.4109796e-01;1.2500000e+01;-9.4300233e-02;1.2500000e+01;-1.0435255e-01;1.2500000e+01;-9.6428357e-02;1.2500000e+01;-6.7923114e-02;1.2500000e+01;-1.9683076e-02;1.2500000e+01;5.1454198e-02;1.2500000e+01;1.3314527e-01;1.2500000e+01;1.7976302e-01;1.2500000e+01;1.8307817e-01;1.2500000e+01;1.8012753e-01;1.2500000e+01;1.8370396e-01;1.2500000e+01;1.4720219e-01;1.2500000e+01;1.0123630e-01;1.2500000e+01;5.2338399e-02;1.2500000e+01;4.0939376e-03;1.2500000e+01;-4.6111405e-02;1.2500000e+01;-9.3202822e-02;1.2500000e+01;-1.4109796e-01;1.2500000e+01;-9.4300233e-02;1.2500000e+01;-1.0435255e-01;1.2500000e+01;-9.6428357e-02;1.2500000e+01;-6.7923114e-02;1.2500000e+01;-1.9683076e-02;1.2500000e+01;5.1454198e-02;1.2500000e+01;1.3314527e-01;1.2500000e+01;1.7976302e-01;1.2500000e+01;1.8307817e-01;1.2500000e+01;1.8012753e-01;1.2500000e+01;1.8370396e-01;1.2500000e+01;1.4720219e-01;1.2500000e+01;1.0123630e-01;1.2500000e+01;5.2338399e-02;1.2500000e+01;4.0939376e-03;1.2500000e+01;-4.6111405e-02;1.2500000e+01;-9.3202822e-02;1.2500000e+01;-1.4109796e-01;1.2500000e+01;-9.4300233e-02;1.2500000e+01;-1.0435255e-01;1.2500000e+01;-9.6428357e-02;1.2500000e+01;-6.7923114e-02;1.2500000e+01;-1.9683076e-02;1.2500000e+01;5.1454198e-02;1.2500000e+01;1.3314527e-01;1.2500000e+01;1.7976302e-01;1.2500000e+01;1.8307817e-01;1.2500000e+01;1.8012753e-01;1.2500000e+01;1.8370396e-01;1.2500000e+01;1.4720219e-01;1.2500000e+01;1.0123630e-01;1.2500000e+01;5.2338399e-02;1.2500000e+01;4.0939376e-03;1.2500000e+01;-4.6111405e-02;1.2500000e+01;-9.3202822e-02;1.2500000e+01;-1.4109796e-01;1.2500000e+01;-9.4300233e-02;1.2500000e+01;-1.0435255e-01;1.2500000e+01;-9.6428357e-02;1.2500000e+01;-6.7923114e-02;1.2500000e+01;-1.9683076e-02;1.2500000e+01;5.1454198e-02;1.2500000e+01;1.3314527e-01;1.2500000e+01;1.7976302e-01;1.2500000e+01;1.8307817e-01;1.2500000e+01;1.8012753e-01;1.2500000e+01;1.8370396e-01;1.2500000e+01;1.4720219e-01;1.2500000e+01;1.0123630e-01;1.2500000e+01;5.2338399e-02;1.2500000e+01;4.0939376e-03;1.2500000e+01;-4.6111405e-02;1.2500000e+01;-9.3202822e-02;1.2500000e+01;-1.4109796e-01;1.2500000e+01;-9.4300233e-02;1.2500000e+01;-1.0435255e-01;1.2500000e+01;-9.6428357e-02;1.2500000e+01;-6.7923114e-02;1.2500000e+01;-1.9683076e-02;1.2500000e+01;5.1454198e-02;1.2500000e+01;1.3314527e-01;1.2500000e+01;1.7976302e-01;1.2500000e+01;1.8307817e-01;1.2500000e+01;1.8012753e-01;1.2500000e+01;1.8370396e-01;1.2500000e+01;1.4720219e-01;1.2500000e+01;1.0123630e-01;1.2500000e+01;5.2338399e-02;1.2500000e+01;4.0939376e-03;1.2500000e+01;-4.6111405e-02;1.2500000e+01;-9.3202822e-02;1.2500000e+01;-1.4109796e-01;1.2500000e+01;-9.4300233e-02;1.2500000e+01;-1.0435255e-01;1.2500000e+01;-9.6428357e-02;1.2500000e+01;-6.7923114e-02;1.2500000e+01;-1.9683076e-02;1.2500000e+01;5.1454198e-02;1.2500000e+01;1.3314527e-01;1.2500000e+01;1.7976302e-01;1.2500000e+01;1.8307817e-01;1.2500000e+01;1.8012753e-01;1.2500000e+01;1.8370396e-01;1.2500000e+01;1.4720219e-01;1.2500000e+01;1.0123630e-01;1.2500000e+01;5.2338399e-02;1.2500000e+01;4.0939376e-03;1.2500000e+01;-4.6111405e-02;1.2500000e+01;-9.3202822e-02;1.2500000e+01;-1.4109796e-01;1.2500000e+01;-9.4300233e-02;1.2500000e+01;-1.0435255e-01;1.2500000e+01;-9.6428357e-02;1.2500000e+01;-6.7923114e-02;1.2500000e+01;-1.9683076e-02;1.2500000e+01;5.1454198e-02;1.2500000e+01;1.3314527e-01;1.2500000e+01;1.7976302e-01;1.2500000e+01;1.8307817e-01;1.2500000e+01;1.8012753e-01;1.2500000e+01;1.8370396e-01;1.2500000e+01;1.4720219e-01;1.2500000e+01;1.0123630e-01;1.2500000e+01;5.2338399e-02;1.2500000e+01;4.0939376e-03;1.2500000e+01;-4.6111405e-02;1.2500000e+01;-9.3202822e-02;1.2500000e+01;-1.4109796e-01;1.2500000e+01;-9.4300233e-02;1.2500000e+01;-1.0435255e-01;1.2500000e+01;-9.6428357e-02;1.2500000e+01;-6.7923114e-02;1.2500000e+01;-1.9683076e-02;1.2500000e+01;5.1454198e-02;1.2500000e+01;1.3314527e-01;1.2500000e+01;1.7976302e-01;1.2500000e+01;1.8307817e-01;1.2500000e+01;1.8012753e-01;1.2500000e+01;1.8370396e-01;1.2500000e+01;1.4720219e-01;1.2500000e+01;1.0123630e-01;1.2500000e+01;5.2338399e-02;1.2500000e+01;4.0939376e-03;1.2500000e+01;-4.6111405e-02;1.2500000e+01;-9.3202822e-02;1.2500000e+01;-1.4109796e-01;1.2500000e+01;-9.4300233e-02;1.2500000e+01;-1.0435255e-01;1.2500000e+01;-9.6428357e-02;1.2500000e+01;-6.7923114e-02;1.2500000e+01;-1.9683076e-02;1.2500000e+01;5.1454198e-02;1.2500000e+01;1.3314527e-01;1.2500000e+01;1.7976302e-01;1.2500000e+01;1.8307817e-01;1.2500000e+01;1.8012753e-01;1.2500000e+01;1.8370396e-01;1.2500000e+01;1.4720219e-01;1.2500000e+01;1.0123630e-01;1.2500000e+01;5.2338399e-02;1.2500000e+01;4.0939376e-03;1.2500000e+01;-4.6111405e-02;1.2500000e+01;-9.3202822e-02;1.2500000e+01;-1.4109796e-01;1.2500000e+01;-9.4300233e-02;1.2500000e+01;-1.0435255e-01;1.2500000e+01;-9.6428357e-02;1.2500000e+01;-6.7923114e-02;1.2500000e+01;-1.9683076e-02;1.2500000e+01;5.1454198e-02;1.2500000e+01;1.3314527e-01;1.2500000e+01;1.7976302e-01;1.2500000e+01;1.8307817e-01;1.2500000e+01;1.8012753e-01;1.2500000e+01;1.8370396e-01;1.2500000e+01;1.4720219e-01;1.2500000e+01;1.0123630e-01;1.2500000e+01;5.2338399e-02;1.2500000e+01;4.0939376e-03;1.2500000e+01;-4.6111405e-02;1.2500000e+01;-9.3202822e-02;1.2500000e+01;-1.4109796e-01;1.2500000e+01;-9.4300233e-02;1.2500000e+01;-1.0435255e-01;1.2500000e+01;-9.6428357e-02;1.2500000e+01;-6.7923114e-02;1.2500000e+01;-1.9683076e-02;1.2500000e+01;5.1454198e-02;1.2500000e+01;1.3314527e-01;1.2500000e+01;1.7976302e-01;1.2500000e+01;1.8307817e-01;1.2500000e+01;1.8012753e-01;1.2500000e+01;1.8370396e-01;1.2500000e+01;1.4720219e-01;1.2500000e+01;1.0123630e-01;1.2500000e+01;5.2338399e-02;1.2500000e+01;4.0939376e-03;1.2500000e+01;-4.6111405e-02;1.2500000e+01;-9.3202822e-02;1.2500000e+01;-1.4109796e-01;1.2500000e+01;-9.4300233e-02;1.2500000e+01;-1.0435255e-01;1.2500000e+01;-9.6428357e-02;1.2500000e+01;-6.7923114e-02;1.2500000e+01;-1.9683076e-02;1.2500000e+01;5.1454198e-02;1.2500000e+01;1.3314527e-01;1.2500000e+01;1.7976302e-01;1.2500000e+01;1.8307817e-01;1.2500000e+01;1.8012753e-01;1.2500000e+01;1.8370396e-01;1.2500000e+01;1.4720219e-01;1.2500000e+01;1.0123630e-01;1.2500000e+01;5.2338399e-02;1.2500000e+01;4.0939376e-03;1.2500000e+01;-4.6111405e-02;1.2500000e+01;-9.3202822e-02;1.2500000e+01;-1.4109796e-01;1.2500000e+01;-9.4300233e-02;1.2500000e+01;-1.0435255e-01;1.2500000e+01;-9.6428357e-02;1.2500000e+01;-6.7923114e-02;1.2500000e+01;-1.9683076e-02;1.2500000e+01;5.1454198e-02;1.2500000e+01;1.3314527e-01;1.2500000e+01;1.7976302e-01;1.2500000e+01;1.8307817e-01;1.2500000e+01;1.8012753e-01;1.2500000e+01;1.8370396e-01;1.2500000e+01;1.4720219e-01;1.2500000e+01;1.0123630e-01;1.2500000e+01;5.2338399e-02;1.2500000e+01;4.0939376e-03;1.2500000e+01;-4.6111405e-02;1.2500000e+01;-9.3202822e-02;1.2500000e+01;-1.4109796e-01;1.2500000e+01;-9.4300233e-02;1.2500000e+01;-1.0435255e-01;1.2500000e+01;-9.6428357e-02;1.2500000e+01;-6.7923114e-02;1.2500000e+01;-1.9683076e-02;1.2500000e+01;5.1454198e-02;1.2500000e+01;1.3314527e-01;1.2500000e+01;1.7976302e-01;1.2500000e+01;1.8307817e-01;1.2500000e+01;1.8012753e-01;1.2500000e+01;1.8370396e-01;1.2500000e+01;1.4720219e-01;1.2500000e+01;1.0123630e-01;1.2500000e+01;5.2338399e-02;1.2500000e+01;4.0939376e-03;1.2500000e+01;-4.6111405e-02;1.2500000e+01;-9.3202822e-02;1.2500000e+01;-1.4109796e-01;1.2500000e+01;-9.4300233e-02;1.2500000e+01;-1.0435255e-01;1.2500000e+01;-9.6428357e-02;1.2500000e+01;-6.7923114e-02;1.2500000e+01;-1.9683076e-02;1.2500000e+01;5.1454198e-02;1.2500000e+01;1.3314527e-01;1.2500000e+01;1.7976302e-01;1.2500000e+01;1.8307817e-01;1.2500000e+01;1.8012753e-01;1.2500000e+01;1.8370396e-01;1.2500000e+01;1.4720219e-01;1.2500000e+01;1.0123630e-01;1.2500000e+01;5.2338399e-02;1.2500000e+01;4.0939376e-03;1.2500000e+01;-4.6111405e-02;1.2500000e+01;-9.3202822e-02;1.2500000e+01;-1.4109796e-01;1.2500000e+01;-9.4300233e-02;1.2500000e+01;-1.0435255e-01;1.2500000e+01;-9.6428357e-02;1.2500000e+01;-6.7923114e-02;1.2500000e+01;-1.9683076e-02;1.2500000e+01;5.1454198e-02;1.2500000e+01;1.3314527e-01;1.2500000e+01;1.7976302e-01;1.2500000e+01;1.8307817e-01;1.2500000e+01;1.8012753e-01;1.2500000e+01;1.8370396e-01;1.2500000e+01;1.4720219e-01;1.2500000e+01;1.0123630e-01;1.2500000e+01;5.2338399e-02;1.2500000e+01;4.0939376e-03;1.2500000e+01;-4.6111405e-02;1.2500000e+01;-9.3202822e-02;1.2500000e+01;-1.4109796e-01;1.2500000e+01;-9.4300233e-02;1.2500000e+01;-1.0435255e-01;1.2500000e+01;-9.6428357e-02;1.2500000e+01;-6.7923114e-02;1.2500000e+01;-1.9683076e-02;1.2500000e+01;5.1454198e-02;1.2500000e+01;1.3314527e-01;1.2500000e+01;1.7976302e-01;1.2500000e+01;1.8307817e-01;1.2500000e+01;1.8012753e-01;1.2500000e+01;1.8370396e-01;1.2500000e+01;1.4720219e-01;1.2500000e+01;1.0123630e-01;1.2500000e+01;5.2338399e-02;1.2500000e+01;4.0939376e-03;1.2500000e+01;-4.6111405e-02;1.2500000e+01;-9.3202822e-02;1.2500000e+01;-1.4109796e-01;1.2500000e+01;-9.4300233e-02;1.2500000e+01;-1.0435255e-01;1.2500000e+01;-9.6428357e-02;1.2500000e+01;-6.7923114e-02;1.2500000e+01;-1.9683076e-02;1.2500000e+01;5.1454198e-02;1.2500000e+01;1.3314527e-01;1.2500000e+01;1.7976302e-01;1.2500000e+01;1.8307817e-01;1.2500000e+01;1.8012753e-01;1.2500000e+01;1.8370396e-01;1.2500000e+01;1.4720219e-01;1.2500000e+01;1.0123630e-01;1.2500000e+01;5.2338399e-02;1.2500000e+01;4.0939376e-03;1.2500000e+01;-4.6111405e-02;1.2500000e+01;-9.3202822e-02;1.2500000e+01;-1.4109796e-01;1.2500000e+01;-9.4300233e-02;1.2500000e+01;-1.0435255e-01;1.2500000e+01;-9.6428357e-02;1.2500000e+01;-6.7923114e-02;1.2500000e+01;-1.9683076e-02;1.2500000e+01;5.1454198e-02;1.2500000e+01;1.3314527e-01;1.2500000e+01;1.7976302e-01;1.2500000e+01;1.8307817e-01;1.2500000e+01;1.8012753e-01;1.2500000e+01;1.8370396e-01;1.2500000e+01;1.4720219e-01;1.2500000e+01;1.0123630e-01;1.2500000e+01;5.2338399e-02;1.2500000e+01;4.0939376e-03;1.2500000e+01;-4.6111405e-02;1.2500000e+01;-9.3202822e-02;1.2500000e+01;-1.4109796e-01;1.2500000e+01;-9.4300233e-02;1.2500000e+01;-1.0435255e-01;1.2500000e+01;-9.6428357e-02;1.2500000e+01;-6.7923114e-02;1.2500000e+01;-1.9683076e-02;1.2500000e+01;5.1454198e-02;1.2500000e+01;1.3314527e-01;1.2500000e+01;1.7976302e-01;1.2500000e+01;1.8307817e-01;1.2500000e+01;1.8012753e-01;1.2500000e+01;1.8370396e-01;1.2500000e+01;1.4720219e-01;1.2500000e+01;1.0123630e-01;1.2500000e+01;5.2338399e-02;1.2500000e+01;4.0939376e-03;1.2500000e+01;-4.6111405e-02;1.2500000e+01;-9.3202822e-02;1.2500000e+01;-1.4109796e-01;1.2500000e+01;-9.4300233e-02;1.2500000e+01;-1.0435255e-01;1.2500000e+01;-9.6428357e-02;1.2500000e+01;-6.7923114e-02;1.2500000e+01;-1.9683076e-02;1.2500000e+01;5.1454198e-02;1.2500000e+01;1.3314527e-01;1.2500000e+01;1.7976302e-01;1.2500000e+01;1.8307817e-01;1.2500000e+01;1.8012753e-01;1.2500000e+01;1.8370396e-01;1.2500000e+01;1.4720219e-01;1.2500000e+01;1.0123630e-01;1.2500000e+01;5.2338399e-02;1.2500000e+01;4.0939376e-03;1.2500000e+01;-4.6111405e-02;1.2500000e+01;-9.3202822e-02;1.2500000e+01;-1.4109796e-01;1.2500000e+01;-9.4300233e-02;1.2500000e+01;-1.0435255e-01;1.2500000e+01;-9.6428357e-02;1.2500000e+01;-6.7923114e-02;1.2500000e+01;-1.9683076e-02;1.2500000e+01;5.1454198e-02;1.2500000e+01;1.3314527e-01;1.2500000e+01;1.7976302e-01;1.2500000e+01;1.8307817e-01;1.2500000e+01;1.8012753e-01;1.2500000e+01;1.8370396e-01;1.2500000e+01;1.4720219e-01;1.2500000e+01;1.0123630e-01;1.2500000e+01;5.2338399e-02;1.2500000e+01;4.0939376e-03;1.2500000e+01;-4.6111405e-02;1.2500000e+01;-9.3202822e-02;1.2500000e+01;-1.4109796e-01;1.2500000e+01;-9.4300233e-02;1.2500000e+01;-1.0435255e-01;1.2500000e+01;-9.6428357e-02;1.2500000e+01;-6.7923114e-02;1.2500000e+01;-1.9683076e-02;1.2500000e+01;5.1454198e-02;1.2500000e+01;1.3314527e-01;1.2500000e+01;1.7976302e-01;1.2500000e+01;1.8307817e-01;1.2500000e+01;1.8012753e-01;1.2500000e+01;1.8370396e-01;1.2500000e+01;1.4720219e-01;1.2500000e+01;1.0123630e-01;1.2500000e+01;5.2338399e-02;1.2500000e+01;4.0939376e-03;1.2500000e+01;-4.6111405e-02;1.2500000e+01;-9.3202822e-02;1.2500000e+01;-1.4109796e-01;1.2500000e+01;-9.4300233e-02;1.2500000e+01;-1.0435255e-01;1.2500000e+01;-9.6428357e-02;1.2500000e+01;-6.7923114e-02;1.2500000e+01;-1.9683076e-02;1.2500000e+01;5.1454198e-02;1.2500000e+01;1.3314527e-01;1.2500000e+01;1.7976302e-01;1.2500000e+01;1.8307817e-01;1.2500000e+01;1.8012753e-01;1.2500000e+01;1.8370396e-01;1.2500000e+01;1.4720219e-01;1.2500000e+01;1.0123630e-01;1.2500000e+01;5.2338399e-02;1.2500000e+01;4.0939376e-03;1.2500000e+01;-4.6111405e-02;1.2500000e+01;-9.3202822e-02;1.2500000e+01;-1.4109796e-01;1.2500000e+01;-9.4300233e-02;1.2500000e+01;-1.0435255e-01;1.2500000e+01;-9.6428357e-02;1.2500000e+01;-6.7923114e-02;1.2500000e+01;-1.9683076e-02;1.2500000e+01;5.1454198e-02;1.2500000e+01;1.3314527e-01;1.2500000e+01;1.7976302e-01;1.2500000e+01;1.8307817e-01;1.2500000e+01;1.8012753e-01;1.2500000e+01;1.8370396e-01;1.2500000e+01;1.4720219e-01;1.2500000e+01;1.0123630e-01;1.2500000e+01;5.2338399e-02;1.2500000e+01;4.0939376e-03;1.2500000e+01;-4.6111405e-02;1.2500000e+01;-9.3202822e-02;1.2500000e+01;-1.4109796e-01;1.2500000e+01;-9.4300233e-02;1.2500000e+01;-1.0435255e-01;1.2500000e+01;-9.6428357e-02;1.2500000e+01;-6.7923114e-02;1.2500000e+01;-1.9683076e-02;1.2500000e+01;5.1454198e-02;1.2500000e+01;1.3314527e-01;1.2500000e+01;1.7976302e-01;1.2500000e+01;1.8307817e-01;1.2500000e+01;1.8012753e-01;1.2500000e+01;1.8370396e-01;1.2500000e+01;1.4720219e-01;1.2500000e+01;1.0123630e-01;1.2500000e+01;5.2338399e-02;1.2500000e+01;4.0939376e-03;1.2500000e+01;-4.6111405e-02;1.2500000e+01;-9.3202822e-02;1.2500000e+01;-1.4109796e-01;1.2500000e+01;-9.4300233e-02;1.2500000e+01;-1.0435255e-01;1.2500000e+01;-9.6428357e-02;1.2500000e+01;-6.7923114e-02;1.2500000e+01;-1.9683076e-02;1.2500000e+01;5.1454198e-02;1.2500000e+01;1.3314527e-01;1.2500000e+01;1.7976302e-01;1.2500000e+01;1.8307817e-01;1.2500000e+01;1.8012753e-01;1.2500000e+01;1.8370396e-01;1.2500000e+01;1.4720219e-01;1.2500000e+01;1.0123630e-01;1.2500000e+01;5.2338399e-02;1.2500000e+01;4.0939376e-03;1.2500000e+01;-4.6111405e-02;1.2500000e+01;-9.3202822e-02;1.2500000e+01;-1.4109796e-01;1.2500000e+01;-9.4300233e-02;1.2500000e+01;-1.0435255e-01;1.2500000e+01;-9.6428357e-02;1.2500000e+01;-6.7923114e-02;1.2500000e+01;-1.9683076e-02;1.2500000e+01;5.1454198e-02;1.2500000e+01;1.3314527e-01;1.2500000e+01;1.7976302e-01;1.2500000e+01;1.8307817e-01;1.2500000e+01;1.8012753e-01;1.2500000e+01;1.8370396e-01;1.2500000e+01;1.4720219e-01;1.2500000e+01;1.0123630e-01;1.2500000e+01;5.2338399e-02;1.2500000e+01;4.0939376e-03;1.2500000e+01;-4.6111405e-02;1.2500000e+01;-9.3202822e-02;1.2500000e+01;-1.4109796e-01;1.2500000e+01;-9.4300233e-02;1.2500000e+01;-1.0435255e-01;1.2500000e+01;-9.6428357e-02;1.2500000e+01;-6.7923114e-02;1.2500000e+01;-1.9683076e-02;1.2500000e+01;5.1454198e-02;1.2500000e+01;1.3314527e-01;1.2500000e+01;1.7976302e-01;1.2500000e+01;1.8307817e-01;1.2500000e+01;1.8012753e-01;1.2500000e+01;1.8370396e-01;1.2500000e+01;1.4720219e-01;1.2500000e+01;1.0123630e-01;1.2500000e+01;5.2338399e-02;1.2500000e+01;4.0939376e-03;1.2500000e+01;-4.6111405e-02;1.2500000e+01;-9.3202822e-02;1.2500000e+01;-1.4109796e-01;1.2500000e+01;-9.4300233e-02;1.2500000e+01;-1.0435255e-01;1.2500000e+01;-9.6428357e-02;1.2500000e+01;-6.7923114e-02;1.2500000e+01;-1.9683076e-02;1.2500000e+01;5.1454198e-02;1.2500000e+01;1.3314527e-01;1.2500000e+01;1.7976302e-01;1.2500000e+01;1.8307817e-01;1.2500000e+01;1.8012753e-01;1.2500000e+01;1.8370396e-01;1.2500000e+01;1.4720219e-01;1.2500000e+01;1.0123630e-01;1.2500000e+01;5.2338399e-02;1.2500000e+01;4.0939376e-03;1.2500000e+01;-4.6111405e-02;1.2500000e+01;-9.3202822e-02;1.2500000e+01;-1.4109796e-01;1.2500000e+01;-9.4300233e-02;1.2500000e+01;-1.0435255e-01;1.2500000e+01;-9.6428357e-02;1.2500000e+01;-6.7923114e-02;1.2500000e+01;-1.9683076e-02;1.2500000e+01;5.1454198e-02;1.2500000e+01;1.3314527e-01;1.2500000e+01;1.7976302e-01;1.2500000e+01;1.8307817e-01;1.2500000e+01;1.8012753e-01;1.2500000e+01;1.8370396e-01;1.2500000e+01;1.4720219e-01;1.2500000e+01;1.0123630e-01;1.2500000e+01;5.2338399e-02;1.2500000e+01;4.0939376e-03;1.2500000e+01;-4.6111405e-02;1.2500000e+01;-9.3202822e-02;1.2500000e+01;-1.4109796e-01;1.2500000e+01;-9.4300233e-02;1.2500000e+01;-1.0435255e-01;1.2500000e+01;-9.6428357e-02;1.2500000e+01;-6.7923114e-02;1.2500000e+01;-1.9683076e-02;1.2500000e+01;5.1454198e-02;1.2500000e+01;1.3314527e-01;1.2500000e+01;1.7976302e-01;1.2500000e+01;1.8307817e-01;1.2500000e+01;1.8012753e-01;1.2500000e+01;1.8370396e-01;1.2500000e+01;1.4720219e-01;1.2500000e+01;1.0123630e-01;1.2500000e+01;5.2338399e-02;1.2500000e+01;4.0939376e-03;1.2500000e+01;-4.6111405e-02;1.2500000e+01;-9.3202822e-02;1.2500000e+01;-1.4109796e-01;1.2500000e+01;-9.4300233e-02;1.2500000e+01;-1.0435255e-01;1.2500000e+01;-9.6428357e-02;1.2500000e+01;-6.7923114e-02;1.2500000e+01;-1.9683076e-02;1.2500000e+01;5.1454198e-02;1.2500000e+01;1.3314527e-01;1.2500000e+01;1.7976302e-01;1.2500000e+01;1.8307817e-01;1.2500000e+01;1.8012753e-01;1.2500000e+01;1.8370396e-01;1.2500000e+01;1.4720219e-01;1.2500000e+01;1.0123630e-01;1.2500000e+01;5.2338399e-02;1.2500000e+01;4.0939376e-03;1.2500000e+01;-4.6111405e-02;1.2500000e+01;-9.3202822e-02;1.2500000e+01;-1.4109796e-01;1.2500000e+01;-9.4300233e-02;1.2500000e+01;-1.0435255e-01;1.2500000e+01;-9.6428357e-02;1.2500000e+01;-6.7923114e-02;1.2500000e+01;-1.9683076e-02;1.2500000e+01;5.1454198e-02;1.2500000e+01;1.3314527e-01;1.2500000e+01;1.7976302e-01;1.2500000e+01;1.8307817e-01;1.2500000e+01;1.8012753e-01;1.2500000e+01;1.8370396e-01;1.2500000e+01;1.4720219e-01;1.2500000e+01;1.0123630e-01;1.2500000e+01;5.2338399e-02;1.2500000e+01;4.0939376e-03;1.2500000e+01;-4.6111405e-02;1.2500000e+01;-9.3202822e-02;1.2500000e+01;-1.4109796e-01;1.2500000e+01;-9.4300233e-02;1.2500000e+01;-1.0435255e-01;1.2500000e+01;-9.6428357e-02;1.2500000e+01;-6.7923114e-02;1.2500000e+01;-1.9683076e-02;1.2500000e+01;5.1454198e-02;1.2500000e+01;1.3314527e-01;1.2500000e+01;1.7976302e-01;1.2500000e+01;1.8307817e-01;1.2500000e+01;1.8012753e-01;1.2500000e+01;1.8370396e-01;1.2500000e+01;1.4720219e-01;1.2500000e+01;1.0123630e-01;1.2500000e+01;5.2338399e-02;1.2500000e+01;4.0939376e-03;1.2500000e+01;-4.6111405e-02;1.2500000e+01;-9.3202822e-02;1.2500000e+01;-1.4109796e-01;1.2500000e+01;-9.4300233e-02;1.2500000e+01;-1.0435255e-01;1.2500000e+01;-9.6428357e-02;1.2500000e+01;-6.7923114e-02;1.2500000e+01;-1.9683076e-02;1.2500000e+01;5.1454198e-02;1.2500000e+01;1.3314527e-01;1.2500000e+01;1.7976302e-01;1.2500000e+01;1.8307817e-01;1.2500000e+01;1.8012753e-01;1.2500000e+01;1.8370396e-01;1.2500000e+01;1.4720219e-01;1.2500000e+01;1.0123630e-01;1.2500000e+01;5.2338399e-02;1.2500000e+01;4.0939376e-03;1.2500000e+01;-4.6111405e-02;1.2500000e+01;-9.3202822e-02;1.2500000e+01;-1.4109796e-01;1.2500000e+01;-9.4300233e-02;1.2500000e+01;-1.0435255e-01;1.2500000e+01;-9.6428357e-02;1.2500000e+01;-6.7923114e-02;1.2500000e+01;-1.9683076e-02;1.2500000e+01;5.1454198e-02;1.2500000e+01;1.3314527e-01;1.2500000e+01;1.7976302e-01;1.2500000e+01;1.8307817e-01;1.2500000e+01;1.8012753e-01;1.2500000e+01;1.8370396e-01;1.2500000e+01;1.4720219e-01;1.2500000e+01;1.0123630e-01;1.2500000e+01;5.2338399e-02;1.2500000e+01;4.0939376e-03;1.2500000e+01;-4.6111405e-02;1.2500000e+01;-9.3202822e-02;1.2500000e+01;-1.4109796e-01;1.2500000e+01;-9.4300233e-02;1.2500000e+01;-1.0435255e-01;1.2500000e+01;-9.6428357e-02;1.2500000e+01;-6.7923114e-02;1.2500000e+01;-1.9683076e-02;1.2500000e+01;5.1454198e-02;1.2500000e+01;1.3314527e-01;1.2500000e+01;1.7976302e-01;1.2500000e+01;1.8307817e-01;1.2500000e+01;1.8012753e-01;1.2500000e+01;1.8370396e-01;1.2500000e+01;1.4720219e-01;1.2500000e+01;1.0123630e-01;1.2500000e+01;5.2338399e-02;1.2500000e+01;4.0939376e-03;1.2500000e+01;-4.6111405e-02;1.2500000e+01;-9.3202822e-02;1.2500000e+01;-1.4109796e-01;1.2500000e+01;-9.4300233e-02;1.2500000e+01;-1.0435255e-01;1.2500000e+01;-9.6428357e-02;1.2500000e+01;-6.7923114e-02;1.2500000e+01;-1.9683076e-02;1.2500000e+01;5.1454198e-02;1.2500000e+01;1.3314527e-01;1.2500000e+01;1.7976302e-01;1.2500000e+01;1.8307817e-01;1.2500000e+01;1.8012753e-01;1.2500000e+01;1.8370396e-01;1.2500000e+01;1.4720219e-01;1.2500000e+01;1.0123630e-01;1.2500000e+01;5.2338399e-02;1.2500000e+01;4.0939376e-03;1.2500000e+01;-4.6111405e-02;1.2500000e+01;-9.3202822e-02;1.2500000e+01;-1.4109796e-01;1.2500000e+01;-9.4300233e-02;1.2500000e+01;-1.0435255e-01;1.2500000e+01;-9.6428357e-02;1.2500000e+01;-6.7923114e-02;1.2500000e+01;-1.9683076e-02;1.2500000e+01;5.1454198e-02;1.2500000e+01;1.3314527e-01;1.2500000e+01;1.7976302e-01;1.2500000e+01;1.8307817e-01;1.2500000e+01;1.8012753e-01;1.2500000e+01;1.8370396e-01;1.2500000e+01;1.4720219e-01;1.2500000e+01;1.0123630e-01;1.2500000e+01;5.2338399e-02;1.2500000e+01;4.0939376e-03;1.2500000e+01;-4.6111405e-02;1.2500000e+01;-9.3202822e-02;1.2500000e+01;-1.4109796e-01;1.2500000e+01;-9.4300233e-02;1.2500000e+01;-1.0435255e-01;1.2500000e+01;-9.6428357e-02;1.2500000e+01;-6.7923114e-02;1.2500000e+01;-1.9683076e-02;1.2500000e+01;5.1454198e-02;1.2500000e+01;1.3314527e-01;1.2500000e+01;1.7976302e-01;1.2500000e+01;1.8307817e-01;1.2500000e+01;1.8012753e-01;1.2500000e+01;1.8370396e-01;1.2500000e+01;1.4720219e-01;1.2500000e+01;1.0123630e-01;1.2500000e+01;5.2338399e-02;1.2500000e+01;4.0939376e-03;1.2500000e+01;-4.6111405e-02;1.2500000e+01;-9.3202822e-02;1.2500000e+01;-1.4109796e-01;1.2500000e+01;-9.4300233e-02;1.2500000e+01;-1.0435255e-01;1.2500000e+01;-9.6428357e-02;1.2500000e+01;-6.7923114e-02;1.2500000e+01;-1.9683076e-02;1.2500000e+01;5.1454198e-02;1.2500000e+01;1.3314527e-01;1.2500000e+01;1.7976302e-01;1.2500000e+01;1.8307817e-01;1.2500000e+01;1.8012753e-01;1.2500000e+01;1.8370396e-01;1.2500000e+01;1.4720219e-01;1.2500000e+01;1.0123630e-01;1.2500000e+01;5.2338399e-02;1.2500000e+01;4.0939376e-03;1.2500000e+01;-4.6111405e-02;1.2500000e+01;-9.3202822e-02;1.2500000e+01;-1.4109796e-01;1.2500000e+01;-9.4300233e-02;1.2500000e+01;-1.0435255e-01;1.2500000e+01;-9.6428357e-02;1.2500000e+01;-6.7923114e-02;1.2500000e+01;-1.9683076e-02;1.2500000e+01;5.1454198e-02;1.2500000e+01;1.3314527e-01;1.2500000e+01;1.7976302e-01;1.2500000e+01;1.8307817e-01;1.2500000e+01;1.8012753e-01;1.2500000e+01;1.8370396e-01;1.2500000e+01;1.4720219e-01;1.2500000e+01;1.0123630e-01;1.2500000e+01;5.2338399e-02;1.2500000e+01;4.0939376e-03;1.2500000e+01;-4.6111405e-02;1.2500000e+01;-9.3202822e-02;1.2500000e+01;-1.4109796e-01;1.2500000e+01;-9.4300233e-02;1.2500000e+01;-1.0435255e-01;1.2500000e+01;-9.6428357e-02;1.2500000e+01;-6.7923114e-02;1.2500000e+01;-1.9683076e-02;1.2500000e+01;5.1454198e-02;1.2500000e+01;1.3314527e-01;1.2500000e+01;1.7976302e-01;1.2500000e+01;1.8307817e-01;1.2500000e+01;1.8012753e-01;1.2500000e+01;1.8370396e-01;1.2500000e+01;1.4720219e-01;1.2500000e+01;1.0123630e-01;1.2500000e+01;5.2338399e-02;1.2500000e+01;4.0939376e-03;1.2500000e+01;-4.6111405e-02;1.2500000e+01;-9.3202822e-02;1.2500000e+01;-1.4109796e-01;1.2500000e+01;-9.4300233e-02;1.2500000e+01;-1.0435255e-01;1.2500000e+01;-9.6428357e-02;1.2500000e+01;-6.7923114e-02;1.2500000e+01;-1.9683076e-02;1.2500000e+01;5.1454198e-02;1.2500000e+01;1.3314527e-01;1.2500000e+01;1.7976302e-01;1.2500000e+01;1.8307817e-01;1.2500000e+01;1.8012753e-01;1.2500000e+01;1.8370396e-01;1.2500000e+01;1.4720219e-01;1.2500000e+01;1.0123630e-01;1.2500000e+01;5.2338399e-02;1.2500000e+01;4.0939376e-03;1.2500000e+01;-4.6111405e-02;1.2500000e+01;-9.3202822e-02;1.2500000e+01;-1.4109796e-01;1.2500000e+01;-9.4300233e-02;1.2500000e+01;-1.0435255e-01;1.2500000e+01;-9.6428357e-02;1.2500000e+01;-6.7923114e-02;1.2500000e+01;-1.9683076e-02;1.2500000e+01;5.1454198e-02;1.2500000e+01;1.3314527e-01;1.2500000e+01;1.7976302e-01;1.2500000e+01;1.8307817e-01;1.2500000e+01;1.8012753e-01;1.2500000e+01;1.8370396e-01;1.2500000e+01;1.4720219e-01;1.2500000e+01;1.0123630e-01;1.2500000e+01;5.2338399e-02;1.2500000e+01;4.0939376e-03;1.2500000e+01;-4.6111405e-02;1.2500000e+01;-9.3202822e-02;1.2500000e+01;-1.4109796e-01
1.7500000e+01;-9.0446971e-02;1.7500000e+01;-9.2090458e-02;1.7500000e+01;-7.5718790e-02;1.7500000e+01;-4.1286495e-02;1.7500000e+01;1.2253679e-02;1.7500000e+01;8.8006519e-02;1.7500000e+01;1.6397187e-01;1.7500000e+01;1.9565688e-01;1.7500000e+01;1.8507363e-01;1.7500000e+01;1.7423315e-01;1.7500000e+01;1.8123278e-01;1.7500000e+01;1.5053669e-01;1.7500000e+01;1.0768732e-01;1.7500000e+01;6.0785346e-02;1.7500000e+01;1.3631269e-02;1.7500000e+01;-3.6163613e-02;1.7500000e+01;-8.4587023e-02;1.7500000e+01;-1.3160029e-01;1.7500000e+01;-9.0446971e-02;1.7500000e+01;-9.2090458e-02;1.7500000e+01;-7.5718790e-02;1.7500000e+01;-4.1286495e-02;1.7500000e+01;1.2253679e-02;1.7500000e+01;8.8006519e-02;1.7500000e+01;1.6397187e-01;1.7500000e+01;1.9565688e-01;1.7500000e+01;1.8507363e-01;1.7500000e+01;1.7423315e-01;1.7500000e+01;1.8123278e-01;1.7500000e+01;1.5053669e-01;1.7500000e+01;1.0768732e-01;1.7500000e+01;6.0785346e-02;1.7500000e+01;1.3631269e-02;1.7500000e+01;-3.6163613e-02;1.7500000e+01;-8.4587023e-02;1.7500000e+01;-1.3160029e-01;1.7500000e+01;-9.0446971e-02;1.7500000e+01;-9.2090458e-02;1.7500000e+01;-7.5718790e-02;1.7500000e+01;-4.1286495e-02;1.7500000e+01;1.2253679e-02;1.7500000e+01;8.8006519e-02;1.7500000e+01;1.6397187e-01;1.7500000e+01;1.9565688e-01;1.7500000e+01;1.8507363e-01;1.7500000e+01;1.7423315e-01;1.7500000e+01;1.8123278e-01;1.7500000e+01;1.5053669e-01;1.7500000e+01;1.0768732e-01;1.7500000e+01;6.0785346e-02;1.7500000e+01;1.3631269e-02;1.7500000e+01;-3.6163613e-02;1.7500000e+01;-8.4587023e-02;1.7500000e+01;-1.3160029e-01;1.7500000e+01;-9.0446971e-02;1.7500000e+01;-9.2090458e-02;1.7500000e+01;-7.5718790e-02;1.7500000e+01;-4.1286495e-02;1.7500000e+01;1.2253679e-02;1.7500000e+01;8.8006519e-02;1.7500000e+01;1.6397187e-01;1.7500000e+01;1.9565688e-01;1.7500000e+01;1.8507363e-01;1.7500000e+01;1.7423315e-01;1.7500000e+01;1.8123278e-01;1.7500000e+01;1.5053669e-01;1.7500000e+01;1.0768732e-01;1.7500000e+01;6.0785346e-02;1.7500000e+01;1.3631269e-02;1.7500000e+01;-3.6163613e-02;1.7500000e+01;-8.4587023e-02;1.7500000e+01;-1.3160029e-01;1.7500000e+01;-9.0446971e-02;1.7500000e+01;-9.2090458e-02;1.7500000e+01;-7.5718790e-02;1.7500000e+01;-4.1286495e-02;1.7500000e+01;1.2253679e-02;1.7500000e+01;8.8006519e-02;1.7500000e+01;1.6397187e-01;1.7500000e+01;1.9565688e-01;1.7500000e+01;1.8507363e-01;1.7500000e+01;1.7423315e-01;1.7500000e+01;1.8123278e-01;1.7500000e+01;1.5053669e-01;1.7500000e+01;1.0768732e-01;1.7500000e+01;6.0785346e-02;1.7500000e+01;1.3631269e-02;1.7500000e+01;-3.6163613e-02;1.7500000e+01;-8.4587023e-02;1.7500000e+01;-1.3160029e-01;1.7500000e+01;-9.0446971e-02;1.7500000e+01;-9.2090458e-02;1.7500000e+01;-7.5718790e-02;1.7500000e+01;-4.1286495e-02;1.7500000e+01;1.2253679e-02;1.7500000e+01;8.8006519e-02;1.7500000e+01;1.6397187e-01;1.7500000e+01;1.9565688e-01;1.7500000e+01;1.8507363e-01;1.7500000e+01;1.7423315e-01;1.7500000e+01;1.8123278e-01;1.7500000e+01;1.5053669e-01;1.7500000e+01;1.0768732e-01;1.7500000e+01;6.0785346e-02;1.7500000e+01;1.3631269e-02;1.7500000e+01;-3.6163613e-02;1.7500000e+01;-8.4587023e-02;1.7500000e+01;-1.3160029e-01;1.7500000e+01;-9.0446971e-02;1.7500000e+01;-9.2090458e-02;1.7500000e+01;-7.5718790e-02;1.7500000e+01;-4.1286495e-02;1.7500000e+01;1.2253679e-02;1.7500000e+01;8.8006519e-02;1.7500000e+01;1.6397187e-01;1.7500000e+01;1.9565688e-01;1.7500000e+01;1.8507363e-01;1.7500000e+01;1.7423315e-01;1.7500000e+01;1.8123278e-01;1.7500000e+01;1.5053669e-01;1.7500000e+01;1.0768732e-01;1.7500000e+01;6.0785346e-02;1.7500000e+01;1.3631269e-02;1.7500000e+01;-3.6163613e-02;1.7500000e+01;-8.4587023e-02;1.7500000e+01;-1.3160029e-01;1.7500000e+01;-9.0446971e-02;1.7500000e+01;-9.2090458e-02;1.7500000e+01;-7.5718790e-02;1.7500000e+01;-4.1286495e-02;1.7500000e+01;1.2253679e-02;1.7500000e+01;8.8006519e-02;1.7500000e+01;1.6397187e-01;1.7500000e+01;1.9565688e-01;1.7500000e+01;1.8507363e-01;1.7500000e+01;1.7423315e-01;1.7500000e+01;1.8123278e-01;1.7500000e+01;1.5053669e-01;1.7500000e+01;1.0768732e-01;1.7500000e+01;6.0785346e-02;1.7500000e+01;1.3631269e-02;1.7500000e+01;-3.6163613e-02;1.7500000e+01;-8.4587023e-02;1.7500000e+01;-1.3160029e-01;1.7500000e+01;-9.0446971e-02;1.7500000e+01;-9.2090458e-02;1.7500000e+01;-7.5718790e-02;1.7500000e+01;-4.1286495e-02;1.7500000e+01;1.2253679e-02;1.7500000e+01;8.8006519e-02;1.7500000e+01;1.6397187e-01;1.7500000e+01;1.9565688e-01;1.7500000e+01;1.8507363e-01;1.7500000e+01;1.7423315e-01;1.7500000e+01;1.8123278e-01;1.7500000e+01;1.5053669e-01;1.7500000e+01;1.0768732e-01;1.7500000e+01;6.0785346e-02;1.7500000e+01;1.3631269e-02;1.7500000e+01;-3.6163613e-02;1.7500000e+01;-8.4587023e-02;1.7500000e+01;-1.3160029e-01;1.7500000e+01;-9.0446971e-02;1.7500000e+01;-9.2090458e-02;1.7500000e+01;-7.5718790e-02;1.7500000e+01;-4.1286495e-02;1.7500000e+01;1.2253679e-02;1.7500000e+01;8.8006519e-02;1.7500000e+01;1.6397187e-01;1.7500000e+01;1.9565688e-01;1.7500000e+01;1.8507363e-01;1.7500000e+01;1.7423315e-01;1.7500000e+01;1.8123278e-01;1.7500000e+01;1.5053669e-01;1.7500000e+01;1.0768732e-01;1.7500000e+01;6.0785346e-02;1.7500000e+01;1.3631269e-02;1.7500000e+01;-3.6163613e-02;1.7500000e+01;-8.4587023e-02;1.7500000e+01;-1.3160029e-01;1.7500000e+01;-9.0446971e-02;1.7500000e+01;-9.2090458e-02;1.7500000e+01;-7.5718790e-02;1.7500000e+01;-4.1286495e-02;1.7500000e+01;1.2253679e-02;1.7500000e+01;8.8006519e-02;1.7500000e+01;1.6397187e-01;1.7500000e+01;1.9565688e-01;1.7500000e+01;1.8507363e-01;1.7500000e+01;1.7423315e-01;1.7500000e+01;1.8123278e-01;1.7500000e+01;1.5053669e-01;1.7500000e+01;1.0768732e-01;1.7500000e+01;6.0785346e-02;1.7500000e+01;1.3631269e-02;1.7500000e+01;-3.6163613e-02;1.7500000e+01;-8.4587023e-02;1.7500000e+01;-1.3160029e-01;1.7500000e+01;-9.0446971e-02;1.7500000e+01;-9.2090458e-02;1.7500000e+01;-7.5718790e-02;1.7500000e+01;-4.1286495e-02;1.7500000e+01;1.2253679e-02;1.7500000e+01;8.8006519e-02;1.7500000e+01;1.6397187e-01;1.7500000e+01;1.9565688e-01;1.7500000e+01;1.8507363e-01;1.7500000e+01;1.7423315e-01;1.7500000e+01;1.8123278e-01;1.7500000e+01;1.5053669e-01;1.7500000e+01;1.0768732e-01;1.7500000e+01;6.0785346e-02;1.7500000e+01;1.3631269e-02;1.7500000e+01;-3.6163613e-02;1.7500000e+01;-8.4587023e-02;1.7500000e+01;-1.3160029e-01;1.7500000e+01;-9.0446971e-02;1.7500000e+01;-9.2090458e-02;1.7500000e+01;-7.5718790e-02;1.7500000e+01;-4.1286495e-02;1.7500000e+01;1.2253679e-02;1.7500000e+01;8.8006519e-02;1.7500000e+01;1.6397187e-01;1.7500000e+01;1.9565688e-01;1.7500000e+01;1.8507363e-01;1.7500000e+01;1.7423315e-01;1.7500000e+01;1.8123278e-01;1.7500000e+01;1.5053669e-01;1.7500000e+01;1.0768732e-01;1.7500000e+01;6.0785346e-02;1.7500000e+01;1.3631269e-02;1.7500000e+01;-3.6163613e-02;1.7500000e+01;-8.4587023e-02;1.7500000e+01;-1.3160029e-01;1.7500000e+01;-9.0446971e-02;1.7500000e+01;-9.2090458e-02;1.7500000e+01;-7.5718790e-02;1.7500000e+01;-4.1286495e-02;1.7500000e+01;1.2253679e-02;1.7500000e+01;8.8006519e-02;1.7500000e+01;1.6397187e-01;1.7500000e+01;1.9565688e-01;1.7500000e+01;1.8507363e-01;1.7500000e+01;1.7423315e-01;1.7500000e+01;1.8123278e-01;1.7500000e+01;1.5053669e-01;1.7500000e+01;1.0768732e-01;1.7500000e+01;6.0785346e-02;1.7500000e+01;1.3631269e-02;1.7500000e+01;-3.6163613e-02;1.7500000e+01;-8.4587023e-02;1.7500000e+01;-1.3160029e-01;1.7500000e+01;-9.0446971e-02;1.7500000e+01;-9.2090458e-02;1.7500000e+01;-7.5718790e-02;1.7500000e+01;-4.1286495e-02;1.7500000e+01;1.2253679e-02;1.7500000e+01;8.8006519e-02;1.7500000e+01;1.6397187e-01;1.7500000e+01;1.9565688e-01;1.7500000e+01;1.8507363e-01;1.7500000e+01;1.7423315e-01;1.7500000e+01;1.8123278e-01;1.7500000e+01;1.5053669e-01;1.7500000e+01;1.0768732e-01;1.7500000e+01;6.0785346e-02;1.7500000e+01;1.3631269e-02;1.7500000e+01;-3.6163613e-02;1.7500000e+01;-8.4587023e-02;1.7500000e+01;-1.3160029e-01;1.7500000e+01;-9.0446971e-02;1.7500000e+01;-9.2090458e-02;1.7500000e+01;-7.5718790e-02;1.7500000e+01;-4.1286495e-02;1.7500000e+01;1.2253679e-02;1.7500000e+01;8.8006519e-02;1.7500000e+01;1.6397187e-01;1.7500000e+01;1.9565688e-01;1.7500000e+01;1.8507363e-01;1.7500000e+01;1.7423315e-01;1.7500000e+01;1.8123278e-01;1.7500000e+01;1.5053669e-01;1.7500000e+01;1.0768732e-01;1.7500000e+01;6.0785346e-02;1.7500000e+01;1.3631269e-02;1.7500000e+01;-3.6163613e-02;1.7500000e+01;-8.4587023e-02;1.7500000e+01;-1.3160029e-01;1.7500000e+01;-9.0446971e-02;1.7500000e+01;-9.2090458e-02;1.7500000e+01;-7.5718790e-02;1.7500000e+01;-4.1286495e-02;1.7500000e+01;1.2253679e-02;1.7500000e+01;8.8006519e-02;1.7500000e+01;1.6397187e-01;1.7500000e+01;1.9565688e-01;1.7500000e+01;1.8507363e-01;1.7500000e+01;1.7423315e-01;1.7500000e+01;1.8123278e-01;1.7500000e+01;1.5053669e-01;1.7500000e+01;1.0768732e-01;1.7500000e+01;6.0785346e-02;1.7500000e+01;1.3631269e-02;1.7500000e+01;-3.6163613e-02;1.7500000e+01;-8.4587023e-02;1.7500000e+01;-1.3160029e-01;1.7500000e+01;-9.0446971e-02;1.7500000e+01;-9.2090458e-02;1.7500000e+01;-7.5718790e-02;1.7500000e+01;-4.1286495e-02;1.7500000e+01;1.2253679e-02;1.7500000e+01;8.8006519e-02;1.7500000e+01;1.6397187e-01;1.7500000e+01;1.9565688e-01;1.7500000e+01;1.8507363e-01;1.7500000e+01;1.7423315e-01;1.7500000e+01;1.8123278e-01;1.7500000e+01;1.5053669e-01;1.7500000e+01;1.0768732e-01;1.7500000e+01;6.0785346e-02;1.7500000e+01;1.3631269e-02;1.7500000e+01;-3.6163613e-02;1.7500000e+01;-8.4587023e-02;1.7500000e+01;-1.3160029e-01;1.7500000e+01;-9.0446971e-02;1.7500000e+01;-9.2090458e-02;1.7500000e+01;-7.5718790e-02;1.7500000e+01;-4.1286495e-02;1.7500000e+01;1.2253679e-02;1.7500000e+01;8.8006519e-02;1.7500000e+01;1.6397187e-01;1.7500000e+01;1.9565688e-01;1.7500000e+01;1.8507363e-01;1.7500000e+01;1.7423315e-01;1.7500000e+01;1.8123278e-01;1.7500000e+01;1.5053669e-01;1.7500000e+01;1.0768732e-01;1.7500000e+01;6.0785346e-02;1.7500000e+01;1.3631269e-02;1.7500000e+01;-3.6163613e-02;1.7500000e+01;-8.4587023e-02;1.7500000e+01;-1.3160029e-01;1.7500000e+01;-9.0446971e-02;1.7500000e+01;-9.2090458e-02;1.7500000e+01;-7.5718790e-02;1.7500000e+01;-4.1286495e-02;1.7500000e+01;1.2253679e-02;1.7500000e+01;8.8006519e-02;1.7500000e+01;1.6397187e-01;1.7500000e+01;1.9565688e-01;1.7500000e+01;1.8507363e-01;1.7500000e+01;1.7423315e-01;1.7500000e+01;1.8123278e-01;1.7500000e+01;1.5053669e-01;1.7500000e+01;1.0768732e-01;1.7500000e+01;6.0785346e-02;1.7500000e+01;1.3631269e-02;1.7500000e+01;-3.6163613e-02;1.7500000e+01;-8.4587023e-02;1.7500000e+01;-1.3160029e-01;1.7500000e+01;-9.0446971e-02;1.7500000e+01;-9.2090458e-02;1.7500000e+01;-7.5718790e-02;1.7500000e+01;-4.1286495e-02;1.7500000e+01;1.2253679e-02;1.7500000e+01;8.8006519e-02;1.7500000e+01;1.6397187e-01;1.7500000e+01;1.9565688e-01;1.7500000e+01;1.8507363e-01;1.7500000e+01;1.7423315e-01;1.7500000e+01;1.8123278e-01;1.7500000e+01;1.5053669e-01;1.7500000e+01;1.0768732e-01;1.7500000e+01;6.0785346e-02;1.7500000e+01;1.3631269e-02;1.7500000e+01;-3.6163613e-02;1.7500000e+01;-8.4587023e-02;1.7500000e+01;-1.3160029e-01;1.7500000e+01;-9.0446971e-02;1.7500000e+01;-9.2090458e-02;1.7500000e+01;-7.5718790e-02;1.7500000e+01;-4.1286495e-02;1.7500000e+01;1.2253679e-02;1.7500000e+01;8.8006519e-02;1.7500000e+01;1.6397187e-01;1.7500000e+01;1.9565688e-01;1.7500000e+01;1.8507363e-01;1.7500000e+01;1.7423315e-01;1.7500000e+01;1.8123278e-01;1.7500000e+01;1.5053669e-01;1.7500000e+01;1.0768732e-01;1.7500000e+01;6.0785346e-02;1.7500000e+01;1.3631269e-02;1.7500000e+01;-3.6163613e-02;1.7500000e+01;-8.4587023e-02;1.7500000e+01;-1.3160029e-01;1.7500000e+01;-9.0446971e-02;1.7500000e+01;-9.2090458e-02;1.7500000e+01;-7.5718790e-02;1.7500000e+01;-4.1286495e-02;1.7500000e+01;1.2253679e-02;1.7500000e+01;8.8006519e-02;1.7500000e+01;1.6397187e-01;1.7500000e+01;1.9565688e-01;1.7500000e+01;1.8507363e-01;1.7500000e+01;1.7423315e-01;1.7500000e+01;1.8123278e-01;1.7500000e+01;1.5053669e-01;1.7500000e+01;1.0768732e-01;1.7500000e+01;6.0785346e-02;1.7500000e+01;1.3631269e-02;1.7500000e+01;-3.6163613e-02;1.7500000e+01;-8.4587023e-02;1.7500000e+01;-1.3160029e-01;1.7500000e+01;-9.0446971e-02;1.7500000e+01;-9.2090458e-02;1.7500000e+01;-7.5718790e-02;1.7500000e+01;-4.1286495e-02;1.7500000e+01;1.2253679e-02;1.7500000e+01;8.8006519e-02;1.7500000e+01;1.6397187e-01;1.7500000e+01;1.9565688e-01;1.7500000e+01;1.8507363e-01;1.7500000e+01;1.7423315e-01;1.7500000e+01;1.8123278e-01;1.7500000e+01;1.5053669e-01;1.7500000e+01;1.0768732e-01;1.7500000e+01;6.0785346e-02;1.7500000e+01;1.3631269e-02;1.7500000e+01;-3.6163613e-02;1.7500000e+01;-8.4587023e-02;1.7500000e+01;-1.3160029e-01;1.7500000e+01;-9.0446971e-02;1.7500000e+01;-9.2090458e-02;1.7500000e+01;-7.5718790e-02;1.7500000e+01;-4.1286495e-02;1.7500000e+01;1.2253679e-02;1.7500000e+01;8.8006519e-02;1.7500000e+01;1.6397187e-01;1.7500000e+01;1.9565688e-01;1.7500000e+01;1.8507363e-01;1.7500000e+01;1.7423315e-01;1.7500000e+01;1.8123278e-01;1.7500000e+01;1.5053669e-01;1.7500000e+01;1.0768732e-01;1.7500000e+01;6.0785346e-02;1.7500000e+01;1.3631269e-02;1.7500000e+01;-3.6163613e-02;1.7500000e+01;-8.4587023e-02;1.7500000e+01;-1.3160029e-01;1.7500000e+01;-9.0446971e-02;1.7500000e+01;-9.2090458e-02;1.7500000e+01;-7.5718790e-02;1.7500000e+01;-4.1286495e-02;1.7500000e+01;1.2253679e-02;1.7500000e+01;8.8006519e-02;1.7500000e+01;1.6397187e-01;1.7500000e+01;1.9565688e-01;1.7500000e+01;1.8507363e-01;1.7500000e+01;1.7423315e-01;1.7500000e+01;1.8123278e-01;1.7500000e+01;1.5053669e-01;1.7500000e+01;1.0768732e-01;1.7500000e+01;6.0785346e-02;1.7500000e+01;1.3631269e-02;1.7500000e+01;-3.6163613e-02;1.7500000e+01;-8.4587023e-02;1.7500000e+01;-1.3160029e-01;1.7500000e+01;-9.0446971e-02;1.7500000e+01;-9.2090458e-02;1.7500000e+01;-7.5718790e-02;1.7500000e+01;-4.1286495e-02;1.7500000e+01;1.2253679e-02;1.7500000e+01;8.8006519e-02;1.7500000e+01;1.6397187e-01;1.7500000e+01;1.9565688e-01;1.7500000e+01;1.8507363e-01;1.7500000e+01;1.7423315e-01;1.7500000e+01;1.8123278e-01;1.7500000e+01;1.5053669e-01;1.7500000e+01;1.0768732e-01;1.7500000e+01;6.0785346e-02;1.7500000e+01;1.3631269e-02;1.7500000e+01;-3.6163613e-02;1.7500000e+01;-8.4587023e-02;1.7500000e+01;-1.3160029e-01;1.7500000e+01;-9.0446971e-02;1.7500000e+01;-9.2090458e-02;1.7500000e+01;-7.5718790e-02;1.7500000e+01;-4.1286495e-02;1.7500000e+01;1.2253679e-02;1.7500000e+01;8.8006519e-02;1.7500000e+01;1.6397187e-01;1.7500000e+01;1.9565688e-01;1.7500000e+01;1.8507363e-01;1.7500000e+01;1.7423315e-01;1.7500000e+01;1.8123278e-01;1.7500000e+01;1.5053669e-01;1.7500000e+01;1.0768732e-01;1.7500000e+01;6.0785346e-02;1.7500000e+01;1.3631269e-02;1.7500000e+01;-3.6163613e-02;1.7500000e+01;-8.4587023e-02;1.7500000e+01;-1.3160029e-01;1.7500000e+01;-9.0446971e-02;1.7500000e+01;-9.2090458e-02;1.7500000e+01;-7.5718790e-02;1.7500000e+01;-4.1286495e-02;1.7500000e+01;1.2253679e-02;1.7500000e+01;8.8006519e-02;1.7500000e+01;1.6397187e-01;1.7500000e+01;1.9565688e-01;1.7500000e+01;1.8507363e-01;1.7500000e+01;1.7423315e-01;1.7500000e+01;1.8123278e-01;1.7500000e+01;1.5053669e-01;1.7500000e+01;1.0768732e-01;1.7500000e+01;6.0785346e-02;1.7500000e+01;1.3631269e-02;1.7500000e+01;-3.6163613e-02;1.7500000e+01;-8.4587023e-02;1.7500000e+01;-1.3160029e-01;1.7500000e+01;-9.0446971e-02;1.7500000e+01;-9.2090458e-02;1.7500000e+01;-7.5718790e-02;1.7500000e+01;-4.1286495e-02;1.7500000e+01;1.2253679e-02;1.7500000e+01;8.8006519e-02;1.7500000e+01;1.6397187e-01;1.7500000e+01;1.9565688e-01;1.7500000e+01;1.8507363e-01;1.7500000e+01;1.7423315e-01;1.7500000e+01;1.8123278e-01;1.7500000e+01;1.5053669e-01;1.7500000e+01;1.0768732e-01;1.7500000e+01;6.0785346e-02;1.7500000e+01;1.3631269e-02;1.7500000e+01;-3.6163613e-02;1.7500000e+01;-8.4587023e-02;1.7500000e+01;-1.3160029e-01;1.7500000e+01;-9.0446971e-02;1.7500000e+01;-9.2090458e-02;1.7500000e+01;-7.5718790e-02;1.7500000e+01;-4.1286495e-02;1.7500000e+01;1.2253679e-02;1.7500000e+01;8.8006519e-02;1.7500000e+01;1.6397187e-01;1.7500000e+01;1.9565688e-01;1.7500000e+01;1.8507363e-01;1.7500000e+01;1.7423315e-01;1.7500000e+01;1.8123278e-01;1.7500000e+01;1.5053669e-01;1.7500000e+01;1.0768732e-01;1.7500000e+01;6.0785346e-02;1.7500000e+01;1.3631269e-02;1.7500000e+01;-3.6163613e-02;1.7500000e+01;-8.4587023e-02;1.7500000e+01;-1.3160029e-01;1.7500000e+01;-9.0446971e-02;1.7500000e+01;-9.2090458e-02;1.7500000e+01;-7.5718790e-02;1.7500000e+01;-4.1286495e-02;1.7500000e+01;1.2253679e-02;1.7500000e+01;8.8006519e-02;1.7500000e+01;1.6397187e-01;1.7500000e+01;1.9565688e-01;1.7500000e+01;1.8507363e-01;1.7500000e+01;1.7423315e-01;1.7500000e+01;1.8123278e-01;1.7500000e+01;1.5053669e-01;1.7500000e+01;1.0768732e-01;1.7500000e+01;6.0785346e-02;1.7500000e+01;1.3631269e-02;1.7500000e+01;-3.6163613e-02;1.7500000e+01;-8.4587023e-02;1.7500000e+01;-1.3160029e-01;1.7500000e+01;-9.0446971e-02;1.7500000e+01;-9.2090458e-02;1.7500000e+01;-7.5718790e-02;1.7500000e+01;-4.1286495e-02;1.7500000e+01;1.2253679e-02;1.7500000e+01;8.8006519e-02;1.7500000e+01;1.6397187e-01;1.7500000e+01;1.9565688e-01;1.7500000e+01;1.8507363e-01;1.7500000e+01;1.7423315e-01;1.7500000e+01;1.8123278e-01;1.7500000e+01;1.5053669e-01;1.7500000e+01;1.0768732e-01;1.7500000e+01;6.0785346e-02;1.7500000e+01;1.3631269e-02;1.7500000e+01;-3.6163613e-02;1.7500000e+01;-8.4587023e-02;1.7500000e+01;-1.3160029e-01;1.7500000e+01;-9.0446971e-02;1.7500000e+01;-9.2090458e-02;1.7500000e+01;-7.5718790e-02;1.7500000e+01;-4.1286495e-02;1.7500000e+01;1.2253679e-02;1.7500000e+01;8.8006519e-02;1.7500000e+01;1.6397187e-01;1.7500000e+01;1.9565688e-01;1.7500000e+01;1.8507363e-01;1.7500000e+01;1.7423315e-01;1.7500000e+01;1.8123278e-01;1.7500000e+01;1.5053669e-01;1.7500000e+01;1.0768732e-01;1.7500000e+01;6.0785346e-02;1.7500000e+01;1.3631269e-02;1.7500000e+01;-3.6163613e-02;1.7500000e+01;-8.4587023e-02;1.7500000e+01;-1.3160029e-01;1.7500000e+01;-9.0446971e-02;1.7500000e+01;-9.2090458e-02;1.7500000e+01;-7.5718790e-02;1.7500000e+01;-4.1286495e-02;1.7500000e+01;1.2253679e-02;1.7500000e+01;8.8006519e-02;1.7500000e+01;1.6397187e-01;1.7500000e+01;1.9565688e-01;1.7500000e+01;1.8507363e-01;1.7500000e+01;1.7423315e-01;1.7500000e+01;1.8123278e-01;1.7500000e+01;1.5053669e-01;1.7500000e+01;1.0768732e-01;1.7500000e+01;6.0785346e-02;1.7500000e+01;1.3631269e-02;1.7500000e+01;-3.6163613e-02;1.7500000e+01;-8.4587023e-02;1.7500000e+01;-1.3160029e-01;1.7500000e+01;-9.0446971e-02;1.7500000e+01;-9.2090458e-02;1.7500000e+01;-7.5718790e-02;1.7500000e+01;-4.1286495e-02;1.7500000e+01;1.2253679e-02;1.7500000e+01;8.8006519e-02;1.7500000e+01;1.6397187e-01;1.7500000e+01;1.9565688e-01;1.7500000e+01;1.8507363e-01;1.7500000e+01;1.7423315e-01;1.7500000e+01;1.8123278e-01;1.7500000e+01;1.5053669e-01;1.7500000e+01;1.0768732e-01;1.7500000e+01;6.0785346e-02;1.7500000e+01;1.3631269e-02;1.7500000e+01;-3.6163613e-02;1.7500000e+01;-8.4587023e-02;1.7500000e+01;-1.3160029e-01;1.7500000e+01;-9.0446971e-02;1.7500000e+01;-9.2090458e-02;1.7500000e+01;-7.5718790e-02;1.7500000e+01;-4.1286495e-02;1.7500000e+01;1.2253679e-02;1.7500000e+01;8.8006519e-02;1.7500000e+01;1.6397187e-01;1.7500000e+01;1.9565688e-01;1.7500000e+01;1.8507363e-01;1.7500000e+01;1.7423315e-01;1.7500000e+01;1.8123278e-01;1.7500000e+01;1.5053669e-01;1.7500000e+01;1.0768732e-01;1.7500000e+01;6.0785346e-02;1.7500000e+01;1.3631269e-02;1.7500000e+01;-3.6163613e-02;1.7500000e+01;-8.4587023e-02;1.7500000e+01;-1.3160029e-01;1.7500000e+01;-9.0446971e-02;1.7500000e+01;-9.2090458e-02;1.7500000e+01;-7.5718790e-02;1.7500000e+01;-4.1286495e-02;1.7500000e+01;1.2253679e-02;1.7500000e+01;8.8006519e-02;1.7500000e+01;1.6397187e-01;1.7500000e+01;1.9565688e-01;1.7500000e+01;1.8507363e-01;1.7500000e+01;1.7423315e-01;1.7500000e+01;1.8123278e-01;1.7500000e+01;1.5053669e-01;1.7500000e+01;1.0768732e-01;1.7500000e+01;6.0785346e-02;1.7500000e+01;1.3631269e-02;1.7500000e+01;-3.6163613e-02;1.7500000e+01;-8.4587023e-02;1.7500000e+01;-1.3160029e-01;1.7500000e+01;-9.0446971e-02;1.7500000e+01;-9.2090458e-02;1.7500000e+01;-7.5718790e-02;1.7500000e+01;-4.1286495e-02;1.7500000e+01;1.2253679e-02;1.7500000e+01;8.8006519e-02;1.7500000e+01;1.6397187e-01;1.7500000e+01;1.9565688e-01;1.7500000e+01;1.8507363e-01;1.7500000e+01;1.7423315e-01;1.7500000e+01;1.8123278e-01;1.7500000e+01;1.5053669e-01;1.7500000e+01;1.0768732e-01;1.7500000e+01;6.0785346e-02;1.7500000e+01;1.3631269e-02;1.7500000e+01;-3.6163613e-02;1.7500000e+01;-8.4587023e-02;1.7500000e+01;-1.3160029e-01;1.7500000e+01;-9.0446971e-02;1.7500000e+01;-9.2090458e-02;1.7500000e+01;-7.5718790e-02;1.7500000e+01;-4.1286495e-02;1.7500000e+01;1.2253679e-02;1.7500000e+01;8.8006519e-02;1.7500000e+01;1.6397187e-01;1.7500000e+01;1.9565688e-01;1.7500000e+01;1.8507363e-01;1.7500000e+01;1.7423315e-01;1.7500000e+01;1.8123278e-01;1.7500000e+01;1.5053669e-01;1.7500000e+01;1.0768732e-01;1.7500000e+01;6.0785346e-02;1.7500000e+01;1.3631269e-02;1.7500000e+01;-3.6163613e-02;1.7500000e+01;-8.4587023e-02;1.7500000e+01;-1.3160029e-01;1.7500000e+01;-9.0446971e-02;1.7500000e+01;-9.2090458e-02;1.7500000e+01;-7.5718790e-02;1.7500000e+01;-4.1286495e-02;1.7500000e+01;1.2253679e-02;1.7500000e+01;8.8006519e-02;1.7500000e+01;1.6397187e-01;1.7500000e+01;1.9565688e-01;1.7500000e+01;1.8507363e-01;1.7500000e+01;1.7423315e-01;1.7500000e+01;1.8123278e-01;1.7500000e+01;1.5053669e-01;1.7500000e+01;1.0768732e-01;1.7500000e+01;6.0785346e-02;1.7500000e+01;1.3631269e-02;1.7500000e+01;-3.6163613e-02;1.7500000e+01;-8.4587023e-02;1.7500000e+01;-1.3160029e-01;1.7500000e+01;-9.0446971e-02;1.7500000e+01;-9.2090458e-02;1.7500000e+01;-7.5718790e-02;1.7500000e+01;-4.1286495e-02;1.7500000e+01;1.2253679e-02;1.7500000e+01;8.8006519e-02;1.7500000e+01;1.6397187e-01;1.7500000e+01;1.9565688e-01;1.7500000e+01;1.8507363e-01;1.7500000e+01;1.7423315e-01;1.7500000e+01;1.8123278e-01;1.7500000e+01;1.5053669e-01;1.7500000e+01;1.0768732e-01;1.7500000e+01;6.0785346e-02;1.7500000e+01;1.3631269e-02;1.7500000e+01;-3.6163613e-02;1.7500000e+01;-8.4587023e-02;1.7500000e+01;-1.3160029e-01;1.7500000e+01;-9.0446971e-02;1.7500000e+01;-9.2090458e-02;1.7500000e+01;-7.5718790e-02;1.7500000e+01;-4.1286495e-02;1.7500000e+01;1.2253679e-02;1.7500000e+01;8.8006519e-02;1.7500000e+01;1.6397187e-01;1.7500000e+01;1.9565688e-01;1.7500000e+01;1.8507363e-01;1.7500000e+01;1.7423315e-01;1.7500000e+01;1.8123278e-01;1.7500000e+01;1.5053669e-01;1.7500000e+01;1.0768732e-01;1.7500000e+01;6.0785346e-02;1.7500000e+01;1.3631269e-02;1.7500000e+01;-3.6163613e-02;1.7500000e+01;-8.4587023e-02;1.7500000e+01;-1.3160029e-01;1.7500000e+01;-9.0446971e-02;1.7500000e+01;-9.2090458e-02;1.7500000e+01;-7.5718790e-02;1.7500000e+01;-4.1286495e-02;1.7500000e+01;1.2253679e-02;1.7500000e+01;8.8006519e-02;1.7500000e+01;1.6397187e-01;1.7500000e+01;1.9565688e-01;1.7500000e+01;1.8507363e-01;1.7500000e+01;1.7423315e-01;1.7500000e+01;1.8123278e-01;1.7500000e+01;1.5053669e-01;1.7500000e+01;1.0768732e-01;1.7500000e+01;6.0785346e-02;1.7500000e+01;1.3631269e-02;1.7500000e+01;-3.6163613e-02;1.7500000e+01;-8.4587023e-02;1.7500000e+01;-1.3160029e-01;1.7500000e+01;-9.0446971e-02;1.7500000e+01;-9.2090458e-02;1.7500000e+01;-7.5718790e-02;1.7500000e+01;-4.1286495e-02;1.7500000e+01;1.2253679e-02;1.7500000e+01;8.8006519e-02;1.7500000e+01;1.6397187e-01;1.7500000e+01;1.9565688e-01;1.7500000e+01;1.8507363e-01;1.7500000e+01;1.7423315e-01;1.7500000e+01;1.8123278e-01;1.7500000e+01;1.5053669e-01;1.7500000e+01;1.0768732e-01;1.7500000e+01;6.0785346e-02;1.7500000e+01;1.3631269e-02;1.7500000e+01;-3.6163613e-02;1.7500000e+01;-8.4587023e-02;1.7500000e+01;-1.3160029e-01;1.7500000e+01;-9.0446971e-02;1.7500000e+01;-9.2090458e-02;1.7500000e+01;-7.5718790e-02;1.7500000e+01;-4.1286495e-02;1.7500000e+01;1.2253679e-02;1.7500000e+01;8.8006519e-02;1.7500000e+01;1.6397187e-01;1.7500000e+01;1.9565688e-01;1.7500000e+01;1.8507363e-01;1.7500000e+01;1.7423315e-01;1.7500000e+01;1.8123278e-01;1.7500000e+01;1.5053669e-01;1.7500000e+01;1.0768732e-01;1.7500000e+01;6.0785346e-02;1.7500000e+01;1.3631269e-02;1.7500000e+01;-3.6163613e-02;1.7500000e+01;-8.4587023e-02;1.7500000e+01;-1.3160029e-01;1.7500000e+01;-9.0446971e-02;1.7500000e+01;-9.2090458e-02;1.7500000e+01;-7.5718790e-02;1.7500000e+01;-4.1286495e-02;1.7500000e+01;1.2253679e-02;1.7500000e+01;8.8006519e-02;1.7500000e+01;1.6397187e-01;1.7500000e+01;1.9565688e-01;1.7500000e+01;1.8507363e-01;1.7500000e+01;1.7423315e-01;1.7500000e+01;1.8123278e-01;1.7500000e+01;1.5053669e-01;1.7500000e+01;1.0768732e-01;1.7500000e+01;6.0785346e-02;1.7500000e+01;1.3631269e-02;1.7500000e+01;-3.6163613e-02;1.7500000e+01;-8.4587023e-02;1.7500000e+01;-1.3160029e-01;1.7500000e+01;-9.0446971e-02;1.7500000e+01;-9.2090458e-02;1.7500000e+01;-7.5718790e-02;1.7500000e+01;-4.1286495e-02;1.7500000e+01;1.2253679e-02;1.7500000e+01;8.8006519e-02;1.7500000e+01;1.6397187e-01;1.7500000e+01;1.9565688e-01;1.7500000e+01;1.8507363e-01;1.7500000e+01;1.7423315e-01;1.7500000e+01;1.8123278e-01;1.7500000e+01;1.5053669e-01;1.7500000e+01;1.0768732e-01;1.7500000e+01;6.0785346e-02;1.7500000e+01;1.3631269e-02;1.7500000e+01;-3.6163613e-02;1.7500000e+01;-8.4587023e-02;1.7500000e+01;-1.3160029e-01;1.7500000e+01;-9.0446971e-02;1.7500000e+01;-9.2090458e-02;1.7500000e+01;-7.5718790e-02;1.7500000e+01;-4.1286495e-02;1.7500000e+01;1.2253679e-02;1.7500000e+01;8.8006519e-02;1.7500000e+01;1.6397187e-01;1.7500000e+01;1.9565688e-01;1.7500000e+01;1.8507363e-01;1.7500000e+01;1.7423315e-01;1.7500000e+01;1.8123278e-01;1.7500000e+01;1.5053669e-01;1.7500000e+01;1.0768732e-01;1.7500000e+01;6.0785346e-02;1.7500000e+01;1.3631269e-02;1.7500000e+01;-3.6163613e-02;1.7500000e+01;-8.4587023e-02;1.7500000e+01;-1.3160029e-01;1.7500000e+01;-9.0446971e-02;1.7500000e+01;-9.2090458e-02;1.7500000e+01;-7.5718790e-02;1.7500000e+01;-4.1286495e-02;1.7500000e+01;1.2253679e-02;1.7500000e+01;8.8006519e-02;1.7500000e+01;1.6397187e-01;1.7500000e+01;1.9565688e-01;1.7500000e+01;1.8507363e-01;1.7500000e+01;1.7423315e-01;1.7500000e+01;1.8123278e-01;1.7500000e+01;1.5053669e-01;1.7500000e+01;1.0768732e-01;1.7500000e+01;6.0785346e-02;1.7500000e+01;1.3631269e-02;1.7500000e+01;-3.6163613e-02;1.7500000e+01;-8.4587023e-02;1.7500000e+01;-1.3160029e-01;1.7500000e+01;-9.0446971e-02;1.7500000e+01;-9.2090458e-02;1.7500000e+01;-7.5718790e-02;1.7500000e+01;-4.1286495e-02;1.7500000e+01;1.2253679e-02;1.7500000e+01;8.8006519e-02;1.7500000e+01;1.6397187e-01;1.7500000e+01;1.9565688e-01;1.7500000e+01;1.8507363e-01;1.7500000e+01;1.7423315e-01;1.7500000e+01;1.8123278e-01;1.7500000e+01;1.5053669e-01;1.7500000e+01;1.0768732e-01;1.7500000e+01;6.0785346e-02;1.7500000e+01;1.3631269e-02;1.7500000e+01;-3.6163613e-02;1.7500000e+01;-8.4587023e-02;1.7500000e+01;-1.3160029e-01;1.7500000e+01;-9.0446971e-02;1.7500000e+01;-9.2090458e-02;1.7500000e+01;-7.5718790e-02;1.7500000e+01;-4.1286495e-02;1.7500000e+01;1.2253679e-02;1.7500000e+01;8.8006519e-02;1.7500000e+01;1.6397187e-01;1.7500000e+01;1.9565688e-01;1.7500000e+01;1.8507363e-01;1.7500000e+01;1.7423315e-01;1.7500000e+01;1.8123278e-01;1.7500000e+01;1.5053669e-01;1.7500000e+01;1.0768732e-01;1.7500000e+01;6.0785346e-02;1.7500000e+01;1.3631269e-02;1.7500000e+01;-3.6163613e-02;1.7500000e+01;-8.4587023e-02;1.7500000e+01;-1.3160029e-01;1.7500000e+01;-9.0446971e-02;1.7500000e+01;-9.2090458e-02;1.7500000e+01;-7.5718790e-02;1.7500000e+01;-4.1286495e-02;1.7500000e+01;1.2253679e-02;1.7500000e+01;8.8006519e-02;1.7500000e+01;1.6397187e-01;1.7500000e+01;1.9565688e-01;1.7500000e+01;1.8507363e-01;1.7500000e+01;1.7423315e-01;1.7500000e+01;1.8123278e-01;1.7500000e+01;1.5053669e-01;1.7500000e+01;1.0768732e-01;1.7500000e+01;6.0785346e-02;1.7500000e+01;1.3631269e-02;1.7500000e+01;-3.6163613e-02;1.7500000e+01;-8.4587023e-02;1.7500000e+01;-1.3160029e-01;1.7500000e+01;-9.0446971e-02;1.7500000e+01;-9.2090458e-02;1.7500000e+01;-7.5718790e-02;1.7500000e+01;-4.1286495e-02;1.7500000e+01;1.2253679e-02;1.7500000e+01;8.8006519e-02;1.7500000e+01;1.6397187e-01;1.7500000e+01;1.9565688e-01;1.7500000e+01;1.8507363e-01;1.7500000e+01;1.7423315e-01;1.7500000e+01;1.8123278e-01;1.7500000e+01;1.5053669e-01;1.7500000e+01;1.0768732e-01;1.7500000e+01;6.0785346e-02;1.7500000e+01;1.3631269e-02;1.7500000e+01;-3.6163613e-02;1.7500000e+01;-8.4587023e-02;1.7500000e+01;-1.3160029e-01;1.7500000e+01;-9.0446971e-02;1.7500000e+01;-9.2090458e-02;1.7500000e+01;-7.5718790e-02;1.7500000e+01;-4.1286495e-02;1.7500000e+01;1.2253679e-02;1.7500000e+01;8.8006519e-02;1.7500000e+01;1.6397187e-01;1.7500000e+01;1.9565688e-01;1.7500000e+01;1.8507363e-01;1.7500000e+01;1.7423315e-01;1.7500000e+01;1.8123278e-01;1.7500000e+01;1.5053669e-01;1.7500000e+01;1.0768732e-01;1.7500000e+01;6.0785346e-02;1.7500000e+01;1.3631269e-02;1.7500000e+01;-3.6163613e-02;1.7500000e+01;-8.4587023e-02;1.7500000e+01;-1.3160029e-01;1.7500000e+01;-9.0446971e-02;1.7500000e+01;-9.2090458e-02;1.7500000e+01;-7.5718790e-02;1.7500000e+01;-4.1286495e-02;1.7500000e+01;1.2253679e-02;1.7500000e+01;8.8006519e-02;1.7500000e+01;1.6397187e-01;1.7500000e+01;1.9565688e-01;1.7500000e+01;1.8507363e-01;1.7500000e+01;1.7423315e-01;1.7500000e+01;1.8123278e-01;1.7500000e+01;1.5053669e-01;1.7500000e+01;1.0768732e-01;1.7500000e+01;6.0785346e-02;1.7500000e+01;1.3631269e-02;1.7500000e+01;-3.6163613e-02;1.7500000e+01;-8.4587023e-02;1.7500000e+01;-1.3160029e-01;1.7500000e+01;-9.0446971e-02;1.7500000e+01;-9.2090458e-02;1.7500000e+01;-7.5718790e-02;1.7500000e+01;-4.1286495e-02;1.7500000e+01;1.2253679e-02;1.7500000e+01;8.8006519e-02;1.7500000e+01;1.6397187e-01;1.7500000e+01;1.9565688e-01;1.7500000e+01;1.8507363e-01;1.7500000e+01;1.7423315e-01;1.7500000e+01;1.8123278e-01;1.7500000e+01;1.5053669e-01;1.7500000e+01;1.0768732e-01;1.7500000e+01;6.0785346e-02;1.7500000e+01;1.3631269e-02;1.7500000e+01;-3.6163613e-02;1.7500000e+01;-8.4587023e-02;1.7500000e+01;-1.3160029e-01;1.7500000e+01;-9.0446971e-02;1.7500000e+01;-9.2090458e-02;1.7500000e+01;-7.5718790e-02;1.7500000e+01;-4.1286495e-02;1.7500000e+01;1.2253679e-02;1.7500000e+01;8.8006519e-02;1.7500000e+01;1.6397187e-01;1.7500000e+01;1.9565688e-01;1.7500000e+01;1.8507363e-01;1.7500000e+01;1.7423315e-01;1.7500000e+01;1.8123278e-01;1.7500000e+01;1.5053669e-01;1.7500000e+01;1.0768732e-01;1.7500000e+01;6.0785346e-02;1.7500000e+01;1.3631269e-02;1.7500000e+01;-3.6163613e-02;1.7500000e+01;-8.4587023e-02;1.7500000e+01;-1.3160029e-01;1.7500000e+01;-9.0446971e-02;1.7500000e+01;-9.2090458e-02;1.7500000e+01;-7.5718790e-02;1.7500000e+01;-4.1286495e-02;1.7500000e+01;1.2253679e-02;1.7500000e+01;8.8006519e-02;1.7500000e+01;1.6397187e-01;1.7500000e+01;1.9565688e-01;1.7500000e+01;1.8507363e-01;1.7500000e+01;1.7423315e-01;1.7500000e+01;1.8123278e-01;1.7500000e+01;1.5053669e-01;1.7500000e+01;1.0768732e-01;1.7500000e+01;6.0785346e-02;1.7500000e+01;1.3631269e-02;1.7500000e+01;-3.6163613e-02;1.7500000e+01;-8.4587023e-02;1.7500000e+01;-1.3160029e-01;1.7500000e+01;-9.0446971e-02;1.7500000e+01;-9.2090458e-02;1.7500000e+01;-7.5718790e-02;1.7500000e+01;-4.1286495e-02;1.7500000e+01;1.2253679e-02;1.7500000e+01;8.8006519e-02;1.7500000e+01;1.6397187e-01;1.7500000e+01;1.9565688e-01;1.7500000e+01;1.8507363e-01;1.7500000e+01;1.7423315e-01;1.7500000e+01;1.8123278e-01;1.7500000e+01;1.5053669e-01;1.7500000e+01;1.0768732e-01;1.7500000e+01;6.0785346e-02;1.7500000e+01;1.3631269e-02;1.7500000e+01;-3.6163613e-02;1.7500000e+01;-8.4587023e-02;1.7500000e+01;-1.3160029e-01;1.7500000e+01;-9.0446971e-02;1.7500000e+01;-9.2090458e-02;1.7500000e+01;-7.5718790e-02;1.7500000e+01;-4.1286495e-02;1.7500000e+01;1.2253679e-02;1.7500000e+01;8.8006519e-02;1.7500000e+01;1.6397187e-01;1.7500000e+01;1.9565688e-01;1.7500000e+01;1.8507363e-01;1.7500000e+01;1.7423315e-01;1.7500000e+01;1.8123278e-01;1.7500000e+01;1.5053669e-01;1.7500000e+01;1.0768732e-01;1.7500000e+01;6.0785346e-02;1.7500000e+01;1.3631269e-02;1.7500000e+01;-3.6163613e-02;1.7500000e+01;-8.4587023e-02;1.7500000e+01;-1.3160029e-01;1.7500000e+01;-9.0446971e-02;1.7500000e+01;-9.2090458e-02;1.7500000e+01;-7.5718790e-02;1.7500000e+01;-4.1286495e-02;1.7500000e+01;1.2253679e-02;1.7500000e+01;8.8006519e-02;1.7500000e+01;1.6397187e-01;1.7500000e+01;1.9565688e-01;1.7500000e+01;1.8507363e-01;1.7500000e+01;1.7423315e-01;1.7500000e+01;1.8123278e-01;1.7500000e+01;1.5053669e-01;1.7500000e+01;1.0768732e-01;1.7500000e+01;6.0785346e-02;1.7500000e+01;1.3631269e-02;1.7500000e+01;-3.6163613e-02;1.7500000e+01;-8.4587023e-02;1.7500000e+01;-1.3160029e-01;1.7500000e+01;-9.0446971e-02;1.7500000e+01;-9.2090458e-02;1.7500000e+01;-7.5718790e-02;1.7500000e+01;-4.1286495e-02;1.7500000e+01;1.2253679e-02;1.7500000e+01;8.8006519e-02;1.7500000e+01;1.6397187e-01;1.7500000e+01;1.9565688e-01;1.7500000e+01;1.8507363e-01;1.7500000e+01;1.7423315e-01;1.7500000e+01;1.8123278e-01;1.7500000e+01;1.5053669e-01;1.7500000e+01;1.0768732e-01;1.7500000e+01;6.0785346e-02;1.7500000e+01;1.3631269e-02;1.7500000e+01;-3.6163613e-02;1.7500000e+01;-8.4587023e-02;1.7500000e+01;-1.3160029e-01;1.7500000e+01;-9.0446971e-02;1.7500000e+01;-9.2090458e-02;1.7500000e+01;-7.5718790e-02;1.7500000e+01;-4.1286495e-02;1.7500000e+01;1.2253679e-02;1.7500000e+01;8.8006519e-02;1.7500000e+01;1.6397187e-01;1.7500000e+01;1.9565688e-01;1.7500000e+01;1.8507363e-01;1.7500000e+01;1.7423315e-01;1.7500000e+01;1.8123278e-01;1.7500000e+01;1.5053669e-01;1.7500000e+01;1.0768732e-01;1.7500000e+01;6.0785346e-02;1.7500000e+01;1.3631269e-02;1.7500000e+01;-3.6163613e-02;1.7500000e+01;-8.4587023e-02;1.7500000e+01;-1.3160029e-01;1.7500000e+01;-9.0446971e-02;1.7500000e+01;-9.2090458e-02;1.7500000e+01;-7.5718790e-02;1.7500000e+01;-4.1286495e-02;1.7500000e+01;1.2253679e-02;1.7500000e+01;8.8006519e-02;1.7500000e+01;1.6397187e-01;1.7500000e+01;1.9565688e-01;1.7500000e+01;1.8507363e-01;1.7500000e+01;1.7423315e-01;1.7500000e+01;1.8123278e-01;1.7500000e+01;1.5053669e-01;1.7500000e+01;1.0768732e-01;1.7500000e+01;6.0785346e-02;1.7500000e+01;1.3631269e-02;1.7500000e+01;-3.6163613e-02;1.7500000e+01;-8.4587023e-02;1.7500000e+01;-1.3160029e-01;1.7500000e+01;-9.0446971e-02;1.7500000e+01;-9.2090458e-02;1.7500000e+01;-7.5718790e-02;1.7500000e+01;-4.1286495e-02;1.7500000e+01;1.2253679e-02;1.7500000e+01;8.8006519e-02;1.7500000e+01;1.6397187e-01;1.7500000e+01;1.9565688e-01;1.7500000e+01;1.8507363e-01;1.7500000e+01;1.7423315e-01;1.7500000e+01;1.8123278e-01;1.7500000e+01;1.5053669e-01;1.7500000e+01;1.0768732e-01;1.7500000e+01;6.0785346e-02;1.7500000e+01;1.3631269e-02;1.7500000e+01;-3.6163613e-02;1.7500000e+01;-8.4587023e-02;1.7500000e+01;-1.3160029e-01;1.7500000e+01;-9.0446971e-02;1.7500000e+01;-9.2090458e-02;1.7500000e+01;-7.5718790e-02;1.7500000e+01;-4.1286495e-02;1.7500000e+01;1.2253679e-02;1.7500000e+01;8.8006519e-02;1.7500000e+01;1.6397187e-01;1.7500000e+01;1.9565688e-01;1.7500000e+01;1.8507363e-01;1.7500000e+01;1.7423315e-01;1.7500000e+01;1.8123278e-01;1.7500000e+01;1.5053669e-01;1.7500000e+01;1.0768732e-01;1.7500000e+01;6.0785346e-02;1.7500000e+01;1.3631269e-02;1.7500000e+01;-3.6163613e-02;1.7500000e+01;-8.4587023e-02;1.7500000e+01;-1.3160029e-01;1.7500000e+01;-9.0446971e-02;1.7500000e+01;-9.2090458e-02;1.7500000e+01;-7.5718790e-02;1.7500000e+01;-4.1286495e-02;1.7500000e+01;1.2253679e-02;1.7500000e+01;8.8006519e-02;1.7500000e+01;1.6397187e-01;1.7500000e+01;1.9565688e-01;1.7500000e+01;1.8507363e-01;1.7500000e+01;1.7423315e-01;1.7500000e+01;1.8123278e-01;1.7500000e+01;1.5053669e-01;1.7500000e+01;1.0768732e-01;1.7500000e+01;6.0785346e-02;1.7500000e+01;1.3631269e-02;1.7500000e+01;-3.6163613e-02;1.7500000e+01;-8.4587023e-02;1.7500000e+01;-1.3160029e-01;1.7500000e+01;-9.0446971e-02;1.7500000e+01;-9.2090458e-02;1.7500000e+01;-7.5718790e-02;1.7500000e+01;-4.1286495e-02;1.7500000e+01;1.2253679e-02;1.7500000e+01;8.8006519e-02;1.7500000e+01;1.6397187e-01;1.7500000e+01;1.9565688e-01;1.7500000e+01;1.8507363e-01;1.7500000e+01;1.7423315e-01;1.7500000e+01;1.8123278e-01;1.7500000e+01;1.5053669e-01;1.7500000e+01;1.0768732e-01;1.7500000e+01;6.0785346e-02;1.7500000e+01;1.3631269e-02;1.7500000e+01;-3.6163613e-02;1.7500000e+01;-8.4587023e-02;1.7500000e+01;-1.3160029e-01;1.7500000e+01;-9.0446971e-02;1.7500000e+01;-9.2090458e-02;1.7500000e+01;-7.5718790e-02;1.7500000e+01;-4.1286495e-02;1.7500000e+01;1.2253679e-02;1.7500000e+01;8.8006519e-02;1.7500000e+01;1.6397187e-01;1.7500000e+01;1.9565688e-01;1.7500000e+01;1.8507363e-01;1.7500000e+01;1.7423315e-01;1.7500000e+01;1.8123278e-01;1.7500000e+01;1.5053669e-01;1.7500000e+01;1.0768732e-01;1.7500000e+01;6.0785346e-02;1.7500000e+01;1.3631269e-02;1.7500000e+01;-3.6163613e-02;1.7500000e+01;-8.4587023e-02;1.7500000e+01;-1.3160029e-01;1.7500000e+01;-9.0446971e-02;1.7500000e+01;-9.2090458e-02;1.7500000e+01;-7.5718790e-02;1.7500000e+01;-4.1286495e-02;1.7500000e+01;1.2253679e-02;1.7500000e+01;8.8006519e-02;1.7500000e+01;1.6397187e-01;1.7500000e+01;1.9565688e-01;1.7500000e+01;1.8507363e-01;1.7500000e+01;1.7423315e-01;1.7500000e+01;1.8123278e-01;1.7500000e+01;1.5053669e-01;1.7500000e+01;1.0768732e-01;1.7500000e+01;6.0785346e-02;1.7500000e+01;1.3631269e-02;1.7500000e+01;-3.6163613e-02;1.7500000e+01;-8.4587023e-02;1.7500000e+01;-1.3160029e-01;1.7500000e+01;-9.0446971e-02;1.7500000e+01;-9.2090458e-02;1.7500000e+01;-7.5718790e-02;1.7500000e+01;-4.1286495e-02;1.7500000e+01;1.2253679e-02;1.7500000e+01;8.8006519e-02;1.7500000e+01;1.6397187e-01;1.7500000e+01;1.9565688e-01;1.7500000e+01;1.8507363e-01;1.7500000e+01;1.7423315e-01;1.7500000e+01;1.8123278e-01;1.7500000e+01;1.5053669e-01;1.7500000e+01;1.0768732e-01;1.7500000e+01;6.0785346e-02;1.7500000e+01;1.3631269e-02;1.7500000e+01;-3.6163613e-02;1.7500000e+01;-8.4587023e-02;1.7500000e+01;-1.3160029e-01;1.7500000e+01;-9.0446971e-02;1.7500000e+01;-9.2090458e-02;1.7500000e+01;-7.5718790e-02;1.7500000e+01;-4.1286495e-02;1.7500000e+01;1.2253679e-02;1.7500000e+01;8.8006519e-02;1.7500000e+01;1.6397187e-01;1.7500000e+01;1.9565688e-01;1.7500000e+01;1.8507363e-01;1.7500000e+01;1.7423315e-01;1.7500000e+01;1.8123278e-01;1.7500000e+01;1.5053669e-01;1.7500000e+01;1.0768732e-01;1.7500000e+01;6.0785346e-02;1.7500000e+01;1.3631269e-02;1.7500000e+01;-3.6163613e-02;1.7500000e+01;-8.4587023e-02;1.7500000e+01;-1.3160029e-01;1.7500000e+01;-9.0446971e-02;1.7500000e+01;-9.2090458e-02;1.7500000e+01;-7.5718790e-02;1.7500000e+01;-4.1286495e-02;1.7500000e+01;1.2253679e-02;1.7500000e+01;8.8006519e-02;1.7500000e+01;1.6397187e-01;1.7500000e+01;1.9565688e-01;1.7500000e+01;1.8507363e-01;1.7500000e+01;1.7423315e-01;1.7500000e+01;1.8123278e-01;1.7500000e+01;1.5053669e-01;1.7500000e+01;1.0768732e-01;1.7500000e+01;6.0785346e-02;1.7500000e+01;1.3631269e-02;1.7500000e+01;-3.6163613e-02;1.7500000e+01;-8.4587023e-02;1.7500000e+01;-1.3160029e-01;1.7500000e+01;-9.0446971e-02;1.7500000e+01;-9.2090458e-02;1.7500000e+01;-7.5718790e-02;1.7500000e+01;-4.1286495e-02;1.7500000e+01;1.2253679e-02;1.7500000e+01;8.8006519e-02;1.7500000e+01;1.6397187e-01;1.7500000e+01;1.9565688e-01;1.7500000e+01;1.8507363e-01;1.7500000e+01;1.7423315e-01;1.7500000e+01;1.8123278e-01;1.7500000e+01;1.5053669e-01;1.7500000e+01;1.0768732e-01;1.7500000e+01;6.0785346e-02;1.7500000e+01;1.3631269e-02;1.7500000e+01;-3.6163613e-02;1.7500000e+01;-8.4587023e-02;1.7500000e+01;-1.3160029e-01;1.7500000e+01;-9.0446971e-02;1.7500000e+01;-9.2090458e-02;1.7500000e+01;-7.5718790e-02;1.7500000e+01;-4.1286495e-02;1.7500000e+01;1.2253679e-02;1.7500000e+01;8.8006519e-02;1.7500000e+01;1.6397187e-01;1.7500000e+01;1.9565688e-01;1.7500000e+01;1.8507363e-01;1.7500000e+01;1.7423315e-01;1.7500000e+01;1.8123278e-01;1.7500000e+01;1.5053669e-01;1.7500000e+01;1.0768732e-01;1.7500000e+01;6.0785346e-02;1.7500000e+01;1.3631269e-02;1.7500000e+01;-3.6163613e-02;1.7500000e+01;-8.4587023e-02;1.7500000e+01;-1.3160029e-01;1.7500000e+01;-9.0446971e-02;1.7500000e+01;-9.2090458e-02;1.7500000e+01;-7.5718790e-02;1.7500000e+01;-4.1286495e-02;1.7500000e+01;1.2253679e-02;1.7500000e+01;8.8006519e-02;1.7500000e+01;1.6397187e-01;1.7500000e+01;1.9565688e-01;1.7500000e+01;1.8507363e-01;1.7500000e+01;1.7423315e-01;1.7500000e+01;1.8123278e-01;1.7500000e+01;1.5053669e-01;1.7500000e+01;1.0768732e-01;1.7500000e+01;6.0785346e-02;1.7500000e+01;1.3631269e-02;1.7500000e+01;-3.6163613e-02;1.7500000e+01;-8.4587023e-02;1.7500000e+01;-1.3160029e-01;1.7500000e+01;-9.0446971e-02;1.7500000e+01;-9.2090458e-02;1.7500000e+01;-7.5718790e-02;1.7500000e+01;-4.1286495e-02;1.7500000e+01;1.2253679e-02;1.7500000e+01;8.8006519e-02;1.7500000e+01;1.6397187e-01;1.7500000e+01;1.9565688e-01;1.7500000e+01;1.8507363e-01;1.7500000e+01;1.7423315e-01;1.7500000e+01;1.8123278e-01;1.7500000e+01;1.5053669e-01;1.7500000e+01;1.0768732e-01;1.7500000e+01;6.0785346e-02;1.7500000e+01;1.3631269e-02;1.7500000e+01;-3.6163613e-02;1.7500000e+01;-8.4587023e-02;1.7500000e+01;-1.3160029e-01;1.7500000e+01;-9.0446971e-02;1.7500000e+01;-9.2090458e-02;1.7500000e+01;-7.5718790e-02;1.7500000e+01;-4.1286495e-02;1.7500000e+01;1.2253679e-02;1.7500000e+01;8.8006519e-02;1.7500000e+01;1.6397187e-01;1.7500000e+01;1.9565688e-01;1.7500000e+01;1.8507363e-01;1.7500000e+01;1.7423315e-01;1.7500000e+01;1.8123278e-01;1.7500000e+01;1.5053669e-01;1.7500000e+01;1.0768732e-01;1.7500000e+01;6.0785346e-02;1.7500000e+01;1.3631269e-02;1.7500000e+01;-3.6163613e-02;1.7500000e+01;-8.4587023e-02;1.7500000e+01;-1.3160029e-01;1.7500000e+01;-9.0446971e-02;1.7500000e+01;-9.2090458e-02;1.7500000e+01;-7.5718790e-02;1.7500000e+01;-4.1286495e-02;1.7500000e+01;1.2253679e-02;1.7500000e+01;8.8006519e-02;1.7500000e+01;1.6397187e-01;1.7500000e+01;1.9565688e-01;1.7500000e+01;1.8507363e-01;1.7500000e+01;1.7423315e-01;1.7500000e+01;1.8123278e-01;1.7500000e+01;1.5053669e-01;1.7500000e+01;1.0768732e-01;1.7500000e+01;6.0785346e-02;1.7500000e+01;1.3631269e-02;1.7500000e+01;-3.6163613e-02;1.7500000e+01;-8.4587023e-02;1.7500000e+01;-1.3160029e-01;1.7500000e+01;-9.0446971e-02;1.7500000e+01;-9.2090458e-02;1.7500000e+01;-7.5718790e-02;1.7500000e+01;-4.1286495e-02;1.7500000e+01;1.2253679e-02;1.7500000e+01;8.8006519e-02;1.7500000e+01;1.6397187e-01;1.7500000e+01;1.9565688e-01;1.7500000e+01;1.8507363e-01;1.7500000e+01;1.7423315e-01;1.7500000e+01;1.8123278e-01;1.7500000e+01;1.5053669e-01;1.7500000e+01;1.0768732e-01;1.7500000e+01;6.0785346e-02;1.7500000e+01;1.3631269e-02;1.7500000e+01;-3.6163613e-02;1.7500000e+01;-8.4587023e-02;1.7500000e+01;-1.3160029e-01;1.7500000e+01;-9.0446971e-02;1.7500000e+01;-9.2090458e-02;1.7500000e+01;-7.5718790e-02;1.7500000e+01;-4.1286495e-02;1.7500000e+01;1.2253679e-02;1.7500000e+01;8.8006519e-02;1.7500000e+01;1.6397187e-01;1.7500000e+01;1.9565688e-01;1.7500000e+01;1.8507363e-01;1.7500000e+01;1.7423315e-01;1.7500000e+01;1.8123278e-01;1.7500000e+01;1.5053669e-01;1.7500000e+01;1.0768732e-01;1.7500000e+01;6.0785346e-02;1.7500000e+01;1.3631269e-02;1.7500000e+01;-3.6163613e-02;1.7500000e+01;-8.4587023e-02;1.7500000e+01;-1.3160029e-01;1.7500000e+01;-9.0446971e-02;1.7500000e+01;-9.2090458e-02;1.7500000e+01;-7.5718790e-02;1.7500000e+01;-4.1286495e-02;1.7500000e+01;1.2253679e-02;1.7500000e+01;8.8006519e-02;1.7500000e+01;1.6397187e-01;1.7500000e+01;1.9565688e-01;1.7500000e+01;1.8507363e-01;1.7500000e+01;1.7423315e-01;1.7500000e+01;1.8123278e-01;1.7500000e+01;1.5053669e-01;1.7500000e+01;1.0768732e-01;1.7500000e+01;6.0785346e-02;1.7500000e+01;1.3631269e-02;1.7500000e+01;-3.6163613e-02;1.7500000e+01;-8.4587023e-02;1.7500000e+01;-1.3160029e-01
2.2500000e+01;-8.9132637e-02;2.2500000e+01;-8.3258443e-02;2.2500000e+01;-5.5649597e-02;2.2500000e+01;-1.2554284e-02;2.2500000e+01;4.8490014e-02;2.2500000e+01;1.2889554e-01;2.2500000e+01;1.9767451e-01;2.2500000e+01;2.1625596e-01;2.2500000e+01;1.9266149e-01;2.2500000e+01;1.7352949e-01;2.2500000e+01;1.7777416e-01;2.2500000e+01;1.5237752e-01;2.2500000e+01;1.1138207e-01;2.2500000e+01;6.5690801e-02;2.2500000e+01;1.8445879e-02;2.2500000e+01;-3.0296244e-02;2.2500000e+01;-7.8476518e-02;2.2500000e+01;-1.2609315e-01;2.2500000e+01;-8.9132637e-02;2.2500000e+01;-8.3258443e-02;2.2500000e+01;-5.5649597e-02;2.2500000e+01;-1.2554284e-02;2.2500000e+01;4.8490014e-02;2.2500000e+01;1.2889554e-01;2.2500000e+01;1.9767451e-01;2.2500000e+01;2.1625596e-01;2.2500000e+01;1.9266149e-01;2.2500000e+01;1.7352949e-01;2.2500000e+01;1.7777416e-01;2.2500000e+01;1.5237752e-01;2.2500000e+01;1.1138207e-01;2.2500000e+01;6.5690801e-02;2.2500000e+01;1.8445879e-02;2.2500000e+01;-3.0296244e-02;2.2500000e+01;-7.8476518e-02;2.2500000e+01;-1.2609315e-01;2.2500000e+01;-8.9132637e-02;2.2500000e+01;-8.3258443e-02;2.2500000e+01;-5.5649597e-02;2.2500000e+01;-1.2554284e-02;2.2500000e+01;4.8490014e-02;2.2500000e+01;1.2889554e-01;2.2500000e+01;1.9767451e-01;2.2500000e+01;2.1625596e-01;2.2500000e+01;1.9266149e-01;2.2500000e+01;1.7352949e-01;2.2500000e+01;1.7777416e-01;2.2500000e+01;1.5237752e-01;2.2500000e+01;1.1138207e-01;2.2500000e+01;6.5690801e-02;2.2500000e+01;1.8445879e-02;2.2500000e+01;-3.0296244e-02;2.2500000e+01;-7.8476518e-02;2.2500000e+01;-1.2609315e-01;2.2500000e+01;-8.9132637e-02;2.2500000e+01;-8.3258443e-02;2.2500000e+01;-5.5649597e-02;2.2500000e+01;-1.2554284e-02;2.2500000e+01;4.8490014e-02;2.2500000e+01;1.2889554e-01;2.2500000e+01;1.9767451e-01;2.2500000e+01;2.1625596e-01;2.2500000e+01;1.9266149e-01;2.2500000e+01;1.7352949e-01;2.2500000e+01;1.7777416e-01;2.2500000e+01;1.5237752e-01;2.2500000e+01;1.1138207e-01;2.2500000e+01;6.5690801e-02;2.2500000e+01;1.8445879e-02;2.2500000e+01;-3.0296244e-02;2.2500000e+01;-7.8476518e-02;2.2500000e+01;-1.2609315e-01;2.2500000e+01;-8.9132637e-02;2.2500000e+01;-8.3258443e-02;2.2500000e+01;-5.5649597e-02;2.2500000e+01;-1.2554284e-02;2.2500000e+01;4.8490014e-02;2.2500000e+01;1.2889554e-01;2.2500000e+01;1.9767451e-01;2.2500000e+01;2.1625596e-01;2.2500000e+01;1.9266149e-01;2.2500000e+01;1.7352949e-01;2.2500000e+01;1.7777416e-01;2.2500000e+01;1.5237752e-01;2.2500000e+01;1.1138207e-01;2.2500000e+01;6.5690801e-02;2.2500000e+01;1.8445879e-02;2.2500000e+01;-3.0296244e-02;2.2500000e+01;-7.8476518e-02;2.2500000e+01;-1.2609315e-01;2.2500000e+01;-8.9132637e-02;2.2500000e+01;-8.3258443e-02;2.2500000e+01;-5.5649597e-02;2.2500000e+01;-1.2554284e-02;2.2500000e+01;4.8490014e-02;2.2500000e+01;1.2889554e-01;2.2500000e+01;1.9767451e-01;2.2500000e+01;2.1625596e-01;2.2500000e+01;1.9266149e-01;2.2500000e+01;1.7352949e-01;2.2500000e+01;1.7777416e-01;2.2500000e+01;1.5237752e-01;2.2500000e+01;1.1138207e-01;2.2500000e+01;6.5690801e-02;2.2500000e+01;1.8445879e-02;2.2500000e+01;-3.0296244e-02;2.2500000e+01;-7.8476518e-02;2.2500000e+01;-1.2609315e-01;2.2500000e+01;-8.9132637e-02;2.2500000e+01;-8.3258443e-02;2.2500000e+01;-5.5649597e-02;2.2500000e+01;-1.2554284e-02;2.2500000e+01;4.8490014e-02;2.2500000e+01;1.2889554e-01;2.2500000e+01;1.9767451e-01;2.2500000e+01;2.1625596e-01;2.2500000e+01;1.9266149e-01;2.2500000e+01;1.7352949e-01;2.2500000e+01;1.7777416e-01;2.2500000e+01;1.5237752e-01;2.2500000e+01;1.1138207e-01;2.2500000e+01;6.5690801e-02;2.2500000e+01;1.8445879e-02;2.2500000e+01;-3.0296244e-02;2.2500000e+01;-7.8476518e-02;2.2500000e+01;-1.2609315e-01;2.2500000e+01;-8.9132637e-02;2.2500000e+01;-8.3258443e-02;2.2500000e+01;-5.5649597e-02;2.2500000e+01;-1.2554284e-02;2.2500000e+01;4.8490014e-02;2.2500000e+01;1.2889554e-01;2.2500000e+01;1.9767451e-01;2.2500000e+01;2.1625596e-01;2.2500000e+01;1.9266149e-01;2.2500000e+01;1.7352949e-01;2.2500000e+01;1.7777416e-01;2.2500000e+01;1.5237752e-01;2.2500000e+01;1.1138207e-01;2.2500000e+01;6.5690801e-02;2.2500000e+01;1.8445879e-02;2.2500000e+01;-3.0296244e-02;2.2500000e+01;-7.8476518e-02;2.2500000e+01;-1.2609315e-01;2.2500000e+01;-8.9132637e-02;2.2500000e+01;-8.3258443e-02;2.2500000e+01;-5.5649597e-02;2.2500000e+01;-1.2554284e-02;2.2500000e+01;4.8490014e-02;2.2500000e+01;1.2889554e-01;2.2500000e+01;1.9767451e-01;2.2500000e+01;2.1625596e-01;2.2500000e+01;1.9266149e-01;2.2500000e+01;1.7352949e-01;2.2500000e+01;1.7777416e-01;2.2500000e+01;1.5237752e-01;2.2500000e+01;1.1138207e-01;2.2500000e+01;6.5690801e-02;2.2500000e+01;1.8445879e-02;2.2500000e+01;-3.0296244e-02;2.2500000e+01;-7.8476518e-02;2.2500000e+01;-1.2609315e-01;2.2500000e+01;-8.9132637e-02;2.2500000e+01;-8.3258443e-02;2.2500000e+01;-5.5649597e-02;2.2500000e+01;-1.2554284e-02;2.2500000e+01;4.8490014e-02;2.2500000e+01;1.2889554e-01;2.2500000e+01;1.9767451e-01;2.2500000e+01;2.1625596e-01;2.2500000e+01;1.9266149e-01;2.2500000e+01;1.7352949e-01;2.2500000e+01;1.7777416e-01;2.2500000e+01;1.5237752e-01;2.2500000e+01;1.1138207e-01;2.2500000e+01;6.5690801e-02;2.2500000e+01;1.8445879e-02;2.2500000e+01;-3.0296244e-02;2.2500000e+01;-7.8476518e-02;2.2500000e+01;-1.2609315e-01;2.2500000e+01;-8.9132637e-02;2.2500000e+01;-8.3258443e-02;2.2500000e+01;-5.5649597e-02;2.2500000e+01;-1.2554284e-02;2.2500000e+01;4.8490014e-02;2.2500000e+01;1.2889554e-01;2.2500000e+01;1.9767451e-01;2.2500000e+01;2.1625596e-01;2.2500000e+01;1.9266149e-01;2.2500000e+01;1.7352949e-01;2.2500000e+01;1.7777416e-01;2.2500000e+01;1.5237752e-01;2.2500000e+01;1.1138207e-01;2.2500000e+01;6.5690801e-02;2.2500000e+01;1.8445879e-02;2.2500000e+01;-3.0296244e-02;2.2500000e+01;-7.8476518e-02;2.2500000e+01;-1.2609315e-01;2.2500000e+01;-8.9132637e-02;2.2500000e+01;-8.3258443e-02;2.2500000e+01;-5.5649597e-02;2.2500000e+01;-1.2554284e-02;2.2500000e+01;4.8490014e-02;2.2500000e+01;1.2889554e-01;2.2500000e+01;1.9767451e-01;2.2500000e+01;2.1625596e-01;2.2500000e+01;1.9266149e-01;2.2500000e+01;1.7352949e-01;2.2500000e+01;1.7777416e-01;2.2500000e+01;1.5237752e-01;2.2500000e+01;1.1138207e-01;2.2500000e+01;6.5690801e-02;2.2500000e+01;1.8445879e-02;2.2500000e+01;-3.0296244e-02;2.2500000e+01;-7.8476518e-02;2.2500000e+01;-1.2609315e-01;2.2500000e+01;-8.9132637e-02;2.2500000e+01;-8.3258443e-02;2.2500000e+01;-5.5649597e-02;2.2500000e+01;-1.2554284e-02;2.2500000e+01;4.8490014e-02;2.2500000e+01;1.2889554e-01;2.2500000e+01;1.9767451e-01;2.2500000e+01;2.1625596e-01;2.2500000e+01;1.9266149e-01;2.2500000e+01;1.7352949e-01;2.2500000e+01;1.7777416e-01;2.2500000e+01;1.5237752e-01;2.2500000e+01;1.1138207e-01;2.2500000e+01;6.5690801e-02;2.2500000e+01;1.8445879e-02;2.2500000e+01;-3.0296244e-02;2.2500000e+01;-7.8476518e-02;2.2500000e+01;-1.2609315e-01;2.2500000e+01;-8.9132637e-02;2.2500000e+01;-8.3258443e-02;2.2500000e+01;-5.5649597e-02;2.2500000e+01;-1.2554284e-02;2.2500000e+01;4.8490014e-02;2.2500000e+01;1.2889554e-01;2.2500000e+01;1.9767451e-01;2.2500000e+01;2.1625596e-01;2.2500000e+01;1.9266149e-01;2.2500000e+01;1.7352949e-01;2.2500000e+01;1.7777416e-01;2.2500000e+01;1.5237752e-01;2.2500000e+01;1.1138207e-01;2.2500000e+01;6.5690801e-02;2.2500000e+01;1.8445879e-02;2.2500000e+01;-3.0296244e-02;2.2500000e+01;-7.8476518e-02;2.2500000e+01;-1.2609315e-01;2.2500000e+01;-8.9132637e-02;2.2500000e+01;-8.3258443e-02;2.2500000e+01;-5.5649597e-02;2.2500000e+01;-1.2554284e-02;2.2500000e+01;4.8490014e-02;2.2500000e+01;1.2889554e-01;2.2500000e+01;1.9767451e-01;2.2500000e+01;2.1625596e-01;2.2500000e+01;1.9266149e-01;2.2500000e+01;1.7352949e-01;2.2500000e+01;1.7777416e-01;2.2500000e+01;1.5237752e-01;2.2500000e+01;1.1138207e-01;2.2500000e+01;6.5690801e-02;2.2500000e+01;1.8445879e-02;2.2500000e+01;-3.0296244e-02;2.2500000e+01;-7.8476518e-02;2.2500000e+01;-1.2609315e-01;2.2500000e+01;-8.9132637e-02;2.2500000e+01;-8.3258443e-02;2.2500000e+01;-5.5649597e-02;2.2500000e+01;-1.2554284e-02;2.2500000e+01;4.8490014e-02;2.2500000e+01;1.2889554e-01;2.2500000e+01;1.9767451e-01;2.2500000e+01;2.1625596e-01;2.2500000e+01;1.9266149e-01;2.2500000e+01;1.7352949e-01;2.2500000e+01;1.7777416e-01;2.2500000e+01;1.5237752e-01;2.2500000e+01;1.1138207e-01;2.2500000e+01;6.5690801e-02;2.2500000e+01;1.8445879e-02;2.2500000e+01;-3.0296244e-02;2.2500000e+01;-7.8476518e-02;2.2500000e+01;-1.2609315e-01;2.2500000e+01;-8.9132637e-02;2.2500000e+01;-8.3258443e-02;2.2500000e+01;-5.5649597e-02;2.2500000e+01;-1.2554284e-02;2.2500000e+01;4.8490014e-02;2.2500000e+01;1.2889554e-01;2.2500000e+01;1.9767451e-01;2.2500000e+01;2.1625596e-01;2.2500000e+01;1.9266149e-01;2.2500000e+01;1.7352949e-01;2.2500000e+01;1.7777416e-01;2.2500000e+01;1.5237752e-01;2.2500000e+01;1.1138207e-01;2.2500000e+01;6.5690801e-02;2.2500000e+01;1.8445879e-02;2.2500000e+01;-3.0296244e-02;2.2500000e+01;-7.8476518e-02;2.2500000e+01;-1.2609315e-01;2.2500000e+01;-8.9132637e-02;2.2500000e+01;-8.3258443e-02;2.2500000e+01;-5.5649597e-02;2.2500000e+01;-1.2554284e-02;2.2500000e+01;4.8490014e-02;2.2500000e+01;1.2889554e-01;2.2500000e+01;1.9767451e-01;2.2500000e+01;2.1625596e-01;2.2500000e+01;1.9266149e-01;2.2500000e+01;1.7352949e-01;2.2500000e+01;1.7777416e-01;2.2500000e+01;1.5237752e-01;2.2500000e+01;1.1138207e-01;2.2500000e+01;6.5690801e-02;2.2500000e+01;1.8445879e-02;2.2500000e+01;-3.0296244e-02;2.2500000e+01;-7.8476518e-02;2.2500000e+01;-1.2609315e-01;2.2500000e+01;-8.9132637e-02;2.2500000e+01;-8.3258443e-02;2.2500000e+01;-5.5649597e-02;2.2500000e+01;-1.2554284e-02;2.2500000e+01;4.8490014e-02;2.2500000e+01;1.2889554e-01;2.2500000e+01;1.9767451e-01;2.2500000e+01;2.1625596e-01;2.2500000e+01;1.9266149e-01;2.2500000e+01;1.7352949e-01;2.2500000e+01;1.7777416e-01;2.2500000e+01;1.5237752e-01;2.2500000e+01;1.1138207e-01;2.2500000e+01;6.5690801e-02;2.2500000e+01;1.8445879e-02;2.2500000e+01;-3.0296244e-02;2.2500000e+01;-7.8476518e-02;2.2500000e+01;-1.2609315e-01;2.2500000e+01;-8.9132637e-02;2.2500000e+01;-8.3258443e-02;2.2500000e+01;-5.5649597e-02;2.2500000e+01;-1.2554284e-02;2.2500000e+01;4.8490014e-02;2.2500000e+01;1.2889554e-01;2.2500000e+01;1.9767451e-01;2.2500000e+01;2.1625596e-01;2.2500000e+01;1.9266149e-01;2.2500000e+01;1.7352949e-01;2.2500000e+01;1.7777416e-01;2.2500000e+01;1.5237752e-01;2.2500000e+01;1.1138207e-01;2.2500000e+01;6.5690801e-02;2.2500000e+01;1.8445879e-02;2.2500000e+01;-3.0296244e-02;2.2500000e+01;-7.8476518e-02;2.2500000e+01;-1.2609315e-01;2.2500000e+01;-8.9132637e-02;2.2500000e+01;-8.3258443e-02;2.2500000e+01;-5.5649597e-02;2.2500000e+01;-1.2554284e-02;2.2500000e+01;4.8490014e-02;2.2500000e+01;1.2889554e-01;2.2500000e+01;1.9767451e-01;2.2500000e+01;2.1625596e-01;2.2500000e+01;1.9266149e-01;2.2500000e+01;1.7352949e-01;2.2500000e+01;1.7777416e-01;2.2500000e+01;1.5237752e-01;2.2500000e+01;1.1138207e-01;2.2500000e+01;6.5690801e-02;2.2500000e+01;1.8445879e-02;2.2500000e+01;-3.0296244e-02;2.2500000e+01;-7.8476518e-02;2.2500000e+01;-1.2609315e-01;2.2500000e+01;-8.9132637e-02;2.2500000e+01;-8.3258443e-02;2.2500000e+01;-5.5649597e-02;2.2500000e+01;-1.2554284e-02;2.2500000e+01;4.8490014e-02;2.2500000e+01;1.2889554e-01;2.2500000e+01;1.9767451e-01;2.2500000e+01;2.1625596e-01;2.2500000e+01;1.9266149e-01;2.2500000e+01;1.7352949e-01;2.2500000e+01;1.7777416e-01;2.2500000e+01;1.5237752e-01;2.2500000e+01;1.1138207e-01;2.2500000e+01;6.5690801e-02;2.2500000e+01;1.8445879e-02;2.2500000e+01;-3.0296244e-02;2.2500000e+01;-7.8476518e-02;2.2500000e+01;-1.2609315e-01;2.2500000e+01;-8.9132637e-02;2.2500000e+01;-8.3258443e-02;2.2500000e+01;-5.5649597e-02;2.2500000e+01;-1.2554284e-02;2.2500000e+01;4.8490014e-02;2.2500000e+01;1.2889554e-01;2.2500000e+01;1.9767451e-01;2.2500000e+01;2.1625596e-01;2.2500000e+01;1.9266149e-01;2.2500000e+01;1.7352949e-01;2.2500000e+01;1.7777416e-01;2.2500000e+01;1.5237752e-01;2.2500000e+01;1.1138207e-01;2.2500000e+01;6.5690801e-02;2.2500000e+01;1.8445879e-02;2.2500000e+01;-3.0296244e-02;2.2500000e+01;-7.8476518e-02;2.2500000e+01;-1.2609315e-01;2.2500000e+01;-8.9132637e-02;2.2500000e+01;-8.3258443e-02;2.2500000e+01;-5.5649597e-02;2.2500000e+01;-1.2554284e-02;2.2500000e+01;4.8490014e-02;2.2500000e+01;1.2889554e-01;2.2500000e+01;1.9767451e-01;2.2500000e+01;2.1625596e-01;2.2500000e+01;1.9266149e-01;2.2500000e+01;1.7352949e-01;2.2500000e+01;1.7777416e-01;2.2500000e+01;1.5237752e-01;2.2500000e+01;1.1138207e-01;2.2500000e+01;6.5690801e-02;2.2500000e+01;1.8445879e-02;2.2500000e+01;-3.0296244e-02;2.2500000e+01;-7.8476518e-02;2.2500000e+01;-1.2609315e-01;2.2500000e+01;-8.9132637e-02;2.2500000e+01;-8.3258443e-02;2.2500000e+01;-5.5649597e-02;2.2500000e+01;-1.2554284e-02;2.2500000e+01;4.8490014e-02;2.2500000e+01;1.2889554e-01;2.2500000e+01;1.9767451e-01;2.2500000e+01;2.1625596e-01;2.2500000e+01;1.9266149e-01;2.2500000e+01;1.7352949e-01;2.2500000e+01;1.7777416e-01;2.2500000e+01;1.5237752e-01;2.2500000e+01;1.1138207e-01;2.2500000e+01;6.5690801e-02;2.2500000e+01;1.8445879e-02;2.2500000e+01;-3.0296244e-02;2.2500000e+01;-7.8476518e-02;2.2500000e+01;-1.2609315e-01;2.2500000e+01;-8.9132637e-02;2.2500000e+01;-8.3258443e-02;2.2500000e+01;-5.5649597e-02;2.2500000e+01;-1.2554284e-02;2.2500000e+01;4.8490014e-02;2.2500000e+01;1.2889554e-01;2.2500000e+01;1.9767451e-01;2.2500000e+01;2.1625596e-01;2.2500000e+01;1.9266149e-01;2.2500000e+01;1.7352949e-01;2.2500000e+01;1.7777416e-01;2.2500000e+01;1.5237752e-01;2.2500000e+01;1.1138207e-01;2.2500000e+01;6.5690801e-02;2.2500000e+01;1.8445879e-02;2.2500000e+01;-3.0296244e-02;2.2500000e+01;-7.8476518e-02;2.2500000e+01;-1.2609315e-01;2.2500000e+01;-8.9132637e-02;2.2500000e+01;-8.3258443e-02;2.2500000e+01;-5.5649597e-02;2.2500000e+01;-1.2554284e-02;2.2500000e+01;4.8490014e-02;2.2500000e+01;1.2889554e-01;2.2500000e+01;1.9767451e-01;2.2500000e+01;2.1625596e-01;2.2500000e+01;1.9266149e-01;2.2500000e+01;1.7352949e-01;2.2500000e+01;1.7777416e-01;2.2500000e+01;1.5237752e-01;2.2500000e+01;1.1138207e-01;2.2500000e+01;6.5690801e-02;2.2500000e+01;1.8445879e-02;2.2500000e+01;-3.0296244e-02;2.2500000e+01;-7.8476518e-02;2.2500000e+01;-1.2609315e-01;2.2500000e+01;-8.9132637e-02;2.2500000e+01;-8.3258443e-02;2.2500000e+01;-5.5649597e-02;2.2500000e+01;-1.2554284e-02;2.2500000e+01;4.8490014e-02;2.2500000e+01;1.2889554e-01;2.2500000e+01;1.9767451e-01;2.2500000e+01;2.1625596e-01;2.2500000e+01;1.9266149e-01;2.2500000e+01;1.7352949e-01;2.2500000e+01;1.7777416e-01;2.2500000e+01;1.5237752e-01;2.2500000e+01;1.1138207e-01;2.2500000e+01;6.5690801e-02;2.2500000e+01;1.8445879e-02;2.2500000e+01;-3.0296244e-02;2.2500000e+01;-7.8476518e-02;2.2500000e+01;-1.2609315e-01;2.2500000e+01;-8.9132637e-02;2.2500000e+01;-8.3258443e-02;2.2500000e+01;-5.5649597e-02;2.2500000e+01;-1.2554284e-02;2.2500000e+01;4.8490014e-02;2.2500000e+01;1.2889554e-01;2.2500000e+01;1.9767451e-01;2.2500000e+01;2.1625596e-01;2.2500000e+01;1.9266149e-01;2.2500000e+01;1.7352949e-01;2.2500000e+01;1.7777416e-01;2.2500000e+01;1.5237752e-01;2.2500000e+01;1.1138207e-01;2.2500000e+01;6.5690801e-02;2.2500000e+01;1.8445879e-02;2.2500000e+01;-3.0296244e-02;2.2500000e+01;-7.8476518e-02;2.2500000e+01;-1.2609315e-01;2.2500000e+01;-8.9132637e-02;2.2500000e+01;-8.3258443e-02;2.2500000e+01;-5.5649597e-02;2.2500000e+01;-1.2554284e-02;2.2500000e+01;4.8490014e-02;2.2500000e+01;1.2889554e-01;2.2500000e+01;1.9767451e-01;2.2500000e+01;2.1625596e-01;2.2500000e+01;1.9266149e-01;2.2500000e+01;1.7352949e-01;2.2500000e+01;1.7777416e-01;2.2500000e+01;1.5237752e-01;2.2500000e+01;1.1138207e-01;2.2500000e+01;6.5690801e-02;2.2500000e+01;1.8445879e-02;2.2500000e+01;-3.0296244e-02;2.2500000e+01;-7.8476518e-02;2.2500000e+01;-1.2609315e-01;2.2500000e+01;-8.9132637e-02;2.2500000e+01;-8.3258443e-02;2.2500000e+01;-5.5649597e-02;2.2500000e+01;-1.2554284e-02;2.2500000e+01;4.8490014e-02;2.2500000e+01;1.2889554e-01;2.2500000e+01;1.9767451e-01;2.2500000e+01;2.1625596e-01;2.2500000e+01;1.9266149e-01;2.2500000e+01;1.7352949e-01;2.2500000e+01;1.7777416e-01;2.2500000e+01;1.5237752e-01;2.2500000e+01;1.1138207e-01;2.2500000e+01;6.5690801e-02;2.2500000e+01;1.8445879e-02;2.2500000e+01;-3.0296244e-02;2.2500000e+01;-7.8476518e-02;2.2500000e+01;-1.2609315e-01;2.2500000e+01;-8.9132637e-02;2.2500000e+01;-8.3258443e-02;2.2500000e+01;-5.5649597e-02;2.2500000e+01;-1.2554284e-02;2.2500000e+01;4.8490014e-02;2.2500000e+01;1.2889554e-01;2.2500000e+01;1.9767451e-01;2.2500000e+01;2.1625596e-01;2.2500000e+01;1.9266149e-01;2.2500000e+01;1.7352949e-01;2.2500000e+01;1.7777416e-01;2.2500000e+01;1.5237752e-01;2.2500000e+01;1.1138207e-01;2.2500000e+01;6.5690801e-02;2.2500000e+01;1.8445879e-02;2.2500000e+01;-3.0296244e-02;2.2500000e+01;-7.8476518e-02;2.2500000e+01;-1.2609315e-01;2.2500000e+01;-8.9132637e-02;2.2500000e+01;-8.3258443e-02;2.2500000e+01;-5.5649597e-02;2.2500000e+01;-1.2554284e-02;2.2500000e+01;4.8490014e-02;2.2500000e+01;1.2889554e-01;2.2500000e+01;1.9767451e-01;2.2500000e+01;2.1625596e-01;2.2500000e+01;1.9266149e-01;2.2500000e+01;1.7352949e-01;2.2500000e+01;1.7777416e-01;2.2500000e+01;1.5237752e-01;2.2500000e+01;1.1138207e-01;2.2500000e+01;6.5690801e-02;2.2500000e+01;1.8445879e-02;2.2500000e+01;-3.0296244e-02;2.2500000e+01;-7.8476518e-02;2.2500000e+01;-1.2609315e-01;2.2500000e+01;-8.9132637e-02;2.2500000e+01;-8.3258443e-02;2.2500000e+01;-5.5649597e-02;2.2500000e+01;-1.2554284e-02;2.2500000e+01;4.8490014e-02;2.2500000e+01;1.2889554e-01;2.2500000e+01;1.9767451e-01;2.2500000e+01;2.1625596e-01;2.2500000e+01;1.9266149e-01;2.2500000e+01;1.7352949e-01;2.2500000e+01;1.7777416e-01;2.2500000e+01;1.5237752e-01;2.2500000e+01;1.1138207e-01;2.2500000e+01;6.5690801e-02;2.2500000e+01;1.8445879e-02;2.2500000e+01;-3.0296244e-02;2.2500000e+01;-7.8476518e-02;2.2500000e+01;-1.2609315e-01;2.2500000e+01;-8.9132637e-02;2.2500000e+01;-8.3258443e-02;2.2500000e+01;-5.5649597e-02;2.2500000e+01;-1.2554284e-02;2.2500000e+01;4.8490014e-02;2.2500000e+01;1.2889554e-01;2.2500000e+01;1.9767451e-01;2.2500000e+01;2.1625596e-01;2.2500000e+01;1.9266149e-01;2.2500000e+01;1.7352949e-01;2.2500000e+01;1.7777416e-01;2.2500000e+01;1.5237752e-01;2.2500000e+01;1.1138207e-01;2.2500000e+01;6.5690801e-02;2.2500000e+01;1.8445879e-02;2.2500000e+01;-3.0296244e-02;2.2500000e+01;-7.8476518e-02;2.2500000e+01;-1.2609315e-01;2.2500000e+01;-8.9132637e-02;2.2500000e+01;-8.3258443e-02;2.2500000e+01;-5.5649597e-02;2.2500000e+01;-1.2554284e-02;2.2500000e+01;4.8490014e-02;2.2500000e+01;1.2889554e-01;2.2500000e+01;1.9767451e-01;2.2500000e+01;2.1625596e-01;2.2500000e+01;1.9266149e-01;2.2500000e+01;1.7352949e-01;2.2500000e+01;1.7777416e-01;2.2500000e+01;1.5237752e-01;2.2500000e+01;1.1138207e-01;2.2500000e+01;6.5690801e-02;2.2500000e+01;1.8445879e-02;2.2500000e+01;-3.0296244e-02;2.2500000e+01;-7.8476518e-02;2.2500000e+01;-1.2609315e-01;2.2500000e+01;-8.9132637e-02;2.2500000e+01;-8.3258443e-02;2.2500000e+01;-5.5649597e-02;2.2500000e+01;-1.2554284e-02;2.2500000e+01;4.8490014e-02;2.2500000e+01;1.2889554e-01;2.2500000e+01;1.9767451e-01;2.2500000e+01;2.1625596e-01;2.2500000e+01;1.9266149e-01;2.2500000e+01;1.7352949e-01;2.2500000e+01;1.7777416e-01;2.2500000e+01;1.5237752e-01;2.2500000e+01;1.1138207e-01;2.2500000e+01;6.5690801e-02;2.2500000e+01;1.8445879e-02;2.2500000e+01;-3.0296244e-02;2.2500000e+01;-7.8476518e-02;2.2500000e+01;-1.2609315e-01;2.2500000e+01;-8.9132637e-02;2.2500000e+01;-8.3258443e-02;2.2500000e+01;-5.5649597e-02;2.2500000e+01;-1.2554284e-02;2.2500000e+01;4.8490014e-02;2.2500000e+01;1.2889554e-01;2.2500000e+01;1.9767451e-01;2.2500000e+01;2.1625596e-01;2.2500000e+01;1.9266149e-01;2.2500000e+01;1.7352949e-01;2.2500000e+01;1.7777416e-01;2.2500000e+01;1.5237752e-01;2.2500000e+01;1.1138207e-01;2.2500000e+01;6.5690801e-02;2.2500000e+01;1.8445879e-02;2.2500000e+01;-3.0296244e-02;2.2500000e+01;-7.8476518e-02;2.2500000e+01;-1.2609315e-01;2.2500000e+01;-8.9132637e-02;2.2500000e+01;-8.3258443e-02;2.2500000e+01;-5.5649597e-02;2.2500000e+01;-1.2554284e-02;2.2500000e+01;4.8490014e-02;2.2500000e+01;1.2889554e-01;2.2500000e+01;1.9767451e-01;2.2500000e+01;2.1625596e-01;2.2500000e+01;1.9266149e-01;2.2500000e+01;1.7352949e-01;2.2500000e+01;1.7777416e-01;2.2500000e+01;1.5237752e-01;2.2500000e+01;1.1138207e-01;2.2500000e+01;6.5690801e-02;2.2500000e+01;1.8445879e-02;2.2500000e+01;-3.0296244e-02;2.2500000e+01;-7.8476518e-02;2.2500000e+01;-1.2609315e-01;2.2500000e+01;-8.9132637e-02;2.2500000e+01;-8.3258443e-02;2.2500000e+01;-5.5649597e-02;2.2500000e+01;-1.2554284e-02;2.2500000e+01;4.8490014e-02;2.2500000e+01;1.2889554e-01;2.2500000e+01;1.9767451e-01;2.2500000e+01;2.1625596e-01;2.2500000e+01;1.9266149e-01;2.2500000e+01;1.7352949e-01;2.2500000e+01;1.7777416e-01;2.2500000e+01;1.5237752e-01;2.2500000e+01;1.1138207e-01;2.2500000e+01;6.5690801e-02;2.2500000e+01;1.8445879e-02;2.2500000e+01;-3.0296244e-02;2.2500000e+01;-7.8476518e-02;2.2500000e+01;-1.2609315e-01;2.2500000e+01;-8.9132637e-02;2.2500000e+01;-8.3258443e-02;2.2500000e+01;-5.5649597e-02;2.2500000e+01;-1.2554284e-02;2.2500000e+01;4.8490014e-02;2.2500000e+01;1.2889554e-01;2.2500000e+01;1.9767451e-01;2.2500000e+01;2.1625596e-01;2.2500000e+01;1.9266149e-01;2.2500000e+01;1.7352949e-01;2.2500000e+01;1.7777416e-01;2.2500000e+01;1.5237752e-01;2.2500000e+01;1.1138207e-01;2.2500000e+01;6.5690801e-02;2.2500000e+01;1.8445879e-02;2.2500000e+01;-3.0296244e-02;2.2500000e+01;-7.8476518e-02;2.2500000e+01;-1.2609315e-01;2.2500000e+01;-8.9132637e-02;2.2500000e+01;-8.3258443e-02;2.2500000e+01;-5.5649597e-02;2.2500000e+01;-1.2554284e-02;2.2500000e+01;4.8490014e-02;2.2500000e+01;1.2889554e-01;2.2500000e+01;1.9767451e-01;2.2500000e+01;2.1625596e-01;2.2500000e+01;1.9266149e-01;2.2500000e+01;1.7352949e-01;2.2500000e+01;1.7777416e-01;2.2500000e+01;1.5237752e-01;2.2500000e+01;1.1138207e-01;2.2500000e+01;6.5690801e-02;2.2500000e+01;1.8445879e-02;2.2500000e+01;-3.0296244e-02;2.2500000e+01;-7.8476518e-02;2.2500000e+01;-1.2609315e-01;2.2500000e+01;-8.9132637e-02;2.2500000e+01;-8.3258443e-02;2.2500000e+01;-5.5649597e-02;2.2500000e+01;-1.2554284e-02;2.2500000e+01;4.8490014e-02;2.2500000e+01;1.2889554e-01;2.2500000e+01;1.9767451e-01;2.2500000e+01;2.1625596e-01;2.2500000e+01;1.9266149e-01;2.2500000e+01;1.7352949e-01;2.2500000e+01;1.7777416e-01;2.2500000e+01;1.5237752e-01;2.2500000e+01;1.1138207e-01;2.2500000e+01;6.5690801e-02;2.2500000e+01;1.8445879e-02;2.2500000e+01;-3.0296244e-02;2.2500000e+01;-7.8476518e-02;2.2500000e+01;-1.2609315e-01;2.2500000e+01;-8.9132637e-02;2.2500000e+01;-8.3258443e-02;2.2500000e+01;-5.5649597e-02;2.2500000e+01;-1.2554284e-02;2.2500000e+01;4.8490014e-02;2.2500000e+01;1.2889554e-01;2.2500000e+01;1.9767451e-01;2.2500000e+01;2.1625596e-01;2.2500000e+01;1.9266149e-01;2.2500000e+01;1.7352949e-01;2.2500000e+01;1.7777416e-01;2.2500000e+01;1.5237752e-01;2.2500000e+01;1.1138207e-01;2.2500000e+01;6.5690801e-02;2.2500000e+01;1.8445879e-02;2.2500000e+01;-3.0296244e-02;2.2500000e+01;-7.8476518e-02;2.2500000e+01;-1.2609315e-01;2.2500000e+01;-8.9132637e-02;2.2500000e+01;-8.3258443e-02;2.2500000e+01;-5.5649597e-02;2.2500000e+01;-1.2554284e-02;2.2500000e+01;4.8490014e-02;2.2500000e+01;1.2889554e-01;2.2500000e+01;1.9767451e-01;2.2500000e+01;2.1625596e-01;2.2500000e+01;1.9266149e-01;2.2500000e+01;1.7352949e-01;2.2500000e+01;1.7777416e-01;2.2500000e+01;1.5237752e-01;2.2500000e+01;1.1138207e-01;2.2500000e+01;6.5690801e-02;2.2500000e+01;1.8445879e-02;2.2500000e+01;-3.0296244e-02;2.2500000e+01;-7.8476518e-02;2.2500000e+01;-1.2609315e-01;2.2500000e+01;-8.9132637e-02;2.2500000e+01;-8.3258443e-02;2.2500000e+01;-5.5649597e-02;2.2500000e+01;-1.2554284e-02;2.2500000e+01;4.8490014e-02;2.2500000e+01;1.2889554e-01;2.2500000e+01;1.9767451e-01;2.2500000e+01;2.1625596e-01;2.2500000e+01;1.9266149e-01;2.2500000e+01;1.7352949e-01;2.2500000e+01;1.7777416e-01;2.2500000e+01;1.5237752e-01;2.2500000e+01;1.1138207e-01;2.2500000e+01;6.5690801e-02;2.2500000e+01;1.8445879e-02;2.2500000e+01;-3.0296244e-02;2.2500000e+01;-7.8476518e-02;2.2500000e+01;-1.2609315e-01;2.2500000e+01;-8.9132637e-02;2.2500000e+01;-8.3258443e-02;2.2500000e+01;-5.5649597e-02;2.2500000e+01;-1.2554284e-02;2.2500000e+01;4.8490014e-02;2.2500000e+01;1.2889554e-01;2.2500000e+01;1.9767451e-01;2.2500000e+01;2.1625596e-01;2.2500000e+01;1.9266149e-01;2.2500000e+01;1.7352949e-01;2.2500000e+01;1.7777416e-01;2.2500000e+01;1.5237752e-01;2.2500000e+01;1.1138207e-01;2.2500000e+01;6.5690801e-02;2.2500000e+01;1.8445879e-02;2.2500000e+01;-3.0296244e-02;2.2500000e+01;-7.8476518e-02;2.2500000e+01;-1.2609315e-01;2.2500000e+01;-8.9132637e-02;2.2500000e+01;-8.3258443e-02;2.2500000e+01;-5.5649597e-02;2.2500000e+01;-1.2554284e-02;2.2500000e+01;4.8490014e-02;2.2500000e+01;1.2889554e-01;2.2500000e+01;1.9767451e-01;2.2500000e+01;2.1625596e-01;2.2500000e+01;1.9266149e-01;2.2500000e+01;1.7352949e-01;2.2500000e+01;1.7777416e-01;2.2500000e+01;1.5237752e-01;2.2500000e+01;1.1138207e-01;2.2500000e+01;6.5690801e-02;2.2500000e+01;1.8445879e-02;2.2500000e+01;-3.0296244e-02;2.2500000e+01;-7.8476518e-02;2.2500000e+01;-1.2609315e-01;2.2500000e+01;-8.9132637e-02;2.2500000e+01;-8.3258443e-02;2.2500000e+01;-5.5649597e-02;2.2500000e+01;-1.2554284e-02;2.2500000e+01;4.8490014e-02;2.2500000e+01;1.2889554e-01;2.2500000e+01;1.9767451e-01;2.2500000e+01;2.1625596e-01;2.2500000e+01;1.9266149e-01;2.2500000e+01;1.7352949e-01;2.2500000e+01;1.7777416e-01;2.2500000e+01;1.5237752e-01;2.2500000e+01;1.1138207e-01;2.2500000e+01;6.5690801e-02;2.2500000e+01;1.8445879e-02;2.2500000e+01;-3.0296244e-02;2.2500000e+01;-7.8476518e-02;2.2500000e+01;-1.2609315e-01;2.2500000e+01;-8.9132637e-02;2.2500000e+01;-8.3258443e-02;2.2500000e+01;-5.5649597e-02;2.2500000e+01;-1.2554284e-02;2.2500000e+01;4.8490014e-02;2.2500000e+01;1.2889554e-01;2.2500000e+01;1.9767451e-01;2.2500000e+01;2.1625596e-01;2.2500000e+01;1.9266149e-01;2.2500000e+01;1.7352949e-01;2.2500000e+01;1.7777416e-01;2.2500000e+01;1.5237752e-01;2.2500000e+01;1.1138207e-01;2.2500000e+01;6.5690801e-02;2.2500000e+01;1.8445879e-02;2.2500000e+01;-3.0296244e-02;2.2500000e+01;-7.8476518e-02;2.2500000e+01;-1.2609315e-01;2.2500000e+01;-8.9132637e-02;2.2500000e+01;-8.3258443e-02;2.2500000e+01;-5.5649597e-02;2.2500000e+01;-1.2554284e-02;2.2500000e+01;4.8490014e-02;2.2500000e+01;1.2889554e-01;2.2500000e+01;1.9767451e-01;2.2500000e+01;2.1625596e-01;2.2500000e+01;1.9266149e-01;2.2500000e+01;1.7352949e-01;2.2500000e+01;1.7777416e-01;2.2500000e+01;1.5237752e-01;2.2500000e+01;1.1138207e-01;2.2500000e+01;6.5690801e-02;2.2500000e+01;1.8445879e-02;2.2500000e+01;-3.0296244e-02;2.2500000e+01;-7.8476518e-02;2.2500000e+01;-1.2609315e-01;2.2500000e+01;-8.9132637e-02;2.2500000e+01;-8.3258443e-02;2.2500000e+01;-5.5649597e-02;2.2500000e+01;-1.2554284e-02;2.2500000e+01;4.8490014e-02;2.2500000e+01;1.2889554e-01;2.2500000e+01;1.9767451e-01;2.2500000e+01;2.1625596e-01;2.2500000e+01;1.9266149e-01;2.2500000e+01;1.7352949e-01;2.2500000e+01;1.7777416e-01;2.2500000e+01;1.5237752e-01;2.2500000e+01;1.1138207e-01;2.2500000e+01;6.5690801e-02;2.2500000e+01;1.8445879e-02;2.2500000e+01;-3.0296244e-02;2.2500000e+01;-7.8476518e-02;2.2500000e+01;-1.2609315e-01;2.2500000e+01;-8.9132637e-02;2.2500000e+01;-8.3258443e-02;2.2500000e+01;-5.5649597e-02;2.2500000e+01;-1.2554284e-02;2.2500000e+01;4.8490014e-02;2.2500000e+01;1.2889554e-01;2.2500000e+01;1.9767451e-01;2.2500000e+01;2.1625596e-01;2.2500000e+01;1.9266149e-01;2.2500000e+01;1.7352949e-01;2.2500000e+01;1.7777416e-01;2.2500000e+01;1.5237752e-01;2.2500000e+01;1.1138207e-01;2.2500000e+01;6.5690801e-02;2.2500000e+01;1.8445879e-02;2.2500000e+01;-3.0296244e-02;2.2500000e+01;-7.8476518e-02;2.2500000e+01;-1.2609315e-01;2.2500000e+01;-8.9132637e-02;2.2500000e+01;-8.3258443e-02;2.2500000e+01;-5.5649597e-02;2.2500000e+01;-1.2554284e-02;2.2500000e+01;4.8490014e-02;2.2500000e+01;1.2889554e-01;2.2500000e+01;1.9767451e-01;2.2500000e+01;2.1625596e-01;2.2500000e+01;1.9266149e-01;2.2500000e+01;1.7352949e-01;2.2500000e+01;1.7777416e-01;2.2500000e+01;1.5237752e-01;2.2500000e+01;1.1138207e-01;2.2500000e+01;6.5690801e-02;2.2500000e+01;1.8445879e-02;2.2500000e+01;-3.0296244e-02;2.2500000e+01;-7.8476518e-02;2.2500000e+01;-1.2609315e-01;2.2500000e+01;-8.9132637e-02;2.2500000e+01;-8.3258443e-02;2.2500000e+01;-5.5649597e-02;2.2500000e+01;-1.2554284e-02;2.2500000e+01;4.8490014e-02;2.2500000e+01;1.2889554e-01;2.2500000e+01;1.9767451e-01;2.2500000e+01;2.1625596e-01;2.2500000e+01;1.9266149e-01;2.2500000e+01;1.7352949e-01;2.2500000e+01;1.7777416e-01;2.2500000e+01;1.5237752e-01;2.2500000e+01;1.1138207e-01;2.2500000e+01;6.5690801e-02;2.2500000e+01;1.8445879e-02;2.2500000e+01;-3.0296244e-02;2.2500000e+01;-7.8476518e-02;2.2500000e+01;-1.2609315e-01;2.2500000e+01;-8.9132637e-02;2.2500000e+01;-8.3258443e-02;2.2500000e+01;-5.5649597e-02;2.2500000e+01;-1.2554284e-02;2.2500000e+01;4.8490014e-02;2.2500000e+01;1.2889554e-01;2.2500000e+01;1.9767451e-01;2.2500000e+01;2.1625596e-01;2.2500000e+01;1.9266149e-01;2.2500000e+01;1.7352949e-01;2.2500000e+01;1.7777416e-01;2.2500000e+01;1.5237752e-01;2.2500000e+01;1.1138207e-01;2.2500000e+01;6.5690801e-02;2.2500000e+01;1.8445879e-02;2.2500000e+01;-3.0296244e-02;2.2500000e+01;-7.8476518e-02;2.2500000e+01;-1.2609315e-01;2.2500000e+01;-8.9132637e-02;2.2500000e+01;-8.3258443e-02;2.2500000e+01;-5.5649597e-02;2.2500000e+01;-1.2554284e-02;2.2500000e+01;4.8490014e-02;2.2500000e+01;1.2889554e-01;2.2500000e+01;1.9767451e-01;2.2500000e+01;2.1625596e-01;2.2500000e+01;1.9266149e-01;2.2500000e+01;1.7352949e-01;2.2500000e+01;1.7777416e-01;2.2500000e+01;1.5237752e-01;2.2500000e+01;1.1138207e-01;2.2500000e+01;6.5690801e-02;2.2500000e+01;1.8445879e-02;2.2500000e+01;-3.0296244e-02;2.2500000e+01;-7.8476518e-02;2.2500000e+01;-1.2609315e-01;2.2500000e+01;-8.9132637e-02;2.2500000e+01;-8.3258443e-02;2.2500000e+01;-5.5649597e-02;2.2500000e+01;-1.2554284e-02;2.2500000e+01;4.8490014e-02;2.2500000e+01;1.2889554e-01;2.2500000e+01;1.9767451e-01;2.2500000e+01;2.1625596e-01;2.2500000e+01;1.9266149e-01;2.2500000e+01;1.7352949e-01;2.2500000e+01;1.7777416e-01;2.2500000e+01;1.5237752e-01;2.2500000e+01;1.1138207e-01;2.2500000e+01;6.5690801e-02;2.2500000e+01;1.8445879e-02;2.2500000e+01;-3.0296244e-02;2.2500000e+01;-7.8476518e-02;2.2500000e+01;-1.2609315e-01;2.2500000e+01;-8.9132637e-02;2.2500000e+01;-8.3258443e-02;2.2500000e+01;-5.5649597e-02;2.2500000e+01;-1.2554284e-02;2.2500000e+01;4.8490014e-02;2.2500000e+01;1.2889554e-01;2.2500000e+01;1.9767451e-01;2.2500000e+01;2.1625596e-01;2.2500000e+01;1.9266149e-01;2.2500000e+01;1.7352949e-01;2.2500000e+01;1.7777416e-01;2.2500000e+01;1.5237752e-01;2.2500000e+01;1.1138207e-01;2.2500000e+01;6.5690801e-02;2.2500000e+01;1.8445879e-02;2.2500000e+01;-3.0296244e-02;2.2500000e+01;-7.8476518e-02;2.2500000e+01;-1.2609315e-01;2.2500000e+01;-8.9132637e-02;2.2500000e+01;-8.3258443e-02;2.2500000e+01;-5.5649597e-02;2.2500000e+01;-1.2554284e-02;2.2500000e+01;4.8490014e-02;2.2500000e+01;1.2889554e-01;2.2500000e+01;1.9767451e-01;2.2500000e+01;2.1625596e-01;2.2500000e+01;1.9266149e-01;2.2500000e+01;1.7352949e-01;2.2500000e+01;1.7777416e-01;2.2500000e+01;1.5237752e-01;2.2500000e+01;1.1138207e-01;2.2500000e+01;6.5690801e-02;2.2500000e+01;1.8445879e-02;2.2500000e+01;-3.0296244e-02;2.2500000e+01;-7.8476518e-02;2.2500000e+01;-1.2609315e-01;2.2500000e+01;-8.9132637e-02;2.2500000e+01;-8.3258443e-02;2.2500000e+01;-5.5649597e-02;2.2500000e+01;-1.2554284e-02;2.2500000e+01;4.8490014e-02;2.2500000e+01;1.2889554e-01;2.2500000e+01;1.9767451e-01;2.2500000e+01;2.1625596e-01;2.2500000e+01;1.9266149e-01;2.2500000e+01;1.7352949e-01;2.2500000e+01;1.7777416e-01;2.2500000e+01;1.5237752e-01;2.2500000e+01;1.1138207e-01;2.2500000e+01;6.5690801e-02;2.2500000e+01;1.8445879e-02;2.2500000e+01;-3.0296244e-02;2.2500000e+01;-7.8476518e-02;2.2500000e+01;-1.2609315e-01;2.2500000e+01;-8.9132637e-02;2.2500000e+01;-8.3258443e-02;2.2500000e+01;-5.5649597e-02;2.2500000e+01;-1.2554284e-02;2.2500000e+01;4.8490014e-02;2.2500000e+01;1.2889554e-01;2.2500000e+01;1.9767451e-01;2.2500000e+01;2.1625596e-01;2.2500000e+01;1.9266149e-01;2.2500000e+01;1.7352949e-01;2.2500000e+01;1.7777416e-01;2.2500000e+01;1.5237752e-01;2.2500000e+01;1.1138207e-01;2.2500000e+01;6.5690801e-02;2.2500000e+01;1.8445879e-02;2.2500000e+01;-3.0296244e-02;2.2500000e+01;-7.8476518e-02;2.2500000e+01;-1.2609315e-01;2.2500000e+01;-8.9132637e-02;2.2500000e+01;-8.3258443e-02;2.2500000e+01;-5.5649597e-02;2.2500000e+01;-1.2554284e-02;2.2500000e+01;4.8490014e-02;2.2500000e+01;1.2889554e-01;2.2500000e+01;1.9767451e-01;2.2500000e+01;2.1625596e-01;2.2500000e+01;1.9266149e-01;2.2500000e+01;1.7352949e-01;2.2500000e+01;1.7777416e-01;2.2500000e+01;1.5237752e-01;2.2500000e+01;1.1138207e-01;2.2500000e+01;6.5690801e-02;2.2500000e+01;1.8445879e-02;2.2500000e+01;-3.0296244e-02;2.2500000e+01;-7.8476518e-02;2.2500000e+01;-1.2609315e-01;2.2500000e+01;-8.9132637e-02;2.2500000e+01;-8.3258443e-02;2.2500000e+01;-5.5649597e-02;2.2500000e+01;-1.2554284e-02;2.2500000e+01;4.8490014e-02;2.2500000e+01;1.2889554e-01;2.2500000e+01;1.9767451e-01;2.2500000e+01;2.1625596e-01;2.2500000e+01;1.9266149e-01;2.2500000e+01;1.7352949e-01;2.2500000e+01;1.7777416e-01;2.2500000e+01;1.5237752e-01;2.2500000e+01;1.1138207e-01;2.2500000e+01;6.5690801e-02;2.2500000e+01;1.8445879e-02;2.2500000e+01;-3.0296244e-02;2.2500000e+01;-7.8476518e-02;2.2500000e+01;-1.2609315e-01;2.2500000e+01;-8.9132637e-02;2.2500000e+01;-8.3258443e-02;2.2500000e+01;-5.5649597e-02;2.2500000e+01;-1.2554284e-02;2.2500000e+01;4.8490014e-02;2.2500000e+01;1.2889554e-01;2.2500000e+01;1.9767451e-01;2.2500000e+01;2.1625596e-01;2.2500000e+01;1.9266149e-01;2.2500000e+01;1.7352949e-01;2.2500000e+01;1.7777416e-01;2.2500000e+01;1.5237752e-01;2.2500000e+01;1.1138207e-01;2.2500000e+01;6.5690801e-02;2.2500000e+01;1.8445879e-02;2.2500000e+01;-3.0296244e-02;2.2500000e+01;-7.8476518e-02;2.2500000e+01;-1.2609315e-01;2.2500000e+01;-8.9132637e-02;2.2500000e+01;-8.3258443e-02;2.2500000e+01;-5.5649597e-02;2.2500000e+01;-1.2554284e-02;2.2500000e+01;4.8490014e-02;2.2500000e+01;1.2889554e-01;2.2500000e+01;1.9767451e-01;2.2500000e+01;2.1625596e-01;2.2500000e+01;1.9266149e-01;2.2500000e+01;1.7352949e-01;2.2500000e+01;1.7777416e-01;2.2500000e+01;1.5237752e-01;2.2500000e+01;1.1138207e-01;2.2500000e+01;6.5690801e-02;2.2500000e+01;1.8445879e-02;2.2500000e+01;-3.0296244e-02;2.2500000e+01;-7.8476518e-02;2.2500000e+01;-1.2609315e-01;2.2500000e+01;-8.9132637e-02;2.2500000e+01;-8.3258443e-02;2.2500000e+01;-5.5649597e-02;2.2500000e+01;-1.2554284e-02;2.2500000e+01;4.8490014e-02;2.2500000e+01;1.2889554e-01;2.2500000e+01;1.9767451e-01;2.2500000e+01;2.1625596e-01;2.2500000e+01;1.9266149e-01;2.2500000e+01;1.7352949e-01;2.2500000e+01;1.7777416e-01;2.2500000e+01;1.5237752e-01;2.2500000e+01;1.1138207e-01;2.2500000e+01;6.5690801e-02;2.2500000e+01;1.8445879e-02;2.2500000e+01;-3.0296244e-02;2.2500000e+01;-7.8476518e-02;2.2500000e+01;-1.2609315e-01;2.2500000e+01;-8.9132637e-02;2.2500000e+01;-8.3258443e-02;2.2500000e+01;-5.5649597e-02;2.2500000e+01;-1.2554284e-02;2.2500000e+01;4.8490014e-02;2.2500000e+01;1.2889554e-01;2.2500000e+01;1.9767451e-01;2.2500000e+01;2.1625596e-01;2.2500000e+01;1.9266149e-01;2.2500000e+01;1.7352949e-01;2.2500000e+01;1.7777416e-01;2.2500000e+01;1.5237752e-01;2.2500000e+01;1.1138207e-01;2.2500000e+01;6.5690801e-02;2.2500000e+01;1.8445879e-02;2.2500000e+01;-3.0296244e-02;2.2500000e+01;-7.8476518e-02;2.2500000e+01;-1.2609315e-01;2.2500000e+01;-8.9132637e-02;2.2500000e+01;-8.3258443e-02;2.2500000e+01;-5.5649597e-02;2.2500000e+01;-1.2554284e-02;2.2500000e+01;4.8490014e-02;2.2500000e+01;1.2889554e-01;2.2500000e+01;1.9767451e-01;2.2500000e+01;2.1625596e-01;2.2500000e+01;1.9266149e-01;2.2500000e+01;1.7352949e-01;2.2500000e+01;1.7777416e-01;2.2500000e+01;1.5237752e-01;2.2500000e+01;1.1138207e-01;2.2500000e+01;6.5690801e-02;2.2500000e+01;1.8445879e-02;2.2500000e+01;-3.0296244e-02;2.2500000e+01;-7.8476518e-02;2.2500000e+01;-1.2609315e-01;2.2500000e+01;-8.9132637e-02;2.2500000e+01;-8.3258443e-02;2.2500000e+01;-5.5649597e-02;2.2500000e+01;-1.2554284e-02;2.2500000e+01;4.8490014e-02;2.2500000e+01;1.2889554e-01;2.2500000e+01;1.9767451e-01;2.2500000e+01;2.1625596e-01;2.2500000e+01;1.9266149e-01;2.2500000e+01;1.7352949e-01;2.2500000e+01;1.7777416e-01;2.2500000e+01;1.5237752e-01;2.2500000e+01;1.1138207e-01;2.2500000e+01;6.5690801e-02;2.2500000e+01;1.8445879e-02;2.2500000e+01;-3.0296244e-02;2.2500000e+01;-7.8476518e-02;2.2500000e+01;-1.2609315e-01;2.2500000e+01;-8.9132637e-02;2.2500000e+01;-8.3258443e-02;2.2500000e+01;-5.5649597e-02;2.2500000e+01;-1.2554284e-02;2.2500000e+01;4.8490014e-02;2.2500000e+01;1.2889554e-01;2.2500000e+01;1.9767451e-01;2.2500000e+01;2.1625596e-01;2.2500000e+01;1.9266149e-01;2.2500000e+01;1.7352949e-01;2.2500000e+01;1.7777416e-01;2.2500000e+01;1.5237752e-01;2.2500000e+01;1.1138207e-01;2.2500000e+01;6.5690801e-02;2.2500000e+01;1.8445879e-02;2.2500000e+01;-3.0296244e-02;2.2500000e+01;-7.8476518e-02;2.2500000e+01;-1.2609315e-01;2.2500000e+01;-8.9132637e-02;2.2500000e+01;-8.3258443e-02;2.2500000e+01;-5.5649597e-02;2.2500000e+01;-1.2554284e-02;2.2500000e+01;4.8490014e-02;2.2500000e+01;1.2889554e-01;2.2500000e+01;1.9767451e-01;2.2500000e+01;2.1625596e-01;2.2500000e+01;1.9266149e-01;2.2500000e+01;1.7352949e-01;2.2500000e+01;1.7777416e-01;2.2500000e+01;1.5237752e-01;2.2500000e+01;1.1138207e-01;2.2500000e+01;6.5690801e-02;2.2500000e+01;1.8445879e-02;2.2500000e+01;-3.0296244e-02;2.2500000e+01;-7.8476518e-02;2.2500000e+01;-1.2609315e-01;2.2500000e+01;-8.9132637e-02;2.2500000e+01;-8.3258443e-02;2.2500000e+01;-5.5649597e-02;2.2500000e+01;-1.2554284e-02;2.2500000e+01;4.8490014e-02;2.2500000e+01;1.2889554e-01;2.2500000e+01;1.9767451e-01;2.2500000e+01;2.1625596e-01;2.2500000e+01;1.9266149e-01;2.2500000e+01;1.7352949e-01;2.2500000e+01;1.7777416e-01;2.2500000e+01;1.5237752e-01;2.2500000e+01;1.1138207e-01;2.2500000e+01;6.5690801e-02;2.2500000e+01;1.8445879e-02;2.2500000e+01;-3.0296244e-02;2.2500000e+01;-7.8476518e-02;2.2500000e+01;-1.2609315e-01;2.2500000e+01;-8.9132637e-02;2.2500000e+01;-8.3258443e-02;2.2500000e+01;-5.5649597e-02;2.2500000e+01;-1.2554284e-02;2.2500000e+01;4.8490014e-02;2.2500000e+01;1.2889554e-01;2.2500000e+01;1.9767451e-01;2.2500000e+01;2.1625596e-01;2.2500000e+01;1.9266149e-01;2.2500000e+01;1.7352949e-01;2.2500000e+01;1.7777416e-01;2.2500000e+01;1.5237752e-01;2.2500000e+01;1.1138207e-01;2.2500000e+01;6.5690801e-02;2.2500000e+01;1.8445879e-02;2.2500000e+01;-3.0296244e-02;2.2500000e+01;-7.8476518e-02;2.2500000e+01;-1.2609315e-01;2.2500000e+01;-8.9132637e-02;2.2500000e+01;-8.3258443e-02;2.2500000e+01;-5.5649597e-02;2.2500000e+01;-1.2554284e-02;2.2500000e+01;4.8490014e-02;2.2500000e+01;1.2889554e-01;2.2500000e+01;1.9767451e-01;2.2500000e+01;2.1625596e-01;2.2500000e+01;1.9266149e-01;2.2500000e+01;1.7352949e-01;2.2500000e+01;1.7777416e-01;2.2500000e+01;1.5237752e-01;2.2500000e+01;1.1138207e-01;2.2500000e+01;6.5690801e-02;2.2500000e+01;1.8445879e-02;2.2500000e+01;-3.0296244e-02;2.2500000e+01;-7.8476518e-02;2.2500000e+01;-1.2609315e-01;2.2500000e+01;-8.9132637e-02;2.2500000e+01;-8.3258443e-02;2.2500000e+01;-5.5649597e-02;2.2500000e+01;-1.2554284e-02;2.2500000e+01;4.8490014e-02;2.2500000e+01;1.2889554e-01;2.2500000e+01;1.9767451e-01;2.2500000e+01;2.1625596e-01;2.2500000e+01;1.9266149e-01;2.2500000e+01;1.7352949e-01;2.2500000e+01;1.7777416e-01;2.2500000e+01;1.5237752e-01;2.2500000e+01;1.1138207e-01;2.2500000e+01;6.5690801e-02;2.2500000e+01;1.8445879e-02;2.2500000e+01;-3.0296244e-02;2.2500000e+01;-7.8476518e-02;2.2500000e+01;-1.2609315e-01;2.2500000e+01;-8.9132637e-02;2.2500000e+01;-8.3258443e-02;2.2500000e+01;-5.5649597e-02;2.2500000e+01;-1.2554284e-02;2.2500000e+01;4.8490014e-02;2.2500000e+01;1.2889554e-01;2.2500000e+01;1.9767451e-01;2.2500000e+01;2.1625596e-01;2.2500000e+01;1.9266149e-01;2.2500000e+01;1.7352949e-01;2.2500000e+01;1.7777416e-01;2.2500000e+01;1.5237752e-01;2.2500000e+01;1.1138207e-01;2.2500000e+01;6.5690801e-02;2.2500000e+01;1.8445879e-02;2.2500000e+01;-3.0296244e-02;2.2500000e+01;-7.8476518e-02;2.2500000e+01;-1.2609315e-01;2.2500000e+01;-8.9132637e-02;2.2500000e+01;-8.3258443e-02;2.2500000e+01;-5.5649597e-02;2.2500000e+01;-1.2554284e-02;2.2500000e+01;4.8490014e-02;2.2500000e+01;1.2889554e-01;2.2500000e+01;1.9767451e-01;2.2500000e+01;2.1625596e-01;2.2500000e+01;1.9266149e-01;2.2500000e+01;1.7352949e-01;2.2500000e+01;1.7777416e-01;2.2500000e+01;1.5237752e-01;2.2500000e+01;1.1138207e-01;2.2500000e+01;6.5690801e-02;2.2500000e+01;1.8445879e-02;2.2500000e+01;-3.0296244e-02;2.2500000e+01;-7.8476518e-02;2.2500000e+01;-1.2609315e-01;2.2500000e+01;-8.9132637e-02;2.2500000e+01;-8.3258443e-02;2.2500000e+01;-5.5649597e-02;2.2500000e+01;-1.2554284e-02;2.2500000e+01;4.8490014e-02;2.2500000e+01;1.2889554e-01;2.2500000e+01;1.9767451e-01;2.2500000e+01;2.1625596e-01;2.2500000e+01;1.9266149e-01;2.2500000e+01;1.7352949e-01;2.2500000e+01;1.7777416e-01;2.2500000e+01;1.5237752e-01;2.2500000e+01;1.1138207e-01;2.2500000e+01;6.5690801e-02;2.2500000e+01;1.8445879e-02;2.2500000e+01;-3.0296244e-02;2.2500000e+01;-7.8476518e-02;2.2500000e+01;-1.2609315e-01;2.2500000e+01;-8.9132637e-02;2.2500000e+01;-8.3258443e-02;2.2500000e+01;-5.5649597e-02;2.2500000e+01;-1.2554284e-02;2.2500000e+01;4.8490014e-02;2.2500000e+01;1.2889554e-01;2.2500000e+01;1.9767451e-01;2.2500000e+01;2.1625596e-01;2.2500000e+01;1.9266149e-01;2.2500000e+01;1.7352949e-01;2.2500000e+01;1.7777416e-01;2.2500000e+01;1.5237752e-01;2.2500000e+01;1.1138207e-01;2.2500000e+01;6.5690801e-02;2.2500000e+01;1.8445879e-02;2.2500000e+01;-3.0296244e-02;2.2500000e+01;-7.8476518e-02;2.2500000e+01;-1.2609315e-01;2.2500000e+01;-8.9132637e-02;2.2500000e+01;-8.3258443e-02;2.2500000e+01;-5.5649597e-02;2.2500000e+01;-1.2554284e-02;2.2500000e+01;4.8490014e-02;2.2500000e+01;1.2889554e-01;2.2500000e+01;1.9767451e-01;2.2500000e+01;2.1625596e-01;2.2500000e+01;1.9266149e-01;2.2500000e+01;1.7352949e-01;2.2500000e+01;1.7777416e-01;2.2500000e+01;1.5237752e-01;2.2500000e+01;1.1138207e-01;2.2500000e+01;6.5690801e-02;2.2500000e+01;1.8445879e-02;2.2500000e+01;-3.0296244e-02;2.2500000e+01;-7.8476518e-02;2.2500000e+01;-1.2609315e-01;2.2500000e+01;-8.9132637e-02;2.2500000e+01;-8.3258443e-02;2.2500000e+01;-5.5649597e-02;2.2500000e+01;-1.2554284e-02;2.2500000e+01;4.8490014e-02;2.2500000e+01;1.2889554e-01;2.2500000e+01;1.9767451e-01;2.2500000e+01;2.1625596e-01;2.2500000e+01;1.9266149e-01;2.2500000e+01;1.7352949e-01;2.2500000e+01;1.7777416e-01;2.2500000e+01;1.5237752e-01;2.2500000e+01;1.1138207e-01;2.2500000e+01;6.5690801e-02;2.2500000e+01;1.8445879e-02;2.2500000e+01;-3.0296244e-02;2.2500000e+01;-7.8476518e-02;2.2500000e+01;-1.2609315e-01;2.2500000e+01;-8.9132637e-02;2.2500000e+01;-8.3258443e-02;2.2500000e+01;-5.5649597e-02;2.2500000e+01;-1.2554284e-02;2.2500000e+01;4.8490014e-02;2.2500000e+01;1.2889554e-01;2.2500000e+01;1.9767451e-01;2.2500000e+01;2.1625596e-01;2.2500000e+01;1.9266149e-01;2.2500000e+01;1.7352949e-01;2.2500000e+01;1.7777416e-01;2.2500000e+01;1.5237752e-01;2.2500000e+01;1.1138207e-01;2.2500000e+01;6.5690801e-02;2.2500000e+01;1.8445879e-02;2.2500000e+01;-3.0296244e-02;2.2500000e+01;-7.8476518e-02;2.2500000e+01;-1.2609315e-01
2.7500000e+01;-8.2752757e-02;2.7500000e+01;-7.3562697e-02;2.7500000e+01;-3.9544944e-02;2.7500000e+01;1.3399037e-02;2.7500000e+01;8.5174367e-02;2.7500000e+01;1.7103779e-01;2.7500000e+01;2.3423517e-01;2.7500000e+01;2.3884784e-01;2.7500000e+01;2.0493139e-01;2.7500000e+01;1.7792048e-01;2.7500000e+01;1.7474154e-01;2.7500000e+01;1.5329319e-01;2.7500000e+01;1.1325438e-01;2.7500000e+01;6.7858756e-02;2.7500000e+01;2.1074884e-02;2.7500000e+01;-2.6825942e-02;2.7500000e+01;-7.3944867e-02;2.7500000e+01;-1.2152211e-01;2.7500000e+01;-8.2752757e-02;2.7500000e+01;-7.3562697e-02;2.7500000e+01;-3.9544944e-02;2.7500000e+01;1.3399037e-02;2.7500000e+01;8.5174367e-02;2.7500000e+01;1.7103779e-01;2.7500000e+01;2.3423517e-01;2.7500000e+01;2.3884784e-01;2.7500000e+01;2.0493139e-01;2.7500000e+01;1.7792048e-01;2.7500000e+01;1.7474154e-01;2.7500000e+01;1.5329319e-01;2.7500000e+01;1.1325438e-01;2.7500000e+01;6.7858756e-02;2.7500000e+01;2.1074884e-02;2.7500000e+01;-2.6825942e-02;2.7500000e+01;-7.3944867e-02;2.7500000e+01;-1.2152211e-01;2.7500000e+01;-8.2752757e-02;2.7500000e+01;-7.3562697e-02;2.7500000e+01;-3.9544944e-02;2.7500000e+01;1.3399037e-02;2.7500000e+01;8.5174367e-02;2.7500000e+01;1.7103779e-01;2.7500000e+01;2.3423517e-01;2.7500000e+01;2.3884784e-01;2.7500000e+01;2.0493139e-01;2.7500000e+01;1.7792048e-01;2.7500000e+01;1.7474154e-01;2.7500000e+01;1.5329319e-01;2.7500000e+01;1.1325438e-01;2.7500000e+01;6.7858756e-02;2.7500000e+01;2.1074884e-02;2.7500000e+01;-2.6825942e-02;2.7500000e+01;-7.3944867e-02;2.7500000e+01;-1.2152211e-01;2.7500000e+01;-8.2752757e-02;2.7500000e+01;-7.3562697e-02;2.7500000e+01;-3.9544944e-02;2.7500000e+01;1.3399037e-02;2.7500000e+01;8.5174367e-02;2.7500000e+01;1.7103779e-01;2.7500000e+01;2.3423517e-01;2.7500000e+01;2.3884784e-01;2.7500000e+01;2.0493139e-01;2.7500000e+01;1.7792048e-01;2.7500000e+01;1.7474154e-01;2.7500000e+01;1.5329319e-01;2.7500000e+01;1.1325438e-01;2.7500000e+01;6.7858756e-02;2.7500000e+01;2.1074884e-02;2.7500000e+01;-2.6825942e-02;2.7500000e+01;-7.3944867e-02;2.7500000e+01;-1.2152211e-01;2.7500000e+01;-8.2752757e-02;2.7500000e+01;-7.3562697e-02;2.7500000e+01;-3.9544944e-02;2.7500000e+01;1.3399037e-02;2.7500000e+01;8.5174367e-02;2.7500000e+01;1.7103779e-01;2.7500000e+01;2.3423517e-01;2.7500000e+01;2.3884784e-01;2.7500000e+01;2.0493139e-01;2.7500000e+01;1.7792048e-01;2.7500000e+01;1.7474154e-01;2.7500000e+01;1.5329319e-01;2.7500000e+01;1.1325438e-01;2.7500000e+01;6.7858756e-02;2.7500000e+01;2.1074884e-02;2.7500000e+01;-2.6825942e-02;2.7500000e+01;-7.3944867e-02;2.7500000e+01;-1.2152211e-01;2.7500000e+01;-8.2752757e-02;2.7500000e+01;-7.3562697e-02;2.7500000e+01;-3.9544944e-02;2.7500000e+01;1.3399037e-02;2.7500000e+01;8.5174367e-02;2.7500000e+01;1.7103779e-01;2.7500000e+01;2.3423517e-01;2.7500000e+01;2.3884784e-01;2.7500000e+01;2.0493139e-01;2.7500000e+01;1.7792048e-01;2.7500000e+01;1.7474154e-01;2.7500000e+01;1.5329319e-01;2.7500000e+01;1.1325438e-01;2.7500000e+01;6.7858756e-02;2.7500000e+01;2.1074884e-02;2.7500000e+01;-2.6825942e-02;2.7500000e+01;-7.3944867e-02;2.7500000e+01;-1.2152211e-01;2.7500000e+01;-8.2752757e-02;2.7500000e+01;-7.3562697e-02;2.7500000e+01;-3.9544944e-02;2.7500000e+01;1.3399037e-02;2.7500000e+01;8.5174367e-02;2.7500000e+01;1.7103779e-01;2.7500000e+01;2.3423517e-01;2.7500000e+01;2.3884784e-01;2.7500000e+01;2.0493139e-01;2.7500000e+01;1.7792048e-01;2.7500000e+01;1.7474154e-01;2.7500000e+01;1.5329319e-01;2.7500000e+01;1.1325438e-01;2.7500000e+01;6.7858756e-02;2.7500000e+01;2.1074884e-02;2.7500000e+01;-2.6825942e-02;2.7500000e+01;-7.3944867e-02;2.7500000e+01;-1.2152211e-01;2.7500000e+01;-8.2752757e-02;2.7500000e+01;-7.3562697e-02;2.7500000e+01;-3.9544944e-02;2.7500000e+01;1.3399037e-02;2.7500000e+01;8.5174367e-02;2.7500000e+01;1.7103779e-01;2.7500000e+01;2.3423517e-01;2.7500000e+01;2.3884784e-01;2.7500000e+01;2.0493139e-01;2.7500000e+01;1.7792048e-01;2.7500000e+01;1.7474154e-01;2.7500000e+01;1.5329319e-01;2.7500000e+01;1.1325438e-01;2.7500000e+01;6.7858756e-02;2.7500000e+01;2.1074884e-02;2.7500000e+01;-2.6825942e-02;2.7500000e+01;-7.3944867e-02;2.7500000e+01;-1.2152211e-01;2.7500000e+01;-8.2752757e-02;2.7500000e+01;-7.3562697e-02;2.7500000e+01;-3.9544944e-02;2.7500000e+01;1.3399037e-02;2.7500000e+01;8.5174367e-02;2.7500000e+01;1.7103779e-01;2.7500000e+01;2.3423517e-01;2.7500000e+01;2.3884784e-01;2.7500000e+01;2.0493139e-01;2.7500000e+01;1.7792048e-01;2.7500000e+01;1.7474154e-01;2.7500000e+01;1.5329319e-01;2.7500000e+01;1.1325438e-01;2.7500000e+01;6.7858756e-02;2.7500000e+01;2.1074884e-02;2.7500000e+01;-2.6825942e-02;2.7500000e+01;-7.3944867e-02;2.7500000e+01;-1.2152211e-01;2.7500000e+01;-8.2752757e-02;2.7500000e+01;-7.3562697e-02;2.7500000e+01;-3.9544944e-02;2.7500000e+01;1.3399037e-02;2.7500000e+01;8.5174367e-02;2.7500000e+01;1.7103779e-01;2.7500000e+01;2.3423517e-01;2.7500000e+01;2.3884784e-01;2.7500000e+01;2.0493139e-01;2.7500000e+01;1.7792048e-01;2.7500000e+01;1.7474154e-01;2.7500000e+01;1.5329319e-01;2.7500000e+01;1.1325438e-01;2.7500000e+01;6.7858756e-02;2.7500000e+01;2.1074884e-02;2.7500000e+01;-2.6825942e-02;2.7500000e+01;-7.3944867e-02;2.7500000e+01;-1.2152211e-01;2.7500000e+01;-8.2752757e-02;2.7500000e+01;-7.3562697e-02;2.7500000e+01;-3.9544944e-02;2.7500000e+01;1.3399037e-02;2.7500000e+01;8.5174367e-02;2.7500000e+01;1.7103779e-01;2.7500000e+01;2.3423517e-01;2.7500000e+01;2.3884784e-01;2.7500000e+01;2.0493139e-01;2.7500000e+01;1.7792048e-01;2.7500000e+01;1.7474154e-01;2.7500000e+01;1.5329319e-01;2.7500000e+01;1.1325438e-01;2.7500000e+01;6.7858756e-02;2.7500000e+01;2.1074884e-02;2.7500000e+01;-2.6825942e-02;2.7500000e+01;-7.3944867e-02;2.7500000e+01;-1.2152211e-01;2.7500000e+01;-8.2752757e-02;2.7500000e+01;-7.3562697e-02;2.7500000e+01;-3.9544944e-02;2.7500000e+01;1.3399037e-02;2.7500000e+01;8.5174367e-02;2.7500000e+01;1.7103779e-01;2.7500000e+01;2.3423517e-01;2.7500000e+01;2.3884784e-01;2.7500000e+01;2.0493139e-01;2.7500000e+01;1.7792048e-01;2.7500000e+01;1.7474154e-01;2.7500000e+01;1.5329319e-01;2.7500000e+01;1.1325438e-01;2.7500000e+01;6.7858756e-02;2.7500000e+01;2.1074884e-02;2.7500000e+01;-2.6825942e-02;2.7500000e+01;-7.3944867e-02;2.7500000e+01;-1.2152211e-01;2.7500000e+01;-8.2752757e-02;2.7500000e+01;-7.3562697e-02;2.7500000e+01;-3.9544944e-02;2.7500000e+01;1.3399037e-02;2.7500000e+01;8.5174367e-02;2.7500000e+01;1.7103779e-01;2.7500000e+01;2.3423517e-01;2.7500000e+01;2.3884784e-01;2.7500000e+01;2.0493139e-01;2.7500000e+01;1.7792048e-01;2.7500000e+01;1.7474154e-01;2.7500000e+01;1.5329319e-01;2.7500000e+01;1.1325438e-01;2.7500000e+01;6.7858756e-02;2.7500000e+01;2.1074884e-02;2.7500000e+01;-2.6825942e-02;2.7500000e+01;-7.3944867e-02;2.7500000e+01;-1.2152211e-01;2.7500000e+01;-8.2752757e-02;2.7500000e+01;-7.3562697e-02;2.7500000e+01;-3.9544944e-02;2.7500000e+01;1.3399037e-02;2.7500000e+01;8.5174367e-02;2.7500000e+01;1.7103779e-01;2.7500000e+01;2.3423517e-01;2.7500000e+01;2.3884784e-01;2.7500000e+01;2.0493139e-01;2.7500000e+01;1.7792048e-01;2.7500000e+01;1.7474154e-01;2.7500000e+01;1.5329319e-01;2.7500000e+01;1.1325438e-01;2.7500000e+01;6.7858756e-02;2.7500000e+01;2.1074884e-02;2.7500000e+01;-2.6825942e-02;2.7500000e+01;-7.3944867e-02;2.7500000e+01;-1.2152211e-01;2.7500000e+01;-8.2752757e-02;2.7500000e+01;-7.3562697e-02;2.7500000e+01;-3.9544944e-02;2.7500000e+01;1.3399037e-02;2.7500000e+01;8.5174367e-02;2.7500000e+01;1.7103779e-01;2.7500000e+01;2.3423517e-01;2.7500000e+01;2.3884784e-01;2.7500000e+01;2.0493139e-01;2.7500000e+01;1.7792048e-01;2.7500000e+01;1.7474154e-01;2.7500000e+01;1.5329319e-01;2.7500000e+01;1.1325438e-01;2.7500000e+01;6.7858756e-02;2.7500000e+01;2.1074884e-02;2.7500000e+01;-2.6825942e-02;2.7500000e+01;-7.3944867e-02;2.7500000e+01;-1.2152211e-01;2.7500000e+01;-8.2752757e-02;2.7500000e+01;-7.3562697e-02;2.7500000e+01;-3.9544944e-02;2.7500000e+01;1.3399037e-02;2.7500000e+01;8.5174367e-02;2.7500000e+01;1.7103779e-01;2.7500000e+01;2.3423517e-01;2.7500000e+01;2.3884784e-01;2.7500000e+01;2.0493139e-01;2.7500000e+01;1.7792048e-01;2.7500000e+01;1.7474154e-01;2.7500000e+01;1.5329319e-01;2.7500000e+01;1.1325438e-01;2.7500000e+01;6.7858756e-02;2.7500000e+01;2.1074884e-02;2.7500000e+01;-2.6825942e-02;2.7500000e+01;-7.3944867e-02;2.7500000e+01;-1.2152211e-01;2.7500000e+01;-8.2752757e-02;2.7500000e+01;-7.3562697e-02;2.7500000e+01;-3.9544944e-02;2.7500000e+01;1.3399037e-02;2.7500000e+01;8.5174367e-02;2.7500000e+01;1.7103779e-01;2.7500000e+01;2.3423517e-01;2.7500000e+01;2.3884784e-01;2.7500000e+01;2.0493139e-01;2.7500000e+01;1.7792048e-01;2.7500000e+01;1.7474154e-01;2.7500000e+01;1.5329319e-01;2.7500000e+01;1.1325438e-01;2.7500000e+01;6.7858756e-02;2.7500000e+01;2.1074884e-02;2.7500000e+01;-2.6825942e-02;2.7500000e+01;-7.3944867e-02;2.7500000e+01;-1.2152211e-01;2.7500000e+01;-8.2752757e-02;2.7500000e+01;-7.3562697e-02;2.7500000e+01;-3.9544944e-02;2.7500000e+01;1.3399037e-02;2.7500000e+01;8.5174367e-02;2.7500000e+01;1.7103779e-01;2.7500000e+01;2.3423517e-01;2.7500000e+01;2.3884784e-01;2.7500000e+01;2.0493139e-01;2.7500000e+01;1.7792048e-01;2.7500000e+01;1.7474154e-01;2.7500000e+01;1.5329319e-01;2.7500000e+01;1.1325438e-01;2.7500000e+01;6.7858756e-02;2.7500000e+01;2.1074884e-02;2.7500000e+01;-2.6825942e-02;2.7500000e+01;-7.3944867e-02;2.7500000e+01;-1.2152211e-01;2.7500000e+01;-8.2752757e-02;2.7500000e+01;-7.3562697e-02;2.7500000e+01;-3.9544944e-02;2.7500000e+01;1.3399037e-02;2.7500000e+01;8.5174367e-02;2.7500000e+01;1.7103779e-01;2.7500000e+01;2.3423517e-01;2.7500000e+01;2.3884784e-01;2.7500000e+01;2.0493139e-01;2.7500000e+01;1.7792048e-01;2.7500000e+01;1.7474154e-01;2.7500000e+01;1.5329319e-01;2.7500000e+01;1.1325438e-01;2.7500000e+01;6.7858756e-02;2.7500000e+01;2.1074884e-02;2.7500000e+01;-2.6825942e-02;2.7500000e+01;-7.3944867e-02;2.7500000e+01;-1.2152211e-01;2.7500000e+01;-8.2752757e-02;2.7500000e+01;-7.3562697e-02;2.7500000e+01;-3.9544944e-02;2.7500000e+01;1.3399037e-02;2.7500000e+01;8.5174367e-02;2.7500000e+01;1.7103779e-01;2.7500000e+01;2.3423517e-01;2.7500000e+01;2.3884784e-01;2.7500000e+01;2.0493139e-01;2.7500000e+01;1.7792048e-01;2.7500000e+01;1.7474154e-01;2.7500000e+01;1.5329319e-01;2.7500000e+01;1.1325438e-01;2.7500000e+01;6.7858756e-02;2.7500000e+01;2.1074884e-02;2.7500000e+01;-2.6825942e-02;2.7500000e+01;-7.3944867e-02;2.7500000e+01;-1.2152211e-01;2.7500000e+01;-8.2752757e-02;2.7500000e+01;-7.3562697e-02;2.7500000e+01;-3.9544944e-02;2.7500000e+01;1.3399037e-02;2.7500000e+01;8.5174367e-02;2.7500000e+01;1.7103779e-01;2.7500000e+01;2.3423517e-01;2.7500000e+01;2.3884784e-01;2.7500000e+01;2.0493139e-01;2.7500000e+01;1.7792048e-01;2.7500000e+01;1.7474154e-01;2.7500000e+01;1.5329319e-01;2.7500000e+01;1.1325438e-01;2.7500000e+01;6.7858756e-02;2.7500000e+01;2.1074884e-02;2.7500000e+01;-2.6825942e-02;2.7500000e+01;-7.3944867e-02;2.7500000e+01;-1.2152211e-01;2.7500000e+01;-8.2752757e-02;2.7500000e+01;-7.3562697e-02;2.7500000e+01;-3.9544944e-02;2.7500000e+01;1.3399037e-02;2.7500000e+01;8.5174367e-02;2.7500000e+01;1.7103779e-01;2.7500000e+01;2.3423517e-01;2.7500000e+01;2.3884784e-01;2.7500000e+01;2.0493139e-01;2.7500000e+01;1.7792048e-01;2.7500000e+01;1.7474154e-01;2.7500000e+01;1.5329319e-01;2.7500000e+01;1.1325438e-01;2.7500000e+01;6.7858756e-02;2.7500000e+01;2.1074884e-02;2.7500000e+01;-2.6825942e-02;2.7500000e+01;-7.3944867e-02;2.7500000e+01;-1.2152211e-01;2.7500000e+01;-8.2752757e-02;2.7500000e+01;-7.3562697e-02;2.7500000e+01;-3.9544944e-02;2.7500000e+01;1.3399037e-02;2.7500000e+01;8.5174367e-02;2.7500000e+01;1.7103779e-01;2.7500000e+01;2.3423517e-01;2.7500000e+01;2.3884784e-01;2.7500000e+01;2.0493139e-01;2.7500000e+01;1.7792048e-01;2.7500000e+01;1.7474154e-01;2.7500000e+01;1.5329319e-01;2.7500000e+01;1.1325438e-01;2.7500000e+01;6.7858756e-02;2.7500000e+01;2.1074884e-02;2.7500000e+01;-2.6825942e-02;2.7500000e+01;-7.3944867e-02;2.7500000e+01;-1.2152211e-01;2.7500000e+01;-8.2752757e-02;2.7500000e+01;-7.3562697e-02;2.7500000e+01;-3.9544944e-02;2.7500000e+01;1.3399037e-02;2.7500000e+01;8.5174367e-02;2.7500000e+01;1.7103779e-01;2.7500000e+01;2.3423517e-01;2.7500000e+01;2.3884784e-01;2.7500000e+01;2.0493139e-01;2.7500000e+01;1.7792048e-01;2.7500000e+01;1.7474154e-01;2.7500000e+01;1.5329319e-01;2.7500000e+01;1.1325438e-01;2.7500000e+01;6.7858756e-02;2.7500000e+01;2.1074884e-02;2.7500000e+01;-2.6825942e-02;2.7500000e+01;-7.3944867e-02;2.7500000e+01;-1.2152211e-01;2.7500000e+01;-8.2752757e-02;2.7500000e+01;-7.3562697e-02;2.7500000e+01;-3.9544944e-02;2.7500000e+01;1.3399037e-02;2.7500000e+01;8.5174367e-02;2.7500000e+01;1.7103779e-01;2.7500000e+01;2.3423517e-01;2.7500000e+01;2.3884784e-01;2.7500000e+01;2.0493139e-01;2.7500000e+01;1.7792048e-01;2.7500000e+01;1.7474154e-01;2.7500000e+01;1.5329319e-01;2.7500000e+01;1.1325438e-01;2.7500000e+01;6.7858756e-02;2.7500000e+01;2.1074884e-02;2.7500000e+01;-2.6825942e-02;2.7500000e+01;-7.3944867e-02;2.7500000e+01;-1.2152211e-01;2.7500000e+01;-8.2752757e-02;2.7500000e+01;-7.3562697e-02;2.7500000e+01;-3.9544944e-02;2.7500000e+01;1.3399037e-02;2.7500000e+01;8.5174367e-02;2.7500000e+01;1.7103779e-01;2.7500000e+01;2.3423517e-01;2.7500000e+01;2.3884784e-01;2.7500000e+01;2.0493139e-01;2.7500000e+01;1.7792048e-01;2.7500000e+01;1.7474154e-01;2.7500000e+01;1.5329319e-01;2.7500000e+01;1.1325438e-01;2.7500000e+01;6.7858756e-02;2.7500000e+01;2.1074884e-02;2.7500000e+01;-2.6825942e-02;2.7500000e+01;-7.3944867e-02;2.7500000e+01;-1.2152211e-01;2.7500000e+01;-8.2752757e-02;2.7500000e+01;-7.3562697e-02;2.7500000e+01;-3.9544944e-02;2.7500000e+01;1.3399037e-02;2.7500000e+01;8.5174367e-02;2.7500000e+01;1.7103779e-01;2.7500000e+01;2.3423517e-01;2.7500000e+01;2.3884784e-01;2.7500000e+01;2.0493139e-01;2.7500000e+01;1.7792048e-01;2.7500000e+01;1.7474154e-01;2.7500000e+01;1.5329319e-01;2.7500000e+01;1.1325438e-01;2.7500000e+01;6.7858756e-02;2.7500000e+01;2.1074884e-02;2.7500000e+01;-2.6825942e-02;2.7500000e+01;-7.3944867e-02;2.7500000e+01;-1.2152211e-01;2.7500000e+01;-8.2752757e-02;2.7500000e+01;-7.3562697e-02;2.7500000e+01;-3.9544944e-02;2.7500000e+01;1.3399037e-02;2.7500000e+01;8.5174367e-02;2.7500000e+01;1.7103779e-01;2.7500000e+01;2.3423517e-01;2.7500000e+01;2.3884784e-01;2.7500000e+01;2.0493139e-01;2.7500000e+01;1.7792048e-01;2.7500000e+01;1.7474154e-01;2.7500000e+01;1.5329319e-01;2.7500000e+01;1.1325438e-01;2.7500000e+01;6.7858756e-02;2.7500000e+01;2.1074884e-02;2.7500000e+01;-2.6825942e-02;2.7500000e+01;-7.3944867e-02;2.7500000e+01;-1.2152211e-01;2.7500000e+01;-8.2752757e-02;2.7500000e+01;-7.3562697e-02;2.7500000e+01;-3.9544944e-02;2.7500000e+01;1.3399037e-02;2.7500000e+01;8.5174367e-02;2.7500000e+01;1.7103779e-01;2.7500000e+01;2.3423517e-01;2.7500000e+01;2.3884784e-01;2.7500000e+01;2.0493139e-01;2.7500000e+01;1.7792048e-01;2.7500000e+01;1.7474154e-01;2.7500000e+01;1.5329319e-01;2.7500000e+01;1.1325438e-01;2.7500000e+01;6.7858756e-02;2.7500000e+01;2.1074884e-02;2.7500000e+01;-2.6825942e-02;2.7500000e+01;-7.3944867e-02;2.7500000e+01;-1.2152211e-01;2.7500000e+01;-8.2752757e-02;2.7500000e+01;-7.3562697e-02;2.7500000e+01;-3.9544944e-02;2.7500000e+01;1.3399037e-02;2.7500000e+01;8.5174367e-02;2.7500000e+01;1.7103779e-01;2.7500000e+01;2.3423517e-01;2.7500000e+01;2.3884784e-01;2.7500000e+01;2.0493139e-01;2.7500000e+01;1.7792048e-01;2.7500000e+01;1.7474154e-01;2.7500000e+01;1.5329319e-01;2.7500000e+01;1.1325438e-01;2.7500000e+01;6.7858756e-02;2.7500000e+01;2.1074884e-02;2.7500000e+01;-2.6825942e-02;2.7500000e+01;-7.3944867e-02;2.7500000e+01;-1.2152211e-01;2.7500000e+01;-8.2752757e-02;2.7500000e+01;-7.3562697e-02;2.7500000e+01;-3.9544944e-02;2.7500000e+01;1.3399037e-02;2.7500000e+01;8.5174367e-02;2.7500000e+01;1.7103779e-01;2.7500000e+01;2.3423517e-01;2.7500000e+01;2.3884784e-01;2.7500000e+01;2.0493139e-01;2.7500000e+01;1.7792048e-01;2.7500000e+01;1.7474154e-01;2.7500000e+01;1.5329319e-01;2.7500000e+01;1.1325438e-01;2.7500000e+01;6.7858756e-02;2.7500000e+01;2.1074884e-02;2.7500000e+01;-2.6825942e-02;2.7500000e+01;-7.3944867e-02;2.7500000e+01;-1.2152211e-01;2.7500000e+01;-8.2752757e-02;2.7500000e+01;-7.3562697e-02;2.7500000e+01;-3.9544944e-02;2.7500000e+01;1.3399037e-02;2.7500000e+01;8.5174367e-02;2.7500000e+01;1.7103779e-01;2.7500000e+01;2.3423517e-01;2.7500000e+01;2.3884784e-01;2.7500000e+01;2.0493139e-01;2.7500000e+01;1.7792048e-01;2.7500000e+01;1.7474154e-01;2.7500000e+01;1.5329319e-01;2.7500000e+01;1.1325438e-01;2.7500000e+01;6.7858756e-02;2.7500000e+01;2.1074884e-02;2.7500000e+01;-2.6825942e-02;2.7500000e+01;-7.3944867e-02;2.7500000e+01;-1.2152211e-01;2.7500000e+01;-8.2752757e-02;2.7500000e+01;-7.3562697e-02;2.7500000e+01;-3.9544944e-02;2.7500000e+01;1.3399037e-02;2.7500000e+01;8.5174367e-02;2.7500000e+01;1.7103779e-01;2.7500000e+01;2.3423517e-01;2.7500000e+01;2.3884784e-01;2.7500000e+01;2.0493139e-01;2.7500000e+01;1.7792048e-01;2.7500000e+01;1.7474154e-01;2.7500000e+01;1.5329319e-01;2.7500000e+01;1.1325438e-01;2.7500000e+01;6.7858756e-02;2.7500000e+01;2.1074884e-02;2.7500000e+01;-2.6825942e-02;2.7500000e+01;-7.3944867e-02;2.7500000e+01;-1.2152211e-01;2.7500000e+01;-8.2752757e-02;2.7500000e+01;-7.3562697e-02;2.7500000e+01;-3.9544944e-02;2.7500000e+01;1.3399037e-02;2.7500000e+01;8.5174367e-02;2.7500000e+01;1.7103779e-01;2.7500000e+01;2.3423517e-01;2.7500000e+01;2.3884784e-01;2.7500000e+01;2.0493139e-01;2.7500000e+01;1.7792048e-01;2.7500000e+01;1.7474154e-01;2.7500000e+01;1.5329319e-01;2.7500000e+01;1.1325438e-01;2.7500000e+01;6.7858756e-02;2.7500000e+01;2.1074884e-02;2.7500000e+01;-2.6825942e-02;2.7500000e+01;-7.3944867e-02;2.7500000e+01;-1.2152211e-01;2.7500000e+01;-8.2752757e-02;2.7500000e+01;-7.3562697e-02;2.7500000e+01;-3.9544944e-02;2.7500000e+01;1.3399037e-02;2.7500000e+01;8.5174367e-02;2.7500000e+01;1.7103779e-01;2.7500000e+01;2.3423517e-01;2.7500000e+01;2.3884784e-01;2.7500000e+01;2.0493139e-01;2.7500000e+01;1.7792048e-01;2.7500000e+01;1.7474154e-01;2.7500000e+01;1.5329319e-01;2.7500000e+01;1.1325438e-01;2.7500000e+01;6.7858756e-02;2.7500000e+01;2.1074884e-02;2.7500000e+01;-2.6825942e-02;2.7500000e+01;-7.3944867e-02;2.7500000e+01;-1.2152211e-01;2.7500000e+01;-8.2752757e-02;2.7500000e+01;-7.3562697e-02;2.7500000e+01;-3.9544944e-02;2.7500000e+01;1.3399037e-02;2.7500000e+01;8.5174367e-02;2.7500000e+01;1.7103779e-01;2.7500000e+01;2.3423517e-01;2.7500000e+01;2.3884784e-01;2.7500000e+01;2.0493139e-01;2.7500000e+01;1.7792048e-01;2.7500000e+01;1.7474154e-01;2.7500000e+01;1.5329319e-01;2.7500000e+01;1.1325438e-01;2.7500000e+01;6.7858756e-02;2.7500000e+01;2.1074884e-02;2.7500000e+01;-2.6825942e-02;2.7500000e+01;-7.3944867e-02;2.7500000e+01;-1.2152211e-01;2.7500000e+01;-8.2752757e-02;2.7500000e+01;-7.3562697e-02;2.7500000e+01;-3.9544944e-02;2.7500000e+01;1.3399037e-02;2.7500000e+01;8.5174367e-02;2.7500000e+01;1.7103779e-01;2.7500000e+01;2.3423517e-01;2.7500000e+01;2.3884784e-01;2.7500000e+01;2.0493139e-01;2.7500000e+01;1.7792048e-01;2.7500000e+01;1.7474154e-01;2.7500000e+01;1.5329319e-01;2.7500000e+01;1.1325438e-01;2.7500000e+01;6.7858756e-02;2.7500000e+01;2.1074884e-02;2.7500000e+01;-2.6825942e-02;2.7500000e+01;-7.3944867e-02;2.7500000e+01;-1.2152211e-01;2.7500000e+01;-8.2752757e-02;2.7500000e+01;-7.3562697e-02;2.7500000e+01;-3.9544944e-02;2.7500000e+01;1.3399037e-02;2.7500000e+01;8.5174367e-02;2.7500000e+01;1.7103779e-01;2.7500000e+01;2.3423517e-01;2.7500000e+01;2.3884784e-01;2.7500000e+01;2.0493139e-01;2.7500000e+01;1.7792048e-01;2.7500000e+01;1.7474154e-01;2.7500000e+01;1.5329319e-01;2.7500000e+01;1.1325438e-01;2.7500000e+01;6.7858756e-02;2.7500000e+01;2.1074884e-02;2.7500000e+01;-2.6825942e-02;2.7500000e+01;-7.3944867e-02;2.7500000e+01;-1.2152211e-01;2.7500000e+01;-8.2752757e-02;2.7500000e+01;-7.3562697e-02;2.7500000e+01;-3.9544944e-02;2.7500000e+01;1.3399037e-02;2.7500000e+01;8.5174367e-02;2.7500000e+01;1.7103779e-01;2.7500000e+01;2.3423517e-01;2.7500000e+01;2.3884784e-01;2.7500000e+01;2.0493139e-01;2.7500000e+01;1.7792048e-01;2.7500000e+01;1.7474154e-01;2.7500000e+01;1.5329319e-01;2.7500000e+01;1.1325438e-01;2.7500000e+01;6.7858756e-02;2.7500000e+01;2.1074884e-02;2.7500000e+01;-2.6825942e-02;2.7500000e+01;-7.3944867e-02;2.7500000e+01;-1.2152211e-01;2.7500000e+01;-8.2752757e-02;2.7500000e+01;-7.3562697e-02;2.7500000e+01;-3.9544944e-02;2.7500000e+01;1.3399037e-02;2.7500000e+01;8.5174367e-02;2.7500000e+01;1.7103779e-01;2.7500000e+01;2.3423517e-01;2.7500000e+01;2.3884784e-01;2.7500000e+01;2.0493139e-01;2.7500000e+01;1.7792048e-01;2.7500000e+01;1.7474154e-01;2.7500000e+01;1.5329319e-01;2.7500000e+01;1.1325438e-01;2.7500000e+01;6.7858756e-02;2.7500000e+01;2.1074884e-02;2.7500000e+01;-2.6825942e-02;2.7500000e+01;-7.3944867e-02;2.7500000e+01;-1.2152211e-01;2.7500000e+01;-8.2752757e-02;2.7500000e+01;-7.3562697e-02;2.7500000e+01;-3.9544944e-02;2.7500000e+01;1.3399037e-02;2.7500000e+01;8.5174367e-02;2.7500000e+01;1.7103779e-01;2.7500000e+01;2.3423517e-01;2.7500000e+01;2.3884784e-01;2.7500000e+01;2.0493139e-01;2.7500000e+01;1.7792048e-01;2.7500000e+01;1.7474154e-01;2.7500000e+01;1.5329319e-01;2.7500000e+01;1.1325438e-01;2.7500000e+01;6.7858756e-02;2.7500000e+01;2.1074884e-02;2.7500000e+01;-2.6825942e-02;2.7500000e+01;-7.3944867e-02;2.7500000e+01;-1.2152211e-01;2.7500000e+01;-8.2752757e-02;2.7500000e+01;-7.3562697e-02;2.7500000e+01;-3.9544944e-02;2.7500000e+01;1.3399037e-02;2.7500000e+01;8.5174367e-02;2.7500000e+01;1.7103779e-01;2.7500000e+01;2.3423517e-01;2.7500000e+01;2.3884784e-01;2.7500000e+01;2.0493139e-01;2.7500000e+01;1.7792048e-01;2.7500000e+01;1.7474154e-01;2.7500000e+01;1.5329319e-01;2.7500000e+01;1.1325438e-01;2.7500000e+01;6.7858756e-02;2.7500000e+01;2.1074884e-02;2.7500000e+01;-2.6825942e-02;2.7500000e+01;-7.3944867e-02;2.7500000e+01;-1.2152211e-01;2.7500000e+01;-8.2752757e-02;2.7500000e+01;-7.3562697e-02;2.7500000e+01;-3.9544944e-02;2.7500000e+01;1.3399037e-02;2.7500000e+01;8.5174367e-02;2.7500000e+01;1.7103779e-01;2.7500000e+01;2.3423517e-01;2.7500000e+01;2.3884784e-01;2.7500000e+01;2.0493139e-01;2.7500000e+01;1.7792048e-01;2.7500000e+01;1.7474154e-01;2.7500000e+01;1.5329319e-01;2.7500000e+01;1.1325438e-01;2.7500000e+01;6.7858756e-02;2.7500000e+01;2.1074884e-02;2.7500000e+01;-2.6825942e-02;2.7500000e+01;-7.3944867e-02;2.7500000e+01;-1.2152211e-01;2.7500000e+01;-8.2752757e-02;2.7500000e+01;-7.3562697e-02;2.7500000e+01;-3.9544944e-02;2.7500000e+01;1.3399037e-02;2.7500000e+01;8.5174367e-02;2.7500000e+01;1.7103779e-01;2.7500000e+01;2.3423517e-01;2.7500000e+01;2.3884784e-01;2.7500000e+01;2.0493139e-01;2.7500000e+01;1.7792048e-01;2.7500000e+01;1.7474154e-01;2.7500000e+01;1.5329319e-01;2.7500000e+01;1.1325438e-01;2.7500000e+01;6.7858756e-02;2.7500000e+01;2.1074884e-02;2.7500000e+01;-2.6825942e-02;2.7500000e+01;-7.3944867e-02;2.7500000e+01;-1.2152211e-01;2.7500000e+01;-8.2752757e-02;2.7500000e+01;-7.3562697e-02;2.7500000e+01;-3.9544944e-02;2.7500000e+01;1.3399037e-02;2.7500000e+01;8.5174367e-02;2.7500000e+01;1.7103779e-01;2.7500000e+01;2.3423517e-01;2.7500000e+01;2.3884784e-01;2.7500000e+01;2.0493139e-01;2.7500000e+01;1.7792048e-01;2.7500000e+01;1.7474154e-01;2.7500000e+01;1.5329319e-01;2.7500000e+01;1.1325438e-01;2.7500000e+01;6.7858756e-02;2.7500000e+01;2.1074884e-02;2.7500000e+01;-2.6825942e-02;2.7500000e+01;-7.3944867e-02;2.7500000e+01;-1.2152211e-01;2.7500000e+01;-8.2752757e-02;2.7500000e+01;-7.3562697e-02;2.7500000e+01;-3.9544944e-02;2.7500000e+01;1.3399037e-02;2.7500000e+01;8.5174367e-02;2.7500000e+01;1.7103779e-01;2.7500000e+01;2.3423517e-01;2.7500000e+01;2.3884784e-01;2.7500000e+01;2.0493139e-01;2.7500000e+01;1.7792048e-01;2.7500000e+01;1.7474154e-01;2.7500000e+01;1.5329319e-01;2.7500000e+01;1.1325438e-01;2.7500000e+01;6.7858756e-02;2.7500000e+01;2.1074884e-02;2.7500000e+01;-2.6825942e-02;2.7500000e+01;-7.3944867e-02;2.7500000e+01;-1.2152211e-01;2.7500000e+01;-8.2752757e-02;2.7500000e+01;-7.3562697e-02;2.7500000e+01;-3.9544944e-02;2.7500000e+01;1.3399037e-02;2.7500000e+01;8.5174367e-02;2.7500000e+01;1.7103779e-01;2.7500000e+01;2.3423517e-01;2.7500000e+01;2.3884784e-01;2.7500000e+01;2.0493139e-01;2.7500000e+01;1.7792048e-01;2.7500000e+01;1.7474154e-01;2.7500000e+01;1.5329319e-01;2.7500000e+01;1.1325438e-01;2.7500000e+01;6.7858756e-02;2.7500000e+01;2.1074884e-02;2.7500000e+01;-2.6825942e-02;2.7500000e+01;-7.3944867e-02;2.7500000e+01;-1.2152211e-01;2.7500000e+01;-8.2752757e-02;2.7500000e+01;-7.3562697e-02;2.7500000e+01;-3.9544944e-02;2.7500000e+01;1.3399037e-02;2.7500000e+01;8.5174367e-02;2.7500000e+01;1.7103779e-01;2.7500000e+01;2.3423517e-01;2.7500000e+01;2.3884784e-01;2.7500000e+01;2.0493139e-01;2.7500000e+01;1.7792048e-01;2.7500000e+01;1.7474154e-01;2.7500000e+01;1.5329319e-01;2.7500000e+01;1.1325438e-01;2.7500000e+01;6.7858756e-02;2.7500000e+01;2.1074884e-02;2.7500000e+01;-2.6825942e-02;2.7500000e+01;-7.3944867e-02;2.7500000e+01;-1.2152211e-01;2.7500000e+01;-8.2752757e-02;2.7500000e+01;-7.3562697e-02;2.7500000e+01;-3.9544944e-02;2.7500000e+01;1.3399037e-02;2.7500000e+01;8.5174367e-02;2.7500000e+01;1.7103779e-01;2.7500000e+01;2.3423517e-01;2.7500000e+01;2.3884784e-01;2.7500000e+01;2.0493139e-01;2.7500000e+01;1.7792048e-01;2.7500000e+01;1.7474154e-01;2.7500000e+01;1.5329319e-01;2.7500000e+01;1.1325438e-01;2.7500000e+01;6.7858756e-02;2.7500000e+01;2.1074884e-02;2.7500000e+01;-2.6825942e-02;2.7500000e+01;-7.3944867e-02;2.7500000e+01;-1.2152211e-01;2.7500000e+01;-8.2752757e-02;2.7500000e+01;-7.3562697e-02;2.7500000e+01;-3.9544944e-02;2.7500000e+01;1.3399037e-02;2.7500000e+01;8.5174367e-02;2.7500000e+01;1.7103779e-01;2.7500000e+01;2.3423517e-01;2.7500000e+01;2.3884784e-01;2.7500000e+01;2.0493139e-01;2.7500000e+01;1.7792048e-01;2.7500000e+01;1.7474154e-01;2.7500000e+01;1.5329319e-01;2.7500000e+01;1.1325438e-01;2.7500000e+01;6.7858756e-02;2.7500000e+01;2.1074884e-02;2.7500000e+01;-2.6825942e-02;2.7500000e+01;-7.3944867e-02;2.7500000e+01;-1.2152211e-01;2.7500000e+01;-8.2752757e-02;2.7500000e+01;-7.3562697e-02;2.7500000e+01;-3.9544944e-02;2.7500000e+01;1.3399037e-02;2.7500000e+01;8.5174367e-02;2.7500000e+01;1.7103779e-01;2.7500000e+01;2.3423517e-01;2.7500000e+01;2.3884784e-01;2.7500000e+01;2.0493139e-01;2.7500000e+01;1.7792048e-01;2.7500000e+01;1.7474154e-01;2.7500000e+01;1.5329319e-01;2.7500000e+01;1.1325438e-01;2.7500000e+01;6.7858756e-02;2.7500000e+01;2.1074884e-02;2.7500000e+01;-2.6825942e-02;2.7500000e+01;-7.3944867e-02;2.7500000e+01;-1.2152211e-01;2.7500000e+01;-8.2752757e-02;2.7500000e+01;-7.3562697e-02;2.7500000e+01;-3.9544944e-02;2.7500000e+01;1.3399037e-02;2.7500000e+01;8.5174367e-02;2.7500000e+01;1.7103779e-01;2.7500000e+01;2.3423517e-01;2.7500000e+01;2.3884784e-01;2.7500000e+01;2.0493139e-01;2.7500000e+01;1.7792048e-01;2.7500000e+01;1.7474154e-01;2.7500000e+01;1.5329319e-01;2.7500000e+01;1.1325438e-01;2.7500000e+01;6.7858756e-02;2.7500000e+01;2.1074884e-02;2.7500000e+01;-2.6825942e-02;2.7500000e+01;-7.3944867e-02;2.7500000e+01;-1.2152211e-01;2.7500000e+01;-8.2752757e-02;2.7500000e+01;-7.3562697e-02;2.7500000e+01;-3.9544944e-02;2.7500000e+01;1.3399037e-02;2.7500000e+01;8.5174367e-02;2.7500000e+01;1.7103779e-01;2.7500000e+01;2.3423517e-01;2.7500000e+01;2.3884784e-01;2.7500000e+01;2.0493139e-01;2.7500000e+01;1.7792048e-01;2.7500000e+01;1.7474154e-01;2.7500000e+01;1.5329319e-01;2.7500000e+01;1.1325438e-01;2.7500000e+01;6.7858756e-02;2.7500000e+01;2.1074884e-02;2.7500000e+01;-2.6825942e-02;2.7500000e+01;-7.3944867e-02;2.7500000e+01;-1.2152211e-01;2.7500000e+01;-8.2752757e-02;2.7500000e+01;-7.3562697e-02;2.7500000e+01;-3.9544944e-02;2.7500000e+01;1.3399037e-02;2.7500000e+01;8.5174367e-02;2.7500000e+01;1.7103779e-01;2.7500000e+01;2.3423517e-01;2.7500000e+01;2.3884784e-01;2.7500000e+01;2.0493139e-01;2.7500000e+01;1.7792048e-01;2.7500000e+01;1.7474154e-01;2.7500000e+01;1.5329319e-01;2.7500000e+01;1.1325438e-01;2.7500000e+01;6.7858756e-02;2.7500000e+01;2.1074884e-02;2.7500000e+01;-2.6825942e-02;2.7500000e+01;-7.3944867e-02;2.7500000e+01;-1.2152211e-01;2.7500000e+01;-8.2752757e-02;2.7500000e+01;-7.3562697e-02;2.7500000e+01;-3.9544944e-02;2.7500000e+01;1.3399037e-02;2.7500000e+01;8.5174367e-02;2.7500000e+01;1.7103779e-01;2.7500000e+01;2.3423517e-01;2.7500000e+01;2.3884784e-01;2.7500000e+01;2.0493139e-01;2.7500000e+01;1.7792048e-01;2.7500000e+01;1.7474154e-01;2.7500000e+01;1.5329319e-01;2.7500000e+01;1.1325438e-01;2.7500000e+01;6.7858756e-02;2.7500000e+01;2.1074884e-02;2.7500000e+01;-2.6825942e-02;2.7500000e+01;-7.3944867e-02;2.7500000e+01;-1.2152211e-01;2.7500000e+01;-8.2752757e-02;2.7500000e+01;-7.3562697e-02;2.7500000e+01;-3.9544944e-02;2.7500000e+01;1.3399037e-02;2.7500000e+01;8.5174367e-02;2.7500000e+01;1.7103779e-01;2.7500000e+01;2.3423517e-01;2.7500000e+01;2.3884784e-01;2.7500000e+01;2.0493139e-01;2.7500000e+01;1.7792048e-01;2.7500000e+01;1.7474154e-01;2.7500000e+01;1.5329319e-01;2.7500000e+01;1.1325438e-01;2.7500000e+01;6.7858756e-02;2.7500000e+01;2.1074884e-02;2.7500000e+01;-2.6825942e-02;2.7500000e+01;-7.3944867e-02;2.7500000e+01;-1.2152211e-01;2.7500000e+01;-8.2752757e-02;2.7500000e+01;-7.3562697e-02;2.7500000e+01;-3.9544944e-02;2.7500000e+01;1.3399037e-02;2.7500000e+01;8.5174367e-02;2.7500000e+01;1.7103779e-01;2.7500000e+01;2.3423517e-01;2.7500000e+01;2.3884784e-01;2.7500000e+01;2.0493139e-01;2.7500000e+01;1.7792048e-01;2.7500000e+01;1.7474154e-01;2.7500000e+01;1.5329319e-01;2.7500000e+01;1.1325438e-01;2.7500000e+01;6.7858756e-02;2.7500000e+01;2.1074884e-02;2.7500000e+01;-2.6825942e-02;2.7500000e+01;-7.3944867e-02;2.7500000e+01;-1.2152211e-01;2.7500000e+01;-8.2752757e-02;2.7500000e+01;-7.3562697e-02;2.7500000e+01;-3.9544944e-02;2.7500000e+01;1.3399037e-02;2.7500000e+01;8.5174367e-02;2.7500000e+01;1.7103779e-01;2.7500000e+01;2.3423517e-01;2.7500000e+01;2.3884784e-01;2.7500000e+01;2.0493139e-01;2.7500000e+01;1.7792048e-01;2.7500000e+01;1.7474154e-01;2.7500000e+01;1.5329319e-01;2.7500000e+01;1.1325438e-01;2.7500000e+01;6.7858756e-02;2.7500000e+01;2.1074884e-02;2.7500000e+01;-2.6825942e-02;2.7500000e+01;-7.3944867e-02;2.7500000e+01;-1.2152211e-01;2.7500000e+01;-8.2752757e-02;2.7500000e+01;-7.3562697e-02;2.7500000e+01;-3.9544944e-02;2.7500000e+01;1.3399037e-02;2.7500000e+01;8.5174367e-02;2.7500000e+01;1.7103779e-01;2.7500000e+01;2.3423517e-01;2.7500000e+01;2.3884784e-01;2.7500000e+01;2.0493139e-01;2.7500000e+01;1.7792048e-01;2.7500000e+01;1.7474154e-01;2.7500000e+01;1.5329319e-01;2.7500000e+01;1.1325438e-01;2.7500000e+01;6.7858756e-02;2.7500000e+01;2.1074884e-02;2.7500000e+01;-2.6825942e-02;2.7500000e+01;-7.3944867e-02;2.7500000e+01;-1.2152211e-01;2.7500000e+01;-8.2752757e-02;2.7500000e+01;-7.3562697e-02;2.7500000e+01;-3.9544944e-02;2.7500000e+01;1.3399037e-02;2.7500000e+01;8.5174367e-02;2.7500000e+01;1.7103779e-01;2.7500000e+01;2.3423517e-01;2.7500000e+01;2.3884784e-01;2.7500000e+01;2.0493139e-01;2.7500000e+01;1.7792048e-01;2.7500000e+01;1.7474154e-01;2.7500000e+01;1.5329319e-01;2.7500000e+01;1.1325438e-01;2.7500000e+01;6.7858756e-02;2.7500000e+01;2.1074884e-02;2.7500000e+01;-2.6825942e-02;2.7500000e+01;-7.3944867e-02;2.7500000e+01;-1.2152211e-01;2.7500000e+01;-8.2752757e-02;2.7500000e+01;-7.3562697e-02;2.7500000e+01;-3.9544944e-02;2.7500000e+01;1.3399037e-02;2.7500000e+01;8.5174367e-02;2.7500000e+01;1.7103779e-01;2.7500000e+01;2.3423517e-01;2.7500000e+01;2.3884784e-01;2.7500000e+01;2.0493139e-01;2.7500000e+01;1.7792048e-01;2.7500000e+01;1.7474154e-01;2.7500000e+01;1.5329319e-01;2.7500000e+01;1.1325438e-01;2.7500000e+01;6.7858756e-02;2.7500000e+01;2.1074884e-02;2.7500000e+01;-2.6825942e-02;2.7500000e+01;-7.3944867e-02;2.7500000e+01;-1.2152211e-01;2.7500000e+01;-8.2752757e-02;2.7500000e+01;-7.3562697e-02;2.7500000e+01;-3.9544944e-02;2.7500000e+01;1.3399037e-02;2.7500000e+01;8.5174367e-02;2.7500000e+01;1.7103779e-01;2.7500000e+01;2.3423517e-01;2.7500000e+01;2.3884784e-01;2.7500000e+01;2.0493139e-01;2.7500000e+01;1.7792048e-01;2.7500000e+01;1.7474154e-01;2.7500000e+01;1.5329319e-01;2.7500000e+01;1.1325438e-01;2.7500000e+01;6.7858756e-02;2.7500000e+01;2.1074884e-02;2.7500000e+01;-2.6825942e-02;2.7500000e+01;-7.3944867e-02;2.7500000e+01;-1.2152211e-01;2.7500000e+01;-8.2752757e-02;2.7500000e+01;-7.3562697e-02;2.7500000e+01;-3.9544944e-02;2.7500000e+01;1.3399037e-02;2.7500000e+01;8.5174367e-02;2.7500000e+01;1.7103779e-01;2.7500000e+01;2.3423517e-01;2.7500000e+01;2.3884784e-01;2.7500000e+01;2.0493139e-01;2.7500000e+01;1.7792048e-01;2.7500000e+01;1.7474154e-01;2.7500000e+01;1.5329319e-01;2.7500000e+01;1.1325438e-01;2.7500000e+01;6.7858756e-02;2.7500000e+01;2.1074884e-02;2.7500000e+01;-2.6825942e-02;2.7500000e+01;-7.3944867e-02;2.7500000e+01;-1.2152211e-01;2.7500000e+01;-8.2752757e-02;2.7500000e+01;-7.3562697e-02;2.7500000e+01;-3.9544944e-02;2.7500000e+01;1.3399037e-02;2.7500000e+01;8.5174367e-02;2.7500000e+01;1.7103779e-01;2.7500000e+01;2.3423517e-01;2.7500000e+01;2.3884784e-01;2.7500000e+01;2.0493139e-01;2.7500000e+01;1.7792048e-01;2.7500000e+01;1.7474154e-01;2.7500000e+01;1.5329319e-01;2.7500000e+01;1.1325438e-01;2.7500000e+01;6.7858756e-02;2.7500000e+01;2.1074884e-02;2.7500000e+01;-2.6825942e-02;2.7500000e+01;-7.3944867e-02;2.7500000e+01;-1.2152211e-01;2.7500000e+01;-8.2752757e-02;2.7500000e+01;-7.3562697e-02;2.7500000e+01;-3.9544944e-02;2.7500000e+01;1.3399037e-02;2.7500000e+01;8.5174367e-02;2.7500000e+01;1.7103779e-01;2.7500000e+01;2.3423517e-01;2.7500000e+01;2.3884784e-01;2.7500000e+01;2.0493139e-01;2.7500000e+01;1.7792048e-01;2.7500000e+01;1.7474154e-01;2.7500000e+01;1.5329319e-01;2.7500000e+01;1.1325438e-01;2.7500000e+01;6.7858756e-02;2.7500000e+01;2.1074884e-02;2.7500000e+01;-2.6825942e-02;2.7500000e+01;-7.3944867e-02;2.7500000e+01;-1.2152211e-01;2.7500000e+01;-8.2752757e-02;2.7500000e+01;-7.3562697e-02;2.7500000e+01;-3.9544944e-02;2.7500000e+01;1.3399037e-02;2.7500000e+01;8.5174367e-02;2.7500000e+01;1.7103779e-01;2.7500000e+01;2.3423517e-01;2.7500000e+01;2.3884784e-01;2.7500000e+01;2.0493139e-01;2.7500000e+01;1.7792048e-01;2.7500000e+01;1.7474154e-01;2.7500000e+01;1.5329319e-01;2.7500000e+01;1.1325438e-01;2.7500000e+01;6.7858756e-02;2.7500000e+01;2.1074884e-02;2.7500000e+01;-2.6825942e-02;2.7500000e+01;-7.3944867e-02;2.7500000e+01;-1.2152211e-01;2.7500000e+01;-8.2752757e-02;2.7500000e+01;-7.3562697e-02;2.7500000e+01;-3.9544944e-02;2.7500000e+01;1.3399037e-02;2.7500000e+01;8.5174367e-02;2.7500000e+01;1.7103779e-01;2.7500000e+01;2.3423517e-01;2.7500000e+01;2.3884784e-01;2.7500000e+01;2.0493139e-01;2.7500000e+01;1.7792048e-01;2.7500000e+01;1.7474154e-01;2.7500000e+01;1.5329319e-01;2.7500000e+01;1.1325438e-01;2.7500000e+01;6.7858756e-02;2.7500000e+01;2.1074884e-02;2.7500000e+01;-2.6825942e-02;2.7500000e+01;-7.3944867e-02;2.7500000e+01;-1.2152211e-01;2.7500000e+01;-8.2752757e-02;2.7500000e+01;-7.3562697e-02;2.7500000e+01;-3.9544944e-02;2.7500000e+01;1.3399037e-02;2.7500000e+01;8.5174367e-02;2.7500000e+01;1.7103779e-01;2.7500000e+01;2.3423517e-01;2.7500000e+01;2.3884784e-01;2.7500000e+01;2.0493139e-01;2.7500000e+01;1.7792048e-01;2.7500000e+01;1.7474154e-01;2.7500000e+01;1.5329319e-01;2.7500000e+01;1.1325438e-01;2.7500000e+01;6.7858756e-02;2.7500000e+01;2.1074884e-02;2.7500000e+01;-2.6825942e-02;2.7500000e+01;-7.3944867e-02;2.7500000e+01;-1.2152211e-01;2.7500000e+01;-8.2752757e-02;2.7500000e+01;-7.3562697e-02;2.7500000e+01;-3.9544944e-02;2.7500000e+01;1.3399037e-02;2.7500000e+01;8.5174367e-02;2.7500000e+01;1.7103779e-01;2.7500000e+01;2.3423517e-01;2.7500000e+01;2.3884784e-01;2.7500000e+01;2.0493139e-01;2.7500000e+01;1.7792048e-01;2.7500000e+01;1.7474154e-01;2.7500000e+01;1.5329319e-01;2.7500000e+01;1.1325438e-01;2.7500000e+01;6.7858756e-02;2.7500000e+01;2.1074884e-02;2.7500000e+01;-2.6825942e-02;2.7500000e+01;-7.3944867e-02;2.7500000e+01;-1.2152211e-01;2.7500000e+01;-8.2752757e-02;2.7500000e+01;-7.3562697e-02;2.7500000e+01;-3.9544944e-02;2.7500000e+01;1.3399037e-02;2.7500000e+01;8.5174367e-02;2.7500000e+01;1.7103779e-01;2.7500000e+01;2.3423517e-01;2.7500000e+01;2.3884784e-01;2.7500000e+01;2.0493139e-01;2.7500000e+01;1.7792048e-01;2.7500000e+01;1.7474154e-01;2.7500000e+01;1.5329319e-01;2.7500000e+01;1.1325438e-01;2.7500000e+01;6.7858756e-02;2.7500000e+01;2.1074884e-02;2.7500000e+01;-2.6825942e-02;2.7500000e+01;-7.3944867e-02;2.7500000e+01;-1.2152211e-01;2.7500000e+01;-8.2752757e-02;2.7500000e+01;-7.3562697e-02;2.7500000e+01;-3.9544944e-02;2.7500000e+01;1.3399037e-02;2.7500000e+01;8.5174367e-02;2.7500000e+01;1.7103779e-01;2.7500000e+01;2.3423517e-01;2.7500000e+01;2.3884784e-01;2.7500000e+01;2.0493139e-01;2.7500000e+01;1.7792048e-01;2.7500000e+01;1.7474154e-01;2.7500000e+01;1.5329319e-01;2.7500000e+01;1.1325438e-01;2.7500000e+01;6.7858756e-02;2.7500000e+01;2.1074884e-02;2.7500000e+01;-2.6825942e-02;2.7500000e+01;-7.3944867e-02;2.7500000e+01;-1.2152211e-01;2.7500000e+01;-8.2752757e-02;2.7500000e+01;-7.3562697e-02;2.7500000e+01;-3.9544944e-02;2.7500000e+01;1.3399037e-02;2.7500000e+01;8.5174367e-02;2.7500000e+01;1.7103779e-01;2.7500000e+01;2.3423517e-01;2.7500000e+01;2.3884784e-01;2.7500000e+01;2.0493139e-01;2.7500000e+01;1.7792048e-01;2.7500000e+01;1.7474154e-01;2.7500000e+01;1.5329319e-01;2.7500000e+01;1.1325438e-01;2.7500000e+01;6.7858756e-02;2.7500000e+01;2.1074884e-02;2.7500000e+01;-2.6825942e-02;2.7500000e+01;-7.3944867e-02;2.7500000e+01;-1.2152211e-01;2.7500000e+01;-8.2752757e-02;2.7500000e+01;-7.3562697e-02;2.7500000e+01;-3.9544944e-02;2.7500000e+01;1.3399037e-02;2.7500000e+01;8.5174367e-02;2.7500000e+01;1.7103779e-01;2.7500000e+01;2.3423517e-01;2.7500000e+01;2.3884784e-01;2.7500000e+01;2.0493139e-01;2.7500000e+01;1.7792048e-01;2.7500000e+01;1.7474154e-01;2.7500000e+01;1.5329319e-01;2.7500000e+01;1.1325438e-01;2.7500000e+01;6.7858756e-02;2.7500000e+01;2.1074884e-02;2.7500000e+01;-2.6825942e-02;2.7500000e+01;-7.3944867e-02;2.7500000e+01;-1.2152211e-01;2.7500000e+01;-8.2752757e-02;2.7500000e+01;-7.3562697e-02;2.7500000e+01;-3.9544944e-02;2.7500000e+01;1.3399037e-02;2.7500000e+01;8.5174367e-02;2.7500000e+01;1.7103779e-01;2.7500000e+01;2.3423517e-01;2.7500000e+01;2.3884784e-01;2.7500000e+01;2.0493139e-01;2.7500000e+01;1.7792048e-01;2.7500000e+01;1.7474154e-01;2.7500000e+01;1.5329319e-01;2.7500000e+01;1.1325438e-01;2.7500000e+01;6.7858756e-02;2.7500000e+01;2.1074884e-02;2.7500000e+01;-2.6825942e-02;2.7500000e+01;-7.3944867e-02;2.7500000e+01;-1.2152211e-01;2.7500000e+01;-8.2752757e-02;2.7500000e+01;-7.3562697e-02;2.7500000e+01;-3.9544944e-02;2.7500000e+01;1.3399037e-02;2.7500000e+01;8.5174367e-02;2.7500000e+01;1.7103779e-01;2.7500000e+01;2.3423517e-01;2.7500000e+01;2.3884784e-01;2.7500000e+01;2.0493139e-01;2.7500000e+01;1.7792048e-01;2.7500000e+01;1.7474154e-01;2.7500000e+01;1.5329319e-01;2.7500000e+01;1.1325438e-01;2.7500000e+01;6.7858756e-02;2.7500000e+01;2.1074884e-02;2.7500000e+01;-2.6825942e-02;2.7500000e+01;-7.3944867e-02;2.7500000e+01;-1.2152211e-01;2.7500000e+01;-8.2752757e-02;2.7500000e+01;-7.3562697e-02;2.7500000e+01;-3.9544944e-02;2.7500000e+01;1.3399037e-02;2.7500000e+01;8.5174367e-02;2.7500000e+01;1.7103779e-01;2.7500000e+01;2.3423517e-01;2.7500000e+01;2.3884784e-01;2.7500000e+01;2.0493139e-01;2.7500000e+01;1.7792048e-01;2.7500000e+01;1.7474154e-01;2.7500000e+01;1.5329319e-01;2.7500000e+01;1.1325438e-01;2.7500000e+01;6.7858756e-02;2.7500000e+01;2.1074884e-02;2.7500000e+01;-2.6825942e-02;2.7500000e+01;-7.3944867e-02;2.7500000e+01;-1.2152211e-01;2.7500000e+01;-8.2752757e-02;2.7500000e+01;-7.3562697e-02;2.7500000e+01;-3.9544944e-02;2.7500000e+01;1.3399037e-02;2.7500000e+01;8.5174367e-02;2.7500000e+01;1.7103779e-01;2.7500000e+01;2.3423517e-01;2.7500000e+01;2.3884784e-01;2.7500000e+01;2.0493139e-01;2.7500000e+01;1.7792048e-01;2.7500000e+01;1.7474154e-01;2.7500000e+01;1.5329319e-01;2.7500000e+01;1.1325438e-01;2.7500000e+01;6.7858756e-02;2.7500000e+01;2.1074884e-02;2.7500000e+01;-2.6825942e-02;2.7500000e+01;-7.3944867e-02;2.7500000e+01;-1.2152211e-01;2.7500000e+01;-8.2752757e-02;2.7500000e+01;-7.3562697e-02;2.7500000e+01;-3.9544944e-02;2.7500000e+01;1.3399037e-02;2.7500000e+01;8.5174367e-02;2.7500000e+01;1.7103779e-01;2.7500000e+01;2.3423517e-01;2.7500000e+01;2.3884784e-01;2.7500000e+01;2.0493139e-01;2.7500000e+01;1.7792048e-01;2.7500000e+01;1.7474154e-01;2.7500000e+01;1.5329319e-01;2.7500000e+01;1.1325438e-01;2.7500000e+01;6.7858756e-02;2.7500000e+01;2.1074884e-02;2.7500000e+01;-2.6825942e-02;2.7500000e+01;-7.3944867e-02;2.7500000e+01;-1.2152211e-01;2.7500000e+01;-8.2752757e-02;2.7500000e+01;-7.3562697e-02;2.7500000e+01;-3.9544944e-02;2.7500000e+01;1.3399037e-02;2.7500000e+01;8.5174367e-02;2.7500000e+01;1.7103779e-01;2.7500000e+01;2.3423517e-01;2.7500000e+01;2.3884784e-01;2.7500000e+01;2.0493139e-01;2.7500000e+01;1.7792048e-01;2.7500000e+01;1.7474154e-01;2.7500000e+01;1.5329319e-01;2.7500000e+01;1.1325438e-01;2.7500000e+01;6.7858756e-02;2.7500000e+01;2.1074884e-02;2.7500000e+01;-2.6825942e-02;2.7500000e+01;-7.3944867e-02;2.7500000e+01;-1.2152211e-01;2.7500000e+01;-8.2752757e-02;2.7500000e+01;-7.3562697e-02;2.7500000e+01;-3.9544944e-02;2.7500000e+01;1.3399037e-02;2.7500000e+01;8.5174367e-02;2.7500000e+01;1.7103779e-01;2.7500000e+01;2.3423517e-01;2.7500000e+01;2.3884784e-01;2.7500000e+01;2.0493139e-01;2.7500000e+01;1.7792048e-01;2.7500000e+01;1.7474154e-01;2.7500000e+01;1.5329319e-01;2.7500000e+01;1.1325438e-01;2.7500000e+01;6.7858756e-02;2.7500000e+01;2.1074884e-02;2.7500000e+01;-2.6825942e-02;2.7500000e+01;-7.3944867e-02;2.7500000e+01;-1.2152211e-01;2.7500000e+01;-8.2752757e-02;2.7500000e+01;-7.3562697e-02;2.7500000e+01;-3.9544944e-02;2.7500000e+01;1.3399037e-02;2.7500000e+01;8.5174367e-02;2.7500000e+01;1.7103779e-01;2.7500000e+01;2.3423517e-01;2.7500000e+01;2.3884784e-01;2.7500000e+01;2.0493139e-01;2.7500000e+01;1.7792048e-01;2.7500000e+01;1.7474154e-01;2.7500000e+01;1.5329319e-01;2.7500000e+01;1.1325438e-01;2.7500000e+01;6.7858756e-02;2.7500000e+01;2.1074884e-02;2.7500000e+01;-2.6825942e-02;2.7500000e+01;-7.3944867e-02;2.7500000e+01;-1.2152211e-01;2.7500000e+01;-8.2752757e-02;2.7500000e+01;-7.3562697e-02;2.7500000e+01;-3.9544944e-02;2.7500000e+01;1.3399037e-02;2.7500000e+01;8.5174367e-02;2.7500000e+01;1.7103779e-01;2.7500000e+01;2.3423517e-01;2.7500000e+01;2.3884784e-01;2.7500000e+01;2.0493139e-01;2.7500000e+01;1.7792048e-01;2.7500000e+01;1.7474154e-01;2.7500000e+01;1.5329319e-01;2.7500000e+01;1.1325438e-01;2.7500000e+01;6.7858756e-02;2.7500000e+01;2.1074884e-02;2.7500000e+01;-2.6825942e-02;2.7500000e+01;-7.3944867e-02;2.7500000e+01;-1.2152211e-01;2.7500000e+01;-8.2752757e-02;2.7500000e+01;-7.3562697e-02;2.7500000e+01;-3.9544944e-02;2.7500000e+01;1.3399037e-02;2.7500000e+01;8.5174367e-02;2.7500000e+01;1.7103779e-01;2.7500000e+01;2.3423517e-01;2.7500000e+01;2.3884784e-01;2.7500000e+01;2.0493139e-01;2.7500000e+01;1.7792048e-01;2.7500000e+01;1.7474154e-01;2.7500000e+01;1.5329319e-01;2.7500000e+01;1.1325438e-01;2.7500000e+01;6.7858756e-02;2.7500000e+01;2.1074884e-02;2.7500000e+01;-2.6825942e-02;2.7500000e+01;-7.3944867e-02;2.7500000e+01;-1.2152211e-01
3.2500000e+01;-7.5365603e-02;3.2500000e+01;-5.9184879e-02;3.2500000e+01;-2.1605439e-02;3.2500000e+01;3.7350796e-02;3.2500000e+01;1.1795075e-01;3.2500000e+01;2.1036759e-01;3.2500000e+01;2.6974106e-01;3.2500000e+01;2.6178497e-01;3.2500000e+01;2.2146222e-01;3.2500000e+01;1.8674846e-01;3.2500000e+01;1.7380923e-01;3.2500000e+01;1.5251786e-01;3.2500000e+01;1.1433408e-01;3.2500000e+01;6.9465317e-02;3.2500000e+01;2.3241699e-02;3.2500000e+01;-2.3459971e-02;3.2500000e+01;-6.9986880e-02;3.2500000e+01;-1.1922804e-01;3.2500000e+01;-7.5365603e-02;3.2500000e+01;-5.9184879e-02;3.2500000e+01;-2.1605439e-02;3.2500000e+01;3.7350796e-02;3.2500000e+01;1.1795075e-01;3.2500000e+01;2.1036759e-01;3.2500000e+01;2.6974106e-01;3.2500000e+01;2.6178497e-01;3.2500000e+01;2.2146222e-01;3.2500000e+01;1.8674846e-01;3.2500000e+01;1.7380923e-01;3.2500000e+01;1.5251786e-01;3.2500000e+01;1.1433408e-01;3.2500000e+01;6.9465317e-02;3.2500000e+01;2.3241699e-02;3.2500000e+01;-2.3459971e-02;3.2500000e+01;-6.9986880e-02;3.2500000e+01;-1.1922804e-01;3.2500000e+01;-7.5365603e-02;3.2500000e+01;-5.9184879e-02;3.2500000e+01;-2.1605439e-02;3.2500000e+01;3.7350796e-02;3.2500000e+01;1.1795075e-01;3.2500000e+01;2.1036759e-01;3.2500000e+01;2.6974106e-01;3.2500000e+01;2.6178497e-01;3.2500000e+01;2.2146222e-01;3.2500000e+01;1.8674846e-01;3.2500000e+01;1.7380923e-01;3.2500000e+01;1.5251786e-01;3.2500000e+01;1.1433408e-01;3.2500000e+01;6.9465317e-02;3.2500000e+01;2.3241699e-02;3.2500000e+01;-2.3459971e-02;3.2500000e+01;-6.9986880e-02;3.2500000e+01;-1.1922804e-01;3.2500000e+01;-7.5365603e-02;3.2500000e+01;-5.9184879e-02;3.2500000e+01;-2.1605439e-02;3.2500000e+01;3.7350796e-02;3.2500000e+01;1.1795075e-01;3.2500000e+01;2.1036759e-01;3.2500000e+01;2.6974106e-01;3.2500000e+01;2.6178497e-01;3.2500000e+01;2.2146222e-01;3.2500000e+01;1.8674846e-01;3.2500000e+01;1.7380923e-01;3.2500000e+01;1.5251786e-01;3.2500000e+01;1.1433408e-01;3.2500000e+01;6.9465317e-02;3.2500000e+01;2.3241699e-02;3.2500000e+01;-2.3459971e-02;3.2500000e+01;-6.9986880e-02;3.2500000e+01;-1.1922804e-01;3.2500000e+01;-7.5365603e-02;3.2500000e+01;-5.9184879e-02;3.2500000e+01;-2.1605439e-02;3.2500000e+01;3.7350796e-02;3.2500000e+01;1.1795075e-01;3.2500000e+01;2.1036759e-01;3.2500000e+01;2.6974106e-01;3.2500000e+01;2.6178497e-01;3.2500000e+01;2.2146222e-01;3.2500000e+01;1.8674846e-01;3.2500000e+01;1.7380923e-01;3.2500000e+01;1.5251786e-01;3.2500000e+01;1.1433408e-01;3.2500000e+01;6.9465317e-02;3.2500000e+01;2.3241699e-02;3.2500000e+01;-2.3459971e-02;3.2500000e+01;-6.9986880e-02;3.2500000e+01;-1.1922804e-01;3.2500000e+01;-7.5365603e-02;3.2500000e+01;-5.9184879e-02;3.2500000e+01;-2.1605439e-02;3.2500000e+01;3.7350796e-02;3.2500000e+01;1.1795075e-01;3.2500000e+01;2.1036759e-01;3.2500000e+01;2.6974106e-01;3.2500000e+01;2.6178497e-01;3.2500000e+01;2.2146222e-01;3.2500000e+01;1.8674846e-01;3.2500000e+01;1.7380923e-01;3.2500000e+01;1.5251786e-01;3.2500000e+01;1.1433408e-01;3.2500000e+01;6.9465317e-02;3.2500000e+01;2.3241699e-02;3.2500000e+01;-2.3459971e-02;3.2500000e+01;-6.9986880e-02;3.2500000e+01;-1.1922804e-01;3.2500000e+01;-7.5365603e-02;3.2500000e+01;-5.9184879e-02;3.2500000e+01;-2.1605439e-02;3.2500000e+01;3.7350796e-02;3.2500000e+01;1.1795075e-01;3.2500000e+01;2.1036759e-01;3.2500000e+01;2.6974106e-01;3.2500000e+01;2.6178497e-01;3.2500000e+01;2.2146222e-01;3.2500000e+01;1.8674846e-01;3.2500000e+01;1.7380923e-01;3.2500000e+01;1.5251786e-01;3.2500000e+01;1.1433408e-01;3.2500000e+01;6.9465317e-02;3.2500000e+01;2.3241699e-02;3.2500000e+01;-2.3459971e-02;3.2500000e+01;-6.9986880e-02;3.2500000e+01;-1.1922804e-01;3.2500000e+01;-7.5365603e-02;3.2500000e+01;-5.9184879e-02;3.2500000e+01;-2.1605439e-02;3.2500000e+01;3.7350796e-02;3.2500000e+01;1.1795075e-01;3.2500000e+01;2.1036759e-01;3.2500000e+01;2.6974106e-01;3.2500000e+01;2.6178497e-01;3.2500000e+01;2.2146222e-01;3.2500000e+01;1.8674846e-01;3.2500000e+01;1.7380923e-01;3.2500000e+01;1.5251786e-01;3.2500000e+01;1.1433408e-01;3.2500000e+01;6.9465317e-02;3.2500000e+01;2.3241699e-02;3.2500000e+01;-2.3459971e-02;3.2500000e+01;-6.9986880e-02;3.2500000e+01;-1.1922804e-01;3.2500000e+01;-7.5365603e-02;3.2500000e+01;-5.9184879e-02;3.2500000e+01;-2.1605439e-02;3.2500000e+01;3.7350796e-02;3.2500000e+01;1.1795075e-01;3.2500000e+01;2.1036759e-01;3.2500000e+01;2.6974106e-01;3.2500000e+01;2.6178497e-01;3.2500000e+01;2.2146222e-01;3.2500000e+01;1.8674846e-01;3.2500000e+01;1.7380923e-01;3.2500000e+01;1.5251786e-01;3.2500000e+01;1.1433408e-01;3.2500000e+01;6.9465317e-02;3.2500000e+01;2.3241699e-02;3.2500000e+01;-2.3459971e-02;3.2500000e+01;-6.9986880e-02;3.2500000e+01;-1.1922804e-01;3.2500000e+01;-7.5365603e-02;3.2500000e+01;-5.9184879e-02;3.2500000e+01;-2.1605439e-02;3.2500000e+01;3.7350796e-02;3.2500000e+01;1.1795075e-01;3.2500000e+01;2.1036759e-01;3.2500000e+01;2.6974106e-01;3.2500000e+01;2.6178497e-01;3.2500000e+01;2.2146222e-01;3.2500000e+01;1.8674846e-01;3.2500000e+01;1.7380923e-01;3.2500000e+01;1.5251786e-01;3.2500000e+01;1.1433408e-01;3.2500000e+01;6.9465317e-02;3.2500000e+01;2.3241699e-02;3.2500000e+01;-2.3459971e-02;3.2500000e+01;-6.9986880e-02;3.2500000e+01;-1.1922804e-01;3.2500000e+01;-7.5365603e-02;3.2500000e+01;-5.9184879e-02;3.2500000e+01;-2.1605439e-02;3.2500000e+01;3.7350796e-02;3.2500000e+01;1.1795075e-01;3.2500000e+01;2.1036759e-01;3.2500000e+01;2.6974106e-01;3.2500000e+01;2.6178497e-01;3.2500000e+01;2.2146222e-01;3.2500000e+01;1.8674846e-01;3.2500000e+01;1.7380923e-01;3.2500000e+01;1.5251786e-01;3.2500000e+01;1.1433408e-01;3.2500000e+01;6.9465317e-02;3.2500000e+01;2.3241699e-02;3.2500000e+01;-2.3459971e-02;3.2500000e+01;-6.9986880e-02;3.2500000e+01;-1.1922804e-01;3.2500000e+01;-7.5365603e-02;3.2500000e+01;-5.9184879e-02;3.2500000e+01;-2.1605439e-02;3.2500000e+01;3.7350796e-02;3.2500000e+01;1.1795075e-01;3.2500000e+01;2.1036759e-01;3.2500000e+01;2.6974106e-01;3.2500000e+01;2.6178497e-01;3.2500000e+01;2.2146222e-01;3.2500000e+01;1.8674846e-01;3.2500000e+01;1.7380923e-01;3.2500000e+01;1.5251786e-01;3.2500000e+01;1.1433408e-01;3.2500000e+01;6.9465317e-02;3.2500000e+01;2.3241699e-02;3.2500000e+01;-2.3459971e-02;3.2500000e+01;-6.9986880e-02;3.2500000e+01;-1.1922804e-01;3.2500000e+01;-7.5365603e-02;3.2500000e+01;-5.9184879e-02;3.2500000e+01;-2.1605439e-02;3.2500000e+01;3.7350796e-02;3.2500000e+01;1.1795075e-01;3.2500000e+01;2.1036759e-01;3.2500000e+01;2.6974106e-01;3.2500000e+01;2.6178497e-01;3.2500000e+01;2.2146222e-01;3.2500000e+01;1.8674846e-01;3.2500000e+01;1.7380923e-01;3.2500000e+01;1.5251786e-01;3.2500000e+01;1.1433408e-01;3.2500000e+01;6.9465317e-02;3.2500000e+01;2.3241699e-02;3.2500000e+01;-2.3459971e-02;3.2500000e+01;-6.9986880e-02;3.2500000e+01;-1.1922804e-01;3.2500000e+01;-7.5365603e-02;3.2500000e+01;-5.9184879e-02;3.2500000e+01;-2.1605439e-02;3.2500000e+01;3.7350796e-02;3.2500000e+01;1.1795075e-01;3.2500000e+01;2.1036759e-01;3.2500000e+01;2.6974106e-01;3.2500000e+01;2.6178497e-01;3.2500000e+01;2.2146222e-01;3.2500000e+01;1.8674846e-01;3.2500000e+01;1.7380923e-01;3.2500000e+01;1.5251786e-01;3.2500000e+01;1.1433408e-01;3.2500000e+01;6.9465317e-02;3.2500000e+01;2.3241699e-02;3.2500000e+01;-2.3459971e-02;3.2500000e+01;-6.9986880e-02;3.2500000e+01;-1.1922804e-01;3.2500000e+01;-7.5365603e-02;3.2500000e+01;-5.9184879e-02;3.2500000e+01;-2.1605439e-02;3.2500000e+01;3.7350796e-02;3.2500000e+01;1.1795075e-01;3.2500000e+01;2.1036759e-01;3.2500000e+01;2.6974106e-01;3.2500000e+01;2.6178497e-01;3.2500000e+01;2.2146222e-01;3.2500000e+01;1.8674846e-01;3.2500000e+01;1.7380923e-01;3.2500000e+01;1.5251786e-01;3.2500000e+01;1.1433408e-01;3.2500000e+01;6.9465317e-02;3.2500000e+01;2.3241699e-02;3.2500000e+01;-2.3459971e-02;3.2500000e+01;-6.9986880e-02;3.2500000e+01;-1.1922804e-01;3.2500000e+01;-7.5365603e-02;3.2500000e+01;-5.9184879e-02;3.2500000e+01;-2.1605439e-02;3.2500000e+01;3.7350796e-02;3.2500000e+01;1.1795075e-01;3.2500000e+01;2.1036759e-01;3.2500000e+01;2.6974106e-01;3.2500000e+01;2.6178497e-01;3.2500000e+01;2.2146222e-01;3.2500000e+01;1.8674846e-01;3.2500000e+01;1.7380923e-01;3.2500000e+01;1.5251786e-01;3.2500000e+01;1.1433408e-01;3.2500000e+01;6.9465317e-02;3.2500000e+01;2.3241699e-02;3.2500000e+01;-2.3459971e-02;3.2500000e+01;-6.9986880e-02;3.2500000e+01;-1.1922804e-01;3.2500000e+01;-7.5365603e-02;3.2500000e+01;-5.9184879e-02;3.2500000e+01;-2.1605439e-02;3.2500000e+01;3.7350796e-02;3.2500000e+01;1.1795075e-01;3.2500000e+01;2.1036759e-01;3.2500000e+01;2.6974106e-01;3.2500000e+01;2.6178497e-01;3.2500000e+01;2.2146222e-01;3.2500000e+01;1.8674846e-01;3.2500000e+01;1.7380923e-01;3.2500000e+01;1.5251786e-01;3.2500000e+01;1.1433408e-01;3.2500000e+01;6.9465317e-02;3.2500000e+01;2.3241699e-02;3.2500000e+01;-2.3459971e-02;3.2500000e+01;-6.9986880e-02;3.2500000e+01;-1.1922804e-01;3.2500000e+01;-7.5365603e-02;3.2500000e+01;-5.9184879e-02;3.2500000e+01;-2.1605439e-02;3.2500000e+01;3.7350796e-02;3.2500000e+01;1.1795075e-01;3.2500000e+01;2.1036759e-01;3.2500000e+01;2.6974106e-01;3.2500000e+01;2.6178497e-01;3.2500000e+01;2.2146222e-01;3.2500000e+01;1.8674846e-01;3.2500000e+01;1.7380923e-01;3.2500000e+01;1.5251786e-01;3.2500000e+01;1.1433408e-01;3.2500000e+01;6.9465317e-02;3.2500000e+01;2.3241699e-02;3.2500000e+01;-2.3459971e-02;3.2500000e+01;-6.9986880e-02;3.2500000e+01;-1.1922804e-01;3.2500000e+01;-7.5365603e-02;3.2500000e+01;-5.9184879e-02;3.2500000e+01;-2.1605439e-02;3.2500000e+01;3.7350796e-02;3.2500000e+01;1.1795075e-01;3.2500000e+01;2.1036759e-01;3.2500000e+01;2.6974106e-01;3.2500000e+01;2.6178497e-01;3.2500000e+01;2.2146222e-01;3.2500000e+01;1.8674846e-01;3.2500000e+01;1.7380923e-01;3.2500000e+01;1.5251786e-01;3.2500000e+01;1.1433408e-01;3.2500000e+01;6.9465317e-02;3.2500000e+01;2.3241699e-02;3.2500000e+01;-2.3459971e-02;3.2500000e+01;-6.9986880e-02;3.2500000e+01;-1.1922804e-01;3.2500000e+01;-7.5365603e-02;3.2500000e+01;-5.9184879e-02;3.2500000e+01;-2.1605439e-02;3.2500000e+01;3.7350796e-02;3.2500000e+01;1.1795075e-01;3.2500000e+01;2.1036759e-01;3.2500000e+01;2.6974106e-01;3.2500000e+01;2.6178497e-01;3.2500000e+01;2.2146222e-01;3.2500000e+01;1.8674846e-01;3.2500000e+01;1.7380923e-01;3.2500000e+01;1.5251786e-01;3.2500000e+01;1.1433408e-01;3.2500000e+01;6.9465317e-02;3.2500000e+01;2.3241699e-02;3.2500000e+01;-2.3459971e-02;3.2500000e+01;-6.9986880e-02;3.2500000e+01;-1.1922804e-01;3.2500000e+01;-7.5365603e-02;3.2500000e+01;-5.9184879e-02;3.2500000e+01;-2.1605439e-02;3.2500000e+01;3.7350796e-02;3.2500000e+01;1.1795075e-01;3.2500000e+01;2.1036759e-01;3.2500000e+01;2.6974106e-01;3.2500000e+01;2.6178497e-01;3.2500000e+01;2.2146222e-01;3.2500000e+01;1.8674846e-01;3.2500000e+01;1.7380923e-01;3.2500000e+01;1.5251786e-01;3.2500000e+01;1.1433408e-01;3.2500000e+01;6.9465317e-02;3.2500000e+01;2.3241699e-02;3.2500000e+01;-2.3459971e-02;3.2500000e+01;-6.9986880e-02;3.2500000e+01;-1.1922804e-01;3.2500000e+01;-7.5365603e-02;3.2500000e+01;-5.9184879e-02;3.2500000e+01;-2.1605439e-02;3.2500000e+01;3.7350796e-02;3.2500000e+01;1.1795075e-01;3.2500000e+01;2.1036759e-01;3.2500000e+01;2.6974106e-01;3.2500000e+01;2.6178497e-01;3.2500000e+01;2.2146222e-01;3.2500000e+01;1.8674846e-01;3.2500000e+01;1.7380923e-01;3.2500000e+01;1.5251786e-01;3.2500000e+01;1.1433408e-01;3.2500000e+01;6.9465317e-02;3.2500000e+01;2.3241699e-02;3.2500000e+01;-2.3459971e-02;3.2500000e+01;-6.9986880e-02;3.2500000e+01;-1.1922804e-01;3.2500000e+01;-7.5365603e-02;3.2500000e+01;-5.9184879e-02;3.2500000e+01;-2.1605439e-02;3.2500000e+01;3.7350796e-02;3.2500000e+01;1.1795075e-01;3.2500000e+01;2.1036759e-01;3.2500000e+01;2.6974106e-01;3.2500000e+01;2.6178497e-01;3.2500000e+01;2.2146222e-01;3.2500000e+01;1.8674846e-01;3.2500000e+01;1.7380923e-01;3.2500000e+01;1.5251786e-01;3.2500000e+01;1.1433408e-01;3.2500000e+01;6.9465317e-02;3.2500000e+01;2.3241699e-02;3.2500000e+01;-2.3459971e-02;3.2500000e+01;-6.9986880e-02;3.2500000e+01;-1.1922804e-01;3.2500000e+01;-7.5365603e-02;3.2500000e+01;-5.9184879e-02;3.2500000e+01;-2.1605439e-02;3.2500000e+01;3.7350796e-02;3.2500000e+01;1.1795075e-01;3.2500000e+01;2.1036759e-01;3.2500000e+01;2.6974106e-01;3.2500000e+01;2.6178497e-01;3.2500000e+01;2.2146222e-01;3.2500000e+01;1.8674846e-01;3.2500000e+01;1.7380923e-01;3.2500000e+01;1.5251786e-01;3.2500000e+01;1.1433408e-01;3.2500000e+01;6.9465317e-02;3.2500000e+01;2.3241699e-02;3.2500000e+01;-2.3459971e-02;3.2500000e+01;-6.9986880e-02;3.2500000e+01;-1.1922804e-01;3.2500000e+01;-7.5365603e-02;3.2500000e+01;-5.9184879e-02;3.2500000e+01;-2.1605439e-02;3.2500000e+01;3.7350796e-02;3.2500000e+01;1.1795075e-01;3.2500000e+01;2.1036759e-01;3.2500000e+01;2.6974106e-01;3.2500000e+01;2.6178497e-01;3.2500000e+01;2.2146222e-01;3.2500000e+01;1.8674846e-01;3.2500000e+01;1.7380923e-01;3.2500000e+01;1.5251786e-01;3.2500000e+01;1.1433408e-01;3.2500000e+01;6.9465317e-02;3.2500000e+01;2.3241699e-02;3.2500000e+01;-2.3459971e-02;3.2500000e+01;-6.9986880e-02;3.2500000e+01;-1.1922804e-01;3.2500000e+01;-7.5365603e-02;3.2500000e+01;-5.9184879e-02;3.2500000e+01;-2.1605439e-02;3.2500000e+01;3.7350796e-02;3.2500000e+01;1.1795075e-01;3.2500000e+01;2.1036759e-01;3.2500000e+01;2.6974106e-01;3.2500000e+01;2.6178497e-01;3.2500000e+01;2.2146222e-01;3.2500000e+01;1.8674846e-01;3.2500000e+01;1.7380923e-01;3.2500000e+01;1.5251786e-01;3.2500000e+01;1.1433408e-01;3.2500000e+01;6.9465317e-02;3.2500000e+01;2.3241699e-02;3.2500000e+01;-2.3459971e-02;3.2500000e+01;-6.9986880e-02;3.2500000e+01;-1.1922804e-01;3.2500000e+01;-7.5365603e-02;3.2500000e+01;-5.9184879e-02;3.2500000e+01;-2.1605439e-02;3.2500000e+01;3.7350796e-02;3.2500000e+01;1.1795075e-01;3.2500000e+01;2.1036759e-01;3.2500000e+01;2.6974106e-01;3.2500000e+01;2.6178497e-01;3.2500000e+01;2.2146222e-01;3.2500000e+01;1.8674846e-01;3.2500000e+01;1.7380923e-01;3.2500000e+01;1.5251786e-01;3.2500000e+01;1.1433408e-01;3.2500000e+01;6.9465317e-02;3.2500000e+01;2.3241699e-02;3.2500000e+01;-2.3459971e-02;3.2500000e+01;-6.9986880e-02;3.2500000e+01;-1.1922804e-01;3.2500000e+01;-7.5365603e-02;3.2500000e+01;-5.9184879e-02;3.2500000e+01;-2.1605439e-02;3.2500000e+01;3.7350796e-02;3.2500000e+01;1.1795075e-01;3.2500000e+01;2.1036759e-01;3.2500000e+01;2.6974106e-01;3.2500000e+01;2.6178497e-01;3.2500000e+01;2.2146222e-01;3.2500000e+01;1.8674846e-01;3.2500000e+01;1.7380923e-01;3.2500000e+01;1.5251786e-01;3.2500000e+01;1.1433408e-01;3.2500000e+01;6.9465317e-02;3.2500000e+01;2.3241699e-02;3.2500000e+01;-2.3459971e-02;3.2500000e+01;-6.9986880e-02;3.2500000e+01;-1.1922804e-01;3.2500000e+01;-7.5365603e-02;3.2500000e+01;-5.9184879e-02;3.2500000e+01;-2.1605439e-02;3.2500000e+01;3.7350796e-02;3.2500000e+01;1.1795075e-01;3.2500000e+01;2.1036759e-01;3.2500000e+01;2.6974106e-01;3.2500000e+01;2.6178497e-01;3.2500000e+01;2.2146222e-01;3.2500000e+01;1.8674846e-01;3.2500000e+01;1.7380923e-01;3.2500000e+01;1.5251786e-01;3.2500000e+01;1.1433408e-01;3.2500000e+01;6.9465317e-02;3.2500000e+01;2.3241699e-02;3.2500000e+01;-2.3459971e-02;3.2500000e+01;-6.9986880e-02;3.2500000e+01;-1.1922804e-01;3.2500000e+01;-7.5365603e-02;3.2500000e+01;-5.9184879e-02;3.2500000e+01;-2.1605439e-02;3.2500000e+01;3.7350796e-02;3.2500000e+01;1.1795075e-01;3.2500000e+01;2.1036759e-01;3.2500000e+01;2.6974106e-01;3.2500000e+01;2.6178497e-01;3.2500000e+01;2.2146222e-01;3.2500000e+01;1.8674846e-01;3.2500000e+01;1.7380923e-01;3.2500000e+01;1.5251786e-01;3.2500000e+01;1.1433408e-01;3.2500000e+01;6.9465317e-02;3.2500000e+01;2.3241699e-02;3.2500000e+01;-2.3459971e-02;3.2500000e+01;-6.9986880e-02;3.2500000e+01;-1.1922804e-01;3.2500000e+01;-7.5365603e-02;3.2500000e+01;-5.9184879e-02;3.2500000e+01;-2.1605439e-02;3.2500000e+01;3.7350796e-02;3.2500000e+01;1.1795075e-01;3.2500000e+01;2.1036759e-01;3.2500000e+01;2.6974106e-01;3.2500000e+01;2.6178497e-01;3.2500000e+01;2.2146222e-01;3.2500000e+01;1.8674846e-01;3.2500000e+01;1.7380923e-01;3.2500000e+01;1.5251786e-01;3.2500000e+01;1.1433408e-01;3.2500000e+01;6.9465317e-02;3.2500000e+01;2.3241699e-02;3.2500000e+01;-2.3459971e-02;3.2500000e+01;-6.9986880e-02;3.2500000e+01;-1.1922804e-01;3.2500000e+01;-7.5365603e-02;3.2500000e+01;-5.9184879e-02;3.2500000e+01;-2.1605439e-02;3.2500000e+01;3.7350796e-02;3.2500000e+01;1.1795075e-01;3.2500000e+01;2.1036759e-01;3.2500000e+01;2.6974106e-01;3.2500000e+01;2.6178497e-01;3.2500000e+01;2.2146222e-01;3.2500000e+01;1.8674846e-01;3.2500000e+01;1.7380923e-01;3.2500000e+01;1.5251786e-01;3.2500000e+01;1.1433408e-01;3.2500000e+01;6.9465317e-02;3.2500000e+01;2.3241699e-02;3.2500000e+01;-2.3459971e-02;3.2500000e+01;-6.9986880e-02;3.2500000e+01;-1.1922804e-01;3.2500000e+01;-7.5365603e-02;3.2500000e+01;-5.9184879e-02;3.2500000e+01;-2.1605439e-02;3.2500000e+01;3.7350796e-02;3.2500000e+01;1.1795075e-01;3.2500000e+01;2.1036759e-01;3.2500000e+01;2.6974106e-01;3.2500000e+01;2.6178497e-01;3.2500000e+01;2.2146222e-01;3.2500000e+01;1.8674846e-01;3.2500000e+01;1.7380923e-01;3.2500000e+01;1.5251786e-01;3.2500000e+01;1.1433408e-01;3.2500000e+01;6.9465317e-02;3.2500000e+01;2.3241699e-02;3.2500000e+01;-2.3459971e-02;3.2500000e+01;-6.9986880e-02;3.2500000e+01;-1.1922804e-01;3.2500000e+01;-7.5365603e-02;3.2500000e+01;-5.9184879e-02;3.2500000e+01;-2.1605439e-02;3.2500000e+01;3.7350796e-02;3.2500000e+01;1.1795075e-01;3.2500000e+01;2.1036759e-01;3.2500000e+01;2.6974106e-01;3.2500000e+01;2.6178497e-01;3.2500000e+01;2.2146222e-01;3.2500000e+01;1.8674846e-01;3.2500000e+01;1.7380923e-01;3.2500000e+01;1.5251786e-01;3.2500000e+01;1.1433408e-01;3.2500000e+01;6.9465317e-02;3.2500000e+01;2.3241699e-02;3.2500000e+01;-2.3459971e-02;3.2500000e+01;-6.9986880e-02;3.2500000e+01;-1.1922804e-01;3.2500000e+01;-7.5365603e-02;3.2500000e+01;-5.9184879e-02;3.2500000e+01;-2.1605439e-02;3.2500000e+01;3.7350796e-02;3.2500000e+01;1.1795075e-01;3.2500000e+01;2.1036759e-01;3.2500000e+01;2.6974106e-01;3.2500000e+01;2.6178497e-01;3.2500000e+01;2.2146222e-01;3.2500000e+01;1.8674846e-01;3.2500000e+01;1.7380923e-01;3.2500000e+01;1.5251786e-01;3.2500000e+01;1.1433408e-01;3.2500000e+01;6.9465317e-02;3.2500000e+01;2.3241699e-02;3.2500000e+01;-2.3459971e-02;3.2500000e+01;-6.9986880e-02;3.2500000e+01;-1.1922804e-01;3.2500000e+01;-7.5365603e-02;3.2500000e+01;-5.9184879e-02;3.2500000e+01;-2.1605439e-02;3.2500000e+01;3.7350796e-02;3.2500000e+01;1.1795075e-01;3.2500000e+01;2.1036759e-01;3.2500000e+01;2.6974106e-01;3.2500000e+01;2.6178497e-01;3.2500000e+01;2.2146222e-01;3.2500000e+01;1.8674846e-01;3.2500000e+01;1.7380923e-01;3.2500000e+01;1.5251786e-01;3.2500000e+01;1.1433408e-01;3.2500000e+01;6.9465317e-02;3.2500000e+01;2.3241699e-02;3.2500000e+01;-2.3459971e-02;3.2500000e+01;-6.9986880e-02;3.2500000e+01;-1.1922804e-01;3.2500000e+01;-7.5365603e-02;3.2500000e+01;-5.9184879e-02;3.2500000e+01;-2.1605439e-02;3.2500000e+01;3.7350796e-02;3.2500000e+01;1.1795075e-01;3.2500000e+01;2.1036759e-01;3.2500000e+01;2.6974106e-01;3.2500000e+01;2.6178497e-01;3.2500000e+01;2.2146222e-01;3.2500000e+01;1.8674846e-01;3.2500000e+01;1.7380923e-01;3.2500000e+01;1.5251786e-01;3.2500000e+01;1.1433408e-01;3.2500000e+01;6.9465317e-02;3.2500000e+01;2.3241699e-02;3.2500000e+01;-2.3459971e-02;3.2500000e+01;-6.9986880e-02;3.2500000e+01;-1.1922804e-01;3.2500000e+01;-7.5365603e-02;3.2500000e+01;-5.9184879e-02;3.2500000e+01;-2.1605439e-02;3.2500000e+01;3.7350796e-02;3.2500000e+01;1.1795075e-01;3.2500000e+01;2.1036759e-01;3.2500000e+01;2.6974106e-01;3.2500000e+01;2.6178497e-01;3.2500000e+01;2.2146222e-01;3.2500000e+01;1.8674846e-01;3.2500000e+01;1.7380923e-01;3.2500000e+01;1.5251786e-01;3.2500000e+01;1.1433408e-01;3.2500000e+01;6.9465317e-02;3.2500000e+01;2.3241699e-02;3.2500000e+01;-2.3459971e-02;3.2500000e+01;-6.9986880e-02;3.2500000e+01;-1.1922804e-01;3.2500000e+01;-7.5365603e-02;3.2500000e+01;-5.9184879e-02;3.2500000e+01;-2.1605439e-02;3.2500000e+01;3.7350796e-02;3.2500000e+01;1.1795075e-01;3.2500000e+01;2.1036759e-01;3.2500000e+01;2.6974106e-01;3.2500000e+01;2.6178497e-01;3.2500000e+01;2.2146222e-01;3.2500000e+01;1.8674846e-01;3.2500000e+01;1.7380923e-01;3.2500000e+01;1.5251786e-01;3.2500000e+01;1.1433408e-01;3.2500000e+01;6.9465317e-02;3.2500000e+01;2.3241699e-02;3.2500000e+01;-2.3459971e-02;3.2500000e+01;-6.9986880e-02;3.2500000e+01;-1.1922804e-01;3.2500000e+01;-7.5365603e-02;3.2500000e+01;-5.9184879e-02;3.2500000e+01;-2.1605439e-02;3.2500000e+01;3.7350796e-02;3.2500000e+01;1.1795075e-01;3.2500000e+01;2.1036759e-01;3.2500000e+01;2.6974106e-01;3.2500000e+01;2.6178497e-01;3.2500000e+01;2.2146222e-01;3.2500000e+01;1.8674846e-01;3.2500000e+01;1.7380923e-01;3.2500000e+01;1.5251786e-01;3.2500000e+01;1.1433408e-01;3.2500000e+01;6.9465317e-02;3.2500000e+01;2.3241699e-02;3.2500000e+01;-2.3459971e-02;3.2500000e+01;-6.9986880e-02;3.2500000e+01;-1.1922804e-01;3.2500000e+01;-7.5365603e-02;3.2500000e+01;-5.9184879e-02;3.2500000e+01;-2.1605439e-02;3.2500000e+01;3.7350796e-02;3.2500000e+01;1.1795075e-01;3.2500000e+01;2.1036759e-01;3.2500000e+01;2.6974106e-01;3.2500000e+01;2.6178497e-01;3.2500000e+01;2.2146222e-01;3.2500000e+01;1.8674846e-01;3.2500000e+01;1.7380923e-01;3.2500000e+01;1.5251786e-01;3.2500000e+01;1.1433408e-01;3.2500000e+01;6.9465317e-02;3.2500000e+01;2.3241699e-02;3.2500000e+01;-2.3459971e-02;3.2500000e+01;-6.9986880e-02;3.2500000e+01;-1.1922804e-01;3.2500000e+01;-7.5365603e-02;3.2500000e+01;-5.9184879e-02;3.2500000e+01;-2.1605439e-02;3.2500000e+01;3.7350796e-02;3.2500000e+01;1.1795075e-01;3.2500000e+01;2.1036759e-01;3.2500000e+01;2.6974106e-01;3.2500000e+01;2.6178497e-01;3.2500000e+01;2.2146222e-01;3.2500000e+01;1.8674846e-01;3.2500000e+01;1.7380923e-01;3.2500000e+01;1.5251786e-01;3.2500000e+01;1.1433408e-01;3.2500000e+01;6.9465317e-02;3.2500000e+01;2.3241699e-02;3.2500000e+01;-2.3459971e-02;3.2500000e+01;-6.9986880e-02;3.2500000e+01;-1.1922804e-01;3.2500000e+01;-7.5365603e-02;3.2500000e+01;-5.9184879e-02;3.2500000e+01;-2.1605439e-02;3.2500000e+01;3.7350796e-02;3.2500000e+01;1.1795075e-01;3.2500000e+01;2.1036759e-01;3.2500000e+01;2.6974106e-01;3.2500000e+01;2.6178497e-01;3.2500000e+01;2.2146222e-01;3.2500000e+01;1.8674846e-01;3.2500000e+01;1.7380923e-01;3.2500000e+01;1.5251786e-01;3.2500000e+01;1.1433408e-01;3.2500000e+01;6.9465317e-02;3.2500000e+01;2.3241699e-02;3.2500000e+01;-2.3459971e-02;3.2500000e+01;-6.9986880e-02;3.2500000e+01;-1.1922804e-01;3.2500000e+01;-7.5365603e-02;3.2500000e+01;-5.9184879e-02;3.2500000e+01;-2.1605439e-02;3.2500000e+01;3.7350796e-02;3.2500000e+01;1.1795075e-01;3.2500000e+01;2.1036759e-01;3.2500000e+01;2.6974106e-01;3.2500000e+01;2.6178497e-01;3.2500000e+01;2.2146222e-01;3.2500000e+01;1.8674846e-01;3.2500000e+01;1.7380923e-01;3.2500000e+01;1.5251786e-01;3.2500000e+01;1.1433408e-01;3.2500000e+01;6.9465317e-02;3.2500000e+01;2.3241699e-02;3.2500000e+01;-2.3459971e-02;3.2500000e+01;-6.9986880e-02;3.2500000e+01;-1.1922804e-01;3.2500000e+01;-7.5365603e-02;3.2500000e+01;-5.9184879e-02;3.2500000e+01;-2.1605439e-02;3.2500000e+01;3.7350796e-02;3.2500000e+01;1.1795075e-01;3.2500000e+01;2.1036759e-01;3.2500000e+01;2.6974106e-01;3.2500000e+01;2.6178497e-01;3.2500000e+01;2.2146222e-01;3.2500000e+01;1.8674846e-01;3.2500000e+01;1.7380923e-01;3.2500000e+01;1.5251786e-01;3.2500000e+01;1.1433408e-01;3.2500000e+01;6.9465317e-02;3.2500000e+01;2.3241699e-02;3.2500000e+01;-2.3459971e-02;3.2500000e+01;-6.9986880e-02;3.2500000e+01;-1.1922804e-01;3.2500000e+01;-7.5365603e-02;3.2500000e+01;-5.9184879e-02;3.2500000e+01;-2.1605439e-02;3.2500000e+01;3.7350796e-02;3.2500000e+01;1.1795075e-01;3.2500000e+01;2.1036759e-01;3.2500000e+01;2.6974106e-01;3.2500000e+01;2.6178497e-01;3.2500000e+01;2.2146222e-01;3.2500000e+01;1.8674846e-01;3.2500000e+01;1.7380923e-01;3.2500000e+01;1.5251786e-01;3.2500000e+01;1.1433408e-01;3.2500000e+01;6.9465317e-02;3.2500000e+01;2.3241699e-02;3.2500000e+01;-2.3459971e-02;3.2500000e+01;-6.9986880e-02;3.2500000e+01;-1.1922804e-01;3.2500000e+01;-7.5365603e-02;3.2500000e+01;-5.9184879e-02;3.2500000e+01;-2.1605439e-02;3.2500000e+01;3.7350796e-02;3.2500000e+01;1.1795075e-01;3.2500000e+01;2.1036759e-01;3.2500000e+01;2.6974106e-01;3.2500000e+01;2.6178497e-01;3.2500000e+01;2.2146222e-01;3.2500000e+01;1.8674846e-01;3.2500000e+01;1.7380923e-01;3.2500000e+01;1.5251786e-01;3.2500000e+01;1.1433408e-01;3.2500000e+01;6.9465317e-02;3.2500000e+01;2.3241699e-02;3.2500000e+01;-2.3459971e-02;3.2500000e+01;-6.9986880e-02;3.2500000e+01;-1.1922804e-01;3.2500000e+01;-7.5365603e-02;3.2500000e+01;-5.9184879e-02;3.2500000e+01;-2.1605439e-02;3.2500000e+01;3.7350796e-02;3.2500000e+01;1.1795075e-01;3.2500000e+01;2.1036759e-01;3.2500000e+01;2.6974106e-01;3.2500000e+01;2.6178497e-01;3.2500000e+01;2.2146222e-01;3.2500000e+01;1.8674846e-01;3.2500000e+01;1.7380923e-01;3.2500000e+01;1.5251786e-01;3.2500000e+01;1.1433408e-01;3.2500000e+01;6.9465317e-02;3.2500000e+01;2.3241699e-02;3.2500000e+01;-2.3459971e-02;3.2500000e+01;-6.9986880e-02;3.2500000e+01;-1.1922804e-01;3.2500000e+01;-7.5365603e-02;3.2500000e+01;-5.9184879e-02;3.2500000e+01;-2.1605439e-02;3.2500000e+01;3.7350796e-02;3.2500000e+01;1.1795075e-01;3.2500000e+01;2.1036759e-01;3.2500000e+01;2.6974106e-01;3.2500000e+01;2.6178497e-01;3.2500000e+01;2.2146222e-01;3.2500000e+01;1.8674846e-01;3.2500000e+01;1.7380923e-01;3.2500000e+01;1.5251786e-01;3.2500000e+01;1.1433408e-01;3.2500000e+01;6.9465317e-02;3.2500000e+01;2.3241699e-02;3.2500000e+01;-2.3459971e-02;3.2500000e+01;-6.9986880e-02;3.2500000e+01;-1.1922804e-01;3.2500000e+01;-7.5365603e-02;3.2500000e+01;-5.9184879e-02;3.2500000e+01;-2.1605439e-02;3.2500000e+01;3.7350796e-02;3.2500000e+01;1.1795075e-01;3.2500000e+01;2.1036759e-01;3.2500000e+01;2.6974106e-01;3.2500000e+01;2.6178497e-01;3.2500000e+01;2.2146222e-01;3.2500000e+01;1.8674846e-01;3.2500000e+01;1.7380923e-01;3.2500000e+01;1.5251786e-01;3.2500000e+01;1.1433408e-01;3.2500000e+01;6.9465317e-02;3.2500000e+01;2.3241699e-02;3.2500000e+01;-2.3459971e-02;3.2500000e+01;-6.9986880e-02;3.2500000e+01;-1.1922804e-01;3.2500000e+01;-7.5365603e-02;3.2500000e+01;-5.9184879e-02;3.2500000e+01;-2.1605439e-02;3.2500000e+01;3.7350796e-02;3.2500000e+01;1.1795075e-01;3.2500000e+01;2.1036759e-01;3.2500000e+01;2.6974106e-01;3.2500000e+01;2.6178497e-01;3.2500000e+01;2.2146222e-01;3.2500000e+01;1.8674846e-01;3.2500000e+01;1.7380923e-01;3.2500000e+01;1.5251786e-01;3.2500000e+01;1.1433408e-01;3.2500000e+01;6.9465317e-02;3.2500000e+01;2.3241699e-02;3.2500000e+01;-2.3459971e-02;3.2500000e+01;-6.9986880e-02;3.2500000e+01;-1.1922804e-01;3.2500000e+01;-7.5365603e-02;3.2500000e+01;-5.9184879e-02;3.2500000e+01;-2.1605439e-02;3.2500000e+01;3.7350796e-02;3.2500000e+01;1.1795075e-01;3.2500000e+01;2.1036759e-01;3.2500000e+01;2.6974106e-01;3.2500000e+01;2.6178497e-01;3.2500000e+01;2.2146222e-01;3.2500000e+01;1.8674846e-01;3.2500000e+01;1.7380923e-01;3.2500000e+01;1.5251786e-01;3.2500000e+01;1.1433408e-01;3.2500000e+01;6.9465317e-02;3.2500000e+01;2.3241699e-02;3.2500000e+01;-2.3459971e-02;3.2500000e+01;-6.9986880e-02;3.2500000e+01;-1.1922804e-01;3.2500000e+01;-7.5365603e-02;3.2500000e+01;-5.9184879e-02;3.2500000e+01;-2.1605439e-02;3.2500000e+01;3.7350796e-02;3.2500000e+01;1.1795075e-01;3.2500000e+01;2.1036759e-01;3.2500000e+01;2.6974106e-01;3.2500000e+01;2.6178497e-01;3.2500000e+01;2.2146222e-01;3.2500000e+01;1.8674846e-01;3.2500000e+01;1.7380923e-01;3.2500000e+01;1.5251786e-01;3.2500000e+01;1.1433408e-01;3.2500000e+01;6.9465317e-02;3.2500000e+01;2.3241699e-02;3.2500000e+01;-2.3459971e-02;3.2500000e+01;-6.9986880e-02;3.2500000e+01;-1.1922804e-01;3.2500000e+01;-7.5365603e-02;3.2500000e+01;-5.9184879e-02;3.2500000e+01;-2.1605439e-02;3.2500000e+01;3.7350796e-02;3.2500000e+01;1.1795075e-01;3.2500000e+01;2.1036759e-01;3.2500000e+01;2.6974106e-01;3.2500000e+01;2.6178497e-01;3.2500000e+01;2.2146222e-01;3.2500000e+01;1.8674846e-01;3.2500000e+01;1.7380923e-01;3.2500000e+01;1.5251786e-01;3.2500000e+01;1.1433408e-01;3.2500000e+01;6.9465317e-02;3.2500000e+01;2.3241699e-02;3.2500000e+01;-2.3459971e-02;3.2500000e+01;-6.9986880e-02;3.2500000e+01;-1.1922804e-01;3.2500000e+01;-7.5365603e-02;3.2500000e+01;-5.9184879e-02;3.2500000e+01;-2.1605439e-02;3.2500000e+01;3.7350796e-02;3.2500000e+01;1.1795075e-01;3.2500000e+01;2.1036759e-01;3.2500000e+01;2.6974106e-01;3.2500000e+01;2.6178497e-01;3.2500000e+01;2.2146222e-01;3.2500000e+01;1.8674846e-01;3.2500000e+01;1.7380923e-01;3.2500000e+01;1.5251786e-01;3.2500000e+01;1.1433408e-01;3.2500000e+01;6.9465317e-02;3.2500000e+01;2.3241699e-02;3.2500000e+01;-2.3459971e-02;3.2500000e+01;-6.9986880e-02;3.2500000e+01;-1.1922804e-01;3.2500000e+01;-7.5365603e-02;3.2500000e+01;-5.9184879e-02;3.2500000e+01;-2.1605439e-02;3.2500000e+01;3.7350796e-02;3.2500000e+01;1.1795075e-01;3.2500000e+01;2.1036759e-01;3.2500000e+01;2.6974106e-01;3.2500000e+01;2.6178497e-01;3.2500000e+01;2.2146222e-01;3.2500000e+01;1.8674846e-01;3.2500000e+01;1.7380923e-01;3.2500000e+01;1.5251786e-01;3.2500000e+01;1.1433408e-01;3.2500000e+01;6.9465317e-02;3.2500000e+01;2.3241699e-02;3.2500000e+01;-2.3459971e-02;3.2500000e+01;-6.9986880e-02;3.2500000e+01;-1.1922804e-01;3.2500000e+01;-7.5365603e-02;3.2500000e+01;-5.9184879e-02;3.2500000e+01;-2.1605439e-02;3.2500000e+01;3.7350796e-02;3.2500000e+01;1.1795075e-01;3.2500000e+01;2.1036759e-01;3.2500000e+01;2.6974106e-01;3.2500000e+01;2.6178497e-01;3.2500000e+01;2.2146222e-01;3.2500000e+01;1.8674846e-01;3.2500000e+01;1.7380923e-01;3.2500000e+01;1.5251786e-01;3.2500000e+01;1.1433408e-01;3.2500000e+01;6.9465317e-02;3.2500000e+01;2.3241699e-02;3.2500000e+01;-2.3459971e-02;3.2500000e+01;-6.9986880e-02;3.2500000e+01;-1.1922804e-01;3.2500000e+01;-7.5365603e-02;3.2500000e+01;-5.9184879e-02;3.2500000e+01;-2.1605439e-02;3.2500000e+01;3.7350796e-02;3.2500000e+01;1.1795075e-01;3.2500000e+01;2.1036759e-01;3.2500000e+01;2.6974106e-01;3.2500000e+01;2.6178497e-01;3.2500000e+01;2.2146222e-01;3.2500000e+01;1.8674846e-01;3.2500000e+01;1.7380923e-01;3.2500000e+01;1.5251786e-01;3.2500000e+01;1.1433408e-01;3.2500000e+01;6.9465317e-02;3.2500000e+01;2.3241699e-02;3.2500000e+01;-2.3459971e-02;3.2500000e+01;-6.9986880e-02;3.2500000e+01;-1.1922804e-01;3.2500000e+01;-7.5365603e-02;3.2500000e+01;-5.9184879e-02;3.2500000e+01;-2.1605439e-02;3.2500000e+01;3.7350796e-02;3.2500000e+01;1.1795075e-01;3.2500000e+01;2.1036759e-01;3.2500000e+01;2.6974106e-01;3.2500000e+01;2.6178497e-01;3.2500000e+01;2.2146222e-01;3.2500000e+01;1.8674846e-01;3.2500000e+01;1.7380923e-01;3.2500000e+01;1.5251786e-01;3.2500000e+01;1.1433408e-01;3.2500000e+01;6.9465317e-02;3.2500000e+01;2.3241699e-02;3.2500000e+01;-2.3459971e-02;3.2500000e+01;-6.9986880e-02;3.2500000e+01;-1.1922804e-01;3.2500000e+01;-7.5365603e-02;3.2500000e+01;-5.9184879e-02;3.2500000e+01;-2.1605439e-02;3.2500000e+01;3.7350796e-02;3.2500000e+01;1.1795075e-01;3.2500000e+01;2.1036759e-01;3.2500000e+01;2.6974106e-01;3.2500000e+01;2.6178497e-01;3.2500000e+01;2.2146222e-01;3.2500000e+01;1.8674846e-01;3.2500000e+01;1.7380923e-01;3.2500000e+01;1.5251786e-01;3.2500000e+01;1.1433408e-01;3.2500000e+01;6.9465317e-02;3.2500000e+01;2.3241699e-02;3.2500000e+01;-2.3459971e-02;3.2500000e+01;-6.9986880e-02;3.2500000e+01;-1.1922804e-01;3.2500000e+01;-7.5365603e-02;3.2500000e+01;-5.9184879e-02;3.2500000e+01;-2.1605439e-02;3.2500000e+01;3.7350796e-02;3.2500000e+01;1.1795075e-01;3.2500000e+01;2.1036759e-01;3.2500000e+01;2.6974106e-01;3.2500000e+01;2.6178497e-01;3.2500000e+01;2.2146222e-01;3.2500000e+01;1.8674846e-01;3.2500000e+01;1.7380923e-01;3.2500000e+01;1.5251786e-01;3.2500000e+01;1.1433408e-01;3.2500000e+01;6.9465317e-02;3.2500000e+01;2.3241699e-02;3.2500000e+01;-2.3459971e-02;3.2500000e+01;-6.9986880e-02;3.2500000e+01;-1.1922804e-01;3.2500000e+01;-7.5365603e-02;3.2500000e+01;-5.9184879e-02;3.2500000e+01;-2.1605439e-02;3.2500000e+01;3.7350796e-02;3.2500000e+01;1.1795075e-01;3.2500000e+01;2.1036759e-01;3.2500000e+01;2.6974106e-01;3.2500000e+01;2.6178497e-01;3.2500000e+01;2.2146222e-01;3.2500000e+01;1.8674846e-01;3.2500000e+01;1.7380923e-01;3.2500000e+01;1.5251786e-01;3.2500000e+01;1.1433408e-01;3.2500000e+01;6.9465317e-02;3.2500000e+01;2.3241699e-02;3.2500000e+01;-2.3459971e-02;3.2500000e+01;-6.9986880e-02;3.2500000e+01;-1.1922804e-01;3.2500000e+01;-7.5365603e-02;3.2500000e+01;-5.9184879e-02;3.2500000e+01;-2.1605439e-02;3.2500000e+01;3.7350796e-02;3.2500000e+01;1.1795075e-01;3.2500000e+01;2.1036759e-01;3.2500000e+01;2.6974106e-01;3.2500000e+01;2.6178497e-01;3.2500000e+01;2.2146222e-01;3.2500000e+01;1.8674846e-01;3.2500000e+01;1.7380923e-01;3.2500000e+01;1.5251786e-01;3.2500000e+01;1.1433408e-01;3.2500000e+01;6.9465317e-02;3.2500000e+01;2.3241699e-02;3.2500000e+01;-2.3459971e-02;3.2500000e+01;-6.9986880e-02;3.2500000e+01;-1.1922804e-01;3.2500000e+01;-7.5365603e-02;3.2500000e+01;-5.9184879e-02;3.2500000e+01;-2.1605439e-02;3.2500000e+01;3.7350796e-02;3.2500000e+01;1.1795075e-01;3.2500000e+01;2.1036759e-01;3.2500000e+01;2.6974106e-01;3.2500000e+01;2.6178497e-01;3.2500000e+01;2.2146222e-01;3.2500000e+01;1.8674846e-01;3.2500000e+01;1.7380923e-01;3.2500000e+01;1.5251786e-01;3.2500000e+01;1.1433408e-01;3.2500000e+01;6.9465317e-02;3.2500000e+01;2.3241699e-02;3.2500000e+01;-2.3459971e-02;3.2500000e+01;-6.9986880e-02;3.2500000e+01;-1.1922804e-01;3.2500000e+01;-7.5365603e-02;3.2500000e+01;-5.9184879e-02;3.2500000e+01;-2.1605439e-02;3.2500000e+01;3.7350796e-02;3.2500000e+01;1.1795075e-01;3.2500000e+01;2.1036759e-01;3.2500000e+01;2.6974106e-01;3.2500000e+01;2.6178497e-01;3.2500000e+01;2.2146222e-01;3.2500000e+01;1.8674846e-01;3.2500000e+01;1.7380923e-01;3.2500000e+01;1.5251786e-01;3.2500000e+01;1.1433408e-01;3.2500000e+01;6.9465317e-02;3.2500000e+01;2.3241699e-02;3.2500000e+01;-2.3459971e-02;3.2500000e+01;-6.9986880e-02;3.2500000e+01;-1.1922804e-01;3.2500000e+01;-7.5365603e-02;3.2500000e+01;-5.9184879e-02;3.2500000e+01;-2.1605439e-02;3.2500000e+01;3.7350796e-02;3.2500000e+01;1.1795075e-01;3.2500000e+01;2.1036759e-01;3.2500000e+01;2.6974106e-01;3.2500000e+01;2.6178497e-01;3.2500000e+01;2.2146222e-01;3.2500000e+01;1.8674846e-01;3.2500000e+01;1.7380923e-01;3.2500000e+01;1.5251786e-01;3.2500000e+01;1.1433408e-01;3.2500000e+01;6.9465317e-02;3.2500000e+01;2.3241699e-02;3.2500000e+01;-2.3459971e-02;3.2500000e+01;-6.9986880e-02;3.2500000e+01;-1.1922804e-01;3.2500000e+01;-7.5365603e-02;3.2500000e+01;-5.9184879e-02;3.2500000e+01;-2.1605439e-02;3.2500000e+01;3.7350796e-02;3.2500000e+01;1.1795075e-01;3.2500000e+01;2.1036759e-01;3.2500000e+01;2.6974106e-01;3.2500000e+01;2.6178497e-01;3.2500000e+01;2.2146222e-01;3.2500000e+01;1.8674846e-01;3.2500000e+01;1.7380923e-01;3.2500000e+01;1.5251786e-01;3.2500000e+01;1.1433408e-01;3.2500000e+01;6.9465317e-02;3.2500000e+01;2.3241699e-02;3.2500000e+01;-2.3459971e-02;3.2500000e+01;-6.9986880e-02;3.2500000e+01;-1.1922804e-01;3.2500000e+01;-7.5365603e-02;3.2500000e+01;-5.9184879e-02;3.2500000e+01;-2.1605439e-02;3.2500000e+01;3.7350796e-02;3.2500000e+01;1.1795075e-01;3.2500000e+01;2.1036759e-01;3.2500000e+01;2.6974106e-01;3.2500000e+01;2.6178497e-01;3.2500000e+01;2.2146222e-01;3.2500000e+01;1.8674846e-01;3.2500000e+01;1.7380923e-01;3.2500000e+01;1.5251786e-01;3.2500000e+01;1.1433408e-01;3.2500000e+01;6.9465317e-02;3.2500000e+01;2.3241699e-02;3.2500000e+01;-2.3459971e-02;3.2500000e+01;-6.9986880e-02;3.2500000e+01;-1.1922804e-01;3.2500000e+01;-7.5365603e-02;3.2500000e+01;-5.9184879e-02;3.2500000e+01;-2.1605439e-02;3.2500000e+01;3.7350796e-02;3.2500000e+01;1.1795075e-01;3.2500000e+01;2.1036759e-01;3.2500000e+01;2.6974106e-01;3.2500000e+01;2.6178497e-01;3.2500000e+01;2.2146222e-01;3.2500000e+01;1.8674846e-01;3.2500000e+01;1.7380923e-01;3.2500000e+01;1.5251786e-01;3.2500000e+01;1.1433408e-01;3.2500000e+01;6.9465317e-02;3.2500000e+01;2.3241699e-02;3.2500000e+01;-2.3459971e-02;3.2500000e+01;-6.9986880e-02;3.2500000e+01;-1.1922804e-01;3.2500000e+01;-7.5365603e-02;3.2500000e+01;-5.9184879e-02;3.2500000e+01;-2.1605439e-02;3.2500000e+01;3.7350796e-02;3.2500000e+01;1.1795075e-01;3.2500000e+01;2.1036759e-01;3.2500000e+01;2.6974106e-01;3.2500000e+01;2.6178497e-01;3.2500000e+01;2.2146222e-01;3.2500000e+01;1.8674846e-01;3.2500000e+01;1.7380923e-01;3.2500000e+01;1.5251786e-01;3.2500000e+01;1.1433408e-01;3.2500000e+01;6.9465317e-02;3.2500000e+01;2.3241699e-02;3.2500000e+01;-2.3459971e-02;3.2500000e+01;-6.9986880e-02;3.2500000e+01;-1.1922804e-01;3.2500000e+01;-7.5365603e-02;3.2500000e+01;-5.9184879e-02;3.2500000e+01;-2.1605439e-02;3.2500000e+01;3.7350796e-02;3.2500000e+01;1.1795075e-01;3.2500000e+01;2.1036759e-01;3.2500000e+01;2.6974106e-01;3.2500000e+01;2.6178497e-01;3.2500000e+01;2.2146222e-01;3.2500000e+01;1.8674846e-01;3.2500000e+01;1.7380923e-01;3.2500000e+01;1.5251786e-01;3.2500000e+01;1.1433408e-01;3.2500000e+01;6.9465317e-02;3.2500000e+01;2.3241699e-02;3.2500000e+01;-2.3459971e-02;3.2500000e+01;-6.9986880e-02;3.2500000e+01;-1.1922804e-01;3.2500000e+01;-7.5365603e-02;3.2500000e+01;-5.9184879e-02;3.2500000e+01;-2.1605439e-02;3.2500000e+01;3.7350796e-02;3.2500000e+01;1.1795075e-01;3.2500000e+01;2.1036759e-01;3.2500000e+01;2.6974106e-01;3.2500000e+01;2.6178497e-01;3.2500000e+01;2.2146222e-01;3.2500000e+01;1.8674846e-01;3.2500000e+01;1.7380923e-01;3.2500000e+01;1.5251786e-01;3.2500000e+01;1.1433408e-01;3.2500000e+01;6.9465317e-02;3.2500000e+01;2.3241699e-02;3.2500000e+01;-2.3459971e-02;3.2500000e+01;-6.9986880e-02;3.2500000e+01;-1.1922804e-01;3.2500000e+01;-7.5365603e-02;3.2500000e+01;-5.9184879e-02;3.2500000e+01;-2.1605439e-02;3.2500000e+01;3.7350796e-02;3.2500000e+01;1.1795075e-01;3.2500000e+01;2.1036759e-01;3.2500000e+01;2.6974106e-01;3.2500000e+01;2.6178497e-01;3.2500000e+01;2.2146222e-01;3.2500000e+01;1.8674846e-01;3.2500000e+01;1.7380923e-01;3.2500000e+01;1.5251786e-01;3.2500000e+01;1.1433408e-01;3.2500000e+01;6.9465317e-02;3.2500000e+01;2.3241699e-02;3.2500000e+01;-2.3459971e-02;3.2500000e+01;-6.9986880e-02;3.2500000e+01;-1.1922804e-01;3.2500000e+01;-7.5365603e-02;3.2500000e+01;-5.9184879e-02;3.2500000e+01;-2.1605439e-02;3.2500000e+01;3.7350796e-02;3.2500000e+01;1.1795075e-01;3.2500000e+01;2.1036759e-01;3.2500000e+01;2.6974106e-01;3.2500000e+01;2.6178497e-01;3.2500000e+01;2.2146222e-01;3.2500000e+01;1.8674846e-01;3.2500000e+01;1.7380923e-01;3.2500000e+01;1.5251786e-01;3.2500000e+01;1.1433408e-01;3.2500000e+01;6.9465317e-02;3.2500000e+01;2.3241699e-02;3.2500000e+01;-2.3459971e-02;3.2500000e+01;-6.9986880e-02;3.2500000e+01;-1.1922804e-01;3.2500000e+01;-7.5365603e-02;3.2500000e+01;-5.9184879e-02;3.2500000e+01;-2.1605439e-02;3.2500000e+01;3.7350796e-02;3.2500000e+01;1.1795075e-01;3.2500000e+01;2.1036759e-01;3.2500000e+01;2.6974106e-01;3.2500000e+01;2.6178497e-01;3.2500000e+01;2.2146222e-01;3.2500000e+01;1.8674846e-01;3.2500000e+01;1.7380923e-01;3.2500000e+01;1.5251786e-01;3.2500000e+01;1.1433408e-01;3.2500000e+01;6.9465317e-02;3.2500000e+01;2.3241699e-02;3.2500000e+01;-2.3459971e-02;3.2500000e+01;-6.9986880e-02;3.2500000e+01;-1.1922804e-01;3.2500000e+01;-7.5365603e-02;3.2500000e+01;-5.9184879e-02;3.2500000e+01;-2.1605439e-02;3.2500000e+01;3.7350796e-02;3.2500000e+01;1.1795075e-01;3.2500000e+01;2.1036759e-01;3.2500000e+01;2.6974106e-01;3.2500000e+01;2.6178497e-01;3.2500000e+01;2.2146222e-01;3.2500000e+01;1.8674846e-01;3.2500000e+01;1.7380923e-01;3.2500000e+01;1.5251786e-01;3.2500000e+01;1.1433408e-01;3.2500000e+01;6.9465317e-02;3.2500000e+01;2.3241699e-02;3.2500000e+01;-2.3459971e-02;3.2500000e+01;-6.9986880e-02;3.2500000e+01;-1.1922804e-01;3.2500000e+01;-7.5365603e-02;3.2500000e+01;-5.9184879e-02;3.2500000e+01;-2.1605439e-02;3.2500000e+01;3.7350796e-02;3.2500000e+01;1.1795075e-01;3.2500000e+01;2.1036759e-01;3.2500000e+01;2.6974106e-01;3.2500000e+01;2.6178497e-01;3.2500000e+01;2.2146222e-01;3.2500000e+01;1.8674846e-01;3.2500000e+01;1.7380923e-01;3.2500000e+01;1.5251786e-01;3.2500000e+01;1.1433408e-01;3.2500000e+01;6.9465317e-02;3.2500000e+01;2.3241699e-02;3.2500000e+01;-2.3459971e-02;3.2500000e+01;-6.9986880e-02;3.2500000e+01;-1.1922804e-01;3.2500000e+01;-7.5365603e-02;3.2500000e+01;-5.9184879e-02;3.2500000e+01;-2.1605439e-02;3.2500000e+01;3.7350796e-02;3.2500000e+01;1.1795075e-01;3.2500000e+01;2.1036759e-01;3.2500000e+01;2.6974106e-01;3.2500000e+01;2.6178497e-01;3.2500000e+01;2.2146222e-01;3.2500000e+01;1.8674846e-01;3.2500000e+01;1.7380923e-01;3.2500000e+01;1.5251786e-01;3.2500000e+01;1.1433408e-01;3.2500000e+01;6.9465317e-02;3.2500000e+01;2.3241699e-02;3.2500000e+01;-2.3459971e-02;3.2500000e+01;-6.9986880e-02;3.2500000e+01;-1.1922804e-01;3.2500000e+01;-7.5365603e-02;3.2500000e+01;-5.9184879e-02;3.2500000e+01;-2.1605439e-02;3.2500000e+01;3.7350796e-02;3.2500000e+01;1.1795075e-01;3.2500000e+01;2.1036759e-01;3.2500000e+01;2.6974106e-01;3.2500000e+01;2.6178497e-01;3.2500000e+01;2.2146222e-01;3.2500000e+01;1.8674846e-01;3.2500000e+01;1.7380923e-01;3.2500000e+01;1.5251786e-01;3.2500000e+01;1.1433408e-01;3.2500000e+01;6.9465317e-02;3.2500000e+01;2.3241699e-02;3.2500000e+01;-2.3459971e-02;3.2500000e+01;-6.9986880e-02;3.2500000e+01;-1.1922804e-01;3.2500000e+01;-7.5365603e-02;3.2500000e+01;-5.9184879e-02;3.2500000e+01;-2.1605439e-02;3.2500000e+01;3.7350796e-02;3.2500000e+01;1.1795075e-01;3.2500000e+01;2.1036759e-01;3.2500000e+01;2.6974106e-01;3.2500000e+01;2.6178497e-01;3.2500000e+01;2.2146222e-01;3.2500000e+01;1.8674846e-01;3.2500000e+01;1.7380923e-01;3.2500000e+01;1.5251786e-01;3.2500000e+01;1.1433408e-01;3.2500000e+01;6.9465317e-02;3.2500000e+01;2.3241699e-02;3.2500000e+01;-2.3459971e-02;3.2500000e+01;-6.9986880e-02;3.2500000e+01;-1.1922804e-01;3.2500000e+01;-7.5365603e-02;3.2500000e+01;-5.9184879e-02;3.2500000e+01;-2.1605439e-02;3.2500000e+01;3.7350796e-02;3.2500000e+01;1.1795075e-01;3.2500000e+01;2.1036759e-01;3.2500000e+01;2.6974106e-01;3.2500000e+01;2.6178497e-01;3.2500000e+01;2.2146222e-01;3.2500000e+01;1.8674846e-01;3.2500000e+01;1.7380923e-01;3.2500000e+01;1.5251786e-01;3.2500000e+01;1.1433408e-01;3.2500000e+01;6.9465317e-02;3.2500000e+01;2.3241699e-02;3.2500000e+01;-2.3459971e-02;3.2500000e+01;-6.9986880e-02;3.2500000e+01;-1.1922804e-01;3.2500000e+01;-7.5365603e-02;3.2500000e+01;-5.9184879e-02;3.2500000e+01;-2.1605439e-02;3.2500000e+01;3.7350796e-02;3.2500000e+01;1.1795075e-01;3.2500000e+01;2.1036759e-01;3.2500000e+01;2.6974106e-01;3.2500000e+01;2.6178497e-01;3.2500000e+01;2.2146222e-01;3.2500000e+01;1.8674846e-01;3.2500000e+01;1.7380923e-01;3.2500000e+01;1.5251786e-01;3.2500000e+01;1.1433408e-01;3.2500000e+01;6.9465317e-02;3.2500000e+01;2.3241699e-02;3.2500000e+01;-2.3459971e-02;3.2500000e+01;-6.9986880e-02;3.2500000e+01;-1.1922804e-01;3.2500000e+01;-7.5365603e-02;3.2500000e+01;-5.9184879e-02;3.2500000e+01;-2.1605439e-02;3.2500000e+01;3.7350796e-02;3.2500000e+01;1.1795075e-01;3.2500000e+01;2.1036759e-01;3.2500000e+01;2.6974106e-01;3.2500000e+01;2.6178497e-01;3.2500000e+01;2.2146222e-01;3.2500000e+01;1.8674846e-01;3.2500000e+01;1.7380923e-01;3.2500000e+01;1.5251786e-01;3.2500000e+01;1.1433408e-01;3.2500000e+01;6.9465317e-02;3.2500000e+01;2.3241699e-02;3.2500000e+01;-2.3459971e-02;3.2500000e+01;-6.9986880e-02;3.2500000e+01;-1.1922804e-01
3.7500000e+01;-6.9002539e-02;3.7500000e+01;-4.6573393e-02;3.7500000e+01;-2.1521337e-03;3.7500000e+01;6.2403191e-02;3.7500000e+01;1.4771394e-01;3.7500000e+01;2.4346825e-01;3.7500000e+01;3.0127478e-01;3.7500000e+01;2.8461951e-01;3.7500000e+01;2.4109936e-01;3.7500000e+01;2.0031065e-01;3.7500000e+01;1.7564362e-01;3.7500000e+01;1.5058902e-01;3.7500000e+01;1.1538281e-01;3.7500000e+01;7.2167888e-02;3.7500000e+01;2.7534753e-02;3.7500000e+01;-1.8312886e-02;3.7500000e+01;-6.5481238e-02;3.7500000e+01;-1.1435666e-01;3.7500000e+01;-6.9002539e-02;3.7500000e+01;-4.6573393e-02;3.7500000e+01;-2.1521337e-03;3.7500000e+01;6.2403191e-02;3.7500000e+01;1.4771394e-01;3.7500000e+01;2.4346825e-01;3.7500000e+01;3.0127478e-01;3.7500000e+01;2.8461951e-01;3.7500000e+01;2.4109936e-01;3.7500000e+01;2.0031065e-01;3.7500000e+01;1.7564362e-01;3.7500000e+01;1.5058902e-01;3.7500000e+01;1.1538281e-01;3.7500000e+01;7.2167888e-02;3.7500000e+01;2.7534753e-02;3.7500000e+01;-1.8312886e-02;3.7500000e+01;-6.5481238e-02;3.7500000e+01;-1.1435666e-01;3.7500000e+01;-6.9002539e-02;3.7500000e+01;-4.6573393e-02;3.7500000e+01;-2.1521337e-03;3.7500000e+01;6.2403191e-02;3.7500000e+01;1.4771394e-01;3.7500000e+01;2.4346825e-01;3.7500000e+01;3.0127478e-01;3.7500000e+01;2.8461951e-01;3.7500000e+01;2.4109936e-01;3.7500000e+01;2.0031065e-01;3.7500000e+01;1.7564362e-01;3.7500000e+01;1.5058902e-01;3.7500000e+01;1.1538281e-01;3.7500000e+01;7.2167888e-02;3.7500000e+01;2.7534753e-02;3.7500000e+01;-1.8312886e-02;3.7500000e+01;-6.5481238e-02;3.7500000e+01;-1.1435666e-01;3.7500000e+01;-6.9002539e-02;3.7500000e+01;-4.6573393e-02;3.7500000e+01;-2.1521337e-03;3.7500000e+01;6.2403191e-02;3.7500000e+01;1.4771394e-01;3.7500000e+01;2.4346825e-01;3.7500000e+01;3.0127478e-01;3.7500000e+01;2.8461951e-01;3.7500000e+01;2.4109936e-01;3.7500000e+01;2.0031065e-01;3.7500000e+01;1.7564362e-01;3.7500000e+01;1.5058902e-01;3.7500000e+01;1.1538281e-01;3.7500000e+01;7.2167888e-02;3.7500000e+01;2.7534753e-02;3.7500000e+01;-1.8312886e-02;3.7500000e+01;-6.5481238e-02;3.7500000e+01;-1.1435666e-01;3.7500000e+01;-6.9002539e-02;3.7500000e+01;-4.6573393e-02;3.7500000e+01;-2.1521337e-03;3.7500000e+01;6.2403191e-02;3.7500000e+01;1.4771394e-01;3.7500000e+01;2.4346825e-01;3.7500000e+01;3.0127478e-01;3.7500000e+01;2.8461951e-01;3.7500000e+01;2.4109936e-01;3.7500000e+01;2.0031065e-01;3.7500000e+01;1.7564362e-01;3.7500000e+01;1.5058902e-01;3.7500000e+01;1.1538281e-01;3.7500000e+01;7.2167888e-02;3.7500000e+01;2.7534753e-02;3.7500000e+01;-1.8312886e-02;3.7500000e+01;-6.5481238e-02;3.7500000e+01;-1.1435666e-01;3.7500000e+01;-6.9002539e-02;3.7500000e+01;-4.6573393e-02;3.7500000e+01;-2.1521337e-03;3.7500000e+01;6.2403191e-02;3.7500000e+01;1.4771394e-01;3.7500000e+01;2.4346825e-01;3.7500000e+01;3.0127478e-01;3.7500000e+01;2.8461951e-01;3.7500000e+01;2.4109936e-01;3.7500000e+01;2.0031065e-01;3.7500000e+01;1.7564362e-01;3.7500000e+01;1.5058902e-01;3.7500000e+01;1.1538281e-01;3.7500000e+01;7.2167888e-02;3.7500000e+01;2.7534753e-02;3.7500000e+01;-1.8312886e-02;3.7500000e+01;-6.5481238e-02;3.7500000e+01;-1.1435666e-01;3.7500000e+01;-6.9002539e-02;3.7500000e+01;-4.6573393e-02;3.7500000e+01;-2.1521337e-03;3.7500000e+01;6.2403191e-02;3.7500000e+01;1.4771394e-01;3.7500000e+01;2.4346825e-01;3.7500000e+01;3.0127478e-01;3.7500000e+01;2.8461951e-01;3.7500000e+01;2.4109936e-01;3.7500000e+01;2.0031065e-01;3.7500000e+01;1.7564362e-01;3.7500000e+01;1.5058902e-01;3.7500000e+01;1.1538281e-01;3.7500000e+01;7.2167888e-02;3.7500000e+01;2.7534753e-02;3.7500000e+01;-1.8312886e-02;3.7500000e+01;-6.5481238e-02;3.7500000e+01;-1.1435666e-01;3.7500000e+01;-6.9002539e-02;3.7500000e+01;-4.6573393e-02;3.7500000e+01;-2.1521337e-03;3.7500000e+01;6.2403191e-02;3.7500000e+01;1.4771394e-01;3.7500000e+01;2.4346825e-01;3.7500000e+01;3.0127478e-01;3.7500000e+01;2.8461951e-01;3.7500000e+01;2.4109936e-01;3.7500000e+01;2.0031065e-01;3.7500000e+01;1.7564362e-01;3.7500000e+01;1.5058902e-01;3.7500000e+01;1.1538281e-01;3.7500000e+01;7.2167888e-02;3.7500000e+01;2.7534753e-02;3.7500000e+01;-1.8312886e-02;3.7500000e+01;-6.5481238e-02;3.7500000e+01;-1.1435666e-01;3.7500000e+01;-6.9002539e-02;3.7500000e+01;-4.6573393e-02;3.7500000e+01;-2.1521337e-03;3.7500000e+01;6.2403191e-02;3.7500000e+01;1.4771394e-01;3.7500000e+01;2.4346825e-01;3.7500000e+01;3.0127478e-01;3.7500000e+01;2.8461951e-01;3.7500000e+01;2.4109936e-01;3.7500000e+01;2.0031065e-01;3.7500000e+01;1.7564362e-01;3.7500000e+01;1.5058902e-01;3.7500000e+01;1.1538281e-01;3.7500000e+01;7.2167888e-02;3.7500000e+01;2.7534753e-02;3.7500000e+01;-1.8312886e-02;3.7500000e+01;-6.5481238e-02;3.7500000e+01;-1.1435666e-01;3.7500000e+01;-6.9002539e-02;3.7500000e+01;-4.6573393e-02;3.7500000e+01;-2.1521337e-03;3.7500000e+01;6.2403191e-02;3.7500000e+01;1.4771394e-01;3.7500000e+01;2.4346825e-01;3.7500000e+01;3.0127478e-01;3.7500000e+01;2.8461951e-01;3.7500000e+01;2.4109936e-01;3.7500000e+01;2.0031065e-01;3.7500000e+01;1.7564362e-01;3.7500000e+01;1.5058902e-01;3.7500000e+01;1.1538281e-01;3.7500000e+01;7.2167888e-02;3.7500000e+01;2.7534753e-02;3.7500000e+01;-1.8312886e-02;3.7500000e+01;-6.5481238e-02;3.7500000e+01;-1.1435666e-01;3.7500000e+01;-6.9002539e-02;3.7500000e+01;-4.6573393e-02;3.7500000e+01;-2.1521337e-03;3.7500000e+01;6.2403191e-02;3.7500000e+01;1.4771394e-01;3.7500000e+01;2.4346825e-01;3.7500000e+01;3.0127478e-01;3.7500000e+01;2.8461951e-01;3.7500000e+01;2.4109936e-01;3.7500000e+01;2.0031065e-01;3.7500000e+01;1.7564362e-01;3.7500000e+01;1.5058902e-01;3.7500000e+01;1.1538281e-01;3.7500000e+01;7.2167888e-02;3.7500000e+01;2.7534753e-02;3.7500000e+01;-1.8312886e-02;3.7500000e+01;-6.5481238e-02;3.7500000e+01;-1.1435666e-01;3.7500000e+01;-6.9002539e-02;3.7500000e+01;-4.6573393e-02;3.7500000e+01;-2.1521337e-03;3.7500000e+01;6.2403191e-02;3.7500000e+01;1.4771394e-01;3.7500000e+01;2.4346825e-01;3.7500000e+01;3.0127478e-01;3.7500000e+01;2.8461951e-01;3.7500000e+01;2.4109936e-01;3.7500000e+01;2.0031065e-01;3.7500000e+01;1.7564362e-01;3.7500000e+01;1.5058902e-01;3.7500000e+01;1.1538281e-01;3.7500000e+01;7.2167888e-02;3.7500000e+01;2.7534753e-02;3.7500000e+01;-1.8312886e-02;3.7500000e+01;-6.5481238e-02;3.7500000e+01;-1.1435666e-01;3.7500000e+01;-6.9002539e-02;3.7500000e+01;-4.6573393e-02;3.7500000e+01;-2.1521337e-03;3.7500000e+01;6.2403191e-02;3.7500000e+01;1.4771394e-01;3.7500000e+01;2.4346825e-01;3.7500000e+01;3.0127478e-01;3.7500000e+01;2.8461951e-01;3.7500000e+01;2.4109936e-01;3.7500000e+01;2.0031065e-01;3.7500000e+01;1.7564362e-01;3.7500000e+01;1.5058902e-01;3.7500000e+01;1.1538281e-01;3.7500000e+01;7.2167888e-02;3.7500000e+01;2.7534753e-02;3.7500000e+01;-1.8312886e-02;3.7500000e+01;-6.5481238e-02;3.7500000e+01;-1.1435666e-01;3.7500000e+01;-6.9002539e-02;3.7500000e+01;-4.6573393e-02;3.7500000e+01;-2.1521337e-03;3.7500000e+01;6.2403191e-02;3.7500000e+01;1.4771394e-01;3.7500000e+01;2.4346825e-01;3.7500000e+01;3.0127478e-01;3.7500000e+01;2.8461951e-01;3.7500000e+01;2.4109936e-01;3.7500000e+01;2.0031065e-01;3.7500000e+01;1.7564362e-01;3.7500000e+01;1.5058902e-01;3.7500000e+01;1.1538281e-01;3.7500000e+01;7.2167888e-02;3.7500000e+01;2.7534753e-02;3.7500000e+01;-1.8312886e-02;3.7500000e+01;-6.5481238e-02;3.7500000e+01;-1.1435666e-01;3.7500000e+01;-6.9002539e-02;3.7500000e+01;-4.6573393e-02;3.7500000e+01;-2.1521337e-03;3.7500000e+01;6.2403191e-02;3.7500000e+01;1.4771394e-01;3.7500000e+01;2.4346825e-01;3.7500000e+01;3.0127478e-01;3.7500000e+01;2.8461951e-01;3.7500000e+01;2.4109936e-01;3.7500000e+01;2.0031065e-01;3.7500000e+01;1.7564362e-01;3.7500000e+01;1.5058902e-01;3.7500000e+01;1.1538281e-01;3.7500000e+01;7.2167888e-02;3.7500000e+01;2.7534753e-02;3.7500000e+01;-1.8312886e-02;3.7500000e+01;-6.5481238e-02;3.7500000e+01;-1.1435666e-01;3.7500000e+01;-6.9002539e-02;3.7500000e+01;-4.6573393e-02;3.7500000e+01;-2.1521337e-03;3.7500000e+01;6.2403191e-02;3.7500000e+01;1.4771394e-01;3.7500000e+01;2.4346825e-01;3.7500000e+01;3.0127478e-01;3.7500000e+01;2.8461951e-01;3.7500000e+01;2.4109936e-01;3.7500000e+01;2.0031065e-01;3.7500000e+01;1.7564362e-01;3.7500000e+01;1.5058902e-01;3.7500000e+01;1.1538281e-01;3.7500000e+01;7.2167888e-02;3.7500000e+01;2.7534753e-02;3.7500000e+01;-1.8312886e-02;3.7500000e+01;-6.5481238e-02;3.7500000e+01;-1.1435666e-01;3.7500000e+01;-6.9002539e-02;3.7500000e+01;-4.6573393e-02;3.7500000e+01;-2.1521337e-03;3.7500000e+01;6.2403191e-02;3.7500000e+01;1.4771394e-01;3.7500000e+01;2.4346825e-01;3.7500000e+01;3.0127478e-01;3.7500000e+01;2.8461951e-01;3.7500000e+01;2.4109936e-01;3.7500000e+01;2.0031065e-01;3.7500000e+01;1.7564362e-01;3.7500000e+01;1.5058902e-01;3.7500000e+01;1.1538281e-01;3.7500000e+01;7.2167888e-02;3.7500000e+01;2.7534753e-02;3.7500000e+01;-1.8312886e-02;3.7500000e+01;-6.5481238e-02;3.7500000e+01;-1.1435666e-01;3.7500000e+01;-6.9002539e-02;3.7500000e+01;-4.6573393e-02;3.7500000e+01;-2.1521337e-03;3.7500000e+01;6.2403191e-02;3.7500000e+01;1.4771394e-01;3.7500000e+01;2.4346825e-01;3.7500000e+01;3.0127478e-01;3.7500000e+01;2.8461951e-01;3.7500000e+01;2.4109936e-01;3.7500000e+01;2.0031065e-01;3.7500000e+01;1.7564362e-01;3.7500000e+01;1.5058902e-01;3.7500000e+01;1.1538281e-01;3.7500000e+01;7.2167888e-02;3.7500000e+01;2.7534753e-02;3.7500000e+01;-1.8312886e-02;3.7500000e+01;-6.5481238e-02;3.7500000e+01;-1.1435666e-01;3.7500000e+01;-6.9002539e-02;3.7500000e+01;-4.6573393e-02;3.7500000e+01;-2.1521337e-03;3.7500000e+01;6.2403191e-02;3.7500000e+01;1.4771394e-01;3.7500000e+01;2.4346825e-01;3.7500000e+01;3.0127478e-01;3.7500000e+01;2.8461951e-01;3.7500000e+01;2.4109936e-01;3.7500000e+01;2.0031065e-01;3.7500000e+01;1.7564362e-01;3.7500000e+01;1.5058902e-01;3.7500000e+01;1.1538281e-01;3.7500000e+01;7.2167888e-02;3.7500000e+01;2.7534753e-02;3.7500000e+01;-1.8312886e-02;3.7500000e+01;-6.5481238e-02;3.7500000e+01;-1.1435666e-01;3.7500000e+01;-6.9002539e-02;3.7500000e+01;-4.6573393e-02;3.7500000e+01;-2.1521337e-03;3.7500000e+01;6.2403191e-02;3.7500000e+01;1.4771394e-01;3.7500000e+01;2.4346825e-01;3.7500000e+01;3.0127478e-01;3.7500000e+01;2.8461951e-01;3.7500000e+01;2.4109936e-01;3.7500000e+01;2.0031065e-01;3.7500000e+01;1.7564362e-01;3.7500000e+01;1.5058902e-01;3.7500000e+01;1.1538281e-01;3.7500000e+01;7.2167888e-02;3.7500000e+01;2.7534753e-02;3.7500000e+01;-1.8312886e-02;3.7500000e+01;-6.5481238e-02;3.7500000e+01;-1.1435666e-01;3.7500000e+01;-6.9002539e-02;3.7500000e+01;-4.6573393e-02;3.7500000e+01;-2.1521337e-03;3.7500000e+01;6.2403191e-02;3.7500000e+01;1.4771394e-01;3.7500000e+01;2.4346825e-01;3.7500000e+01;3.0127478e-01;3.7500000e+01;2.8461951e-01;3.7500000e+01;2.4109936e-01;3.7500000e+01;2.0031065e-01;3.7500000e+01;1.7564362e-01;3.7500000e+01;1.5058902e-01;3.7500000e+01;1.1538281e-01;3.7500000e+01;7.2167888e-02;3.7500000e+01;2.7534753e-02;3.7500000e+01;-1.8312886e-02;3.7500000e+01;-6.5481238e-02;3.7500000e+01;-1.1435666e-01;3.7500000e+01;-6.9002539e-02;3.7500000e+01;-4.6573393e-02;3.7500000e+01;-2.1521337e-03;3.7500000e+01;6.2403191e-02;3.7500000e+01;1.4771394e-01;3.7500000e+01;2.4346825e-01;3.7500000e+01;3.0127478e-01;3.7500000e+01;2.8461951e-01;3.7500000e+01;2.4109936e-01;3.7500000e+01;2.0031065e-01;3.7500000e+01;1.7564362e-01;3.7500000e+01;1.5058902e-01;3.7500000e+01;1.1538281e-01;3.7500000e+01;7.2167888e-02;3.7500000e+01;2.7534753e-02;3.7500000e+01;-1.8312886e-02;3.7500000e+01;-6.5481238e-02;3.7500000e+01;-1.1435666e-01;3.7500000e+01;-6.9002539e-02;3.7500000e+01;-4.6573393e-02;3.7500000e+01;-2.1521337e-03;3.7500000e+01;6.2403191e-02;3.7500000e+01;1.4771394e-01;3.7500000e+01;2.4346825e-01;3.7500000e+01;3.0127478e-01;3.7500000e+01;2.8461951e-01;3.7500000e+01;2.4109936e-01;3.7500000e+01;2.0031065e-01;3.7500000e+01;1.7564362e-01;3.7500000e+01;1.5058902e-01;3.7500000e+01;1.1538281e-01;3.7500000e+01;7.2167888e-02;3.7500000e+01;2.7534753e-02;3.7500000e+01;-1.8312886e-02;3.7500000e+01;-6.5481238e-02;3.7500000e+01;-1.1435666e-01;3.7500000e+01;-6.9002539e-02;3.7500000e+01;-4.6573393e-02;3.7500000e+01;-2.1521337e-03;3.7500000e+01;6.2403191e-02;3.7500000e+01;1.4771394e-01;3.7500000e+01;2.4346825e-01;3.7500000e+01;3.0127478e-01;3.7500000e+01;2.8461951e-01;3.7500000e+01;2.4109936e-01;3.7500000e+01;2.0031065e-01;3.7500000e+01;1.7564362e-01;3.7500000e+01;1.5058902e-01;3.7500000e+01;1.1538281e-01;3.7500000e+01;7.2167888e-02;3.7500000e+01;2.7534753e-02;3.7500000e+01;-1.8312886e-02;3.7500000e+01;-6.5481238e-02;3.7500000e+01;-1.1435666e-01;3.7500000e+01;-6.9002539e-02;3.7500000e+01;-4.6573393e-02;3.7500000e+01;-2.1521337e-03;3.7500000e+01;6.2403191e-02;3.7500000e+01;1.4771394e-01;3.7500000e+01;2.4346825e-01;3.7500000e+01;3.0127478e-01;3.7500000e+01;2.8461951e-01;3.7500000e+01;2.4109936e-01;3.7500000e+01;2.0031065e-01;3.7500000e+01;1.7564362e-01;3.7500000e+01;1.5058902e-01;3.7500000e+01;1.1538281e-01;3.7500000e+01;7.2167888e-02;3.7500000e+01;2.7534753e-02;3.7500000e+01;-1.8312886e-02;3.7500000e+01;-6.5481238e-02;3.7500000e+01;-1.1435666e-01;3.7500000e+01;-6.9002539e-02;3.7500000e+01;-4.6573393e-02;3.7500000e+01;-2.1521337e-03;3.7500000e+01;6.2403191e-02;3.7500000e+01;1.4771394e-01;3.7500000e+01;2.4346825e-01;3.7500000e+01;3.0127478e-01;3.7500000e+01;2.8461951e-01;3.7500000e+01;2.4109936e-01;3.7500000e+01;2.0031065e-01;3.7500000e+01;1.7564362e-01;3.7500000e+01;1.5058902e-01;3.7500000e+01;1.1538281e-01;3.7500000e+01;7.2167888e-02;3.7500000e+01;2.7534753e-02;3.7500000e+01;-1.8312886e-02;3.7500000e+01;-6.5481238e-02;3.7500000e+01;-1.1435666e-01;3.7500000e+01;-6.9002539e-02;3.7500000e+01;-4.6573393e-02;3.7500000e+01;-2.1521337e-03;3.7500000e+01;6.2403191e-02;3.7500000e+01;1.4771394e-01;3.7500000e+01;2.4346825e-01;3.7500000e+01;3.0127478e-01;3.7500000e+01;2.8461951e-01;3.7500000e+01;2.4109936e-01;3.7500000e+01;2.0031065e-01;3.7500000e+01;1.7564362e-01;3.7500000e+01;1.5058902e-01;3.7500000e+01;1.1538281e-01;3.7500000e+01;7.2167888e-02;3.7500000e+01;2.7534753e-02;3.7500000e+01;-1.8312886e-02;3.7500000e+01;-6.5481238e-02;3.7500000e+01;-1.1435666e-01;3.7500000e+01;-6.9002539e-02;3.7500000e+01;-4.6573393e-02;3.7500000e+01;-2.1521337e-03;3.7500000e+01;6.2403191e-02;3.7500000e+01;1.4771394e-01;3.7500000e+01;2.4346825e-01;3.7500000e+01;3.0127478e-01;3.7500000e+01;2.8461951e-01;3.7500000e+01;2.4109936e-01;3.7500000e+01;2.0031065e-01;3.7500000e+01;1.7564362e-01;3.7500000e+01;1.5058902e-01;3.7500000e+01;1.1538281e-01;3.7500000e+01;7.2167888e-02;3.7500000e+01;2.7534753e-02;3.7500000e+01;-1.8312886e-02;3.7500000e+01;-6.5481238e-02;3.7500000e+01;-1.1435666e-01;3.7500000e+01;-6.9002539e-02;3.7500000e+01;-4.6573393e-02;3.7500000e+01;-2.1521337e-03;3.7500000e+01;6.2403191e-02;3.7500000e+01;1.4771394e-01;3.7500000e+01;2.4346825e-01;3.7500000e+01;3.0127478e-01;3.7500000e+01;2.8461951e-01;3.7500000e+01;2.4109936e-01;3.7500000e+01;2.0031065e-01;3.7500000e+01;1.7564362e-01;3.7500000e+01;1.5058902e-01;3.7500000e+01;1.1538281e-01;3.7500000e+01;7.2167888e-02;3.7500000e+01;2.7534753e-02;3.7500000e+01;-1.8312886e-02;3.7500000e+01;-6.5481238e-02;3.7500000e+01;-1.1435666e-01;3.7500000e+01;-6.9002539e-02;3.7500000e+01;-4.6573393e-02;3.7500000e+01;-2.1521337e-03;3.7500000e+01;6.2403191e-02;3.7500000e+01;1.4771394e-01;3.7500000e+01;2.4346825e-01;3.7500000e+01;3.0127478e-01;3.7500000e+01;2.8461951e-01;3.7500000e+01;2.4109936e-01;3.7500000e+01;2.0031065e-01;3.7500000e+01;1.7564362e-01;3.7500000e+01;1.5058902e-01;3.7500000e+01;1.1538281e-01;3.7500000e+01;7.2167888e-02;3.7500000e+01;2.7534753e-02;3.7500000e+01;-1.8312886e-02;3.7500000e+01;-6.5481238e-02;3.7500000e+01;-1.1435666e-01;3.7500000e+01;-6.9002539e-02;3.7500000e+01;-4.6573393e-02;3.7500000e+01;-2.1521337e-03;3.7500000e+01;6.2403191e-02;3.7500000e+01;1.4771394e-01;3.7500000e+01;2.4346825e-01;3.7500000e+01;3.0127478e-01;3.7500000e+01;2.8461951e-01;3.7500000e+01;2.4109936e-01;3.7500000e+01;2.0031065e-01;3.7500000e+01;1.7564362e-01;3.7500000e+01;1.5058902e-01;3.7500000e+01;1.1538281e-01;3.7500000e+01;7.2167888e-02;3.7500000e+01;2.7534753e-02;3.7500000e+01;-1.8312886e-02;3.7500000e+01;-6.5481238e-02;3.7500000e+01;-1.1435666e-01;3.7500000e+01;-6.9002539e-02;3.7500000e+01;-4.6573393e-02;3.7500000e+01;-2.1521337e-03;3.7500000e+01;6.2403191e-02;3.7500000e+01;1.4771394e-01;3.7500000e+01;2.4346825e-01;3.7500000e+01;3.0127478e-01;3.7500000e+01;2.8461951e-01;3.7500000e+01;2.4109936e-01;3.7500000e+01;2.0031065e-01;3.7500000e+01;1.7564362e-01;3.7500000e+01;1.5058902e-01;3.7500000e+01;1.1538281e-01;3.7500000e+01;7.2167888e-02;3.7500000e+01;2.7534753e-02;3.7500000e+01;-1.8312886e-02;3.7500000e+01;-6.5481238e-02;3.7500000e+01;-1.1435666e-01;3.7500000e+01;-6.9002539e-02;3.7500000e+01;-4.6573393e-02;3.7500000e+01;-2.1521337e-03;3.7500000e+01;6.2403191e-02;3.7500000e+01;1.4771394e-01;3.7500000e+01;2.4346825e-01;3.7500000e+01;3.0127478e-01;3.7500000e+01;2.8461951e-01;3.7500000e+01;2.4109936e-01;3.7500000e+01;2.0031065e-01;3.7500000e+01;1.7564362e-01;3.7500000e+01;1.5058902e-01;3.7500000e+01;1.1538281e-01;3.7500000e+01;7.2167888e-02;3.7500000e+01;2.7534753e-02;3.7500000e+01;-1.8312886e-02;3.7500000e+01;-6.5481238e-02;3.7500000e+01;-1.1435666e-01;3.7500000e+01;-6.9002539e-02;3.7500000e+01;-4.6573393e-02;3.7500000e+01;-2.1521337e-03;3.7500000e+01;6.2403191e-02;3.7500000e+01;1.4771394e-01;3.7500000e+01;2.4346825e-01;3.7500000e+01;3.0127478e-01;3.7500000e+01;2.8461951e-01;3.7500000e+01;2.4109936e-01;3.7500000e+01;2.0031065e-01;3.7500000e+01;1.7564362e-01;3.7500000e+01;1.5058902e-01;3.7500000e+01;1.1538281e-01;3.7500000e+01;7.2167888e-02;3.7500000e+01;2.7534753e-02;3.7500000e+01;-1.8312886e-02;3.7500000e+01;-6.5481238e-02;3.7500000e+01;-1.1435666e-01;3.7500000e+01;-6.9002539e-02;3.7500000e+01;-4.6573393e-02;3.7500000e+01;-2.1521337e-03;3.7500000e+01;6.2403191e-02;3.7500000e+01;1.4771394e-01;3.7500000e+01;2.4346825e-01;3.7500000e+01;3.0127478e-01;3.7500000e+01;2.8461951e-01;3.7500000e+01;2.4109936e-01;3.7500000e+01;2.0031065e-01;3.7500000e+01;1.7564362e-01;3.7500000e+01;1.5058902e-01;3.7500000e+01;1.1538281e-01;3.7500000e+01;7.2167888e-02;3.7500000e+01;2.7534753e-02;3.7500000e+01;-1.8312886e-02;3.7500000e+01;-6.5481238e-02;3.7500000e+01;-1.1435666e-01;3.7500000e+01;-6.9002539e-02;3.7500000e+01;-4.6573393e-02;3.7500000e+01;-2.1521337e-03;3.7500000e+01;6.2403191e-02;3.7500000e+01;1.4771394e-01;3.7500000e+01;2.4346825e-01;3.7500000e+01;3.0127478e-01;3.7500000e+01;2.8461951e-01;3.7500000e+01;2.4109936e-01;3.7500000e+01;2.0031065e-01;3.7500000e+01;1.7564362e-01;3.7500000e+01;1.5058902e-01;3.7500000e+01;1.1538281e-01;3.7500000e+01;7.2167888e-02;3.7500000e+01;2.7534753e-02;3.7500000e+01;-1.8312886e-02;3.7500000e+01;-6.5481238e-02;3.7500000e+01;-1.1435666e-01;3.7500000e+01;-6.9002539e-02;3.7500000e+01;-4.6573393e-02;3.7500000e+01;-2.1521337e-03;3.7500000e+01;6.2403191e-02;3.7500000e+01;1.4771394e-01;3.7500000e+01;2.4346825e-01;3.7500000e+01;3.0127478e-01;3.7500000e+01;2.8461951e-01;3.7500000e+01;2.4109936e-01;3.7500000e+01;2.0031065e-01;3.7500000e+01;1.7564362e-01;3.7500000e+01;1.5058902e-01;3.7500000e+01;1.1538281e-01;3.7500000e+01;7.2167888e-02;3.7500000e+01;2.7534753e-02;3.7500000e+01;-1.8312886e-02;3.7500000e+01;-6.5481238e-02;3.7500000e+01;-1.1435666e-01;3.7500000e+01;-6.9002539e-02;3.7500000e+01;-4.6573393e-02;3.7500000e+01;-2.1521337e-03;3.7500000e+01;6.2403191e-02;3.7500000e+01;1.4771394e-01;3.7500000e+01;2.4346825e-01;3.7500000e+01;3.0127478e-01;3.7500000e+01;2.8461951e-01;3.7500000e+01;2.4109936e-01;3.7500000e+01;2.0031065e-01;3.7500000e+01;1.7564362e-01;3.7500000e+01;1.5058902e-01;3.7500000e+01;1.1538281e-01;3.7500000e+01;7.2167888e-02;3.7500000e+01;2.7534753e-02;3.7500000e+01;-1.8312886e-02;3.7500000e+01;-6.5481238e-02;3.7500000e+01;-1.1435666e-01;3.7500000e+01;-6.9002539e-02;3.7500000e+01;-4.6573393e-02;3.7500000e+01;-2.1521337e-03;3.7500000e+01;6.2403191e-02;3.7500000e+01;1.4771394e-01;3.7500000e+01;2.4346825e-01;3.7500000e+01;3.0127478e-01;3.7500000e+01;2.8461951e-01;3.7500000e+01;2.4109936e-01;3.7500000e+01;2.0031065e-01;3.7500000e+01;1.7564362e-01;3.7500000e+01;1.5058902e-01;3.7500000e+01;1.1538281e-01;3.7500000e+01;7.2167888e-02;3.7500000e+01;2.7534753e-02;3.7500000e+01;-1.8312886e-02;3.7500000e+01;-6.5481238e-02;3.7500000e+01;-1.1435666e-01;3.7500000e+01;-6.9002539e-02;3.7500000e+01;-4.6573393e-02;3.7500000e+01;-2.1521337e-03;3.7500000e+01;6.2403191e-02;3.7500000e+01;1.4771394e-01;3.7500000e+01;2.4346825e-01;3.7500000e+01;3.0127478e-01;3.7500000e+01;2.8461951e-01;3.7500000e+01;2.4109936e-01;3.7500000e+01;2.0031065e-01;3.7500000e+01;1.7564362e-01;3.7500000e+01;1.5058902e-01;3.7500000e+01;1.1538281e-01;3.7500000e+01;7.2167888e-02;3.7500000e+01;2.7534753e-02;3.7500000e+01;-1.8312886e-02;3.7500000e+01;-6.5481238e-02;3.7500000e+01;-1.1435666e-01;3.7500000e+01;-6.9002539e-02;3.7500000e+01;-4.6573393e-02;3.7500000e+01;-2.1521337e-03;3.7500000e+01;6.2403191e-02;3.7500000e+01;1.4771394e-01;3.7500000e+01;2.4346825e-01;3.7500000e+01;3.0127478e-01;3.7500000e+01;2.8461951e-01;3.7500000e+01;2.4109936e-01;3.7500000e+01;2.0031065e-01;3.7500000e+01;1.7564362e-01;3.7500000e+01;1.5058902e-01;3.7500000e+01;1.1538281e-01;3.7500000e+01;7.2167888e-02;3.7500000e+01;2.7534753e-02;3.7500000e+01;-1.8312886e-02;3.7500000e+01;-6.5481238e-02;3.7500000e+01;-1.1435666e-01;3.7500000e+01;-6.9002539e-02;3.7500000e+01;-4.6573393e-02;3.7500000e+01;-2.1521337e-03;3.7500000e+01;6.2403191e-02;3.7500000e+01;1.4771394e-01;3.7500000e+01;2.4346825e-01;3.7500000e+01;3.0127478e-01;3.7500000e+01;2.8461951e-01;3.7500000e+01;2.4109936e-01;3.7500000e+01;2.0031065e-01;3.7500000e+01;1.7564362e-01;3.7500000e+01;1.5058902e-01;3.7500000e+01;1.1538281e-01;3.7500000e+01;7.2167888e-02;3.7500000e+01;2.7534753e-02;3.7500000e+01;-1.8312886e-02;3.7500000e+01;-6.5481238e-02;3.7500000e+01;-1.1435666e-01;3.7500000e+01;-6.9002539e-02;3.7500000e+01;-4.6573393e-02;3.7500000e+01;-2.1521337e-03;3.7500000e+01;6.2403191e-02;3.7500000e+01;1.4771394e-01;3.7500000e+01;2.4346825e-01;3.7500000e+01;3.0127478e-01;3.7500000e+01;2.8461951e-01;3.7500000e+01;2.4109936e-01;3.7500000e+01;2.0031065e-01;3.7500000e+01;1.7564362e-01;3.7500000e+01;1.5058902e-01;3.7500000e+01;1.1538281e-01;3.7500000e+01;7.2167888e-02;3.7500000e+01;2.7534753e-02;3.7500000e+01;-1.8312886e-02;3.7500000e+01;-6.5481238e-02;3.7500000e+01;-1.1435666e-01;3.7500000e+01;-6.9002539e-02;3.7500000e+01;-4.6573393e-02;3.7500000e+01;-2.1521337e-03;3.7500000e+01;6.2403191e-02;3.7500000e+01;1.4771394e-01;3.7500000e+01;2.4346825e-01;3.7500000e+01;3.0127478e-01;3.7500000e+01;2.8461951e-01;3.7500000e+01;2.4109936e-01;3.7500000e+01;2.0031065e-01;3.7500000e+01;1.7564362e-01;3.7500000e+01;1.5058902e-01;3.7500000e+01;1.1538281e-01;3.7500000e+01;7.2167888e-02;3.7500000e+01;2.7534753e-02;3.7500000e+01;-1.8312886e-02;3.7500000e+01;-6.5481238e-02;3.7500000e+01;-1.1435666e-01;3.7500000e+01;-6.9002539e-02;3.7500000e+01;-4.6573393e-02;3.7500000e+01;-2.1521337e-03;3.7500000e+01;6.2403191e-02;3.7500000e+01;1.4771394e-01;3.7500000e+01;2.4346825e-01;3.7500000e+01;3.0127478e-01;3.7500000e+01;2.8461951e-01;3.7500000e+01;2.4109936e-01;3.7500000e+01;2.0031065e-01;3.7500000e+01;1.7564362e-01;3.7500000e+01;1.5058902e-01;3.7500000e+01;1.1538281e-01;3.7500000e+01;7.2167888e-02;3.7500000e+01;2.7534753e-02;3.7500000e+01;-1.8312886e-02;3.7500000e+01;-6.5481238e-02;3.7500000e+01;-1.1435666e-01;3.7500000e+01;-6.9002539e-02;3.7500000e+01;-4.6573393e-02;3.7500000e+01;-2.1521337e-03;3.7500000e+01;6.2403191e-02;3.7500000e+01;1.4771394e-01;3.7500000e+01;2.4346825e-01;3.7500000e+01;3.0127478e-01;3.7500000e+01;2.8461951e-01;3.7500000e+01;2.4109936e-01;3.7500000e+01;2.0031065e-01;3.7500000e+01;1.7564362e-01;3.7500000e+01;1.5058902e-01;3.7500000e+01;1.1538281e-01;3.7500000e+01;7.2167888e-02;3.7500000e+01;2.7534753e-02;3.7500000e+01;-1.8312886e-02;3.7500000e+01;-6.5481238e-02;3.7500000e+01;-1.1435666e-01;3.7500000e+01;-6.9002539e-02;3.7500000e+01;-4.6573393e-02;3.7500000e+01;-2.1521337e-03;3.7500000e+01;6.2403191e-02;3.7500000e+01;1.4771394e-01;3.7500000e+01;2.4346825e-01;3.7500000e+01;3.0127478e-01;3.7500000e+01;2.8461951e-01;3.7500000e+01;2.4109936e-01;3.7500000e+01;2.0031065e-01;3.7500000e+01;1.7564362e-01;3.7500000e+01;1.5058902e-01;3.7500000e+01;1.1538281e-01;3.7500000e+01;7.2167888e-02;3.7500000e+01;2.7534753e-02;3.7500000e+01;-1.8312886e-02;3.7500000e+01;-6.5481238e-02;3.7500000e+01;-1.1435666e-01;3.7500000e+01;-6.9002539e-02;3.7500000e+01;-4.6573393e-02;3.7500000e+01;-2.1521337e-03;3.7500000e+01;6.2403191e-02;3.7500000e+01;1.4771394e-01;3.7500000e+01;2.4346825e-01;3.7500000e+01;3.0127478e-01;3.7500000e+01;2.8461951e-01;3.7500000e+01;2.4109936e-01;3.7500000e+01;2.0031065e-01;3.7500000e+01;1.7564362e-01;3.7500000e+01;1.5058902e-01;3.7500000e+01;1.1538281e-01;3.7500000e+01;7.2167888e-02;3.7500000e+01;2.7534753e-02;3.7500000e+01;-1.8312886e-02;3.7500000e+01;-6.5481238e-02;3.7500000e+01;-1.1435666e-01;3.7500000e+01;-6.9002539e-02;3.7500000e+01;-4.6573393e-02;3.7500000e+01;-2.1521337e-03;3.7500000e+01;6.2403191e-02;3.7500000e+01;1.4771394e-01;3.7500000e+01;2.4346825e-01;3.7500000e+01;3.0127478e-01;3.7500000e+01;2.8461951e-01;3.7500000e+01;2.4109936e-01;3.7500000e+01;2.0031065e-01;3.7500000e+01;1.7564362e-01;3.7500000e+01;1.5058902e-01;3.7500000e+01;1.1538281e-01;3.7500000e+01;7.2167888e-02;3.7500000e+01;2.7534753e-02;3.7500000e+01;-1.8312886e-02;3.7500000e+01;-6.5481238e-02;3.7500000e+01;-1.1435666e-01;3.7500000e+01;-6.9002539e-02;3.7500000e+01;-4.6573393e-02;3.7500000e+01;-2.1521337e-03;3.7500000e+01;6.2403191e-02;3.7500000e+01;1.4771394e-01;3.7500000e+01;2.4346825e-01;3.7500000e+01;3.0127478e-01;3.7500000e+01;2.8461951e-01;3.7500000e+01;2.4109936e-01;3.7500000e+01;2.0031065e-01;3.7500000e+01;1.7564362e-01;3.7500000e+01;1.5058902e-01;3.7500000e+01;1.1538281e-01;3.7500000e+01;7.2167888e-02;3.7500000e+01;2.7534753e-02;3.7500000e+01;-1.8312886e-02;3.7500000e+01;-6.5481238e-02;3.7500000e+01;-1.1435666e-01;3.7500000e+01;-6.9002539e-02;3.7500000e+01;-4.6573393e-02;3.7500000e+01;-2.1521337e-03;3.7500000e+01;6.2403191e-02;3.7500000e+01;1.4771394e-01;3.7500000e+01;2.4346825e-01;3.7500000e+01;3.0127478e-01;3.7500000e+01;2.8461951e-01;3.7500000e+01;2.4109936e-01;3.7500000e+01;2.0031065e-01;3.7500000e+01;1.7564362e-01;3.7500000e+01;1.5058902e-01;3.7500000e+01;1.1538281e-01;3.7500000e+01;7.2167888e-02;3.7500000e+01;2.7534753e-02;3.7500000e+01;-1.8312886e-02;3.7500000e+01;-6.5481238e-02;3.7500000e+01;-1.1435666e-01;3.7500000e+01;-6.9002539e-02;3.7500000e+01;-4.6573393e-02;3.7500000e+01;-2.1521337e-03;3.7500000e+01;6.2403191e-02;3.7500000e+01;1.4771394e-01;3.7500000e+01;2.4346825e-01;3.7500000e+01;3.0127478e-01;3.7500000e+01;2.8461951e-01;3.7500000e+01;2.4109936e-01;3.7500000e+01;2.0031065e-01;3.7500000e+01;1.7564362e-01;3.7500000e+01;1.5058902e-01;3.7500000e+01;1.1538281e-01;3.7500000e+01;7.2167888e-02;3.7500000e+01;2.7534753e-02;3.7500000e+01;-1.8312886e-02;3.7500000e+01;-6.5481238e-02;3.7500000e+01;-1.1435666e-01;3.7500000e+01;-6.9002539e-02;3.7500000e+01;-4.6573393e-02;3.7500000e+01;-2.1521337e-03;3.7500000e+01;6.2403191e-02;3.7500000e+01;1.4771394e-01;3.7500000e+01;2.4346825e-01;3.7500000e+01;3.0127478e-01;3.7500000e+01;2.8461951e-01;3.7500000e+01;2.4109936e-01;3.7500000e+01;2.0031065e-01;3.7500000e+01;1.7564362e-01;3.7500000e+01;1.5058902e-01;3.7500000e+01;1.1538281e-01;3.7500000e+01;7.2167888e-02;3.7500000e+01;2.7534753e-02;3.7500000e+01;-1.8312886e-02;3.7500000e+01;-6.5481238e-02;3.7500000e+01;-1.1435666e-01;3.7500000e+01;-6.9002539e-02;3.7500000e+01;-4.6573393e-02;3.7500000e+01;-2.1521337e-03;3.7500000e+01;6.2403191e-02;3.7500000e+01;1.4771394e-01;3.7500000e+01;2.4346825e-01;3.7500000e+01;3.0127478e-01;3.7500000e+01;2.8461951e-01;3.7500000e+01;2.4109936e-01;3.7500000e+01;2.0031065e-01;3.7500000e+01;1.7564362e-01;3.7500000e+01;1.5058902e-01;3.7500000e+01;1.1538281e-01;3.7500000e+01;7.2167888e-02;3.7500000e+01;2.7534753e-02;3.7500000e+01;-1.8312886e-02;3.7500000e+01;-6.5481238e-02;3.7500000e+01;-1.1435666e-01;3.7500000e+01;-6.9002539e-02;3.7500000e+01;-4.6573393e-02;3.7500000e+01;-2.1521337e-03;3.7500000e+01;6.2403191e-02;3.7500000e+01;1.4771394e-01;3.7500000e+01;2.4346825e-01;3.7500000e+01;3.0127478e-01;3.7500000e+01;2.8461951e-01;3.7500000e+01;2.4109936e-01;3.7500000e+01;2.0031065e-01;3.7500000e+01;1.7564362e-01;3.7500000e+01;1.5058902e-01;3.7500000e+01;1.1538281e-01;3.7500000e+01;7.2167888e-02;3.7500000e+01;2.7534753e-02;3.7500000e+01;-1.8312886e-02;3.7500000e+01;-6.5481238e-02;3.7500000e+01;-1.1435666e-01;3.7500000e+01;-6.9002539e-02;3.7500000e+01;-4.6573393e-02;3.7500000e+01;-2.1521337e-03;3.7500000e+01;6.2403191e-02;3.7500000e+01;1.4771394e-01;3.7500000e+01;2.4346825e-01;3.7500000e+01;3.0127478e-01;3.7500000e+01;2.8461951e-01;3.7500000e+01;2.4109936e-01;3.7500000e+01;2.0031065e-01;3.7500000e+01;1.7564362e-01;3.7500000e+01;1.5058902e-01;3.7500000e+01;1.1538281e-01;3.7500000e+01;7.2167888e-02;3.7500000e+01;2.7534753e-02;3.7500000e+01;-1.8312886e-02;3.7500000e+01;-6.5481238e-02;3.7500000e+01;-1.1435666e-01;3.7500000e+01;-6.9002539e-02;3.7500000e+01;-4.6573393e-02;3.7500000e+01;-2.1521337e-03;3.7500000e+01;6.2403191e-02;3.7500000e+01;1.4771394e-01;3.7500000e+01;2.4346825e-01;3.7500000e+01;3.0127478e-01;3.7500000e+01;2.8461951e-01;3.7500000e+01;2.4109936e-01;3.7500000e+01;2.0031065e-01;3.7500000e+01;1.7564362e-01;3.7500000e+01;1.5058902e-01;3.7500000e+01;1.1538281e-01;3.7500000e+01;7.2167888e-02;3.7500000e+01;2.7534753e-02;3.7500000e+01;-1.8312886e-02;3.7500000e+01;-6.5481238e-02;3.7500000e+01;-1.1435666e-01;3.7500000e+01;-6.9002539e-02;3.7500000e+01;-4.6573393e-02;3.7500000e+01;-2.1521337e-03;3.7500000e+01;6.2403191e-02;3.7500000e+01;1.4771394e-01;3.7500000e+01;2.4346825e-01;3.7500000e+01;3.0127478e-01;3.7500000e+01;2.8461951e-01;3.7500000e+01;2.4109936e-01;3.7500000e+01;2.0031065e-01;3.7500000e+01;1.7564362e-01;3.7500000e+01;1.5058902e-01;3.7500000e+01;1.1538281e-01;3.7500000e+01;7.2167888e-02;3.7500000e+01;2.7534753e-02;3.7500000e+01;-1.8312886e-02;3.7500000e+01;-6.5481238e-02;3.7500000e+01;-1.1435666e-01;3.7500000e+01;-6.9002539e-02;3.7500000e+01;-4.6573393e-02;3.7500000e+01;-2.1521337e-03;3.7500000e+01;6.2403191e-02;3.7500000e+01;1.4771394e-01;3.7500000e+01;2.4346825e-01;3.7500000e+01;3.0127478e-01;3.7500000e+01;2.8461951e-01;3.7500000e+01;2.4109936e-01;3.7500000e+01;2.0031065e-01;3.7500000e+01;1.7564362e-01;3.7500000e+01;1.5058902e-01;3.7500000e+01;1.1538281e-01;3.7500000e+01;7.2167888e-02;3.7500000e+01;2.7534753e-02;3.7500000e+01;-1.8312886e-02;3.7500000e+01;-6.5481238e-02;3.7500000e+01;-1.1435666e-01;3.7500000e+01;-6.9002539e-02;3.7500000e+01;-4.6573393e-02;3.7500000e+01;-2.1521337e-03;3.7500000e+01;6.2403191e-02;3.7500000e+01;1.4771394e-01;3.7500000e+01;2.4346825e-01;3.7500000e+01;3.0127478e-01;3.7500000e+01;2.8461951e-01;3.7500000e+01;2.4109936e-01;3.7500000e+01;2.0031065e-01;3.7500000e+01;1.7564362e-01;3.7500000e+01;1.5058902e-01;3.7500000e+01;1.1538281e-01;3.7500000e+01;7.2167888e-02;3.7500000e+01;2.7534753e-02;3.7500000e+01;-1.8312886e-02;3.7500000e+01;-6.5481238e-02;3.7500000e+01;-1.1435666e-01;3.7500000e+01;-6.9002539e-02;3.7500000e+01;-4.6573393e-02;3.7500000e+01;-2.1521337e-03;3.7500000e+01;6.2403191e-02;3.7500000e+01;1.4771394e-01;3.7500000e+01;2.4346825e-01;3.7500000e+01;3.0127478e-01;3.7500000e+01;2.8461951e-01;3.7500000e+01;2.4109936e-01;3.7500000e+01;2.0031065e-01;3.7500000e+01;1.7564362e-01;3.7500000e+01;1.5058902e-01;3.7500000e+01;1.1538281e-01;3.7500000e+01;7.2167888e-02;3.7500000e+01;2.7534753e-02;3.7500000e+01;-1.8312886e-02;3.7500000e+01;-6.5481238e-02;3.7500000e+01;-1.1435666e-01;3.7500000e+01;-6.9002539e-02;3.7500000e+01;-4.6573393e-02;3.7500000e+01;-2.1521337e-03;3.7500000e+01;6.2403191e-02;3.7500000e+01;1.4771394e-01;3.7500000e+01;2.4346825e-01;3.7500000e+01;3.0127478e-01;3.7500000e+01;2.8461951e-01;3.7500000e+01;2.4109936e-01;3.7500000e+01;2.0031065e-01;3.7500000e+01;1.7564362e-01;3.7500000e+01;1.5058902e-01;3.7500000e+01;1.1538281e-01;3.7500000e+01;7.2167888e-02;3.7500000e+01;2.7534753e-02;3.7500000e+01;-1.8312886e-02;3.7500000e+01;-6.5481238e-02;3.7500000e+01;-1.1435666e-01;3.7500000e+01;-6.9002539e-02;3.7500000e+01;-4.6573393e-02;3.7500000e+01;-2.1521337e-03;3.7500000e+01;6.2403191e-02;3.7500000e+01;1.4771394e-01;3.7500000e+01;2.4346825e-01;3.7500000e+01;3.0127478e-01;3.7500000e+01;2.8461951e-01;3.7500000e+01;2.4109936e-01;3.7500000e+01;2.0031065e-01;3.7500000e+01;1.7564362e-01;3.7500000e+01;1.5058902e-01;3.7500000e+01;1.1538281e-01;3.7500000e+01;7.2167888e-02;3.7500000e+01;2.7534753e-02;3.7500000e+01;-1.8312886e-02;3.7500000e+01;-6.5481238e-02;3.7500000e+01;-1.1435666e-01;3.7500000e+01;-6.9002539e-02;3.7500000e+01;-4.6573393e-02;3.7500000e+01;-2.1521337e-03;3.7500000e+01;6.2403191e-02;3.7500000e+01;1.4771394e-01;3.7500000e+01;2.4346825e-01;3.7500000e+01;3.0127478e-01;3.7500000e+01;2.8461951e-01;3.7500000e+01;2.4109936e-01;3.7500000e+01;2.0031065e-01;3.7500000e+01;1.7564362e-01;3.7500000e+01;1.5058902e-01;3.7500000e+01;1.1538281e-01;3.7500000e+01;7.2167888e-02;3.7500000e+01;2.7534753e-02;3.7500000e+01;-1.8312886e-02;3.7500000e+01;-6.5481238e-02;3.7500000e+01;-1.1435666e-01;3.7500000e+01;-6.9002539e-02;3.7500000e+01;-4.6573393e-02;3.7500000e+01;-2.1521337e-03;3.7500000e+01;6.2403191e-02;3.7500000e+01;1.4771394e-01;3.7500000e+01;2.4346825e-01;3.7500000e+01;3.0127478e-01;3.7500000e+01;2.8461951e-01;3.7500000e+01;2.4109936e-01;3.7500000e+01;2.0031065e-01;3.7500000e+01;1.7564362e-01;3.7500000e+01;1.5058902e-01;3.7500000e+01;1.1538281e-01;3.7500000e+01;7.2167888e-02;3.7500000e+01;2.7534753e-02;3.7500000e+01;-1.8312886e-02;3.7500000e+01;-6.5481238e-02;3.7500000e+01;-1.1435666e-01;3.7500000e+01;-6.9002539e-02;3.7500000e+01;-4.6573393e-02;3.7500000e+01;-2.1521337e-03;3.7500000e+01;6.2403191e-02;3.7500000e+01;1.4771394e-01;3.7500000e+01;2.4346825e-01;3.7500000e+01;3.0127478e-01;3.7500000e+01;2.8461951e-01;3.7500000e+01;2.4109936e-01;3.7500000e+01;2.0031065e-01;3.7500000e+01;1.7564362e-01;3.7500000e+01;1.5058902e-01;3.7500000e+01;1.1538281e-01;3.7500000e+01;7.2167888e-02;3.7500000e+01;2.7534753e-02;3.7500000e+01;-1.8312886e-02;3.7500000e+01;-6.5481238e-02;3.7500000e+01;-1.1435666e-01;3.7500000e+01;-6.9002539e-02;3.7500000e+01;-4.6573393e-02;3.7500000e+01;-2.1521337e-03;3.7500000e+01;6.2403191e-02;3.7500000e+01;1.4771394e-01;3.7500000e+01;2.4346825e-01;3.7500000e+01;3.0127478e-01;3.7500000e+01;2.8461951e-01;3.7500000e+01;2.4109936e-01;3.7500000e+01;2.0031065e-01;3.7500000e+01;1.7564362e-01;3.7500000e+01;1.5058902e-01;3.7500000e+01;1.1538281e-01;3.7500000e+01;7.2167888e-02;3.7500000e+01;2.7534753e-02;3.7500000e+01;-1.8312886e-02;3.7500000e+01;-6.5481238e-02;3.7500000e+01;-1.1435666e-01;3.7500000e+01;-6.9002539e-02;3.7500000e+01;-4.6573393e-02;3.7500000e+01;-2.1521337e-03;3.7500000e+01;6.2403191e-02;3.7500000e+01;1.4771394e-01;3.7500000e+01;2.4346825e-01;3.7500000e+01;3.0127478e-01;3.7500000e+01;2.8461951e-01;3.7500000e+01;2.4109936e-01;3.7500000e+01;2.0031065e-01;3.7500000e+01;1.7564362e-01;3.7500000e+01;1.5058902e-01;3.7500000e+01;1.1538281e-01;3.7500000e+01;7.2167888e-02;3.7500000e+01;2.7534753e-02;3.7500000e+01;-1.8312886e-02;3.7500000e+01;-6.5481238e-02;3.7500000e+01;-1.1435666e-01;3.7500000e+01;-6.9002539e-02;3.7500000e+01;-4.6573393e-02;3.7500000e+01;-2.1521337e-03;3.7500000e+01;6.2403191e-02;3.7500000e+01;1.4771394e-01;3.7500000e+01;2.4346825e-01;3.7500000e+01;3.0127478e-01;3.7500000e+01;2.8461951e-01;3.7500000e+01;2.4109936e-01;3.7500000e+01;2.0031065e-01;3.7500000e+01;1.7564362e-01;3.7500000e+01;1.5058902e-01;3.7500000e+01;1.1538281e-01;3.7500000e+01;7.2167888e-02;3.7500000e+01;2.7534753e-02;3.7500000e+01;-1.8312886e-02;3.7500000e+01;-6.5481238e-02;3.7500000e+01;-1.1435666e-01;3.7500000e+01;-6.9002539e-02;3.7500000e+01;-4.6573393e-02;3.7500000e+01;-2.1521337e-03;3.7500000e+01;6.2403191e-02;3.7500000e+01;1.4771394e-01;3.7500000e+01;2.4346825e-01;3.7500000e+01;3.0127478e-01;3.7500000e+01;2.8461951e-01;3.7500000e+01;2.4109936e-01;3.7500000e+01;2.0031065e-01;3.7500000e+01;1.7564362e-01;3.7500000e+01;1.5058902e-01;3.7500000e+01;1.1538281e-01;3.7500000e+01;7.2167888e-02;3.7500000e+01;2.7534753e-02;3.7500000e+01;-1.8312886e-02;3.7500000e+01;-6.5481238e-02;3.7500000e+01;-1.1435666e-01;3.7500000e+01;-6.9002539e-02;3.7500000e+01;-4.6573393e-02;3.7500000e+01;-2.1521337e-03;3.7500000e+01;6.2403191e-02;3.7500000e+01;1.4771394e-01;3.7500000e+01;2.4346825e-01;3.7500000e+01;3.0127478e-01;3.7500000e+01;2.8461951e-01;3.7500000e+01;2.4109936e-01;3.7500000e+01;2.0031065e-01;3.7500000e+01;1.7564362e-01;3.7500000e+01;1.5058902e-01;3.7500000e+01;1.1538281e-01;3.7500000e+01;7.2167888e-02;3.7500000e+01;2.7534753e-02;3.7500000e+01;-1.8312886e-02;3.7500000e+01;-6.5481238e-02;3.7500000e+01;-1.1435666e-01;3.7500000e+01;-6.9002539e-02;3.7500000e+01;-4.6573393e-02;3.7500000e+01;-2.1521337e-03;3.7500000e+01;6.2403191e-02;3.7500000e+01;1.4771394e-01;3.7500000e+01;2.4346825e-01;3.7500000e+01;3.0127478e-01;3.7500000e+01;2.8461951e-01;3.7500000e+01;2.4109936e-01;3.7500000e+01;2.0031065e-01;3.7500000e+01;1.7564362e-01;3.7500000e+01;1.5058902e-01;3.7500000e+01;1.1538281e-01;3.7500000e+01;7.2167888e-02;3.7500000e+01;2.7534753e-02;3.7500000e+01;-1.8312886e-02;3.7500000e+01;-6.5481238e-02;3.7500000e+01;-1.1435666e-01;3.7500000e+01;-6.9002539e-02;3.7500000e+01;-4.6573393e-02;3.7500000e+01;-2.1521337e-03;3.7500000e+01;6.2403191e-02;3.7500000e+01;1.4771394e-01;3.7500000e+01;2.4346825e-01;3.7500000e+01;3.0127478e-01;3.7500000e+01;2.8461951e-01;3.7500000e+01;2.4109936e-01;3.7500000e+01;2.0031065e-01;3.7500000e+01;1.7564362e-01;3.7500000e+01;1.5058902e-01;3.7500000e+01;1.1538281e-01;3.7500000e+01;7.2167888e-02;3.7500000e+01;2.7534753e-02;3.7500000e+01;-1.8312886e-02;3.7500000e+01;-6.5481238e-02;3.7500000e+01;-1.1435666e-01;3.7500000e+01;-6.9002539e-02;3.7500000e+01;-4.6573393e-02;3.7500000e+01;-2.1521337e-03;3.7500000e+01;6.2403191e-02;3.7500000e+01;1.4771394e-01;3.7500000e+01;2.4346825e-01;3.7500000e+01;3.0127478e-01;3.7500000e+01;2.8461951e-01;3.7500000e+01;2.4109936e-01;3.7500000e+01;2.0031065e-01;3.7500000e+01;1.7564362e-01;3.7500000e+01;1.5058902e-01;3.7500000e+01;1.1538281e-01;3.7500000e+01;7.2167888e-02;3.7500000e+01;2.7534753e-02;3.7500000e+01;-1.8312886e-02;3.7500000e+01;-6.5481238e-02;3.7500000e+01;-1.1435666e-01;3.7500000e+01;-6.9002539e-02;3.7500000e+01;-4.6573393e-02;3.7500000e+01;-2.1521337e-03;3.7500000e+01;6.2403191e-02;3.7500000e+01;1.4771394e-01;3.7500000e+01;2.4346825e-01;3.7500000e+01;3.0127478e-01;3.7500000e+01;2.8461951e-01;3.7500000e+01;2.4109936e-01;3.7500000e+01;2.0031065e-01;3.7500000e+01;1.7564362e-01;3.7500000e+01;1.5058902e-01;3.7500000e+01;1.1538281e-01;3.7500000e+01;7.2167888e-02;3.7500000e+01;2.7534753e-02;3.7500000e+01;-1.8312886e-02;3.7500000e+01;-6.5481238e-02;3.7500000e+01;-1.1435666e-01;3.7500000e+01;-6.9002539e-02;3.7500000e+01;-4.6573393e-02;3.7500000e+01;-2.1521337e-03;3.7500000e+01;6.2403191e-02;3.7500000e+01;1.4771394e-01;3.7500000e+01;2.4346825e-01;3.7500000e+01;3.0127478e-01;3.7500000e+01;2.8461951e-01;3.7500000e+01;2.4109936e-01;3.7500000e+01;2.0031065e-01;3.7500000e+01;1.7564362e-01;3.7500000e+01;1.5058902e-01;3.7500000e+01;1.1538281e-01;3.7500000e+01;7.2167888e-02;3.7500000e+01;2.7534753e-02;3.7500000e+01;-1.8312886e-02;3.7500000e+01;-6.5481238e-02;3.7500000e+01;-1.1435666e-01;3.7500000e+01;-6.9002539e-02;3.7500000e+01;-4.6573393e-02;3.7500000e+01;-2.1521337e-03;3.7500000e+01;6.2403191e-02;3.7500000e+01;1.4771394e-01;3.7500000e+01;2.4346825e-01;3.7500000e+01;3.0127478e-01;3.7500000e+01;2.8461951e-01;3.7500000e+01;2.4109936e-01;3.7500000e+01;2.0031065e-01;3.7500000e+01;1.7564362e-01;3.7500000e+01;1.5058902e-01;3.7500000e+01;1.1538281e-01;3.7500000e+01;7.2167888e-02;3.7500000e+01;2.7534753e-02;3.7500000e+01;-1.8312886e-02;3.7500000e+01;-6.5481238e-02;3.7500000e+01;-1.1435666e-01;3.7500000e+01;-6.9002539e-02;3.7500000e+01;-4.6573393e-02;3.7500000e+01;-2.1521337e-03;3.7500000e+01;6.2403191e-02;3.7500000e+01;1.4771394e-01;3.7500000e+01;2.4346825e-01;3.7500000e+01;3.0127478e-01;3.7500000e+01;2.8461951e-01;3.7500000e+01;2.4109936e-01;3.7500000e+01;2.0031065e-01;3.7500000e+01;1.7564362e-01;3.7500000e+01;1.5058902e-01;3.7500000e+01;1.1538281e-01;3.7500000e+01;7.2167888e-02;3.7500000e+01;2.7534753e-02;3.7500000e+01;-1.8312886e-02;3.7500000e+01;-6.5481238e-02;3.7500000e+01;-1.1435666e-01;3.7500000e+01;-6.9002539e-02;3.7500000e+01;-4.6573393e-02;3.7500000e+01;-2.1521337e-03;3.7500000e+01;6.2403191e-02;3.7500000e+01;1.4771394e-01;3.7500000e+01;2.4346825e-01;3.7500000e+01;3.0127478e-01;3.7500000e+01;2.8461951e-01;3.7500000e+01;2.4109936e-01;3.7500000e+01;2.0031065e-01;3.7500000e+01;1.7564362e-01;3.7500000e+01;1.5058902e-01;3.7500000e+01;1.1538281e-01;3.7500000e+01;7.2167888e-02;3.7500000e+01;2.7534753e-02;3.7500000e+01;-1.8312886e-02;3.7500000e+01;-6.5481238e-02;3.7500000e+01;-1.1435666e-01;3.7500000e+01;-6.9002539e-02;3.7500000e+01;-4.6573393e-02;3.7500000e+01;-2.1521337e-03;3.7500000e+01;6.2403191e-02;3.7500000e+01;1.4771394e-01;3.7500000e+01;2.4346825e-01;3.7500000e+01;3.0127478e-01;3.7500000e+01;2.8461951e-01;3.7500000e+01;2.4109936e-01;3.7500000e+01;2.0031065e-01;3.7500000e+01;1.7564362e-01;3.7500000e+01;1.5058902e-01;3.7500000e+01;1.1538281e-01;3.7500000e+01;7.2167888e-02;3.7500000e+01;2.7534753e-02;3.7500000e+01;-1.8312886e-02;3.7500000e+01;-6.5481238e-02;3.7500000e+01;-1.1435666e-01;3.7500000e+01;-6.9002539e-02;3.7500000e+01;-4.6573393e-02;3.7500000e+01;-2.1521337e-03;3.7500000e+01;6.2403191e-02;3.7500000e+01;1.4771394e-01;3.7500000e+01;2.4346825e-01;3.7500000e+01;3.0127478e-01;3.7500000e+01;2.8461951e-01;3.7500000e+01;2.4109936e-01;3.7500000e+01;2.0031065e-01;3.7500000e+01;1.7564362e-01;3.7500000e+01;1.5058902e-01;3.7500000e+01;1.1538281e-01;3.7500000e+01;7.2167888e-02;3.7500000e+01;2.7534753e-02;3.7500000e+01;-1.8312886e-02;3.7500000e+01;-6.5481238e-02;3.7500000e+01;-1.1435666e-01;3.7500000e+01;-6.9002539e-02;3.7500000e+01;-4.6573393e-02;3.7500000e+01;-2.1521337e-03;3.7500000e+01;6.2403191e-02;3.7500000e+01;1.4771394e-01;3.7500000e+01;2.4346825e-01;3.7500000e+01;3.0127478e-01;3.7500000e+01;2.8461951e-01;3.7500000e+01;2.4109936e-01;3.7500000e+01;2.0031065e-01;3.7500000e+01;1.7564362e-01;3.7500000e+01;1.5058902e-01;3.7500000e+01;1.1538281e-01;3.7500000e+01;7.2167888e-02;3.7500000e+01;2.7534753e-02;3.7500000e+01;-1.8312886e-02;3.7500000e+01;-6.5481238e-02;3.7500000e+01;-1.1435666e-01;3.7500000e+01;-6.9002539e-02;3.7500000e+01;-4.6573393e-02;3.7500000e+01;-2.1521337e-03;3.7500000e+01;6.2403191e-02;3.7500000e+01;1.4771394e-01;3.7500000e+01;2.4346825e-01;3.7500000e+01;3.0127478e-01;3.7500000e+01;2.8461951e-01;3.7500000e+01;2.4109936e-01;3.7500000e+01;2.0031065e-01;3.7500000e+01;1.7564362e-01;3.7500000e+01;1.5058902e-01;3.7500000e+01;1.1538281e-01;3.7500000e+01;7.2167888e-02;3.7500000e+01;2.7534753e-02;3.7500000e+01;-1.8312886e-02;3.7500000e+01;-6.5481238e-02;3.7500000e+01;-1.1435666e-01
4.2500000e+01;-6.5104432e-02;4.2500000e+01;-3.6816295e-02;4.2500000e+01;1.4170030e-02;4.2500000e+01;8.5149512e-02;4.2500000e+01;1.7622274e-01;4.2500000e+01;2.7089632e-01;4.2500000e+01;3.2654160e-01;4.2500000e+01;3.0589318e-01;4.2500000e+01;2.6327199e-01;4.2500000e+01;2.1807086e-01;4.2500000e+01;1.8053654e-01;4.2500000e+01;1.5003535e-01;4.2500000e+01;1.1601254e-01;4.2500000e+01;7.4307390e-02;4.2500000e+01;3.1313576e-02;4.2500000e+01;-1.5058339e-02;4.2500000e+01;-6.2071435e-02;4.2500000e+01;-1.1012961e-01;4.2500000e+01;-6.5104432e-02;4.2500000e+01;-3.6816295e-02;4.2500000e+01;1.4170030e-02;4.2500000e+01;8.5149512e-02;4.2500000e+01;1.7622274e-01;4.2500000e+01;2.7089632e-01;4.2500000e+01;3.2654160e-01;4.2500000e+01;3.0589318e-01;4.2500000e+01;2.6327199e-01;4.2500000e+01;2.1807086e-01;4.2500000e+01;1.8053654e-01;4.2500000e+01;1.5003535e-01;4.2500000e+01;1.1601254e-01;4.2500000e+01;7.4307390e-02;4.2500000e+01;3.1313576e-02;4.2500000e+01;-1.5058339e-02;4.2500000e+01;-6.2071435e-02;4.2500000e+01;-1.1012961e-01;4.2500000e+01;-6.5104432e-02;4.2500000e+01;-3.6816295e-02;4.2500000e+01;1.4170030e-02;4.2500000e+01;8.5149512e-02;4.2500000e+01;1.7622274e-01;4.2500000e+01;2.7089632e-01;4.2500000e+01;3.2654160e-01;4.2500000e+01;3.0589318e-01;4.2500000e+01;2.6327199e-01;4.2500000e+01;2.1807086e-01;4.2500000e+01;1.8053654e-01;4.2500000e+01;1.5003535e-01;4.2500000e+01;1.1601254e-01;4.2500000e+01;7.4307390e-02;4.2500000e+01;3.1313576e-02;4.2500000e+01;-1.5058339e-02;4.2500000e+01;-6.2071435e-02;4.2500000e+01;-1.1012961e-01;4.2500000e+01;-6.5104432e-02;4.2500000e+01;-3.6816295e-02;4.2500000e+01;1.4170030e-02;4.2500000e+01;8.5149512e-02;4.2500000e+01;1.7622274e-01;4.2500000e+01;2.7089632e-01;4.2500000e+01;3.2654160e-01;4.2500000e+01;3.0589318e-01;4.2500000e+01;2.6327199e-01;4.2500000e+01;2.1807086e-01;4.2500000e+01;1.8053654e-01;4.2500000e+01;1.5003535e-01;4.2500000e+01;1.1601254e-01;4.2500000e+01;7.4307390e-02;4.2500000e+01;3.1313576e-02;4.2500000e+01;-1.5058339e-02;4.2500000e+01;-6.2071435e-02;4.2500000e+01;-1.1012961e-01;4.2500000e+01;-6.5104432e-02;4.2500000e+01;-3.6816295e-02;4.2500000e+01;1.4170030e-02;4.2500000e+01;8.5149512e-02;4.2500000e+01;1.7622274e-01;4.2500000e+01;2.7089632e-01;4.2500000e+01;3.2654160e-01;4.2500000e+01;3.0589318e-01;4.2500000e+01;2.6327199e-01;4.2500000e+01;2.1807086e-01;4.2500000e+01;1.8053654e-01;4.2500000e+01;1.5003535e-01;4.2500000e+01;1.1601254e-01;4.2500000e+01;7.4307390e-02;4.2500000e+01;3.1313576e-02;4.2500000e+01;-1.5058339e-02;4.2500000e+01;-6.2071435e-02;4.2500000e+01;-1.1012961e-01;4.2500000e+01;-6.5104432e-02;4.2500000e+01;-3.6816295e-02;4.2500000e+01;1.4170030e-02;4.2500000e+01;8.5149512e-02;4.2500000e+01;1.7622274e-01;4.2500000e+01;2.7089632e-01;4.2500000e+01;3.2654160e-01;4.2500000e+01;3.0589318e-01;4.2500000e+01;2.6327199e-01;4.2500000e+01;2.1807086e-01;4.2500000e+01;1.8053654e-01;4.2500000e+01;1.5003535e-01;4.2500000e+01;1.1601254e-01;4.2500000e+01;7.4307390e-02;4.2500000e+01;3.1313576e-02;4.2500000e+01;-1.5058339e-02;4.2500000e+01;-6.2071435e-02;4.2500000e+01;-1.1012961e-01;4.2500000e+01;-6.5104432e-02;4.2500000e+01;-3.6816295e-02;4.2500000e+01;1.4170030e-02;4.2500000e+01;8.5149512e-02;4.2500000e+01;1.7622274e-01;4.2500000e+01;2.7089632e-01;4.2500000e+01;3.2654160e-01;4.2500000e+01;3.0589318e-01;4.2500000e+01;2.6327199e-01;4.2500000e+01;2.1807086e-01;4.2500000e+01;1.8053654e-01;4.2500000e+01;1.5003535e-01;4.2500000e+01;1.1601254e-01;4.2500000e+01;7.4307390e-02;4.2500000e+01;3.1313576e-02;4.2500000e+01;-1.5058339e-02;4.2500000e+01;-6.2071435e-02;4.2500000e+01;-1.1012961e-01;4.2500000e+01;-6.5104432e-02;4.2500000e+01;-3.6816295e-02;4.2500000e+01;1.4170030e-02;4.2500000e+01;8.5149512e-02;4.2500000e+01;1.7622274e-01;4.2500000e+01;2.7089632e-01;4.2500000e+01;3.2654160e-01;4.2500000e+01;3.0589318e-01;4.2500000e+01;2.6327199e-01;4.2500000e+01;2.1807086e-01;4.2500000e+01;1.8053654e-01;4.2500000e+01;1.5003535e-01;4.2500000e+01;1.1601254e-01;4.2500000e+01;7.4307390e-02;4.2500000e+01;3.1313576e-02;4.2500000e+01;-1.5058339e-02;4.2500000e+01;-6.2071435e-02;4.2500000e+01;-1.1012961e-01;4.2500000e+01;-6.5104432e-02;4.2500000e+01;-3.6816295e-02;4.2500000e+01;1.4170030e-02;4.2500000e+01;8.5149512e-02;4.2500000e+01;1.7622274e-01;4.2500000e+01;2.7089632e-01;4.2500000e+01;3.2654160e-01;4.2500000e+01;3.0589318e-01;4.2500000e+01;2.6327199e-01;4.2500000e+01;2.1807086e-01;4.2500000e+01;1.8053654e-01;4.2500000e+01;1.5003535e-01;4.2500000e+01;1.1601254e-01;4.2500000e+01;7.4307390e-02;4.2500000e+01;3.1313576e-02;4.2500000e+01;-1.5058339e-02;4.2500000e+01;-6.2071435e-02;4.2500000e+01;-1.1012961e-01;4.2500000e+01;-6.5104432e-02;4.2500000e+01;-3.6816295e-02;4.2500000e+01;1.4170030e-02;4.2500000e+01;8.5149512e-02;4.2500000e+01;1.7622274e-01;4.2500000e+01;2.7089632e-01;4.2500000e+01;3.2654160e-01;4.2500000e+01;3.0589318e-01;4.2500000e+01;2.6327199e-01;4.2500000e+01;2.1807086e-01;4.2500000e+01;1.8053654e-01;4.2500000e+01;1.5003535e-01;4.2500000e+01;1.1601254e-01;4.2500000e+01;7.4307390e-02;4.2500000e+01;3.1313576e-02;4.2500000e+01;-1.5058339e-02;4.2500000e+01;-6.2071435e-02;4.2500000e+01;-1.1012961e-01;4.2500000e+01;-6.5104432e-02;4.2500000e+01;-3.6816295e-02;4.2500000e+01;1.4170030e-02;4.2500000e+01;8.5149512e-02;4.2500000e+01;1.7622274e-01;4.2500000e+01;2.7089632e-01;4.2500000e+01;3.2654160e-01;4.2500000e+01;3.0589318e-01;4.2500000e+01;2.6327199e-01;4.2500000e+01;2.1807086e-01;4.2500000e+01;1.8053654e-01;4.2500000e+01;1.5003535e-01;4.2500000e+01;1.1601254e-01;4.2500000e+01;7.4307390e-02;4.2500000e+01;3.1313576e-02;4.2500000e+01;-1.5058339e-02;4.2500000e+01;-6.2071435e-02;4.2500000e+01;-1.1012961e-01;4.2500000e+01;-6.5104432e-02;4.2500000e+01;-3.6816295e-02;4.2500000e+01;1.4170030e-02;4.2500000e+01;8.5149512e-02;4.2500000e+01;1.7622274e-01;4.2500000e+01;2.7089632e-01;4.2500000e+01;3.2654160e-01;4.2500000e+01;3.0589318e-01;4.2500000e+01;2.6327199e-01;4.2500000e+01;2.1807086e-01;4.2500000e+01;1.8053654e-01;4.2500000e+01;1.5003535e-01;4.2500000e+01;1.1601254e-01;4.2500000e+01;7.4307390e-02;4.2500000e+01;3.1313576e-02;4.2500000e+01;-1.5058339e-02;4.2500000e+01;-6.2071435e-02;4.2500000e+01;-1.1012961e-01;4.2500000e+01;-6.5104432e-02;4.2500000e+01;-3.6816295e-02;4.2500000e+01;1.4170030e-02;4.2500000e+01;8.5149512e-02;4.2500000e+01;1.7622274e-01;4.2500000e+01;2.7089632e-01;4.2500000e+01;3.2654160e-01;4.2500000e+01;3.0589318e-01;4.2500000e+01;2.6327199e-01;4.2500000e+01;2.1807086e-01;4.2500000e+01;1.8053654e-01;4.2500000e+01;1.5003535e-01;4.2500000e+01;1.1601254e-01;4.2500000e+01;7.4307390e-02;4.2500000e+01;3.1313576e-02;4.2500000e+01;-1.5058339e-02;4.2500000e+01;-6.2071435e-02;4.2500000e+01;-1.1012961e-01;4.2500000e+01;-6.5104432e-02;4.2500000e+01;-3.6816295e-02;4.2500000e+01;1.4170030e-02;4.2500000e+01;8.5149512e-02;4.2500000e+01;1.7622274e-01;4.2500000e+01;2.7089632e-01;4.2500000e+01;3.2654160e-01;4.2500000e+01;3.0589318e-01;4.2500000e+01;2.6327199e-01;4.2500000e+01;2.1807086e-01;4.2500000e+01;1.8053654e-01;4.2500000e+01;1.5003535e-01;4.2500000e+01;1.1601254e-01;4.2500000e+01;7.4307390e-02;4.2500000e+01;3.1313576e-02;4.2500000e+01;-1.5058339e-02;4.2500000e+01;-6.2071435e-02;4.2500000e+01;-1.1012961e-01;4.2500000e+01;-6.5104432e-02;4.2500000e+01;-3.6816295e-02;4.2500000e+01;1.4170030e-02;4.2500000e+01;8.5149512e-02;4.2500000e+01;1.7622274e-01;4.2500000e+01;2.7089632e-01;4.2500000e+01;3.2654160e-01;4.2500000e+01;3.0589318e-01;4.2500000e+01;2.6327199e-01;4.2500000e+01;2.1807086e-01;4.2500000e+01;1.8053654e-01;4.2500000e+01;1.5003535e-01;4.2500000e+01;1.1601254e-01;4.2500000e+01;7.4307390e-02;4.2500000e+01;3.1313576e-02;4.2500000e+01;-1.5058339e-02;4.2500000e+01;-6.2071435e-02;4.2500000e+01;-1.1012961e-01;4.2500000e+01;-6.5104432e-02;4.2500000e+01;-3.6816295e-02;4.2500000e+01;1.4170030e-02;4.2500000e+01;8.5149512e-02;4.2500000e+01;1.7622274e-01;4.2500000e+01;2.7089632e-01;4.2500000e+01;3.2654160e-01;4.2500000e+01;3.0589318e-01;4.2500000e+01;2.6327199e-01;4.2500000e+01;2.1807086e-01;4.2500000e+01;1.8053654e-01;4.2500000e+01;1.5003535e-01;4.2500000e+01;1.1601254e-01;4.2500000e+01;7.4307390e-02;4.2500000e+01;3.1313576e-02;4.2500000e+01;-1.5058339e-02;4.2500000e+01;-6.2071435e-02;4.2500000e+01;-1.1012961e-01;4.2500000e+01;-6.5104432e-02;4.2500000e+01;-3.6816295e-02;4.2500000e+01;1.4170030e-02;4.2500000e+01;8.5149512e-02;4.2500000e+01;1.7622274e-01;4.2500000e+01;2.7089632e-01;4.2500000e+01;3.2654160e-01;4.2500000e+01;3.0589318e-01;4.2500000e+01;2.6327199e-01;4.2500000e+01;2.1807086e-01;4.2500000e+01;1.8053654e-01;4.2500000e+01;1.5003535e-01;4.2500000e+01;1.1601254e-01;4.2500000e+01;7.4307390e-02;4.2500000e+01;3.1313576e-02;4.2500000e+01;-1.5058339e-02;4.2500000e+01;-6.2071435e-02;4.2500000e+01;-1.1012961e-01;4.2500000e+01;-6.5104432e-02;4.2500000e+01;-3.6816295e-02;4.2500000e+01;1.4170030e-02;4.2500000e+01;8.5149512e-02;4.2500000e+01;1.7622274e-01;4.2500000e+01;2.7089632e-01;4.2500000e+01;3.2654160e-01;4.2500000e+01;3.0589318e-01;4.2500000e+01;2.6327199e-01;4.2500000e+01;2.1807086e-01;4.2500000e+01;1.8053654e-01;4.2500000e+01;1.5003535e-01;4.2500000e+01;1.1601254e-01;4.2500000e+01;7.4307390e-02;4.2500000e+01;3.1313576e-02;4.2500000e+01;-1.5058339e-02;4.2500000e+01;-6.2071435e-02;4.2500000e+01;-1.1012961e-01;4.2500000e+01;-6.5104432e-02;4.2500000e+01;-3.6816295e-02;4.2500000e+01;1.4170030e-02;4.2500000e+01;8.5149512e-02;4.2500000e+01;1.7622274e-01;4.2500000e+01;2.7089632e-01;4.2500000e+01;3.2654160e-01;4.2500000e+01;3.0589318e-01;4.2500000e+01;2.6327199e-01;4.2500000e+01;2.1807086e-01;4.2500000e+01;1.8053654e-01;4.2500000e+01;1.5003535e-01;4.2500000e+01;1.1601254e-01;4.2500000e+01;7.4307390e-02;4.2500000e+01;3.1313576e-02;4.2500000e+01;-1.5058339e-02;4.2500000e+01;-6.2071435e-02;4.2500000e+01;-1.1012961e-01;4.2500000e+01;-6.5104432e-02;4.2500000e+01;-3.6816295e-02;4.2500000e+01;1.4170030e-02;4.2500000e+01;8.5149512e-02;4.2500000e+01;1.7622274e-01;4.2500000e+01;2.7089632e-01;4.2500000e+01;3.2654160e-01;4.2500000e+01;3.0589318e-01;4.2500000e+01;2.6327199e-01;4.2500000e+01;2.1807086e-01;4.2500000e+01;1.8053654e-01;4.2500000e+01;1.5003535e-01;4.2500000e+01;1.1601254e-01;4.2500000e+01;7.4307390e-02;4.2500000e+01;3.1313576e-02;4.2500000e+01;-1.5058339e-02;4.2500000e+01;-6.2071435e-02;4.2500000e+01;-1.1012961e-01;4.2500000e+01;-6.5104432e-02;4.2500000e+01;-3.6816295e-02;4.2500000e+01;1.4170030e-02;4.2500000e+01;8.5149512e-02;4.2500000e+01;1.7622274e-01;4.2500000e+01;2.7089632e-01;4.2500000e+01;3.2654160e-01;4.2500000e+01;3.0589318e-01;4.2500000e+01;2.6327199e-01;4.2500000e+01;2.1807086e-01;4.2500000e+01;1.8053654e-01;4.2500000e+01;1.5003535e-01;4.2500000e+01;1.1601254e-01;4.2500000e+01;7.4307390e-02;4.2500000e+01;3.1313576e-02;4.2500000e+01;-1.5058339e-02;4.2500000e+01;-6.2071435e-02;4.2500000e+01;-1.1012961e-01;4.2500000e+01;-6.5104432e-02;4.2500000e+01;-3.6816295e-02;4.2500000e+01;1.4170030e-02;4.2500000e+01;8.5149512e-02;4.2500000e+01;1.7622274e-01;4.2500000e+01;2.7089632e-01;4.2500000e+01;3.2654160e-01;4.2500000e+01;3.0589318e-01;4.2500000e+01;2.6327199e-01;4.2500000e+01;2.1807086e-01;4.2500000e+01;1.8053654e-01;4.2500000e+01;1.5003535e-01;4.2500000e+01;1.1601254e-01;4.2500000e+01;7.4307390e-02;4.2500000e+01;3.1313576e-02;4.2500000e+01;-1.5058339e-02;4.2500000e+01;-6.2071435e-02;4.2500000e+01;-1.1012961e-01;4.2500000e+01;-6.5104432e-02;4.2500000e+01;-3.6816295e-02;4.2500000e+01;1.4170030e-02;4.2500000e+01;8.5149512e-02;4.2500000e+01;1.7622274e-01;4.2500000e+01;2.7089632e-01;4.2500000e+01;3.2654160e-01;4.2500000e+01;3.0589318e-01;4.2500000e+01;2.6327199e-01;4.2500000e+01;2.1807086e-01;4.2500000e+01;1.8053654e-01;4.2500000e+01;1.5003535e-01;4.2500000e+01;1.1601254e-01;4.2500000e+01;7.4307390e-02;4.2500000e+01;3.1313576e-02;4.2500000e+01;-1.5058339e-02;4.2500000e+01;-6.2071435e-02;4.2500000e+01;-1.1012961e-01;4.2500000e+01;-6.5104432e-02;4.2500000e+01;-3.6816295e-02;4.2500000e+01;1.4170030e-02;4.2500000e+01;8.5149512e-02;4.2500000e+01;1.7622274e-01;4.2500000e+01;2.7089632e-01;4.2500000e+01;3.2654160e-01;4.2500000e+01;3.0589318e-01;4.2500000e+01;2.6327199e-01;4.2500000e+01;2.1807086e-01;4.2500000e+01;1.8053654e-01;4.2500000e+01;1.5003535e-01;4.2500000e+01;1.1601254e-01;4.2500000e+01;7.4307390e-02;4.2500000e+01;3.1313576e-02;4.2500000e+01;-1.5058339e-02;4.2500000e+01;-6.2071435e-02;4.2500000e+01;-1.1012961e-01;4.2500000e+01;-6.5104432e-02;4.2500000e+01;-3.6816295e-02;4.2500000e+01;1.4170030e-02;4.2500000e+01;8.5149512e-02;4.2500000e+01;1.7622274e-01;4.2500000e+01;2.7089632e-01;4.2500000e+01;3.2654160e-01;4.2500000e+01;3.0589318e-01;4.2500000e+01;2.6327199e-01;4.2500000e+01;2.1807086e-01;4.2500000e+01;1.8053654e-01;4.2500000e+01;1.5003535e-01;4.2500000e+01;1.1601254e-01;4.2500000e+01;7.4307390e-02;4.2500000e+01;3.1313576e-02;4.2500000e+01;-1.5058339e-02;4.2500000e+01;-6.2071435e-02;4.2500000e+01;-1.1012961e-01;4.2500000e+01;-6.5104432e-02;4.2500000e+01;-3.6816295e-02;4.2500000e+01;1.4170030e-02;4.2500000e+01;8.5149512e-02;4.2500000e+01;1.7622274e-01;4.2500000e+01;2.7089632e-01;4.2500000e+01;3.2654160e-01;4.2500000e+01;3.0589318e-01;4.2500000e+01;2.6327199e-01;4.2500000e+01;2.1807086e-01;4.2500000e+01;1.8053654e-01;4.2500000e+01;1.5003535e-01;4.2500000e+01;1.1601254e-01;4.2500000e+01;7.4307390e-02;4.2500000e+01;3.1313576e-02;4.2500000e+01;-1.5058339e-02;4.2500000e+01;-6.2071435e-02;4.2500000e+01;-1.1012961e-01;4.2500000e+01;-6.5104432e-02;4.2500000e+01;-3.6816295e-02;4.2500000e+01;1.4170030e-02;4.2500000e+01;8.5149512e-02;4.2500000e+01;1.7622274e-01;4.2500000e+01;2.7089632e-01;4.2500000e+01;3.2654160e-01;4.2500000e+01;3.0589318e-01;4.2500000e+01;2.6327199e-01;4.2500000e+01;2.1807086e-01;4.2500000e+01;1.8053654e-01;4.2500000e+01;1.5003535e-01;4.2500000e+01;1.1601254e-01;4.2500000e+01;7.4307390e-02;4.2500000e+01;3.1313576e-02;4.2500000e+01;-1.5058339e-02;4.2500000e+01;-6.2071435e-02;4.2500000e+01;-1.1012961e-01;4.2500000e+01;-6.5104432e-02;4.2500000e+01;-3.6816295e-02;4.2500000e+01;1.4170030e-02;4.2500000e+01;8.5149512e-02;4.2500000e+01;1.7622274e-01;4.2500000e+01;2.7089632e-01;4.2500000e+01;3.2654160e-01;4.2500000e+01;3.0589318e-01;4.2500000e+01;2.6327199e-01;4.2500000e+01;2.1807086e-01;4.2500000e+01;1.8053654e-01;4.2500000e+01;1.5003535e-01;4.2500000e+01;1.1601254e-01;4.2500000e+01;7.4307390e-02;4.2500000e+01;3.1313576e-02;4.2500000e+01;-1.5058339e-02;4.2500000e+01;-6.2071435e-02;4.2500000e+01;-1.1012961e-01;4.2500000e+01;-6.5104432e-02;4.2500000e+01;-3.6816295e-02;4.2500000e+01;1.4170030e-02;4.2500000e+01;8.5149512e-02;4.2500000e+01;1.7622274e-01;4.2500000e+01;2.7089632e-01;4.2500000e+01;3.2654160e-01;4.2500000e+01;3.0589318e-01;4.2500000e+01;2.6327199e-01;4.2500000e+01;2.1807086e-01;4.2500000e+01;1.8053654e-01;4.2500000e+01;1.5003535e-01;4.2500000e+01;1.1601254e-01;4.2500000e+01;7.4307390e-02;4.2500000e+01;3.1313576e-02;4.2500000e+01;-1.5058339e-02;4.2500000e+01;-6.2071435e-02;4.2500000e+01;-1.1012961e-01;4.2500000e+01;-6.5104432e-02;4.2500000e+01;-3.6816295e-02;4.2500000e+01;1.4170030e-02;4.2500000e+01;8.5149512e-02;4.2500000e+01;1.7622274e-01;4.2500000e+01;2.7089632e-01;4.2500000e+01;3.2654160e-01;4.2500000e+01;3.0589318e-01;4.2500000e+01;2.6327199e-01;4.2500000e+01;2.1807086e-01;4.2500000e+01;1.8053654e-01;4.2500000e+01;1.5003535e-01;4.2500000e+01;1.1601254e-01;4.2500000e+01;7.4307390e-02;4.2500000e+01;3.1313576e-02;4.2500000e+01;-1.5058339e-02;4.2500000e+01;-6.2071435e-02;4.2500000e+01;-1.1012961e-01;4.2500000e+01;-6.5104432e-02;4.2500000e+01;-3.6816295e-02;4.2500000e+01;1.4170030e-02;4.2500000e+01;8.5149512e-02;4.2500000e+01;1.7622274e-01;4.2500000e+01;2.7089632e-01;4.2500000e+01;3.2654160e-01;4.2500000e+01;3.0589318e-01;4.2500000e+01;2.6327199e-01;4.2500000e+01;2.1807086e-01;4.2500000e+01;1.8053654e-01;4.2500000e+01;1.5003535e-01;4.2500000e+01;1.1601254e-01;4.2500000e+01;7.4307390e-02;4.2500000e+01;3.1313576e-02;4.2500000e+01;-1.5058339e-02;4.2500000e+01;-6.2071435e-02;4.2500000e+01;-1.1012961e-01;4.2500000e+01;-6.5104432e-02;4.2500000e+01;-3.6816295e-02;4.2500000e+01;1.4170030e-02;4.2500000e+01;8.5149512e-02;4.2500000e+01;1.7622274e-01;4.2500000e+01;2.7089632e-01;4.2500000e+01;3.2654160e-01;4.2500000e+01;3.0589318e-01;4.2500000e+01;2.6327199e-01;4.2500000e+01;2.1807086e-01;4.2500000e+01;1.8053654e-01;4.2500000e+01;1.5003535e-01;4.2500000e+01;1.1601254e-01;4.2500000e+01;7.4307390e-02;4.2500000e+01;3.1313576e-02;4.2500000e+01;-1.5058339e-02;4.2500000e+01;-6.2071435e-02;4.2500000e+01;-1.1012961e-01;4.2500000e+01;-6.5104432e-02;4.2500000e+01;-3.6816295e-02;4.2500000e+01;1.4170030e-02;4.2500000e+01;8.5149512e-02;4.2500000e+01;1.7622274e-01;4.2500000e+01;2.7089632e-01;4.2500000e+01;3.2654160e-01;4.2500000e+01;3.0589318e-01;4.2500000e+01;2.6327199e-01;4.2500000e+01;2.1807086e-01;4.2500000e+01;1.8053654e-01;4.2500000e+01;1.5003535e-01;4.2500000e+01;1.1601254e-01;4.2500000e+01;7.4307390e-02;4.2500000e+01;3.1313576e-02;4.2500000e+01;-1.5058339e-02;4.2500000e+01;-6.2071435e-02;4.2500000e+01;-1.1012961e-01;4.2500000e+01;-6.5104432e-02;4.2500000e+01;-3.6816295e-02;4.2500000e+01;1.4170030e-02;4.2500000e+01;8.5149512e-02;4.2500000e+01;1.7622274e-01;4.2500000e+01;2.7089632e-01;4.2500000e+01;3.2654160e-01;4.2500000e+01;3.0589318e-01;4.2500000e+01;2.6327199e-01;4.2500000e+01;2.1807086e-01;4.2500000e+01;1.8053654e-01;4.2500000e+01;1.5003535e-01;4.2500000e+01;1.1601254e-01;4.2500000e+01;7.4307390e-02;4.2500000e+01;3.1313576e-02;4.2500000e+01;-1.5058339e-02;4.2500000e+01;-6.2071435e-02;4.2500000e+01;-1.1012961e-01;4.2500000e+01;-6.5104432e-02;4.2500000e+01;-3.6816295e-02;4.2500000e+01;1.4170030e-02;4.2500000e+01;8.5149512e-02;4.2500000e+01;1.7622274e-01;4.2500000e+01;2.7089632e-01;4.2500000e+01;3.2654160e-01;4.2500000e+01;3.0589318e-01;4.2500000e+01;2.6327199e-01;4.2500000e+01;2.1807086e-01;4.2500000e+01;1.8053654e-01;4.2500000e+01;1.5003535e-01;4.2500000e+01;1.1601254e-01;4.2500000e+01;7.4307390e-02;4.2500000e+01;3.1313576e-02;4.2500000e+01;-1.5058339e-02;4.2500000e+01;-6.2071435e-02;4.2500000e+01;-1.1012961e-01;4.2500000e+01;-6.5104432e-02;4.2500000e+01;-3.6816295e-02;4.2500000e+01;1.4170030e-02;4.2500000e+01;8.5149512e-02;4.2500000e+01;1.7622274e-01;4.2500000e+01;2.7089632e-01;4.2500000e+01;3.2654160e-01;4.2500000e+01;3.0589318e-01;4.2500000e+01;2.6327199e-01;4.2500000e+01;2.1807086e-01;4.2500000e+01;1.8053654e-01;4.2500000e+01;1.5003535e-01;4.2500000e+01;1.1601254e-01;4.2500000e+01;7.4307390e-02;4.2500000e+01;3.1313576e-02;4.2500000e+01;-1.5058339e-02;4.2500000e+01;-6.2071435e-02;4.2500000e+01;-1.1012961e-01;4.2500000e+01;-6.5104432e-02;4.2500000e+01;-3.6816295e-02;4.2500000e+01;1.4170030e-02;4.2500000e+01;8.5149512e-02;4.2500000e+01;1.7622274e-01;4.2500000e+01;2.7089632e-01;4.2500000e+01;3.2654160e-01;4.2500000e+01;3.0589318e-01;4.2500000e+01;2.6327199e-01;4.2500000e+01;2.1807086e-01;4.2500000e+01;1.8053654e-01;4.2500000e+01;1.5003535e-01;4.2500000e+01;1.1601254e-01;4.2500000e+01;7.4307390e-02;4.2500000e+01;3.1313576e-02;4.2500000e+01;-1.5058339e-02;4.2500000e+01;-6.2071435e-02;4.2500000e+01;-1.1012961e-01;4.2500000e+01;-6.5104432e-02;4.2500000e+01;-3.6816295e-02;4.2500000e+01;1.4170030e-02;4.2500000e+01;8.5149512e-02;4.2500000e+01;1.7622274e-01;4.2500000e+01;2.7089632e-01;4.2500000e+01;3.2654160e-01;4.2500000e+01;3.0589318e-01;4.2500000e+01;2.6327199e-01;4.2500000e+01;2.1807086e-01;4.2500000e+01;1.8053654e-01;4.2500000e+01;1.5003535e-01;4.2500000e+01;1.1601254e-01;4.2500000e+01;7.4307390e-02;4.2500000e+01;3.1313576e-02;4.2500000e+01;-1.5058339e-02;4.2500000e+01;-6.2071435e-02;4.2500000e+01;-1.1012961e-01;4.2500000e+01;-6.5104432e-02;4.2500000e+01;-3.6816295e-02;4.2500000e+01;1.4170030e-02;4.2500000e+01;8.5149512e-02;4.2500000e+01;1.7622274e-01;4.2500000e+01;2.7089632e-01;4.2500000e+01;3.2654160e-01;4.2500000e+01;3.0589318e-01;4.2500000e+01;2.6327199e-01;4.2500000e+01;2.1807086e-01;4.2500000e+01;1.8053654e-01;4.2500000e+01;1.5003535e-01;4.2500000e+01;1.1601254e-01;4.2500000e+01;7.4307390e-02;4.2500000e+01;3.1313576e-02;4.2500000e+01;-1.5058339e-02;4.2500000e+01;-6.2071435e-02;4.2500000e+01;-1.1012961e-01;4.2500000e+01;-6.5104432e-02;4.2500000e+01;-3.6816295e-02;4.2500000e+01;1.4170030e-02;4.2500000e+01;8.5149512e-02;4.2500000e+01;1.7622274e-01;4.2500000e+01;2.7089632e-01;4.2500000e+01;3.2654160e-01;4.2500000e+01;3.0589318e-01;4.2500000e+01;2.6327199e-01;4.2500000e+01;2.1807086e-01;4.2500000e+01;1.8053654e-01;4.2500000e+01;1.5003535e-01;4.2500000e+01;1.1601254e-01;4.2500000e+01;7.4307390e-02;4.2500000e+01;3.1313576e-02;4.2500000e+01;-1.5058339e-02;4.2500000e+01;-6.2071435e-02;4.2500000e+01;-1.1012961e-01;4.2500000e+01;-6.5104432e-02;4.2500000e+01;-3.6816295e-02;4.2500000e+01;1.4170030e-02;4.2500000e+01;8.5149512e-02;4.2500000e+01;1.7622274e-01;4.2500000e+01;2.7089632e-01;4.2500000e+01;3.2654160e-01;4.2500000e+01;3.0589318e-01;4.2500000e+01;2.6327199e-01;4.2500000e+01;2.1807086e-01;4.2500000e+01;1.8053654e-01;4.2500000e+01;1.5003535e-01;4.2500000e+01;1.1601254e-01;4.2500000e+01;7.4307390e-02;4.2500000e+01;3.1313576e-02;4.2500000e+01;-1.5058339e-02;4.2500000e+01;-6.2071435e-02;4.2500000e+01;-1.1012961e-01;4.2500000e+01;-6.5104432e-02;4.2500000e+01;-3.6816295e-02;4.2500000e+01;1.4170030e-02;4.2500000e+01;8.5149512e-02;4.2500000e+01;1.7622274e-01;4.2500000e+01;2.7089632e-01;4.2500000e+01;3.2654160e-01;4.2500000e+01;3.0589318e-01;4.2500000e+01;2.6327199e-01;4.2500000e+01;2.1807086e-01;4.2500000e+01;1.8053654e-01;4.2500000e+01;1.5003535e-01;4.2500000e+01;1.1601254e-01;4.2500000e+01;7.4307390e-02;4.2500000e+01;3.1313576e-02;4.2500000e+01;-1.5058339e-02;4.2500000e+01;-6.2071435e-02;4.2500000e+01;-1.1012961e-01;4.2500000e+01;-6.5104432e-02;4.2500000e+01;-3.6816295e-02;4.2500000e+01;1.4170030e-02;4.2500000e+01;8.5149512e-02;4.2500000e+01;1.7622274e-01;4.2500000e+01;2.7089632e-01;4.2500000e+01;3.2654160e-01;4.2500000e+01;3.0589318e-01;4.2500000e+01;2.6327199e-01;4.2500000e+01;2.1807086e-01;4.2500000e+01;1.8053654e-01;4.2500000e+01;1.5003535e-01;4.2500000e+01;1.1601254e-01;4.2500000e+01;7.4307390e-02;4.2500000e+01;3.1313576e-02;4.2500000e+01;-1.5058339e-02;4.2500000e+01;-6.2071435e-02;4.2500000e+01;-1.1012961e-01;4.2500000e+01;-6.5104432e-02;4.2500000e+01;-3.6816295e-02;4.2500000e+01;1.4170030e-02;4.2500000e+01;8.5149512e-02;4.2500000e+01;1.7622274e-01;4.2500000e+01;2.7089632e-01;4.2500000e+01;3.2654160e-01;4.2500000e+01;3.0589318e-01;4.2500000e+01;2.6327199e-01;4.2500000e+01;2.1807086e-01;4.2500000e+01;1.8053654e-01;4.2500000e+01;1.5003535e-01;4.2500000e+01;1.1601254e-01;4.2500000e+01;7.4307390e-02;4.2500000e+01;3.1313576e-02;4.2500000e+01;-1.5058339e-02;4.2500000e+01;-6.2071435e-02;4.2500000e+01;-1.1012961e-01;4.2500000e+01;-6.5104432e-02;4.2500000e+01;-3.6816295e-02;4.2500000e+01;1.4170030e-02;4.2500000e+01;8.5149512e-02;4.2500000e+01;1.7622274e-01;4.2500000e+01;2.7089632e-01;4.2500000e+01;3.2654160e-01;4.2500000e+01;3.0589318e-01;4.2500000e+01;2.6327199e-01;4.2500000e+01;2.1807086e-01;4.2500000e+01;1.8053654e-01;4.2500000e+01;1.5003535e-01;4.2500000e+01;1.1601254e-01;4.2500000e+01;7.4307390e-02;4.2500000e+01;3.1313576e-02;4.2500000e+01;-1.5058339e-02;4.2500000e+01;-6.2071435e-02;4.2500000e+01;-1.1012961e-01;4.2500000e+01;-6.5104432e-02;4.2500000e+01;-3.6816295e-02;4.2500000e+01;1.4170030e-02;4.2500000e+01;8.5149512e-02;4.2500000e+01;1.7622274e-01;4.2500000e+01;2.7089632e-01;4.2500000e+01;3.2654160e-01;4.2500000e+01;3.0589318e-01;4.2500000e+01;2.6327199e-01;4.2500000e+01;2.1807086e-01;4.2500000e+01;1.8053654e-01;4.2500000e+01;1.5003535e-01;4.2500000e+01;1.1601254e-01;4.2500000e+01;7.4307390e-02;4.2500000e+01;3.1313576e-02;4.2500000e+01;-1.5058339e-02;4.2500000e+01;-6.2071435e-02;4.2500000e+01;-1.1012961e-01;4.2500000e+01;-6.5104432e-02;4.2500000e+01;-3.6816295e-02;4.2500000e+01;1.4170030e-02;4.2500000e+01;8.5149512e-02;4.2500000e+01;1.7622274e-01;4.2500000e+01;2.7089632e-01;4.2500000e+01;3.2654160e-01;4.2500000e+01;3.0589318e-01;4.2500000e+01;2.6327199e-01;4.2500000e+01;2.1807086e-01;4.2500000e+01;1.8053654e-01;4.2500000e+01;1.5003535e-01;4.2500000e+01;1.1601254e-01;4.2500000e+01;7.4307390e-02;4.2500000e+01;3.1313576e-02;4.2500000e+01;-1.5058339e-02;4.2500000e+01;-6.2071435e-02;4.2500000e+01;-1.1012961e-01;4.2500000e+01;-6.5104432e-02;4.2500000e+01;-3.6816295e-02;4.2500000e+01;1.4170030e-02;4.2500000e+01;8.5149512e-02;4.2500000e+01;1.7622274e-01;4.2500000e+01;2.7089632e-01;4.2500000e+01;3.2654160e-01;4.2500000e+01;3.0589318e-01;4.2500000e+01;2.6327199e-01;4.2500000e+01;2.1807086e-01;4.2500000e+01;1.8053654e-01;4.2500000e+01;1.5003535e-01;4.2500000e+01;1.1601254e-01;4.2500000e+01;7.4307390e-02;4.2500000e+01;3.1313576e-02;4.2500000e+01;-1.5058339e-02;4.2500000e+01;-6.2071435e-02;4.2500000e+01;-1.1012961e-01;4.2500000e+01;-6.5104432e-02;4.2500000e+01;-3.6816295e-02;4.2500000e+01;1.4170030e-02;4.2500000e+01;8.5149512e-02;4.2500000e+01;1.7622274e-01;4.2500000e+01;2.7089632e-01;4.2500000e+01;3.2654160e-01;4.2500000e+01;3.0589318e-01;4.2500000e+01;2.6327199e-01;4.2500000e+01;2.1807086e-01;4.2500000e+01;1.8053654e-01;4.2500000e+01;1.5003535e-01;4.2500000e+01;1.1601254e-01;4.2500000e+01;7.4307390e-02;4.2500000e+01;3.1313576e-02;4.2500000e+01;-1.5058339e-02;4.2500000e+01;-6.2071435e-02;4.2500000e+01;-1.1012961e-01;4.2500000e+01;-6.5104432e-02;4.2500000e+01;-3.6816295e-02;4.2500000e+01;1.4170030e-02;4.2500000e+01;8.5149512e-02;4.2500000e+01;1.7622274e-01;4.2500000e+01;2.7089632e-01;4.2500000e+01;3.2654160e-01;4.2500000e+01;3.0589318e-01;4.2500000e+01;2.6327199e-01;4.2500000e+01;2.1807086e-01;4.2500000e+01;1.8053654e-01;4.2500000e+01;1.5003535e-01;4.2500000e+01;1.1601254e-01;4.2500000e+01;7.4307390e-02;4.2500000e+01;3.1313576e-02;4.2500000e+01;-1.5058339e-02;4.2500000e+01;-6.2071435e-02;4.2500000e+01;-1.1012961e-01;4.2500000e+01;-6.5104432e-02;4.2500000e+01;-3.6816295e-02;4.2500000e+01;1.4170030e-02;4.2500000e+01;8.5149512e-02;4.2500000e+01;1.7622274e-01;4.2500000e+01;2.7089632e-01;4.2500000e+01;3.2654160e-01;4.2500000e+01;3.0589318e-01;4.2500000e+01;2.6327199e-01;4.2500000e+01;2.1807086e-01;4.2500000e+01;1.8053654e-01;4.2500000e+01;1.5003535e-01;4.2500000e+01;1.1601254e-01;4.2500000e+01;7.4307390e-02;4.2500000e+01;3.1313576e-02;4.2500000e+01;-1.5058339e-02;4.2500000e+01;-6.2071435e-02;4.2500000e+01;-1.1012961e-01;4.2500000e+01;-6.5104432e-02;4.2500000e+01;-3.6816295e-02;4.2500000e+01;1.4170030e-02;4.2500000e+01;8.5149512e-02;4.2500000e+01;1.7622274e-01;4.2500000e+01;2.7089632e-01;4.2500000e+01;3.2654160e-01;4.2500000e+01;3.0589318e-01;4.2500000e+01;2.6327199e-01;4.2500000e+01;2.1807086e-01;4.2500000e+01;1.8053654e-01;4.2500000e+01;1.5003535e-01;4.2500000e+01;1.1601254e-01;4.2500000e+01;7.4307390e-02;4.2500000e+01;3.1313576e-02;4.2500000e+01;-1.5058339e-02;4.2500000e+01;-6.2071435e-02;4.2500000e+01;-1.1012961e-01;4.2500000e+01;-6.5104432e-02;4.2500000e+01;-3.6816295e-02;4.2500000e+01;1.4170030e-02;4.2500000e+01;8.5149512e-02;4.2500000e+01;1.7622274e-01;4.2500000e+01;2.7089632e-01;4.2500000e+01;3.2654160e-01;4.2500000e+01;3.0589318e-01;4.2500000e+01;2.6327199e-01;4.2500000e+01;2.1807086e-01;4.2500000e+01;1.8053654e-01;4.2500000e+01;1.5003535e-01;4.2500000e+01;1.1601254e-01;4.2500000e+01;7.4307390e-02;4.2500000e+01;3.1313576e-02;4.2500000e+01;-1.5058339e-02;4.2500000e+01;-6.2071435e-02;4.2500000e+01;-1.1012961e-01;4.2500000e+01;-6.5104432e-02;4.2500000e+01;-3.6816295e-02;4.2500000e+01;1.4170030e-02;4.2500000e+01;8.5149512e-02;4.2500000e+01;1.7622274e-01;4.2500000e+01;2.7089632e-01;4.2500000e+01;3.2654160e-01;4.2500000e+01;3.0589318e-01;4.2500000e+01;2.6327199e-01;4.2500000e+01;2.1807086e-01;4.2500000e+01;1.8053654e-01;4.2500000e+01;1.5003535e-01;4.2500000e+01;1.1601254e-01;4.2500000e+01;7.4307390e-02;4.2500000e+01;3.1313576e-02;4.2500000e+01;-1.5058339e-02;4.2500000e+01;-6.2071435e-02;4.2500000e+01;-1.1012961e-01;4.2500000e+01;-6.5104432e-02;4.2500000e+01;-3.6816295e-02;4.2500000e+01;1.4170030e-02;4.2500000e+01;8.5149512e-02;4.2500000e+01;1.7622274e-01;4.2500000e+01;2.7089632e-01;4.2500000e+01;3.2654160e-01;4.2500000e+01;3.0589318e-01;4.2500000e+01;2.6327199e-01;4.2500000e+01;2.1807086e-01;4.2500000e+01;1.8053654e-01;4.2500000e+01;1.5003535e-01;4.2500000e+01;1.1601254e-01;4.2500000e+01;7.4307390e-02;4.2500000e+01;3.1313576e-02;4.2500000e+01;-1.5058339e-02;4.2500000e+01;-6.2071435e-02;4.2500000e+01;-1.1012961e-01;4.2500000e+01;-6.5104432e-02;4.2500000e+01;-3.6816295e-02;4.2500000e+01;1.4170030e-02;4.2500000e+01;8.5149512e-02;4.2500000e+01;1.7622274e-01;4.2500000e+01;2.7089632e-01;4.2500000e+01;3.2654160e-01;4.2500000e+01;3.0589318e-01;4.2500000e+01;2.6327199e-01;4.2500000e+01;2.1807086e-01;4.2500000e+01;1.8053654e-01;4.2500000e+01;1.5003535e-01;4.2500000e+01;1.1601254e-01;4.2500000e+01;7.4307390e-02;4.2500000e+01;3.1313576e-02;4.2500000e+01;-1.5058339e-02;4.2500000e+01;-6.2071435e-02;4.2500000e+01;-1.1012961e-01;4.2500000e+01;-6.5104432e-02;4.2500000e+01;-3.6816295e-02;4.2500000e+01;1.4170030e-02;4.2500000e+01;8.5149512e-02;4.2500000e+01;1.7622274e-01;4.2500000e+01;2.7089632e-01;4.2500000e+01;3.2654160e-01;4.2500000e+01;3.0589318e-01;4.2500000e+01;2.6327199e-01;4.2500000e+01;2.1807086e-01;4.2500000e+01;1.8053654e-01;4.2500000e+01;1.5003535e-01;4.2500000e+01;1.1601254e-01;4.2500000e+01;7.4307390e-02;4.2500000e+01;3.1313576e-02;4.2500000e+01;-1.5058339e-02;4.2500000e+01;-6.2071435e-02;4.2500000e+01;-1.1012961e-01;4.2500000e+01;-6.5104432e-02;4.2500000e+01;-3.6816295e-02;4.2500000e+01;1.4170030e-02;4.2500000e+01;8.5149512e-02;4.2500000e+01;1.7622274e-01;4.2500000e+01;2.7089632e-01;4.2500000e+01;3.2654160e-01;4.2500000e+01;3.0589318e-01;4.2500000e+01;2.6327199e-01;4.2500000e+01;2.1807086e-01;4.2500000e+01;1.8053654e-01;4.2500000e+01;1.5003535e-01;4.2500000e+01;1.1601254e-01;4.2500000e+01;7.4307390e-02;4.2500000e+01;3.1313576e-02;4.2500000e+01;-1.5058339e-02;4.2500000e+01;-6.2071435e-02;4.2500000e+01;-1.1012961e-01;4.2500000e+01;-6.5104432e-02;4.2500000e+01;-3.6816295e-02;4.2500000e+01;1.4170030e-02;4.2500000e+01;8.5149512e-02;4.2500000e+01;1.7622274e-01;4.2500000e+01;2.7089632e-01;4.2500000e+01;3.2654160e-01;4.2500000e+01;3.0589318e-01;4.2500000e+01;2.6327199e-01;4.2500000e+01;2.1807086e-01;4.2500000e+01;1.8053654e-01;4.2500000e+01;1.5003535e-01;4.2500000e+01;1.1601254e-01;4.2500000e+01;7.4307390e-02;4.2500000e+01;3.1313576e-02;4.2500000e+01;-1.5058339e-02;4.2500000e+01;-6.2071435e-02;4.2500000e+01;-1.1012961e-01;4.2500000e+01;-6.5104432e-02;4.2500000e+01;-3.6816295e-02;4.2500000e+01;1.4170030e-02;4.2500000e+01;8.5149512e-02;4.2500000e+01;1.7622274e-01;4.2500000e+01;2.7089632e-01;4.2500000e+01;3.2654160e-01;4.2500000e+01;3.0589318e-01;4.2500000e+01;2.6327199e-01;4.2500000e+01;2.1807086e-01;4.2500000e+01;1.8053654e-01;4.2500000e+01;1.5003535e-01;4.2500000e+01;1.1601254e-01;4.2500000e+01;7.4307390e-02;4.2500000e+01;3.1313576e-02;4.2500000e+01;-1.5058339e-02;4.2500000e+01;-6.2071435e-02;4.2500000e+01;-1.1012961e-01;4.2500000e+01;-6.5104432e-02;4.2500000e+01;-3.6816295e-02;4.2500000e+01;1.4170030e-02;4.2500000e+01;8.5149512e-02;4.2500000e+01;1.7622274e-01;4.2500000e+01;2.7089632e-01;4.2500000e+01;3.2654160e-01;4.2500000e+01;3.0589318e-01;4.2500000e+01;2.6327199e-01;4.2500000e+01;2.1807086e-01;4.2500000e+01;1.8053654e-01;4.2500000e+01;1.5003535e-01;4.2500000e+01;1.1601254e-01;4.2500000e+01;7.4307390e-02;4.2500000e+01;3.1313576e-02;4.2500000e+01;-1.5058339e-02;4.2500000e+01;-6.2071435e-02;4.2500000e+01;-1.1012961e-01;4.2500000e+01;-6.5104432e-02;4.2500000e+01;-3.6816295e-02;4.2500000e+01;1.4170030e-02;4.2500000e+01;8.5149512e-02;4.2500000e+01;1.7622274e-01;4.2500000e+01;2.7089632e-01;4.2500000e+01;3.2654160e-01;4.2500000e+01;3.0589318e-01;4.2500000e+01;2.6327199e-01;4.2500000e+01;2.1807086e-01;4.2500000e+01;1.8053654e-01;4.2500000e+01;1.5003535e-01;4.2500000e+01;1.1601254e-01;4.2500000e+01;7.4307390e-02;4.2500000e+01;3.1313576e-02;4.2500000e+01;-1.5058339e-02;4.2500000e+01;-6.2071435e-02;4.2500000e+01;-1.1012961e-01;4.2500000e+01;-6.5104432e-02;4.2500000e+01;-3.6816295e-02;4.2500000e+01;1.4170030e-02;4.2500000e+01;8.5149512e-02;4.2500000e+01;1.7622274e-01;4.2500000e+01;2.7089632e-01;4.2500000e+01;3.2654160e-01;4.2500000e+01;3.0589318e-01;4.2500000e+01;2.6327199e-01;4.2500000e+01;2.1807086e-01;4.2500000e+01;1.8053654e-01;4.2500000e+01;1.5003535e-01;4.2500000e+01;1.1601254e-01;4.2500000e+01;7.4307390e-02;4.2500000e+01;3.1313576e-02;4.2500000e+01;-1.5058339e-02;4.2500000e+01;-6.2071435e-02;4.2500000e+01;-1.1012961e-01;4.2500000e+01;-6.5104432e-02;4.2500000e+01;-3.6816295e-02;4.2500000e+01;1.4170030e-02;4.2500000e+01;8.5149512e-02;4.2500000e+01;1.7622274e-01;4.2500000e+01;2.7089632e-01;4.2500000e+01;3.2654160e-01;4.2500000e+01;3.0589318e-01;4.2500000e+01;2.6327199e-01;4.2500000e+01;2.1807086e-01;4.2500000e+01;1.8053654e-01;4.2500000e+01;1.5003535e-01;4.2500000e+01;1.1601254e-01;4.2500000e+01;7.4307390e-02;4.2500000e+01;3.1313576e-02;4.2500000e+01;-1.5058339e-02;4.2500000e+01;-6.2071435e-02;4.2500000e+01;-1.1012961e-01;4.2500000e+01;-6.5104432e-02;4.2500000e+01;-3.6816295e-02;4.2500000e+01;1.4170030e-02;4.2500000e+01;8.5149512e-02;4.2500000e+01;1.7622274e-01;4.2500000e+01;2.7089632e-01;4.2500000e+01;3.2654160e-01;4.2500000e+01;3.0589318e-01;4.2500000e+01;2.6327199e-01;4.2500000e+01;2.1807086e-01;4.2500000e+01;1.8053654e-01;4.2500000e+01;1.5003535e-01;4.2500000e+01;1.1601254e-01;4.2500000e+01;7.4307390e-02;4.2500000e+01;3.1313576e-02;4.2500000e+01;-1.5058339e-02;4.2500000e+01;-6.2071435e-02;4.2500000e+01;-1.1012961e-01;4.2500000e+01;-6.5104432e-02;4.2500000e+01;-3.6816295e-02;4.2500000e+01;1.4170030e-02;4.2500000e+01;8.5149512e-02;4.2500000e+01;1.7622274e-01;4.2500000e+01;2.7089632e-01;4.2500000e+01;3.2654160e-01;4.2500000e+01;3.0589318e-01;4.2500000e+01;2.6327199e-01;4.2500000e+01;2.1807086e-01;4.2500000e+01;1.8053654e-01;4.2500000e+01;1.5003535e-01;4.2500000e+01;1.1601254e-01;4.2500000e+01;7.4307390e-02;4.2500000e+01;3.1313576e-02;4.2500000e+01;-1.5058339e-02;4.2500000e+01;-6.2071435e-02;4.2500000e+01;-1.1012961e-01;4.2500000e+01;-6.5104432e-02;4.2500000e+01;-3.6816295e-02;4.2500000e+01;1.4170030e-02;4.2500000e+01;8.5149512e-02;4.2500000e+01;1.7622274e-01;4.2500000e+01;2.7089632e-01;4.2500000e+01;3.2654160e-01;4.2500000e+01;3.0589318e-01;4.2500000e+01;2.6327199e-01;4.2500000e+01;2.1807086e-01;4.2500000e+01;1.8053654e-01;4.2500000e+01;1.5003535e-01;4.2500000e+01;1.1601254e-01;4.2500000e+01;7.4307390e-02;4.2500000e+01;3.1313576e-02;4.2500000e+01;-1.5058339e-02;4.2500000e+01;-6.2071435e-02;4.2500000e+01;-1.1012961e-01;4.2500000e+01;-6.5104432e-02;4.2500000e+01;-3.6816295e-02;4.2500000e+01;1.4170030e-02;4.2500000e+01;8.5149512e-02;4.2500000e+01;1.7622274e-01;4.2500000e+01;2.7089632e-01;4.2500000e+01;3.2654160e-01;4.2500000e+01;3.0589318e-01;4.2500000e+01;2.6327199e-01;4.2500000e+01;2.1807086e-01;4.2500000e+01;1.8053654e-01;4.2500000e+01;1.5003535e-01;4.2500000e+01;1.1601254e-01;4.2500000e+01;7.4307390e-02;4.2500000e+01;3.1313576e-02;4.2500000e+01;-1.5058339e-02;4.2500000e+01;-6.2071435e-02;4.2500000e+01;-1.1012961e-01;4.2500000e+01;-6.5104432e-02;4.2500000e+01;-3.6816295e-02;4.2500000e+01;1.4170030e-02;4.2500000e+01;8.5149512e-02;4.2500000e+01;1.7622274e-01;4.2500000e+01;2.7089632e-01;4.2500000e+01;3.2654160e-01;4.2500000e+01;3.0589318e-01;4.2500000e+01;2.6327199e-01;4.2500000e+01;2.1807086e-01;4.2500000e+01;1.8053654e-01;4.2500000e+01;1.5003535e-01;4.2500000e+01;1.1601254e-01;4.2500000e+01;7.4307390e-02;4.2500000e+01;3.1313576e-02;4.2500000e+01;-1.5058339e-02;4.2500000e+01;-6.2071435e-02;4.2500000e+01;-1.1012961e-01;4.2500000e+01;-6.5104432e-02;4.2500000e+01;-3.6816295e-02;4.2500000e+01;1.4170030e-02;4.2500000e+01;8.5149512e-02;4.2500000e+01;1.7622274e-01;4.2500000e+01;2.7089632e-01;4.2500000e+01;3.2654160e-01;4.2500000e+01;3.0589318e-01;4.2500000e+01;2.6327199e-01;4.2500000e+01;2.1807086e-01;4.2500000e+01;1.8053654e-01;4.2500000e+01;1.5003535e-01;4.2500000e+01;1.1601254e-01;4.2500000e+01;7.4307390e-02;4.2500000e+01;3.1313576e-02;4.2500000e+01;-1.5058339e-02;4.2500000e+01;-6.2071435e-02;4.2500000e+01;-1.1012961e-01;4.2500000e+01;-6.5104432e-02;4.2500000e+01;-3.6816295e-02;4.2500000e+01;1.4170030e-02;4.2500000e+01;8.5149512e-02;4.2500000e+01;1.7622274e-01;4.2500000e+01;2.7089632e-01;4.2500000e+01;3.2654160e-01;4.2500000e+01;3.0589318e-01;4.2500000e+01;2.6327199e-01;4.2500000e+01;2.1807086e-01;4.2500000e+01;1.8053654e-01;4.2500000e+01;1.5003535e-01;4.2500000e+01;1.1601254e-01;4.2500000e+01;7.4307390e-02;4.2500000e+01;3.1313576e-02;4.2500000e+01;-1.5058339e-02;4.2500000e+01;-6.2071435e-02;4.2500000e+01;-1.1012961e-01;4.2500000e+01;-6.5104432e-02;4.2500000e+01;-3.6816295e-02;4.2500000e+01;1.4170030e-02;4.2500000e+01;8.5149512e-02;4.2500000e+01;1.7622274e-01;4.2500000e+01;2.7089632e-01;4.2500000e+01;3.2654160e-01;4.2500000e+01;3.0589318e-01;4.2500000e+01;2.6327199e-01;4.2500000e+01;2.1807086e-01;4.2500000e+01;1.8053654e-01;4.2500000e+01;1.5003535e-01;4.2500000e+01;1.1601254e-01;4.2500000e+01;7.4307390e-02;4.2500000e+01;3.1313576e-02;4.2500000e+01;-1.5058339e-02;4.2500000e+01;-6.2071435e-02;4.2500000e+01;-1.1012961e-01;4.2500000e+01;-6.5104432e-02;4.2500000e+01;-3.6816295e-02;4.2500000e+01;1.4170030e-02;4.2500000e+01;8.5149512e-02;4.2500000e+01;1.7622274e-01;4.2500000e+01;2.7089632e-01;4.2500000e+01;3.2654160e-01;4.2500000e+01;3.0589318e-01;4.2500000e+01;2.6327199e-01;4.2500000e+01;2.1807086e-01;4.2500000e+01;1.8053654e-01;4.2500000e+01;1.5003535e-01;4.2500000e+01;1.1601254e-01;4.2500000e+01;7.4307390e-02;4.2500000e+01;3.1313576e-02;4.2500000e+01;-1.5058339e-02;4.2500000e+01;-6.2071435e-02;4.2500000e+01;-1.1012961e-01;4.2500000e+01;-6.5104432e-02;4.2500000e+01;-3.6816295e-02;4.2500000e+01;1.4170030e-02;4.2500000e+01;8.5149512e-02;4.2500000e+01;1.7622274e-01;4.2500000e+01;2.7089632e-01;4.2500000e+01;3.2654160e-01;4.2500000e+01;3.0589318e-01;4.2500000e+01;2.6327199e-01;4.2500000e+01;2.1807086e-01;4.2500000e+01;1.8053654e-01;4.2500000e+01;1.5003535e-01;4.2500000e+01;1.1601254e-01;4.2500000e+01;7.4307390e-02;4.2500000e+01;3.1313576e-02;4.2500000e+01;-1.5058339e-02;4.2500000e+01;-6.2071435e-02;4.2500000e+01;-1.1012961e-01;4.2500000e+01;-6.5104432e-02;4.2500000e+01;-3.6816295e-02;4.2500000e+01;1.4170030e-02;4.2500000e+01;8.5149512e-02;4.2500000e+01;1.7622274e-01;4.2500000e+01;2.7089632e-01;4.2500000e+01;3.2654160e-01;4.2500000e+01;3.0589318e-01;4.2500000e+01;2.6327199e-01;4.2500000e+01;2.1807086e-01;4.2500000e+01;1.8053654e-01;4.2500000e+01;1.5003535e-01;4.2500000e+01;1.1601254e-01;4.2500000e+01;7.4307390e-02;4.2500000e+01;3.1313576e-02;4.2500000e+01;-1.5058339e-02;4.2500000e+01;-6.2071435e-02;4.2500000e+01;-1.1012961e-01;4.2500000e+01;-6.5104432e-02;4.2500000e+01;-3.6816295e-02;4.2500000e+01;1.4170030e-02;4.2500000e+01;8.5149512e-02;4.2500000e+01;1.7622274e-01;4.2500000e+01;2.7089632e-01;4.2500000e+01;3.2654160e-01;4.2500000e+01;3.0589318e-01;4.2500000e+01;2.6327199e-01;4.2500000e+01;2.1807086e-01;4.2500000e+01;1.8053654e-01;4.2500000e+01;1.5003535e-01;4.2500000e+01;1.1601254e-01;4.2500000e+01;7.4307390e-02;4.2500000e+01;3.1313576e-02;4.2500000e+01;-1.5058339e-02;4.2500000e+01;-6.2071435e-02;4.2500000e+01;-1.1012961e-01;4.2500000e+01;-6.5104432e-02;4.2500000e+01;-3.6816295e-02;4.2500000e+01;1.4170030e-02;4.2500000e+01;8.5149512e-02;4.2500000e+01;1.7622274e-01;4.2500000e+01;2.7089632e-01;4.2500000e+01;3.2654160e-01;4.2500000e+01;3.0589318e-01;4.2500000e+01;2.6327199e-01;4.2500000e+01;2.1807086e-01;4.2500000e+01;1.8053654e-01;4.2500000e+01;1.5003535e-01;4.2500000e+01;1.1601254e-01;4.2500000e+01;7.4307390e-02;4.2500000e+01;3.1313576e-02;4.2500000e+01;-1.5058339e-02;4.2500000e+01;-6.2071435e-02;4.2500000e+01;-1.1012961e-01;4.2500000e+01;-6.5104432e-02;4.2500000e+01;-3.6816295e-02;4.2500000e+01;1.4170030e-02;4.2500000e+01;8.5149512e-02;4.2500000e+01;1.7622274e-01;4.2500000e+01;2.7089632e-01;4.2500000e+01;3.2654160e-01;4.2500000e+01;3.0589318e-01;4.2500000e+01;2.6327199e-01;4.2500000e+01;2.1807086e-01;4.2500000e+01;1.8053654e-01;4.2500000e+01;1.5003535e-01;4.2500000e+01;1.1601254e-01;4.2500000e+01;7.4307390e-02;4.2500000e+01;3.1313576e-02;4.2500000e+01;-1.5058339e-02;4.2500000e+01;-6.2071435e-02;4.2500000e+01;-1.1012961e-01;4.2500000e+01;-6.5104432e-02;4.2500000e+01;-3.6816295e-02;4.2500000e+01;1.4170030e-02;4.2500000e+01;8.5149512e-02;4.2500000e+01;1.7622274e-01;4.2500000e+01;2.7089632e-01;4.2500000e+01;3.2654160e-01;4.2500000e+01;3.0589318e-01;4.2500000e+01;2.6327199e-01;4.2500000e+01;2.1807086e-01;4.2500000e+01;1.8053654e-01;4.2500000e+01;1.5003535e-01;4.2500000e+01;1.1601254e-01;4.2500000e+01;7.4307390e-02;4.2500000e+01;3.1313576e-02;4.2500000e+01;-1.5058339e-02;4.2500000e+01;-6.2071435e-02;4.2500000e+01;-1.1012961e-01;4.2500000e+01;-6.5104432e-02;4.2500000e+01;-3.6816295e-02;4.2500000e+01;1.4170030e-02;4.2500000e+01;8.5149512e-02;4.2500000e+01;1.7622274e-01;4.2500000e+01;2.7089632e-01;4.2500000e+01;3.2654160e-01;4.2500000e+01;3.0589318e-01;4.2500000e+01;2.6327199e-01;4.2500000e+01;2.1807086e-01;4.2500000e+01;1.8053654e-01;4.2500000e+01;1.5003535e-01;4.2500000e+01;1.1601254e-01;4.2500000e+01;7.4307390e-02;4.2500000e+01;3.1313576e-02;4.2500000e+01;-1.5058339e-02;4.2500000e+01;-6.2071435e-02;4.2500000e+01;-1.1012961e-01;4.2500000e+01;-6.5104432e-02;4.2500000e+01;-3.6816295e-02;4.2500000e+01;1.4170030e-02;4.2500000e+01;8.5149512e-02;4.2500000e+01;1.7622274e-01;4.2500000e+01;2.7089632e-01;4.2500000e+01;3.2654160e-01;4.2500000e+01;3.0589318e-01;4.2500000e+01;2.6327199e-01;4.2500000e+01;2.1807086e-01;4.2500000e+01;1.8053654e-01;4.2500000e+01;1.5003535e-01;4.2500000e+01;1.1601254e-01;4.2500000e+01;7.4307390e-02;4.2500000e+01;3.1313576e-02;4.2500000e+01;-1.5058339e-02;4.2500000e+01;-6.2071435e-02;4.2500000e+01;-1.1012961e-01;4.2500000e+01;-6.5104432e-02;4.2500000e+01;-3.6816295e-02;4.2500000e+01;1.4170030e-02;4.2500000e+01;8.5149512e-02;4.2500000e+01;1.7622274e-01;4.2500000e+01;2.7089632e-01;4.2500000e+01;3.2654160e-01;4.2500000e+01;3.0589318e-01;4.2500000e+01;2.6327199e-01;4.2500000e+01;2.1807086e-01;4.2500000e+01;1.8053654e-01;4.2500000e+01;1.5003535e-01;4.2500000e+01;1.1601254e-01;4.2500000e+01;7.4307390e-02;4.2500000e+01;3.1313576e-02;4.2500000e+01;-1.5058339e-02;4.2500000e+01;-6.2071435e-02;4.2500000e+01;-1.1012961e-01;4.2500000e+01;-6.5104432e-02;4.2500000e+01;-3.6816295e-02;4.2500000e+01;1.4170030e-02;4.2500000e+01;8.5149512e-02;4.2500000e+01;1.7622274e-01;4.2500000e+01;2.7089632e-01;4.2500000e+01;3.2654160e-01;4.2500000e+01;3.0589318e-01;4.2500000e+01;2.6327199e-01;4.2500000e+01;2.1807086e-01;4.2500000e+01;1.8053654e-01;4.2500000e+01;1.5003535e-01;4.2500000e+01;1.1601254e-01;4.2500000e+01;7.4307390e-02;4.2500000e+01;3.1313576e-02;4.2500000e+01;-1.5058339e-02;4.2500000e+01;-6.2071435e-02;4.2500000e+01;-1.1012961e-01
4.7500000e+01;-6.4081691e-02;4.7500000e+01;-3.0952394e-02;4.7500000e+01;2.5688455e-02;4.7500000e+01;1.0284849e-01;4.7500000e+01;1.9884029e-01;4.7500000e+01;2.9453349e-01;4.7500000e+01;3.4412503e-01;4.7500000e+01;3.2594436e-01;4.7500000e+01;2.8804606e-01;4.7500000e+01;2.3744309e-01;4.7500000e+01;1.8784730e-01;4.7500000e+01;1.5160400e-01;4.7500000e+01;1.1536735e-01;4.7500000e+01;7.3622569e-02;4.7500000e+01;2.9563531e-02;4.7500000e+01;-1.6002893e-02;4.7500000e+01;-6.3044496e-02;4.7500000e+01;-1.1209681e-01;4.7500000e+01;-6.4081691e-02;4.7500000e+01;-3.0952394e-02;4.7500000e+01;2.5688455e-02;4.7500000e+01;1.0284849e-01;4.7500000e+01;1.9884029e-01;4.7500000e+01;2.9453349e-01;4.7500000e+01;3.4412503e-01;4.7500000e+01;3.2594436e-01;4.7500000e+01;2.8804606e-01;4.7500000e+01;2.3744309e-01;4.7500000e+01;1.8784730e-01;4.7500000e+01;1.5160400e-01;4.7500000e+01;1.1536735e-01;4.7500000e+01;7.3622569e-02;4.7500000e+01;2.9563531e-02;4.7500000e+01;-1.6002893e-02;4.7500000e+01;-6.3044496e-02;4.7500000e+01;-1.1209681e-01;4.7500000e+01;-6.4081691e-02;4.7500000e+01;-3.0952394e-02;4.7500000e+01;2.5688455e-02;4.7500000e+01;1.0284849e-01;4.7500000e+01;1.9884029e-01;4.7500000e+01;2.9453349e-01;4.7500000e+01;3.4412503e-01;4.7500000e+01;3.2594436e-01;4.7500000e+01;2.8804606e-01;4.7500000e+01;2.3744309e-01;4.7500000e+01;1.8784730e-01;4.7500000e+01;1.5160400e-01;4.7500000e+01;1.1536735e-01;4.7500000e+01;7.3622569e-02;4.7500000e+01;2.9563531e-02;4.7500000e+01;-1.6002893e-02;4.7500000e+01;-6.3044496e-02;4.7500000e+01;-1.1209681e-01;4.7500000e+01;-6.4081691e-02;4.7500000e+01;-3.0952394e-02;4.7500000e+01;2.5688455e-02;4.7500000e+01;1.0284849e-01;4.7500000e+01;1.9884029e-01;4.7500000e+01;2.9453349e-01;4.7500000e+01;3.4412503e-01;4.7500000e+01;3.2594436e-01;4.7500000e+01;2.8804606e-01;4.7500000e+01;2.3744309e-01;4.7500000e+01;1.8784730e-01;4.7500000e+01;1.5160400e-01;4.7500000e+01;1.1536735e-01;4.7500000e+01;7.3622569e-02;4.7500000e+01;2.9563531e-02;4.7500000e+01;-1.6002893e-02;4.7500000e+01;-6.3044496e-02;4.7500000e+01;-1.1209681e-01;4.7500000e+01;-6.4081691e-02;4.7500000e+01;-3.0952394e-02;4.7500000e+01;2.5688455e-02;4.7500000e+01;1.0284849e-01;4.7500000e+01;1.9884029e-01;4.7500000e+01;2.9453349e-01;4.7500000e+01;3.4412503e-01;4.7500000e+01;3.2594436e-01;4.7500000e+01;2.8804606e-01;4.7500000e+01;2.3744309e-01;4.7500000e+01;1.8784730e-01;4.7500000e+01;1.5160400e-01;4.7500000e+01;1.1536735e-01;4.7500000e+01;7.3622569e-02;4.7500000e+01;2.9563531e-02;4.7500000e+01;-1.6002893e-02;4.7500000e+01;-6.3044496e-02;4.7500000e+01;-1.1209681e-01;4.7500000e+01;-6.4081691e-02;4.7500000e+01;-3.0952394e-02;4.7500000e+01;2.5688455e-02;4.7500000e+01;1.0284849e-01;4.7500000e+01;1.9884029e-01;4.7500000e+01;2.9453349e-01;4.7500000e+01;3.4412503e-01;4.7500000e+01;3.2594436e-01;4.7500000e+01;2.8804606e-01;4.7500000e+01;2.3744309e-01;4.7500000e+01;1.8784730e-01;4.7500000e+01;1.5160400e-01;4.7500000e+01;1.1536735e-01;4.7500000e+01;7.3622569e-02;4.7500000e+01;2.9563531e-02;4.7500000e+01;-1.6002893e-02;4.7500000e+01;-6.3044496e-02;4.7500000e+01;-1.1209681e-01;4.7500000e+01;-6.4081691e-02;4.7500000e+01;-3.0952394e-02;4.7500000e+01;2.5688455e-02;4.7500000e+01;1.0284849e-01;4.7500000e+01;1.9884029e-01;4.7500000e+01;2.9453349e-01;4.7500000e+01;3.4412503e-01;4.7500000e+01;3.2594436e-01;4.7500000e+01;2.8804606e-01;4.7500000e+01;2.3744309e-01;4.7500000e+01;1.8784730e-01;4.7500000e+01;1.5160400e-01;4.7500000e+01;1.1536735e-01;4.7500000e+01;7.3622569e-02;4.7500000e+01;2.9563531e-02;4.7500000e+01;-1.6002893e-02;4.7500000e+01;-6.3044496e-02;4.7500000e+01;-1.1209681e-01;4.7500000e+01;-6.4081691e-02;4.7500000e+01;-3.0952394e-02;4.7500000e+01;2.5688455e-02;4.7500000e+01;1.0284849e-01;4.7500000e+01;1.9884029e-01;4.7500000e+01;2.9453349e-01;4.7500000e+01;3.4412503e-01;4.7500000e+01;3.2594436e-01;4.7500000e+01;2.8804606e-01;4.7500000e+01;2.3744309e-01;4.7500000e+01;1.8784730e-01;4.7500000e+01;1.5160400e-01;4.7500000e+01;1.1536735e-01;4.7500000e+01;7.3622569e-02;4.7500000e+01;2.9563531e-02;4.7500000e+01;-1.6002893e-02;4.7500000e+01;-6.3044496e-02;4.7500000e+01;-1.1209681e-01;4.7500000e+01;-6.4081691e-02;4.7500000e+01;-3.0952394e-02;4.7500000e+01;2.5688455e-02;4.7500000e+01;1.0284849e-01;4.7500000e+01;1.9884029e-01;4.7500000e+01;2.9453349e-01;4.7500000e+01;3.4412503e-01;4.7500000e+01;3.2594436e-01;4.7500000e+01;2.8804606e-01;4.7500000e+01;2.3744309e-01;4.7500000e+01;1.8784730e-01;4.7500000e+01;1.5160400e-01;4.7500000e+01;1.1536735e-01;4.7500000e+01;7.3622569e-02;4.7500000e+01;2.9563531e-02;4.7500000e+01;-1.6002893e-02;4.7500000e+01;-6.3044496e-02;4.7500000e+01;-1.1209681e-01;4.7500000e+01;-6.4081691e-02;4.7500000e+01;-3.0952394e-02;4.7500000e+01;2.5688455e-02;4.7500000e+01;1.0284849e-01;4.7500000e+01;1.9884029e-01;4.7500000e+01;2.9453349e-01;4.7500000e+01;3.4412503e-01;4.7500000e+01;3.2594436e-01;4.7500000e+01;2.8804606e-01;4.7500000e+01;2.3744309e-01;4.7500000e+01;1.8784730e-01;4.7500000e+01;1.5160400e-01;4.7500000e+01;1.1536735e-01;4.7500000e+01;7.3622569e-02;4.7500000e+01;2.9563531e-02;4.7500000e+01;-1.6002893e-02;4.7500000e+01;-6.3044496e-02;4.7500000e+01;-1.1209681e-01;4.7500000e+01;-6.4081691e-02;4.7500000e+01;-3.0952394e-02;4.7500000e+01;2.5688455e-02;4.7500000e+01;1.0284849e-01;4.7500000e+01;1.9884029e-01;4.7500000e+01;2.9453349e-01;4.7500000e+01;3.4412503e-01;4.7500000e+01;3.2594436e-01;4.7500000e+01;2.8804606e-01;4.7500000e+01;2.3744309e-01;4.7500000e+01;1.8784730e-01;4.7500000e+01;1.5160400e-01;4.7500000e+01;1.1536735e-01;4.7500000e+01;7.3622569e-02;4.7500000e+01;2.9563531e-02;4.7500000e+01;-1.6002893e-02;4.7500000e+01;-6.3044496e-02;4.7500000e+01;-1.1209681e-01;4.7500000e+01;-6.4081691e-02;4.7500000e+01;-3.0952394e-02;4.7500000e+01;2.5688455e-02;4.7500000e+01;1.0284849e-01;4.7500000e+01;1.9884029e-01;4.7500000e+01;2.9453349e-01;4.7500000e+01;3.4412503e-01;4.7500000e+01;3.2594436e-01;4.7500000e+01;2.8804606e-01;4.7500000e+01;2.3744309e-01;4.7500000e+01;1.8784730e-01;4.7500000e+01;1.5160400e-01;4.7500000e+01;1.1536735e-01;4.7500000e+01;7.3622569e-02;4.7500000e+01;2.9563531e-02;4.7500000e+01;-1.6002893e-02;4.7500000e+01;-6.3044496e-02;4.7500000e+01;-1.1209681e-01;4.7500000e+01;-6.4081691e-02;4.7500000e+01;-3.0952394e-02;4.7500000e+01;2.5688455e-02;4.7500000e+01;1.0284849e-01;4.7500000e+01;1.9884029e-01;4.7500000e+01;2.9453349e-01;4.7500000e+01;3.4412503e-01;4.7500000e+01;3.2594436e-01;4.7500000e+01;2.8804606e-01;4.7500000e+01;2.3744309e-01;4.7500000e+01;1.8784730e-01;4.7500000e+01;1.5160400e-01;4.7500000e+01;1.1536735e-01;4.7500000e+01;7.3622569e-02;4.7500000e+01;2.9563531e-02;4.7500000e+01;-1.6002893e-02;4.7500000e+01;-6.3044496e-02;4.7500000e+01;-1.1209681e-01;4.7500000e+01;-6.4081691e-02;4.7500000e+01;-3.0952394e-02;4.7500000e+01;2.5688455e-02;4.7500000e+01;1.0284849e-01;4.7500000e+01;1.9884029e-01;4.7500000e+01;2.9453349e-01;4.7500000e+01;3.4412503e-01;4.7500000e+01;3.2594436e-01;4.7500000e+01;2.8804606e-01;4.7500000e+01;2.3744309e-01;4.7500000e+01;1.8784730e-01;4.7500000e+01;1.5160400e-01;4.7500000e+01;1.1536735e-01;4.7500000e+01;7.3622569e-02;4.7500000e+01;2.9563531e-02;4.7500000e+01;-1.6002893e-02;4.7500000e+01;-6.3044496e-02;4.7500000e+01;-1.1209681e-01;4.7500000e+01;-6.4081691e-02;4.7500000e+01;-3.0952394e-02;4.7500000e+01;2.5688455e-02;4.7500000e+01;1.0284849e-01;4.7500000e+01;1.9884029e-01;4.7500000e+01;2.9453349e-01;4.7500000e+01;3.4412503e-01;4.7500000e+01;3.2594436e-01;4.7500000e+01;2.8804606e-01;4.7500000e+01;2.3744309e-01;4.7500000e+01;1.8784730e-01;4.7500000e+01;1.5160400e-01;4.7500000e+01;1.1536735e-01;4.7500000e+01;7.3622569e-02;4.7500000e+01;2.9563531e-02;4.7500000e+01;-1.6002893e-02;4.7500000e+01;-6.3044496e-02;4.7500000e+01;-1.1209681e-01;4.7500000e+01;-6.4081691e-02;4.7500000e+01;-3.0952394e-02;4.7500000e+01;2.5688455e-02;4.7500000e+01;1.0284849e-01;4.7500000e+01;1.9884029e-01;4.7500000e+01;2.9453349e-01;4.7500000e+01;3.4412503e-01;4.7500000e+01;3.2594436e-01;4.7500000e+01;2.8804606e-01;4.7500000e+01;2.3744309e-01;4.7500000e+01;1.8784730e-01;4.7500000e+01;1.5160400e-01;4.7500000e+01;1.1536735e-01;4.7500000e+01;7.3622569e-02;4.7500000e+01;2.9563531e-02;4.7500000e+01;-1.6002893e-02;4.7500000e+01;-6.3044496e-02;4.7500000e+01;-1.1209681e-01;4.7500000e+01;-6.4081691e-02;4.7500000e+01;-3.0952394e-02;4.7500000e+01;2.5688455e-02;4.7500000e+01;1.0284849e-01;4.7500000e+01;1.9884029e-01;4.7500000e+01;2.9453349e-01;4.7500000e+01;3.4412503e-01;4.7500000e+01;3.2594436e-01;4.7500000e+01;2.8804606e-01;4.7500000e+01;2.3744309e-01;4.7500000e+01;1.8784730e-01;4.7500000e+01;1.5160400e-01;4.7500000e+01;1.1536735e-01;4.7500000e+01;7.3622569e-02;4.7500000e+01;2.9563531e-02;4.7500000e+01;-1.6002893e-02;4.7500000e+01;-6.3044496e-02;4.7500000e+01;-1.1209681e-01;4.7500000e+01;-6.4081691e-02;4.7500000e+01;-3.0952394e-02;4.7500000e+01;2.5688455e-02;4.7500000e+01;1.0284849e-01;4.7500000e+01;1.9884029e-01;4.7500000e+01;2.9453349e-01;4.7500000e+01;3.4412503e-01;4.7500000e+01;3.2594436e-01;4.7500000e+01;2.8804606e-01;4.7500000e+01;2.3744309e-01;4.7500000e+01;1.8784730e-01;4.7500000e+01;1.5160400e-01;4.7500000e+01;1.1536735e-01;4.7500000e+01;7.3622569e-02;4.7500000e+01;2.9563531e-02;4.7500000e+01;-1.6002893e-02;4.7500000e+01;-6.3044496e-02;4.7500000e+01;-1.1209681e-01;4.7500000e+01;-6.4081691e-02;4.7500000e+01;-3.0952394e-02;4.7500000e+01;2.5688455e-02;4.7500000e+01;1.0284849e-01;4.7500000e+01;1.9884029e-01;4.7500000e+01;2.9453349e-01;4.7500000e+01;3.4412503e-01;4.7500000e+01;3.2594436e-01;4.7500000e+01;2.8804606e-01;4.7500000e+01;2.3744309e-01;4.7500000e+01;1.8784730e-01;4.7500000e+01;1.5160400e-01;4.7500000e+01;1.1536735e-01;4.7500000e+01;7.3622569e-02;4.7500000e+01;2.9563531e-02;4.7500000e+01;-1.6002893e-02;4.7500000e+01;-6.3044496e-02;4.7500000e+01;-1.1209681e-01;4.7500000e+01;-6.4081691e-02;4.7500000e+01;-3.0952394e-02;4.7500000e+01;2.5688455e-02;4.7500000e+01;1.0284849e-01;4.7500000e+01;1.9884029e-01;4.7500000e+01;2.9453349e-01;4.7500000e+01;3.4412503e-01;4.7500000e+01;3.2594436e-01;4.7500000e+01;2.8804606e-01;4.7500000e+01;2.3744309e-01;4.7500000e+01;1.8784730e-01;4.7500000e+01;1.5160400e-01;4.7500000e+01;1.1536735e-01;4.7500000e+01;7.3622569e-02;4.7500000e+01;2.9563531e-02;4.7500000e+01;-1.6002893e-02;4.7500000e+01;-6.3044496e-02;4.7500000e+01;-1.1209681e-01;4.7500000e+01;-6.4081691e-02;4.7500000e+01;-3.0952394e-02;4.7500000e+01;2.5688455e-02;4.7500000e+01;1.0284849e-01;4.7500000e+01;1.9884029e-01;4.7500000e+01;2.9453349e-01;4.7500000e+01;3.4412503e-01;4.7500000e+01;3.2594436e-01;4.7500000e+01;2.8804606e-01;4.7500000e+01;2.3744309e-01;4.7500000e+01;1.8784730e-01;4.7500000e+01;1.5160400e-01;4.7500000e+01;1.1536735e-01;4.7500000e+01;7.3622569e-02;4.7500000e+01;2.9563531e-02;4.7500000e+01;-1.6002893e-02;4.7500000e+01;-6.3044496e-02;4.7500000e+01;-1.1209681e-01;4.7500000e+01;-6.4081691e-02;4.7500000e+01;-3.0952394e-02;4.7500000e+01;2.5688455e-02;4.7500000e+01;1.0284849e-01;4.7500000e+01;1.9884029e-01;4.7500000e+01;2.9453349e-01;4.7500000e+01;3.4412503e-01;4.7500000e+01;3.2594436e-01;4.7500000e+01;2.8804606e-01;4.7500000e+01;2.3744309e-01;4.7500000e+01;1.8784730e-01;4.7500000e+01;1.5160400e-01;4.7500000e+01;1.1536735e-01;4.7500000e+01;7.3622569e-02;4.7500000e+01;2.9563531e-02;4.7500000e+01;-1.6002893e-02;4.7500000e+01;-6.3044496e-02;4.7500000e+01;-1.1209681e-01;4.7500000e+01;-6.4081691e-02;4.7500000e+01;-3.0952394e-02;4.7500000e+01;2.5688455e-02;4.7500000e+01;1.0284849e-01;4.7500000e+01;1.9884029e-01;4.7500000e+01;2.9453349e-01;4.7500000e+01;3.4412503e-01;4.7500000e+01;3.2594436e-01;4.7500000e+01;2.8804606e-01;4.7500000e+01;2.3744309e-01;4.7500000e+01;1.8784730e-01;4.7500000e+01;1.5160400e-01;4.7500000e+01;1.1536735e-01;4.7500000e+01;7.3622569e-02;4.7500000e+01;2.9563531e-02;4.7500000e+01;-1.6002893e-02;4.7500000e+01;-6.3044496e-02;4.7500000e+01;-1.1209681e-01;4.7500000e+01;-6.4081691e-02;4.7500000e+01;-3.0952394e-02;4.7500000e+01;2.5688455e-02;4.7500000e+01;1.0284849e-01;4.7500000e+01;1.9884029e-01;4.7500000e+01;2.9453349e-01;4.7500000e+01;3.4412503e-01;4.7500000e+01;3.2594436e-01;4.7500000e+01;2.8804606e-01;4.7500000e+01;2.3744309e-01;4.7500000e+01;1.8784730e-01;4.7500000e+01;1.5160400e-01;4.7500000e+01;1.1536735e-01;4.7500000e+01;7.3622569e-02;4.7500000e+01;2.9563531e-02;4.7500000e+01;-1.6002893e-02;4.7500000e+01;-6.3044496e-02;4.7500000e+01;-1.1209681e-01;4.7500000e+01;-6.4081691e-02;4.7500000e+01;-3.0952394e-02;4.7500000e+01;2.5688455e-02;4.7500000e+01;1.0284849e-01;4.7500000e+01;1.9884029e-01;4.7500000e+01;2.9453349e-01;4.7500000e+01;3.4412503e-01;4.7500000e+01;3.2594436e-01;4.7500000e+01;2.8804606e-01;4.7500000e+01;2.3744309e-01;4.7500000e+01;1.8784730e-01;4.7500000e+01;1.5160400e-01;4.7500000e+01;1.1536735e-01;4.7500000e+01;7.3622569e-02;4.7500000e+01;2.9563531e-02;4.7500000e+01;-1.6002893e-02;4.7500000e+01;-6.3044496e-02;4.7500000e+01;-1.1209681e-01;4.7500000e+01;-6.4081691e-02;4.7500000e+01;-3.0952394e-02;4.7500000e+01;2.5688455e-02;4.7500000e+01;1.0284849e-01;4.7500000e+01;1.9884029e-01;4.7500000e+01;2.9453349e-01;4.7500000e+01;3.4412503e-01;4.7500000e+01;3.2594436e-01;4.7500000e+01;2.8804606e-01;4.7500000e+01;2.3744309e-01;4.7500000e+01;1.8784730e-01;4.7500000e+01;1.5160400e-01;4.7500000e+01;1.1536735e-01;4.7500000e+01;7.3622569e-02;4.7500000e+01;2.9563531e-02;4.7500000e+01;-1.6002893e-02;4.7500000e+01;-6.3044496e-02;4.7500000e+01;-1.1209681e-01;4.7500000e+01;-6.4081691e-02;4.7500000e+01;-3.0952394e-02;4.7500000e+01;2.5688455e-02;4.7500000e+01;1.0284849e-01;4.7500000e+01;1.9884029e-01;4.7500000e+01;2.9453349e-01;4.7500000e+01;3.4412503e-01;4.7500000e+01;3.2594436e-01;4.7500000e+01;2.8804606e-01;4.7500000e+01;2.3744309e-01;4.7500000e+01;1.8784730e-01;4.7500000e+01;1.5160400e-01;4.7500000e+01;1.1536735e-01;4.7500000e+01;7.3622569e-02;4.7500000e+01;2.9563531e-02;4.7500000e+01;-1.6002893e-02;4.7500000e+01;-6.3044496e-02;4.7500000e+01;-1.1209681e-01;4.7500000e+01;-6.4081691e-02;4.7500000e+01;-3.0952394e-02;4.7500000e+01;2.5688455e-02;4.7500000e+01;1.0284849e-01;4.7500000e+01;1.9884029e-01;4.7500000e+01;2.9453349e-01;4.7500000e+01;3.4412503e-01;4.7500000e+01;3.2594436e-01;4.7500000e+01;2.8804606e-01;4.7500000e+01;2.3744309e-01;4.7500000e+01;1.8784730e-01;4.7500000e+01;1.5160400e-01;4.7500000e+01;1.1536735e-01;4.7500000e+01;7.3622569e-02;4.7500000e+01;2.9563531e-02;4.7500000e+01;-1.6002893e-02;4.7500000e+01;-6.3044496e-02;4.7500000e+01;-1.1209681e-01;4.7500000e+01;-6.4081691e-02;4.7500000e+01;-3.0952394e-02;4.7500000e+01;2.5688455e-02;4.7500000e+01;1.0284849e-01;4.7500000e+01;1.9884029e-01;4.7500000e+01;2.9453349e-01;4.7500000e+01;3.4412503e-01;4.7500000e+01;3.2594436e-01;4.7500000e+01;2.8804606e-01;4.7500000e+01;2.3744309e-01;4.7500000e+01;1.8784730e-01;4.7500000e+01;1.5160400e-01;4.7500000e+01;1.1536735e-01;4.7500000e+01;7.3622569e-02;4.7500000e+01;2.9563531e-02;4.7500000e+01;-1.6002893e-02;4.7500000e+01;-6.3044496e-02;4.7500000e+01;-1.1209681e-01;4.7500000e+01;-6.4081691e-02;4.7500000e+01;-3.0952394e-02;4.7500000e+01;2.5688455e-02;4.7500000e+01;1.0284849e-01;4.7500000e+01;1.9884029e-01;4.7500000e+01;2.9453349e-01;4.7500000e+01;3.4412503e-01;4.7500000e+01;3.2594436e-01;4.7500000e+01;2.8804606e-01;4.7500000e+01;2.3744309e-01;4.7500000e+01;1.8784730e-01;4.7500000e+01;1.5160400e-01;4.7500000e+01;1.1536735e-01;4.7500000e+01;7.3622569e-02;4.7500000e+01;2.9563531e-02;4.7500000e+01;-1.6002893e-02;4.7500000e+01;-6.3044496e-02;4.7500000e+01;-1.1209681e-01;4.7500000e+01;-6.4081691e-02;4.7500000e+01;-3.0952394e-02;4.7500000e+01;2.5688455e-02;4.7500000e+01;1.0284849e-01;4.7500000e+01;1.9884029e-01;4.7500000e+01;2.9453349e-01;4.7500000e+01;3.4412503e-01;4.7500000e+01;3.2594436e-01;4.7500000e+01;2.8804606e-01;4.7500000e+01;2.3744309e-01;4.7500000e+01;1.8784730e-01;4.7500000e+01;1.5160400e-01;4.7500000e+01;1.1536735e-01;4.7500000e+01;7.3622569e-02;4.7500000e+01;2.9563531e-02;4.7500000e+01;-1.6002893e-02;4.7500000e+01;-6.3044496e-02;4.7500000e+01;-1.1209681e-01;4.7500000e+01;-6.4081691e-02;4.7500000e+01;-3.0952394e-02;4.7500000e+01;2.5688455e-02;4.7500000e+01;1.0284849e-01;4.7500000e+01;1.9884029e-01;4.7500000e+01;2.9453349e-01;4.7500000e+01;3.4412503e-01;4.7500000e+01;3.2594436e-01;4.7500000e+01;2.8804606e-01;4.7500000e+01;2.3744309e-01;4.7500000e+01;1.8784730e-01;4.7500000e+01;1.5160400e-01;4.7500000e+01;1.1536735e-01;4.7500000e+01;7.3622569e-02;4.7500000e+01;2.9563531e-02;4.7500000e+01;-1.6002893e-02;4.7500000e+01;-6.3044496e-02;4.7500000e+01;-1.1209681e-01;4.7500000e+01;-6.4081691e-02;4.7500000e+01;-3.0952394e-02;4.7500000e+01;2.5688455e-02;4.7500000e+01;1.0284849e-01;4.7500000e+01;1.9884029e-01;4.7500000e+01;2.9453349e-01;4.7500000e+01;3.4412503e-01;4.7500000e+01;3.2594436e-01;4.7500000e+01;2.8804606e-01;4.7500000e+01;2.3744309e-01;4.7500000e+01;1.8784730e-01;4.7500000e+01;1.5160400e-01;4.7500000e+01;1.1536735e-01;4.7500000e+01;7.3622569e-02;4.7500000e+01;2.9563531e-02;4.7500000e+01;-1.6002893e-02;4.7500000e+01;-6.3044496e-02;4.7500000e+01;-1.1209681e-01;4.7500000e+01;-6.4081691e-02;4.7500000e+01;-3.0952394e-02;4.7500000e+01;2.5688455e-02;4.7500000e+01;1.0284849e-01;4.7500000e+01;1.9884029e-01;4.7500000e+01;2.9453349e-01;4.7500000e+01;3.4412503e-01;4.7500000e+01;3.2594436e-01;4.7500000e+01;2.8804606e-01;4.7500000e+01;2.3744309e-01;4.7500000e+01;1.8784730e-01;4.7500000e+01;1.5160400e-01;4.7500000e+01;1.1536735e-01;4.7500000e+01;7.3622569e-02;4.7500000e+01;2.9563531e-02;4.7500000e+01;-1.6002893e-02;4.7500000e+01;-6.3044496e-02;4.7500000e+01;-1.1209681e-01;4.7500000e+01;-6.4081691e-02;4.7500000e+01;-3.0952394e-02;4.7500000e+01;2.5688455e-02;4.7500000e+01;1.0284849e-01;4.7500000e+01;1.9884029e-01;4.7500000e+01;2.9453349e-01;4.7500000e+01;3.4412503e-01;4.7500000e+01;3.2594436e-01;4.7500000e+01;2.8804606e-01;4.7500000e+01;2.3744309e-01;4.7500000e+01;1.8784730e-01;4.7500000e+01;1.5160400e-01;4.7500000e+01;1.1536735e-01;4.7500000e+01;7.3622569e-02;4.7500000e+01;2.9563531e-02;4.7500000e+01;-1.6002893e-02;4.7500000e+01;-6.3044496e-02;4.7500000e+01;-1.1209681e-01;4.7500000e+01;-6.4081691e-02;4.7500000e+01;-3.0952394e-02;4.7500000e+01;2.5688455e-02;4.7500000e+01;1.0284849e-01;4.7500000e+01;1.9884029e-01;4.7500000e+01;2.9453349e-01;4.7500000e+01;3.4412503e-01;4.7500000e+01;3.2594436e-01;4.7500000e+01;2.8804606e-01;4.7500000e+01;2.3744309e-01;4.7500000e+01;1.8784730e-01;4.7500000e+01;1.5160400e-01;4.7500000e+01;1.1536735e-01;4.7500000e+01;7.3622569e-02;4.7500000e+01;2.9563531e-02;4.7500000e+01;-1.6002893e-02;4.7500000e+01;-6.3044496e-02;4.7500000e+01;-1.1209681e-01;4.7500000e+01;-6.4081691e-02;4.7500000e+01;-3.0952394e-02;4.7500000e+01;2.5688455e-02;4.7500000e+01;1.0284849e-01;4.7500000e+01;1.9884029e-01;4.7500000e+01;2.9453349e-01;4.7500000e+01;3.4412503e-01;4.7500000e+01;3.2594436e-01;4.7500000e+01;2.8804606e-01;4.7500000e+01;2.3744309e-01;4.7500000e+01;1.8784730e-01;4.7500000e+01;1.5160400e-01;4.7500000e+01;1.1536735e-01;4.7500000e+01;7.3622569e-02;4.7500000e+01;2.9563531e-02;4.7500000e+01;-1.6002893e-02;4.7500000e+01;-6.3044496e-02;4.7500000e+01;-1.1209681e-01;4.7500000e+01;-6.4081691e-02;4.7500000e+01;-3.0952394e-02;4.7500000e+01;2.5688455e-02;4.7500000e+01;1.0284849e-01;4.7500000e+01;1.9884029e-01;4.7500000e+01;2.9453349e-01;4.7500000e+01;3.4412503e-01;4.7500000e+01;3.2594436e-01;4.7500000e+01;2.8804606e-01;4.7500000e+01;2.3744309e-01;4.7500000e+01;1.8784730e-01;4.7500000e+01;1.5160400e-01;4.7500000e+01;1.1536735e-01;4.7500000e+01;7.3622569e-02;4.7500000e+01;2.9563531e-02;4.7500000e+01;-1.6002893e-02;4.7500000e+01;-6.3044496e-02;4.7500000e+01;-1.1209681e-01;4.7500000e+01;-6.4081691e-02;4.7500000e+01;-3.0952394e-02;4.7500000e+01;2.5688455e-02;4.7500000e+01;1.0284849e-01;4.7500000e+01;1.9884029e-01;4.7500000e+01;2.9453349e-01;4.7500000e+01;3.4412503e-01;4.7500000e+01;3.2594436e-01;4.7500000e+01;2.8804606e-01;4.7500000e+01;2.3744309e-01;4.7500000e+01;1.8784730e-01;4.7500000e+01;1.5160400e-01;4.7500000e+01;1.1536735e-01;4.7500000e+01;7.3622569e-02;4.7500000e+01;2.9563531e-02;4.7500000e+01;-1.6002893e-02;4.7500000e+01;-6.3044496e-02;4.7500000e+01;-1.1209681e-01;4.7500000e+01;-6.4081691e-02;4.7500000e+01;-3.0952394e-02;4.7500000e+01;2.5688455e-02;4.7500000e+01;1.0284849e-01;4.7500000e+01;1.9884029e-01;4.7500000e+01;2.9453349e-01;4.7500000e+01;3.4412503e-01;4.7500000e+01;3.2594436e-01;4.7500000e+01;2.8804606e-01;4.7500000e+01;2.3744309e-01;4.7500000e+01;1.8784730e-01;4.7500000e+01;1.5160400e-01;4.7500000e+01;1.1536735e-01;4.7500000e+01;7.3622569e-02;4.7500000e+01;2.9563531e-02;4.7500000e+01;-1.6002893e-02;4.7500000e+01;-6.3044496e-02;4.7500000e+01;-1.1209681e-01;4.7500000e+01;-6.4081691e-02;4.7500000e+01;-3.0952394e-02;4.7500000e+01;2.5688455e-02;4.7500000e+01;1.0284849e-01;4.7500000e+01;1.9884029e-01;4.7500000e+01;2.9453349e-01;4.7500000e+01;3.4412503e-01;4.7500000e+01;3.2594436e-01;4.7500000e+01;2.8804606e-01;4.7500000e+01;2.3744309e-01;4.7500000e+01;1.8784730e-01;4.7500000e+01;1.5160400e-01;4.7500000e+01;1.1536735e-01;4.7500000e+01;7.3622569e-02;4.7500000e+01;2.9563531e-02;4.7500000e+01;-1.6002893e-02;4.7500000e+01;-6.3044496e-02;4.7500000e+01;-1.1209681e-01;4.7500000e+01;-6.4081691e-02;4.7500000e+01;-3.0952394e-02;4.7500000e+01;2.5688455e-02;4.7500000e+01;1.0284849e-01;4.7500000e+01;1.9884029e-01;4.7500000e+01;2.9453349e-01;4.7500000e+01;3.4412503e-01;4.7500000e+01;3.2594436e-01;4.7500000e+01;2.8804606e-01;4.7500000e+01;2.3744309e-01;4.7500000e+01;1.8784730e-01;4.7500000e+01;1.5160400e-01;4.7500000e+01;1.1536735e-01;4.7500000e+01;7.3622569e-02;4.7500000e+01;2.9563531e-02;4.7500000e+01;-1.6002893e-02;4.7500000e+01;-6.3044496e-02;4.7500000e+01;-1.1209681e-01;4.7500000e+01;-6.4081691e-02;4.7500000e+01;-3.0952394e-02;4.7500000e+01;2.5688455e-02;4.7500000e+01;1.0284849e-01;4.7500000e+01;1.9884029e-01;4.7500000e+01;2.9453349e-01;4.7500000e+01;3.4412503e-01;4.7500000e+01;3.2594436e-01;4.7500000e+01;2.8804606e-01;4.7500000e+01;2.3744309e-01;4.7500000e+01;1.8784730e-01;4.7500000e+01;1.5160400e-01;4.7500000e+01;1.1536735e-01;4.7500000e+01;7.3622569e-02;4.7500000e+01;2.9563531e-02;4.7500000e+01;-1.6002893e-02;4.7500000e+01;-6.3044496e-02;4.7500000e+01;-1.1209681e-01;4.7500000e+01;-6.4081691e-02;4.7500000e+01;-3.0952394e-02;4.7500000e+01;2.5688455e-02;4.7500000e+01;1.0284849e-01;4.7500000e+01;1.9884029e-01;4.7500000e+01;2.9453349e-01;4.7500000e+01;3.4412503e-01;4.7500000e+01;3.2594436e-01;4.7500000e+01;2.8804606e-01;4.7500000e+01;2.3744309e-01;4.7500000e+01;1.8784730e-01;4.7500000e+01;1.5160400e-01;4.7500000e+01;1.1536735e-01;4.7500000e+01;7.3622569e-02;4.7500000e+01;2.9563531e-02;4.7500000e+01;-1.6002893e-02;4.7500000e+01;-6.3044496e-02;4.7500000e+01;-1.1209681e-01;4.7500000e+01;-6.4081691e-02;4.7500000e+01;-3.0952394e-02;4.7500000e+01;2.5688455e-02;4.7500000e+01;1.0284849e-01;4.7500000e+01;1.9884029e-01;4.7500000e+01;2.9453349e-01;4.7500000e+01;3.4412503e-01;4.7500000e+01;3.2594436e-01;4.7500000e+01;2.8804606e-01;4.7500000e+01;2.3744309e-01;4.7500000e+01;1.8784730e-01;4.7500000e+01;1.5160400e-01;4.7500000e+01;1.1536735e-01;4.7500000e+01;7.3622569e-02;4.7500000e+01;2.9563531e-02;4.7500000e+01;-1.6002893e-02;4.7500000e+01;-6.3044496e-02;4.7500000e+01;-1.1209681e-01;4.7500000e+01;-6.4081691e-02;4.7500000e+01;-3.0952394e-02;4.7500000e+01;2.5688455e-02;4.7500000e+01;1.0284849e-01;4.7500000e+01;1.9884029e-01;4.7500000e+01;2.9453349e-01;4.7500000e+01;3.4412503e-01;4.7500000e+01;3.2594436e-01;4.7500000e+01;2.8804606e-01;4.7500000e+01;2.3744309e-01;4.7500000e+01;1.8784730e-01;4.7500000e+01;1.5160400e-01;4.7500000e+01;1.1536735e-01;4.7500000e+01;7.3622569e-02;4.7500000e+01;2.9563531e-02;4.7500000e+01;-1.6002893e-02;4.7500000e+01;-6.3044496e-02;4.7500000e+01;-1.1209681e-01;4.7500000e+01;-6.4081691e-02;4.7500000e+01;-3.0952394e-02;4.7500000e+01;2.5688455e-02;4.7500000e+01;1.0284849e-01;4.7500000e+01;1.9884029e-01;4.7500000e+01;2.9453349e-01;4.7500000e+01;3.4412503e-01;4.7500000e+01;3.2594436e-01;4.7500000e+01;2.8804606e-01;4.7500000e+01;2.3744309e-01;4.7500000e+01;1.8784730e-01;4.7500000e+01;1.5160400e-01;4.7500000e+01;1.1536735e-01;4.7500000e+01;7.3622569e-02;4.7500000e+01;2.9563531e-02;4.7500000e+01;-1.6002893e-02;4.7500000e+01;-6.3044496e-02;4.7500000e+01;-1.1209681e-01;4.7500000e+01;-6.4081691e-02;4.7500000e+01;-3.0952394e-02;4.7500000e+01;2.5688455e-02;4.7500000e+01;1.0284849e-01;4.7500000e+01;1.9884029e-01;4.7500000e+01;2.9453349e-01;4.7500000e+01;3.4412503e-01;4.7500000e+01;3.2594436e-01;4.7500000e+01;2.8804606e-01;4.7500000e+01;2.3744309e-01;4.7500000e+01;1.8784730e-01;4.7500000e+01;1.5160400e-01;4.7500000e+01;1.1536735e-01;4.7500000e+01;7.3622569e-02;4.7500000e+01;2.9563531e-02;4.7500000e+01;-1.6002893e-02;4.7500000e+01;-6.3044496e-02;4.7500000e+01;-1.1209681e-01;4.7500000e+01;-6.4081691e-02;4.7500000e+01;-3.0952394e-02;4.7500000e+01;2.5688455e-02;4.7500000e+01;1.0284849e-01;4.7500000e+01;1.9884029e-01;4.7500000e+01;2.9453349e-01;4.7500000e+01;3.4412503e-01;4.7500000e+01;3.2594436e-01;4.7500000e+01;2.8804606e-01;4.7500000e+01;2.3744309e-01;4.7500000e+01;1.8784730e-01;4.7500000e+01;1.5160400e-01;4.7500000e+01;1.1536735e-01;4.7500000e+01;7.3622569e-02;4.7500000e+01;2.9563531e-02;4.7500000e+01;-1.6002893e-02;4.7500000e+01;-6.3044496e-02;4.7500000e+01;-1.1209681e-01;4.7500000e+01;-6.4081691e-02;4.7500000e+01;-3.0952394e-02;4.7500000e+01;2.5688455e-02;4.7500000e+01;1.0284849e-01;4.7500000e+01;1.9884029e-01;4.7500000e+01;2.9453349e-01;4.7500000e+01;3.4412503e-01;4.7500000e+01;3.2594436e-01;4.7500000e+01;2.8804606e-01;4.7500000e+01;2.3744309e-01;4.7500000e+01;1.8784730e-01;4.7500000e+01;1.5160400e-01;4.7500000e+01;1.1536735e-01;4.7500000e+01;7.3622569e-02;4.7500000e+01;2.9563531e-02;4.7500000e+01;-1.6002893e-02;4.7500000e+01;-6.3044496e-02;4.7500000e+01;-1.1209681e-01;4.7500000e+01;-6.4081691e-02;4.7500000e+01;-3.0952394e-02;4.7500000e+01;2.5688455e-02;4.7500000e+01;1.0284849e-01;4.7500000e+01;1.9884029e-01;4.7500000e+01;2.9453349e-01;4.7500000e+01;3.4412503e-01;4.7500000e+01;3.2594436e-01;4.7500000e+01;2.8804606e-01;4.7500000e+01;2.3744309e-01;4.7500000e+01;1.8784730e-01;4.7500000e+01;1.5160400e-01;4.7500000e+01;1.1536735e-01;4.7500000e+01;7.3622569e-02;4.7500000e+01;2.9563531e-02;4.7500000e+01;-1.6002893e-02;4.7500000e+01;-6.3044496e-02;4.7500000e+01;-1.1209681e-01;4.7500000e+01;-6.4081691e-02;4.7500000e+01;-3.0952394e-02;4.7500000e+01;2.5688455e-02;4.7500000e+01;1.0284849e-01;4.7500000e+01;1.9884029e-01;4.7500000e+01;2.9453349e-01;4.7500000e+01;3.4412503e-01;4.7500000e+01;3.2594436e-01;4.7500000e+01;2.8804606e-01;4.7500000e+01;2.3744309e-01;4.7500000e+01;1.8784730e-01;4.7500000e+01;1.5160400e-01;4.7500000e+01;1.1536735e-01;4.7500000e+01;7.3622569e-02;4.7500000e+01;2.9563531e-02;4.7500000e+01;-1.6002893e-02;4.7500000e+01;-6.3044496e-02;4.7500000e+01;-1.1209681e-01;4.7500000e+01;-6.4081691e-02;4.7500000e+01;-3.0952394e-02;4.7500000e+01;2.5688455e-02;4.7500000e+01;1.0284849e-01;4.7500000e+01;1.9884029e-01;4.7500000e+01;2.9453349e-01;4.7500000e+01;3.4412503e-01;4.7500000e+01;3.2594436e-01;4.7500000e+01;2.8804606e-01;4.7500000e+01;2.3744309e-01;4.7500000e+01;1.8784730e-01;4.7500000e+01;1.5160400e-01;4.7500000e+01;1.1536735e-01;4.7500000e+01;7.3622569e-02;4.7500000e+01;2.9563531e-02;4.7500000e+01;-1.6002893e-02;4.7500000e+01;-6.3044496e-02;4.7500000e+01;-1.1209681e-01;4.7500000e+01;-6.4081691e-02;4.7500000e+01;-3.0952394e-02;4.7500000e+01;2.5688455e-02;4.7500000e+01;1.0284849e-01;4.7500000e+01;1.9884029e-01;4.7500000e+01;2.9453349e-01;4.7500000e+01;3.4412503e-01;4.7500000e+01;3.2594436e-01;4.7500000e+01;2.8804606e-01;4.7500000e+01;2.3744309e-01;4.7500000e+01;1.8784730e-01;4.7500000e+01;1.5160400e-01;4.7500000e+01;1.1536735e-01;4.7500000e+01;7.3622569e-02;4.7500000e+01;2.9563531e-02;4.7500000e+01;-1.6002893e-02;4.7500000e+01;-6.3044496e-02;4.7500000e+01;-1.1209681e-01;4.7500000e+01;-6.4081691e-02;4.7500000e+01;-3.0952394e-02;4.7500000e+01;2.5688455e-02;4.7500000e+01;1.0284849e-01;4.7500000e+01;1.9884029e-01;4.7500000e+01;2.9453349e-01;4.7500000e+01;3.4412503e-01;4.7500000e+01;3.2594436e-01;4.7500000e+01;2.8804606e-01;4.7500000e+01;2.3744309e-01;4.7500000e+01;1.8784730e-01;4.7500000e+01;1.5160400e-01;4.7500000e+01;1.1536735e-01;4.7500000e+01;7.3622569e-02;4.7500000e+01;2.9563531e-02;4.7500000e+01;-1.6002893e-02;4.7500000e+01;-6.3044496e-02;4.7500000e+01;-1.1209681e-01;4.7500000e+01;-6.4081691e-02;4.7500000e+01;-3.0952394e-02;4.7500000e+01;2.5688455e-02;4.7500000e+01;1.0284849e-01;4.7500000e+01;1.9884029e-01;4.7500000e+01;2.9453349e-01;4.7500000e+01;3.4412503e-01;4.7500000e+01;3.2594436e-01;4.7500000e+01;2.8804606e-01;4.7500000e+01;2.3744309e-01;4.7500000e+01;1.8784730e-01;4.7500000e+01;1.5160400e-01;4.7500000e+01;1.1536735e-01;4.7500000e+01;7.3622569e-02;4.7500000e+01;2.9563531e-02;4.7500000e+01;-1.6002893e-02;4.7500000e+01;-6.3044496e-02;4.7500000e+01;-1.1209681e-01;4.7500000e+01;-6.4081691e-02;4.7500000e+01;-3.0952394e-02;4.7500000e+01;2.5688455e-02;4.7500000e+01;1.0284849e-01;4.7500000e+01;1.9884029e-01;4.7500000e+01;2.9453349e-01;4.7500000e+01;3.4412503e-01;4.7500000e+01;3.2594436e-01;4.7500000e+01;2.8804606e-01;4.7500000e+01;2.3744309e-01;4.7500000e+01;1.8784730e-01;4.7500000e+01;1.5160400e-01;4.7500000e+01;1.1536735e-01;4.7500000e+01;7.3622569e-02;4.7500000e+01;2.9563531e-02;4.7500000e+01;-1.6002893e-02;4.7500000e+01;-6.3044496e-02;4.7500000e+01;-1.1209681e-01;4.7500000e+01;-6.4081691e-02;4.7500000e+01;-3.0952394e-02;4.7500000e+01;2.5688455e-02;4.7500000e+01;1.0284849e-01;4.7500000e+01;1.9884029e-01;4.7500000e+01;2.9453349e-01;4.7500000e+01;3.4412503e-01;4.7500000e+01;3.2594436e-01;4.7500000e+01;2.8804606e-01;4.7500000e+01;2.3744309e-01;4.7500000e+01;1.8784730e-01;4.7500000e+01;1.5160400e-01;4.7500000e+01;1.1536735e-01;4.7500000e+01;7.3622569e-02;4.7500000e+01;2.9563531e-02;4.7500000e+01;-1.6002893e-02;4.7500000e+01;-6.3044496e-02;4.7500000e+01;-1.1209681e-01;4.7500000e+01;-6.4081691e-02;4.7500000e+01;-3.0952394e-02;4.7500000e+01;2.5688455e-02;4.7500000e+01;1.0284849e-01;4.7500000e+01;1.9884029e-01;4.7500000e+01;2.9453349e-01;4.7500000e+01;3.4412503e-01;4.7500000e+01;3.2594436e-01;4.7500000e+01;2.8804606e-01;4.7500000e+01;2.3744309e-01;4.7500000e+01;1.8784730e-01;4.7500000e+01;1.5160400e-01;4.7500000e+01;1.1536735e-01;4.7500000e+01;7.3622569e-02;4.7500000e+01;2.9563531e-02;4.7500000e+01;-1.6002893e-02;4.7500000e+01;-6.3044496e-02;4.7500000e+01;-1.1209681e-01;4.7500000e+01;-6.4081691e-02;4.7500000e+01;-3.0952394e-02;4.7500000e+01;2.5688455e-02;4.7500000e+01;1.0284849e-01;4.7500000e+01;1.9884029e-01;4.7500000e+01;2.9453349e-01;4.7500000e+01;3.4412503e-01;4.7500000e+01;3.2594436e-01;4.7500000e+01;2.8804606e-01;4.7500000e+01;2.3744309e-01;4.7500000e+01;1.8784730e-01;4.7500000e+01;1.5160400e-01;4.7500000e+01;1.1536735e-01;4.7500000e+01;7.3622569e-02;4.7500000e+01;2.9563531e-02;4.7500000e+01;-1.6002893e-02;4.7500000e+01;-6.3044496e-02;4.7500000e+01;-1.1209681e-01;4.7500000e+01;-6.4081691e-02;4.7500000e+01;-3.0952394e-02;4.7500000e+01;2.5688455e-02;4.7500000e+01;1.0284849e-01;4.7500000e+01;1.9884029e-01;4.7500000e+01;2.9453349e-01;4.7500000e+01;3.4412503e-01;4.7500000e+01;3.2594436e-01;4.7500000e+01;2.8804606e-01;4.7500000e+01;2.3744309e-01;4.7500000e+01;1.8784730e-01;4.7500000e+01;1.5160400e-01;4.7500000e+01;1.1536735e-01;4.7500000e+01;7.3622569e-02;4.7500000e+01;2.9563531e-02;4.7500000e+01;-1.6002893e-02;4.7500000e+01;-6.3044496e-02;4.7500000e+01;-1.1209681e-01;4.7500000e+01;-6.4081691e-02;4.7500000e+01;-3.0952394e-02;4.7500000e+01;2.5688455e-02;4.7500000e+01;1.0284849e-01;4.7500000e+01;1.9884029e-01;4.7500000e+01;2.9453349e-01;4.7500000e+01;3.4412503e-01;4.7500000e+01;3.2594436e-01;4.7500000e+01;2.8804606e-01;4.7500000e+01;2.3744309e-01;4.7500000e+01;1.8784730e-01;4.7500000e+01;1.5160400e-01;4.7500000e+01;1.1536735e-01;4.7500000e+01;7.3622569e-02;4.7500000e+01;2.9563531e-02;4.7500000e+01;-1.6002893e-02;4.7500000e+01;-6.3044496e-02;4.7500000e+01;-1.1209681e-01;4.7500000e+01;-6.4081691e-02;4.7500000e+01;-3.0952394e-02;4.7500000e+01;2.5688455e-02;4.7500000e+01;1.0284849e-01;4.7500000e+01;1.9884029e-01;4.7500000e+01;2.9453349e-01;4.7500000e+01;3.4412503e-01;4.7500000e+01;3.2594436e-01;4.7500000e+01;2.8804606e-01;4.7500000e+01;2.3744309e-01;4.7500000e+01;1.8784730e-01;4.7500000e+01;1.5160400e-01;4.7500000e+01;1.1536735e-01;4.7500000e+01;7.3622569e-02;4.7500000e+01;2.9563531e-02;4.7500000e+01;-1.6002893e-02;4.7500000e+01;-6.3044496e-02;4.7500000e+01;-1.1209681e-01;4.7500000e+01;-6.4081691e-02;4.7500000e+01;-3.0952394e-02;4.7500000e+01;2.5688455e-02;4.7500000e+01;1.0284849e-01;4.7500000e+01;1.9884029e-01;4.7500000e+01;2.9453349e-01;4.7500000e+01;3.4412503e-01;4.7500000e+01;3.2594436e-01;4.7500000e+01;2.8804606e-01;4.7500000e+01;2.3744309e-01;4.7500000e+01;1.8784730e-01;4.7500000e+01;1.5160400e-01;4.7500000e+01;1.1536735e-01;4.7500000e+01;7.3622569e-02;4.7500000e+01;2.9563531e-02;4.7500000e+01;-1.6002893e-02;4.7500000e+01;-6.3044496e-02;4.7500000e+01;-1.1209681e-01;4.7500000e+01;-6.4081691e-02;4.7500000e+01;-3.0952394e-02;4.7500000e+01;2.5688455e-02;4.7500000e+01;1.0284849e-01;4.7500000e+01;1.9884029e-01;4.7500000e+01;2.9453349e-01;4.7500000e+01;3.4412503e-01;4.7500000e+01;3.2594436e-01;4.7500000e+01;2.8804606e-01;4.7500000e+01;2.3744309e-01;4.7500000e+01;1.8784730e-01;4.7500000e+01;1.5160400e-01;4.7500000e+01;1.1536735e-01;4.7500000e+01;7.3622569e-02;4.7500000e+01;2.9563531e-02;4.7500000e+01;-1.6002893e-02;4.7500000e+01;-6.3044496e-02;4.7500000e+01;-1.1209681e-01;4.7500000e+01;-6.4081691e-02;4.7500000e+01;-3.0952394e-02;4.7500000e+01;2.5688455e-02;4.7500000e+01;1.0284849e-01;4.7500000e+01;1.9884029e-01;4.7500000e+01;2.9453349e-01;4.7500000e+01;3.4412503e-01;4.7500000e+01;3.2594436e-01;4.7500000e+01;2.8804606e-01;4.7500000e+01;2.3744309e-01;4.7500000e+01;1.8784730e-01;4.7500000e+01;1.5160400e-01;4.7500000e+01;1.1536735e-01;4.7500000e+01;7.3622569e-02;4.7500000e+01;2.9563531e-02;4.7500000e+01;-1.6002893e-02;4.7500000e+01;-6.3044496e-02;4.7500000e+01;-1.1209681e-01;4.7500000e+01;-6.4081691e-02;4.7500000e+01;-3.0952394e-02;4.7500000e+01;2.5688455e-02;4.7500000e+01;1.0284849e-01;4.7500000e+01;1.9884029e-01;4.7500000e+01;2.9453349e-01;4.7500000e+01;3.4412503e-01;4.7500000e+01;3.2594436e-01;4.7500000e+01;2.8804606e-01;4.7500000e+01;2.3744309e-01;4.7500000e+01;1.8784730e-01;4.7500000e+01;1.5160400e-01;4.7500000e+01;1.1536735e-01;4.7500000e+01;7.3622569e-02;4.7500000e+01;2.9563531e-02;4.7500000e+01;-1.6002893e-02;4.7500000e+01;-6.3044496e-02;4.7500000e+01;-1.1209681e-01;4.7500000e+01;-6.4081691e-02;4.7500000e+01;-3.0952394e-02;4.7500000e+01;2.5688455e-02;4.7500000e+01;1.0284849e-01;4.7500000e+01;1.9884029e-01;4.7500000e+01;2.9453349e-01;4.7500000e+01;3.4412503e-01;4.7500000e+01;3.2594436e-01;4.7500000e+01;2.8804606e-01;4.7500000e+01;2.3744309e-01;4.7500000e+01;1.8784730e-01;4.7500000e+01;1.5160400e-01;4.7500000e+01;1.1536735e-01;4.7500000e+01;7.3622569e-02;4.7500000e+01;2.9563531e-02;4.7500000e+01;-1.6002893e-02;4.7500000e+01;-6.3044496e-02;4.7500000e+01;-1.1209681e-01;4.7500000e+01;-6.4081691e-02;4.7500000e+01;-3.0952394e-02;4.7500000e+01;2.5688455e-02;4.7500000e+01;1.0284849e-01;4.7500000e+01;1.9884029e-01;4.7500000e+01;2.9453349e-01;4.7500000e+01;3.4412503e-01;4.7500000e+01;3.2594436e-01;4.7500000e+01;2.8804606e-01;4.7500000e+01;2.3744309e-01;4.7500000e+01;1.8784730e-01;4.7500000e+01;1.5160400e-01;4.7500000e+01;1.1536735e-01;4.7500000e+01;7.3622569e-02;4.7500000e+01;2.9563531e-02;4.7500000e+01;-1.6002893e-02;4.7500000e+01;-6.3044496e-02;4.7500000e+01;-1.1209681e-01;4.7500000e+01;-6.4081691e-02;4.7500000e+01;-3.0952394e-02;4.7500000e+01;2.5688455e-02;4.7500000e+01;1.0284849e-01;4.7500000e+01;1.9884029e-01;4.7500000e+01;2.9453349e-01;4.7500000e+01;3.4412503e-01;4.7500000e+01;3.2594436e-01;4.7500000e+01;2.8804606e-01;4.7500000e+01;2.3744309e-01;4.7500000e+01;1.8784730e-01;4.7500000e+01;1.5160400e-01;4.7500000e+01;1.1536735e-01;4.7500000e+01;7.3622569e-02;4.7500000e+01;2.9563531e-02;4.7500000e+01;-1.6002893e-02;4.7500000e+01;-6.3044496e-02;4.7500000e+01;-1.1209681e-01;4.7500000e+01;-6.4081691e-02;4.7500000e+01;-3.0952394e-02;4.7500000e+01;2.5688455e-02;4.7500000e+01;1.0284849e-01;4.7500000e+01;1.9884029e-01;4.7500000e+01;2.9453349e-01;4.7500000e+01;3.4412503e-01;4.7500000e+01;3.2594436e-01;4.7500000e+01;2.8804606e-01;4.7500000e+01;2.3744309e-01;4.7500000e+01;1.8784730e-01;4.7500000e+01;1.5160400e-01;4.7500000e+01;1.1536735e-01;4.7500000e+01;7.3622569e-02;4.7500000e+01;2.9563531e-02;4.7500000e+01;-1.6002893e-02;4.7500000e+01;-6.3044496e-02;4.7500000e+01;-1.1209681e-01;4.7500000e+01;-6.4081691e-02;4.7500000e+01;-3.0952394e-02;4.7500000e+01;2.5688455e-02;4.7500000e+01;1.0284849e-01;4.7500000e+01;1.9884029e-01;4.7500000e+01;2.9453349e-01;4.7500000e+01;3.4412503e-01;4.7500000e+01;3.2594436e-01;4.7500000e+01;2.8804606e-01;4.7500000e+01;2.3744309e-01;4.7500000e+01;1.8784730e-01;4.7500000e+01;1.5160400e-01;4.7500000e+01;1.1536735e-01;4.7500000e+01;7.3622569e-02;4.7500000e+01;2.9563531e-02;4.7500000e+01;-1.6002893e-02;4.7500000e+01;-6.3044496e-02;4.7500000e+01;-1.1209681e-01;4.7500000e+01;-6.4081691e-02;4.7500000e+01;-3.0952394e-02;4.7500000e+01;2.5688455e-02;4.7500000e+01;1.0284849e-01;4.7500000e+01;1.9884029e-01;4.7500000e+01;2.9453349e-01;4.7500000e+01;3.4412503e-01;4.7500000e+01;3.2594436e-01;4.7500000e+01;2.8804606e-01;4.7500000e+01;2.3744309e-01;4.7500000e+01;1.8784730e-01;4.7500000e+01;1.5160400e-01;4.7500000e+01;1.1536735e-01;4.7500000e+01;7.3622569e-02;4.7500000e+01;2.9563531e-02;4.7500000e+01;-1.6002893e-02;4.7500000e+01;-6.3044496e-02;4.7500000e+01;-1.1209681e-01;4.7500000e+01;-6.4081691e-02;4.7500000e+01;-3.0952394e-02;4.7500000e+01;2.5688455e-02;4.7500000e+01;1.0284849e-01;4.7500000e+01;1.9884029e-01;4.7500000e+01;2.9453349e-01;4.7500000e+01;3.4412503e-01;4.7500000e+01;3.2594436e-01;4.7500000e+01;2.8804606e-01;4.7500000e+01;2.3744309e-01;4.7500000e+01;1.8784730e-01;4.7500000e+01;1.5160400e-01;4.7500000e+01;1.1536735e-01;4.7500000e+01;7.3622569e-02;4.7500000e+01;2.9563531e-02;4.7500000e+01;-1.6002893e-02;4.7500000e+01;-6.3044496e-02;4.7500000e+01;-1.1209681e-01;4.7500000e+01;-6.4081691e-02;4.7500000e+01;-3.0952394e-02;4.7500000e+01;2.5688455e-02;4.7500000e+01;1.0284849e-01;4.7500000e+01;1.9884029e-01;4.7500000e+01;2.9453349e-01;4.7500000e+01;3.4412503e-01;4.7500000e+01;3.2594436e-01;4.7500000e+01;2.8804606e-01;4.7500000e+01;2.3744309e-01;4.7500000e+01;1.8784730e-01;4.7500000e+01;1.5160400e-01;4.7500000e+01;1.1536735e-01;4.7500000e+01;7.3622569e-02;4.7500000e+01;2.9563531e-02;4.7500000e+01;-1.6002893e-02;4.7500000e+01;-6.3044496e-02;4.7500000e+01;-1.1209681e-01;4.7500000e+01;-6.4081691e-02;4.7500000e+01;-3.0952394e-02;4.7500000e+01;2.5688455e-02;4.7500000e+01;1.0284849e-01;4.7500000e+01;1.9884029e-01;4.7500000e+01;2.9453349e-01;4.7500000e+01;3.4412503e-01;4.7500000e+01;3.2594436e-01;4.7500000e+01;2.8804606e-01;4.7500000e+01;2.3744309e-01;4.7500000e+01;1.8784730e-01;4.7500000e+01;1.5160400e-01;4.7500000e+01;1.1536735e-01;4.7500000e+01;7.3622569e-02;4.7500000e+01;2.9563531e-02;4.7500000e+01;-1.6002893e-02;4.7500000e+01;-6.3044496e-02;4.7500000e+01;-1.1209681e-01;4.7500000e+01;-6.4081691e-02;4.7500000e+01;-3.0952394e-02;4.7500000e+01;2.5688455e-02;4.7500000e+01;1.0284849e-01;4.7500000e+01;1.9884029e-01;4.7500000e+01;2.9453349e-01;4.7500000e+01;3.4412503e-01;4.7500000e+01;3.2594436e-01;4.7500000e+01;2.8804606e-01;4.7500000e+01;2.3744309e-01;4.7500000e+01;1.8784730e-01;4.7500000e+01;1.5160400e-01;4.7500000e+01;1.1536735e-01;4.7500000e+01;7.3622569e-02;4.7500000e+01;2.9563531e-02;4.7500000e+01;-1.6002893e-02;4.7500000e+01;-6.3044496e-02;4.7500000e+01;-1.1209681e-01;4.7500000e+01;-6.4081691e-02;4.7500000e+01;-3.0952394e-02;4.7500000e+01;2.5688455e-02;4.7500000e+01;1.0284849e-01;4.7500000e+01;1.9884029e-01;4.7500000e+01;2.9453349e-01;4.7500000e+01;3.4412503e-01;4.7500000e+01;3.2594436e-01;4.7500000e+01;2.8804606e-01;4.7500000e+01;2.3744309e-01;4.7500000e+01;1.8784730e-01;4.7500000e+01;1.5160400e-01;4.7500000e+01;1.1536735e-01;4.7500000e+01;7.3622569e-02;4.7500000e+01;2.9563531e-02;4.7500000e+01;-1.6002893e-02;4.7500000e+01;-6.3044496e-02;4.7500000e+01;-1.1209681e-01;4.7500000e+01;-6.4081691e-02;4.7500000e+01;-3.0952394e-02;4.7500000e+01;2.5688455e-02;4.7500000e+01;1.0284849e-01;4.7500000e+01;1.9884029e-01;4.7500000e+01;2.9453349e-01;4.7500000e+01;3.4412503e-01;4.7500000e+01;3.2594436e-01;4.7500000e+01;2.8804606e-01;4.7500000e+01;2.3744309e-01;4.7500000e+01;1.8784730e-01;4.7500000e+01;1.5160400e-01;4.7500000e+01;1.1536735e-01;4.7500000e+01;7.3622569e-02;4.7500000e+01;2.9563531e-02;4.7500000e+01;-1.6002893e-02;4.7500000e+01;-6.3044496e-02;4.7500000e+01;-1.1209681e-01;4.7500000e+01;-6.4081691e-02;4.7500000e+01;-3.0952394e-02;4.7500000e+01;2.5688455e-02;4.7500000e+01;1.0284849e-01;4.7500000e+01;1.9884029e-01;4.7500000e+01;2.9453349e-01;4.7500000e+01;3.4412503e-01;4.7500000e+01;3.2594436e-01;4.7500000e+01;2.8804606e-01;4.7500000e+01;2.3744309e-01;4.7500000e+01;1.8784730e-01;4.7500000e+01;1.5160400e-01;4.7500000e+01;1.1536735e-01;4.7500000e+01;7.3622569e-02;4.7500000e+01;2.9563531e-02;4.7500000e+01;-1.6002893e-02;4.7500000e+01;-6.3044496e-02;4.7500000e+01;-1.1209681e-01;4.7500000e+01;-6.4081691e-02;4.7500000e+01;-3.0952394e-02;4.7500000e+01;2.5688455e-02;4.7500000e+01;1.0284849e-01;4.7500000e+01;1.9884029e-01;4.7500000e+01;2.9453349e-01;4.7500000e+01;3.4412503e-01;4.7500000e+01;3.2594436e-01;4.7500000e+01;2.8804606e-01;4.7500000e+01;2.3744309e-01;4.7500000e+01;1.8784730e-01;4.7500000e+01;1.5160400e-01;4.7500000e+01;1.1536735e-01;4.7500000e+01;7.3622569e-02;4.7500000e+01;2.9563531e-02;4.7500000e+01;-1.6002893e-02;4.7500000e+01;-6.3044496e-02;4.7500000e+01;-1.1209681e-01;4.7500000e+01;-6.4081691e-02;4.7500000e+01;-3.0952394e-02;4.7500000e+01;2.5688455e-02;4.7500000e+01;1.0284849e-01;4.7500000e+01;1.9884029e-01;4.7500000e+01;2.9453349e-01;4.7500000e+01;3.4412503e-01;4.7500000e+01;3.2594436e-01;4.7500000e+01;2.8804606e-01;4.7500000e+01;2.3744309e-01;4.7500000e+01;1.8784730e-01;4.7500000e+01;1.5160400e-01;4.7500000e+01;1.1536735e-01;4.7500000e+01;7.3622569e-02;4.7500000e+01;2.9563531e-02;4.7500000e+01;-1.6002893e-02;4.7500000e+01;-6.3044496e-02;4.7500000e+01;-1.1209681e-01;4.7500000e+01;-6.4081691e-02;4.7500000e+01;-3.0952394e-02;4.7500000e+01;2.5688455e-02;4.7500000e+01;1.0284849e-01;4.7500000e+01;1.9884029e-01;4.7500000e+01;2.9453349e-01;4.7500000e+01;3.4412503e-01;4.7500000e+01;3.2594436e-01;4.7500000e+01;2.8804606e-01;4.7500000e+01;2.3744309e-01;4.7500000e+01;1.8784730e-01;4.7500000e+01;1.5160400e-01;4.7500000e+01;1.1536735e-01;4.7500000e+01;7.3622569e-02;4.7500000e+01;2.9563531e-02;4.7500000e+01;-1.6002893e-02;4.7500000e+01;-6.3044496e-02;4.7500000e+01;-1.1209681e-01
5.2500000e+01;-6.5412499e-02;5.2500000e+01;-2.7982792e-02;5.2500000e+01;3.2582432e-02;5.2500000e+01;1.1450044e-01;5.2500000e+01;2.1333931e-01;5.2500000e+01;3.0912042e-01;5.2500000e+01;3.5354197e-01;5.2500000e+01;3.4217742e-01;5.2500000e+01;3.1488106e-01;5.2500000e+01;2.5682613e-01;5.2500000e+01;1.9569103e-01;5.2500000e+01;1.5347651e-01;5.2500000e+01;1.1238316e-01;5.2500000e+01;6.8281129e-02;5.2500000e+01;2.3081549e-02;5.2500000e+01;-2.1626547e-02;5.2500000e+01;-6.8620473e-02;5.2500000e+01;-1.1906666e-01;5.2500000e+01;-6.5412499e-02;5.2500000e+01;-2.7982792e-02;5.2500000e+01;3.2582432e-02;5.2500000e+01;1.1450044e-01;5.2500000e+01;2.1333931e-01;5.2500000e+01;3.0912042e-01;5.2500000e+01;3.5354197e-01;5.2500000e+01;3.4217742e-01;5.2500000e+01;3.1488106e-01;5.2500000e+01;2.5682613e-01;5.2500000e+01;1.9569103e-01;5.2500000e+01;1.5347651e-01;5.2500000e+01;1.1238316e-01;5.2500000e+01;6.8281129e-02;5.2500000e+01;2.3081549e-02;5.2500000e+01;-2.1626547e-02;5.2500000e+01;-6.8620473e-02;5.2500000e+01;-1.1906666e-01;5.2500000e+01;-6.5412499e-02;5.2500000e+01;-2.7982792e-02;5.2500000e+01;3.2582432e-02;5.2500000e+01;1.1450044e-01;5.2500000e+01;2.1333931e-01;5.2500000e+01;3.0912042e-01;5.2500000e+01;3.5354197e-01;5.2500000e+01;3.4217742e-01;5.2500000e+01;3.1488106e-01;5.2500000e+01;2.5682613e-01;5.2500000e+01;1.9569103e-01;5.2500000e+01;1.5347651e-01;5.2500000e+01;1.1238316e-01;5.2500000e+01;6.8281129e-02;5.2500000e+01;2.3081549e-02;5.2500000e+01;-2.1626547e-02;5.2500000e+01;-6.8620473e-02;5.2500000e+01;-1.1906666e-01;5.2500000e+01;-6.5412499e-02;5.2500000e+01;-2.7982792e-02;5.2500000e+01;3.2582432e-02;5.2500000e+01;1.1450044e-01;5.2500000e+01;2.1333931e-01;5.2500000e+01;3.0912042e-01;5.2500000e+01;3.5354197e-01;5.2500000e+01;3.4217742e-01;5.2500000e+01;3.1488106e-01;5.2500000e+01;2.5682613e-01;5.2500000e+01;1.9569103e-01;5.2500000e+01;1.5347651e-01;5.2500000e+01;1.1238316e-01;5.2500000e+01;6.8281129e-02;5.2500000e+01;2.3081549e-02;5.2500000e+01;-2.1626547e-02;5.2500000e+01;-6.8620473e-02;5.2500000e+01;-1.1906666e-01;5.2500000e+01;-6.5412499e-02;5.2500000e+01;-2.7982792e-02;5.2500000e+01;3.2582432e-02;5.2500000e+01;1.1450044e-01;5.2500000e+01;2.1333931e-01;5.2500000e+01;3.0912042e-01;5.2500000e+01;3.5354197e-01;5.2500000e+01;3.4217742e-01;5.2500000e+01;3.1488106e-01;5.2500000e+01;2.5682613e-01;5.2500000e+01;1.9569103e-01;5.2500000e+01;1.5347651e-01;5.2500000e+01;1.1238316e-01;5.2500000e+01;6.8281129e-02;5.2500000e+01;2.3081549e-02;5.2500000e+01;-2.1626547e-02;5.2500000e+01;-6.8620473e-02;5.2500000e+01;-1.1906666e-01;5.2500000e+01;-6.5412499e-02;5.2500000e+01;-2.7982792e-02;5.2500000e+01;3.2582432e-02;5.2500000e+01;1.1450044e-01;5.2500000e+01;2.1333931e-01;5.2500000e+01;3.0912042e-01;5.2500000e+01;3.5354197e-01;5.2500000e+01;3.4217742e-01;5.2500000e+01;3.1488106e-01;5.2500000e+01;2.5682613e-01;5.2500000e+01;1.9569103e-01;5.2500000e+01;1.5347651e-01;5.2500000e+01;1.1238316e-01;5.2500000e+01;6.8281129e-02;5.2500000e+01;2.3081549e-02;5.2500000e+01;-2.1626547e-02;5.2500000e+01;-6.8620473e-02;5.2500000e+01;-1.1906666e-01;5.2500000e+01;-6.5412499e-02;5.2500000e+01;-2.7982792e-02;5.2500000e+01;3.2582432e-02;5.2500000e+01;1.1450044e-01;5.2500000e+01;2.1333931e-01;5.2500000e+01;3.0912042e-01;5.2500000e+01;3.5354197e-01;5.2500000e+01;3.4217742e-01;5.2500000e+01;3.1488106e-01;5.2500000e+01;2.5682613e-01;5.2500000e+01;1.9569103e-01;5.2500000e+01;1.5347651e-01;5.2500000e+01;1.1238316e-01;5.2500000e+01;6.8281129e-02;5.2500000e+01;2.3081549e-02;5.2500000e+01;-2.1626547e-02;5.2500000e+01;-6.8620473e-02;5.2500000e+01;-1.1906666e-01;5.2500000e+01;-6.5412499e-02;5.2500000e+01;-2.7982792e-02;5.2500000e+01;3.2582432e-02;5.2500000e+01;1.1450044e-01;5.2500000e+01;2.1333931e-01;5.2500000e+01;3.0912042e-01;5.2500000e+01;3.5354197e-01;5.2500000e+01;3.4217742e-01;5.2500000e+01;3.1488106e-01;5.2500000e+01;2.5682613e-01;5.2500000e+01;1.9569103e-01;5.2500000e+01;1.5347651e-01;5.2500000e+01;1.1238316e-01;5.2500000e+01;6.8281129e-02;5.2500000e+01;2.3081549e-02;5.2500000e+01;-2.1626547e-02;5.2500000e+01;-6.8620473e-02;5.2500000e+01;-1.1906666e-01;5.2500000e+01;-6.5412499e-02;5.2500000e+01;-2.7982792e-02;5.2500000e+01;3.2582432e-02;5.2500000e+01;1.1450044e-01;5.2500000e+01;2.1333931e-01;5.2500000e+01;3.0912042e-01;5.2500000e+01;3.5354197e-01;5.2500000e+01;3.4217742e-01;5.2500000e+01;3.1488106e-01;5.2500000e+01;2.5682613e-01;5.2500000e+01;1.9569103e-01;5.2500000e+01;1.5347651e-01;5.2500000e+01;1.1238316e-01;5.2500000e+01;6.8281129e-02;5.2500000e+01;2.3081549e-02;5.2500000e+01;-2.1626547e-02;5.2500000e+01;-6.8620473e-02;5.2500000e+01;-1.1906666e-01;5.2500000e+01;-6.5412499e-02;5.2500000e+01;-2.7982792e-02;5.2500000e+01;3.2582432e-02;5.2500000e+01;1.1450044e-01;5.2500000e+01;2.1333931e-01;5.2500000e+01;3.0912042e-01;5.2500000e+01;3.5354197e-01;5.2500000e+01;3.4217742e-01;5.2500000e+01;3.1488106e-01;5.2500000e+01;2.5682613e-01;5.2500000e+01;1.9569103e-01;5.2500000e+01;1.5347651e-01;5.2500000e+01;1.1238316e-01;5.2500000e+01;6.8281129e-02;5.2500000e+01;2.3081549e-02;5.2500000e+01;-2.1626547e-02;5.2500000e+01;-6.8620473e-02;5.2500000e+01;-1.1906666e-01;5.2500000e+01;-6.5412499e-02;5.2500000e+01;-2.7982792e-02;5.2500000e+01;3.2582432e-02;5.2500000e+01;1.1450044e-01;5.2500000e+01;2.1333931e-01;5.2500000e+01;3.0912042e-01;5.2500000e+01;3.5354197e-01;5.2500000e+01;3.4217742e-01;5.2500000e+01;3.1488106e-01;5.2500000e+01;2.5682613e-01;5.2500000e+01;1.9569103e-01;5.2500000e+01;1.5347651e-01;5.2500000e+01;1.1238316e-01;5.2500000e+01;6.8281129e-02;5.2500000e+01;2.3081549e-02;5.2500000e+01;-2.1626547e-02;5.2500000e+01;-6.8620473e-02;5.2500000e+01;-1.1906666e-01;5.2500000e+01;-6.5412499e-02;5.2500000e+01;-2.7982792e-02;5.2500000e+01;3.2582432e-02;5.2500000e+01;1.1450044e-01;5.2500000e+01;2.1333931e-01;5.2500000e+01;3.0912042e-01;5.2500000e+01;3.5354197e-01;5.2500000e+01;3.4217742e-01;5.2500000e+01;3.1488106e-01;5.2500000e+01;2.5682613e-01;5.2500000e+01;1.9569103e-01;5.2500000e+01;1.5347651e-01;5.2500000e+01;1.1238316e-01;5.2500000e+01;6.8281129e-02;5.2500000e+01;2.3081549e-02;5.2500000e+01;-2.1626547e-02;5.2500000e+01;-6.8620473e-02;5.2500000e+01;-1.1906666e-01;5.2500000e+01;-6.5412499e-02;5.2500000e+01;-2.7982792e-02;5.2500000e+01;3.2582432e-02;5.2500000e+01;1.1450044e-01;5.2500000e+01;2.1333931e-01;5.2500000e+01;3.0912042e-01;5.2500000e+01;3.5354197e-01;5.2500000e+01;3.4217742e-01;5.2500000e+01;3.1488106e-01;5.2500000e+01;2.5682613e-01;5.2500000e+01;1.9569103e-01;5.2500000e+01;1.5347651e-01;5.2500000e+01;1.1238316e-01;5.2500000e+01;6.8281129e-02;5.2500000e+01;2.3081549e-02;5.2500000e+01;-2.1626547e-02;5.2500000e+01;-6.8620473e-02;5.2500000e+01;-1.1906666e-01;5.2500000e+01;-6.5412499e-02;5.2500000e+01;-2.7982792e-02;5.2500000e+01;3.2582432e-02;5.2500000e+01;1.1450044e-01;5.2500000e+01;2.1333931e-01;5.2500000e+01;3.0912042e-01;5.2500000e+01;3.5354197e-01;5.2500000e+01;3.4217742e-01;5.2500000e+01;3.1488106e-01;5.2500000e+01;2.5682613e-01;5.2500000e+01;1.9569103e-01;5.2500000e+01;1.5347651e-01;5.2500000e+01;1.1238316e-01;5.2500000e+01;6.8281129e-02;5.2500000e+01;2.3081549e-02;5.2500000e+01;-2.1626547e-02;5.2500000e+01;-6.8620473e-02;5.2500000e+01;-1.1906666e-01;5.2500000e+01;-6.5412499e-02;5.2500000e+01;-2.7982792e-02;5.2500000e+01;3.2582432e-02;5.2500000e+01;1.1450044e-01;5.2500000e+01;2.1333931e-01;5.2500000e+01;3.0912042e-01;5.2500000e+01;3.5354197e-01;5.2500000e+01;3.4217742e-01;5.2500000e+01;3.1488106e-01;5.2500000e+01;2.5682613e-01;5.2500000e+01;1.9569103e-01;5.2500000e+01;1.5347651e-01;5.2500000e+01;1.1238316e-01;5.2500000e+01;6.8281129e-02;5.2500000e+01;2.3081549e-02;5.2500000e+01;-2.1626547e-02;5.2500000e+01;-6.8620473e-02;5.2500000e+01;-1.1906666e-01;5.2500000e+01;-6.5412499e-02;5.2500000e+01;-2.7982792e-02;5.2500000e+01;3.2582432e-02;5.2500000e+01;1.1450044e-01;5.2500000e+01;2.1333931e-01;5.2500000e+01;3.0912042e-01;5.2500000e+01;3.5354197e-01;5.2500000e+01;3.4217742e-01;5.2500000e+01;3.1488106e-01;5.2500000e+01;2.5682613e-01;5.2500000e+01;1.9569103e-01;5.2500000e+01;1.5347651e-01;5.2500000e+01;1.1238316e-01;5.2500000e+01;6.8281129e-02;5.2500000e+01;2.3081549e-02;5.2500000e+01;-2.1626547e-02;5.2500000e+01;-6.8620473e-02;5.2500000e+01;-1.1906666e-01;5.2500000e+01;-6.5412499e-02;5.2500000e+01;-2.7982792e-02;5.2500000e+01;3.2582432e-02;5.2500000e+01;1.1450044e-01;5.2500000e+01;2.1333931e-01;5.2500000e+01;3.0912042e-01;5.2500000e+01;3.5354197e-01;5.2500000e+01;3.4217742e-01;5.2500000e+01;3.1488106e-01;5.2500000e+01;2.5682613e-01;5.2500000e+01;1.9569103e-01;5.2500000e+01;1.5347651e-01;5.2500000e+01;1.1238316e-01;5.2500000e+01;6.8281129e-02;5.2500000e+01;2.3081549e-02;5.2500000e+01;-2.1626547e-02;5.2500000e+01;-6.8620473e-02;5.2500000e+01;-1.1906666e-01;5.2500000e+01;-6.5412499e-02;5.2500000e+01;-2.7982792e-02;5.2500000e+01;3.2582432e-02;5.2500000e+01;1.1450044e-01;5.2500000e+01;2.1333931e-01;5.2500000e+01;3.0912042e-01;5.2500000e+01;3.5354197e-01;5.2500000e+01;3.4217742e-01;5.2500000e+01;3.1488106e-01;5.2500000e+01;2.5682613e-01;5.2500000e+01;1.9569103e-01;5.2500000e+01;1.5347651e-01;5.2500000e+01;1.1238316e-01;5.2500000e+01;6.8281129e-02;5.2500000e+01;2.3081549e-02;5.2500000e+01;-2.1626547e-02;5.2500000e+01;-6.8620473e-02;5.2500000e+01;-1.1906666e-01;5.2500000e+01;-6.5412499e-02;5.2500000e+01;-2.7982792e-02;5.2500000e+01;3.2582432e-02;5.2500000e+01;1.1450044e-01;5.2500000e+01;2.1333931e-01;5.2500000e+01;3.0912042e-01;5.2500000e+01;3.5354197e-01;5.2500000e+01;3.4217742e-01;5.2500000e+01;3.1488106e-01;5.2500000e+01;2.5682613e-01;5.2500000e+01;1.9569103e-01;5.2500000e+01;1.5347651e-01;5.2500000e+01;1.1238316e-01;5.2500000e+01;6.8281129e-02;5.2500000e+01;2.3081549e-02;5.2500000e+01;-2.1626547e-02;5.2500000e+01;-6.8620473e-02;5.2500000e+01;-1.1906666e-01;5.2500000e+01;-6.5412499e-02;5.2500000e+01;-2.7982792e-02;5.2500000e+01;3.2582432e-02;5.2500000e+01;1.1450044e-01;5.2500000e+01;2.1333931e-01;5.2500000e+01;3.0912042e-01;5.2500000e+01;3.5354197e-01;5.2500000e+01;3.4217742e-01;5.2500000e+01;3.1488106e-01;5.2500000e+01;2.5682613e-01;5.2500000e+01;1.9569103e-01;5.2500000e+01;1.5347651e-01;5.2500000e+01;1.1238316e-01;5.2500000e+01;6.8281129e-02;5.2500000e+01;2.3081549e-02;5.2500000e+01;-2.1626547e-02;5.2500000e+01;-6.8620473e-02;5.2500000e+01;-1.1906666e-01;5.2500000e+01;-6.5412499e-02;5.2500000e+01;-2.7982792e-02;5.2500000e+01;3.2582432e-02;5.2500000e+01;1.1450044e-01;5.2500000e+01;2.1333931e-01;5.2500000e+01;3.0912042e-01;5.2500000e+01;3.5354197e-01;5.2500000e+01;3.4217742e-01;5.2500000e+01;3.1488106e-01;5.2500000e+01;2.5682613e-01;5.2500000e+01;1.9569103e-01;5.2500000e+01;1.5347651e-01;5.2500000e+01;1.1238316e-01;5.2500000e+01;6.8281129e-02;5.2500000e+01;2.3081549e-02;5.2500000e+01;-2.1626547e-02;5.2500000e+01;-6.8620473e-02;5.2500000e+01;-1.1906666e-01;5.2500000e+01;-6.5412499e-02;5.2500000e+01;-2.7982792e-02;5.2500000e+01;3.2582432e-02;5.2500000e+01;1.1450044e-01;5.2500000e+01;2.1333931e-01;5.2500000e+01;3.0912042e-01;5.2500000e+01;3.5354197e-01;5.2500000e+01;3.4217742e-01;5.2500000e+01;3.1488106e-01;5.2500000e+01;2.5682613e-01;5.2500000e+01;1.9569103e-01;5.2500000e+01;1.5347651e-01;5.2500000e+01;1.1238316e-01;5.2500000e+01;6.8281129e-02;5.2500000e+01;2.3081549e-02;5.2500000e+01;-2.1626547e-02;5.2500000e+01;-6.8620473e-02;5.2500000e+01;-1.1906666e-01;5.2500000e+01;-6.5412499e-02;5.2500000e+01;-2.7982792e-02;5.2500000e+01;3.2582432e-02;5.2500000e+01;1.1450044e-01;5.2500000e+01;2.1333931e-01;5.2500000e+01;3.0912042e-01;5.2500000e+01;3.5354197e-01;5.2500000e+01;3.4217742e-01;5.2500000e+01;3.1488106e-01;5.2500000e+01;2.5682613e-01;5.2500000e+01;1.9569103e-01;5.2500000e+01;1.5347651e-01;5.2500000e+01;1.1238316e-01;5.2500000e+01;6.8281129e-02;5.2500000e+01;2.3081549e-02;5.2500000e+01;-2.1626547e-02;5.2500000e+01;-6.8620473e-02;5.2500000e+01;-1.1906666e-01;5.2500000e+01;-6.5412499e-02;5.2500000e+01;-2.7982792e-02;5.2500000e+01;3.2582432e-02;5.2500000e+01;1.1450044e-01;5.2500000e+01;2.1333931e-01;5.2500000e+01;3.0912042e-01;5.2500000e+01;3.5354197e-01;5.2500000e+01;3.4217742e-01;5.2500000e+01;3.1488106e-01;5.2500000e+01;2.5682613e-01;5.2500000e+01;1.9569103e-01;5.2500000e+01;1.5347651e-01;5.2500000e+01;1.1238316e-01;5.2500000e+01;6.8281129e-02;5.2500000e+01;2.3081549e-02;5.2500000e+01;-2.1626547e-02;5.2500000e+01;-6.8620473e-02;5.2500000e+01;-1.1906666e-01;5.2500000e+01;-6.5412499e-02;5.2500000e+01;-2.7982792e-02;5.2500000e+01;3.2582432e-02;5.2500000e+01;1.1450044e-01;5.2500000e+01;2.1333931e-01;5.2500000e+01;3.0912042e-01;5.2500000e+01;3.5354197e-01;5.2500000e+01;3.4217742e-01;5.2500000e+01;3.1488106e-01;5.2500000e+01;2.5682613e-01;5.2500000e+01;1.9569103e-01;5.2500000e+01;1.5347651e-01;5.2500000e+01;1.1238316e-01;5.2500000e+01;6.8281129e-02;5.2500000e+01;2.3081549e-02;5.2500000e+01;-2.1626547e-02;5.2500000e+01;-6.8620473e-02;5.2500000e+01;-1.1906666e-01;5.2500000e+01;-6.5412499e-02;5.2500000e+01;-2.7982792e-02;5.2500000e+01;3.2582432e-02;5.2500000e+01;1.1450044e-01;5.2500000e+01;2.1333931e-01;5.2500000e+01;3.0912042e-01;5.2500000e+01;3.5354197e-01;5.2500000e+01;3.4217742e-01;5.2500000e+01;3.1488106e-01;5.2500000e+01;2.5682613e-01;5.2500000e+01;1.9569103e-01;5.2500000e+01;1.5347651e-01;5.2500000e+01;1.1238316e-01;5.2500000e+01;6.8281129e-02;5.2500000e+01;2.3081549e-02;5.2500000e+01;-2.1626547e-02;5.2500000e+01;-6.8620473e-02;5.2500000e+01;-1.1906666e-01;5.2500000e+01;-6.5412499e-02;5.2500000e+01;-2.7982792e-02;5.2500000e+01;3.2582432e-02;5.2500000e+01;1.1450044e-01;5.2500000e+01;2.1333931e-01;5.2500000e+01;3.0912042e-01;5.2500000e+01;3.5354197e-01;5.2500000e+01;3.4217742e-01;5.2500000e+01;3.1488106e-01;5.2500000e+01;2.5682613e-01;5.2500000e+01;1.9569103e-01;5.2500000e+01;1.5347651e-01;5.2500000e+01;1.1238316e-01;5.2500000e+01;6.8281129e-02;5.2500000e+01;2.3081549e-02;5.2500000e+01;-2.1626547e-02;5.2500000e+01;-6.8620473e-02;5.2500000e+01;-1.1906666e-01;5.2500000e+01;-6.5412499e-02;5.2500000e+01;-2.7982792e-02;5.2500000e+01;3.2582432e-02;5.2500000e+01;1.1450044e-01;5.2500000e+01;2.1333931e-01;5.2500000e+01;3.0912042e-01;5.2500000e+01;3.5354197e-01;5.2500000e+01;3.4217742e-01;5.2500000e+01;3.1488106e-01;5.2500000e+01;2.5682613e-01;5.2500000e+01;1.9569103e-01;5.2500000e+01;1.5347651e-01;5.2500000e+01;1.1238316e-01;5.2500000e+01;6.8281129e-02;5.2500000e+01;2.3081549e-02;5.2500000e+01;-2.1626547e-02;5.2500000e+01;-6.8620473e-02;5.2500000e+01;-1.1906666e-01;5.2500000e+01;-6.5412499e-02;5.2500000e+01;-2.7982792e-02;5.2500000e+01;3.2582432e-02;5.2500000e+01;1.1450044e-01;5.2500000e+01;2.1333931e-01;5.2500000e+01;3.0912042e-01;5.2500000e+01;3.5354197e-01;5.2500000e+01;3.4217742e-01;5.2500000e+01;3.1488106e-01;5.2500000e+01;2.5682613e-01;5.2500000e+01;1.9569103e-01;5.2500000e+01;1.5347651e-01;5.2500000e+01;1.1238316e-01;5.2500000e+01;6.8281129e-02;5.2500000e+01;2.3081549e-02;5.2500000e+01;-2.1626547e-02;5.2500000e+01;-6.8620473e-02;5.2500000e+01;-1.1906666e-01;5.2500000e+01;-6.5412499e-02;5.2500000e+01;-2.7982792e-02;5.2500000e+01;3.2582432e-02;5.2500000e+01;1.1450044e-01;5.2500000e+01;2.1333931e-01;5.2500000e+01;3.0912042e-01;5.2500000e+01;3.5354197e-01;5.2500000e+01;3.4217742e-01;5.2500000e+01;3.1488106e-01;5.2500000e+01;2.5682613e-01;5.2500000e+01;1.9569103e-01;5.2500000e+01;1.5347651e-01;5.2500000e+01;1.1238316e-01;5.2500000e+01;6.8281129e-02;5.2500000e+01;2.3081549e-02;5.2500000e+01;-2.1626547e-02;5.2500000e+01;-6.8620473e-02;5.2500000e+01;-1.1906666e-01;5.2500000e+01;-6.5412499e-02;5.2500000e+01;-2.7982792e-02;5.2500000e+01;3.2582432e-02;5.2500000e+01;1.1450044e-01;5.2500000e+01;2.1333931e-01;5.2500000e+01;3.0912042e-01;5.2500000e+01;3.5354197e-01;5.2500000e+01;3.4217742e-01;5.2500000e+01;3.1488106e-01;5.2500000e+01;2.5682613e-01;5.2500000e+01;1.9569103e-01;5.2500000e+01;1.5347651e-01;5.2500000e+01;1.1238316e-01;5.2500000e+01;6.8281129e-02;5.2500000e+01;2.3081549e-02;5.2500000e+01;-2.1626547e-02;5.2500000e+01;-6.8620473e-02;5.2500000e+01;-1.1906666e-01;5.2500000e+01;-6.5412499e-02;5.2500000e+01;-2.7982792e-02;5.2500000e+01;3.2582432e-02;5.2500000e+01;1.1450044e-01;5.2500000e+01;2.1333931e-01;5.2500000e+01;3.0912042e-01;5.2500000e+01;3.5354197e-01;5.2500000e+01;3.4217742e-01;5.2500000e+01;3.1488106e-01;5.2500000e+01;2.5682613e-01;5.2500000e+01;1.9569103e-01;5.2500000e+01;1.5347651e-01;5.2500000e+01;1.1238316e-01;5.2500000e+01;6.8281129e-02;5.2500000e+01;2.3081549e-02;5.2500000e+01;-2.1626547e-02;5.2500000e+01;-6.8620473e-02;5.2500000e+01;-1.1906666e-01;5.2500000e+01;-6.5412499e-02;5.2500000e+01;-2.7982792e-02;5.2500000e+01;3.2582432e-02;5.2500000e+01;1.1450044e-01;5.2500000e+01;2.1333931e-01;5.2500000e+01;3.0912042e-01;5.2500000e+01;3.5354197e-01;5.2500000e+01;3.4217742e-01;5.2500000e+01;3.1488106e-01;5.2500000e+01;2.5682613e-01;5.2500000e+01;1.9569103e-01;5.2500000e+01;1.5347651e-01;5.2500000e+01;1.1238316e-01;5.2500000e+01;6.8281129e-02;5.2500000e+01;2.3081549e-02;5.2500000e+01;-2.1626547e-02;5.2500000e+01;-6.8620473e-02;5.2500000e+01;-1.1906666e-01;5.2500000e+01;-6.5412499e-02;5.2500000e+01;-2.7982792e-02;5.2500000e+01;3.2582432e-02;5.2500000e+01;1.1450044e-01;5.2500000e+01;2.1333931e-01;5.2500000e+01;3.0912042e-01;5.2500000e+01;3.5354197e-01;5.2500000e+01;3.4217742e-01;5.2500000e+01;3.1488106e-01;5.2500000e+01;2.5682613e-01;5.2500000e+01;1.9569103e-01;5.2500000e+01;1.5347651e-01;5.2500000e+01;1.1238316e-01;5.2500000e+01;6.8281129e-02;5.2500000e+01;2.3081549e-02;5.2500000e+01;-2.1626547e-02;5.2500000e+01;-6.8620473e-02;5.2500000e+01;-1.1906666e-01;5.2500000e+01;-6.5412499e-02;5.2500000e+01;-2.7982792e-02;5.2500000e+01;3.2582432e-02;5.2500000e+01;1.1450044e-01;5.2500000e+01;2.1333931e-01;5.2500000e+01;3.0912042e-01;5.2500000e+01;3.5354197e-01;5.2500000e+01;3.4217742e-01;5.2500000e+01;3.1488106e-01;5.2500000e+01;2.5682613e-01;5.2500000e+01;1.9569103e-01;5.2500000e+01;1.5347651e-01;5.2500000e+01;1.1238316e-01;5.2500000e+01;6.8281129e-02;5.2500000e+01;2.3081549e-02;5.2500000e+01;-2.1626547e-02;5.2500000e+01;-6.8620473e-02;5.2500000e+01;-1.1906666e-01;5.2500000e+01;-6.5412499e-02;5.2500000e+01;-2.7982792e-02;5.2500000e+01;3.2582432e-02;5.2500000e+01;1.1450044e-01;5.2500000e+01;2.1333931e-01;5.2500000e+01;3.0912042e-01;5.2500000e+01;3.5354197e-01;5.2500000e+01;3.4217742e-01;5.2500000e+01;3.1488106e-01;5.2500000e+01;2.5682613e-01;5.2500000e+01;1.9569103e-01;5.2500000e+01;1.5347651e-01;5.2500000e+01;1.1238316e-01;5.2500000e+01;6.8281129e-02;5.2500000e+01;2.3081549e-02;5.2500000e+01;-2.1626547e-02;5.2500000e+01;-6.8620473e-02;5.2500000e+01;-1.1906666e-01;5.2500000e+01;-6.5412499e-02;5.2500000e+01;-2.7982792e-02;5.2500000e+01;3.2582432e-02;5.2500000e+01;1.1450044e-01;5.2500000e+01;2.1333931e-01;5.2500000e+01;3.0912042e-01;5.2500000e+01;3.5354197e-01;5.2500000e+01;3.4217742e-01;5.2500000e+01;3.1488106e-01;5.2500000e+01;2.5682613e-01;5.2500000e+01;1.9569103e-01;5.2500000e+01;1.5347651e-01;5.2500000e+01;1.1238316e-01;5.2500000e+01;6.8281129e-02;5.2500000e+01;2.3081549e-02;5.2500000e+01;-2.1626547e-02;5.2500000e+01;-6.8620473e-02;5.2500000e+01;-1.1906666e-01;5.2500000e+01;-6.5412499e-02;5.2500000e+01;-2.7982792e-02;5.2500000e+01;3.2582432e-02;5.2500000e+01;1.1450044e-01;5.2500000e+01;2.1333931e-01;5.2500000e+01;3.0912042e-01;5.2500000e+01;3.5354197e-01;5.2500000e+01;3.4217742e-01;5.2500000e+01;3.1488106e-01;5.2500000e+01;2.5682613e-01;5.2500000e+01;1.9569103e-01;5.2500000e+01;1.5347651e-01;5.2500000e+01;1.1238316e-01;5.2500000e+01;6.8281129e-02;5.2500000e+01;2.3081549e-02;5.2500000e+01;-2.1626547e-02;5.2500000e+01;-6.8620473e-02;5.2500000e+01;-1.1906666e-01;5.2500000e+01;-6.5412499e-02;5.2500000e+01;-2.7982792e-02;5.2500000e+01;3.2582432e-02;5.2500000e+01;1.1450044e-01;5.2500000e+01;2.1333931e-01;5.2500000e+01;3.0912042e-01;5.2500000e+01;3.5354197e-01;5.2500000e+01;3.4217742e-01;5.2500000e+01;3.1488106e-01;5.2500000e+01;2.5682613e-01;5.2500000e+01;1.9569103e-01;5.2500000e+01;1.5347651e-01;5.2500000e+01;1.1238316e-01;5.2500000e+01;6.8281129e-02;5.2500000e+01;2.3081549e-02;5.2500000e+01;-2.1626547e-02;5.2500000e+01;-6.8620473e-02;5.2500000e+01;-1.1906666e-01;5.2500000e+01;-6.5412499e-02;5.2500000e+01;-2.7982792e-02;5.2500000e+01;3.2582432e-02;5.2500000e+01;1.1450044e-01;5.2500000e+01;2.1333931e-01;5.2500000e+01;3.0912042e-01;5.2500000e+01;3.5354197e-01;5.2500000e+01;3.4217742e-01;5.2500000e+01;3.1488106e-01;5.2500000e+01;2.5682613e-01;5.2500000e+01;1.9569103e-01;5.2500000e+01;1.5347651e-01;5.2500000e+01;1.1238316e-01;5.2500000e+01;6.8281129e-02;5.2500000e+01;2.3081549e-02;5.2500000e+01;-2.1626547e-02;5.2500000e+01;-6.8620473e-02;5.2500000e+01;-1.1906666e-01;5.2500000e+01;-6.5412499e-02;5.2500000e+01;-2.7982792e-02;5.2500000e+01;3.2582432e-02;5.2500000e+01;1.1450044e-01;5.2500000e+01;2.1333931e-01;5.2500000e+01;3.0912042e-01;5.2500000e+01;3.5354197e-01;5.2500000e+01;3.4217742e-01;5.2500000e+01;3.1488106e-01;5.2500000e+01;2.5682613e-01;5.2500000e+01;1.9569103e-01;5.2500000e+01;1.5347651e-01;5.2500000e+01;1.1238316e-01;5.2500000e+01;6.8281129e-02;5.2500000e+01;2.3081549e-02;5.2500000e+01;-2.1626547e-02;5.2500000e+01;-6.8620473e-02;5.2500000e+01;-1.1906666e-01;5.2500000e+01;-6.5412499e-02;5.2500000e+01;-2.7982792e-02;5.2500000e+01;3.2582432e-02;5.2500000e+01;1.1450044e-01;5.2500000e+01;2.1333931e-01;5.2500000e+01;3.0912042e-01;5.2500000e+01;3.5354197e-01;5.2500000e+01;3.4217742e-01;5.2500000e+01;3.1488106e-01;5.2500000e+01;2.5682613e-01;5.2500000e+01;1.9569103e-01;5.2500000e+01;1.5347651e-01;5.2500000e+01;1.1238316e-01;5.2500000e+01;6.8281129e-02;5.2500000e+01;2.3081549e-02;5.2500000e+01;-2.1626547e-02;5.2500000e+01;-6.8620473e-02;5.2500000e+01;-1.1906666e-01;5.2500000e+01;-6.5412499e-02;5.2500000e+01;-2.7982792e-02;5.2500000e+01;3.2582432e-02;5.2500000e+01;1.1450044e-01;5.2500000e+01;2.1333931e-01;5.2500000e+01;3.0912042e-01;5.2500000e+01;3.5354197e-01;5.2500000e+01;3.4217742e-01;5.2500000e+01;3.1488106e-01;5.2500000e+01;2.5682613e-01;5.2500000e+01;1.9569103e-01;5.2500000e+01;1.5347651e-01;5.2500000e+01;1.1238316e-01;5.2500000e+01;6.8281129e-02;5.2500000e+01;2.3081549e-02;5.2500000e+01;-2.1626547e-02;5.2500000e+01;-6.8620473e-02;5.2500000e+01;-1.1906666e-01;5.2500000e+01;-6.5412499e-02;5.2500000e+01;-2.7982792e-02;5.2500000e+01;3.2582432e-02;5.2500000e+01;1.1450044e-01;5.2500000e+01;2.1333931e-01;5.2500000e+01;3.0912042e-01;5.2500000e+01;3.5354197e-01;5.2500000e+01;3.4217742e-01;5.2500000e+01;3.1488106e-01;5.2500000e+01;2.5682613e-01;5.2500000e+01;1.9569103e-01;5.2500000e+01;1.5347651e-01;5.2500000e+01;1.1238316e-01;5.2500000e+01;6.8281129e-02;5.2500000e+01;2.3081549e-02;5.2500000e+01;-2.1626547e-02;5.2500000e+01;-6.8620473e-02;5.2500000e+01;-1.1906666e-01;5.2500000e+01;-6.5412499e-02;5.2500000e+01;-2.7982792e-02;5.2500000e+01;3.2582432e-02;5.2500000e+01;1.1450044e-01;5.2500000e+01;2.1333931e-01;5.2500000e+01;3.0912042e-01;5.2500000e+01;3.5354197e-01;5.2500000e+01;3.4217742e-01;5.2500000e+01;3.1488106e-01;5.2500000e+01;2.5682613e-01;5.2500000e+01;1.9569103e-01;5.2500000e+01;1.5347651e-01;5.2500000e+01;1.1238316e-01;5.2500000e+01;6.8281129e-02;5.2500000e+01;2.3081549e-02;5.2500000e+01;-2.1626547e-02;5.2500000e+01;-6.8620473e-02;5.2500000e+01;-1.1906666e-01;5.2500000e+01;-6.5412499e-02;5.2500000e+01;-2.7982792e-02;5.2500000e+01;3.2582432e-02;5.2500000e+01;1.1450044e-01;5.2500000e+01;2.1333931e-01;5.2500000e+01;3.0912042e-01;5.2500000e+01;3.5354197e-01;5.2500000e+01;3.4217742e-01;5.2500000e+01;3.1488106e-01;5.2500000e+01;2.5682613e-01;5.2500000e+01;1.9569103e-01;5.2500000e+01;1.5347651e-01;5.2500000e+01;1.1238316e-01;5.2500000e+01;6.8281129e-02;5.2500000e+01;2.3081549e-02;5.2500000e+01;-2.1626547e-02;5.2500000e+01;-6.8620473e-02;5.2500000e+01;-1.1906666e-01;5.2500000e+01;-6.5412499e-02;5.2500000e+01;-2.7982792e-02;5.2500000e+01;3.2582432e-02;5.2500000e+01;1.1450044e-01;5.2500000e+01;2.1333931e-01;5.2500000e+01;3.0912042e-01;5.2500000e+01;3.5354197e-01;5.2500000e+01;3.4217742e-01;5.2500000e+01;3.1488106e-01;5.2500000e+01;2.5682613e-01;5.2500000e+01;1.9569103e-01;5.2500000e+01;1.5347651e-01;5.2500000e+01;1.1238316e-01;5.2500000e+01;6.8281129e-02;5.2500000e+01;2.3081549e-02;5.2500000e+01;-2.1626547e-02;5.2500000e+01;-6.8620473e-02;5.2500000e+01;-1.1906666e-01;5.2500000e+01;-6.5412499e-02;5.2500000e+01;-2.7982792e-02;5.2500000e+01;3.2582432e-02;5.2500000e+01;1.1450044e-01;5.2500000e+01;2.1333931e-01;5.2500000e+01;3.0912042e-01;5.2500000e+01;3.5354197e-01;5.2500000e+01;3.4217742e-01;5.2500000e+01;3.1488106e-01;5.2500000e+01;2.5682613e-01;5.2500000e+01;1.9569103e-01;5.2500000e+01;1.5347651e-01;5.2500000e+01;1.1238316e-01;5.2500000e+01;6.8281129e-02;5.2500000e+01;2.3081549e-02;5.2500000e+01;-2.1626547e-02;5.2500000e+01;-6.8620473e-02;5.2500000e+01;-1.1906666e-01;5.2500000e+01;-6.5412499e-02;5.2500000e+01;-2.7982792e-02;5.2500000e+01;3.2582432e-02;5.2500000e+01;1.1450044e-01;5.2500000e+01;2.1333931e-01;5.2500000e+01;3.0912042e-01;5.2500000e+01;3.5354197e-01;5.2500000e+01;3.4217742e-01;5.2500000e+01;3.1488106e-01;5.2500000e+01;2.5682613e-01;5.2500000e+01;1.9569103e-01;5.2500000e+01;1.5347651e-01;5.2500000e+01;1.1238316e-01;5.2500000e+01;6.8281129e-02;5.2500000e+01;2.3081549e-02;5.2500000e+01;-2.1626547e-02;5.2500000e+01;-6.8620473e-02;5.2500000e+01;-1.1906666e-01;5.2500000e+01;-6.5412499e-02;5.2500000e+01;-2.7982792e-02;5.2500000e+01;3.2582432e-02;5.2500000e+01;1.1450044e-01;5.2500000e+01;2.1333931e-01;5.2500000e+01;3.0912042e-01;5.2500000e+01;3.5354197e-01;5.2500000e+01;3.4217742e-01;5.2500000e+01;3.1488106e-01;5.2500000e+01;2.5682613e-01;5.2500000e+01;1.9569103e-01;5.2500000e+01;1.5347651e-01;5.2500000e+01;1.1238316e-01;5.2500000e+01;6.8281129e-02;5.2500000e+01;2.3081549e-02;5.2500000e+01;-2.1626547e-02;5.2500000e+01;-6.8620473e-02;5.2500000e+01;-1.1906666e-01;5.2500000e+01;-6.5412499e-02;5.2500000e+01;-2.7982792e-02;5.2500000e+01;3.2582432e-02;5.2500000e+01;1.1450044e-01;5.2500000e+01;2.1333931e-01;5.2500000e+01;3.0912042e-01;5.2500000e+01;3.5354197e-01;5.2500000e+01;3.4217742e-01;5.2500000e+01;3.1488106e-01;5.2500000e+01;2.5682613e-01;5.2500000e+01;1.9569103e-01;5.2500000e+01;1.5347651e-01;5.2500000e+01;1.1238316e-01;5.2500000e+01;6.8281129e-02;5.2500000e+01;2.3081549e-02;5.2500000e+01;-2.1626547e-02;5.2500000e+01;-6.8620473e-02;5.2500000e+01;-1.1906666e-01;5.2500000e+01;-6.5412499e-02;5.2500000e+01;-2.7982792e-02;5.2500000e+01;3.2582432e-02;5.2500000e+01;1.1450044e-01;5.2500000e+01;2.1333931e-01;5.2500000e+01;3.0912042e-01;5.2500000e+01;3.5354197e-01;5.2500000e+01;3.4217742e-01;5.2500000e+01;3.1488106e-01;5.2500000e+01;2.5682613e-01;5.2500000e+01;1.9569103e-01;5.2500000e+01;1.5347651e-01;5.2500000e+01;1.1238316e-01;5.2500000e+01;6.8281129e-02;5.2500000e+01;2.3081549e-02;5.2500000e+01;-2.1626547e-02;5.2500000e+01;-6.8620473e-02;5.2500000e+01;-1.1906666e-01;5.2500000e+01;-6.5412499e-02;5.2500000e+01;-2.7982792e-02;5.2500000e+01;3.2582432e-02;5.2500000e+01;1.1450044e-01;5.2500000e+01;2.1333931e-01;5.2500000e+01;3.0912042e-01;5.2500000e+01;3.5354197e-01;5.2500000e+01;3.4217742e-01;5.2500000e+01;3.1488106e-01;5.2500000e+01;2.5682613e-01;5.2500000e+01;1.9569103e-01;5.2500000e+01;1.5347651e-01;5.2500000e+01;1.1238316e-01;5.2500000e+01;6.8281129e-02;5.2500000e+01;2.3081549e-02;5.2500000e+01;-2.1626547e-02;5.2500000e+01;-6.8620473e-02;5.2500000e+01;-1.1906666e-01;5.2500000e+01;-6.5412499e-02;5.2500000e+01;-2.7982792e-02;5.2500000e+01;3.2582432e-02;5.2500000e+01;1.1450044e-01;5.2500000e+01;2.1333931e-01;5.2500000e+01;3.0912042e-01;5.2500000e+01;3.5354197e-01;5.2500000e+01;3.4217742e-01;5.2500000e+01;3.1488106e-01;5.2500000e+01;2.5682613e-01;5.2500000e+01;1.9569103e-01;5.2500000e+01;1.5347651e-01;5.2500000e+01;1.1238316e-01;5.2500000e+01;6.8281129e-02;5.2500000e+01;2.3081549e-02;5.2500000e+01;-2.1626547e-02;5.2500000e+01;-6.8620473e-02;5.2500000e+01;-1.1906666e-01;5.2500000e+01;-6.5412499e-02;5.2500000e+01;-2.7982792e-02;5.2500000e+01;3.2582432e-02;5.2500000e+01;1.1450044e-01;5.2500000e+01;2.1333931e-01;5.2500000e+01;3.0912042e-01;5.2500000e+01;3.5354197e-01;5.2500000e+01;3.4217742e-01;5.2500000e+01;3.1488106e-01;5.2500000e+01;2.5682613e-01;5.2500000e+01;1.9569103e-01;5.2500000e+01;1.5347651e-01;5.2500000e+01;1.1238316e-01;5.2500000e+01;6.8281129e-02;5.2500000e+01;2.3081549e-02;5.2500000e+01;-2.1626547e-02;5.2500000e+01;-6.8620473e-02;5.2500000e+01;-1.1906666e-01;5.2500000e+01;-6.5412499e-02;5.2500000e+01;-2.7982792e-02;5.2500000e+01;3.2582432e-02;5.2500000e+01;1.1450044e-01;5.2500000e+01;2.1333931e-01;5.2500000e+01;3.0912042e-01;5.2500000e+01;3.5354197e-01;5.2500000e+01;3.4217742e-01;5.2500000e+01;3.1488106e-01;5.2500000e+01;2.5682613e-01;5.2500000e+01;1.9569103e-01;5.2500000e+01;1.5347651e-01;5.2500000e+01;1.1238316e-01;5.2500000e+01;6.8281129e-02;5.2500000e+01;2.3081549e-02;5.2500000e+01;-2.1626547e-02;5.2500000e+01;-6.8620473e-02;5.2500000e+01;-1.1906666e-01;5.2500000e+01;-6.5412499e-02;5.2500000e+01;-2.7982792e-02;5.2500000e+01;3.2582432e-02;5.2500000e+01;1.1450044e-01;5.2500000e+01;2.1333931e-01;5.2500000e+01;3.0912042e-01;5.2500000e+01;3.5354197e-01;5.2500000e+01;3.4217742e-01;5.2500000e+01;3.1488106e-01;5.2500000e+01;2.5682613e-01;5.2500000e+01;1.9569103e-01;5.2500000e+01;1.5347651e-01;5.2500000e+01;1.1238316e-01;5.2500000e+01;6.8281129e-02;5.2500000e+01;2.3081549e-02;5.2500000e+01;-2.1626547e-02;5.2500000e+01;-6.8620473e-02;5.2500000e+01;-1.1906666e-01;5.2500000e+01;-6.5412499e-02;5.2500000e+01;-2.7982792e-02;5.2500000e+01;3.2582432e-02;5.2500000e+01;1.1450044e-01;5.2500000e+01;2.1333931e-01;5.2500000e+01;3.0912042e-01;5.2500000e+01;3.5354197e-01;5.2500000e+01;3.4217742e-01;5.2500000e+01;3.1488106e-01;5.2500000e+01;2.5682613e-01;5.2500000e+01;1.9569103e-01;5.2500000e+01;1.5347651e-01;5.2500000e+01;1.1238316e-01;5.2500000e+01;6.8281129e-02;5.2500000e+01;2.3081549e-02;5.2500000e+01;-2.1626547e-02;5.2500000e+01;-6.8620473e-02;5.2500000e+01;-1.1906666e-01;5.2500000e+01;-6.5412499e-02;5.2500000e+01;-2.7982792e-02;5.2500000e+01;3.2582432e-02;5.2500000e+01;1.1450044e-01;5.2500000e+01;2.1333931e-01;5.2500000e+01;3.0912042e-01;5.2500000e+01;3.5354197e-01;5.2500000e+01;3.4217742e-01;5.2500000e+01;3.1488106e-01;5.2500000e+01;2.5682613e-01;5.2500000e+01;1.9569103e-01;5.2500000e+01;1.5347651e-01;5.2500000e+01;1.1238316e-01;5.2500000e+01;6.8281129e-02;5.2500000e+01;2.3081549e-02;5.2500000e+01;-2.1626547e-02;5.2500000e+01;-6.8620473e-02;5.2500000e+01;-1.1906666e-01;5.2500000e+01;-6.5412499e-02;5.2500000e+01;-2.7982792e-02;5.2500000e+01;3.2582432e-02;5.2500000e+01;1.1450044e-01;5.2500000e+01;2.1333931e-01;5.2500000e+01;3.0912042e-01;5.2500000e+01;3.5354197e-01;5.2500000e+01;3.4217742e-01;5.2500000e+01;3.1488106e-01;5.2500000e+01;2.5682613e-01;5.2500000e+01;1.9569103e-01;5.2500000e+01;1.5347651e-01;5.2500000e+01;1.1238316e-01;5.2500000e+01;6.8281129e-02;5.2500000e+01;2.3081549e-02;5.2500000e+01;-2.1626547e-02;5.2500000e+01;-6.8620473e-02;5.2500000e+01;-1.1906666e-01;5.2500000e+01;-6.5412499e-02;5.2500000e+01;-2.7982792e-02;5.2500000e+01;3.2582432e-02;5.2500000e+01;1.1450044e-01;5.2500000e+01;2.1333931e-01;5.2500000e+01;3.0912042e-01;5.2500000e+01;3.5354197e-01;5.2500000e+01;3.4217742e-01;5.2500000e+01;3.1488106e-01;5.2500000e+01;2.5682613e-01;5.2500000e+01;1.9569103e-01;5.2500000e+01;1.5347651e-01;5.2500000e+01;1.1238316e-01;5.2500000e+01;6.8281129e-02;5.2500000e+01;2.3081549e-02;5.2500000e+01;-2.1626547e-02;5.2500000e+01;-6.8620473e-02;5.2500000e+01;-1.1906666e-01;5.2500000e+01;-6.5412499e-02;5.2500000e+01;-2.7982792e-02;5.2500000e+01;3.2582432e-02;5.2500000e+01;1.1450044e-01;5.2500000e+01;2.1333931e-01;5.2500000e+01;3.0912042e-01;5.2500000e+01;3.5354197e-01;5.2500000e+01;3.4217742e-01;5.2500000e+01;3.1488106e-01;5.2500000e+01;2.5682613e-01;5.2500000e+01;1.9569103e-01;5.2500000e+01;1.5347651e-01;5.2500000e+01;1.1238316e-01;5.2500000e+01;6.8281129e-02;5.2500000e+01;2.3081549e-02;5.2500000e+01;-2.1626547e-02;5.2500000e+01;-6.8620473e-02;5.2500000e+01;-1.1906666e-01;5.2500000e+01;-6.5412499e-02;5.2500000e+01;-2.7982792e-02;5.2500000e+01;3.2582432e-02;5.2500000e+01;1.1450044e-01;5.2500000e+01;2.1333931e-01;5.2500000e+01;3.0912042e-01;5.2500000e+01;3.5354197e-01;5.2500000e+01;3.4217742e-01;5.2500000e+01;3.1488106e-01;5.2500000e+01;2.5682613e-01;5.2500000e+01;1.9569103e-01;5.2500000e+01;1.5347651e-01;5.2500000e+01;1.1238316e-01;5.2500000e+01;6.8281129e-02;5.2500000e+01;2.3081549e-02;5.2500000e+01;-2.1626547e-02;5.2500000e+01;-6.8620473e-02;5.2500000e+01;-1.1906666e-01;5.2500000e+01;-6.5412499e-02;5.2500000e+01;-2.7982792e-02;5.2500000e+01;3.2582432e-02;5.2500000e+01;1.1450044e-01;5.2500000e+01;2.1333931e-01;5.2500000e+01;3.0912042e-01;5.2500000e+01;3.5354197e-01;5.2500000e+01;3.4217742e-01;5.2500000e+01;3.1488106e-01;5.2500000e+01;2.5682613e-01;5.2500000e+01;1.9569103e-01;5.2500000e+01;1.5347651e-01;5.2500000e+01;1.1238316e-01;5.2500000e+01;6.8281129e-02;5.2500000e+01;2.3081549e-02;5.2500000e+01;-2.1626547e-02;5.2500000e+01;-6.8620473e-02;5.2500000e+01;-1.1906666e-01;5.2500000e+01;-6.5412499e-02;5.2500000e+01;-2.7982792e-02;5.2500000e+01;3.2582432e-02;5.2500000e+01;1.1450044e-01;5.2500000e+01;2.1333931e-01;5.2500000e+01;3.0912042e-01;5.2500000e+01;3.5354197e-01;5.2500000e+01;3.4217742e-01;5.2500000e+01;3.1488106e-01;5.2500000e+01;2.5682613e-01;5.2500000e+01;1.9569103e-01;5.2500000e+01;1.5347651e-01;5.2500000e+01;1.1238316e-01;5.2500000e+01;6.8281129e-02;5.2500000e+01;2.3081549e-02;5.2500000e+01;-2.1626547e-02;5.2500000e+01;-6.8620473e-02;5.2500000e+01;-1.1906666e-01;5.2500000e+01;-6.5412499e-02;5.2500000e+01;-2.7982792e-02;5.2500000e+01;3.2582432e-02;5.2500000e+01;1.1450044e-01;5.2500000e+01;2.1333931e-01;5.2500000e+01;3.0912042e-01;5.2500000e+01;3.5354197e-01;5.2500000e+01;3.4217742e-01;5.2500000e+01;3.1488106e-01;5.2500000e+01;2.5682613e-01;5.2500000e+01;1.9569103e-01;5.2500000e+01;1.5347651e-01;5.2500000e+01;1.1238316e-01;5.2500000e+01;6.8281129e-02;5.2500000e+01;2.3081549e-02;5.2500000e+01;-2.1626547e-02;5.2500000e+01;-6.8620473e-02;5.2500000e+01;-1.1906666e-01;5.2500000e+01;-6.5412499e-02;5.2500000e+01;-2.7982792e-02;5.2500000e+01;3.2582432e-02;5.2500000e+01;1.1450044e-01;5.2500000e+01;2.1333931e-01;5.2500000e+01;3.0912042e-01;5.2500000e+01;3.5354197e-01;5.2500000e+01;3.4217742e-01;5.2500000e+01;3.1488106e-01;5.2500000e+01;2.5682613e-01;5.2500000e+01;1.9569103e-01;5.2500000e+01;1.5347651e-01;5.2500000e+01;1.1238316e-01;5.2500000e+01;6.8281129e-02;5.2500000e+01;2.3081549e-02;5.2500000e+01;-2.1626547e-02;5.2500000e+01;-6.8620473e-02;5.2500000e+01;-1.1906666e-01;5.2500000e+01;-6.5412499e-02;5.2500000e+01;-2.7982792e-02;5.2500000e+01;3.2582432e-02;5.2500000e+01;1.1450044e-01;5.2500000e+01;2.1333931e-01;5.2500000e+01;3.0912042e-01;5.2500000e+01;3.5354197e-01;5.2500000e+01;3.4217742e-01;5.2500000e+01;3.1488106e-01;5.2500000e+01;2.5682613e-01;5.2500000e+01;1.9569103e-01;5.2500000e+01;1.5347651e-01;5.2500000e+01;1.1238316e-01;5.2500000e+01;6.8281129e-02;5.2500000e+01;2.3081549e-02;5.2500000e+01;-2.1626547e-02;5.2500000e+01;-6.8620473e-02;5.2500000e+01;-1.1906666e-01;5.2500000e+01;-6.5412499e-02;5.2500000e+01;-2.7982792e-02;5.2500000e+01;3.2582432e-02;5.2500000e+01;1.1450044e-01;5.2500000e+01;2.1333931e-01;5.2500000e+01;3.0912042e-01;5.2500000e+01;3.5354197e-01;5.2500000e+01;3.4217742e-01;5.2500000e+01;3.1488106e-01;5.2500000e+01;2.5682613e-01;5.2500000e+01;1.9569103e-01;5.2500000e+01;1.5347651e-01;5.2500000e+01;1.1238316e-01;5.2500000e+01;6.8281129e-02;5.2500000e+01;2.3081549e-02;5.2500000e+01;-2.1626547e-02;5.2500000e+01;-6.8620473e-02;5.2500000e+01;-1.1906666e-01;5.2500000e+01;-6.5412499e-02;5.2500000e+01;-2.7982792e-02;5.2500000e+01;3.2582432e-02;5.2500000e+01;1.1450044e-01;5.2500000e+01;2.1333931e-01;5.2500000e+01;3.0912042e-01;5.2500000e+01;3.5354197e-01;5.2500000e+01;3.4217742e-01;5.2500000e+01;3.1488106e-01;5.2500000e+01;2.5682613e-01;5.2500000e+01;1.9569103e-01;5.2500000e+01;1.5347651e-01;5.2500000e+01;1.1238316e-01;5.2500000e+01;6.8281129e-02;5.2500000e+01;2.3081549e-02;5.2500000e+01;-2.1626547e-02;5.2500000e+01;-6.8620473e-02;5.2500000e+01;-1.1906666e-01;5.2500000e+01;-6.5412499e-02;5.2500000e+01;-2.7982792e-02;5.2500000e+01;3.2582432e-02;5.2500000e+01;1.1450044e-01;5.2500000e+01;2.1333931e-01;5.2500000e+01;3.0912042e-01;5.2500000e+01;3.5354197e-01;5.2500000e+01;3.4217742e-01;5.2500000e+01;3.1488106e-01;5.2500000e+01;2.5682613e-01;5.2500000e+01;1.9569103e-01;5.2500000e+01;1.5347651e-01;5.2500000e+01;1.1238316e-01;5.2500000e+01;6.8281129e-02;5.2500000e+01;2.3081549e-02;5.2500000e+01;-2.1626547e-02;5.2500000e+01;-6.8620473e-02;5.2500000e+01;-1.1906666e-01;5.2500000e+01;-6.5412499e-02;5.2500000e+01;-2.7982792e-02;5.2500000e+01;3.2582432e-02;5.2500000e+01;1.1450044e-01;5.2500000e+01;2.1333931e-01;5.2500000e+01;3.0912042e-01;5.2500000e+01;3.5354197e-01;5.2500000e+01;3.4217742e-01;5.2500000e+01;3.1488106e-01;5.2500000e+01;2.5682613e-01;5.2500000e+01;1.9569103e-01;5.2500000e+01;1.5347651e-01;5.2500000e+01;1.1238316e-01;5.2500000e+01;6.8281129e-02;5.2500000e+01;2.3081549e-02;5.2500000e+01;-2.1626547e-02;5.2500000e+01;-6.8620473e-02;5.2500000e+01;-1.1906666e-01;5.2500000e+01;-6.5412499e-02;5.2500000e+01;-2.7982792e-02;5.2500000e+01;3.2582432e-02;5.2500000e+01;1.1450044e-01;5.2500000e+01;2.1333931e-01;5.2500000e+01;3.0912042e-01;5.2500000e+01;3.5354197e-01;5.2500000e+01;3.4217742e-01;5.2500000e+01;3.1488106e-01;5.2500000e+01;2.5682613e-01;5.2500000e+01;1.9569103e-01;5.2500000e+01;1.5347651e-01;5.2500000e+01;1.1238316e-01;5.2500000e+01;6.8281129e-02;5.2500000e+01;2.3081549e-02;5.2500000e+01;-2.1626547e-02;5.2500000e+01;-6.8620473e-02;5.2500000e+01;-1.1906666e-01;5.2500000e+01;-6.5412499e-02;5.2500000e+01;-2.7982792e-02;5.2500000e+01;3.2582432e-02;5.2500000e+01;1.1450044e-01;5.2500000e+01;2.1333931e-01;5.2500000e+01;3.0912042e-01;5.2500000e+01;3.5354197e-01;5.2500000e+01;3.4217742e-01;5.2500000e+01;3.1488106e-01;5.2500000e+01;2.5682613e-01;5.2500000e+01;1.9569103e-01;5.2500000e+01;1.5347651e-01;5.2500000e+01;1.1238316e-01;5.2500000e+01;6.8281129e-02;5.2500000e+01;2.3081549e-02;5.2500000e+01;-2.1626547e-02;5.2500000e+01;-6.8620473e-02;5.2500000e+01;-1.1906666e-01;5.2500000e+01;-6.5412499e-02;5.2500000e+01;-2.7982792e-02;5.2500000e+01;3.2582432e-02;5.2500000e+01;1.1450044e-01;5.2500000e+01;2.1333931e-01;5.2500000e+01;3.0912042e-01;5.2500000e+01;3.5354197e-01;5.2500000e+01;3.4217742e-01;5.2500000e+01;3.1488106e-01;5.2500000e+01;2.5682613e-01;5.2500000e+01;1.9569103e-01;5.2500000e+01;1.5347651e-01;5.2500000e+01;1.1238316e-01;5.2500000e+01;6.8281129e-02;5.2500000e+01;2.3081549e-02;5.2500000e+01;-2.1626547e-02;5.2500000e+01;-6.8620473e-02;5.2500000e+01;-1.1906666e-01;5.2500000e+01;-6.5412499e-02;5.2500000e+01;-2.7982792e-02;5.2500000e+01;3.2582432e-02;5.2500000e+01;1.1450044e-01;5.2500000e+01;2.1333931e-01;5.2500000e+01;3.0912042e-01;5.2500000e+01;3.5354197e-01;5.2500000e+01;3.4217742e-01;5.2500000e+01;3.1488106e-01;5.2500000e+01;2.5682613e-01;5.2500000e+01;1.9569103e-01;5.2500000e+01;1.5347651e-01;5.2500000e+01;1.1238316e-01;5.2500000e+01;6.8281129e-02;5.2500000e+01;2.3081549e-02;5.2500000e+01;-2.1626547e-02;5.2500000e+01;-6.8620473e-02;5.2500000e+01;-1.1906666e-01;5.2500000e+01;-6.5412499e-02;5.2500000e+01;-2.7982792e-02;5.2500000e+01;3.2582432e-02;5.2500000e+01;1.1450044e-01;5.2500000e+01;2.1333931e-01;5.2500000e+01;3.0912042e-01;5.2500000e+01;3.5354197e-01;5.2500000e+01;3.4217742e-01;5.2500000e+01;3.1488106e-01;5.2500000e+01;2.5682613e-01;5.2500000e+01;1.9569103e-01;5.2500000e+01;1.5347651e-01;5.2500000e+01;1.1238316e-01;5.2500000e+01;6.8281129e-02;5.2500000e+01;2.3081549e-02;5.2500000e+01;-2.1626547e-02;5.2500000e+01;-6.8620473e-02;5.2500000e+01;-1.1906666e-01;5.2500000e+01;-6.5412499e-02;5.2500000e+01;-2.7982792e-02;5.2500000e+01;3.2582432e-02;5.2500000e+01;1.1450044e-01;5.2500000e+01;2.1333931e-01;5.2500000e+01;3.0912042e-01;5.2500000e+01;3.5354197e-01;5.2500000e+01;3.4217742e-01;5.2500000e+01;3.1488106e-01;5.2500000e+01;2.5682613e-01;5.2500000e+01;1.9569103e-01;5.2500000e+01;1.5347651e-01;5.2500000e+01;1.1238316e-01;5.2500000e+01;6.8281129e-02;5.2500000e+01;2.3081549e-02;5.2500000e+01;-2.1626547e-02;5.2500000e+01;-6.8620473e-02;5.2500000e+01;-1.1906666e-01;5.2500000e+01;-6.5412499e-02;5.2500000e+01;-2.7982792e-02;5.2500000e+01;3.2582432e-02;5.2500000e+01;1.1450044e-01;5.2500000e+01;2.1333931e-01;5.2500000e+01;3.0912042e-01;5.2500000e+01;3.5354197e-01;5.2500000e+01;3.4217742e-01;5.2500000e+01;3.1488106e-01;5.2500000e+01;2.5682613e-01;5.2500000e+01;1.9569103e-01;5.2500000e+01;1.5347651e-01;5.2500000e+01;1.1238316e-01;5.2500000e+01;6.8281129e-02;5.2500000e+01;2.3081549e-02;5.2500000e+01;-2.1626547e-02;5.2500000e+01;-6.8620473e-02;5.2500000e+01;-1.1906666e-01;5.2500000e+01;-6.5412499e-02;5.2500000e+01;-2.7982792e-02;5.2500000e+01;3.2582432e-02;5.2500000e+01;1.1450044e-01;5.2500000e+01;2.1333931e-01;5.2500000e+01;3.0912042e-01;5.2500000e+01;3.5354197e-01;5.2500000e+01;3.4217742e-01;5.2500000e+01;3.1488106e-01;5.2500000e+01;2.5682613e-01;5.2500000e+01;1.9569103e-01;5.2500000e+01;1.5347651e-01;5.2500000e+01;1.1238316e-01;5.2500000e+01;6.8281129e-02;5.2500000e+01;2.3081549e-02;5.2500000e+01;-2.1626547e-02;5.2500000e+01;-6.8620473e-02;5.2500000e+01;-1.1906666e-01;5.2500000e+01;-6.5412499e-02;5.2500000e+01;-2.7982792e-02;5.2500000e+01;3.2582432e-02;5.2500000e+01;1.1450044e-01;5.2500000e+01;2.1333931e-01;5.2500000e+01;3.0912042e-01;5.2500000e+01;3.5354197e-01;5.2500000e+01;3.4217742e-01;5.2500000e+01;3.1488106e-01;5.2500000e+01;2.5682613e-01;5.2500000e+01;1.9569103e-01;5.2500000e+01;1.5347651e-01;5.2500000e+01;1.1238316e-01;5.2500000e+01;6.8281129e-02;5.2500000e+01;2.3081549e-02;5.2500000e+01;-2.1626547e-02;5.2500000e+01;-6.8620473e-02;5.2500000e+01;-1.1906666e-01;5.2500000e+01;-6.5412499e-02;5.2500000e+01;-2.7982792e-02;5.2500000e+01;3.2582432e-02;5.2500000e+01;1.1450044e-01;5.2500000e+01;2.1333931e-01;5.2500000e+01;3.0912042e-01;5.2500000e+01;3.5354197e-01;5.2500000e+01;3.4217742e-01;5.2500000e+01;3.1488106e-01;5.2500000e+01;2.5682613e-01;5.2500000e+01;1.9569103e-01;5.2500000e+01;1.5347651e-01;5.2500000e+01;1.1238316e-01;5.2500000e+01;6.8281129e-02;5.2500000e+01;2.3081549e-02;5.2500000e+01;-2.1626547e-02;5.2500000e+01;-6.8620473e-02;5.2500000e+01;-1.1906666e-01;5.2500000e+01;-6.5412499e-02;5.2500000e+01;-2.7982792e-02;5.2500000e+01;3.2582432e-02;5.2500000e+01;1.1450044e-01;5.2500000e+01;2.1333931e-01;5.2500000e+01;3.0912042e-01;5.2500000e+01;3.5354197e-01;5.2500000e+01;3.4217742e-01;5.2500000e+01;3.1488106e-01;5.2500000e+01;2.5682613e-01;5.2500000e+01;1.9569103e-01;5.2500000e+01;1.5347651e-01;5.2500000e+01;1.1238316e-01;5.2500000e+01;6.8281129e-02;5.2500000e+01;2.3081549e-02;5.2500000e+01;-2.1626547e-02;5.2500000e+01;-6.8620473e-02;5.2500000e+01;-1.1906666e-01
5.7500000e+01;-6.8281211e-02;5.7500000e+01;-2.7506720e-02;5.7500000e+01;3.4759492e-02;5.7500000e+01;1.1924373e-01;5.7500000e+01;2.1821608e-01;5.7500000e+01;3.1121898e-01;5.7500000e+01;3.5463166e-01;5.7500000e+01;3.5637656e-01;5.7500000e+01;3.3778375e-01;5.7500000e+01;2.7482355e-01;5.7500000e+01;2.0311108e-01;5.7500000e+01;1.5352526e-01;5.7500000e+01;1.0587367e-01;5.7500000e+01;5.8686033e-02;5.7500000e+01;1.1829175e-02;5.7500000e+01;-3.4251057e-02;5.7500000e+01;-8.0444001e-02;5.7500000e+01;-1.3146061e-01;5.7500000e+01;-6.8281211e-02;5.7500000e+01;-2.7506720e-02;5.7500000e+01;3.4759492e-02;5.7500000e+01;1.1924373e-01;5.7500000e+01;2.1821608e-01;5.7500000e+01;3.1121898e-01;5.7500000e+01;3.5463166e-01;5.7500000e+01;3.5637656e-01;5.7500000e+01;3.3778375e-01;5.7500000e+01;2.7482355e-01;5.7500000e+01;2.0311108e-01;5.7500000e+01;1.5352526e-01;5.7500000e+01;1.0587367e-01;5.7500000e+01;5.8686033e-02;5.7500000e+01;1.1829175e-02;5.7500000e+01;-3.4251057e-02;5.7500000e+01;-8.0444001e-02;5.7500000e+01;-1.3146061e-01;5.7500000e+01;-6.8281211e-02;5.7500000e+01;-2.7506720e-02;5.7500000e+01;3.4759492e-02;5.7500000e+01;1.1924373e-01;5.7500000e+01;2.1821608e-01;5.7500000e+01;3.1121898e-01;5.7500000e+01;3.5463166e-01;5.7500000e+01;3.5637656e-01;5.7500000e+01;3.3778375e-01;5.7500000e+01;2.7482355e-01;5.7500000e+01;2.0311108e-01;5.7500000e+01;1.5352526e-01;5.7500000e+01;1.0587367e-01;5.7500000e+01;5.8686033e-02;5.7500000e+01;1.1829175e-02;5.7500000e+01;-3.4251057e-02;5.7500000e+01;-8.0444001e-02;5.7500000e+01;-1.3146061e-01;5.7500000e+01;-6.8281211e-02;5.7500000e+01;-2.7506720e-02;5.7500000e+01;3.4759492e-02;5.7500000e+01;1.1924373e-01;5.7500000e+01;2.1821608e-01;5.7500000e+01;3.1121898e-01;5.7500000e+01;3.5463166e-01;5.7500000e+01;3.5637656e-01;5.7500000e+01;3.3778375e-01;5.7500000e+01;2.7482355e-01;5.7500000e+01;2.0311108e-01;5.7500000e+01;1.5352526e-01;5.7500000e+01;1.0587367e-01;5.7500000e+01;5.8686033e-02;5.7500000e+01;1.1829175e-02;5.7500000e+01;-3.4251057e-02;5.7500000e+01;-8.0444001e-02;5.7500000e+01;-1.3146061e-01;5.7500000e+01;-6.8281211e-02;5.7500000e+01;-2.7506720e-02;5.7500000e+01;3.4759492e-02;5.7500000e+01;1.1924373e-01;5.7500000e+01;2.1821608e-01;5.7500000e+01;3.1121898e-01;5.7500000e+01;3.5463166e-01;5.7500000e+01;3.5637656e-01;5.7500000e+01;3.3778375e-01;5.7500000e+01;2.7482355e-01;5.7500000e+01;2.0311108e-01;5.7500000e+01;1.5352526e-01;5.7500000e+01;1.0587367e-01;5.7500000e+01;5.8686033e-02;5.7500000e+01;1.1829175e-02;5.7500000e+01;-3.4251057e-02;5.7500000e+01;-8.0444001e-02;5.7500000e+01;-1.3146061e-01;5.7500000e+01;-6.8281211e-02;5.7500000e+01;-2.7506720e-02;5.7500000e+01;3.4759492e-02;5.7500000e+01;1.1924373e-01;5.7500000e+01;2.1821608e-01;5.7500000e+01;3.1121898e-01;5.7500000e+01;3.5463166e-01;5.7500000e+01;3.5637656e-01;5.7500000e+01;3.3778375e-01;5.7500000e+01;2.7482355e-01;5.7500000e+01;2.0311108e-01;5.7500000e+01;1.5352526e-01;5.7500000e+01;1.0587367e-01;5.7500000e+01;5.8686033e-02;5.7500000e+01;1.1829175e-02;5.7500000e+01;-3.4251057e-02;5.7500000e+01;-8.0444001e-02;5.7500000e+01;-1.3146061e-01;5.7500000e+01;-6.8281211e-02;5.7500000e+01;-2.7506720e-02;5.7500000e+01;3.4759492e-02;5.7500000e+01;1.1924373e-01;5.7500000e+01;2.1821608e-01;5.7500000e+01;3.1121898e-01;5.7500000e+01;3.5463166e-01;5.7500000e+01;3.5637656e-01;5.7500000e+01;3.3778375e-01;5.7500000e+01;2.7482355e-01;5.7500000e+01;2.0311108e-01;5.7500000e+01;1.5352526e-01;5.7500000e+01;1.0587367e-01;5.7500000e+01;5.8686033e-02;5.7500000e+01;1.1829175e-02;5.7500000e+01;-3.4251057e-02;5.7500000e+01;-8.0444001e-02;5.7500000e+01;-1.3146061e-01;5.7500000e+01;-6.8281211e-02;5.7500000e+01;-2.7506720e-02;5.7500000e+01;3.4759492e-02;5.7500000e+01;1.1924373e-01;5.7500000e+01;2.1821608e-01;5.7500000e+01;3.1121898e-01;5.7500000e+01;3.5463166e-01;5.7500000e+01;3.5637656e-01;5.7500000e+01;3.3778375e-01;5.7500000e+01;2.7482355e-01;5.7500000e+01;2.0311108e-01;5.7500000e+01;1.5352526e-01;5.7500000e+01;1.0587367e-01;5.7500000e+01;5.8686033e-02;5.7500000e+01;1.1829175e-02;5.7500000e+01;-3.4251057e-02;5.7500000e+01;-8.0444001e-02;5.7500000e+01;-1.3146061e-01;5.7500000e+01;-6.8281211e-02;5.7500000e+01;-2.7506720e-02;5.7500000e+01;3.4759492e-02;5.7500000e+01;1.1924373e-01;5.7500000e+01;2.1821608e-01;5.7500000e+01;3.1121898e-01;5.7500000e+01;3.5463166e-01;5.7500000e+01;3.5637656e-01;5.7500000e+01;3.3778375e-01;5.7500000e+01;2.7482355e-01;5.7500000e+01;2.0311108e-01;5.7500000e+01;1.5352526e-01;5.7500000e+01;1.0587367e-01;5.7500000e+01;5.8686033e-02;5.7500000e+01;1.1829175e-02;5.7500000e+01;-3.4251057e-02;5.7500000e+01;-8.0444001e-02;5.7500000e+01;-1.3146061e-01;5.7500000e+01;-6.8281211e-02;5.7500000e+01;-2.7506720e-02;5.7500000e+01;3.4759492e-02;5.7500000e+01;1.1924373e-01;5.7500000e+01;2.1821608e-01;5.7500000e+01;3.1121898e-01;5.7500000e+01;3.5463166e-01;5.7500000e+01;3.5637656e-01;5.7500000e+01;3.3778375e-01;5.7500000e+01;2.7482355e-01;5.7500000e+01;2.0311108e-01;5.7500000e+01;1.5352526e-01;5.7500000e+01;1.0587367e-01;5.7500000e+01;5.8686033e-02;5.7500000e+01;1.1829175e-02;5.7500000e+01;-3.4251057e-02;5.7500000e+01;-8.0444001e-02;5.7500000e+01;-1.3146061e-01;5.7500000e+01;-6.8281211e-02;5.7500000e+01;-2.7506720e-02;5.7500000e+01;3.4759492e-02;5.7500000e+01;1.1924373e-01;5.7500000e+01;2.1821608e-01;5.7500000e+01;3.1121898e-01;5.7500000e+01;3.5463166e-01;5.7500000e+01;3.5637656e-01;5.7500000e+01;3.3778375e-01;5.7500000e+01;2.7482355e-01;5.7500000e+01;2.0311108e-01;5.7500000e+01;1.5352526e-01;5.7500000e+01;1.0587367e-01;5.7500000e+01;5.8686033e-02;5.7500000e+01;1.1829175e-02;5.7500000e+01;-3.4251057e-02;5.7500000e+01;-8.0444001e-02;5.7500000e+01;-1.3146061e-01;5.7500000e+01;-6.8281211e-02;5.7500000e+01;-2.7506720e-02;5.7500000e+01;3.4759492e-02;5.7500000e+01;1.1924373e-01;5.7500000e+01;2.1821608e-01;5.7500000e+01;3.1121898e-01;5.7500000e+01;3.5463166e-01;5.7500000e+01;3.5637656e-01;5.7500000e+01;3.3778375e-01;5.7500000e+01;2.7482355e-01;5.7500000e+01;2.0311108e-01;5.7500000e+01;1.5352526e-01;5.7500000e+01;1.0587367e-01;5.7500000e+01;5.8686033e-02;5.7500000e+01;1.1829175e-02;5.7500000e+01;-3.4251057e-02;5.7500000e+01;-8.0444001e-02;5.7500000e+01;-1.3146061e-01;5.7500000e+01;-6.8281211e-02;5.7500000e+01;-2.7506720e-02;5.7500000e+01;3.4759492e-02;5.7500000e+01;1.1924373e-01;5.7500000e+01;2.1821608e-01;5.7500000e+01;3.1121898e-01;5.7500000e+01;3.5463166e-01;5.7500000e+01;3.5637656e-01;5.7500000e+01;3.3778375e-01;5.7500000e+01;2.7482355e-01;5.7500000e+01;2.0311108e-01;5.7500000e+01;1.5352526e-01;5.7500000e+01;1.0587367e-01;5.7500000e+01;5.8686033e-02;5.7500000e+01;1.1829175e-02;5.7500000e+01;-3.4251057e-02;5.7500000e+01;-8.0444001e-02;5.7500000e+01;-1.3146061e-01;5.7500000e+01;-6.8281211e-02;5.7500000e+01;-2.7506720e-02;5.7500000e+01;3.4759492e-02;5.7500000e+01;1.1924373e-01;5.7500000e+01;2.1821608e-01;5.7500000e+01;3.1121898e-01;5.7500000e+01;3.5463166e-01;5.7500000e+01;3.5637656e-01;5.7500000e+01;3.3778375e-01;5.7500000e+01;2.7482355e-01;5.7500000e+01;2.0311108e-01;5.7500000e+01;1.5352526e-01;5.7500000e+01;1.0587367e-01;5.7500000e+01;5.8686033e-02;5.7500000e+01;1.1829175e-02;5.7500000e+01;-3.4251057e-02;5.7500000e+01;-8.0444001e-02;5.7500000e+01;-1.3146061e-01;5.7500000e+01;-6.8281211e-02;5.7500000e+01;-2.7506720e-02;5.7500000e+01;3.4759492e-02;5.7500000e+01;1.1924373e-01;5.7500000e+01;2.1821608e-01;5.7500000e+01;3.1121898e-01;5.7500000e+01;3.5463166e-01;5.7500000e+01;3.5637656e-01;5.7500000e+01;3.3778375e-01;5.7500000e+01;2.7482355e-01;5.7500000e+01;2.0311108e-01;5.7500000e+01;1.5352526e-01;5.7500000e+01;1.0587367e-01;5.7500000e+01;5.8686033e-02;5.7500000e+01;1.1829175e-02;5.7500000e+01;-3.4251057e-02;5.7500000e+01;-8.0444001e-02;5.7500000e+01;-1.3146061e-01;5.7500000e+01;-6.8281211e-02;5.7500000e+01;-2.7506720e-02;5.7500000e+01;3.4759492e-02;5.7500000e+01;1.1924373e-01;5.7500000e+01;2.1821608e-01;5.7500000e+01;3.1121898e-01;5.7500000e+01;3.5463166e-01;5.7500000e+01;3.5637656e-01;5.7500000e+01;3.3778375e-01;5.7500000e+01;2.7482355e-01;5.7500000e+01;2.0311108e-01;5.7500000e+01;1.5352526e-01;5.7500000e+01;1.0587367e-01;5.7500000e+01;5.8686033e-02;5.7500000e+01;1.1829175e-02;5.7500000e+01;-3.4251057e-02;5.7500000e+01;-8.0444001e-02;5.7500000e+01;-1.3146061e-01;5.7500000e+01;-6.8281211e-02;5.7500000e+01;-2.7506720e-02;5.7500000e+01;3.4759492e-02;5.7500000e+01;1.1924373e-01;5.7500000e+01;2.1821608e-01;5.7500000e+01;3.1121898e-01;5.7500000e+01;3.5463166e-01;5.7500000e+01;3.5637656e-01;5.7500000e+01;3.3778375e-01;5.7500000e+01;2.7482355e-01;5.7500000e+01;2.0311108e-01;5.7500000e+01;1.5352526e-01;5.7500000e+01;1.0587367e-01;5.7500000e+01;5.8686033e-02;5.7500000e+01;1.1829175e-02;5.7500000e+01;-3.4251057e-02;5.7500000e+01;-8.0444001e-02;5.7500000e+01;-1.3146061e-01;5.7500000e+01;-6.8281211e-02;5.7500000e+01;-2.7506720e-02;5.7500000e+01;3.4759492e-02;5.7500000e+01;1.1924373e-01;5.7500000e+01;2.1821608e-01;5.7500000e+01;3.1121898e-01;5.7500000e+01;3.5463166e-01;5.7500000e+01;3.5637656e-01;5.7500000e+01;3.3778375e-01;5.7500000e+01;2.7482355e-01;5.7500000e+01;2.0311108e-01;5.7500000e+01;1.5352526e-01;5.7500000e+01;1.0587367e-01;5.7500000e+01;5.8686033e-02;5.7500000e+01;1.1829175e-02;5.7500000e+01;-3.4251057e-02;5.7500000e+01;-8.0444001e-02;5.7500000e+01;-1.3146061e-01;5.7500000e+01;-6.8281211e-02;5.7500000e+01;-2.7506720e-02;5.7500000e+01;3.4759492e-02;5.7500000e+01;1.1924373e-01;5.7500000e+01;2.1821608e-01;5.7500000e+01;3.1121898e-01;5.7500000e+01;3.5463166e-01;5.7500000e+01;3.5637656e-01;5.7500000e+01;3.3778375e-01;5.7500000e+01;2.7482355e-01;5.7500000e+01;2.0311108e-01;5.7500000e+01;1.5352526e-01;5.7500000e+01;1.0587367e-01;5.7500000e+01;5.8686033e-02;5.7500000e+01;1.1829175e-02;5.7500000e+01;-3.4251057e-02;5.7500000e+01;-8.0444001e-02;5.7500000e+01;-1.3146061e-01;5.7500000e+01;-6.8281211e-02;5.7500000e+01;-2.7506720e-02;5.7500000e+01;3.4759492e-02;5.7500000e+01;1.1924373e-01;5.7500000e+01;2.1821608e-01;5.7500000e+01;3.1121898e-01;5.7500000e+01;3.5463166e-01;5.7500000e+01;3.5637656e-01;5.7500000e+01;3.3778375e-01;5.7500000e+01;2.7482355e-01;5.7500000e+01;2.0311108e-01;5.7500000e+01;1.5352526e-01;5.7500000e+01;1.0587367e-01;5.7500000e+01;5.8686033e-02;5.7500000e+01;1.1829175e-02;5.7500000e+01;-3.4251057e-02;5.7500000e+01;-8.0444001e-02;5.7500000e+01;-1.3146061e-01;5.7500000e+01;-6.8281211e-02;5.7500000e+01;-2.7506720e-02;5.7500000e+01;3.4759492e-02;5.7500000e+01;1.1924373e-01;5.7500000e+01;2.1821608e-01;5.7500000e+01;3.1121898e-01;5.7500000e+01;3.5463166e-01;5.7500000e+01;3.5637656e-01;5.7500000e+01;3.3778375e-01;5.7500000e+01;2.7482355e-01;5.7500000e+01;2.0311108e-01;5.7500000e+01;1.5352526e-01;5.7500000e+01;1.0587367e-01;5.7500000e+01;5.8686033e-02;5.7500000e+01;1.1829175e-02;5.7500000e+01;-3.4251057e-02;5.7500000e+01;-8.0444001e-02;5.7500000e+01;-1.3146061e-01;5.7500000e+01;-6.8281211e-02;5.7500000e+01;-2.7506720e-02;5.7500000e+01;3.4759492e-02;5.7500000e+01;1.1924373e-01;5.7500000e+01;2.1821608e-01;5.7500000e+01;3.1121898e-01;5.7500000e+01;3.5463166e-01;5.7500000e+01;3.5637656e-01;5.7500000e+01;3.3778375e-01;5.7500000e+01;2.7482355e-01;5.7500000e+01;2.0311108e-01;5.7500000e+01;1.5352526e-01;5.7500000e+01;1.0587367e-01;5.7500000e+01;5.8686033e-02;5.7500000e+01;1.1829175e-02;5.7500000e+01;-3.4251057e-02;5.7500000e+01;-8.0444001e-02;5.7500000e+01;-1.3146061e-01;5.7500000e+01;-6.8281211e-02;5.7500000e+01;-2.7506720e-02;5.7500000e+01;3.4759492e-02;5.7500000e+01;1.1924373e-01;5.7500000e+01;2.1821608e-01;5.7500000e+01;3.1121898e-01;5.7500000e+01;3.5463166e-01;5.7500000e+01;3.5637656e-01;5.7500000e+01;3.3778375e-01;5.7500000e+01;2.7482355e-01;5.7500000e+01;2.0311108e-01;5.7500000e+01;1.5352526e-01;5.7500000e+01;1.0587367e-01;5.7500000e+01;5.8686033e-02;5.7500000e+01;1.1829175e-02;5.7500000e+01;-3.4251057e-02;5.7500000e+01;-8.0444001e-02;5.7500000e+01;-1.3146061e-01;5.7500000e+01;-6.8281211e-02;5.7500000e+01;-2.7506720e-02;5.7500000e+01;3.4759492e-02;5.7500000e+01;1.1924373e-01;5.7500000e+01;2.1821608e-01;5.7500000e+01;3.1121898e-01;5.7500000e+01;3.5463166e-01;5.7500000e+01;3.5637656e-01;5.7500000e+01;3.3778375e-01;5.7500000e+01;2.7482355e-01;5.7500000e+01;2.0311108e-01;5.7500000e+01;1.5352526e-01;5.7500000e+01;1.0587367e-01;5.7500000e+01;5.8686033e-02;5.7500000e+01;1.1829175e-02;5.7500000e+01;-3.4251057e-02;5.7500000e+01;-8.0444001e-02;5.7500000e+01;-1.3146061e-01;5.7500000e+01;-6.8281211e-02;5.7500000e+01;-2.7506720e-02;5.7500000e+01;3.4759492e-02;5.7500000e+01;1.1924373e-01;5.7500000e+01;2.1821608e-01;5.7500000e+01;3.1121898e-01;5.7500000e+01;3.5463166e-01;5.7500000e+01;3.5637656e-01;5.7500000e+01;3.3778375e-01;5.7500000e+01;2.7482355e-01;5.7500000e+01;2.0311108e-01;5.7500000e+01;1.5352526e-01;5.7500000e+01;1.0587367e-01;5.7500000e+01;5.8686033e-02;5.7500000e+01;1.1829175e-02;5.7500000e+01;-3.4251057e-02;5.7500000e+01;-8.0444001e-02;5.7500000e+01;-1.3146061e-01;5.7500000e+01;-6.8281211e-02;5.7500000e+01;-2.7506720e-02;5.7500000e+01;3.4759492e-02;5.7500000e+01;1.1924373e-01;5.7500000e+01;2.1821608e-01;5.7500000e+01;3.1121898e-01;5.7500000e+01;3.5463166e-01;5.7500000e+01;3.5637656e-01;5.7500000e+01;3.3778375e-01;5.7500000e+01;2.7482355e-01;5.7500000e+01;2.0311108e-01;5.7500000e+01;1.5352526e-01;5.7500000e+01;1.0587367e-01;5.7500000e+01;5.8686033e-02;5.7500000e+01;1.1829175e-02;5.7500000e+01;-3.4251057e-02;5.7500000e+01;-8.0444001e-02;5.7500000e+01;-1.3146061e-01;5.7500000e+01;-6.8281211e-02;5.7500000e+01;-2.7506720e-02;5.7500000e+01;3.4759492e-02;5.7500000e+01;1.1924373e-01;5.7500000e+01;2.1821608e-01;5.7500000e+01;3.1121898e-01;5.7500000e+01;3.5463166e-01;5.7500000e+01;3.5637656e-01;5.7500000e+01;3.3778375e-01;5.7500000e+01;2.7482355e-01;5.7500000e+01;2.0311108e-01;5.7500000e+01;1.5352526e-01;5.7500000e+01;1.0587367e-01;5.7500000e+01;5.8686033e-02;5.7500000e+01;1.1829175e-02;5.7500000e+01;-3.4251057e-02;5.7500000e+01;-8.0444001e-02;5.7500000e+01;-1.3146061e-01;5.7500000e+01;-6.8281211e-02;5.7500000e+01;-2.7506720e-02;5.7500000e+01;3.4759492e-02;5.7500000e+01;1.1924373e-01;5.7500000e+01;2.1821608e-01;5.7500000e+01;3.1121898e-01;5.7500000e+01;3.5463166e-01;5.7500000e+01;3.5637656e-01;5.7500000e+01;3.3778375e-01;5.7500000e+01;2.7482355e-01;5.7500000e+01;2.0311108e-01;5.7500000e+01;1.5352526e-01;5.7500000e+01;1.0587367e-01;5.7500000e+01;5.8686033e-02;5.7500000e+01;1.1829175e-02;5.7500000e+01;-3.4251057e-02;5.7500000e+01;-8.0444001e-02;5.7500000e+01;-1.3146061e-01;5.7500000e+01;-6.8281211e-02;5.7500000e+01;-2.7506720e-02;5.7500000e+01;3.4759492e-02;5.7500000e+01;1.1924373e-01;5.7500000e+01;2.1821608e-01;5.7500000e+01;3.1121898e-01;5.7500000e+01;3.5463166e-01;5.7500000e+01;3.5637656e-01;5.7500000e+01;3.3778375e-01;5.7500000e+01;2.7482355e-01;5.7500000e+01;2.0311108e-01;5.7500000e+01;1.5352526e-01;5.7500000e+01;1.0587367e-01;5.7500000e+01;5.8686033e-02;5.7500000e+01;1.1829175e-02;5.7500000e+01;-3.4251057e-02;5.7500000e+01;-8.0444001e-02;5.7500000e+01;-1.3146061e-01;5.7500000e+01;-6.8281211e-02;5.7500000e+01;-2.7506720e-02;5.7500000e+01;3.4759492e-02;5.7500000e+01;1.1924373e-01;5.7500000e+01;2.1821608e-01;5.7500000e+01;3.1121898e-01;5.7500000e+01;3.5463166e-01;5.7500000e+01;3.5637656e-01;5.7500000e+01;3.3778375e-01;5.7500000e+01;2.7482355e-01;5.7500000e+01;2.0311108e-01;5.7500000e+01;1.5352526e-01;5.7500000e+01;1.0587367e-01;5.7500000e+01;5.8686033e-02;5.7500000e+01;1.1829175e-02;5.7500000e+01;-3.4251057e-02;5.7500000e+01;-8.0444001e-02;5.7500000e+01;-1.3146061e-01;5.7500000e+01;-6.8281211e-02;5.7500000e+01;-2.7506720e-02;5.7500000e+01;3.4759492e-02;5.7500000e+01;1.1924373e-01;5.7500000e+01;2.1821608e-01;5.7500000e+01;3.1121898e-01;5.7500000e+01;3.5463166e-01;5.7500000e+01;3.5637656e-01;5.7500000e+01;3.3778375e-01;5.7500000e+01;2.7482355e-01;5.7500000e+01;2.0311108e-01;5.7500000e+01;1.5352526e-01;5.7500000e+01;1.0587367e-01;5.7500000e+01;5.8686033e-02;5.7500000e+01;1.1829175e-02;5.7500000e+01;-3.4251057e-02;5.7500000e+01;-8.0444001e-02;5.7500000e+01;-1.3146061e-01;5.7500000e+01;-6.8281211e-02;5.7500000e+01;-2.7506720e-02;5.7500000e+01;3.4759492e-02;5.7500000e+01;1.1924373e-01;5.7500000e+01;2.1821608e-01;5.7500000e+01;3.1121898e-01;5.7500000e+01;3.5463166e-01;5.7500000e+01;3.5637656e-01;5.7500000e+01;3.3778375e-01;5.7500000e+01;2.7482355e-01;5.7500000e+01;2.0311108e-01;5.7500000e+01;1.5352526e-01;5.7500000e+01;1.0587367e-01;5.7500000e+01;5.8686033e-02;5.7500000e+01;1.1829175e-02;5.7500000e+01;-3.4251057e-02;5.7500000e+01;-8.0444001e-02;5.7500000e+01;-1.3146061e-01;5.7500000e+01;-6.8281211e-02;5.7500000e+01;-2.7506720e-02;5.7500000e+01;3.4759492e-02;5.7500000e+01;1.1924373e-01;5.7500000e+01;2.1821608e-01;5.7500000e+01;3.1121898e-01;5.7500000e+01;3.5463166e-01;5.7500000e+01;3.5637656e-01;5.7500000e+01;3.3778375e-01;5.7500000e+01;2.7482355e-01;5.7500000e+01;2.0311108e-01;5.7500000e+01;1.5352526e-01;5.7500000e+01;1.0587367e-01;5.7500000e+01;5.8686033e-02;5.7500000e+01;1.1829175e-02;5.7500000e+01;-3.4251057e-02;5.7500000e+01;-8.0444001e-02;5.7500000e+01;-1.3146061e-01;5.7500000e+01;-6.8281211e-02;5.7500000e+01;-2.7506720e-02;5.7500000e+01;3.4759492e-02;5.7500000e+01;1.1924373e-01;5.7500000e+01;2.1821608e-01;5.7500000e+01;3.1121898e-01;5.7500000e+01;3.5463166e-01;5.7500000e+01;3.5637656e-01;5.7500000e+01;3.3778375e-01;5.7500000e+01;2.7482355e-01;5.7500000e+01;2.0311108e-01;5.7500000e+01;1.5352526e-01;5.7500000e+01;1.0587367e-01;5.7500000e+01;5.8686033e-02;5.7500000e+01;1.1829175e-02;5.7500000e+01;-3.4251057e-02;5.7500000e+01;-8.0444001e-02;5.7500000e+01;-1.3146061e-01;5.7500000e+01;-6.8281211e-02;5.7500000e+01;-2.7506720e-02;5.7500000e+01;3.4759492e-02;5.7500000e+01;1.1924373e-01;5.7500000e+01;2.1821608e-01;5.7500000e+01;3.1121898e-01;5.7500000e+01;3.5463166e-01;5.7500000e+01;3.5637656e-01;5.7500000e+01;3.3778375e-01;5.7500000e+01;2.7482355e-01;5.7500000e+01;2.0311108e-01;5.7500000e+01;1.5352526e-01;5.7500000e+01;1.0587367e-01;5.7500000e+01;5.8686033e-02;5.7500000e+01;1.1829175e-02;5.7500000e+01;-3.4251057e-02;5.7500000e+01;-8.0444001e-02;5.7500000e+01;-1.3146061e-01;5.7500000e+01;-6.8281211e-02;5.7500000e+01;-2.7506720e-02;5.7500000e+01;3.4759492e-02;5.7500000e+01;1.1924373e-01;5.7500000e+01;2.1821608e-01;5.7500000e+01;3.1121898e-01;5.7500000e+01;3.5463166e-01;5.7500000e+01;3.5637656e-01;5.7500000e+01;3.3778375e-01;5.7500000e+01;2.7482355e-01;5.7500000e+01;2.0311108e-01;5.7500000e+01;1.5352526e-01;5.7500000e+01;1.0587367e-01;5.7500000e+01;5.8686033e-02;5.7500000e+01;1.1829175e-02;5.7500000e+01;-3.4251057e-02;5.7500000e+01;-8.0444001e-02;5.7500000e+01;-1.3146061e-01;5.7500000e+01;-6.8281211e-02;5.7500000e+01;-2.7506720e-02;5.7500000e+01;3.4759492e-02;5.7500000e+01;1.1924373e-01;5.7500000e+01;2.1821608e-01;5.7500000e+01;3.1121898e-01;5.7500000e+01;3.5463166e-01;5.7500000e+01;3.5637656e-01;5.7500000e+01;3.3778375e-01;5.7500000e+01;2.7482355e-01;5.7500000e+01;2.0311108e-01;5.7500000e+01;1.5352526e-01;5.7500000e+01;1.0587367e-01;5.7500000e+01;5.8686033e-02;5.7500000e+01;1.1829175e-02;5.7500000e+01;-3.4251057e-02;5.7500000e+01;-8.0444001e-02;5.7500000e+01;-1.3146061e-01;5.7500000e+01;-6.8281211e-02;5.7500000e+01;-2.7506720e-02;5.7500000e+01;3.4759492e-02;5.7500000e+01;1.1924373e-01;5.7500000e+01;2.1821608e-01;5.7500000e+01;3.1121898e-01;5.7500000e+01;3.5463166e-01;5.7500000e+01;3.5637656e-01;5.7500000e+01;3.3778375e-01;5.7500000e+01;2.7482355e-01;5.7500000e+01;2.0311108e-01;5.7500000e+01;1.5352526e-01;5.7500000e+01;1.0587367e-01;5.7500000e+01;5.8686033e-02;5.7500000e+01;1.1829175e-02;5.7500000e+01;-3.4251057e-02;5.7500000e+01;-8.0444001e-02;5.7500000e+01;-1.3146061e-01;5.7500000e+01;-6.8281211e-02;5.7500000e+01;-2.7506720e-02;5.7500000e+01;3.4759492e-02;5.7500000e+01;1.1924373e-01;5.7500000e+01;2.1821608e-01;5.7500000e+01;3.1121898e-01;5.7500000e+01;3.5463166e-01;5.7500000e+01;3.5637656e-01;5.7500000e+01;3.3778375e-01;5.7500000e+01;2.7482355e-01;5.7500000e+01;2.0311108e-01;5.7500000e+01;1.5352526e-01;5.7500000e+01;1.0587367e-01;5.7500000e+01;5.8686033e-02;5.7500000e+01;1.1829175e-02;5.7500000e+01;-3.4251057e-02;5.7500000e+01;-8.0444001e-02;5.7500000e+01;-1.3146061e-01;5.7500000e+01;-6.8281211e-02;5.7500000e+01;-2.7506720e-02;5.7500000e+01;3.4759492e-02;5.7500000e+01;1.1924373e-01;5.7500000e+01;2.1821608e-01;5.7500000e+01;3.1121898e-01;5.7500000e+01;3.5463166e-01;5.7500000e+01;3.5637656e-01;5.7500000e+01;3.3778375e-01;5.7500000e+01;2.7482355e-01;5.7500000e+01;2.0311108e-01;5.7500000e+01;1.5352526e-01;5.7500000e+01;1.0587367e-01;5.7500000e+01;5.8686033e-02;5.7500000e+01;1.1829175e-02;5.7500000e+01;-3.4251057e-02;5.7500000e+01;-8.0444001e-02;5.7500000e+01;-1.3146061e-01;5.7500000e+01;-6.8281211e-02;5.7500000e+01;-2.7506720e-02;5.7500000e+01;3.4759492e-02;5.7500000e+01;1.1924373e-01;5.7500000e+01;2.1821608e-01;5.7500000e+01;3.1121898e-01;5.7500000e+01;3.5463166e-01;5.7500000e+01;3.5637656e-01;5.7500000e+01;3.3778375e-01;5.7500000e+01;2.7482355e-01;5.7500000e+01;2.0311108e-01;5.7500000e+01;1.5352526e-01;5.7500000e+01;1.0587367e-01;5.7500000e+01;5.8686033e-02;5.7500000e+01;1.1829175e-02;5.7500000e+01;-3.4251057e-02;5.7500000e+01;-8.0444001e-02;5.7500000e+01;-1.3146061e-01;5.7500000e+01;-6.8281211e-02;5.7500000e+01;-2.7506720e-02;5.7500000e+01;3.4759492e-02;5.7500000e+01;1.1924373e-01;5.7500000e+01;2.1821608e-01;5.7500000e+01;3.1121898e-01;5.7500000e+01;3.5463166e-01;5.7500000e+01;3.5637656e-01;5.7500000e+01;3.3778375e-01;5.7500000e+01;2.7482355e-01;5.7500000e+01;2.0311108e-01;5.7500000e+01;1.5352526e-01;5.7500000e+01;1.0587367e-01;5.7500000e+01;5.8686033e-02;5.7500000e+01;1.1829175e-02;5.7500000e+01;-3.4251057e-02;5.7500000e+01;-8.0444001e-02;5.7500000e+01;-1.3146061e-01;5.7500000e+01;-6.8281211e-02;5.7500000e+01;-2.7506720e-02;5.7500000e+01;3.4759492e-02;5.7500000e+01;1.1924373e-01;5.7500000e+01;2.1821608e-01;5.7500000e+01;3.1121898e-01;5.7500000e+01;3.5463166e-01;5.7500000e+01;3.5637656e-01;5.7500000e+01;3.3778375e-01;5.7500000e+01;2.7482355e-01;5.7500000e+01;2.0311108e-01;5.7500000e+01;1.5352526e-01;5.7500000e+01;1.0587367e-01;5.7500000e+01;5.8686033e-02;5.7500000e+01;1.1829175e-02;5.7500000e+01;-3.4251057e-02;5.7500000e+01;-8.0444001e-02;5.7500000e+01;-1.3146061e-01;5.7500000e+01;-6.8281211e-02;5.7500000e+01;-2.7506720e-02;5.7500000e+01;3.4759492e-02;5.7500000e+01;1.1924373e-01;5.7500000e+01;2.1821608e-01;5.7500000e+01;3.1121898e-01;5.7500000e+01;3.5463166e-01;5.7500000e+01;3.5637656e-01;5.7500000e+01;3.3778375e-01;5.7500000e+01;2.7482355e-01;5.7500000e+01;2.0311108e-01;5.7500000e+01;1.5352526e-01;5.7500000e+01;1.0587367e-01;5.7500000e+01;5.8686033e-02;5.7500000e+01;1.1829175e-02;5.7500000e+01;-3.4251057e-02;5.7500000e+01;-8.0444001e-02;5.7500000e+01;-1.3146061e-01;5.7500000e+01;-6.8281211e-02;5.7500000e+01;-2.7506720e-02;5.7500000e+01;3.4759492e-02;5.7500000e+01;1.1924373e-01;5.7500000e+01;2.1821608e-01;5.7500000e+01;3.1121898e-01;5.7500000e+01;3.5463166e-01;5.7500000e+01;3.5637656e-01;5.7500000e+01;3.3778375e-01;5.7500000e+01;2.7482355e-01;5.7500000e+01;2.0311108e-01;5.7500000e+01;1.5352526e-01;5.7500000e+01;1.0587367e-01;5.7500000e+01;5.8686033e-02;5.7500000e+01;1.1829175e-02;5.7500000e+01;-3.4251057e-02;5.7500000e+01;-8.0444001e-02;5.7500000e+01;-1.3146061e-01;5.7500000e+01;-6.8281211e-02;5.7500000e+01;-2.7506720e-02;5.7500000e+01;3.4759492e-02;5.7500000e+01;1.1924373e-01;5.7500000e+01;2.1821608e-01;5.7500000e+01;3.1121898e-01;5.7500000e+01;3.5463166e-01;5.7500000e+01;3.5637656e-01;5.7500000e+01;3.3778375e-01;5.7500000e+01;2.7482355e-01;5.7500000e+01;2.0311108e-01;5.7500000e+01;1.5352526e-01;5.7500000e+01;1.0587367e-01;5.7500000e+01;5.8686033e-02;5.7500000e+01;1.1829175e-02;5.7500000e+01;-3.4251057e-02;5.7500000e+01;-8.0444001e-02;5.7500000e+01;-1.3146061e-01;5.7500000e+01;-6.8281211e-02;5.7500000e+01;-2.7506720e-02;5.7500000e+01;3.4759492e-02;5.7500000e+01;1.1924373e-01;5.7500000e+01;2.1821608e-01;5.7500000e+01;3.1121898e-01;5.7500000e+01;3.5463166e-01;5.7500000e+01;3.5637656e-01;5.7500000e+01;3.3778375e-01;5.7500000e+01;2.7482355e-01;5.7500000e+01;2.0311108e-01;5.7500000e+01;1.5352526e-01;5.7500000e+01;1.0587367e-01;5.7500000e+01;5.8686033e-02;5.7500000e+01;1.1829175e-02;5.7500000e+01;-3.4251057e-02;5.7500000e+01;-8.0444001e-02;5.7500000e+01;-1.3146061e-01;5.7500000e+01;-6.8281211e-02;5.7500000e+01;-2.7506720e-02;5.7500000e+01;3.4759492e-02;5.7500000e+01;1.1924373e-01;5.7500000e+01;2.1821608e-01;5.7500000e+01;3.1121898e-01;5.7500000e+01;3.5463166e-01;5.7500000e+01;3.5637656e-01;5.7500000e+01;3.3778375e-01;5.7500000e+01;2.7482355e-01;5.7500000e+01;2.0311108e-01;5.7500000e+01;1.5352526e-01;5.7500000e+01;1.0587367e-01;5.7500000e+01;5.8686033e-02;5.7500000e+01;1.1829175e-02;5.7500000e+01;-3.4251057e-02;5.7500000e+01;-8.0444001e-02;5.7500000e+01;-1.3146061e-01;5.7500000e+01;-6.8281211e-02;5.7500000e+01;-2.7506720e-02;5.7500000e+01;3.4759492e-02;5.7500000e+01;1.1924373e-01;5.7500000e+01;2.1821608e-01;5.7500000e+01;3.1121898e-01;5.7500000e+01;3.5463166e-01;5.7500000e+01;3.5637656e-01;5.7500000e+01;3.3778375e-01;5.7500000e+01;2.7482355e-01;5.7500000e+01;2.0311108e-01;5.7500000e+01;1.5352526e-01;5.7500000e+01;1.0587367e-01;5.7500000e+01;5.8686033e-02;5.7500000e+01;1.1829175e-02;5.7500000e+01;-3.4251057e-02;5.7500000e+01;-8.0444001e-02;5.7500000e+01;-1.3146061e-01;5.7500000e+01;-6.8281211e-02;5.7500000e+01;-2.7506720e-02;5.7500000e+01;3.4759492e-02;5.7500000e+01;1.1924373e-01;5.7500000e+01;2.1821608e-01;5.7500000e+01;3.1121898e-01;5.7500000e+01;3.5463166e-01;5.7500000e+01;3.5637656e-01;5.7500000e+01;3.3778375e-01;5.7500000e+01;2.7482355e-01;5.7500000e+01;2.0311108e-01;5.7500000e+01;1.5352526e-01;5.7500000e+01;1.0587367e-01;5.7500000e+01;5.8686033e-02;5.7500000e+01;1.1829175e-02;5.7500000e+01;-3.4251057e-02;5.7500000e+01;-8.0444001e-02;5.7500000e+01;-1.3146061e-01;5.7500000e+01;-6.8281211e-02;5.7500000e+01;-2.7506720e-02;5.7500000e+01;3.4759492e-02;5.7500000e+01;1.1924373e-01;5.7500000e+01;2.1821608e-01;5.7500000e+01;3.1121898e-01;5.7500000e+01;3.5463166e-01;5.7500000e+01;3.5637656e-01;5.7500000e+01;3.3778375e-01;5.7500000e+01;2.7482355e-01;5.7500000e+01;2.0311108e-01;5.7500000e+01;1.5352526e-01;5.7500000e+01;1.0587367e-01;5.7500000e+01;5.8686033e-02;5.7500000e+01;1.1829175e-02;5.7500000e+01;-3.4251057e-02;5.7500000e+01;-8.0444001e-02;5.7500000e+01;-1.3146061e-01;5.7500000e+01;-6.8281211e-02;5.7500000e+01;-2.7506720e-02;5.7500000e+01;3.4759492e-02;5.7500000e+01;1.1924373e-01;5.7500000e+01;2.1821608e-01;5.7500000e+01;3.1121898e-01;5.7500000e+01;3.5463166e-01;5.7500000e+01;3.5637656e-01;5.7500000e+01;3.3778375e-01;5.7500000e+01;2.7482355e-01;5.7500000e+01;2.0311108e-01;5.7500000e+01;1.5352526e-01;5.7500000e+01;1.0587367e-01;5.7500000e+01;5.8686033e-02;5.7500000e+01;1.1829175e-02;5.7500000e+01;-3.4251057e-02;5.7500000e+01;-8.0444001e-02;5.7500000e+01;-1.3146061e-01;5.7500000e+01;-6.8281211e-02;5.7500000e+01;-2.7506720e-02;5.7500000e+01;3.4759492e-02;5.7500000e+01;1.1924373e-01;5.7500000e+01;2.1821608e-01;5.7500000e+01;3.1121898e-01;5.7500000e+01;3.5463166e-01;5.7500000e+01;3.5637656e-01;5.7500000e+01;3.3778375e-01;5.7500000e+01;2.7482355e-01;5.7500000e+01;2.0311108e-01;5.7500000e+01;1.5352526e-01;5.7500000e+01;1.0587367e-01;5.7500000e+01;5.8686033e-02;5.7500000e+01;1.1829175e-02;5.7500000e+01;-3.4251057e-02;5.7500000e+01;-8.0444001e-02;5.7500000e+01;-1.3146061e-01;5.7500000e+01;-6.8281211e-02;5.7500000e+01;-2.7506720e-02;5.7500000e+01;3.4759492e-02;5.7500000e+01;1.1924373e-01;5.7500000e+01;2.1821608e-01;5.7500000e+01;3.1121898e-01;5.7500000e+01;3.5463166e-01;5.7500000e+01;3.5637656e-01;5.7500000e+01;3.3778375e-01;5.7500000e+01;2.7482355e-01;5.7500000e+01;2.0311108e-01;5.7500000e+01;1.5352526e-01;5.7500000e+01;1.0587367e-01;5.7500000e+01;5.8686033e-02;5.7500000e+01;1.1829175e-02;5.7500000e+01;-3.4251057e-02;5.7500000e+01;-8.0444001e-02;5.7500000e+01;-1.3146061e-01;5.7500000e+01;-6.8281211e-02;5.7500000e+01;-2.7506720e-02;5.7500000e+01;3.4759492e-02;5.7500000e+01;1.1924373e-01;5.7500000e+01;2.1821608e-01;5.7500000e+01;3.1121898e-01;5.7500000e+01;3.5463166e-01;5.7500000e+01;3.5637656e-01;5.7500000e+01;3.3778375e-01;5.7500000e+01;2.7482355e-01;5.7500000e+01;2.0311108e-01;5.7500000e+01;1.5352526e-01;5.7500000e+01;1.0587367e-01;5.7500000e+01;5.8686033e-02;5.7500000e+01;1.1829175e-02;5.7500000e+01;-3.4251057e-02;5.7500000e+01;-8.0444001e-02;5.7500000e+01;-1.3146061e-01;5.7500000e+01;-6.8281211e-02;5.7500000e+01;-2.7506720e-02;5.7500000e+01;3.4759492e-02;5.7500000e+01;1.1924373e-01;5.7500000e+01;2.1821608e-01;5.7500000e+01;3.1121898e-01;5.7500000e+01;3.5463166e-01;5.7500000e+01;3.5637656e-01;5.7500000e+01;3.3778375e-01;5.7500000e+01;2.7482355e-01;5.7500000e+01;2.0311108e-01;5.7500000e+01;1.5352526e-01;5.7500000e+01;1.0587367e-01;5.7500000e+01;5.8686033e-02;5.7500000e+01;1.1829175e-02;5.7500000e+01;-3.4251057e-02;5.7500000e+01;-8.0444001e-02;5.7500000e+01;-1.3146061e-01;5.7500000e+01;-6.8281211e-02;5.7500000e+01;-2.7506720e-02;5.7500000e+01;3.4759492e-02;5.7500000e+01;1.1924373e-01;5.7500000e+01;2.1821608e-01;5.7500000e+01;3.1121898e-01;5.7500000e+01;3.5463166e-01;5.7500000e+01;3.5637656e-01;5.7500000e+01;3.3778375e-01;5.7500000e+01;2.7482355e-01;5.7500000e+01;2.0311108e-01;5.7500000e+01;1.5352526e-01;5.7500000e+01;1.0587367e-01;5.7500000e+01;5.8686033e-02;5.7500000e+01;1.1829175e-02;5.7500000e+01;-3.4251057e-02;5.7500000e+01;-8.0444001e-02;5.7500000e+01;-1.3146061e-01;5.7500000e+01;-6.8281211e-02;5.7500000e+01;-2.7506720e-02;5.7500000e+01;3.4759492e-02;5.7500000e+01;1.1924373e-01;5.7500000e+01;2.1821608e-01;5.7500000e+01;3.1121898e-01;5.7500000e+01;3.5463166e-01;5.7500000e+01;3.5637656e-01;5.7500000e+01;3.3778375e-01;5.7500000e+01;2.7482355e-01;5.7500000e+01;2.0311108e-01;5.7500000e+01;1.5352526e-01;5.7500000e+01;1.0587367e-01;5.7500000e+01;5.8686033e-02;5.7500000e+01;1.1829175e-02;5.7500000e+01;-3.4251057e-02;5.7500000e+01;-8.0444001e-02;5.7500000e+01;-1.3146061e-01;5.7500000e+01;-6.8281211e-02;5.7500000e+01;-2.7506720e-02;5.7500000e+01;3.4759492e-02;5.7500000e+01;1.1924373e-01;5.7500000e+01;2.1821608e-01;5.7500000e+01;3.1121898e-01;5.7500000e+01;3.5463166e-01;5.7500000e+01;3.5637656e-01;5.7500000e+01;3.3778375e-01;5.7500000e+01;2.7482355e-01;5.7500000e+01;2.0311108e-01;5.7500000e+01;1.5352526e-01;5.7500000e+01;1.0587367e-01;5.7500000e+01;5.8686033e-02;5.7500000e+01;1.1829175e-02;5.7500000e+01;-3.4251057e-02;5.7500000e+01;-8.0444001e-02;5.7500000e+01;-1.3146061e-01;5.7500000e+01;-6.8281211e-02;5.7500000e+01;-2.7506720e-02;5.7500000e+01;3.4759492e-02;5.7500000e+01;1.1924373e-01;5.7500000e+01;2.1821608e-01;5.7500000e+01;3.1121898e-01;5.7500000e+01;3.5463166e-01;5.7500000e+01;3.5637656e-01;5.7500000e+01;3.3778375e-01;5.7500000e+01;2.7482355e-01;5.7500000e+01;2.0311108e-01;5.7500000e+01;1.5352526e-01;5.7500000e+01;1.0587367e-01;5.7500000e+01;5.8686033e-02;5.7500000e+01;1.1829175e-02;5.7500000e+01;-3.4251057e-02;5.7500000e+01;-8.0444001e-02;5.7500000e+01;-1.3146061e-01;5.7500000e+01;-6.8281211e-02;5.7500000e+01;-2.7506720e-02;5.7500000e+01;3.4759492e-02;5.7500000e+01;1.1924373e-01;5.7500000e+01;2.1821608e-01;5.7500000e+01;3.1121898e-01;5.7500000e+01;3.5463166e-01;5.7500000e+01;3.5637656e-01;5.7500000e+01;3.3778375e-01;5.7500000e+01;2.7482355e-01;5.7500000e+01;2.0311108e-01;5.7500000e+01;1.5352526e-01;5.7500000e+01;1.0587367e-01;5.7500000e+01;5.8686033e-02;5.7500000e+01;1.1829175e-02;5.7500000e+01;-3.4251057e-02;5.7500000e+01;-8.0444001e-02;5.7500000e+01;-1.3146061e-01;5.7500000e+01;-6.8281211e-02;5.7500000e+01;-2.7506720e-02;5.7500000e+01;3.4759492e-02;5.7500000e+01;1.1924373e-01;5.7500000e+01;2.1821608e-01;5.7500000e+01;3.1121898e-01;5.7500000e+01;3.5463166e-01;5.7500000e+01;3.5637656e-01;5.7500000e+01;3.3778375e-01;5.7500000e+01;2.7482355e-01;5.7500000e+01;2.0311108e-01;5.7500000e+01;1.5352526e-01;5.7500000e+01;1.0587367e-01;5.7500000e+01;5.8686033e-02;5.7500000e+01;1.1829175e-02;5.7500000e+01;-3.4251057e-02;5.7500000e+01;-8.0444001e-02;5.7500000e+01;-1.3146061e-01;5.7500000e+01;-6.8281211e-02;5.7500000e+01;-2.7506720e-02;5.7500000e+01;3.4759492e-02;5.7500000e+01;1.1924373e-01;5.7500000e+01;2.1821608e-01;5.7500000e+01;3.1121898e-01;5.7500000e+01;3.5463166e-01;5.7500000e+01;3.5637656e-01;5.7500000e+01;3.3778375e-01;5.7500000e+01;2.7482355e-01;5.7500000e+01;2.0311108e-01;5.7500000e+01;1.5352526e-01;5.7500000e+01;1.0587367e-01;5.7500000e+01;5.8686033e-02;5.7500000e+01;1.1829175e-02;5.7500000e+01;-3.4251057e-02;5.7500000e+01;-8.0444001e-02;5.7500000e+01;-1.3146061e-01;5.7500000e+01;-6.8281211e-02;5.7500000e+01;-2.7506720e-02;5.7500000e+01;3.4759492e-02;5.7500000e+01;1.1924373e-01;5.7500000e+01;2.1821608e-01;5.7500000e+01;3.1121898e-01;5.7500000e+01;3.5463166e-01;5.7500000e+01;3.5637656e-01;5.7500000e+01;3.3778375e-01;5.7500000e+01;2.7482355e-01;5.7500000e+01;2.0311108e-01;5.7500000e+01;1.5352526e-01;5.7500000e+01;1.0587367e-01;5.7500000e+01;5.8686033e-02;5.7500000e+01;1.1829175e-02;5.7500000e+01;-3.4251057e-02;5.7500000e+01;-8.0444001e-02;5.7500000e+01;-1.3146061e-01;5.7500000e+01;-6.8281211e-02;5.7500000e+01;-2.7506720e-02;5.7500000e+01;3.4759492e-02;5.7500000e+01;1.1924373e-01;5.7500000e+01;2.1821608e-01;5.7500000e+01;3.1121898e-01;5.7500000e+01;3.5463166e-01;5.7500000e+01;3.5637656e-01;5.7500000e+01;3.3778375e-01;5.7500000e+01;2.7482355e-01;5.7500000e+01;2.0311108e-01;5.7500000e+01;1.5352526e-01;5.7500000e+01;1.0587367e-01;5.7500000e+01;5.8686033e-02;5.7500000e+01;1.1829175e-02;5.7500000e+01;-3.4251057e-02;5.7500000e+01;-8.0444001e-02;5.7500000e+01;-1.3146061e-01;5.7500000e+01;-6.8281211e-02;5.7500000e+01;-2.7506720e-02;5.7500000e+01;3.4759492e-02;5.7500000e+01;1.1924373e-01;5.7500000e+01;2.1821608e-01;5.7500000e+01;3.1121898e-01;5.7500000e+01;3.5463166e-01;5.7500000e+01;3.5637656e-01;5.7500000e+01;3.3778375e-01;5.7500000e+01;2.7482355e-01;5.7500000e+01;2.0311108e-01;5.7500000e+01;1.5352526e-01;5.7500000e+01;1.0587367e-01;5.7500000e+01;5.8686033e-02;5.7500000e+01;1.1829175e-02;5.7500000e+01;-3.4251057e-02;5.7500000e+01;-8.0444001e-02;5.7500000e+01;-1.3146061e-01;5.7500000e+01;-6.8281211e-02;5.7500000e+01;-2.7506720e-02;5.7500000e+01;3.4759492e-02;5.7500000e+01;1.1924373e-01;5.7500000e+01;2.1821608e-01;5.7500000e+01;3.1121898e-01;5.7500000e+01;3.5463166e-01;5.7500000e+01;3.5637656e-01;5.7500000e+01;3.3778375e-01;5.7500000e+01;2.7482355e-01;5.7500000e+01;2.0311108e-01;5.7500000e+01;1.5352526e-01;5.7500000e+01;1.0587367e-01;5.7500000e+01;5.8686033e-02;5.7500000e+01;1.1829175e-02;5.7500000e+01;-3.4251057e-02;5.7500000e+01;-8.0444001e-02;5.7500000e+01;-1.3146061e-01;5.7500000e+01;-6.8281211e-02;5.7500000e+01;-2.7506720e-02;5.7500000e+01;3.4759492e-02;5.7500000e+01;1.1924373e-01;5.7500000e+01;2.1821608e-01;5.7500000e+01;3.1121898e-01;5.7500000e+01;3.5463166e-01;5.7500000e+01;3.5637656e-01;5.7500000e+01;3.3778375e-01;5.7500000e+01;2.7482355e-01;5.7500000e+01;2.0311108e-01;5.7500000e+01;1.5352526e-01;5.7500000e+01;1.0587367e-01;5.7500000e+01;5.8686033e-02;5.7500000e+01;1.1829175e-02;5.7500000e+01;-3.4251057e-02;5.7500000e+01;-8.0444001e-02;5.7500000e+01;-1.3146061e-01;5.7500000e+01;-6.8281211e-02;5.7500000e+01;-2.7506720e-02;5.7500000e+01;3.4759492e-02;5.7500000e+01;1.1924373e-01;5.7500000e+01;2.1821608e-01;5.7500000e+01;3.1121898e-01;5.7500000e+01;3.5463166e-01;5.7500000e+01;3.5637656e-01;5.7500000e+01;3.3778375e-01;5.7500000e+01;2.7482355e-01;5.7500000e+01;2.0311108e-01;5.7500000e+01;1.5352526e-01;5.7500000e+01;1.0587367e-01;5.7500000e+01;5.8686033e-02;5.7500000e+01;1.1829175e-02;5.7500000e+01;-3.4251057e-02;5.7500000e+01;-8.0444001e-02;5.7500000e+01;-1.3146061e-01;5.7500000e+01;-6.8281211e-02;5.7500000e+01;-2.7506720e-02;5.7500000e+01;3.4759492e-02;5.7500000e+01;1.1924373e-01;5.7500000e+01;2.1821608e-01;5.7500000e+01;3.1121898e-01;5.7500000e+01;3.5463166e-01;5.7500000e+01;3.5637656e-01;5.7500000e+01;3.3778375e-01;5.7500000e+01;2.7482355e-01;5.7500000e+01;2.0311108e-01;5.7500000e+01;1.5352526e-01;5.7500000e+01;1.0587367e-01;5.7500000e+01;5.8686033e-02;5.7500000e+01;1.1829175e-02;5.7500000e+01;-3.4251057e-02;5.7500000e+01;-8.0444001e-02;5.7500000e+01;-1.3146061e-01;5.7500000e+01;-6.8281211e-02;5.7500000e+01;-2.7506720e-02;5.7500000e+01;3.4759492e-02;5.7500000e+01;1.1924373e-01;5.7500000e+01;2.1821608e-01;5.7500000e+01;3.1121898e-01;5.7500000e+01;3.5463166e-01;5.7500000e+01;3.5637656e-01;5.7500000e+01;3.3778375e-01;5.7500000e+01;2.7482355e-01;5.7500000e+01;2.0311108e-01;5.7500000e+01;1.5352526e-01;5.7500000e+01;1.0587367e-01;5.7500000e+01;5.8686033e-02;5.7500000e+01;1.1829175e-02;5.7500000e+01;-3.4251057e-02;5.7500000e+01;-8.0444001e-02;5.7500000e+01;-1.3146061e-01;5.7500000e+01;-6.8281211e-02;5.7500000e+01;-2.7506720e-02;5.7500000e+01;3.4759492e-02;5.7500000e+01;1.1924373e-01;5.7500000e+01;2.1821608e-01;5.7500000e+01;3.1121898e-01;5.7500000e+01;3.5463166e-01;5.7500000e+01;3.5637656e-01;5.7500000e+01;3.3778375e-01;5.7500000e+01;2.7482355e-01;5.7500000e+01;2.0311108e-01;5.7500000e+01;1.5352526e-01;5.7500000e+01;1.0587367e-01;5.7500000e+01;5.8686033e-02;5.7500000e+01;1.1829175e-02;5.7500000e+01;-3.4251057e-02;5.7500000e+01;-8.0444001e-02;5.7500000e+01;-1.3146061e-01;5.7500000e+01;-6.8281211e-02;5.7500000e+01;-2.7506720e-02;5.7500000e+01;3.4759492e-02;5.7500000e+01;1.1924373e-01;5.7500000e+01;2.1821608e-01;5.7500000e+01;3.1121898e-01;5.7500000e+01;3.5463166e-01;5.7500000e+01;3.5637656e-01;5.7500000e+01;3.3778375e-01;5.7500000e+01;2.7482355e-01;5.7500000e+01;2.0311108e-01;5.7500000e+01;1.5352526e-01;5.7500000e+01;1.0587367e-01;5.7500000e+01;5.8686033e-02;5.7500000e+01;1.1829175e-02;5.7500000e+01;-3.4251057e-02;5.7500000e+01;-8.0444001e-02;5.7500000e+01;-1.3146061e-01;5.7500000e+01;-6.8281211e-02;5.7500000e+01;-2.7506720e-02;5.7500000e+01;3.4759492e-02;5.7500000e+01;1.1924373e-01;5.7500000e+01;2.1821608e-01;5.7500000e+01;3.1121898e-01;5.7500000e+01;3.5463166e-01;5.7500000e+01;3.5637656e-01;5.7500000e+01;3.3778375e-01;5.7500000e+01;2.7482355e-01;5.7500000e+01;2.0311108e-01;5.7500000e+01;1.5352526e-01;5.7500000e+01;1.0587367e-01;5.7500000e+01;5.8686033e-02;5.7500000e+01;1.1829175e-02;5.7500000e+01;-3.4251057e-02;5.7500000e+01;-8.0444001e-02;5.7500000e+01;-1.3146061e-01;5.7500000e+01;-6.8281211e-02;5.7500000e+01;-2.7506720e-02;5.7500000e+01;3.4759492e-02;5.7500000e+01;1.1924373e-01;5.7500000e+01;2.1821608e-01;5.7500000e+01;3.1121898e-01;5.7500000e+01;3.5463166e-01;5.7500000e+01;3.5637656e-01;5.7500000e+01;3.3778375e-01;5.7500000e+01;2.7482355e-01;5.7500000e+01;2.0311108e-01;5.7500000e+01;1.5352526e-01;5.7500000e+01;1.0587367e-01;5.7500000e+01;5.8686033e-02;5.7500000e+01;1.1829175e-02;5.7500000e+01;-3.4251057e-02;5.7500000e+01;-8.0444001e-02;5.7500000e+01;-1.3146061e-01;5.7500000e+01;-6.8281211e-02;5.7500000e+01;-2.7506720e-02;5.7500000e+01;3.4759492e-02;5.7500000e+01;1.1924373e-01;5.7500000e+01;2.1821608e-01;5.7500000e+01;3.1121898e-01;5.7500000e+01;3.5463166e-01;5.7500000e+01;3.5637656e-01;5.7500000e+01;3.3778375e-01;5.7500000e+01;2.7482355e-01;5.7500000e+01;2.0311108e-01;5.7500000e+01;1.5352526e-01;5.7500000e+01;1.0587367e-01;5.7500000e+01;5.8686033e-02;5.7500000e+01;1.1829175e-02;5.7500000e+01;-3.4251057e-02;5.7500000e+01;-8.0444001e-02;5.7500000e+01;-1.3146061e-01;5.7500000e+01;-6.8281211e-02;5.7500000e+01;-2.7506720e-02;5.7500000e+01;3.4759492e-02;5.7500000e+01;1.1924373e-01;5.7500000e+01;2.1821608e-01;5.7500000e+01;3.1121898e-01;5.7500000e+01;3.5463166e-01;5.7500000e+01;3.5637656e-01;5.7500000e+01;3.3778375e-01;5.7500000e+01;2.7482355e-01;5.7500000e+01;2.0311108e-01;5.7500000e+01;1.5352526e-01;5.7500000e+01;1.0587367e-01;5.7500000e+01;5.8686033e-02;5.7500000e+01;1.1829175e-02;5.7500000e+01;-3.4251057e-02;5.7500000e+01;-8.0444001e-02;5.7500000e+01;-1.3146061e-01;5.7500000e+01;-6.8281211e-02;5.7500000e+01;-2.7506720e-02;5.7500000e+01;3.4759492e-02;5.7500000e+01;1.1924373e-01;5.7500000e+01;2.1821608e-01;5.7500000e+01;3.1121898e-01;5.7500000e+01;3.5463166e-01;5.7500000e+01;3.5637656e-01;5.7500000e+01;3.3778375e-01;5.7500000e+01;2.7482355e-01;5.7500000e+01;2.0311108e-01;5.7500000e+01;1.5352526e-01;5.7500000e+01;1.0587367e-01;5.7500000e+01;5.8686033e-02;5.7500000e+01;1.1829175e-02;5.7500000e+01;-3.4251057e-02;5.7500000e+01;-8.0444001e-02;5.7500000e+01;-1.3146061e-01;5.7500000e+01;-6.8281211e-02;5.7500000e+01;-2.7506720e-02;5.7500000e+01;3.4759492e-02;5.7500000e+01;1.1924373e-01;5.7500000e+01;2.1821608e-01;5.7500000e+01;3.1121898e-01;5.7500000e+01;3.5463166e-01;5.7500000e+01;3.5637656e-01;5.7500000e+01;3.3778375e-01;5.7500000e+01;2.7482355e-01;5.7500000e+01;2.0311108e-01;5.7500000e+01;1.5352526e-01;5.7500000e+01;1.0587367e-01;5.7500000e+01;5.8686033e-02;5.7500000e+01;1.1829175e-02;5.7500000e+01;-3.4251057e-02;5.7500000e+01;-8.0444001e-02;5.7500000e+01;-1.3146061e-01;5.7500000e+01;-6.8281211e-02;5.7500000e+01;-2.7506720e-02;5.7500000e+01;3.4759492e-02;5.7500000e+01;1.1924373e-01;5.7500000e+01;2.1821608e-01;5.7500000e+01;3.1121898e-01;5.7500000e+01;3.5463166e-01;5.7500000e+01;3.5637656e-01;5.7500000e+01;3.3778375e-01;5.7500000e+01;2.7482355e-01;5.7500000e+01;2.0311108e-01;5.7500000e+01;1.5352526e-01;5.7500000e+01;1.0587367e-01;5.7500000e+01;5.8686033e-02;5.7500000e+01;1.1829175e-02;5.7500000e+01;-3.4251057e-02;5.7500000e+01;-8.0444001e-02;5.7500000e+01;-1.3146061e-01;5.7500000e+01;-6.8281211e-02;5.7500000e+01;-2.7506720e-02;5.7500000e+01;3.4759492e-02;5.7500000e+01;1.1924373e-01;5.7500000e+01;2.1821608e-01;5.7500000e+01;3.1121898e-01;5.7500000e+01;3.5463166e-01;5.7500000e+01;3.5637656e-01;5.7500000e+01;3.3778375e-01;5.7500000e+01;2.7482355e-01;5.7500000e+01;2.0311108e-01;5.7500000e+01;1.5352526e-01;5.7500000e+01;1.0587367e-01;5.7500000e+01;5.8686033e-02;5.7500000e+01;1.1829175e-02;5.7500000e+01;-3.4251057e-02;5.7500000e+01;-8.0444001e-02;5.7500000e+01;-1.3146061e-01;5.7500000e+01;-6.8281211e-02;5.7500000e+01;-2.7506720e-02;5.7500000e+01;3.4759492e-02;5.7500000e+01;1.1924373e-01;5.7500000e+01;2.1821608e-01;5.7500000e+01;3.1121898e-01;5.7500000e+01;3.5463166e-01;5.7500000e+01;3.5637656e-01;5.7500000e+01;3.3778375e-01;5.7500000e+01;2.7482355e-01;5.7500000e+01;2.0311108e-01;5.7500000e+01;1.5352526e-01;5.7500000e+01;1.0587367e-01;5.7500000e+01;5.8686033e-02;5.7500000e+01;1.1829175e-02;5.7500000e+01;-3.4251057e-02;5.7500000e+01;-8.0444001e-02;5.7500000e+01;-1.3146061e-01;5.7500000e+01;-6.8281211e-02;5.7500000e+01;-2.7506720e-02;5.7500000e+01;3.4759492e-02;5.7500000e+01;1.1924373e-01;5.7500000e+01;2.1821608e-01;5.7500000e+01;3.1121898e-01;5.7500000e+01;3.5463166e-01;5.7500000e+01;3.5637656e-01;5.7500000e+01;3.3778375e-01;5.7500000e+01;2.7482355e-01;5.7500000e+01;2.0311108e-01;5.7500000e+01;1.5352526e-01;5.7500000e+01;1.0587367e-01;5.7500000e+01;5.8686033e-02;5.7500000e+01;1.1829175e-02;5.7500000e+01;-3.4251057e-02;5.7500000e+01;-8.0444001e-02;5.7500000e+01;-1.3146061e-01
6.2500000e+01;-7.0186302e-02;6.2500000e+01;-3.0675707e-02;6.2500000e+01;3.2541554e-02;6.2500000e+01;1.1718579e-01;6.2500000e+01;2.1390837e-01;6.2500000e+01;3.0188084e-01;6.2500000e+01;3.4781164e-01;6.2500000e+01;3.6324006e-01;6.2500000e+01;3.5278878e-01;6.2500000e+01;2.8966451e-01;6.2500000e+01;2.0884928e-01;6.2500000e+01;1.5077332e-01;6.2500000e+01;9.7167954e-02;6.2500000e+01;4.7060430e-02;6.2500000e+01;-6.6815317e-04;6.2500000e+01;-5.0027408e-02;6.2500000e+01;-9.6532390e-02;6.2500000e+01;-1.4621750e-01;6.2500000e+01;-7.0186302e-02;6.2500000e+01;-3.0675707e-02;6.2500000e+01;3.2541554e-02;6.2500000e+01;1.1718579e-01;6.2500000e+01;2.1390837e-01;6.2500000e+01;3.0188084e-01;6.2500000e+01;3.4781164e-01;6.2500000e+01;3.6324006e-01;6.2500000e+01;3.5278878e-01;6.2500000e+01;2.8966451e-01;6.2500000e+01;2.0884928e-01;6.2500000e+01;1.5077332e-01;6.2500000e+01;9.7167954e-02;6.2500000e+01;4.7060430e-02;6.2500000e+01;-6.6815317e-04;6.2500000e+01;-5.0027408e-02;6.2500000e+01;-9.6532390e-02;6.2500000e+01;-1.4621750e-01;6.2500000e+01;-7.0186302e-02;6.2500000e+01;-3.0675707e-02;6.2500000e+01;3.2541554e-02;6.2500000e+01;1.1718579e-01;6.2500000e+01;2.1390837e-01;6.2500000e+01;3.0188084e-01;6.2500000e+01;3.4781164e-01;6.2500000e+01;3.6324006e-01;6.2500000e+01;3.5278878e-01;6.2500000e+01;2.8966451e-01;6.2500000e+01;2.0884928e-01;6.2500000e+01;1.5077332e-01;6.2500000e+01;9.7167954e-02;6.2500000e+01;4.7060430e-02;6.2500000e+01;-6.6815317e-04;6.2500000e+01;-5.0027408e-02;6.2500000e+01;-9.6532390e-02;6.2500000e+01;-1.4621750e-01;6.2500000e+01;-7.0186302e-02;6.2500000e+01;-3.0675707e-02;6.2500000e+01;3.2541554e-02;6.2500000e+01;1.1718579e-01;6.2500000e+01;2.1390837e-01;6.2500000e+01;3.0188084e-01;6.2500000e+01;3.4781164e-01;6.2500000e+01;3.6324006e-01;6.2500000e+01;3.5278878e-01;6.2500000e+01;2.8966451e-01;6.2500000e+01;2.0884928e-01;6.2500000e+01;1.5077332e-01;6.2500000e+01;9.7167954e-02;6.2500000e+01;4.7060430e-02;6.2500000e+01;-6.6815317e-04;6.2500000e+01;-5.0027408e-02;6.2500000e+01;-9.6532390e-02;6.2500000e+01;-1.4621750e-01;6.2500000e+01;-7.0186302e-02;6.2500000e+01;-3.0675707e-02;6.2500000e+01;3.2541554e-02;6.2500000e+01;1.1718579e-01;6.2500000e+01;2.1390837e-01;6.2500000e+01;3.0188084e-01;6.2500000e+01;3.4781164e-01;6.2500000e+01;3.6324006e-01;6.2500000e+01;3.5278878e-01;6.2500000e+01;2.8966451e-01;6.2500000e+01;2.0884928e-01;6.2500000e+01;1.5077332e-01;6.2500000e+01;9.7167954e-02;6.2500000e+01;4.7060430e-02;6.2500000e+01;-6.6815317e-04;6.2500000e+01;-5.0027408e-02;6.2500000e+01;-9.6532390e-02;6.2500000e+01;-1.4621750e-01;6.2500000e+01;-7.0186302e-02;6.2500000e+01;-3.0675707e-02;6.2500000e+01;3.2541554e-02;6.2500000e+01;1.1718579e-01;6.2500000e+01;2.1390837e-01;6.2500000e+01;3.0188084e-01;6.2500000e+01;3.4781164e-01;6.2500000e+01;3.6324006e-01;6.2500000e+01;3.5278878e-01;6.2500000e+01;2.8966451e-01;6.2500000e+01;2.0884928e-01;6.2500000e+01;1.5077332e-01;6.2500000e+01;9.7167954e-02;6.2500000e+01;4.7060430e-02;6.2500000e+01;-6.6815317e-04;6.2500000e+01;-5.0027408e-02;6.2500000e+01;-9.6532390e-02;6.2500000e+01;-1.4621750e-01;6.2500000e+01;-7.0186302e-02;6.2500000e+01;-3.0675707e-02;6.2500000e+01;3.2541554e-02;6.2500000e+01;1.1718579e-01;6.2500000e+01;2.1390837e-01;6.2500000e+01;3.0188084e-01;6.2500000e+01;3.4781164e-01;6.2500000e+01;3.6324006e-01;6.2500000e+01;3.5278878e-01;6.2500000e+01;2.8966451e-01;6.2500000e+01;2.0884928e-01;6.2500000e+01;1.5077332e-01;6.2500000e+01;9.7167954e-02;6.2500000e+01;4.7060430e-02;6.2500000e+01;-6.6815317e-04;6.2500000e+01;-5.0027408e-02;6.2500000e+01;-9.6532390e-02;6.2500000e+01;-1.4621750e-01;6.2500000e+01;-7.0186302e-02;6.2500000e+01;-3.0675707e-02;6.2500000e+01;3.2541554e-02;6.2500000e+01;1.1718579e-01;6.2500000e+01;2.1390837e-01;6.2500000e+01;3.0188084e-01;6.2500000e+01;3.4781164e-01;6.2500000e+01;3.6324006e-01;6.2500000e+01;3.5278878e-01;6.2500000e+01;2.8966451e-01;6.2500000e+01;2.0884928e-01;6.2500000e+01;1.5077332e-01;6.2500000e+01;9.7167954e-02;6.2500000e+01;4.7060430e-02;6.2500000e+01;-6.6815317e-04;6.2500000e+01;-5.0027408e-02;6.2500000e+01;-9.6532390e-02;6.2500000e+01;-1.4621750e-01;6.2500000e+01;-7.0186302e-02;6.2500000e+01;-3.0675707e-02;6.2500000e+01;3.2541554e-02;6.2500000e+01;1.1718579e-01;6.2500000e+01;2.1390837e-01;6.2500000e+01;3.0188084e-01;6.2500000e+01;3.4781164e-01;6.2500000e+01;3.6324006e-01;6.2500000e+01;3.5278878e-01;6.2500000e+01;2.8966451e-01;6.2500000e+01;2.0884928e-01;6.2500000e+01;1.5077332e-01;6.2500000e+01;9.7167954e-02;6.2500000e+01;4.7060430e-02;6.2500000e+01;-6.6815317e-04;6.2500000e+01;-5.0027408e-02;6.2500000e+01;-9.6532390e-02;6.2500000e+01;-1.4621750e-01;6.2500000e+01;-7.0186302e-02;6.2500000e+01;-3.0675707e-02;6.2500000e+01;3.2541554e-02;6.2500000e+01;1.1718579e-01;6.2500000e+01;2.1390837e-01;6.2500000e+01;3.0188084e-01;6.2500000e+01;3.4781164e-01;6.2500000e+01;3.6324006e-01;6.2500000e+01;3.5278878e-01;6.2500000e+01;2.8966451e-01;6.2500000e+01;2.0884928e-01;6.2500000e+01;1.5077332e-01;6.2500000e+01;9.7167954e-02;6.2500000e+01;4.7060430e-02;6.2500000e+01;-6.6815317e-04;6.2500000e+01;-5.0027408e-02;6.2500000e+01;-9.6532390e-02;6.2500000e+01;-1.4621750e-01;6.2500000e+01;-7.0186302e-02;6.2500000e+01;-3.0675707e-02;6.2500000e+01;3.2541554e-02;6.2500000e+01;1.1718579e-01;6.2500000e+01;2.1390837e-01;6.2500000e+01;3.0188084e-01;6.2500000e+01;3.4781164e-01;6.2500000e+01;3.6324006e-01;6.2500000e+01;3.5278878e-01;6.2500000e+01;2.8966451e-01;6.2500000e+01;2.0884928e-01;6.2500000e+01;1.5077332e-01;6.2500000e+01;9.7167954e-02;6.2500000e+01;4.7060430e-02;6.2500000e+01;-6.6815317e-04;6.2500000e+01;-5.0027408e-02;6.2500000e+01;-9.6532390e-02;6.2500000e+01;-1.4621750e-01;6.2500000e+01;-7.0186302e-02;6.2500000e+01;-3.0675707e-02;6.2500000e+01;3.2541554e-02;6.2500000e+01;1.1718579e-01;6.2500000e+01;2.1390837e-01;6.2500000e+01;3.0188084e-01;6.2500000e+01;3.4781164e-01;6.2500000e+01;3.6324006e-01;6.2500000e+01;3.5278878e-01;6.2500000e+01;2.8966451e-01;6.2500000e+01;2.0884928e-01;6.2500000e+01;1.5077332e-01;6.2500000e+01;9.7167954e-02;6.2500000e+01;4.7060430e-02;6.2500000e+01;-6.6815317e-04;6.2500000e+01;-5.0027408e-02;6.2500000e+01;-9.6532390e-02;6.2500000e+01;-1.4621750e-01;6.2500000e+01;-7.0186302e-02;6.2500000e+01;-3.0675707e-02;6.2500000e+01;3.2541554e-02;6.2500000e+01;1.1718579e-01;6.2500000e+01;2.1390837e-01;6.2500000e+01;3.0188084e-01;6.2500000e+01;3.4781164e-01;6.2500000e+01;3.6324006e-01;6.2500000e+01;3.5278878e-01;6.2500000e+01;2.8966451e-01;6.2500000e+01;2.0884928e-01;6.2500000e+01;1.5077332e-01;6.2500000e+01;9.7167954e-02;6.2500000e+01;4.7060430e-02;6.2500000e+01;-6.6815317e-04;6.2500000e+01;-5.0027408e-02;6.2500000e+01;-9.6532390e-02;6.2500000e+01;-1.4621750e-01;6.2500000e+01;-7.0186302e-02;6.2500000e+01;-3.0675707e-02;6.2500000e+01;3.2541554e-02;6.2500000e+01;1.1718579e-01;6.2500000e+01;2.1390837e-01;6.2500000e+01;3.0188084e-01;6.2500000e+01;3.4781164e-01;6.2500000e+01;3.6324006e-01;6.2500000e+01;3.5278878e-01;6.2500000e+01;2.8966451e-01;6.2500000e+01;2.0884928e-01;6.2500000e+01;1.5077332e-01;6.2500000e+01;9.7167954e-02;6.2500000e+01;4.7060430e-02;6.2500000e+01;-6.6815317e-04;6.2500000e+01;-5.0027408e-02;6.2500000e+01;-9.6532390e-02;6.2500000e+01;-1.4621750e-01;6.2500000e+01;-7.0186302e-02;6.2500000e+01;-3.0675707e-02;6.2500000e+01;3.2541554e-02;6.2500000e+01;1.1718579e-01;6.2500000e+01;2.1390837e-01;6.2500000e+01;3.0188084e-01;6.2500000e+01;3.4781164e-01;6.2500000e+01;3.6324006e-01;6.2500000e+01;3.5278878e-01;6.2500000e+01;2.8966451e-01;6.2500000e+01;2.0884928e-01;6.2500000e+01;1.5077332e-01;6.2500000e+01;9.7167954e-02;6.2500000e+01;4.7060430e-02;6.2500000e+01;-6.6815317e-04;6.2500000e+01;-5.0027408e-02;6.2500000e+01;-9.6532390e-02;6.2500000e+01;-1.4621750e-01;6.2500000e+01;-7.0186302e-02;6.2500000e+01;-3.0675707e-02;6.2500000e+01;3.2541554e-02;6.2500000e+01;1.1718579e-01;6.2500000e+01;2.1390837e-01;6.2500000e+01;3.0188084e-01;6.2500000e+01;3.4781164e-01;6.2500000e+01;3.6324006e-01;6.2500000e+01;3.5278878e-01;6.2500000e+01;2.8966451e-01;6.2500000e+01;2.0884928e-01;6.2500000e+01;1.5077332e-01;6.2500000e+01;9.7167954e-02;6.2500000e+01;4.7060430e-02;6.2500000e+01;-6.6815317e-04;6.2500000e+01;-5.0027408e-02;6.2500000e+01;-9.6532390e-02;6.2500000e+01;-1.4621750e-01;6.2500000e+01;-7.0186302e-02;6.2500000e+01;-3.0675707e-02;6.2500000e+01;3.2541554e-02;6.2500000e+01;1.1718579e-01;6.2500000e+01;2.1390837e-01;6.2500000e+01;3.0188084e-01;6.2500000e+01;3.4781164e-01;6.2500000e+01;3.6324006e-01;6.2500000e+01;3.5278878e-01;6.2500000e+01;2.8966451e-01;6.2500000e+01;2.0884928e-01;6.2500000e+01;1.5077332e-01;6.2500000e+01;9.7167954e-02;6.2500000e+01;4.7060430e-02;6.2500000e+01;-6.6815317e-04;6.2500000e+01;-5.0027408e-02;6.2500000e+01;-9.6532390e-02;6.2500000e+01;-1.4621750e-01;6.2500000e+01;-7.0186302e-02;6.2500000e+01;-3.0675707e-02;6.2500000e+01;3.2541554e-02;6.2500000e+01;1.1718579e-01;6.2500000e+01;2.1390837e-01;6.2500000e+01;3.0188084e-01;6.2500000e+01;3.4781164e-01;6.2500000e+01;3.6324006e-01;6.2500000e+01;3.5278878e-01;6.2500000e+01;2.8966451e-01;6.2500000e+01;2.0884928e-01;6.2500000e+01;1.5077332e-01;6.2500000e+01;9.7167954e-02;6.2500000e+01;4.7060430e-02;6.2500000e+01;-6.6815317e-04;6.2500000e+01;-5.0027408e-02;6.2500000e+01;-9.6532390e-02;6.2500000e+01;-1.4621750e-01;6.2500000e+01;-7.0186302e-02;6.2500000e+01;-3.0675707e-02;6.2500000e+01;3.2541554e-02;6.2500000e+01;1.1718579e-01;6.2500000e+01;2.1390837e-01;6.2500000e+01;3.0188084e-01;6.2500000e+01;3.4781164e-01;6.2500000e+01;3.6324006e-01;6.2500000e+01;3.5278878e-01;6.2500000e+01;2.8966451e-01;6.2500000e+01;2.0884928e-01;6.2500000e+01;1.5077332e-01;6.2500000e+01;9.7167954e-02;6.2500000e+01;4.7060430e-02;6.2500000e+01;-6.6815317e-04;6.2500000e+01;-5.0027408e-02;6.2500000e+01;-9.6532390e-02;6.2500000e+01;-1.4621750e-01;6.2500000e+01;-7.0186302e-02;6.2500000e+01;-3.0675707e-02;6.2500000e+01;3.2541554e-02;6.2500000e+01;1.1718579e-01;6.2500000e+01;2.1390837e-01;6.2500000e+01;3.0188084e-01;6.2500000e+01;3.4781164e-01;6.2500000e+01;3.6324006e-01;6.2500000e+01;3.5278878e-01;6.2500000e+01;2.8966451e-01;6.2500000e+01;2.0884928e-01;6.2500000e+01;1.5077332e-01;6.2500000e+01;9.7167954e-02;6.2500000e+01;4.7060430e-02;6.2500000e+01;-6.6815317e-04;6.2500000e+01;-5.0027408e-02;6.2500000e+01;-9.6532390e-02;6.2500000e+01;-1.4621750e-01;6.2500000e+01;-7.0186302e-02;6.2500000e+01;-3.0675707e-02;6.2500000e+01;3.2541554e-02;6.2500000e+01;1.1718579e-01;6.2500000e+01;2.1390837e-01;6.2500000e+01;3.0188084e-01;6.2500000e+01;3.4781164e-01;6.2500000e+01;3.6324006e-01;6.2500000e+01;3.5278878e-01;6.2500000e+01;2.8966451e-01;6.2500000e+01;2.0884928e-01;6.2500000e+01;1.5077332e-01;6.2500000e+01;9.7167954e-02;6.2500000e+01;4.7060430e-02;6.2500000e+01;-6.6815317e-04;6.2500000e+01;-5.0027408e-02;6.2500000e+01;-9.6532390e-02;6.2500000e+01;-1.4621750e-01;6.2500000e+01;-7.0186302e-02;6.2500000e+01;-3.0675707e-02;6.2500000e+01;3.2541554e-02;6.2500000e+01;1.1718579e-01;6.2500000e+01;2.1390837e-01;6.2500000e+01;3.0188084e-01;6.2500000e+01;3.4781164e-01;6.2500000e+01;3.6324006e-01;6.2500000e+01;3.5278878e-01;6.2500000e+01;2.8966451e-01;6.2500000e+01;2.0884928e-01;6.2500000e+01;1.5077332e-01;6.2500000e+01;9.7167954e-02;6.2500000e+01;4.7060430e-02;6.2500000e+01;-6.6815317e-04;6.2500000e+01;-5.0027408e-02;6.2500000e+01;-9.6532390e-02;6.2500000e+01;-1.4621750e-01;6.2500000e+01;-7.0186302e-02;6.2500000e+01;-3.0675707e-02;6.2500000e+01;3.2541554e-02;6.2500000e+01;1.1718579e-01;6.2500000e+01;2.1390837e-01;6.2500000e+01;3.0188084e-01;6.2500000e+01;3.4781164e-01;6.2500000e+01;3.6324006e-01;6.2500000e+01;3.5278878e-01;6.2500000e+01;2.8966451e-01;6.2500000e+01;2.0884928e-01;6.2500000e+01;1.5077332e-01;6.2500000e+01;9.7167954e-02;6.2500000e+01;4.7060430e-02;6.2500000e+01;-6.6815317e-04;6.2500000e+01;-5.0027408e-02;6.2500000e+01;-9.6532390e-02;6.2500000e+01;-1.4621750e-01;6.2500000e+01;-7.0186302e-02;6.2500000e+01;-3.0675707e-02;6.2500000e+01;3.2541554e-02;6.2500000e+01;1.1718579e-01;6.2500000e+01;2.1390837e-01;6.2500000e+01;3.0188084e-01;6.2500000e+01;3.4781164e-01;6.2500000e+01;3.6324006e-01;6.2500000e+01;3.5278878e-01;6.2500000e+01;2.8966451e-01;6.2500000e+01;2.0884928e-01;6.2500000e+01;1.5077332e-01;6.2500000e+01;9.7167954e-02;6.2500000e+01;4.7060430e-02;6.2500000e+01;-6.6815317e-04;6.2500000e+01;-5.0027408e-02;6.2500000e+01;-9.6532390e-02;6.2500000e+01;-1.4621750e-01;6.2500000e+01;-7.0186302e-02;6.2500000e+01;-3.0675707e-02;6.2500000e+01;3.2541554e-02;6.2500000e+01;1.1718579e-01;6.2500000e+01;2.1390837e-01;6.2500000e+01;3.0188084e-01;6.2500000e+01;3.4781164e-01;6.2500000e+01;3.6324006e-01;6.2500000e+01;3.5278878e-01;6.2500000e+01;2.8966451e-01;6.2500000e+01;2.0884928e-01;6.2500000e+01;1.5077332e-01;6.2500000e+01;9.7167954e-02;6.2500000e+01;4.7060430e-02;6.2500000e+01;-6.6815317e-04;6.2500000e+01;-5.0027408e-02;6.2500000e+01;-9.6532390e-02;6.2500000e+01;-1.4621750e-01;6.2500000e+01;-7.0186302e-02;6.2500000e+01;-3.0675707e-02;6.2500000e+01;3.2541554e-02;6.2500000e+01;1.1718579e-01;6.2500000e+01;2.1390837e-01;6.2500000e+01;3.0188084e-01;6.2500000e+01;3.4781164e-01;6.2500000e+01;3.6324006e-01;6.2500000e+01;3.5278878e-01;6.2500000e+01;2.8966451e-01;6.2500000e+01;2.0884928e-01;6.2500000e+01;1.5077332e-01;6.2500000e+01;9.7167954e-02;6.2500000e+01;4.7060430e-02;6.2500000e+01;-6.6815317e-04;6.2500000e+01;-5.0027408e-02;6.2500000e+01;-9.6532390e-02;6.2500000e+01;-1.4621750e-01;6.2500000e+01;-7.0186302e-02;6.2500000e+01;-3.0675707e-02;6.2500000e+01;3.2541554e-02;6.2500000e+01;1.1718579e-01;6.2500000e+01;2.1390837e-01;6.2500000e+01;3.0188084e-01;6.2500000e+01;3.4781164e-01;6.2500000e+01;3.6324006e-01;6.2500000e+01;3.5278878e-01;6.2500000e+01;2.8966451e-01;6.2500000e+01;2.0884928e-01;6.2500000e+01;1.5077332e-01;6.2500000e+01;9.7167954e-02;6.2500000e+01;4.7060430e-02;6.2500000e+01;-6.6815317e-04;6.2500000e+01;-5.0027408e-02;6.2500000e+01;-9.6532390e-02;6.2500000e+01;-1.4621750e-01;6.2500000e+01;-7.0186302e-02;6.2500000e+01;-3.0675707e-02;6.2500000e+01;3.2541554e-02;6.2500000e+01;1.1718579e-01;6.2500000e+01;2.1390837e-01;6.2500000e+01;3.0188084e-01;6.2500000e+01;3.4781164e-01;6.2500000e+01;3.6324006e-01;6.2500000e+01;3.5278878e-01;6.2500000e+01;2.8966451e-01;6.2500000e+01;2.0884928e-01;6.2500000e+01;1.5077332e-01;6.2500000e+01;9.7167954e-02;6.2500000e+01;4.7060430e-02;6.2500000e+01;-6.6815317e-04;6.2500000e+01;-5.0027408e-02;6.2500000e+01;-9.6532390e-02;6.2500000e+01;-1.4621750e-01;6.2500000e+01;-7.0186302e-02;6.2500000e+01;-3.0675707e-02;6.2500000e+01;3.2541554e-02;6.2500000e+01;1.1718579e-01;6.2500000e+01;2.1390837e-01;6.2500000e+01;3.0188084e-01;6.2500000e+01;3.4781164e-01;6.2500000e+01;3.6324006e-01;6.2500000e+01;3.5278878e-01;6.2500000e+01;2.8966451e-01;6.2500000e+01;2.0884928e-01;6.2500000e+01;1.5077332e-01;6.2500000e+01;9.7167954e-02;6.2500000e+01;4.7060430e-02;6.2500000e+01;-6.6815317e-04;6.2500000e+01;-5.0027408e-02;6.2500000e+01;-9.6532390e-02;6.2500000e+01;-1.4621750e-01;6.2500000e+01;-7.0186302e-02;6.2500000e+01;-3.0675707e-02;6.2500000e+01;3.2541554e-02;6.2500000e+01;1.1718579e-01;6.2500000e+01;2.1390837e-01;6.2500000e+01;3.0188084e-01;6.2500000e+01;3.4781164e-01;6.2500000e+01;3.6324006e-01;6.2500000e+01;3.5278878e-01;6.2500000e+01;2.8966451e-01;6.2500000e+01;2.0884928e-01;6.2500000e+01;1.5077332e-01;6.2500000e+01;9.7167954e-02;6.2500000e+01;4.7060430e-02;6.2500000e+01;-6.6815317e-04;6.2500000e+01;-5.0027408e-02;6.2500000e+01;-9.6532390e-02;6.2500000e+01;-1.4621750e-01;6.2500000e+01;-7.0186302e-02;6.2500000e+01;-3.0675707e-02;6.2500000e+01;3.2541554e-02;6.2500000e+01;1.1718579e-01;6.2500000e+01;2.1390837e-01;6.2500000e+01;3.0188084e-01;6.2500000e+01;3.4781164e-01;6.2500000e+01;3.6324006e-01;6.2500000e+01;3.5278878e-01;6.2500000e+01;2.8966451e-01;6.2500000e+01;2.0884928e-01;6.2500000e+01;1.5077332e-01;6.2500000e+01;9.7167954e-02;6.2500000e+01;4.7060430e-02;6.2500000e+01;-6.6815317e-04;6.2500000e+01;-5.0027408e-02;6.2500000e+01;-9.6532390e-02;6.2500000e+01;-1.4621750e-01;6.2500000e+01;-7.0186302e-02;6.2500000e+01;-3.0675707e-02;6.2500000e+01;3.2541554e-02;6.2500000e+01;1.1718579e-01;6.2500000e+01;2.1390837e-01;6.2500000e+01;3.0188084e-01;6.2500000e+01;3.4781164e-01;6.2500000e+01;3.6324006e-01;6.2500000e+01;3.5278878e-01;6.2500000e+01;2.8966451e-01;6.2500000e+01;2.0884928e-01;6.2500000e+01;1.5077332e-01;6.2500000e+01;9.7167954e-02;6.2500000e+01;4.7060430e-02;6.2500000e+01;-6.6815317e-04;6.2500000e+01;-5.0027408e-02;6.2500000e+01;-9.6532390e-02;6.2500000e+01;-1.4621750e-01;6.2500000e+01;-7.0186302e-02;6.2500000e+01;-3.0675707e-02;6.2500000e+01;3.2541554e-02;6.2500000e+01;1.1718579e-01;6.2500000e+01;2.1390837e-01;6.2500000e+01;3.0188084e-01;6.2500000e+01;3.4781164e-01;6.2500000e+01;3.6324006e-01;6.2500000e+01;3.5278878e-01;6.2500000e+01;2.8966451e-01;6.2500000e+01;2.0884928e-01;6.2500000e+01;1.5077332e-01;6.2500000e+01;9.7167954e-02;6.2500000e+01;4.7060430e-02;6.2500000e+01;-6.6815317e-04;6.2500000e+01;-5.0027408e-02;6.2500000e+01;-9.6532390e-02;6.2500000e+01;-1.4621750e-01;6.2500000e+01;-7.0186302e-02;6.2500000e+01;-3.0675707e-02;6.2500000e+01;3.2541554e-02;6.2500000e+01;1.1718579e-01;6.2500000e+01;2.1390837e-01;6.2500000e+01;3.0188084e-01;6.2500000e+01;3.4781164e-01;6.2500000e+01;3.6324006e-01;6.2500000e+01;3.5278878e-01;6.2500000e+01;2.8966451e-01;6.2500000e+01;2.0884928e-01;6.2500000e+01;1.5077332e-01;6.2500000e+01;9.7167954e-02;6.2500000e+01;4.7060430e-02;6.2500000e+01;-6.6815317e-04;6.2500000e+01;-5.0027408e-02;6.2500000e+01;-9.6532390e-02;6.2500000e+01;-1.4621750e-01;6.2500000e+01;-7.0186302e-02;6.2500000e+01;-3.0675707e-02;6.2500000e+01;3.2541554e-02;6.2500000e+01;1.1718579e-01;6.2500000e+01;2.1390837e-01;6.2500000e+01;3.0188084e-01;6.2500000e+01;3.4781164e-01;6.2500000e+01;3.6324006e-01;6.2500000e+01;3.5278878e-01;6.2500000e+01;2.8966451e-01;6.2500000e+01;2.0884928e-01;6.2500000e+01;1.5077332e-01;6.2500000e+01;9.7167954e-02;6.2500000e+01;4.7060430e-02;6.2500000e+01;-6.6815317e-04;6.2500000e+01;-5.0027408e-02;6.2500000e+01;-9.6532390e-02;6.2500000e+01;-1.4621750e-01;6.2500000e+01;-7.0186302e-02;6.2500000e+01;-3.0675707e-02;6.2500000e+01;3.2541554e-02;6.2500000e+01;1.1718579e-01;6.2500000e+01;2.1390837e-01;6.2500000e+01;3.0188084e-01;6.2500000e+01;3.4781164e-01;6.2500000e+01;3.6324006e-01;6.2500000e+01;3.5278878e-01;6.2500000e+01;2.8966451e-01;6.2500000e+01;2.0884928e-01;6.2500000e+01;1.5077332e-01;6.2500000e+01;9.7167954e-02;6.2500000e+01;4.7060430e-02;6.2500000e+01;-6.6815317e-04;6.2500000e+01;-5.0027408e-02;6.2500000e+01;-9.6532390e-02;6.2500000e+01;-1.4621750e-01;6.2500000e+01;-7.0186302e-02;6.2500000e+01;-3.0675707e-02;6.2500000e+01;3.2541554e-02;6.2500000e+01;1.1718579e-01;6.2500000e+01;2.1390837e-01;6.2500000e+01;3.0188084e-01;6.2500000e+01;3.4781164e-01;6.2500000e+01;3.6324006e-01;6.2500000e+01;3.5278878e-01;6.2500000e+01;2.8966451e-01;6.2500000e+01;2.0884928e-01;6.2500000e+01;1.5077332e-01;6.2500000e+01;9.7167954e-02;6.2500000e+01;4.7060430e-02;6.2500000e+01;-6.6815317e-04;6.2500000e+01;-5.0027408e-02;6.2500000e+01;-9.6532390e-02;6.2500000e+01;-1.4621750e-01;6.2500000e+01;-7.0186302e-02;6.2500000e+01;-3.0675707e-02;6.2500000e+01;3.2541554e-02;6.2500000e+01;1.1718579e-01;6.2500000e+01;2.1390837e-01;6.2500000e+01;3.0188084e-01;6.2500000e+01;3.4781164e-01;6.2500000e+01;3.6324006e-01;6.2500000e+01;3.5278878e-01;6.2500000e+01;2.8966451e-01;6.2500000e+01;2.0884928e-01;6.2500000e+01;1.5077332e-01;6.2500000e+01;9.7167954e-02;6.2500000e+01;4.7060430e-02;6.2500000e+01;-6.6815317e-04;6.2500000e+01;-5.0027408e-02;6.2500000e+01;-9.6532390e-02;6.2500000e+01;-1.4621750e-01;6.2500000e+01;-7.0186302e-02;6.2500000e+01;-3.0675707e-02;6.2500000e+01;3.2541554e-02;6.2500000e+01;1.1718579e-01;6.2500000e+01;2.1390837e-01;6.2500000e+01;3.0188084e-01;6.2500000e+01;3.4781164e-01;6.2500000e+01;3.6324006e-01;6.2500000e+01;3.5278878e-01;6.2500000e+01;2.8966451e-01;6.2500000e+01;2.0884928e-01;6.2500000e+01;1.5077332e-01;6.2500000e+01;9.7167954e-02;6.2500000e+01;4.7060430e-02;6.2500000e+01;-6.6815317e-04;6.2500000e+01;-5.0027408e-02;6.2500000e+01;-9.6532390e-02;6.2500000e+01;-1.4621750e-01;6.2500000e+01;-7.0186302e-02;6.2500000e+01;-3.0675707e-02;6.2500000e+01;3.2541554e-02;6.2500000e+01;1.1718579e-01;6.2500000e+01;2.1390837e-01;6.2500000e+01;3.0188084e-01;6.2500000e+01;3.4781164e-01;6.2500000e+01;3.6324006e-01;6.2500000e+01;3.5278878e-01;6.2500000e+01;2.8966451e-01;6.2500000e+01;2.0884928e-01;6.2500000e+01;1.5077332e-01;6.2500000e+01;9.7167954e-02;6.2500000e+01;4.7060430e-02;6.2500000e+01;-6.6815317e-04;6.2500000e+01;-5.0027408e-02;6.2500000e+01;-9.6532390e-02;6.2500000e+01;-1.4621750e-01;6.2500000e+01;-7.0186302e-02;6.2500000e+01;-3.0675707e-02;6.2500000e+01;3.2541554e-02;6.2500000e+01;1.1718579e-01;6.2500000e+01;2.1390837e-01;6.2500000e+01;3.0188084e-01;6.2500000e+01;3.4781164e-01;6.2500000e+01;3.6324006e-01;6.2500000e+01;3.5278878e-01;6.2500000e+01;2.8966451e-01;6.2500000e+01;2.0884928e-01;6.2500000e+01;1.5077332e-01;6.2500000e+01;9.7167954e-02;6.2500000e+01;4.7060430e-02;6.2500000e+01;-6.6815317e-04;6.2500000e+01;-5.0027408e-02;6.2500000e+01;-9.6532390e-02;6.2500000e+01;-1.4621750e-01;6.2500000e+01;-7.0186302e-02;6.2500000e+01;-3.0675707e-02;6.2500000e+01;3.2541554e-02;6.2500000e+01;1.1718579e-01;6.2500000e+01;2.1390837e-01;6.2500000e+01;3.0188084e-01;6.2500000e+01;3.4781164e-01;6.2500000e+01;3.6324006e-01;6.2500000e+01;3.5278878e-01;6.2500000e+01;2.8966451e-01;6.2500000e+01;2.0884928e-01;6.2500000e+01;1.5077332e-01;6.2500000e+01;9.7167954e-02;6.2500000e+01;4.7060430e-02;6.2500000e+01;-6.6815317e-04;6.2500000e+01;-5.0027408e-02;6.2500000e+01;-9.6532390e-02;6.2500000e+01;-1.4621750e-01;6.2500000e+01;-7.0186302e-02;6.2500000e+01;-3.0675707e-02;6.2500000e+01;3.2541554e-02;6.2500000e+01;1.1718579e-01;6.2500000e+01;2.1390837e-01;6.2500000e+01;3.0188084e-01;6.2500000e+01;3.4781164e-01;6.2500000e+01;3.6324006e-01;6.2500000e+01;3.5278878e-01;6.2500000e+01;2.8966451e-01;6.2500000e+01;2.0884928e-01;6.2500000e+01;1.5077332e-01;6.2500000e+01;9.7167954e-02;6.2500000e+01;4.7060430e-02;6.2500000e+01;-6.6815317e-04;6.2500000e+01;-5.0027408e-02;6.2500000e+01;-9.6532390e-02;6.2500000e+01;-1.4621750e-01;6.2500000e+01;-7.0186302e-02;6.2500000e+01;-3.0675707e-02;6.2500000e+01;3.2541554e-02;6.2500000e+01;1.1718579e-01;6.2500000e+01;2.1390837e-01;6.2500000e+01;3.0188084e-01;6.2500000e+01;3.4781164e-01;6.2500000e+01;3.6324006e-01;6.2500000e+01;3.5278878e-01;6.2500000e+01;2.8966451e-01;6.2500000e+01;2.0884928e-01;6.2500000e+01;1.5077332e-01;6.2500000e+01;9.7167954e-02;6.2500000e+01;4.7060430e-02;6.2500000e+01;-6.6815317e-04;6.2500000e+01;-5.0027408e-02;6.2500000e+01;-9.6532390e-02;6.2500000e+01;-1.4621750e-01;6.2500000e+01;-7.0186302e-02;6.2500000e+01;-3.0675707e-02;6.2500000e+01;3.2541554e-02;6.2500000e+01;1.1718579e-01;6.2500000e+01;2.1390837e-01;6.2500000e+01;3.0188084e-01;6.2500000e+01;3.4781164e-01;6.2500000e+01;3.6324006e-01;6.2500000e+01;3.5278878e-01;6.2500000e+01;2.8966451e-01;6.2500000e+01;2.0884928e-01;6.2500000e+01;1.5077332e-01;6.2500000e+01;9.7167954e-02;6.2500000e+01;4.7060430e-02;6.2500000e+01;-6.6815317e-04;6.2500000e+01;-5.0027408e-02;6.2500000e+01;-9.6532390e-02;6.2500000e+01;-1.4621750e-01;6.2500000e+01;-7.0186302e-02;6.2500000e+01;-3.0675707e-02;6.2500000e+01;3.2541554e-02;6.2500000e+01;1.1718579e-01;6.2500000e+01;2.1390837e-01;6.2500000e+01;3.0188084e-01;6.2500000e+01;3.4781164e-01;6.2500000e+01;3.6324006e-01;6.2500000e+01;3.5278878e-01;6.2500000e+01;2.8966451e-01;6.2500000e+01;2.0884928e-01;6.2500000e+01;1.5077332e-01;6.2500000e+01;9.7167954e-02;6.2500000e+01;4.7060430e-02;6.2500000e+01;-6.6815317e-04;6.2500000e+01;-5.0027408e-02;6.2500000e+01;-9.6532390e-02;6.2500000e+01;-1.4621750e-01;6.2500000e+01;-7.0186302e-02;6.2500000e+01;-3.0675707e-02;6.2500000e+01;3.2541554e-02;6.2500000e+01;1.1718579e-01;6.2500000e+01;2.1390837e-01;6.2500000e+01;3.0188084e-01;6.2500000e+01;3.4781164e-01;6.2500000e+01;3.6324006e-01;6.2500000e+01;3.5278878e-01;6.2500000e+01;2.8966451e-01;6.2500000e+01;2.0884928e-01;6.2500000e+01;1.5077332e-01;6.2500000e+01;9.7167954e-02;6.2500000e+01;4.7060430e-02;6.2500000e+01;-6.6815317e-04;6.2500000e+01;-5.0027408e-02;6.2500000e+01;-9.6532390e-02;6.2500000e+01;-1.4621750e-01;6.2500000e+01;-7.0186302e-02;6.2500000e+01;-3.0675707e-02;6.2500000e+01;3.2541554e-02;6.2500000e+01;1.1718579e-01;6.2500000e+01;2.1390837e-01;6.2500000e+01;3.0188084e-01;6.2500000e+01;3.4781164e-01;6.2500000e+01;3.6324006e-01;6.2500000e+01;3.5278878e-01;6.2500000e+01;2.8966451e-01;6.2500000e+01;2.0884928e-01;6.2500000e+01;1.5077332e-01;6.2500000e+01;9.7167954e-02;6.2500000e+01;4.7060430e-02;6.2500000e+01;-6.6815317e-04;6.2500000e+01;-5.0027408e-02;6.2500000e+01;-9.6532390e-02;6.2500000e+01;-1.4621750e-01;6.2500000e+01;-7.0186302e-02;6.2500000e+01;-3.0675707e-02;6.2500000e+01;3.2541554e-02;6.2500000e+01;1.1718579e-01;6.2500000e+01;2.1390837e-01;6.2500000e+01;3.0188084e-01;6.2500000e+01;3.4781164e-01;6.2500000e+01;3.6324006e-01;6.2500000e+01;3.5278878e-01;6.2500000e+01;2.8966451e-01;6.2500000e+01;2.0884928e-01;6.2500000e+01;1.5077332e-01;6.2500000e+01;9.7167954e-02;6.2500000e+01;4.7060430e-02;6.2500000e+01;-6.6815317e-04;6.2500000e+01;-5.0027408e-02;6.2500000e+01;-9.6532390e-02;6.2500000e+01;-1.4621750e-01;6.2500000e+01;-7.0186302e-02;6.2500000e+01;-3.0675707e-02;6.2500000e+01;3.2541554e-02;6.2500000e+01;1.1718579e-01;6.2500000e+01;2.1390837e-01;6.2500000e+01;3.0188084e-01;6.2500000e+01;3.4781164e-01;6.2500000e+01;3.6324006e-01;6.2500000e+01;3.5278878e-01;6.2500000e+01;2.8966451e-01;6.2500000e+01;2.0884928e-01;6.2500000e+01;1.5077332e-01;6.2500000e+01;9.7167954e-02;6.2500000e+01;4.7060430e-02;6.2500000e+01;-6.6815317e-04;6.2500000e+01;-5.0027408e-02;6.2500000e+01;-9.6532390e-02;6.2500000e+01;-1.4621750e-01;6.2500000e+01;-7.0186302e-02;6.2500000e+01;-3.0675707e-02;6.2500000e+01;3.2541554e-02;6.2500000e+01;1.1718579e-01;6.2500000e+01;2.1390837e-01;6.2500000e+01;3.0188084e-01;6.2500000e+01;3.4781164e-01;6.2500000e+01;3.6324006e-01;6.2500000e+01;3.5278878e-01;6.2500000e+01;2.8966451e-01;6.2500000e+01;2.0884928e-01;6.2500000e+01;1.5077332e-01;6.2500000e+01;9.7167954e-02;6.2500000e+01;4.7060430e-02;6.2500000e+01;-6.6815317e-04;6.2500000e+01;-5.0027408e-02;6.2500000e+01;-9.6532390e-02;6.2500000e+01;-1.4621750e-01;6.2500000e+01;-7.0186302e-02;6.2500000e+01;-3.0675707e-02;6.2500000e+01;3.2541554e-02;6.2500000e+01;1.1718579e-01;6.2500000e+01;2.1390837e-01;6.2500000e+01;3.0188084e-01;6.2500000e+01;3.4781164e-01;6.2500000e+01;3.6324006e-01;6.2500000e+01;3.5278878e-01;6.2500000e+01;2.8966451e-01;6.2500000e+01;2.0884928e-01;6.2500000e+01;1.5077332e-01;6.2500000e+01;9.7167954e-02;6.2500000e+01;4.7060430e-02;6.2500000e+01;-6.6815317e-04;6.2500000e+01;-5.0027408e-02;6.2500000e+01;-9.6532390e-02;6.2500000e+01;-1.4621750e-01;6.2500000e+01;-7.0186302e-02;6.2500000e+01;-3.0675707e-02;6.2500000e+01;3.2541554e-02;6.2500000e+01;1.1718579e-01;6.2500000e+01;2.1390837e-01;6.2500000e+01;3.0188084e-01;6.2500000e+01;3.4781164e-01;6.2500000e+01;3.6324006e-01;6.2500000e+01;3.5278878e-01;6.2500000e+01;2.8966451e-01;6.2500000e+01;2.0884928e-01;6.2500000e+01;1.5077332e-01;6.2500000e+01;9.7167954e-02;6.2500000e+01;4.7060430e-02;6.2500000e+01;-6.6815317e-04;6.2500000e+01;-5.0027408e-02;6.2500000e+01;-9.6532390e-02;6.2500000e+01;-1.4621750e-01;6.2500000e+01;-7.0186302e-02;6.2500000e+01;-3.0675707e-02;6.2500000e+01;3.2541554e-02;6.2500000e+01;1.1718579e-01;6.2500000e+01;2.1390837e-01;6.2500000e+01;3.0188084e-01;6.2500000e+01;3.4781164e-01;6.2500000e+01;3.6324006e-01;6.2500000e+01;3.5278878e-01;6.2500000e+01;2.8966451e-01;6.2500000e+01;2.0884928e-01;6.2500000e+01;1.5077332e-01;6.2500000e+01;9.7167954e-02;6.2500000e+01;4.7060430e-02;6.2500000e+01;-6.6815317e-04;6.2500000e+01;-5.0027408e-02;6.2500000e+01;-9.6532390e-02;6.2500000e+01;-1.4621750e-01;6.2500000e+01;-7.0186302e-02;6.2500000e+01;-3.0675707e-02;6.2500000e+01;3.2541554e-02;6.2500000e+01;1.1718579e-01;6.2500000e+01;2.1390837e-01;6.2500000e+01;3.0188084e-01;6.2500000e+01;3.4781164e-01;6.2500000e+01;3.6324006e-01;6.2500000e+01;3.5278878e-01;6.2500000e+01;2.8966451e-01;6.2500000e+01;2.0884928e-01;6.2500000e+01;1.5077332e-01;6.2500000e+01;9.7167954e-02;6.2500000e+01;4.7060430e-02;6.2500000e+01;-6.6815317e-04;6.2500000e+01;-5.0027408e-02;6.2500000e+01;-9.6532390e-02;6.2500000e+01;-1.4621750e-01;6.2500000e+01;-7.0186302e-02;6.2500000e+01;-3.0675707e-02;6.2500000e+01;3.2541554e-02;6.2500000e+01;1.1718579e-01;6.2500000e+01;2.1390837e-01;6.2500000e+01;3.0188084e-01;6.2500000e+01;3.4781164e-01;6.2500000e+01;3.6324006e-01;6.2500000e+01;3.5278878e-01;6.2500000e+01;2.8966451e-01;6.2500000e+01;2.0884928e-01;6.2500000e+01;1.5077332e-01;6.2500000e+01;9.7167954e-02;6.2500000e+01;4.7060430e-02;6.2500000e+01;-6.6815317e-04;6.2500000e+01;-5.0027408e-02;6.2500000e+01;-9.6532390e-02;6.2500000e+01;-1.4621750e-01;6.2500000e+01;-7.0186302e-02;6.2500000e+01;-3.0675707e-02;6.2500000e+01;3.2541554e-02;6.2500000e+01;1.1718579e-01;6.2500000e+01;2.1390837e-01;6.2500000e+01;3.0188084e-01;6.2500000e+01;3.4781164e-01;6.2500000e+01;3.6324006e-01;6.2500000e+01;3.5278878e-01;6.2500000e+01;2.8966451e-01;6.2500000e+01;2.0884928e-01;6.2500000e+01;1.5077332e-01;6.2500000e+01;9.7167954e-02;6.2500000e+01;4.7060430e-02;6.2500000e+01;-6.6815317e-04;6.2500000e+01;-5.0027408e-02;6.2500000e+01;-9.6532390e-02;6.2500000e+01;-1.4621750e-01;6.2500000e+01;-7.0186302e-02;6.2500000e+01;-3.0675707e-02;6.2500000e+01;3.2541554e-02;6.2500000e+01;1.1718579e-01;6.2500000e+01;2.1390837e-01;6.2500000e+01;3.0188084e-01;6.2500000e+01;3.4781164e-01;6.2500000e+01;3.6324006e-01;6.2500000e+01;3.5278878e-01;6.2500000e+01;2.8966451e-01;6.2500000e+01;2.0884928e-01;6.2500000e+01;1.5077332e-01;6.2500000e+01;9.7167954e-02;6.2500000e+01;4.7060430e-02;6.2500000e+01;-6.6815317e-04;6.2500000e+01;-5.0027408e-02;6.2500000e+01;-9.6532390e-02;6.2500000e+01;-1.4621750e-01;6.2500000e+01;-7.0186302e-02;6.2500000e+01;-3.0675707e-02;6.2500000e+01;3.2541554e-02;6.2500000e+01;1.1718579e-01;6.2500000e+01;2.1390837e-01;6.2500000e+01;3.0188084e-01;6.2500000e+01;3.4781164e-01;6.2500000e+01;3.6324006e-01;6.2500000e+01;3.5278878e-01;6.2500000e+01;2.8966451e-01;6.2500000e+01;2.0884928e-01;6.2500000e+01;1.5077332e-01;6.2500000e+01;9.7167954e-02;6.2500000e+01;4.7060430e-02;6.2500000e+01;-6.6815317e-04;6.2500000e+01;-5.0027408e-02;6.2500000e+01;-9.6532390e-02;6.2500000e+01;-1.4621750e-01;6.2500000e+01;-7.0186302e-02;6.2500000e+01;-3.0675707e-02;6.2500000e+01;3.2541554e-02;6.2500000e+01;1.1718579e-01;6.2500000e+01;2.1390837e-01;6.2500000e+01;3.0188084e-01;6.2500000e+01;3.4781164e-01;6.2500000e+01;3.6324006e-01;6.2500000e+01;3.5278878e-01;6.2500000e+01;2.8966451e-01;6.2500000e+01;2.0884928e-01;6.2500000e+01;1.5077332e-01;6.2500000e+01;9.7167954e-02;6.2500000e+01;4.7060430e-02;6.2500000e+01;-6.6815317e-04;6.2500000e+01;-5.0027408e-02;6.2500000e+01;-9.6532390e-02;6.2500000e+01;-1.4621750e-01;6.2500000e+01;-7.0186302e-02;6.2500000e+01;-3.0675707e-02;6.2500000e+01;3.2541554e-02;6.2500000e+01;1.1718579e-01;6.2500000e+01;2.1390837e-01;6.2500000e+01;3.0188084e-01;6.2500000e+01;3.4781164e-01;6.2500000e+01;3.6324006e-01;6.2500000e+01;3.5278878e-01;6.2500000e+01;2.8966451e-01;6.2500000e+01;2.0884928e-01;6.2500000e+01;1.5077332e-01;6.2500000e+01;9.7167954e-02;6.2500000e+01;4.7060430e-02;6.2500000e+01;-6.6815317e-04;6.2500000e+01;-5.0027408e-02;6.2500000e+01;-9.6532390e-02;6.2500000e+01;-1.4621750e-01;6.2500000e+01;-7.0186302e-02;6.2500000e+01;-3.0675707e-02;6.2500000e+01;3.2541554e-02;6.2500000e+01;1.1718579e-01;6.2500000e+01;2.1390837e-01;6.2500000e+01;3.0188084e-01;6.2500000e+01;3.4781164e-01;6.2500000e+01;3.6324006e-01;6.2500000e+01;3.5278878e-01;6.2500000e+01;2.8966451e-01;6.2500000e+01;2.0884928e-01;6.2500000e+01;1.5077332e-01;6.2500000e+01;9.7167954e-02;6.2500000e+01;4.7060430e-02;6.2500000e+01;-6.6815317e-04;6.2500000e+01;-5.0027408e-02;6.2500000e+01;-9.6532390e-02;6.2500000e+01;-1.4621750e-01;6.2500000e+01;-7.0186302e-02;6.2500000e+01;-3.0675707e-02;6.2500000e+01;3.2541554e-02;6.2500000e+01;1.1718579e-01;6.2500000e+01;2.1390837e-01;6.2500000e+01;3.0188084e-01;6.2500000e+01;3.4781164e-01;6.2500000e+01;3.6324006e-01;6.2500000e+01;3.5278878e-01;6.2500000e+01;2.8966451e-01;6.2500000e+01;2.0884928e-01;6.2500000e+01;1.5077332e-01;6.2500000e+01;9.7167954e-02;6.2500000e+01;4.7060430e-02;6.2500000e+01;-6.6815317e-04;6.2500000e+01;-5.0027408e-02;6.2500000e+01;-9.6532390e-02;6.2500000e+01;-1.4621750e-01;6.2500000e+01;-7.0186302e-02;6.2500000e+01;-3.0675707e-02;6.2500000e+01;3.2541554e-02;6.2500000e+01;1.1718579e-01;6.2500000e+01;2.1390837e-01;6.2500000e+01;3.0188084e-01;6.2500000e+01;3.4781164e-01;6.2500000e+01;3.6324006e-01;6.2500000e+01;3.5278878e-01;6.2500000e+01;2.8966451e-01;6.2500000e+01;2.0884928e-01;6.2500000e+01;1.5077332e-01;6.2500000e+01;9.7167954e-02;6.2500000e+01;4.7060430e-02;6.2500000e+01;-6.6815317e-04;6.2500000e+01;-5.0027408e-02;6.2500000e+01;-9.6532390e-02;6.2500000e+01;-1.4621750e-01;6.2500000e+01;-7.0186302e-02;6.2500000e+01;-3.0675707e-02;6.2500000e+01;3.2541554e-02;6.2500000e+01;1.1718579e-01;6.2500000e+01;2.1390837e-01;6.2500000e+01;3.0188084e-01;6.2500000e+01;3.4781164e-01;6.2500000e+01;3.6324006e-01;6.2500000e+01;3.5278878e-01;6.2500000e+01;2.8966451e-01;6.2500000e+01;2.0884928e-01;6.2500000e+01;1.5077332e-01;6.2500000e+01;9.7167954e-02;6.2500000e+01;4.7060430e-02;6.2500000e+01;-6.6815317e-04;6.2500000e+01;-5.0027408e-02;6.2500000e+01;-9.6532390e-02;6.2500000e+01;-1.4621750e-01;6.2500000e+01;-7.0186302e-02;6.2500000e+01;-3.0675707e-02;6.2500000e+01;3.2541554e-02;6.2500000e+01;1.1718579e-01;6.2500000e+01;2.1390837e-01;6.2500000e+01;3.0188084e-01;6.2500000e+01;3.4781164e-01;6.2500000e+01;3.6324006e-01;6.2500000e+01;3.5278878e-01;6.2500000e+01;2.8966451e-01;6.2500000e+01;2.0884928e-01;6.2500000e+01;1.5077332e-01;6.2500000e+01;9.7167954e-02;6.2500000e+01;4.7060430e-02;6.2500000e+01;-6.6815317e-04;6.2500000e+01;-5.0027408e-02;6.2500000e+01;-9.6532390e-02;6.2500000e+01;-1.4621750e-01;6.2500000e+01;-7.0186302e-02;6.2500000e+01;-3.0675707e-02;6.2500000e+01;3.2541554e-02;6.2500000e+01;1.1718579e-01;6.2500000e+01;2.1390837e-01;6.2500000e+01;3.0188084e-01;6.2500000e+01;3.4781164e-01;6.2500000e+01;3.6324006e-01;6.2500000e+01;3.5278878e-01;6.2500000e+01;2.8966451e-01;6.2500000e+01;2.0884928e-01;6.2500000e+01;1.5077332e-01;6.2500000e+01;9.7167954e-02;6.2500000e+01;4.7060430e-02;6.2500000e+01;-6.6815317e-04;6.2500000e+01;-5.0027408e-02;6.2500000e+01;-9.6532390e-02;6.2500000e+01;-1.4621750e-01;6.2500000e+01;-7.0186302e-02;6.2500000e+01;-3.0675707e-02;6.2500000e+01;3.2541554e-02;6.2500000e+01;1.1718579e-01;6.2500000e+01;2.1390837e-01;6.2500000e+01;3.0188084e-01;6.2500000e+01;3.4781164e-01;6.2500000e+01;3.6324006e-01;6.2500000e+01;3.5278878e-01;6.2500000e+01;2.8966451e-01;6.2500000e+01;2.0884928e-01;6.2500000e+01;1.5077332e-01;6.2500000e+01;9.7167954e-02;6.2500000e+01;4.7060430e-02;6.2500000e+01;-6.6815317e-04;6.2500000e+01;-5.0027408e-02;6.2500000e+01;-9.6532390e-02;6.2500000e+01;-1.4621750e-01;6.2500000e+01;-7.0186302e-02;6.2500000e+01;-3.0675707e-02;6.2500000e+01;3.2541554e-02;6.2500000e+01;1.1718579e-01;6.2500000e+01;2.1390837e-01;6.2500000e+01;3.0188084e-01;6.2500000e+01;3.4781164e-01;6.2500000e+01;3.6324006e-01;6.2500000e+01;3.5278878e-01;6.2500000e+01;2.8966451e-01;6.2500000e+01;2.0884928e-01;6.2500000e+01;1.5077332e-01;6.2500000e+01;9.7167954e-02;6.2500000e+01;4.7060430e-02;6.2500000e+01;-6.6815317e-04;6.2500000e+01;-5.0027408e-02;6.2500000e+01;-9.6532390e-02;6.2500000e+01;-1.4621750e-01;6.2500000e+01;-7.0186302e-02;6.2500000e+01;-3.0675707e-02;6.2500000e+01;3.2541554e-02;6.2500000e+01;1.1718579e-01;6.2500000e+01;2.1390837e-01;6.2500000e+01;3.0188084e-01;6.2500000e+01;3.4781164e-01;6.2500000e+01;3.6324006e-01;6.2500000e+01;3.5278878e-01;6.2500000e+01;2.8966451e-01;6.2500000e+01;2.0884928e-01;6.2500000e+01;1.5077332e-01;6.2500000e+01;9.7167954e-02;6.2500000e+01;4.7060430e-02;6.2500000e+01;-6.6815317e-04;6.2500000e+01;-5.0027408e-02;6.2500000e+01;-9.6532390e-02;6.2500000e+01;-1.4621750e-01;6.2500000e+01;-7.0186302e-02;6.2500000e+01;-3.0675707e-02;6.2500000e+01;3.2541554e-02;6.2500000e+01;1.1718579e-01;6.2500000e+01;2.1390837e-01;6.2500000e+01;3.0188084e-01;6.2500000e+01;3.4781164e-01;6.2500000e+01;3.6324006e-01;6.2500000e+01;3.5278878e-01;6.2500000e+01;2.8966451e-01;6.2500000e+01;2.0884928e-01;6.2500000e+01;1.5077332e-01;6.2500000e+01;9.7167954e-02;6.2500000e+01;4.7060430e-02;6.2500000e+01;-6.6815317e-04;6.2500000e+01;-5.0027408e-02;6.2500000e+01;-9.6532390e-02;6.2500000e+01;-1.4621750e-01;6.2500000e+01;-7.0186302e-02;6.2500000e+01;-3.0675707e-02;6.2500000e+01;3.2541554e-02;6.2500000e+01;1.1718579e-01;6.2500000e+01;2.1390837e-01;6.2500000e+01;3.0188084e-01;6.2500000e+01;3.4781164e-01;6.2500000e+01;3.6324006e-01;6.2500000e+01;3.5278878e-01;6.2500000e+01;2.8966451e-01;6.2500000e+01;2.0884928e-01;6.2500000e+01;1.5077332e-01;6.2500000e+01;9.7167954e-02;6.2500000e+01;4.7060430e-02;6.2500000e+01;-6.6815317e-04;6.2500000e+01;-5.0027408e-02;6.2500000e+01;-9.6532390e-02;6.2500000e+01;-1.4621750e-01;6.2500000e+01;-7.0186302e-02;6.2500000e+01;-3.0675707e-02;6.2500000e+01;3.2541554e-02;6.2500000e+01;1.1718579e-01;6.2500000e+01;2.1390837e-01;6.2500000e+01;3.0188084e-01;6.2500000e+01;3.4781164e-01;6.2500000e+01;3.6324006e-01;6.2500000e+01;3.5278878e-01;6.2500000e+01;2.8966451e-01;6.2500000e+01;2.0884928e-01;6.2500000e+01;1.5077332e-01;6.2500000e+01;9.7167954e-02;6.2500000e+01;4.7060430e-02;6.2500000e+01;-6.6815317e-04;6.2500000e+01;-5.0027408e-02;6.2500000e+01;-9.6532390e-02;6.2500000e+01;-1.4621750e-01;6.2500000e+01;-7.0186302e-02;6.2500000e+01;-3.0675707e-02;6.2500000e+01;3.2541554e-02;6.2500000e+01;1.1718579e-01;6.2500000e+01;2.1390837e-01;6.2500000e+01;3.0188084e-01;6.2500000e+01;3.4781164e-01;6.2500000e+01;3.6324006e-01;6.2500000e+01;3.5278878e-01;6.2500000e+01;2.8966451e-01;6.2500000e+01;2.0884928e-01;6.2500000e+01;1.5077332e-01;6.2500000e+01;9.7167954e-02;6.2500000e+01;4.7060430e-02;6.2500000e+01;-6.6815317e-04;6.2500000e+01;-5.0027408e-02;6.2500000e+01;-9.6532390e-02;6.2500000e+01;-1.4621750e-01;6.2500000e+01;-7.0186302e-02;6.2500000e+01;-3.0675707e-02;6.2500000e+01;3.2541554e-02;6.2500000e+01;1.1718579e-01;6.2500000e+01;2.1390837e-01;6.2500000e+01;3.0188084e-01;6.2500000e+01;3.4781164e-01;6.2500000e+01;3.6324006e-01;6.2500000e+01;3.5278878e-01;6.2500000e+01;2.8966451e-01;6.2500000e+01;2.0884928e-01;6.2500000e+01;1.5077332e-01;6.2500000e+01;9.7167954e-02;6.2500000e+01;4.7060430e-02;6.2500000e+01;-6.6815317e-04;6.2500000e+01;-5.0027408e-02;6.2500000e+01;-9.6532390e-02;6.2500000e+01;-1.4621750e-01;6.2500000e+01;-7.0186302e-02;6.2500000e+01;-3.0675707e-02;6.2500000e+01;3.2541554e-02;6.2500000e+01;1.1718579e-01;6.2500000e+01;2.1390837e-01;6.2500000e+01;3.0188084e-01;6.2500000e+01;3.4781164e-01;6.2500000e+01;3.6324006e-01;6.2500000e+01;3.5278878e-01;6.2500000e+01;2.8966451e-01;6.2500000e+01;2.0884928e-01;6.2500000e+01;1.5077332e-01;6.2500000e+01;9.7167954e-02;6.2500000e+01;4.7060430e-02;6.2500000e+01;-6.6815317e-04;6.2500000e+01;-5.0027408e-02;6.2500000e+01;-9.6532390e-02;6.2500000e+01;-1.4621750e-01;6.2500000e+01;-7.0186302e-02;6.2500000e+01;-3.0675707e-02;6.2500000e+01;3.2541554e-02;6.2500000e+01;1.1718579e-01;6.2500000e+01;2.1390837e-01;6.2500000e+01;3.0188084e-01;6.2500000e+01;3.4781164e-01;6.2500000e+01;3.6324006e-01;6.2500000e+01;3.5278878e-01;6.2500000e+01;2.8966451e-01;6.2500000e+01;2.0884928e-01;6.2500000e+01;1.5077332e-01;6.2500000e+01;9.7167954e-02;6.2500000e+01;4.7060430e-02;6.2500000e+01;-6.6815317e-04;6.2500000e+01;-5.0027408e-02;6.2500000e+01;-9.6532390e-02;6.2500000e+01;-1.4621750e-01;6.2500000e+01;-7.0186302e-02;6.2500000e+01;-3.0675707e-02;6.2500000e+01;3.2541554e-02;6.2500000e+01;1.1718579e-01;6.2500000e+01;2.1390837e-01;6.2500000e+01;3.0188084e-01;6.2500000e+01;3.4781164e-01;6.2500000e+01;3.6324006e-01;6.2500000e+01;3.5278878e-01;6.2500000e+01;2.8966451e-01;6.2500000e+01;2.0884928e-01;6.2500000e+01;1.5077332e-01;6.2500000e+01;9.7167954e-02;6.2500000e+01;4.7060430e-02;6.2500000e+01;-6.6815317e-04;6.2500000e+01;-5.0027408e-02;6.2500000e+01;-9.6532390e-02;6.2500000e+01;-1.4621750e-01;6.2500000e+01;-7.0186302e-02;6.2500000e+01;-3.0675707e-02;6.2500000e+01;3.2541554e-02;6.2500000e+01;1.1718579e-01;6.2500000e+01;2.1390837e-01;6.2500000e+01;3.0188084e-01;6.2500000e+01;3.4781164e-01;6.2500000e+01;3.6324006e-01;6.2500000e+01;3.5278878e-01;6.2500000e+01;2.8966451e-01;6.2500000e+01;2.0884928e-01;6.2500000e+01;1.5077332e-01;6.2500000e+01;9.7167954e-02;6.2500000e+01;4.7060430e-02;6.2500000e+01;-6.6815317e-04;6.2500000e+01;-5.0027408e-02;6.2500000e+01;-9.6532390e-02;6.2500000e+01;-1.4621750e-01;6.2500000e+01;-7.0186302e-02;6.2500000e+01;-3.0675707e-02;6.2500000e+01;3.2541554e-02;6.2500000e+01;1.1718579e-01;6.2500000e+01;2.1390837e-01;6.2500000e+01;3.0188084e-01;6.2500000e+01;3.4781164e-01;6.2500000e+01;3.6324006e-01;6.2500000e+01;3.5278878e-01;6.2500000e+01;2.8966451e-01;6.2500000e+01;2.0884928e-01;6.2500000e+01;1.5077332e-01;6.2500000e+01;9.7167954e-02;6.2500000e+01;4.7060430e-02;6.2500000e+01;-6.6815317e-04;6.2500000e+01;-5.0027408e-02;6.2500000e+01;-9.6532390e-02;6.2500000e+01;-1.4621750e-01;6.2500000e+01;-7.0186302e-02;6.2500000e+01;-3.0675707e-02;6.2500000e+01;3.2541554e-02;6.2500000e+01;1.1718579e-01;6.2500000e+01;2.1390837e-01;6.2500000e+01;3.0188084e-01;6.2500000e+01;3.4781164e-01;6.2500000e+01;3.6324006e-01;6.2500000e+01;3.5278878e-01;6.2500000e+01;2.8966451e-01;6.2500000e+01;2.0884928e-01;6.2500000e+01;1.5077332e-01;6.2500000e+01;9.7167954e-02;6.2500000e+01;4.7060430e-02;6.2500000e+01;-6.6815317e-04;6.2500000e+01;-5.0027408e-02;6.2500000e+01;-9.6532390e-02;6.2500000e+01;-1.4621750e-01;6.2500000e+01;-7.0186302e-02;6.2500000e+01;-3.0675707e-02;6.2500000e+01;3.2541554e-02;6.2500000e+01;1.1718579e-01;6.2500000e+01;2.1390837e-01;6.2500000e+01;3.0188084e-01;6.2500000e+01;3.4781164e-01;6.2500000e+01;3.6324006e-01;6.2500000e+01;3.5278878e-01;6.2500000e+01;2.8966451e-01;6.2500000e+01;2.0884928e-01;6.2500000e+01;1.5077332e-01;6.2500000e+01;9.7167954e-02;6.2500000e+01;4.7060430e-02;6.2500000e+01;-6.6815317e-04;6.2500000e+01;-5.0027408e-02;6.2500000e+01;-9.6532390e-02;6.2500000e+01;-1.4621750e-01;6.2500000e+01;-7.0186302e-02;6.2500000e+01;-3.0675707e-02;6.2500000e+01;3.2541554e-02;6.2500000e+01;1.1718579e-01;6.2500000e+01;2.1390837e-01;6.2500000e+01;3.0188084e-01;6.2500000e+01;3.4781164e-01;6.2500000e+01;3.6324006e-01;6.2500000e+01;3.5278878e-01;6.2500000e+01;2.8966451e-01;6.2500000e+01;2.0884928e-01;6.2500000e+01;1.5077332e-01;6.2500000e+01;9.7167954e-02;6.2500000e+01;4.7060430e-02;6.2500000e+01;-6.6815317e-04;6.2500000e+01;-5.0027408e-02;6.2500000e+01;-9.6532390e-02;6.2500000e+01;-1.4621750e-01
6.7500000e+01;-7.3557362e-02;6.7500000e+01;-3.4855016e-02;6.7500000e+01;2.7530618e-02;6.7500000e+01;1.0850350e-01;6.7500000e+01;2.0124269e-01;6.7500000e+01;2.8523862e-01;6.7500000e+01;3.3121824e-01;6.7500000e+01;3.5799968e-01;6.7500000e+01;3.5988218e-01;6.7500000e+01;3.0090117e-01;6.7500000e+01;2.1220346e-01;6.7500000e+01;1.4649723e-01;6.7500000e+01;8.8216402e-02;6.7500000e+01;3.5100006e-02;6.7500000e+01;-1.3777137e-02;6.7500000e+01;-6.4815700e-02;6.7500000e+01;-1.1414291e-01;6.7500000e+01;-1.6233169e-01;6.7500000e+01;-7.3557362e-02;6.7500000e+01;-3.4855016e-02;6.7500000e+01;2.7530618e-02;6.7500000e+01;1.0850350e-01;6.7500000e+01;2.0124269e-01;6.7500000e+01;2.8523862e-01;6.7500000e+01;3.3121824e-01;6.7500000e+01;3.5799968e-01;6.7500000e+01;3.5988218e-01;6.7500000e+01;3.0090117e-01;6.7500000e+01;2.1220346e-01;6.7500000e+01;1.4649723e-01;6.7500000e+01;8.8216402e-02;6.7500000e+01;3.5100006e-02;6.7500000e+01;-1.3777137e-02;6.7500000e+01;-6.4815700e-02;6.7500000e+01;-1.1414291e-01;6.7500000e+01;-1.6233169e-01;6.7500000e+01;-7.3557362e-02;6.7500000e+01;-3.4855016e-02;6.7500000e+01;2.7530618e-02;6.7500000e+01;1.0850350e-01;6.7500000e+01;2.0124269e-01;6.7500000e+01;2.8523862e-01;6.7500000e+01;3.3121824e-01;6.7500000e+01;3.5799968e-01;6.7500000e+01;3.5988218e-01;6.7500000e+01;3.0090117e-01;6.7500000e+01;2.1220346e-01;6.7500000e+01;1.4649723e-01;6.7500000e+01;8.8216402e-02;6.7500000e+01;3.5100006e-02;6.7500000e+01;-1.3777137e-02;6.7500000e+01;-6.4815700e-02;6.7500000e+01;-1.1414291e-01;6.7500000e+01;-1.6233169e-01;6.7500000e+01;-7.3557362e-02;6.7500000e+01;-3.4855016e-02;6.7500000e+01;2.7530618e-02;6.7500000e+01;1.0850350e-01;6.7500000e+01;2.0124269e-01;6.7500000e+01;2.8523862e-01;6.7500000e+01;3.3121824e-01;6.7500000e+01;3.5799968e-01;6.7500000e+01;3.5988218e-01;6.7500000e+01;3.0090117e-01;6.7500000e+01;2.1220346e-01;6.7500000e+01;1.4649723e-01;6.7500000e+01;8.8216402e-02;6.7500000e+01;3.5100006e-02;6.7500000e+01;-1.3777137e-02;6.7500000e+01;-6.4815700e-02;6.7500000e+01;-1.1414291e-01;6.7500000e+01;-1.6233169e-01;6.7500000e+01;-7.3557362e-02;6.7500000e+01;-3.4855016e-02;6.7500000e+01;2.7530618e-02;6.7500000e+01;1.0850350e-01;6.7500000e+01;2.0124269e-01;6.7500000e+01;2.8523862e-01;6.7500000e+01;3.3121824e-01;6.7500000e+01;3.5799968e-01;6.7500000e+01;3.5988218e-01;6.7500000e+01;3.0090117e-01;6.7500000e+01;2.1220346e-01;6.7500000e+01;1.4649723e-01;6.7500000e+01;8.8216402e-02;6.7500000e+01;3.5100006e-02;6.7500000e+01;-1.3777137e-02;6.7500000e+01;-6.4815700e-02;6.7500000e+01;-1.1414291e-01;6.7500000e+01;-1.6233169e-01;6.7500000e+01;-7.3557362e-02;6.7500000e+01;-3.4855016e-02;6.7500000e+01;2.7530618e-02;6.7500000e+01;1.0850350e-01;6.7500000e+01;2.0124269e-01;6.7500000e+01;2.8523862e-01;6.7500000e+01;3.3121824e-01;6.7500000e+01;3.5799968e-01;6.7500000e+01;3.5988218e-01;6.7500000e+01;3.0090117e-01;6.7500000e+01;2.1220346e-01;6.7500000e+01;1.4649723e-01;6.7500000e+01;8.8216402e-02;6.7500000e+01;3.5100006e-02;6.7500000e+01;-1.3777137e-02;6.7500000e+01;-6.4815700e-02;6.7500000e+01;-1.1414291e-01;6.7500000e+01;-1.6233169e-01;6.7500000e+01;-7.3557362e-02;6.7500000e+01;-3.4855016e-02;6.7500000e+01;2.7530618e-02;6.7500000e+01;1.0850350e-01;6.7500000e+01;2.0124269e-01;6.7500000e+01;2.8523862e-01;6.7500000e+01;3.3121824e-01;6.7500000e+01;3.5799968e-01;6.7500000e+01;3.5988218e-01;6.7500000e+01;3.0090117e-01;6.7500000e+01;2.1220346e-01;6.7500000e+01;1.4649723e-01;6.7500000e+01;8.8216402e-02;6.7500000e+01;3.5100006e-02;6.7500000e+01;-1.3777137e-02;6.7500000e+01;-6.4815700e-02;6.7500000e+01;-1.1414291e-01;6.7500000e+01;-1.6233169e-01;6.7500000e+01;-7.3557362e-02;6.7500000e+01;-3.4855016e-02;6.7500000e+01;2.7530618e-02;6.7500000e+01;1.0850350e-01;6.7500000e+01;2.0124269e-01;6.7500000e+01;2.8523862e-01;6.7500000e+01;3.3121824e-01;6.7500000e+01;3.5799968e-01;6.7500000e+01;3.5988218e-01;6.7500000e+01;3.0090117e-01;6.7500000e+01;2.1220346e-01;6.7500000e+01;1.4649723e-01;6.7500000e+01;8.8216402e-02;6.7500000e+01;3.5100006e-02;6.7500000e+01;-1.3777137e-02;6.7500000e+01;-6.4815700e-02;6.7500000e+01;-1.1414291e-01;6.7500000e+01;-1.6233169e-01;6.7500000e+01;-7.3557362e-02;6.7500000e+01;-3.4855016e-02;6.7500000e+01;2.7530618e-02;6.7500000e+01;1.0850350e-01;6.7500000e+01;2.0124269e-01;6.7500000e+01;2.8523862e-01;6.7500000e+01;3.3121824e-01;6.7500000e+01;3.5799968e-01;6.7500000e+01;3.5988218e-01;6.7500000e+01;3.0090117e-01;6.7500000e+01;2.1220346e-01;6.7500000e+01;1.4649723e-01;6.7500000e+01;8.8216402e-02;6.7500000e+01;3.5100006e-02;6.7500000e+01;-1.3777137e-02;6.7500000e+01;-6.4815700e-02;6.7500000e+01;-1.1414291e-01;6.7500000e+01;-1.6233169e-01;6.7500000e+01;-7.3557362e-02;6.7500000e+01;-3.4855016e-02;6.7500000e+01;2.7530618e-02;6.7500000e+01;1.0850350e-01;6.7500000e+01;2.0124269e-01;6.7500000e+01;2.8523862e-01;6.7500000e+01;3.3121824e-01;6.7500000e+01;3.5799968e-01;6.7500000e+01;3.5988218e-01;6.7500000e+01;3.0090117e-01;6.7500000e+01;2.1220346e-01;6.7500000e+01;1.4649723e-01;6.7500000e+01;8.8216402e-02;6.7500000e+01;3.5100006e-02;6.7500000e+01;-1.3777137e-02;6.7500000e+01;-6.4815700e-02;6.7500000e+01;-1.1414291e-01;6.7500000e+01;-1.6233169e-01;6.7500000e+01;-7.3557362e-02;6.7500000e+01;-3.4855016e-02;6.7500000e+01;2.7530618e-02;6.7500000e+01;1.0850350e-01;6.7500000e+01;2.0124269e-01;6.7500000e+01;2.8523862e-01;6.7500000e+01;3.3121824e-01;6.7500000e+01;3.5799968e-01;6.7500000e+01;3.5988218e-01;6.7500000e+01;3.0090117e-01;6.7500000e+01;2.1220346e-01;6.7500000e+01;1.4649723e-01;6.7500000e+01;8.8216402e-02;6.7500000e+01;3.5100006e-02;6.7500000e+01;-1.3777137e-02;6.7500000e+01;-6.4815700e-02;6.7500000e+01;-1.1414291e-01;6.7500000e+01;-1.6233169e-01;6.7500000e+01;-7.3557362e-02;6.7500000e+01;-3.4855016e-02;6.7500000e+01;2.7530618e-02;6.7500000e+01;1.0850350e-01;6.7500000e+01;2.0124269e-01;6.7500000e+01;2.8523862e-01;6.7500000e+01;3.3121824e-01;6.7500000e+01;3.5799968e-01;6.7500000e+01;3.5988218e-01;6.7500000e+01;3.0090117e-01;6.7500000e+01;2.1220346e-01;6.7500000e+01;1.4649723e-01;6.7500000e+01;8.8216402e-02;6.7500000e+01;3.5100006e-02;6.7500000e+01;-1.3777137e-02;6.7500000e+01;-6.4815700e-02;6.7500000e+01;-1.1414291e-01;6.7500000e+01;-1.6233169e-01;6.7500000e+01;-7.3557362e-02;6.7500000e+01;-3.4855016e-02;6.7500000e+01;2.7530618e-02;6.7500000e+01;1.0850350e-01;6.7500000e+01;2.0124269e-01;6.7500000e+01;2.8523862e-01;6.7500000e+01;3.3121824e-01;6.7500000e+01;3.5799968e-01;6.7500000e+01;3.5988218e-01;6.7500000e+01;3.0090117e-01;6.7500000e+01;2.1220346e-01;6.7500000e+01;1.4649723e-01;6.7500000e+01;8.8216402e-02;6.7500000e+01;3.5100006e-02;6.7500000e+01;-1.3777137e-02;6.7500000e+01;-6.4815700e-02;6.7500000e+01;-1.1414291e-01;6.7500000e+01;-1.6233169e-01;6.7500000e+01;-7.3557362e-02;6.7500000e+01;-3.4855016e-02;6.7500000e+01;2.7530618e-02;6.7500000e+01;1.0850350e-01;6.7500000e+01;2.0124269e-01;6.7500000e+01;2.8523862e-01;6.7500000e+01;3.3121824e-01;6.7500000e+01;3.5799968e-01;6.7500000e+01;3.5988218e-01;6.7500000e+01;3.0090117e-01;6.7500000e+01;2.1220346e-01;6.7500000e+01;1.4649723e-01;6.7500000e+01;8.8216402e-02;6.7500000e+01;3.5100006e-02;6.7500000e+01;-1.3777137e-02;6.7500000e+01;-6.4815700e-02;6.7500000e+01;-1.1414291e-01;6.7500000e+01;-1.6233169e-01;6.7500000e+01;-7.3557362e-02;6.7500000e+01;-3.4855016e-02;6.7500000e+01;2.7530618e-02;6.7500000e+01;1.0850350e-01;6.7500000e+01;2.0124269e-01;6.7500000e+01;2.8523862e-01;6.7500000e+01;3.3121824e-01;6.7500000e+01;3.5799968e-01;6.7500000e+01;3.5988218e-01;6.7500000e+01;3.0090117e-01;6.7500000e+01;2.1220346e-01;6.7500000e+01;1.4649723e-01;6.7500000e+01;8.8216402e-02;6.7500000e+01;3.5100006e-02;6.7500000e+01;-1.3777137e-02;6.7500000e+01;-6.4815700e-02;6.7500000e+01;-1.1414291e-01;6.7500000e+01;-1.6233169e-01;6.7500000e+01;-7.3557362e-02;6.7500000e+01;-3.4855016e-02;6.7500000e+01;2.7530618e-02;6.7500000e+01;1.0850350e-01;6.7500000e+01;2.0124269e-01;6.7500000e+01;2.8523862e-01;6.7500000e+01;3.3121824e-01;6.7500000e+01;3.5799968e-01;6.7500000e+01;3.5988218e-01;6.7500000e+01;3.0090117e-01;6.7500000e+01;2.1220346e-01;6.7500000e+01;1.4649723e-01;6.7500000e+01;8.8216402e-02;6.7500000e+01;3.5100006e-02;6.7500000e+01;-1.3777137e-02;6.7500000e+01;-6.4815700e-02;6.7500000e+01;-1.1414291e-01;6.7500000e+01;-1.6233169e-01;6.7500000e+01;-7.3557362e-02;6.7500000e+01;-3.4855016e-02;6.7500000e+01;2.7530618e-02;6.7500000e+01;1.0850350e-01;6.7500000e+01;2.0124269e-01;6.7500000e+01;2.8523862e-01;6.7500000e+01;3.3121824e-01;6.7500000e+01;3.5799968e-01;6.7500000e+01;3.5988218e-01;6.7500000e+01;3.0090117e-01;6.7500000e+01;2.1220346e-01;6.7500000e+01;1.4649723e-01;6.7500000e+01;8.8216402e-02;6.7500000e+01;3.5100006e-02;6.7500000e+01;-1.3777137e-02;6.7500000e+01;-6.4815700e-02;6.7500000e+01;-1.1414291e-01;6.7500000e+01;-1.6233169e-01;6.7500000e+01;-7.3557362e-02;6.7500000e+01;-3.4855016e-02;6.7500000e+01;2.7530618e-02;6.7500000e+01;1.0850350e-01;6.7500000e+01;2.0124269e-01;6.7500000e+01;2.8523862e-01;6.7500000e+01;3.3121824e-01;6.7500000e+01;3.5799968e-01;6.7500000e+01;3.5988218e-01;6.7500000e+01;3.0090117e-01;6.7500000e+01;2.1220346e-01;6.7500000e+01;1.4649723e-01;6.7500000e+01;8.8216402e-02;6.7500000e+01;3.5100006e-02;6.7500000e+01;-1.3777137e-02;6.7500000e+01;-6.4815700e-02;6.7500000e+01;-1.1414291e-01;6.7500000e+01;-1.6233169e-01;6.7500000e+01;-7.3557362e-02;6.7500000e+01;-3.4855016e-02;6.7500000e+01;2.7530618e-02;6.7500000e+01;1.0850350e-01;6.7500000e+01;2.0124269e-01;6.7500000e+01;2.8523862e-01;6.7500000e+01;3.3121824e-01;6.7500000e+01;3.5799968e-01;6.7500000e+01;3.5988218e-01;6.7500000e+01;3.0090117e-01;6.7500000e+01;2.1220346e-01;6.7500000e+01;1.4649723e-01;6.7500000e+01;8.8216402e-02;6.7500000e+01;3.5100006e-02;6.7500000e+01;-1.3777137e-02;6.7500000e+01;-6.4815700e-02;6.7500000e+01;-1.1414291e-01;6.7500000e+01;-1.6233169e-01;6.7500000e+01;-7.3557362e-02;6.7500000e+01;-3.4855016e-02;6.7500000e+01;2.7530618e-02;6.7500000e+01;1.0850350e-01;6.7500000e+01;2.0124269e-01;6.7500000e+01;2.8523862e-01;6.7500000e+01;3.3121824e-01;6.7500000e+01;3.5799968e-01;6.7500000e+01;3.5988218e-01;6.7500000e+01;3.0090117e-01;6.7500000e+01;2.1220346e-01;6.7500000e+01;1.4649723e-01;6.7500000e+01;8.8216402e-02;6.7500000e+01;3.5100006e-02;6.7500000e+01;-1.3777137e-02;6.7500000e+01;-6.4815700e-02;6.7500000e+01;-1.1414291e-01;6.7500000e+01;-1.6233169e-01;6.7500000e+01;-7.3557362e-02;6.7500000e+01;-3.4855016e-02;6.7500000e+01;2.7530618e-02;6.7500000e+01;1.0850350e-01;6.7500000e+01;2.0124269e-01;6.7500000e+01;2.8523862e-01;6.7500000e+01;3.3121824e-01;6.7500000e+01;3.5799968e-01;6.7500000e+01;3.5988218e-01;6.7500000e+01;3.0090117e-01;6.7500000e+01;2.1220346e-01;6.7500000e+01;1.4649723e-01;6.7500000e+01;8.8216402e-02;6.7500000e+01;3.5100006e-02;6.7500000e+01;-1.3777137e-02;6.7500000e+01;-6.4815700e-02;6.7500000e+01;-1.1414291e-01;6.7500000e+01;-1.6233169e-01;6.7500000e+01;-7.3557362e-02;6.7500000e+01;-3.4855016e-02;6.7500000e+01;2.7530618e-02;6.7500000e+01;1.0850350e-01;6.7500000e+01;2.0124269e-01;6.7500000e+01;2.8523862e-01;6.7500000e+01;3.3121824e-01;6.7500000e+01;3.5799968e-01;6.7500000e+01;3.5988218e-01;6.7500000e+01;3.0090117e-01;6.7500000e+01;2.1220346e-01;6.7500000e+01;1.4649723e-01;6.7500000e+01;8.8216402e-02;6.7500000e+01;3.5100006e-02;6.7500000e+01;-1.3777137e-02;6.7500000e+01;-6.4815700e-02;6.7500000e+01;-1.1414291e-01;6.7500000e+01;-1.6233169e-01;6.7500000e+01;-7.3557362e-02;6.7500000e+01;-3.4855016e-02;6.7500000e+01;2.7530618e-02;6.7500000e+01;1.0850350e-01;6.7500000e+01;2.0124269e-01;6.7500000e+01;2.8523862e-01;6.7500000e+01;3.3121824e-01;6.7500000e+01;3.5799968e-01;6.7500000e+01;3.5988218e-01;6.7500000e+01;3.0090117e-01;6.7500000e+01;2.1220346e-01;6.7500000e+01;1.4649723e-01;6.7500000e+01;8.8216402e-02;6.7500000e+01;3.5100006e-02;6.7500000e+01;-1.3777137e-02;6.7500000e+01;-6.4815700e-02;6.7500000e+01;-1.1414291e-01;6.7500000e+01;-1.6233169e-01;6.7500000e+01;-7.3557362e-02;6.7500000e+01;-3.4855016e-02;6.7500000e+01;2.7530618e-02;6.7500000e+01;1.0850350e-01;6.7500000e+01;2.0124269e-01;6.7500000e+01;2.8523862e-01;6.7500000e+01;3.3121824e-01;6.7500000e+01;3.5799968e-01;6.7500000e+01;3.5988218e-01;6.7500000e+01;3.0090117e-01;6.7500000e+01;2.1220346e-01;6.7500000e+01;1.4649723e-01;6.7500000e+01;8.8216402e-02;6.7500000e+01;3.5100006e-02;6.7500000e+01;-1.3777137e-02;6.7500000e+01;-6.4815700e-02;6.7500000e+01;-1.1414291e-01;6.7500000e+01;-1.6233169e-01;6.7500000e+01;-7.3557362e-02;6.7500000e+01;-3.4855016e-02;6.7500000e+01;2.7530618e-02;6.7500000e+01;1.0850350e-01;6.7500000e+01;2.0124269e-01;6.7500000e+01;2.8523862e-01;6.7500000e+01;3.3121824e-01;6.7500000e+01;3.5799968e-01;6.7500000e+01;3.5988218e-01;6.7500000e+01;3.0090117e-01;6.7500000e+01;2.1220346e-01;6.7500000e+01;1.4649723e-01;6.7500000e+01;8.8216402e-02;6.7500000e+01;3.5100006e-02;6.7500000e+01;-1.3777137e-02;6.7500000e+01;-6.4815700e-02;6.7500000e+01;-1.1414291e-01;6.7500000e+01;-1.6233169e-01;6.7500000e+01;-7.3557362e-02;6.7500000e+01;-3.4855016e-02;6.7500000e+01;2.7530618e-02;6.7500000e+01;1.0850350e-01;6.7500000e+01;2.0124269e-01;6.7500000e+01;2.8523862e-01;6.7500000e+01;3.3121824e-01;6.7500000e+01;3.5799968e-01;6.7500000e+01;3.5988218e-01;6.7500000e+01;3.0090117e-01;6.7500000e+01;2.1220346e-01;6.7500000e+01;1.4649723e-01;6.7500000e+01;8.8216402e-02;6.7500000e+01;3.5100006e-02;6.7500000e+01;-1.3777137e-02;6.7500000e+01;-6.4815700e-02;6.7500000e+01;-1.1414291e-01;6.7500000e+01;-1.6233169e-01;6.7500000e+01;-7.3557362e-02;6.7500000e+01;-3.4855016e-02;6.7500000e+01;2.7530618e-02;6.7500000e+01;1.0850350e-01;6.7500000e+01;2.0124269e-01;6.7500000e+01;2.8523862e-01;6.7500000e+01;3.3121824e-01;6.7500000e+01;3.5799968e-01;6.7500000e+01;3.5988218e-01;6.7500000e+01;3.0090117e-01;6.7500000e+01;2.1220346e-01;6.7500000e+01;1.4649723e-01;6.7500000e+01;8.8216402e-02;6.7500000e+01;3.5100006e-02;6.7500000e+01;-1.3777137e-02;6.7500000e+01;-6.4815700e-02;6.7500000e+01;-1.1414291e-01;6.7500000e+01;-1.6233169e-01;6.7500000e+01;-7.3557362e-02;6.7500000e+01;-3.4855016e-02;6.7500000e+01;2.7530618e-02;6.7500000e+01;1.0850350e-01;6.7500000e+01;2.0124269e-01;6.7500000e+01;2.8523862e-01;6.7500000e+01;3.3121824e-01;6.7500000e+01;3.5799968e-01;6.7500000e+01;3.5988218e-01;6.7500000e+01;3.0090117e-01;6.7500000e+01;2.1220346e-01;6.7500000e+01;1.4649723e-01;6.7500000e+01;8.8216402e-02;6.7500000e+01;3.5100006e-02;6.7500000e+01;-1.3777137e-02;6.7500000e+01;-6.4815700e-02;6.7500000e+01;-1.1414291e-01;6.7500000e+01;-1.6233169e-01;6.7500000e+01;-7.3557362e-02;6.7500000e+01;-3.4855016e-02;6.7500000e+01;2.7530618e-02;6.7500000e+01;1.0850350e-01;6.7500000e+01;2.0124269e-01;6.7500000e+01;2.8523862e-01;6.7500000e+01;3.3121824e-01;6.7500000e+01;3.5799968e-01;6.7500000e+01;3.5988218e-01;6.7500000e+01;3.0090117e-01;6.7500000e+01;2.1220346e-01;6.7500000e+01;1.4649723e-01;6.7500000e+01;8.8216402e-02;6.7500000e+01;3.5100006e-02;6.7500000e+01;-1.3777137e-02;6.7500000e+01;-6.4815700e-02;6.7500000e+01;-1.1414291e-01;6.7500000e+01;-1.6233169e-01;6.7500000e+01;-7.3557362e-02;6.7500000e+01;-3.4855016e-02;6.7500000e+01;2.7530618e-02;6.7500000e+01;1.0850350e-01;6.7500000e+01;2.0124269e-01;6.7500000e+01;2.8523862e-01;6.7500000e+01;3.3121824e-01;6.7500000e+01;3.5799968e-01;6.7500000e+01;3.5988218e-01;6.7500000e+01;3.0090117e-01;6.7500000e+01;2.1220346e-01;6.7500000e+01;1.4649723e-01;6.7500000e+01;8.8216402e-02;6.7500000e+01;3.5100006e-02;6.7500000e+01;-1.3777137e-02;6.7500000e+01;-6.4815700e-02;6.7500000e+01;-1.1414291e-01;6.7500000e+01;-1.6233169e-01;6.7500000e+01;-7.3557362e-02;6.7500000e+01;-3.4855016e-02;6.7500000e+01;2.7530618e-02;6.7500000e+01;1.0850350e-01;6.7500000e+01;2.0124269e-01;6.7500000e+01;2.8523862e-01;6.7500000e+01;3.3121824e-01;6.7500000e+01;3.5799968e-01;6.7500000e+01;3.5988218e-01;6.7500000e+01;3.0090117e-01;6.7500000e+01;2.1220346e-01;6.7500000e+01;1.4649723e-01;6.7500000e+01;8.8216402e-02;6.7500000e+01;3.5100006e-02;6.7500000e+01;-1.3777137e-02;6.7500000e+01;-6.4815700e-02;6.7500000e+01;-1.1414291e-01;6.7500000e+01;-1.6233169e-01;6.7500000e+01;-7.3557362e-02;6.7500000e+01;-3.4855016e-02;6.7500000e+01;2.7530618e-02;6.7500000e+01;1.0850350e-01;6.7500000e+01;2.0124269e-01;6.7500000e+01;2.8523862e-01;6.7500000e+01;3.3121824e-01;6.7500000e+01;3.5799968e-01;6.7500000e+01;3.5988218e-01;6.7500000e+01;3.0090117e-01;6.7500000e+01;2.1220346e-01;6.7500000e+01;1.4649723e-01;6.7500000e+01;8.8216402e-02;6.7500000e+01;3.5100006e-02;6.7500000e+01;-1.3777137e-02;6.7500000e+01;-6.4815700e-02;6.7500000e+01;-1.1414291e-01;6.7500000e+01;-1.6233169e-01;6.7500000e+01;-7.3557362e-02;6.7500000e+01;-3.4855016e-02;6.7500000e+01;2.7530618e-02;6.7500000e+01;1.0850350e-01;6.7500000e+01;2.0124269e-01;6.7500000e+01;2.8523862e-01;6.7500000e+01;3.3121824e-01;6.7500000e+01;3.5799968e-01;6.7500000e+01;3.5988218e-01;6.7500000e+01;3.0090117e-01;6.7500000e+01;2.1220346e-01;6.7500000e+01;1.4649723e-01;6.7500000e+01;8.8216402e-02;6.7500000e+01;3.5100006e-02;6.7500000e+01;-1.3777137e-02;6.7500000e+01;-6.4815700e-02;6.7500000e+01;-1.1414291e-01;6.7500000e+01;-1.6233169e-01;6.7500000e+01;-7.3557362e-02;6.7500000e+01;-3.4855016e-02;6.7500000e+01;2.7530618e-02;6.7500000e+01;1.0850350e-01;6.7500000e+01;2.0124269e-01;6.7500000e+01;2.8523862e-01;6.7500000e+01;3.3121824e-01;6.7500000e+01;3.5799968e-01;6.7500000e+01;3.5988218e-01;6.7500000e+01;3.0090117e-01;6.7500000e+01;2.1220346e-01;6.7500000e+01;1.4649723e-01;6.7500000e+01;8.8216402e-02;6.7500000e+01;3.5100006e-02;6.7500000e+01;-1.3777137e-02;6.7500000e+01;-6.4815700e-02;6.7500000e+01;-1.1414291e-01;6.7500000e+01;-1.6233169e-01;6.7500000e+01;-7.3557362e-02;6.7500000e+01;-3.4855016e-02;6.7500000e+01;2.7530618e-02;6.7500000e+01;1.0850350e-01;6.7500000e+01;2.0124269e-01;6.7500000e+01;2.8523862e-01;6.7500000e+01;3.3121824e-01;6.7500000e+01;3.5799968e-01;6.7500000e+01;3.5988218e-01;6.7500000e+01;3.0090117e-01;6.7500000e+01;2.1220346e-01;6.7500000e+01;1.4649723e-01;6.7500000e+01;8.8216402e-02;6.7500000e+01;3.5100006e-02;6.7500000e+01;-1.3777137e-02;6.7500000e+01;-6.4815700e-02;6.7500000e+01;-1.1414291e-01;6.7500000e+01;-1.6233169e-01;6.7500000e+01;-7.3557362e-02;6.7500000e+01;-3.4855016e-02;6.7500000e+01;2.7530618e-02;6.7500000e+01;1.0850350e-01;6.7500000e+01;2.0124269e-01;6.7500000e+01;2.8523862e-01;6.7500000e+01;3.3121824e-01;6.7500000e+01;3.5799968e-01;6.7500000e+01;3.5988218e-01;6.7500000e+01;3.0090117e-01;6.7500000e+01;2.1220346e-01;6.7500000e+01;1.4649723e-01;6.7500000e+01;8.8216402e-02;6.7500000e+01;3.5100006e-02;6.7500000e+01;-1.3777137e-02;6.7500000e+01;-6.4815700e-02;6.7500000e+01;-1.1414291e-01;6.7500000e+01;-1.6233169e-01;6.7500000e+01;-7.3557362e-02;6.7500000e+01;-3.4855016e-02;6.7500000e+01;2.7530618e-02;6.7500000e+01;1.0850350e-01;6.7500000e+01;2.0124269e-01;6.7500000e+01;2.8523862e-01;6.7500000e+01;3.3121824e-01;6.7500000e+01;3.5799968e-01;6.7500000e+01;3.5988218e-01;6.7500000e+01;3.0090117e-01;6.7500000e+01;2.1220346e-01;6.7500000e+01;1.4649723e-01;6.7500000e+01;8.8216402e-02;6.7500000e+01;3.5100006e-02;6.7500000e+01;-1.3777137e-02;6.7500000e+01;-6.4815700e-02;6.7500000e+01;-1.1414291e-01;6.7500000e+01;-1.6233169e-01;6.7500000e+01;-7.3557362e-02;6.7500000e+01;-3.4855016e-02;6.7500000e+01;2.7530618e-02;6.7500000e+01;1.0850350e-01;6.7500000e+01;2.0124269e-01;6.7500000e+01;2.8523862e-01;6.7500000e+01;3.3121824e-01;6.7500000e+01;3.5799968e-01;6.7500000e+01;3.5988218e-01;6.7500000e+01;3.0090117e-01;6.7500000e+01;2.1220346e-01;6.7500000e+01;1.4649723e-01;6.7500000e+01;8.8216402e-02;6.7500000e+01;3.5100006e-02;6.7500000e+01;-1.3777137e-02;6.7500000e+01;-6.4815700e-02;6.7500000e+01;-1.1414291e-01;6.7500000e+01;-1.6233169e-01;6.7500000e+01;-7.3557362e-02;6.7500000e+01;-3.4855016e-02;6.7500000e+01;2.7530618e-02;6.7500000e+01;1.0850350e-01;6.7500000e+01;2.0124269e-01;6.7500000e+01;2.8523862e-01;6.7500000e+01;3.3121824e-01;6.7500000e+01;3.5799968e-01;6.7500000e+01;3.5988218e-01;6.7500000e+01;3.0090117e-01;6.7500000e+01;2.1220346e-01;6.7500000e+01;1.4649723e-01;6.7500000e+01;8.8216402e-02;6.7500000e+01;3.5100006e-02;6.7500000e+01;-1.3777137e-02;6.7500000e+01;-6.4815700e-02;6.7500000e+01;-1.1414291e-01;6.7500000e+01;-1.6233169e-01;6.7500000e+01;-7.3557362e-02;6.7500000e+01;-3.4855016e-02;6.7500000e+01;2.7530618e-02;6.7500000e+01;1.0850350e-01;6.7500000e+01;2.0124269e-01;6.7500000e+01;2.8523862e-01;6.7500000e+01;3.3121824e-01;6.7500000e+01;3.5799968e-01;6.7500000e+01;3.5988218e-01;6.7500000e+01;3.0090117e-01;6.7500000e+01;2.1220346e-01;6.7500000e+01;1.4649723e-01;6.7500000e+01;8.8216402e-02;6.7500000e+01;3.5100006e-02;6.7500000e+01;-1.3777137e-02;6.7500000e+01;-6.4815700e-02;6.7500000e+01;-1.1414291e-01;6.7500000e+01;-1.6233169e-01;6.7500000e+01;-7.3557362e-02;6.7500000e+01;-3.4855016e-02;6.7500000e+01;2.7530618e-02;6.7500000e+01;1.0850350e-01;6.7500000e+01;2.0124269e-01;6.7500000e+01;2.8523862e-01;6.7500000e+01;3.3121824e-01;6.7500000e+01;3.5799968e-01;6.7500000e+01;3.5988218e-01;6.7500000e+01;3.0090117e-01;6.7500000e+01;2.1220346e-01;6.7500000e+01;1.4649723e-01;6.7500000e+01;8.8216402e-02;6.7500000e+01;3.5100006e-02;6.7500000e+01;-1.3777137e-02;6.7500000e+01;-6.4815700e-02;6.7500000e+01;-1.1414291e-01;6.7500000e+01;-1.6233169e-01;6.7500000e+01;-7.3557362e-02;6.7500000e+01;-3.4855016e-02;6.7500000e+01;2.7530618e-02;6.7500000e+01;1.0850350e-01;6.7500000e+01;2.0124269e-01;6.7500000e+01;2.8523862e-01;6.7500000e+01;3.3121824e-01;6.7500000e+01;3.5799968e-01;6.7500000e+01;3.5988218e-01;6.7500000e+01;3.0090117e-01;6.7500000e+01;2.1220346e-01;6.7500000e+01;1.4649723e-01;6.7500000e+01;8.8216402e-02;6.7500000e+01;3.5100006e-02;6.7500000e+01;-1.3777137e-02;6.7500000e+01;-6.4815700e-02;6.7500000e+01;-1.1414291e-01;6.7500000e+01;-1.6233169e-01;6.7500000e+01;-7.3557362e-02;6.7500000e+01;-3.4855016e-02;6.7500000e+01;2.7530618e-02;6.7500000e+01;1.0850350e-01;6.7500000e+01;2.0124269e-01;6.7500000e+01;2.8523862e-01;6.7500000e+01;3.3121824e-01;6.7500000e+01;3.5799968e-01;6.7500000e+01;3.5988218e-01;6.7500000e+01;3.0090117e-01;6.7500000e+01;2.1220346e-01;6.7500000e+01;1.4649723e-01;6.7500000e+01;8.8216402e-02;6.7500000e+01;3.5100006e-02;6.7500000e+01;-1.3777137e-02;6.7500000e+01;-6.4815700e-02;6.7500000e+01;-1.1414291e-01;6.7500000e+01;-1.6233169e-01;6.7500000e+01;-7.3557362e-02;6.7500000e+01;-3.4855016e-02;6.7500000e+01;2.7530618e-02;6.7500000e+01;1.0850350e-01;6.7500000e+01;2.0124269e-01;6.7500000e+01;2.8523862e-01;6.7500000e+01;3.3121824e-01;6.7500000e+01;3.5799968e-01;6.7500000e+01;3.5988218e-01;6.7500000e+01;3.0090117e-01;6.7500000e+01;2.1220346e-01;6.7500000e+01;1.4649723e-01;6.7500000e+01;8.8216402e-02;6.7500000e+01;3.5100006e-02;6.7500000e+01;-1.3777137e-02;6.7500000e+01;-6.4815700e-02;6.7500000e+01;-1.1414291e-01;6.7500000e+01;-1.6233169e-01;6.7500000e+01;-7.3557362e-02;6.7500000e+01;-3.4855016e-02;6.7500000e+01;2.7530618e-02;6.7500000e+01;1.0850350e-01;6.7500000e+01;2.0124269e-01;6.7500000e+01;2.8523862e-01;6.7500000e+01;3.3121824e-01;6.7500000e+01;3.5799968e-01;6.7500000e+01;3.5988218e-01;6.7500000e+01;3.0090117e-01;6.7500000e+01;2.1220346e-01;6.7500000e+01;1.4649723e-01;6.7500000e+01;8.8216402e-02;6.7500000e+01;3.5100006e-02;6.7500000e+01;-1.3777137e-02;6.7500000e+01;-6.4815700e-02;6.7500000e+01;-1.1414291e-01;6.7500000e+01;-1.6233169e-01;6.7500000e+01;-7.3557362e-02;6.7500000e+01;-3.4855016e-02;6.7500000e+01;2.7530618e-02;6.7500000e+01;1.0850350e-01;6.7500000e+01;2.0124269e-01;6.7500000e+01;2.8523862e-01;6.7500000e+01;3.3121824e-01;6.7500000e+01;3.5799968e-01;6.7500000e+01;3.5988218e-01;6.7500000e+01;3.0090117e-01;6.7500000e+01;2.1220346e-01;6.7500000e+01;1.4649723e-01;6.7500000e+01;8.8216402e-02;6.7500000e+01;3.5100006e-02;6.7500000e+01;-1.3777137e-02;6.7500000e+01;-6.4815700e-02;6.7500000e+01;-1.1414291e-01;6.7500000e+01;-1.6233169e-01;6.7500000e+01;-7.3557362e-02;6.7500000e+01;-3.4855016e-02;6.7500000e+01;2.7530618e-02;6.7500000e+01;1.0850350e-01;6.7500000e+01;2.0124269e-01;6.7500000e+01;2.8523862e-01;6.7500000e+01;3.3121824e-01;6.7500000e+01;3.5799968e-01;6.7500000e+01;3.5988218e-01;6.7500000e+01;3.0090117e-01;6.7500000e+01;2.1220346e-01;6.7500000e+01;1.4649723e-01;6.7500000e+01;8.8216402e-02;6.7500000e+01;3.5100006e-02;6.7500000e+01;-1.3777137e-02;6.7500000e+01;-6.4815700e-02;6.7500000e+01;-1.1414291e-01;6.7500000e+01;-1.6233169e-01;6.7500000e+01;-7.3557362e-02;6.7500000e+01;-3.4855016e-02;6.7500000e+01;2.7530618e-02;6.7500000e+01;1.0850350e-01;6.7500000e+01;2.0124269e-01;6.7500000e+01;2.8523862e-01;6.7500000e+01;3.3121824e-01;6.7500000e+01;3.5799968e-01;6.7500000e+01;3.5988218e-01;6.7500000e+01;3.0090117e-01;6.7500000e+01;2.1220346e-01;6.7500000e+01;1.4649723e-01;6.7500000e+01;8.8216402e-02;6.7500000e+01;3.5100006e-02;6.7500000e+01;-1.3777137e-02;6.7500000e+01;-6.4815700e-02;6.7500000e+01;-1.1414291e-01;6.7500000e+01;-1.6233169e-01;6.7500000e+01;-7.3557362e-02;6.7500000e+01;-3.4855016e-02;6.7500000e+01;2.7530618e-02;6.7500000e+01;1.0850350e-01;6.7500000e+01;2.0124269e-01;6.7500000e+01;2.8523862e-01;6.7500000e+01;3.3121824e-01;6.7500000e+01;3.5799968e-01;6.7500000e+01;3.5988218e-01;6.7500000e+01;3.0090117e-01;6.7500000e+01;2.1220346e-01;6.7500000e+01;1.4649723e-01;6.7500000e+01;8.8216402e-02;6.7500000e+01;3.5100006e-02;6.7500000e+01;-1.3777137e-02;6.7500000e+01;-6.4815700e-02;6.7500000e+01;-1.1414291e-01;6.7500000e+01;-1.6233169e-01;6.7500000e+01;-7.3557362e-02;6.7500000e+01;-3.4855016e-02;6.7500000e+01;2.7530618e-02;6.7500000e+01;1.0850350e-01;6.7500000e+01;2.0124269e-01;6.7500000e+01;2.8523862e-01;6.7500000e+01;3.3121824e-01;6.7500000e+01;3.5799968e-01;6.7500000e+01;3.5988218e-01;6.7500000e+01;3.0090117e-01;6.7500000e+01;2.1220346e-01;6.7500000e+01;1.4649723e-01;6.7500000e+01;8.8216402e-02;6.7500000e+01;3.5100006e-02;6.7500000e+01;-1.3777137e-02;6.7500000e+01;-6.4815700e-02;6.7500000e+01;-1.1414291e-01;6.7500000e+01;-1.6233169e-01;6.7500000e+01;-7.3557362e-02;6.7500000e+01;-3.4855016e-02;6.7500000e+01;2.7530618e-02;6.7500000e+01;1.0850350e-01;6.7500000e+01;2.0124269e-01;6.7500000e+01;2.8523862e-01;6.7500000e+01;3.3121824e-01;6.7500000e+01;3.5799968e-01;6.7500000e+01;3.5988218e-01;6.7500000e+01;3.0090117e-01;6.7500000e+01;2.1220346e-01;6.7500000e+01;1.4649723e-01;6.7500000e+01;8.8216402e-02;6.7500000e+01;3.5100006e-02;6.7500000e+01;-1.3777137e-02;6.7500000e+01;-6.4815700e-02;6.7500000e+01;-1.1414291e-01;6.7500000e+01;-1.6233169e-01;6.7500000e+01;-7.3557362e-02;6.7500000e+01;-3.4855016e-02;6.7500000e+01;2.7530618e-02;6.7500000e+01;1.0850350e-01;6.7500000e+01;2.0124269e-01;6.7500000e+01;2.8523862e-01;6.7500000e+01;3.3121824e-01;6.7500000e+01;3.5799968e-01;6.7500000e+01;3.5988218e-01;6.7500000e+01;3.0090117e-01;6.7500000e+01;2.1220346e-01;6.7500000e+01;1.4649723e-01;6.7500000e+01;8.8216402e-02;6.7500000e+01;3.5100006e-02;6.7500000e+01;-1.3777137e-02;6.7500000e+01;-6.4815700e-02;6.7500000e+01;-1.1414291e-01;6.7500000e+01;-1.6233169e-01;6.7500000e+01;-7.3557362e-02;6.7500000e+01;-3.4855016e-02;6.7500000e+01;2.7530618e-02;6.7500000e+01;1.0850350e-01;6.7500000e+01;2.0124269e-01;6.7500000e+01;2.8523862e-01;6.7500000e+01;3.3121824e-01;6.7500000e+01;3.5799968e-01;6.7500000e+01;3.5988218e-01;6.7500000e+01;3.0090117e-01;6.7500000e+01;2.1220346e-01;6.7500000e+01;1.4649723e-01;6.7500000e+01;8.8216402e-02;6.7500000e+01;3.5100006e-02;6.7500000e+01;-1.3777137e-02;6.7500000e+01;-6.4815700e-02;6.7500000e+01;-1.1414291e-01;6.7500000e+01;-1.6233169e-01;6.7500000e+01;-7.3557362e-02;6.7500000e+01;-3.4855016e-02;6.7500000e+01;2.7530618e-02;6.7500000e+01;1.0850350e-01;6.7500000e+01;2.0124269e-01;6.7500000e+01;2.8523862e-01;6.7500000e+01;3.3121824e-01;6.7500000e+01;3.5799968e-01;6.7500000e+01;3.5988218e-01;6.7500000e+01;3.0090117e-01;6.7500000e+01;2.1220346e-01;6.7500000e+01;1.4649723e-01;6.7500000e+01;8.8216402e-02;6.7500000e+01;3.5100006e-02;6.7500000e+01;-1.3777137e-02;6.7500000e+01;-6.4815700e-02;6.7500000e+01;-1.1414291e-01;6.7500000e+01;-1.6233169e-01;6.7500000e+01;-7.3557362e-02;6.7500000e+01;-3.4855016e-02;6.7500000e+01;2.7530618e-02;6.7500000e+01;1.0850350e-01;6.7500000e+01;2.0124269e-01;6.7500000e+01;2.8523862e-01;6.7500000e+01;3.3121824e-01;6.7500000e+01;3.5799968e-01;6.7500000e+01;3.5988218e-01;6.7500000e+01;3.0090117e-01;6.7500000e+01;2.1220346e-01;6.7500000e+01;1.4649723e-01;6.7500000e+01;8.8216402e-02;6.7500000e+01;3.5100006e-02;6.7500000e+01;-1.3777137e-02;6.7500000e+01;-6.4815700e-02;6.7500000e+01;-1.1414291e-01;6.7500000e+01;-1.6233169e-01;6.7500000e+01;-7.3557362e-02;6.7500000e+01;-3.4855016e-02;6.7500000e+01;2.7530618e-02;6.7500000e+01;1.0850350e-01;6.7500000e+01;2.0124269e-01;6.7500000e+01;2.8523862e-01;6.7500000e+01;3.3121824e-01;6.7500000e+01;3.5799968e-01;6.7500000e+01;3.5988218e-01;6.7500000e+01;3.0090117e-01;6.7500000e+01;2.1220346e-01;6.7500000e+01;1.4649723e-01;6.7500000e+01;8.8216402e-02;6.7500000e+01;3.5100006e-02;6.7500000e+01;-1.3777137e-02;6.7500000e+01;-6.4815700e-02;6.7500000e+01;-1.1414291e-01;6.7500000e+01;-1.6233169e-01;6.7500000e+01;-7.3557362e-02;6.7500000e+01;-3.4855016e-02;6.7500000e+01;2.7530618e-02;6.7500000e+01;1.0850350e-01;6.7500000e+01;2.0124269e-01;6.7500000e+01;2.8523862e-01;6.7500000e+01;3.3121824e-01;6.7500000e+01;3.5799968e-01;6.7500000e+01;3.5988218e-01;6.7500000e+01;3.0090117e-01;6.7500000e+01;2.1220346e-01;6.7500000e+01;1.4649723e-01;6.7500000e+01;8.8216402e-02;6.7500000e+01;3.5100006e-02;6.7500000e+01;-1.3777137e-02;6.7500000e+01;-6.4815700e-02;6.7500000e+01;-1.1414291e-01;6.7500000e+01;-1.6233169e-01;6.7500000e+01;-7.3557362e-02;6.7500000e+01;-3.4855016e-02;6.7500000e+01;2.7530618e-02;6.7500000e+01;1.0850350e-01;6.7500000e+01;2.0124269e-01;6.7500000e+01;2.8523862e-01;6.7500000e+01;3.3121824e-01;6.7500000e+01;3.5799968e-01;6.7500000e+01;3.5988218e-01;6.7500000e+01;3.0090117e-01;6.7500000e+01;2.1220346e-01;6.7500000e+01;1.4649723e-01;6.7500000e+01;8.8216402e-02;6.7500000e+01;3.5100006e-02;6.7500000e+01;-1.3777137e-02;6.7500000e+01;-6.4815700e-02;6.7500000e+01;-1.1414291e-01;6.7500000e+01;-1.6233169e-01;6.7500000e+01;-7.3557362e-02;6.7500000e+01;-3.4855016e-02;6.7500000e+01;2.7530618e-02;6.7500000e+01;1.0850350e-01;6.7500000e+01;2.0124269e-01;6.7500000e+01;2.8523862e-01;6.7500000e+01;3.3121824e-01;6.7500000e+01;3.5799968e-01;6.7500000e+01;3.5988218e-01;6.7500000e+01;3.0090117e-01;6.7500000e+01;2.1220346e-01;6.7500000e+01;1.4649723e-01;6.7500000e+01;8.8216402e-02;6.7500000e+01;3.5100006e-02;6.7500000e+01;-1.3777137e-02;6.7500000e+01;-6.4815700e-02;6.7500000e+01;-1.1414291e-01;6.7500000e+01;-1.6233169e-01;6.7500000e+01;-7.3557362e-02;6.7500000e+01;-3.4855016e-02;6.7500000e+01;2.7530618e-02;6.7500000e+01;1.0850350e-01;6.7500000e+01;2.0124269e-01;6.7500000e+01;2.8523862e-01;6.7500000e+01;3.3121824e-01;6.7500000e+01;3.5799968e-01;6.7500000e+01;3.5988218e-01;6.7500000e+01;3.0090117e-01;6.7500000e+01;2.1220346e-01;6.7500000e+01;1.4649723e-01;6.7500000e+01;8.8216402e-02;6.7500000e+01;3.5100006e-02;6.7500000e+01;-1.3777137e-02;6.7500000e+01;-6.4815700e-02;6.7500000e+01;-1.1414291e-01;6.7500000e+01;-1.6233169e-01;6.7500000e+01;-7.3557362e-02;6.7500000e+01;-3.4855016e-02;6.7500000e+01;2.7530618e-02;6.7500000e+01;1.0850350e-01;6.7500000e+01;2.0124269e-01;6.7500000e+01;2.8523862e-01;6.7500000e+01;3.3121824e-01;6.7500000e+01;3.5799968e-01;6.7500000e+01;3.5988218e-01;6.7500000e+01;3.0090117e-01;6.7500000e+01;2.1220346e-01;6.7500000e+01;1.4649723e-01;6.7500000e+01;8.8216402e-02;6.7500000e+01;3.5100006e-02;6.7500000e+01;-1.3777137e-02;6.7500000e+01;-6.4815700e-02;6.7500000e+01;-1.1414291e-01;6.7500000e+01;-1.6233169e-01;6.7500000e+01;-7.3557362e-02;6.7500000e+01;-3.4855016e-02;6.7500000e+01;2.7530618e-02;6.7500000e+01;1.0850350e-01;6.7500000e+01;2.0124269e-01;6.7500000e+01;2.8523862e-01;6.7500000e+01;3.3121824e-01;6.7500000e+01;3.5799968e-01;6.7500000e+01;3.5988218e-01;6.7500000e+01;3.0090117e-01;6.7500000e+01;2.1220346e-01;6.7500000e+01;1.4649723e-01;6.7500000e+01;8.8216402e-02;6.7500000e+01;3.5100006e-02;6.7500000e+01;-1.3777137e-02;6.7500000e+01;-6.4815700e-02;6.7500000e+01;-1.1414291e-01;6.7500000e+01;-1.6233169e-01;6.7500000e+01;-7.3557362e-02;6.7500000e+01;-3.4855016e-02;6.7500000e+01;2.7530618e-02;6.7500000e+01;1.0850350e-01;6.7500000e+01;2.0124269e-01;6.7500000e+01;2.8523862e-01;6.7500000e+01;3.3121824e-01;6.7500000e+01;3.5799968e-01;6.7500000e+01;3.5988218e-01;6.7500000e+01;3.0090117e-01;6.7500000e+01;2.1220346e-01;6.7500000e+01;1.4649723e-01;6.7500000e+01;8.8216402e-02;6.7500000e+01;3.5100006e-02;6.7500000e+01;-1.3777137e-02;6.7500000e+01;-6.4815700e-02;6.7500000e+01;-1.1414291e-01;6.7500000e+01;-1.6233169e-01;6.7500000e+01;-7.3557362e-02;6.7500000e+01;-3.4855016e-02;6.7500000e+01;2.7530618e-02;6.7500000e+01;1.0850350e-01;6.7500000e+01;2.0124269e-01;6.7500000e+01;2.8523862e-01;6.7500000e+01;3.3121824e-01;6.7500000e+01;3.5799968e-01;6.7500000e+01;3.5988218e-01;6.7500000e+01;3.0090117e-01;6.7500000e+01;2.1220346e-01;6.7500000e+01;1.4649723e-01;6.7500000e+01;8.8216402e-02;6.7500000e+01;3.5100006e-02;6.7500000e+01;-1.3777137e-02;6.7500000e+01;-6.4815700e-02;6.7500000e+01;-1.1414291e-01;6.7500000e+01;-1.6233169e-01;6.7500000e+01;-7.3557362e-02;6.7500000e+01;-3.4855016e-02;6.7500000e+01;2.7530618e-02;6.7500000e+01;1.0850350e-01;6.7500000e+01;2.0124269e-01;6.7500000e+01;2.8523862e-01;6.7500000e+01;3.3121824e-01;6.7500000e+01;3.5799968e-01;6.7500000e+01;3.5988218e-01;6.7500000e+01;3.0090117e-01;6.7500000e+01;2.1220346e-01;6.7500000e+01;1.4649723e-01;6.7500000e+01;8.8216402e-02;6.7500000e+01;3.5100006e-02;6.7500000e+01;-1.3777137e-02;6.7500000e+01;-6.4815700e-02;6.7500000e+01;-1.1414291e-01;6.7500000e+01;-1.6233169e-01;6.7500000e+01;-7.3557362e-02;6.7500000e+01;-3.4855016e-02;6.7500000e+01;2.7530618e-02;6.7500000e+01;1.0850350e-01;6.7500000e+01;2.0124269e-01;6.7500000e+01;2.8523862e-01;6.7500000e+01;3.3121824e-01;6.7500000e+01;3.5799968e-01;6.7500000e+01;3.5988218e-01;6.7500000e+01;3.0090117e-01;6.7500000e+01;2.1220346e-01;6.7500000e+01;1.4649723e-01;6.7500000e+01;8.8216402e-02;6.7500000e+01;3.5100006e-02;6.7500000e+01;-1.3777137e-02;6.7500000e+01;-6.4815700e-02;6.7500000e+01;-1.1414291e-01;6.7500000e+01;-1.6233169e-01;6.7500000e+01;-7.3557362e-02;6.7500000e+01;-3.4855016e-02;6.7500000e+01;2.7530618e-02;6.7500000e+01;1.0850350e-01;6.7500000e+01;2.0124269e-01;6.7500000e+01;2.8523862e-01;6.7500000e+01;3.3121824e-01;6.7500000e+01;3.5799968e-01;6.7500000e+01;3.5988218e-01;6.7500000e+01;3.0090117e-01;6.7500000e+01;2.1220346e-01;6.7500000e+01;1.4649723e-01;6.7500000e+01;8.8216402e-02;6.7500000e+01;3.5100006e-02;6.7500000e+01;-1.3777137e-02;6.7500000e+01;-6.4815700e-02;6.7500000e+01;-1.1414291e-01;6.7500000e+01;-1.6233169e-01;6.7500000e+01;-7.3557362e-02;6.7500000e+01;-3.4855016e-02;6.7500000e+01;2.7530618e-02;6.7500000e+01;1.0850350e-01;6.7500000e+01;2.0124269e-01;6.7500000e+01;2.8523862e-01;6.7500000e+01;3.3121824e-01;6.7500000e+01;3.5799968e-01;6.7500000e+01;3.5988218e-01;6.7500000e+01;3.0090117e-01;6.7500000e+01;2.1220346e-01;6.7500000e+01;1.4649723e-01;6.7500000e+01;8.8216402e-02;6.7500000e+01;3.5100006e-02;6.7500000e+01;-1.3777137e-02;6.7500000e+01;-6.4815700e-02;6.7500000e+01;-1.1414291e-01;6.7500000e+01;-1.6233169e-01;6.7500000e+01;-7.3557362e-02;6.7500000e+01;-3.4855016e-02;6.7500000e+01;2.7530618e-02;6.7500000e+01;1.0850350e-01;6.7500000e+01;2.0124269e-01;6.7500000e+01;2.8523862e-01;6.7500000e+01;3.3121824e-01;6.7500000e+01;3.5799968e-01;6.7500000e+01;3.5988218e-01;6.7500000e+01;3.0090117e-01;6.7500000e+01;2.1220346e-01;6.7500000e+01;1.4649723e-01;6.7500000e+01;8.8216402e-02;6.7500000e+01;3.5100006e-02;6.7500000e+01;-1.3777137e-02;6.7500000e+01;-6.4815700e-02;6.7500000e+01;-1.1414291e-01;6.7500000e+01;-1.6233169e-01;6.7500000e+01;-7.3557362e-02;6.7500000e+01;-3.4855016e-02;6.7500000e+01;2.7530618e-02;6.7500000e+01;1.0850350e-01;6.7500000e+01;2.0124269e-01;6.7500000e+01;2.8523862e-01;6.7500000e+01;3.3121824e-01;6.7500000e+01;3.5799968e-01;6.7500000e+01;3.5988218e-01;6.7500000e+01;3.0090117e-01;6.7500000e+01;2.1220346e-01;6.7500000e+01;1.4649723e-01;6.7500000e+01;8.8216402e-02;6.7500000e+01;3.5100006e-02;6.7500000e+01;-1.3777137e-02;6.7500000e+01;-6.4815700e-02;6.7500000e+01;-1.1414291e-01;6.7500000e+01;-1.6233169e-01;6.7500000e+01;-7.3557362e-02;6.7500000e+01;-3.4855016e-02;6.7500000e+01;2.7530618e-02;6.7500000e+01;1.0850350e-01;6.7500000e+01;2.0124269e-01;6.7500000e+01;2.8523862e-01;6.7500000e+01;3.3121824e-01;6.7500000e+01;3.5799968e-01;6.7500000e+01;3.5988218e-01;6.7500000e+01;3.0090117e-01;6.7500000e+01;2.1220346e-01;6.7500000e+01;1.4649723e-01;6.7500000e+01;8.8216402e-02;6.7500000e+01;3.5100006e-02;6.7500000e+01;-1.3777137e-02;6.7500000e+01;-6.4815700e-02;6.7500000e+01;-1.1414291e-01;6.7500000e+01;-1.6233169e-01;6.7500000e+01;-7.3557362e-02;6.7500000e+01;-3.4855016e-02;6.7500000e+01;2.7530618e-02;6.7500000e+01;1.0850350e-01;6.7500000e+01;2.0124269e-01;6.7500000e+01;2.8523862e-01;6.7500000e+01;3.3121824e-01;6.7500000e+01;3.5799968e-01;6.7500000e+01;3.5988218e-01;6.7500000e+01;3.0090117e-01;6.7500000e+01;2.1220346e-01;6.7500000e+01;1.4649723e-01;6.7500000e+01;8.8216402e-02;6.7500000e+01;3.5100006e-02;6.7500000e+01;-1.3777137e-02;6.7500000e+01;-6.4815700e-02;6.7500000e+01;-1.1414291e-01;6.7500000e+01;-1.6233169e-01;6.7500000e+01;-7.3557362e-02;6.7500000e+01;-3.4855016e-02;6.7500000e+01;2.7530618e-02;6.7500000e+01;1.0850350e-01;6.7500000e+01;2.0124269e-01;6.7500000e+01;2.8523862e-01;6.7500000e+01;3.3121824e-01;6.7500000e+01;3.5799968e-01;6.7500000e+01;3.5988218e-01;6.7500000e+01;3.0090117e-01;6.7500000e+01;2.1220346e-01;6.7500000e+01;1.4649723e-01;6.7500000e+01;8.8216402e-02;6.7500000e+01;3.5100006e-02;6.7500000e+01;-1.3777137e-02;6.7500000e+01;-6.4815700e-02;6.7500000e+01;-1.1414291e-01;6.7500000e+01;-1.6233169e-01;6.7500000e+01;-7.3557362e-02;6.7500000e+01;-3.4855016e-02;6.7500000e+01;2.7530618e-02;6.7500000e+01;1.0850350e-01;6.7500000e+01;2.0124269e-01;6.7500000e+01;2.8523862e-01;6.7500000e+01;3.3121824e-01;6.7500000e+01;3.5799968e-01;6.7500000e+01;3.5988218e-01;6.7500000e+01;3.0090117e-01;6.7500000e+01;2.1220346e-01;6.7500000e+01;1.4649723e-01;6.7500000e+01;8.8216402e-02;6.7500000e+01;3.5100006e-02;6.7500000e+01;-1.3777137e-02;6.7500000e+01;-6.4815700e-02;6.7500000e+01;-1.1414291e-01;6.7500000e+01;-1.6233169e-01;6.7500000e+01;-7.3557362e-02;6.7500000e+01;-3.4855016e-02;6.7500000e+01;2.7530618e-02;6.7500000e+01;1.0850350e-01;6.7500000e+01;2.0124269e-01;6.7500000e+01;2.8523862e-01;6.7500000e+01;3.3121824e-01;6.7500000e+01;3.5799968e-01;6.7500000e+01;3.5988218e-01;6.7500000e+01;3.0090117e-01;6.7500000e+01;2.1220346e-01;6.7500000e+01;1.4649723e-01;6.7500000e+01;8.8216402e-02;6.7500000e+01;3.5100006e-02;6.7500000e+01;-1.3777137e-02;6.7500000e+01;-6.4815700e-02;6.7500000e+01;-1.1414291e-01;6.7500000e+01;-1.6233169e-01;6.7500000e+01;-7.3557362e-02;6.7500000e+01;-3.4855016e-02;6.7500000e+01;2.7530618e-02;6.7500000e+01;1.0850350e-01;6.7500000e+01;2.0124269e-01;6.7500000e+01;2.8523862e-01;6.7500000e+01;3.3121824e-01;6.7500000e+01;3.5799968e-01;6.7500000e+01;3.5988218e-01;6.7500000e+01;3.0090117e-01;6.7500000e+01;2.1220346e-01;6.7500000e+01;1.4649723e-01;6.7500000e+01;8.8216402e-02;6.7500000e+01;3.5100006e-02;6.7500000e+01;-1.3777137e-02;6.7500000e+01;-6.4815700e-02;6.7500000e+01;-1.1414291e-01;6.7500000e+01;-1.6233169e-01;6.7500000e+01;-7.3557362e-02;6.7500000e+01;-3.4855016e-02;6.7500000e+01;2.7530618e-02;6.7500000e+01;1.0850350e-01;6.7500000e+01;2.0124269e-01;6.7500000e+01;2.8523862e-01;6.7500000e+01;3.3121824e-01;6.7500000e+01;3.5799968e-01;6.7500000e+01;3.5988218e-01;6.7500000e+01;3.0090117e-01;6.7500000e+01;2.1220346e-01;6.7500000e+01;1.4649723e-01;6.7500000e+01;8.8216402e-02;6.7500000e+01;3.5100006e-02;6.7500000e+01;-1.3777137e-02;6.7500000e+01;-6.4815700e-02;6.7500000e+01;-1.1414291e-01;6.7500000e+01;-1.6233169e-01;6.7500000e+01;-7.3557362e-02;6.7500000e+01;-3.4855016e-02;6.7500000e+01;2.7530618e-02;6.7500000e+01;1.0850350e-01;6.7500000e+01;2.0124269e-01;6.7500000e+01;2.8523862e-01;6.7500000e+01;3.3121824e-01;6.7500000e+01;3.5799968e-01;6.7500000e+01;3.5988218e-01;6.7500000e+01;3.0090117e-01;6.7500000e+01;2.1220346e-01;6.7500000e+01;1.4649723e-01;6.7500000e+01;8.8216402e-02;6.7500000e+01;3.5100006e-02;6.7500000e+01;-1.3777137e-02;6.7500000e+01;-6.4815700e-02;6.7500000e+01;-1.1414291e-01;6.7500000e+01;-1.6233169e-01;6.7500000e+01;-7.3557362e-02;6.7500000e+01;-3.4855016e-02;6.7500000e+01;2.7530618e-02;6.7500000e+01;1.0850350e-01;6.7500000e+01;2.0124269e-01;6.7500000e+01;2.8523862e-01;6.7500000e+01;3.3121824e-01;6.7500000e+01;3.5799968e-01;6.7500000e+01;3.5988218e-01;6.7500000e+01;3.0090117e-01;6.7500000e+01;2.1220346e-01;6.7500000e+01;1.4649723e-01;6.7500000e+01;8.8216402e-02;6.7500000e+01;3.5100006e-02;6.7500000e+01;-1.3777137e-02;6.7500000e+01;-6.4815700e-02;6.7500000e+01;-1.1414291e-01;6.7500000e+01;-1.6233169e-01;6.7500000e+01;-7.3557362e-02;6.7500000e+01;-3.4855016e-02;6.7500000e+01;2.7530618e-02;6.7500000e+01;1.0850350e-01;6.7500000e+01;2.0124269e-01;6.7500000e+01;2.8523862e-01;6.7500000e+01;3.3121824e-01;6.7500000e+01;3.5799968e-01;6.7500000e+01;3.5988218e-01;6.7500000e+01;3.0090117e-01;6.7500000e+01;2.1220346e-01;6.7500000e+01;1.4649723e-01;6.7500000e+01;8.8216402e-02;6.7500000e+01;3.5100006e-02;6.7500000e+01;-1.3777137e-02;6.7500000e+01;-6.4815700e-02;6.7500000e+01;-1.1414291e-01;6.7500000e+01;-1.6233169e-01;6.7500000e+01;-7.3557362e-02;6.7500000e+01;-3.4855016e-02;6.7500000e+01;2.7530618e-02;6.7500000e+01;1.0850350e-01;6.7500000e+01;2.0124269e-01;6.7500000e+01;2.8523862e-01;6.7500000e+01;3.3121824e-01;6.7500000e+01;3.5799968e-01;6.7500000e+01;3.5988218e-01;6.7500000e+01;3.0090117e-01;6.7500000e+01;2.1220346e-01;6.7500000e+01;1.4649723e-01;6.7500000e+01;8.8216402e-02;6.7500000e+01;3.5100006e-02;6.7500000e+01;-1.3777137e-02;6.7500000e+01;-6.4815700e-02;6.7500000e+01;-1.1414291e-01;6.7500000e+01;-1.6233169e-01;6.7500000e+01;-7.3557362e-02;6.7500000e+01;-3.4855016e-02;6.7500000e+01;2.7530618e-02;6.7500000e+01;1.0850350e-01;6.7500000e+01;2.0124269e-01;6.7500000e+01;2.8523862e-01;6.7500000e+01;3.3121824e-01;6.7500000e+01;3.5799968e-01;6.7500000e+01;3.5988218e-01;6.7500000e+01;3.0090117e-01;6.7500000e+01;2.1220346e-01;6.7500000e+01;1.4649723e-01;6.7500000e+01;8.8216402e-02;6.7500000e+01;3.5100006e-02;6.7500000e+01;-1.3777137e-02;6.7500000e+01;-6.4815700e-02;6.7500000e+01;-1.1414291e-01;6.7500000e+01;-1.6233169e-01;6.7500000e+01;-7.3557362e-02;6.7500000e+01;-3.4855016e-02;6.7500000e+01;2.7530618e-02;6.7500000e+01;1.0850350e-01;6.7500000e+01;2.0124269e-01;6.7500000e+01;2.8523862e-01;6.7500000e+01;3.3121824e-01;6.7500000e+01;3.5799968e-01;6.7500000e+01;3.5988218e-01;6.7500000e+01;3.0090117e-01;6.7500000e+01;2.1220346e-01;6.7500000e+01;1.4649723e-01;6.7500000e+01;8.8216402e-02;6.7500000e+01;3.5100006e-02;6.7500000e+01;-1.3777137e-02;6.7500000e+01;-6.4815700e-02;6.7500000e+01;-1.1414291e-01;6.7500000e+01;-1.6233169e-01
7.2500000e+01;-7.6849811e-02;7.2500000e+01;-3.9476037e-02;7.2500000e+01;1.7975841e-02;7.2500000e+01;9.4133310e-02;7.2500000e+01;1.8223941e-01;7.2500000e+01;2.5901505e-01;7.2500000e+01;3.0512041e-01;7.2500000e+01;3.4284046e-01;7.2500000e+01;3.6034024e-01;7.2500000e+01;3.0780226e-01;7.2500000e+01;2.1408387e-01;7.2500000e+01;1.4208543e-01;7.2500000e+01;8.0052651e-02;7.2500000e+01;2.4332017e-02;7.2500000e+01;-2.7476981e-02;7.2500000e+01;-7.8594424e-02;7.2500000e+01;-1.2879020e-01;7.2500000e+01;-1.7930427e-01;7.2500000e+01;-7.6849811e-02;7.2500000e+01;-3.9476037e-02;7.2500000e+01;1.7975841e-02;7.2500000e+01;9.4133310e-02;7.2500000e+01;1.8223941e-01;7.2500000e+01;2.5901505e-01;7.2500000e+01;3.0512041e-01;7.2500000e+01;3.4284046e-01;7.2500000e+01;3.6034024e-01;7.2500000e+01;3.0780226e-01;7.2500000e+01;2.1408387e-01;7.2500000e+01;1.4208543e-01;7.2500000e+01;8.0052651e-02;7.2500000e+01;2.4332017e-02;7.2500000e+01;-2.7476981e-02;7.2500000e+01;-7.8594424e-02;7.2500000e+01;-1.2879020e-01;7.2500000e+01;-1.7930427e-01;7.2500000e+01;-7.6849811e-02;7.2500000e+01;-3.9476037e-02;7.2500000e+01;1.7975841e-02;7.2500000e+01;9.4133310e-02;7.2500000e+01;1.8223941e-01;7.2500000e+01;2.5901505e-01;7.2500000e+01;3.0512041e-01;7.2500000e+01;3.4284046e-01;7.2500000e+01;3.6034024e-01;7.2500000e+01;3.0780226e-01;7.2500000e+01;2.1408387e-01;7.2500000e+01;1.4208543e-01;7.2500000e+01;8.0052651e-02;7.2500000e+01;2.4332017e-02;7.2500000e+01;-2.7476981e-02;7.2500000e+01;-7.8594424e-02;7.2500000e+01;-1.2879020e-01;7.2500000e+01;-1.7930427e-01;7.2500000e+01;-7.6849811e-02;7.2500000e+01;-3.9476037e-02;7.2500000e+01;1.7975841e-02;7.2500000e+01;9.4133310e-02;7.2500000e+01;1.8223941e-01;7.2500000e+01;2.5901505e-01;7.2500000e+01;3.0512041e-01;7.2500000e+01;3.4284046e-01;7.2500000e+01;3.6034024e-01;7.2500000e+01;3.0780226e-01;7.2500000e+01;2.1408387e-01;7.2500000e+01;1.4208543e-01;7.2500000e+01;8.0052651e-02;7.2500000e+01;2.4332017e-02;7.2500000e+01;-2.7476981e-02;7.2500000e+01;-7.8594424e-02;7.2500000e+01;-1.2879020e-01;7.2500000e+01;-1.7930427e-01;7.2500000e+01;-7.6849811e-02;7.2500000e+01;-3.9476037e-02;7.2500000e+01;1.7975841e-02;7.2500000e+01;9.4133310e-02;7.2500000e+01;1.8223941e-01;7.2500000e+01;2.5901505e-01;7.2500000e+01;3.0512041e-01;7.2500000e+01;3.4284046e-01;7.2500000e+01;3.6034024e-01;7.2500000e+01;3.0780226e-01;7.2500000e+01;2.1408387e-01;7.2500000e+01;1.4208543e-01;7.2500000e+01;8.0052651e-02;7.2500000e+01;2.4332017e-02;7.2500000e+01;-2.7476981e-02;7.2500000e+01;-7.8594424e-02;7.2500000e+01;-1.2879020e-01;7.2500000e+01;-1.7930427e-01;7.2500000e+01;-7.6849811e-02;7.2500000e+01;-3.9476037e-02;7.2500000e+01;1.7975841e-02;7.2500000e+01;9.4133310e-02;7.2500000e+01;1.8223941e-01;7.2500000e+01;2.5901505e-01;7.2500000e+01;3.0512041e-01;7.2500000e+01;3.4284046e-01;7.2500000e+01;3.6034024e-01;7.2500000e+01;3.0780226e-01;7.2500000e+01;2.1408387e-01;7.2500000e+01;1.4208543e-01;7.2500000e+01;8.0052651e-02;7.2500000e+01;2.4332017e-02;7.2500000e+01;-2.7476981e-02;7.2500000e+01;-7.8594424e-02;7.2500000e+01;-1.2879020e-01;7.2500000e+01;-1.7930427e-01;7.2500000e+01;-7.6849811e-02;7.2500000e+01;-3.9476037e-02;7.2500000e+01;1.7975841e-02;7.2500000e+01;9.4133310e-02;7.2500000e+01;1.8223941e-01;7.2500000e+01;2.5901505e-01;7.2500000e+01;3.0512041e-01;7.2500000e+01;3.4284046e-01;7.2500000e+01;3.6034024e-01;7.2500000e+01;3.0780226e-01;7.2500000e+01;2.1408387e-01;7.2500000e+01;1.4208543e-01;7.2500000e+01;8.0052651e-02;7.2500000e+01;2.4332017e-02;7.2500000e+01;-2.7476981e-02;7.2500000e+01;-7.8594424e-02;7.2500000e+01;-1.2879020e-01;7.2500000e+01;-1.7930427e-01;7.2500000e+01;-7.6849811e-02;7.2500000e+01;-3.9476037e-02;7.2500000e+01;1.7975841e-02;7.2500000e+01;9.4133310e-02;7.2500000e+01;1.8223941e-01;7.2500000e+01;2.5901505e-01;7.2500000e+01;3.0512041e-01;7.2500000e+01;3.4284046e-01;7.2500000e+01;3.6034024e-01;7.2500000e+01;3.0780226e-01;7.2500000e+01;2.1408387e-01;7.2500000e+01;1.4208543e-01;7.2500000e+01;8.0052651e-02;7.2500000e+01;2.4332017e-02;7.2500000e+01;-2.7476981e-02;7.2500000e+01;-7.8594424e-02;7.2500000e+01;-1.2879020e-01;7.2500000e+01;-1.7930427e-01;7.2500000e+01;-7.6849811e-02;7.2500000e+01;-3.9476037e-02;7.2500000e+01;1.7975841e-02;7.2500000e+01;9.4133310e-02;7.2500000e+01;1.8223941e-01;7.2500000e+01;2.5901505e-01;7.2500000e+01;3.0512041e-01;7.2500000e+01;3.4284046e-01;7.2500000e+01;3.6034024e-01;7.2500000e+01;3.0780226e-01;7.2500000e+01;2.1408387e-01;7.2500000e+01;1.4208543e-01;7.2500000e+01;8.0052651e-02;7.2500000e+01;2.4332017e-02;7.2500000e+01;-2.7476981e-02;7.2500000e+01;-7.8594424e-02;7.2500000e+01;-1.2879020e-01;7.2500000e+01;-1.7930427e-01;7.2500000e+01;-7.6849811e-02;7.2500000e+01;-3.9476037e-02;7.2500000e+01;1.7975841e-02;7.2500000e+01;9.4133310e-02;7.2500000e+01;1.8223941e-01;7.2500000e+01;2.5901505e-01;7.2500000e+01;3.0512041e-01;7.2500000e+01;3.4284046e-01;7.2500000e+01;3.6034024e-01;7.2500000e+01;3.0780226e-01;7.2500000e+01;2.1408387e-01;7.2500000e+01;1.4208543e-01;7.2500000e+01;8.0052651e-02;7.2500000e+01;2.4332017e-02;7.2500000e+01;-2.7476981e-02;7.2500000e+01;-7.8594424e-02;7.2500000e+01;-1.2879020e-01;7.2500000e+01;-1.7930427e-01;7.2500000e+01;-7.6849811e-02;7.2500000e+01;-3.9476037e-02;7.2500000e+01;1.7975841e-02;7.2500000e+01;9.4133310e-02;7.2500000e+01;1.8223941e-01;7.2500000e+01;2.5901505e-01;7.2500000e+01;3.0512041e-01;7.2500000e+01;3.4284046e-01;7.2500000e+01;3.6034024e-01;7.2500000e+01;3.0780226e-01;7.2500000e+01;2.1408387e-01;7.2500000e+01;1.4208543e-01;7.2500000e+01;8.0052651e-02;7.2500000e+01;2.4332017e-02;7.2500000e+01;-2.7476981e-02;7.2500000e+01;-7.8594424e-02;7.2500000e+01;-1.2879020e-01;7.2500000e+01;-1.7930427e-01;7.2500000e+01;-7.6849811e-02;7.2500000e+01;-3.9476037e-02;7.2500000e+01;1.7975841e-02;7.2500000e+01;9.4133310e-02;7.2500000e+01;1.8223941e-01;7.2500000e+01;2.5901505e-01;7.2500000e+01;3.0512041e-01;7.2500000e+01;3.4284046e-01;7.2500000e+01;3.6034024e-01;7.2500000e+01;3.0780226e-01;7.2500000e+01;2.1408387e-01;7.2500000e+01;1.4208543e-01;7.2500000e+01;8.0052651e-02;7.2500000e+01;2.4332017e-02;7.2500000e+01;-2.7476981e-02;7.2500000e+01;-7.8594424e-02;7.2500000e+01;-1.2879020e-01;7.2500000e+01;-1.7930427e-01;7.2500000e+01;-7.6849811e-02;7.2500000e+01;-3.9476037e-02;7.2500000e+01;1.7975841e-02;7.2500000e+01;9.4133310e-02;7.2500000e+01;1.8223941e-01;7.2500000e+01;2.5901505e-01;7.2500000e+01;3.0512041e-01;7.2500000e+01;3.4284046e-01;7.2500000e+01;3.6034024e-01;7.2500000e+01;3.0780226e-01;7.2500000e+01;2.1408387e-01;7.2500000e+01;1.4208543e-01;7.2500000e+01;8.0052651e-02;7.2500000e+01;2.4332017e-02;7.2500000e+01;-2.7476981e-02;7.2500000e+01;-7.8594424e-02;7.2500000e+01;-1.2879020e-01;7.2500000e+01;-1.7930427e-01;7.2500000e+01;-7.6849811e-02;7.2500000e+01;-3.9476037e-02;7.2500000e+01;1.7975841e-02;7.2500000e+01;9.4133310e-02;7.2500000e+01;1.8223941e-01;7.2500000e+01;2.5901505e-01;7.2500000e+01;3.0512041e-01;7.2500000e+01;3.4284046e-01;7.2500000e+01;3.6034024e-01;7.2500000e+01;3.0780226e-01;7.2500000e+01;2.1408387e-01;7.2500000e+01;1.4208543e-01;7.2500000e+01;8.0052651e-02;7.2500000e+01;2.4332017e-02;7.2500000e+01;-2.7476981e-02;7.2500000e+01;-7.8594424e-02;7.2500000e+01;-1.2879020e-01;7.2500000e+01;-1.7930427e-01;7.2500000e+01;-7.6849811e-02;7.2500000e+01;-3.9476037e-02;7.2500000e+01;1.7975841e-02;7.2500000e+01;9.4133310e-02;7.2500000e+01;1.8223941e-01;7.2500000e+01;2.5901505e-01;7.2500000e+01;3.0512041e-01;7.2500000e+01;3.4284046e-01;7.2500000e+01;3.6034024e-01;7.2500000e+01;3.0780226e-01;7.2500000e+01;2.1408387e-01;7.2500000e+01;1.4208543e-01;7.2500000e+01;8.0052651e-02;7.2500000e+01;2.4332017e-02;7.2500000e+01;-2.7476981e-02;7.2500000e+01;-7.8594424e-02;7.2500000e+01;-1.2879020e-01;7.2500000e+01;-1.7930427e-01;7.2500000e+01;-7.6849811e-02;7.2500000e+01;-3.9476037e-02;7.2500000e+01;1.7975841e-02;7.2500000e+01;9.4133310e-02;7.2500000e+01;1.8223941e-01;7.2500000e+01;2.5901505e-01;7.2500000e+01;3.0512041e-01;7.2500000e+01;3.4284046e-01;7.2500000e+01;3.6034024e-01;7.2500000e+01;3.0780226e-01;7.2500000e+01;2.1408387e-01;7.2500000e+01;1.4208543e-01;7.2500000e+01;8.0052651e-02;7.2500000e+01;2.4332017e-02;7.2500000e+01;-2.7476981e-02;7.2500000e+01;-7.8594424e-02;7.2500000e+01;-1.2879020e-01;7.2500000e+01;-1.7930427e-01;7.2500000e+01;-7.6849811e-02;7.2500000e+01;-3.9476037e-02;7.2500000e+01;1.7975841e-02;7.2500000e+01;9.4133310e-02;7.2500000e+01;1.8223941e-01;7.2500000e+01;2.5901505e-01;7.2500000e+01;3.0512041e-01;7.2500000e+01;3.4284046e-01;7.2500000e+01;3.6034024e-01;7.2500000e+01;3.0780226e-01;7.2500000e+01;2.1408387e-01;7.2500000e+01;1.4208543e-01;7.2500000e+01;8.0052651e-02;7.2500000e+01;2.4332017e-02;7.2500000e+01;-2.7476981e-02;7.2500000e+01;-7.8594424e-02;7.2500000e+01;-1.2879020e-01;7.2500000e+01;-1.7930427e-01;7.2500000e+01;-7.6849811e-02;7.2500000e+01;-3.9476037e-02;7.2500000e+01;1.7975841e-02;7.2500000e+01;9.4133310e-02;7.2500000e+01;1.8223941e-01;7.2500000e+01;2.5901505e-01;7.2500000e+01;3.0512041e-01;7.2500000e+01;3.4284046e-01;7.2500000e+01;3.6034024e-01;7.2500000e+01;3.0780226e-01;7.2500000e+01;2.1408387e-01;7.2500000e+01;1.4208543e-01;7.2500000e+01;8.0052651e-02;7.2500000e+01;2.4332017e-02;7.2500000e+01;-2.7476981e-02;7.2500000e+01;-7.8594424e-02;7.2500000e+01;-1.2879020e-01;7.2500000e+01;-1.7930427e-01;7.2500000e+01;-7.6849811e-02;7.2500000e+01;-3.9476037e-02;7.2500000e+01;1.7975841e-02;7.2500000e+01;9.4133310e-02;7.2500000e+01;1.8223941e-01;7.2500000e+01;2.5901505e-01;7.2500000e+01;3.0512041e-01;7.2500000e+01;3.4284046e-01;7.2500000e+01;3.6034024e-01;7.2500000e+01;3.0780226e-01;7.2500000e+01;2.1408387e-01;7.2500000e+01;1.4208543e-01;7.2500000e+01;8.0052651e-02;7.2500000e+01;2.4332017e-02;7.2500000e+01;-2.7476981e-02;7.2500000e+01;-7.8594424e-02;7.2500000e+01;-1.2879020e-01;7.2500000e+01;-1.7930427e-01;7.2500000e+01;-7.6849811e-02;7.2500000e+01;-3.9476037e-02;7.2500000e+01;1.7975841e-02;7.2500000e+01;9.4133310e-02;7.2500000e+01;1.8223941e-01;7.2500000e+01;2.5901505e-01;7.2500000e+01;3.0512041e-01;7.2500000e+01;3.4284046e-01;7.2500000e+01;3.6034024e-01;7.2500000e+01;3.0780226e-01;7.2500000e+01;2.1408387e-01;7.2500000e+01;1.4208543e-01;7.2500000e+01;8.0052651e-02;7.2500000e+01;2.4332017e-02;7.2500000e+01;-2.7476981e-02;7.2500000e+01;-7.8594424e-02;7.2500000e+01;-1.2879020e-01;7.2500000e+01;-1.7930427e-01;7.2500000e+01;-7.6849811e-02;7.2500000e+01;-3.9476037e-02;7.2500000e+01;1.7975841e-02;7.2500000e+01;9.4133310e-02;7.2500000e+01;1.8223941e-01;7.2500000e+01;2.5901505e-01;7.2500000e+01;3.0512041e-01;7.2500000e+01;3.4284046e-01;7.2500000e+01;3.6034024e-01;7.2500000e+01;3.0780226e-01;7.2500000e+01;2.1408387e-01;7.2500000e+01;1.4208543e-01;7.2500000e+01;8.0052651e-02;7.2500000e+01;2.4332017e-02;7.2500000e+01;-2.7476981e-02;7.2500000e+01;-7.8594424e-02;7.2500000e+01;-1.2879020e-01;7.2500000e+01;-1.7930427e-01;7.2500000e+01;-7.6849811e-02;7.2500000e+01;-3.9476037e-02;7.2500000e+01;1.7975841e-02;7.2500000e+01;9.4133310e-02;7.2500000e+01;1.8223941e-01;7.2500000e+01;2.5901505e-01;7.2500000e+01;3.0512041e-01;7.2500000e+01;3.4284046e-01;7.2500000e+01;3.6034024e-01;7.2500000e+01;3.0780226e-01;7.2500000e+01;2.1408387e-01;7.2500000e+01;1.4208543e-01;7.2500000e+01;8.0052651e-02;7.2500000e+01;2.4332017e-02;7.2500000e+01;-2.7476981e-02;7.2500000e+01;-7.8594424e-02;7.2500000e+01;-1.2879020e-01;7.2500000e+01;-1.7930427e-01;7.2500000e+01;-7.6849811e-02;7.2500000e+01;-3.9476037e-02;7.2500000e+01;1.7975841e-02;7.2500000e+01;9.4133310e-02;7.2500000e+01;1.8223941e-01;7.2500000e+01;2.5901505e-01;7.2500000e+01;3.0512041e-01;7.2500000e+01;3.4284046e-01;7.2500000e+01;3.6034024e-01;7.2500000e+01;3.0780226e-01;7.2500000e+01;2.1408387e-01;7.2500000e+01;1.4208543e-01;7.2500000e+01;8.0052651e-02;7.2500000e+01;2.4332017e-02;7.2500000e+01;-2.7476981e-02;7.2500000e+01;-7.8594424e-02;7.2500000e+01;-1.2879020e-01;7.2500000e+01;-1.7930427e-01;7.2500000e+01;-7.6849811e-02;7.2500000e+01;-3.9476037e-02;7.2500000e+01;1.7975841e-02;7.2500000e+01;9.4133310e-02;7.2500000e+01;1.8223941e-01;7.2500000e+01;2.5901505e-01;7.2500000e+01;3.0512041e-01;7.2500000e+01;3.4284046e-01;7.2500000e+01;3.6034024e-01;7.2500000e+01;3.0780226e-01;7.2500000e+01;2.1408387e-01;7.2500000e+01;1.4208543e-01;7.2500000e+01;8.0052651e-02;7.2500000e+01;2.4332017e-02;7.2500000e+01;-2.7476981e-02;7.2500000e+01;-7.8594424e-02;7.2500000e+01;-1.2879020e-01;7.2500000e+01;-1.7930427e-01;7.2500000e+01;-7.6849811e-02;7.2500000e+01;-3.9476037e-02;7.2500000e+01;1.7975841e-02;7.2500000e+01;9.4133310e-02;7.2500000e+01;1.8223941e-01;7.2500000e+01;2.5901505e-01;7.2500000e+01;3.0512041e-01;7.2500000e+01;3.4284046e-01;7.2500000e+01;3.6034024e-01;7.2500000e+01;3.0780226e-01;7.2500000e+01;2.1408387e-01;7.2500000e+01;1.4208543e-01;7.2500000e+01;8.0052651e-02;7.2500000e+01;2.4332017e-02;7.2500000e+01;-2.7476981e-02;7.2500000e+01;-7.8594424e-02;7.2500000e+01;-1.2879020e-01;7.2500000e+01;-1.7930427e-01;7.2500000e+01;-7.6849811e-02;7.2500000e+01;-3.9476037e-02;7.2500000e+01;1.7975841e-02;7.2500000e+01;9.4133310e-02;7.2500000e+01;1.8223941e-01;7.2500000e+01;2.5901505e-01;7.2500000e+01;3.0512041e-01;7.2500000e+01;3.4284046e-01;7.2500000e+01;3.6034024e-01;7.2500000e+01;3.0780226e-01;7.2500000e+01;2.1408387e-01;7.2500000e+01;1.4208543e-01;7.2500000e+01;8.0052651e-02;7.2500000e+01;2.4332017e-02;7.2500000e+01;-2.7476981e-02;7.2500000e+01;-7.8594424e-02;7.2500000e+01;-1.2879020e-01;7.2500000e+01;-1.7930427e-01;7.2500000e+01;-7.6849811e-02;7.2500000e+01;-3.9476037e-02;7.2500000e+01;1.7975841e-02;7.2500000e+01;9.4133310e-02;7.2500000e+01;1.8223941e-01;7.2500000e+01;2.5901505e-01;7.2500000e+01;3.0512041e-01;7.2500000e+01;3.4284046e-01;7.2500000e+01;3.6034024e-01;7.2500000e+01;3.0780226e-01;7.2500000e+01;2.1408387e-01;7.2500000e+01;1.4208543e-01;7.2500000e+01;8.0052651e-02;7.2500000e+01;2.4332017e-02;7.2500000e+01;-2.7476981e-02;7.2500000e+01;-7.8594424e-02;7.2500000e+01;-1.2879020e-01;7.2500000e+01;-1.7930427e-01;7.2500000e+01;-7.6849811e-02;7.2500000e+01;-3.9476037e-02;7.2500000e+01;1.7975841e-02;7.2500000e+01;9.4133310e-02;7.2500000e+01;1.8223941e-01;7.2500000e+01;2.5901505e-01;7.2500000e+01;3.0512041e-01;7.2500000e+01;3.4284046e-01;7.2500000e+01;3.6034024e-01;7.2500000e+01;3.0780226e-01;7.2500000e+01;2.1408387e-01;7.2500000e+01;1.4208543e-01;7.2500000e+01;8.0052651e-02;7.2500000e+01;2.4332017e-02;7.2500000e+01;-2.7476981e-02;7.2500000e+01;-7.8594424e-02;7.2500000e+01;-1.2879020e-01;7.2500000e+01;-1.7930427e-01;7.2500000e+01;-7.6849811e-02;7.2500000e+01;-3.9476037e-02;7.2500000e+01;1.7975841e-02;7.2500000e+01;9.4133310e-02;7.2500000e+01;1.8223941e-01;7.2500000e+01;2.5901505e-01;7.2500000e+01;3.0512041e-01;7.2500000e+01;3.4284046e-01;7.2500000e+01;3.6034024e-01;7.2500000e+01;3.0780226e-01;7.2500000e+01;2.1408387e-01;7.2500000e+01;1.4208543e-01;7.2500000e+01;8.0052651e-02;7.2500000e+01;2.4332017e-02;7.2500000e+01;-2.7476981e-02;7.2500000e+01;-7.8594424e-02;7.2500000e+01;-1.2879020e-01;7.2500000e+01;-1.7930427e-01;7.2500000e+01;-7.6849811e-02;7.2500000e+01;-3.9476037e-02;7.2500000e+01;1.7975841e-02;7.2500000e+01;9.4133310e-02;7.2500000e+01;1.8223941e-01;7.2500000e+01;2.5901505e-01;7.2500000e+01;3.0512041e-01;7.2500000e+01;3.4284046e-01;7.2500000e+01;3.6034024e-01;7.2500000e+01;3.0780226e-01;7.2500000e+01;2.1408387e-01;7.2500000e+01;1.4208543e-01;7.2500000e+01;8.0052651e-02;7.2500000e+01;2.4332017e-02;7.2500000e+01;-2.7476981e-02;7.2500000e+01;-7.8594424e-02;7.2500000e+01;-1.2879020e-01;7.2500000e+01;-1.7930427e-01;7.2500000e+01;-7.6849811e-02;7.2500000e+01;-3.9476037e-02;7.2500000e+01;1.7975841e-02;7.2500000e+01;9.4133310e-02;7.2500000e+01;1.8223941e-01;7.2500000e+01;2.5901505e-01;7.2500000e+01;3.0512041e-01;7.2500000e+01;3.4284046e-01;7.2500000e+01;3.6034024e-01;7.2500000e+01;3.0780226e-01;7.2500000e+01;2.1408387e-01;7.2500000e+01;1.4208543e-01;7.2500000e+01;8.0052651e-02;7.2500000e+01;2.4332017e-02;7.2500000e+01;-2.7476981e-02;7.2500000e+01;-7.8594424e-02;7.2500000e+01;-1.2879020e-01;7.2500000e+01;-1.7930427e-01;7.2500000e+01;-7.6849811e-02;7.2500000e+01;-3.9476037e-02;7.2500000e+01;1.7975841e-02;7.2500000e+01;9.4133310e-02;7.2500000e+01;1.8223941e-01;7.2500000e+01;2.5901505e-01;7.2500000e+01;3.0512041e-01;7.2500000e+01;3.4284046e-01;7.2500000e+01;3.6034024e-01;7.2500000e+01;3.0780226e-01;7.2500000e+01;2.1408387e-01;7.2500000e+01;1.4208543e-01;7.2500000e+01;8.0052651e-02;7.2500000e+01;2.4332017e-02;7.2500000e+01;-2.7476981e-02;7.2500000e+01;-7.8594424e-02;7.2500000e+01;-1.2879020e-01;7.2500000e+01;-1.7930427e-01;7.2500000e+01;-7.6849811e-02;7.2500000e+01;-3.9476037e-02;7.2500000e+01;1.7975841e-02;7.2500000e+01;9.4133310e-02;7.2500000e+01;1.8223941e-01;7.2500000e+01;2.5901505e-01;7.2500000e+01;3.0512041e-01;7.2500000e+01;3.4284046e-01;7.2500000e+01;3.6034024e-01;7.2500000e+01;3.0780226e-01;7.2500000e+01;2.1408387e-01;7.2500000e+01;1.4208543e-01;7.2500000e+01;8.0052651e-02;7.2500000e+01;2.4332017e-02;7.2500000e+01;-2.7476981e-02;7.2500000e+01;-7.8594424e-02;7.2500000e+01;-1.2879020e-01;7.2500000e+01;-1.7930427e-01;7.2500000e+01;-7.6849811e-02;7.2500000e+01;-3.9476037e-02;7.2500000e+01;1.7975841e-02;7.2500000e+01;9.4133310e-02;7.2500000e+01;1.8223941e-01;7.2500000e+01;2.5901505e-01;7.2500000e+01;3.0512041e-01;7.2500000e+01;3.4284046e-01;7.2500000e+01;3.6034024e-01;7.2500000e+01;3.0780226e-01;7.2500000e+01;2.1408387e-01;7.2500000e+01;1.4208543e-01;7.2500000e+01;8.0052651e-02;7.2500000e+01;2.4332017e-02;7.2500000e+01;-2.7476981e-02;7.2500000e+01;-7.8594424e-02;7.2500000e+01;-1.2879020e-01;7.2500000e+01;-1.7930427e-01;7.2500000e+01;-7.6849811e-02;7.2500000e+01;-3.9476037e-02;7.2500000e+01;1.7975841e-02;7.2500000e+01;9.4133310e-02;7.2500000e+01;1.8223941e-01;7.2500000e+01;2.5901505e-01;7.2500000e+01;3.0512041e-01;7.2500000e+01;3.4284046e-01;7.2500000e+01;3.6034024e-01;7.2500000e+01;3.0780226e-01;7.2500000e+01;2.1408387e-01;7.2500000e+01;1.4208543e-01;7.2500000e+01;8.0052651e-02;7.2500000e+01;2.4332017e-02;7.2500000e+01;-2.7476981e-02;7.2500000e+01;-7.8594424e-02;7.2500000e+01;-1.2879020e-01;7.2500000e+01;-1.7930427e-01;7.2500000e+01;-7.6849811e-02;7.2500000e+01;-3.9476037e-02;7.2500000e+01;1.7975841e-02;7.2500000e+01;9.4133310e-02;7.2500000e+01;1.8223941e-01;7.2500000e+01;2.5901505e-01;7.2500000e+01;3.0512041e-01;7.2500000e+01;3.4284046e-01;7.2500000e+01;3.6034024e-01;7.2500000e+01;3.0780226e-01;7.2500000e+01;2.1408387e-01;7.2500000e+01;1.4208543e-01;7.2500000e+01;8.0052651e-02;7.2500000e+01;2.4332017e-02;7.2500000e+01;-2.7476981e-02;7.2500000e+01;-7.8594424e-02;7.2500000e+01;-1.2879020e-01;7.2500000e+01;-1.7930427e-01;7.2500000e+01;-7.6849811e-02;7.2500000e+01;-3.9476037e-02;7.2500000e+01;1.7975841e-02;7.2500000e+01;9.4133310e-02;7.2500000e+01;1.8223941e-01;7.2500000e+01;2.5901505e-01;7.2500000e+01;3.0512041e-01;7.2500000e+01;3.4284046e-01;7.2500000e+01;3.6034024e-01;7.2500000e+01;3.0780226e-01;7.2500000e+01;2.1408387e-01;7.2500000e+01;1.4208543e-01;7.2500000e+01;8.0052651e-02;7.2500000e+01;2.4332017e-02;7.2500000e+01;-2.7476981e-02;7.2500000e+01;-7.8594424e-02;7.2500000e+01;-1.2879020e-01;7.2500000e+01;-1.7930427e-01;7.2500000e+01;-7.6849811e-02;7.2500000e+01;-3.9476037e-02;7.2500000e+01;1.7975841e-02;7.2500000e+01;9.4133310e-02;7.2500000e+01;1.8223941e-01;7.2500000e+01;2.5901505e-01;7.2500000e+01;3.0512041e-01;7.2500000e+01;3.4284046e-01;7.2500000e+01;3.6034024e-01;7.2500000e+01;3.0780226e-01;7.2500000e+01;2.1408387e-01;7.2500000e+01;1.4208543e-01;7.2500000e+01;8.0052651e-02;7.2500000e+01;2.4332017e-02;7.2500000e+01;-2.7476981e-02;7.2500000e+01;-7.8594424e-02;7.2500000e+01;-1.2879020e-01;7.2500000e+01;-1.7930427e-01;7.2500000e+01;-7.6849811e-02;7.2500000e+01;-3.9476037e-02;7.2500000e+01;1.7975841e-02;7.2500000e+01;9.4133310e-02;7.2500000e+01;1.8223941e-01;7.2500000e+01;2.5901505e-01;7.2500000e+01;3.0512041e-01;7.2500000e+01;3.4284046e-01;7.2500000e+01;3.6034024e-01;7.2500000e+01;3.0780226e-01;7.2500000e+01;2.1408387e-01;7.2500000e+01;1.4208543e-01;7.2500000e+01;8.0052651e-02;7.2500000e+01;2.4332017e-02;7.2500000e+01;-2.7476981e-02;7.2500000e+01;-7.8594424e-02;7.2500000e+01;-1.2879020e-01;7.2500000e+01;-1.7930427e-01;7.2500000e+01;-7.6849811e-02;7.2500000e+01;-3.9476037e-02;7.2500000e+01;1.7975841e-02;7.2500000e+01;9.4133310e-02;7.2500000e+01;1.8223941e-01;7.2500000e+01;2.5901505e-01;7.2500000e+01;3.0512041e-01;7.2500000e+01;3.4284046e-01;7.2500000e+01;3.6034024e-01;7.2500000e+01;3.0780226e-01;7.2500000e+01;2.1408387e-01;7.2500000e+01;1.4208543e-01;7.2500000e+01;8.0052651e-02;7.2500000e+01;2.4332017e-02;7.2500000e+01;-2.7476981e-02;7.2500000e+01;-7.8594424e-02;7.2500000e+01;-1.2879020e-01;7.2500000e+01;-1.7930427e-01;7.2500000e+01;-7.6849811e-02;7.2500000e+01;-3.9476037e-02;7.2500000e+01;1.7975841e-02;7.2500000e+01;9.4133310e-02;7.2500000e+01;1.8223941e-01;7.2500000e+01;2.5901505e-01;7.2500000e+01;3.0512041e-01;7.2500000e+01;3.4284046e-01;7.2500000e+01;3.6034024e-01;7.2500000e+01;3.0780226e-01;7.2500000e+01;2.1408387e-01;7.2500000e+01;1.4208543e-01;7.2500000e+01;8.0052651e-02;7.2500000e+01;2.4332017e-02;7.2500000e+01;-2.7476981e-02;7.2500000e+01;-7.8594424e-02;7.2500000e+01;-1.2879020e-01;7.2500000e+01;-1.7930427e-01;7.2500000e+01;-7.6849811e-02;7.2500000e+01;-3.9476037e-02;7.2500000e+01;1.7975841e-02;7.2500000e+01;9.4133310e-02;7.2500000e+01;1.8223941e-01;7.2500000e+01;2.5901505e-01;7.2500000e+01;3.0512041e-01;7.2500000e+01;3.4284046e-01;7.2500000e+01;3.6034024e-01;7.2500000e+01;3.0780226e-01;7.2500000e+01;2.1408387e-01;7.2500000e+01;1.4208543e-01;7.2500000e+01;8.0052651e-02;7.2500000e+01;2.4332017e-02;7.2500000e+01;-2.7476981e-02;7.2500000e+01;-7.8594424e-02;7.2500000e+01;-1.2879020e-01;7.2500000e+01;-1.7930427e-01;7.2500000e+01;-7.6849811e-02;7.2500000e+01;-3.9476037e-02;7.2500000e+01;1.7975841e-02;7.2500000e+01;9.4133310e-02;7.2500000e+01;1.8223941e-01;7.2500000e+01;2.5901505e-01;7.2500000e+01;3.0512041e-01;7.2500000e+01;3.4284046e-01;7.2500000e+01;3.6034024e-01;7.2500000e+01;3.0780226e-01;7.2500000e+01;2.1408387e-01;7.2500000e+01;1.4208543e-01;7.2500000e+01;8.0052651e-02;7.2500000e+01;2.4332017e-02;7.2500000e+01;-2.7476981e-02;7.2500000e+01;-7.8594424e-02;7.2500000e+01;-1.2879020e-01;7.2500000e+01;-1.7930427e-01;7.2500000e+01;-7.6849811e-02;7.2500000e+01;-3.9476037e-02;7.2500000e+01;1.7975841e-02;7.2500000e+01;9.4133310e-02;7.2500000e+01;1.8223941e-01;7.2500000e+01;2.5901505e-01;7.2500000e+01;3.0512041e-01;7.2500000e+01;3.4284046e-01;7.2500000e+01;3.6034024e-01;7.2500000e+01;3.0780226e-01;7.2500000e+01;2.1408387e-01;7.2500000e+01;1.4208543e-01;7.2500000e+01;8.0052651e-02;7.2500000e+01;2.4332017e-02;7.2500000e+01;-2.7476981e-02;7.2500000e+01;-7.8594424e-02;7.2500000e+01;-1.2879020e-01;7.2500000e+01;-1.7930427e-01;7.2500000e+01;-7.6849811e-02;7.2500000e+01;-3.9476037e-02;7.2500000e+01;1.7975841e-02;7.2500000e+01;9.4133310e-02;7.2500000e+01;1.8223941e-01;7.2500000e+01;2.5901505e-01;7.2500000e+01;3.0512041e-01;7.2500000e+01;3.4284046e-01;7.2500000e+01;3.6034024e-01;7.2500000e+01;3.0780226e-01;7.2500000e+01;2.1408387e-01;7.2500000e+01;1.4208543e-01;7.2500000e+01;8.0052651e-02;7.2500000e+01;2.4332017e-02;7.2500000e+01;-2.7476981e-02;7.2500000e+01;-7.8594424e-02;7.2500000e+01;-1.2879020e-01;7.2500000e+01;-1.7930427e-01;7.2500000e+01;-7.6849811e-02;7.2500000e+01;-3.9476037e-02;7.2500000e+01;1.7975841e-02;7.2500000e+01;9.4133310e-02;7.2500000e+01;1.8223941e-01;7.2500000e+01;2.5901505e-01;7.2500000e+01;3.0512041e-01;7.2500000e+01;3.4284046e-01;7.2500000e+01;3.6034024e-01;7.2500000e+01;3.0780226e-01;7.2500000e+01;2.1408387e-01;7.2500000e+01;1.4208543e-01;7.2500000e+01;8.0052651e-02;7.2500000e+01;2.4332017e-02;7.2500000e+01;-2.7476981e-02;7.2500000e+01;-7.8594424e-02;7.2500000e+01;-1.2879020e-01;7.2500000e+01;-1.7930427e-01;7.2500000e+01;-7.6849811e-02;7.2500000e+01;-3.9476037e-02;7.2500000e+01;1.7975841e-02;7.2500000e+01;9.4133310e-02;7.2500000e+01;1.8223941e-01;7.2500000e+01;2.5901505e-01;7.2500000e+01;3.0512041e-01;7.2500000e+01;3.4284046e-01;7.2500000e+01;3.6034024e-01;7.2500000e+01;3.0780226e-01;7.2500000e+01;2.1408387e-01;7.2500000e+01;1.4208543e-01;7.2500000e+01;8.0052651e-02;7.2500000e+01;2.4332017e-02;7.2500000e+01;-2.7476981e-02;7.2500000e+01;-7.8594424e-02;7.2500000e+01;-1.2879020e-01;7.2500000e+01;-1.7930427e-01;7.2500000e+01;-7.6849811e-02;7.2500000e+01;-3.9476037e-02;7.2500000e+01;1.7975841e-02;7.2500000e+01;9.4133310e-02;7.2500000e+01;1.8223941e-01;7.2500000e+01;2.5901505e-01;7.2500000e+01;3.0512041e-01;7.2500000e+01;3.4284046e-01;7.2500000e+01;3.6034024e-01;7.2500000e+01;3.0780226e-01;7.2500000e+01;2.1408387e-01;7.2500000e+01;1.4208543e-01;7.2500000e+01;8.0052651e-02;7.2500000e+01;2.4332017e-02;7.2500000e+01;-2.7476981e-02;7.2500000e+01;-7.8594424e-02;7.2500000e+01;-1.2879020e-01;7.2500000e+01;-1.7930427e-01;7.2500000e+01;-7.6849811e-02;7.2500000e+01;-3.9476037e-02;7.2500000e+01;1.7975841e-02;7.2500000e+01;9.4133310e-02;7.2500000e+01;1.8223941e-01;7.2500000e+01;2.5901505e-01;7.2500000e+01;3.0512041e-01;7.2500000e+01;3.4284046e-01;7.2500000e+01;3.6034024e-01;7.2500000e+01;3.0780226e-01;7.2500000e+01;2.1408387e-01;7.2500000e+01;1.4208543e-01;7.2500000e+01;8.0052651e-02;7.2500000e+01;2.4332017e-02;7.2500000e+01;-2.7476981e-02;7.2500000e+01;-7.8594424e-02;7.2500000e+01;-1.2879020e-01;7.2500000e+01;-1.7930427e-01;7.2500000e+01;-7.6849811e-02;7.2500000e+01;-3.9476037e-02;7.2500000e+01;1.7975841e-02;7.2500000e+01;9.4133310e-02;7.2500000e+01;1.8223941e-01;7.2500000e+01;2.5901505e-01;7.2500000e+01;3.0512041e-01;7.2500000e+01;3.4284046e-01;7.2500000e+01;3.6034024e-01;7.2500000e+01;3.0780226e-01;7.2500000e+01;2.1408387e-01;7.2500000e+01;1.4208543e-01;7.2500000e+01;8.0052651e-02;7.2500000e+01;2.4332017e-02;7.2500000e+01;-2.7476981e-02;7.2500000e+01;-7.8594424e-02;7.2500000e+01;-1.2879020e-01;7.2500000e+01;-1.7930427e-01;7.2500000e+01;-7.6849811e-02;7.2500000e+01;-3.9476037e-02;7.2500000e+01;1.7975841e-02;7.2500000e+01;9.4133310e-02;7.2500000e+01;1.8223941e-01;7.2500000e+01;2.5901505e-01;7.2500000e+01;3.0512041e-01;7.2500000e+01;3.4284046e-01;7.2500000e+01;3.6034024e-01;7.2500000e+01;3.0780226e-01;7.2500000e+01;2.1408387e-01;7.2500000e+01;1.4208543e-01;7.2500000e+01;8.0052651e-02;7.2500000e+01;2.4332017e-02;7.2500000e+01;-2.7476981e-02;7.2500000e+01;-7.8594424e-02;7.2500000e+01;-1.2879020e-01;7.2500000e+01;-1.7930427e-01;7.2500000e+01;-7.6849811e-02;7.2500000e+01;-3.9476037e-02;7.2500000e+01;1.7975841e-02;7.2500000e+01;9.4133310e-02;7.2500000e+01;1.8223941e-01;7.2500000e+01;2.5901505e-01;7.2500000e+01;3.0512041e-01;7.2500000e+01;3.4284046e-01;7.2500000e+01;3.6034024e-01;7.2500000e+01;3.0780226e-01;7.2500000e+01;2.1408387e-01;7.2500000e+01;1.4208543e-01;7.2500000e+01;8.0052651e-02;7.2500000e+01;2.4332017e-02;7.2500000e+01;-2.7476981e-02;7.2500000e+01;-7.8594424e-02;7.2500000e+01;-1.2879020e-01;7.2500000e+01;-1.7930427e-01;7.2500000e+01;-7.6849811e-02;7.2500000e+01;-3.9476037e-02;7.2500000e+01;1.7975841e-02;7.2500000e+01;9.4133310e-02;7.2500000e+01;1.8223941e-01;7.2500000e+01;2.5901505e-01;7.2500000e+01;3.0512041e-01;7.2500000e+01;3.4284046e-01;7.2500000e+01;3.6034024e-01;7.2500000e+01;3.0780226e-01;7.2500000e+01;2.1408387e-01;7.2500000e+01;1.4208543e-01;7.2500000e+01;8.0052651e-02;7.2500000e+01;2.4332017e-02;7.2500000e+01;-2.7476981e-02;7.2500000e+01;-7.8594424e-02;7.2500000e+01;-1.2879020e-01;7.2500000e+01;-1.7930427e-01;7.2500000e+01;-7.6849811e-02;7.2500000e+01;-3.9476037e-02;7.2500000e+01;1.7975841e-02;7.2500000e+01;9.4133310e-02;7.2500000e+01;1.8223941e-01;7.2500000e+01;2.5901505e-01;7.2500000e+01;3.0512041e-01;7.2500000e+01;3.4284046e-01;7.2500000e+01;3.6034024e-01;7.2500000e+01;3.0780226e-01;7.2500000e+01;2.1408387e-01;7.2500000e+01;1.4208543e-01;7.2500000e+01;8.0052651e-02;7.2500000e+01;2.4332017e-02;7.2500000e+01;-2.7476981e-02;7.2500000e+01;-7.8594424e-02;7.2500000e+01;-1.2879020e-01;7.2500000e+01;-1.7930427e-01;7.2500000e+01;-7.6849811e-02;7.2500000e+01;-3.9476037e-02;7.2500000e+01;1.7975841e-02;7.2500000e+01;9.4133310e-02;7.2500000e+01;1.8223941e-01;7.2500000e+01;2.5901505e-01;7.2500000e+01;3.0512041e-01;7.2500000e+01;3.4284046e-01;7.2500000e+01;3.6034024e-01;7.2500000e+01;3.0780226e-01;7.2500000e+01;2.1408387e-01;7.2500000e+01;1.4208543e-01;7.2500000e+01;8.0052651e-02;7.2500000e+01;2.4332017e-02;7.2500000e+01;-2.7476981e-02;7.2500000e+01;-7.8594424e-02;7.2500000e+01;-1.2879020e-01;7.2500000e+01;-1.7930427e-01;7.2500000e+01;-7.6849811e-02;7.2500000e+01;-3.9476037e-02;7.2500000e+01;1.7975841e-02;7.2500000e+01;9.4133310e-02;7.2500000e+01;1.8223941e-01;7.2500000e+01;2.5901505e-01;7.2500000e+01;3.0512041e-01;7.2500000e+01;3.4284046e-01;7.2500000e+01;3.6034024e-01;7.2500000e+01;3.0780226e-01;7.2500000e+01;2.1408387e-01;7.2500000e+01;1.4208543e-01;7.2500000e+01;8.0052651e-02;7.2500000e+01;2.4332017e-02;7.2500000e+01;-2.7476981e-02;7.2500000e+01;-7.8594424e-02;7.2500000e+01;-1.2879020e-01;7.2500000e+01;-1.7930427e-01;7.2500000e+01;-7.6849811e-02;7.2500000e+01;-3.9476037e-02;7.2500000e+01;1.7975841e-02;7.2500000e+01;9.4133310e-02;7.2500000e+01;1.8223941e-01;7.2500000e+01;2.5901505e-01;7.2500000e+01;3.0512041e-01;7.2500000e+01;3.4284046e-01;7.2500000e+01;3.6034024e-01;7.2500000e+01;3.0780226e-01;7.2500000e+01;2.1408387e-01;7.2500000e+01;1.4208543e-01;7.2500000e+01;8.0052651e-02;7.2500000e+01;2.4332017e-02;7.2500000e+01;-2.7476981e-02;7.2500000e+01;-7.8594424e-02;7.2500000e+01;-1.2879020e-01;7.2500000e+01;-1.7930427e-01;7.2500000e+01;-7.6849811e-02;7.2500000e+01;-3.9476037e-02;7.2500000e+01;1.7975841e-02;7.2500000e+01;9.4133310e-02;7.2500000e+01;1.8223941e-01;7.2500000e+01;2.5901505e-01;7.2500000e+01;3.0512041e-01;7.2500000e+01;3.4284046e-01;7.2500000e+01;3.6034024e-01;7.2500000e+01;3.0780226e-01;7.2500000e+01;2.1408387e-01;7.2500000e+01;1.4208543e-01;7.2500000e+01;8.0052651e-02;7.2500000e+01;2.4332017e-02;7.2500000e+01;-2.7476981e-02;7.2500000e+01;-7.8594424e-02;7.2500000e+01;-1.2879020e-01;7.2500000e+01;-1.7930427e-01;7.2500000e+01;-7.6849811e-02;7.2500000e+01;-3.9476037e-02;7.2500000e+01;1.7975841e-02;7.2500000e+01;9.4133310e-02;7.2500000e+01;1.8223941e-01;7.2500000e+01;2.5901505e-01;7.2500000e+01;3.0512041e-01;7.2500000e+01;3.4284046e-01;7.2500000e+01;3.6034024e-01;7.2500000e+01;3.0780226e-01;7.2500000e+01;2.1408387e-01;7.2500000e+01;1.4208543e-01;7.2500000e+01;8.0052651e-02;7.2500000e+01;2.4332017e-02;7.2500000e+01;-2.7476981e-02;7.2500000e+01;-7.8594424e-02;7.2500000e+01;-1.2879020e-01;7.2500000e+01;-1.7930427e-01;7.2500000e+01;-7.6849811e-02;7.2500000e+01;-3.9476037e-02;7.2500000e+01;1.7975841e-02;7.2500000e+01;9.4133310e-02;7.2500000e+01;1.8223941e-01;7.2500000e+01;2.5901505e-01;7.2500000e+01;3.0512041e-01;7.2500000e+01;3.4284046e-01;7.2500000e+01;3.6034024e-01;7.2500000e+01;3.0780226e-01;7.2500000e+01;2.1408387e-01;7.2500000e+01;1.4208543e-01;7.2500000e+01;8.0052651e-02;7.2500000e+01;2.4332017e-02;7.2500000e+01;-2.7476981e-02;7.2500000e+01;-7.8594424e-02;7.2500000e+01;-1.2879020e-01;7.2500000e+01;-1.7930427e-01;7.2500000e+01;-7.6849811e-02;7.2500000e+01;-3.9476037e-02;7.2500000e+01;1.7975841e-02;7.2500000e+01;9.4133310e-02;7.2500000e+01;1.8223941e-01;7.2500000e+01;2.5901505e-01;7.2500000e+01;3.0512041e-01;7.2500000e+01;3.4284046e-01;7.2500000e+01;3.6034024e-01;7.2500000e+01;3.0780226e-01;7.2500000e+01;2.1408387e-01;7.2500000e+01;1.4208543e-01;7.2500000e+01;8.0052651e-02;7.2500000e+01;2.4332017e-02;7.2500000e+01;-2.7476981e-02;7.2500000e+01;-7.8594424e-02;7.2500000e+01;-1.2879020e-01;7.2500000e+01;-1.7930427e-01;7.2500000e+01;-7.6849811e-02;7.2500000e+01;-3.9476037e-02;7.2500000e+01;1.7975841e-02;7.2500000e+01;9.4133310e-02;7.2500000e+01;1.8223941e-01;7.2500000e+01;2.5901505e-01;7.2500000e+01;3.0512041e-01;7.2500000e+01;3.4284046e-01;7.2500000e+01;3.6034024e-01;7.2500000e+01;3.0780226e-01;7.2500000e+01;2.1408387e-01;7.2500000e+01;1.4208543e-01;7.2500000e+01;8.0052651e-02;7.2500000e+01;2.4332017e-02;7.2500000e+01;-2.7476981e-02;7.2500000e+01;-7.8594424e-02;7.2500000e+01;-1.2879020e-01;7.2500000e+01;-1.7930427e-01;7.2500000e+01;-7.6849811e-02;7.2500000e+01;-3.9476037e-02;7.2500000e+01;1.7975841e-02;7.2500000e+01;9.4133310e-02;7.2500000e+01;1.8223941e-01;7.2500000e+01;2.5901505e-01;7.2500000e+01;3.0512041e-01;7.2500000e+01;3.4284046e-01;7.2500000e+01;3.6034024e-01;7.2500000e+01;3.0780226e-01;7.2500000e+01;2.1408387e-01;7.2500000e+01;1.4208543e-01;7.2500000e+01;8.0052651e-02;7.2500000e+01;2.4332017e-02;7.2500000e+01;-2.7476981e-02;7.2500000e+01;-7.8594424e-02;7.2500000e+01;-1.2879020e-01;7.2500000e+01;-1.7930427e-01;7.2500000e+01;-7.6849811e-02;7.2500000e+01;-3.9476037e-02;7.2500000e+01;1.7975841e-02;7.2500000e+01;9.4133310e-02;7.2500000e+01;1.8223941e-01;7.2500000e+01;2.5901505e-01;7.2500000e+01;3.0512041e-01;7.2500000e+01;3.4284046e-01;7.2500000e+01;3.6034024e-01;7.2500000e+01;3.0780226e-01;7.2500000e+01;2.1408387e-01;7.2500000e+01;1.4208543e-01;7.2500000e+01;8.0052651e-02;7.2500000e+01;2.4332017e-02;7.2500000e+01;-2.7476981e-02;7.2500000e+01;-7.8594424e-02;7.2500000e+01;-1.2879020e-01;7.2500000e+01;-1.7930427e-01;7.2500000e+01;-7.6849811e-02;7.2500000e+01;-3.9476037e-02;7.2500000e+01;1.7975841e-02;7.2500000e+01;9.4133310e-02;7.2500000e+01;1.8223941e-01;7.2500000e+01;2.5901505e-01;7.2500000e+01;3.0512041e-01;7.2500000e+01;3.4284046e-01;7.2500000e+01;3.6034024e-01;7.2500000e+01;3.0780226e-01;7.2500000e+01;2.1408387e-01;7.2500000e+01;1.4208543e-01;7.2500000e+01;8.0052651e-02;7.2500000e+01;2.4332017e-02;7.2500000e+01;-2.7476981e-02;7.2500000e+01;-7.8594424e-02;7.2500000e+01;-1.2879020e-01;7.2500000e+01;-1.7930427e-01;7.2500000e+01;-7.6849811e-02;7.2500000e+01;-3.9476037e-02;7.2500000e+01;1.7975841e-02;7.2500000e+01;9.4133310e-02;7.2500000e+01;1.8223941e-01;7.2500000e+01;2.5901505e-01;7.2500000e+01;3.0512041e-01;7.2500000e+01;3.4284046e-01;7.2500000e+01;3.6034024e-01;7.2500000e+01;3.0780226e-01;7.2500000e+01;2.1408387e-01;7.2500000e+01;1.4208543e-01;7.2500000e+01;8.0052651e-02;7.2500000e+01;2.4332017e-02;7.2500000e+01;-2.7476981e-02;7.2500000e+01;-7.8594424e-02;7.2500000e+01;-1.2879020e-01;7.2500000e+01;-1.7930427e-01;7.2500000e+01;-7.6849811e-02;7.2500000e+01;-3.9476037e-02;7.2500000e+01;1.7975841e-02;7.2500000e+01;9.4133310e-02;7.2500000e+01;1.8223941e-01;7.2500000e+01;2.5901505e-01;7.2500000e+01;3.0512041e-01;7.2500000e+01;3.4284046e-01;7.2500000e+01;3.6034024e-01;7.2500000e+01;3.0780226e-01;7.2500000e+01;2.1408387e-01;7.2500000e+01;1.4208543e-01;7.2500000e+01;8.0052651e-02;7.2500000e+01;2.4332017e-02;7.2500000e+01;-2.7476981e-02;7.2500000e+01;-7.8594424e-02;7.2500000e+01;-1.2879020e-01;7.2500000e+01;-1.7930427e-01;7.2500000e+01;-7.6849811e-02;7.2500000e+01;-3.9476037e-02;7.2500000e+01;1.7975841e-02;7.2500000e+01;9.4133310e-02;7.2500000e+01;1.8223941e-01;7.2500000e+01;2.5901505e-01;7.2500000e+01;3.0512041e-01;7.2500000e+01;3.4284046e-01;7.2500000e+01;3.6034024e-01;7.2500000e+01;3.0780226e-01;7.2500000e+01;2.1408387e-01;7.2500000e+01;1.4208543e-01;7.2500000e+01;8.0052651e-02;7.2500000e+01;2.4332017e-02;7.2500000e+01;-2.7476981e-02;7.2500000e+01;-7.8594424e-02;7.2500000e+01;-1.2879020e-01;7.2500000e+01;-1.7930427e-01;7.2500000e+01;-7.6849811e-02;7.2500000e+01;-3.9476037e-02;7.2500000e+01;1.7975841e-02;7.2500000e+01;9.4133310e-02;7.2500000e+01;1.8223941e-01;7.2500000e+01;2.5901505e-01;7.2500000e+01;3.0512041e-01;7.2500000e+01;3.4284046e-01;7.2500000e+01;3.6034024e-01;7.2500000e+01;3.0780226e-01;7.2500000e+01;2.1408387e-01;7.2500000e+01;1.4208543e-01;7.2500000e+01;8.0052651e-02;7.2500000e+01;2.4332017e-02;7.2500000e+01;-2.7476981e-02;7.2500000e+01;-7.8594424e-02;7.2500000e+01;-1.2879020e-01;7.2500000e+01;-1.7930427e-01;7.2500000e+01;-7.6849811e-02;7.2500000e+01;-3.9476037e-02;7.2500000e+01;1.7975841e-02;7.2500000e+01;9.4133310e-02;7.2500000e+01;1.8223941e-01;7.2500000e+01;2.5901505e-01;7.2500000e+01;3.0512041e-01;7.2500000e+01;3.4284046e-01;7.2500000e+01;3.6034024e-01;7.2500000e+01;3.0780226e-01;7.2500000e+01;2.1408387e-01;7.2500000e+01;1.4208543e-01;7.2500000e+01;8.0052651e-02;7.2500000e+01;2.4332017e-02;7.2500000e+01;-2.7476981e-02;7.2500000e+01;-7.8594424e-02;7.2500000e+01;-1.2879020e-01;7.2500000e+01;-1.7930427e-01;7.2500000e+01;-7.6849811e-02;7.2500000e+01;-3.9476037e-02;7.2500000e+01;1.7975841e-02;7.2500000e+01;9.4133310e-02;7.2500000e+01;1.8223941e-01;7.2500000e+01;2.5901505e-01;7.2500000e+01;3.0512041e-01;7.2500000e+01;3.4284046e-01;7.2500000e+01;3.6034024e-01;7.2500000e+01;3.0780226e-01;7.2500000e+01;2.1408387e-01;7.2500000e+01;1.4208543e-01;7.2500000e+01;8.0052651e-02;7.2500000e+01;2.4332017e-02;7.2500000e+01;-2.7476981e-02;7.2500000e+01;-7.8594424e-02;7.2500000e+01;-1.2879020e-01;7.2500000e+01;-1.7930427e-01;7.2500000e+01;-7.6849811e-02;7.2500000e+01;-3.9476037e-02;7.2500000e+01;1.7975841e-02;7.2500000e+01;9.4133310e-02;7.2500000e+01;1.8223941e-01;7.2500000e+01;2.5901505e-01;7.2500000e+01;3.0512041e-01;7.2500000e+01;3.4284046e-01;7.2500000e+01;3.6034024e-01;7.2500000e+01;3.0780226e-01;7.2500000e+01;2.1408387e-01;7.2500000e+01;1.4208543e-01;7.2500000e+01;8.0052651e-02;7.2500000e+01;2.4332017e-02;7.2500000e+01;-2.7476981e-02;7.2500000e+01;-7.8594424e-02;7.2500000e+01;-1.2879020e-01;7.2500000e+01;-1.7930427e-01;7.2500000e+01;-7.6849811e-02;7.2500000e+01;-3.9476037e-02;7.2500000e+01;1.7975841e-02;7.2500000e+01;9.4133310e-02;7.2500000e+01;1.8223941e-01;7.2500000e+01;2.5901505e-01;7.2500000e+01;3.0512041e-01;7.2500000e+01;3.4284046e-01;7.2500000e+01;3.6034024e-01;7.2500000e+01;3.0780226e-01;7.2500000e+01;2.1408387e-01;7.2500000e+01;1.4208543e-01;7.2500000e+01;8.0052651e-02;7.2500000e+01;2.4332017e-02;7.2500000e+01;-2.7476981e-02;7.2500000e+01;-7.8594424e-02;7.2500000e+01;-1.2879020e-01;7.2500000e+01;-1.7930427e-01;7.2500000e+01;-7.6849811e-02;7.2500000e+01;-3.9476037e-02;7.2500000e+01;1.7975841e-02;7.2500000e+01;9.4133310e-02;7.2500000e+01;1.8223941e-01;7.2500000e+01;2.5901505e-01;7.2500000e+01;3.0512041e-01;7.2500000e+01;3.4284046e-01;7.2500000e+01;3.6034024e-01;7.2500000e+01;3.0780226e-01;7.2500000e+01;2.1408387e-01;7.2500000e+01;1.4208543e-01;7.2500000e+01;8.0052651e-02;7.2500000e+01;2.4332017e-02;7.2500000e+01;-2.7476981e-02;7.2500000e+01;-7.8594424e-02;7.2500000e+01;-1.2879020e-01;7.2500000e+01;-1.7930427e-01;7.2500000e+01;-7.6849811e-02;7.2500000e+01;-3.9476037e-02;7.2500000e+01;1.7975841e-02;7.2500000e+01;9.4133310e-02;7.2500000e+01;1.8223941e-01;7.2500000e+01;2.5901505e-01;7.2500000e+01;3.0512041e-01;7.2500000e+01;3.4284046e-01;7.2500000e+01;3.6034024e-01;7.2500000e+01;3.0780226e-01;7.2500000e+01;2.1408387e-01;7.2500000e+01;1.4208543e-01;7.2500000e+01;8.0052651e-02;7.2500000e+01;2.4332017e-02;7.2500000e+01;-2.7476981e-02;7.2500000e+01;-7.8594424e-02;7.2500000e+01;-1.2879020e-01;7.2500000e+01;-1.7930427e-01;7.2500000e+01;-7.6849811e-02;7.2500000e+01;-3.9476037e-02;7.2500000e+01;1.7975841e-02;7.2500000e+01;9.4133310e-02;7.2500000e+01;1.8223941e-01;7.2500000e+01;2.5901505e-01;7.2500000e+01;3.0512041e-01;7.2500000e+01;3.4284046e-01;7.2500000e+01;3.6034024e-01;7.2500000e+01;3.0780226e-01;7.2500000e+01;2.1408387e-01;7.2500000e+01;1.4208543e-01;7.2500000e+01;8.0052651e-02;7.2500000e+01;2.4332017e-02;7.2500000e+01;-2.7476981e-02;7.2500000e+01;-7.8594424e-02;7.2500000e+01;-1.2879020e-01;7.2500000e+01;-1.7930427e-01;7.2500000e+01;-7.6849811e-02;7.2500000e+01;-3.9476037e-02;7.2500000e+01;1.7975841e-02;7.2500000e+01;9.4133310e-02;7.2500000e+01;1.8223941e-01;7.2500000e+01;2.5901505e-01;7.2500000e+01;3.0512041e-01;7.2500000e+01;3.4284046e-01;7.2500000e+01;3.6034024e-01;7.2500000e+01;3.0780226e-01;7.2500000e+01;2.1408387e-01;7.2500000e+01;1.4208543e-01;7.2500000e+01;8.0052651e-02;7.2500000e+01;2.4332017e-02;7.2500000e+01;-2.7476981e-02;7.2500000e+01;-7.8594424e-02;7.2500000e+01;-1.2879020e-01;7.2500000e+01;-1.7930427e-01;7.2500000e+01;-7.6849811e-02;7.2500000e+01;-3.9476037e-02;7.2500000e+01;1.7975841e-02;7.2500000e+01;9.4133310e-02;7.2500000e+01;1.8223941e-01;7.2500000e+01;2.5901505e-01;7.2500000e+01;3.0512041e-01;7.2500000e+01;3.4284046e-01;7.2500000e+01;3.6034024e-01;7.2500000e+01;3.0780226e-01;7.2500000e+01;2.1408387e-01;7.2500000e+01;1.4208543e-01;7.2500000e+01;8.0052651e-02;7.2500000e+01;2.4332017e-02;7.2500000e+01;-2.7476981e-02;7.2500000e+01;-7.8594424e-02;7.2500000e+01;-1.2879020e-01;7.2500000e+01;-1.7930427e-01;7.2500000e+01;-7.6849811e-02;7.2500000e+01;-3.9476037e-02;7.2500000e+01;1.7975841e-02;7.2500000e+01;9.4133310e-02;7.2500000e+01;1.8223941e-01;7.2500000e+01;2.5901505e-01;7.2500000e+01;3.0512041e-01;7.2500000e+01;3.4284046e-01;7.2500000e+01;3.6034024e-01;7.2500000e+01;3.0780226e-01;7.2500000e+01;2.1408387e-01;7.2500000e+01;1.4208543e-01;7.2500000e+01;8.0052651e-02;7.2500000e+01;2.4332017e-02;7.2500000e+01;-2.7476981e-02;7.2500000e+01;-7.8594424e-02;7.2500000e+01;-1.2879020e-01;7.2500000e+01;-1.7930427e-01;7.2500000e+01;-7.6849811e-02;7.2500000e+01;-3.9476037e-02;7.2500000e+01;1.7975841e-02;7.2500000e+01;9.4133310e-02;7.2500000e+01;1.8223941e-01;7.2500000e+01;2.5901505e-01;7.2500000e+01;3.0512041e-01;7.2500000e+01;3.4284046e-01;7.2500000e+01;3.6034024e-01;7.2500000e+01;3.0780226e-01;7.2500000e+01;2.1408387e-01;7.2500000e+01;1.4208543e-01;7.2500000e+01;8.0052651e-02;7.2500000e+01;2.4332017e-02;7.2500000e+01;-2.7476981e-02;7.2500000e+01;-7.8594424e-02;7.2500000e+01;-1.2879020e-01;7.2500000e+01;-1.7930427e-01;7.2500000e+01;-7.6849811e-02;7.2500000e+01;-3.9476037e-02;7.2500000e+01;1.7975841e-02;7.2500000e+01;9.4133310e-02;7.2500000e+01;1.8223941e-01;7.2500000e+01;2.5901505e-01;7.2500000e+01;3.0512041e-01;7.2500000e+01;3.4284046e-01;7.2500000e+01;3.6034024e-01;7.2500000e+01;3.0780226e-01;7.2500000e+01;2.1408387e-01;7.2500000e+01;1.4208543e-01;7.2500000e+01;8.0052651e-02;7.2500000e+01;2.4332017e-02;7.2500000e+01;-2.7476981e-02;7.2500000e+01;-7.8594424e-02;7.2500000e+01;-1.2879020e-01;7.2500000e+01;-1.7930427e-01;7.2500000e+01;-7.6849811e-02;7.2500000e+01;-3.9476037e-02;7.2500000e+01;1.7975841e-02;7.2500000e+01;9.4133310e-02;7.2500000e+01;1.8223941e-01;7.2500000e+01;2.5901505e-01;7.2500000e+01;3.0512041e-01;7.2500000e+01;3.4284046e-01;7.2500000e+01;3.6034024e-01;7.2500000e+01;3.0780226e-01;7.2500000e+01;2.1408387e-01;7.2500000e+01;1.4208543e-01;7.2500000e+01;8.0052651e-02;7.2500000e+01;2.4332017e-02;7.2500000e+01;-2.7476981e-02;7.2500000e+01;-7.8594424e-02;7.2500000e+01;-1.2879020e-01;7.2500000e+01;-1.7930427e-01;7.2500000e+01;-7.6849811e-02;7.2500000e+01;-3.9476037e-02;7.2500000e+01;1.7975841e-02;7.2500000e+01;9.4133310e-02;7.2500000e+01;1.8223941e-01;7.2500000e+01;2.5901505e-01;7.2500000e+01;3.0512041e-01;7.2500000e+01;3.4284046e-01;7.2500000e+01;3.6034024e-01;7.2500000e+01;3.0780226e-01;7.2500000e+01;2.1408387e-01;7.2500000e+01;1.4208543e-01;7.2500000e+01;8.0052651e-02;7.2500000e+01;2.4332017e-02;7.2500000e+01;-2.7476981e-02;7.2500000e+01;-7.8594424e-02;7.2500000e+01;-1.2879020e-01;7.2500000e+01;-1.7930427e-01
7.7500000e+01;-8.0466650e-02;7.7500000e+01;-4.6809752e-02;7.7500000e+01;5.8934502e-03;7.7500000e+01;7.5287923e-02;7.7500000e+01;1.5658961e-01;7.7500000e+01;2.2324863e-01;7.7500000e+01;2.7242160e-01;7.7500000e+01;3.2167387e-01;7.7500000e+01;3.5610485e-01;7.7500000e+01;3.1016973e-01;7.7500000e+01;2.1562690e-01;7.7500000e+01;1.3860029e-01;7.7500000e+01;7.3502064e-02;7.7500000e+01;1.5472084e-02;7.7500000e+01;-3.8124219e-02;7.7500000e+01;-9.0247631e-02;7.7500000e+01;-1.4098424e-01;7.7500000e+01;-1.9189580e-01;7.7500000e+01;-8.0466650e-02;7.7500000e+01;-4.6809752e-02;7.7500000e+01;5.8934502e-03;7.7500000e+01;7.5287923e-02;7.7500000e+01;1.5658961e-01;7.7500000e+01;2.2324863e-01;7.7500000e+01;2.7242160e-01;7.7500000e+01;3.2167387e-01;7.7500000e+01;3.5610485e-01;7.7500000e+01;3.1016973e-01;7.7500000e+01;2.1562690e-01;7.7500000e+01;1.3860029e-01;7.7500000e+01;7.3502064e-02;7.7500000e+01;1.5472084e-02;7.7500000e+01;-3.8124219e-02;7.7500000e+01;-9.0247631e-02;7.7500000e+01;-1.4098424e-01;7.7500000e+01;-1.9189580e-01;7.7500000e+01;-8.0466650e-02;7.7500000e+01;-4.6809752e-02;7.7500000e+01;5.8934502e-03;7.7500000e+01;7.5287923e-02;7.7500000e+01;1.5658961e-01;7.7500000e+01;2.2324863e-01;7.7500000e+01;2.7242160e-01;7.7500000e+01;3.2167387e-01;7.7500000e+01;3.5610485e-01;7.7500000e+01;3.1016973e-01;7.7500000e+01;2.1562690e-01;7.7500000e+01;1.3860029e-01;7.7500000e+01;7.3502064e-02;7.7500000e+01;1.5472084e-02;7.7500000e+01;-3.8124219e-02;7.7500000e+01;-9.0247631e-02;7.7500000e+01;-1.4098424e-01;7.7500000e+01;-1.9189580e-01;7.7500000e+01;-8.0466650e-02;7.7500000e+01;-4.6809752e-02;7.7500000e+01;5.8934502e-03;7.7500000e+01;7.5287923e-02;7.7500000e+01;1.5658961e-01;7.7500000e+01;2.2324863e-01;7.7500000e+01;2.7242160e-01;7.7500000e+01;3.2167387e-01;7.7500000e+01;3.5610485e-01;7.7500000e+01;3.1016973e-01;7.7500000e+01;2.1562690e-01;7.7500000e+01;1.3860029e-01;7.7500000e+01;7.3502064e-02;7.7500000e+01;1.5472084e-02;7.7500000e+01;-3.8124219e-02;7.7500000e+01;-9.0247631e-02;7.7500000e+01;-1.4098424e-01;7.7500000e+01;-1.9189580e-01;7.7500000e+01;-8.0466650e-02;7.7500000e+01;-4.6809752e-02;7.7500000e+01;5.8934502e-03;7.7500000e+01;7.5287923e-02;7.7500000e+01;1.5658961e-01;7.7500000e+01;2.2324863e-01;7.7500000e+01;2.7242160e-01;7.7500000e+01;3.2167387e-01;7.7500000e+01;3.5610485e-01;7.7500000e+01;3.1016973e-01;7.7500000e+01;2.1562690e-01;7.7500000e+01;1.3860029e-01;7.7500000e+01;7.3502064e-02;7.7500000e+01;1.5472084e-02;7.7500000e+01;-3.8124219e-02;7.7500000e+01;-9.0247631e-02;7.7500000e+01;-1.4098424e-01;7.7500000e+01;-1.9189580e-01;7.7500000e+01;-8.0466650e-02;7.7500000e+01;-4.6809752e-02;7.7500000e+01;5.8934502e-03;7.7500000e+01;7.5287923e-02;7.7500000e+01;1.5658961e-01;7.7500000e+01;2.2324863e-01;7.7500000e+01;2.7242160e-01;7.7500000e+01;3.2167387e-01;7.7500000e+01;3.5610485e-01;7.7500000e+01;3.1016973e-01;7.7500000e+01;2.1562690e-01;7.7500000e+01;1.3860029e-01;7.7500000e+01;7.3502064e-02;7.7500000e+01;1.5472084e-02;7.7500000e+01;-3.8124219e-02;7.7500000e+01;-9.0247631e-02;7.7500000e+01;-1.4098424e-01;7.7500000e+01;-1.9189580e-01;7.7500000e+01;-8.0466650e-02;7.7500000e+01;-4.6809752e-02;7.7500000e+01;5.8934502e-03;7.7500000e+01;7.5287923e-02;7.7500000e+01;1.5658961e-01;7.7500000e+01;2.2324863e-01;7.7500000e+01;2.7242160e-01;7.7500000e+01;3.2167387e-01;7.7500000e+01;3.5610485e-01;7.7500000e+01;3.1016973e-01;7.7500000e+01;2.1562690e-01;7.7500000e+01;1.3860029e-01;7.7500000e+01;7.3502064e-02;7.7500000e+01;1.5472084e-02;7.7500000e+01;-3.8124219e-02;7.7500000e+01;-9.0247631e-02;7.7500000e+01;-1.4098424e-01;7.7500000e+01;-1.9189580e-01;7.7500000e+01;-8.0466650e-02;7.7500000e+01;-4.6809752e-02;7.7500000e+01;5.8934502e-03;7.7500000e+01;7.5287923e-02;7.7500000e+01;1.5658961e-01;7.7500000e+01;2.2324863e-01;7.7500000e+01;2.7242160e-01;7.7500000e+01;3.2167387e-01;7.7500000e+01;3.5610485e-01;7.7500000e+01;3.1016973e-01;7.7500000e+01;2.1562690e-01;7.7500000e+01;1.3860029e-01;7.7500000e+01;7.3502064e-02;7.7500000e+01;1.5472084e-02;7.7500000e+01;-3.8124219e-02;7.7500000e+01;-9.0247631e-02;7.7500000e+01;-1.4098424e-01;7.7500000e+01;-1.9189580e-01;7.7500000e+01;-8.0466650e-02;7.7500000e+01;-4.6809752e-02;7.7500000e+01;5.8934502e-03;7.7500000e+01;7.5287923e-02;7.7500000e+01;1.5658961e-01;7.7500000e+01;2.2324863e-01;7.7500000e+01;2.7242160e-01;7.7500000e+01;3.2167387e-01;7.7500000e+01;3.5610485e-01;7.7500000e+01;3.1016973e-01;7.7500000e+01;2.1562690e-01;7.7500000e+01;1.3860029e-01;7.7500000e+01;7.3502064e-02;7.7500000e+01;1.5472084e-02;7.7500000e+01;-3.8124219e-02;7.7500000e+01;-9.0247631e-02;7.7500000e+01;-1.4098424e-01;7.7500000e+01;-1.9189580e-01;7.7500000e+01;-8.0466650e-02;7.7500000e+01;-4.6809752e-02;7.7500000e+01;5.8934502e-03;7.7500000e+01;7.5287923e-02;7.7500000e+01;1.5658961e-01;7.7500000e+01;2.2324863e-01;7.7500000e+01;2.7242160e-01;7.7500000e+01;3.2167387e-01;7.7500000e+01;3.5610485e-01;7.7500000e+01;3.1016973e-01;7.7500000e+01;2.1562690e-01;7.7500000e+01;1.3860029e-01;7.7500000e+01;7.3502064e-02;7.7500000e+01;1.5472084e-02;7.7500000e+01;-3.8124219e-02;7.7500000e+01;-9.0247631e-02;7.7500000e+01;-1.4098424e-01;7.7500000e+01;-1.9189580e-01;7.7500000e+01;-8.0466650e-02;7.7500000e+01;-4.6809752e-02;7.7500000e+01;5.8934502e-03;7.7500000e+01;7.5287923e-02;7.7500000e+01;1.5658961e-01;7.7500000e+01;2.2324863e-01;7.7500000e+01;2.7242160e-01;7.7500000e+01;3.2167387e-01;7.7500000e+01;3.5610485e-01;7.7500000e+01;3.1016973e-01;7.7500000e+01;2.1562690e-01;7.7500000e+01;1.3860029e-01;7.7500000e+01;7.3502064e-02;7.7500000e+01;1.5472084e-02;7.7500000e+01;-3.8124219e-02;7.7500000e+01;-9.0247631e-02;7.7500000e+01;-1.4098424e-01;7.7500000e+01;-1.9189580e-01;7.7500000e+01;-8.0466650e-02;7.7500000e+01;-4.6809752e-02;7.7500000e+01;5.8934502e-03;7.7500000e+01;7.5287923e-02;7.7500000e+01;1.5658961e-01;7.7500000e+01;2.2324863e-01;7.7500000e+01;2.7242160e-01;7.7500000e+01;3.2167387e-01;7.7500000e+01;3.5610485e-01;7.7500000e+01;3.1016973e-01;7.7500000e+01;2.1562690e-01;7.7500000e+01;1.3860029e-01;7.7500000e+01;7.3502064e-02;7.7500000e+01;1.5472084e-02;7.7500000e+01;-3.8124219e-02;7.7500000e+01;-9.0247631e-02;7.7500000e+01;-1.4098424e-01;7.7500000e+01;-1.9189580e-01;7.7500000e+01;-8.0466650e-02;7.7500000e+01;-4.6809752e-02;7.7500000e+01;5.8934502e-03;7.7500000e+01;7.5287923e-02;7.7500000e+01;1.5658961e-01;7.7500000e+01;2.2324863e-01;7.7500000e+01;2.7242160e-01;7.7500000e+01;3.2167387e-01;7.7500000e+01;3.5610485e-01;7.7500000e+01;3.1016973e-01;7.7500000e+01;2.1562690e-01;7.7500000e+01;1.3860029e-01;7.7500000e+01;7.3502064e-02;7.7500000e+01;1.5472084e-02;7.7500000e+01;-3.8124219e-02;7.7500000e+01;-9.0247631e-02;7.7500000e+01;-1.4098424e-01;7.7500000e+01;-1.9189580e-01;7.7500000e+01;-8.0466650e-02;7.7500000e+01;-4.6809752e-02;7.7500000e+01;5.8934502e-03;7.7500000e+01;7.5287923e-02;7.7500000e+01;1.5658961e-01;7.7500000e+01;2.2324863e-01;7.7500000e+01;2.7242160e-01;7.7500000e+01;3.2167387e-01;7.7500000e+01;3.5610485e-01;7.7500000e+01;3.1016973e-01;7.7500000e+01;2.1562690e-01;7.7500000e+01;1.3860029e-01;7.7500000e+01;7.3502064e-02;7.7500000e+01;1.5472084e-02;7.7500000e+01;-3.8124219e-02;7.7500000e+01;-9.0247631e-02;7.7500000e+01;-1.4098424e-01;7.7500000e+01;-1.9189580e-01;7.7500000e+01;-8.0466650e-02;7.7500000e+01;-4.6809752e-02;7.7500000e+01;5.8934502e-03;7.7500000e+01;7.5287923e-02;7.7500000e+01;1.5658961e-01;7.7500000e+01;2.2324863e-01;7.7500000e+01;2.7242160e-01;7.7500000e+01;3.2167387e-01;7.7500000e+01;3.5610485e-01;7.7500000e+01;3.1016973e-01;7.7500000e+01;2.1562690e-01;7.7500000e+01;1.3860029e-01;7.7500000e+01;7.3502064e-02;7.7500000e+01;1.5472084e-02;7.7500000e+01;-3.8124219e-02;7.7500000e+01;-9.0247631e-02;7.7500000e+01;-1.4098424e-01;7.7500000e+01;-1.9189580e-01;7.7500000e+01;-8.0466650e-02;7.7500000e+01;-4.6809752e-02;7.7500000e+01;5.8934502e-03;7.7500000e+01;7.5287923e-02;7.7500000e+01;1.5658961e-01;7.7500000e+01;2.2324863e-01;7.7500000e+01;2.7242160e-01;7.7500000e+01;3.2167387e-01;7.7500000e+01;3.5610485e-01;7.7500000e+01;3.1016973e-01;7.7500000e+01;2.1562690e-01;7.7500000e+01;1.3860029e-01;7.7500000e+01;7.3502064e-02;7.7500000e+01;1.5472084e-02;7.7500000e+01;-3.8124219e-02;7.7500000e+01;-9.0247631e-02;7.7500000e+01;-1.4098424e-01;7.7500000e+01;-1.9189580e-01;7.7500000e+01;-8.0466650e-02;7.7500000e+01;-4.6809752e-02;7.7500000e+01;5.8934502e-03;7.7500000e+01;7.5287923e-02;7.7500000e+01;1.5658961e-01;7.7500000e+01;2.2324863e-01;7.7500000e+01;2.7242160e-01;7.7500000e+01;3.2167387e-01;7.7500000e+01;3.5610485e-01;7.7500000e+01;3.1016973e-01;7.7500000e+01;2.1562690e-01;7.7500000e+01;1.3860029e-01;7.7500000e+01;7.3502064e-02;7.7500000e+01;1.5472084e-02;7.7500000e+01;-3.8124219e-02;7.7500000e+01;-9.0247631e-02;7.7500000e+01;-1.4098424e-01;7.7500000e+01;-1.9189580e-01;7.7500000e+01;-8.0466650e-02;7.7500000e+01;-4.6809752e-02;7.7500000e+01;5.8934502e-03;7.7500000e+01;7.5287923e-02;7.7500000e+01;1.5658961e-01;7.7500000e+01;2.2324863e-01;7.7500000e+01;2.7242160e-01;7.7500000e+01;3.2167387e-01;7.7500000e+01;3.5610485e-01;7.7500000e+01;3.1016973e-01;7.7500000e+01;2.1562690e-01;7.7500000e+01;1.3860029e-01;7.7500000e+01;7.3502064e-02;7.7500000e+01;1.5472084e-02;7.7500000e+01;-3.8124219e-02;7.7500000e+01;-9.0247631e-02;7.7500000e+01;-1.4098424e-01;7.7500000e+01;-1.9189580e-01;7.7500000e+01;-8.0466650e-02;7.7500000e+01;-4.6809752e-02;7.7500000e+01;5.8934502e-03;7.7500000e+01;7.5287923e-02;7.7500000e+01;1.5658961e-01;7.7500000e+01;2.2324863e-01;7.7500000e+01;2.7242160e-01;7.7500000e+01;3.2167387e-01;7.7500000e+01;3.5610485e-01;7.7500000e+01;3.1016973e-01;7.7500000e+01;2.1562690e-01;7.7500000e+01;1.3860029e-01;7.7500000e+01;7.3502064e-02;7.7500000e+01;1.5472084e-02;7.7500000e+01;-3.8124219e-02;7.7500000e+01;-9.0247631e-02;7.7500000e+01;-1.4098424e-01;7.7500000e+01;-1.9189580e-01;7.7500000e+01;-8.0466650e-02;7.7500000e+01;-4.6809752e-02;7.7500000e+01;5.8934502e-03;7.7500000e+01;7.5287923e-02;7.7500000e+01;1.5658961e-01;7.7500000e+01;2.2324863e-01;7.7500000e+01;2.7242160e-01;7.7500000e+01;3.2167387e-01;7.7500000e+01;3.5610485e-01;7.7500000e+01;3.1016973e-01;7.7500000e+01;2.1562690e-01;7.7500000e+01;1.3860029e-01;7.7500000e+01;7.3502064e-02;7.7500000e+01;1.5472084e-02;7.7500000e+01;-3.8124219e-02;7.7500000e+01;-9.0247631e-02;7.7500000e+01;-1.4098424e-01;7.7500000e+01;-1.9189580e-01;7.7500000e+01;-8.0466650e-02;7.7500000e+01;-4.6809752e-02;7.7500000e+01;5.8934502e-03;7.7500000e+01;7.5287923e-02;7.7500000e+01;1.5658961e-01;7.7500000e+01;2.2324863e-01;7.7500000e+01;2.7242160e-01;7.7500000e+01;3.2167387e-01;7.7500000e+01;3.5610485e-01;7.7500000e+01;3.1016973e-01;7.7500000e+01;2.1562690e-01;7.7500000e+01;1.3860029e-01;7.7500000e+01;7.3502064e-02;7.7500000e+01;1.5472084e-02;7.7500000e+01;-3.8124219e-02;7.7500000e+01;-9.0247631e-02;7.7500000e+01;-1.4098424e-01;7.7500000e+01;-1.9189580e-01;7.7500000e+01;-8.0466650e-02;7.7500000e+01;-4.6809752e-02;7.7500000e+01;5.8934502e-03;7.7500000e+01;7.5287923e-02;7.7500000e+01;1.5658961e-01;7.7500000e+01;2.2324863e-01;7.7500000e+01;2.7242160e-01;7.7500000e+01;3.2167387e-01;7.7500000e+01;3.5610485e-01;7.7500000e+01;3.1016973e-01;7.7500000e+01;2.1562690e-01;7.7500000e+01;1.3860029e-01;7.7500000e+01;7.3502064e-02;7.7500000e+01;1.5472084e-02;7.7500000e+01;-3.8124219e-02;7.7500000e+01;-9.0247631e-02;7.7500000e+01;-1.4098424e-01;7.7500000e+01;-1.9189580e-01;7.7500000e+01;-8.0466650e-02;7.7500000e+01;-4.6809752e-02;7.7500000e+01;5.8934502e-03;7.7500000e+01;7.5287923e-02;7.7500000e+01;1.5658961e-01;7.7500000e+01;2.2324863e-01;7.7500000e+01;2.7242160e-01;7.7500000e+01;3.2167387e-01;7.7500000e+01;3.5610485e-01;7.7500000e+01;3.1016973e-01;7.7500000e+01;2.1562690e-01;7.7500000e+01;1.3860029e-01;7.7500000e+01;7.3502064e-02;7.7500000e+01;1.5472084e-02;7.7500000e+01;-3.8124219e-02;7.7500000e+01;-9.0247631e-02;7.7500000e+01;-1.4098424e-01;7.7500000e+01;-1.9189580e-01;7.7500000e+01;-8.0466650e-02;7.7500000e+01;-4.6809752e-02;7.7500000e+01;5.8934502e-03;7.7500000e+01;7.5287923e-02;7.7500000e+01;1.5658961e-01;7.7500000e+01;2.2324863e-01;7.7500000e+01;2.7242160e-01;7.7500000e+01;3.2167387e-01;7.7500000e+01;3.5610485e-01;7.7500000e+01;3.1016973e-01;7.7500000e+01;2.1562690e-01;7.7500000e+01;1.3860029e-01;7.7500000e+01;7.3502064e-02;7.7500000e+01;1.5472084e-02;7.7500000e+01;-3.8124219e-02;7.7500000e+01;-9.0247631e-02;7.7500000e+01;-1.4098424e-01;7.7500000e+01;-1.9189580e-01;7.7500000e+01;-8.0466650e-02;7.7500000e+01;-4.6809752e-02;7.7500000e+01;5.8934502e-03;7.7500000e+01;7.5287923e-02;7.7500000e+01;1.5658961e-01;7.7500000e+01;2.2324863e-01;7.7500000e+01;2.7242160e-01;7.7500000e+01;3.2167387e-01;7.7500000e+01;3.5610485e-01;7.7500000e+01;3.1016973e-01;7.7500000e+01;2.1562690e-01;7.7500000e+01;1.3860029e-01;7.7500000e+01;7.3502064e-02;7.7500000e+01;1.5472084e-02;7.7500000e+01;-3.8124219e-02;7.7500000e+01;-9.0247631e-02;7.7500000e+01;-1.4098424e-01;7.7500000e+01;-1.9189580e-01;7.7500000e+01;-8.0466650e-02;7.7500000e+01;-4.6809752e-02;7.7500000e+01;5.8934502e-03;7.7500000e+01;7.5287923e-02;7.7500000e+01;1.5658961e-01;7.7500000e+01;2.2324863e-01;7.7500000e+01;2.7242160e-01;7.7500000e+01;3.2167387e-01;7.7500000e+01;3.5610485e-01;7.7500000e+01;3.1016973e-01;7.7500000e+01;2.1562690e-01;7.7500000e+01;1.3860029e-01;7.7500000e+01;7.3502064e-02;7.7500000e+01;1.5472084e-02;7.7500000e+01;-3.8124219e-02;7.7500000e+01;-9.0247631e-02;7.7500000e+01;-1.4098424e-01;7.7500000e+01;-1.9189580e-01;7.7500000e+01;-8.0466650e-02;7.7500000e+01;-4.6809752e-02;7.7500000e+01;5.8934502e-03;7.7500000e+01;7.5287923e-02;7.7500000e+01;1.5658961e-01;7.7500000e+01;2.2324863e-01;7.7500000e+01;2.7242160e-01;7.7500000e+01;3.2167387e-01;7.7500000e+01;3.5610485e-01;7.7500000e+01;3.1016973e-01;7.7500000e+01;2.1562690e-01;7.7500000e+01;1.3860029e-01;7.7500000e+01;7.3502064e-02;7.7500000e+01;1.5472084e-02;7.7500000e+01;-3.8124219e-02;7.7500000e+01;-9.0247631e-02;7.7500000e+01;-1.4098424e-01;7.7500000e+01;-1.9189580e-01;7.7500000e+01;-8.0466650e-02;7.7500000e+01;-4.6809752e-02;7.7500000e+01;5.8934502e-03;7.7500000e+01;7.5287923e-02;7.7500000e+01;1.5658961e-01;7.7500000e+01;2.2324863e-01;7.7500000e+01;2.7242160e-01;7.7500000e+01;3.2167387e-01;7.7500000e+01;3.5610485e-01;7.7500000e+01;3.1016973e-01;7.7500000e+01;2.1562690e-01;7.7500000e+01;1.3860029e-01;7.7500000e+01;7.3502064e-02;7.7500000e+01;1.5472084e-02;7.7500000e+01;-3.8124219e-02;7.7500000e+01;-9.0247631e-02;7.7500000e+01;-1.4098424e-01;7.7500000e+01;-1.9189580e-01;7.7500000e+01;-8.0466650e-02;7.7500000e+01;-4.6809752e-02;7.7500000e+01;5.8934502e-03;7.7500000e+01;7.5287923e-02;7.7500000e+01;1.5658961e-01;7.7500000e+01;2.2324863e-01;7.7500000e+01;2.7242160e-01;7.7500000e+01;3.2167387e-01;7.7500000e+01;3.5610485e-01;7.7500000e+01;3.1016973e-01;7.7500000e+01;2.1562690e-01;7.7500000e+01;1.3860029e-01;7.7500000e+01;7.3502064e-02;7.7500000e+01;1.5472084e-02;7.7500000e+01;-3.8124219e-02;7.7500000e+01;-9.0247631e-02;7.7500000e+01;-1.4098424e-01;7.7500000e+01;-1.9189580e-01;7.7500000e+01;-8.0466650e-02;7.7500000e+01;-4.6809752e-02;7.7500000e+01;5.8934502e-03;7.7500000e+01;7.5287923e-02;7.7500000e+01;1.5658961e-01;7.7500000e+01;2.2324863e-01;7.7500000e+01;2.7242160e-01;7.7500000e+01;3.2167387e-01;7.7500000e+01;3.5610485e-01;7.7500000e+01;3.1016973e-01;7.7500000e+01;2.1562690e-01;7.7500000e+01;1.3860029e-01;7.7500000e+01;7.3502064e-02;7.7500000e+01;1.5472084e-02;7.7500000e+01;-3.8124219e-02;7.7500000e+01;-9.0247631e-02;7.7500000e+01;-1.4098424e-01;7.7500000e+01;-1.9189580e-01;7.7500000e+01;-8.0466650e-02;7.7500000e+01;-4.6809752e-02;7.7500000e+01;5.8934502e-03;7.7500000e+01;7.5287923e-02;7.7500000e+01;1.5658961e-01;7.7500000e+01;2.2324863e-01;7.7500000e+01;2.7242160e-01;7.7500000e+01;3.2167387e-01;7.7500000e+01;3.5610485e-01;7.7500000e+01;3.1016973e-01;7.7500000e+01;2.1562690e-01;7.7500000e+01;1.3860029e-01;7.7500000e+01;7.3502064e-02;7.7500000e+01;1.5472084e-02;7.7500000e+01;-3.8124219e-02;7.7500000e+01;-9.0247631e-02;7.7500000e+01;-1.4098424e-01;7.7500000e+01;-1.9189580e-01;7.7500000e+01;-8.0466650e-02;7.7500000e+01;-4.6809752e-02;7.7500000e+01;5.8934502e-03;7.7500000e+01;7.5287923e-02;7.7500000e+01;1.5658961e-01;7.7500000e+01;2.2324863e-01;7.7500000e+01;2.7242160e-01;7.7500000e+01;3.2167387e-01;7.7500000e+01;3.5610485e-01;7.7500000e+01;3.1016973e-01;7.7500000e+01;2.1562690e-01;7.7500000e+01;1.3860029e-01;7.7500000e+01;7.3502064e-02;7.7500000e+01;1.5472084e-02;7.7500000e+01;-3.8124219e-02;7.7500000e+01;-9.0247631e-02;7.7500000e+01;-1.4098424e-01;7.7500000e+01;-1.9189580e-01;7.7500000e+01;-8.0466650e-02;7.7500000e+01;-4.6809752e-02;7.7500000e+01;5.8934502e-03;7.7500000e+01;7.5287923e-02;7.7500000e+01;1.5658961e-01;7.7500000e+01;2.2324863e-01;7.7500000e+01;2.7242160e-01;7.7500000e+01;3.2167387e-01;7.7500000e+01;3.5610485e-01;7.7500000e+01;3.1016973e-01;7.7500000e+01;2.1562690e-01;7.7500000e+01;1.3860029e-01;7.7500000e+01;7.3502064e-02;7.7500000e+01;1.5472084e-02;7.7500000e+01;-3.8124219e-02;7.7500000e+01;-9.0247631e-02;7.7500000e+01;-1.4098424e-01;7.7500000e+01;-1.9189580e-01;7.7500000e+01;-8.0466650e-02;7.7500000e+01;-4.6809752e-02;7.7500000e+01;5.8934502e-03;7.7500000e+01;7.5287923e-02;7.7500000e+01;1.5658961e-01;7.7500000e+01;2.2324863e-01;7.7500000e+01;2.7242160e-01;7.7500000e+01;3.2167387e-01;7.7500000e+01;3.5610485e-01;7.7500000e+01;3.1016973e-01;7.7500000e+01;2.1562690e-01;7.7500000e+01;1.3860029e-01;7.7500000e+01;7.3502064e-02;7.7500000e+01;1.5472084e-02;7.7500000e+01;-3.8124219e-02;7.7500000e+01;-9.0247631e-02;7.7500000e+01;-1.4098424e-01;7.7500000e+01;-1.9189580e-01;7.7500000e+01;-8.0466650e-02;7.7500000e+01;-4.6809752e-02;7.7500000e+01;5.8934502e-03;7.7500000e+01;7.5287923e-02;7.7500000e+01;1.5658961e-01;7.7500000e+01;2.2324863e-01;7.7500000e+01;2.7242160e-01;7.7500000e+01;3.2167387e-01;7.7500000e+01;3.5610485e-01;7.7500000e+01;3.1016973e-01;7.7500000e+01;2.1562690e-01;7.7500000e+01;1.3860029e-01;7.7500000e+01;7.3502064e-02;7.7500000e+01;1.5472084e-02;7.7500000e+01;-3.8124219e-02;7.7500000e+01;-9.0247631e-02;7.7500000e+01;-1.4098424e-01;7.7500000e+01;-1.9189580e-01;7.7500000e+01;-8.0466650e-02;7.7500000e+01;-4.6809752e-02;7.7500000e+01;5.8934502e-03;7.7500000e+01;7.5287923e-02;7.7500000e+01;1.5658961e-01;7.7500000e+01;2.2324863e-01;7.7500000e+01;2.7242160e-01;7.7500000e+01;3.2167387e-01;7.7500000e+01;3.5610485e-01;7.7500000e+01;3.1016973e-01;7.7500000e+01;2.1562690e-01;7.7500000e+01;1.3860029e-01;7.7500000e+01;7.3502064e-02;7.7500000e+01;1.5472084e-02;7.7500000e+01;-3.8124219e-02;7.7500000e+01;-9.0247631e-02;7.7500000e+01;-1.4098424e-01;7.7500000e+01;-1.9189580e-01;7.7500000e+01;-8.0466650e-02;7.7500000e+01;-4.6809752e-02;7.7500000e+01;5.8934502e-03;7.7500000e+01;7.5287923e-02;7.7500000e+01;1.5658961e-01;7.7500000e+01;2.2324863e-01;7.7500000e+01;2.7242160e-01;7.7500000e+01;3.2167387e-01;7.7500000e+01;3.5610485e-01;7.7500000e+01;3.1016973e-01;7.7500000e+01;2.1562690e-01;7.7500000e+01;1.3860029e-01;7.7500000e+01;7.3502064e-02;7.7500000e+01;1.5472084e-02;7.7500000e+01;-3.8124219e-02;7.7500000e+01;-9.0247631e-02;7.7500000e+01;-1.4098424e-01;7.7500000e+01;-1.9189580e-01;7.7500000e+01;-8.0466650e-02;7.7500000e+01;-4.6809752e-02;7.7500000e+01;5.8934502e-03;7.7500000e+01;7.5287923e-02;7.7500000e+01;1.5658961e-01;7.7500000e+01;2.2324863e-01;7.7500000e+01;2.7242160e-01;7.7500000e+01;3.2167387e-01;7.7500000e+01;3.5610485e-01;7.7500000e+01;3.1016973e-01;7.7500000e+01;2.1562690e-01;7.7500000e+01;1.3860029e-01;7.7500000e+01;7.3502064e-02;7.7500000e+01;1.5472084e-02;7.7500000e+01;-3.8124219e-02;7.7500000e+01;-9.0247631e-02;7.7500000e+01;-1.4098424e-01;7.7500000e+01;-1.9189580e-01;7.7500000e+01;-8.0466650e-02;7.7500000e+01;-4.6809752e-02;7.7500000e+01;5.8934502e-03;7.7500000e+01;7.5287923e-02;7.7500000e+01;1.5658961e-01;7.7500000e+01;2.2324863e-01;7.7500000e+01;2.7242160e-01;7.7500000e+01;3.2167387e-01;7.7500000e+01;3.5610485e-01;7.7500000e+01;3.1016973e-01;7.7500000e+01;2.1562690e-01;7.7500000e+01;1.3860029e-01;7.7500000e+01;7.3502064e-02;7.7500000e+01;1.5472084e-02;7.7500000e+01;-3.8124219e-02;7.7500000e+01;-9.0247631e-02;7.7500000e+01;-1.4098424e-01;7.7500000e+01;-1.9189580e-01;7.7500000e+01;-8.0466650e-02;7.7500000e+01;-4.6809752e-02;7.7500000e+01;5.8934502e-03;7.7500000e+01;7.5287923e-02;7.7500000e+01;1.5658961e-01;7.7500000e+01;2.2324863e-01;7.7500000e+01;2.7242160e-01;7.7500000e+01;3.2167387e-01;7.7500000e+01;3.5610485e-01;7.7500000e+01;3.1016973e-01;7.7500000e+01;2.1562690e-01;7.7500000e+01;1.3860029e-01;7.7500000e+01;7.3502064e-02;7.7500000e+01;1.5472084e-02;7.7500000e+01;-3.8124219e-02;7.7500000e+01;-9.0247631e-02;7.7500000e+01;-1.4098424e-01;7.7500000e+01;-1.9189580e-01;7.7500000e+01;-8.0466650e-02;7.7500000e+01;-4.6809752e-02;7.7500000e+01;5.8934502e-03;7.7500000e+01;7.5287923e-02;7.7500000e+01;1.5658961e-01;7.7500000e+01;2.2324863e-01;7.7500000e+01;2.7242160e-01;7.7500000e+01;3.2167387e-01;7.7500000e+01;3.5610485e-01;7.7500000e+01;3.1016973e-01;7.7500000e+01;2.1562690e-01;7.7500000e+01;1.3860029e-01;7.7500000e+01;7.3502064e-02;7.7500000e+01;1.5472084e-02;7.7500000e+01;-3.8124219e-02;7.7500000e+01;-9.0247631e-02;7.7500000e+01;-1.4098424e-01;7.7500000e+01;-1.9189580e-01;7.7500000e+01;-8.0466650e-02;7.7500000e+01;-4.6809752e-02;7.7500000e+01;5.8934502e-03;7.7500000e+01;7.5287923e-02;7.7500000e+01;1.5658961e-01;7.7500000e+01;2.2324863e-01;7.7500000e+01;2.7242160e-01;7.7500000e+01;3.2167387e-01;7.7500000e+01;3.5610485e-01;7.7500000e+01;3.1016973e-01;7.7500000e+01;2.1562690e-01;7.7500000e+01;1.3860029e-01;7.7500000e+01;7.3502064e-02;7.7500000e+01;1.5472084e-02;7.7500000e+01;-3.8124219e-02;7.7500000e+01;-9.0247631e-02;7.7500000e+01;-1.4098424e-01;7.7500000e+01;-1.9189580e-01;7.7500000e+01;-8.0466650e-02;7.7500000e+01;-4.6809752e-02;7.7500000e+01;5.8934502e-03;7.7500000e+01;7.5287923e-02;7.7500000e+01;1.5658961e-01;7.7500000e+01;2.2324863e-01;7.7500000e+01;2.7242160e-01;7.7500000e+01;3.2167387e-01;7.7500000e+01;3.5610485e-01;7.7500000e+01;3.1016973e-01;7.7500000e+01;2.1562690e-01;7.7500000e+01;1.3860029e-01;7.7500000e+01;7.3502064e-02;7.7500000e+01;1.5472084e-02;7.7500000e+01;-3.8124219e-02;7.7500000e+01;-9.0247631e-02;7.7500000e+01;-1.4098424e-01;7.7500000e+01;-1.9189580e-01;7.7500000e+01;-8.0466650e-02;7.7500000e+01;-4.6809752e-02;7.7500000e+01;5.8934502e-03;7.7500000e+01;7.5287923e-02;7.7500000e+01;1.5658961e-01;7.7500000e+01;2.2324863e-01;7.7500000e+01;2.7242160e-01;7.7500000e+01;3.2167387e-01;7.7500000e+01;3.5610485e-01;7.7500000e+01;3.1016973e-01;7.7500000e+01;2.1562690e-01;7.7500000e+01;1.3860029e-01;7.7500000e+01;7.3502064e-02;7.7500000e+01;1.5472084e-02;7.7500000e+01;-3.8124219e-02;7.7500000e+01;-9.0247631e-02;7.7500000e+01;-1.4098424e-01;7.7500000e+01;-1.9189580e-01;7.7500000e+01;-8.0466650e-02;7.7500000e+01;-4.6809752e-02;7.7500000e+01;5.8934502e-03;7.7500000e+01;7.5287923e-02;7.7500000e+01;1.5658961e-01;7.7500000e+01;2.2324863e-01;7.7500000e+01;2.7242160e-01;7.7500000e+01;3.2167387e-01;7.7500000e+01;3.5610485e-01;7.7500000e+01;3.1016973e-01;7.7500000e+01;2.1562690e-01;7.7500000e+01;1.3860029e-01;7.7500000e+01;7.3502064e-02;7.7500000e+01;1.5472084e-02;7.7500000e+01;-3.8124219e-02;7.7500000e+01;-9.0247631e-02;7.7500000e+01;-1.4098424e-01;7.7500000e+01;-1.9189580e-01;7.7500000e+01;-8.0466650e-02;7.7500000e+01;-4.6809752e-02;7.7500000e+01;5.8934502e-03;7.7500000e+01;7.5287923e-02;7.7500000e+01;1.5658961e-01;7.7500000e+01;2.2324863e-01;7.7500000e+01;2.7242160e-01;7.7500000e+01;3.2167387e-01;7.7500000e+01;3.5610485e-01;7.7500000e+01;3.1016973e-01;7.7500000e+01;2.1562690e-01;7.7500000e+01;1.3860029e-01;7.7500000e+01;7.3502064e-02;7.7500000e+01;1.5472084e-02;7.7500000e+01;-3.8124219e-02;7.7500000e+01;-9.0247631e-02;7.7500000e+01;-1.4098424e-01;7.7500000e+01;-1.9189580e-01;7.7500000e+01;-8.0466650e-02;7.7500000e+01;-4.6809752e-02;7.7500000e+01;5.8934502e-03;7.7500000e+01;7.5287923e-02;7.7500000e+01;1.5658961e-01;7.7500000e+01;2.2324863e-01;7.7500000e+01;2.7242160e-01;7.7500000e+01;3.2167387e-01;7.7500000e+01;3.5610485e-01;7.7500000e+01;3.1016973e-01;7.7500000e+01;2.1562690e-01;7.7500000e+01;1.3860029e-01;7.7500000e+01;7.3502064e-02;7.7500000e+01;1.5472084e-02;7.7500000e+01;-3.8124219e-02;7.7500000e+01;-9.0247631e-02;7.7500000e+01;-1.4098424e-01;7.7500000e+01;-1.9189580e-01;7.7500000e+01;-8.0466650e-02;7.7500000e+01;-4.6809752e-02;7.7500000e+01;5.8934502e-03;7.7500000e+01;7.5287923e-02;7.7500000e+01;1.5658961e-01;7.7500000e+01;2.2324863e-01;7.7500000e+01;2.7242160e-01;7.7500000e+01;3.2167387e-01;7.7500000e+01;3.5610485e-01;7.7500000e+01;3.1016973e-01;7.7500000e+01;2.1562690e-01;7.7500000e+01;1.3860029e-01;7.7500000e+01;7.3502064e-02;7.7500000e+01;1.5472084e-02;7.7500000e+01;-3.8124219e-02;7.7500000e+01;-9.0247631e-02;7.7500000e+01;-1.4098424e-01;7.7500000e+01;-1.9189580e-01;7.7500000e+01;-8.0466650e-02;7.7500000e+01;-4.6809752e-02;7.7500000e+01;5.8934502e-03;7.7500000e+01;7.5287923e-02;7.7500000e+01;1.5658961e-01;7.7500000e+01;2.2324863e-01;7.7500000e+01;2.7242160e-01;7.7500000e+01;3.2167387e-01;7.7500000e+01;3.5610485e-01;7.7500000e+01;3.1016973e-01;7.7500000e+01;2.1562690e-01;7.7500000e+01;1.3860029e-01;7.7500000e+01;7.3502064e-02;7.7500000e+01;1.5472084e-02;7.7500000e+01;-3.8124219e-02;7.7500000e+01;-9.0247631e-02;7.7500000e+01;-1.4098424e-01;7.7500000e+01;-1.9189580e-01;7.7500000e+01;-8.0466650e-02;7.7500000e+01;-4.6809752e-02;7.7500000e+01;5.8934502e-03;7.7500000e+01;7.5287923e-02;7.7500000e+01;1.5658961e-01;7.7500000e+01;2.2324863e-01;7.7500000e+01;2.7242160e-01;7.7500000e+01;3.2167387e-01;7.7500000e+01;3.5610485e-01;7.7500000e+01;3.1016973e-01;7.7500000e+01;2.1562690e-01;7.7500000e+01;1.3860029e-01;7.7500000e+01;7.3502064e-02;7.7500000e+01;1.5472084e-02;7.7500000e+01;-3.8124219e-02;7.7500000e+01;-9.0247631e-02;7.7500000e+01;-1.4098424e-01;7.7500000e+01;-1.9189580e-01;7.7500000e+01;-8.0466650e-02;7.7500000e+01;-4.6809752e-02;7.7500000e+01;5.8934502e-03;7.7500000e+01;7.5287923e-02;7.7500000e+01;1.5658961e-01;7.7500000e+01;2.2324863e-01;7.7500000e+01;2.7242160e-01;7.7500000e+01;3.2167387e-01;7.7500000e+01;3.5610485e-01;7.7500000e+01;3.1016973e-01;7.7500000e+01;2.1562690e-01;7.7500000e+01;1.3860029e-01;7.7500000e+01;7.3502064e-02;7.7500000e+01;1.5472084e-02;7.7500000e+01;-3.8124219e-02;7.7500000e+01;-9.0247631e-02;7.7500000e+01;-1.4098424e-01;7.7500000e+01;-1.9189580e-01;7.7500000e+01;-8.0466650e-02;7.7500000e+01;-4.6809752e-02;7.7500000e+01;5.8934502e-03;7.7500000e+01;7.5287923e-02;7.7500000e+01;1.5658961e-01;7.7500000e+01;2.2324863e-01;7.7500000e+01;2.7242160e-01;7.7500000e+01;3.2167387e-01;7.7500000e+01;3.5610485e-01;7.7500000e+01;3.1016973e-01;7.7500000e+01;2.1562690e-01;7.7500000e+01;1.3860029e-01;7.7500000e+01;7.3502064e-02;7.7500000e+01;1.5472084e-02;7.7500000e+01;-3.8124219e-02;7.7500000e+01;-9.0247631e-02;7.7500000e+01;-1.4098424e-01;7.7500000e+01;-1.9189580e-01;7.7500000e+01;-8.0466650e-02;7.7500000e+01;-4.6809752e-02;7.7500000e+01;5.8934502e-03;7.7500000e+01;7.5287923e-02;7.7500000e+01;1.5658961e-01;7.7500000e+01;2.2324863e-01;7.7500000e+01;2.7242160e-01;7.7500000e+01;3.2167387e-01;7.7500000e+01;3.5610485e-01;7.7500000e+01;3.1016973e-01;7.7500000e+01;2.1562690e-01;7.7500000e+01;1.3860029e-01;7.7500000e+01;7.3502064e-02;7.7500000e+01;1.5472084e-02;7.7500000e+01;-3.8124219e-02;7.7500000e+01;-9.0247631e-02;7.7500000e+01;-1.4098424e-01;7.7500000e+01;-1.9189580e-01;7.7500000e+01;-8.0466650e-02;7.7500000e+01;-4.6809752e-02;7.7500000e+01;5.8934502e-03;7.7500000e+01;7.5287923e-02;7.7500000e+01;1.5658961e-01;7.7500000e+01;2.2324863e-01;7.7500000e+01;2.7242160e-01;7.7500000e+01;3.2167387e-01;7.7500000e+01;3.5610485e-01;7.7500000e+01;3.1016973e-01;7.7500000e+01;2.1562690e-01;7.7500000e+01;1.3860029e-01;7.7500000e+01;7.3502064e-02;7.7500000e+01;1.5472084e-02;7.7500000e+01;-3.8124219e-02;7.7500000e+01;-9.0247631e-02;7.7500000e+01;-1.4098424e-01;7.7500000e+01;-1.9189580e-01;7.7500000e+01;-8.0466650e-02;7.7500000e+01;-4.6809752e-02;7.7500000e+01;5.8934502e-03;7.7500000e+01;7.5287923e-02;7.7500000e+01;1.5658961e-01;7.7500000e+01;2.2324863e-01;7.7500000e+01;2.7242160e-01;7.7500000e+01;3.2167387e-01;7.7500000e+01;3.5610485e-01;7.7500000e+01;3.1016973e-01;7.7500000e+01;2.1562690e-01;7.7500000e+01;1.3860029e-01;7.7500000e+01;7.3502064e-02;7.7500000e+01;1.5472084e-02;7.7500000e+01;-3.8124219e-02;7.7500000e+01;-9.0247631e-02;7.7500000e+01;-1.4098424e-01;7.7500000e+01;-1.9189580e-01;7.7500000e+01;-8.0466650e-02;7.7500000e+01;-4.6809752e-02;7.7500000e+01;5.8934502e-03;7.7500000e+01;7.5287923e-02;7.7500000e+01;1.5658961e-01;7.7500000e+01;2.2324863e-01;7.7500000e+01;2.7242160e-01;7.7500000e+01;3.2167387e-01;7.7500000e+01;3.5610485e-01;7.7500000e+01;3.1016973e-01;7.7500000e+01;2.1562690e-01;7.7500000e+01;1.3860029e-01;7.7500000e+01;7.3502064e-02;7.7500000e+01;1.5472084e-02;7.7500000e+01;-3.8124219e-02;7.7500000e+01;-9.0247631e-02;7.7500000e+01;-1.4098424e-01;7.7500000e+01;-1.9189580e-01;7.7500000e+01;-8.0466650e-02;7.7500000e+01;-4.6809752e-02;7.7500000e+01;5.8934502e-03;7.7500000e+01;7.5287923e-02;7.7500000e+01;1.5658961e-01;7.7500000e+01;2.2324863e-01;7.7500000e+01;2.7242160e-01;7.7500000e+01;3.2167387e-01;7.7500000e+01;3.5610485e-01;7.7500000e+01;3.1016973e-01;7.7500000e+01;2.1562690e-01;7.7500000e+01;1.3860029e-01;7.7500000e+01;7.3502064e-02;7.7500000e+01;1.5472084e-02;7.7500000e+01;-3.8124219e-02;7.7500000e+01;-9.0247631e-02;7.7500000e+01;-1.4098424e-01;7.7500000e+01;-1.9189580e-01;7.7500000e+01;-8.0466650e-02;7.7500000e+01;-4.6809752e-02;7.7500000e+01;5.8934502e-03;7.7500000e+01;7.5287923e-02;7.7500000e+01;1.5658961e-01;7.7500000e+01;2.2324863e-01;7.7500000e+01;2.7242160e-01;7.7500000e+01;3.2167387e-01;7.7500000e+01;3.5610485e-01;7.7500000e+01;3.1016973e-01;7.7500000e+01;2.1562690e-01;7.7500000e+01;1.3860029e-01;7.7500000e+01;7.3502064e-02;7.7500000e+01;1.5472084e-02;7.7500000e+01;-3.8124219e-02;7.7500000e+01;-9.0247631e-02;7.7500000e+01;-1.4098424e-01;7.7500000e+01;-1.9189580e-01;7.7500000e+01;-8.0466650e-02;7.7500000e+01;-4.6809752e-02;7.7500000e+01;5.8934502e-03;7.7500000e+01;7.5287923e-02;7.7500000e+01;1.5658961e-01;7.7500000e+01;2.2324863e-01;7.7500000e+01;2.7242160e-01;7.7500000e+01;3.2167387e-01;7.7500000e+01;3.5610485e-01;7.7500000e+01;3.1016973e-01;7.7500000e+01;2.1562690e-01;7.7500000e+01;1.3860029e-01;7.7500000e+01;7.3502064e-02;7.7500000e+01;1.5472084e-02;7.7500000e+01;-3.8124219e-02;7.7500000e+01;-9.0247631e-02;7.7500000e+01;-1.4098424e-01;7.7500000e+01;-1.9189580e-01;7.7500000e+01;-8.0466650e-02;7.7500000e+01;-4.6809752e-02;7.7500000e+01;5.8934502e-03;7.7500000e+01;7.5287923e-02;7.7500000e+01;1.5658961e-01;7.7500000e+01;2.2324863e-01;7.7500000e+01;2.7242160e-01;7.7500000e+01;3.2167387e-01;7.7500000e+01;3.5610485e-01;7.7500000e+01;3.1016973e-01;7.7500000e+01;2.1562690e-01;7.7500000e+01;1.3860029e-01;7.7500000e+01;7.3502064e-02;7.7500000e+01;1.5472084e-02;7.7500000e+01;-3.8124219e-02;7.7500000e+01;-9.0247631e-02;7.7500000e+01;-1.4098424e-01;7.7500000e+01;-1.9189580e-01;7.7500000e+01;-8.0466650e-02;7.7500000e+01;-4.6809752e-02;7.7500000e+01;5.8934502e-03;7.7500000e+01;7.5287923e-02;7.7500000e+01;1.5658961e-01;7.7500000e+01;2.2324863e-01;7.7500000e+01;2.7242160e-01;7.7500000e+01;3.2167387e-01;7.7500000e+01;3.5610485e-01;7.7500000e+01;3.1016973e-01;7.7500000e+01;2.1562690e-01;7.7500000e+01;1.3860029e-01;7.7500000e+01;7.3502064e-02;7.7500000e+01;1.5472084e-02;7.7500000e+01;-3.8124219e-02;7.7500000e+01;-9.0247631e-02;7.7500000e+01;-1.4098424e-01;7.7500000e+01;-1.9189580e-01;7.7500000e+01;-8.0466650e-02;7.7500000e+01;-4.6809752e-02;7.7500000e+01;5.8934502e-03;7.7500000e+01;7.5287923e-02;7.7500000e+01;1.5658961e-01;7.7500000e+01;2.2324863e-01;7.7500000e+01;2.7242160e-01;7.7500000e+01;3.2167387e-01;7.7500000e+01;3.5610485e-01;7.7500000e+01;3.1016973e-01;7.7500000e+01;2.1562690e-01;7.7500000e+01;1.3860029e-01;7.7500000e+01;7.3502064e-02;7.7500000e+01;1.5472084e-02;7.7500000e+01;-3.8124219e-02;7.7500000e+01;-9.0247631e-02;7.7500000e+01;-1.4098424e-01;7.7500000e+01;-1.9189580e-01;7.7500000e+01;-8.0466650e-02;7.7500000e+01;-4.6809752e-02;7.7500000e+01;5.8934502e-03;7.7500000e+01;7.5287923e-02;7.7500000e+01;1.5658961e-01;7.7500000e+01;2.2324863e-01;7.7500000e+01;2.7242160e-01;7.7500000e+01;3.2167387e-01;7.7500000e+01;3.5610485e-01;7.7500000e+01;3.1016973e-01;7.7500000e+01;2.1562690e-01;7.7500000e+01;1.3860029e-01;7.7500000e+01;7.3502064e-02;7.7500000e+01;1.5472084e-02;7.7500000e+01;-3.8124219e-02;7.7500000e+01;-9.0247631e-02;7.7500000e+01;-1.4098424e-01;7.7500000e+01;-1.9189580e-01;7.7500000e+01;-8.0466650e-02;7.7500000e+01;-4.6809752e-02;7.7500000e+01;5.8934502e-03;7.7500000e+01;7.5287923e-02;7.7500000e+01;1.5658961e-01;7.7500000e+01;2.2324863e-01;7.7500000e+01;2.7242160e-01;7.7500000e+01;3.2167387e-01;7.7500000e+01;3.5610485e-01;7.7500000e+01;3.1016973e-01;7.7500000e+01;2.1562690e-01;7.7500000e+01;1.3860029e-01;7.7500000e+01;7.3502064e-02;7.7500000e+01;1.5472084e-02;7.7500000e+01;-3.8124219e-02;7.7500000e+01;-9.0247631e-02;7.7500000e+01;-1.4098424e-01;7.7500000e+01;-1.9189580e-01;7.7500000e+01;-8.0466650e-02;7.7500000e+01;-4.6809752e-02;7.7500000e+01;5.8934502e-03;7.7500000e+01;7.5287923e-02;7.7500000e+01;1.5658961e-01;7.7500000e+01;2.2324863e-01;7.7500000e+01;2.7242160e-01;7.7500000e+01;3.2167387e-01;7.7500000e+01;3.5610485e-01;7.7500000e+01;3.1016973e-01;7.7500000e+01;2.1562690e-01;7.7500000e+01;1.3860029e-01;7.7500000e+01;7.3502064e-02;7.7500000e+01;1.5472084e-02;7.7500000e+01;-3.8124219e-02;7.7500000e+01;-9.0247631e-02;7.7500000e+01;-1.4098424e-01;7.7500000e+01;-1.9189580e-01;7.7500000e+01;-8.0466650e-02;7.7500000e+01;-4.6809752e-02;7.7500000e+01;5.8934502e-03;7.7500000e+01;7.5287923e-02;7.7500000e+01;1.5658961e-01;7.7500000e+01;2.2324863e-01;7.7500000e+01;2.7242160e-01;7.7500000e+01;3.2167387e-01;7.7500000e+01;3.5610485e-01;7.7500000e+01;3.1016973e-01;7.7500000e+01;2.1562690e-01;7.7500000e+01;1.3860029e-01;7.7500000e+01;7.3502064e-02;7.7500000e+01;1.5472084e-02;7.7500000e+01;-3.8124219e-02;7.7500000e+01;-9.0247631e-02;7.7500000e+01;-1.4098424e-01;7.7500000e+01;-1.9189580e-01;7.7500000e+01;-8.0466650e-02;7.7500000e+01;-4.6809752e-02;7.7500000e+01;5.8934502e-03;7.7500000e+01;7.5287923e-02;7.7500000e+01;1.5658961e-01;7.7500000e+01;2.2324863e-01;7.7500000e+01;2.7242160e-01;7.7500000e+01;3.2167387e-01;7.7500000e+01;3.5610485e-01;7.7500000e+01;3.1016973e-01;7.7500000e+01;2.1562690e-01;7.7500000e+01;1.3860029e-01;7.7500000e+01;7.3502064e-02;7.7500000e+01;1.5472084e-02;7.7500000e+01;-3.8124219e-02;7.7500000e+01;-9.0247631e-02;7.7500000e+01;-1.4098424e-01;7.7500000e+01;-1.9189580e-01;7.7500000e+01;-8.0466650e-02;7.7500000e+01;-4.6809752e-02;7.7500000e+01;5.8934502e-03;7.7500000e+01;7.5287923e-02;7.7500000e+01;1.5658961e-01;7.7500000e+01;2.2324863e-01;7.7500000e+01;2.7242160e-01;7.7500000e+01;3.2167387e-01;7.7500000e+01;3.5610485e-01;7.7500000e+01;3.1016973e-01;7.7500000e+01;2.1562690e-01;7.7500000e+01;1.3860029e-01;7.7500000e+01;7.3502064e-02;7.7500000e+01;1.5472084e-02;7.7500000e+01;-3.8124219e-02;7.7500000e+01;-9.0247631e-02;7.7500000e+01;-1.4098424e-01;7.7500000e+01;-1.9189580e-01;7.7500000e+01;-8.0466650e-02;7.7500000e+01;-4.6809752e-02;7.7500000e+01;5.8934502e-03;7.7500000e+01;7.5287923e-02;7.7500000e+01;1.5658961e-01;7.7500000e+01;2.2324863e-01;7.7500000e+01;2.7242160e-01;7.7500000e+01;3.2167387e-01;7.7500000e+01;3.5610485e-01;7.7500000e+01;3.1016973e-01;7.7500000e+01;2.1562690e-01;7.7500000e+01;1.3860029e-01;7.7500000e+01;7.3502064e-02;7.7500000e+01;1.5472084e-02;7.7500000e+01;-3.8124219e-02;7.7500000e+01;-9.0247631e-02;7.7500000e+01;-1.4098424e-01;7.7500000e+01;-1.9189580e-01;7.7500000e+01;-8.0466650e-02;7.7500000e+01;-4.6809752e-02;7.7500000e+01;5.8934502e-03;7.7500000e+01;7.5287923e-02;7.7500000e+01;1.5658961e-01;7.7500000e+01;2.2324863e-01;7.7500000e+01;2.7242160e-01;7.7500000e+01;3.2167387e-01;7.7500000e+01;3.5610485e-01;7.7500000e+01;3.1016973e-01;7.7500000e+01;2.1562690e-01;7.7500000e+01;1.3860029e-01;7.7500000e+01;7.3502064e-02;7.7500000e+01;1.5472084e-02;7.7500000e+01;-3.8124219e-02;7.7500000e+01;-9.0247631e-02;7.7500000e+01;-1.4098424e-01;7.7500000e+01;-1.9189580e-01;7.7500000e+01;-8.0466650e-02;7.7500000e+01;-4.6809752e-02;7.7500000e+01;5.8934502e-03;7.7500000e+01;7.5287923e-02;7.7500000e+01;1.5658961e-01;7.7500000e+01;2.2324863e-01;7.7500000e+01;2.7242160e-01;7.7500000e+01;3.2167387e-01;7.7500000e+01;3.5610485e-01;7.7500000e+01;3.1016973e-01;7.7500000e+01;2.1562690e-01;7.7500000e+01;1.3860029e-01;7.7500000e+01;7.3502064e-02;7.7500000e+01;1.5472084e-02;7.7500000e+01;-3.8124219e-02;7.7500000e+01;-9.0247631e-02;7.7500000e+01;-1.4098424e-01;7.7500000e+01;-1.9189580e-01;7.7500000e+01;-8.0466650e-02;7.7500000e+01;-4.6809752e-02;7.7500000e+01;5.8934502e-03;7.7500000e+01;7.5287923e-02;7.7500000e+01;1.5658961e-01;7.7500000e+01;2.2324863e-01;7.7500000e+01;2.7242160e-01;7.7500000e+01;3.2167387e-01;7.7500000e+01;3.5610485e-01;7.7500000e+01;3.1016973e-01;7.7500000e+01;2.1562690e-01;7.7500000e+01;1.3860029e-01;7.7500000e+01;7.3502064e-02;7.7500000e+01;1.5472084e-02;7.7500000e+01;-3.8124219e-02;7.7500000e+01;-9.0247631e-02;7.7500000e+01;-1.4098424e-01;7.7500000e+01;-1.9189580e-01;7.7500000e+01;-8.0466650e-02;7.7500000e+01;-4.6809752e-02;7.7500000e+01;5.8934502e-03;7.7500000e+01;7.5287923e-02;7.7500000e+01;1.5658961e-01;7.7500000e+01;2.2324863e-01;7.7500000e+01;2.7242160e-01;7.7500000e+01;3.2167387e-01;7.7500000e+01;3.5610485e-01;7.7500000e+01;3.1016973e-01;7.7500000e+01;2.1562690e-01;7.7500000e+01;1.3860029e-01;7.7500000e+01;7.3502064e-02;7.7500000e+01;1.5472084e-02;7.7500000e+01;-3.8124219e-02;7.7500000e+01;-9.0247631e-02;7.7500000e+01;-1.4098424e-01;7.7500000e+01;-1.9189580e-01;7.7500000e+01;-8.0466650e-02;7.7500000e+01;-4.6809752e-02;7.7500000e+01;5.8934502e-03;7.7500000e+01;7.5287923e-02;7.7500000e+01;1.5658961e-01;7.7500000e+01;2.2324863e-01;7.7500000e+01;2.7242160e-01;7.7500000e+01;3.2167387e-01;7.7500000e+01;3.5610485e-01;7.7500000e+01;3.1016973e-01;7.7500000e+01;2.1562690e-01;7.7500000e+01;1.3860029e-01;7.7500000e+01;7.3502064e-02;7.7500000e+01;1.5472084e-02;7.7500000e+01;-3.8124219e-02;7.7500000e+01;-9.0247631e-02;7.7500000e+01;-1.4098424e-01;7.7500000e+01;-1.9189580e-01;7.7500000e+01;-8.0466650e-02;7.7500000e+01;-4.6809752e-02;7.7500000e+01;5.8934502e-03;7.7500000e+01;7.5287923e-02;7.7500000e+01;1.5658961e-01;7.7500000e+01;2.2324863e-01;7.7500000e+01;2.7242160e-01;7.7500000e+01;3.2167387e-01;7.7500000e+01;3.5610485e-01;7.7500000e+01;3.1016973e-01;7.7500000e+01;2.1562690e-01;7.7500000e+01;1.3860029e-01;7.7500000e+01;7.3502064e-02;7.7500000e+01;1.5472084e-02;7.7500000e+01;-3.8124219e-02;7.7500000e+01;-9.0247631e-02;7.7500000e+01;-1.4098424e-01;7.7500000e+01;-1.9189580e-01;7.7500000e+01;-8.0466650e-02;7.7500000e+01;-4.6809752e-02;7.7500000e+01;5.8934502e-03;7.7500000e+01;7.5287923e-02;7.7500000e+01;1.5658961e-01;7.7500000e+01;2.2324863e-01;7.7500000e+01;2.7242160e-01;7.7500000e+01;3.2167387e-01;7.7500000e+01;3.5610485e-01;7.7500000e+01;3.1016973e-01;7.7500000e+01;2.1562690e-01;7.7500000e+01;1.3860029e-01;7.7500000e+01;7.3502064e-02;7.7500000e+01;1.5472084e-02;7.7500000e+01;-3.8124219e-02;7.7500000e+01;-9.0247631e-02;7.7500000e+01;-1.4098424e-01;7.7500000e+01;-1.9189580e-01;7.7500000e+01;-8.0466650e-02;7.7500000e+01;-4.6809752e-02;7.7500000e+01;5.8934502e-03;7.7500000e+01;7.5287923e-02;7.7500000e+01;1.5658961e-01;7.7500000e+01;2.2324863e-01;7.7500000e+01;2.7242160e-01;7.7500000e+01;3.2167387e-01;7.7500000e+01;3.5610485e-01;7.7500000e+01;3.1016973e-01;7.7500000e+01;2.1562690e-01;7.7500000e+01;1.3860029e-01;7.7500000e+01;7.3502064e-02;7.7500000e+01;1.5472084e-02;7.7500000e+01;-3.8124219e-02;7.7500000e+01;-9.0247631e-02;7.7500000e+01;-1.4098424e-01;7.7500000e+01;-1.9189580e-01;7.7500000e+01;-8.0466650e-02;7.7500000e+01;-4.6809752e-02;7.7500000e+01;5.8934502e-03;7.7500000e+01;7.5287923e-02;7.7500000e+01;1.5658961e-01;7.7500000e+01;2.2324863e-01;7.7500000e+01;2.7242160e-01;7.7500000e+01;3.2167387e-01;7.7500000e+01;3.5610485e-01;7.7500000e+01;3.1016973e-01;7.7500000e+01;2.1562690e-01;7.7500000e+01;1.3860029e-01;7.7500000e+01;7.3502064e-02;7.7500000e+01;1.5472084e-02;7.7500000e+01;-3.8124219e-02;7.7500000e+01;-9.0247631e-02;7.7500000e+01;-1.4098424e-01;7.7500000e+01;-1.9189580e-01;7.7500000e+01;-8.0466650e-02;7.7500000e+01;-4.6809752e-02;7.7500000e+01;5.8934502e-03;7.7500000e+01;7.5287923e-02;7.7500000e+01;1.5658961e-01;7.7500000e+01;2.2324863e-01;7.7500000e+01;2.7242160e-01;7.7500000e+01;3.2167387e-01;7.7500000e+01;3.5610485e-01;7.7500000e+01;3.1016973e-01;7.7500000e+01;2.1562690e-01;7.7500000e+01;1.3860029e-01;7.7500000e+01;7.3502064e-02;7.7500000e+01;1.5472084e-02;7.7500000e+01;-3.8124219e-02;7.7500000e+01;-9.0247631e-02;7.7500000e+01;-1.4098424e-01;7.7500000e+01;-1.9189580e-01;7.7500000e+01;-8.0466650e-02;7.7500000e+01;-4.6809752e-02;7.7500000e+01;5.8934502e-03;7.7500000e+01;7.5287923e-02;7.7500000e+01;1.5658961e-01;7.7500000e+01;2.2324863e-01;7.7500000e+01;2.7242160e-01;7.7500000e+01;3.2167387e-01;7.7500000e+01;3.5610485e-01;7.7500000e+01;3.1016973e-01;7.7500000e+01;2.1562690e-01;7.7500000e+01;1.3860029e-01;7.7500000e+01;7.3502064e-02;7.7500000e+01;1.5472084e-02;7.7500000e+01;-3.8124219e-02;7.7500000e+01;-9.0247631e-02;7.7500000e+01;-1.4098424e-01;7.7500000e+01;-1.9189580e-01;7.7500000e+01;-8.0466650e-02;7.7500000e+01;-4.6809752e-02;7.7500000e+01;5.8934502e-03;7.7500000e+01;7.5287923e-02;7.7500000e+01;1.5658961e-01;7.7500000e+01;2.2324863e-01;7.7500000e+01;2.7242160e-01;7.7500000e+01;3.2167387e-01;7.7500000e+01;3.5610485e-01;7.7500000e+01;3.1016973e-01;7.7500000e+01;2.1562690e-01;7.7500000e+01;1.3860029e-01;7.7500000e+01;7.3502064e-02;7.7500000e+01;1.5472084e-02;7.7500000e+01;-3.8124219e-02;7.7500000e+01;-9.0247631e-02;7.7500000e+01;-1.4098424e-01;7.7500000e+01;-1.9189580e-01;7.7500000e+01;-8.0466650e-02;7.7500000e+01;-4.6809752e-02;7.7500000e+01;5.8934502e-03;7.7500000e+01;7.5287923e-02;7.7500000e+01;1.5658961e-01;7.7500000e+01;2.2324863e-01;7.7500000e+01;2.7242160e-01;7.7500000e+01;3.2167387e-01;7.7500000e+01;3.5610485e-01;7.7500000e+01;3.1016973e-01;7.7500000e+01;2.1562690e-01;7.7500000e+01;1.3860029e-01;7.7500000e+01;7.3502064e-02;7.7500000e+01;1.5472084e-02;7.7500000e+01;-3.8124219e-02;7.7500000e+01;-9.0247631e-02;7.7500000e+01;-1.4098424e-01;7.7500000e+01;-1.9189580e-01;7.7500000e+01;-8.0466650e-02;7.7500000e+01;-4.6809752e-02;7.7500000e+01;5.8934502e-03;7.7500000e+01;7.5287923e-02;7.7500000e+01;1.5658961e-01;7.7500000e+01;2.2324863e-01;7.7500000e+01;2.7242160e-01;7.7500000e+01;3.2167387e-01;7.7500000e+01;3.5610485e-01;7.7500000e+01;3.1016973e-01;7.7500000e+01;2.1562690e-01;7.7500000e+01;1.3860029e-01;7.7500000e+01;7.3502064e-02;7.7500000e+01;1.5472084e-02;7.7500000e+01;-3.8124219e-02;7.7500000e+01;-9.0247631e-02;7.7500000e+01;-1.4098424e-01;7.7500000e+01;-1.9189580e-01
8.2500000e+01;-8.4509730e-02;8.2500000e+01;-5.6596898e-02;8.2500000e+01;-9.3833208e-03;8.2500000e+01;5.2754316e-02;8.2500000e+01;1.2386581e-01;8.2500000e+01;1.8357188e-01;8.2500000e+01;2.3643531e-01;8.2500000e+01;2.9921842e-01;8.2500000e+01;3.4739384e-01;8.2500000e+01;3.0869448e-01;8.2500000e+01;2.1720999e-01;8.2500000e+01;1.3625588e-01;8.2500000e+01;6.8659730e-02;8.2500000e+01;8.7921917e-03;8.2500000e+01;-4.6379022e-02;8.2500000e+01;-9.9337980e-02;8.2500000e+01;-1.5061617e-01;8.2500000e+01;-2.0166428e-01;8.2500000e+01;-8.4509730e-02;8.2500000e+01;-5.6596898e-02;8.2500000e+01;-9.3833208e-03;8.2500000e+01;5.2754316e-02;8.2500000e+01;1.2386581e-01;8.2500000e+01;1.8357188e-01;8.2500000e+01;2.3643531e-01;8.2500000e+01;2.9921842e-01;8.2500000e+01;3.4739384e-01;8.2500000e+01;3.0869448e-01;8.2500000e+01;2.1720999e-01;8.2500000e+01;1.3625588e-01;8.2500000e+01;6.8659730e-02;8.2500000e+01;8.7921917e-03;8.2500000e+01;-4.6379022e-02;8.2500000e+01;-9.9337980e-02;8.2500000e+01;-1.5061617e-01;8.2500000e+01;-2.0166428e-01;8.2500000e+01;-8.4509730e-02;8.2500000e+01;-5.6596898e-02;8.2500000e+01;-9.3833208e-03;8.2500000e+01;5.2754316e-02;8.2500000e+01;1.2386581e-01;8.2500000e+01;1.8357188e-01;8.2500000e+01;2.3643531e-01;8.2500000e+01;2.9921842e-01;8.2500000e+01;3.4739384e-01;8.2500000e+01;3.0869448e-01;8.2500000e+01;2.1720999e-01;8.2500000e+01;1.3625588e-01;8.2500000e+01;6.8659730e-02;8.2500000e+01;8.7921917e-03;8.2500000e+01;-4.6379022e-02;8.2500000e+01;-9.9337980e-02;8.2500000e+01;-1.5061617e-01;8.2500000e+01;-2.0166428e-01;8.2500000e+01;-8.4509730e-02;8.2500000e+01;-5.6596898e-02;8.2500000e+01;-9.3833208e-03;8.2500000e+01;5.2754316e-02;8.2500000e+01;1.2386581e-01;8.2500000e+01;1.8357188e-01;8.2500000e+01;2.3643531e-01;8.2500000e+01;2.9921842e-01;8.2500000e+01;3.4739384e-01;8.2500000e+01;3.0869448e-01;8.2500000e+01;2.1720999e-01;8.2500000e+01;1.3625588e-01;8.2500000e+01;6.8659730e-02;8.2500000e+01;8.7921917e-03;8.2500000e+01;-4.6379022e-02;8.2500000e+01;-9.9337980e-02;8.2500000e+01;-1.5061617e-01;8.2500000e+01;-2.0166428e-01;8.2500000e+01;-8.4509730e-02;8.2500000e+01;-5.6596898e-02;8.2500000e+01;-9.3833208e-03;8.2500000e+01;5.2754316e-02;8.2500000e+01;1.2386581e-01;8.2500000e+01;1.8357188e-01;8.2500000e+01;2.3643531e-01;8.2500000e+01;2.9921842e-01;8.2500000e+01;3.4739384e-01;8.2500000e+01;3.0869448e-01;8.2500000e+01;2.1720999e-01;8.2500000e+01;1.3625588e-01;8.2500000e+01;6.8659730e-02;8.2500000e+01;8.7921917e-03;8.2500000e+01;-4.6379022e-02;8.2500000e+01;-9.9337980e-02;8.2500000e+01;-1.5061617e-01;8.2500000e+01;-2.0166428e-01;8.2500000e+01;-8.4509730e-02;8.2500000e+01;-5.6596898e-02;8.2500000e+01;-9.3833208e-03;8.2500000e+01;5.2754316e-02;8.2500000e+01;1.2386581e-01;8.2500000e+01;1.8357188e-01;8.2500000e+01;2.3643531e-01;8.2500000e+01;2.9921842e-01;8.2500000e+01;3.4739384e-01;8.2500000e+01;3.0869448e-01;8.2500000e+01;2.1720999e-01;8.2500000e+01;1.3625588e-01;8.2500000e+01;6.8659730e-02;8.2500000e+01;8.7921917e-03;8.2500000e+01;-4.6379022e-02;8.2500000e+01;-9.9337980e-02;8.2500000e+01;-1.5061617e-01;8.2500000e+01;-2.0166428e-01;8.2500000e+01;-8.4509730e-02;8.2500000e+01;-5.6596898e-02;8.2500000e+01;-9.3833208e-03;8.2500000e+01;5.2754316e-02;8.2500000e+01;1.2386581e-01;8.2500000e+01;1.8357188e-01;8.2500000e+01;2.3643531e-01;8.2500000e+01;2.9921842e-01;8.2500000e+01;3.4739384e-01;8.2500000e+01;3.0869448e-01;8.2500000e+01;2.1720999e-01;8.2500000e+01;1.3625588e-01;8.2500000e+01;6.8659730e-02;8.2500000e+01;8.7921917e-03;8.2500000e+01;-4.6379022e-02;8.2500000e+01;-9.9337980e-02;8.2500000e+01;-1.5061617e-01;8.2500000e+01;-2.0166428e-01;8.2500000e+01;-8.4509730e-02;8.2500000e+01;-5.6596898e-02;8.2500000e+01;-9.3833208e-03;8.2500000e+01;5.2754316e-02;8.2500000e+01;1.2386581e-01;8.2500000e+01;1.8357188e-01;8.2500000e+01;2.3643531e-01;8.2500000e+01;2.9921842e-01;8.2500000e+01;3.4739384e-01;8.2500000e+01;3.0869448e-01;8.2500000e+01;2.1720999e-01;8.2500000e+01;1.3625588e-01;8.2500000e+01;6.8659730e-02;8.2500000e+01;8.7921917e-03;8.2500000e+01;-4.6379022e-02;8.2500000e+01;-9.9337980e-02;8.2500000e+01;-1.5061617e-01;8.2500000e+01;-2.0166428e-01;8.2500000e+01;-8.4509730e-02;8.2500000e+01;-5.6596898e-02;8.2500000e+01;-9.3833208e-03;8.2500000e+01;5.2754316e-02;8.2500000e+01;1.2386581e-01;8.2500000e+01;1.8357188e-01;8.2500000e+01;2.3643531e-01;8.2500000e+01;2.9921842e-01;8.2500000e+01;3.4739384e-01;8.2500000e+01;3.0869448e-01;8.2500000e+01;2.1720999e-01;8.2500000e+01;1.3625588e-01;8.2500000e+01;6.8659730e-02;8.2500000e+01;8.7921917e-03;8.2500000e+01;-4.6379022e-02;8.2500000e+01;-9.9337980e-02;8.2500000e+01;-1.5061617e-01;8.2500000e+01;-2.0166428e-01;8.2500000e+01;-8.4509730e-02;8.2500000e+01;-5.6596898e-02;8.2500000e+01;-9.3833208e-03;8.2500000e+01;5.2754316e-02;8.2500000e+01;1.2386581e-01;8.2500000e+01;1.8357188e-01;8.2500000e+01;2.3643531e-01;8.2500000e+01;2.9921842e-01;8.2500000e+01;3.4739384e-01;8.2500000e+01;3.0869448e-01;8.2500000e+01;2.1720999e-01;8.2500000e+01;1.3625588e-01;8.2500000e+01;6.8659730e-02;8.2500000e+01;8.7921917e-03;8.2500000e+01;-4.6379022e-02;8.2500000e+01;-9.9337980e-02;8.2500000e+01;-1.5061617e-01;8.2500000e+01;-2.0166428e-01;8.2500000e+01;-8.4509730e-02;8.2500000e+01;-5.6596898e-02;8.2500000e+01;-9.3833208e-03;8.2500000e+01;5.2754316e-02;8.2500000e+01;1.2386581e-01;8.2500000e+01;1.8357188e-01;8.2500000e+01;2.3643531e-01;8.2500000e+01;2.9921842e-01;8.2500000e+01;3.4739384e-01;8.2500000e+01;3.0869448e-01;8.2500000e+01;2.1720999e-01;8.2500000e+01;1.3625588e-01;8.2500000e+01;6.8659730e-02;8.2500000e+01;8.7921917e-03;8.2500000e+01;-4.6379022e-02;8.2500000e+01;-9.9337980e-02;8.2500000e+01;-1.5061617e-01;8.2500000e+01;-2.0166428e-01;8.2500000e+01;-8.4509730e-02;8.2500000e+01;-5.6596898e-02;8.2500000e+01;-9.3833208e-03;8.2500000e+01;5.2754316e-02;8.2500000e+01;1.2386581e-01;8.2500000e+01;1.8357188e-01;8.2500000e+01;2.3643531e-01;8.2500000e+01;2.9921842e-01;8.2500000e+01;3.4739384e-01;8.2500000e+01;3.0869448e-01;8.2500000e+01;2.1720999e-01;8.2500000e+01;1.3625588e-01;8.2500000e+01;6.8659730e-02;8.2500000e+01;8.7921917e-03;8.2500000e+01;-4.6379022e-02;8.2500000e+01;-9.9337980e-02;8.2500000e+01;-1.5061617e-01;8.2500000e+01;-2.0166428e-01;8.2500000e+01;-8.4509730e-02;8.2500000e+01;-5.6596898e-02;8.2500000e+01;-9.3833208e-03;8.2500000e+01;5.2754316e-02;8.2500000e+01;1.2386581e-01;8.2500000e+01;1.8357188e-01;8.2500000e+01;2.3643531e-01;8.2500000e+01;2.9921842e-01;8.2500000e+01;3.4739384e-01;8.2500000e+01;3.0869448e-01;8.2500000e+01;2.1720999e-01;8.2500000e+01;1.3625588e-01;8.2500000e+01;6.8659730e-02;8.2500000e+01;8.7921917e-03;8.2500000e+01;-4.6379022e-02;8.2500000e+01;-9.9337980e-02;8.2500000e+01;-1.5061617e-01;8.2500000e+01;-2.0166428e-01;8.2500000e+01;-8.4509730e-02;8.2500000e+01;-5.6596898e-02;8.2500000e+01;-9.3833208e-03;8.2500000e+01;5.2754316e-02;8.2500000e+01;1.2386581e-01;8.2500000e+01;1.8357188e-01;8.2500000e+01;2.3643531e-01;8.2500000e+01;2.9921842e-01;8.2500000e+01;3.4739384e-01;8.2500000e+01;3.0869448e-01;8.2500000e+01;2.1720999e-01;8.2500000e+01;1.3625588e-01;8.2500000e+01;6.8659730e-02;8.2500000e+01;8.7921917e-03;8.2500000e+01;-4.6379022e-02;8.2500000e+01;-9.9337980e-02;8.2500000e+01;-1.5061617e-01;8.2500000e+01;-2.0166428e-01;8.2500000e+01;-8.4509730e-02;8.2500000e+01;-5.6596898e-02;8.2500000e+01;-9.3833208e-03;8.2500000e+01;5.2754316e-02;8.2500000e+01;1.2386581e-01;8.2500000e+01;1.8357188e-01;8.2500000e+01;2.3643531e-01;8.2500000e+01;2.9921842e-01;8.2500000e+01;3.4739384e-01;8.2500000e+01;3.0869448e-01;8.2500000e+01;2.1720999e-01;8.2500000e+01;1.3625588e-01;8.2500000e+01;6.8659730e-02;8.2500000e+01;8.7921917e-03;8.2500000e+01;-4.6379022e-02;8.2500000e+01;-9.9337980e-02;8.2500000e+01;-1.5061617e-01;8.2500000e+01;-2.0166428e-01;8.2500000e+01;-8.4509730e-02;8.2500000e+01;-5.6596898e-02;8.2500000e+01;-9.3833208e-03;8.2500000e+01;5.2754316e-02;8.2500000e+01;1.2386581e-01;8.2500000e+01;1.8357188e-01;8.2500000e+01;2.3643531e-01;8.2500000e+01;2.9921842e-01;8.2500000e+01;3.4739384e-01;8.2500000e+01;3.0869448e-01;8.2500000e+01;2.1720999e-01;8.2500000e+01;1.3625588e-01;8.2500000e+01;6.8659730e-02;8.2500000e+01;8.7921917e-03;8.2500000e+01;-4.6379022e-02;8.2500000e+01;-9.9337980e-02;8.2500000e+01;-1.5061617e-01;8.2500000e+01;-2.0166428e-01;8.2500000e+01;-8.4509730e-02;8.2500000e+01;-5.6596898e-02;8.2500000e+01;-9.3833208e-03;8.2500000e+01;5.2754316e-02;8.2500000e+01;1.2386581e-01;8.2500000e+01;1.8357188e-01;8.2500000e+01;2.3643531e-01;8.2500000e+01;2.9921842e-01;8.2500000e+01;3.4739384e-01;8.2500000e+01;3.0869448e-01;8.2500000e+01;2.1720999e-01;8.2500000e+01;1.3625588e-01;8.2500000e+01;6.8659730e-02;8.2500000e+01;8.7921917e-03;8.2500000e+01;-4.6379022e-02;8.2500000e+01;-9.9337980e-02;8.2500000e+01;-1.5061617e-01;8.2500000e+01;-2.0166428e-01;8.2500000e+01;-8.4509730e-02;8.2500000e+01;-5.6596898e-02;8.2500000e+01;-9.3833208e-03;8.2500000e+01;5.2754316e-02;8.2500000e+01;1.2386581e-01;8.2500000e+01;1.8357188e-01;8.2500000e+01;2.3643531e-01;8.2500000e+01;2.9921842e-01;8.2500000e+01;3.4739384e-01;8.2500000e+01;3.0869448e-01;8.2500000e+01;2.1720999e-01;8.2500000e+01;1.3625588e-01;8.2500000e+01;6.8659730e-02;8.2500000e+01;8.7921917e-03;8.2500000e+01;-4.6379022e-02;8.2500000e+01;-9.9337980e-02;8.2500000e+01;-1.5061617e-01;8.2500000e+01;-2.0166428e-01;8.2500000e+01;-8.4509730e-02;8.2500000e+01;-5.6596898e-02;8.2500000e+01;-9.3833208e-03;8.2500000e+01;5.2754316e-02;8.2500000e+01;1.2386581e-01;8.2500000e+01;1.8357188e-01;8.2500000e+01;2.3643531e-01;8.2500000e+01;2.9921842e-01;8.2500000e+01;3.4739384e-01;8.2500000e+01;3.0869448e-01;8.2500000e+01;2.1720999e-01;8.2500000e+01;1.3625588e-01;8.2500000e+01;6.8659730e-02;8.2500000e+01;8.7921917e-03;8.2500000e+01;-4.6379022e-02;8.2500000e+01;-9.9337980e-02;8.2500000e+01;-1.5061617e-01;8.2500000e+01;-2.0166428e-01;8.2500000e+01;-8.4509730e-02;8.2500000e+01;-5.6596898e-02;8.2500000e+01;-9.3833208e-03;8.2500000e+01;5.2754316e-02;8.2500000e+01;1.2386581e-01;8.2500000e+01;1.8357188e-01;8.2500000e+01;2.3643531e-01;8.2500000e+01;2.9921842e-01;8.2500000e+01;3.4739384e-01;8.2500000e+01;3.0869448e-01;8.2500000e+01;2.1720999e-01;8.2500000e+01;1.3625588e-01;8.2500000e+01;6.8659730e-02;8.2500000e+01;8.7921917e-03;8.2500000e+01;-4.6379022e-02;8.2500000e+01;-9.9337980e-02;8.2500000e+01;-1.5061617e-01;8.2500000e+01;-2.0166428e-01;8.2500000e+01;-8.4509730e-02;8.2500000e+01;-5.6596898e-02;8.2500000e+01;-9.3833208e-03;8.2500000e+01;5.2754316e-02;8.2500000e+01;1.2386581e-01;8.2500000e+01;1.8357188e-01;8.2500000e+01;2.3643531e-01;8.2500000e+01;2.9921842e-01;8.2500000e+01;3.4739384e-01;8.2500000e+01;3.0869448e-01;8.2500000e+01;2.1720999e-01;8.2500000e+01;1.3625588e-01;8.2500000e+01;6.8659730e-02;8.2500000e+01;8.7921917e-03;8.2500000e+01;-4.6379022e-02;8.2500000e+01;-9.9337980e-02;8.2500000e+01;-1.5061617e-01;8.2500000e+01;-2.0166428e-01;8.2500000e+01;-8.4509730e-02;8.2500000e+01;-5.6596898e-02;8.2500000e+01;-9.3833208e-03;8.2500000e+01;5.2754316e-02;8.2500000e+01;1.2386581e-01;8.2500000e+01;1.8357188e-01;8.2500000e+01;2.3643531e-01;8.2500000e+01;2.9921842e-01;8.2500000e+01;3.4739384e-01;8.2500000e+01;3.0869448e-01;8.2500000e+01;2.1720999e-01;8.2500000e+01;1.3625588e-01;8.2500000e+01;6.8659730e-02;8.2500000e+01;8.7921917e-03;8.2500000e+01;-4.6379022e-02;8.2500000e+01;-9.9337980e-02;8.2500000e+01;-1.5061617e-01;8.2500000e+01;-2.0166428e-01;8.2500000e+01;-8.4509730e-02;8.2500000e+01;-5.6596898e-02;8.2500000e+01;-9.3833208e-03;8.2500000e+01;5.2754316e-02;8.2500000e+01;1.2386581e-01;8.2500000e+01;1.8357188e-01;8.2500000e+01;2.3643531e-01;8.2500000e+01;2.9921842e-01;8.2500000e+01;3.4739384e-01;8.2500000e+01;3.0869448e-01;8.2500000e+01;2.1720999e-01;8.2500000e+01;1.3625588e-01;8.2500000e+01;6.8659730e-02;8.2500000e+01;8.7921917e-03;8.2500000e+01;-4.6379022e-02;8.2500000e+01;-9.9337980e-02;8.2500000e+01;-1.5061617e-01;8.2500000e+01;-2.0166428e-01;8.2500000e+01;-8.4509730e-02;8.2500000e+01;-5.6596898e-02;8.2500000e+01;-9.3833208e-03;8.2500000e+01;5.2754316e-02;8.2500000e+01;1.2386581e-01;8.2500000e+01;1.8357188e-01;8.2500000e+01;2.3643531e-01;8.2500000e+01;2.9921842e-01;8.2500000e+01;3.4739384e-01;8.2500000e+01;3.0869448e-01;8.2500000e+01;2.1720999e-01;8.2500000e+01;1.3625588e-01;8.2500000e+01;6.8659730e-02;8.2500000e+01;8.7921917e-03;8.2500000e+01;-4.6379022e-02;8.2500000e+01;-9.9337980e-02;8.2500000e+01;-1.5061617e-01;8.2500000e+01;-2.0166428e-01;8.2500000e+01;-8.4509730e-02;8.2500000e+01;-5.6596898e-02;8.2500000e+01;-9.3833208e-03;8.2500000e+01;5.2754316e-02;8.2500000e+01;1.2386581e-01;8.2500000e+01;1.8357188e-01;8.2500000e+01;2.3643531e-01;8.2500000e+01;2.9921842e-01;8.2500000e+01;3.4739384e-01;8.2500000e+01;3.0869448e-01;8.2500000e+01;2.1720999e-01;8.2500000e+01;1.3625588e-01;8.2500000e+01;6.8659730e-02;8.2500000e+01;8.7921917e-03;8.2500000e+01;-4.6379022e-02;8.2500000e+01;-9.9337980e-02;8.2500000e+01;-1.5061617e-01;8.2500000e+01;-2.0166428e-01;8.2500000e+01;-8.4509730e-02;8.2500000e+01;-5.6596898e-02;8.2500000e+01;-9.3833208e-03;8.2500000e+01;5.2754316e-02;8.2500000e+01;1.2386581e-01;8.2500000e+01;1.8357188e-01;8.2500000e+01;2.3643531e-01;8.2500000e+01;2.9921842e-01;8.2500000e+01;3.4739384e-01;8.2500000e+01;3.0869448e-01;8.2500000e+01;2.1720999e-01;8.2500000e+01;1.3625588e-01;8.2500000e+01;6.8659730e-02;8.2500000e+01;8.7921917e-03;8.2500000e+01;-4.6379022e-02;8.2500000e+01;-9.9337980e-02;8.2500000e+01;-1.5061617e-01;8.2500000e+01;-2.0166428e-01;8.2500000e+01;-8.4509730e-02;8.2500000e+01;-5.6596898e-02;8.2500000e+01;-9.3833208e-03;8.2500000e+01;5.2754316e-02;8.2500000e+01;1.2386581e-01;8.2500000e+01;1.8357188e-01;8.2500000e+01;2.3643531e-01;8.2500000e+01;2.9921842e-01;8.2500000e+01;3.4739384e-01;8.2500000e+01;3.0869448e-01;8.2500000e+01;2.1720999e-01;8.2500000e+01;1.3625588e-01;8.2500000e+01;6.8659730e-02;8.2500000e+01;8.7921917e-03;8.2500000e+01;-4.6379022e-02;8.2500000e+01;-9.9337980e-02;8.2500000e+01;-1.5061617e-01;8.2500000e+01;-2.0166428e-01;8.2500000e+01;-8.4509730e-02;8.2500000e+01;-5.6596898e-02;8.2500000e+01;-9.3833208e-03;8.2500000e+01;5.2754316e-02;8.2500000e+01;1.2386581e-01;8.2500000e+01;1.8357188e-01;8.2500000e+01;2.3643531e-01;8.2500000e+01;2.9921842e-01;8.2500000e+01;3.4739384e-01;8.2500000e+01;3.0869448e-01;8.2500000e+01;2.1720999e-01;8.2500000e+01;1.3625588e-01;8.2500000e+01;6.8659730e-02;8.2500000e+01;8.7921917e-03;8.2500000e+01;-4.6379022e-02;8.2500000e+01;-9.9337980e-02;8.2500000e+01;-1.5061617e-01;8.2500000e+01;-2.0166428e-01;8.2500000e+01;-8.4509730e-02;8.2500000e+01;-5.6596898e-02;8.2500000e+01;-9.3833208e-03;8.2500000e+01;5.2754316e-02;8.2500000e+01;1.2386581e-01;8.2500000e+01;1.8357188e-01;8.2500000e+01;2.3643531e-01;8.2500000e+01;2.9921842e-01;8.2500000e+01;3.4739384e-01;8.2500000e+01;3.0869448e-01;8.2500000e+01;2.1720999e-01;8.2500000e+01;1.3625588e-01;8.2500000e+01;6.8659730e-02;8.2500000e+01;8.7921917e-03;8.2500000e+01;-4.6379022e-02;8.2500000e+01;-9.9337980e-02;8.2500000e+01;-1.5061617e-01;8.2500000e+01;-2.0166428e-01;8.2500000e+01;-8.4509730e-02;8.2500000e+01;-5.6596898e-02;8.2500000e+01;-9.3833208e-03;8.2500000e+01;5.2754316e-02;8.2500000e+01;1.2386581e-01;8.2500000e+01;1.8357188e-01;8.2500000e+01;2.3643531e-01;8.2500000e+01;2.9921842e-01;8.2500000e+01;3.4739384e-01;8.2500000e+01;3.0869448e-01;8.2500000e+01;2.1720999e-01;8.2500000e+01;1.3625588e-01;8.2500000e+01;6.8659730e-02;8.2500000e+01;8.7921917e-03;8.2500000e+01;-4.6379022e-02;8.2500000e+01;-9.9337980e-02;8.2500000e+01;-1.5061617e-01;8.2500000e+01;-2.0166428e-01;8.2500000e+01;-8.4509730e-02;8.2500000e+01;-5.6596898e-02;8.2500000e+01;-9.3833208e-03;8.2500000e+01;5.2754316e-02;8.2500000e+01;1.2386581e-01;8.2500000e+01;1.8357188e-01;8.2500000e+01;2.3643531e-01;8.2500000e+01;2.9921842e-01;8.2500000e+01;3.4739384e-01;8.2500000e+01;3.0869448e-01;8.2500000e+01;2.1720999e-01;8.2500000e+01;1.3625588e-01;8.2500000e+01;6.8659730e-02;8.2500000e+01;8.7921917e-03;8.2500000e+01;-4.6379022e-02;8.2500000e+01;-9.9337980e-02;8.2500000e+01;-1.5061617e-01;8.2500000e+01;-2.0166428e-01;8.2500000e+01;-8.4509730e-02;8.2500000e+01;-5.6596898e-02;8.2500000e+01;-9.3833208e-03;8.2500000e+01;5.2754316e-02;8.2500000e+01;1.2386581e-01;8.2500000e+01;1.8357188e-01;8.2500000e+01;2.3643531e-01;8.2500000e+01;2.9921842e-01;8.2500000e+01;3.4739384e-01;8.2500000e+01;3.0869448e-01;8.2500000e+01;2.1720999e-01;8.2500000e+01;1.3625588e-01;8.2500000e+01;6.8659730e-02;8.2500000e+01;8.7921917e-03;8.2500000e+01;-4.6379022e-02;8.2500000e+01;-9.9337980e-02;8.2500000e+01;-1.5061617e-01;8.2500000e+01;-2.0166428e-01;8.2500000e+01;-8.4509730e-02;8.2500000e+01;-5.6596898e-02;8.2500000e+01;-9.3833208e-03;8.2500000e+01;5.2754316e-02;8.2500000e+01;1.2386581e-01;8.2500000e+01;1.8357188e-01;8.2500000e+01;2.3643531e-01;8.2500000e+01;2.9921842e-01;8.2500000e+01;3.4739384e-01;8.2500000e+01;3.0869448e-01;8.2500000e+01;2.1720999e-01;8.2500000e+01;1.3625588e-01;8.2500000e+01;6.8659730e-02;8.2500000e+01;8.7921917e-03;8.2500000e+01;-4.6379022e-02;8.2500000e+01;-9.9337980e-02;8.2500000e+01;-1.5061617e-01;8.2500000e+01;-2.0166428e-01;8.2500000e+01;-8.4509730e-02;8.2500000e+01;-5.6596898e-02;8.2500000e+01;-9.3833208e-03;8.2500000e+01;5.2754316e-02;8.2500000e+01;1.2386581e-01;8.2500000e+01;1.8357188e-01;8.2500000e+01;2.3643531e-01;8.2500000e+01;2.9921842e-01;8.2500000e+01;3.4739384e-01;8.2500000e+01;3.0869448e-01;8.2500000e+01;2.1720999e-01;8.2500000e+01;1.3625588e-01;8.2500000e+01;6.8659730e-02;8.2500000e+01;8.7921917e-03;8.2500000e+01;-4.6379022e-02;8.2500000e+01;-9.9337980e-02;8.2500000e+01;-1.5061617e-01;8.2500000e+01;-2.0166428e-01;8.2500000e+01;-8.4509730e-02;8.2500000e+01;-5.6596898e-02;8.2500000e+01;-9.3833208e-03;8.2500000e+01;5.2754316e-02;8.2500000e+01;1.2386581e-01;8.2500000e+01;1.8357188e-01;8.2500000e+01;2.3643531e-01;8.2500000e+01;2.9921842e-01;8.2500000e+01;3.4739384e-01;8.2500000e+01;3.0869448e-01;8.2500000e+01;2.1720999e-01;8.2500000e+01;1.3625588e-01;8.2500000e+01;6.8659730e-02;8.2500000e+01;8.7921917e-03;8.2500000e+01;-4.6379022e-02;8.2500000e+01;-9.9337980e-02;8.2500000e+01;-1.5061617e-01;8.2500000e+01;-2.0166428e-01;8.2500000e+01;-8.4509730e-02;8.2500000e+01;-5.6596898e-02;8.2500000e+01;-9.3833208e-03;8.2500000e+01;5.2754316e-02;8.2500000e+01;1.2386581e-01;8.2500000e+01;1.8357188e-01;8.2500000e+01;2.3643531e-01;8.2500000e+01;2.9921842e-01;8.2500000e+01;3.4739384e-01;8.2500000e+01;3.0869448e-01;8.2500000e+01;2.1720999e-01;8.2500000e+01;1.3625588e-01;8.2500000e+01;6.8659730e-02;8.2500000e+01;8.7921917e-03;8.2500000e+01;-4.6379022e-02;8.2500000e+01;-9.9337980e-02;8.2500000e+01;-1.5061617e-01;8.2500000e+01;-2.0166428e-01;8.2500000e+01;-8.4509730e-02;8.2500000e+01;-5.6596898e-02;8.2500000e+01;-9.3833208e-03;8.2500000e+01;5.2754316e-02;8.2500000e+01;1.2386581e-01;8.2500000e+01;1.8357188e-01;8.2500000e+01;2.3643531e-01;8.2500000e+01;2.9921842e-01;8.2500000e+01;3.4739384e-01;8.2500000e+01;3.0869448e-01;8.2500000e+01;2.1720999e-01;8.2500000e+01;1.3625588e-01;8.2500000e+01;6.8659730e-02;8.2500000e+01;8.7921917e-03;8.2500000e+01;-4.6379022e-02;8.2500000e+01;-9.9337980e-02;8.2500000e+01;-1.5061617e-01;8.2500000e+01;-2.0166428e-01;8.2500000e+01;-8.4509730e-02;8.2500000e+01;-5.6596898e-02;8.2500000e+01;-9.3833208e-03;8.2500000e+01;5.2754316e-02;8.2500000e+01;1.2386581e-01;8.2500000e+01;1.8357188e-01;8.2500000e+01;2.3643531e-01;8.2500000e+01;2.9921842e-01;8.2500000e+01;3.4739384e-01;8.2500000e+01;3.0869448e-01;8.2500000e+01;2.1720999e-01;8.2500000e+01;1.3625588e-01;8.2500000e+01;6.8659730e-02;8.2500000e+01;8.7921917e-03;8.2500000e+01;-4.6379022e-02;8.2500000e+01;-9.9337980e-02;8.2500000e+01;-1.5061617e-01;8.2500000e+01;-2.0166428e-01;8.2500000e+01;-8.4509730e-02;8.2500000e+01;-5.6596898e-02;8.2500000e+01;-9.3833208e-03;8.2500000e+01;5.2754316e-02;8.2500000e+01;1.2386581e-01;8.2500000e+01;1.8357188e-01;8.2500000e+01;2.3643531e-01;8.2500000e+01;2.9921842e-01;8.2500000e+01;3.4739384e-01;8.2500000e+01;3.0869448e-01;8.2500000e+01;2.1720999e-01;8.2500000e+01;1.3625588e-01;8.2500000e+01;6.8659730e-02;8.2500000e+01;8.7921917e-03;8.2500000e+01;-4.6379022e-02;8.2500000e+01;-9.9337980e-02;8.2500000e+01;-1.5061617e-01;8.2500000e+01;-2.0166428e-01;8.2500000e+01;-8.4509730e-02;8.2500000e+01;-5.6596898e-02;8.2500000e+01;-9.3833208e-03;8.2500000e+01;5.2754316e-02;8.2500000e+01;1.2386581e-01;8.2500000e+01;1.8357188e-01;8.2500000e+01;2.3643531e-01;8.2500000e+01;2.9921842e-01;8.2500000e+01;3.4739384e-01;8.2500000e+01;3.0869448e-01;8.2500000e+01;2.1720999e-01;8.2500000e+01;1.3625588e-01;8.2500000e+01;6.8659730e-02;8.2500000e+01;8.7921917e-03;8.2500000e+01;-4.6379022e-02;8.2500000e+01;-9.9337980e-02;8.2500000e+01;-1.5061617e-01;8.2500000e+01;-2.0166428e-01;8.2500000e+01;-8.4509730e-02;8.2500000e+01;-5.6596898e-02;8.2500000e+01;-9.3833208e-03;8.2500000e+01;5.2754316e-02;8.2500000e+01;1.2386581e-01;8.2500000e+01;1.8357188e-01;8.2500000e+01;2.3643531e-01;8.2500000e+01;2.9921842e-01;8.2500000e+01;3.4739384e-01;8.2500000e+01;3.0869448e-01;8.2500000e+01;2.1720999e-01;8.2500000e+01;1.3625588e-01;8.2500000e+01;6.8659730e-02;8.2500000e+01;8.7921917e-03;8.2500000e+01;-4.6379022e-02;8.2500000e+01;-9.9337980e-02;8.2500000e+01;-1.5061617e-01;8.2500000e+01;-2.0166428e-01;8.2500000e+01;-8.4509730e-02;8.2500000e+01;-5.6596898e-02;8.2500000e+01;-9.3833208e-03;8.2500000e+01;5.2754316e-02;8.2500000e+01;1.2386581e-01;8.2500000e+01;1.8357188e-01;8.2500000e+01;2.3643531e-01;8.2500000e+01;2.9921842e-01;8.2500000e+01;3.4739384e-01;8.2500000e+01;3.0869448e-01;8.2500000e+01;2.1720999e-01;8.2500000e+01;1.3625588e-01;8.2500000e+01;6.8659730e-02;8.2500000e+01;8.7921917e-03;8.2500000e+01;-4.6379022e-02;8.2500000e+01;-9.9337980e-02;8.2500000e+01;-1.5061617e-01;8.2500000e+01;-2.0166428e-01;8.2500000e+01;-8.4509730e-02;8.2500000e+01;-5.6596898e-02;8.2500000e+01;-9.3833208e-03;8.2500000e+01;5.2754316e-02;8.2500000e+01;1.2386581e-01;8.2500000e+01;1.8357188e-01;8.2500000e+01;2.3643531e-01;8.2500000e+01;2.9921842e-01;8.2500000e+01;3.4739384e-01;8.2500000e+01;3.0869448e-01;8.2500000e+01;2.1720999e-01;8.2500000e+01;1.3625588e-01;8.2500000e+01;6.8659730e-02;8.2500000e+01;8.7921917e-03;8.2500000e+01;-4.6379022e-02;8.2500000e+01;-9.9337980e-02;8.2500000e+01;-1.5061617e-01;8.2500000e+01;-2.0166428e-01;8.2500000e+01;-8.4509730e-02;8.2500000e+01;-5.6596898e-02;8.2500000e+01;-9.3833208e-03;8.2500000e+01;5.2754316e-02;8.2500000e+01;1.2386581e-01;8.2500000e+01;1.8357188e-01;8.2500000e+01;2.3643531e-01;8.2500000e+01;2.9921842e-01;8.2500000e+01;3.4739384e-01;8.2500000e+01;3.0869448e-01;8.2500000e+01;2.1720999e-01;8.2500000e+01;1.3625588e-01;8.2500000e+01;6.8659730e-02;8.2500000e+01;8.7921917e-03;8.2500000e+01;-4.6379022e-02;8.2500000e+01;-9.9337980e-02;8.2500000e+01;-1.5061617e-01;8.2500000e+01;-2.0166428e-01;8.2500000e+01;-8.4509730e-02;8.2500000e+01;-5.6596898e-02;8.2500000e+01;-9.3833208e-03;8.2500000e+01;5.2754316e-02;8.2500000e+01;1.2386581e-01;8.2500000e+01;1.8357188e-01;8.2500000e+01;2.3643531e-01;8.2500000e+01;2.9921842e-01;8.2500000e+01;3.4739384e-01;8.2500000e+01;3.0869448e-01;8.2500000e+01;2.1720999e-01;8.2500000e+01;1.3625588e-01;8.2500000e+01;6.8659730e-02;8.2500000e+01;8.7921917e-03;8.2500000e+01;-4.6379022e-02;8.2500000e+01;-9.9337980e-02;8.2500000e+01;-1.5061617e-01;8.2500000e+01;-2.0166428e-01;8.2500000e+01;-8.4509730e-02;8.2500000e+01;-5.6596898e-02;8.2500000e+01;-9.3833208e-03;8.2500000e+01;5.2754316e-02;8.2500000e+01;1.2386581e-01;8.2500000e+01;1.8357188e-01;8.2500000e+01;2.3643531e-01;8.2500000e+01;2.9921842e-01;8.2500000e+01;3.4739384e-01;8.2500000e+01;3.0869448e-01;8.2500000e+01;2.1720999e-01;8.2500000e+01;1.3625588e-01;8.2500000e+01;6.8659730e-02;8.2500000e+01;8.7921917e-03;8.2500000e+01;-4.6379022e-02;8.2500000e+01;-9.9337980e-02;8.2500000e+01;-1.5061617e-01;8.2500000e+01;-2.0166428e-01;8.2500000e+01;-8.4509730e-02;8.2500000e+01;-5.6596898e-02;8.2500000e+01;-9.3833208e-03;8.2500000e+01;5.2754316e-02;8.2500000e+01;1.2386581e-01;8.2500000e+01;1.8357188e-01;8.2500000e+01;2.3643531e-01;8.2500000e+01;2.9921842e-01;8.2500000e+01;3.4739384e-01;8.2500000e+01;3.0869448e-01;8.2500000e+01;2.1720999e-01;8.2500000e+01;1.3625588e-01;8.2500000e+01;6.8659730e-02;8.2500000e+01;8.7921917e-03;8.2500000e+01;-4.6379022e-02;8.2500000e+01;-9.9337980e-02;8.2500000e+01;-1.5061617e-01;8.2500000e+01;-2.0166428e-01;8.2500000e+01;-8.4509730e-02;8.2500000e+01;-5.6596898e-02;8.2500000e+01;-9.3833208e-03;8.2500000e+01;5.2754316e-02;8.2500000e+01;1.2386581e-01;8.2500000e+01;1.8357188e-01;8.2500000e+01;2.3643531e-01;8.2500000e+01;2.9921842e-01;8.2500000e+01;3.4739384e-01;8.2500000e+01;3.0869448e-01;8.2500000e+01;2.1720999e-01;8.2500000e+01;1.3625588e-01;8.2500000e+01;6.8659730e-02;8.2500000e+01;8.7921917e-03;8.2500000e+01;-4.6379022e-02;8.2500000e+01;-9.9337980e-02;8.2500000e+01;-1.5061617e-01;8.2500000e+01;-2.0166428e-01;8.2500000e+01;-8.4509730e-02;8.2500000e+01;-5.6596898e-02;8.2500000e+01;-9.3833208e-03;8.2500000e+01;5.2754316e-02;8.2500000e+01;1.2386581e-01;8.2500000e+01;1.8357188e-01;8.2500000e+01;2.3643531e-01;8.2500000e+01;2.9921842e-01;8.2500000e+01;3.4739384e-01;8.2500000e+01;3.0869448e-01;8.2500000e+01;2.1720999e-01;8.2500000e+01;1.3625588e-01;8.2500000e+01;6.8659730e-02;8.2500000e+01;8.7921917e-03;8.2500000e+01;-4.6379022e-02;8.2500000e+01;-9.9337980e-02;8.2500000e+01;-1.5061617e-01;8.2500000e+01;-2.0166428e-01;8.2500000e+01;-8.4509730e-02;8.2500000e+01;-5.6596898e-02;8.2500000e+01;-9.3833208e-03;8.2500000e+01;5.2754316e-02;8.2500000e+01;1.2386581e-01;8.2500000e+01;1.8357188e-01;8.2500000e+01;2.3643531e-01;8.2500000e+01;2.9921842e-01;8.2500000e+01;3.4739384e-01;8.2500000e+01;3.0869448e-01;8.2500000e+01;2.1720999e-01;8.2500000e+01;1.3625588e-01;8.2500000e+01;6.8659730e-02;8.2500000e+01;8.7921917e-03;8.2500000e+01;-4.6379022e-02;8.2500000e+01;-9.9337980e-02;8.2500000e+01;-1.5061617e-01;8.2500000e+01;-2.0166428e-01;8.2500000e+01;-8.4509730e-02;8.2500000e+01;-5.6596898e-02;8.2500000e+01;-9.3833208e-03;8.2500000e+01;5.2754316e-02;8.2500000e+01;1.2386581e-01;8.2500000e+01;1.8357188e-01;8.2500000e+01;2.3643531e-01;8.2500000e+01;2.9921842e-01;8.2500000e+01;3.4739384e-01;8.2500000e+01;3.0869448e-01;8.2500000e+01;2.1720999e-01;8.2500000e+01;1.3625588e-01;8.2500000e+01;6.8659730e-02;8.2500000e+01;8.7921917e-03;8.2500000e+01;-4.6379022e-02;8.2500000e+01;-9.9337980e-02;8.2500000e+01;-1.5061617e-01;8.2500000e+01;-2.0166428e-01;8.2500000e+01;-8.4509730e-02;8.2500000e+01;-5.6596898e-02;8.2500000e+01;-9.3833208e-03;8.2500000e+01;5.2754316e-02;8.2500000e+01;1.2386581e-01;8.2500000e+01;1.8357188e-01;8.2500000e+01;2.3643531e-01;8.2500000e+01;2.9921842e-01;8.2500000e+01;3.4739384e-01;8.2500000e+01;3.0869448e-01;8.2500000e+01;2.1720999e-01;8.2500000e+01;1.3625588e-01;8.2500000e+01;6.8659730e-02;8.2500000e+01;8.7921917e-03;8.2500000e+01;-4.6379022e-02;8.2500000e+01;-9.9337980e-02;8.2500000e+01;-1.5061617e-01;8.2500000e+01;-2.0166428e-01;8.2500000e+01;-8.4509730e-02;8.2500000e+01;-5.6596898e-02;8.2500000e+01;-9.3833208e-03;8.2500000e+01;5.2754316e-02;8.2500000e+01;1.2386581e-01;8.2500000e+01;1.8357188e-01;8.2500000e+01;2.3643531e-01;8.2500000e+01;2.9921842e-01;8.2500000e+01;3.4739384e-01;8.2500000e+01;3.0869448e-01;8.2500000e+01;2.1720999e-01;8.2500000e+01;1.3625588e-01;8.2500000e+01;6.8659730e-02;8.2500000e+01;8.7921917e-03;8.2500000e+01;-4.6379022e-02;8.2500000e+01;-9.9337980e-02;8.2500000e+01;-1.5061617e-01;8.2500000e+01;-2.0166428e-01;8.2500000e+01;-8.4509730e-02;8.2500000e+01;-5.6596898e-02;8.2500000e+01;-9.3833208e-03;8.2500000e+01;5.2754316e-02;8.2500000e+01;1.2386581e-01;8.2500000e+01;1.8357188e-01;8.2500000e+01;2.3643531e-01;8.2500000e+01;2.9921842e-01;8.2500000e+01;3.4739384e-01;8.2500000e+01;3.0869448e-01;8.2500000e+01;2.1720999e-01;8.2500000e+01;1.3625588e-01;8.2500000e+01;6.8659730e-02;8.2500000e+01;8.7921917e-03;8.2500000e+01;-4.6379022e-02;8.2500000e+01;-9.9337980e-02;8.2500000e+01;-1.5061617e-01;8.2500000e+01;-2.0166428e-01;8.2500000e+01;-8.4509730e-02;8.2500000e+01;-5.6596898e-02;8.2500000e+01;-9.3833208e-03;8.2500000e+01;5.2754316e-02;8.2500000e+01;1.2386581e-01;8.2500000e+01;1.8357188e-01;8.2500000e+01;2.3643531e-01;8.2500000e+01;2.9921842e-01;8.2500000e+01;3.4739384e-01;8.2500000e+01;3.0869448e-01;8.2500000e+01;2.1720999e-01;8.2500000e+01;1.3625588e-01;8.2500000e+01;6.8659730e-02;8.2500000e+01;8.7921917e-03;8.2500000e+01;-4.6379022e-02;8.2500000e+01;-9.9337980e-02;8.2500000e+01;-1.5061617e-01;8.2500000e+01;-2.0166428e-01;8.2500000e+01;-8.4509730e-02;8.2500000e+01;-5.6596898e-02;8.2500000e+01;-9.3833208e-03;8.2500000e+01;5.2754316e-02;8.2500000e+01;1.2386581e-01;8.2500000e+01;1.8357188e-01;8.2500000e+01;2.3643531e-01;8.2500000e+01;2.9921842e-01;8.2500000e+01;3.4739384e-01;8.2500000e+01;3.0869448e-01;8.2500000e+01;2.1720999e-01;8.2500000e+01;1.3625588e-01;8.2500000e+01;6.8659730e-02;8.2500000e+01;8.7921917e-03;8.2500000e+01;-4.6379022e-02;8.2500000e+01;-9.9337980e-02;8.2500000e+01;-1.5061617e-01;8.2500000e+01;-2.0166428e-01;8.2500000e+01;-8.4509730e-02;8.2500000e+01;-5.6596898e-02;8.2500000e+01;-9.3833208e-03;8.2500000e+01;5.2754316e-02;8.2500000e+01;1.2386581e-01;8.2500000e+01;1.8357188e-01;8.2500000e+01;2.3643531e-01;8.2500000e+01;2.9921842e-01;8.2500000e+01;3.4739384e-01;8.2500000e+01;3.0869448e-01;8.2500000e+01;2.1720999e-01;8.2500000e+01;1.3625588e-01;8.2500000e+01;6.8659730e-02;8.2500000e+01;8.7921917e-03;8.2500000e+01;-4.6379022e-02;8.2500000e+01;-9.9337980e-02;8.2500000e+01;-1.5061617e-01;8.2500000e+01;-2.0166428e-01;8.2500000e+01;-8.4509730e-02;8.2500000e+01;-5.6596898e-02;8.2500000e+01;-9.3833208e-03;8.2500000e+01;5.2754316e-02;8.2500000e+01;1.2386581e-01;8.2500000e+01;1.8357188e-01;8.2500000e+01;2.3643531e-01;8.2500000e+01;2.9921842e-01;8.2500000e+01;3.4739384e-01;8.2500000e+01;3.0869448e-01;8.2500000e+01;2.1720999e-01;8.2500000e+01;1.3625588e-01;8.2500000e+01;6.8659730e-02;8.2500000e+01;8.7921917e-03;8.2500000e+01;-4.6379022e-02;8.2500000e+01;-9.9337980e-02;8.2500000e+01;-1.5061617e-01;8.2500000e+01;-2.0166428e-01;8.2500000e+01;-8.4509730e-02;8.2500000e+01;-5.6596898e-02;8.2500000e+01;-9.3833208e-03;8.2500000e+01;5.2754316e-02;8.2500000e+01;1.2386581e-01;8.2500000e+01;1.8357188e-01;8.2500000e+01;2.3643531e-01;8.2500000e+01;2.9921842e-01;8.2500000e+01;3.4739384e-01;8.2500000e+01;3.0869448e-01;8.2500000e+01;2.1720999e-01;8.2500000e+01;1.3625588e-01;8.2500000e+01;6.8659730e-02;8.2500000e+01;8.7921917e-03;8.2500000e+01;-4.6379022e-02;8.2500000e+01;-9.9337980e-02;8.2500000e+01;-1.5061617e-01;8.2500000e+01;-2.0166428e-01;8.2500000e+01;-8.4509730e-02;8.2500000e+01;-5.6596898e-02;8.2500000e+01;-9.3833208e-03;8.2500000e+01;5.2754316e-02;8.2500000e+01;1.2386581e-01;8.2500000e+01;1.8357188e-01;8.2500000e+01;2.3643531e-01;8.2500000e+01;2.9921842e-01;8.2500000e+01;3.4739384e-01;8.2500000e+01;3.0869448e-01;8.2500000e+01;2.1720999e-01;8.2500000e+01;1.3625588e-01;8.2500000e+01;6.8659730e-02;8.2500000e+01;8.7921917e-03;8.2500000e+01;-4.6379022e-02;8.2500000e+01;-9.9337980e-02;8.2500000e+01;-1.5061617e-01;8.2500000e+01;-2.0166428e-01;8.2500000e+01;-8.4509730e-02;8.2500000e+01;-5.6596898e-02;8.2500000e+01;-9.3833208e-03;8.2500000e+01;5.2754316e-02;8.2500000e+01;1.2386581e-01;8.2500000e+01;1.8357188e-01;8.2500000e+01;2.3643531e-01;8.2500000e+01;2.9921842e-01;8.2500000e+01;3.4739384e-01;8.2500000e+01;3.0869448e-01;8.2500000e+01;2.1720999e-01;8.2500000e+01;1.3625588e-01;8.2500000e+01;6.8659730e-02;8.2500000e+01;8.7921917e-03;8.2500000e+01;-4.6379022e-02;8.2500000e+01;-9.9337980e-02;8.2500000e+01;-1.5061617e-01;8.2500000e+01;-2.0166428e-01;8.2500000e+01;-8.4509730e-02;8.2500000e+01;-5.6596898e-02;8.2500000e+01;-9.3833208e-03;8.2500000e+01;5.2754316e-02;8.2500000e+01;1.2386581e-01;8.2500000e+01;1.8357188e-01;8.2500000e+01;2.3643531e-01;8.2500000e+01;2.9921842e-01;8.2500000e+01;3.4739384e-01;8.2500000e+01;3.0869448e-01;8.2500000e+01;2.1720999e-01;8.2500000e+01;1.3625588e-01;8.2500000e+01;6.8659730e-02;8.2500000e+01;8.7921917e-03;8.2500000e+01;-4.6379022e-02;8.2500000e+01;-9.9337980e-02;8.2500000e+01;-1.5061617e-01;8.2500000e+01;-2.0166428e-01;8.2500000e+01;-8.4509730e-02;8.2500000e+01;-5.6596898e-02;8.2500000e+01;-9.3833208e-03;8.2500000e+01;5.2754316e-02;8.2500000e+01;1.2386581e-01;8.2500000e+01;1.8357188e-01;8.2500000e+01;2.3643531e-01;8.2500000e+01;2.9921842e-01;8.2500000e+01;3.4739384e-01;8.2500000e+01;3.0869448e-01;8.2500000e+01;2.1720999e-01;8.2500000e+01;1.3625588e-01;8.2500000e+01;6.8659730e-02;8.2500000e+01;8.7921917e-03;8.2500000e+01;-4.6379022e-02;8.2500000e+01;-9.9337980e-02;8.2500000e+01;-1.5061617e-01;8.2500000e+01;-2.0166428e-01;8.2500000e+01;-8.4509730e-02;8.2500000e+01;-5.6596898e-02;8.2500000e+01;-9.3833208e-03;8.2500000e+01;5.2754316e-02;8.2500000e+01;1.2386581e-01;8.2500000e+01;1.8357188e-01;8.2500000e+01;2.3643531e-01;8.2500000e+01;2.9921842e-01;8.2500000e+01;3.4739384e-01;8.2500000e+01;3.0869448e-01;8.2500000e+01;2.1720999e-01;8.2500000e+01;1.3625588e-01;8.2500000e+01;6.8659730e-02;8.2500000e+01;8.7921917e-03;8.2500000e+01;-4.6379022e-02;8.2500000e+01;-9.9337980e-02;8.2500000e+01;-1.5061617e-01;8.2500000e+01;-2.0166428e-01;8.2500000e+01;-8.4509730e-02;8.2500000e+01;-5.6596898e-02;8.2500000e+01;-9.3833208e-03;8.2500000e+01;5.2754316e-02;8.2500000e+01;1.2386581e-01;8.2500000e+01;1.8357188e-01;8.2500000e+01;2.3643531e-01;8.2500000e+01;2.9921842e-01;8.2500000e+01;3.4739384e-01;8.2500000e+01;3.0869448e-01;8.2500000e+01;2.1720999e-01;8.2500000e+01;1.3625588e-01;8.2500000e+01;6.8659730e-02;8.2500000e+01;8.7921917e-03;8.2500000e+01;-4.6379022e-02;8.2500000e+01;-9.9337980e-02;8.2500000e+01;-1.5061617e-01;8.2500000e+01;-2.0166428e-01;8.2500000e+01;-8.4509730e-02;8.2500000e+01;-5.6596898e-02;8.2500000e+01;-9.3833208e-03;8.2500000e+01;5.2754316e-02;8.2500000e+01;1.2386581e-01;8.2500000e+01;1.8357188e-01;8.2500000e+01;2.3643531e-01;8.2500000e+01;2.9921842e-01;8.2500000e+01;3.4739384e-01;8.2500000e+01;3.0869448e-01;8.2500000e+01;2.1720999e-01;8.2500000e+01;1.3625588e-01;8.2500000e+01;6.8659730e-02;8.2500000e+01;8.7921917e-03;8.2500000e+01;-4.6379022e-02;8.2500000e+01;-9.9337980e-02;8.2500000e+01;-1.5061617e-01;8.2500000e+01;-2.0166428e-01;8.2500000e+01;-8.4509730e-02;8.2500000e+01;-5.6596898e-02;8.2500000e+01;-9.3833208e-03;8.2500000e+01;5.2754316e-02;8.2500000e+01;1.2386581e-01;8.2500000e+01;1.8357188e-01;8.2500000e+01;2.3643531e-01;8.2500000e+01;2.9921842e-01;8.2500000e+01;3.4739384e-01;8.2500000e+01;3.0869448e-01;8.2500000e+01;2.1720999e-01;8.2500000e+01;1.3625588e-01;8.2500000e+01;6.8659730e-02;8.2500000e+01;8.7921917e-03;8.2500000e+01;-4.6379022e-02;8.2500000e+01;-9.9337980e-02;8.2500000e+01;-1.5061617e-01;8.2500000e+01;-2.0166428e-01;8.2500000e+01;-8.4509730e-02;8.2500000e+01;-5.6596898e-02;8.2500000e+01;-9.3833208e-03;8.2500000e+01;5.2754316e-02;8.2500000e+01;1.2386581e-01;8.2500000e+01;1.8357188e-01;8.2500000e+01;2.3643531e-01;8.2500000e+01;2.9921842e-01;8.2500000e+01;3.4739384e-01;8.2500000e+01;3.0869448e-01;8.2500000e+01;2.1720999e-01;8.2500000e+01;1.3625588e-01;8.2500000e+01;6.8659730e-02;8.2500000e+01;8.7921917e-03;8.2500000e+01;-4.6379022e-02;8.2500000e+01;-9.9337980e-02;8.2500000e+01;-1.5061617e-01;8.2500000e+01;-2.0166428e-01;8.2500000e+01;-8.4509730e-02;8.2500000e+01;-5.6596898e-02;8.2500000e+01;-9.3833208e-03;8.2500000e+01;5.2754316e-02;8.2500000e+01;1.2386581e-01;8.2500000e+01;1.8357188e-01;8.2500000e+01;2.3643531e-01;8.2500000e+01;2.9921842e-01;8.2500000e+01;3.4739384e-01;8.2500000e+01;3.0869448e-01;8.2500000e+01;2.1720999e-01;8.2500000e+01;1.3625588e-01;8.2500000e+01;6.8659730e-02;8.2500000e+01;8.7921917e-03;8.2500000e+01;-4.6379022e-02;8.2500000e+01;-9.9337980e-02;8.2500000e+01;-1.5061617e-01;8.2500000e+01;-2.0166428e-01;8.2500000e+01;-8.4509730e-02;8.2500000e+01;-5.6596898e-02;8.2500000e+01;-9.3833208e-03;8.2500000e+01;5.2754316e-02;8.2500000e+01;1.2386581e-01;8.2500000e+01;1.8357188e-01;8.2500000e+01;2.3643531e-01;8.2500000e+01;2.9921842e-01;8.2500000e+01;3.4739384e-01;8.2500000e+01;3.0869448e-01;8.2500000e+01;2.1720999e-01;8.2500000e+01;1.3625588e-01;8.2500000e+01;6.8659730e-02;8.2500000e+01;8.7921917e-03;8.2500000e+01;-4.6379022e-02;8.2500000e+01;-9.9337980e-02;8.2500000e+01;-1.5061617e-01;8.2500000e+01;-2.0166428e-01;8.2500000e+01;-8.4509730e-02;8.2500000e+01;-5.6596898e-02;8.2500000e+01;-9.3833208e-03;8.2500000e+01;5.2754316e-02;8.2500000e+01;1.2386581e-01;8.2500000e+01;1.8357188e-01;8.2500000e+01;2.3643531e-01;8.2500000e+01;2.9921842e-01;8.2500000e+01;3.4739384e-01;8.2500000e+01;3.0869448e-01;8.2500000e+01;2.1720999e-01;8.2500000e+01;1.3625588e-01;8.2500000e+01;6.8659730e-02;8.2500000e+01;8.7921917e-03;8.2500000e+01;-4.6379022e-02;8.2500000e+01;-9.9337980e-02;8.2500000e+01;-1.5061617e-01;8.2500000e+01;-2.0166428e-01;8.2500000e+01;-8.4509730e-02;8.2500000e+01;-5.6596898e-02;8.2500000e+01;-9.3833208e-03;8.2500000e+01;5.2754316e-02;8.2500000e+01;1.2386581e-01;8.2500000e+01;1.8357188e-01;8.2500000e+01;2.3643531e-01;8.2500000e+01;2.9921842e-01;8.2500000e+01;3.4739384e-01;8.2500000e+01;3.0869448e-01;8.2500000e+01;2.1720999e-01;8.2500000e+01;1.3625588e-01;8.2500000e+01;6.8659730e-02;8.2500000e+01;8.7921917e-03;8.2500000e+01;-4.6379022e-02;8.2500000e+01;-9.9337980e-02;8.2500000e+01;-1.5061617e-01;8.2500000e+01;-2.0166428e-01;8.2500000e+01;-8.4509730e-02;8.2500000e+01;-5.6596898e-02;8.2500000e+01;-9.3833208e-03;8.2500000e+01;5.2754316e-02;8.2500000e+01;1.2386581e-01;8.2500000e+01;1.8357188e-01;8.2500000e+01;2.3643531e-01;8.2500000e+01;2.9921842e-01;8.2500000e+01;3.4739384e-01;8.2500000e+01;3.0869448e-01;8.2500000e+01;2.1720999e-01;8.2500000e+01;1.3625588e-01;8.2500000e+01;6.8659730e-02;8.2500000e+01;8.7921917e-03;8.2500000e+01;-4.6379022e-02;8.2500000e+01;-9.9337980e-02;8.2500000e+01;-1.5061617e-01;8.2500000e+01;-2.0166428e-01;8.2500000e+01;-8.4509730e-02;8.2500000e+01;-5.6596898e-02;8.2500000e+01;-9.3833208e-03;8.2500000e+01;5.2754316e-02;8.2500000e+01;1.2386581e-01;8.2500000e+01;1.8357188e-01;8.2500000e+01;2.3643531e-01;8.2500000e+01;2.9921842e-01;8.2500000e+01;3.4739384e-01;8.2500000e+01;3.0869448e-01;8.2500000e+01;2.1720999e-01;8.2500000e+01;1.3625588e-01;8.2500000e+01;6.8659730e-02;8.2500000e+01;8.7921917e-03;8.2500000e+01;-4.6379022e-02;8.2500000e+01;-9.9337980e-02;8.2500000e+01;-1.5061617e-01;8.2500000e+01;-2.0166428e-01;8.2500000e+01;-8.4509730e-02;8.2500000e+01;-5.6596898e-02;8.2500000e+01;-9.3833208e-03;8.2500000e+01;5.2754316e-02;8.2500000e+01;1.2386581e-01;8.2500000e+01;1.8357188e-01;8.2500000e+01;2.3643531e-01;8.2500000e+01;2.9921842e-01;8.2500000e+01;3.4739384e-01;8.2500000e+01;3.0869448e-01;8.2500000e+01;2.1720999e-01;8.2500000e+01;1.3625588e-01;8.2500000e+01;6.8659730e-02;8.2500000e+01;8.7921917e-03;8.2500000e+01;-4.6379022e-02;8.2500000e+01;-9.9337980e-02;8.2500000e+01;-1.5061617e-01;8.2500000e+01;-2.0166428e-01;8.2500000e+01;-8.4509730e-02;8.2500000e+01;-5.6596898e-02;8.2500000e+01;-9.3833208e-03;8.2500000e+01;5.2754316e-02;8.2500000e+01;1.2386581e-01;8.2500000e+01;1.8357188e-01;8.2500000e+01;2.3643531e-01;8.2500000e+01;2.9921842e-01;8.2500000e+01;3.4739384e-01;8.2500000e+01;3.0869448e-01;8.2500000e+01;2.1720999e-01;8.2500000e+01;1.3625588e-01;8.2500000e+01;6.8659730e-02;8.2500000e+01;8.7921917e-03;8.2500000e+01;-4.6379022e-02;8.2500000e+01;-9.9337980e-02;8.2500000e+01;-1.5061617e-01;8.2500000e+01;-2.0166428e-01;8.2500000e+01;-8.4509730e-02;8.2500000e+01;-5.6596898e-02;8.2500000e+01;-9.3833208e-03;8.2500000e+01;5.2754316e-02;8.2500000e+01;1.2386581e-01;8.2500000e+01;1.8357188e-01;8.2500000e+01;2.3643531e-01;8.2500000e+01;2.9921842e-01;8.2500000e+01;3.4739384e-01;8.2500000e+01;3.0869448e-01;8.2500000e+01;2.1720999e-01;8.2500000e+01;1.3625588e-01;8.2500000e+01;6.8659730e-02;8.2500000e+01;8.7921917e-03;8.2500000e+01;-4.6379022e-02;8.2500000e+01;-9.9337980e-02;8.2500000e+01;-1.5061617e-01;8.2500000e+01;-2.0166428e-01;8.2500000e+01;-8.4509730e-02;8.2500000e+01;-5.6596898e-02;8.2500000e+01;-9.3833208e-03;8.2500000e+01;5.2754316e-02;8.2500000e+01;1.2386581e-01;8.2500000e+01;1.8357188e-01;8.2500000e+01;2.3643531e-01;8.2500000e+01;2.9921842e-01;8.2500000e+01;3.4739384e-01;8.2500000e+01;3.0869448e-01;8.2500000e+01;2.1720999e-01;8.2500000e+01;1.3625588e-01;8.2500000e+01;6.8659730e-02;8.2500000e+01;8.7921917e-03;8.2500000e+01;-4.6379022e-02;8.2500000e+01;-9.9337980e-02;8.2500000e+01;-1.5061617e-01;8.2500000e+01;-2.0166428e-01;8.2500000e+01;-8.4509730e-02;8.2500000e+01;-5.6596898e-02;8.2500000e+01;-9.3833208e-03;8.2500000e+01;5.2754316e-02;8.2500000e+01;1.2386581e-01;8.2500000e+01;1.8357188e-01;8.2500000e+01;2.3643531e-01;8.2500000e+01;2.9921842e-01;8.2500000e+01;3.4739384e-01;8.2500000e+01;3.0869448e-01;8.2500000e+01;2.1720999e-01;8.2500000e+01;1.3625588e-01;8.2500000e+01;6.8659730e-02;8.2500000e+01;8.7921917e-03;8.2500000e+01;-4.6379022e-02;8.2500000e+01;-9.9337980e-02;8.2500000e+01;-1.5061617e-01;8.2500000e+01;-2.0166428e-01;8.2500000e+01;-8.4509730e-02;8.2500000e+01;-5.6596898e-02;8.2500000e+01;-9.3833208e-03;8.2500000e+01;5.2754316e-02;8.2500000e+01;1.2386581e-01;8.2500000e+01;1.8357188e-01;8.2500000e+01;2.3643531e-01;8.2500000e+01;2.9921842e-01;8.2500000e+01;3.4739384e-01;8.2500000e+01;3.0869448e-01;8.2500000e+01;2.1720999e-01;8.2500000e+01;1.3625588e-01;8.2500000e+01;6.8659730e-02;8.2500000e+01;8.7921917e-03;8.2500000e+01;-4.6379022e-02;8.2500000e+01;-9.9337980e-02;8.2500000e+01;-1.5061617e-01;8.2500000e+01;-2.0166428e-01;8.2500000e+01;-8.4509730e-02;8.2500000e+01;-5.6596898e-02;8.2500000e+01;-9.3833208e-03;8.2500000e+01;5.2754316e-02;8.2500000e+01;1.2386581e-01;8.2500000e+01;1.8357188e-01;8.2500000e+01;2.3643531e-01;8.2500000e+01;2.9921842e-01;8.2500000e+01;3.4739384e-01;8.2500000e+01;3.0869448e-01;8.2500000e+01;2.1720999e-01;8.2500000e+01;1.3625588e-01;8.2500000e+01;6.8659730e-02;8.2500000e+01;8.7921917e-03;8.2500000e+01;-4.6379022e-02;8.2500000e+01;-9.9337980e-02;8.2500000e+01;-1.5061617e-01;8.2500000e+01;-2.0166428e-01;8.2500000e+01;-8.4509730e-02;8.2500000e+01;-5.6596898e-02;8.2500000e+01;-9.3833208e-03;8.2500000e+01;5.2754316e-02;8.2500000e+01;1.2386581e-01;8.2500000e+01;1.8357188e-01;8.2500000e+01;2.3643531e-01;8.2500000e+01;2.9921842e-01;8.2500000e+01;3.4739384e-01;8.2500000e+01;3.0869448e-01;8.2500000e+01;2.1720999e-01;8.2500000e+01;1.3625588e-01;8.2500000e+01;6.8659730e-02;8.2500000e+01;8.7921917e-03;8.2500000e+01;-4.6379022e-02;8.2500000e+01;-9.9337980e-02;8.2500000e+01;-1.5061617e-01;8.2500000e+01;-2.0166428e-01;8.2500000e+01;-8.4509730e-02;8.2500000e+01;-5.6596898e-02;8.2500000e+01;-9.3833208e-03;8.2500000e+01;5.2754316e-02;8.2500000e+01;1.2386581e-01;8.2500000e+01;1.8357188e-01;8.2500000e+01;2.3643531e-01;8.2500000e+01;2.9921842e-01;8.2500000e+01;3.4739384e-01;8.2500000e+01;3.0869448e-01;8.2500000e+01;2.1720999e-01;8.2500000e+01;1.3625588e-01;8.2500000e+01;6.8659730e-02;8.2500000e+01;8.7921917e-03;8.2500000e+01;-4.6379022e-02;8.2500000e+01;-9.9337980e-02;8.2500000e+01;-1.5061617e-01;8.2500000e+01;-2.0166428e-01
8.7500000e+01;-8.9052387e-02;8.7500000e+01;-6.7225933e-02;8.7500000e+01;-2.7732830e-02;8.7500000e+01;2.8078716e-02;8.7500000e+01;8.7893739e-02;8.7500000e+01;1.4336090e-01;8.7500000e+01;2.0034967e-01;8.7500000e+01;2.7824578e-01;8.7500000e+01;3.3436093e-01;8.7500000e+01;3.0341753e-01;8.7500000e+01;2.1802643e-01;8.7500000e+01;1.3505304e-01;8.7500000e+01;6.5386191e-02;8.7500000e+01;4.5434609e-03;8.7500000e+01;-5.1934846e-02;8.7500000e+01;-1.0596716e-01;8.7500000e+01;-1.5772155e-01;8.7500000e+01;-2.0890617e-01;8.7500000e+01;-8.9052387e-02;8.7500000e+01;-6.7225933e-02;8.7500000e+01;-2.7732830e-02;8.7500000e+01;2.8078716e-02;8.7500000e+01;8.7893739e-02;8.7500000e+01;1.4336090e-01;8.7500000e+01;2.0034967e-01;8.7500000e+01;2.7824578e-01;8.7500000e+01;3.3436093e-01;8.7500000e+01;3.0341753e-01;8.7500000e+01;2.1802643e-01;8.7500000e+01;1.3505304e-01;8.7500000e+01;6.5386191e-02;8.7500000e+01;4.5434609e-03;8.7500000e+01;-5.1934846e-02;8.7500000e+01;-1.0596716e-01;8.7500000e+01;-1.5772155e-01;8.7500000e+01;-2.0890617e-01;8.7500000e+01;-8.9052387e-02;8.7500000e+01;-6.7225933e-02;8.7500000e+01;-2.7732830e-02;8.7500000e+01;2.8078716e-02;8.7500000e+01;8.7893739e-02;8.7500000e+01;1.4336090e-01;8.7500000e+01;2.0034967e-01;8.7500000e+01;2.7824578e-01;8.7500000e+01;3.3436093e-01;8.7500000e+01;3.0341753e-01;8.7500000e+01;2.1802643e-01;8.7500000e+01;1.3505304e-01;8.7500000e+01;6.5386191e-02;8.7500000e+01;4.5434609e-03;8.7500000e+01;-5.1934846e-02;8.7500000e+01;-1.0596716e-01;8.7500000e+01;-1.5772155e-01;8.7500000e+01;-2.0890617e-01;8.7500000e+01;-8.9052387e-02;8.7500000e+01;-6.7225933e-02;8.7500000e+01;-2.7732830e-02;8.7500000e+01;2.8078716e-02;8.7500000e+01;8.7893739e-02;8.7500000e+01;1.4336090e-01;8.7500000e+01;2.0034967e-01;8.7500000e+01;2.7824578e-01;8.7500000e+01;3.3436093e-01;8.7500000e+01;3.0341753e-01;8.7500000e+01;2.1802643e-01;8.7500000e+01;1.3505304e-01;8.7500000e+01;6.5386191e-02;8.7500000e+01;4.5434609e-03;8.7500000e+01;-5.1934846e-02;8.7500000e+01;-1.0596716e-01;8.7500000e+01;-1.5772155e-01;8.7500000e+01;-2.0890617e-01;8.7500000e+01;-8.9052387e-02;8.7500000e+01;-6.7225933e-02;8.7500000e+01;-2.7732830e-02;8.7500000e+01;2.8078716e-02;8.7500000e+01;8.7893739e-02;8.7500000e+01;1.4336090e-01;8.7500000e+01;2.0034967e-01;8.7500000e+01;2.7824578e-01;8.7500000e+01;3.3436093e-01;8.7500000e+01;3.0341753e-01;8.7500000e+01;2.1802643e-01;8.7500000e+01;1.3505304e-01;8.7500000e+01;6.5386191e-02;8.7500000e+01;4.5434609e-03;8.7500000e+01;-5.1934846e-02;8.7500000e+01;-1.0596716e-01;8.7500000e+01;-1.5772155e-01;8.7500000e+01;-2.0890617e-01;8.7500000e+01;-8.9052387e-02;8.7500000e+01;-6.7225933e-02;8.7500000e+01;-2.7732830e-02;8.7500000e+01;2.8078716e-02;8.7500000e+01;8.7893739e-02;8.7500000e+01;1.4336090e-01;8.7500000e+01;2.0034967e-01;8.7500000e+01;2.7824578e-01;8.7500000e+01;3.3436093e-01;8.7500000e+01;3.0341753e-01;8.7500000e+01;2.1802643e-01;8.7500000e+01;1.3505304e-01;8.7500000e+01;6.5386191e-02;8.7500000e+01;4.5434609e-03;8.7500000e+01;-5.1934846e-02;8.7500000e+01;-1.0596716e-01;8.7500000e+01;-1.5772155e-01;8.7500000e+01;-2.0890617e-01;8.7500000e+01;-8.9052387e-02;8.7500000e+01;-6.7225933e-02;8.7500000e+01;-2.7732830e-02;8.7500000e+01;2.8078716e-02;8.7500000e+01;8.7893739e-02;8.7500000e+01;1.4336090e-01;8.7500000e+01;2.0034967e-01;8.7500000e+01;2.7824578e-01;8.7500000e+01;3.3436093e-01;8.7500000e+01;3.0341753e-01;8.7500000e+01;2.1802643e-01;8.7500000e+01;1.3505304e-01;8.7500000e+01;6.5386191e-02;8.7500000e+01;4.5434609e-03;8.7500000e+01;-5.1934846e-02;8.7500000e+01;-1.0596716e-01;8.7500000e+01;-1.5772155e-01;8.7500000e+01;-2.0890617e-01;8.7500000e+01;-8.9052387e-02;8.7500000e+01;-6.7225933e-02;8.7500000e+01;-2.7732830e-02;8.7500000e+01;2.8078716e-02;8.7500000e+01;8.7893739e-02;8.7500000e+01;1.4336090e-01;8.7500000e+01;2.0034967e-01;8.7500000e+01;2.7824578e-01;8.7500000e+01;3.3436093e-01;8.7500000e+01;3.0341753e-01;8.7500000e+01;2.1802643e-01;8.7500000e+01;1.3505304e-01;8.7500000e+01;6.5386191e-02;8.7500000e+01;4.5434609e-03;8.7500000e+01;-5.1934846e-02;8.7500000e+01;-1.0596716e-01;8.7500000e+01;-1.5772155e-01;8.7500000e+01;-2.0890617e-01;8.7500000e+01;-8.9052387e-02;8.7500000e+01;-6.7225933e-02;8.7500000e+01;-2.7732830e-02;8.7500000e+01;2.8078716e-02;8.7500000e+01;8.7893739e-02;8.7500000e+01;1.4336090e-01;8.7500000e+01;2.0034967e-01;8.7500000e+01;2.7824578e-01;8.7500000e+01;3.3436093e-01;8.7500000e+01;3.0341753e-01;8.7500000e+01;2.1802643e-01;8.7500000e+01;1.3505304e-01;8.7500000e+01;6.5386191e-02;8.7500000e+01;4.5434609e-03;8.7500000e+01;-5.1934846e-02;8.7500000e+01;-1.0596716e-01;8.7500000e+01;-1.5772155e-01;8.7500000e+01;-2.0890617e-01;8.7500000e+01;-8.9052387e-02;8.7500000e+01;-6.7225933e-02;8.7500000e+01;-2.7732830e-02;8.7500000e+01;2.8078716e-02;8.7500000e+01;8.7893739e-02;8.7500000e+01;1.4336090e-01;8.7500000e+01;2.0034967e-01;8.7500000e+01;2.7824578e-01;8.7500000e+01;3.3436093e-01;8.7500000e+01;3.0341753e-01;8.7500000e+01;2.1802643e-01;8.7500000e+01;1.3505304e-01;8.7500000e+01;6.5386191e-02;8.7500000e+01;4.5434609e-03;8.7500000e+01;-5.1934846e-02;8.7500000e+01;-1.0596716e-01;8.7500000e+01;-1.5772155e-01;8.7500000e+01;-2.0890617e-01;8.7500000e+01;-8.9052387e-02;8.7500000e+01;-6.7225933e-02;8.7500000e+01;-2.7732830e-02;8.7500000e+01;2.8078716e-02;8.7500000e+01;8.7893739e-02;8.7500000e+01;1.4336090e-01;8.7500000e+01;2.0034967e-01;8.7500000e+01;2.7824578e-01;8.7500000e+01;3.3436093e-01;8.7500000e+01;3.0341753e-01;8.7500000e+01;2.1802643e-01;8.7500000e+01;1.3505304e-01;8.7500000e+01;6.5386191e-02;8.7500000e+01;4.5434609e-03;8.7500000e+01;-5.1934846e-02;8.7500000e+01;-1.0596716e-01;8.7500000e+01;-1.5772155e-01;8.7500000e+01;-2.0890617e-01;8.7500000e+01;-8.9052387e-02;8.7500000e+01;-6.7225933e-02;8.7500000e+01;-2.7732830e-02;8.7500000e+01;2.8078716e-02;8.7500000e+01;8.7893739e-02;8.7500000e+01;1.4336090e-01;8.7500000e+01;2.0034967e-01;8.7500000e+01;2.7824578e-01;8.7500000e+01;3.3436093e-01;8.7500000e+01;3.0341753e-01;8.7500000e+01;2.1802643e-01;8.7500000e+01;1.3505304e-01;8.7500000e+01;6.5386191e-02;8.7500000e+01;4.5434609e-03;8.7500000e+01;-5.1934846e-02;8.7500000e+01;-1.0596716e-01;8.7500000e+01;-1.5772155e-01;8.7500000e+01;-2.0890617e-01;8.7500000e+01;-8.9052387e-02;8.7500000e+01;-6.7225933e-02;8.7500000e+01;-2.7732830e-02;8.7500000e+01;2.8078716e-02;8.7500000e+01;8.7893739e-02;8.7500000e+01;1.4336090e-01;8.7500000e+01;2.0034967e-01;8.7500000e+01;2.7824578e-01;8.7500000e+01;3.3436093e-01;8.7500000e+01;3.0341753e-01;8.7500000e+01;2.1802643e-01;8.7500000e+01;1.3505304e-01;8.7500000e+01;6.5386191e-02;8.7500000e+01;4.5434609e-03;8.7500000e+01;-5.1934846e-02;8.7500000e+01;-1.0596716e-01;8.7500000e+01;-1.5772155e-01;8.7500000e+01;-2.0890617e-01;8.7500000e+01;-8.9052387e-02;8.7500000e+01;-6.7225933e-02;8.7500000e+01;-2.7732830e-02;8.7500000e+01;2.8078716e-02;8.7500000e+01;8.7893739e-02;8.7500000e+01;1.4336090e-01;8.7500000e+01;2.0034967e-01;8.7500000e+01;2.7824578e-01;8.7500000e+01;3.3436093e-01;8.7500000e+01;3.0341753e-01;8.7500000e+01;2.1802643e-01;8.7500000e+01;1.3505304e-01;8.7500000e+01;6.5386191e-02;8.7500000e+01;4.5434609e-03;8.7500000e+01;-5.1934846e-02;8.7500000e+01;-1.0596716e-01;8.7500000e+01;-1.5772155e-01;8.7500000e+01;-2.0890617e-01;8.7500000e+01;-8.9052387e-02;8.7500000e+01;-6.7225933e-02;8.7500000e+01;-2.7732830e-02;8.7500000e+01;2.8078716e-02;8.7500000e+01;8.7893739e-02;8.7500000e+01;1.4336090e-01;8.7500000e+01;2.0034967e-01;8.7500000e+01;2.7824578e-01;8.7500000e+01;3.3436093e-01;8.7500000e+01;3.0341753e-01;8.7500000e+01;2.1802643e-01;8.7500000e+01;1.3505304e-01;8.7500000e+01;6.5386191e-02;8.7500000e+01;4.5434609e-03;8.7500000e+01;-5.1934846e-02;8.7500000e+01;-1.0596716e-01;8.7500000e+01;-1.5772155e-01;8.7500000e+01;-2.0890617e-01;8.7500000e+01;-8.9052387e-02;8.7500000e+01;-6.7225933e-02;8.7500000e+01;-2.7732830e-02;8.7500000e+01;2.8078716e-02;8.7500000e+01;8.7893739e-02;8.7500000e+01;1.4336090e-01;8.7500000e+01;2.0034967e-01;8.7500000e+01;2.7824578e-01;8.7500000e+01;3.3436093e-01;8.7500000e+01;3.0341753e-01;8.7500000e+01;2.1802643e-01;8.7500000e+01;1.3505304e-01;8.7500000e+01;6.5386191e-02;8.7500000e+01;4.5434609e-03;8.7500000e+01;-5.1934846e-02;8.7500000e+01;-1.0596716e-01;8.7500000e+01;-1.5772155e-01;8.7500000e+01;-2.0890617e-01;8.7500000e+01;-8.9052387e-02;8.7500000e+01;-6.7225933e-02;8.7500000e+01;-2.7732830e-02;8.7500000e+01;2.8078716e-02;8.7500000e+01;8.7893739e-02;8.7500000e+01;1.4336090e-01;8.7500000e+01;2.0034967e-01;8.7500000e+01;2.7824578e-01;8.7500000e+01;3.3436093e-01;8.7500000e+01;3.0341753e-01;8.7500000e+01;2.1802643e-01;8.7500000e+01;1.3505304e-01;8.7500000e+01;6.5386191e-02;8.7500000e+01;4.5434609e-03;8.7500000e+01;-5.1934846e-02;8.7500000e+01;-1.0596716e-01;8.7500000e+01;-1.5772155e-01;8.7500000e+01;-2.0890617e-01;8.7500000e+01;-8.9052387e-02;8.7500000e+01;-6.7225933e-02;8.7500000e+01;-2.7732830e-02;8.7500000e+01;2.8078716e-02;8.7500000e+01;8.7893739e-02;8.7500000e+01;1.4336090e-01;8.7500000e+01;2.0034967e-01;8.7500000e+01;2.7824578e-01;8.7500000e+01;3.3436093e-01;8.7500000e+01;3.0341753e-01;8.7500000e+01;2.1802643e-01;8.7500000e+01;1.3505304e-01;8.7500000e+01;6.5386191e-02;8.7500000e+01;4.5434609e-03;8.7500000e+01;-5.1934846e-02;8.7500000e+01;-1.0596716e-01;8.7500000e+01;-1.5772155e-01;8.7500000e+01;-2.0890617e-01;8.7500000e+01;-8.9052387e-02;8.7500000e+01;-6.7225933e-02;8.7500000e+01;-2.7732830e-02;8.7500000e+01;2.8078716e-02;8.7500000e+01;8.7893739e-02;8.7500000e+01;1.4336090e-01;8.7500000e+01;2.0034967e-01;8.7500000e+01;2.7824578e-01;8.7500000e+01;3.3436093e-01;8.7500000e+01;3.0341753e-01;8.7500000e+01;2.1802643e-01;8.7500000e+01;1.3505304e-01;8.7500000e+01;6.5386191e-02;8.7500000e+01;4.5434609e-03;8.7500000e+01;-5.1934846e-02;8.7500000e+01;-1.0596716e-01;8.7500000e+01;-1.5772155e-01;8.7500000e+01;-2.0890617e-01;8.7500000e+01;-8.9052387e-02;8.7500000e+01;-6.7225933e-02;8.7500000e+01;-2.7732830e-02;8.7500000e+01;2.8078716e-02;8.7500000e+01;8.7893739e-02;8.7500000e+01;1.4336090e-01;8.7500000e+01;2.0034967e-01;8.7500000e+01;2.7824578e-01;8.7500000e+01;3.3436093e-01;8.7500000e+01;3.0341753e-01;8.7500000e+01;2.1802643e-01;8.7500000e+01;1.3505304e-01;8.7500000e+01;6.5386191e-02;8.7500000e+01;4.5434609e-03;8.7500000e+01;-5.1934846e-02;8.7500000e+01;-1.0596716e-01;8.7500000e+01;-1.5772155e-01;8.7500000e+01;-2.0890617e-01;8.7500000e+01;-8.9052387e-02;8.7500000e+01;-6.7225933e-02;8.7500000e+01;-2.7732830e-02;8.7500000e+01;2.8078716e-02;8.7500000e+01;8.7893739e-02;8.7500000e+01;1.4336090e-01;8.7500000e+01;2.0034967e-01;8.7500000e+01;2.7824578e-01;8.7500000e+01;3.3436093e-01;8.7500000e+01;3.0341753e-01;8.7500000e+01;2.1802643e-01;8.7500000e+01;1.3505304e-01;8.7500000e+01;6.5386191e-02;8.7500000e+01;4.5434609e-03;8.7500000e+01;-5.1934846e-02;8.7500000e+01;-1.0596716e-01;8.7500000e+01;-1.5772155e-01;8.7500000e+01;-2.0890617e-01;8.7500000e+01;-8.9052387e-02;8.7500000e+01;-6.7225933e-02;8.7500000e+01;-2.7732830e-02;8.7500000e+01;2.8078716e-02;8.7500000e+01;8.7893739e-02;8.7500000e+01;1.4336090e-01;8.7500000e+01;2.0034967e-01;8.7500000e+01;2.7824578e-01;8.7500000e+01;3.3436093e-01;8.7500000e+01;3.0341753e-01;8.7500000e+01;2.1802643e-01;8.7500000e+01;1.3505304e-01;8.7500000e+01;6.5386191e-02;8.7500000e+01;4.5434609e-03;8.7500000e+01;-5.1934846e-02;8.7500000e+01;-1.0596716e-01;8.7500000e+01;-1.5772155e-01;8.7500000e+01;-2.0890617e-01;8.7500000e+01;-8.9052387e-02;8.7500000e+01;-6.7225933e-02;8.7500000e+01;-2.7732830e-02;8.7500000e+01;2.8078716e-02;8.7500000e+01;8.7893739e-02;8.7500000e+01;1.4336090e-01;8.7500000e+01;2.0034967e-01;8.7500000e+01;2.7824578e-01;8.7500000e+01;3.3436093e-01;8.7500000e+01;3.0341753e-01;8.7500000e+01;2.1802643e-01;8.7500000e+01;1.3505304e-01;8.7500000e+01;6.5386191e-02;8.7500000e+01;4.5434609e-03;8.7500000e+01;-5.1934846e-02;8.7500000e+01;-1.0596716e-01;8.7500000e+01;-1.5772155e-01;8.7500000e+01;-2.0890617e-01;8.7500000e+01;-8.9052387e-02;8.7500000e+01;-6.7225933e-02;8.7500000e+01;-2.7732830e-02;8.7500000e+01;2.8078716e-02;8.7500000e+01;8.7893739e-02;8.7500000e+01;1.4336090e-01;8.7500000e+01;2.0034967e-01;8.7500000e+01;2.7824578e-01;8.7500000e+01;3.3436093e-01;8.7500000e+01;3.0341753e-01;8.7500000e+01;2.1802643e-01;8.7500000e+01;1.3505304e-01;8.7500000e+01;6.5386191e-02;8.7500000e+01;4.5434609e-03;8.7500000e+01;-5.1934846e-02;8.7500000e+01;-1.0596716e-01;8.7500000e+01;-1.5772155e-01;8.7500000e+01;-2.0890617e-01;8.7500000e+01;-8.9052387e-02;8.7500000e+01;-6.7225933e-02;8.7500000e+01;-2.7732830e-02;8.7500000e+01;2.8078716e-02;8.7500000e+01;8.7893739e-02;8.7500000e+01;1.4336090e-01;8.7500000e+01;2.0034967e-01;8.7500000e+01;2.7824578e-01;8.7500000e+01;3.3436093e-01;8.7500000e+01;3.0341753e-01;8.7500000e+01;2.1802643e-01;8.7500000e+01;1.3505304e-01;8.7500000e+01;6.5386191e-02;8.7500000e+01;4.5434609e-03;8.7500000e+01;-5.1934846e-02;8.7500000e+01;-1.0596716e-01;8.7500000e+01;-1.5772155e-01;8.7500000e+01;-2.0890617e-01;8.7500000e+01;-8.9052387e-02;8.7500000e+01;-6.7225933e-02;8.7500000e+01;-2.7732830e-02;8.7500000e+01;2.8078716e-02;8.7500000e+01;8.7893739e-02;8.7500000e+01;1.4336090e-01;8.7500000e+01;2.0034967e-01;8.7500000e+01;2.7824578e-01;8.7500000e+01;3.3436093e-01;8.7500000e+01;3.0341753e-01;8.7500000e+01;2.1802643e-01;8.7500000e+01;1.3505304e-01;8.7500000e+01;6.5386191e-02;8.7500000e+01;4.5434609e-03;8.7500000e+01;-5.1934846e-02;8.7500000e+01;-1.0596716e-01;8.7500000e+01;-1.5772155e-01;8.7500000e+01;-2.0890617e-01;8.7500000e+01;-8.9052387e-02;8.7500000e+01;-6.7225933e-02;8.7500000e+01;-2.7732830e-02;8.7500000e+01;2.8078716e-02;8.7500000e+01;8.7893739e-02;8.7500000e+01;1.4336090e-01;8.7500000e+01;2.0034967e-01;8.7500000e+01;2.7824578e-01;8.7500000e+01;3.3436093e-01;8.7500000e+01;3.0341753e-01;8.7500000e+01;2.1802643e-01;8.7500000e+01;1.3505304e-01;8.7500000e+01;6.5386191e-02;8.7500000e+01;4.5434609e-03;8.7500000e+01;-5.1934846e-02;8.7500000e+01;-1.0596716e-01;8.7500000e+01;-1.5772155e-01;8.7500000e+01;-2.0890617e-01;8.7500000e+01;-8.9052387e-02;8.7500000e+01;-6.7225933e-02;8.7500000e+01;-2.7732830e-02;8.7500000e+01;2.8078716e-02;8.7500000e+01;8.7893739e-02;8.7500000e+01;1.4336090e-01;8.7500000e+01;2.0034967e-01;8.7500000e+01;2.7824578e-01;8.7500000e+01;3.3436093e-01;8.7500000e+01;3.0341753e-01;8.7500000e+01;2.1802643e-01;8.7500000e+01;1.3505304e-01;8.7500000e+01;6.5386191e-02;8.7500000e+01;4.5434609e-03;8.7500000e+01;-5.1934846e-02;8.7500000e+01;-1.0596716e-01;8.7500000e+01;-1.5772155e-01;8.7500000e+01;-2.0890617e-01;8.7500000e+01;-8.9052387e-02;8.7500000e+01;-6.7225933e-02;8.7500000e+01;-2.7732830e-02;8.7500000e+01;2.8078716e-02;8.7500000e+01;8.7893739e-02;8.7500000e+01;1.4336090e-01;8.7500000e+01;2.0034967e-01;8.7500000e+01;2.7824578e-01;8.7500000e+01;3.3436093e-01;8.7500000e+01;3.0341753e-01;8.7500000e+01;2.1802643e-01;8.7500000e+01;1.3505304e-01;8.7500000e+01;6.5386191e-02;8.7500000e+01;4.5434609e-03;8.7500000e+01;-5.1934846e-02;8.7500000e+01;-1.0596716e-01;8.7500000e+01;-1.5772155e-01;8.7500000e+01;-2.0890617e-01;8.7500000e+01;-8.9052387e-02;8.7500000e+01;-6.7225933e-02;8.7500000e+01;-2.7732830e-02;8.7500000e+01;2.8078716e-02;8.7500000e+01;8.7893739e-02;8.7500000e+01;1.4336090e-01;8.7500000e+01;2.0034967e-01;8.7500000e+01;2.7824578e-01;8.7500000e+01;3.3436093e-01;8.7500000e+01;3.0341753e-01;8.7500000e+01;2.1802643e-01;8.7500000e+01;1.3505304e-01;8.7500000e+01;6.5386191e-02;8.7500000e+01;4.5434609e-03;8.7500000e+01;-5.1934846e-02;8.7500000e+01;-1.0596716e-01;8.7500000e+01;-1.5772155e-01;8.7500000e+01;-2.0890617e-01;8.7500000e+01;-8.9052387e-02;8.7500000e+01;-6.7225933e-02;8.7500000e+01;-2.7732830e-02;8.7500000e+01;2.8078716e-02;8.7500000e+01;8.7893739e-02;8.7500000e+01;1.4336090e-01;8.7500000e+01;2.0034967e-01;8.7500000e+01;2.7824578e-01;8.7500000e+01;3.3436093e-01;8.7500000e+01;3.0341753e-01;8.7500000e+01;2.1802643e-01;8.7500000e+01;1.3505304e-01;8.7500000e+01;6.5386191e-02;8.7500000e+01;4.5434609e-03;8.7500000e+01;-5.1934846e-02;8.7500000e+01;-1.0596716e-01;8.7500000e+01;-1.5772155e-01;8.7500000e+01;-2.0890617e-01;8.7500000e+01;-8.9052387e-02;8.7500000e+01;-6.7225933e-02;8.7500000e+01;-2.7732830e-02;8.7500000e+01;2.8078716e-02;8.7500000e+01;8.7893739e-02;8.7500000e+01;1.4336090e-01;8.7500000e+01;2.0034967e-01;8.7500000e+01;2.7824578e-01;8.7500000e+01;3.3436093e-01;8.7500000e+01;3.0341753e-01;8.7500000e+01;2.1802643e-01;8.7500000e+01;1.3505304e-01;8.7500000e+01;6.5386191e-02;8.7500000e+01;4.5434609e-03;8.7500000e+01;-5.1934846e-02;8.7500000e+01;-1.0596716e-01;8.7500000e+01;-1.5772155e-01;8.7500000e+01;-2.0890617e-01;8.7500000e+01;-8.9052387e-02;8.7500000e+01;-6.7225933e-02;8.7500000e+01;-2.7732830e-02;8.7500000e+01;2.8078716e-02;8.7500000e+01;8.7893739e-02;8.7500000e+01;1.4336090e-01;8.7500000e+01;2.0034967e-01;8.7500000e+01;2.7824578e-01;8.7500000e+01;3.3436093e-01;8.7500000e+01;3.0341753e-01;8.7500000e+01;2.1802643e-01;8.7500000e+01;1.3505304e-01;8.7500000e+01;6.5386191e-02;8.7500000e+01;4.5434609e-03;8.7500000e+01;-5.1934846e-02;8.7500000e+01;-1.0596716e-01;8.7500000e+01;-1.5772155e-01;8.7500000e+01;-2.0890617e-01;8.7500000e+01;-8.9052387e-02;8.7500000e+01;-6.7225933e-02;8.7500000e+01;-2.7732830e-02;8.7500000e+01;2.8078716e-02;8.7500000e+01;8.7893739e-02;8.7500000e+01;1.4336090e-01;8.7500000e+01;2.0034967e-01;8.7500000e+01;2.7824578e-01;8.7500000e+01;3.3436093e-01;8.7500000e+01;3.0341753e-01;8.7500000e+01;2.1802643e-01;8.7500000e+01;1.3505304e-01;8.7500000e+01;6.5386191e-02;8.7500000e+01;4.5434609e-03;8.7500000e+01;-5.1934846e-02;8.7500000e+01;-1.0596716e-01;8.7500000e+01;-1.5772155e-01;8.7500000e+01;-2.0890617e-01;8.7500000e+01;-8.9052387e-02;8.7500000e+01;-6.7225933e-02;8.7500000e+01;-2.7732830e-02;8.7500000e+01;2.8078716e-02;8.7500000e+01;8.7893739e-02;8.7500000e+01;1.4336090e-01;8.7500000e+01;2.0034967e-01;8.7500000e+01;2.7824578e-01;8.7500000e+01;3.3436093e-01;8.7500000e+01;3.0341753e-01;8.7500000e+01;2.1802643e-01;8.7500000e+01;1.3505304e-01;8.7500000e+01;6.5386191e-02;8.7500000e+01;4.5434609e-03;8.7500000e+01;-5.1934846e-02;8.7500000e+01;-1.0596716e-01;8.7500000e+01;-1.5772155e-01;8.7500000e+01;-2.0890617e-01;8.7500000e+01;-8.9052387e-02;8.7500000e+01;-6.7225933e-02;8.7500000e+01;-2.7732830e-02;8.7500000e+01;2.8078716e-02;8.7500000e+01;8.7893739e-02;8.7500000e+01;1.4336090e-01;8.7500000e+01;2.0034967e-01;8.7500000e+01;2.7824578e-01;8.7500000e+01;3.3436093e-01;8.7500000e+01;3.0341753e-01;8.7500000e+01;2.1802643e-01;8.7500000e+01;1.3505304e-01;8.7500000e+01;6.5386191e-02;8.7500000e+01;4.5434609e-03;8.7500000e+01;-5.1934846e-02;8.7500000e+01;-1.0596716e-01;8.7500000e+01;-1.5772155e-01;8.7500000e+01;-2.0890617e-01;8.7500000e+01;-8.9052387e-02;8.7500000e+01;-6.7225933e-02;8.7500000e+01;-2.7732830e-02;8.7500000e+01;2.8078716e-02;8.7500000e+01;8.7893739e-02;8.7500000e+01;1.4336090e-01;8.7500000e+01;2.0034967e-01;8.7500000e+01;2.7824578e-01;8.7500000e+01;3.3436093e-01;8.7500000e+01;3.0341753e-01;8.7500000e+01;2.1802643e-01;8.7500000e+01;1.3505304e-01;8.7500000e+01;6.5386191e-02;8.7500000e+01;4.5434609e-03;8.7500000e+01;-5.1934846e-02;8.7500000e+01;-1.0596716e-01;8.7500000e+01;-1.5772155e-01;8.7500000e+01;-2.0890617e-01;8.7500000e+01;-8.9052387e-02;8.7500000e+01;-6.7225933e-02;8.7500000e+01;-2.7732830e-02;8.7500000e+01;2.8078716e-02;8.7500000e+01;8.7893739e-02;8.7500000e+01;1.4336090e-01;8.7500000e+01;2.0034967e-01;8.7500000e+01;2.7824578e-01;8.7500000e+01;3.3436093e-01;8.7500000e+01;3.0341753e-01;8.7500000e+01;2.1802643e-01;8.7500000e+01;1.3505304e-01;8.7500000e+01;6.5386191e-02;8.7500000e+01;4.5434609e-03;8.7500000e+01;-5.1934846e-02;8.7500000e+01;-1.0596716e-01;8.7500000e+01;-1.5772155e-01;8.7500000e+01;-2.0890617e-01;8.7500000e+01;-8.9052387e-02;8.7500000e+01;-6.7225933e-02;8.7500000e+01;-2.7732830e-02;8.7500000e+01;2.8078716e-02;8.7500000e+01;8.7893739e-02;8.7500000e+01;1.4336090e-01;8.7500000e+01;2.0034967e-01;8.7500000e+01;2.7824578e-01;8.7500000e+01;3.3436093e-01;8.7500000e+01;3.0341753e-01;8.7500000e+01;2.1802643e-01;8.7500000e+01;1.3505304e-01;8.7500000e+01;6.5386191e-02;8.7500000e+01;4.5434609e-03;8.7500000e+01;-5.1934846e-02;8.7500000e+01;-1.0596716e-01;8.7500000e+01;-1.5772155e-01;8.7500000e+01;-2.0890617e-01;8.7500000e+01;-8.9052387e-02;8.7500000e+01;-6.7225933e-02;8.7500000e+01;-2.7732830e-02;8.7500000e+01;2.8078716e-02;8.7500000e+01;8.7893739e-02;8.7500000e+01;1.4336090e-01;8.7500000e+01;2.0034967e-01;8.7500000e+01;2.7824578e-01;8.7500000e+01;3.3436093e-01;8.7500000e+01;3.0341753e-01;8.7500000e+01;2.1802643e-01;8.7500000e+01;1.3505304e-01;8.7500000e+01;6.5386191e-02;8.7500000e+01;4.5434609e-03;8.7500000e+01;-5.1934846e-02;8.7500000e+01;-1.0596716e-01;8.7500000e+01;-1.5772155e-01;8.7500000e+01;-2.0890617e-01;8.7500000e+01;-8.9052387e-02;8.7500000e+01;-6.7225933e-02;8.7500000e+01;-2.7732830e-02;8.7500000e+01;2.8078716e-02;8.7500000e+01;8.7893739e-02;8.7500000e+01;1.4336090e-01;8.7500000e+01;2.0034967e-01;8.7500000e+01;2.7824578e-01;8.7500000e+01;3.3436093e-01;8.7500000e+01;3.0341753e-01;8.7500000e+01;2.1802643e-01;8.7500000e+01;1.3505304e-01;8.7500000e+01;6.5386191e-02;8.7500000e+01;4.5434609e-03;8.7500000e+01;-5.1934846e-02;8.7500000e+01;-1.0596716e-01;8.7500000e+01;-1.5772155e-01;8.7500000e+01;-2.0890617e-01;8.7500000e+01;-8.9052387e-02;8.7500000e+01;-6.7225933e-02;8.7500000e+01;-2.7732830e-02;8.7500000e+01;2.8078716e-02;8.7500000e+01;8.7893739e-02;8.7500000e+01;1.4336090e-01;8.7500000e+01;2.0034967e-01;8.7500000e+01;2.7824578e-01;8.7500000e+01;3.3436093e-01;8.7500000e+01;3.0341753e-01;8.7500000e+01;2.1802643e-01;8.7500000e+01;1.3505304e-01;8.7500000e+01;6.5386191e-02;8.7500000e+01;4.5434609e-03;8.7500000e+01;-5.1934846e-02;8.7500000e+01;-1.0596716e-01;8.7500000e+01;-1.5772155e-01;8.7500000e+01;-2.0890617e-01;8.7500000e+01;-8.9052387e-02;8.7500000e+01;-6.7225933e-02;8.7500000e+01;-2.7732830e-02;8.7500000e+01;2.8078716e-02;8.7500000e+01;8.7893739e-02;8.7500000e+01;1.4336090e-01;8.7500000e+01;2.0034967e-01;8.7500000e+01;2.7824578e-01;8.7500000e+01;3.3436093e-01;8.7500000e+01;3.0341753e-01;8.7500000e+01;2.1802643e-01;8.7500000e+01;1.3505304e-01;8.7500000e+01;6.5386191e-02;8.7500000e+01;4.5434609e-03;8.7500000e+01;-5.1934846e-02;8.7500000e+01;-1.0596716e-01;8.7500000e+01;-1.5772155e-01;8.7500000e+01;-2.0890617e-01;8.7500000e+01;-8.9052387e-02;8.7500000e+01;-6.7225933e-02;8.7500000e+01;-2.7732830e-02;8.7500000e+01;2.8078716e-02;8.7500000e+01;8.7893739e-02;8.7500000e+01;1.4336090e-01;8.7500000e+01;2.0034967e-01;8.7500000e+01;2.7824578e-01;8.7500000e+01;3.3436093e-01;8.7500000e+01;3.0341753e-01;8.7500000e+01;2.1802643e-01;8.7500000e+01;1.3505304e-01;8.7500000e+01;6.5386191e-02;8.7500000e+01;4.5434609e-03;8.7500000e+01;-5.1934846e-02;8.7500000e+01;-1.0596716e-01;8.7500000e+01;-1.5772155e-01;8.7500000e+01;-2.0890617e-01;8.7500000e+01;-8.9052387e-02;8.7500000e+01;-6.7225933e-02;8.7500000e+01;-2.7732830e-02;8.7500000e+01;2.8078716e-02;8.7500000e+01;8.7893739e-02;8.7500000e+01;1.4336090e-01;8.7500000e+01;2.0034967e-01;8.7500000e+01;2.7824578e-01;8.7500000e+01;3.3436093e-01;8.7500000e+01;3.0341753e-01;8.7500000e+01;2.1802643e-01;8.7500000e+01;1.3505304e-01;8.7500000e+01;6.5386191e-02;8.7500000e+01;4.5434609e-03;8.7500000e+01;-5.1934846e-02;8.7500000e+01;-1.0596716e-01;8.7500000e+01;-1.5772155e-01;8.7500000e+01;-2.0890617e-01;8.7500000e+01;-8.9052387e-02;8.7500000e+01;-6.7225933e-02;8.7500000e+01;-2.7732830e-02;8.7500000e+01;2.8078716e-02;8.7500000e+01;8.7893739e-02;8.7500000e+01;1.4336090e-01;8.7500000e+01;2.0034967e-01;8.7500000e+01;2.7824578e-01;8.7500000e+01;3.3436093e-01;8.7500000e+01;3.0341753e-01;8.7500000e+01;2.1802643e-01;8.7500000e+01;1.3505304e-01;8.7500000e+01;6.5386191e-02;8.7500000e+01;4.5434609e-03;8.7500000e+01;-5.1934846e-02;8.7500000e+01;-1.0596716e-01;8.7500000e+01;-1.5772155e-01;8.7500000e+01;-2.0890617e-01;8.7500000e+01;-8.9052387e-02;8.7500000e+01;-6.7225933e-02;8.7500000e+01;-2.7732830e-02;8.7500000e+01;2.8078716e-02;8.7500000e+01;8.7893739e-02;8.7500000e+01;1.4336090e-01;8.7500000e+01;2.0034967e-01;8.7500000e+01;2.7824578e-01;8.7500000e+01;3.3436093e-01;8.7500000e+01;3.0341753e-01;8.7500000e+01;2.1802643e-01;8.7500000e+01;1.3505304e-01;8.7500000e+01;6.5386191e-02;8.7500000e+01;4.5434609e-03;8.7500000e+01;-5.1934846e-02;8.7500000e+01;-1.0596716e-01;8.7500000e+01;-1.5772155e-01;8.7500000e+01;-2.0890617e-01;8.7500000e+01;-8.9052387e-02;8.7500000e+01;-6.7225933e-02;8.7500000e+01;-2.7732830e-02;8.7500000e+01;2.8078716e-02;8.7500000e+01;8.7893739e-02;8.7500000e+01;1.4336090e-01;8.7500000e+01;2.0034967e-01;8.7500000e+01;2.7824578e-01;8.7500000e+01;3.3436093e-01;8.7500000e+01;3.0341753e-01;8.7500000e+01;2.1802643e-01;8.7500000e+01;1.3505304e-01;8.7500000e+01;6.5386191e-02;8.7500000e+01;4.5434609e-03;8.7500000e+01;-5.1934846e-02;8.7500000e+01;-1.0596716e-01;8.7500000e+01;-1.5772155e-01;8.7500000e+01;-2.0890617e-01;8.7500000e+01;-8.9052387e-02;8.7500000e+01;-6.7225933e-02;8.7500000e+01;-2.7732830e-02;8.7500000e+01;2.8078716e-02;8.7500000e+01;8.7893739e-02;8.7500000e+01;1.4336090e-01;8.7500000e+01;2.0034967e-01;8.7500000e+01;2.7824578e-01;8.7500000e+01;3.3436093e-01;8.7500000e+01;3.0341753e-01;8.7500000e+01;2.1802643e-01;8.7500000e+01;1.3505304e-01;8.7500000e+01;6.5386191e-02;8.7500000e+01;4.5434609e-03;8.7500000e+01;-5.1934846e-02;8.7500000e+01;-1.0596716e-01;8.7500000e+01;-1.5772155e-01;8.7500000e+01;-2.0890617e-01;8.7500000e+01;-8.9052387e-02;8.7500000e+01;-6.7225933e-02;8.7500000e+01;-2.7732830e-02;8.7500000e+01;2.8078716e-02;8.7500000e+01;8.7893739e-02;8.7500000e+01;1.4336090e-01;8.7500000e+01;2.0034967e-01;8.7500000e+01;2.7824578e-01;8.7500000e+01;3.3436093e-01;8.7500000e+01;3.0341753e-01;8.7500000e+01;2.1802643e-01;8.7500000e+01;1.3505304e-01;8.7500000e+01;6.5386191e-02;8.7500000e+01;4.5434609e-03;8.7500000e+01;-5.1934846e-02;8.7500000e+01;-1.0596716e-01;8.7500000e+01;-1.5772155e-01;8.7500000e+01;-2.0890617e-01;8.7500000e+01;-8.9052387e-02;8.7500000e+01;-6.7225933e-02;8.7500000e+01;-2.7732830e-02;8.7500000e+01;2.8078716e-02;8.7500000e+01;8.7893739e-02;8.7500000e+01;1.4336090e-01;8.7500000e+01;2.0034967e-01;8.7500000e+01;2.7824578e-01;8.7500000e+01;3.3436093e-01;8.7500000e+01;3.0341753e-01;8.7500000e+01;2.1802643e-01;8.7500000e+01;1.3505304e-01;8.7500000e+01;6.5386191e-02;8.7500000e+01;4.5434609e-03;8.7500000e+01;-5.1934846e-02;8.7500000e+01;-1.0596716e-01;8.7500000e+01;-1.5772155e-01;8.7500000e+01;-2.0890617e-01;8.7500000e+01;-8.9052387e-02;8.7500000e+01;-6.7225933e-02;8.7500000e+01;-2.7732830e-02;8.7500000e+01;2.8078716e-02;8.7500000e+01;8.7893739e-02;8.7500000e+01;1.4336090e-01;8.7500000e+01;2.0034967e-01;8.7500000e+01;2.7824578e-01;8.7500000e+01;3.3436093e-01;8.7500000e+01;3.0341753e-01;8.7500000e+01;2.1802643e-01;8.7500000e+01;1.3505304e-01;8.7500000e+01;6.5386191e-02;8.7500000e+01;4.5434609e-03;8.7500000e+01;-5.1934846e-02;8.7500000e+01;-1.0596716e-01;8.7500000e+01;-1.5772155e-01;8.7500000e+01;-2.0890617e-01;8.7500000e+01;-8.9052387e-02;8.7500000e+01;-6.7225933e-02;8.7500000e+01;-2.7732830e-02;8.7500000e+01;2.8078716e-02;8.7500000e+01;8.7893739e-02;8.7500000e+01;1.4336090e-01;8.7500000e+01;2.0034967e-01;8.7500000e+01;2.7824578e-01;8.7500000e+01;3.3436093e-01;8.7500000e+01;3.0341753e-01;8.7500000e+01;2.1802643e-01;8.7500000e+01;1.3505304e-01;8.7500000e+01;6.5386191e-02;8.7500000e+01;4.5434609e-03;8.7500000e+01;-5.1934846e-02;8.7500000e+01;-1.0596716e-01;8.7500000e+01;-1.5772155e-01;8.7500000e+01;-2.0890617e-01;8.7500000e+01;-8.9052387e-02;8.7500000e+01;-6.7225933e-02;8.7500000e+01;-2.7732830e-02;8.7500000e+01;2.8078716e-02;8.7500000e+01;8.7893739e-02;8.7500000e+01;1.4336090e-01;8.7500000e+01;2.0034967e-01;8.7500000e+01;2.7824578e-01;8.7500000e+01;3.3436093e-01;8.7500000e+01;3.0341753e-01;8.7500000e+01;2.1802643e-01;8.7500000e+01;1.3505304e-01;8.7500000e+01;6.5386191e-02;8.7500000e+01;4.5434609e-03;8.7500000e+01;-5.1934846e-02;8.7500000e+01;-1.0596716e-01;8.7500000e+01;-1.5772155e-01;8.7500000e+01;-2.0890617e-01;8.7500000e+01;-8.9052387e-02;8.7500000e+01;-6.7225933e-02;8.7500000e+01;-2.7732830e-02;8.7500000e+01;2.8078716e-02;8.7500000e+01;8.7893739e-02;8.7500000e+01;1.4336090e-01;8.7500000e+01;2.0034967e-01;8.7500000e+01;2.7824578e-01;8.7500000e+01;3.3436093e-01;8.7500000e+01;3.0341753e-01;8.7500000e+01;2.1802643e-01;8.7500000e+01;1.3505304e-01;8.7500000e+01;6.5386191e-02;8.7500000e+01;4.5434609e-03;8.7500000e+01;-5.1934846e-02;8.7500000e+01;-1.0596716e-01;8.7500000e+01;-1.5772155e-01;8.7500000e+01;-2.0890617e-01;8.7500000e+01;-8.9052387e-02;8.7500000e+01;-6.7225933e-02;8.7500000e+01;-2.7732830e-02;8.7500000e+01;2.8078716e-02;8.7500000e+01;8.7893739e-02;8.7500000e+01;1.4336090e-01;8.7500000e+01;2.0034967e-01;8.7500000e+01;2.7824578e-01;8.7500000e+01;3.3436093e-01;8.7500000e+01;3.0341753e-01;8.7500000e+01;2.1802643e-01;8.7500000e+01;1.3505304e-01;8.7500000e+01;6.5386191e-02;8.7500000e+01;4.5434609e-03;8.7500000e+01;-5.1934846e-02;8.7500000e+01;-1.0596716e-01;8.7500000e+01;-1.5772155e-01;8.7500000e+01;-2.0890617e-01;8.7500000e+01;-8.9052387e-02;8.7500000e+01;-6.7225933e-02;8.7500000e+01;-2.7732830e-02;8.7500000e+01;2.8078716e-02;8.7500000e+01;8.7893739e-02;8.7500000e+01;1.4336090e-01;8.7500000e+01;2.0034967e-01;8.7500000e+01;2.7824578e-01;8.7500000e+01;3.3436093e-01;8.7500000e+01;3.0341753e-01;8.7500000e+01;2.1802643e-01;8.7500000e+01;1.3505304e-01;8.7500000e+01;6.5386191e-02;8.7500000e+01;4.5434609e-03;8.7500000e+01;-5.1934846e-02;8.7500000e+01;-1.0596716e-01;8.7500000e+01;-1.5772155e-01;8.7500000e+01;-2.0890617e-01;8.7500000e+01;-8.9052387e-02;8.7500000e+01;-6.7225933e-02;8.7500000e+01;-2.7732830e-02;8.7500000e+01;2.8078716e-02;8.7500000e+01;8.7893739e-02;8.7500000e+01;1.4336090e-01;8.7500000e+01;2.0034967e-01;8.7500000e+01;2.7824578e-01;8.7500000e+01;3.3436093e-01;8.7500000e+01;3.0341753e-01;8.7500000e+01;2.1802643e-01;8.7500000e+01;1.3505304e-01;8.7500000e+01;6.5386191e-02;8.7500000e+01;4.5434609e-03;8.7500000e+01;-5.1934846e-02;8.7500000e+01;-1.0596716e-01;8.7500000e+01;-1.5772155e-01;8.7500000e+01;-2.0890617e-01;8.7500000e+01;-8.9052387e-02;8.7500000e+01;-6.7225933e-02;8.7500000e+01;-2.7732830e-02;8.7500000e+01;2.8078716e-02;8.7500000e+01;8.7893739e-02;8.7500000e+01;1.4336090e-01;8.7500000e+01;2.0034967e-01;8.7500000e+01;2.7824578e-01;8.7500000e+01;3.3436093e-01;8.7500000e+01;3.0341753e-01;8.7500000e+01;2.1802643e-01;8.7500000e+01;1.3505304e-01;8.7500000e+01;6.5386191e-02;8.7500000e+01;4.5434609e-03;8.7500000e+01;-5.1934846e-02;8.7500000e+01;-1.0596716e-01;8.7500000e+01;-1.5772155e-01;8.7500000e+01;-2.0890617e-01;8.7500000e+01;-8.9052387e-02;8.7500000e+01;-6.7225933e-02;8.7500000e+01;-2.7732830e-02;8.7500000e+01;2.8078716e-02;8.7500000e+01;8.7893739e-02;8.7500000e+01;1.4336090e-01;8.7500000e+01;2.0034967e-01;8.7500000e+01;2.7824578e-01;8.7500000e+01;3.3436093e-01;8.7500000e+01;3.0341753e-01;8.7500000e+01;2.1802643e-01;8.7500000e+01;1.3505304e-01;8.7500000e+01;6.5386191e-02;8.7500000e+01;4.5434609e-03;8.7500000e+01;-5.1934846e-02;8.7500000e+01;-1.0596716e-01;8.7500000e+01;-1.5772155e-01;8.7500000e+01;-2.0890617e-01;8.7500000e+01;-8.9052387e-02;8.7500000e+01;-6.7225933e-02;8.7500000e+01;-2.7732830e-02;8.7500000e+01;2.8078716e-02;8.7500000e+01;8.7893739e-02;8.7500000e+01;1.4336090e-01;8.7500000e+01;2.0034967e-01;8.7500000e+01;2.7824578e-01;8.7500000e+01;3.3436093e-01;8.7500000e+01;3.0341753e-01;8.7500000e+01;2.1802643e-01;8.7500000e+01;1.3505304e-01;8.7500000e+01;6.5386191e-02;8.7500000e+01;4.5434609e-03;8.7500000e+01;-5.1934846e-02;8.7500000e+01;-1.0596716e-01;8.7500000e+01;-1.5772155e-01;8.7500000e+01;-2.0890617e-01;8.7500000e+01;-8.9052387e-02;8.7500000e+01;-6.7225933e-02;8.7500000e+01;-2.7732830e-02;8.7500000e+01;2.8078716e-02;8.7500000e+01;8.7893739e-02;8.7500000e+01;1.4336090e-01;8.7500000e+01;2.0034967e-01;8.7500000e+01;2.7824578e-01;8.7500000e+01;3.3436093e-01;8.7500000e+01;3.0341753e-01;8.7500000e+01;2.1802643e-01;8.7500000e+01;1.3505304e-01;8.7500000e+01;6.5386191e-02;8.7500000e+01;4.5434609e-03;8.7500000e+01;-5.1934846e-02;8.7500000e+01;-1.0596716e-01;8.7500000e+01;-1.5772155e-01;8.7500000e+01;-2.0890617e-01;8.7500000e+01;-8.9052387e-02;8.7500000e+01;-6.7225933e-02;8.7500000e+01;-2.7732830e-02;8.7500000e+01;2.8078716e-02;8.7500000e+01;8.7893739e-02;8.7500000e+01;1.4336090e-01;8.7500000e+01;2.0034967e-01;8.7500000e+01;2.7824578e-01;8.7500000e+01;3.3436093e-01;8.7500000e+01;3.0341753e-01;8.7500000e+01;2.1802643e-01;8.7500000e+01;1.3505304e-01;8.7500000e+01;6.5386191e-02;8.7500000e+01;4.5434609e-03;8.7500000e+01;-5.1934846e-02;8.7500000e+01;-1.0596716e-01;8.7500000e+01;-1.5772155e-01;8.7500000e+01;-2.0890617e-01;8.7500000e+01;-8.9052387e-02;8.7500000e+01;-6.7225933e-02;8.7500000e+01;-2.7732830e-02;8.7500000e+01;2.8078716e-02;8.7500000e+01;8.7893739e-02;8.7500000e+01;1.4336090e-01;8.7500000e+01;2.0034967e-01;8.7500000e+01;2.7824578e-01;8.7500000e+01;3.3436093e-01;8.7500000e+01;3.0341753e-01;8.7500000e+01;2.1802643e-01;8.7500000e+01;1.3505304e-01;8.7500000e+01;6.5386191e-02;8.7500000e+01;4.5434609e-03;8.7500000e+01;-5.1934846e-02;8.7500000e+01;-1.0596716e-01;8.7500000e+01;-1.5772155e-01;8.7500000e+01;-2.0890617e-01;8.7500000e+01;-8.9052387e-02;8.7500000e+01;-6.7225933e-02;8.7500000e+01;-2.7732830e-02;8.7500000e+01;2.8078716e-02;8.7500000e+01;8.7893739e-02;8.7500000e+01;1.4336090e-01;8.7500000e+01;2.0034967e-01;8.7500000e+01;2.7824578e-01;8.7500000e+01;3.3436093e-01;8.7500000e+01;3.0341753e-01;8.7500000e+01;2.1802643e-01;8.7500000e+01;1.3505304e-01;8.7500000e+01;6.5386191e-02;8.7500000e+01;4.5434609e-03;8.7500000e+01;-5.1934846e-02;8.7500000e+01;-1.0596716e-01;8.7500000e+01;-1.5772155e-01;8.7500000e+01;-2.0890617e-01;8.7500000e+01;-8.9052387e-02;8.7500000e+01;-6.7225933e-02;8.7500000e+01;-2.7732830e-02;8.7500000e+01;2.8078716e-02;8.7500000e+01;8.7893739e-02;8.7500000e+01;1.4336090e-01;8.7500000e+01;2.0034967e-01;8.7500000e+01;2.7824578e-01;8.7500000e+01;3.3436093e-01;8.7500000e+01;3.0341753e-01;8.7500000e+01;2.1802643e-01;8.7500000e+01;1.3505304e-01;8.7500000e+01;6.5386191e-02;8.7500000e+01;4.5434609e-03;8.7500000e+01;-5.1934846e-02;8.7500000e+01;-1.0596716e-01;8.7500000e+01;-1.5772155e-01;8.7500000e+01;-2.0890617e-01;8.7500000e+01;-8.9052387e-02;8.7500000e+01;-6.7225933e-02;8.7500000e+01;-2.7732830e-02;8.7500000e+01;2.8078716e-02;8.7500000e+01;8.7893739e-02;8.7500000e+01;1.4336090e-01;8.7500000e+01;2.0034967e-01;8.7500000e+01;2.7824578e-01;8.7500000e+01;3.3436093e-01;8.7500000e+01;3.0341753e-01;8.7500000e+01;2.1802643e-01;8.7500000e+01;1.3505304e-01;8.7500000e+01;6.5386191e-02;8.7500000e+01;4.5434609e-03;8.7500000e+01;-5.1934846e-02;8.7500000e+01;-1.0596716e-01;8.7500000e+01;-1.5772155e-01;8.7500000e+01;-2.0890617e-01;8.7500000e+01;-8.9052387e-02;8.7500000e+01;-6.7225933e-02;8.7500000e+01;-2.7732830e-02;8.7500000e+01;2.8078716e-02;8.7500000e+01;8.7893739e-02;8.7500000e+01;1.4336090e-01;8.7500000e+01;2.0034967e-01;8.7500000e+01;2.7824578e-01;8.7500000e+01;3.3436093e-01;8.7500000e+01;3.0341753e-01;8.7500000e+01;2.1802643e-01;8.7500000e+01;1.3505304e-01;8.7500000e+01;6.5386191e-02;8.7500000e+01;4.5434609e-03;8.7500000e+01;-5.1934846e-02;8.7500000e+01;-1.0596716e-01;8.7500000e+01;-1.5772155e-01;8.7500000e+01;-2.0890617e-01;8.7500000e+01;-8.9052387e-02;8.7500000e+01;-6.7225933e-02;8.7500000e+01;-2.7732830e-02;8.7500000e+01;2.8078716e-02;8.7500000e+01;8.7893739e-02;8.7500000e+01;1.4336090e-01;8.7500000e+01;2.0034967e-01;8.7500000e+01;2.7824578e-01;8.7500000e+01;3.3436093e-01;8.7500000e+01;3.0341753e-01;8.7500000e+01;2.1802643e-01;8.7500000e+01;1.3505304e-01;8.7500000e+01;6.5386191e-02;8.7500000e+01;4.5434609e-03;8.7500000e+01;-5.1934846e-02;8.7500000e+01;-1.0596716e-01;8.7500000e+01;-1.5772155e-01;8.7500000e+01;-2.0890617e-01;8.7500000e+01;-8.9052387e-02;8.7500000e+01;-6.7225933e-02;8.7500000e+01;-2.7732830e-02;8.7500000e+01;2.8078716e-02;8.7500000e+01;8.7893739e-02;8.7500000e+01;1.4336090e-01;8.7500000e+01;2.0034967e-01;8.7500000e+01;2.7824578e-01;8.7500000e+01;3.3436093e-01;8.7500000e+01;3.0341753e-01;8.7500000e+01;2.1802643e-01;8.7500000e+01;1.3505304e-01;8.7500000e+01;6.5386191e-02;8.7500000e+01;4.5434609e-03;8.7500000e+01;-5.1934846e-02;8.7500000e+01;-1.0596716e-01;8.7500000e+01;-1.5772155e-01;8.7500000e+01;-2.0890617e-01;8.7500000e+01;-8.9052387e-02;8.7500000e+01;-6.7225933e-02;8.7500000e+01;-2.7732830e-02;8.7500000e+01;2.8078716e-02;8.7500000e+01;8.7893739e-02;8.7500000e+01;1.4336090e-01;8.7500000e+01;2.0034967e-01;8.7500000e+01;2.7824578e-01;8.7500000e+01;3.3436093e-01;8.7500000e+01;3.0341753e-01;8.7500000e+01;2.1802643e-01;8.7500000e+01;1.3505304e-01;8.7500000e+01;6.5386191e-02;8.7500000e+01;4.5434609e-03;8.7500000e+01;-5.1934846e-02;8.7500000e+01;-1.0596716e-01;8.7500000e+01;-1.5772155e-01;8.7500000e+01;-2.0890617e-01;8.7500000e+01;-8.9052387e-02;8.7500000e+01;-6.7225933e-02;8.7500000e+01;-2.7732830e-02;8.7500000e+01;2.8078716e-02;8.7500000e+01;8.7893739e-02;8.7500000e+01;1.4336090e-01;8.7500000e+01;2.0034967e-01;8.7500000e+01;2.7824578e-01;8.7500000e+01;3.3436093e-01;8.7500000e+01;3.0341753e-01;8.7500000e+01;2.1802643e-01;8.7500000e+01;1.3505304e-01;8.7500000e+01;6.5386191e-02;8.7500000e+01;4.5434609e-03;8.7500000e+01;-5.1934846e-02;8.7500000e+01;-1.0596716e-01;8.7500000e+01;-1.5772155e-01;8.7500000e+01;-2.0890617e-01;8.7500000e+01;-8.9052387e-02;8.7500000e+01;-6.7225933e-02;8.7500000e+01;-2.7732830e-02;8.7500000e+01;2.8078716e-02;8.7500000e+01;8.7893739e-02;8.7500000e+01;1.4336090e-01;8.7500000e+01;2.0034967e-01;8.7500000e+01;2.7824578e-01;8.7500000e+01;3.3436093e-01;8.7500000e+01;3.0341753e-01;8.7500000e+01;2.1802643e-01;8.7500000e+01;1.3505304e-01;8.7500000e+01;6.5386191e-02;8.7500000e+01;4.5434609e-03;8.7500000e+01;-5.1934846e-02;8.7500000e+01;-1.0596716e-01;8.7500000e+01;-1.5772155e-01;8.7500000e+01;-2.0890617e-01;8.7500000e+01;-8.9052387e-02;8.7500000e+01;-6.7225933e-02;8.7500000e+01;-2.7732830e-02;8.7500000e+01;2.8078716e-02;8.7500000e+01;8.7893739e-02;8.7500000e+01;1.4336090e-01;8.7500000e+01;2.0034967e-01;8.7500000e+01;2.7824578e-01;8.7500000e+01;3.3436093e-01;8.7500000e+01;3.0341753e-01;8.7500000e+01;2.1802643e-01;8.7500000e+01;1.3505304e-01;8.7500000e+01;6.5386191e-02;8.7500000e+01;4.5434609e-03;8.7500000e+01;-5.1934846e-02;8.7500000e+01;-1.0596716e-01;8.7500000e+01;-1.5772155e-01;8.7500000e+01;-2.0890617e-01;8.7500000e+01;-8.9052387e-02;8.7500000e+01;-6.7225933e-02;8.7500000e+01;-2.7732830e-02;8.7500000e+01;2.8078716e-02;8.7500000e+01;8.7893739e-02;8.7500000e+01;1.4336090e-01;8.7500000e+01;2.0034967e-01;8.7500000e+01;2.7824578e-01;8.7500000e+01;3.3436093e-01;8.7500000e+01;3.0341753e-01;8.7500000e+01;2.1802643e-01;8.7500000e+01;1.3505304e-01;8.7500000e+01;6.5386191e-02;8.7500000e+01;4.5434609e-03;8.7500000e+01;-5.1934846e-02;8.7500000e+01;-1.0596716e-01;8.7500000e+01;-1.5772155e-01;8.7500000e+01;-2.0890617e-01;8.7500000e+01;-8.9052387e-02;8.7500000e+01;-6.7225933e-02;8.7500000e+01;-2.7732830e-02;8.7500000e+01;2.8078716e-02;8.7500000e+01;8.7893739e-02;8.7500000e+01;1.4336090e-01;8.7500000e+01;2.0034967e-01;8.7500000e+01;2.7824578e-01;8.7500000e+01;3.3436093e-01;8.7500000e+01;3.0341753e-01;8.7500000e+01;2.1802643e-01;8.7500000e+01;1.3505304e-01;8.7500000e+01;6.5386191e-02;8.7500000e+01;4.5434609e-03;8.7500000e+01;-5.1934846e-02;8.7500000e+01;-1.0596716e-01;8.7500000e+01;-1.5772155e-01;8.7500000e+01;-2.0890617e-01;8.7500000e+01;-8.9052387e-02;8.7500000e+01;-6.7225933e-02;8.7500000e+01;-2.7732830e-02;8.7500000e+01;2.8078716e-02;8.7500000e+01;8.7893739e-02;8.7500000e+01;1.4336090e-01;8.7500000e+01;2.0034967e-01;8.7500000e+01;2.7824578e-01;8.7500000e+01;3.3436093e-01;8.7500000e+01;3.0341753e-01;8.7500000e+01;2.1802643e-01;8.7500000e+01;1.3505304e-01;8.7500000e+01;6.5386191e-02;8.7500000e+01;4.5434609e-03;8.7500000e+01;-5.1934846e-02;8.7500000e+01;-1.0596716e-01;8.7500000e+01;-1.5772155e-01;8.7500000e+01;-2.0890617e-01;8.7500000e+01;-8.9052387e-02;8.7500000e+01;-6.7225933e-02;8.7500000e+01;-2.7732830e-02;8.7500000e+01;2.8078716e-02;8.7500000e+01;8.7893739e-02;8.7500000e+01;1.4336090e-01;8.7500000e+01;2.0034967e-01;8.7500000e+01;2.7824578e-01;8.7500000e+01;3.3436093e-01;8.7500000e+01;3.0341753e-01;8.7500000e+01;2.1802643e-01;8.7500000e+01;1.3505304e-01;8.7500000e+01;6.5386191e-02;8.7500000e+01;4.5434609e-03;8.7500000e+01;-5.1934846e-02;8.7500000e+01;-1.0596716e-01;8.7500000e+01;-1.5772155e-01;8.7500000e+01;-2.0890617e-01;8.7500000e+01;-8.9052387e-02;8.7500000e+01;-6.7225933e-02;8.7500000e+01;-2.7732830e-02;8.7500000e+01;2.8078716e-02;8.7500000e+01;8.7893739e-02;8.7500000e+01;1.4336090e-01;8.7500000e+01;2.0034967e-01;8.7500000e+01;2.7824578e-01;8.7500000e+01;3.3436093e-01;8.7500000e+01;3.0341753e-01;8.7500000e+01;2.1802643e-01;8.7500000e+01;1.3505304e-01;8.7500000e+01;6.5386191e-02;8.7500000e+01;4.5434609e-03;8.7500000e+01;-5.1934846e-02;8.7500000e+01;-1.0596716e-01;8.7500000e+01;-1.5772155e-01;8.7500000e+01;-2.0890617e-01;8.7500000e+01;-8.9052387e-02;8.7500000e+01;-6.7225933e-02;8.7500000e+01;-2.7732830e-02;8.7500000e+01;2.8078716e-02;8.7500000e+01;8.7893739e-02;8.7500000e+01;1.4336090e-01;8.7500000e+01;2.0034967e-01;8.7500000e+01;2.7824578e-01;8.7500000e+01;3.3436093e-01;8.7500000e+01;3.0341753e-01;8.7500000e+01;2.1802643e-01;8.7500000e+01;1.3505304e-01;8.7500000e+01;6.5386191e-02;8.7500000e+01;4.5434609e-03;8.7500000e+01;-5.1934846e-02;8.7500000e+01;-1.0596716e-01;8.7500000e+01;-1.5772155e-01;8.7500000e+01;-2.0890617e-01;8.7500000e+01;-8.9052387e-02;8.7500000e+01;-6.7225933e-02;8.7500000e+01;-2.7732830e-02;8.7500000e+01;2.8078716e-02;8.7500000e+01;8.7893739e-02;8.7500000e+01;1.4336090e-01;8.7500000e+01;2.0034967e-01;8.7500000e+01;2.7824578e-01;8.7500000e+01;3.3436093e-01;8.7500000e+01;3.0341753e-01;8.7500000e+01;2.1802643e-01;8.7500000e+01;1.3505304e-01;8.7500000e+01;6.5386191e-02;8.7500000e+01;4.5434609e-03;8.7500000e+01;-5.1934846e-02;8.7500000e+01;-1.0596716e-01;8.7500000e+01;-1.5772155e-01;8.7500000e+01;-2.0890617e-01;8.7500000e+01;-8.9052387e-02;8.7500000e+01;-6.7225933e-02;8.7500000e+01;-2.7732830e-02;8.7500000e+01;2.8078716e-02;8.7500000e+01;8.7893739e-02;8.7500000e+01;1.4336090e-01;8.7500000e+01;2.0034967e-01;8.7500000e+01;2.7824578e-01;8.7500000e+01;3.3436093e-01;8.7500000e+01;3.0341753e-01;8.7500000e+01;2.1802643e-01;8.7500000e+01;1.3505304e-01;8.7500000e+01;6.5386191e-02;8.7500000e+01;4.5434609e-03;8.7500000e+01;-5.1934846e-02;8.7500000e+01;-1.0596716e-01;8.7500000e+01;-1.5772155e-01;8.7500000e+01;-2.0890617e-01;8.7500000e+01;-8.9052387e-02;8.7500000e+01;-6.7225933e-02;8.7500000e+01;-2.7732830e-02;8.7500000e+01;2.8078716e-02;8.7500000e+01;8.7893739e-02;8.7500000e+01;1.4336090e-01;8.7500000e+01;2.0034967e-01;8.7500000e+01;2.7824578e-01;8.7500000e+01;3.3436093e-01;8.7500000e+01;3.0341753e-01;8.7500000e+01;2.1802643e-01;8.7500000e+01;1.3505304e-01;8.7500000e+01;6.5386191e-02;8.7500000e+01;4.5434609e-03;8.7500000e+01;-5.1934846e-02;8.7500000e+01;-1.0596716e-01;8.7500000e+01;-1.5772155e-01;8.7500000e+01;-2.0890617e-01
9.2500000e+01;-9.3818001e-02;9.2500000e+01;-7.9027072e-02;9.2500000e+01;-4.5572475e-02;9.2500000e+01;1.2577400e-03;9.2500000e+01;5.1165860e-02;9.2500000e+01;1.0477044e-01;9.2500000e+01;1.6673882e-01;9.2500000e+01;2.5818530e-01;9.2500000e+01;3.1722581e-01;9.2500000e+01;2.9425263e-01;9.2500000e+01;2.1737754e-01;9.2500000e+01;1.3487697e-01;9.2500000e+01;6.2978819e-02;9.2500000e+01;1.7249808e-03;9.2500000e+01;-5.5664957e-02;9.2500000e+01;-1.1032699e-01;9.2500000e+01;-1.6254224e-01;9.2500000e+01;-2.1337089e-01;9.2500000e+01;-9.3818001e-02;9.2500000e+01;-7.9027072e-02;9.2500000e+01;-4.5572475e-02;9.2500000e+01;1.2577400e-03;9.2500000e+01;5.1165860e-02;9.2500000e+01;1.0477044e-01;9.2500000e+01;1.6673882e-01;9.2500000e+01;2.5818530e-01;9.2500000e+01;3.1722581e-01;9.2500000e+01;2.9425263e-01;9.2500000e+01;2.1737754e-01;9.2500000e+01;1.3487697e-01;9.2500000e+01;6.2978819e-02;9.2500000e+01;1.7249808e-03;9.2500000e+01;-5.5664957e-02;9.2500000e+01;-1.1032699e-01;9.2500000e+01;-1.6254224e-01;9.2500000e+01;-2.1337089e-01;9.2500000e+01;-9.3818001e-02;9.2500000e+01;-7.9027072e-02;9.2500000e+01;-4.5572475e-02;9.2500000e+01;1.2577400e-03;9.2500000e+01;5.1165860e-02;9.2500000e+01;1.0477044e-01;9.2500000e+01;1.6673882e-01;9.2500000e+01;2.5818530e-01;9.2500000e+01;3.1722581e-01;9.2500000e+01;2.9425263e-01;9.2500000e+01;2.1737754e-01;9.2500000e+01;1.3487697e-01;9.2500000e+01;6.2978819e-02;9.2500000e+01;1.7249808e-03;9.2500000e+01;-5.5664957e-02;9.2500000e+01;-1.1032699e-01;9.2500000e+01;-1.6254224e-01;9.2500000e+01;-2.1337089e-01;9.2500000e+01;-9.3818001e-02;9.2500000e+01;-7.9027072e-02;9.2500000e+01;-4.5572475e-02;9.2500000e+01;1.2577400e-03;9.2500000e+01;5.1165860e-02;9.2500000e+01;1.0477044e-01;9.2500000e+01;1.6673882e-01;9.2500000e+01;2.5818530e-01;9.2500000e+01;3.1722581e-01;9.2500000e+01;2.9425263e-01;9.2500000e+01;2.1737754e-01;9.2500000e+01;1.3487697e-01;9.2500000e+01;6.2978819e-02;9.2500000e+01;1.7249808e-03;9.2500000e+01;-5.5664957e-02;9.2500000e+01;-1.1032699e-01;9.2500000e+01;-1.6254224e-01;9.2500000e+01;-2.1337089e-01;9.2500000e+01;-9.3818001e-02;9.2500000e+01;-7.9027072e-02;9.2500000e+01;-4.5572475e-02;9.2500000e+01;1.2577400e-03;9.2500000e+01;5.1165860e-02;9.2500000e+01;1.0477044e-01;9.2500000e+01;1.6673882e-01;9.2500000e+01;2.5818530e-01;9.2500000e+01;3.1722581e-01;9.2500000e+01;2.9425263e-01;9.2500000e+01;2.1737754e-01;9.2500000e+01;1.3487697e-01;9.2500000e+01;6.2978819e-02;9.2500000e+01;1.7249808e-03;9.2500000e+01;-5.5664957e-02;9.2500000e+01;-1.1032699e-01;9.2500000e+01;-1.6254224e-01;9.2500000e+01;-2.1337089e-01;9.2500000e+01;-9.3818001e-02;9.2500000e+01;-7.9027072e-02;9.2500000e+01;-4.5572475e-02;9.2500000e+01;1.2577400e-03;9.2500000e+01;5.1165860e-02;9.2500000e+01;1.0477044e-01;9.2500000e+01;1.6673882e-01;9.2500000e+01;2.5818530e-01;9.2500000e+01;3.1722581e-01;9.2500000e+01;2.9425263e-01;9.2500000e+01;2.1737754e-01;9.2500000e+01;1.3487697e-01;9.2500000e+01;6.2978819e-02;9.2500000e+01;1.7249808e-03;9.2500000e+01;-5.5664957e-02;9.2500000e+01;-1.1032699e-01;9.2500000e+01;-1.6254224e-01;9.2500000e+01;-2.1337089e-01;9.2500000e+01;-9.3818001e-02;9.2500000e+01;-7.9027072e-02;9.2500000e+01;-4.5572475e-02;9.2500000e+01;1.2577400e-03;9.2500000e+01;5.1165860e-02;9.2500000e+01;1.0477044e-01;9.2500000e+01;1.6673882e-01;9.2500000e+01;2.5818530e-01;9.2500000e+01;3.1722581e-01;9.2500000e+01;2.9425263e-01;9.2500000e+01;2.1737754e-01;9.2500000e+01;1.3487697e-01;9.2500000e+01;6.2978819e-02;9.2500000e+01;1.7249808e-03;9.2500000e+01;-5.5664957e-02;9.2500000e+01;-1.1032699e-01;9.2500000e+01;-1.6254224e-01;9.2500000e+01;-2.1337089e-01;9.2500000e+01;-9.3818001e-02;9.2500000e+01;-7.9027072e-02;9.2500000e+01;-4.5572475e-02;9.2500000e+01;1.2577400e-03;9.2500000e+01;5.1165860e-02;9.2500000e+01;1.0477044e-01;9.2500000e+01;1.6673882e-01;9.2500000e+01;2.5818530e-01;9.2500000e+01;3.1722581e-01;9.2500000e+01;2.9425263e-01;9.2500000e+01;2.1737754e-01;9.2500000e+01;1.3487697e-01;9.2500000e+01;6.2978819e-02;9.2500000e+01;1.7249808e-03;9.2500000e+01;-5.5664957e-02;9.2500000e+01;-1.1032699e-01;9.2500000e+01;-1.6254224e-01;9.2500000e+01;-2.1337089e-01;9.2500000e+01;-9.3818001e-02;9.2500000e+01;-7.9027072e-02;9.2500000e+01;-4.5572475e-02;9.2500000e+01;1.2577400e-03;9.2500000e+01;5.1165860e-02;9.2500000e+01;1.0477044e-01;9.2500000e+01;1.6673882e-01;9.2500000e+01;2.5818530e-01;9.2500000e+01;3.1722581e-01;9.2500000e+01;2.9425263e-01;9.2500000e+01;2.1737754e-01;9.2500000e+01;1.3487697e-01;9.2500000e+01;6.2978819e-02;9.2500000e+01;1.7249808e-03;9.2500000e+01;-5.5664957e-02;9.2500000e+01;-1.1032699e-01;9.2500000e+01;-1.6254224e-01;9.2500000e+01;-2.1337089e-01;9.2500000e+01;-9.3818001e-02;9.2500000e+01;-7.9027072e-02;9.2500000e+01;-4.5572475e-02;9.2500000e+01;1.2577400e-03;9.2500000e+01;5.1165860e-02;9.2500000e+01;1.0477044e-01;9.2500000e+01;1.6673882e-01;9.2500000e+01;2.5818530e-01;9.2500000e+01;3.1722581e-01;9.2500000e+01;2.9425263e-01;9.2500000e+01;2.1737754e-01;9.2500000e+01;1.3487697e-01;9.2500000e+01;6.2978819e-02;9.2500000e+01;1.7249808e-03;9.2500000e+01;-5.5664957e-02;9.2500000e+01;-1.1032699e-01;9.2500000e+01;-1.6254224e-01;9.2500000e+01;-2.1337089e-01;9.2500000e+01;-9.3818001e-02;9.2500000e+01;-7.9027072e-02;9.2500000e+01;-4.5572475e-02;9.2500000e+01;1.2577400e-03;9.2500000e+01;5.1165860e-02;9.2500000e+01;1.0477044e-01;9.2500000e+01;1.6673882e-01;9.2500000e+01;2.5818530e-01;9.2500000e+01;3.1722581e-01;9.2500000e+01;2.9425263e-01;9.2500000e+01;2.1737754e-01;9.2500000e+01;1.3487697e-01;9.2500000e+01;6.2978819e-02;9.2500000e+01;1.7249808e-03;9.2500000e+01;-5.5664957e-02;9.2500000e+01;-1.1032699e-01;9.2500000e+01;-1.6254224e-01;9.2500000e+01;-2.1337089e-01;9.2500000e+01;-9.3818001e-02;9.2500000e+01;-7.9027072e-02;9.2500000e+01;-4.5572475e-02;9.2500000e+01;1.2577400e-03;9.2500000e+01;5.1165860e-02;9.2500000e+01;1.0477044e-01;9.2500000e+01;1.6673882e-01;9.2500000e+01;2.5818530e-01;9.2500000e+01;3.1722581e-01;9.2500000e+01;2.9425263e-01;9.2500000e+01;2.1737754e-01;9.2500000e+01;1.3487697e-01;9.2500000e+01;6.2978819e-02;9.2500000e+01;1.7249808e-03;9.2500000e+01;-5.5664957e-02;9.2500000e+01;-1.1032699e-01;9.2500000e+01;-1.6254224e-01;9.2500000e+01;-2.1337089e-01;9.2500000e+01;-9.3818001e-02;9.2500000e+01;-7.9027072e-02;9.2500000e+01;-4.5572475e-02;9.2500000e+01;1.2577400e-03;9.2500000e+01;5.1165860e-02;9.2500000e+01;1.0477044e-01;9.2500000e+01;1.6673882e-01;9.2500000e+01;2.5818530e-01;9.2500000e+01;3.1722581e-01;9.2500000e+01;2.9425263e-01;9.2500000e+01;2.1737754e-01;9.2500000e+01;1.3487697e-01;9.2500000e+01;6.2978819e-02;9.2500000e+01;1.7249808e-03;9.2500000e+01;-5.5664957e-02;9.2500000e+01;-1.1032699e-01;9.2500000e+01;-1.6254224e-01;9.2500000e+01;-2.1337089e-01;9.2500000e+01;-9.3818001e-02;9.2500000e+01;-7.9027072e-02;9.2500000e+01;-4.5572475e-02;9.2500000e+01;1.2577400e-03;9.2500000e+01;5.1165860e-02;9.2500000e+01;1.0477044e-01;9.2500000e+01;1.6673882e-01;9.2500000e+01;2.5818530e-01;9.2500000e+01;3.1722581e-01;9.2500000e+01;2.9425263e-01;9.2500000e+01;2.1737754e-01;9.2500000e+01;1.3487697e-01;9.2500000e+01;6.2978819e-02;9.2500000e+01;1.7249808e-03;9.2500000e+01;-5.5664957e-02;9.2500000e+01;-1.1032699e-01;9.2500000e+01;-1.6254224e-01;9.2500000e+01;-2.1337089e-01;9.2500000e+01;-9.3818001e-02;9.2500000e+01;-7.9027072e-02;9.2500000e+01;-4.5572475e-02;9.2500000e+01;1.2577400e-03;9.2500000e+01;5.1165860e-02;9.2500000e+01;1.0477044e-01;9.2500000e+01;1.6673882e-01;9.2500000e+01;2.5818530e-01;9.2500000e+01;3.1722581e-01;9.2500000e+01;2.9425263e-01;9.2500000e+01;2.1737754e-01;9.2500000e+01;1.3487697e-01;9.2500000e+01;6.2978819e-02;9.2500000e+01;1.7249808e-03;9.2500000e+01;-5.5664957e-02;9.2500000e+01;-1.1032699e-01;9.2500000e+01;-1.6254224e-01;9.2500000e+01;-2.1337089e-01;9.2500000e+01;-9.3818001e-02;9.2500000e+01;-7.9027072e-02;9.2500000e+01;-4.5572475e-02;9.2500000e+01;1.2577400e-03;9.2500000e+01;5.1165860e-02;9.2500000e+01;1.0477044e-01;9.2500000e+01;1.6673882e-01;9.2500000e+01;2.5818530e-01;9.2500000e+01;3.1722581e-01;9.2500000e+01;2.9425263e-01;9.2500000e+01;2.1737754e-01;9.2500000e+01;1.3487697e-01;9.2500000e+01;6.2978819e-02;9.2500000e+01;1.7249808e-03;9.2500000e+01;-5.5664957e-02;9.2500000e+01;-1.1032699e-01;9.2500000e+01;-1.6254224e-01;9.2500000e+01;-2.1337089e-01;9.2500000e+01;-9.3818001e-02;9.2500000e+01;-7.9027072e-02;9.2500000e+01;-4.5572475e-02;9.2500000e+01;1.2577400e-03;9.2500000e+01;5.1165860e-02;9.2500000e+01;1.0477044e-01;9.2500000e+01;1.6673882e-01;9.2500000e+01;2.5818530e-01;9.2500000e+01;3.1722581e-01;9.2500000e+01;2.9425263e-01;9.2500000e+01;2.1737754e-01;9.2500000e+01;1.3487697e-01;9.2500000e+01;6.2978819e-02;9.2500000e+01;1.7249808e-03;9.2500000e+01;-5.5664957e-02;9.2500000e+01;-1.1032699e-01;9.2500000e+01;-1.6254224e-01;9.2500000e+01;-2.1337089e-01;9.2500000e+01;-9.3818001e-02;9.2500000e+01;-7.9027072e-02;9.2500000e+01;-4.5572475e-02;9.2500000e+01;1.2577400e-03;9.2500000e+01;5.1165860e-02;9.2500000e+01;1.0477044e-01;9.2500000e+01;1.6673882e-01;9.2500000e+01;2.5818530e-01;9.2500000e+01;3.1722581e-01;9.2500000e+01;2.9425263e-01;9.2500000e+01;2.1737754e-01;9.2500000e+01;1.3487697e-01;9.2500000e+01;6.2978819e-02;9.2500000e+01;1.7249808e-03;9.2500000e+01;-5.5664957e-02;9.2500000e+01;-1.1032699e-01;9.2500000e+01;-1.6254224e-01;9.2500000e+01;-2.1337089e-01;9.2500000e+01;-9.3818001e-02;9.2500000e+01;-7.9027072e-02;9.2500000e+01;-4.5572475e-02;9.2500000e+01;1.2577400e-03;9.2500000e+01;5.1165860e-02;9.2500000e+01;1.0477044e-01;9.2500000e+01;1.6673882e-01;9.2500000e+01;2.5818530e-01;9.2500000e+01;3.1722581e-01;9.2500000e+01;2.9425263e-01;9.2500000e+01;2.1737754e-01;9.2500000e+01;1.3487697e-01;9.2500000e+01;6.2978819e-02;9.2500000e+01;1.7249808e-03;9.2500000e+01;-5.5664957e-02;9.2500000e+01;-1.1032699e-01;9.2500000e+01;-1.6254224e-01;9.2500000e+01;-2.1337089e-01;9.2500000e+01;-9.3818001e-02;9.2500000e+01;-7.9027072e-02;9.2500000e+01;-4.5572475e-02;9.2500000e+01;1.2577400e-03;9.2500000e+01;5.1165860e-02;9.2500000e+01;1.0477044e-01;9.2500000e+01;1.6673882e-01;9.2500000e+01;2.5818530e-01;9.2500000e+01;3.1722581e-01;9.2500000e+01;2.9425263e-01;9.2500000e+01;2.1737754e-01;9.2500000e+01;1.3487697e-01;9.2500000e+01;6.2978819e-02;9.2500000e+01;1.7249808e-03;9.2500000e+01;-5.5664957e-02;9.2500000e+01;-1.1032699e-01;9.2500000e+01;-1.6254224e-01;9.2500000e+01;-2.1337089e-01;9.2500000e+01;-9.3818001e-02;9.2500000e+01;-7.9027072e-02;9.2500000e+01;-4.5572475e-02;9.2500000e+01;1.2577400e-03;9.2500000e+01;5.1165860e-02;9.2500000e+01;1.0477044e-01;9.2500000e+01;1.6673882e-01;9.2500000e+01;2.5818530e-01;9.2500000e+01;3.1722581e-01;9.2500000e+01;2.9425263e-01;9.2500000e+01;2.1737754e-01;9.2500000e+01;1.3487697e-01;9.2500000e+01;6.2978819e-02;9.2500000e+01;1.7249808e-03;9.2500000e+01;-5.5664957e-02;9.2500000e+01;-1.1032699e-01;9.2500000e+01;-1.6254224e-01;9.2500000e+01;-2.1337089e-01;9.2500000e+01;-9.3818001e-02;9.2500000e+01;-7.9027072e-02;9.2500000e+01;-4.5572475e-02;9.2500000e+01;1.2577400e-03;9.2500000e+01;5.1165860e-02;9.2500000e+01;1.0477044e-01;9.2500000e+01;1.6673882e-01;9.2500000e+01;2.5818530e-01;9.2500000e+01;3.1722581e-01;9.2500000e+01;2.9425263e-01;9.2500000e+01;2.1737754e-01;9.2500000e+01;1.3487697e-01;9.2500000e+01;6.2978819e-02;9.2500000e+01;1.7249808e-03;9.2500000e+01;-5.5664957e-02;9.2500000e+01;-1.1032699e-01;9.2500000e+01;-1.6254224e-01;9.2500000e+01;-2.1337089e-01;9.2500000e+01;-9.3818001e-02;9.2500000e+01;-7.9027072e-02;9.2500000e+01;-4.5572475e-02;9.2500000e+01;1.2577400e-03;9.2500000e+01;5.1165860e-02;9.2500000e+01;1.0477044e-01;9.2500000e+01;1.6673882e-01;9.2500000e+01;2.5818530e-01;9.2500000e+01;3.1722581e-01;9.2500000e+01;2.9425263e-01;9.2500000e+01;2.1737754e-01;9.2500000e+01;1.3487697e-01;9.2500000e+01;6.2978819e-02;9.2500000e+01;1.7249808e-03;9.2500000e+01;-5.5664957e-02;9.2500000e+01;-1.1032699e-01;9.2500000e+01;-1.6254224e-01;9.2500000e+01;-2.1337089e-01;9.2500000e+01;-9.3818001e-02;9.2500000e+01;-7.9027072e-02;9.2500000e+01;-4.5572475e-02;9.2500000e+01;1.2577400e-03;9.2500000e+01;5.1165860e-02;9.2500000e+01;1.0477044e-01;9.2500000e+01;1.6673882e-01;9.2500000e+01;2.5818530e-01;9.2500000e+01;3.1722581e-01;9.2500000e+01;2.9425263e-01;9.2500000e+01;2.1737754e-01;9.2500000e+01;1.3487697e-01;9.2500000e+01;6.2978819e-02;9.2500000e+01;1.7249808e-03;9.2500000e+01;-5.5664957e-02;9.2500000e+01;-1.1032699e-01;9.2500000e+01;-1.6254224e-01;9.2500000e+01;-2.1337089e-01;9.2500000e+01;-9.3818001e-02;9.2500000e+01;-7.9027072e-02;9.2500000e+01;-4.5572475e-02;9.2500000e+01;1.2577400e-03;9.2500000e+01;5.1165860e-02;9.2500000e+01;1.0477044e-01;9.2500000e+01;1.6673882e-01;9.2500000e+01;2.5818530e-01;9.2500000e+01;3.1722581e-01;9.2500000e+01;2.9425263e-01;9.2500000e+01;2.1737754e-01;9.2500000e+01;1.3487697e-01;9.2500000e+01;6.2978819e-02;9.2500000e+01;1.7249808e-03;9.2500000e+01;-5.5664957e-02;9.2500000e+01;-1.1032699e-01;9.2500000e+01;-1.6254224e-01;9.2500000e+01;-2.1337089e-01;9.2500000e+01;-9.3818001e-02;9.2500000e+01;-7.9027072e-02;9.2500000e+01;-4.5572475e-02;9.2500000e+01;1.2577400e-03;9.2500000e+01;5.1165860e-02;9.2500000e+01;1.0477044e-01;9.2500000e+01;1.6673882e-01;9.2500000e+01;2.5818530e-01;9.2500000e+01;3.1722581e-01;9.2500000e+01;2.9425263e-01;9.2500000e+01;2.1737754e-01;9.2500000e+01;1.3487697e-01;9.2500000e+01;6.2978819e-02;9.2500000e+01;1.7249808e-03;9.2500000e+01;-5.5664957e-02;9.2500000e+01;-1.1032699e-01;9.2500000e+01;-1.6254224e-01;9.2500000e+01;-2.1337089e-01;9.2500000e+01;-9.3818001e-02;9.2500000e+01;-7.9027072e-02;9.2500000e+01;-4.5572475e-02;9.2500000e+01;1.2577400e-03;9.2500000e+01;5.1165860e-02;9.2500000e+01;1.0477044e-01;9.2500000e+01;1.6673882e-01;9.2500000e+01;2.5818530e-01;9.2500000e+01;3.1722581e-01;9.2500000e+01;2.9425263e-01;9.2500000e+01;2.1737754e-01;9.2500000e+01;1.3487697e-01;9.2500000e+01;6.2978819e-02;9.2500000e+01;1.7249808e-03;9.2500000e+01;-5.5664957e-02;9.2500000e+01;-1.1032699e-01;9.2500000e+01;-1.6254224e-01;9.2500000e+01;-2.1337089e-01;9.2500000e+01;-9.3818001e-02;9.2500000e+01;-7.9027072e-02;9.2500000e+01;-4.5572475e-02;9.2500000e+01;1.2577400e-03;9.2500000e+01;5.1165860e-02;9.2500000e+01;1.0477044e-01;9.2500000e+01;1.6673882e-01;9.2500000e+01;2.5818530e-01;9.2500000e+01;3.1722581e-01;9.2500000e+01;2.9425263e-01;9.2500000e+01;2.1737754e-01;9.2500000e+01;1.3487697e-01;9.2500000e+01;6.2978819e-02;9.2500000e+01;1.7249808e-03;9.2500000e+01;-5.5664957e-02;9.2500000e+01;-1.1032699e-01;9.2500000e+01;-1.6254224e-01;9.2500000e+01;-2.1337089e-01;9.2500000e+01;-9.3818001e-02;9.2500000e+01;-7.9027072e-02;9.2500000e+01;-4.5572475e-02;9.2500000e+01;1.2577400e-03;9.2500000e+01;5.1165860e-02;9.2500000e+01;1.0477044e-01;9.2500000e+01;1.6673882e-01;9.2500000e+01;2.5818530e-01;9.2500000e+01;3.1722581e-01;9.2500000e+01;2.9425263e-01;9.2500000e+01;2.1737754e-01;9.2500000e+01;1.3487697e-01;9.2500000e+01;6.2978819e-02;9.2500000e+01;1.7249808e-03;9.2500000e+01;-5.5664957e-02;9.2500000e+01;-1.1032699e-01;9.2500000e+01;-1.6254224e-01;9.2500000e+01;-2.1337089e-01;9.2500000e+01;-9.3818001e-02;9.2500000e+01;-7.9027072e-02;9.2500000e+01;-4.5572475e-02;9.2500000e+01;1.2577400e-03;9.2500000e+01;5.1165860e-02;9.2500000e+01;1.0477044e-01;9.2500000e+01;1.6673882e-01;9.2500000e+01;2.5818530e-01;9.2500000e+01;3.1722581e-01;9.2500000e+01;2.9425263e-01;9.2500000e+01;2.1737754e-01;9.2500000e+01;1.3487697e-01;9.2500000e+01;6.2978819e-02;9.2500000e+01;1.7249808e-03;9.2500000e+01;-5.5664957e-02;9.2500000e+01;-1.1032699e-01;9.2500000e+01;-1.6254224e-01;9.2500000e+01;-2.1337089e-01;9.2500000e+01;-9.3818001e-02;9.2500000e+01;-7.9027072e-02;9.2500000e+01;-4.5572475e-02;9.2500000e+01;1.2577400e-03;9.2500000e+01;5.1165860e-02;9.2500000e+01;1.0477044e-01;9.2500000e+01;1.6673882e-01;9.2500000e+01;2.5818530e-01;9.2500000e+01;3.1722581e-01;9.2500000e+01;2.9425263e-01;9.2500000e+01;2.1737754e-01;9.2500000e+01;1.3487697e-01;9.2500000e+01;6.2978819e-02;9.2500000e+01;1.7249808e-03;9.2500000e+01;-5.5664957e-02;9.2500000e+01;-1.1032699e-01;9.2500000e+01;-1.6254224e-01;9.2500000e+01;-2.1337089e-01;9.2500000e+01;-9.3818001e-02;9.2500000e+01;-7.9027072e-02;9.2500000e+01;-4.5572475e-02;9.2500000e+01;1.2577400e-03;9.2500000e+01;5.1165860e-02;9.2500000e+01;1.0477044e-01;9.2500000e+01;1.6673882e-01;9.2500000e+01;2.5818530e-01;9.2500000e+01;3.1722581e-01;9.2500000e+01;2.9425263e-01;9.2500000e+01;2.1737754e-01;9.2500000e+01;1.3487697e-01;9.2500000e+01;6.2978819e-02;9.2500000e+01;1.7249808e-03;9.2500000e+01;-5.5664957e-02;9.2500000e+01;-1.1032699e-01;9.2500000e+01;-1.6254224e-01;9.2500000e+01;-2.1337089e-01;9.2500000e+01;-9.3818001e-02;9.2500000e+01;-7.9027072e-02;9.2500000e+01;-4.5572475e-02;9.2500000e+01;1.2577400e-03;9.2500000e+01;5.1165860e-02;9.2500000e+01;1.0477044e-01;9.2500000e+01;1.6673882e-01;9.2500000e+01;2.5818530e-01;9.2500000e+01;3.1722581e-01;9.2500000e+01;2.9425263e-01;9.2500000e+01;2.1737754e-01;9.2500000e+01;1.3487697e-01;9.2500000e+01;6.2978819e-02;9.2500000e+01;1.7249808e-03;9.2500000e+01;-5.5664957e-02;9.2500000e+01;-1.1032699e-01;9.2500000e+01;-1.6254224e-01;9.2500000e+01;-2.1337089e-01;9.2500000e+01;-9.3818001e-02;9.2500000e+01;-7.9027072e-02;9.2500000e+01;-4.5572475e-02;9.2500000e+01;1.2577400e-03;9.2500000e+01;5.1165860e-02;9.2500000e+01;1.0477044e-01;9.2500000e+01;1.6673882e-01;9.2500000e+01;2.5818530e-01;9.2500000e+01;3.1722581e-01;9.2500000e+01;2.9425263e-01;9.2500000e+01;2.1737754e-01;9.2500000e+01;1.3487697e-01;9.2500000e+01;6.2978819e-02;9.2500000e+01;1.7249808e-03;9.2500000e+01;-5.5664957e-02;9.2500000e+01;-1.1032699e-01;9.2500000e+01;-1.6254224e-01;9.2500000e+01;-2.1337089e-01;9.2500000e+01;-9.3818001e-02;9.2500000e+01;-7.9027072e-02;9.2500000e+01;-4.5572475e-02;9.2500000e+01;1.2577400e-03;9.2500000e+01;5.1165860e-02;9.2500000e+01;1.0477044e-01;9.2500000e+01;1.6673882e-01;9.2500000e+01;2.5818530e-01;9.2500000e+01;3.1722581e-01;9.2500000e+01;2.9425263e-01;9.2500000e+01;2.1737754e-01;9.2500000e+01;1.3487697e-01;9.2500000e+01;6.2978819e-02;9.2500000e+01;1.7249808e-03;9.2500000e+01;-5.5664957e-02;9.2500000e+01;-1.1032699e-01;9.2500000e+01;-1.6254224e-01;9.2500000e+01;-2.1337089e-01;9.2500000e+01;-9.3818001e-02;9.2500000e+01;-7.9027072e-02;9.2500000e+01;-4.5572475e-02;9.2500000e+01;1.2577400e-03;9.2500000e+01;5.1165860e-02;9.2500000e+01;1.0477044e-01;9.2500000e+01;1.6673882e-01;9.2500000e+01;2.5818530e-01;9.2500000e+01;3.1722581e-01;9.2500000e+01;2.9425263e-01;9.2500000e+01;2.1737754e-01;9.2500000e+01;1.3487697e-01;9.2500000e+01;6.2978819e-02;9.2500000e+01;1.7249808e-03;9.2500000e+01;-5.5664957e-02;9.2500000e+01;-1.1032699e-01;9.2500000e+01;-1.6254224e-01;9.2500000e+01;-2.1337089e-01;9.2500000e+01;-9.3818001e-02;9.2500000e+01;-7.9027072e-02;9.2500000e+01;-4.5572475e-02;9.2500000e+01;1.2577400e-03;9.2500000e+01;5.1165860e-02;9.2500000e+01;1.0477044e-01;9.2500000e+01;1.6673882e-01;9.2500000e+01;2.5818530e-01;9.2500000e+01;3.1722581e-01;9.2500000e+01;2.9425263e-01;9.2500000e+01;2.1737754e-01;9.2500000e+01;1.3487697e-01;9.2500000e+01;6.2978819e-02;9.2500000e+01;1.7249808e-03;9.2500000e+01;-5.5664957e-02;9.2500000e+01;-1.1032699e-01;9.2500000e+01;-1.6254224e-01;9.2500000e+01;-2.1337089e-01;9.2500000e+01;-9.3818001e-02;9.2500000e+01;-7.9027072e-02;9.2500000e+01;-4.5572475e-02;9.2500000e+01;1.2577400e-03;9.2500000e+01;5.1165860e-02;9.2500000e+01;1.0477044e-01;9.2500000e+01;1.6673882e-01;9.2500000e+01;2.5818530e-01;9.2500000e+01;3.1722581e-01;9.2500000e+01;2.9425263e-01;9.2500000e+01;2.1737754e-01;9.2500000e+01;1.3487697e-01;9.2500000e+01;6.2978819e-02;9.2500000e+01;1.7249808e-03;9.2500000e+01;-5.5664957e-02;9.2500000e+01;-1.1032699e-01;9.2500000e+01;-1.6254224e-01;9.2500000e+01;-2.1337089e-01;9.2500000e+01;-9.3818001e-02;9.2500000e+01;-7.9027072e-02;9.2500000e+01;-4.5572475e-02;9.2500000e+01;1.2577400e-03;9.2500000e+01;5.1165860e-02;9.2500000e+01;1.0477044e-01;9.2500000e+01;1.6673882e-01;9.2500000e+01;2.5818530e-01;9.2500000e+01;3.1722581e-01;9.2500000e+01;2.9425263e-01;9.2500000e+01;2.1737754e-01;9.2500000e+01;1.3487697e-01;9.2500000e+01;6.2978819e-02;9.2500000e+01;1.7249808e-03;9.2500000e+01;-5.5664957e-02;9.2500000e+01;-1.1032699e-01;9.2500000e+01;-1.6254224e-01;9.2500000e+01;-2.1337089e-01;9.2500000e+01;-9.3818001e-02;9.2500000e+01;-7.9027072e-02;9.2500000e+01;-4.5572475e-02;9.2500000e+01;1.2577400e-03;9.2500000e+01;5.1165860e-02;9.2500000e+01;1.0477044e-01;9.2500000e+01;1.6673882e-01;9.2500000e+01;2.5818530e-01;9.2500000e+01;3.1722581e-01;9.2500000e+01;2.9425263e-01;9.2500000e+01;2.1737754e-01;9.2500000e+01;1.3487697e-01;9.2500000e+01;6.2978819e-02;9.2500000e+01;1.7249808e-03;9.2500000e+01;-5.5664957e-02;9.2500000e+01;-1.1032699e-01;9.2500000e+01;-1.6254224e-01;9.2500000e+01;-2.1337089e-01;9.2500000e+01;-9.3818001e-02;9.2500000e+01;-7.9027072e-02;9.2500000e+01;-4.5572475e-02;9.2500000e+01;1.2577400e-03;9.2500000e+01;5.1165860e-02;9.2500000e+01;1.0477044e-01;9.2500000e+01;1.6673882e-01;9.2500000e+01;2.5818530e-01;9.2500000e+01;3.1722581e-01;9.2500000e+01;2.9425263e-01;9.2500000e+01;2.1737754e-01;9.2500000e+01;1.3487697e-01;9.2500000e+01;6.2978819e-02;9.2500000e+01;1.7249808e-03;9.2500000e+01;-5.5664957e-02;9.2500000e+01;-1.1032699e-01;9.2500000e+01;-1.6254224e-01;9.2500000e+01;-2.1337089e-01;9.2500000e+01;-9.3818001e-02;9.2500000e+01;-7.9027072e-02;9.2500000e+01;-4.5572475e-02;9.2500000e+01;1.2577400e-03;9.2500000e+01;5.1165860e-02;9.2500000e+01;1.0477044e-01;9.2500000e+01;1.6673882e-01;9.2500000e+01;2.5818530e-01;9.2500000e+01;3.1722581e-01;9.2500000e+01;2.9425263e-01;9.2500000e+01;2.1737754e-01;9.2500000e+01;1.3487697e-01;9.2500000e+01;6.2978819e-02;9.2500000e+01;1.7249808e-03;9.2500000e+01;-5.5664957e-02;9.2500000e+01;-1.1032699e-01;9.2500000e+01;-1.6254224e-01;9.2500000e+01;-2.1337089e-01;9.2500000e+01;-9.3818001e-02;9.2500000e+01;-7.9027072e-02;9.2500000e+01;-4.5572475e-02;9.2500000e+01;1.2577400e-03;9.2500000e+01;5.1165860e-02;9.2500000e+01;1.0477044e-01;9.2500000e+01;1.6673882e-01;9.2500000e+01;2.5818530e-01;9.2500000e+01;3.1722581e-01;9.2500000e+01;2.9425263e-01;9.2500000e+01;2.1737754e-01;9.2500000e+01;1.3487697e-01;9.2500000e+01;6.2978819e-02;9.2500000e+01;1.7249808e-03;9.2500000e+01;-5.5664957e-02;9.2500000e+01;-1.1032699e-01;9.2500000e+01;-1.6254224e-01;9.2500000e+01;-2.1337089e-01;9.2500000e+01;-9.3818001e-02;9.2500000e+01;-7.9027072e-02;9.2500000e+01;-4.5572475e-02;9.2500000e+01;1.2577400e-03;9.2500000e+01;5.1165860e-02;9.2500000e+01;1.0477044e-01;9.2500000e+01;1.6673882e-01;9.2500000e+01;2.5818530e-01;9.2500000e+01;3.1722581e-01;9.2500000e+01;2.9425263e-01;9.2500000e+01;2.1737754e-01;9.2500000e+01;1.3487697e-01;9.2500000e+01;6.2978819e-02;9.2500000e+01;1.7249808e-03;9.2500000e+01;-5.5664957e-02;9.2500000e+01;-1.1032699e-01;9.2500000e+01;-1.6254224e-01;9.2500000e+01;-2.1337089e-01;9.2500000e+01;-9.3818001e-02;9.2500000e+01;-7.9027072e-02;9.2500000e+01;-4.5572475e-02;9.2500000e+01;1.2577400e-03;9.2500000e+01;5.1165860e-02;9.2500000e+01;1.0477044e-01;9.2500000e+01;1.6673882e-01;9.2500000e+01;2.5818530e-01;9.2500000e+01;3.1722581e-01;9.2500000e+01;2.9425263e-01;9.2500000e+01;2.1737754e-01;9.2500000e+01;1.3487697e-01;9.2500000e+01;6.2978819e-02;9.2500000e+01;1.7249808e-03;9.2500000e+01;-5.5664957e-02;9.2500000e+01;-1.1032699e-01;9.2500000e+01;-1.6254224e-01;9.2500000e+01;-2.1337089e-01;9.2500000e+01;-9.3818001e-02;9.2500000e+01;-7.9027072e-02;9.2500000e+01;-4.5572475e-02;9.2500000e+01;1.2577400e-03;9.2500000e+01;5.1165860e-02;9.2500000e+01;1.0477044e-01;9.2500000e+01;1.6673882e-01;9.2500000e+01;2.5818530e-01;9.2500000e+01;3.1722581e-01;9.2500000e+01;2.9425263e-01;9.2500000e+01;2.1737754e-01;9.2500000e+01;1.3487697e-01;9.2500000e+01;6.2978819e-02;9.2500000e+01;1.7249808e-03;9.2500000e+01;-5.5664957e-02;9.2500000e+01;-1.1032699e-01;9.2500000e+01;-1.6254224e-01;9.2500000e+01;-2.1337089e-01;9.2500000e+01;-9.3818001e-02;9.2500000e+01;-7.9027072e-02;9.2500000e+01;-4.5572475e-02;9.2500000e+01;1.2577400e-03;9.2500000e+01;5.1165860e-02;9.2500000e+01;1.0477044e-01;9.2500000e+01;1.6673882e-01;9.2500000e+01;2.5818530e-01;9.2500000e+01;3.1722581e-01;9.2500000e+01;2.9425263e-01;9.2500000e+01;2.1737754e-01;9.2500000e+01;1.3487697e-01;9.2500000e+01;6.2978819e-02;9.2500000e+01;1.7249808e-03;9.2500000e+01;-5.5664957e-02;9.2500000e+01;-1.1032699e-01;9.2500000e+01;-1.6254224e-01;9.2500000e+01;-2.1337089e-01;9.2500000e+01;-9.3818001e-02;9.2500000e+01;-7.9027072e-02;9.2500000e+01;-4.5572475e-02;9.2500000e+01;1.2577400e-03;9.2500000e+01;5.1165860e-02;9.2500000e+01;1.0477044e-01;9.2500000e+01;1.6673882e-01;9.2500000e+01;2.5818530e-01;9.2500000e+01;3.1722581e-01;9.2500000e+01;2.9425263e-01;9.2500000e+01;2.1737754e-01;9.2500000e+01;1.3487697e-01;9.2500000e+01;6.2978819e-02;9.2500000e+01;1.7249808e-03;9.2500000e+01;-5.5664957e-02;9.2500000e+01;-1.1032699e-01;9.2500000e+01;-1.6254224e-01;9.2500000e+01;-2.1337089e-01;9.2500000e+01;-9.3818001e-02;9.2500000e+01;-7.9027072e-02;9.2500000e+01;-4.5572475e-02;9.2500000e+01;1.2577400e-03;9.2500000e+01;5.1165860e-02;9.2500000e+01;1.0477044e-01;9.2500000e+01;1.6673882e-01;9.2500000e+01;2.5818530e-01;9.2500000e+01;3.1722581e-01;9.2500000e+01;2.9425263e-01;9.2500000e+01;2.1737754e-01;9.2500000e+01;1.3487697e-01;9.2500000e+01;6.2978819e-02;9.2500000e+01;1.7249808e-03;9.2500000e+01;-5.5664957e-02;9.2500000e+01;-1.1032699e-01;9.2500000e+01;-1.6254224e-01;9.2500000e+01;-2.1337089e-01;9.2500000e+01;-9.3818001e-02;9.2500000e+01;-7.9027072e-02;9.2500000e+01;-4.5572475e-02;9.2500000e+01;1.2577400e-03;9.2500000e+01;5.1165860e-02;9.2500000e+01;1.0477044e-01;9.2500000e+01;1.6673882e-01;9.2500000e+01;2.5818530e-01;9.2500000e+01;3.1722581e-01;9.2500000e+01;2.9425263e-01;9.2500000e+01;2.1737754e-01;9.2500000e+01;1.3487697e-01;9.2500000e+01;6.2978819e-02;9.2500000e+01;1.7249808e-03;9.2500000e+01;-5.5664957e-02;9.2500000e+01;-1.1032699e-01;9.2500000e+01;-1.6254224e-01;9.2500000e+01;-2.1337089e-01;9.2500000e+01;-9.3818001e-02;9.2500000e+01;-7.9027072e-02;9.2500000e+01;-4.5572475e-02;9.2500000e+01;1.2577400e-03;9.2500000e+01;5.1165860e-02;9.2500000e+01;1.0477044e-01;9.2500000e+01;1.6673882e-01;9.2500000e+01;2.5818530e-01;9.2500000e+01;3.1722581e-01;9.2500000e+01;2.9425263e-01;9.2500000e+01;2.1737754e-01;9.2500000e+01;1.3487697e-01;9.2500000e+01;6.2978819e-02;9.2500000e+01;1.7249808e-03;9.2500000e+01;-5.5664957e-02;9.2500000e+01;-1.1032699e-01;9.2500000e+01;-1.6254224e-01;9.2500000e+01;-2.1337089e-01;9.2500000e+01;-9.3818001e-02;9.2500000e+01;-7.9027072e-02;9.2500000e+01;-4.5572475e-02;9.2500000e+01;1.2577400e-03;9.2500000e+01;5.1165860e-02;9.2500000e+01;1.0477044e-01;9.2500000e+01;1.6673882e-01;9.2500000e+01;2.5818530e-01;9.2500000e+01;3.1722581e-01;9.2500000e+01;2.9425263e-01;9.2500000e+01;2.1737754e-01;9.2500000e+01;1.3487697e-01;9.2500000e+01;6.2978819e-02;9.2500000e+01;1.7249808e-03;9.2500000e+01;-5.5664957e-02;9.2500000e+01;-1.1032699e-01;9.2500000e+01;-1.6254224e-01;9.2500000e+01;-2.1337089e-01;9.2500000e+01;-9.3818001e-02;9.2500000e+01;-7.9027072e-02;9.2500000e+01;-4.5572475e-02;9.2500000e+01;1.2577400e-03;9.2500000e+01;5.1165860e-02;9.2500000e+01;1.0477044e-01;9.2500000e+01;1.6673882e-01;9.2500000e+01;2.5818530e-01;9.2500000e+01;3.1722581e-01;9.2500000e+01;2.9425263e-01;9.2500000e+01;2.1737754e-01;9.2500000e+01;1.3487697e-01;9.2500000e+01;6.2978819e-02;9.2500000e+01;1.7249808e-03;9.2500000e+01;-5.5664957e-02;9.2500000e+01;-1.1032699e-01;9.2500000e+01;-1.6254224e-01;9.2500000e+01;-2.1337089e-01;9.2500000e+01;-9.3818001e-02;9.2500000e+01;-7.9027072e-02;9.2500000e+01;-4.5572475e-02;9.2500000e+01;1.2577400e-03;9.2500000e+01;5.1165860e-02;9.2500000e+01;1.0477044e-01;9.2500000e+01;1.6673882e-01;9.2500000e+01;2.5818530e-01;9.2500000e+01;3.1722581e-01;9.2500000e+01;2.9425263e-01;9.2500000e+01;2.1737754e-01;9.2500000e+01;1.3487697e-01;9.2500000e+01;6.2978819e-02;9.2500000e+01;1.7249808e-03;9.2500000e+01;-5.5664957e-02;9.2500000e+01;-1.1032699e-01;9.2500000e+01;-1.6254224e-01;9.2500000e+01;-2.1337089e-01;9.2500000e+01;-9.3818001e-02;9.2500000e+01;-7.9027072e-02;9.2500000e+01;-4.5572475e-02;9.2500000e+01;1.2577400e-03;9.2500000e+01;5.1165860e-02;9.2500000e+01;1.0477044e-01;9.2500000e+01;1.6673882e-01;9.2500000e+01;2.5818530e-01;9.2500000e+01;3.1722581e-01;9.2500000e+01;2.9425263e-01;9.2500000e+01;2.1737754e-01;9.2500000e+01;1.3487697e-01;9.2500000e+01;6.2978819e-02;9.2500000e+01;1.7249808e-03;9.2500000e+01;-5.5664957e-02;9.2500000e+01;-1.1032699e-01;9.2500000e+01;-1.6254224e-01;9.2500000e+01;-2.1337089e-01;9.2500000e+01;-9.3818001e-02;9.2500000e+01;-7.9027072e-02;9.2500000e+01;-4.5572475e-02;9.2500000e+01;1.2577400e-03;9.2500000e+01;5.1165860e-02;9.2500000e+01;1.0477044e-01;9.2500000e+01;1.6673882e-01;9.2500000e+01;2.5818530e-01;9.2500000e+01;3.1722581e-01;9.2500000e+01;2.9425263e-01;9.2500000e+01;2.1737754e-01;9.2500000e+01;1.3487697e-01;9.2500000e+01;6.2978819e-02;9.2500000e+01;1.7249808e-03;9.2500000e+01;-5.5664957e-02;9.2500000e+01;-1.1032699e-01;9.2500000e+01;-1.6254224e-01;9.2500000e+01;-2.1337089e-01;9.2500000e+01;-9.3818001e-02;9.2500000e+01;-7.9027072e-02;9.2500000e+01;-4.5572475e-02;9.2500000e+01;1.2577400e-03;9.2500000e+01;5.1165860e-02;9.2500000e+01;1.0477044e-01;9.2500000e+01;1.6673882e-01;9.2500000e+01;2.5818530e-01;9.2500000e+01;3.1722581e-01;9.2500000e+01;2.9425263e-01;9.2500000e+01;2.1737754e-01;9.2500000e+01;1.3487697e-01;9.2500000e+01;6.2978819e-02;9.2500000e+01;1.7249808e-03;9.2500000e+01;-5.5664957e-02;9.2500000e+01;-1.1032699e-01;9.2500000e+01;-1.6254224e-01;9.2500000e+01;-2.1337089e-01;9.2500000e+01;-9.3818001e-02;9.2500000e+01;-7.9027072e-02;9.2500000e+01;-4.5572475e-02;9.2500000e+01;1.2577400e-03;9.2500000e+01;5.1165860e-02;9.2500000e+01;1.0477044e-01;9.2500000e+01;1.6673882e-01;9.2500000e+01;2.5818530e-01;9.2500000e+01;3.1722581e-01;9.2500000e+01;2.9425263e-01;9.2500000e+01;2.1737754e-01;9.2500000e+01;1.3487697e-01;9.2500000e+01;6.2978819e-02;9.2500000e+01;1.7249808e-03;9.2500000e+01;-5.5664957e-02;9.2500000e+01;-1.1032699e-01;9.2500000e+01;-1.6254224e-01;9.2500000e+01;-2.1337089e-01;9.2500000e+01;-9.3818001e-02;9.2500000e+01;-7.9027072e-02;9.2500000e+01;-4.5572475e-02;9.2500000e+01;1.2577400e-03;9.2500000e+01;5.1165860e-02;9.2500000e+01;1.0477044e-01;9.2500000e+01;1.6673882e-01;9.2500000e+01;2.5818530e-01;9.2500000e+01;3.1722581e-01;9.2500000e+01;2.9425263e-01;9.2500000e+01;2.1737754e-01;9.2500000e+01;1.3487697e-01;9.2500000e+01;6.2978819e-02;9.2500000e+01;1.7249808e-03;9.2500000e+01;-5.5664957e-02;9.2500000e+01;-1.1032699e-01;9.2500000e+01;-1.6254224e-01;9.2500000e+01;-2.1337089e-01;9.2500000e+01;-9.3818001e-02;9.2500000e+01;-7.9027072e-02;9.2500000e+01;-4.5572475e-02;9.2500000e+01;1.2577400e-03;9.2500000e+01;5.1165860e-02;9.2500000e+01;1.0477044e-01;9.2500000e+01;1.6673882e-01;9.2500000e+01;2.5818530e-01;9.2500000e+01;3.1722581e-01;9.2500000e+01;2.9425263e-01;9.2500000e+01;2.1737754e-01;9.2500000e+01;1.3487697e-01;9.2500000e+01;6.2978819e-02;9.2500000e+01;1.7249808e-03;9.2500000e+01;-5.5664957e-02;9.2500000e+01;-1.1032699e-01;9.2500000e+01;-1.6254224e-01;9.2500000e+01;-2.1337089e-01;9.2500000e+01;-9.3818001e-02;9.2500000e+01;-7.9027072e-02;9.2500000e+01;-4.5572475e-02;9.2500000e+01;1.2577400e-03;9.2500000e+01;5.1165860e-02;9.2500000e+01;1.0477044e-01;9.2500000e+01;1.6673882e-01;9.2500000e+01;2.5818530e-01;9.2500000e+01;3.1722581e-01;9.2500000e+01;2.9425263e-01;9.2500000e+01;2.1737754e-01;9.2500000e+01;1.3487697e-01;9.2500000e+01;6.2978819e-02;9.2500000e+01;1.7249808e-03;9.2500000e+01;-5.5664957e-02;9.2500000e+01;-1.1032699e-01;9.2500000e+01;-1.6254224e-01;9.2500000e+01;-2.1337089e-01;9.2500000e+01;-9.3818001e-02;9.2500000e+01;-7.9027072e-02;9.2500000e+01;-4.5572475e-02;9.2500000e+01;1.2577400e-03;9.2500000e+01;5.1165860e-02;9.2500000e+01;1.0477044e-01;9.2500000e+01;1.6673882e-01;9.2500000e+01;2.5818530e-01;9.2500000e+01;3.1722581e-01;9.2500000e+01;2.9425263e-01;9.2500000e+01;2.1737754e-01;9.2500000e+01;1.3487697e-01;9.2500000e+01;6.2978819e-02;9.2500000e+01;1.7249808e-03;9.2500000e+01;-5.5664957e-02;9.2500000e+01;-1.1032699e-01;9.2500000e+01;-1.6254224e-01;9.2500000e+01;-2.1337089e-01;9.2500000e+01;-9.3818001e-02;9.2500000e+01;-7.9027072e-02;9.2500000e+01;-4.5572475e-02;9.2500000e+01;1.2577400e-03;9.2500000e+01;5.1165860e-02;9.2500000e+01;1.0477044e-01;9.2500000e+01;1.6673882e-01;9.2500000e+01;2.5818530e-01;9.2500000e+01;3.1722581e-01;9.2500000e+01;2.9425263e-01;9.2500000e+01;2.1737754e-01;9.2500000e+01;1.3487697e-01;9.2500000e+01;6.2978819e-02;9.2500000e+01;1.7249808e-03;9.2500000e+01;-5.5664957e-02;9.2500000e+01;-1.1032699e-01;9.2500000e+01;-1.6254224e-01;9.2500000e+01;-2.1337089e-01;9.2500000e+01;-9.3818001e-02;9.2500000e+01;-7.9027072e-02;9.2500000e+01;-4.5572475e-02;9.2500000e+01;1.2577400e-03;9.2500000e+01;5.1165860e-02;9.2500000e+01;1.0477044e-01;9.2500000e+01;1.6673882e-01;9.2500000e+01;2.5818530e-01;9.2500000e+01;3.1722581e-01;9.2500000e+01;2.9425263e-01;9.2500000e+01;2.1737754e-01;9.2500000e+01;1.3487697e-01;9.2500000e+01;6.2978819e-02;9.2500000e+01;1.7249808e-03;9.2500000e+01;-5.5664957e-02;9.2500000e+01;-1.1032699e-01;9.2500000e+01;-1.6254224e-01;9.2500000e+01;-2.1337089e-01;9.2500000e+01;-9.3818001e-02;9.2500000e+01;-7.9027072e-02;9.2500000e+01;-4.5572475e-02;9.2500000e+01;1.2577400e-03;9.2500000e+01;5.1165860e-02;9.2500000e+01;1.0477044e-01;9.2500000e+01;1.6673882e-01;9.2500000e+01;2.5818530e-01;9.2500000e+01;3.1722581e-01;9.2500000e+01;2.9425263e-01;9.2500000e+01;2.1737754e-01;9.2500000e+01;1.3487697e-01;9.2500000e+01;6.2978819e-02;9.2500000e+01;1.7249808e-03;9.2500000e+01;-5.5664957e-02;9.2500000e+01;-1.1032699e-01;9.2500000e+01;-1.6254224e-01;9.2500000e+01;-2.1337089e-01;9.2500000e+01;-9.3818001e-02;9.2500000e+01;-7.9027072e-02;9.2500000e+01;-4.5572475e-02;9.2500000e+01;1.2577400e-03;9.2500000e+01;5.1165860e-02;9.2500000e+01;1.0477044e-01;9.2500000e+01;1.6673882e-01;9.2500000e+01;2.5818530e-01;9.2500000e+01;3.1722581e-01;9.2500000e+01;2.9425263e-01;9.2500000e+01;2.1737754e-01;9.2500000e+01;1.3487697e-01;9.2500000e+01;6.2978819e-02;9.2500000e+01;1.7249808e-03;9.2500000e+01;-5.5664957e-02;9.2500000e+01;-1.1032699e-01;9.2500000e+01;-1.6254224e-01;9.2500000e+01;-2.1337089e-01;9.2500000e+01;-9.3818001e-02;9.2500000e+01;-7.9027072e-02;9.2500000e+01;-4.5572475e-02;9.2500000e+01;1.2577400e-03;9.2500000e+01;5.1165860e-02;9.2500000e+01;1.0477044e-01;9.2500000e+01;1.6673882e-01;9.2500000e+01;2.5818530e-01;9.2500000e+01;3.1722581e-01;9.2500000e+01;2.9425263e-01;9.2500000e+01;2.1737754e-01;9.2500000e+01;1.3487697e-01;9.2500000e+01;6.2978819e-02;9.2500000e+01;1.7249808e-03;9.2500000e+01;-5.5664957e-02;9.2500000e+01;-1.1032699e-01;9.2500000e+01;-1.6254224e-01;9.2500000e+01;-2.1337089e-01;9.2500000e+01;-9.3818001e-02;9.2500000e+01;-7.9027072e-02;9.2500000e+01;-4.5572475e-02;9.2500000e+01;1.2577400e-03;9.2500000e+01;5.1165860e-02;9.2500000e+01;1.0477044e-01;9.2500000e+01;1.6673882e-01;9.2500000e+01;2.5818530e-01;9.2500000e+01;3.1722581e-01;9.2500000e+01;2.9425263e-01;9.2500000e+01;2.1737754e-01;9.2500000e+01;1.3487697e-01;9.2500000e+01;6.2978819e-02;9.2500000e+01;1.7249808e-03;9.2500000e+01;-5.5664957e-02;9.2500000e+01;-1.1032699e-01;9.2500000e+01;-1.6254224e-01;9.2500000e+01;-2.1337089e-01;9.2500000e+01;-9.3818001e-02;9.2500000e+01;-7.9027072e-02;9.2500000e+01;-4.5572475e-02;9.2500000e+01;1.2577400e-03;9.2500000e+01;5.1165860e-02;9.2500000e+01;1.0477044e-01;9.2500000e+01;1.6673882e-01;9.2500000e+01;2.5818530e-01;9.2500000e+01;3.1722581e-01;9.2500000e+01;2.9425263e-01;9.2500000e+01;2.1737754e-01;9.2500000e+01;1.3487697e-01;9.2500000e+01;6.2978819e-02;9.2500000e+01;1.7249808e-03;9.2500000e+01;-5.5664957e-02;9.2500000e+01;-1.1032699e-01;9.2500000e+01;-1.6254224e-01;9.2500000e+01;-2.1337089e-01;9.2500000e+01;-9.3818001e-02;9.2500000e+01;-7.9027072e-02;9.2500000e+01;-4.5572475e-02;9.2500000e+01;1.2577400e-03;9.2500000e+01;5.1165860e-02;9.2500000e+01;1.0477044e-01;9.2500000e+01;1.6673882e-01;9.2500000e+01;2.5818530e-01;9.2500000e+01;3.1722581e-01;9.2500000e+01;2.9425263e-01;9.2500000e+01;2.1737754e-01;9.2500000e+01;1.3487697e-01;9.2500000e+01;6.2978819e-02;9.2500000e+01;1.7249808e-03;9.2500000e+01;-5.5664957e-02;9.2500000e+01;-1.1032699e-01;9.2500000e+01;-1.6254224e-01;9.2500000e+01;-2.1337089e-01;9.2500000e+01;-9.3818001e-02;9.2500000e+01;-7.9027072e-02;9.2500000e+01;-4.5572475e-02;9.2500000e+01;1.2577400e-03;9.2500000e+01;5.1165860e-02;9.2500000e+01;1.0477044e-01;9.2500000e+01;1.6673882e-01;9.2500000e+01;2.5818530e-01;9.2500000e+01;3.1722581e-01;9.2500000e+01;2.9425263e-01;9.2500000e+01;2.1737754e-01;9.2500000e+01;1.3487697e-01;9.2500000e+01;6.2978819e-02;9.2500000e+01;1.7249808e-03;9.2500000e+01;-5.5664957e-02;9.2500000e+01;-1.1032699e-01;9.2500000e+01;-1.6254224e-01;9.2500000e+01;-2.1337089e-01;9.2500000e+01;-9.3818001e-02;9.2500000e+01;-7.9027072e-02;9.2500000e+01;-4.5572475e-02;9.2500000e+01;1.2577400e-03;9.2500000e+01;5.1165860e-02;9.2500000e+01;1.0477044e-01;9.2500000e+01;1.6673882e-01;9.2500000e+01;2.5818530e-01;9.2500000e+01;3.1722581e-01;9.2500000e+01;2.9425263e-01;9.2500000e+01;2.1737754e-01;9.2500000e+01;1.3487697e-01;9.2500000e+01;6.2978819e-02;9.2500000e+01;1.7249808e-03;9.2500000e+01;-5.5664957e-02;9.2500000e+01;-1.1032699e-01;9.2500000e+01;-1.6254224e-01;9.2500000e+01;-2.1337089e-01;9.2500000e+01;-9.3818001e-02;9.2500000e+01;-7.9027072e-02;9.2500000e+01;-4.5572475e-02;9.2500000e+01;1.2577400e-03;9.2500000e+01;5.1165860e-02;9.2500000e+01;1.0477044e-01;9.2500000e+01;1.6673882e-01;9.2500000e+01;2.5818530e-01;9.2500000e+01;3.1722581e-01;9.2500000e+01;2.9425263e-01;9.2500000e+01;2.1737754e-01;9.2500000e+01;1.3487697e-01;9.2500000e+01;6.2978819e-02;9.2500000e+01;1.7249808e-03;9.2500000e+01;-5.5664957e-02;9.2500000e+01;-1.1032699e-01;9.2500000e+01;-1.6254224e-01;9.2500000e+01;-2.1337089e-01;9.2500000e+01;-9.3818001e-02;9.2500000e+01;-7.9027072e-02;9.2500000e+01;-4.5572475e-02;9.2500000e+01;1.2577400e-03;9.2500000e+01;5.1165860e-02;9.2500000e+01;1.0477044e-01;9.2500000e+01;1.6673882e-01;9.2500000e+01;2.5818530e-01;9.2500000e+01;3.1722581e-01;9.2500000e+01;2.9425263e-01;9.2500000e+01;2.1737754e-01;9.2500000e+01;1.3487697e-01;9.2500000e+01;6.2978819e-02;9.2500000e+01;1.7249808e-03;9.2500000e+01;-5.5664957e-02;9.2500000e+01;-1.1032699e-01;9.2500000e+01;-1.6254224e-01;9.2500000e+01;-2.1337089e-01;9.2500000e+01;-9.3818001e-02;9.2500000e+01;-7.9027072e-02;9.2500000e+01;-4.5572475e-02;9.2500000e+01;1.2577400e-03;9.2500000e+01;5.1165860e-02;9.2500000e+01;1.0477044e-01;9.2500000e+01;1.6673882e-01;9.2500000e+01;2.5818530e-01;9.2500000e+01;3.1722581e-01;9.2500000e+01;2.9425263e-01;9.2500000e+01;2.1737754e-01;9.2500000e+01;1.3487697e-01;9.2500000e+01;6.2978819e-02;9.2500000e+01;1.7249808e-03;9.2500000e+01;-5.5664957e-02;9.2500000e+01;-1.1032699e-01;9.2500000e+01;-1.6254224e-01;9.2500000e+01;-2.1337089e-01;9.2500000e+01;-9.3818001e-02;9.2500000e+01;-7.9027072e-02;9.2500000e+01;-4.5572475e-02;9.2500000e+01;1.2577400e-03;9.2500000e+01;5.1165860e-02;9.2500000e+01;1.0477044e-01;9.2500000e+01;1.6673882e-01;9.2500000e+01;2.5818530e-01;9.2500000e+01;3.1722581e-01;9.2500000e+01;2.9425263e-01;9.2500000e+01;2.1737754e-01;9.2500000e+01;1.3487697e-01;9.2500000e+01;6.2978819e-02;9.2500000e+01;1.7249808e-03;9.2500000e+01;-5.5664957e-02;9.2500000e+01;-1.1032699e-01;9.2500000e+01;-1.6254224e-01;9.2500000e+01;-2.1337089e-01;9.2500000e+01;-9.3818001e-02;9.2500000e+01;-7.9027072e-02;9.2500000e+01;-4.5572475e-02;9.2500000e+01;1.2577400e-03;9.2500000e+01;5.1165860e-02;9.2500000e+01;1.0477044e-01;9.2500000e+01;1.6673882e-01;9.2500000e+01;2.5818530e-01;9.2500000e+01;3.1722581e-01;9.2500000e+01;2.9425263e-01;9.2500000e+01;2.1737754e-01;9.2500000e+01;1.3487697e-01;9.2500000e+01;6.2978819e-02;9.2500000e+01;1.7249808e-03;9.2500000e+01;-5.5664957e-02;9.2500000e+01;-1.1032699e-01;9.2500000e+01;-1.6254224e-01;9.2500000e+01;-2.1337089e-01;9.2500000e+01;-9.3818001e-02;9.2500000e+01;-7.9027072e-02;9.2500000e+01;-4.5572475e-02;9.2500000e+01;1.2577400e-03;9.2500000e+01;5.1165860e-02;9.2500000e+01;1.0477044e-01;9.2500000e+01;1.6673882e-01;9.2500000e+01;2.5818530e-01;9.2500000e+01;3.1722581e-01;9.2500000e+01;2.9425263e-01;9.2500000e+01;2.1737754e-01;9.2500000e+01;1.3487697e-01;9.2500000e+01;6.2978819e-02;9.2500000e+01;1.7249808e-03;9.2500000e+01;-5.5664957e-02;9.2500000e+01;-1.1032699e-01;9.2500000e+01;-1.6254224e-01;9.2500000e+01;-2.1337089e-01;9.2500000e+01;-9.3818001e-02;9.2500000e+01;-7.9027072e-02;9.2500000e+01;-4.5572475e-02;9.2500000e+01;1.2577400e-03;9.2500000e+01;5.1165860e-02;9.2500000e+01;1.0477044e-01;9.2500000e+01;1.6673882e-01;9.2500000e+01;2.5818530e-01;9.2500000e+01;3.1722581e-01;9.2500000e+01;2.9425263e-01;9.2500000e+01;2.1737754e-01;9.2500000e+01;1.3487697e-01;9.2500000e+01;6.2978819e-02;9.2500000e+01;1.7249808e-03;9.2500000e+01;-5.5664957e-02;9.2500000e+01;-1.1032699e-01;9.2500000e+01;-1.6254224e-01;9.2500000e+01;-2.1337089e-01;9.2500000e+01;-9.3818001e-02;9.2500000e+01;-7.9027072e-02;9.2500000e+01;-4.5572475e-02;9.2500000e+01;1.2577400e-03;9.2500000e+01;5.1165860e-02;9.2500000e+01;1.0477044e-01;9.2500000e+01;1.6673882e-01;9.2500000e+01;2.5818530e-01;9.2500000e+01;3.1722581e-01;9.2500000e+01;2.9425263e-01;9.2500000e+01;2.1737754e-01;9.2500000e+01;1.3487697e-01;9.2500000e+01;6.2978819e-02;9.2500000e+01;1.7249808e-03;9.2500000e+01;-5.5664957e-02;9.2500000e+01;-1.1032699e-01;9.2500000e+01;-1.6254224e-01;9.2500000e+01;-2.1337089e-01;9.2500000e+01;-9.3818001e-02;9.2500000e+01;-7.9027072e-02;9.2500000e+01;-4.5572475e-02;9.2500000e+01;1.2577400e-03;9.2500000e+01;5.1165860e-02;9.2500000e+01;1.0477044e-01;9.2500000e+01;1.6673882e-01;9.2500000e+01;2.5818530e-01;9.2500000e+01;3.1722581e-01;9.2500000e+01;2.9425263e-01;9.2500000e+01;2.1737754e-01;9.2500000e+01;1.3487697e-01;9.2500000e+01;6.2978819e-02;9.2500000e+01;1.7249808e-03;9.2500000e+01;-5.5664957e-02;9.2500000e+01;-1.1032699e-01;9.2500000e+01;-1.6254224e-01;9.2500000e+01;-2.1337089e-01;9.2500000e+01;-9.3818001e-02;9.2500000e+01;-7.9027072e-02;9.2500000e+01;-4.5572475e-02;9.2500000e+01;1.2577400e-03;9.2500000e+01;5.1165860e-02;9.2500000e+01;1.0477044e-01;9.2500000e+01;1.6673882e-01;9.2500000e+01;2.5818530e-01;9.2500000e+01;3.1722581e-01;9.2500000e+01;2.9425263e-01;9.2500000e+01;2.1737754e-01;9.2500000e+01;1.3487697e-01;9.2500000e+01;6.2978819e-02;9.2500000e+01;1.7249808e-03;9.2500000e+01;-5.5664957e-02;9.2500000e+01;-1.1032699e-01;9.2500000e+01;-1.6254224e-01;9.2500000e+01;-2.1337089e-01;9.2500000e+01;-9.3818001e-02;9.2500000e+01;-7.9027072e-02;9.2500000e+01;-4.5572475e-02;9.2500000e+01;1.2577400e-03;9.2500000e+01;5.1165860e-02;9.2500000e+01;1.0477044e-01;9.2500000e+01;1.6673882e-01;9.2500000e+01;2.5818530e-01;9.2500000e+01;3.1722581e-01;9.2500000e+01;2.9425263e-01;9.2500000e+01;2.1737754e-01;9.2500000e+01;1.3487697e-01;9.2500000e+01;6.2978819e-02;9.2500000e+01;1.7249808e-03;9.2500000e+01;-5.5664957e-02;9.2500000e+01;-1.1032699e-01;9.2500000e+01;-1.6254224e-01;9.2500000e+01;-2.1337089e-01
9.7500000e+01;-9.9195033e-02;9.7500000e+01;-8.9928083e-02;9.7500000e+01;-6.2849775e-02;9.7500000e+01;-2.6710443e-02;9.7500000e+01;1.6379740e-02;9.7500000e+01;6.8942457e-02;9.7500000e+01;1.3707601e-01;9.7500000e+01;2.3805645e-01;9.7500000e+01;2.9713991e-01;9.7500000e+01;2.8189281e-01;9.7500000e+01;2.1500380e-01;9.7500000e+01;1.3456081e-01;9.7500000e+01;6.1975725e-02;9.7500000e+01;2.0042062e-05;9.7500000e+01;-5.7611614e-02;9.7500000e+01;-1.1235154e-01;9.7500000e+01;-1.6412607e-01;9.7500000e+01;-2.1609871e-01;9.7500000e+01;-9.9195033e-02;9.7500000e+01;-8.9928083e-02;9.7500000e+01;-6.2849775e-02;9.7500000e+01;-2.6710443e-02;9.7500000e+01;1.6379740e-02;9.7500000e+01;6.8942457e-02;9.7500000e+01;1.3707601e-01;9.7500000e+01;2.3805645e-01;9.7500000e+01;2.9713991e-01;9.7500000e+01;2.8189281e-01;9.7500000e+01;2.1500380e-01;9.7500000e+01;1.3456081e-01;9.7500000e+01;6.1975725e-02;9.7500000e+01;2.0042062e-05;9.7500000e+01;-5.7611614e-02;9.7500000e+01;-1.1235154e-01;9.7500000e+01;-1.6412607e-01;9.7500000e+01;-2.1609871e-01;9.7500000e+01;-9.9195033e-02;9.7500000e+01;-8.9928083e-02;9.7500000e+01;-6.2849775e-02;9.7500000e+01;-2.6710443e-02;9.7500000e+01;1.6379740e-02;9.7500000e+01;6.8942457e-02;9.7500000e+01;1.3707601e-01;9.7500000e+01;2.3805645e-01;9.7500000e+01;2.9713991e-01;9.7500000e+01;2.8189281e-01;9.7500000e+01;2.1500380e-01;9.7500000e+01;1.3456081e-01;9.7500000e+01;6.1975725e-02;9.7500000e+01;2.0042062e-05;9.7500000e+01;-5.7611614e-02;9.7500000e+01;-1.1235154e-01;9.7500000e+01;-1.6412607e-01;9.7500000e+01;-2.1609871e-01;9.7500000e+01;-9.9195033e-02;9.7500000e+01;-8.9928083e-02;9.7500000e+01;-6.2849775e-02;9.7500000e+01;-2.6710443e-02;9.7500000e+01;1.6379740e-02;9.7500000e+01;6.8942457e-02;9.7500000e+01;1.3707601e-01;9.7500000e+01;2.3805645e-01;9.7500000e+01;2.9713991e-01;9.7500000e+01;2.8189281e-01;9.7500000e+01;2.1500380e-01;9.7500000e+01;1.3456081e-01;9.7500000e+01;6.1975725e-02;9.7500000e+01;2.0042062e-05;9.7500000e+01;-5.7611614e-02;9.7500000e+01;-1.1235154e-01;9.7500000e+01;-1.6412607e-01;9.7500000e+01;-2.1609871e-01;9.7500000e+01;-9.9195033e-02;9.7500000e+01;-8.9928083e-02;9.7500000e+01;-6.2849775e-02;9.7500000e+01;-2.6710443e-02;9.7500000e+01;1.6379740e-02;9.7500000e+01;6.8942457e-02;9.7500000e+01;1.3707601e-01;9.7500000e+01;2.3805645e-01;9.7500000e+01;2.9713991e-01;9.7500000e+01;2.8189281e-01;9.7500000e+01;2.1500380e-01;9.7500000e+01;1.3456081e-01;9.7500000e+01;6.1975725e-02;9.7500000e+01;2.0042062e-05;9.7500000e+01;-5.7611614e-02;9.7500000e+01;-1.1235154e-01;9.7500000e+01;-1.6412607e-01;9.7500000e+01;-2.1609871e-01;9.7500000e+01;-9.9195033e-02;9.7500000e+01;-8.9928083e-02;9.7500000e+01;-6.2849775e-02;9.7500000e+01;-2.6710443e-02;9.7500000e+01;1.6379740e-02;9.7500000e+01;6.8942457e-02;9.7500000e+01;1.3707601e-01;9.7500000e+01;2.3805645e-01;9.7500000e+01;2.9713991e-01;9.7500000e+01;2.8189281e-01;9.7500000e+01;2.1500380e-01;9.7500000e+01;1.3456081e-01;9.7500000e+01;6.1975725e-02;9.7500000e+01;2.0042062e-05;9.7500000e+01;-5.7611614e-02;9.7500000e+01;-1.1235154e-01;9.7500000e+01;-1.6412607e-01;9.7500000e+01;-2.1609871e-01;9.7500000e+01;-9.9195033e-02;9.7500000e+01;-8.9928083e-02;9.7500000e+01;-6.2849775e-02;9.7500000e+01;-2.6710443e-02;9.7500000e+01;1.6379740e-02;9.7500000e+01;6.8942457e-02;9.7500000e+01;1.3707601e-01;9.7500000e+01;2.3805645e-01;9.7500000e+01;2.9713991e-01;9.7500000e+01;2.8189281e-01;9.7500000e+01;2.1500380e-01;9.7500000e+01;1.3456081e-01;9.7500000e+01;6.1975725e-02;9.7500000e+01;2.0042062e-05;9.7500000e+01;-5.7611614e-02;9.7500000e+01;-1.1235154e-01;9.7500000e+01;-1.6412607e-01;9.7500000e+01;-2.1609871e-01;9.7500000e+01;-9.9195033e-02;9.7500000e+01;-8.9928083e-02;9.7500000e+01;-6.2849775e-02;9.7500000e+01;-2.6710443e-02;9.7500000e+01;1.6379740e-02;9.7500000e+01;6.8942457e-02;9.7500000e+01;1.3707601e-01;9.7500000e+01;2.3805645e-01;9.7500000e+01;2.9713991e-01;9.7500000e+01;2.8189281e-01;9.7500000e+01;2.1500380e-01;9.7500000e+01;1.3456081e-01;9.7500000e+01;6.1975725e-02;9.7500000e+01;2.0042062e-05;9.7500000e+01;-5.7611614e-02;9.7500000e+01;-1.1235154e-01;9.7500000e+01;-1.6412607e-01;9.7500000e+01;-2.1609871e-01;9.7500000e+01;-9.9195033e-02;9.7500000e+01;-8.9928083e-02;9.7500000e+01;-6.2849775e-02;9.7500000e+01;-2.6710443e-02;9.7500000e+01;1.6379740e-02;9.7500000e+01;6.8942457e-02;9.7500000e+01;1.3707601e-01;9.7500000e+01;2.3805645e-01;9.7500000e+01;2.9713991e-01;9.7500000e+01;2.8189281e-01;9.7500000e+01;2.1500380e-01;9.7500000e+01;1.3456081e-01;9.7500000e+01;6.1975725e-02;9.7500000e+01;2.0042062e-05;9.7500000e+01;-5.7611614e-02;9.7500000e+01;-1.1235154e-01;9.7500000e+01;-1.6412607e-01;9.7500000e+01;-2.1609871e-01;9.7500000e+01;-9.9195033e-02;9.7500000e+01;-8.9928083e-02;9.7500000e+01;-6.2849775e-02;9.7500000e+01;-2.6710443e-02;9.7500000e+01;1.6379740e-02;9.7500000e+01;6.8942457e-02;9.7500000e+01;1.3707601e-01;9.7500000e+01;2.3805645e-01;9.7500000e+01;2.9713991e-01;9.7500000e+01;2.8189281e-01;9.7500000e+01;2.1500380e-01;9.7500000e+01;1.3456081e-01;9.7500000e+01;6.1975725e-02;9.7500000e+01;2.0042062e-05;9.7500000e+01;-5.7611614e-02;9.7500000e+01;-1.1235154e-01;9.7500000e+01;-1.6412607e-01;9.7500000e+01;-2.1609871e-01;9.7500000e+01;-9.9195033e-02;9.7500000e+01;-8.9928083e-02;9.7500000e+01;-6.2849775e-02;9.7500000e+01;-2.6710443e-02;9.7500000e+01;1.6379740e-02;9.7500000e+01;6.8942457e-02;9.7500000e+01;1.3707601e-01;9.7500000e+01;2.3805645e-01;9.7500000e+01;2.9713991e-01;9.7500000e+01;2.8189281e-01;9.7500000e+01;2.1500380e-01;9.7500000e+01;1.3456081e-01;9.7500000e+01;6.1975725e-02;9.7500000e+01;2.0042062e-05;9.7500000e+01;-5.7611614e-02;9.7500000e+01;-1.1235154e-01;9.7500000e+01;-1.6412607e-01;9.7500000e+01;-2.1609871e-01;9.7500000e+01;-9.9195033e-02;9.7500000e+01;-8.9928083e-02;9.7500000e+01;-6.2849775e-02;9.7500000e+01;-2.6710443e-02;9.7500000e+01;1.6379740e-02;9.7500000e+01;6.8942457e-02;9.7500000e+01;1.3707601e-01;9.7500000e+01;2.3805645e-01;9.7500000e+01;2.9713991e-01;9.7500000e+01;2.8189281e-01;9.7500000e+01;2.1500380e-01;9.7500000e+01;1.3456081e-01;9.7500000e+01;6.1975725e-02;9.7500000e+01;2.0042062e-05;9.7500000e+01;-5.7611614e-02;9.7500000e+01;-1.1235154e-01;9.7500000e+01;-1.6412607e-01;9.7500000e+01;-2.1609871e-01;9.7500000e+01;-9.9195033e-02;9.7500000e+01;-8.9928083e-02;9.7500000e+01;-6.2849775e-02;9.7500000e+01;-2.6710443e-02;9.7500000e+01;1.6379740e-02;9.7500000e+01;6.8942457e-02;9.7500000e+01;1.3707601e-01;9.7500000e+01;2.3805645e-01;9.7500000e+01;2.9713991e-01;9.7500000e+01;2.8189281e-01;9.7500000e+01;2.1500380e-01;9.7500000e+01;1.3456081e-01;9.7500000e+01;6.1975725e-02;9.7500000e+01;2.0042062e-05;9.7500000e+01;-5.7611614e-02;9.7500000e+01;-1.1235154e-01;9.7500000e+01;-1.6412607e-01;9.7500000e+01;-2.1609871e-01;9.7500000e+01;-9.9195033e-02;9.7500000e+01;-8.9928083e-02;9.7500000e+01;-6.2849775e-02;9.7500000e+01;-2.6710443e-02;9.7500000e+01;1.6379740e-02;9.7500000e+01;6.8942457e-02;9.7500000e+01;1.3707601e-01;9.7500000e+01;2.3805645e-01;9.7500000e+01;2.9713991e-01;9.7500000e+01;2.8189281e-01;9.7500000e+01;2.1500380e-01;9.7500000e+01;1.3456081e-01;9.7500000e+01;6.1975725e-02;9.7500000e+01;2.0042062e-05;9.7500000e+01;-5.7611614e-02;9.7500000e+01;-1.1235154e-01;9.7500000e+01;-1.6412607e-01;9.7500000e+01;-2.1609871e-01;9.7500000e+01;-9.9195033e-02;9.7500000e+01;-8.9928083e-02;9.7500000e+01;-6.2849775e-02;9.7500000e+01;-2.6710443e-02;9.7500000e+01;1.6379740e-02;9.7500000e+01;6.8942457e-02;9.7500000e+01;1.3707601e-01;9.7500000e+01;2.3805645e-01;9.7500000e+01;2.9713991e-01;9.7500000e+01;2.8189281e-01;9.7500000e+01;2.1500380e-01;9.7500000e+01;1.3456081e-01;9.7500000e+01;6.1975725e-02;9.7500000e+01;2.0042062e-05;9.7500000e+01;-5.7611614e-02;9.7500000e+01;-1.1235154e-01;9.7500000e+01;-1.6412607e-01;9.7500000e+01;-2.1609871e-01;9.7500000e+01;-9.9195033e-02;9.7500000e+01;-8.9928083e-02;9.7500000e+01;-6.2849775e-02;9.7500000e+01;-2.6710443e-02;9.7500000e+01;1.6379740e-02;9.7500000e+01;6.8942457e-02;9.7500000e+01;1.3707601e-01;9.7500000e+01;2.3805645e-01;9.7500000e+01;2.9713991e-01;9.7500000e+01;2.8189281e-01;9.7500000e+01;2.1500380e-01;9.7500000e+01;1.3456081e-01;9.7500000e+01;6.1975725e-02;9.7500000e+01;2.0042062e-05;9.7500000e+01;-5.7611614e-02;9.7500000e+01;-1.1235154e-01;9.7500000e+01;-1.6412607e-01;9.7500000e+01;-2.1609871e-01;9.7500000e+01;-9.9195033e-02;9.7500000e+01;-8.9928083e-02;9.7500000e+01;-6.2849775e-02;9.7500000e+01;-2.6710443e-02;9.7500000e+01;1.6379740e-02;9.7500000e+01;6.8942457e-02;9.7500000e+01;1.3707601e-01;9.7500000e+01;2.3805645e-01;9.7500000e+01;2.9713991e-01;9.7500000e+01;2.8189281e-01;9.7500000e+01;2.1500380e-01;9.7500000e+01;1.3456081e-01;9.7500000e+01;6.1975725e-02;9.7500000e+01;2.0042062e-05;9.7500000e+01;-5.7611614e-02;9.7500000e+01;-1.1235154e-01;9.7500000e+01;-1.6412607e-01;9.7500000e+01;-2.1609871e-01;9.7500000e+01;-9.9195033e-02;9.7500000e+01;-8.9928083e-02;9.7500000e+01;-6.2849775e-02;9.7500000e+01;-2.6710443e-02;9.7500000e+01;1.6379740e-02;9.7500000e+01;6.8942457e-02;9.7500000e+01;1.3707601e-01;9.7500000e+01;2.3805645e-01;9.7500000e+01;2.9713991e-01;9.7500000e+01;2.8189281e-01;9.7500000e+01;2.1500380e-01;9.7500000e+01;1.3456081e-01;9.7500000e+01;6.1975725e-02;9.7500000e+01;2.0042062e-05;9.7500000e+01;-5.7611614e-02;9.7500000e+01;-1.1235154e-01;9.7500000e+01;-1.6412607e-01;9.7500000e+01;-2.1609871e-01;9.7500000e+01;-9.9195033e-02;9.7500000e+01;-8.9928083e-02;9.7500000e+01;-6.2849775e-02;9.7500000e+01;-2.6710443e-02;9.7500000e+01;1.6379740e-02;9.7500000e+01;6.8942457e-02;9.7500000e+01;1.3707601e-01;9.7500000e+01;2.3805645e-01;9.7500000e+01;2.9713991e-01;9.7500000e+01;2.8189281e-01;9.7500000e+01;2.1500380e-01;9.7500000e+01;1.3456081e-01;9.7500000e+01;6.1975725e-02;9.7500000e+01;2.0042062e-05;9.7500000e+01;-5.7611614e-02;9.7500000e+01;-1.1235154e-01;9.7500000e+01;-1.6412607e-01;9.7500000e+01;-2.1609871e-01;9.7500000e+01;-9.9195033e-02;9.7500000e+01;-8.9928083e-02;9.7500000e+01;-6.2849775e-02;9.7500000e+01;-2.6710443e-02;9.7500000e+01;1.6379740e-02;9.7500000e+01;6.8942457e-02;9.7500000e+01;1.3707601e-01;9.7500000e+01;2.3805645e-01;9.7500000e+01;2.9713991e-01;9.7500000e+01;2.8189281e-01;9.7500000e+01;2.1500380e-01;9.7500000e+01;1.3456081e-01;9.7500000e+01;6.1975725e-02;9.7500000e+01;2.0042062e-05;9.7500000e+01;-5.7611614e-02;9.7500000e+01;-1.1235154e-01;9.7500000e+01;-1.6412607e-01;9.7500000e+01;-2.1609871e-01;9.7500000e+01;-9.9195033e-02;9.7500000e+01;-8.9928083e-02;9.7500000e+01;-6.2849775e-02;9.7500000e+01;-2.6710443e-02;9.7500000e+01;1.6379740e-02;9.7500000e+01;6.8942457e-02;9.7500000e+01;1.3707601e-01;9.7500000e+01;2.3805645e-01;9.7500000e+01;2.9713991e-01;9.7500000e+01;2.8189281e-01;9.7500000e+01;2.1500380e-01;9.7500000e+01;1.3456081e-01;9.7500000e+01;6.1975725e-02;9.7500000e+01;2.0042062e-05;9.7500000e+01;-5.7611614e-02;9.7500000e+01;-1.1235154e-01;9.7500000e+01;-1.6412607e-01;9.7500000e+01;-2.1609871e-01;9.7500000e+01;-9.9195033e-02;9.7500000e+01;-8.9928083e-02;9.7500000e+01;-6.2849775e-02;9.7500000e+01;-2.6710443e-02;9.7500000e+01;1.6379740e-02;9.7500000e+01;6.8942457e-02;9.7500000e+01;1.3707601e-01;9.7500000e+01;2.3805645e-01;9.7500000e+01;2.9713991e-01;9.7500000e+01;2.8189281e-01;9.7500000e+01;2.1500380e-01;9.7500000e+01;1.3456081e-01;9.7500000e+01;6.1975725e-02;9.7500000e+01;2.0042062e-05;9.7500000e+01;-5.7611614e-02;9.7500000e+01;-1.1235154e-01;9.7500000e+01;-1.6412607e-01;9.7500000e+01;-2.1609871e-01;9.7500000e+01;-9.9195033e-02;9.7500000e+01;-8.9928083e-02;9.7500000e+01;-6.2849775e-02;9.7500000e+01;-2.6710443e-02;9.7500000e+01;1.6379740e-02;9.7500000e+01;6.8942457e-02;9.7500000e+01;1.3707601e-01;9.7500000e+01;2.3805645e-01;9.7500000e+01;2.9713991e-01;9.7500000e+01;2.8189281e-01;9.7500000e+01;2.1500380e-01;9.7500000e+01;1.3456081e-01;9.7500000e+01;6.1975725e-02;9.7500000e+01;2.0042062e-05;9.7500000e+01;-5.7611614e-02;9.7500000e+01;-1.1235154e-01;9.7500000e+01;-1.6412607e-01;9.7500000e+01;-2.1609871e-01;9.7500000e+01;-9.9195033e-02;9.7500000e+01;-8.9928083e-02;9.7500000e+01;-6.2849775e-02;9.7500000e+01;-2.6710443e-02;9.7500000e+01;1.6379740e-02;9.7500000e+01;6.8942457e-02;9.7500000e+01;1.3707601e-01;9.7500000e+01;2.3805645e-01;9.7500000e+01;2.9713991e-01;9.7500000e+01;2.8189281e-01;9.7500000e+01;2.1500380e-01;9.7500000e+01;1.3456081e-01;9.7500000e+01;6.1975725e-02;9.7500000e+01;2.0042062e-05;9.7500000e+01;-5.7611614e-02;9.7500000e+01;-1.1235154e-01;9.7500000e+01;-1.6412607e-01;9.7500000e+01;-2.1609871e-01;9.7500000e+01;-9.9195033e-02;9.7500000e+01;-8.9928083e-02;9.7500000e+01;-6.2849775e-02;9.7500000e+01;-2.6710443e-02;9.7500000e+01;1.6379740e-02;9.7500000e+01;6.8942457e-02;9.7500000e+01;1.3707601e-01;9.7500000e+01;2.3805645e-01;9.7500000e+01;2.9713991e-01;9.7500000e+01;2.8189281e-01;9.7500000e+01;2.1500380e-01;9.7500000e+01;1.3456081e-01;9.7500000e+01;6.1975725e-02;9.7500000e+01;2.0042062e-05;9.7500000e+01;-5.7611614e-02;9.7500000e+01;-1.1235154e-01;9.7500000e+01;-1.6412607e-01;9.7500000e+01;-2.1609871e-01;9.7500000e+01;-9.9195033e-02;9.7500000e+01;-8.9928083e-02;9.7500000e+01;-6.2849775e-02;9.7500000e+01;-2.6710443e-02;9.7500000e+01;1.6379740e-02;9.7500000e+01;6.8942457e-02;9.7500000e+01;1.3707601e-01;9.7500000e+01;2.3805645e-01;9.7500000e+01;2.9713991e-01;9.7500000e+01;2.8189281e-01;9.7500000e+01;2.1500380e-01;9.7500000e+01;1.3456081e-01;9.7500000e+01;6.1975725e-02;9.7500000e+01;2.0042062e-05;9.7500000e+01;-5.7611614e-02;9.7500000e+01;-1.1235154e-01;9.7500000e+01;-1.6412607e-01;9.7500000e+01;-2.1609871e-01;9.7500000e+01;-9.9195033e-02;9.7500000e+01;-8.9928083e-02;9.7500000e+01;-6.2849775e-02;9.7500000e+01;-2.6710443e-02;9.7500000e+01;1.6379740e-02;9.7500000e+01;6.8942457e-02;9.7500000e+01;1.3707601e-01;9.7500000e+01;2.3805645e-01;9.7500000e+01;2.9713991e-01;9.7500000e+01;2.8189281e-01;9.7500000e+01;2.1500380e-01;9.7500000e+01;1.3456081e-01;9.7500000e+01;6.1975725e-02;9.7500000e+01;2.0042062e-05;9.7500000e+01;-5.7611614e-02;9.7500000e+01;-1.1235154e-01;9.7500000e+01;-1.6412607e-01;9.7500000e+01;-2.1609871e-01;9.7500000e+01;-9.9195033e-02;9.7500000e+01;-8.9928083e-02;9.7500000e+01;-6.2849775e-02;9.7500000e+01;-2.6710443e-02;9.7500000e+01;1.6379740e-02;9.7500000e+01;6.8942457e-02;9.7500000e+01;1.3707601e-01;9.7500000e+01;2.3805645e-01;9.7500000e+01;2.9713991e-01;9.7500000e+01;2.8189281e-01;9.7500000e+01;2.1500380e-01;9.7500000e+01;1.3456081e-01;9.7500000e+01;6.1975725e-02;9.7500000e+01;2.0042062e-05;9.7500000e+01;-5.7611614e-02;9.7500000e+01;-1.1235154e-01;9.7500000e+01;-1.6412607e-01;9.7500000e+01;-2.1609871e-01;9.7500000e+01;-9.9195033e-02;9.7500000e+01;-8.9928083e-02;9.7500000e+01;-6.2849775e-02;9.7500000e+01;-2.6710443e-02;9.7500000e+01;1.6379740e-02;9.7500000e+01;6.8942457e-02;9.7500000e+01;1.3707601e-01;9.7500000e+01;2.3805645e-01;9.7500000e+01;2.9713991e-01;9.7500000e+01;2.8189281e-01;9.7500000e+01;2.1500380e-01;9.7500000e+01;1.3456081e-01;9.7500000e+01;6.1975725e-02;9.7500000e+01;2.0042062e-05;9.7500000e+01;-5.7611614e-02;9.7500000e+01;-1.1235154e-01;9.7500000e+01;-1.6412607e-01;9.7500000e+01;-2.1609871e-01;9.7500000e+01;-9.9195033e-02;9.7500000e+01;-8.9928083e-02;9.7500000e+01;-6.2849775e-02;9.7500000e+01;-2.6710443e-02;9.7500000e+01;1.6379740e-02;9.7500000e+01;6.8942457e-02;9.7500000e+01;1.3707601e-01;9.7500000e+01;2.3805645e-01;9.7500000e+01;2.9713991e-01;9.7500000e+01;2.8189281e-01;9.7500000e+01;2.1500380e-01;9.7500000e+01;1.3456081e-01;9.7500000e+01;6.1975725e-02;9.7500000e+01;2.0042062e-05;9.7500000e+01;-5.7611614e-02;9.7500000e+01;-1.1235154e-01;9.7500000e+01;-1.6412607e-01;9.7500000e+01;-2.1609871e-01;9.7500000e+01;-9.9195033e-02;9.7500000e+01;-8.9928083e-02;9.7500000e+01;-6.2849775e-02;9.7500000e+01;-2.6710443e-02;9.7500000e+01;1.6379740e-02;9.7500000e+01;6.8942457e-02;9.7500000e+01;1.3707601e-01;9.7500000e+01;2.3805645e-01;9.7500000e+01;2.9713991e-01;9.7500000e+01;2.8189281e-01;9.7500000e+01;2.1500380e-01;9.7500000e+01;1.3456081e-01;9.7500000e+01;6.1975725e-02;9.7500000e+01;2.0042062e-05;9.7500000e+01;-5.7611614e-02;9.7500000e+01;-1.1235154e-01;9.7500000e+01;-1.6412607e-01;9.7500000e+01;-2.1609871e-01;9.7500000e+01;-9.9195033e-02;9.7500000e+01;-8.9928083e-02;9.7500000e+01;-6.2849775e-02;9.7500000e+01;-2.6710443e-02;9.7500000e+01;1.6379740e-02;9.7500000e+01;6.8942457e-02;9.7500000e+01;1.3707601e-01;9.7500000e+01;2.3805645e-01;9.7500000e+01;2.9713991e-01;9.7500000e+01;2.8189281e-01;9.7500000e+01;2.1500380e-01;9.7500000e+01;1.3456081e-01;9.7500000e+01;6.1975725e-02;9.7500000e+01;2.0042062e-05;9.7500000e+01;-5.7611614e-02;9.7500000e+01;-1.1235154e-01;9.7500000e+01;-1.6412607e-01;9.7500000e+01;-2.1609871e-01;9.7500000e+01;-9.9195033e-02;9.7500000e+01;-8.9928083e-02;9.7500000e+01;-6.2849775e-02;9.7500000e+01;-2.6710443e-02;9.7500000e+01;1.6379740e-02;9.7500000e+01;6.8942457e-02;9.7500000e+01;1.3707601e-01;9.7500000e+01;2.3805645e-01;9.7500000e+01;2.9713991e-01;9.7500000e+01;2.8189281e-01;9.7500000e+01;2.1500380e-01;9.7500000e+01;1.3456081e-01;9.7500000e+01;6.1975725e-02;9.7500000e+01;2.0042062e-05;9.7500000e+01;-5.7611614e-02;9.7500000e+01;-1.1235154e-01;9.7500000e+01;-1.6412607e-01;9.7500000e+01;-2.1609871e-01;9.7500000e+01;-9.9195033e-02;9.7500000e+01;-8.9928083e-02;9.7500000e+01;-6.2849775e-02;9.7500000e+01;-2.6710443e-02;9.7500000e+01;1.6379740e-02;9.7500000e+01;6.8942457e-02;9.7500000e+01;1.3707601e-01;9.7500000e+01;2.3805645e-01;9.7500000e+01;2.9713991e-01;9.7500000e+01;2.8189281e-01;9.7500000e+01;2.1500380e-01;9.7500000e+01;1.3456081e-01;9.7500000e+01;6.1975725e-02;9.7500000e+01;2.0042062e-05;9.7500000e+01;-5.7611614e-02;9.7500000e+01;-1.1235154e-01;9.7500000e+01;-1.6412607e-01;9.7500000e+01;-2.1609871e-01;9.7500000e+01;-9.9195033e-02;9.7500000e+01;-8.9928083e-02;9.7500000e+01;-6.2849775e-02;9.7500000e+01;-2.6710443e-02;9.7500000e+01;1.6379740e-02;9.7500000e+01;6.8942457e-02;9.7500000e+01;1.3707601e-01;9.7500000e+01;2.3805645e-01;9.7500000e+01;2.9713991e-01;9.7500000e+01;2.8189281e-01;9.7500000e+01;2.1500380e-01;9.7500000e+01;1.3456081e-01;9.7500000e+01;6.1975725e-02;9.7500000e+01;2.0042062e-05;9.7500000e+01;-5.7611614e-02;9.7500000e+01;-1.1235154e-01;9.7500000e+01;-1.6412607e-01;9.7500000e+01;-2.1609871e-01;9.7500000e+01;-9.9195033e-02;9.7500000e+01;-8.9928083e-02;9.7500000e+01;-6.2849775e-02;9.7500000e+01;-2.6710443e-02;9.7500000e+01;1.6379740e-02;9.7500000e+01;6.8942457e-02;9.7500000e+01;1.3707601e-01;9.7500000e+01;2.3805645e-01;9.7500000e+01;2.9713991e-01;9.7500000e+01;2.8189281e-01;9.7500000e+01;2.1500380e-01;9.7500000e+01;1.3456081e-01;9.7500000e+01;6.1975725e-02;9.7500000e+01;2.0042062e-05;9.7500000e+01;-5.7611614e-02;9.7500000e+01;-1.1235154e-01;9.7500000e+01;-1.6412607e-01;9.7500000e+01;-2.1609871e-01;9.7500000e+01;-9.9195033e-02;9.7500000e+01;-8.9928083e-02;9.7500000e+01;-6.2849775e-02;9.7500000e+01;-2.6710443e-02;9.7500000e+01;1.6379740e-02;9.7500000e+01;6.8942457e-02;9.7500000e+01;1.3707601e-01;9.7500000e+01;2.3805645e-01;9.7500000e+01;2.9713991e-01;9.7500000e+01;2.8189281e-01;9.7500000e+01;2.1500380e-01;9.7500000e+01;1.3456081e-01;9.7500000e+01;6.1975725e-02;9.7500000e+01;2.0042062e-05;9.7500000e+01;-5.7611614e-02;9.7500000e+01;-1.1235154e-01;9.7500000e+01;-1.6412607e-01;9.7500000e+01;-2.1609871e-01;9.7500000e+01;-9.9195033e-02;9.7500000e+01;-8.9928083e-02;9.7500000e+01;-6.2849775e-02;9.7500000e+01;-2.6710443e-02;9.7500000e+01;1.6379740e-02;9.7500000e+01;6.8942457e-02;9.7500000e+01;1.3707601e-01;9.7500000e+01;2.3805645e-01;9.7500000e+01;2.9713991e-01;9.7500000e+01;2.8189281e-01;9.7500000e+01;2.1500380e-01;9.7500000e+01;1.3456081e-01;9.7500000e+01;6.1975725e-02;9.7500000e+01;2.0042062e-05;9.7500000e+01;-5.7611614e-02;9.7500000e+01;-1.1235154e-01;9.7500000e+01;-1.6412607e-01;9.7500000e+01;-2.1609871e-01;9.7500000e+01;-9.9195033e-02;9.7500000e+01;-8.9928083e-02;9.7500000e+01;-6.2849775e-02;9.7500000e+01;-2.6710443e-02;9.7500000e+01;1.6379740e-02;9.7500000e+01;6.8942457e-02;9.7500000e+01;1.3707601e-01;9.7500000e+01;2.3805645e-01;9.7500000e+01;2.9713991e-01;9.7500000e+01;2.8189281e-01;9.7500000e+01;2.1500380e-01;9.7500000e+01;1.3456081e-01;9.7500000e+01;6.1975725e-02;9.7500000e+01;2.0042062e-05;9.7500000e+01;-5.7611614e-02;9.7500000e+01;-1.1235154e-01;9.7500000e+01;-1.6412607e-01;9.7500000e+01;-2.1609871e-01;9.7500000e+01;-9.9195033e-02;9.7500000e+01;-8.9928083e-02;9.7500000e+01;-6.2849775e-02;9.7500000e+01;-2.6710443e-02;9.7500000e+01;1.6379740e-02;9.7500000e+01;6.8942457e-02;9.7500000e+01;1.3707601e-01;9.7500000e+01;2.3805645e-01;9.7500000e+01;2.9713991e-01;9.7500000e+01;2.8189281e-01;9.7500000e+01;2.1500380e-01;9.7500000e+01;1.3456081e-01;9.7500000e+01;6.1975725e-02;9.7500000e+01;2.0042062e-05;9.7500000e+01;-5.7611614e-02;9.7500000e+01;-1.1235154e-01;9.7500000e+01;-1.6412607e-01;9.7500000e+01;-2.1609871e-01;9.7500000e+01;-9.9195033e-02;9.7500000e+01;-8.9928083e-02;9.7500000e+01;-6.2849775e-02;9.7500000e+01;-2.6710443e-02;9.7500000e+01;1.6379740e-02;9.7500000e+01;6.8942457e-02;9.7500000e+01;1.3707601e-01;9.7500000e+01;2.3805645e-01;9.7500000e+01;2.9713991e-01;9.7500000e+01;2.8189281e-01;9.7500000e+01;2.1500380e-01;9.7500000e+01;1.3456081e-01;9.7500000e+01;6.1975725e-02;9.7500000e+01;2.0042062e-05;9.7500000e+01;-5.7611614e-02;9.7500000e+01;-1.1235154e-01;9.7500000e+01;-1.6412607e-01;9.7500000e+01;-2.1609871e-01;9.7500000e+01;-9.9195033e-02;9.7500000e+01;-8.9928083e-02;9.7500000e+01;-6.2849775e-02;9.7500000e+01;-2.6710443e-02;9.7500000e+01;1.6379740e-02;9.7500000e+01;6.8942457e-02;9.7500000e+01;1.3707601e-01;9.7500000e+01;2.3805645e-01;9.7500000e+01;2.9713991e-01;9.7500000e+01;2.8189281e-01;9.7500000e+01;2.1500380e-01;9.7500000e+01;1.3456081e-01;9.7500000e+01;6.1975725e-02;9.7500000e+01;2.0042062e-05;9.7500000e+01;-5.7611614e-02;9.7500000e+01;-1.1235154e-01;9.7500000e+01;-1.6412607e-01;9.7500000e+01;-2.1609871e-01;9.7500000e+01;-9.9195033e-02;9.7500000e+01;-8.9928083e-02;9.7500000e+01;-6.2849775e-02;9.7500000e+01;-2.6710443e-02;9.7500000e+01;1.6379740e-02;9.7500000e+01;6.8942457e-02;9.7500000e+01;1.3707601e-01;9.7500000e+01;2.3805645e-01;9.7500000e+01;2.9713991e-01;9.7500000e+01;2.8189281e-01;9.7500000e+01;2.1500380e-01;9.7500000e+01;1.3456081e-01;9.7500000e+01;6.1975725e-02;9.7500000e+01;2.0042062e-05;9.7500000e+01;-5.7611614e-02;9.7500000e+01;-1.1235154e-01;9.7500000e+01;-1.6412607e-01;9.7500000e+01;-2.1609871e-01;9.7500000e+01;-9.9195033e-02;9.7500000e+01;-8.9928083e-02;9.7500000e+01;-6.2849775e-02;9.7500000e+01;-2.6710443e-02;9.7500000e+01;1.6379740e-02;9.7500000e+01;6.8942457e-02;9.7500000e+01;1.3707601e-01;9.7500000e+01;2.3805645e-01;9.7500000e+01;2.9713991e-01;9.7500000e+01;2.8189281e-01;9.7500000e+01;2.1500380e-01;9.7500000e+01;1.3456081e-01;9.7500000e+01;6.1975725e-02;9.7500000e+01;2.0042062e-05;9.7500000e+01;-5.7611614e-02;9.7500000e+01;-1.1235154e-01;9.7500000e+01;-1.6412607e-01;9.7500000e+01;-2.1609871e-01;9.7500000e+01;-9.9195033e-02;9.7500000e+01;-8.9928083e-02;9.7500000e+01;-6.2849775e-02;9.7500000e+01;-2.6710443e-02;9.7500000e+01;1.6379740e-02;9.7500000e+01;6.8942457e-02;9.7500000e+01;1.3707601e-01;9.7500000e+01;2.3805645e-01;9.7500000e+01;2.9713991e-01;9.7500000e+01;2.8189281e-01;9.7500000e+01;2.1500380e-01;9.7500000e+01;1.3456081e-01;9.7500000e+01;6.1975725e-02;9.7500000e+01;2.0042062e-05;9.7500000e+01;-5.7611614e-02;9.7500000e+01;-1.1235154e-01;9.7500000e+01;-1.6412607e-01;9.7500000e+01;-2.1609871e-01;9.7500000e+01;-9.9195033e-02;9.7500000e+01;-8.9928083e-02;9.7500000e+01;-6.2849775e-02;9.7500000e+01;-2.6710443e-02;9.7500000e+01;1.6379740e-02;9.7500000e+01;6.8942457e-02;9.7500000e+01;1.3707601e-01;9.7500000e+01;2.3805645e-01;9.7500000e+01;2.9713991e-01;9.7500000e+01;2.8189281e-01;9.7500000e+01;2.1500380e-01;9.7500000e+01;1.3456081e-01;9.7500000e+01;6.1975725e-02;9.7500000e+01;2.0042062e-05;9.7500000e+01;-5.7611614e-02;9.7500000e+01;-1.1235154e-01;9.7500000e+01;-1.6412607e-01;9.7500000e+01;-2.1609871e-01;9.7500000e+01;-9.9195033e-02;9.7500000e+01;-8.9928083e-02;9.7500000e+01;-6.2849775e-02;9.7500000e+01;-2.6710443e-02;9.7500000e+01;1.6379740e-02;9.7500000e+01;6.8942457e-02;9.7500000e+01;1.3707601e-01;9.7500000e+01;2.3805645e-01;9.7500000e+01;2.9713991e-01;9.7500000e+01;2.8189281e-01;9.7500000e+01;2.1500380e-01;9.7500000e+01;1.3456081e-01;9.7500000e+01;6.1975725e-02;9.7500000e+01;2.0042062e-05;9.7500000e+01;-5.7611614e-02;9.7500000e+01;-1.1235154e-01;9.7500000e+01;-1.6412607e-01;9.7500000e+01;-2.1609871e-01;9.7500000e+01;-9.9195033e-02;9.7500000e+01;-8.9928083e-02;9.7500000e+01;-6.2849775e-02;9.7500000e+01;-2.6710443e-02;9.7500000e+01;1.6379740e-02;9.7500000e+01;6.8942457e-02;9.7500000e+01;1.3707601e-01;9.7500000e+01;2.3805645e-01;9.7500000e+01;2.9713991e-01;9.7500000e+01;2.8189281e-01;9.7500000e+01;2.1500380e-01;9.7500000e+01;1.3456081e-01;9.7500000e+01;6.1975725e-02;9.7500000e+01;2.0042062e-05;9.7500000e+01;-5.7611614e-02;9.7500000e+01;-1.1235154e-01;9.7500000e+01;-1.6412607e-01;9.7500000e+01;-2.1609871e-01;9.7500000e+01;-9.9195033e-02;9.7500000e+01;-8.9928083e-02;9.7500000e+01;-6.2849775e-02;9.7500000e+01;-2.6710443e-02;9.7500000e+01;1.6379740e-02;9.7500000e+01;6.8942457e-02;9.7500000e+01;1.3707601e-01;9.7500000e+01;2.3805645e-01;9.7500000e+01;2.9713991e-01;9.7500000e+01;2.8189281e-01;9.7500000e+01;2.1500380e-01;9.7500000e+01;1.3456081e-01;9.7500000e+01;6.1975725e-02;9.7500000e+01;2.0042062e-05;9.7500000e+01;-5.7611614e-02;9.7500000e+01;-1.1235154e-01;9.7500000e+01;-1.6412607e-01;9.7500000e+01;-2.1609871e-01;9.7500000e+01;-9.9195033e-02;9.7500000e+01;-8.9928083e-02;9.7500000e+01;-6.2849775e-02;9.7500000e+01;-2.6710443e-02;9.7500000e+01;1.6379740e-02;9.7500000e+01;6.8942457e-02;9.7500000e+01;1.3707601e-01;9.7500000e+01;2.3805645e-01;9.7500000e+01;2.9713991e-01;9.7500000e+01;2.8189281e-01;9.7500000e+01;2.1500380e-01;9.7500000e+01;1.3456081e-01;9.7500000e+01;6.1975725e-02;9.7500000e+01;2.0042062e-05;9.7500000e+01;-5.7611614e-02;9.7500000e+01;-1.1235154e-01;9.7500000e+01;-1.6412607e-01;9.7500000e+01;-2.1609871e-01;9.7500000e+01;-9.9195033e-02;9.7500000e+01;-8.9928083e-02;9.7500000e+01;-6.2849775e-02;9.7500000e+01;-2.6710443e-02;9.7500000e+01;1.6379740e-02;9.7500000e+01;6.8942457e-02;9.7500000e+01;1.3707601e-01;9.7500000e+01;2.3805645e-01;9.7500000e+01;2.9713991e-01;9.7500000e+01;2.8189281e-01;9.7500000e+01;2.1500380e-01;9.7500000e+01;1.3456081e-01;9.7500000e+01;6.1975725e-02;9.7500000e+01;2.0042062e-05;9.7500000e+01;-5.7611614e-02;9.7500000e+01;-1.1235154e-01;9.7500000e+01;-1.6412607e-01;9.7500000e+01;-2.1609871e-01;9.7500000e+01;-9.9195033e-02;9.7500000e+01;-8.9928083e-02;9.7500000e+01;-6.2849775e-02;9.7500000e+01;-2.6710443e-02;9.7500000e+01;1.6379740e-02;9.7500000e+01;6.8942457e-02;9.7500000e+01;1.3707601e-01;9.7500000e+01;2.3805645e-01;9.7500000e+01;2.9713991e-01;9.7500000e+01;2.8189281e-01;9.7500000e+01;2.1500380e-01;9.7500000e+01;1.3456081e-01;9.7500000e+01;6.1975725e-02;9.7500000e+01;2.0042062e-05;9.7500000e+01;-5.7611614e-02;9.7500000e+01;-1.1235154e-01;9.7500000e+01;-1.6412607e-01;9.7500000e+01;-2.1609871e-01;9.7500000e+01;-9.9195033e-02;9.7500000e+01;-8.9928083e-02;9.7500000e+01;-6.2849775e-02;9.7500000e+01;-2.6710443e-02;9.7500000e+01;1.6379740e-02;9.7500000e+01;6.8942457e-02;9.7500000e+01;1.3707601e-01;9.7500000e+01;2.3805645e-01;9.7500000e+01;2.9713991e-01;9.7500000e+01;2.8189281e-01;9.7500000e+01;2.1500380e-01;9.7500000e+01;1.3456081e-01;9.7500000e+01;6.1975725e-02;9.7500000e+01;2.0042062e-05;9.7500000e+01;-5.7611614e-02;9.7500000e+01;-1.1235154e-01;9.7500000e+01;-1.6412607e-01;9.7500000e+01;-2.1609871e-01;9.7500000e+01;-9.9195033e-02;9.7500000e+01;-8.9928083e-02;9.7500000e+01;-6.2849775e-02;9.7500000e+01;-2.6710443e-02;9.7500000e+01;1.6379740e-02;9.7500000e+01;6.8942457e-02;9.7500000e+01;1.3707601e-01;9.7500000e+01;2.3805645e-01;9.7500000e+01;2.9713991e-01;9.7500000e+01;2.8189281e-01;9.7500000e+01;2.1500380e-01;9.7500000e+01;1.3456081e-01;9.7500000e+01;6.1975725e-02;9.7500000e+01;2.0042062e-05;9.7500000e+01;-5.7611614e-02;9.7500000e+01;-1.1235154e-01;9.7500000e+01;-1.6412607e-01;9.7500000e+01;-2.1609871e-01;9.7500000e+01;-9.9195033e-02;9.7500000e+01;-8.9928083e-02;9.7500000e+01;-6.2849775e-02;9.7500000e+01;-2.6710443e-02;9.7500000e+01;1.6379740e-02;9.7500000e+01;6.8942457e-02;9.7500000e+01;1.3707601e-01;9.7500000e+01;2.3805645e-01;9.7500000e+01;2.9713991e-01;9.7500000e+01;2.8189281e-01;9.7500000e+01;2.1500380e-01;9.7500000e+01;1.3456081e-01;9.7500000e+01;6.1975725e-02;9.7500000e+01;2.0042062e-05;9.7500000e+01;-5.7611614e-02;9.7500000e+01;-1.1235154e-01;9.7500000e+01;-1.6412607e-01;9.7500000e+01;-2.1609871e-01;9.7500000e+01;-9.9195033e-02;9.7500000e+01;-8.9928083e-02;9.7500000e+01;-6.2849775e-02;9.7500000e+01;-2.6710443e-02;9.7500000e+01;1.6379740e-02;9.7500000e+01;6.8942457e-02;9.7500000e+01;1.3707601e-01;9.7500000e+01;2.3805645e-01;9.7500000e+01;2.9713991e-01;9.7500000e+01;2.8189281e-01;9.7500000e+01;2.1500380e-01;9.7500000e+01;1.3456081e-01;9.7500000e+01;6.1975725e-02;9.7500000e+01;2.0042062e-05;9.7500000e+01;-5.7611614e-02;9.7500000e+01;-1.1235154e-01;9.7500000e+01;-1.6412607e-01;9.7500000e+01;-2.1609871e-01;9.7500000e+01;-9.9195033e-02;9.7500000e+01;-8.9928083e-02;9.7500000e+01;-6.2849775e-02;9.7500000e+01;-2.6710443e-02;9.7500000e+01;1.6379740e-02;9.7500000e+01;6.8942457e-02;9.7500000e+01;1.3707601e-01;9.7500000e+01;2.3805645e-01;9.7500000e+01;2.9713991e-01;9.7500000e+01;2.8189281e-01;9.7500000e+01;2.1500380e-01;9.7500000e+01;1.3456081e-01;9.7500000e+01;6.1975725e-02;9.7500000e+01;2.0042062e-05;9.7500000e+01;-5.7611614e-02;9.7500000e+01;-1.1235154e-01;9.7500000e+01;-1.6412607e-01;9.7500000e+01;-2.1609871e-01;9.7500000e+01;-9.9195033e-02;9.7500000e+01;-8.9928083e-02;9.7500000e+01;-6.2849775e-02;9.7500000e+01;-2.6710443e-02;9.7500000e+01;1.6379740e-02;9.7500000e+01;6.8942457e-02;9.7500000e+01;1.3707601e-01;9.7500000e+01;2.3805645e-01;9.7500000e+01;2.9713991e-01;9.7500000e+01;2.8189281e-01;9.7500000e+01;2.1500380e-01;9.7500000e+01;1.3456081e-01;9.7500000e+01;6.1975725e-02;9.7500000e+01;2.0042062e-05;9.7500000e+01;-5.7611614e-02;9.7500000e+01;-1.1235154e-01;9.7500000e+01;-1.6412607e-01;9.7500000e+01;-2.1609871e-01;9.7500000e+01;-9.9195033e-02;9.7500000e+01;-8.9928083e-02;9.7500000e+01;-6.2849775e-02;9.7500000e+01;-2.6710443e-02;9.7500000e+01;1.6379740e-02;9.7500000e+01;6.8942457e-02;9.7500000e+01;1.3707601e-01;9.7500000e+01;2.3805645e-01;9.7500000e+01;2.9713991e-01;9.7500000e+01;2.8189281e-01;9.7500000e+01;2.1500380e-01;9.7500000e+01;1.3456081e-01;9.7500000e+01;6.1975725e-02;9.7500000e+01;2.0042062e-05;9.7500000e+01;-5.7611614e-02;9.7500000e+01;-1.1235154e-01;9.7500000e+01;-1.6412607e-01;9.7500000e+01;-2.1609871e-01;9.7500000e+01;-9.9195033e-02;9.7500000e+01;-8.9928083e-02;9.7500000e+01;-6.2849775e-02;9.7500000e+01;-2.6710443e-02;9.7500000e+01;1.6379740e-02;9.7500000e+01;6.8942457e-02;9.7500000e+01;1.3707601e-01;9.7500000e+01;2.3805645e-01;9.7500000e+01;2.9713991e-01;9.7500000e+01;2.8189281e-01;9.7500000e+01;2.1500380e-01;9.7500000e+01;1.3456081e-01;9.7500000e+01;6.1975725e-02;9.7500000e+01;2.0042062e-05;9.7500000e+01;-5.7611614e-02;9.7500000e+01;-1.1235154e-01;9.7500000e+01;-1.6412607e-01;9.7500000e+01;-2.1609871e-01;9.7500000e+01;-9.9195033e-02;9.7500000e+01;-8.9928083e-02;9.7500000e+01;-6.2849775e-02;9.7500000e+01;-2.6710443e-02;9.7500000e+01;1.6379740e-02;9.7500000e+01;6.8942457e-02;9.7500000e+01;1.3707601e-01;9.7500000e+01;2.3805645e-01;9.7500000e+01;2.9713991e-01;9.7500000e+01;2.8189281e-01;9.7500000e+01;2.1500380e-01;9.7500000e+01;1.3456081e-01;9.7500000e+01;6.1975725e-02;9.7500000e+01;2.0042062e-05;9.7500000e+01;-5.7611614e-02;9.7500000e+01;-1.1235154e-01;9.7500000e+01;-1.6412607e-01;9.7500000e+01;-2.1609871e-01;9.7500000e+01;-9.9195033e-02;9.7500000e+01;-8.9928083e-02;9.7500000e+01;-6.2849775e-02;9.7500000e+01;-2.6710443e-02;9.7500000e+01;1.6379740e-02;9.7500000e+01;6.8942457e-02;9.7500000e+01;1.3707601e-01;9.7500000e+01;2.3805645e-01;9.7500000e+01;2.9713991e-01;9.7500000e+01;2.8189281e-01;9.7500000e+01;2.1500380e-01;9.7500000e+01;1.3456081e-01;9.7500000e+01;6.1975725e-02;9.7500000e+01;2.0042062e-05;9.7500000e+01;-5.7611614e-02;9.7500000e+01;-1.1235154e-01;9.7500000e+01;-1.6412607e-01;9.7500000e+01;-2.1609871e-01;9.7500000e+01;-9.9195033e-02;9.7500000e+01;-8.9928083e-02;9.7500000e+01;-6.2849775e-02;9.7500000e+01;-2.6710443e-02;9.7500000e+01;1.6379740e-02;9.7500000e+01;6.8942457e-02;9.7500000e+01;1.3707601e-01;9.7500000e+01;2.3805645e-01;9.7500000e+01;2.9713991e-01;9.7500000e+01;2.8189281e-01;9.7500000e+01;2.1500380e-01;9.7500000e+01;1.3456081e-01;9.7500000e+01;6.1975725e-02;9.7500000e+01;2.0042062e-05;9.7500000e+01;-5.7611614e-02;9.7500000e+01;-1.1235154e-01;9.7500000e+01;-1.6412607e-01;9.7500000e+01;-2.1609871e-01;9.7500000e+01;-9.9195033e-02;9.7500000e+01;-8.9928083e-02;9.7500000e+01;-6.2849775e-02;9.7500000e+01;-2.6710443e-02;9.7500000e+01;1.6379740e-02;9.7500000e+01;6.8942457e-02;9.7500000e+01;1.3707601e-01;9.7500000e+01;2.3805645e-01;9.7500000e+01;2.9713991e-01;9.7500000e+01;2.8189281e-01;9.7500000e+01;2.1500380e-01;9.7500000e+01;1.3456081e-01;9.7500000e+01;6.1975725e-02;9.7500000e+01;2.0042062e-05;9.7500000e+01;-5.7611614e-02;9.7500000e+01;-1.1235154e-01;9.7500000e+01;-1.6412607e-01;9.7500000e+01;-2.1609871e-01;9.7500000e+01;-9.9195033e-02;9.7500000e+01;-8.9928083e-02;9.7500000e+01;-6.2849775e-02;9.7500000e+01;-2.6710443e-02;9.7500000e+01;1.6379740e-02;9.7500000e+01;6.8942457e-02;9.7500000e+01;1.3707601e-01;9.7500000e+01;2.3805645e-01;9.7500000e+01;2.9713991e-01;9.7500000e+01;2.8189281e-01;9.7500000e+01;2.1500380e-01;9.7500000e+01;1.3456081e-01;9.7500000e+01;6.1975725e-02;9.7500000e+01;2.0042062e-05;9.7500000e+01;-5.7611614e-02;9.7500000e+01;-1.1235154e-01;9.7500000e+01;-1.6412607e-01;9.7500000e+01;-2.1609871e-01;9.7500000e+01;-9.9195033e-02;9.7500000e+01;-8.9928083e-02;9.7500000e+01;-6.2849775e-02;9.7500000e+01;-2.6710443e-02;9.7500000e+01;1.6379740e-02;9.7500000e+01;6.8942457e-02;9.7500000e+01;1.3707601e-01;9.7500000e+01;2.3805645e-01;9.7500000e+01;2.9713991e-01;9.7500000e+01;2.8189281e-01;9.7500000e+01;2.1500380e-01;9.7500000e+01;1.3456081e-01;9.7500000e+01;6.1975725e-02;9.7500000e+01;2.0042062e-05;9.7500000e+01;-5.7611614e-02;9.7500000e+01;-1.1235154e-01;9.7500000e+01;-1.6412607e-01;9.7500000e+01;-2.1609871e-01;9.7500000e+01;-9.9195033e-02;9.7500000e+01;-8.9928083e-02;9.7500000e+01;-6.2849775e-02;9.7500000e+01;-2.6710443e-02;9.7500000e+01;1.6379740e-02;9.7500000e+01;6.8942457e-02;9.7500000e+01;1.3707601e-01;9.7500000e+01;2.3805645e-01;9.7500000e+01;2.9713991e-01;9.7500000e+01;2.8189281e-01;9.7500000e+01;2.1500380e-01;9.7500000e+01;1.3456081e-01;9.7500000e+01;6.1975725e-02;9.7500000e+01;2.0042062e-05;9.7500000e+01;-5.7611614e-02;9.7500000e+01;-1.1235154e-01;9.7500000e+01;-1.6412607e-01;9.7500000e+01;-2.1609871e-01;9.7500000e+01;-9.9195033e-02;9.7500000e+01;-8.9928083e-02;9.7500000e+01;-6.2849775e-02;9.7500000e+01;-2.6710443e-02;9.7500000e+01;1.6379740e-02;9.7500000e+01;6.8942457e-02;9.7500000e+01;1.3707601e-01;9.7500000e+01;2.3805645e-01;9.7500000e+01;2.9713991e-01;9.7500000e+01;2.8189281e-01;9.7500000e+01;2.1500380e-01;9.7500000e+01;1.3456081e-01;9.7500000e+01;6.1975725e-02;9.7500000e+01;2.0042062e-05;9.7500000e+01;-5.7611614e-02;9.7500000e+01;-1.1235154e-01;9.7500000e+01;-1.6412607e-01;9.7500000e+01;-2.1609871e-01;9.7500000e+01;-9.9195033e-02;9.7500000e+01;-8.9928083e-02;9.7500000e+01;-6.2849775e-02;9.7500000e+01;-2.6710443e-02;9.7500000e+01;1.6379740e-02;9.7500000e+01;6.8942457e-02;9.7500000e+01;1.3707601e-01;9.7500000e+01;2.3805645e-01;9.7500000e+01;2.9713991e-01;9.7500000e+01;2.8189281e-01;9.7500000e+01;2.1500380e-01;9.7500000e+01;1.3456081e-01;9.7500000e+01;6.1975725e-02;9.7500000e+01;2.0042062e-05;9.7500000e+01;-5.7611614e-02;9.7500000e+01;-1.1235154e-01;9.7500000e+01;-1.6412607e-01;9.7500000e+01;-2.1609871e-01;9.7500000e+01;-9.9195033e-02;9.7500000e+01;-8.9928083e-02;9.7500000e+01;-6.2849775e-02;9.7500000e+01;-2.6710443e-02;9.7500000e+01;1.6379740e-02;9.7500000e+01;6.8942457e-02;9.7500000e+01;1.3707601e-01;9.7500000e+01;2.3805645e-01;9.7500000e+01;2.9713991e-01;9.7500000e+01;2.8189281e-01;9.7500000e+01;2.1500380e-01;9.7500000e+01;1.3456081e-01;9.7500000e+01;6.1975725e-02;9.7500000e+01;2.0042062e-05;9.7500000e+01;-5.7611614e-02;9.7500000e+01;-1.1235154e-01;9.7500000e+01;-1.6412607e-01;9.7500000e+01;-2.1609871e-01;9.7500000e+01;-9.9195033e-02;9.7500000e+01;-8.9928083e-02;9.7500000e+01;-6.2849775e-02;9.7500000e+01;-2.6710443e-02;9.7500000e+01;1.6379740e-02;9.7500000e+01;6.8942457e-02;9.7500000e+01;1.3707601e-01;9.7500000e+01;2.3805645e-01;9.7500000e+01;2.9713991e-01;9.7500000e+01;2.8189281e-01;9.7500000e+01;2.1500380e-01;9.7500000e+01;1.3456081e-01;9.7500000e+01;6.1975725e-02;9.7500000e+01;2.0042062e-05;9.7500000e+01;-5.7611614e-02;9.7500000e+01;-1.1235154e-01;9.7500000e+01;-1.6412607e-01;9.7500000e+01;-2.1609871e-01;9.7500000e+01;-9.9195033e-02;9.7500000e+01;-8.9928083e-02;9.7500000e+01;-6.2849775e-02;9.7500000e+01;-2.6710443e-02;9.7500000e+01;1.6379740e-02;9.7500000e+01;6.8942457e-02;9.7500000e+01;1.3707601e-01;9.7500000e+01;2.3805645e-01;9.7500000e+01;2.9713991e-01;9.7500000e+01;2.8189281e-01;9.7500000e+01;2.1500380e-01;9.7500000e+01;1.3456081e-01;9.7500000e+01;6.1975725e-02;9.7500000e+01;2.0042062e-05;9.7500000e+01;-5.7611614e-02;9.7500000e+01;-1.1235154e-01;9.7500000e+01;-1.6412607e-01;9.7500000e+01;-2.1609871e-01;9.7500000e+01;-9.9195033e-02;9.7500000e+01;-8.9928083e-02;9.7500000e+01;-6.2849775e-02;9.7500000e+01;-2.6710443e-02;9.7500000e+01;1.6379740e-02;9.7500000e+01;6.8942457e-02;9.7500000e+01;1.3707601e-01;9.7500000e+01;2.3805645e-01;9.7500000e+01;2.9713991e-01;9.7500000e+01;2.8189281e-01;9.7500000e+01;2.1500380e-01;9.7500000e+01;1.3456081e-01;9.7500000e+01;6.1975725e-02;9.7500000e+01;2.0042062e-05;9.7500000e+01;-5.7611614e-02;9.7500000e+01;-1.1235154e-01;9.7500000e+01;-1.6412607e-01;9.7500000e+01;-2.1609871e-01;9.7500000e+01;-9.9195033e-02;9.7500000e+01;-8.9928083e-02;9.7500000e+01;-6.2849775e-02;9.7500000e+01;-2.6710443e-02;9.7500000e+01;1.6379740e-02;9.7500000e+01;6.8942457e-02;9.7500000e+01;1.3707601e-01;9.7500000e+01;2.3805645e-01;9.7500000e+01;2.9713991e-01;9.7500000e+01;2.8189281e-01;9.7500000e+01;2.1500380e-01;9.7500000e+01;1.3456081e-01;9.7500000e+01;6.1975725e-02;9.7500000e+01;2.0042062e-05;9.7500000e+01;-5.7611614e-02;9.7500000e+01;-1.1235154e-01;9.7500000e+01;-1.6412607e-01;9.7500000e+01;-2.1609871e-01;9.7500000e+01;-9.9195033e-02;9.7500000e+01;-8.9928083e-02;9.7500000e+01;-6.2849775e-02;9.7500000e+01;-2.6710443e-02;9.7500000e+01;1.6379740e-02;9.7500000e+01;6.8942457e-02;9.7500000e+01;1.3707601e-01;9.7500000e+01;2.3805645e-01;9.7500000e+01;2.9713991e-01;9.7500000e+01;2.8189281e-01;9.7500000e+01;2.1500380e-01;9.7500000e+01;1.3456081e-01;9.7500000e+01;6.1975725e-02;9.7500000e+01;2.0042062e-05;9.7500000e+01;-5.7611614e-02;9.7500000e+01;-1.1235154e-01;9.7500000e+01;-1.6412607e-01;9.7500000e+01;-2.1609871e-01;9.7500000e+01;-9.9195033e-02;9.7500000e+01;-8.9928083e-02;9.7500000e+01;-6.2849775e-02;9.7500000e+01;-2.6710443e-02;9.7500000e+01;1.6379740e-02;9.7500000e+01;6.8942457e-02;9.7500000e+01;1.3707601e-01;9.7500000e+01;2.3805645e-01;9.7500000e+01;2.9713991e-01;9.7500000e+01;2.8189281e-01;9.7500000e+01;2.1500380e-01;9.7500000e+01;1.3456081e-01;9.7500000e+01;6.1975725e-02;9.7500000e+01;2.0042062e-05;9.7500000e+01;-5.7611614e-02;9.7500000e+01;-1.1235154e-01;9.7500000e+01;-1.6412607e-01;9.7500000e+01;-2.1609871e-01;9.7500000e+01;-9.9195033e-02;9.7500000e+01;-8.9928083e-02;9.7500000e+01;-6.2849775e-02;9.7500000e+01;-2.6710443e-02;9.7500000e+01;1.6379740e-02;9.7500000e+01;6.8942457e-02;9.7500000e+01;1.3707601e-01;9.7500000e+01;2.3805645e-01;9.7500000e+01;2.9713991e-01;9.7500000e+01;2.8189281e-01;9.7500000e+01;2.1500380e-01;9.7500000e+01;1.3456081e-01;9.7500000e+01;6.1975725e-02;9.7500000e+01;2.0042062e-05;9.7500000e+01;-5.7611614e-02;9.7500000e+01;-1.1235154e-01;9.7500000e+01;-1.6412607e-01;9.7500000e+01;-2.1609871e-01;9.7500000e+01;-9.9195033e-02;9.7500000e+01;-8.9928083e-02;9.7500000e+01;-6.2849775e-02;9.7500000e+01;-2.6710443e-02;9.7500000e+01;1.6379740e-02;9.7500000e+01;6.8942457e-02;9.7500000e+01;1.3707601e-01;9.7500000e+01;2.3805645e-01;9.7500000e+01;2.9713991e-01;9.7500000e+01;2.8189281e-01;9.7500000e+01;2.1500380e-01;9.7500000e+01;1.3456081e-01;9.7500000e+01;6.1975725e-02;9.7500000e+01;2.0042062e-05;9.7500000e+01;-5.7611614e-02;9.7500000e+01;-1.1235154e-01;9.7500000e+01;-1.6412607e-01;9.7500000e+01;-2.1609871e-01;9.7500000e+01;-9.9195033e-02;9.7500000e+01;-8.9928083e-02;9.7500000e+01;-6.2849775e-02;9.7500000e+01;-2.6710443e-02;9.7500000e+01;1.6379740e-02;9.7500000e+01;6.8942457e-02;9.7500000e+01;1.3707601e-01;9.7500000e+01;2.3805645e-01;9.7500000e+01;2.9713991e-01;9.7500000e+01;2.8189281e-01;9.7500000e+01;2.1500380e-01;9.7500000e+01;1.3456081e-01;9.7500000e+01;6.1975725e-02;9.7500000e+01;2.0042062e-05;9.7500000e+01;-5.7611614e-02;9.7500000e+01;-1.1235154e-01;9.7500000e+01;-1.6412607e-01;9.7500000e+01;-2.1609871e-01;9.7500000e+01;-9.9195033e-02;9.7500000e+01;-8.9928083e-02;9.7500000e+01;-6.2849775e-02;9.7500000e+01;-2.6710443e-02;9.7500000e+01;1.6379740e-02;9.7500000e+01;6.8942457e-02;9.7500000e+01;1.3707601e-01;9.7500000e+01;2.3805645e-01;9.7500000e+01;2.9713991e-01;9.7500000e+01;2.8189281e-01;9.7500000e+01;2.1500380e-01;9.7500000e+01;1.3456081e-01;9.7500000e+01;6.1975725e-02;9.7500000e+01;2.0042062e-05;9.7500000e+01;-5.7611614e-02;9.7500000e+01;-1.1235154e-01;9.7500000e+01;-1.6412607e-01;9.7500000e+01;-2.1609871e-01;9.7500000e+01;-9.9195033e-02;9.7500000e+01;-8.9928083e-02;9.7500000e+01;-6.2849775e-02;9.7500000e+01;-2.6710443e-02;9.7500000e+01;1.6379740e-02;9.7500000e+01;6.8942457e-02;9.7500000e+01;1.3707601e-01;9.7500000e+01;2.3805645e-01;9.7500000e+01;2.9713991e-01;9.7500000e+01;2.8189281e-01;9.7500000e+01;2.1500380e-01;9.7500000e+01;1.3456081e-01;9.7500000e+01;6.1975725e-02;9.7500000e+01;2.0042062e-05;9.7500000e+01;-5.7611614e-02;9.7500000e+01;-1.1235154e-01;9.7500000e+01;-1.6412607e-01;9.7500000e+01;-2.1609871e-01;9.7500000e+01;-9.9195033e-02;9.7500000e+01;-8.9928083e-02;9.7500000e+01;-6.2849775e-02;9.7500000e+01;-2.6710443e-02;9.7500000e+01;1.6379740e-02;9.7500000e+01;6.8942457e-02;9.7500000e+01;1.3707601e-01;9.7500000e+01;2.3805645e-01;9.7500000e+01;2.9713991e-01;9.7500000e+01;2.8189281e-01;9.7500000e+01;2.1500380e-01;9.7500000e+01;1.3456081e-01;9.7500000e+01;6.1975725e-02;9.7500000e+01;2.0042062e-05;9.7500000e+01;-5.7611614e-02;9.7500000e+01;-1.1235154e-01;9.7500000e+01;-1.6412607e-01;9.7500000e+01;-2.1609871e-01;9.7500000e+01;-9.9195033e-02;9.7500000e+01;-8.9928083e-02;9.7500000e+01;-6.2849775e-02;9.7500000e+01;-2.6710443e-02;9.7500000e+01;1.6379740e-02;9.7500000e+01;6.8942457e-02;9.7500000e+01;1.3707601e-01;9.7500000e+01;2.3805645e-01;9.7500000e+01;2.9713991e-01;9.7500000e+01;2.8189281e-01;9.7500000e+01;2.1500380e-01;9.7500000e+01;1.3456081e-01;9.7500000e+01;6.1975725e-02;9.7500000e+01;2.0042062e-05;9.7500000e+01;-5.7611614e-02;9.7500000e+01;-1.1235154e-01;9.7500000e+01;-1.6412607e-01;9.7500000e+01;-2.1609871e-01
1.0250000e+02;-1.0171612e-01;1.0250000e+02;-9.9204883e-02;1.0250000e+02;-8.2128122e-02;1.0250000e+02;-5.4634560e-02;1.0250000e+02;-1.4824033e-02;1.0250000e+02;3.8151793e-02;1.0250000e+02;1.1222484e-01;1.0250000e+02;2.1779875e-01;1.0250000e+02;2.7569097e-01;1.0250000e+02;2.6770425e-01;1.0250000e+02;2.1043426e-01;1.0250000e+02;1.3401672e-01;1.0250000e+02;6.3014768e-02;1.0250000e+02;9.7236782e-04;1.0250000e+02;-5.6579910e-02;1.0250000e+02;-1.1060284e-01;1.0250000e+02;-1.6233653e-01;1.0250000e+02;-2.1538463e-01;1.0250000e+02;-1.0171612e-01;1.0250000e+02;-9.9204883e-02;1.0250000e+02;-8.2128122e-02;1.0250000e+02;-5.4634560e-02;1.0250000e+02;-1.4824033e-02;1.0250000e+02;3.8151793e-02;1.0250000e+02;1.1222484e-01;1.0250000e+02;2.1779875e-01;1.0250000e+02;2.7569097e-01;1.0250000e+02;2.6770425e-01;1.0250000e+02;2.1043426e-01;1.0250000e+02;1.3401672e-01;1.0250000e+02;6.3014768e-02;1.0250000e+02;9.7236782e-04;1.0250000e+02;-5.6579910e-02;1.0250000e+02;-1.1060284e-01;1.0250000e+02;-1.6233653e-01;1.0250000e+02;-2.1538463e-01;1.0250000e+02;-1.0171612e-01;1.0250000e+02;-9.9204883e-02;1.0250000e+02;-8.2128122e-02;1.0250000e+02;-5.4634560e-02;1.0250000e+02;-1.4824033e-02;1.0250000e+02;3.8151793e-02;1.0250000e+02;1.1222484e-01;1.0250000e+02;2.1779875e-01;1.0250000e+02;2.7569097e-01;1.0250000e+02;2.6770425e-01;1.0250000e+02;2.1043426e-01;1.0250000e+02;1.3401672e-01;1.0250000e+02;6.3014768e-02;1.0250000e+02;9.7236782e-04;1.0250000e+02;-5.6579910e-02;1.0250000e+02;-1.1060284e-01;1.0250000e+02;-1.6233653e-01;1.0250000e+02;-2.1538463e-01;1.0250000e+02;-1.0171612e-01;1.0250000e+02;-9.9204883e-02;1.0250000e+02;-8.2128122e-02;1.0250000e+02;-5.4634560e-02;1.0250000e+02;-1.4824033e-02;1.0250000e+02;3.8151793e-02;1.0250000e+02;1.1222484e-01;1.0250000e+02;2.1779875e-01;1.0250000e+02;2.7569097e-01;1.0250000e+02;2.6770425e-01;1.0250000e+02;2.1043426e-01;1.0250000e+02;1.3401672e-01;1.0250000e+02;6.3014768e-02;1.0250000e+02;9.7236782e-04;1.0250000e+02;-5.6579910e-02;1.0250000e+02;-1.1060284e-01;1.0250000e+02;-1.6233653e-01;1.0250000e+02;-2.1538463e-01;1.0250000e+02;-1.0171612e-01;1.0250000e+02;-9.9204883e-02;1.0250000e+02;-8.2128122e-02;1.0250000e+02;-5.4634560e-02;1.0250000e+02;-1.4824033e-02;1.0250000e+02;3.8151793e-02;1.0250000e+02;1.1222484e-01;1.0250000e+02;2.1779875e-01;1.0250000e+02;2.7569097e-01;1.0250000e+02;2.6770425e-01;1.0250000e+02;2.1043426e-01;1.0250000e+02;1.3401672e-01;1.0250000e+02;6.3014768e-02;1.0250000e+02;9.7236782e-04;1.0250000e+02;-5.6579910e-02;1.0250000e+02;-1.1060284e-01;1.0250000e+02;-1.6233653e-01;1.0250000e+02;-2.1538463e-01;1.0250000e+02;-1.0171612e-01;1.0250000e+02;-9.9204883e-02;1.0250000e+02;-8.2128122e-02;1.0250000e+02;-5.4634560e-02;1.0250000e+02;-1.4824033e-02;1.0250000e+02;3.8151793e-02;1.0250000e+02;1.1222484e-01;1.0250000e+02;2.1779875e-01;1.0250000e+02;2.7569097e-01;1.0250000e+02;2.6770425e-01;1.0250000e+02;2.1043426e-01;1.0250000e+02;1.3401672e-01;1.0250000e+02;6.3014768e-02;1.0250000e+02;9.7236782e-04;1.0250000e+02;-5.6579910e-02;1.0250000e+02;-1.1060284e-01;1.0250000e+02;-1.6233653e-01;1.0250000e+02;-2.1538463e-01;1.0250000e+02;-1.0171612e-01;1.0250000e+02;-9.9204883e-02;1.0250000e+02;-8.2128122e-02;1.0250000e+02;-5.4634560e-02;1.0250000e+02;-1.4824033e-02;1.0250000e+02;3.8151793e-02;1.0250000e+02;1.1222484e-01;1.0250000e+02;2.1779875e-01;1.0250000e+02;2.7569097e-01;1.0250000e+02;2.6770425e-01;1.0250000e+02;2.1043426e-01;1.0250000e+02;1.3401672e-01;1.0250000e+02;6.3014768e-02;1.0250000e+02;9.7236782e-04;1.0250000e+02;-5.6579910e-02;1.0250000e+02;-1.1060284e-01;1.0250000e+02;-1.6233653e-01;1.0250000e+02;-2.1538463e-01;1.0250000e+02;-1.0171612e-01;1.0250000e+02;-9.9204883e-02;1.0250000e+02;-8.2128122e-02;1.0250000e+02;-5.4634560e-02;1.0250000e+02;-1.4824033e-02;1.0250000e+02;3.8151793e-02;1.0250000e+02;1.1222484e-01;1.0250000e+02;2.1779875e-01;1.0250000e+02;2.7569097e-01;1.0250000e+02;2.6770425e-01;1.0250000e+02;2.1043426e-01;1.0250000e+02;1.3401672e-01;1.0250000e+02;6.3014768e-02;1.0250000e+02;9.7236782e-04;1.0250000e+02;-5.6579910e-02;1.0250000e+02;-1.1060284e-01;1.0250000e+02;-1.6233653e-01;1.0250000e+02;-2.1538463e-01;1.0250000e+02;-1.0171612e-01;1.0250000e+02;-9.9204883e-02;1.0250000e+02;-8.2128122e-02;1.0250000e+02;-5.4634560e-02;1.0250000e+02;-1.4824033e-02;1.0250000e+02;3.8151793e-02;1.0250000e+02;1.1222484e-01;1.0250000e+02;2.1779875e-01;1.0250000e+02;2.7569097e-01;1.0250000e+02;2.6770425e-01;1.0250000e+02;2.1043426e-01;1.0250000e+02;1.3401672e-01;1.0250000e+02;6.3014768e-02;1.0250000e+02;9.7236782e-04;1.0250000e+02;-5.6579910e-02;1.0250000e+02;-1.1060284e-01;1.0250000e+02;-1.6233653e-01;1.0250000e+02;-2.1538463e-01;1.0250000e+02;-1.0171612e-01;1.0250000e+02;-9.9204883e-02;1.0250000e+02;-8.2128122e-02;1.0250000e+02;-5.4634560e-02;1.0250000e+02;-1.4824033e-02;1.0250000e+02;3.8151793e-02;1.0250000e+02;1.1222484e-01;1.0250000e+02;2.1779875e-01;1.0250000e+02;2.7569097e-01;1.0250000e+02;2.6770425e-01;1.0250000e+02;2.1043426e-01;1.0250000e+02;1.3401672e-01;1.0250000e+02;6.3014768e-02;1.0250000e+02;9.7236782e-04;1.0250000e+02;-5.6579910e-02;1.0250000e+02;-1.1060284e-01;1.0250000e+02;-1.6233653e-01;1.0250000e+02;-2.1538463e-01;1.0250000e+02;-1.0171612e-01;1.0250000e+02;-9.9204883e-02;1.0250000e+02;-8.2128122e-02;1.0250000e+02;-5.4634560e-02;1.0250000e+02;-1.4824033e-02;1.0250000e+02;3.8151793e-02;1.0250000e+02;1.1222484e-01;1.0250000e+02;2.1779875e-01;1.0250000e+02;2.7569097e-01;1.0250000e+02;2.6770425e-01;1.0250000e+02;2.1043426e-01;1.0250000e+02;1.3401672e-01;1.0250000e+02;6.3014768e-02;1.0250000e+02;9.7236782e-04;1.0250000e+02;-5.6579910e-02;1.0250000e+02;-1.1060284e-01;1.0250000e+02;-1.6233653e-01;1.0250000e+02;-2.1538463e-01;1.0250000e+02;-1.0171612e-01;1.0250000e+02;-9.9204883e-02;1.0250000e+02;-8.2128122e-02;1.0250000e+02;-5.4634560e-02;1.0250000e+02;-1.4824033e-02;1.0250000e+02;3.8151793e-02;1.0250000e+02;1.1222484e-01;1.0250000e+02;2.1779875e-01;1.0250000e+02;2.7569097e-01;1.0250000e+02;2.6770425e-01;1.0250000e+02;2.1043426e-01;1.0250000e+02;1.3401672e-01;1.0250000e+02;6.3014768e-02;1.0250000e+02;9.7236782e-04;1.0250000e+02;-5.6579910e-02;1.0250000e+02;-1.1060284e-01;1.0250000e+02;-1.6233653e-01;1.0250000e+02;-2.1538463e-01;1.0250000e+02;-1.0171612e-01;1.0250000e+02;-9.9204883e-02;1.0250000e+02;-8.2128122e-02;1.0250000e+02;-5.4634560e-02;1.0250000e+02;-1.4824033e-02;1.0250000e+02;3.8151793e-02;1.0250000e+02;1.1222484e-01;1.0250000e+02;2.1779875e-01;1.0250000e+02;2.7569097e-01;1.0250000e+02;2.6770425e-01;1.0250000e+02;2.1043426e-01;1.0250000e+02;1.3401672e-01;1.0250000e+02;6.3014768e-02;1.0250000e+02;9.7236782e-04;1.0250000e+02;-5.6579910e-02;1.0250000e+02;-1.1060284e-01;1.0250000e+02;-1.6233653e-01;1.0250000e+02;-2.1538463e-01;1.0250000e+02;-1.0171612e-01;1.0250000e+02;-9.9204883e-02;1.0250000e+02;-8.2128122e-02;1.0250000e+02;-5.4634560e-02;1.0250000e+02;-1.4824033e-02;1.0250000e+02;3.8151793e-02;1.0250000e+02;1.1222484e-01;1.0250000e+02;2.1779875e-01;1.0250000e+02;2.7569097e-01;1.0250000e+02;2.6770425e-01;1.0250000e+02;2.1043426e-01;1.0250000e+02;1.3401672e-01;1.0250000e+02;6.3014768e-02;1.0250000e+02;9.7236782e-04;1.0250000e+02;-5.6579910e-02;1.0250000e+02;-1.1060284e-01;1.0250000e+02;-1.6233653e-01;1.0250000e+02;-2.1538463e-01;1.0250000e+02;-1.0171612e-01;1.0250000e+02;-9.9204883e-02;1.0250000e+02;-8.2128122e-02;1.0250000e+02;-5.4634560e-02;1.0250000e+02;-1.4824033e-02;1.0250000e+02;3.8151793e-02;1.0250000e+02;1.1222484e-01;1.0250000e+02;2.1779875e-01;1.0250000e+02;2.7569097e-01;1.0250000e+02;2.6770425e-01;1.0250000e+02;2.1043426e-01;1.0250000e+02;1.3401672e-01;1.0250000e+02;6.3014768e-02;1.0250000e+02;9.7236782e-04;1.0250000e+02;-5.6579910e-02;1.0250000e+02;-1.1060284e-01;1.0250000e+02;-1.6233653e-01;1.0250000e+02;-2.1538463e-01;1.0250000e+02;-1.0171612e-01;1.0250000e+02;-9.9204883e-02;1.0250000e+02;-8.2128122e-02;1.0250000e+02;-5.4634560e-02;1.0250000e+02;-1.4824033e-02;1.0250000e+02;3.8151793e-02;1.0250000e+02;1.1222484e-01;1.0250000e+02;2.1779875e-01;1.0250000e+02;2.7569097e-01;1.0250000e+02;2.6770425e-01;1.0250000e+02;2.1043426e-01;1.0250000e+02;1.3401672e-01;1.0250000e+02;6.3014768e-02;1.0250000e+02;9.7236782e-04;1.0250000e+02;-5.6579910e-02;1.0250000e+02;-1.1060284e-01;1.0250000e+02;-1.6233653e-01;1.0250000e+02;-2.1538463e-01;1.0250000e+02;-1.0171612e-01;1.0250000e+02;-9.9204883e-02;1.0250000e+02;-8.2128122e-02;1.0250000e+02;-5.4634560e-02;1.0250000e+02;-1.4824033e-02;1.0250000e+02;3.8151793e-02;1.0250000e+02;1.1222484e-01;1.0250000e+02;2.1779875e-01;1.0250000e+02;2.7569097e-01;1.0250000e+02;2.6770425e-01;1.0250000e+02;2.1043426e-01;1.0250000e+02;1.3401672e-01;1.0250000e+02;6.3014768e-02;1.0250000e+02;9.7236782e-04;1.0250000e+02;-5.6579910e-02;1.0250000e+02;-1.1060284e-01;1.0250000e+02;-1.6233653e-01;1.0250000e+02;-2.1538463e-01;1.0250000e+02;-1.0171612e-01;1.0250000e+02;-9.9204883e-02;1.0250000e+02;-8.2128122e-02;1.0250000e+02;-5.4634560e-02;1.0250000e+02;-1.4824033e-02;1.0250000e+02;3.8151793e-02;1.0250000e+02;1.1222484e-01;1.0250000e+02;2.1779875e-01;1.0250000e+02;2.7569097e-01;1.0250000e+02;2.6770425e-01;1.0250000e+02;2.1043426e-01;1.0250000e+02;1.3401672e-01;1.0250000e+02;6.3014768e-02;1.0250000e+02;9.7236782e-04;1.0250000e+02;-5.6579910e-02;1.0250000e+02;-1.1060284e-01;1.0250000e+02;-1.6233653e-01;1.0250000e+02;-2.1538463e-01;1.0250000e+02;-1.0171612e-01;1.0250000e+02;-9.9204883e-02;1.0250000e+02;-8.2128122e-02;1.0250000e+02;-5.4634560e-02;1.0250000e+02;-1.4824033e-02;1.0250000e+02;3.8151793e-02;1.0250000e+02;1.1222484e-01;1.0250000e+02;2.1779875e-01;1.0250000e+02;2.7569097e-01;1.0250000e+02;2.6770425e-01;1.0250000e+02;2.1043426e-01;1.0250000e+02;1.3401672e-01;1.0250000e+02;6.3014768e-02;1.0250000e+02;9.7236782e-04;1.0250000e+02;-5.6579910e-02;1.0250000e+02;-1.1060284e-01;1.0250000e+02;-1.6233653e-01;1.0250000e+02;-2.1538463e-01;1.0250000e+02;-1.0171612e-01;1.0250000e+02;-9.9204883e-02;1.0250000e+02;-8.2128122e-02;1.0250000e+02;-5.4634560e-02;1.0250000e+02;-1.4824033e-02;1.0250000e+02;3.8151793e-02;1.0250000e+02;1.1222484e-01;1.0250000e+02;2.1779875e-01;1.0250000e+02;2.7569097e-01;1.0250000e+02;2.6770425e-01;1.0250000e+02;2.1043426e-01;1.0250000e+02;1.3401672e-01;1.0250000e+02;6.3014768e-02;1.0250000e+02;9.7236782e-04;1.0250000e+02;-5.6579910e-02;1.0250000e+02;-1.1060284e-01;1.0250000e+02;-1.6233653e-01;1.0250000e+02;-2.1538463e-01;1.0250000e+02;-1.0171612e-01;1.0250000e+02;-9.9204883e-02;1.0250000e+02;-8.2128122e-02;1.0250000e+02;-5.4634560e-02;1.0250000e+02;-1.4824033e-02;1.0250000e+02;3.8151793e-02;1.0250000e+02;1.1222484e-01;1.0250000e+02;2.1779875e-01;1.0250000e+02;2.7569097e-01;1.0250000e+02;2.6770425e-01;1.0250000e+02;2.1043426e-01;1.0250000e+02;1.3401672e-01;1.0250000e+02;6.3014768e-02;1.0250000e+02;9.7236782e-04;1.0250000e+02;-5.6579910e-02;1.0250000e+02;-1.1060284e-01;1.0250000e+02;-1.6233653e-01;1.0250000e+02;-2.1538463e-01;1.0250000e+02;-1.0171612e-01;1.0250000e+02;-9.9204883e-02;1.0250000e+02;-8.2128122e-02;1.0250000e+02;-5.4634560e-02;1.0250000e+02;-1.4824033e-02;1.0250000e+02;3.8151793e-02;1.0250000e+02;1.1222484e-01;1.0250000e+02;2.1779875e-01;1.0250000e+02;2.7569097e-01;1.0250000e+02;2.6770425e-01;1.0250000e+02;2.1043426e-01;1.0250000e+02;1.3401672e-01;1.0250000e+02;6.3014768e-02;1.0250000e+02;9.7236782e-04;1.0250000e+02;-5.6579910e-02;1.0250000e+02;-1.1060284e-01;1.0250000e+02;-1.6233653e-01;1.0250000e+02;-2.1538463e-01;1.0250000e+02;-1.0171612e-01;1.0250000e+02;-9.9204883e-02;1.0250000e+02;-8.2128122e-02;1.0250000e+02;-5.4634560e-02;1.0250000e+02;-1.4824033e-02;1.0250000e+02;3.8151793e-02;1.0250000e+02;1.1222484e-01;1.0250000e+02;2.1779875e-01;1.0250000e+02;2.7569097e-01;1.0250000e+02;2.6770425e-01;1.0250000e+02;2.1043426e-01;1.0250000e+02;1.3401672e-01;1.0250000e+02;6.3014768e-02;1.0250000e+02;9.7236782e-04;1.0250000e+02;-5.6579910e-02;1.0250000e+02;-1.1060284e-01;1.0250000e+02;-1.6233653e-01;1.0250000e+02;-2.1538463e-01;1.0250000e+02;-1.0171612e-01;1.0250000e+02;-9.9204883e-02;1.0250000e+02;-8.2128122e-02;1.0250000e+02;-5.4634560e-02;1.0250000e+02;-1.4824033e-02;1.0250000e+02;3.8151793e-02;1.0250000e+02;1.1222484e-01;1.0250000e+02;2.1779875e-01;1.0250000e+02;2.7569097e-01;1.0250000e+02;2.6770425e-01;1.0250000e+02;2.1043426e-01;1.0250000e+02;1.3401672e-01;1.0250000e+02;6.3014768e-02;1.0250000e+02;9.7236782e-04;1.0250000e+02;-5.6579910e-02;1.0250000e+02;-1.1060284e-01;1.0250000e+02;-1.6233653e-01;1.0250000e+02;-2.1538463e-01;1.0250000e+02;-1.0171612e-01;1.0250000e+02;-9.9204883e-02;1.0250000e+02;-8.2128122e-02;1.0250000e+02;-5.4634560e-02;1.0250000e+02;-1.4824033e-02;1.0250000e+02;3.8151793e-02;1.0250000e+02;1.1222484e-01;1.0250000e+02;2.1779875e-01;1.0250000e+02;2.7569097e-01;1.0250000e+02;2.6770425e-01;1.0250000e+02;2.1043426e-01;1.0250000e+02;1.3401672e-01;1.0250000e+02;6.3014768e-02;1.0250000e+02;9.7236782e-04;1.0250000e+02;-5.6579910e-02;1.0250000e+02;-1.1060284e-01;1.0250000e+02;-1.6233653e-01;1.0250000e+02;-2.1538463e-01;1.0250000e+02;-1.0171612e-01;1.0250000e+02;-9.9204883e-02;1.0250000e+02;-8.2128122e-02;1.0250000e+02;-5.4634560e-02;1.0250000e+02;-1.4824033e-02;1.0250000e+02;3.8151793e-02;1.0250000e+02;1.1222484e-01;1.0250000e+02;2.1779875e-01;1.0250000e+02;2.7569097e-01;1.0250000e+02;2.6770425e-01;1.0250000e+02;2.1043426e-01;1.0250000e+02;1.3401672e-01;1.0250000e+02;6.3014768e-02;1.0250000e+02;9.7236782e-04;1.0250000e+02;-5.6579910e-02;1.0250000e+02;-1.1060284e-01;1.0250000e+02;-1.6233653e-01;1.0250000e+02;-2.1538463e-01;1.0250000e+02;-1.0171612e-01;1.0250000e+02;-9.9204883e-02;1.0250000e+02;-8.2128122e-02;1.0250000e+02;-5.4634560e-02;1.0250000e+02;-1.4824033e-02;1.0250000e+02;3.8151793e-02;1.0250000e+02;1.1222484e-01;1.0250000e+02;2.1779875e-01;1.0250000e+02;2.7569097e-01;1.0250000e+02;2.6770425e-01;1.0250000e+02;2.1043426e-01;1.0250000e+02;1.3401672e-01;1.0250000e+02;6.3014768e-02;1.0250000e+02;9.7236782e-04;1.0250000e+02;-5.6579910e-02;1.0250000e+02;-1.1060284e-01;1.0250000e+02;-1.6233653e-01;1.0250000e+02;-2.1538463e-01;1.0250000e+02;-1.0171612e-01;1.0250000e+02;-9.9204883e-02;1.0250000e+02;-8.2128122e-02;1.0250000e+02;-5.4634560e-02;1.0250000e+02;-1.4824033e-02;1.0250000e+02;3.8151793e-02;1.0250000e+02;1.1222484e-01;1.0250000e+02;2.1779875e-01;1.0250000e+02;2.7569097e-01;1.0250000e+02;2.6770425e-01;1.0250000e+02;2.1043426e-01;1.0250000e+02;1.3401672e-01;1.0250000e+02;6.3014768e-02;1.0250000e+02;9.7236782e-04;1.0250000e+02;-5.6579910e-02;1.0250000e+02;-1.1060284e-01;1.0250000e+02;-1.6233653e-01;1.0250000e+02;-2.1538463e-01;1.0250000e+02;-1.0171612e-01;1.0250000e+02;-9.9204883e-02;1.0250000e+02;-8.2128122e-02;1.0250000e+02;-5.4634560e-02;1.0250000e+02;-1.4824033e-02;1.0250000e+02;3.8151793e-02;1.0250000e+02;1.1222484e-01;1.0250000e+02;2.1779875e-01;1.0250000e+02;2.7569097e-01;1.0250000e+02;2.6770425e-01;1.0250000e+02;2.1043426e-01;1.0250000e+02;1.3401672e-01;1.0250000e+02;6.3014768e-02;1.0250000e+02;9.7236782e-04;1.0250000e+02;-5.6579910e-02;1.0250000e+02;-1.1060284e-01;1.0250000e+02;-1.6233653e-01;1.0250000e+02;-2.1538463e-01;1.0250000e+02;-1.0171612e-01;1.0250000e+02;-9.9204883e-02;1.0250000e+02;-8.2128122e-02;1.0250000e+02;-5.4634560e-02;1.0250000e+02;-1.4824033e-02;1.0250000e+02;3.8151793e-02;1.0250000e+02;1.1222484e-01;1.0250000e+02;2.1779875e-01;1.0250000e+02;2.7569097e-01;1.0250000e+02;2.6770425e-01;1.0250000e+02;2.1043426e-01;1.0250000e+02;1.3401672e-01;1.0250000e+02;6.3014768e-02;1.0250000e+02;9.7236782e-04;1.0250000e+02;-5.6579910e-02;1.0250000e+02;-1.1060284e-01;1.0250000e+02;-1.6233653e-01;1.0250000e+02;-2.1538463e-01;1.0250000e+02;-1.0171612e-01;1.0250000e+02;-9.9204883e-02;1.0250000e+02;-8.2128122e-02;1.0250000e+02;-5.4634560e-02;1.0250000e+02;-1.4824033e-02;1.0250000e+02;3.8151793e-02;1.0250000e+02;1.1222484e-01;1.0250000e+02;2.1779875e-01;1.0250000e+02;2.7569097e-01;1.0250000e+02;2.6770425e-01;1.0250000e+02;2.1043426e-01;1.0250000e+02;1.3401672e-01;1.0250000e+02;6.3014768e-02;1.0250000e+02;9.7236782e-04;1.0250000e+02;-5.6579910e-02;1.0250000e+02;-1.1060284e-01;1.0250000e+02;-1.6233653e-01;1.0250000e+02;-2.1538463e-01;1.0250000e+02;-1.0171612e-01;1.0250000e+02;-9.9204883e-02;1.0250000e+02;-8.2128122e-02;1.0250000e+02;-5.4634560e-02;1.0250000e+02;-1.4824033e-02;1.0250000e+02;3.8151793e-02;1.0250000e+02;1.1222484e-01;1.0250000e+02;2.1779875e-01;1.0250000e+02;2.7569097e-01;1.0250000e+02;2.6770425e-01;1.0250000e+02;2.1043426e-01;1.0250000e+02;1.3401672e-01;1.0250000e+02;6.3014768e-02;1.0250000e+02;9.7236782e-04;1.0250000e+02;-5.6579910e-02;1.0250000e+02;-1.1060284e-01;1.0250000e+02;-1.6233653e-01;1.0250000e+02;-2.1538463e-01;1.0250000e+02;-1.0171612e-01;1.0250000e+02;-9.9204883e-02;1.0250000e+02;-8.2128122e-02;1.0250000e+02;-5.4634560e-02;1.0250000e+02;-1.4824033e-02;1.0250000e+02;3.8151793e-02;1.0250000e+02;1.1222484e-01;1.0250000e+02;2.1779875e-01;1.0250000e+02;2.7569097e-01;1.0250000e+02;2.6770425e-01;1.0250000e+02;2.1043426e-01;1.0250000e+02;1.3401672e-01;1.0250000e+02;6.3014768e-02;1.0250000e+02;9.7236782e-04;1.0250000e+02;-5.6579910e-02;1.0250000e+02;-1.1060284e-01;1.0250000e+02;-1.6233653e-01;1.0250000e+02;-2.1538463e-01;1.0250000e+02;-1.0171612e-01;1.0250000e+02;-9.9204883e-02;1.0250000e+02;-8.2128122e-02;1.0250000e+02;-5.4634560e-02;1.0250000e+02;-1.4824033e-02;1.0250000e+02;3.8151793e-02;1.0250000e+02;1.1222484e-01;1.0250000e+02;2.1779875e-01;1.0250000e+02;2.7569097e-01;1.0250000e+02;2.6770425e-01;1.0250000e+02;2.1043426e-01;1.0250000e+02;1.3401672e-01;1.0250000e+02;6.3014768e-02;1.0250000e+02;9.7236782e-04;1.0250000e+02;-5.6579910e-02;1.0250000e+02;-1.1060284e-01;1.0250000e+02;-1.6233653e-01;1.0250000e+02;-2.1538463e-01;1.0250000e+02;-1.0171612e-01;1.0250000e+02;-9.9204883e-02;1.0250000e+02;-8.2128122e-02;1.0250000e+02;-5.4634560e-02;1.0250000e+02;-1.4824033e-02;1.0250000e+02;3.8151793e-02;1.0250000e+02;1.1222484e-01;1.0250000e+02;2.1779875e-01;1.0250000e+02;2.7569097e-01;1.0250000e+02;2.6770425e-01;1.0250000e+02;2.1043426e-01;1.0250000e+02;1.3401672e-01;1.0250000e+02;6.3014768e-02;1.0250000e+02;9.7236782e-04;1.0250000e+02;-5.6579910e-02;1.0250000e+02;-1.1060284e-01;1.0250000e+02;-1.6233653e-01;1.0250000e+02;-2.1538463e-01;1.0250000e+02;-1.0171612e-01;1.0250000e+02;-9.9204883e-02;1.0250000e+02;-8.2128122e-02;1.0250000e+02;-5.4634560e-02;1.0250000e+02;-1.4824033e-02;1.0250000e+02;3.8151793e-02;1.0250000e+02;1.1222484e-01;1.0250000e+02;2.1779875e-01;1.0250000e+02;2.7569097e-01;1.0250000e+02;2.6770425e-01;1.0250000e+02;2.1043426e-01;1.0250000e+02;1.3401672e-01;1.0250000e+02;6.3014768e-02;1.0250000e+02;9.7236782e-04;1.0250000e+02;-5.6579910e-02;1.0250000e+02;-1.1060284e-01;1.0250000e+02;-1.6233653e-01;1.0250000e+02;-2.1538463e-01;1.0250000e+02;-1.0171612e-01;1.0250000e+02;-9.9204883e-02;1.0250000e+02;-8.2128122e-02;1.0250000e+02;-5.4634560e-02;1.0250000e+02;-1.4824033e-02;1.0250000e+02;3.8151793e-02;1.0250000e+02;1.1222484e-01;1.0250000e+02;2.1779875e-01;1.0250000e+02;2.7569097e-01;1.0250000e+02;2.6770425e-01;1.0250000e+02;2.1043426e-01;1.0250000e+02;1.3401672e-01;1.0250000e+02;6.3014768e-02;1.0250000e+02;9.7236782e-04;1.0250000e+02;-5.6579910e-02;1.0250000e+02;-1.1060284e-01;1.0250000e+02;-1.6233653e-01;1.0250000e+02;-2.1538463e-01;1.0250000e+02;-1.0171612e-01;1.0250000e+02;-9.9204883e-02;1.0250000e+02;-8.2128122e-02;1.0250000e+02;-5.4634560e-02;1.0250000e+02;-1.4824033e-02;1.0250000e+02;3.8151793e-02;1.0250000e+02;1.1222484e-01;1.0250000e+02;2.1779875e-01;1.0250000e+02;2.7569097e-01;1.0250000e+02;2.6770425e-01;1.0250000e+02;2.1043426e-01;1.0250000e+02;1.3401672e-01;1.0250000e+02;6.3014768e-02;1.0250000e+02;9.7236782e-04;1.0250000e+02;-5.6579910e-02;1.0250000e+02;-1.1060284e-01;1.0250000e+02;-1.6233653e-01;1.0250000e+02;-2.1538463e-01;1.0250000e+02;-1.0171612e-01;1.0250000e+02;-9.9204883e-02;1.0250000e+02;-8.2128122e-02;1.0250000e+02;-5.4634560e-02;1.0250000e+02;-1.4824033e-02;1.0250000e+02;3.8151793e-02;1.0250000e+02;1.1222484e-01;1.0250000e+02;2.1779875e-01;1.0250000e+02;2.7569097e-01;1.0250000e+02;2.6770425e-01;1.0250000e+02;2.1043426e-01;1.0250000e+02;1.3401672e-01;1.0250000e+02;6.3014768e-02;1.0250000e+02;9.7236782e-04;1.0250000e+02;-5.6579910e-02;1.0250000e+02;-1.1060284e-01;1.0250000e+02;-1.6233653e-01;1.0250000e+02;-2.1538463e-01;1.0250000e+02;-1.0171612e-01;1.0250000e+02;-9.9204883e-02;1.0250000e+02;-8.2128122e-02;1.0250000e+02;-5.4634560e-02;1.0250000e+02;-1.4824033e-02;1.0250000e+02;3.8151793e-02;1.0250000e+02;1.1222484e-01;1.0250000e+02;2.1779875e-01;1.0250000e+02;2.7569097e-01;1.0250000e+02;2.6770425e-01;1.0250000e+02;2.1043426e-01;1.0250000e+02;1.3401672e-01;1.0250000e+02;6.3014768e-02;1.0250000e+02;9.7236782e-04;1.0250000e+02;-5.6579910e-02;1.0250000e+02;-1.1060284e-01;1.0250000e+02;-1.6233653e-01;1.0250000e+02;-2.1538463e-01;1.0250000e+02;-1.0171612e-01;1.0250000e+02;-9.9204883e-02;1.0250000e+02;-8.2128122e-02;1.0250000e+02;-5.4634560e-02;1.0250000e+02;-1.4824033e-02;1.0250000e+02;3.8151793e-02;1.0250000e+02;1.1222484e-01;1.0250000e+02;2.1779875e-01;1.0250000e+02;2.7569097e-01;1.0250000e+02;2.6770425e-01;1.0250000e+02;2.1043426e-01;1.0250000e+02;1.3401672e-01;1.0250000e+02;6.3014768e-02;1.0250000e+02;9.7236782e-04;1.0250000e+02;-5.6579910e-02;1.0250000e+02;-1.1060284e-01;1.0250000e+02;-1.6233653e-01;1.0250000e+02;-2.1538463e-01;1.0250000e+02;-1.0171612e-01;1.0250000e+02;-9.9204883e-02;1.0250000e+02;-8.2128122e-02;1.0250000e+02;-5.4634560e-02;1.0250000e+02;-1.4824033e-02;1.0250000e+02;3.8151793e-02;1.0250000e+02;1.1222484e-01;1.0250000e+02;2.1779875e-01;1.0250000e+02;2.7569097e-01;1.0250000e+02;2.6770425e-01;1.0250000e+02;2.1043426e-01;1.0250000e+02;1.3401672e-01;1.0250000e+02;6.3014768e-02;1.0250000e+02;9.7236782e-04;1.0250000e+02;-5.6579910e-02;1.0250000e+02;-1.1060284e-01;1.0250000e+02;-1.6233653e-01;1.0250000e+02;-2.1538463e-01;1.0250000e+02;-1.0171612e-01;1.0250000e+02;-9.9204883e-02;1.0250000e+02;-8.2128122e-02;1.0250000e+02;-5.4634560e-02;1.0250000e+02;-1.4824033e-02;1.0250000e+02;3.8151793e-02;1.0250000e+02;1.1222484e-01;1.0250000e+02;2.1779875e-01;1.0250000e+02;2.7569097e-01;1.0250000e+02;2.6770425e-01;1.0250000e+02;2.1043426e-01;1.0250000e+02;1.3401672e-01;1.0250000e+02;6.3014768e-02;1.0250000e+02;9.7236782e-04;1.0250000e+02;-5.6579910e-02;1.0250000e+02;-1.1060284e-01;1.0250000e+02;-1.6233653e-01;1.0250000e+02;-2.1538463e-01;1.0250000e+02;-1.0171612e-01;1.0250000e+02;-9.9204883e-02;1.0250000e+02;-8.2128122e-02;1.0250000e+02;-5.4634560e-02;1.0250000e+02;-1.4824033e-02;1.0250000e+02;3.8151793e-02;1.0250000e+02;1.1222484e-01;1.0250000e+02;2.1779875e-01;1.0250000e+02;2.7569097e-01;1.0250000e+02;2.6770425e-01;1.0250000e+02;2.1043426e-01;1.0250000e+02;1.3401672e-01;1.0250000e+02;6.3014768e-02;1.0250000e+02;9.7236782e-04;1.0250000e+02;-5.6579910e-02;1.0250000e+02;-1.1060284e-01;1.0250000e+02;-1.6233653e-01;1.0250000e+02;-2.1538463e-01;1.0250000e+02;-1.0171612e-01;1.0250000e+02;-9.9204883e-02;1.0250000e+02;-8.2128122e-02;1.0250000e+02;-5.4634560e-02;1.0250000e+02;-1.4824033e-02;1.0250000e+02;3.8151793e-02;1.0250000e+02;1.1222484e-01;1.0250000e+02;2.1779875e-01;1.0250000e+02;2.7569097e-01;1.0250000e+02;2.6770425e-01;1.0250000e+02;2.1043426e-01;1.0250000e+02;1.3401672e-01;1.0250000e+02;6.3014768e-02;1.0250000e+02;9.7236782e-04;1.0250000e+02;-5.6579910e-02;1.0250000e+02;-1.1060284e-01;1.0250000e+02;-1.6233653e-01;1.0250000e+02;-2.1538463e-01;1.0250000e+02;-1.0171612e-01;1.0250000e+02;-9.9204883e-02;1.0250000e+02;-8.2128122e-02;1.0250000e+02;-5.4634560e-02;1.0250000e+02;-1.4824033e-02;1.0250000e+02;3.8151793e-02;1.0250000e+02;1.1222484e-01;1.0250000e+02;2.1779875e-01;1.0250000e+02;2.7569097e-01;1.0250000e+02;2.6770425e-01;1.0250000e+02;2.1043426e-01;1.0250000e+02;1.3401672e-01;1.0250000e+02;6.3014768e-02;1.0250000e+02;9.7236782e-04;1.0250000e+02;-5.6579910e-02;1.0250000e+02;-1.1060284e-01;1.0250000e+02;-1.6233653e-01;1.0250000e+02;-2.1538463e-01;1.0250000e+02;-1.0171612e-01;1.0250000e+02;-9.9204883e-02;1.0250000e+02;-8.2128122e-02;1.0250000e+02;-5.4634560e-02;1.0250000e+02;-1.4824033e-02;1.0250000e+02;3.8151793e-02;1.0250000e+02;1.1222484e-01;1.0250000e+02;2.1779875e-01;1.0250000e+02;2.7569097e-01;1.0250000e+02;2.6770425e-01;1.0250000e+02;2.1043426e-01;1.0250000e+02;1.3401672e-01;1.0250000e+02;6.3014768e-02;1.0250000e+02;9.7236782e-04;1.0250000e+02;-5.6579910e-02;1.0250000e+02;-1.1060284e-01;1.0250000e+02;-1.6233653e-01;1.0250000e+02;-2.1538463e-01;1.0250000e+02;-1.0171612e-01;1.0250000e+02;-9.9204883e-02;1.0250000e+02;-8.2128122e-02;1.0250000e+02;-5.4634560e-02;1.0250000e+02;-1.4824033e-02;1.0250000e+02;3.8151793e-02;1.0250000e+02;1.1222484e-01;1.0250000e+02;2.1779875e-01;1.0250000e+02;2.7569097e-01;1.0250000e+02;2.6770425e-01;1.0250000e+02;2.1043426e-01;1.0250000e+02;1.3401672e-01;1.0250000e+02;6.3014768e-02;1.0250000e+02;9.7236782e-04;1.0250000e+02;-5.6579910e-02;1.0250000e+02;-1.1060284e-01;1.0250000e+02;-1.6233653e-01;1.0250000e+02;-2.1538463e-01;1.0250000e+02;-1.0171612e-01;1.0250000e+02;-9.9204883e-02;1.0250000e+02;-8.2128122e-02;1.0250000e+02;-5.4634560e-02;1.0250000e+02;-1.4824033e-02;1.0250000e+02;3.8151793e-02;1.0250000e+02;1.1222484e-01;1.0250000e+02;2.1779875e-01;1.0250000e+02;2.7569097e-01;1.0250000e+02;2.6770425e-01;1.0250000e+02;2.1043426e-01;1.0250000e+02;1.3401672e-01;1.0250000e+02;6.3014768e-02;1.0250000e+02;9.7236782e-04;1.0250000e+02;-5.6579910e-02;1.0250000e+02;-1.1060284e-01;1.0250000e+02;-1.6233653e-01;1.0250000e+02;-2.1538463e-01;1.0250000e+02;-1.0171612e-01;1.0250000e+02;-9.9204883e-02;1.0250000e+02;-8.2128122e-02;1.0250000e+02;-5.4634560e-02;1.0250000e+02;-1.4824033e-02;1.0250000e+02;3.8151793e-02;1.0250000e+02;1.1222484e-01;1.0250000e+02;2.1779875e-01;1.0250000e+02;2.7569097e-01;1.0250000e+02;2.6770425e-01;1.0250000e+02;2.1043426e-01;1.0250000e+02;1.3401672e-01;1.0250000e+02;6.3014768e-02;1.0250000e+02;9.7236782e-04;1.0250000e+02;-5.6579910e-02;1.0250000e+02;-1.1060284e-01;1.0250000e+02;-1.6233653e-01;1.0250000e+02;-2.1538463e-01;1.0250000e+02;-1.0171612e-01;1.0250000e+02;-9.9204883e-02;1.0250000e+02;-8.2128122e-02;1.0250000e+02;-5.4634560e-02;1.0250000e+02;-1.4824033e-02;1.0250000e+02;3.8151793e-02;1.0250000e+02;1.1222484e-01;1.0250000e+02;2.1779875e-01;1.0250000e+02;2.7569097e-01;1.0250000e+02;2.6770425e-01;1.0250000e+02;2.1043426e-01;1.0250000e+02;1.3401672e-01;1.0250000e+02;6.3014768e-02;1.0250000e+02;9.7236782e-04;1.0250000e+02;-5.6579910e-02;1.0250000e+02;-1.1060284e-01;1.0250000e+02;-1.6233653e-01;1.0250000e+02;-2.1538463e-01;1.0250000e+02;-1.0171612e-01;1.0250000e+02;-9.9204883e-02;1.0250000e+02;-8.2128122e-02;1.0250000e+02;-5.4634560e-02;1.0250000e+02;-1.4824033e-02;1.0250000e+02;3.8151793e-02;1.0250000e+02;1.1222484e-01;1.0250000e+02;2.1779875e-01;1.0250000e+02;2.7569097e-01;1.0250000e+02;2.6770425e-01;1.0250000e+02;2.1043426e-01;1.0250000e+02;1.3401672e-01;1.0250000e+02;6.3014768e-02;1.0250000e+02;9.7236782e-04;1.0250000e+02;-5.6579910e-02;1.0250000e+02;-1.1060284e-01;1.0250000e+02;-1.6233653e-01;1.0250000e+02;-2.1538463e-01;1.0250000e+02;-1.0171612e-01;1.0250000e+02;-9.9204883e-02;1.0250000e+02;-8.2128122e-02;1.0250000e+02;-5.4634560e-02;1.0250000e+02;-1.4824033e-02;1.0250000e+02;3.8151793e-02;1.0250000e+02;1.1222484e-01;1.0250000e+02;2.1779875e-01;1.0250000e+02;2.7569097e-01;1.0250000e+02;2.6770425e-01;1.0250000e+02;2.1043426e-01;1.0250000e+02;1.3401672e-01;1.0250000e+02;6.3014768e-02;1.0250000e+02;9.7236782e-04;1.0250000e+02;-5.6579910e-02;1.0250000e+02;-1.1060284e-01;1.0250000e+02;-1.6233653e-01;1.0250000e+02;-2.1538463e-01;1.0250000e+02;-1.0171612e-01;1.0250000e+02;-9.9204883e-02;1.0250000e+02;-8.2128122e-02;1.0250000e+02;-5.4634560e-02;1.0250000e+02;-1.4824033e-02;1.0250000e+02;3.8151793e-02;1.0250000e+02;1.1222484e-01;1.0250000e+02;2.1779875e-01;1.0250000e+02;2.7569097e-01;1.0250000e+02;2.6770425e-01;1.0250000e+02;2.1043426e-01;1.0250000e+02;1.3401672e-01;1.0250000e+02;6.3014768e-02;1.0250000e+02;9.7236782e-04;1.0250000e+02;-5.6579910e-02;1.0250000e+02;-1.1060284e-01;1.0250000e+02;-1.6233653e-01;1.0250000e+02;-2.1538463e-01;1.0250000e+02;-1.0171612e-01;1.0250000e+02;-9.9204883e-02;1.0250000e+02;-8.2128122e-02;1.0250000e+02;-5.4634560e-02;1.0250000e+02;-1.4824033e-02;1.0250000e+02;3.8151793e-02;1.0250000e+02;1.1222484e-01;1.0250000e+02;2.1779875e-01;1.0250000e+02;2.7569097e-01;1.0250000e+02;2.6770425e-01;1.0250000e+02;2.1043426e-01;1.0250000e+02;1.3401672e-01;1.0250000e+02;6.3014768e-02;1.0250000e+02;9.7236782e-04;1.0250000e+02;-5.6579910e-02;1.0250000e+02;-1.1060284e-01;1.0250000e+02;-1.6233653e-01;1.0250000e+02;-2.1538463e-01;1.0250000e+02;-1.0171612e-01;1.0250000e+02;-9.9204883e-02;1.0250000e+02;-8.2128122e-02;1.0250000e+02;-5.4634560e-02;1.0250000e+02;-1.4824033e-02;1.0250000e+02;3.8151793e-02;1.0250000e+02;1.1222484e-01;1.0250000e+02;2.1779875e-01;1.0250000e+02;2.7569097e-01;1.0250000e+02;2.6770425e-01;1.0250000e+02;2.1043426e-01;1.0250000e+02;1.3401672e-01;1.0250000e+02;6.3014768e-02;1.0250000e+02;9.7236782e-04;1.0250000e+02;-5.6579910e-02;1.0250000e+02;-1.1060284e-01;1.0250000e+02;-1.6233653e-01;1.0250000e+02;-2.1538463e-01;1.0250000e+02;-1.0171612e-01;1.0250000e+02;-9.9204883e-02;1.0250000e+02;-8.2128122e-02;1.0250000e+02;-5.4634560e-02;1.0250000e+02;-1.4824033e-02;1.0250000e+02;3.8151793e-02;1.0250000e+02;1.1222484e-01;1.0250000e+02;2.1779875e-01;1.0250000e+02;2.7569097e-01;1.0250000e+02;2.6770425e-01;1.0250000e+02;2.1043426e-01;1.0250000e+02;1.3401672e-01;1.0250000e+02;6.3014768e-02;1.0250000e+02;9.7236782e-04;1.0250000e+02;-5.6579910e-02;1.0250000e+02;-1.1060284e-01;1.0250000e+02;-1.6233653e-01;1.0250000e+02;-2.1538463e-01;1.0250000e+02;-1.0171612e-01;1.0250000e+02;-9.9204883e-02;1.0250000e+02;-8.2128122e-02;1.0250000e+02;-5.4634560e-02;1.0250000e+02;-1.4824033e-02;1.0250000e+02;3.8151793e-02;1.0250000e+02;1.1222484e-01;1.0250000e+02;2.1779875e-01;1.0250000e+02;2.7569097e-01;1.0250000e+02;2.6770425e-01;1.0250000e+02;2.1043426e-01;1.0250000e+02;1.3401672e-01;1.0250000e+02;6.3014768e-02;1.0250000e+02;9.7236782e-04;1.0250000e+02;-5.6579910e-02;1.0250000e+02;-1.1060284e-01;1.0250000e+02;-1.6233653e-01;1.0250000e+02;-2.1538463e-01;1.0250000e+02;-1.0171612e-01;1.0250000e+02;-9.9204883e-02;1.0250000e+02;-8.2128122e-02;1.0250000e+02;-5.4634560e-02;1.0250000e+02;-1.4824033e-02;1.0250000e+02;3.8151793e-02;1.0250000e+02;1.1222484e-01;1.0250000e+02;2.1779875e-01;1.0250000e+02;2.7569097e-01;1.0250000e+02;2.6770425e-01;1.0250000e+02;2.1043426e-01;1.0250000e+02;1.3401672e-01;1.0250000e+02;6.3014768e-02;1.0250000e+02;9.7236782e-04;1.0250000e+02;-5.6579910e-02;1.0250000e+02;-1.1060284e-01;1.0250000e+02;-1.6233653e-01;1.0250000e+02;-2.1538463e-01;1.0250000e+02;-1.0171612e-01;1.0250000e+02;-9.9204883e-02;1.0250000e+02;-8.2128122e-02;1.0250000e+02;-5.4634560e-02;1.0250000e+02;-1.4824033e-02;1.0250000e+02;3.8151793e-02;1.0250000e+02;1.1222484e-01;1.0250000e+02;2.1779875e-01;1.0250000e+02;2.7569097e-01;1.0250000e+02;2.6770425e-01;1.0250000e+02;2.1043426e-01;1.0250000e+02;1.3401672e-01;1.0250000e+02;6.3014768e-02;1.0250000e+02;9.7236782e-04;1.0250000e+02;-5.6579910e-02;1.0250000e+02;-1.1060284e-01;1.0250000e+02;-1.6233653e-01;1.0250000e+02;-2.1538463e-01;1.0250000e+02;-1.0171612e-01;1.0250000e+02;-9.9204883e-02;1.0250000e+02;-8.2128122e-02;1.0250000e+02;-5.4634560e-02;1.0250000e+02;-1.4824033e-02;1.0250000e+02;3.8151793e-02;1.0250000e+02;1.1222484e-01;1.0250000e+02;2.1779875e-01;1.0250000e+02;2.7569097e-01;1.0250000e+02;2.6770425e-01;1.0250000e+02;2.1043426e-01;1.0250000e+02;1.3401672e-01;1.0250000e+02;6.3014768e-02;1.0250000e+02;9.7236782e-04;1.0250000e+02;-5.6579910e-02;1.0250000e+02;-1.1060284e-01;1.0250000e+02;-1.6233653e-01;1.0250000e+02;-2.1538463e-01;1.0250000e+02;-1.0171612e-01;1.0250000e+02;-9.9204883e-02;1.0250000e+02;-8.2128122e-02;1.0250000e+02;-5.4634560e-02;1.0250000e+02;-1.4824033e-02;1.0250000e+02;3.8151793e-02;1.0250000e+02;1.1222484e-01;1.0250000e+02;2.1779875e-01;1.0250000e+02;2.7569097e-01;1.0250000e+02;2.6770425e-01;1.0250000e+02;2.1043426e-01;1.0250000e+02;1.3401672e-01;1.0250000e+02;6.3014768e-02;1.0250000e+02;9.7236782e-04;1.0250000e+02;-5.6579910e-02;1.0250000e+02;-1.1060284e-01;1.0250000e+02;-1.6233653e-01;1.0250000e+02;-2.1538463e-01;1.0250000e+02;-1.0171612e-01;1.0250000e+02;-9.9204883e-02;1.0250000e+02;-8.2128122e-02;1.0250000e+02;-5.4634560e-02;1.0250000e+02;-1.4824033e-02;1.0250000e+02;3.8151793e-02;1.0250000e+02;1.1222484e-01;1.0250000e+02;2.1779875e-01;1.0250000e+02;2.7569097e-01;1.0250000e+02;2.6770425e-01;1.0250000e+02;2.1043426e-01;1.0250000e+02;1.3401672e-01;1.0250000e+02;6.3014768e-02;1.0250000e+02;9.7236782e-04;1.0250000e+02;-5.6579910e-02;1.0250000e+02;-1.1060284e-01;1.0250000e+02;-1.6233653e-01;1.0250000e+02;-2.1538463e-01;1.0250000e+02;-1.0171612e-01;1.0250000e+02;-9.9204883e-02;1.0250000e+02;-8.2128122e-02;1.0250000e+02;-5.4634560e-02;1.0250000e+02;-1.4824033e-02;1.0250000e+02;3.8151793e-02;1.0250000e+02;1.1222484e-01;1.0250000e+02;2.1779875e-01;1.0250000e+02;2.7569097e-01;1.0250000e+02;2.6770425e-01;1.0250000e+02;2.1043426e-01;1.0250000e+02;1.3401672e-01;1.0250000e+02;6.3014768e-02;1.0250000e+02;9.7236782e-04;1.0250000e+02;-5.6579910e-02;1.0250000e+02;-1.1060284e-01;1.0250000e+02;-1.6233653e-01;1.0250000e+02;-2.1538463e-01;1.0250000e+02;-1.0171612e-01;1.0250000e+02;-9.9204883e-02;1.0250000e+02;-8.2128122e-02;1.0250000e+02;-5.4634560e-02;1.0250000e+02;-1.4824033e-02;1.0250000e+02;3.8151793e-02;1.0250000e+02;1.1222484e-01;1.0250000e+02;2.1779875e-01;1.0250000e+02;2.7569097e-01;1.0250000e+02;2.6770425e-01;1.0250000e+02;2.1043426e-01;1.0250000e+02;1.3401672e-01;1.0250000e+02;6.3014768e-02;1.0250000e+02;9.7236782e-04;1.0250000e+02;-5.6579910e-02;1.0250000e+02;-1.1060284e-01;1.0250000e+02;-1.6233653e-01;1.0250000e+02;-2.1538463e-01;1.0250000e+02;-1.0171612e-01;1.0250000e+02;-9.9204883e-02;1.0250000e+02;-8.2128122e-02;1.0250000e+02;-5.4634560e-02;1.0250000e+02;-1.4824033e-02;1.0250000e+02;3.8151793e-02;1.0250000e+02;1.1222484e-01;1.0250000e+02;2.1779875e-01;1.0250000e+02;2.7569097e-01;1.0250000e+02;2.6770425e-01;1.0250000e+02;2.1043426e-01;1.0250000e+02;1.3401672e-01;1.0250000e+02;6.3014768e-02;1.0250000e+02;9.7236782e-04;1.0250000e+02;-5.6579910e-02;1.0250000e+02;-1.1060284e-01;1.0250000e+02;-1.6233653e-01;1.0250000e+02;-2.1538463e-01;1.0250000e+02;-1.0171612e-01;1.0250000e+02;-9.9204883e-02;1.0250000e+02;-8.2128122e-02;1.0250000e+02;-5.4634560e-02;1.0250000e+02;-1.4824033e-02;1.0250000e+02;3.8151793e-02;1.0250000e+02;1.1222484e-01;1.0250000e+02;2.1779875e-01;1.0250000e+02;2.7569097e-01;1.0250000e+02;2.6770425e-01;1.0250000e+02;2.1043426e-01;1.0250000e+02;1.3401672e-01;1.0250000e+02;6.3014768e-02;1.0250000e+02;9.7236782e-04;1.0250000e+02;-5.6579910e-02;1.0250000e+02;-1.1060284e-01;1.0250000e+02;-1.6233653e-01;1.0250000e+02;-2.1538463e-01;1.0250000e+02;-1.0171612e-01;1.0250000e+02;-9.9204883e-02;1.0250000e+02;-8.2128122e-02;1.0250000e+02;-5.4634560e-02;1.0250000e+02;-1.4824033e-02;1.0250000e+02;3.8151793e-02;1.0250000e+02;1.1222484e-01;1.0250000e+02;2.1779875e-01;1.0250000e+02;2.7569097e-01;1.0250000e+02;2.6770425e-01;1.0250000e+02;2.1043426e-01;1.0250000e+02;1.3401672e-01;1.0250000e+02;6.3014768e-02;1.0250000e+02;9.7236782e-04;1.0250000e+02;-5.6579910e-02;1.0250000e+02;-1.1060284e-01;1.0250000e+02;-1.6233653e-01;1.0250000e+02;-2.1538463e-01;1.0250000e+02;-1.0171612e-01;1.0250000e+02;-9.9204883e-02;1.0250000e+02;-8.2128122e-02;1.0250000e+02;-5.4634560e-02;1.0250000e+02;-1.4824033e-02;1.0250000e+02;3.8151793e-02;1.0250000e+02;1.1222484e-01;1.0250000e+02;2.1779875e-01;1.0250000e+02;2.7569097e-01;1.0250000e+02;2.6770425e-01;1.0250000e+02;2.1043426e-01;1.0250000e+02;1.3401672e-01;1.0250000e+02;6.3014768e-02;1.0250000e+02;9.7236782e-04;1.0250000e+02;-5.6579910e-02;1.0250000e+02;-1.1060284e-01;1.0250000e+02;-1.6233653e-01;1.0250000e+02;-2.1538463e-01;1.0250000e+02;-1.0171612e-01;1.0250000e+02;-9.9204883e-02;1.0250000e+02;-8.2128122e-02;1.0250000e+02;-5.4634560e-02;1.0250000e+02;-1.4824033e-02;1.0250000e+02;3.8151793e-02;1.0250000e+02;1.1222484e-01;1.0250000e+02;2.1779875e-01;1.0250000e+02;2.7569097e-01;1.0250000e+02;2.6770425e-01;1.0250000e+02;2.1043426e-01;1.0250000e+02;1.3401672e-01;1.0250000e+02;6.3014768e-02;1.0250000e+02;9.7236782e-04;1.0250000e+02;-5.6579910e-02;1.0250000e+02;-1.1060284e-01;1.0250000e+02;-1.6233653e-01;1.0250000e+02;-2.1538463e-01;1.0250000e+02;-1.0171612e-01;1.0250000e+02;-9.9204883e-02;1.0250000e+02;-8.2128122e-02;1.0250000e+02;-5.4634560e-02;1.0250000e+02;-1.4824033e-02;1.0250000e+02;3.8151793e-02;1.0250000e+02;1.1222484e-01;1.0250000e+02;2.1779875e-01;1.0250000e+02;2.7569097e-01;1.0250000e+02;2.6770425e-01;1.0250000e+02;2.1043426e-01;1.0250000e+02;1.3401672e-01;1.0250000e+02;6.3014768e-02;1.0250000e+02;9.7236782e-04;1.0250000e+02;-5.6579910e-02;1.0250000e+02;-1.1060284e-01;1.0250000e+02;-1.6233653e-01;1.0250000e+02;-2.1538463e-01;1.0250000e+02;-1.0171612e-01;1.0250000e+02;-9.9204883e-02;1.0250000e+02;-8.2128122e-02;1.0250000e+02;-5.4634560e-02;1.0250000e+02;-1.4824033e-02;1.0250000e+02;3.8151793e-02;1.0250000e+02;1.1222484e-01;1.0250000e+02;2.1779875e-01;1.0250000e+02;2.7569097e-01;1.0250000e+02;2.6770425e-01;1.0250000e+02;2.1043426e-01;1.0250000e+02;1.3401672e-01;1.0250000e+02;6.3014768e-02;1.0250000e+02;9.7236782e-04;1.0250000e+02;-5.6579910e-02;1.0250000e+02;-1.1060284e-01;1.0250000e+02;-1.6233653e-01;1.0250000e+02;-2.1538463e-01;1.0250000e+02;-1.0171612e-01;1.0250000e+02;-9.9204883e-02;1.0250000e+02;-8.2128122e-02;1.0250000e+02;-5.4634560e-02;1.0250000e+02;-1.4824033e-02;1.0250000e+02;3.8151793e-02;1.0250000e+02;1.1222484e-01;1.0250000e+02;2.1779875e-01;1.0250000e+02;2.7569097e-01;1.0250000e+02;2.6770425e-01;1.0250000e+02;2.1043426e-01;1.0250000e+02;1.3401672e-01;1.0250000e+02;6.3014768e-02;1.0250000e+02;9.7236782e-04;1.0250000e+02;-5.6579910e-02;1.0250000e+02;-1.1060284e-01;1.0250000e+02;-1.6233653e-01;1.0250000e+02;-2.1538463e-01;1.0250000e+02;-1.0171612e-01;1.0250000e+02;-9.9204883e-02;1.0250000e+02;-8.2128122e-02;1.0250000e+02;-5.4634560e-02;1.0250000e+02;-1.4824033e-02;1.0250000e+02;3.8151793e-02;1.0250000e+02;1.1222484e-01;1.0250000e+02;2.1779875e-01;1.0250000e+02;2.7569097e-01;1.0250000e+02;2.6770425e-01;1.0250000e+02;2.1043426e-01;1.0250000e+02;1.3401672e-01;1.0250000e+02;6.3014768e-02;1.0250000e+02;9.7236782e-04;1.0250000e+02;-5.6579910e-02;1.0250000e+02;-1.1060284e-01;1.0250000e+02;-1.6233653e-01;1.0250000e+02;-2.1538463e-01;1.0250000e+02;-1.0171612e-01;1.0250000e+02;-9.9204883e-02;1.0250000e+02;-8.2128122e-02;1.0250000e+02;-5.4634560e-02;1.0250000e+02;-1.4824033e-02;1.0250000e+02;3.8151793e-02;1.0250000e+02;1.1222484e-01;1.0250000e+02;2.1779875e-01;1.0250000e+02;2.7569097e-01;1.0250000e+02;2.6770425e-01;1.0250000e+02;2.1043426e-01;1.0250000e+02;1.3401672e-01;1.0250000e+02;6.3014768e-02;1.0250000e+02;9.7236782e-04;1.0250000e+02;-5.6579910e-02;1.0250000e+02;-1.1060284e-01;1.0250000e+02;-1.6233653e-01;1.0250000e+02;-2.1538463e-01;1.0250000e+02;-1.0171612e-01;1.0250000e+02;-9.9204883e-02;1.0250000e+02;-8.2128122e-02;1.0250000e+02;-5.4634560e-02;1.0250000e+02;-1.4824033e-02;1.0250000e+02;3.8151793e-02;1.0250000e+02;1.1222484e-01;1.0250000e+02;2.1779875e-01;1.0250000e+02;2.7569097e-01;1.0250000e+02;2.6770425e-01;1.0250000e+02;2.1043426e-01;1.0250000e+02;1.3401672e-01;1.0250000e+02;6.3014768e-02;1.0250000e+02;9.7236782e-04;1.0250000e+02;-5.6579910e-02;1.0250000e+02;-1.1060284e-01;1.0250000e+02;-1.6233653e-01;1.0250000e+02;-2.1538463e-01;1.0250000e+02;-1.0171612e-01;1.0250000e+02;-9.9204883e-02;1.0250000e+02;-8.2128122e-02;1.0250000e+02;-5.4634560e-02;1.0250000e+02;-1.4824033e-02;1.0250000e+02;3.8151793e-02;1.0250000e+02;1.1222484e-01;1.0250000e+02;2.1779875e-01;1.0250000e+02;2.7569097e-01;1.0250000e+02;2.6770425e-01;1.0250000e+02;2.1043426e-01;1.0250000e+02;1.3401672e-01;1.0250000e+02;6.3014768e-02;1.0250000e+02;9.7236782e-04;1.0250000e+02;-5.6579910e-02;1.0250000e+02;-1.1060284e-01;1.0250000e+02;-1.6233653e-01;1.0250000e+02;-2.1538463e-01;1.0250000e+02;-1.0171612e-01;1.0250000e+02;-9.9204883e-02;1.0250000e+02;-8.2128122e-02;1.0250000e+02;-5.4634560e-02;1.0250000e+02;-1.4824033e-02;1.0250000e+02;3.8151793e-02;1.0250000e+02;1.1222484e-01;1.0250000e+02;2.1779875e-01;1.0250000e+02;2.7569097e-01;1.0250000e+02;2.6770425e-01;1.0250000e+02;2.1043426e-01;1.0250000e+02;1.3401672e-01;1.0250000e+02;6.3014768e-02;1.0250000e+02;9.7236782e-04;1.0250000e+02;-5.6579910e-02;1.0250000e+02;-1.1060284e-01;1.0250000e+02;-1.6233653e-01;1.0250000e+02;-2.1538463e-01;1.0250000e+02;-1.0171612e-01;1.0250000e+02;-9.9204883e-02;1.0250000e+02;-8.2128122e-02;1.0250000e+02;-5.4634560e-02;1.0250000e+02;-1.4824033e-02;1.0250000e+02;3.8151793e-02;1.0250000e+02;1.1222484e-01;1.0250000e+02;2.1779875e-01;1.0250000e+02;2.7569097e-01;1.0250000e+02;2.6770425e-01;1.0250000e+02;2.1043426e-01;1.0250000e+02;1.3401672e-01;1.0250000e+02;6.3014768e-02;1.0250000e+02;9.7236782e-04;1.0250000e+02;-5.6579910e-02;1.0250000e+02;-1.1060284e-01;1.0250000e+02;-1.6233653e-01;1.0250000e+02;-2.1538463e-01;1.0250000e+02;-1.0171612e-01;1.0250000e+02;-9.9204883e-02;1.0250000e+02;-8.2128122e-02;1.0250000e+02;-5.4634560e-02;1.0250000e+02;-1.4824033e-02;1.0250000e+02;3.8151793e-02;1.0250000e+02;1.1222484e-01;1.0250000e+02;2.1779875e-01;1.0250000e+02;2.7569097e-01;1.0250000e+02;2.6770425e-01;1.0250000e+02;2.1043426e-01;1.0250000e+02;1.3401672e-01;1.0250000e+02;6.3014768e-02;1.0250000e+02;9.7236782e-04;1.0250000e+02;-5.6579910e-02;1.0250000e+02;-1.1060284e-01;1.0250000e+02;-1.6233653e-01;1.0250000e+02;-2.1538463e-01;1.0250000e+02;-1.0171612e-01;1.0250000e+02;-9.9204883e-02;1.0250000e+02;-8.2128122e-02;1.0250000e+02;-5.4634560e-02;1.0250000e+02;-1.4824033e-02;1.0250000e+02;3.8151793e-02;1.0250000e+02;1.1222484e-01;1.0250000e+02;2.1779875e-01;1.0250000e+02;2.7569097e-01;1.0250000e+02;2.6770425e-01;1.0250000e+02;2.1043426e-01;1.0250000e+02;1.3401672e-01;1.0250000e+02;6.3014768e-02;1.0250000e+02;9.7236782e-04;1.0250000e+02;-5.6579910e-02;1.0250000e+02;-1.1060284e-01;1.0250000e+02;-1.6233653e-01;1.0250000e+02;-2.1538463e-01;1.0250000e+02;-1.0171612e-01;1.0250000e+02;-9.9204883e-02;1.0250000e+02;-8.2128122e-02;1.0250000e+02;-5.4634560e-02;1.0250000e+02;-1.4824033e-02;1.0250000e+02;3.8151793e-02;1.0250000e+02;1.1222484e-01;1.0250000e+02;2.1779875e-01;1.0250000e+02;2.7569097e-01;1.0250000e+02;2.6770425e-01;1.0250000e+02;2.1043426e-01;1.0250000e+02;1.3401672e-01;1.0250000e+02;6.3014768e-02;1.0250000e+02;9.7236782e-04;1.0250000e+02;-5.6579910e-02;1.0250000e+02;-1.1060284e-01;1.0250000e+02;-1.6233653e-01;1.0250000e+02;-2.1538463e-01;1.0250000e+02;-1.0171612e-01;1.0250000e+02;-9.9204883e-02;1.0250000e+02;-8.2128122e-02;1.0250000e+02;-5.4634560e-02;1.0250000e+02;-1.4824033e-02;1.0250000e+02;3.8151793e-02;1.0250000e+02;1.1222484e-01;1.0250000e+02;2.1779875e-01;1.0250000e+02;2.7569097e-01;1.0250000e+02;2.6770425e-01;1.0250000e+02;2.1043426e-01;1.0250000e+02;1.3401672e-01;1.0250000e+02;6.3014768e-02;1.0250000e+02;9.7236782e-04;1.0250000e+02;-5.6579910e-02;1.0250000e+02;-1.1060284e-01;1.0250000e+02;-1.6233653e-01;1.0250000e+02;-2.1538463e-01
1.0750000e+02;-1.0164002e-01;1.0750000e+02;-1.0853821e-01;1.0750000e+02;-1.0068330e-01;1.0750000e+02;-7.9307541e-02;1.0750000e+02;-4.0354319e-02;1.0750000e+02;1.4538255e-02;1.0750000e+02;9.3505964e-02;1.0750000e+02;1.9788124e-01;1.0750000e+02;2.5376669e-01;1.0750000e+02;2.5168133e-01;1.0750000e+02;2.0382744e-01;1.0750000e+02;1.3332348e-01;1.0750000e+02;6.5531306e-02;1.0750000e+02;4.1520894e-03;1.0750000e+02;-5.1700011e-02;1.0750000e+02;-1.0568784e-01;1.0750000e+02;-1.5766826e-01;1.0750000e+02;-2.0980111e-01;1.0750000e+02;-1.0164002e-01;1.0750000e+02;-1.0853821e-01;1.0750000e+02;-1.0068330e-01;1.0750000e+02;-7.9307541e-02;1.0750000e+02;-4.0354319e-02;1.0750000e+02;1.4538255e-02;1.0750000e+02;9.3505964e-02;1.0750000e+02;1.9788124e-01;1.0750000e+02;2.5376669e-01;1.0750000e+02;2.5168133e-01;1.0750000e+02;2.0382744e-01;1.0750000e+02;1.3332348e-01;1.0750000e+02;6.5531306e-02;1.0750000e+02;4.1520894e-03;1.0750000e+02;-5.1700011e-02;1.0750000e+02;-1.0568784e-01;1.0750000e+02;-1.5766826e-01;1.0750000e+02;-2.0980111e-01;1.0750000e+02;-1.0164002e-01;1.0750000e+02;-1.0853821e-01;1.0750000e+02;-1.0068330e-01;1.0750000e+02;-7.9307541e-02;1.0750000e+02;-4.0354319e-02;1.0750000e+02;1.4538255e-02;1.0750000e+02;9.3505964e-02;1.0750000e+02;1.9788124e-01;1.0750000e+02;2.5376669e-01;1.0750000e+02;2.5168133e-01;1.0750000e+02;2.0382744e-01;1.0750000e+02;1.3332348e-01;1.0750000e+02;6.5531306e-02;1.0750000e+02;4.1520894e-03;1.0750000e+02;-5.1700011e-02;1.0750000e+02;-1.0568784e-01;1.0750000e+02;-1.5766826e-01;1.0750000e+02;-2.0980111e-01;1.0750000e+02;-1.0164002e-01;1.0750000e+02;-1.0853821e-01;1.0750000e+02;-1.0068330e-01;1.0750000e+02;-7.9307541e-02;1.0750000e+02;-4.0354319e-02;1.0750000e+02;1.4538255e-02;1.0750000e+02;9.3505964e-02;1.0750000e+02;1.9788124e-01;1.0750000e+02;2.5376669e-01;1.0750000e+02;2.5168133e-01;1.0750000e+02;2.0382744e-01;1.0750000e+02;1.3332348e-01;1.0750000e+02;6.5531306e-02;1.0750000e+02;4.1520894e-03;1.0750000e+02;-5.1700011e-02;1.0750000e+02;-1.0568784e-01;1.0750000e+02;-1.5766826e-01;1.0750000e+02;-2.0980111e-01;1.0750000e+02;-1.0164002e-01;1.0750000e+02;-1.0853821e-01;1.0750000e+02;-1.0068330e-01;1.0750000e+02;-7.9307541e-02;1.0750000e+02;-4.0354319e-02;1.0750000e+02;1.4538255e-02;1.0750000e+02;9.3505964e-02;1.0750000e+02;1.9788124e-01;1.0750000e+02;2.5376669e-01;1.0750000e+02;2.5168133e-01;1.0750000e+02;2.0382744e-01;1.0750000e+02;1.3332348e-01;1.0750000e+02;6.5531306e-02;1.0750000e+02;4.1520894e-03;1.0750000e+02;-5.1700011e-02;1.0750000e+02;-1.0568784e-01;1.0750000e+02;-1.5766826e-01;1.0750000e+02;-2.0980111e-01;1.0750000e+02;-1.0164002e-01;1.0750000e+02;-1.0853821e-01;1.0750000e+02;-1.0068330e-01;1.0750000e+02;-7.9307541e-02;1.0750000e+02;-4.0354319e-02;1.0750000e+02;1.4538255e-02;1.0750000e+02;9.3505964e-02;1.0750000e+02;1.9788124e-01;1.0750000e+02;2.5376669e-01;1.0750000e+02;2.5168133e-01;1.0750000e+02;2.0382744e-01;1.0750000e+02;1.3332348e-01;1.0750000e+02;6.5531306e-02;1.0750000e+02;4.1520894e-03;1.0750000e+02;-5.1700011e-02;1.0750000e+02;-1.0568784e-01;1.0750000e+02;-1.5766826e-01;1.0750000e+02;-2.0980111e-01;1.0750000e+02;-1.0164002e-01;1.0750000e+02;-1.0853821e-01;1.0750000e+02;-1.0068330e-01;1.0750000e+02;-7.9307541e-02;1.0750000e+02;-4.0354319e-02;1.0750000e+02;1.4538255e-02;1.0750000e+02;9.3505964e-02;1.0750000e+02;1.9788124e-01;1.0750000e+02;2.5376669e-01;1.0750000e+02;2.5168133e-01;1.0750000e+02;2.0382744e-01;1.0750000e+02;1.3332348e-01;1.0750000e+02;6.5531306e-02;1.0750000e+02;4.1520894e-03;1.0750000e+02;-5.1700011e-02;1.0750000e+02;-1.0568784e-01;1.0750000e+02;-1.5766826e-01;1.0750000e+02;-2.0980111e-01;1.0750000e+02;-1.0164002e-01;1.0750000e+02;-1.0853821e-01;1.0750000e+02;-1.0068330e-01;1.0750000e+02;-7.9307541e-02;1.0750000e+02;-4.0354319e-02;1.0750000e+02;1.4538255e-02;1.0750000e+02;9.3505964e-02;1.0750000e+02;1.9788124e-01;1.0750000e+02;2.5376669e-01;1.0750000e+02;2.5168133e-01;1.0750000e+02;2.0382744e-01;1.0750000e+02;1.3332348e-01;1.0750000e+02;6.5531306e-02;1.0750000e+02;4.1520894e-03;1.0750000e+02;-5.1700011e-02;1.0750000e+02;-1.0568784e-01;1.0750000e+02;-1.5766826e-01;1.0750000e+02;-2.0980111e-01;1.0750000e+02;-1.0164002e-01;1.0750000e+02;-1.0853821e-01;1.0750000e+02;-1.0068330e-01;1.0750000e+02;-7.9307541e-02;1.0750000e+02;-4.0354319e-02;1.0750000e+02;1.4538255e-02;1.0750000e+02;9.3505964e-02;1.0750000e+02;1.9788124e-01;1.0750000e+02;2.5376669e-01;1.0750000e+02;2.5168133e-01;1.0750000e+02;2.0382744e-01;1.0750000e+02;1.3332348e-01;1.0750000e+02;6.5531306e-02;1.0750000e+02;4.1520894e-03;1.0750000e+02;-5.1700011e-02;1.0750000e+02;-1.0568784e-01;1.0750000e+02;-1.5766826e-01;1.0750000e+02;-2.0980111e-01;1.0750000e+02;-1.0164002e-01;1.0750000e+02;-1.0853821e-01;1.0750000e+02;-1.0068330e-01;1.0750000e+02;-7.9307541e-02;1.0750000e+02;-4.0354319e-02;1.0750000e+02;1.4538255e-02;1.0750000e+02;9.3505964e-02;1.0750000e+02;1.9788124e-01;1.0750000e+02;2.5376669e-01;1.0750000e+02;2.5168133e-01;1.0750000e+02;2.0382744e-01;1.0750000e+02;1.3332348e-01;1.0750000e+02;6.5531306e-02;1.0750000e+02;4.1520894e-03;1.0750000e+02;-5.1700011e-02;1.0750000e+02;-1.0568784e-01;1.0750000e+02;-1.5766826e-01;1.0750000e+02;-2.0980111e-01;1.0750000e+02;-1.0164002e-01;1.0750000e+02;-1.0853821e-01;1.0750000e+02;-1.0068330e-01;1.0750000e+02;-7.9307541e-02;1.0750000e+02;-4.0354319e-02;1.0750000e+02;1.4538255e-02;1.0750000e+02;9.3505964e-02;1.0750000e+02;1.9788124e-01;1.0750000e+02;2.5376669e-01;1.0750000e+02;2.5168133e-01;1.0750000e+02;2.0382744e-01;1.0750000e+02;1.3332348e-01;1.0750000e+02;6.5531306e-02;1.0750000e+02;4.1520894e-03;1.0750000e+02;-5.1700011e-02;1.0750000e+02;-1.0568784e-01;1.0750000e+02;-1.5766826e-01;1.0750000e+02;-2.0980111e-01;1.0750000e+02;-1.0164002e-01;1.0750000e+02;-1.0853821e-01;1.0750000e+02;-1.0068330e-01;1.0750000e+02;-7.9307541e-02;1.0750000e+02;-4.0354319e-02;1.0750000e+02;1.4538255e-02;1.0750000e+02;9.3505964e-02;1.0750000e+02;1.9788124e-01;1.0750000e+02;2.5376669e-01;1.0750000e+02;2.5168133e-01;1.0750000e+02;2.0382744e-01;1.0750000e+02;1.3332348e-01;1.0750000e+02;6.5531306e-02;1.0750000e+02;4.1520894e-03;1.0750000e+02;-5.1700011e-02;1.0750000e+02;-1.0568784e-01;1.0750000e+02;-1.5766826e-01;1.0750000e+02;-2.0980111e-01;1.0750000e+02;-1.0164002e-01;1.0750000e+02;-1.0853821e-01;1.0750000e+02;-1.0068330e-01;1.0750000e+02;-7.9307541e-02;1.0750000e+02;-4.0354319e-02;1.0750000e+02;1.4538255e-02;1.0750000e+02;9.3505964e-02;1.0750000e+02;1.9788124e-01;1.0750000e+02;2.5376669e-01;1.0750000e+02;2.5168133e-01;1.0750000e+02;2.0382744e-01;1.0750000e+02;1.3332348e-01;1.0750000e+02;6.5531306e-02;1.0750000e+02;4.1520894e-03;1.0750000e+02;-5.1700011e-02;1.0750000e+02;-1.0568784e-01;1.0750000e+02;-1.5766826e-01;1.0750000e+02;-2.0980111e-01;1.0750000e+02;-1.0164002e-01;1.0750000e+02;-1.0853821e-01;1.0750000e+02;-1.0068330e-01;1.0750000e+02;-7.9307541e-02;1.0750000e+02;-4.0354319e-02;1.0750000e+02;1.4538255e-02;1.0750000e+02;9.3505964e-02;1.0750000e+02;1.9788124e-01;1.0750000e+02;2.5376669e-01;1.0750000e+02;2.5168133e-01;1.0750000e+02;2.0382744e-01;1.0750000e+02;1.3332348e-01;1.0750000e+02;6.5531306e-02;1.0750000e+02;4.1520894e-03;1.0750000e+02;-5.1700011e-02;1.0750000e+02;-1.0568784e-01;1.0750000e+02;-1.5766826e-01;1.0750000e+02;-2.0980111e-01;1.0750000e+02;-1.0164002e-01;1.0750000e+02;-1.0853821e-01;1.0750000e+02;-1.0068330e-01;1.0750000e+02;-7.9307541e-02;1.0750000e+02;-4.0354319e-02;1.0750000e+02;1.4538255e-02;1.0750000e+02;9.3505964e-02;1.0750000e+02;1.9788124e-01;1.0750000e+02;2.5376669e-01;1.0750000e+02;2.5168133e-01;1.0750000e+02;2.0382744e-01;1.0750000e+02;1.3332348e-01;1.0750000e+02;6.5531306e-02;1.0750000e+02;4.1520894e-03;1.0750000e+02;-5.1700011e-02;1.0750000e+02;-1.0568784e-01;1.0750000e+02;-1.5766826e-01;1.0750000e+02;-2.0980111e-01;1.0750000e+02;-1.0164002e-01;1.0750000e+02;-1.0853821e-01;1.0750000e+02;-1.0068330e-01;1.0750000e+02;-7.9307541e-02;1.0750000e+02;-4.0354319e-02;1.0750000e+02;1.4538255e-02;1.0750000e+02;9.3505964e-02;1.0750000e+02;1.9788124e-01;1.0750000e+02;2.5376669e-01;1.0750000e+02;2.5168133e-01;1.0750000e+02;2.0382744e-01;1.0750000e+02;1.3332348e-01;1.0750000e+02;6.5531306e-02;1.0750000e+02;4.1520894e-03;1.0750000e+02;-5.1700011e-02;1.0750000e+02;-1.0568784e-01;1.0750000e+02;-1.5766826e-01;1.0750000e+02;-2.0980111e-01;1.0750000e+02;-1.0164002e-01;1.0750000e+02;-1.0853821e-01;1.0750000e+02;-1.0068330e-01;1.0750000e+02;-7.9307541e-02;1.0750000e+02;-4.0354319e-02;1.0750000e+02;1.4538255e-02;1.0750000e+02;9.3505964e-02;1.0750000e+02;1.9788124e-01;1.0750000e+02;2.5376669e-01;1.0750000e+02;2.5168133e-01;1.0750000e+02;2.0382744e-01;1.0750000e+02;1.3332348e-01;1.0750000e+02;6.5531306e-02;1.0750000e+02;4.1520894e-03;1.0750000e+02;-5.1700011e-02;1.0750000e+02;-1.0568784e-01;1.0750000e+02;-1.5766826e-01;1.0750000e+02;-2.0980111e-01;1.0750000e+02;-1.0164002e-01;1.0750000e+02;-1.0853821e-01;1.0750000e+02;-1.0068330e-01;1.0750000e+02;-7.9307541e-02;1.0750000e+02;-4.0354319e-02;1.0750000e+02;1.4538255e-02;1.0750000e+02;9.3505964e-02;1.0750000e+02;1.9788124e-01;1.0750000e+02;2.5376669e-01;1.0750000e+02;2.5168133e-01;1.0750000e+02;2.0382744e-01;1.0750000e+02;1.3332348e-01;1.0750000e+02;6.5531306e-02;1.0750000e+02;4.1520894e-03;1.0750000e+02;-5.1700011e-02;1.0750000e+02;-1.0568784e-01;1.0750000e+02;-1.5766826e-01;1.0750000e+02;-2.0980111e-01;1.0750000e+02;-1.0164002e-01;1.0750000e+02;-1.0853821e-01;1.0750000e+02;-1.0068330e-01;1.0750000e+02;-7.9307541e-02;1.0750000e+02;-4.0354319e-02;1.0750000e+02;1.4538255e-02;1.0750000e+02;9.3505964e-02;1.0750000e+02;1.9788124e-01;1.0750000e+02;2.5376669e-01;1.0750000e+02;2.5168133e-01;1.0750000e+02;2.0382744e-01;1.0750000e+02;1.3332348e-01;1.0750000e+02;6.5531306e-02;1.0750000e+02;4.1520894e-03;1.0750000e+02;-5.1700011e-02;1.0750000e+02;-1.0568784e-01;1.0750000e+02;-1.5766826e-01;1.0750000e+02;-2.0980111e-01;1.0750000e+02;-1.0164002e-01;1.0750000e+02;-1.0853821e-01;1.0750000e+02;-1.0068330e-01;1.0750000e+02;-7.9307541e-02;1.0750000e+02;-4.0354319e-02;1.0750000e+02;1.4538255e-02;1.0750000e+02;9.3505964e-02;1.0750000e+02;1.9788124e-01;1.0750000e+02;2.5376669e-01;1.0750000e+02;2.5168133e-01;1.0750000e+02;2.0382744e-01;1.0750000e+02;1.3332348e-01;1.0750000e+02;6.5531306e-02;1.0750000e+02;4.1520894e-03;1.0750000e+02;-5.1700011e-02;1.0750000e+02;-1.0568784e-01;1.0750000e+02;-1.5766826e-01;1.0750000e+02;-2.0980111e-01;1.0750000e+02;-1.0164002e-01;1.0750000e+02;-1.0853821e-01;1.0750000e+02;-1.0068330e-01;1.0750000e+02;-7.9307541e-02;1.0750000e+02;-4.0354319e-02;1.0750000e+02;1.4538255e-02;1.0750000e+02;9.3505964e-02;1.0750000e+02;1.9788124e-01;1.0750000e+02;2.5376669e-01;1.0750000e+02;2.5168133e-01;1.0750000e+02;2.0382744e-01;1.0750000e+02;1.3332348e-01;1.0750000e+02;6.5531306e-02;1.0750000e+02;4.1520894e-03;1.0750000e+02;-5.1700011e-02;1.0750000e+02;-1.0568784e-01;1.0750000e+02;-1.5766826e-01;1.0750000e+02;-2.0980111e-01;1.0750000e+02;-1.0164002e-01;1.0750000e+02;-1.0853821e-01;1.0750000e+02;-1.0068330e-01;1.0750000e+02;-7.9307541e-02;1.0750000e+02;-4.0354319e-02;1.0750000e+02;1.4538255e-02;1.0750000e+02;9.3505964e-02;1.0750000e+02;1.9788124e-01;1.0750000e+02;2.5376669e-01;1.0750000e+02;2.5168133e-01;1.0750000e+02;2.0382744e-01;1.0750000e+02;1.3332348e-01;1.0750000e+02;6.5531306e-02;1.0750000e+02;4.1520894e-03;1.0750000e+02;-5.1700011e-02;1.0750000e+02;-1.0568784e-01;1.0750000e+02;-1.5766826e-01;1.0750000e+02;-2.0980111e-01;1.0750000e+02;-1.0164002e-01;1.0750000e+02;-1.0853821e-01;1.0750000e+02;-1.0068330e-01;1.0750000e+02;-7.9307541e-02;1.0750000e+02;-4.0354319e-02;1.0750000e+02;1.4538255e-02;1.0750000e+02;9.3505964e-02;1.0750000e+02;1.9788124e-01;1.0750000e+02;2.5376669e-01;1.0750000e+02;2.5168133e-01;1.0750000e+02;2.0382744e-01;1.0750000e+02;1.3332348e-01;1.0750000e+02;6.5531306e-02;1.0750000e+02;4.1520894e-03;1.0750000e+02;-5.1700011e-02;1.0750000e+02;-1.0568784e-01;1.0750000e+02;-1.5766826e-01;1.0750000e+02;-2.0980111e-01;1.0750000e+02;-1.0164002e-01;1.0750000e+02;-1.0853821e-01;1.0750000e+02;-1.0068330e-01;1.0750000e+02;-7.9307541e-02;1.0750000e+02;-4.0354319e-02;1.0750000e+02;1.4538255e-02;1.0750000e+02;9.3505964e-02;1.0750000e+02;1.9788124e-01;1.0750000e+02;2.5376669e-01;1.0750000e+02;2.5168133e-01;1.0750000e+02;2.0382744e-01;1.0750000e+02;1.3332348e-01;1.0750000e+02;6.5531306e-02;1.0750000e+02;4.1520894e-03;1.0750000e+02;-5.1700011e-02;1.0750000e+02;-1.0568784e-01;1.0750000e+02;-1.5766826e-01;1.0750000e+02;-2.0980111e-01;1.0750000e+02;-1.0164002e-01;1.0750000e+02;-1.0853821e-01;1.0750000e+02;-1.0068330e-01;1.0750000e+02;-7.9307541e-02;1.0750000e+02;-4.0354319e-02;1.0750000e+02;1.4538255e-02;1.0750000e+02;9.3505964e-02;1.0750000e+02;1.9788124e-01;1.0750000e+02;2.5376669e-01;1.0750000e+02;2.5168133e-01;1.0750000e+02;2.0382744e-01;1.0750000e+02;1.3332348e-01;1.0750000e+02;6.5531306e-02;1.0750000e+02;4.1520894e-03;1.0750000e+02;-5.1700011e-02;1.0750000e+02;-1.0568784e-01;1.0750000e+02;-1.5766826e-01;1.0750000e+02;-2.0980111e-01;1.0750000e+02;-1.0164002e-01;1.0750000e+02;-1.0853821e-01;1.0750000e+02;-1.0068330e-01;1.0750000e+02;-7.9307541e-02;1.0750000e+02;-4.0354319e-02;1.0750000e+02;1.4538255e-02;1.0750000e+02;9.3505964e-02;1.0750000e+02;1.9788124e-01;1.0750000e+02;2.5376669e-01;1.0750000e+02;2.5168133e-01;1.0750000e+02;2.0382744e-01;1.0750000e+02;1.3332348e-01;1.0750000e+02;6.5531306e-02;1.0750000e+02;4.1520894e-03;1.0750000e+02;-5.1700011e-02;1.0750000e+02;-1.0568784e-01;1.0750000e+02;-1.5766826e-01;1.0750000e+02;-2.0980111e-01;1.0750000e+02;-1.0164002e-01;1.0750000e+02;-1.0853821e-01;1.0750000e+02;-1.0068330e-01;1.0750000e+02;-7.9307541e-02;1.0750000e+02;-4.0354319e-02;1.0750000e+02;1.4538255e-02;1.0750000e+02;9.3505964e-02;1.0750000e+02;1.9788124e-01;1.0750000e+02;2.5376669e-01;1.0750000e+02;2.5168133e-01;1.0750000e+02;2.0382744e-01;1.0750000e+02;1.3332348e-01;1.0750000e+02;6.5531306e-02;1.0750000e+02;4.1520894e-03;1.0750000e+02;-5.1700011e-02;1.0750000e+02;-1.0568784e-01;1.0750000e+02;-1.5766826e-01;1.0750000e+02;-2.0980111e-01;1.0750000e+02;-1.0164002e-01;1.0750000e+02;-1.0853821e-01;1.0750000e+02;-1.0068330e-01;1.0750000e+02;-7.9307541e-02;1.0750000e+02;-4.0354319e-02;1.0750000e+02;1.4538255e-02;1.0750000e+02;9.3505964e-02;1.0750000e+02;1.9788124e-01;1.0750000e+02;2.5376669e-01;1.0750000e+02;2.5168133e-01;1.0750000e+02;2.0382744e-01;1.0750000e+02;1.3332348e-01;1.0750000e+02;6.5531306e-02;1.0750000e+02;4.1520894e-03;1.0750000e+02;-5.1700011e-02;1.0750000e+02;-1.0568784e-01;1.0750000e+02;-1.5766826e-01;1.0750000e+02;-2.0980111e-01;1.0750000e+02;-1.0164002e-01;1.0750000e+02;-1.0853821e-01;1.0750000e+02;-1.0068330e-01;1.0750000e+02;-7.9307541e-02;1.0750000e+02;-4.0354319e-02;1.0750000e+02;1.4538255e-02;1.0750000e+02;9.3505964e-02;1.0750000e+02;1.9788124e-01;1.0750000e+02;2.5376669e-01;1.0750000e+02;2.5168133e-01;1.0750000e+02;2.0382744e-01;1.0750000e+02;1.3332348e-01;1.0750000e+02;6.5531306e-02;1.0750000e+02;4.1520894e-03;1.0750000e+02;-5.1700011e-02;1.0750000e+02;-1.0568784e-01;1.0750000e+02;-1.5766826e-01;1.0750000e+02;-2.0980111e-01;1.0750000e+02;-1.0164002e-01;1.0750000e+02;-1.0853821e-01;1.0750000e+02;-1.0068330e-01;1.0750000e+02;-7.9307541e-02;1.0750000e+02;-4.0354319e-02;1.0750000e+02;1.4538255e-02;1.0750000e+02;9.3505964e-02;1.0750000e+02;1.9788124e-01;1.0750000e+02;2.5376669e-01;1.0750000e+02;2.5168133e-01;1.0750000e+02;2.0382744e-01;1.0750000e+02;1.3332348e-01;1.0750000e+02;6.5531306e-02;1.0750000e+02;4.1520894e-03;1.0750000e+02;-5.1700011e-02;1.0750000e+02;-1.0568784e-01;1.0750000e+02;-1.5766826e-01;1.0750000e+02;-2.0980111e-01;1.0750000e+02;-1.0164002e-01;1.0750000e+02;-1.0853821e-01;1.0750000e+02;-1.0068330e-01;1.0750000e+02;-7.9307541e-02;1.0750000e+02;-4.0354319e-02;1.0750000e+02;1.4538255e-02;1.0750000e+02;9.3505964e-02;1.0750000e+02;1.9788124e-01;1.0750000e+02;2.5376669e-01;1.0750000e+02;2.5168133e-01;1.0750000e+02;2.0382744e-01;1.0750000e+02;1.3332348e-01;1.0750000e+02;6.5531306e-02;1.0750000e+02;4.1520894e-03;1.0750000e+02;-5.1700011e-02;1.0750000e+02;-1.0568784e-01;1.0750000e+02;-1.5766826e-01;1.0750000e+02;-2.0980111e-01;1.0750000e+02;-1.0164002e-01;1.0750000e+02;-1.0853821e-01;1.0750000e+02;-1.0068330e-01;1.0750000e+02;-7.9307541e-02;1.0750000e+02;-4.0354319e-02;1.0750000e+02;1.4538255e-02;1.0750000e+02;9.3505964e-02;1.0750000e+02;1.9788124e-01;1.0750000e+02;2.5376669e-01;1.0750000e+02;2.5168133e-01;1.0750000e+02;2.0382744e-01;1.0750000e+02;1.3332348e-01;1.0750000e+02;6.5531306e-02;1.0750000e+02;4.1520894e-03;1.0750000e+02;-5.1700011e-02;1.0750000e+02;-1.0568784e-01;1.0750000e+02;-1.5766826e-01;1.0750000e+02;-2.0980111e-01;1.0750000e+02;-1.0164002e-01;1.0750000e+02;-1.0853821e-01;1.0750000e+02;-1.0068330e-01;1.0750000e+02;-7.9307541e-02;1.0750000e+02;-4.0354319e-02;1.0750000e+02;1.4538255e-02;1.0750000e+02;9.3505964e-02;1.0750000e+02;1.9788124e-01;1.0750000e+02;2.5376669e-01;1.0750000e+02;2.5168133e-01;1.0750000e+02;2.0382744e-01;1.0750000e+02;1.3332348e-01;1.0750000e+02;6.5531306e-02;1.0750000e+02;4.1520894e-03;1.0750000e+02;-5.1700011e-02;1.0750000e+02;-1.0568784e-01;1.0750000e+02;-1.5766826e-01;1.0750000e+02;-2.0980111e-01;1.0750000e+02;-1.0164002e-01;1.0750000e+02;-1.0853821e-01;1.0750000e+02;-1.0068330e-01;1.0750000e+02;-7.9307541e-02;1.0750000e+02;-4.0354319e-02;1.0750000e+02;1.4538255e-02;1.0750000e+02;9.3505964e-02;1.0750000e+02;1.9788124e-01;1.0750000e+02;2.5376669e-01;1.0750000e+02;2.5168133e-01;1.0750000e+02;2.0382744e-01;1.0750000e+02;1.3332348e-01;1.0750000e+02;6.5531306e-02;1.0750000e+02;4.1520894e-03;1.0750000e+02;-5.1700011e-02;1.0750000e+02;-1.0568784e-01;1.0750000e+02;-1.5766826e-01;1.0750000e+02;-2.0980111e-01;1.0750000e+02;-1.0164002e-01;1.0750000e+02;-1.0853821e-01;1.0750000e+02;-1.0068330e-01;1.0750000e+02;-7.9307541e-02;1.0750000e+02;-4.0354319e-02;1.0750000e+02;1.4538255e-02;1.0750000e+02;9.3505964e-02;1.0750000e+02;1.9788124e-01;1.0750000e+02;2.5376669e-01;1.0750000e+02;2.5168133e-01;1.0750000e+02;2.0382744e-01;1.0750000e+02;1.3332348e-01;1.0750000e+02;6.5531306e-02;1.0750000e+02;4.1520894e-03;1.0750000e+02;-5.1700011e-02;1.0750000e+02;-1.0568784e-01;1.0750000e+02;-1.5766826e-01;1.0750000e+02;-2.0980111e-01;1.0750000e+02;-1.0164002e-01;1.0750000e+02;-1.0853821e-01;1.0750000e+02;-1.0068330e-01;1.0750000e+02;-7.9307541e-02;1.0750000e+02;-4.0354319e-02;1.0750000e+02;1.4538255e-02;1.0750000e+02;9.3505964e-02;1.0750000e+02;1.9788124e-01;1.0750000e+02;2.5376669e-01;1.0750000e+02;2.5168133e-01;1.0750000e+02;2.0382744e-01;1.0750000e+02;1.3332348e-01;1.0750000e+02;6.5531306e-02;1.0750000e+02;4.1520894e-03;1.0750000e+02;-5.1700011e-02;1.0750000e+02;-1.0568784e-01;1.0750000e+02;-1.5766826e-01;1.0750000e+02;-2.0980111e-01;1.0750000e+02;-1.0164002e-01;1.0750000e+02;-1.0853821e-01;1.0750000e+02;-1.0068330e-01;1.0750000e+02;-7.9307541e-02;1.0750000e+02;-4.0354319e-02;1.0750000e+02;1.4538255e-02;1.0750000e+02;9.3505964e-02;1.0750000e+02;1.9788124e-01;1.0750000e+02;2.5376669e-01;1.0750000e+02;2.5168133e-01;1.0750000e+02;2.0382744e-01;1.0750000e+02;1.3332348e-01;1.0750000e+02;6.5531306e-02;1.0750000e+02;4.1520894e-03;1.0750000e+02;-5.1700011e-02;1.0750000e+02;-1.0568784e-01;1.0750000e+02;-1.5766826e-01;1.0750000e+02;-2.0980111e-01;1.0750000e+02;-1.0164002e-01;1.0750000e+02;-1.0853821e-01;1.0750000e+02;-1.0068330e-01;1.0750000e+02;-7.9307541e-02;1.0750000e+02;-4.0354319e-02;1.0750000e+02;1.4538255e-02;1.0750000e+02;9.3505964e-02;1.0750000e+02;1.9788124e-01;1.0750000e+02;2.5376669e-01;1.0750000e+02;2.5168133e-01;1.0750000e+02;2.0382744e-01;1.0750000e+02;1.3332348e-01;1.0750000e+02;6.5531306e-02;1.0750000e+02;4.1520894e-03;1.0750000e+02;-5.1700011e-02;1.0750000e+02;-1.0568784e-01;1.0750000e+02;-1.5766826e-01;1.0750000e+02;-2.0980111e-01;1.0750000e+02;-1.0164002e-01;1.0750000e+02;-1.0853821e-01;1.0750000e+02;-1.0068330e-01;1.0750000e+02;-7.9307541e-02;1.0750000e+02;-4.0354319e-02;1.0750000e+02;1.4538255e-02;1.0750000e+02;9.3505964e-02;1.0750000e+02;1.9788124e-01;1.0750000e+02;2.5376669e-01;1.0750000e+02;2.5168133e-01;1.0750000e+02;2.0382744e-01;1.0750000e+02;1.3332348e-01;1.0750000e+02;6.5531306e-02;1.0750000e+02;4.1520894e-03;1.0750000e+02;-5.1700011e-02;1.0750000e+02;-1.0568784e-01;1.0750000e+02;-1.5766826e-01;1.0750000e+02;-2.0980111e-01;1.0750000e+02;-1.0164002e-01;1.0750000e+02;-1.0853821e-01;1.0750000e+02;-1.0068330e-01;1.0750000e+02;-7.9307541e-02;1.0750000e+02;-4.0354319e-02;1.0750000e+02;1.4538255e-02;1.0750000e+02;9.3505964e-02;1.0750000e+02;1.9788124e-01;1.0750000e+02;2.5376669e-01;1.0750000e+02;2.5168133e-01;1.0750000e+02;2.0382744e-01;1.0750000e+02;1.3332348e-01;1.0750000e+02;6.5531306e-02;1.0750000e+02;4.1520894e-03;1.0750000e+02;-5.1700011e-02;1.0750000e+02;-1.0568784e-01;1.0750000e+02;-1.5766826e-01;1.0750000e+02;-2.0980111e-01;1.0750000e+02;-1.0164002e-01;1.0750000e+02;-1.0853821e-01;1.0750000e+02;-1.0068330e-01;1.0750000e+02;-7.9307541e-02;1.0750000e+02;-4.0354319e-02;1.0750000e+02;1.4538255e-02;1.0750000e+02;9.3505964e-02;1.0750000e+02;1.9788124e-01;1.0750000e+02;2.5376669e-01;1.0750000e+02;2.5168133e-01;1.0750000e+02;2.0382744e-01;1.0750000e+02;1.3332348e-01;1.0750000e+02;6.5531306e-02;1.0750000e+02;4.1520894e-03;1.0750000e+02;-5.1700011e-02;1.0750000e+02;-1.0568784e-01;1.0750000e+02;-1.5766826e-01;1.0750000e+02;-2.0980111e-01;1.0750000e+02;-1.0164002e-01;1.0750000e+02;-1.0853821e-01;1.0750000e+02;-1.0068330e-01;1.0750000e+02;-7.9307541e-02;1.0750000e+02;-4.0354319e-02;1.0750000e+02;1.4538255e-02;1.0750000e+02;9.3505964e-02;1.0750000e+02;1.9788124e-01;1.0750000e+02;2.5376669e-01;1.0750000e+02;2.5168133e-01;1.0750000e+02;2.0382744e-01;1.0750000e+02;1.3332348e-01;1.0750000e+02;6.5531306e-02;1.0750000e+02;4.1520894e-03;1.0750000e+02;-5.1700011e-02;1.0750000e+02;-1.0568784e-01;1.0750000e+02;-1.5766826e-01;1.0750000e+02;-2.0980111e-01;1.0750000e+02;-1.0164002e-01;1.0750000e+02;-1.0853821e-01;1.0750000e+02;-1.0068330e-01;1.0750000e+02;-7.9307541e-02;1.0750000e+02;-4.0354319e-02;1.0750000e+02;1.4538255e-02;1.0750000e+02;9.3505964e-02;1.0750000e+02;1.9788124e-01;1.0750000e+02;2.5376669e-01;1.0750000e+02;2.5168133e-01;1.0750000e+02;2.0382744e-01;1.0750000e+02;1.3332348e-01;1.0750000e+02;6.5531306e-02;1.0750000e+02;4.1520894e-03;1.0750000e+02;-5.1700011e-02;1.0750000e+02;-1.0568784e-01;1.0750000e+02;-1.5766826e-01;1.0750000e+02;-2.0980111e-01;1.0750000e+02;-1.0164002e-01;1.0750000e+02;-1.0853821e-01;1.0750000e+02;-1.0068330e-01;1.0750000e+02;-7.9307541e-02;1.0750000e+02;-4.0354319e-02;1.0750000e+02;1.4538255e-02;1.0750000e+02;9.3505964e-02;1.0750000e+02;1.9788124e-01;1.0750000e+02;2.5376669e-01;1.0750000e+02;2.5168133e-01;1.0750000e+02;2.0382744e-01;1.0750000e+02;1.3332348e-01;1.0750000e+02;6.5531306e-02;1.0750000e+02;4.1520894e-03;1.0750000e+02;-5.1700011e-02;1.0750000e+02;-1.0568784e-01;1.0750000e+02;-1.5766826e-01;1.0750000e+02;-2.0980111e-01;1.0750000e+02;-1.0164002e-01;1.0750000e+02;-1.0853821e-01;1.0750000e+02;-1.0068330e-01;1.0750000e+02;-7.9307541e-02;1.0750000e+02;-4.0354319e-02;1.0750000e+02;1.4538255e-02;1.0750000e+02;9.3505964e-02;1.0750000e+02;1.9788124e-01;1.0750000e+02;2.5376669e-01;1.0750000e+02;2.5168133e-01;1.0750000e+02;2.0382744e-01;1.0750000e+02;1.3332348e-01;1.0750000e+02;6.5531306e-02;1.0750000e+02;4.1520894e-03;1.0750000e+02;-5.1700011e-02;1.0750000e+02;-1.0568784e-01;1.0750000e+02;-1.5766826e-01;1.0750000e+02;-2.0980111e-01;1.0750000e+02;-1.0164002e-01;1.0750000e+02;-1.0853821e-01;1.0750000e+02;-1.0068330e-01;1.0750000e+02;-7.9307541e-02;1.0750000e+02;-4.0354319e-02;1.0750000e+02;1.4538255e-02;1.0750000e+02;9.3505964e-02;1.0750000e+02;1.9788124e-01;1.0750000e+02;2.5376669e-01;1.0750000e+02;2.5168133e-01;1.0750000e+02;2.0382744e-01;1.0750000e+02;1.3332348e-01;1.0750000e+02;6.5531306e-02;1.0750000e+02;4.1520894e-03;1.0750000e+02;-5.1700011e-02;1.0750000e+02;-1.0568784e-01;1.0750000e+02;-1.5766826e-01;1.0750000e+02;-2.0980111e-01;1.0750000e+02;-1.0164002e-01;1.0750000e+02;-1.0853821e-01;1.0750000e+02;-1.0068330e-01;1.0750000e+02;-7.9307541e-02;1.0750000e+02;-4.0354319e-02;1.0750000e+02;1.4538255e-02;1.0750000e+02;9.3505964e-02;1.0750000e+02;1.9788124e-01;1.0750000e+02;2.5376669e-01;1.0750000e+02;2.5168133e-01;1.0750000e+02;2.0382744e-01;1.0750000e+02;1.3332348e-01;1.0750000e+02;6.5531306e-02;1.0750000e+02;4.1520894e-03;1.0750000e+02;-5.1700011e-02;1.0750000e+02;-1.0568784e-01;1.0750000e+02;-1.5766826e-01;1.0750000e+02;-2.0980111e-01;1.0750000e+02;-1.0164002e-01;1.0750000e+02;-1.0853821e-01;1.0750000e+02;-1.0068330e-01;1.0750000e+02;-7.9307541e-02;1.0750000e+02;-4.0354319e-02;1.0750000e+02;1.4538255e-02;1.0750000e+02;9.3505964e-02;1.0750000e+02;1.9788124e-01;1.0750000e+02;2.5376669e-01;1.0750000e+02;2.5168133e-01;1.0750000e+02;2.0382744e-01;1.0750000e+02;1.3332348e-01;1.0750000e+02;6.5531306e-02;1.0750000e+02;4.1520894e-03;1.0750000e+02;-5.1700011e-02;1.0750000e+02;-1.0568784e-01;1.0750000e+02;-1.5766826e-01;1.0750000e+02;-2.0980111e-01;1.0750000e+02;-1.0164002e-01;1.0750000e+02;-1.0853821e-01;1.0750000e+02;-1.0068330e-01;1.0750000e+02;-7.9307541e-02;1.0750000e+02;-4.0354319e-02;1.0750000e+02;1.4538255e-02;1.0750000e+02;9.3505964e-02;1.0750000e+02;1.9788124e-01;1.0750000e+02;2.5376669e-01;1.0750000e+02;2.5168133e-01;1.0750000e+02;2.0382744e-01;1.0750000e+02;1.3332348e-01;1.0750000e+02;6.5531306e-02;1.0750000e+02;4.1520894e-03;1.0750000e+02;-5.1700011e-02;1.0750000e+02;-1.0568784e-01;1.0750000e+02;-1.5766826e-01;1.0750000e+02;-2.0980111e-01;1.0750000e+02;-1.0164002e-01;1.0750000e+02;-1.0853821e-01;1.0750000e+02;-1.0068330e-01;1.0750000e+02;-7.9307541e-02;1.0750000e+02;-4.0354319e-02;1.0750000e+02;1.4538255e-02;1.0750000e+02;9.3505964e-02;1.0750000e+02;1.9788124e-01;1.0750000e+02;2.5376669e-01;1.0750000e+02;2.5168133e-01;1.0750000e+02;2.0382744e-01;1.0750000e+02;1.3332348e-01;1.0750000e+02;6.5531306e-02;1.0750000e+02;4.1520894e-03;1.0750000e+02;-5.1700011e-02;1.0750000e+02;-1.0568784e-01;1.0750000e+02;-1.5766826e-01;1.0750000e+02;-2.0980111e-01;1.0750000e+02;-1.0164002e-01;1.0750000e+02;-1.0853821e-01;1.0750000e+02;-1.0068330e-01;1.0750000e+02;-7.9307541e-02;1.0750000e+02;-4.0354319e-02;1.0750000e+02;1.4538255e-02;1.0750000e+02;9.3505964e-02;1.0750000e+02;1.9788124e-01;1.0750000e+02;2.5376669e-01;1.0750000e+02;2.5168133e-01;1.0750000e+02;2.0382744e-01;1.0750000e+02;1.3332348e-01;1.0750000e+02;6.5531306e-02;1.0750000e+02;4.1520894e-03;1.0750000e+02;-5.1700011e-02;1.0750000e+02;-1.0568784e-01;1.0750000e+02;-1.5766826e-01;1.0750000e+02;-2.0980111e-01;1.0750000e+02;-1.0164002e-01;1.0750000e+02;-1.0853821e-01;1.0750000e+02;-1.0068330e-01;1.0750000e+02;-7.9307541e-02;1.0750000e+02;-4.0354319e-02;1.0750000e+02;1.4538255e-02;1.0750000e+02;9.3505964e-02;1.0750000e+02;1.9788124e-01;1.0750000e+02;2.5376669e-01;1.0750000e+02;2.5168133e-01;1.0750000e+02;2.0382744e-01;1.0750000e+02;1.3332348e-01;1.0750000e+02;6.5531306e-02;1.0750000e+02;4.1520894e-03;1.0750000e+02;-5.1700011e-02;1.0750000e+02;-1.0568784e-01;1.0750000e+02;-1.5766826e-01;1.0750000e+02;-2.0980111e-01;1.0750000e+02;-1.0164002e-01;1.0750000e+02;-1.0853821e-01;1.0750000e+02;-1.0068330e-01;1.0750000e+02;-7.9307541e-02;1.0750000e+02;-4.0354319e-02;1.0750000e+02;1.4538255e-02;1.0750000e+02;9.3505964e-02;1.0750000e+02;1.9788124e-01;1.0750000e+02;2.5376669e-01;1.0750000e+02;2.5168133e-01;1.0750000e+02;2.0382744e-01;1.0750000e+02;1.3332348e-01;1.0750000e+02;6.5531306e-02;1.0750000e+02;4.1520894e-03;1.0750000e+02;-5.1700011e-02;1.0750000e+02;-1.0568784e-01;1.0750000e+02;-1.5766826e-01;1.0750000e+02;-2.0980111e-01;1.0750000e+02;-1.0164002e-01;1.0750000e+02;-1.0853821e-01;1.0750000e+02;-1.0068330e-01;1.0750000e+02;-7.9307541e-02;1.0750000e+02;-4.0354319e-02;1.0750000e+02;1.4538255e-02;1.0750000e+02;9.3505964e-02;1.0750000e+02;1.9788124e-01;1.0750000e+02;2.5376669e-01;1.0750000e+02;2.5168133e-01;1.0750000e+02;2.0382744e-01;1.0750000e+02;1.3332348e-01;1.0750000e+02;6.5531306e-02;1.0750000e+02;4.1520894e-03;1.0750000e+02;-5.1700011e-02;1.0750000e+02;-1.0568784e-01;1.0750000e+02;-1.5766826e-01;1.0750000e+02;-2.0980111e-01;1.0750000e+02;-1.0164002e-01;1.0750000e+02;-1.0853821e-01;1.0750000e+02;-1.0068330e-01;1.0750000e+02;-7.9307541e-02;1.0750000e+02;-4.0354319e-02;1.0750000e+02;1.4538255e-02;1.0750000e+02;9.3505964e-02;1.0750000e+02;1.9788124e-01;1.0750000e+02;2.5376669e-01;1.0750000e+02;2.5168133e-01;1.0750000e+02;2.0382744e-01;1.0750000e+02;1.3332348e-01;1.0750000e+02;6.5531306e-02;1.0750000e+02;4.1520894e-03;1.0750000e+02;-5.1700011e-02;1.0750000e+02;-1.0568784e-01;1.0750000e+02;-1.5766826e-01;1.0750000e+02;-2.0980111e-01;1.0750000e+02;-1.0164002e-01;1.0750000e+02;-1.0853821e-01;1.0750000e+02;-1.0068330e-01;1.0750000e+02;-7.9307541e-02;1.0750000e+02;-4.0354319e-02;1.0750000e+02;1.4538255e-02;1.0750000e+02;9.3505964e-02;1.0750000e+02;1.9788124e-01;1.0750000e+02;2.5376669e-01;1.0750000e+02;2.5168133e-01;1.0750000e+02;2.0382744e-01;1.0750000e+02;1.3332348e-01;1.0750000e+02;6.5531306e-02;1.0750000e+02;4.1520894e-03;1.0750000e+02;-5.1700011e-02;1.0750000e+02;-1.0568784e-01;1.0750000e+02;-1.5766826e-01;1.0750000e+02;-2.0980111e-01;1.0750000e+02;-1.0164002e-01;1.0750000e+02;-1.0853821e-01;1.0750000e+02;-1.0068330e-01;1.0750000e+02;-7.9307541e-02;1.0750000e+02;-4.0354319e-02;1.0750000e+02;1.4538255e-02;1.0750000e+02;9.3505964e-02;1.0750000e+02;1.9788124e-01;1.0750000e+02;2.5376669e-01;1.0750000e+02;2.5168133e-01;1.0750000e+02;2.0382744e-01;1.0750000e+02;1.3332348e-01;1.0750000e+02;6.5531306e-02;1.0750000e+02;4.1520894e-03;1.0750000e+02;-5.1700011e-02;1.0750000e+02;-1.0568784e-01;1.0750000e+02;-1.5766826e-01;1.0750000e+02;-2.0980111e-01;1.0750000e+02;-1.0164002e-01;1.0750000e+02;-1.0853821e-01;1.0750000e+02;-1.0068330e-01;1.0750000e+02;-7.9307541e-02;1.0750000e+02;-4.0354319e-02;1.0750000e+02;1.4538255e-02;1.0750000e+02;9.3505964e-02;1.0750000e+02;1.9788124e-01;1.0750000e+02;2.5376669e-01;1.0750000e+02;2.5168133e-01;1.0750000e+02;2.0382744e-01;1.0750000e+02;1.3332348e-01;1.0750000e+02;6.5531306e-02;1.0750000e+02;4.1520894e-03;1.0750000e+02;-5.1700011e-02;1.0750000e+02;-1.0568784e-01;1.0750000e+02;-1.5766826e-01;1.0750000e+02;-2.0980111e-01;1.0750000e+02;-1.0164002e-01;1.0750000e+02;-1.0853821e-01;1.0750000e+02;-1.0068330e-01;1.0750000e+02;-7.9307541e-02;1.0750000e+02;-4.0354319e-02;1.0750000e+02;1.4538255e-02;1.0750000e+02;9.3505964e-02;1.0750000e+02;1.9788124e-01;1.0750000e+02;2.5376669e-01;1.0750000e+02;2.5168133e-01;1.0750000e+02;2.0382744e-01;1.0750000e+02;1.3332348e-01;1.0750000e+02;6.5531306e-02;1.0750000e+02;4.1520894e-03;1.0750000e+02;-5.1700011e-02;1.0750000e+02;-1.0568784e-01;1.0750000e+02;-1.5766826e-01;1.0750000e+02;-2.0980111e-01;1.0750000e+02;-1.0164002e-01;1.0750000e+02;-1.0853821e-01;1.0750000e+02;-1.0068330e-01;1.0750000e+02;-7.9307541e-02;1.0750000e+02;-4.0354319e-02;1.0750000e+02;1.4538255e-02;1.0750000e+02;9.3505964e-02;1.0750000e+02;1.9788124e-01;1.0750000e+02;2.5376669e-01;1.0750000e+02;2.5168133e-01;1.0750000e+02;2.0382744e-01;1.0750000e+02;1.3332348e-01;1.0750000e+02;6.5531306e-02;1.0750000e+02;4.1520894e-03;1.0750000e+02;-5.1700011e-02;1.0750000e+02;-1.0568784e-01;1.0750000e+02;-1.5766826e-01;1.0750000e+02;-2.0980111e-01;1.0750000e+02;-1.0164002e-01;1.0750000e+02;-1.0853821e-01;1.0750000e+02;-1.0068330e-01;1.0750000e+02;-7.9307541e-02;1.0750000e+02;-4.0354319e-02;1.0750000e+02;1.4538255e-02;1.0750000e+02;9.3505964e-02;1.0750000e+02;1.9788124e-01;1.0750000e+02;2.5376669e-01;1.0750000e+02;2.5168133e-01;1.0750000e+02;2.0382744e-01;1.0750000e+02;1.3332348e-01;1.0750000e+02;6.5531306e-02;1.0750000e+02;4.1520894e-03;1.0750000e+02;-5.1700011e-02;1.0750000e+02;-1.0568784e-01;1.0750000e+02;-1.5766826e-01;1.0750000e+02;-2.0980111e-01;1.0750000e+02;-1.0164002e-01;1.0750000e+02;-1.0853821e-01;1.0750000e+02;-1.0068330e-01;1.0750000e+02;-7.9307541e-02;1.0750000e+02;-4.0354319e-02;1.0750000e+02;1.4538255e-02;1.0750000e+02;9.3505964e-02;1.0750000e+02;1.9788124e-01;1.0750000e+02;2.5376669e-01;1.0750000e+02;2.5168133e-01;1.0750000e+02;2.0382744e-01;1.0750000e+02;1.3332348e-01;1.0750000e+02;6.5531306e-02;1.0750000e+02;4.1520894e-03;1.0750000e+02;-5.1700011e-02;1.0750000e+02;-1.0568784e-01;1.0750000e+02;-1.5766826e-01;1.0750000e+02;-2.0980111e-01;1.0750000e+02;-1.0164002e-01;1.0750000e+02;-1.0853821e-01;1.0750000e+02;-1.0068330e-01;1.0750000e+02;-7.9307541e-02;1.0750000e+02;-4.0354319e-02;1.0750000e+02;1.4538255e-02;1.0750000e+02;9.3505964e-02;1.0750000e+02;1.9788124e-01;1.0750000e+02;2.5376669e-01;1.0750000e+02;2.5168133e-01;1.0750000e+02;2.0382744e-01;1.0750000e+02;1.3332348e-01;1.0750000e+02;6.5531306e-02;1.0750000e+02;4.1520894e-03;1.0750000e+02;-5.1700011e-02;1.0750000e+02;-1.0568784e-01;1.0750000e+02;-1.5766826e-01;1.0750000e+02;-2.0980111e-01;1.0750000e+02;-1.0164002e-01;1.0750000e+02;-1.0853821e-01;1.0750000e+02;-1.0068330e-01;1.0750000e+02;-7.9307541e-02;1.0750000e+02;-4.0354319e-02;1.0750000e+02;1.4538255e-02;1.0750000e+02;9.3505964e-02;1.0750000e+02;1.9788124e-01;1.0750000e+02;2.5376669e-01;1.0750000e+02;2.5168133e-01;1.0750000e+02;2.0382744e-01;1.0750000e+02;1.3332348e-01;1.0750000e+02;6.5531306e-02;1.0750000e+02;4.1520894e-03;1.0750000e+02;-5.1700011e-02;1.0750000e+02;-1.0568784e-01;1.0750000e+02;-1.5766826e-01;1.0750000e+02;-2.0980111e-01;1.0750000e+02;-1.0164002e-01;1.0750000e+02;-1.0853821e-01;1.0750000e+02;-1.0068330e-01;1.0750000e+02;-7.9307541e-02;1.0750000e+02;-4.0354319e-02;1.0750000e+02;1.4538255e-02;1.0750000e+02;9.3505964e-02;1.0750000e+02;1.9788124e-01;1.0750000e+02;2.5376669e-01;1.0750000e+02;2.5168133e-01;1.0750000e+02;2.0382744e-01;1.0750000e+02;1.3332348e-01;1.0750000e+02;6.5531306e-02;1.0750000e+02;4.1520894e-03;1.0750000e+02;-5.1700011e-02;1.0750000e+02;-1.0568784e-01;1.0750000e+02;-1.5766826e-01;1.0750000e+02;-2.0980111e-01;1.0750000e+02;-1.0164002e-01;1.0750000e+02;-1.0853821e-01;1.0750000e+02;-1.0068330e-01;1.0750000e+02;-7.9307541e-02;1.0750000e+02;-4.0354319e-02;1.0750000e+02;1.4538255e-02;1.0750000e+02;9.3505964e-02;1.0750000e+02;1.9788124e-01;1.0750000e+02;2.5376669e-01;1.0750000e+02;2.5168133e-01;1.0750000e+02;2.0382744e-01;1.0750000e+02;1.3332348e-01;1.0750000e+02;6.5531306e-02;1.0750000e+02;4.1520894e-03;1.0750000e+02;-5.1700011e-02;1.0750000e+02;-1.0568784e-01;1.0750000e+02;-1.5766826e-01;1.0750000e+02;-2.0980111e-01;1.0750000e+02;-1.0164002e-01;1.0750000e+02;-1.0853821e-01;1.0750000e+02;-1.0068330e-01;1.0750000e+02;-7.9307541e-02;1.0750000e+02;-4.0354319e-02;1.0750000e+02;1.4538255e-02;1.0750000e+02;9.3505964e-02;1.0750000e+02;1.9788124e-01;1.0750000e+02;2.5376669e-01;1.0750000e+02;2.5168133e-01;1.0750000e+02;2.0382744e-01;1.0750000e+02;1.3332348e-01;1.0750000e+02;6.5531306e-02;1.0750000e+02;4.1520894e-03;1.0750000e+02;-5.1700011e-02;1.0750000e+02;-1.0568784e-01;1.0750000e+02;-1.5766826e-01;1.0750000e+02;-2.0980111e-01;1.0750000e+02;-1.0164002e-01;1.0750000e+02;-1.0853821e-01;1.0750000e+02;-1.0068330e-01;1.0750000e+02;-7.9307541e-02;1.0750000e+02;-4.0354319e-02;1.0750000e+02;1.4538255e-02;1.0750000e+02;9.3505964e-02;1.0750000e+02;1.9788124e-01;1.0750000e+02;2.5376669e-01;1.0750000e+02;2.5168133e-01;1.0750000e+02;2.0382744e-01;1.0750000e+02;1.3332348e-01;1.0750000e+02;6.5531306e-02;1.0750000e+02;4.1520894e-03;1.0750000e+02;-5.1700011e-02;1.0750000e+02;-1.0568784e-01;1.0750000e+02;-1.5766826e-01;1.0750000e+02;-2.0980111e-01;1.0750000e+02;-1.0164002e-01;1.0750000e+02;-1.0853821e-01;1.0750000e+02;-1.0068330e-01;1.0750000e+02;-7.9307541e-02;1.0750000e+02;-4.0354319e-02;1.0750000e+02;1.4538255e-02;1.0750000e+02;9.3505964e-02;1.0750000e+02;1.9788124e-01;1.0750000e+02;2.5376669e-01;1.0750000e+02;2.5168133e-01;1.0750000e+02;2.0382744e-01;1.0750000e+02;1.3332348e-01;1.0750000e+02;6.5531306e-02;1.0750000e+02;4.1520894e-03;1.0750000e+02;-5.1700011e-02;1.0750000e+02;-1.0568784e-01;1.0750000e+02;-1.5766826e-01;1.0750000e+02;-2.0980111e-01;1.0750000e+02;-1.0164002e-01;1.0750000e+02;-1.0853821e-01;1.0750000e+02;-1.0068330e-01;1.0750000e+02;-7.9307541e-02;1.0750000e+02;-4.0354319e-02;1.0750000e+02;1.4538255e-02;1.0750000e+02;9.3505964e-02;1.0750000e+02;1.9788124e-01;1.0750000e+02;2.5376669e-01;1.0750000e+02;2.5168133e-01;1.0750000e+02;2.0382744e-01;1.0750000e+02;1.3332348e-01;1.0750000e+02;6.5531306e-02;1.0750000e+02;4.1520894e-03;1.0750000e+02;-5.1700011e-02;1.0750000e+02;-1.0568784e-01;1.0750000e+02;-1.5766826e-01;1.0750000e+02;-2.0980111e-01;1.0750000e+02;-1.0164002e-01;1.0750000e+02;-1.0853821e-01;1.0750000e+02;-1.0068330e-01;1.0750000e+02;-7.9307541e-02;1.0750000e+02;-4.0354319e-02;1.0750000e+02;1.4538255e-02;1.0750000e+02;9.3505964e-02;1.0750000e+02;1.9788124e-01;1.0750000e+02;2.5376669e-01;1.0750000e+02;2.5168133e-01;1.0750000e+02;2.0382744e-01;1.0750000e+02;1.3332348e-01;1.0750000e+02;6.5531306e-02;1.0750000e+02;4.1520894e-03;1.0750000e+02;-5.1700011e-02;1.0750000e+02;-1.0568784e-01;1.0750000e+02;-1.5766826e-01;1.0750000e+02;-2.0980111e-01;1.0750000e+02;-1.0164002e-01;1.0750000e+02;-1.0853821e-01;1.0750000e+02;-1.0068330e-01;1.0750000e+02;-7.9307541e-02;1.0750000e+02;-4.0354319e-02;1.0750000e+02;1.4538255e-02;1.0750000e+02;9.3505964e-02;1.0750000e+02;1.9788124e-01;1.0750000e+02;2.5376669e-01;1.0750000e+02;2.5168133e-01;1.0750000e+02;2.0382744e-01;1.0750000e+02;1.3332348e-01;1.0750000e+02;6.5531306e-02;1.0750000e+02;4.1520894e-03;1.0750000e+02;-5.1700011e-02;1.0750000e+02;-1.0568784e-01;1.0750000e+02;-1.5766826e-01;1.0750000e+02;-2.0980111e-01;1.0750000e+02;-1.0164002e-01;1.0750000e+02;-1.0853821e-01;1.0750000e+02;-1.0068330e-01;1.0750000e+02;-7.9307541e-02;1.0750000e+02;-4.0354319e-02;1.0750000e+02;1.4538255e-02;1.0750000e+02;9.3505964e-02;1.0750000e+02;1.9788124e-01;1.0750000e+02;2.5376669e-01;1.0750000e+02;2.5168133e-01;1.0750000e+02;2.0382744e-01;1.0750000e+02;1.3332348e-01;1.0750000e+02;6.5531306e-02;1.0750000e+02;4.1520894e-03;1.0750000e+02;-5.1700011e-02;1.0750000e+02;-1.0568784e-01;1.0750000e+02;-1.5766826e-01;1.0750000e+02;-2.0980111e-01;1.0750000e+02;-1.0164002e-01;1.0750000e+02;-1.0853821e-01;1.0750000e+02;-1.0068330e-01;1.0750000e+02;-7.9307541e-02;1.0750000e+02;-4.0354319e-02;1.0750000e+02;1.4538255e-02;1.0750000e+02;9.3505964e-02;1.0750000e+02;1.9788124e-01;1.0750000e+02;2.5376669e-01;1.0750000e+02;2.5168133e-01;1.0750000e+02;2.0382744e-01;1.0750000e+02;1.3332348e-01;1.0750000e+02;6.5531306e-02;1.0750000e+02;4.1520894e-03;1.0750000e+02;-5.1700011e-02;1.0750000e+02;-1.0568784e-01;1.0750000e+02;-1.5766826e-01;1.0750000e+02;-2.0980111e-01;1.0750000e+02;-1.0164002e-01;1.0750000e+02;-1.0853821e-01;1.0750000e+02;-1.0068330e-01;1.0750000e+02;-7.9307541e-02;1.0750000e+02;-4.0354319e-02;1.0750000e+02;1.4538255e-02;1.0750000e+02;9.3505964e-02;1.0750000e+02;1.9788124e-01;1.0750000e+02;2.5376669e-01;1.0750000e+02;2.5168133e-01;1.0750000e+02;2.0382744e-01;1.0750000e+02;1.3332348e-01;1.0750000e+02;6.5531306e-02;1.0750000e+02;4.1520894e-03;1.0750000e+02;-5.1700011e-02;1.0750000e+02;-1.0568784e-01;1.0750000e+02;-1.5766826e-01;1.0750000e+02;-2.0980111e-01;1.0750000e+02;-1.0164002e-01;1.0750000e+02;-1.0853821e-01;1.0750000e+02;-1.0068330e-01;1.0750000e+02;-7.9307541e-02;1.0750000e+02;-4.0354319e-02;1.0750000e+02;1.4538255e-02;1.0750000e+02;9.3505964e-02;1.0750000e+02;1.9788124e-01;1.0750000e+02;2.5376669e-01;1.0750000e+02;2.5168133e-01;1.0750000e+02;2.0382744e-01;1.0750000e+02;1.3332348e-01;1.0750000e+02;6.5531306e-02;1.0750000e+02;4.1520894e-03;1.0750000e+02;-5.1700011e-02;1.0750000e+02;-1.0568784e-01;1.0750000e+02;-1.5766826e-01;1.0750000e+02;-2.0980111e-01;1.0750000e+02;-1.0164002e-01;1.0750000e+02;-1.0853821e-01;1.0750000e+02;-1.0068330e-01;1.0750000e+02;-7.9307541e-02;1.0750000e+02;-4.0354319e-02;1.0750000e+02;1.4538255e-02;1.0750000e+02;9.3505964e-02;1.0750000e+02;1.9788124e-01;1.0750000e+02;2.5376669e-01;1.0750000e+02;2.5168133e-01;1.0750000e+02;2.0382744e-01;1.0750000e+02;1.3332348e-01;1.0750000e+02;6.5531306e-02;1.0750000e+02;4.1520894e-03;1.0750000e+02;-5.1700011e-02;1.0750000e+02;-1.0568784e-01;1.0750000e+02;-1.5766826e-01;1.0750000e+02;-2.0980111e-01;1.0750000e+02;-1.0164002e-01;1.0750000e+02;-1.0853821e-01;1.0750000e+02;-1.0068330e-01;1.0750000e+02;-7.9307541e-02;1.0750000e+02;-4.0354319e-02;1.0750000e+02;1.4538255e-02;1.0750000e+02;9.3505964e-02;1.0750000e+02;1.9788124e-01;1.0750000e+02;2.5376669e-01;1.0750000e+02;2.5168133e-01;1.0750000e+02;2.0382744e-01;1.0750000e+02;1.3332348e-01;1.0750000e+02;6.5531306e-02;1.0750000e+02;4.1520894e-03;1.0750000e+02;-5.1700011e-02;1.0750000e+02;-1.0568784e-01;1.0750000e+02;-1.5766826e-01;1.0750000e+02;-2.0980111e-01;1.0750000e+02;-1.0164002e-01;1.0750000e+02;-1.0853821e-01;1.0750000e+02;-1.0068330e-01;1.0750000e+02;-7.9307541e-02;1.0750000e+02;-4.0354319e-02;1.0750000e+02;1.4538255e-02;1.0750000e+02;9.3505964e-02;1.0750000e+02;1.9788124e-01;1.0750000e+02;2.5376669e-01;1.0750000e+02;2.5168133e-01;1.0750000e+02;2.0382744e-01;1.0750000e+02;1.3332348e-01;1.0750000e+02;6.5531306e-02;1.0750000e+02;4.1520894e-03;1.0750000e+02;-5.1700011e-02;1.0750000e+02;-1.0568784e-01;1.0750000e+02;-1.5766826e-01;1.0750000e+02;-2.0980111e-01;1.0750000e+02;-1.0164002e-01;1.0750000e+02;-1.0853821e-01;1.0750000e+02;-1.0068330e-01;1.0750000e+02;-7.9307541e-02;1.0750000e+02;-4.0354319e-02;1.0750000e+02;1.4538255e-02;1.0750000e+02;9.3505964e-02;1.0750000e+02;1.9788124e-01;1.0750000e+02;2.5376669e-01;1.0750000e+02;2.5168133e-01;1.0750000e+02;2.0382744e-01;1.0750000e+02;1.3332348e-01;1.0750000e+02;6.5531306e-02;1.0750000e+02;4.1520894e-03;1.0750000e+02;-5.1700011e-02;1.0750000e+02;-1.0568784e-01;1.0750000e+02;-1.5766826e-01;1.0750000e+02;-2.0980111e-01;1.0750000e+02;-1.0164002e-01;1.0750000e+02;-1.0853821e-01;1.0750000e+02;-1.0068330e-01;1.0750000e+02;-7.9307541e-02;1.0750000e+02;-4.0354319e-02;1.0750000e+02;1.4538255e-02;1.0750000e+02;9.3505964e-02;1.0750000e+02;1.9788124e-01;1.0750000e+02;2.5376669e-01;1.0750000e+02;2.5168133e-01;1.0750000e+02;2.0382744e-01;1.0750000e+02;1.3332348e-01;1.0750000e+02;6.5531306e-02;1.0750000e+02;4.1520894e-03;1.0750000e+02;-5.1700011e-02;1.0750000e+02;-1.0568784e-01;1.0750000e+02;-1.5766826e-01;1.0750000e+02;-2.0980111e-01;1.0750000e+02;-1.0164002e-01;1.0750000e+02;-1.0853821e-01;1.0750000e+02;-1.0068330e-01;1.0750000e+02;-7.9307541e-02;1.0750000e+02;-4.0354319e-02;1.0750000e+02;1.4538255e-02;1.0750000e+02;9.3505964e-02;1.0750000e+02;1.9788124e-01;1.0750000e+02;2.5376669e-01;1.0750000e+02;2.5168133e-01;1.0750000e+02;2.0382744e-01;1.0750000e+02;1.3332348e-01;1.0750000e+02;6.5531306e-02;1.0750000e+02;4.1520894e-03;1.0750000e+02;-5.1700011e-02;1.0750000e+02;-1.0568784e-01;1.0750000e+02;-1.5766826e-01;1.0750000e+02;-2.0980111e-01;1.0750000e+02;-1.0164002e-01;1.0750000e+02;-1.0853821e-01;1.0750000e+02;-1.0068330e-01;1.0750000e+02;-7.9307541e-02;1.0750000e+02;-4.0354319e-02;1.0750000e+02;1.4538255e-02;1.0750000e+02;9.3505964e-02;1.0750000e+02;1.9788124e-01;1.0750000e+02;2.5376669e-01;1.0750000e+02;2.5168133e-01;1.0750000e+02;2.0382744e-01;1.0750000e+02;1.3332348e-01;1.0750000e+02;6.5531306e-02;1.0750000e+02;4.1520894e-03;1.0750000e+02;-5.1700011e-02;1.0750000e+02;-1.0568784e-01;1.0750000e+02;-1.5766826e-01;1.0750000e+02;-2.0980111e-01
1.1250000e+02;-1.0387954e-01;1.1250000e+02;-1.1779935e-01;1.1250000e+02;-1.1522678e-01;1.1250000e+02;-9.6235618e-02;1.1250000e+02;-5.8432885e-02;1.1250000e+02;-8.3308574e-04;1.1250000e+02;8.4782019e-02;1.1250000e+02;1.8146306e-01;1.1250000e+02;2.3218596e-01;1.1250000e+02;2.3481993e-01;1.1250000e+02;1.9706719e-01;1.1250000e+02;1.3328478e-01;1.1250000e+02;6.9560319e-02;1.1250000e+02;9.9836662e-03;1.1250000e+02;-4.4981249e-02;1.1250000e+02;-9.8857388e-02;1.1250000e+02;-1.5035519e-01;1.1250000e+02;-2.0117064e-01;1.1250000e+02;-1.0387954e-01;1.1250000e+02;-1.1779935e-01;1.1250000e+02;-1.1522678e-01;1.1250000e+02;-9.6235618e-02;1.1250000e+02;-5.8432885e-02;1.1250000e+02;-8.3308574e-04;1.1250000e+02;8.4782019e-02;1.1250000e+02;1.8146306e-01;1.1250000e+02;2.3218596e-01;1.1250000e+02;2.3481993e-01;1.1250000e+02;1.9706719e-01;1.1250000e+02;1.3328478e-01;1.1250000e+02;6.9560319e-02;1.1250000e+02;9.9836662e-03;1.1250000e+02;-4.4981249e-02;1.1250000e+02;-9.8857388e-02;1.1250000e+02;-1.5035519e-01;1.1250000e+02;-2.0117064e-01;1.1250000e+02;-1.0387954e-01;1.1250000e+02;-1.1779935e-01;1.1250000e+02;-1.1522678e-01;1.1250000e+02;-9.6235618e-02;1.1250000e+02;-5.8432885e-02;1.1250000e+02;-8.3308574e-04;1.1250000e+02;8.4782019e-02;1.1250000e+02;1.8146306e-01;1.1250000e+02;2.3218596e-01;1.1250000e+02;2.3481993e-01;1.1250000e+02;1.9706719e-01;1.1250000e+02;1.3328478e-01;1.1250000e+02;6.9560319e-02;1.1250000e+02;9.9836662e-03;1.1250000e+02;-4.4981249e-02;1.1250000e+02;-9.8857388e-02;1.1250000e+02;-1.5035519e-01;1.1250000e+02;-2.0117064e-01;1.1250000e+02;-1.0387954e-01;1.1250000e+02;-1.1779935e-01;1.1250000e+02;-1.1522678e-01;1.1250000e+02;-9.6235618e-02;1.1250000e+02;-5.8432885e-02;1.1250000e+02;-8.3308574e-04;1.1250000e+02;8.4782019e-02;1.1250000e+02;1.8146306e-01;1.1250000e+02;2.3218596e-01;1.1250000e+02;2.3481993e-01;1.1250000e+02;1.9706719e-01;1.1250000e+02;1.3328478e-01;1.1250000e+02;6.9560319e-02;1.1250000e+02;9.9836662e-03;1.1250000e+02;-4.4981249e-02;1.1250000e+02;-9.8857388e-02;1.1250000e+02;-1.5035519e-01;1.1250000e+02;-2.0117064e-01;1.1250000e+02;-1.0387954e-01;1.1250000e+02;-1.1779935e-01;1.1250000e+02;-1.1522678e-01;1.1250000e+02;-9.6235618e-02;1.1250000e+02;-5.8432885e-02;1.1250000e+02;-8.3308574e-04;1.1250000e+02;8.4782019e-02;1.1250000e+02;1.8146306e-01;1.1250000e+02;2.3218596e-01;1.1250000e+02;2.3481993e-01;1.1250000e+02;1.9706719e-01;1.1250000e+02;1.3328478e-01;1.1250000e+02;6.9560319e-02;1.1250000e+02;9.9836662e-03;1.1250000e+02;-4.4981249e-02;1.1250000e+02;-9.8857388e-02;1.1250000e+02;-1.5035519e-01;1.1250000e+02;-2.0117064e-01;1.1250000e+02;-1.0387954e-01;1.1250000e+02;-1.1779935e-01;1.1250000e+02;-1.1522678e-01;1.1250000e+02;-9.6235618e-02;1.1250000e+02;-5.8432885e-02;1.1250000e+02;-8.3308574e-04;1.1250000e+02;8.4782019e-02;1.1250000e+02;1.8146306e-01;1.1250000e+02;2.3218596e-01;1.1250000e+02;2.3481993e-01;1.1250000e+02;1.9706719e-01;1.1250000e+02;1.3328478e-01;1.1250000e+02;6.9560319e-02;1.1250000e+02;9.9836662e-03;1.1250000e+02;-4.4981249e-02;1.1250000e+02;-9.8857388e-02;1.1250000e+02;-1.5035519e-01;1.1250000e+02;-2.0117064e-01;1.1250000e+02;-1.0387954e-01;1.1250000e+02;-1.1779935e-01;1.1250000e+02;-1.1522678e-01;1.1250000e+02;-9.6235618e-02;1.1250000e+02;-5.8432885e-02;1.1250000e+02;-8.3308574e-04;1.1250000e+02;8.4782019e-02;1.1250000e+02;1.8146306e-01;1.1250000e+02;2.3218596e-01;1.1250000e+02;2.3481993e-01;1.1250000e+02;1.9706719e-01;1.1250000e+02;1.3328478e-01;1.1250000e+02;6.9560319e-02;1.1250000e+02;9.9836662e-03;1.1250000e+02;-4.4981249e-02;1.1250000e+02;-9.8857388e-02;1.1250000e+02;-1.5035519e-01;1.1250000e+02;-2.0117064e-01;1.1250000e+02;-1.0387954e-01;1.1250000e+02;-1.1779935e-01;1.1250000e+02;-1.1522678e-01;1.1250000e+02;-9.6235618e-02;1.1250000e+02;-5.8432885e-02;1.1250000e+02;-8.3308574e-04;1.1250000e+02;8.4782019e-02;1.1250000e+02;1.8146306e-01;1.1250000e+02;2.3218596e-01;1.1250000e+02;2.3481993e-01;1.1250000e+02;1.9706719e-01;1.1250000e+02;1.3328478e-01;1.1250000e+02;6.9560319e-02;1.1250000e+02;9.9836662e-03;1.1250000e+02;-4.4981249e-02;1.1250000e+02;-9.8857388e-02;1.1250000e+02;-1.5035519e-01;1.1250000e+02;-2.0117064e-01;1.1250000e+02;-1.0387954e-01;1.1250000e+02;-1.1779935e-01;1.1250000e+02;-1.1522678e-01;1.1250000e+02;-9.6235618e-02;1.1250000e+02;-5.8432885e-02;1.1250000e+02;-8.3308574e-04;1.1250000e+02;8.4782019e-02;1.1250000e+02;1.8146306e-01;1.1250000e+02;2.3218596e-01;1.1250000e+02;2.3481993e-01;1.1250000e+02;1.9706719e-01;1.1250000e+02;1.3328478e-01;1.1250000e+02;6.9560319e-02;1.1250000e+02;9.9836662e-03;1.1250000e+02;-4.4981249e-02;1.1250000e+02;-9.8857388e-02;1.1250000e+02;-1.5035519e-01;1.1250000e+02;-2.0117064e-01;1.1250000e+02;-1.0387954e-01;1.1250000e+02;-1.1779935e-01;1.1250000e+02;-1.1522678e-01;1.1250000e+02;-9.6235618e-02;1.1250000e+02;-5.8432885e-02;1.1250000e+02;-8.3308574e-04;1.1250000e+02;8.4782019e-02;1.1250000e+02;1.8146306e-01;1.1250000e+02;2.3218596e-01;1.1250000e+02;2.3481993e-01;1.1250000e+02;1.9706719e-01;1.1250000e+02;1.3328478e-01;1.1250000e+02;6.9560319e-02;1.1250000e+02;9.9836662e-03;1.1250000e+02;-4.4981249e-02;1.1250000e+02;-9.8857388e-02;1.1250000e+02;-1.5035519e-01;1.1250000e+02;-2.0117064e-01;1.1250000e+02;-1.0387954e-01;1.1250000e+02;-1.1779935e-01;1.1250000e+02;-1.1522678e-01;1.1250000e+02;-9.6235618e-02;1.1250000e+02;-5.8432885e-02;1.1250000e+02;-8.3308574e-04;1.1250000e+02;8.4782019e-02;1.1250000e+02;1.8146306e-01;1.1250000e+02;2.3218596e-01;1.1250000e+02;2.3481993e-01;1.1250000e+02;1.9706719e-01;1.1250000e+02;1.3328478e-01;1.1250000e+02;6.9560319e-02;1.1250000e+02;9.9836662e-03;1.1250000e+02;-4.4981249e-02;1.1250000e+02;-9.8857388e-02;1.1250000e+02;-1.5035519e-01;1.1250000e+02;-2.0117064e-01;1.1250000e+02;-1.0387954e-01;1.1250000e+02;-1.1779935e-01;1.1250000e+02;-1.1522678e-01;1.1250000e+02;-9.6235618e-02;1.1250000e+02;-5.8432885e-02;1.1250000e+02;-8.3308574e-04;1.1250000e+02;8.4782019e-02;1.1250000e+02;1.8146306e-01;1.1250000e+02;2.3218596e-01;1.1250000e+02;2.3481993e-01;1.1250000e+02;1.9706719e-01;1.1250000e+02;1.3328478e-01;1.1250000e+02;6.9560319e-02;1.1250000e+02;9.9836662e-03;1.1250000e+02;-4.4981249e-02;1.1250000e+02;-9.8857388e-02;1.1250000e+02;-1.5035519e-01;1.1250000e+02;-2.0117064e-01;1.1250000e+02;-1.0387954e-01;1.1250000e+02;-1.1779935e-01;1.1250000e+02;-1.1522678e-01;1.1250000e+02;-9.6235618e-02;1.1250000e+02;-5.8432885e-02;1.1250000e+02;-8.3308574e-04;1.1250000e+02;8.4782019e-02;1.1250000e+02;1.8146306e-01;1.1250000e+02;2.3218596e-01;1.1250000e+02;2.3481993e-01;1.1250000e+02;1.9706719e-01;1.1250000e+02;1.3328478e-01;1.1250000e+02;6.9560319e-02;1.1250000e+02;9.9836662e-03;1.1250000e+02;-4.4981249e-02;1.1250000e+02;-9.8857388e-02;1.1250000e+02;-1.5035519e-01;1.1250000e+02;-2.0117064e-01;1.1250000e+02;-1.0387954e-01;1.1250000e+02;-1.1779935e-01;1.1250000e+02;-1.1522678e-01;1.1250000e+02;-9.6235618e-02;1.1250000e+02;-5.8432885e-02;1.1250000e+02;-8.3308574e-04;1.1250000e+02;8.4782019e-02;1.1250000e+02;1.8146306e-01;1.1250000e+02;2.3218596e-01;1.1250000e+02;2.3481993e-01;1.1250000e+02;1.9706719e-01;1.1250000e+02;1.3328478e-01;1.1250000e+02;6.9560319e-02;1.1250000e+02;9.9836662e-03;1.1250000e+02;-4.4981249e-02;1.1250000e+02;-9.8857388e-02;1.1250000e+02;-1.5035519e-01;1.1250000e+02;-2.0117064e-01;1.1250000e+02;-1.0387954e-01;1.1250000e+02;-1.1779935e-01;1.1250000e+02;-1.1522678e-01;1.1250000e+02;-9.6235618e-02;1.1250000e+02;-5.8432885e-02;1.1250000e+02;-8.3308574e-04;1.1250000e+02;8.4782019e-02;1.1250000e+02;1.8146306e-01;1.1250000e+02;2.3218596e-01;1.1250000e+02;2.3481993e-01;1.1250000e+02;1.9706719e-01;1.1250000e+02;1.3328478e-01;1.1250000e+02;6.9560319e-02;1.1250000e+02;9.9836662e-03;1.1250000e+02;-4.4981249e-02;1.1250000e+02;-9.8857388e-02;1.1250000e+02;-1.5035519e-01;1.1250000e+02;-2.0117064e-01;1.1250000e+02;-1.0387954e-01;1.1250000e+02;-1.1779935e-01;1.1250000e+02;-1.1522678e-01;1.1250000e+02;-9.6235618e-02;1.1250000e+02;-5.8432885e-02;1.1250000e+02;-8.3308574e-04;1.1250000e+02;8.4782019e-02;1.1250000e+02;1.8146306e-01;1.1250000e+02;2.3218596e-01;1.1250000e+02;2.3481993e-01;1.1250000e+02;1.9706719e-01;1.1250000e+02;1.3328478e-01;1.1250000e+02;6.9560319e-02;1.1250000e+02;9.9836662e-03;1.1250000e+02;-4.4981249e-02;1.1250000e+02;-9.8857388e-02;1.1250000e+02;-1.5035519e-01;1.1250000e+02;-2.0117064e-01;1.1250000e+02;-1.0387954e-01;1.1250000e+02;-1.1779935e-01;1.1250000e+02;-1.1522678e-01;1.1250000e+02;-9.6235618e-02;1.1250000e+02;-5.8432885e-02;1.1250000e+02;-8.3308574e-04;1.1250000e+02;8.4782019e-02;1.1250000e+02;1.8146306e-01;1.1250000e+02;2.3218596e-01;1.1250000e+02;2.3481993e-01;1.1250000e+02;1.9706719e-01;1.1250000e+02;1.3328478e-01;1.1250000e+02;6.9560319e-02;1.1250000e+02;9.9836662e-03;1.1250000e+02;-4.4981249e-02;1.1250000e+02;-9.8857388e-02;1.1250000e+02;-1.5035519e-01;1.1250000e+02;-2.0117064e-01;1.1250000e+02;-1.0387954e-01;1.1250000e+02;-1.1779935e-01;1.1250000e+02;-1.1522678e-01;1.1250000e+02;-9.6235618e-02;1.1250000e+02;-5.8432885e-02;1.1250000e+02;-8.3308574e-04;1.1250000e+02;8.4782019e-02;1.1250000e+02;1.8146306e-01;1.1250000e+02;2.3218596e-01;1.1250000e+02;2.3481993e-01;1.1250000e+02;1.9706719e-01;1.1250000e+02;1.3328478e-01;1.1250000e+02;6.9560319e-02;1.1250000e+02;9.9836662e-03;1.1250000e+02;-4.4981249e-02;1.1250000e+02;-9.8857388e-02;1.1250000e+02;-1.5035519e-01;1.1250000e+02;-2.0117064e-01;1.1250000e+02;-1.0387954e-01;1.1250000e+02;-1.1779935e-01;1.1250000e+02;-1.1522678e-01;1.1250000e+02;-9.6235618e-02;1.1250000e+02;-5.8432885e-02;1.1250000e+02;-8.3308574e-04;1.1250000e+02;8.4782019e-02;1.1250000e+02;1.8146306e-01;1.1250000e+02;2.3218596e-01;1.1250000e+02;2.3481993e-01;1.1250000e+02;1.9706719e-01;1.1250000e+02;1.3328478e-01;1.1250000e+02;6.9560319e-02;1.1250000e+02;9.9836662e-03;1.1250000e+02;-4.4981249e-02;1.1250000e+02;-9.8857388e-02;1.1250000e+02;-1.5035519e-01;1.1250000e+02;-2.0117064e-01;1.1250000e+02;-1.0387954e-01;1.1250000e+02;-1.1779935e-01;1.1250000e+02;-1.1522678e-01;1.1250000e+02;-9.6235618e-02;1.1250000e+02;-5.8432885e-02;1.1250000e+02;-8.3308574e-04;1.1250000e+02;8.4782019e-02;1.1250000e+02;1.8146306e-01;1.1250000e+02;2.3218596e-01;1.1250000e+02;2.3481993e-01;1.1250000e+02;1.9706719e-01;1.1250000e+02;1.3328478e-01;1.1250000e+02;6.9560319e-02;1.1250000e+02;9.9836662e-03;1.1250000e+02;-4.4981249e-02;1.1250000e+02;-9.8857388e-02;1.1250000e+02;-1.5035519e-01;1.1250000e+02;-2.0117064e-01;1.1250000e+02;-1.0387954e-01;1.1250000e+02;-1.1779935e-01;1.1250000e+02;-1.1522678e-01;1.1250000e+02;-9.6235618e-02;1.1250000e+02;-5.8432885e-02;1.1250000e+02;-8.3308574e-04;1.1250000e+02;8.4782019e-02;1.1250000e+02;1.8146306e-01;1.1250000e+02;2.3218596e-01;1.1250000e+02;2.3481993e-01;1.1250000e+02;1.9706719e-01;1.1250000e+02;1.3328478e-01;1.1250000e+02;6.9560319e-02;1.1250000e+02;9.9836662e-03;1.1250000e+02;-4.4981249e-02;1.1250000e+02;-9.8857388e-02;1.1250000e+02;-1.5035519e-01;1.1250000e+02;-2.0117064e-01;1.1250000e+02;-1.0387954e-01;1.1250000e+02;-1.1779935e-01;1.1250000e+02;-1.1522678e-01;1.1250000e+02;-9.6235618e-02;1.1250000e+02;-5.8432885e-02;1.1250000e+02;-8.3308574e-04;1.1250000e+02;8.4782019e-02;1.1250000e+02;1.8146306e-01;1.1250000e+02;2.3218596e-01;1.1250000e+02;2.3481993e-01;1.1250000e+02;1.9706719e-01;1.1250000e+02;1.3328478e-01;1.1250000e+02;6.9560319e-02;1.1250000e+02;9.9836662e-03;1.1250000e+02;-4.4981249e-02;1.1250000e+02;-9.8857388e-02;1.1250000e+02;-1.5035519e-01;1.1250000e+02;-2.0117064e-01;1.1250000e+02;-1.0387954e-01;1.1250000e+02;-1.1779935e-01;1.1250000e+02;-1.1522678e-01;1.1250000e+02;-9.6235618e-02;1.1250000e+02;-5.8432885e-02;1.1250000e+02;-8.3308574e-04;1.1250000e+02;8.4782019e-02;1.1250000e+02;1.8146306e-01;1.1250000e+02;2.3218596e-01;1.1250000e+02;2.3481993e-01;1.1250000e+02;1.9706719e-01;1.1250000e+02;1.3328478e-01;1.1250000e+02;6.9560319e-02;1.1250000e+02;9.9836662e-03;1.1250000e+02;-4.4981249e-02;1.1250000e+02;-9.8857388e-02;1.1250000e+02;-1.5035519e-01;1.1250000e+02;-2.0117064e-01;1.1250000e+02;-1.0387954e-01;1.1250000e+02;-1.1779935e-01;1.1250000e+02;-1.1522678e-01;1.1250000e+02;-9.6235618e-02;1.1250000e+02;-5.8432885e-02;1.1250000e+02;-8.3308574e-04;1.1250000e+02;8.4782019e-02;1.1250000e+02;1.8146306e-01;1.1250000e+02;2.3218596e-01;1.1250000e+02;2.3481993e-01;1.1250000e+02;1.9706719e-01;1.1250000e+02;1.3328478e-01;1.1250000e+02;6.9560319e-02;1.1250000e+02;9.9836662e-03;1.1250000e+02;-4.4981249e-02;1.1250000e+02;-9.8857388e-02;1.1250000e+02;-1.5035519e-01;1.1250000e+02;-2.0117064e-01;1.1250000e+02;-1.0387954e-01;1.1250000e+02;-1.1779935e-01;1.1250000e+02;-1.1522678e-01;1.1250000e+02;-9.6235618e-02;1.1250000e+02;-5.8432885e-02;1.1250000e+02;-8.3308574e-04;1.1250000e+02;8.4782019e-02;1.1250000e+02;1.8146306e-01;1.1250000e+02;2.3218596e-01;1.1250000e+02;2.3481993e-01;1.1250000e+02;1.9706719e-01;1.1250000e+02;1.3328478e-01;1.1250000e+02;6.9560319e-02;1.1250000e+02;9.9836662e-03;1.1250000e+02;-4.4981249e-02;1.1250000e+02;-9.8857388e-02;1.1250000e+02;-1.5035519e-01;1.1250000e+02;-2.0117064e-01;1.1250000e+02;-1.0387954e-01;1.1250000e+02;-1.1779935e-01;1.1250000e+02;-1.1522678e-01;1.1250000e+02;-9.6235618e-02;1.1250000e+02;-5.8432885e-02;1.1250000e+02;-8.3308574e-04;1.1250000e+02;8.4782019e-02;1.1250000e+02;1.8146306e-01;1.1250000e+02;2.3218596e-01;1.1250000e+02;2.3481993e-01;1.1250000e+02;1.9706719e-01;1.1250000e+02;1.3328478e-01;1.1250000e+02;6.9560319e-02;1.1250000e+02;9.9836662e-03;1.1250000e+02;-4.4981249e-02;1.1250000e+02;-9.8857388e-02;1.1250000e+02;-1.5035519e-01;1.1250000e+02;-2.0117064e-01;1.1250000e+02;-1.0387954e-01;1.1250000e+02;-1.1779935e-01;1.1250000e+02;-1.1522678e-01;1.1250000e+02;-9.6235618e-02;1.1250000e+02;-5.8432885e-02;1.1250000e+02;-8.3308574e-04;1.1250000e+02;8.4782019e-02;1.1250000e+02;1.8146306e-01;1.1250000e+02;2.3218596e-01;1.1250000e+02;2.3481993e-01;1.1250000e+02;1.9706719e-01;1.1250000e+02;1.3328478e-01;1.1250000e+02;6.9560319e-02;1.1250000e+02;9.9836662e-03;1.1250000e+02;-4.4981249e-02;1.1250000e+02;-9.8857388e-02;1.1250000e+02;-1.5035519e-01;1.1250000e+02;-2.0117064e-01;1.1250000e+02;-1.0387954e-01;1.1250000e+02;-1.1779935e-01;1.1250000e+02;-1.1522678e-01;1.1250000e+02;-9.6235618e-02;1.1250000e+02;-5.8432885e-02;1.1250000e+02;-8.3308574e-04;1.1250000e+02;8.4782019e-02;1.1250000e+02;1.8146306e-01;1.1250000e+02;2.3218596e-01;1.1250000e+02;2.3481993e-01;1.1250000e+02;1.9706719e-01;1.1250000e+02;1.3328478e-01;1.1250000e+02;6.9560319e-02;1.1250000e+02;9.9836662e-03;1.1250000e+02;-4.4981249e-02;1.1250000e+02;-9.8857388e-02;1.1250000e+02;-1.5035519e-01;1.1250000e+02;-2.0117064e-01;1.1250000e+02;-1.0387954e-01;1.1250000e+02;-1.1779935e-01;1.1250000e+02;-1.1522678e-01;1.1250000e+02;-9.6235618e-02;1.1250000e+02;-5.8432885e-02;1.1250000e+02;-8.3308574e-04;1.1250000e+02;8.4782019e-02;1.1250000e+02;1.8146306e-01;1.1250000e+02;2.3218596e-01;1.1250000e+02;2.3481993e-01;1.1250000e+02;1.9706719e-01;1.1250000e+02;1.3328478e-01;1.1250000e+02;6.9560319e-02;1.1250000e+02;9.9836662e-03;1.1250000e+02;-4.4981249e-02;1.1250000e+02;-9.8857388e-02;1.1250000e+02;-1.5035519e-01;1.1250000e+02;-2.0117064e-01;1.1250000e+02;-1.0387954e-01;1.1250000e+02;-1.1779935e-01;1.1250000e+02;-1.1522678e-01;1.1250000e+02;-9.6235618e-02;1.1250000e+02;-5.8432885e-02;1.1250000e+02;-8.3308574e-04;1.1250000e+02;8.4782019e-02;1.1250000e+02;1.8146306e-01;1.1250000e+02;2.3218596e-01;1.1250000e+02;2.3481993e-01;1.1250000e+02;1.9706719e-01;1.1250000e+02;1.3328478e-01;1.1250000e+02;6.9560319e-02;1.1250000e+02;9.9836662e-03;1.1250000e+02;-4.4981249e-02;1.1250000e+02;-9.8857388e-02;1.1250000e+02;-1.5035519e-01;1.1250000e+02;-2.0117064e-01;1.1250000e+02;-1.0387954e-01;1.1250000e+02;-1.1779935e-01;1.1250000e+02;-1.1522678e-01;1.1250000e+02;-9.6235618e-02;1.1250000e+02;-5.8432885e-02;1.1250000e+02;-8.3308574e-04;1.1250000e+02;8.4782019e-02;1.1250000e+02;1.8146306e-01;1.1250000e+02;2.3218596e-01;1.1250000e+02;2.3481993e-01;1.1250000e+02;1.9706719e-01;1.1250000e+02;1.3328478e-01;1.1250000e+02;6.9560319e-02;1.1250000e+02;9.9836662e-03;1.1250000e+02;-4.4981249e-02;1.1250000e+02;-9.8857388e-02;1.1250000e+02;-1.5035519e-01;1.1250000e+02;-2.0117064e-01;1.1250000e+02;-1.0387954e-01;1.1250000e+02;-1.1779935e-01;1.1250000e+02;-1.1522678e-01;1.1250000e+02;-9.6235618e-02;1.1250000e+02;-5.8432885e-02;1.1250000e+02;-8.3308574e-04;1.1250000e+02;8.4782019e-02;1.1250000e+02;1.8146306e-01;1.1250000e+02;2.3218596e-01;1.1250000e+02;2.3481993e-01;1.1250000e+02;1.9706719e-01;1.1250000e+02;1.3328478e-01;1.1250000e+02;6.9560319e-02;1.1250000e+02;9.9836662e-03;1.1250000e+02;-4.4981249e-02;1.1250000e+02;-9.8857388e-02;1.1250000e+02;-1.5035519e-01;1.1250000e+02;-2.0117064e-01;1.1250000e+02;-1.0387954e-01;1.1250000e+02;-1.1779935e-01;1.1250000e+02;-1.1522678e-01;1.1250000e+02;-9.6235618e-02;1.1250000e+02;-5.8432885e-02;1.1250000e+02;-8.3308574e-04;1.1250000e+02;8.4782019e-02;1.1250000e+02;1.8146306e-01;1.1250000e+02;2.3218596e-01;1.1250000e+02;2.3481993e-01;1.1250000e+02;1.9706719e-01;1.1250000e+02;1.3328478e-01;1.1250000e+02;6.9560319e-02;1.1250000e+02;9.9836662e-03;1.1250000e+02;-4.4981249e-02;1.1250000e+02;-9.8857388e-02;1.1250000e+02;-1.5035519e-01;1.1250000e+02;-2.0117064e-01;1.1250000e+02;-1.0387954e-01;1.1250000e+02;-1.1779935e-01;1.1250000e+02;-1.1522678e-01;1.1250000e+02;-9.6235618e-02;1.1250000e+02;-5.8432885e-02;1.1250000e+02;-8.3308574e-04;1.1250000e+02;8.4782019e-02;1.1250000e+02;1.8146306e-01;1.1250000e+02;2.3218596e-01;1.1250000e+02;2.3481993e-01;1.1250000e+02;1.9706719e-01;1.1250000e+02;1.3328478e-01;1.1250000e+02;6.9560319e-02;1.1250000e+02;9.9836662e-03;1.1250000e+02;-4.4981249e-02;1.1250000e+02;-9.8857388e-02;1.1250000e+02;-1.5035519e-01;1.1250000e+02;-2.0117064e-01;1.1250000e+02;-1.0387954e-01;1.1250000e+02;-1.1779935e-01;1.1250000e+02;-1.1522678e-01;1.1250000e+02;-9.6235618e-02;1.1250000e+02;-5.8432885e-02;1.1250000e+02;-8.3308574e-04;1.1250000e+02;8.4782019e-02;1.1250000e+02;1.8146306e-01;1.1250000e+02;2.3218596e-01;1.1250000e+02;2.3481993e-01;1.1250000e+02;1.9706719e-01;1.1250000e+02;1.3328478e-01;1.1250000e+02;6.9560319e-02;1.1250000e+02;9.9836662e-03;1.1250000e+02;-4.4981249e-02;1.1250000e+02;-9.8857388e-02;1.1250000e+02;-1.5035519e-01;1.1250000e+02;-2.0117064e-01;1.1250000e+02;-1.0387954e-01;1.1250000e+02;-1.1779935e-01;1.1250000e+02;-1.1522678e-01;1.1250000e+02;-9.6235618e-02;1.1250000e+02;-5.8432885e-02;1.1250000e+02;-8.3308574e-04;1.1250000e+02;8.4782019e-02;1.1250000e+02;1.8146306e-01;1.1250000e+02;2.3218596e-01;1.1250000e+02;2.3481993e-01;1.1250000e+02;1.9706719e-01;1.1250000e+02;1.3328478e-01;1.1250000e+02;6.9560319e-02;1.1250000e+02;9.9836662e-03;1.1250000e+02;-4.4981249e-02;1.1250000e+02;-9.8857388e-02;1.1250000e+02;-1.5035519e-01;1.1250000e+02;-2.0117064e-01;1.1250000e+02;-1.0387954e-01;1.1250000e+02;-1.1779935e-01;1.1250000e+02;-1.1522678e-01;1.1250000e+02;-9.6235618e-02;1.1250000e+02;-5.8432885e-02;1.1250000e+02;-8.3308574e-04;1.1250000e+02;8.4782019e-02;1.1250000e+02;1.8146306e-01;1.1250000e+02;2.3218596e-01;1.1250000e+02;2.3481993e-01;1.1250000e+02;1.9706719e-01;1.1250000e+02;1.3328478e-01;1.1250000e+02;6.9560319e-02;1.1250000e+02;9.9836662e-03;1.1250000e+02;-4.4981249e-02;1.1250000e+02;-9.8857388e-02;1.1250000e+02;-1.5035519e-01;1.1250000e+02;-2.0117064e-01;1.1250000e+02;-1.0387954e-01;1.1250000e+02;-1.1779935e-01;1.1250000e+02;-1.1522678e-01;1.1250000e+02;-9.6235618e-02;1.1250000e+02;-5.8432885e-02;1.1250000e+02;-8.3308574e-04;1.1250000e+02;8.4782019e-02;1.1250000e+02;1.8146306e-01;1.1250000e+02;2.3218596e-01;1.1250000e+02;2.3481993e-01;1.1250000e+02;1.9706719e-01;1.1250000e+02;1.3328478e-01;1.1250000e+02;6.9560319e-02;1.1250000e+02;9.9836662e-03;1.1250000e+02;-4.4981249e-02;1.1250000e+02;-9.8857388e-02;1.1250000e+02;-1.5035519e-01;1.1250000e+02;-2.0117064e-01;1.1250000e+02;-1.0387954e-01;1.1250000e+02;-1.1779935e-01;1.1250000e+02;-1.1522678e-01;1.1250000e+02;-9.6235618e-02;1.1250000e+02;-5.8432885e-02;1.1250000e+02;-8.3308574e-04;1.1250000e+02;8.4782019e-02;1.1250000e+02;1.8146306e-01;1.1250000e+02;2.3218596e-01;1.1250000e+02;2.3481993e-01;1.1250000e+02;1.9706719e-01;1.1250000e+02;1.3328478e-01;1.1250000e+02;6.9560319e-02;1.1250000e+02;9.9836662e-03;1.1250000e+02;-4.4981249e-02;1.1250000e+02;-9.8857388e-02;1.1250000e+02;-1.5035519e-01;1.1250000e+02;-2.0117064e-01;1.1250000e+02;-1.0387954e-01;1.1250000e+02;-1.1779935e-01;1.1250000e+02;-1.1522678e-01;1.1250000e+02;-9.6235618e-02;1.1250000e+02;-5.8432885e-02;1.1250000e+02;-8.3308574e-04;1.1250000e+02;8.4782019e-02;1.1250000e+02;1.8146306e-01;1.1250000e+02;2.3218596e-01;1.1250000e+02;2.3481993e-01;1.1250000e+02;1.9706719e-01;1.1250000e+02;1.3328478e-01;1.1250000e+02;6.9560319e-02;1.1250000e+02;9.9836662e-03;1.1250000e+02;-4.4981249e-02;1.1250000e+02;-9.8857388e-02;1.1250000e+02;-1.5035519e-01;1.1250000e+02;-2.0117064e-01;1.1250000e+02;-1.0387954e-01;1.1250000e+02;-1.1779935e-01;1.1250000e+02;-1.1522678e-01;1.1250000e+02;-9.6235618e-02;1.1250000e+02;-5.8432885e-02;1.1250000e+02;-8.3308574e-04;1.1250000e+02;8.4782019e-02;1.1250000e+02;1.8146306e-01;1.1250000e+02;2.3218596e-01;1.1250000e+02;2.3481993e-01;1.1250000e+02;1.9706719e-01;1.1250000e+02;1.3328478e-01;1.1250000e+02;6.9560319e-02;1.1250000e+02;9.9836662e-03;1.1250000e+02;-4.4981249e-02;1.1250000e+02;-9.8857388e-02;1.1250000e+02;-1.5035519e-01;1.1250000e+02;-2.0117064e-01;1.1250000e+02;-1.0387954e-01;1.1250000e+02;-1.1779935e-01;1.1250000e+02;-1.1522678e-01;1.1250000e+02;-9.6235618e-02;1.1250000e+02;-5.8432885e-02;1.1250000e+02;-8.3308574e-04;1.1250000e+02;8.4782019e-02;1.1250000e+02;1.8146306e-01;1.1250000e+02;2.3218596e-01;1.1250000e+02;2.3481993e-01;1.1250000e+02;1.9706719e-01;1.1250000e+02;1.3328478e-01;1.1250000e+02;6.9560319e-02;1.1250000e+02;9.9836662e-03;1.1250000e+02;-4.4981249e-02;1.1250000e+02;-9.8857388e-02;1.1250000e+02;-1.5035519e-01;1.1250000e+02;-2.0117064e-01;1.1250000e+02;-1.0387954e-01;1.1250000e+02;-1.1779935e-01;1.1250000e+02;-1.1522678e-01;1.1250000e+02;-9.6235618e-02;1.1250000e+02;-5.8432885e-02;1.1250000e+02;-8.3308574e-04;1.1250000e+02;8.4782019e-02;1.1250000e+02;1.8146306e-01;1.1250000e+02;2.3218596e-01;1.1250000e+02;2.3481993e-01;1.1250000e+02;1.9706719e-01;1.1250000e+02;1.3328478e-01;1.1250000e+02;6.9560319e-02;1.1250000e+02;9.9836662e-03;1.1250000e+02;-4.4981249e-02;1.1250000e+02;-9.8857388e-02;1.1250000e+02;-1.5035519e-01;1.1250000e+02;-2.0117064e-01;1.1250000e+02;-1.0387954e-01;1.1250000e+02;-1.1779935e-01;1.1250000e+02;-1.1522678e-01;1.1250000e+02;-9.6235618e-02;1.1250000e+02;-5.8432885e-02;1.1250000e+02;-8.3308574e-04;1.1250000e+02;8.4782019e-02;1.1250000e+02;1.8146306e-01;1.1250000e+02;2.3218596e-01;1.1250000e+02;2.3481993e-01;1.1250000e+02;1.9706719e-01;1.1250000e+02;1.3328478e-01;1.1250000e+02;6.9560319e-02;1.1250000e+02;9.9836662e-03;1.1250000e+02;-4.4981249e-02;1.1250000e+02;-9.8857388e-02;1.1250000e+02;-1.5035519e-01;1.1250000e+02;-2.0117064e-01;1.1250000e+02;-1.0387954e-01;1.1250000e+02;-1.1779935e-01;1.1250000e+02;-1.1522678e-01;1.1250000e+02;-9.6235618e-02;1.1250000e+02;-5.8432885e-02;1.1250000e+02;-8.3308574e-04;1.1250000e+02;8.4782019e-02;1.1250000e+02;1.8146306e-01;1.1250000e+02;2.3218596e-01;1.1250000e+02;2.3481993e-01;1.1250000e+02;1.9706719e-01;1.1250000e+02;1.3328478e-01;1.1250000e+02;6.9560319e-02;1.1250000e+02;9.9836662e-03;1.1250000e+02;-4.4981249e-02;1.1250000e+02;-9.8857388e-02;1.1250000e+02;-1.5035519e-01;1.1250000e+02;-2.0117064e-01;1.1250000e+02;-1.0387954e-01;1.1250000e+02;-1.1779935e-01;1.1250000e+02;-1.1522678e-01;1.1250000e+02;-9.6235618e-02;1.1250000e+02;-5.8432885e-02;1.1250000e+02;-8.3308574e-04;1.1250000e+02;8.4782019e-02;1.1250000e+02;1.8146306e-01;1.1250000e+02;2.3218596e-01;1.1250000e+02;2.3481993e-01;1.1250000e+02;1.9706719e-01;1.1250000e+02;1.3328478e-01;1.1250000e+02;6.9560319e-02;1.1250000e+02;9.9836662e-03;1.1250000e+02;-4.4981249e-02;1.1250000e+02;-9.8857388e-02;1.1250000e+02;-1.5035519e-01;1.1250000e+02;-2.0117064e-01;1.1250000e+02;-1.0387954e-01;1.1250000e+02;-1.1779935e-01;1.1250000e+02;-1.1522678e-01;1.1250000e+02;-9.6235618e-02;1.1250000e+02;-5.8432885e-02;1.1250000e+02;-8.3308574e-04;1.1250000e+02;8.4782019e-02;1.1250000e+02;1.8146306e-01;1.1250000e+02;2.3218596e-01;1.1250000e+02;2.3481993e-01;1.1250000e+02;1.9706719e-01;1.1250000e+02;1.3328478e-01;1.1250000e+02;6.9560319e-02;1.1250000e+02;9.9836662e-03;1.1250000e+02;-4.4981249e-02;1.1250000e+02;-9.8857388e-02;1.1250000e+02;-1.5035519e-01;1.1250000e+02;-2.0117064e-01;1.1250000e+02;-1.0387954e-01;1.1250000e+02;-1.1779935e-01;1.1250000e+02;-1.1522678e-01;1.1250000e+02;-9.6235618e-02;1.1250000e+02;-5.8432885e-02;1.1250000e+02;-8.3308574e-04;1.1250000e+02;8.4782019e-02;1.1250000e+02;1.8146306e-01;1.1250000e+02;2.3218596e-01;1.1250000e+02;2.3481993e-01;1.1250000e+02;1.9706719e-01;1.1250000e+02;1.3328478e-01;1.1250000e+02;6.9560319e-02;1.1250000e+02;9.9836662e-03;1.1250000e+02;-4.4981249e-02;1.1250000e+02;-9.8857388e-02;1.1250000e+02;-1.5035519e-01;1.1250000e+02;-2.0117064e-01;1.1250000e+02;-1.0387954e-01;1.1250000e+02;-1.1779935e-01;1.1250000e+02;-1.1522678e-01;1.1250000e+02;-9.6235618e-02;1.1250000e+02;-5.8432885e-02;1.1250000e+02;-8.3308574e-04;1.1250000e+02;8.4782019e-02;1.1250000e+02;1.8146306e-01;1.1250000e+02;2.3218596e-01;1.1250000e+02;2.3481993e-01;1.1250000e+02;1.9706719e-01;1.1250000e+02;1.3328478e-01;1.1250000e+02;6.9560319e-02;1.1250000e+02;9.9836662e-03;1.1250000e+02;-4.4981249e-02;1.1250000e+02;-9.8857388e-02;1.1250000e+02;-1.5035519e-01;1.1250000e+02;-2.0117064e-01;1.1250000e+02;-1.0387954e-01;1.1250000e+02;-1.1779935e-01;1.1250000e+02;-1.1522678e-01;1.1250000e+02;-9.6235618e-02;1.1250000e+02;-5.8432885e-02;1.1250000e+02;-8.3308574e-04;1.1250000e+02;8.4782019e-02;1.1250000e+02;1.8146306e-01;1.1250000e+02;2.3218596e-01;1.1250000e+02;2.3481993e-01;1.1250000e+02;1.9706719e-01;1.1250000e+02;1.3328478e-01;1.1250000e+02;6.9560319e-02;1.1250000e+02;9.9836662e-03;1.1250000e+02;-4.4981249e-02;1.1250000e+02;-9.8857388e-02;1.1250000e+02;-1.5035519e-01;1.1250000e+02;-2.0117064e-01;1.1250000e+02;-1.0387954e-01;1.1250000e+02;-1.1779935e-01;1.1250000e+02;-1.1522678e-01;1.1250000e+02;-9.6235618e-02;1.1250000e+02;-5.8432885e-02;1.1250000e+02;-8.3308574e-04;1.1250000e+02;8.4782019e-02;1.1250000e+02;1.8146306e-01;1.1250000e+02;2.3218596e-01;1.1250000e+02;2.3481993e-01;1.1250000e+02;1.9706719e-01;1.1250000e+02;1.3328478e-01;1.1250000e+02;6.9560319e-02;1.1250000e+02;9.9836662e-03;1.1250000e+02;-4.4981249e-02;1.1250000e+02;-9.8857388e-02;1.1250000e+02;-1.5035519e-01;1.1250000e+02;-2.0117064e-01;1.1250000e+02;-1.0387954e-01;1.1250000e+02;-1.1779935e-01;1.1250000e+02;-1.1522678e-01;1.1250000e+02;-9.6235618e-02;1.1250000e+02;-5.8432885e-02;1.1250000e+02;-8.3308574e-04;1.1250000e+02;8.4782019e-02;1.1250000e+02;1.8146306e-01;1.1250000e+02;2.3218596e-01;1.1250000e+02;2.3481993e-01;1.1250000e+02;1.9706719e-01;1.1250000e+02;1.3328478e-01;1.1250000e+02;6.9560319e-02;1.1250000e+02;9.9836662e-03;1.1250000e+02;-4.4981249e-02;1.1250000e+02;-9.8857388e-02;1.1250000e+02;-1.5035519e-01;1.1250000e+02;-2.0117064e-01;1.1250000e+02;-1.0387954e-01;1.1250000e+02;-1.1779935e-01;1.1250000e+02;-1.1522678e-01;1.1250000e+02;-9.6235618e-02;1.1250000e+02;-5.8432885e-02;1.1250000e+02;-8.3308574e-04;1.1250000e+02;8.4782019e-02;1.1250000e+02;1.8146306e-01;1.1250000e+02;2.3218596e-01;1.1250000e+02;2.3481993e-01;1.1250000e+02;1.9706719e-01;1.1250000e+02;1.3328478e-01;1.1250000e+02;6.9560319e-02;1.1250000e+02;9.9836662e-03;1.1250000e+02;-4.4981249e-02;1.1250000e+02;-9.8857388e-02;1.1250000e+02;-1.5035519e-01;1.1250000e+02;-2.0117064e-01;1.1250000e+02;-1.0387954e-01;1.1250000e+02;-1.1779935e-01;1.1250000e+02;-1.1522678e-01;1.1250000e+02;-9.6235618e-02;1.1250000e+02;-5.8432885e-02;1.1250000e+02;-8.3308574e-04;1.1250000e+02;8.4782019e-02;1.1250000e+02;1.8146306e-01;1.1250000e+02;2.3218596e-01;1.1250000e+02;2.3481993e-01;1.1250000e+02;1.9706719e-01;1.1250000e+02;1.3328478e-01;1.1250000e+02;6.9560319e-02;1.1250000e+02;9.9836662e-03;1.1250000e+02;-4.4981249e-02;1.1250000e+02;-9.8857388e-02;1.1250000e+02;-1.5035519e-01;1.1250000e+02;-2.0117064e-01;1.1250000e+02;-1.0387954e-01;1.1250000e+02;-1.1779935e-01;1.1250000e+02;-1.1522678e-01;1.1250000e+02;-9.6235618e-02;1.1250000e+02;-5.8432885e-02;1.1250000e+02;-8.3308574e-04;1.1250000e+02;8.4782019e-02;1.1250000e+02;1.8146306e-01;1.1250000e+02;2.3218596e-01;1.1250000e+02;2.3481993e-01;1.1250000e+02;1.9706719e-01;1.1250000e+02;1.3328478e-01;1.1250000e+02;6.9560319e-02;1.1250000e+02;9.9836662e-03;1.1250000e+02;-4.4981249e-02;1.1250000e+02;-9.8857388e-02;1.1250000e+02;-1.5035519e-01;1.1250000e+02;-2.0117064e-01;1.1250000e+02;-1.0387954e-01;1.1250000e+02;-1.1779935e-01;1.1250000e+02;-1.1522678e-01;1.1250000e+02;-9.6235618e-02;1.1250000e+02;-5.8432885e-02;1.1250000e+02;-8.3308574e-04;1.1250000e+02;8.4782019e-02;1.1250000e+02;1.8146306e-01;1.1250000e+02;2.3218596e-01;1.1250000e+02;2.3481993e-01;1.1250000e+02;1.9706719e-01;1.1250000e+02;1.3328478e-01;1.1250000e+02;6.9560319e-02;1.1250000e+02;9.9836662e-03;1.1250000e+02;-4.4981249e-02;1.1250000e+02;-9.8857388e-02;1.1250000e+02;-1.5035519e-01;1.1250000e+02;-2.0117064e-01;1.1250000e+02;-1.0387954e-01;1.1250000e+02;-1.1779935e-01;1.1250000e+02;-1.1522678e-01;1.1250000e+02;-9.6235618e-02;1.1250000e+02;-5.8432885e-02;1.1250000e+02;-8.3308574e-04;1.1250000e+02;8.4782019e-02;1.1250000e+02;1.8146306e-01;1.1250000e+02;2.3218596e-01;1.1250000e+02;2.3481993e-01;1.1250000e+02;1.9706719e-01;1.1250000e+02;1.3328478e-01;1.1250000e+02;6.9560319e-02;1.1250000e+02;9.9836662e-03;1.1250000e+02;-4.4981249e-02;1.1250000e+02;-9.8857388e-02;1.1250000e+02;-1.5035519e-01;1.1250000e+02;-2.0117064e-01;1.1250000e+02;-1.0387954e-01;1.1250000e+02;-1.1779935e-01;1.1250000e+02;-1.1522678e-01;1.1250000e+02;-9.6235618e-02;1.1250000e+02;-5.8432885e-02;1.1250000e+02;-8.3308574e-04;1.1250000e+02;8.4782019e-02;1.1250000e+02;1.8146306e-01;1.1250000e+02;2.3218596e-01;1.1250000e+02;2.3481993e-01;1.1250000e+02;1.9706719e-01;1.1250000e+02;1.3328478e-01;1.1250000e+02;6.9560319e-02;1.1250000e+02;9.9836662e-03;1.1250000e+02;-4.4981249e-02;1.1250000e+02;-9.8857388e-02;1.1250000e+02;-1.5035519e-01;1.1250000e+02;-2.0117064e-01;1.1250000e+02;-1.0387954e-01;1.1250000e+02;-1.1779935e-01;1.1250000e+02;-1.1522678e-01;1.1250000e+02;-9.6235618e-02;1.1250000e+02;-5.8432885e-02;1.1250000e+02;-8.3308574e-04;1.1250000e+02;8.4782019e-02;1.1250000e+02;1.8146306e-01;1.1250000e+02;2.3218596e-01;1.1250000e+02;2.3481993e-01;1.1250000e+02;1.9706719e-01;1.1250000e+02;1.3328478e-01;1.1250000e+02;6.9560319e-02;1.1250000e+02;9.9836662e-03;1.1250000e+02;-4.4981249e-02;1.1250000e+02;-9.8857388e-02;1.1250000e+02;-1.5035519e-01;1.1250000e+02;-2.0117064e-01;1.1250000e+02;-1.0387954e-01;1.1250000e+02;-1.1779935e-01;1.1250000e+02;-1.1522678e-01;1.1250000e+02;-9.6235618e-02;1.1250000e+02;-5.8432885e-02;1.1250000e+02;-8.3308574e-04;1.1250000e+02;8.4782019e-02;1.1250000e+02;1.8146306e-01;1.1250000e+02;2.3218596e-01;1.1250000e+02;2.3481993e-01;1.1250000e+02;1.9706719e-01;1.1250000e+02;1.3328478e-01;1.1250000e+02;6.9560319e-02;1.1250000e+02;9.9836662e-03;1.1250000e+02;-4.4981249e-02;1.1250000e+02;-9.8857388e-02;1.1250000e+02;-1.5035519e-01;1.1250000e+02;-2.0117064e-01;1.1250000e+02;-1.0387954e-01;1.1250000e+02;-1.1779935e-01;1.1250000e+02;-1.1522678e-01;1.1250000e+02;-9.6235618e-02;1.1250000e+02;-5.8432885e-02;1.1250000e+02;-8.3308574e-04;1.1250000e+02;8.4782019e-02;1.1250000e+02;1.8146306e-01;1.1250000e+02;2.3218596e-01;1.1250000e+02;2.3481993e-01;1.1250000e+02;1.9706719e-01;1.1250000e+02;1.3328478e-01;1.1250000e+02;6.9560319e-02;1.1250000e+02;9.9836662e-03;1.1250000e+02;-4.4981249e-02;1.1250000e+02;-9.8857388e-02;1.1250000e+02;-1.5035519e-01;1.1250000e+02;-2.0117064e-01;1.1250000e+02;-1.0387954e-01;1.1250000e+02;-1.1779935e-01;1.1250000e+02;-1.1522678e-01;1.1250000e+02;-9.6235618e-02;1.1250000e+02;-5.8432885e-02;1.1250000e+02;-8.3308574e-04;1.1250000e+02;8.4782019e-02;1.1250000e+02;1.8146306e-01;1.1250000e+02;2.3218596e-01;1.1250000e+02;2.3481993e-01;1.1250000e+02;1.9706719e-01;1.1250000e+02;1.3328478e-01;1.1250000e+02;6.9560319e-02;1.1250000e+02;9.9836662e-03;1.1250000e+02;-4.4981249e-02;1.1250000e+02;-9.8857388e-02;1.1250000e+02;-1.5035519e-01;1.1250000e+02;-2.0117064e-01;1.1250000e+02;-1.0387954e-01;1.1250000e+02;-1.1779935e-01;1.1250000e+02;-1.1522678e-01;1.1250000e+02;-9.6235618e-02;1.1250000e+02;-5.8432885e-02;1.1250000e+02;-8.3308574e-04;1.1250000e+02;8.4782019e-02;1.1250000e+02;1.8146306e-01;1.1250000e+02;2.3218596e-01;1.1250000e+02;2.3481993e-01;1.1250000e+02;1.9706719e-01;1.1250000e+02;1.3328478e-01;1.1250000e+02;6.9560319e-02;1.1250000e+02;9.9836662e-03;1.1250000e+02;-4.4981249e-02;1.1250000e+02;-9.8857388e-02;1.1250000e+02;-1.5035519e-01;1.1250000e+02;-2.0117064e-01;1.1250000e+02;-1.0387954e-01;1.1250000e+02;-1.1779935e-01;1.1250000e+02;-1.1522678e-01;1.1250000e+02;-9.6235618e-02;1.1250000e+02;-5.8432885e-02;1.1250000e+02;-8.3308574e-04;1.1250000e+02;8.4782019e-02;1.1250000e+02;1.8146306e-01;1.1250000e+02;2.3218596e-01;1.1250000e+02;2.3481993e-01;1.1250000e+02;1.9706719e-01;1.1250000e+02;1.3328478e-01;1.1250000e+02;6.9560319e-02;1.1250000e+02;9.9836662e-03;1.1250000e+02;-4.4981249e-02;1.1250000e+02;-9.8857388e-02;1.1250000e+02;-1.5035519e-01;1.1250000e+02;-2.0117064e-01;1.1250000e+02;-1.0387954e-01;1.1250000e+02;-1.1779935e-01;1.1250000e+02;-1.1522678e-01;1.1250000e+02;-9.6235618e-02;1.1250000e+02;-5.8432885e-02;1.1250000e+02;-8.3308574e-04;1.1250000e+02;8.4782019e-02;1.1250000e+02;1.8146306e-01;1.1250000e+02;2.3218596e-01;1.1250000e+02;2.3481993e-01;1.1250000e+02;1.9706719e-01;1.1250000e+02;1.3328478e-01;1.1250000e+02;6.9560319e-02;1.1250000e+02;9.9836662e-03;1.1250000e+02;-4.4981249e-02;1.1250000e+02;-9.8857388e-02;1.1250000e+02;-1.5035519e-01;1.1250000e+02;-2.0117064e-01;1.1250000e+02;-1.0387954e-01;1.1250000e+02;-1.1779935e-01;1.1250000e+02;-1.1522678e-01;1.1250000e+02;-9.6235618e-02;1.1250000e+02;-5.8432885e-02;1.1250000e+02;-8.3308574e-04;1.1250000e+02;8.4782019e-02;1.1250000e+02;1.8146306e-01;1.1250000e+02;2.3218596e-01;1.1250000e+02;2.3481993e-01;1.1250000e+02;1.9706719e-01;1.1250000e+02;1.3328478e-01;1.1250000e+02;6.9560319e-02;1.1250000e+02;9.9836662e-03;1.1250000e+02;-4.4981249e-02;1.1250000e+02;-9.8857388e-02;1.1250000e+02;-1.5035519e-01;1.1250000e+02;-2.0117064e-01;1.1250000e+02;-1.0387954e-01;1.1250000e+02;-1.1779935e-01;1.1250000e+02;-1.1522678e-01;1.1250000e+02;-9.6235618e-02;1.1250000e+02;-5.8432885e-02;1.1250000e+02;-8.3308574e-04;1.1250000e+02;8.4782019e-02;1.1250000e+02;1.8146306e-01;1.1250000e+02;2.3218596e-01;1.1250000e+02;2.3481993e-01;1.1250000e+02;1.9706719e-01;1.1250000e+02;1.3328478e-01;1.1250000e+02;6.9560319e-02;1.1250000e+02;9.9836662e-03;1.1250000e+02;-4.4981249e-02;1.1250000e+02;-9.8857388e-02;1.1250000e+02;-1.5035519e-01;1.1250000e+02;-2.0117064e-01;1.1250000e+02;-1.0387954e-01;1.1250000e+02;-1.1779935e-01;1.1250000e+02;-1.1522678e-01;1.1250000e+02;-9.6235618e-02;1.1250000e+02;-5.8432885e-02;1.1250000e+02;-8.3308574e-04;1.1250000e+02;8.4782019e-02;1.1250000e+02;1.8146306e-01;1.1250000e+02;2.3218596e-01;1.1250000e+02;2.3481993e-01;1.1250000e+02;1.9706719e-01;1.1250000e+02;1.3328478e-01;1.1250000e+02;6.9560319e-02;1.1250000e+02;9.9836662e-03;1.1250000e+02;-4.4981249e-02;1.1250000e+02;-9.8857388e-02;1.1250000e+02;-1.5035519e-01;1.1250000e+02;-2.0117064e-01;1.1250000e+02;-1.0387954e-01;1.1250000e+02;-1.1779935e-01;1.1250000e+02;-1.1522678e-01;1.1250000e+02;-9.6235618e-02;1.1250000e+02;-5.8432885e-02;1.1250000e+02;-8.3308574e-04;1.1250000e+02;8.4782019e-02;1.1250000e+02;1.8146306e-01;1.1250000e+02;2.3218596e-01;1.1250000e+02;2.3481993e-01;1.1250000e+02;1.9706719e-01;1.1250000e+02;1.3328478e-01;1.1250000e+02;6.9560319e-02;1.1250000e+02;9.9836662e-03;1.1250000e+02;-4.4981249e-02;1.1250000e+02;-9.8857388e-02;1.1250000e+02;-1.5035519e-01;1.1250000e+02;-2.0117064e-01;1.1250000e+02;-1.0387954e-01;1.1250000e+02;-1.1779935e-01;1.1250000e+02;-1.1522678e-01;1.1250000e+02;-9.6235618e-02;1.1250000e+02;-5.8432885e-02;1.1250000e+02;-8.3308574e-04;1.1250000e+02;8.4782019e-02;1.1250000e+02;1.8146306e-01;1.1250000e+02;2.3218596e-01;1.1250000e+02;2.3481993e-01;1.1250000e+02;1.9706719e-01;1.1250000e+02;1.3328478e-01;1.1250000e+02;6.9560319e-02;1.1250000e+02;9.9836662e-03;1.1250000e+02;-4.4981249e-02;1.1250000e+02;-9.8857388e-02;1.1250000e+02;-1.5035519e-01;1.1250000e+02;-2.0117064e-01;1.1250000e+02;-1.0387954e-01;1.1250000e+02;-1.1779935e-01;1.1250000e+02;-1.1522678e-01;1.1250000e+02;-9.6235618e-02;1.1250000e+02;-5.8432885e-02;1.1250000e+02;-8.3308574e-04;1.1250000e+02;8.4782019e-02;1.1250000e+02;1.8146306e-01;1.1250000e+02;2.3218596e-01;1.1250000e+02;2.3481993e-01;1.1250000e+02;1.9706719e-01;1.1250000e+02;1.3328478e-01;1.1250000e+02;6.9560319e-02;1.1250000e+02;9.9836662e-03;1.1250000e+02;-4.4981249e-02;1.1250000e+02;-9.8857388e-02;1.1250000e+02;-1.5035519e-01;1.1250000e+02;-2.0117064e-01;1.1250000e+02;-1.0387954e-01;1.1250000e+02;-1.1779935e-01;1.1250000e+02;-1.1522678e-01;1.1250000e+02;-9.6235618e-02;1.1250000e+02;-5.8432885e-02;1.1250000e+02;-8.3308574e-04;1.1250000e+02;8.4782019e-02;1.1250000e+02;1.8146306e-01;1.1250000e+02;2.3218596e-01;1.1250000e+02;2.3481993e-01;1.1250000e+02;1.9706719e-01;1.1250000e+02;1.3328478e-01;1.1250000e+02;6.9560319e-02;1.1250000e+02;9.9836662e-03;1.1250000e+02;-4.4981249e-02;1.1250000e+02;-9.8857388e-02;1.1250000e+02;-1.5035519e-01;1.1250000e+02;-2.0117064e-01;1.1250000e+02;-1.0387954e-01;1.1250000e+02;-1.1779935e-01;1.1250000e+02;-1.1522678e-01;1.1250000e+02;-9.6235618e-02;1.1250000e+02;-5.8432885e-02;1.1250000e+02;-8.3308574e-04;1.1250000e+02;8.4782019e-02;1.1250000e+02;1.8146306e-01;1.1250000e+02;2.3218596e-01;1.1250000e+02;2.3481993e-01;1.1250000e+02;1.9706719e-01;1.1250000e+02;1.3328478e-01;1.1250000e+02;6.9560319e-02;1.1250000e+02;9.9836662e-03;1.1250000e+02;-4.4981249e-02;1.1250000e+02;-9.8857388e-02;1.1250000e+02;-1.5035519e-01;1.1250000e+02;-2.0117064e-01;1.1250000e+02;-1.0387954e-01;1.1250000e+02;-1.1779935e-01;1.1250000e+02;-1.1522678e-01;1.1250000e+02;-9.6235618e-02;1.1250000e+02;-5.8432885e-02;1.1250000e+02;-8.3308574e-04;1.1250000e+02;8.4782019e-02;1.1250000e+02;1.8146306e-01;1.1250000e+02;2.3218596e-01;1.1250000e+02;2.3481993e-01;1.1250000e+02;1.9706719e-01;1.1250000e+02;1.3328478e-01;1.1250000e+02;6.9560319e-02;1.1250000e+02;9.9836662e-03;1.1250000e+02;-4.4981249e-02;1.1250000e+02;-9.8857388e-02;1.1250000e+02;-1.5035519e-01;1.1250000e+02;-2.0117064e-01;1.1250000e+02;-1.0387954e-01;1.1250000e+02;-1.1779935e-01;1.1250000e+02;-1.1522678e-01;1.1250000e+02;-9.6235618e-02;1.1250000e+02;-5.8432885e-02;1.1250000e+02;-8.3308574e-04;1.1250000e+02;8.4782019e-02;1.1250000e+02;1.8146306e-01;1.1250000e+02;2.3218596e-01;1.1250000e+02;2.3481993e-01;1.1250000e+02;1.9706719e-01;1.1250000e+02;1.3328478e-01;1.1250000e+02;6.9560319e-02;1.1250000e+02;9.9836662e-03;1.1250000e+02;-4.4981249e-02;1.1250000e+02;-9.8857388e-02;1.1250000e+02;-1.5035519e-01;1.1250000e+02;-2.0117064e-01;1.1250000e+02;-1.0387954e-01;1.1250000e+02;-1.1779935e-01;1.1250000e+02;-1.1522678e-01;1.1250000e+02;-9.6235618e-02;1.1250000e+02;-5.8432885e-02;1.1250000e+02;-8.3308574e-04;1.1250000e+02;8.4782019e-02;1.1250000e+02;1.8146306e-01;1.1250000e+02;2.3218596e-01;1.1250000e+02;2.3481993e-01;1.1250000e+02;1.9706719e-01;1.1250000e+02;1.3328478e-01;1.1250000e+02;6.9560319e-02;1.1250000e+02;9.9836662e-03;1.1250000e+02;-4.4981249e-02;1.1250000e+02;-9.8857388e-02;1.1250000e+02;-1.5035519e-01;1.1250000e+02;-2.0117064e-01;1.1250000e+02;-1.0387954e-01;1.1250000e+02;-1.1779935e-01;1.1250000e+02;-1.1522678e-01;1.1250000e+02;-9.6235618e-02;1.1250000e+02;-5.8432885e-02;1.1250000e+02;-8.3308574e-04;1.1250000e+02;8.4782019e-02;1.1250000e+02;1.8146306e-01;1.1250000e+02;2.3218596e-01;1.1250000e+02;2.3481993e-01;1.1250000e+02;1.9706719e-01;1.1250000e+02;1.3328478e-01;1.1250000e+02;6.9560319e-02;1.1250000e+02;9.9836662e-03;1.1250000e+02;-4.4981249e-02;1.1250000e+02;-9.8857388e-02;1.1250000e+02;-1.5035519e-01;1.1250000e+02;-2.0117064e-01;1.1250000e+02;-1.0387954e-01;1.1250000e+02;-1.1779935e-01;1.1250000e+02;-1.1522678e-01;1.1250000e+02;-9.6235618e-02;1.1250000e+02;-5.8432885e-02;1.1250000e+02;-8.3308574e-04;1.1250000e+02;8.4782019e-02;1.1250000e+02;1.8146306e-01;1.1250000e+02;2.3218596e-01;1.1250000e+02;2.3481993e-01;1.1250000e+02;1.9706719e-01;1.1250000e+02;1.3328478e-01;1.1250000e+02;6.9560319e-02;1.1250000e+02;9.9836662e-03;1.1250000e+02;-4.4981249e-02;1.1250000e+02;-9.8857388e-02;1.1250000e+02;-1.5035519e-01;1.1250000e+02;-2.0117064e-01;1.1250000e+02;-1.0387954e-01;1.1250000e+02;-1.1779935e-01;1.1250000e+02;-1.1522678e-01;1.1250000e+02;-9.6235618e-02;1.1250000e+02;-5.8432885e-02;1.1250000e+02;-8.3308574e-04;1.1250000e+02;8.4782019e-02;1.1250000e+02;1.8146306e-01;1.1250000e+02;2.3218596e-01;1.1250000e+02;2.3481993e-01;1.1250000e+02;1.9706719e-01;1.1250000e+02;1.3328478e-01;1.1250000e+02;6.9560319e-02;1.1250000e+02;9.9836662e-03;1.1250000e+02;-4.4981249e-02;1.1250000e+02;-9.8857388e-02;1.1250000e+02;-1.5035519e-01;1.1250000e+02;-2.0117064e-01;1.1250000e+02;-1.0387954e-01;1.1250000e+02;-1.1779935e-01;1.1250000e+02;-1.1522678e-01;1.1250000e+02;-9.6235618e-02;1.1250000e+02;-5.8432885e-02;1.1250000e+02;-8.3308574e-04;1.1250000e+02;8.4782019e-02;1.1250000e+02;1.8146306e-01;1.1250000e+02;2.3218596e-01;1.1250000e+02;2.3481993e-01;1.1250000e+02;1.9706719e-01;1.1250000e+02;1.3328478e-01;1.1250000e+02;6.9560319e-02;1.1250000e+02;9.9836662e-03;1.1250000e+02;-4.4981249e-02;1.1250000e+02;-9.8857388e-02;1.1250000e+02;-1.5035519e-01;1.1250000e+02;-2.0117064e-01;1.1250000e+02;-1.0387954e-01;1.1250000e+02;-1.1779935e-01;1.1250000e+02;-1.1522678e-01;1.1250000e+02;-9.6235618e-02;1.1250000e+02;-5.8432885e-02;1.1250000e+02;-8.3308574e-04;1.1250000e+02;8.4782019e-02;1.1250000e+02;1.8146306e-01;1.1250000e+02;2.3218596e-01;1.1250000e+02;2.3481993e-01;1.1250000e+02;1.9706719e-01;1.1250000e+02;1.3328478e-01;1.1250000e+02;6.9560319e-02;1.1250000e+02;9.9836662e-03;1.1250000e+02;-4.4981249e-02;1.1250000e+02;-9.8857388e-02;1.1250000e+02;-1.5035519e-01;1.1250000e+02;-2.0117064e-01;1.1250000e+02;-1.0387954e-01;1.1250000e+02;-1.1779935e-01;1.1250000e+02;-1.1522678e-01;1.1250000e+02;-9.6235618e-02;1.1250000e+02;-5.8432885e-02;1.1250000e+02;-8.3308574e-04;1.1250000e+02;8.4782019e-02;1.1250000e+02;1.8146306e-01;1.1250000e+02;2.3218596e-01;1.1250000e+02;2.3481993e-01;1.1250000e+02;1.9706719e-01;1.1250000e+02;1.3328478e-01;1.1250000e+02;6.9560319e-02;1.1250000e+02;9.9836662e-03;1.1250000e+02;-4.4981249e-02;1.1250000e+02;-9.8857388e-02;1.1250000e+02;-1.5035519e-01;1.1250000e+02;-2.0117064e-01;1.1250000e+02;-1.0387954e-01;1.1250000e+02;-1.1779935e-01;1.1250000e+02;-1.1522678e-01;1.1250000e+02;-9.6235618e-02;1.1250000e+02;-5.8432885e-02;1.1250000e+02;-8.3308574e-04;1.1250000e+02;8.4782019e-02;1.1250000e+02;1.8146306e-01;1.1250000e+02;2.3218596e-01;1.1250000e+02;2.3481993e-01;1.1250000e+02;1.9706719e-01;1.1250000e+02;1.3328478e-01;1.1250000e+02;6.9560319e-02;1.1250000e+02;9.9836662e-03;1.1250000e+02;-4.4981249e-02;1.1250000e+02;-9.8857388e-02;1.1250000e+02;-1.5035519e-01;1.1250000e+02;-2.0117064e-01
1.1750000e+02;-1.0614167e-01;1.1750000e+02;-1.2314235e-01;1.1750000e+02;-1.2292326e-01;1.1750000e+02;-1.0418698e-01;1.1750000e+02;-6.5763354e-02;1.1750000e+02;-5.4145912e-03;1.1750000e+02;8.4816173e-02;1.1750000e+02;1.7021379e-01;1.1750000e+02;2.1260849e-01;1.1750000e+02;2.1833721e-01;1.1750000e+02;1.9144233e-01;1.1750000e+02;1.3477692e-01;1.1750000e+02;7.5566463e-02;1.1750000e+02;1.8534847e-02;1.1750000e+02;-3.5598636e-02;1.1750000e+02;-8.7139346e-02;1.1750000e+02;-1.3762324e-01;1.1750000e+02;-1.8882567e-01;1.1750000e+02;-1.0614167e-01;1.1750000e+02;-1.2314235e-01;1.1750000e+02;-1.2292326e-01;1.1750000e+02;-1.0418698e-01;1.1750000e+02;-6.5763354e-02;1.1750000e+02;-5.4145912e-03;1.1750000e+02;8.4816173e-02;1.1750000e+02;1.7021379e-01;1.1750000e+02;2.1260849e-01;1.1750000e+02;2.1833721e-01;1.1750000e+02;1.9144233e-01;1.1750000e+02;1.3477692e-01;1.1750000e+02;7.5566463e-02;1.1750000e+02;1.8534847e-02;1.1750000e+02;-3.5598636e-02;1.1750000e+02;-8.7139346e-02;1.1750000e+02;-1.3762324e-01;1.1750000e+02;-1.8882567e-01;1.1750000e+02;-1.0614167e-01;1.1750000e+02;-1.2314235e-01;1.1750000e+02;-1.2292326e-01;1.1750000e+02;-1.0418698e-01;1.1750000e+02;-6.5763354e-02;1.1750000e+02;-5.4145912e-03;1.1750000e+02;8.4816173e-02;1.1750000e+02;1.7021379e-01;1.1750000e+02;2.1260849e-01;1.1750000e+02;2.1833721e-01;1.1750000e+02;1.9144233e-01;1.1750000e+02;1.3477692e-01;1.1750000e+02;7.5566463e-02;1.1750000e+02;1.8534847e-02;1.1750000e+02;-3.5598636e-02;1.1750000e+02;-8.7139346e-02;1.1750000e+02;-1.3762324e-01;1.1750000e+02;-1.8882567e-01;1.1750000e+02;-1.0614167e-01;1.1750000e+02;-1.2314235e-01;1.1750000e+02;-1.2292326e-01;1.1750000e+02;-1.0418698e-01;1.1750000e+02;-6.5763354e-02;1.1750000e+02;-5.4145912e-03;1.1750000e+02;8.4816173e-02;1.1750000e+02;1.7021379e-01;1.1750000e+02;2.1260849e-01;1.1750000e+02;2.1833721e-01;1.1750000e+02;1.9144233e-01;1.1750000e+02;1.3477692e-01;1.1750000e+02;7.5566463e-02;1.1750000e+02;1.8534847e-02;1.1750000e+02;-3.5598636e-02;1.1750000e+02;-8.7139346e-02;1.1750000e+02;-1.3762324e-01;1.1750000e+02;-1.8882567e-01;1.1750000e+02;-1.0614167e-01;1.1750000e+02;-1.2314235e-01;1.1750000e+02;-1.2292326e-01;1.1750000e+02;-1.0418698e-01;1.1750000e+02;-6.5763354e-02;1.1750000e+02;-5.4145912e-03;1.1750000e+02;8.4816173e-02;1.1750000e+02;1.7021379e-01;1.1750000e+02;2.1260849e-01;1.1750000e+02;2.1833721e-01;1.1750000e+02;1.9144233e-01;1.1750000e+02;1.3477692e-01;1.1750000e+02;7.5566463e-02;1.1750000e+02;1.8534847e-02;1.1750000e+02;-3.5598636e-02;1.1750000e+02;-8.7139346e-02;1.1750000e+02;-1.3762324e-01;1.1750000e+02;-1.8882567e-01;1.1750000e+02;-1.0614167e-01;1.1750000e+02;-1.2314235e-01;1.1750000e+02;-1.2292326e-01;1.1750000e+02;-1.0418698e-01;1.1750000e+02;-6.5763354e-02;1.1750000e+02;-5.4145912e-03;1.1750000e+02;8.4816173e-02;1.1750000e+02;1.7021379e-01;1.1750000e+02;2.1260849e-01;1.1750000e+02;2.1833721e-01;1.1750000e+02;1.9144233e-01;1.1750000e+02;1.3477692e-01;1.1750000e+02;7.5566463e-02;1.1750000e+02;1.8534847e-02;1.1750000e+02;-3.5598636e-02;1.1750000e+02;-8.7139346e-02;1.1750000e+02;-1.3762324e-01;1.1750000e+02;-1.8882567e-01;1.1750000e+02;-1.0614167e-01;1.1750000e+02;-1.2314235e-01;1.1750000e+02;-1.2292326e-01;1.1750000e+02;-1.0418698e-01;1.1750000e+02;-6.5763354e-02;1.1750000e+02;-5.4145912e-03;1.1750000e+02;8.4816173e-02;1.1750000e+02;1.7021379e-01;1.1750000e+02;2.1260849e-01;1.1750000e+02;2.1833721e-01;1.1750000e+02;1.9144233e-01;1.1750000e+02;1.3477692e-01;1.1750000e+02;7.5566463e-02;1.1750000e+02;1.8534847e-02;1.1750000e+02;-3.5598636e-02;1.1750000e+02;-8.7139346e-02;1.1750000e+02;-1.3762324e-01;1.1750000e+02;-1.8882567e-01;1.1750000e+02;-1.0614167e-01;1.1750000e+02;-1.2314235e-01;1.1750000e+02;-1.2292326e-01;1.1750000e+02;-1.0418698e-01;1.1750000e+02;-6.5763354e-02;1.1750000e+02;-5.4145912e-03;1.1750000e+02;8.4816173e-02;1.1750000e+02;1.7021379e-01;1.1750000e+02;2.1260849e-01;1.1750000e+02;2.1833721e-01;1.1750000e+02;1.9144233e-01;1.1750000e+02;1.3477692e-01;1.1750000e+02;7.5566463e-02;1.1750000e+02;1.8534847e-02;1.1750000e+02;-3.5598636e-02;1.1750000e+02;-8.7139346e-02;1.1750000e+02;-1.3762324e-01;1.1750000e+02;-1.8882567e-01;1.1750000e+02;-1.0614167e-01;1.1750000e+02;-1.2314235e-01;1.1750000e+02;-1.2292326e-01;1.1750000e+02;-1.0418698e-01;1.1750000e+02;-6.5763354e-02;1.1750000e+02;-5.4145912e-03;1.1750000e+02;8.4816173e-02;1.1750000e+02;1.7021379e-01;1.1750000e+02;2.1260849e-01;1.1750000e+02;2.1833721e-01;1.1750000e+02;1.9144233e-01;1.1750000e+02;1.3477692e-01;1.1750000e+02;7.5566463e-02;1.1750000e+02;1.8534847e-02;1.1750000e+02;-3.5598636e-02;1.1750000e+02;-8.7139346e-02;1.1750000e+02;-1.3762324e-01;1.1750000e+02;-1.8882567e-01;1.1750000e+02;-1.0614167e-01;1.1750000e+02;-1.2314235e-01;1.1750000e+02;-1.2292326e-01;1.1750000e+02;-1.0418698e-01;1.1750000e+02;-6.5763354e-02;1.1750000e+02;-5.4145912e-03;1.1750000e+02;8.4816173e-02;1.1750000e+02;1.7021379e-01;1.1750000e+02;2.1260849e-01;1.1750000e+02;2.1833721e-01;1.1750000e+02;1.9144233e-01;1.1750000e+02;1.3477692e-01;1.1750000e+02;7.5566463e-02;1.1750000e+02;1.8534847e-02;1.1750000e+02;-3.5598636e-02;1.1750000e+02;-8.7139346e-02;1.1750000e+02;-1.3762324e-01;1.1750000e+02;-1.8882567e-01;1.1750000e+02;-1.0614167e-01;1.1750000e+02;-1.2314235e-01;1.1750000e+02;-1.2292326e-01;1.1750000e+02;-1.0418698e-01;1.1750000e+02;-6.5763354e-02;1.1750000e+02;-5.4145912e-03;1.1750000e+02;8.4816173e-02;1.1750000e+02;1.7021379e-01;1.1750000e+02;2.1260849e-01;1.1750000e+02;2.1833721e-01;1.1750000e+02;1.9144233e-01;1.1750000e+02;1.3477692e-01;1.1750000e+02;7.5566463e-02;1.1750000e+02;1.8534847e-02;1.1750000e+02;-3.5598636e-02;1.1750000e+02;-8.7139346e-02;1.1750000e+02;-1.3762324e-01;1.1750000e+02;-1.8882567e-01;1.1750000e+02;-1.0614167e-01;1.1750000e+02;-1.2314235e-01;1.1750000e+02;-1.2292326e-01;1.1750000e+02;-1.0418698e-01;1.1750000e+02;-6.5763354e-02;1.1750000e+02;-5.4145912e-03;1.1750000e+02;8.4816173e-02;1.1750000e+02;1.7021379e-01;1.1750000e+02;2.1260849e-01;1.1750000e+02;2.1833721e-01;1.1750000e+02;1.9144233e-01;1.1750000e+02;1.3477692e-01;1.1750000e+02;7.5566463e-02;1.1750000e+02;1.8534847e-02;1.1750000e+02;-3.5598636e-02;1.1750000e+02;-8.7139346e-02;1.1750000e+02;-1.3762324e-01;1.1750000e+02;-1.8882567e-01;1.1750000e+02;-1.0614167e-01;1.1750000e+02;-1.2314235e-01;1.1750000e+02;-1.2292326e-01;1.1750000e+02;-1.0418698e-01;1.1750000e+02;-6.5763354e-02;1.1750000e+02;-5.4145912e-03;1.1750000e+02;8.4816173e-02;1.1750000e+02;1.7021379e-01;1.1750000e+02;2.1260849e-01;1.1750000e+02;2.1833721e-01;1.1750000e+02;1.9144233e-01;1.1750000e+02;1.3477692e-01;1.1750000e+02;7.5566463e-02;1.1750000e+02;1.8534847e-02;1.1750000e+02;-3.5598636e-02;1.1750000e+02;-8.7139346e-02;1.1750000e+02;-1.3762324e-01;1.1750000e+02;-1.8882567e-01;1.1750000e+02;-1.0614167e-01;1.1750000e+02;-1.2314235e-01;1.1750000e+02;-1.2292326e-01;1.1750000e+02;-1.0418698e-01;1.1750000e+02;-6.5763354e-02;1.1750000e+02;-5.4145912e-03;1.1750000e+02;8.4816173e-02;1.1750000e+02;1.7021379e-01;1.1750000e+02;2.1260849e-01;1.1750000e+02;2.1833721e-01;1.1750000e+02;1.9144233e-01;1.1750000e+02;1.3477692e-01;1.1750000e+02;7.5566463e-02;1.1750000e+02;1.8534847e-02;1.1750000e+02;-3.5598636e-02;1.1750000e+02;-8.7139346e-02;1.1750000e+02;-1.3762324e-01;1.1750000e+02;-1.8882567e-01;1.1750000e+02;-1.0614167e-01;1.1750000e+02;-1.2314235e-01;1.1750000e+02;-1.2292326e-01;1.1750000e+02;-1.0418698e-01;1.1750000e+02;-6.5763354e-02;1.1750000e+02;-5.4145912e-03;1.1750000e+02;8.4816173e-02;1.1750000e+02;1.7021379e-01;1.1750000e+02;2.1260849e-01;1.1750000e+02;2.1833721e-01;1.1750000e+02;1.9144233e-01;1.1750000e+02;1.3477692e-01;1.1750000e+02;7.5566463e-02;1.1750000e+02;1.8534847e-02;1.1750000e+02;-3.5598636e-02;1.1750000e+02;-8.7139346e-02;1.1750000e+02;-1.3762324e-01;1.1750000e+02;-1.8882567e-01;1.1750000e+02;-1.0614167e-01;1.1750000e+02;-1.2314235e-01;1.1750000e+02;-1.2292326e-01;1.1750000e+02;-1.0418698e-01;1.1750000e+02;-6.5763354e-02;1.1750000e+02;-5.4145912e-03;1.1750000e+02;8.4816173e-02;1.1750000e+02;1.7021379e-01;1.1750000e+02;2.1260849e-01;1.1750000e+02;2.1833721e-01;1.1750000e+02;1.9144233e-01;1.1750000e+02;1.3477692e-01;1.1750000e+02;7.5566463e-02;1.1750000e+02;1.8534847e-02;1.1750000e+02;-3.5598636e-02;1.1750000e+02;-8.7139346e-02;1.1750000e+02;-1.3762324e-01;1.1750000e+02;-1.8882567e-01;1.1750000e+02;-1.0614167e-01;1.1750000e+02;-1.2314235e-01;1.1750000e+02;-1.2292326e-01;1.1750000e+02;-1.0418698e-01;1.1750000e+02;-6.5763354e-02;1.1750000e+02;-5.4145912e-03;1.1750000e+02;8.4816173e-02;1.1750000e+02;1.7021379e-01;1.1750000e+02;2.1260849e-01;1.1750000e+02;2.1833721e-01;1.1750000e+02;1.9144233e-01;1.1750000e+02;1.3477692e-01;1.1750000e+02;7.5566463e-02;1.1750000e+02;1.8534847e-02;1.1750000e+02;-3.5598636e-02;1.1750000e+02;-8.7139346e-02;1.1750000e+02;-1.3762324e-01;1.1750000e+02;-1.8882567e-01;1.1750000e+02;-1.0614167e-01;1.1750000e+02;-1.2314235e-01;1.1750000e+02;-1.2292326e-01;1.1750000e+02;-1.0418698e-01;1.1750000e+02;-6.5763354e-02;1.1750000e+02;-5.4145912e-03;1.1750000e+02;8.4816173e-02;1.1750000e+02;1.7021379e-01;1.1750000e+02;2.1260849e-01;1.1750000e+02;2.1833721e-01;1.1750000e+02;1.9144233e-01;1.1750000e+02;1.3477692e-01;1.1750000e+02;7.5566463e-02;1.1750000e+02;1.8534847e-02;1.1750000e+02;-3.5598636e-02;1.1750000e+02;-8.7139346e-02;1.1750000e+02;-1.3762324e-01;1.1750000e+02;-1.8882567e-01;1.1750000e+02;-1.0614167e-01;1.1750000e+02;-1.2314235e-01;1.1750000e+02;-1.2292326e-01;1.1750000e+02;-1.0418698e-01;1.1750000e+02;-6.5763354e-02;1.1750000e+02;-5.4145912e-03;1.1750000e+02;8.4816173e-02;1.1750000e+02;1.7021379e-01;1.1750000e+02;2.1260849e-01;1.1750000e+02;2.1833721e-01;1.1750000e+02;1.9144233e-01;1.1750000e+02;1.3477692e-01;1.1750000e+02;7.5566463e-02;1.1750000e+02;1.8534847e-02;1.1750000e+02;-3.5598636e-02;1.1750000e+02;-8.7139346e-02;1.1750000e+02;-1.3762324e-01;1.1750000e+02;-1.8882567e-01;1.1750000e+02;-1.0614167e-01;1.1750000e+02;-1.2314235e-01;1.1750000e+02;-1.2292326e-01;1.1750000e+02;-1.0418698e-01;1.1750000e+02;-6.5763354e-02;1.1750000e+02;-5.4145912e-03;1.1750000e+02;8.4816173e-02;1.1750000e+02;1.7021379e-01;1.1750000e+02;2.1260849e-01;1.1750000e+02;2.1833721e-01;1.1750000e+02;1.9144233e-01;1.1750000e+02;1.3477692e-01;1.1750000e+02;7.5566463e-02;1.1750000e+02;1.8534847e-02;1.1750000e+02;-3.5598636e-02;1.1750000e+02;-8.7139346e-02;1.1750000e+02;-1.3762324e-01;1.1750000e+02;-1.8882567e-01;1.1750000e+02;-1.0614167e-01;1.1750000e+02;-1.2314235e-01;1.1750000e+02;-1.2292326e-01;1.1750000e+02;-1.0418698e-01;1.1750000e+02;-6.5763354e-02;1.1750000e+02;-5.4145912e-03;1.1750000e+02;8.4816173e-02;1.1750000e+02;1.7021379e-01;1.1750000e+02;2.1260849e-01;1.1750000e+02;2.1833721e-01;1.1750000e+02;1.9144233e-01;1.1750000e+02;1.3477692e-01;1.1750000e+02;7.5566463e-02;1.1750000e+02;1.8534847e-02;1.1750000e+02;-3.5598636e-02;1.1750000e+02;-8.7139346e-02;1.1750000e+02;-1.3762324e-01;1.1750000e+02;-1.8882567e-01;1.1750000e+02;-1.0614167e-01;1.1750000e+02;-1.2314235e-01;1.1750000e+02;-1.2292326e-01;1.1750000e+02;-1.0418698e-01;1.1750000e+02;-6.5763354e-02;1.1750000e+02;-5.4145912e-03;1.1750000e+02;8.4816173e-02;1.1750000e+02;1.7021379e-01;1.1750000e+02;2.1260849e-01;1.1750000e+02;2.1833721e-01;1.1750000e+02;1.9144233e-01;1.1750000e+02;1.3477692e-01;1.1750000e+02;7.5566463e-02;1.1750000e+02;1.8534847e-02;1.1750000e+02;-3.5598636e-02;1.1750000e+02;-8.7139346e-02;1.1750000e+02;-1.3762324e-01;1.1750000e+02;-1.8882567e-01;1.1750000e+02;-1.0614167e-01;1.1750000e+02;-1.2314235e-01;1.1750000e+02;-1.2292326e-01;1.1750000e+02;-1.0418698e-01;1.1750000e+02;-6.5763354e-02;1.1750000e+02;-5.4145912e-03;1.1750000e+02;8.4816173e-02;1.1750000e+02;1.7021379e-01;1.1750000e+02;2.1260849e-01;1.1750000e+02;2.1833721e-01;1.1750000e+02;1.9144233e-01;1.1750000e+02;1.3477692e-01;1.1750000e+02;7.5566463e-02;1.1750000e+02;1.8534847e-02;1.1750000e+02;-3.5598636e-02;1.1750000e+02;-8.7139346e-02;1.1750000e+02;-1.3762324e-01;1.1750000e+02;-1.8882567e-01;1.1750000e+02;-1.0614167e-01;1.1750000e+02;-1.2314235e-01;1.1750000e+02;-1.2292326e-01;1.1750000e+02;-1.0418698e-01;1.1750000e+02;-6.5763354e-02;1.1750000e+02;-5.4145912e-03;1.1750000e+02;8.4816173e-02;1.1750000e+02;1.7021379e-01;1.1750000e+02;2.1260849e-01;1.1750000e+02;2.1833721e-01;1.1750000e+02;1.9144233e-01;1.1750000e+02;1.3477692e-01;1.1750000e+02;7.5566463e-02;1.1750000e+02;1.8534847e-02;1.1750000e+02;-3.5598636e-02;1.1750000e+02;-8.7139346e-02;1.1750000e+02;-1.3762324e-01;1.1750000e+02;-1.8882567e-01;1.1750000e+02;-1.0614167e-01;1.1750000e+02;-1.2314235e-01;1.1750000e+02;-1.2292326e-01;1.1750000e+02;-1.0418698e-01;1.1750000e+02;-6.5763354e-02;1.1750000e+02;-5.4145912e-03;1.1750000e+02;8.4816173e-02;1.1750000e+02;1.7021379e-01;1.1750000e+02;2.1260849e-01;1.1750000e+02;2.1833721e-01;1.1750000e+02;1.9144233e-01;1.1750000e+02;1.3477692e-01;1.1750000e+02;7.5566463e-02;1.1750000e+02;1.8534847e-02;1.1750000e+02;-3.5598636e-02;1.1750000e+02;-8.7139346e-02;1.1750000e+02;-1.3762324e-01;1.1750000e+02;-1.8882567e-01;1.1750000e+02;-1.0614167e-01;1.1750000e+02;-1.2314235e-01;1.1750000e+02;-1.2292326e-01;1.1750000e+02;-1.0418698e-01;1.1750000e+02;-6.5763354e-02;1.1750000e+02;-5.4145912e-03;1.1750000e+02;8.4816173e-02;1.1750000e+02;1.7021379e-01;1.1750000e+02;2.1260849e-01;1.1750000e+02;2.1833721e-01;1.1750000e+02;1.9144233e-01;1.1750000e+02;1.3477692e-01;1.1750000e+02;7.5566463e-02;1.1750000e+02;1.8534847e-02;1.1750000e+02;-3.5598636e-02;1.1750000e+02;-8.7139346e-02;1.1750000e+02;-1.3762324e-01;1.1750000e+02;-1.8882567e-01;1.1750000e+02;-1.0614167e-01;1.1750000e+02;-1.2314235e-01;1.1750000e+02;-1.2292326e-01;1.1750000e+02;-1.0418698e-01;1.1750000e+02;-6.5763354e-02;1.1750000e+02;-5.4145912e-03;1.1750000e+02;8.4816173e-02;1.1750000e+02;1.7021379e-01;1.1750000e+02;2.1260849e-01;1.1750000e+02;2.1833721e-01;1.1750000e+02;1.9144233e-01;1.1750000e+02;1.3477692e-01;1.1750000e+02;7.5566463e-02;1.1750000e+02;1.8534847e-02;1.1750000e+02;-3.5598636e-02;1.1750000e+02;-8.7139346e-02;1.1750000e+02;-1.3762324e-01;1.1750000e+02;-1.8882567e-01;1.1750000e+02;-1.0614167e-01;1.1750000e+02;-1.2314235e-01;1.1750000e+02;-1.2292326e-01;1.1750000e+02;-1.0418698e-01;1.1750000e+02;-6.5763354e-02;1.1750000e+02;-5.4145912e-03;1.1750000e+02;8.4816173e-02;1.1750000e+02;1.7021379e-01;1.1750000e+02;2.1260849e-01;1.1750000e+02;2.1833721e-01;1.1750000e+02;1.9144233e-01;1.1750000e+02;1.3477692e-01;1.1750000e+02;7.5566463e-02;1.1750000e+02;1.8534847e-02;1.1750000e+02;-3.5598636e-02;1.1750000e+02;-8.7139346e-02;1.1750000e+02;-1.3762324e-01;1.1750000e+02;-1.8882567e-01;1.1750000e+02;-1.0614167e-01;1.1750000e+02;-1.2314235e-01;1.1750000e+02;-1.2292326e-01;1.1750000e+02;-1.0418698e-01;1.1750000e+02;-6.5763354e-02;1.1750000e+02;-5.4145912e-03;1.1750000e+02;8.4816173e-02;1.1750000e+02;1.7021379e-01;1.1750000e+02;2.1260849e-01;1.1750000e+02;2.1833721e-01;1.1750000e+02;1.9144233e-01;1.1750000e+02;1.3477692e-01;1.1750000e+02;7.5566463e-02;1.1750000e+02;1.8534847e-02;1.1750000e+02;-3.5598636e-02;1.1750000e+02;-8.7139346e-02;1.1750000e+02;-1.3762324e-01;1.1750000e+02;-1.8882567e-01;1.1750000e+02;-1.0614167e-01;1.1750000e+02;-1.2314235e-01;1.1750000e+02;-1.2292326e-01;1.1750000e+02;-1.0418698e-01;1.1750000e+02;-6.5763354e-02;1.1750000e+02;-5.4145912e-03;1.1750000e+02;8.4816173e-02;1.1750000e+02;1.7021379e-01;1.1750000e+02;2.1260849e-01;1.1750000e+02;2.1833721e-01;1.1750000e+02;1.9144233e-01;1.1750000e+02;1.3477692e-01;1.1750000e+02;7.5566463e-02;1.1750000e+02;1.8534847e-02;1.1750000e+02;-3.5598636e-02;1.1750000e+02;-8.7139346e-02;1.1750000e+02;-1.3762324e-01;1.1750000e+02;-1.8882567e-01;1.1750000e+02;-1.0614167e-01;1.1750000e+02;-1.2314235e-01;1.1750000e+02;-1.2292326e-01;1.1750000e+02;-1.0418698e-01;1.1750000e+02;-6.5763354e-02;1.1750000e+02;-5.4145912e-03;1.1750000e+02;8.4816173e-02;1.1750000e+02;1.7021379e-01;1.1750000e+02;2.1260849e-01;1.1750000e+02;2.1833721e-01;1.1750000e+02;1.9144233e-01;1.1750000e+02;1.3477692e-01;1.1750000e+02;7.5566463e-02;1.1750000e+02;1.8534847e-02;1.1750000e+02;-3.5598636e-02;1.1750000e+02;-8.7139346e-02;1.1750000e+02;-1.3762324e-01;1.1750000e+02;-1.8882567e-01;1.1750000e+02;-1.0614167e-01;1.1750000e+02;-1.2314235e-01;1.1750000e+02;-1.2292326e-01;1.1750000e+02;-1.0418698e-01;1.1750000e+02;-6.5763354e-02;1.1750000e+02;-5.4145912e-03;1.1750000e+02;8.4816173e-02;1.1750000e+02;1.7021379e-01;1.1750000e+02;2.1260849e-01;1.1750000e+02;2.1833721e-01;1.1750000e+02;1.9144233e-01;1.1750000e+02;1.3477692e-01;1.1750000e+02;7.5566463e-02;1.1750000e+02;1.8534847e-02;1.1750000e+02;-3.5598636e-02;1.1750000e+02;-8.7139346e-02;1.1750000e+02;-1.3762324e-01;1.1750000e+02;-1.8882567e-01;1.1750000e+02;-1.0614167e-01;1.1750000e+02;-1.2314235e-01;1.1750000e+02;-1.2292326e-01;1.1750000e+02;-1.0418698e-01;1.1750000e+02;-6.5763354e-02;1.1750000e+02;-5.4145912e-03;1.1750000e+02;8.4816173e-02;1.1750000e+02;1.7021379e-01;1.1750000e+02;2.1260849e-01;1.1750000e+02;2.1833721e-01;1.1750000e+02;1.9144233e-01;1.1750000e+02;1.3477692e-01;1.1750000e+02;7.5566463e-02;1.1750000e+02;1.8534847e-02;1.1750000e+02;-3.5598636e-02;1.1750000e+02;-8.7139346e-02;1.1750000e+02;-1.3762324e-01;1.1750000e+02;-1.8882567e-01;1.1750000e+02;-1.0614167e-01;1.1750000e+02;-1.2314235e-01;1.1750000e+02;-1.2292326e-01;1.1750000e+02;-1.0418698e-01;1.1750000e+02;-6.5763354e-02;1.1750000e+02;-5.4145912e-03;1.1750000e+02;8.4816173e-02;1.1750000e+02;1.7021379e-01;1.1750000e+02;2.1260849e-01;1.1750000e+02;2.1833721e-01;1.1750000e+02;1.9144233e-01;1.1750000e+02;1.3477692e-01;1.1750000e+02;7.5566463e-02;1.1750000e+02;1.8534847e-02;1.1750000e+02;-3.5598636e-02;1.1750000e+02;-8.7139346e-02;1.1750000e+02;-1.3762324e-01;1.1750000e+02;-1.8882567e-01;1.1750000e+02;-1.0614167e-01;1.1750000e+02;-1.2314235e-01;1.1750000e+02;-1.2292326e-01;1.1750000e+02;-1.0418698e-01;1.1750000e+02;-6.5763354e-02;1.1750000e+02;-5.4145912e-03;1.1750000e+02;8.4816173e-02;1.1750000e+02;1.7021379e-01;1.1750000e+02;2.1260849e-01;1.1750000e+02;2.1833721e-01;1.1750000e+02;1.9144233e-01;1.1750000e+02;1.3477692e-01;1.1750000e+02;7.5566463e-02;1.1750000e+02;1.8534847e-02;1.1750000e+02;-3.5598636e-02;1.1750000e+02;-8.7139346e-02;1.1750000e+02;-1.3762324e-01;1.1750000e+02;-1.8882567e-01;1.1750000e+02;-1.0614167e-01;1.1750000e+02;-1.2314235e-01;1.1750000e+02;-1.2292326e-01;1.1750000e+02;-1.0418698e-01;1.1750000e+02;-6.5763354e-02;1.1750000e+02;-5.4145912e-03;1.1750000e+02;8.4816173e-02;1.1750000e+02;1.7021379e-01;1.1750000e+02;2.1260849e-01;1.1750000e+02;2.1833721e-01;1.1750000e+02;1.9144233e-01;1.1750000e+02;1.3477692e-01;1.1750000e+02;7.5566463e-02;1.1750000e+02;1.8534847e-02;1.1750000e+02;-3.5598636e-02;1.1750000e+02;-8.7139346e-02;1.1750000e+02;-1.3762324e-01;1.1750000e+02;-1.8882567e-01;1.1750000e+02;-1.0614167e-01;1.1750000e+02;-1.2314235e-01;1.1750000e+02;-1.2292326e-01;1.1750000e+02;-1.0418698e-01;1.1750000e+02;-6.5763354e-02;1.1750000e+02;-5.4145912e-03;1.1750000e+02;8.4816173e-02;1.1750000e+02;1.7021379e-01;1.1750000e+02;2.1260849e-01;1.1750000e+02;2.1833721e-01;1.1750000e+02;1.9144233e-01;1.1750000e+02;1.3477692e-01;1.1750000e+02;7.5566463e-02;1.1750000e+02;1.8534847e-02;1.1750000e+02;-3.5598636e-02;1.1750000e+02;-8.7139346e-02;1.1750000e+02;-1.3762324e-01;1.1750000e+02;-1.8882567e-01;1.1750000e+02;-1.0614167e-01;1.1750000e+02;-1.2314235e-01;1.1750000e+02;-1.2292326e-01;1.1750000e+02;-1.0418698e-01;1.1750000e+02;-6.5763354e-02;1.1750000e+02;-5.4145912e-03;1.1750000e+02;8.4816173e-02;1.1750000e+02;1.7021379e-01;1.1750000e+02;2.1260849e-01;1.1750000e+02;2.1833721e-01;1.1750000e+02;1.9144233e-01;1.1750000e+02;1.3477692e-01;1.1750000e+02;7.5566463e-02;1.1750000e+02;1.8534847e-02;1.1750000e+02;-3.5598636e-02;1.1750000e+02;-8.7139346e-02;1.1750000e+02;-1.3762324e-01;1.1750000e+02;-1.8882567e-01;1.1750000e+02;-1.0614167e-01;1.1750000e+02;-1.2314235e-01;1.1750000e+02;-1.2292326e-01;1.1750000e+02;-1.0418698e-01;1.1750000e+02;-6.5763354e-02;1.1750000e+02;-5.4145912e-03;1.1750000e+02;8.4816173e-02;1.1750000e+02;1.7021379e-01;1.1750000e+02;2.1260849e-01;1.1750000e+02;2.1833721e-01;1.1750000e+02;1.9144233e-01;1.1750000e+02;1.3477692e-01;1.1750000e+02;7.5566463e-02;1.1750000e+02;1.8534847e-02;1.1750000e+02;-3.5598636e-02;1.1750000e+02;-8.7139346e-02;1.1750000e+02;-1.3762324e-01;1.1750000e+02;-1.8882567e-01;1.1750000e+02;-1.0614167e-01;1.1750000e+02;-1.2314235e-01;1.1750000e+02;-1.2292326e-01;1.1750000e+02;-1.0418698e-01;1.1750000e+02;-6.5763354e-02;1.1750000e+02;-5.4145912e-03;1.1750000e+02;8.4816173e-02;1.1750000e+02;1.7021379e-01;1.1750000e+02;2.1260849e-01;1.1750000e+02;2.1833721e-01;1.1750000e+02;1.9144233e-01;1.1750000e+02;1.3477692e-01;1.1750000e+02;7.5566463e-02;1.1750000e+02;1.8534847e-02;1.1750000e+02;-3.5598636e-02;1.1750000e+02;-8.7139346e-02;1.1750000e+02;-1.3762324e-01;1.1750000e+02;-1.8882567e-01;1.1750000e+02;-1.0614167e-01;1.1750000e+02;-1.2314235e-01;1.1750000e+02;-1.2292326e-01;1.1750000e+02;-1.0418698e-01;1.1750000e+02;-6.5763354e-02;1.1750000e+02;-5.4145912e-03;1.1750000e+02;8.4816173e-02;1.1750000e+02;1.7021379e-01;1.1750000e+02;2.1260849e-01;1.1750000e+02;2.1833721e-01;1.1750000e+02;1.9144233e-01;1.1750000e+02;1.3477692e-01;1.1750000e+02;7.5566463e-02;1.1750000e+02;1.8534847e-02;1.1750000e+02;-3.5598636e-02;1.1750000e+02;-8.7139346e-02;1.1750000e+02;-1.3762324e-01;1.1750000e+02;-1.8882567e-01;1.1750000e+02;-1.0614167e-01;1.1750000e+02;-1.2314235e-01;1.1750000e+02;-1.2292326e-01;1.1750000e+02;-1.0418698e-01;1.1750000e+02;-6.5763354e-02;1.1750000e+02;-5.4145912e-03;1.1750000e+02;8.4816173e-02;1.1750000e+02;1.7021379e-01;1.1750000e+02;2.1260849e-01;1.1750000e+02;2.1833721e-01;1.1750000e+02;1.9144233e-01;1.1750000e+02;1.3477692e-01;1.1750000e+02;7.5566463e-02;1.1750000e+02;1.8534847e-02;1.1750000e+02;-3.5598636e-02;1.1750000e+02;-8.7139346e-02;1.1750000e+02;-1.3762324e-01;1.1750000e+02;-1.8882567e-01;1.1750000e+02;-1.0614167e-01;1.1750000e+02;-1.2314235e-01;1.1750000e+02;-1.2292326e-01;1.1750000e+02;-1.0418698e-01;1.1750000e+02;-6.5763354e-02;1.1750000e+02;-5.4145912e-03;1.1750000e+02;8.4816173e-02;1.1750000e+02;1.7021379e-01;1.1750000e+02;2.1260849e-01;1.1750000e+02;2.1833721e-01;1.1750000e+02;1.9144233e-01;1.1750000e+02;1.3477692e-01;1.1750000e+02;7.5566463e-02;1.1750000e+02;1.8534847e-02;1.1750000e+02;-3.5598636e-02;1.1750000e+02;-8.7139346e-02;1.1750000e+02;-1.3762324e-01;1.1750000e+02;-1.8882567e-01;1.1750000e+02;-1.0614167e-01;1.1750000e+02;-1.2314235e-01;1.1750000e+02;-1.2292326e-01;1.1750000e+02;-1.0418698e-01;1.1750000e+02;-6.5763354e-02;1.1750000e+02;-5.4145912e-03;1.1750000e+02;8.4816173e-02;1.1750000e+02;1.7021379e-01;1.1750000e+02;2.1260849e-01;1.1750000e+02;2.1833721e-01;1.1750000e+02;1.9144233e-01;1.1750000e+02;1.3477692e-01;1.1750000e+02;7.5566463e-02;1.1750000e+02;1.8534847e-02;1.1750000e+02;-3.5598636e-02;1.1750000e+02;-8.7139346e-02;1.1750000e+02;-1.3762324e-01;1.1750000e+02;-1.8882567e-01;1.1750000e+02;-1.0614167e-01;1.1750000e+02;-1.2314235e-01;1.1750000e+02;-1.2292326e-01;1.1750000e+02;-1.0418698e-01;1.1750000e+02;-6.5763354e-02;1.1750000e+02;-5.4145912e-03;1.1750000e+02;8.4816173e-02;1.1750000e+02;1.7021379e-01;1.1750000e+02;2.1260849e-01;1.1750000e+02;2.1833721e-01;1.1750000e+02;1.9144233e-01;1.1750000e+02;1.3477692e-01;1.1750000e+02;7.5566463e-02;1.1750000e+02;1.8534847e-02;1.1750000e+02;-3.5598636e-02;1.1750000e+02;-8.7139346e-02;1.1750000e+02;-1.3762324e-01;1.1750000e+02;-1.8882567e-01;1.1750000e+02;-1.0614167e-01;1.1750000e+02;-1.2314235e-01;1.1750000e+02;-1.2292326e-01;1.1750000e+02;-1.0418698e-01;1.1750000e+02;-6.5763354e-02;1.1750000e+02;-5.4145912e-03;1.1750000e+02;8.4816173e-02;1.1750000e+02;1.7021379e-01;1.1750000e+02;2.1260849e-01;1.1750000e+02;2.1833721e-01;1.1750000e+02;1.9144233e-01;1.1750000e+02;1.3477692e-01;1.1750000e+02;7.5566463e-02;1.1750000e+02;1.8534847e-02;1.1750000e+02;-3.5598636e-02;1.1750000e+02;-8.7139346e-02;1.1750000e+02;-1.3762324e-01;1.1750000e+02;-1.8882567e-01;1.1750000e+02;-1.0614167e-01;1.1750000e+02;-1.2314235e-01;1.1750000e+02;-1.2292326e-01;1.1750000e+02;-1.0418698e-01;1.1750000e+02;-6.5763354e-02;1.1750000e+02;-5.4145912e-03;1.1750000e+02;8.4816173e-02;1.1750000e+02;1.7021379e-01;1.1750000e+02;2.1260849e-01;1.1750000e+02;2.1833721e-01;1.1750000e+02;1.9144233e-01;1.1750000e+02;1.3477692e-01;1.1750000e+02;7.5566463e-02;1.1750000e+02;1.8534847e-02;1.1750000e+02;-3.5598636e-02;1.1750000e+02;-8.7139346e-02;1.1750000e+02;-1.3762324e-01;1.1750000e+02;-1.8882567e-01;1.1750000e+02;-1.0614167e-01;1.1750000e+02;-1.2314235e-01;1.1750000e+02;-1.2292326e-01;1.1750000e+02;-1.0418698e-01;1.1750000e+02;-6.5763354e-02;1.1750000e+02;-5.4145912e-03;1.1750000e+02;8.4816173e-02;1.1750000e+02;1.7021379e-01;1.1750000e+02;2.1260849e-01;1.1750000e+02;2.1833721e-01;1.1750000e+02;1.9144233e-01;1.1750000e+02;1.3477692e-01;1.1750000e+02;7.5566463e-02;1.1750000e+02;1.8534847e-02;1.1750000e+02;-3.5598636e-02;1.1750000e+02;-8.7139346e-02;1.1750000e+02;-1.3762324e-01;1.1750000e+02;-1.8882567e-01;1.1750000e+02;-1.0614167e-01;1.1750000e+02;-1.2314235e-01;1.1750000e+02;-1.2292326e-01;1.1750000e+02;-1.0418698e-01;1.1750000e+02;-6.5763354e-02;1.1750000e+02;-5.4145912e-03;1.1750000e+02;8.4816173e-02;1.1750000e+02;1.7021379e-01;1.1750000e+02;2.1260849e-01;1.1750000e+02;2.1833721e-01;1.1750000e+02;1.9144233e-01;1.1750000e+02;1.3477692e-01;1.1750000e+02;7.5566463e-02;1.1750000e+02;1.8534847e-02;1.1750000e+02;-3.5598636e-02;1.1750000e+02;-8.7139346e-02;1.1750000e+02;-1.3762324e-01;1.1750000e+02;-1.8882567e-01;1.1750000e+02;-1.0614167e-01;1.1750000e+02;-1.2314235e-01;1.1750000e+02;-1.2292326e-01;1.1750000e+02;-1.0418698e-01;1.1750000e+02;-6.5763354e-02;1.1750000e+02;-5.4145912e-03;1.1750000e+02;8.4816173e-02;1.1750000e+02;1.7021379e-01;1.1750000e+02;2.1260849e-01;1.1750000e+02;2.1833721e-01;1.1750000e+02;1.9144233e-01;1.1750000e+02;1.3477692e-01;1.1750000e+02;7.5566463e-02;1.1750000e+02;1.8534847e-02;1.1750000e+02;-3.5598636e-02;1.1750000e+02;-8.7139346e-02;1.1750000e+02;-1.3762324e-01;1.1750000e+02;-1.8882567e-01;1.1750000e+02;-1.0614167e-01;1.1750000e+02;-1.2314235e-01;1.1750000e+02;-1.2292326e-01;1.1750000e+02;-1.0418698e-01;1.1750000e+02;-6.5763354e-02;1.1750000e+02;-5.4145912e-03;1.1750000e+02;8.4816173e-02;1.1750000e+02;1.7021379e-01;1.1750000e+02;2.1260849e-01;1.1750000e+02;2.1833721e-01;1.1750000e+02;1.9144233e-01;1.1750000e+02;1.3477692e-01;1.1750000e+02;7.5566463e-02;1.1750000e+02;1.8534847e-02;1.1750000e+02;-3.5598636e-02;1.1750000e+02;-8.7139346e-02;1.1750000e+02;-1.3762324e-01;1.1750000e+02;-1.8882567e-01;1.1750000e+02;-1.0614167e-01;1.1750000e+02;-1.2314235e-01;1.1750000e+02;-1.2292326e-01;1.1750000e+02;-1.0418698e-01;1.1750000e+02;-6.5763354e-02;1.1750000e+02;-5.4145912e-03;1.1750000e+02;8.4816173e-02;1.1750000e+02;1.7021379e-01;1.1750000e+02;2.1260849e-01;1.1750000e+02;2.1833721e-01;1.1750000e+02;1.9144233e-01;1.1750000e+02;1.3477692e-01;1.1750000e+02;7.5566463e-02;1.1750000e+02;1.8534847e-02;1.1750000e+02;-3.5598636e-02;1.1750000e+02;-8.7139346e-02;1.1750000e+02;-1.3762324e-01;1.1750000e+02;-1.8882567e-01;1.1750000e+02;-1.0614167e-01;1.1750000e+02;-1.2314235e-01;1.1750000e+02;-1.2292326e-01;1.1750000e+02;-1.0418698e-01;1.1750000e+02;-6.5763354e-02;1.1750000e+02;-5.4145912e-03;1.1750000e+02;8.4816173e-02;1.1750000e+02;1.7021379e-01;1.1750000e+02;2.1260849e-01;1.1750000e+02;2.1833721e-01;1.1750000e+02;1.9144233e-01;1.1750000e+02;1.3477692e-01;1.1750000e+02;7.5566463e-02;1.1750000e+02;1.8534847e-02;1.1750000e+02;-3.5598636e-02;1.1750000e+02;-8.7139346e-02;1.1750000e+02;-1.3762324e-01;1.1750000e+02;-1.8882567e-01;1.1750000e+02;-1.0614167e-01;1.1750000e+02;-1.2314235e-01;1.1750000e+02;-1.2292326e-01;1.1750000e+02;-1.0418698e-01;1.1750000e+02;-6.5763354e-02;1.1750000e+02;-5.4145912e-03;1.1750000e+02;8.4816173e-02;1.1750000e+02;1.7021379e-01;1.1750000e+02;2.1260849e-01;1.1750000e+02;2.1833721e-01;1.1750000e+02;1.9144233e-01;1.1750000e+02;1.3477692e-01;1.1750000e+02;7.5566463e-02;1.1750000e+02;1.8534847e-02;1.1750000e+02;-3.5598636e-02;1.1750000e+02;-8.7139346e-02;1.1750000e+02;-1.3762324e-01;1.1750000e+02;-1.8882567e-01;1.1750000e+02;-1.0614167e-01;1.1750000e+02;-1.2314235e-01;1.1750000e+02;-1.2292326e-01;1.1750000e+02;-1.0418698e-01;1.1750000e+02;-6.5763354e-02;1.1750000e+02;-5.4145912e-03;1.1750000e+02;8.4816173e-02;1.1750000e+02;1.7021379e-01;1.1750000e+02;2.1260849e-01;1.1750000e+02;2.1833721e-01;1.1750000e+02;1.9144233e-01;1.1750000e+02;1.3477692e-01;1.1750000e+02;7.5566463e-02;1.1750000e+02;1.8534847e-02;1.1750000e+02;-3.5598636e-02;1.1750000e+02;-8.7139346e-02;1.1750000e+02;-1.3762324e-01;1.1750000e+02;-1.8882567e-01;1.1750000e+02;-1.0614167e-01;1.1750000e+02;-1.2314235e-01;1.1750000e+02;-1.2292326e-01;1.1750000e+02;-1.0418698e-01;1.1750000e+02;-6.5763354e-02;1.1750000e+02;-5.4145912e-03;1.1750000e+02;8.4816173e-02;1.1750000e+02;1.7021379e-01;1.1750000e+02;2.1260849e-01;1.1750000e+02;2.1833721e-01;1.1750000e+02;1.9144233e-01;1.1750000e+02;1.3477692e-01;1.1750000e+02;7.5566463e-02;1.1750000e+02;1.8534847e-02;1.1750000e+02;-3.5598636e-02;1.1750000e+02;-8.7139346e-02;1.1750000e+02;-1.3762324e-01;1.1750000e+02;-1.8882567e-01;1.1750000e+02;-1.0614167e-01;1.1750000e+02;-1.2314235e-01;1.1750000e+02;-1.2292326e-01;1.1750000e+02;-1.0418698e-01;1.1750000e+02;-6.5763354e-02;1.1750000e+02;-5.4145912e-03;1.1750000e+02;8.4816173e-02;1.1750000e+02;1.7021379e-01;1.1750000e+02;2.1260849e-01;1.1750000e+02;2.1833721e-01;1.1750000e+02;1.9144233e-01;1.1750000e+02;1.3477692e-01;1.1750000e+02;7.5566463e-02;1.1750000e+02;1.8534847e-02;1.1750000e+02;-3.5598636e-02;1.1750000e+02;-8.7139346e-02;1.1750000e+02;-1.3762324e-01;1.1750000e+02;-1.8882567e-01;1.1750000e+02;-1.0614167e-01;1.1750000e+02;-1.2314235e-01;1.1750000e+02;-1.2292326e-01;1.1750000e+02;-1.0418698e-01;1.1750000e+02;-6.5763354e-02;1.1750000e+02;-5.4145912e-03;1.1750000e+02;8.4816173e-02;1.1750000e+02;1.7021379e-01;1.1750000e+02;2.1260849e-01;1.1750000e+02;2.1833721e-01;1.1750000e+02;1.9144233e-01;1.1750000e+02;1.3477692e-01;1.1750000e+02;7.5566463e-02;1.1750000e+02;1.8534847e-02;1.1750000e+02;-3.5598636e-02;1.1750000e+02;-8.7139346e-02;1.1750000e+02;-1.3762324e-01;1.1750000e+02;-1.8882567e-01;1.1750000e+02;-1.0614167e-01;1.1750000e+02;-1.2314235e-01;1.1750000e+02;-1.2292326e-01;1.1750000e+02;-1.0418698e-01;1.1750000e+02;-6.5763354e-02;1.1750000e+02;-5.4145912e-03;1.1750000e+02;8.4816173e-02;1.1750000e+02;1.7021379e-01;1.1750000e+02;2.1260849e-01;1.1750000e+02;2.1833721e-01;1.1750000e+02;1.9144233e-01;1.1750000e+02;1.3477692e-01;1.1750000e+02;7.5566463e-02;1.1750000e+02;1.8534847e-02;1.1750000e+02;-3.5598636e-02;1.1750000e+02;-8.7139346e-02;1.1750000e+02;-1.3762324e-01;1.1750000e+02;-1.8882567e-01;1.1750000e+02;-1.0614167e-01;1.1750000e+02;-1.2314235e-01;1.1750000e+02;-1.2292326e-01;1.1750000e+02;-1.0418698e-01;1.1750000e+02;-6.5763354e-02;1.1750000e+02;-5.4145912e-03;1.1750000e+02;8.4816173e-02;1.1750000e+02;1.7021379e-01;1.1750000e+02;2.1260849e-01;1.1750000e+02;2.1833721e-01;1.1750000e+02;1.9144233e-01;1.1750000e+02;1.3477692e-01;1.1750000e+02;7.5566463e-02;1.1750000e+02;1.8534847e-02;1.1750000e+02;-3.5598636e-02;1.1750000e+02;-8.7139346e-02;1.1750000e+02;-1.3762324e-01;1.1750000e+02;-1.8882567e-01;1.1750000e+02;-1.0614167e-01;1.1750000e+02;-1.2314235e-01;1.1750000e+02;-1.2292326e-01;1.1750000e+02;-1.0418698e-01;1.1750000e+02;-6.5763354e-02;1.1750000e+02;-5.4145912e-03;1.1750000e+02;8.4816173e-02;1.1750000e+02;1.7021379e-01;1.1750000e+02;2.1260849e-01;1.1750000e+02;2.1833721e-01;1.1750000e+02;1.9144233e-01;1.1750000e+02;1.3477692e-01;1.1750000e+02;7.5566463e-02;1.1750000e+02;1.8534847e-02;1.1750000e+02;-3.5598636e-02;1.1750000e+02;-8.7139346e-02;1.1750000e+02;-1.3762324e-01;1.1750000e+02;-1.8882567e-01;1.1750000e+02;-1.0614167e-01;1.1750000e+02;-1.2314235e-01;1.1750000e+02;-1.2292326e-01;1.1750000e+02;-1.0418698e-01;1.1750000e+02;-6.5763354e-02;1.1750000e+02;-5.4145912e-03;1.1750000e+02;8.4816173e-02;1.1750000e+02;1.7021379e-01;1.1750000e+02;2.1260849e-01;1.1750000e+02;2.1833721e-01;1.1750000e+02;1.9144233e-01;1.1750000e+02;1.3477692e-01;1.1750000e+02;7.5566463e-02;1.1750000e+02;1.8534847e-02;1.1750000e+02;-3.5598636e-02;1.1750000e+02;-8.7139346e-02;1.1750000e+02;-1.3762324e-01;1.1750000e+02;-1.8882567e-01;1.1750000e+02;-1.0614167e-01;1.1750000e+02;-1.2314235e-01;1.1750000e+02;-1.2292326e-01;1.1750000e+02;-1.0418698e-01;1.1750000e+02;-6.5763354e-02;1.1750000e+02;-5.4145912e-03;1.1750000e+02;8.4816173e-02;1.1750000e+02;1.7021379e-01;1.1750000e+02;2.1260849e-01;1.1750000e+02;2.1833721e-01;1.1750000e+02;1.9144233e-01;1.1750000e+02;1.3477692e-01;1.1750000e+02;7.5566463e-02;1.1750000e+02;1.8534847e-02;1.1750000e+02;-3.5598636e-02;1.1750000e+02;-8.7139346e-02;1.1750000e+02;-1.3762324e-01;1.1750000e+02;-1.8882567e-01;1.1750000e+02;-1.0614167e-01;1.1750000e+02;-1.2314235e-01;1.1750000e+02;-1.2292326e-01;1.1750000e+02;-1.0418698e-01;1.1750000e+02;-6.5763354e-02;1.1750000e+02;-5.4145912e-03;1.1750000e+02;8.4816173e-02;1.1750000e+02;1.7021379e-01;1.1750000e+02;2.1260849e-01;1.1750000e+02;2.1833721e-01;1.1750000e+02;1.9144233e-01;1.1750000e+02;1.3477692e-01;1.1750000e+02;7.5566463e-02;1.1750000e+02;1.8534847e-02;1.1750000e+02;-3.5598636e-02;1.1750000e+02;-8.7139346e-02;1.1750000e+02;-1.3762324e-01;1.1750000e+02;-1.8882567e-01;1.1750000e+02;-1.0614167e-01;1.1750000e+02;-1.2314235e-01;1.1750000e+02;-1.2292326e-01;1.1750000e+02;-1.0418698e-01;1.1750000e+02;-6.5763354e-02;1.1750000e+02;-5.4145912e-03;1.1750000e+02;8.4816173e-02;1.1750000e+02;1.7021379e-01;1.1750000e+02;2.1260849e-01;1.1750000e+02;2.1833721e-01;1.1750000e+02;1.9144233e-01;1.1750000e+02;1.3477692e-01;1.1750000e+02;7.5566463e-02;1.1750000e+02;1.8534847e-02;1.1750000e+02;-3.5598636e-02;1.1750000e+02;-8.7139346e-02;1.1750000e+02;-1.3762324e-01;1.1750000e+02;-1.8882567e-01;1.1750000e+02;-1.0614167e-01;1.1750000e+02;-1.2314235e-01;1.1750000e+02;-1.2292326e-01;1.1750000e+02;-1.0418698e-01;1.1750000e+02;-6.5763354e-02;1.1750000e+02;-5.4145912e-03;1.1750000e+02;8.4816173e-02;1.1750000e+02;1.7021379e-01;1.1750000e+02;2.1260849e-01;1.1750000e+02;2.1833721e-01;1.1750000e+02;1.9144233e-01;1.1750000e+02;1.3477692e-01;1.1750000e+02;7.5566463e-02;1.1750000e+02;1.8534847e-02;1.1750000e+02;-3.5598636e-02;1.1750000e+02;-8.7139346e-02;1.1750000e+02;-1.3762324e-01;1.1750000e+02;-1.8882567e-01;1.1750000e+02;-1.0614167e-01;1.1750000e+02;-1.2314235e-01;1.1750000e+02;-1.2292326e-01;1.1750000e+02;-1.0418698e-01;1.1750000e+02;-6.5763354e-02;1.1750000e+02;-5.4145912e-03;1.1750000e+02;8.4816173e-02;1.1750000e+02;1.7021379e-01;1.1750000e+02;2.1260849e-01;1.1750000e+02;2.1833721e-01;1.1750000e+02;1.9144233e-01;1.1750000e+02;1.3477692e-01;1.1750000e+02;7.5566463e-02;1.1750000e+02;1.8534847e-02;1.1750000e+02;-3.5598636e-02;1.1750000e+02;-8.7139346e-02;1.1750000e+02;-1.3762324e-01;1.1750000e+02;-1.8882567e-01;1.1750000e+02;-1.0614167e-01;1.1750000e+02;-1.2314235e-01;1.1750000e+02;-1.2292326e-01;1.1750000e+02;-1.0418698e-01;1.1750000e+02;-6.5763354e-02;1.1750000e+02;-5.4145912e-03;1.1750000e+02;8.4816173e-02;1.1750000e+02;1.7021379e-01;1.1750000e+02;2.1260849e-01;1.1750000e+02;2.1833721e-01;1.1750000e+02;1.9144233e-01;1.1750000e+02;1.3477692e-01;1.1750000e+02;7.5566463e-02;1.1750000e+02;1.8534847e-02;1.1750000e+02;-3.5598636e-02;1.1750000e+02;-8.7139346e-02;1.1750000e+02;-1.3762324e-01;1.1750000e+02;-1.8882567e-01;1.1750000e+02;-1.0614167e-01;1.1750000e+02;-1.2314235e-01;1.1750000e+02;-1.2292326e-01;1.1750000e+02;-1.0418698e-01;1.1750000e+02;-6.5763354e-02;1.1750000e+02;-5.4145912e-03;1.1750000e+02;8.4816173e-02;1.1750000e+02;1.7021379e-01;1.1750000e+02;2.1260849e-01;1.1750000e+02;2.1833721e-01;1.1750000e+02;1.9144233e-01;1.1750000e+02;1.3477692e-01;1.1750000e+02;7.5566463e-02;1.1750000e+02;1.8534847e-02;1.1750000e+02;-3.5598636e-02;1.1750000e+02;-8.7139346e-02;1.1750000e+02;-1.3762324e-01;1.1750000e+02;-1.8882567e-01;1.1750000e+02;-1.0614167e-01;1.1750000e+02;-1.2314235e-01;1.1750000e+02;-1.2292326e-01;1.1750000e+02;-1.0418698e-01;1.1750000e+02;-6.5763354e-02;1.1750000e+02;-5.4145912e-03;1.1750000e+02;8.4816173e-02;1.1750000e+02;1.7021379e-01;1.1750000e+02;2.1260849e-01;1.1750000e+02;2.1833721e-01;1.1750000e+02;1.9144233e-01;1.1750000e+02;1.3477692e-01;1.1750000e+02;7.5566463e-02;1.1750000e+02;1.8534847e-02;1.1750000e+02;-3.5598636e-02;1.1750000e+02;-8.7139346e-02;1.1750000e+02;-1.3762324e-01;1.1750000e+02;-1.8882567e-01;1.1750000e+02;-1.0614167e-01;1.1750000e+02;-1.2314235e-01;1.1750000e+02;-1.2292326e-01;1.1750000e+02;-1.0418698e-01;1.1750000e+02;-6.5763354e-02;1.1750000e+02;-5.4145912e-03;1.1750000e+02;8.4816173e-02;1.1750000e+02;1.7021379e-01;1.1750000e+02;2.1260849e-01;1.1750000e+02;2.1833721e-01;1.1750000e+02;1.9144233e-01;1.1750000e+02;1.3477692e-01;1.1750000e+02;7.5566463e-02;1.1750000e+02;1.8534847e-02;1.1750000e+02;-3.5598636e-02;1.1750000e+02;-8.7139346e-02;1.1750000e+02;-1.3762324e-01;1.1750000e+02;-1.8882567e-01;1.1750000e+02;-1.0614167e-01;1.1750000e+02;-1.2314235e-01;1.1750000e+02;-1.2292326e-01;1.1750000e+02;-1.0418698e-01;1.1750000e+02;-6.5763354e-02;1.1750000e+02;-5.4145912e-03;1.1750000e+02;8.4816173e-02;1.1750000e+02;1.7021379e-01;1.1750000e+02;2.1260849e-01;1.1750000e+02;2.1833721e-01;1.1750000e+02;1.9144233e-01;1.1750000e+02;1.3477692e-01;1.1750000e+02;7.5566463e-02;1.1750000e+02;1.8534847e-02;1.1750000e+02;-3.5598636e-02;1.1750000e+02;-8.7139346e-02;1.1750000e+02;-1.3762324e-01;1.1750000e+02;-1.8882567e-01;1.1750000e+02;-1.0614167e-01;1.1750000e+02;-1.2314235e-01;1.1750000e+02;-1.2292326e-01;1.1750000e+02;-1.0418698e-01;1.1750000e+02;-6.5763354e-02;1.1750000e+02;-5.4145912e-03;1.1750000e+02;8.4816173e-02;1.1750000e+02;1.7021379e-01;1.1750000e+02;2.1260849e-01;1.1750000e+02;2.1833721e-01;1.1750000e+02;1.9144233e-01;1.1750000e+02;1.3477692e-01;1.1750000e+02;7.5566463e-02;1.1750000e+02;1.8534847e-02;1.1750000e+02;-3.5598636e-02;1.1750000e+02;-8.7139346e-02;1.1750000e+02;-1.3762324e-01;1.1750000e+02;-1.8882567e-01;1.1750000e+02;-1.0614167e-01;1.1750000e+02;-1.2314235e-01;1.1750000e+02;-1.2292326e-01;1.1750000e+02;-1.0418698e-01;1.1750000e+02;-6.5763354e-02;1.1750000e+02;-5.4145912e-03;1.1750000e+02;8.4816173e-02;1.1750000e+02;1.7021379e-01;1.1750000e+02;2.1260849e-01;1.1750000e+02;2.1833721e-01;1.1750000e+02;1.9144233e-01;1.1750000e+02;1.3477692e-01;1.1750000e+02;7.5566463e-02;1.1750000e+02;1.8534847e-02;1.1750000e+02;-3.5598636e-02;1.1750000e+02;-8.7139346e-02;1.1750000e+02;-1.3762324e-01;1.1750000e+02;-1.8882567e-01;1.1750000e+02;-1.0614167e-01;1.1750000e+02;-1.2314235e-01;1.1750000e+02;-1.2292326e-01;1.1750000e+02;-1.0418698e-01;1.1750000e+02;-6.5763354e-02;1.1750000e+02;-5.4145912e-03;1.1750000e+02;8.4816173e-02;1.1750000e+02;1.7021379e-01;1.1750000e+02;2.1260849e-01;1.1750000e+02;2.1833721e-01;1.1750000e+02;1.9144233e-01;1.1750000e+02;1.3477692e-01;1.1750000e+02;7.5566463e-02;1.1750000e+02;1.8534847e-02;1.1750000e+02;-3.5598636e-02;1.1750000e+02;-8.7139346e-02;1.1750000e+02;-1.3762324e-01;1.1750000e+02;-1.8882567e-01;1.1750000e+02;-1.0614167e-01;1.1750000e+02;-1.2314235e-01;1.1750000e+02;-1.2292326e-01;1.1750000e+02;-1.0418698e-01;1.1750000e+02;-6.5763354e-02;1.1750000e+02;-5.4145912e-03;1.1750000e+02;8.4816173e-02;1.1750000e+02;1.7021379e-01;1.1750000e+02;2.1260849e-01;1.1750000e+02;2.1833721e-01;1.1750000e+02;1.9144233e-01;1.1750000e+02;1.3477692e-01;1.1750000e+02;7.5566463e-02;1.1750000e+02;1.8534847e-02;1.1750000e+02;-3.5598636e-02;1.1750000e+02;-8.7139346e-02;1.1750000e+02;-1.3762324e-01;1.1750000e+02;-1.8882567e-01;1.1750000e+02;-1.0614167e-01;1.1750000e+02;-1.2314235e-01;1.1750000e+02;-1.2292326e-01;1.1750000e+02;-1.0418698e-01;1.1750000e+02;-6.5763354e-02;1.1750000e+02;-5.4145912e-03;1.1750000e+02;8.4816173e-02;1.1750000e+02;1.7021379e-01;1.1750000e+02;2.1260849e-01;1.1750000e+02;2.1833721e-01;1.1750000e+02;1.9144233e-01;1.1750000e+02;1.3477692e-01;1.1750000e+02;7.5566463e-02;1.1750000e+02;1.8534847e-02;1.1750000e+02;-3.5598636e-02;1.1750000e+02;-8.7139346e-02;1.1750000e+02;-1.3762324e-01;1.1750000e+02;-1.8882567e-01;1.1750000e+02;-1.0614167e-01;1.1750000e+02;-1.2314235e-01;1.1750000e+02;-1.2292326e-01;1.1750000e+02;-1.0418698e-01;1.1750000e+02;-6.5763354e-02;1.1750000e+02;-5.4145912e-03;1.1750000e+02;8.4816173e-02;1.1750000e+02;1.7021379e-01;1.1750000e+02;2.1260849e-01;1.1750000e+02;2.1833721e-01;1.1750000e+02;1.9144233e-01;1.1750000e+02;1.3477692e-01;1.1750000e+02;7.5566463e-02;1.1750000e+02;1.8534847e-02;1.1750000e+02;-3.5598636e-02;1.1750000e+02;-8.7139346e-02;1.1750000e+02;-1.3762324e-01;1.1750000e+02;-1.8882567e-01;1.1750000e+02;-1.0614167e-01;1.1750000e+02;-1.2314235e-01;1.1750000e+02;-1.2292326e-01;1.1750000e+02;-1.0418698e-01;1.1750000e+02;-6.5763354e-02;1.1750000e+02;-5.4145912e-03;1.1750000e+02;8.4816173e-02;1.1750000e+02;1.7021379e-01;1.1750000e+02;2.1260849e-01;1.1750000e+02;2.1833721e-01;1.1750000e+02;1.9144233e-01;1.1750000e+02;1.3477692e-01;1.1750000e+02;7.5566463e-02;1.1750000e+02;1.8534847e-02;1.1750000e+02;-3.5598636e-02;1.1750000e+02;-8.7139346e-02;1.1750000e+02;-1.3762324e-01;1.1750000e+02;-1.8882567e-01;1.1750000e+02;-1.0614167e-01;1.1750000e+02;-1.2314235e-01;1.1750000e+02;-1.2292326e-01;1.1750000e+02;-1.0418698e-01;1.1750000e+02;-6.5763354e-02;1.1750000e+02;-5.4145912e-03;1.1750000e+02;8.4816173e-02;1.1750000e+02;1.7021379e-01;1.1750000e+02;2.1260849e-01;1.1750000e+02;2.1833721e-01;1.1750000e+02;1.9144233e-01;1.1750000e+02;1.3477692e-01;1.1750000e+02;7.5566463e-02;1.1750000e+02;1.8534847e-02;1.1750000e+02;-3.5598636e-02;1.1750000e+02;-8.7139346e-02;1.1750000e+02;-1.3762324e-01;1.1750000e+02;-1.8882567e-01;1.1750000e+02;-1.0614167e-01;1.1750000e+02;-1.2314235e-01;1.1750000e+02;-1.2292326e-01;1.1750000e+02;-1.0418698e-01;1.1750000e+02;-6.5763354e-02;1.1750000e+02;-5.4145912e-03;1.1750000e+02;8.4816173e-02;1.1750000e+02;1.7021379e-01;1.1750000e+02;2.1260849e-01;1.1750000e+02;2.1833721e-01;1.1750000e+02;1.9144233e-01;1.1750000e+02;1.3477692e-01;1.1750000e+02;7.5566463e-02;1.1750000e+02;1.8534847e-02;1.1750000e+02;-3.5598636e-02;1.1750000e+02;-8.7139346e-02;1.1750000e+02;-1.3762324e-01;1.1750000e+02;-1.8882567e-01;1.1750000e+02;-1.0614167e-01;1.1750000e+02;-1.2314235e-01;1.1750000e+02;-1.2292326e-01;1.1750000e+02;-1.0418698e-01;1.1750000e+02;-6.5763354e-02;1.1750000e+02;-5.4145912e-03;1.1750000e+02;8.4816173e-02;1.1750000e+02;1.7021379e-01;1.1750000e+02;2.1260849e-01;1.1750000e+02;2.1833721e-01;1.1750000e+02;1.9144233e-01;1.1750000e+02;1.3477692e-01;1.1750000e+02;7.5566463e-02;1.1750000e+02;1.8534847e-02;1.1750000e+02;-3.5598636e-02;1.1750000e+02;-8.7139346e-02;1.1750000e+02;-1.3762324e-01;1.1750000e+02;-1.8882567e-01;1.1750000e+02;-1.0614167e-01;1.1750000e+02;-1.2314235e-01;1.1750000e+02;-1.2292326e-01;1.1750000e+02;-1.0418698e-01;1.1750000e+02;-6.5763354e-02;1.1750000e+02;-5.4145912e-03;1.1750000e+02;8.4816173e-02;1.1750000e+02;1.7021379e-01;1.1750000e+02;2.1260849e-01;1.1750000e+02;2.1833721e-01;1.1750000e+02;1.9144233e-01;1.1750000e+02;1.3477692e-01;1.1750000e+02;7.5566463e-02;1.1750000e+02;1.8534847e-02;1.1750000e+02;-3.5598636e-02;1.1750000e+02;-8.7139346e-02;1.1750000e+02;-1.3762324e-01;1.1750000e+02;-1.8882567e-01
1.2250000e+02;-1.0481042e-01;1.2250000e+02;-1.2236656e-01;1.2250000e+02;-1.2193935e-01;1.2250000e+02;-1.0171672e-01;1.2250000e+02;-6.1254181e-02;1.2250000e+02;2.5787340e-03;1.2250000e+02;9.2305116e-02;1.2250000e+02;1.6608939e-01;1.2250000e+02;1.9732000e-01;1.2250000e+02;2.0317569e-01;1.2250000e+02;1.8773317e-01;1.2250000e+02;1.3811456e-01;1.2250000e+02;8.3529316e-02;1.2250000e+02;2.9389299e-02;1.2250000e+02;-2.3098968e-02;1.2250000e+02;-7.1868338e-02;1.2250000e+02;-1.2128915e-01;1.2250000e+02;-1.7271475e-01;1.2250000e+02;-1.0481042e-01;1.2250000e+02;-1.2236656e-01;1.2250000e+02;-1.2193935e-01;1.2250000e+02;-1.0171672e-01;1.2250000e+02;-6.1254181e-02;1.2250000e+02;2.5787340e-03;1.2250000e+02;9.2305116e-02;1.2250000e+02;1.6608939e-01;1.2250000e+02;1.9732000e-01;1.2250000e+02;2.0317569e-01;1.2250000e+02;1.8773317e-01;1.2250000e+02;1.3811456e-01;1.2250000e+02;8.3529316e-02;1.2250000e+02;2.9389299e-02;1.2250000e+02;-2.3098968e-02;1.2250000e+02;-7.1868338e-02;1.2250000e+02;-1.2128915e-01;1.2250000e+02;-1.7271475e-01;1.2250000e+02;-1.0481042e-01;1.2250000e+02;-1.2236656e-01;1.2250000e+02;-1.2193935e-01;1.2250000e+02;-1.0171672e-01;1.2250000e+02;-6.1254181e-02;1.2250000e+02;2.5787340e-03;1.2250000e+02;9.2305116e-02;1.2250000e+02;1.6608939e-01;1.2250000e+02;1.9732000e-01;1.2250000e+02;2.0317569e-01;1.2250000e+02;1.8773317e-01;1.2250000e+02;1.3811456e-01;1.2250000e+02;8.3529316e-02;1.2250000e+02;2.9389299e-02;1.2250000e+02;-2.3098968e-02;1.2250000e+02;-7.1868338e-02;1.2250000e+02;-1.2128915e-01;1.2250000e+02;-1.7271475e-01;1.2250000e+02;-1.0481042e-01;1.2250000e+02;-1.2236656e-01;1.2250000e+02;-1.2193935e-01;1.2250000e+02;-1.0171672e-01;1.2250000e+02;-6.1254181e-02;1.2250000e+02;2.5787340e-03;1.2250000e+02;9.2305116e-02;1.2250000e+02;1.6608939e-01;1.2250000e+02;1.9732000e-01;1.2250000e+02;2.0317569e-01;1.2250000e+02;1.8773317e-01;1.2250000e+02;1.3811456e-01;1.2250000e+02;8.3529316e-02;1.2250000e+02;2.9389299e-02;1.2250000e+02;-2.3098968e-02;1.2250000e+02;-7.1868338e-02;1.2250000e+02;-1.2128915e-01;1.2250000e+02;-1.7271475e-01;1.2250000e+02;-1.0481042e-01;1.2250000e+02;-1.2236656e-01;1.2250000e+02;-1.2193935e-01;1.2250000e+02;-1.0171672e-01;1.2250000e+02;-6.1254181e-02;1.2250000e+02;2.5787340e-03;1.2250000e+02;9.2305116e-02;1.2250000e+02;1.6608939e-01;1.2250000e+02;1.9732000e-01;1.2250000e+02;2.0317569e-01;1.2250000e+02;1.8773317e-01;1.2250000e+02;1.3811456e-01;1.2250000e+02;8.3529316e-02;1.2250000e+02;2.9389299e-02;1.2250000e+02;-2.3098968e-02;1.2250000e+02;-7.1868338e-02;1.2250000e+02;-1.2128915e-01;1.2250000e+02;-1.7271475e-01;1.2250000e+02;-1.0481042e-01;1.2250000e+02;-1.2236656e-01;1.2250000e+02;-1.2193935e-01;1.2250000e+02;-1.0171672e-01;1.2250000e+02;-6.1254181e-02;1.2250000e+02;2.5787340e-03;1.2250000e+02;9.2305116e-02;1.2250000e+02;1.6608939e-01;1.2250000e+02;1.9732000e-01;1.2250000e+02;2.0317569e-01;1.2250000e+02;1.8773317e-01;1.2250000e+02;1.3811456e-01;1.2250000e+02;8.3529316e-02;1.2250000e+02;2.9389299e-02;1.2250000e+02;-2.3098968e-02;1.2250000e+02;-7.1868338e-02;1.2250000e+02;-1.2128915e-01;1.2250000e+02;-1.7271475e-01;1.2250000e+02;-1.0481042e-01;1.2250000e+02;-1.2236656e-01;1.2250000e+02;-1.2193935e-01;1.2250000e+02;-1.0171672e-01;1.2250000e+02;-6.1254181e-02;1.2250000e+02;2.5787340e-03;1.2250000e+02;9.2305116e-02;1.2250000e+02;1.6608939e-01;1.2250000e+02;1.9732000e-01;1.2250000e+02;2.0317569e-01;1.2250000e+02;1.8773317e-01;1.2250000e+02;1.3811456e-01;1.2250000e+02;8.3529316e-02;1.2250000e+02;2.9389299e-02;1.2250000e+02;-2.3098968e-02;1.2250000e+02;-7.1868338e-02;1.2250000e+02;-1.2128915e-01;1.2250000e+02;-1.7271475e-01;1.2250000e+02;-1.0481042e-01;1.2250000e+02;-1.2236656e-01;1.2250000e+02;-1.2193935e-01;1.2250000e+02;-1.0171672e-01;1.2250000e+02;-6.1254181e-02;1.2250000e+02;2.5787340e-03;1.2250000e+02;9.2305116e-02;1.2250000e+02;1.6608939e-01;1.2250000e+02;1.9732000e-01;1.2250000e+02;2.0317569e-01;1.2250000e+02;1.8773317e-01;1.2250000e+02;1.3811456e-01;1.2250000e+02;8.3529316e-02;1.2250000e+02;2.9389299e-02;1.2250000e+02;-2.3098968e-02;1.2250000e+02;-7.1868338e-02;1.2250000e+02;-1.2128915e-01;1.2250000e+02;-1.7271475e-01;1.2250000e+02;-1.0481042e-01;1.2250000e+02;-1.2236656e-01;1.2250000e+02;-1.2193935e-01;1.2250000e+02;-1.0171672e-01;1.2250000e+02;-6.1254181e-02;1.2250000e+02;2.5787340e-03;1.2250000e+02;9.2305116e-02;1.2250000e+02;1.6608939e-01;1.2250000e+02;1.9732000e-01;1.2250000e+02;2.0317569e-01;1.2250000e+02;1.8773317e-01;1.2250000e+02;1.3811456e-01;1.2250000e+02;8.3529316e-02;1.2250000e+02;2.9389299e-02;1.2250000e+02;-2.3098968e-02;1.2250000e+02;-7.1868338e-02;1.2250000e+02;-1.2128915e-01;1.2250000e+02;-1.7271475e-01;1.2250000e+02;-1.0481042e-01;1.2250000e+02;-1.2236656e-01;1.2250000e+02;-1.2193935e-01;1.2250000e+02;-1.0171672e-01;1.2250000e+02;-6.1254181e-02;1.2250000e+02;2.5787340e-03;1.2250000e+02;9.2305116e-02;1.2250000e+02;1.6608939e-01;1.2250000e+02;1.9732000e-01;1.2250000e+02;2.0317569e-01;1.2250000e+02;1.8773317e-01;1.2250000e+02;1.3811456e-01;1.2250000e+02;8.3529316e-02;1.2250000e+02;2.9389299e-02;1.2250000e+02;-2.3098968e-02;1.2250000e+02;-7.1868338e-02;1.2250000e+02;-1.2128915e-01;1.2250000e+02;-1.7271475e-01;1.2250000e+02;-1.0481042e-01;1.2250000e+02;-1.2236656e-01;1.2250000e+02;-1.2193935e-01;1.2250000e+02;-1.0171672e-01;1.2250000e+02;-6.1254181e-02;1.2250000e+02;2.5787340e-03;1.2250000e+02;9.2305116e-02;1.2250000e+02;1.6608939e-01;1.2250000e+02;1.9732000e-01;1.2250000e+02;2.0317569e-01;1.2250000e+02;1.8773317e-01;1.2250000e+02;1.3811456e-01;1.2250000e+02;8.3529316e-02;1.2250000e+02;2.9389299e-02;1.2250000e+02;-2.3098968e-02;1.2250000e+02;-7.1868338e-02;1.2250000e+02;-1.2128915e-01;1.2250000e+02;-1.7271475e-01;1.2250000e+02;-1.0481042e-01;1.2250000e+02;-1.2236656e-01;1.2250000e+02;-1.2193935e-01;1.2250000e+02;-1.0171672e-01;1.2250000e+02;-6.1254181e-02;1.2250000e+02;2.5787340e-03;1.2250000e+02;9.2305116e-02;1.2250000e+02;1.6608939e-01;1.2250000e+02;1.9732000e-01;1.2250000e+02;2.0317569e-01;1.2250000e+02;1.8773317e-01;1.2250000e+02;1.3811456e-01;1.2250000e+02;8.3529316e-02;1.2250000e+02;2.9389299e-02;1.2250000e+02;-2.3098968e-02;1.2250000e+02;-7.1868338e-02;1.2250000e+02;-1.2128915e-01;1.2250000e+02;-1.7271475e-01;1.2250000e+02;-1.0481042e-01;1.2250000e+02;-1.2236656e-01;1.2250000e+02;-1.2193935e-01;1.2250000e+02;-1.0171672e-01;1.2250000e+02;-6.1254181e-02;1.2250000e+02;2.5787340e-03;1.2250000e+02;9.2305116e-02;1.2250000e+02;1.6608939e-01;1.2250000e+02;1.9732000e-01;1.2250000e+02;2.0317569e-01;1.2250000e+02;1.8773317e-01;1.2250000e+02;1.3811456e-01;1.2250000e+02;8.3529316e-02;1.2250000e+02;2.9389299e-02;1.2250000e+02;-2.3098968e-02;1.2250000e+02;-7.1868338e-02;1.2250000e+02;-1.2128915e-01;1.2250000e+02;-1.7271475e-01;1.2250000e+02;-1.0481042e-01;1.2250000e+02;-1.2236656e-01;1.2250000e+02;-1.2193935e-01;1.2250000e+02;-1.0171672e-01;1.2250000e+02;-6.1254181e-02;1.2250000e+02;2.5787340e-03;1.2250000e+02;9.2305116e-02;1.2250000e+02;1.6608939e-01;1.2250000e+02;1.9732000e-01;1.2250000e+02;2.0317569e-01;1.2250000e+02;1.8773317e-01;1.2250000e+02;1.3811456e-01;1.2250000e+02;8.3529316e-02;1.2250000e+02;2.9389299e-02;1.2250000e+02;-2.3098968e-02;1.2250000e+02;-7.1868338e-02;1.2250000e+02;-1.2128915e-01;1.2250000e+02;-1.7271475e-01;1.2250000e+02;-1.0481042e-01;1.2250000e+02;-1.2236656e-01;1.2250000e+02;-1.2193935e-01;1.2250000e+02;-1.0171672e-01;1.2250000e+02;-6.1254181e-02;1.2250000e+02;2.5787340e-03;1.2250000e+02;9.2305116e-02;1.2250000e+02;1.6608939e-01;1.2250000e+02;1.9732000e-01;1.2250000e+02;2.0317569e-01;1.2250000e+02;1.8773317e-01;1.2250000e+02;1.3811456e-01;1.2250000e+02;8.3529316e-02;1.2250000e+02;2.9389299e-02;1.2250000e+02;-2.3098968e-02;1.2250000e+02;-7.1868338e-02;1.2250000e+02;-1.2128915e-01;1.2250000e+02;-1.7271475e-01;1.2250000e+02;-1.0481042e-01;1.2250000e+02;-1.2236656e-01;1.2250000e+02;-1.2193935e-01;1.2250000e+02;-1.0171672e-01;1.2250000e+02;-6.1254181e-02;1.2250000e+02;2.5787340e-03;1.2250000e+02;9.2305116e-02;1.2250000e+02;1.6608939e-01;1.2250000e+02;1.9732000e-01;1.2250000e+02;2.0317569e-01;1.2250000e+02;1.8773317e-01;1.2250000e+02;1.3811456e-01;1.2250000e+02;8.3529316e-02;1.2250000e+02;2.9389299e-02;1.2250000e+02;-2.3098968e-02;1.2250000e+02;-7.1868338e-02;1.2250000e+02;-1.2128915e-01;1.2250000e+02;-1.7271475e-01;1.2250000e+02;-1.0481042e-01;1.2250000e+02;-1.2236656e-01;1.2250000e+02;-1.2193935e-01;1.2250000e+02;-1.0171672e-01;1.2250000e+02;-6.1254181e-02;1.2250000e+02;2.5787340e-03;1.2250000e+02;9.2305116e-02;1.2250000e+02;1.6608939e-01;1.2250000e+02;1.9732000e-01;1.2250000e+02;2.0317569e-01;1.2250000e+02;1.8773317e-01;1.2250000e+02;1.3811456e-01;1.2250000e+02;8.3529316e-02;1.2250000e+02;2.9389299e-02;1.2250000e+02;-2.3098968e-02;1.2250000e+02;-7.1868338e-02;1.2250000e+02;-1.2128915e-01;1.2250000e+02;-1.7271475e-01;1.2250000e+02;-1.0481042e-01;1.2250000e+02;-1.2236656e-01;1.2250000e+02;-1.2193935e-01;1.2250000e+02;-1.0171672e-01;1.2250000e+02;-6.1254181e-02;1.2250000e+02;2.5787340e-03;1.2250000e+02;9.2305116e-02;1.2250000e+02;1.6608939e-01;1.2250000e+02;1.9732000e-01;1.2250000e+02;2.0317569e-01;1.2250000e+02;1.8773317e-01;1.2250000e+02;1.3811456e-01;1.2250000e+02;8.3529316e-02;1.2250000e+02;2.9389299e-02;1.2250000e+02;-2.3098968e-02;1.2250000e+02;-7.1868338e-02;1.2250000e+02;-1.2128915e-01;1.2250000e+02;-1.7271475e-01;1.2250000e+02;-1.0481042e-01;1.2250000e+02;-1.2236656e-01;1.2250000e+02;-1.2193935e-01;1.2250000e+02;-1.0171672e-01;1.2250000e+02;-6.1254181e-02;1.2250000e+02;2.5787340e-03;1.2250000e+02;9.2305116e-02;1.2250000e+02;1.6608939e-01;1.2250000e+02;1.9732000e-01;1.2250000e+02;2.0317569e-01;1.2250000e+02;1.8773317e-01;1.2250000e+02;1.3811456e-01;1.2250000e+02;8.3529316e-02;1.2250000e+02;2.9389299e-02;1.2250000e+02;-2.3098968e-02;1.2250000e+02;-7.1868338e-02;1.2250000e+02;-1.2128915e-01;1.2250000e+02;-1.7271475e-01;1.2250000e+02;-1.0481042e-01;1.2250000e+02;-1.2236656e-01;1.2250000e+02;-1.2193935e-01;1.2250000e+02;-1.0171672e-01;1.2250000e+02;-6.1254181e-02;1.2250000e+02;2.5787340e-03;1.2250000e+02;9.2305116e-02;1.2250000e+02;1.6608939e-01;1.2250000e+02;1.9732000e-01;1.2250000e+02;2.0317569e-01;1.2250000e+02;1.8773317e-01;1.2250000e+02;1.3811456e-01;1.2250000e+02;8.3529316e-02;1.2250000e+02;2.9389299e-02;1.2250000e+02;-2.3098968e-02;1.2250000e+02;-7.1868338e-02;1.2250000e+02;-1.2128915e-01;1.2250000e+02;-1.7271475e-01;1.2250000e+02;-1.0481042e-01;1.2250000e+02;-1.2236656e-01;1.2250000e+02;-1.2193935e-01;1.2250000e+02;-1.0171672e-01;1.2250000e+02;-6.1254181e-02;1.2250000e+02;2.5787340e-03;1.2250000e+02;9.2305116e-02;1.2250000e+02;1.6608939e-01;1.2250000e+02;1.9732000e-01;1.2250000e+02;2.0317569e-01;1.2250000e+02;1.8773317e-01;1.2250000e+02;1.3811456e-01;1.2250000e+02;8.3529316e-02;1.2250000e+02;2.9389299e-02;1.2250000e+02;-2.3098968e-02;1.2250000e+02;-7.1868338e-02;1.2250000e+02;-1.2128915e-01;1.2250000e+02;-1.7271475e-01;1.2250000e+02;-1.0481042e-01;1.2250000e+02;-1.2236656e-01;1.2250000e+02;-1.2193935e-01;1.2250000e+02;-1.0171672e-01;1.2250000e+02;-6.1254181e-02;1.2250000e+02;2.5787340e-03;1.2250000e+02;9.2305116e-02;1.2250000e+02;1.6608939e-01;1.2250000e+02;1.9732000e-01;1.2250000e+02;2.0317569e-01;1.2250000e+02;1.8773317e-01;1.2250000e+02;1.3811456e-01;1.2250000e+02;8.3529316e-02;1.2250000e+02;2.9389299e-02;1.2250000e+02;-2.3098968e-02;1.2250000e+02;-7.1868338e-02;1.2250000e+02;-1.2128915e-01;1.2250000e+02;-1.7271475e-01;1.2250000e+02;-1.0481042e-01;1.2250000e+02;-1.2236656e-01;1.2250000e+02;-1.2193935e-01;1.2250000e+02;-1.0171672e-01;1.2250000e+02;-6.1254181e-02;1.2250000e+02;2.5787340e-03;1.2250000e+02;9.2305116e-02;1.2250000e+02;1.6608939e-01;1.2250000e+02;1.9732000e-01;1.2250000e+02;2.0317569e-01;1.2250000e+02;1.8773317e-01;1.2250000e+02;1.3811456e-01;1.2250000e+02;8.3529316e-02;1.2250000e+02;2.9389299e-02;1.2250000e+02;-2.3098968e-02;1.2250000e+02;-7.1868338e-02;1.2250000e+02;-1.2128915e-01;1.2250000e+02;-1.7271475e-01;1.2250000e+02;-1.0481042e-01;1.2250000e+02;-1.2236656e-01;1.2250000e+02;-1.2193935e-01;1.2250000e+02;-1.0171672e-01;1.2250000e+02;-6.1254181e-02;1.2250000e+02;2.5787340e-03;1.2250000e+02;9.2305116e-02;1.2250000e+02;1.6608939e-01;1.2250000e+02;1.9732000e-01;1.2250000e+02;2.0317569e-01;1.2250000e+02;1.8773317e-01;1.2250000e+02;1.3811456e-01;1.2250000e+02;8.3529316e-02;1.2250000e+02;2.9389299e-02;1.2250000e+02;-2.3098968e-02;1.2250000e+02;-7.1868338e-02;1.2250000e+02;-1.2128915e-01;1.2250000e+02;-1.7271475e-01;1.2250000e+02;-1.0481042e-01;1.2250000e+02;-1.2236656e-01;1.2250000e+02;-1.2193935e-01;1.2250000e+02;-1.0171672e-01;1.2250000e+02;-6.1254181e-02;1.2250000e+02;2.5787340e-03;1.2250000e+02;9.2305116e-02;1.2250000e+02;1.6608939e-01;1.2250000e+02;1.9732000e-01;1.2250000e+02;2.0317569e-01;1.2250000e+02;1.8773317e-01;1.2250000e+02;1.3811456e-01;1.2250000e+02;8.3529316e-02;1.2250000e+02;2.9389299e-02;1.2250000e+02;-2.3098968e-02;1.2250000e+02;-7.1868338e-02;1.2250000e+02;-1.2128915e-01;1.2250000e+02;-1.7271475e-01;1.2250000e+02;-1.0481042e-01;1.2250000e+02;-1.2236656e-01;1.2250000e+02;-1.2193935e-01;1.2250000e+02;-1.0171672e-01;1.2250000e+02;-6.1254181e-02;1.2250000e+02;2.5787340e-03;1.2250000e+02;9.2305116e-02;1.2250000e+02;1.6608939e-01;1.2250000e+02;1.9732000e-01;1.2250000e+02;2.0317569e-01;1.2250000e+02;1.8773317e-01;1.2250000e+02;1.3811456e-01;1.2250000e+02;8.3529316e-02;1.2250000e+02;2.9389299e-02;1.2250000e+02;-2.3098968e-02;1.2250000e+02;-7.1868338e-02;1.2250000e+02;-1.2128915e-01;1.2250000e+02;-1.7271475e-01;1.2250000e+02;-1.0481042e-01;1.2250000e+02;-1.2236656e-01;1.2250000e+02;-1.2193935e-01;1.2250000e+02;-1.0171672e-01;1.2250000e+02;-6.1254181e-02;1.2250000e+02;2.5787340e-03;1.2250000e+02;9.2305116e-02;1.2250000e+02;1.6608939e-01;1.2250000e+02;1.9732000e-01;1.2250000e+02;2.0317569e-01;1.2250000e+02;1.8773317e-01;1.2250000e+02;1.3811456e-01;1.2250000e+02;8.3529316e-02;1.2250000e+02;2.9389299e-02;1.2250000e+02;-2.3098968e-02;1.2250000e+02;-7.1868338e-02;1.2250000e+02;-1.2128915e-01;1.2250000e+02;-1.7271475e-01;1.2250000e+02;-1.0481042e-01;1.2250000e+02;-1.2236656e-01;1.2250000e+02;-1.2193935e-01;1.2250000e+02;-1.0171672e-01;1.2250000e+02;-6.1254181e-02;1.2250000e+02;2.5787340e-03;1.2250000e+02;9.2305116e-02;1.2250000e+02;1.6608939e-01;1.2250000e+02;1.9732000e-01;1.2250000e+02;2.0317569e-01;1.2250000e+02;1.8773317e-01;1.2250000e+02;1.3811456e-01;1.2250000e+02;8.3529316e-02;1.2250000e+02;2.9389299e-02;1.2250000e+02;-2.3098968e-02;1.2250000e+02;-7.1868338e-02;1.2250000e+02;-1.2128915e-01;1.2250000e+02;-1.7271475e-01;1.2250000e+02;-1.0481042e-01;1.2250000e+02;-1.2236656e-01;1.2250000e+02;-1.2193935e-01;1.2250000e+02;-1.0171672e-01;1.2250000e+02;-6.1254181e-02;1.2250000e+02;2.5787340e-03;1.2250000e+02;9.2305116e-02;1.2250000e+02;1.6608939e-01;1.2250000e+02;1.9732000e-01;1.2250000e+02;2.0317569e-01;1.2250000e+02;1.8773317e-01;1.2250000e+02;1.3811456e-01;1.2250000e+02;8.3529316e-02;1.2250000e+02;2.9389299e-02;1.2250000e+02;-2.3098968e-02;1.2250000e+02;-7.1868338e-02;1.2250000e+02;-1.2128915e-01;1.2250000e+02;-1.7271475e-01;1.2250000e+02;-1.0481042e-01;1.2250000e+02;-1.2236656e-01;1.2250000e+02;-1.2193935e-01;1.2250000e+02;-1.0171672e-01;1.2250000e+02;-6.1254181e-02;1.2250000e+02;2.5787340e-03;1.2250000e+02;9.2305116e-02;1.2250000e+02;1.6608939e-01;1.2250000e+02;1.9732000e-01;1.2250000e+02;2.0317569e-01;1.2250000e+02;1.8773317e-01;1.2250000e+02;1.3811456e-01;1.2250000e+02;8.3529316e-02;1.2250000e+02;2.9389299e-02;1.2250000e+02;-2.3098968e-02;1.2250000e+02;-7.1868338e-02;1.2250000e+02;-1.2128915e-01;1.2250000e+02;-1.7271475e-01;1.2250000e+02;-1.0481042e-01;1.2250000e+02;-1.2236656e-01;1.2250000e+02;-1.2193935e-01;1.2250000e+02;-1.0171672e-01;1.2250000e+02;-6.1254181e-02;1.2250000e+02;2.5787340e-03;1.2250000e+02;9.2305116e-02;1.2250000e+02;1.6608939e-01;1.2250000e+02;1.9732000e-01;1.2250000e+02;2.0317569e-01;1.2250000e+02;1.8773317e-01;1.2250000e+02;1.3811456e-01;1.2250000e+02;8.3529316e-02;1.2250000e+02;2.9389299e-02;1.2250000e+02;-2.3098968e-02;1.2250000e+02;-7.1868338e-02;1.2250000e+02;-1.2128915e-01;1.2250000e+02;-1.7271475e-01;1.2250000e+02;-1.0481042e-01;1.2250000e+02;-1.2236656e-01;1.2250000e+02;-1.2193935e-01;1.2250000e+02;-1.0171672e-01;1.2250000e+02;-6.1254181e-02;1.2250000e+02;2.5787340e-03;1.2250000e+02;9.2305116e-02;1.2250000e+02;1.6608939e-01;1.2250000e+02;1.9732000e-01;1.2250000e+02;2.0317569e-01;1.2250000e+02;1.8773317e-01;1.2250000e+02;1.3811456e-01;1.2250000e+02;8.3529316e-02;1.2250000e+02;2.9389299e-02;1.2250000e+02;-2.3098968e-02;1.2250000e+02;-7.1868338e-02;1.2250000e+02;-1.2128915e-01;1.2250000e+02;-1.7271475e-01;1.2250000e+02;-1.0481042e-01;1.2250000e+02;-1.2236656e-01;1.2250000e+02;-1.2193935e-01;1.2250000e+02;-1.0171672e-01;1.2250000e+02;-6.1254181e-02;1.2250000e+02;2.5787340e-03;1.2250000e+02;9.2305116e-02;1.2250000e+02;1.6608939e-01;1.2250000e+02;1.9732000e-01;1.2250000e+02;2.0317569e-01;1.2250000e+02;1.8773317e-01;1.2250000e+02;1.3811456e-01;1.2250000e+02;8.3529316e-02;1.2250000e+02;2.9389299e-02;1.2250000e+02;-2.3098968e-02;1.2250000e+02;-7.1868338e-02;1.2250000e+02;-1.2128915e-01;1.2250000e+02;-1.7271475e-01;1.2250000e+02;-1.0481042e-01;1.2250000e+02;-1.2236656e-01;1.2250000e+02;-1.2193935e-01;1.2250000e+02;-1.0171672e-01;1.2250000e+02;-6.1254181e-02;1.2250000e+02;2.5787340e-03;1.2250000e+02;9.2305116e-02;1.2250000e+02;1.6608939e-01;1.2250000e+02;1.9732000e-01;1.2250000e+02;2.0317569e-01;1.2250000e+02;1.8773317e-01;1.2250000e+02;1.3811456e-01;1.2250000e+02;8.3529316e-02;1.2250000e+02;2.9389299e-02;1.2250000e+02;-2.3098968e-02;1.2250000e+02;-7.1868338e-02;1.2250000e+02;-1.2128915e-01;1.2250000e+02;-1.7271475e-01;1.2250000e+02;-1.0481042e-01;1.2250000e+02;-1.2236656e-01;1.2250000e+02;-1.2193935e-01;1.2250000e+02;-1.0171672e-01;1.2250000e+02;-6.1254181e-02;1.2250000e+02;2.5787340e-03;1.2250000e+02;9.2305116e-02;1.2250000e+02;1.6608939e-01;1.2250000e+02;1.9732000e-01;1.2250000e+02;2.0317569e-01;1.2250000e+02;1.8773317e-01;1.2250000e+02;1.3811456e-01;1.2250000e+02;8.3529316e-02;1.2250000e+02;2.9389299e-02;1.2250000e+02;-2.3098968e-02;1.2250000e+02;-7.1868338e-02;1.2250000e+02;-1.2128915e-01;1.2250000e+02;-1.7271475e-01;1.2250000e+02;-1.0481042e-01;1.2250000e+02;-1.2236656e-01;1.2250000e+02;-1.2193935e-01;1.2250000e+02;-1.0171672e-01;1.2250000e+02;-6.1254181e-02;1.2250000e+02;2.5787340e-03;1.2250000e+02;9.2305116e-02;1.2250000e+02;1.6608939e-01;1.2250000e+02;1.9732000e-01;1.2250000e+02;2.0317569e-01;1.2250000e+02;1.8773317e-01;1.2250000e+02;1.3811456e-01;1.2250000e+02;8.3529316e-02;1.2250000e+02;2.9389299e-02;1.2250000e+02;-2.3098968e-02;1.2250000e+02;-7.1868338e-02;1.2250000e+02;-1.2128915e-01;1.2250000e+02;-1.7271475e-01;1.2250000e+02;-1.0481042e-01;1.2250000e+02;-1.2236656e-01;1.2250000e+02;-1.2193935e-01;1.2250000e+02;-1.0171672e-01;1.2250000e+02;-6.1254181e-02;1.2250000e+02;2.5787340e-03;1.2250000e+02;9.2305116e-02;1.2250000e+02;1.6608939e-01;1.2250000e+02;1.9732000e-01;1.2250000e+02;2.0317569e-01;1.2250000e+02;1.8773317e-01;1.2250000e+02;1.3811456e-01;1.2250000e+02;8.3529316e-02;1.2250000e+02;2.9389299e-02;1.2250000e+02;-2.3098968e-02;1.2250000e+02;-7.1868338e-02;1.2250000e+02;-1.2128915e-01;1.2250000e+02;-1.7271475e-01;1.2250000e+02;-1.0481042e-01;1.2250000e+02;-1.2236656e-01;1.2250000e+02;-1.2193935e-01;1.2250000e+02;-1.0171672e-01;1.2250000e+02;-6.1254181e-02;1.2250000e+02;2.5787340e-03;1.2250000e+02;9.2305116e-02;1.2250000e+02;1.6608939e-01;1.2250000e+02;1.9732000e-01;1.2250000e+02;2.0317569e-01;1.2250000e+02;1.8773317e-01;1.2250000e+02;1.3811456e-01;1.2250000e+02;8.3529316e-02;1.2250000e+02;2.9389299e-02;1.2250000e+02;-2.3098968e-02;1.2250000e+02;-7.1868338e-02;1.2250000e+02;-1.2128915e-01;1.2250000e+02;-1.7271475e-01;1.2250000e+02;-1.0481042e-01;1.2250000e+02;-1.2236656e-01;1.2250000e+02;-1.2193935e-01;1.2250000e+02;-1.0171672e-01;1.2250000e+02;-6.1254181e-02;1.2250000e+02;2.5787340e-03;1.2250000e+02;9.2305116e-02;1.2250000e+02;1.6608939e-01;1.2250000e+02;1.9732000e-01;1.2250000e+02;2.0317569e-01;1.2250000e+02;1.8773317e-01;1.2250000e+02;1.3811456e-01;1.2250000e+02;8.3529316e-02;1.2250000e+02;2.9389299e-02;1.2250000e+02;-2.3098968e-02;1.2250000e+02;-7.1868338e-02;1.2250000e+02;-1.2128915e-01;1.2250000e+02;-1.7271475e-01;1.2250000e+02;-1.0481042e-01;1.2250000e+02;-1.2236656e-01;1.2250000e+02;-1.2193935e-01;1.2250000e+02;-1.0171672e-01;1.2250000e+02;-6.1254181e-02;1.2250000e+02;2.5787340e-03;1.2250000e+02;9.2305116e-02;1.2250000e+02;1.6608939e-01;1.2250000e+02;1.9732000e-01;1.2250000e+02;2.0317569e-01;1.2250000e+02;1.8773317e-01;1.2250000e+02;1.3811456e-01;1.2250000e+02;8.3529316e-02;1.2250000e+02;2.9389299e-02;1.2250000e+02;-2.3098968e-02;1.2250000e+02;-7.1868338e-02;1.2250000e+02;-1.2128915e-01;1.2250000e+02;-1.7271475e-01;1.2250000e+02;-1.0481042e-01;1.2250000e+02;-1.2236656e-01;1.2250000e+02;-1.2193935e-01;1.2250000e+02;-1.0171672e-01;1.2250000e+02;-6.1254181e-02;1.2250000e+02;2.5787340e-03;1.2250000e+02;9.2305116e-02;1.2250000e+02;1.6608939e-01;1.2250000e+02;1.9732000e-01;1.2250000e+02;2.0317569e-01;1.2250000e+02;1.8773317e-01;1.2250000e+02;1.3811456e-01;1.2250000e+02;8.3529316e-02;1.2250000e+02;2.9389299e-02;1.2250000e+02;-2.3098968e-02;1.2250000e+02;-7.1868338e-02;1.2250000e+02;-1.2128915e-01;1.2250000e+02;-1.7271475e-01;1.2250000e+02;-1.0481042e-01;1.2250000e+02;-1.2236656e-01;1.2250000e+02;-1.2193935e-01;1.2250000e+02;-1.0171672e-01;1.2250000e+02;-6.1254181e-02;1.2250000e+02;2.5787340e-03;1.2250000e+02;9.2305116e-02;1.2250000e+02;1.6608939e-01;1.2250000e+02;1.9732000e-01;1.2250000e+02;2.0317569e-01;1.2250000e+02;1.8773317e-01;1.2250000e+02;1.3811456e-01;1.2250000e+02;8.3529316e-02;1.2250000e+02;2.9389299e-02;1.2250000e+02;-2.3098968e-02;1.2250000e+02;-7.1868338e-02;1.2250000e+02;-1.2128915e-01;1.2250000e+02;-1.7271475e-01;1.2250000e+02;-1.0481042e-01;1.2250000e+02;-1.2236656e-01;1.2250000e+02;-1.2193935e-01;1.2250000e+02;-1.0171672e-01;1.2250000e+02;-6.1254181e-02;1.2250000e+02;2.5787340e-03;1.2250000e+02;9.2305116e-02;1.2250000e+02;1.6608939e-01;1.2250000e+02;1.9732000e-01;1.2250000e+02;2.0317569e-01;1.2250000e+02;1.8773317e-01;1.2250000e+02;1.3811456e-01;1.2250000e+02;8.3529316e-02;1.2250000e+02;2.9389299e-02;1.2250000e+02;-2.3098968e-02;1.2250000e+02;-7.1868338e-02;1.2250000e+02;-1.2128915e-01;1.2250000e+02;-1.7271475e-01;1.2250000e+02;-1.0481042e-01;1.2250000e+02;-1.2236656e-01;1.2250000e+02;-1.2193935e-01;1.2250000e+02;-1.0171672e-01;1.2250000e+02;-6.1254181e-02;1.2250000e+02;2.5787340e-03;1.2250000e+02;9.2305116e-02;1.2250000e+02;1.6608939e-01;1.2250000e+02;1.9732000e-01;1.2250000e+02;2.0317569e-01;1.2250000e+02;1.8773317e-01;1.2250000e+02;1.3811456e-01;1.2250000e+02;8.3529316e-02;1.2250000e+02;2.9389299e-02;1.2250000e+02;-2.3098968e-02;1.2250000e+02;-7.1868338e-02;1.2250000e+02;-1.2128915e-01;1.2250000e+02;-1.7271475e-01;1.2250000e+02;-1.0481042e-01;1.2250000e+02;-1.2236656e-01;1.2250000e+02;-1.2193935e-01;1.2250000e+02;-1.0171672e-01;1.2250000e+02;-6.1254181e-02;1.2250000e+02;2.5787340e-03;1.2250000e+02;9.2305116e-02;1.2250000e+02;1.6608939e-01;1.2250000e+02;1.9732000e-01;1.2250000e+02;2.0317569e-01;1.2250000e+02;1.8773317e-01;1.2250000e+02;1.3811456e-01;1.2250000e+02;8.3529316e-02;1.2250000e+02;2.9389299e-02;1.2250000e+02;-2.3098968e-02;1.2250000e+02;-7.1868338e-02;1.2250000e+02;-1.2128915e-01;1.2250000e+02;-1.7271475e-01;1.2250000e+02;-1.0481042e-01;1.2250000e+02;-1.2236656e-01;1.2250000e+02;-1.2193935e-01;1.2250000e+02;-1.0171672e-01;1.2250000e+02;-6.1254181e-02;1.2250000e+02;2.5787340e-03;1.2250000e+02;9.2305116e-02;1.2250000e+02;1.6608939e-01;1.2250000e+02;1.9732000e-01;1.2250000e+02;2.0317569e-01;1.2250000e+02;1.8773317e-01;1.2250000e+02;1.3811456e-01;1.2250000e+02;8.3529316e-02;1.2250000e+02;2.9389299e-02;1.2250000e+02;-2.3098968e-02;1.2250000e+02;-7.1868338e-02;1.2250000e+02;-1.2128915e-01;1.2250000e+02;-1.7271475e-01;1.2250000e+02;-1.0481042e-01;1.2250000e+02;-1.2236656e-01;1.2250000e+02;-1.2193935e-01;1.2250000e+02;-1.0171672e-01;1.2250000e+02;-6.1254181e-02;1.2250000e+02;2.5787340e-03;1.2250000e+02;9.2305116e-02;1.2250000e+02;1.6608939e-01;1.2250000e+02;1.9732000e-01;1.2250000e+02;2.0317569e-01;1.2250000e+02;1.8773317e-01;1.2250000e+02;1.3811456e-01;1.2250000e+02;8.3529316e-02;1.2250000e+02;2.9389299e-02;1.2250000e+02;-2.3098968e-02;1.2250000e+02;-7.1868338e-02;1.2250000e+02;-1.2128915e-01;1.2250000e+02;-1.7271475e-01;1.2250000e+02;-1.0481042e-01;1.2250000e+02;-1.2236656e-01;1.2250000e+02;-1.2193935e-01;1.2250000e+02;-1.0171672e-01;1.2250000e+02;-6.1254181e-02;1.2250000e+02;2.5787340e-03;1.2250000e+02;9.2305116e-02;1.2250000e+02;1.6608939e-01;1.2250000e+02;1.9732000e-01;1.2250000e+02;2.0317569e-01;1.2250000e+02;1.8773317e-01;1.2250000e+02;1.3811456e-01;1.2250000e+02;8.3529316e-02;1.2250000e+02;2.9389299e-02;1.2250000e+02;-2.3098968e-02;1.2250000e+02;-7.1868338e-02;1.2250000e+02;-1.2128915e-01;1.2250000e+02;-1.7271475e-01;1.2250000e+02;-1.0481042e-01;1.2250000e+02;-1.2236656e-01;1.2250000e+02;-1.2193935e-01;1.2250000e+02;-1.0171672e-01;1.2250000e+02;-6.1254181e-02;1.2250000e+02;2.5787340e-03;1.2250000e+02;9.2305116e-02;1.2250000e+02;1.6608939e-01;1.2250000e+02;1.9732000e-01;1.2250000e+02;2.0317569e-01;1.2250000e+02;1.8773317e-01;1.2250000e+02;1.3811456e-01;1.2250000e+02;8.3529316e-02;1.2250000e+02;2.9389299e-02;1.2250000e+02;-2.3098968e-02;1.2250000e+02;-7.1868338e-02;1.2250000e+02;-1.2128915e-01;1.2250000e+02;-1.7271475e-01;1.2250000e+02;-1.0481042e-01;1.2250000e+02;-1.2236656e-01;1.2250000e+02;-1.2193935e-01;1.2250000e+02;-1.0171672e-01;1.2250000e+02;-6.1254181e-02;1.2250000e+02;2.5787340e-03;1.2250000e+02;9.2305116e-02;1.2250000e+02;1.6608939e-01;1.2250000e+02;1.9732000e-01;1.2250000e+02;2.0317569e-01;1.2250000e+02;1.8773317e-01;1.2250000e+02;1.3811456e-01;1.2250000e+02;8.3529316e-02;1.2250000e+02;2.9389299e-02;1.2250000e+02;-2.3098968e-02;1.2250000e+02;-7.1868338e-02;1.2250000e+02;-1.2128915e-01;1.2250000e+02;-1.7271475e-01;1.2250000e+02;-1.0481042e-01;1.2250000e+02;-1.2236656e-01;1.2250000e+02;-1.2193935e-01;1.2250000e+02;-1.0171672e-01;1.2250000e+02;-6.1254181e-02;1.2250000e+02;2.5787340e-03;1.2250000e+02;9.2305116e-02;1.2250000e+02;1.6608939e-01;1.2250000e+02;1.9732000e-01;1.2250000e+02;2.0317569e-01;1.2250000e+02;1.8773317e-01;1.2250000e+02;1.3811456e-01;1.2250000e+02;8.3529316e-02;1.2250000e+02;2.9389299e-02;1.2250000e+02;-2.3098968e-02;1.2250000e+02;-7.1868338e-02;1.2250000e+02;-1.2128915e-01;1.2250000e+02;-1.7271475e-01;1.2250000e+02;-1.0481042e-01;1.2250000e+02;-1.2236656e-01;1.2250000e+02;-1.2193935e-01;1.2250000e+02;-1.0171672e-01;1.2250000e+02;-6.1254181e-02;1.2250000e+02;2.5787340e-03;1.2250000e+02;9.2305116e-02;1.2250000e+02;1.6608939e-01;1.2250000e+02;1.9732000e-01;1.2250000e+02;2.0317569e-01;1.2250000e+02;1.8773317e-01;1.2250000e+02;1.3811456e-01;1.2250000e+02;8.3529316e-02;1.2250000e+02;2.9389299e-02;1.2250000e+02;-2.3098968e-02;1.2250000e+02;-7.1868338e-02;1.2250000e+02;-1.2128915e-01;1.2250000e+02;-1.7271475e-01;1.2250000e+02;-1.0481042e-01;1.2250000e+02;-1.2236656e-01;1.2250000e+02;-1.2193935e-01;1.2250000e+02;-1.0171672e-01;1.2250000e+02;-6.1254181e-02;1.2250000e+02;2.5787340e-03;1.2250000e+02;9.2305116e-02;1.2250000e+02;1.6608939e-01;1.2250000e+02;1.9732000e-01;1.2250000e+02;2.0317569e-01;1.2250000e+02;1.8773317e-01;1.2250000e+02;1.3811456e-01;1.2250000e+02;8.3529316e-02;1.2250000e+02;2.9389299e-02;1.2250000e+02;-2.3098968e-02;1.2250000e+02;-7.1868338e-02;1.2250000e+02;-1.2128915e-01;1.2250000e+02;-1.7271475e-01;1.2250000e+02;-1.0481042e-01;1.2250000e+02;-1.2236656e-01;1.2250000e+02;-1.2193935e-01;1.2250000e+02;-1.0171672e-01;1.2250000e+02;-6.1254181e-02;1.2250000e+02;2.5787340e-03;1.2250000e+02;9.2305116e-02;1.2250000e+02;1.6608939e-01;1.2250000e+02;1.9732000e-01;1.2250000e+02;2.0317569e-01;1.2250000e+02;1.8773317e-01;1.2250000e+02;1.3811456e-01;1.2250000e+02;8.3529316e-02;1.2250000e+02;2.9389299e-02;1.2250000e+02;-2.3098968e-02;1.2250000e+02;-7.1868338e-02;1.2250000e+02;-1.2128915e-01;1.2250000e+02;-1.7271475e-01;1.2250000e+02;-1.0481042e-01;1.2250000e+02;-1.2236656e-01;1.2250000e+02;-1.2193935e-01;1.2250000e+02;-1.0171672e-01;1.2250000e+02;-6.1254181e-02;1.2250000e+02;2.5787340e-03;1.2250000e+02;9.2305116e-02;1.2250000e+02;1.6608939e-01;1.2250000e+02;1.9732000e-01;1.2250000e+02;2.0317569e-01;1.2250000e+02;1.8773317e-01;1.2250000e+02;1.3811456e-01;1.2250000e+02;8.3529316e-02;1.2250000e+02;2.9389299e-02;1.2250000e+02;-2.3098968e-02;1.2250000e+02;-7.1868338e-02;1.2250000e+02;-1.2128915e-01;1.2250000e+02;-1.7271475e-01;1.2250000e+02;-1.0481042e-01;1.2250000e+02;-1.2236656e-01;1.2250000e+02;-1.2193935e-01;1.2250000e+02;-1.0171672e-01;1.2250000e+02;-6.1254181e-02;1.2250000e+02;2.5787340e-03;1.2250000e+02;9.2305116e-02;1.2250000e+02;1.6608939e-01;1.2250000e+02;1.9732000e-01;1.2250000e+02;2.0317569e-01;1.2250000e+02;1.8773317e-01;1.2250000e+02;1.3811456e-01;1.2250000e+02;8.3529316e-02;1.2250000e+02;2.9389299e-02;1.2250000e+02;-2.3098968e-02;1.2250000e+02;-7.1868338e-02;1.2250000e+02;-1.2128915e-01;1.2250000e+02;-1.7271475e-01;1.2250000e+02;-1.0481042e-01;1.2250000e+02;-1.2236656e-01;1.2250000e+02;-1.2193935e-01;1.2250000e+02;-1.0171672e-01;1.2250000e+02;-6.1254181e-02;1.2250000e+02;2.5787340e-03;1.2250000e+02;9.2305116e-02;1.2250000e+02;1.6608939e-01;1.2250000e+02;1.9732000e-01;1.2250000e+02;2.0317569e-01;1.2250000e+02;1.8773317e-01;1.2250000e+02;1.3811456e-01;1.2250000e+02;8.3529316e-02;1.2250000e+02;2.9389299e-02;1.2250000e+02;-2.3098968e-02;1.2250000e+02;-7.1868338e-02;1.2250000e+02;-1.2128915e-01;1.2250000e+02;-1.7271475e-01;1.2250000e+02;-1.0481042e-01;1.2250000e+02;-1.2236656e-01;1.2250000e+02;-1.2193935e-01;1.2250000e+02;-1.0171672e-01;1.2250000e+02;-6.1254181e-02;1.2250000e+02;2.5787340e-03;1.2250000e+02;9.2305116e-02;1.2250000e+02;1.6608939e-01;1.2250000e+02;1.9732000e-01;1.2250000e+02;2.0317569e-01;1.2250000e+02;1.8773317e-01;1.2250000e+02;1.3811456e-01;1.2250000e+02;8.3529316e-02;1.2250000e+02;2.9389299e-02;1.2250000e+02;-2.3098968e-02;1.2250000e+02;-7.1868338e-02;1.2250000e+02;-1.2128915e-01;1.2250000e+02;-1.7271475e-01;1.2250000e+02;-1.0481042e-01;1.2250000e+02;-1.2236656e-01;1.2250000e+02;-1.2193935e-01;1.2250000e+02;-1.0171672e-01;1.2250000e+02;-6.1254181e-02;1.2250000e+02;2.5787340e-03;1.2250000e+02;9.2305116e-02;1.2250000e+02;1.6608939e-01;1.2250000e+02;1.9732000e-01;1.2250000e+02;2.0317569e-01;1.2250000e+02;1.8773317e-01;1.2250000e+02;1.3811456e-01;1.2250000e+02;8.3529316e-02;1.2250000e+02;2.9389299e-02;1.2250000e+02;-2.3098968e-02;1.2250000e+02;-7.1868338e-02;1.2250000e+02;-1.2128915e-01;1.2250000e+02;-1.7271475e-01;1.2250000e+02;-1.0481042e-01;1.2250000e+02;-1.2236656e-01;1.2250000e+02;-1.2193935e-01;1.2250000e+02;-1.0171672e-01;1.2250000e+02;-6.1254181e-02;1.2250000e+02;2.5787340e-03;1.2250000e+02;9.2305116e-02;1.2250000e+02;1.6608939e-01;1.2250000e+02;1.9732000e-01;1.2250000e+02;2.0317569e-01;1.2250000e+02;1.8773317e-01;1.2250000e+02;1.3811456e-01;1.2250000e+02;8.3529316e-02;1.2250000e+02;2.9389299e-02;1.2250000e+02;-2.3098968e-02;1.2250000e+02;-7.1868338e-02;1.2250000e+02;-1.2128915e-01;1.2250000e+02;-1.7271475e-01;1.2250000e+02;-1.0481042e-01;1.2250000e+02;-1.2236656e-01;1.2250000e+02;-1.2193935e-01;1.2250000e+02;-1.0171672e-01;1.2250000e+02;-6.1254181e-02;1.2250000e+02;2.5787340e-03;1.2250000e+02;9.2305116e-02;1.2250000e+02;1.6608939e-01;1.2250000e+02;1.9732000e-01;1.2250000e+02;2.0317569e-01;1.2250000e+02;1.8773317e-01;1.2250000e+02;1.3811456e-01;1.2250000e+02;8.3529316e-02;1.2250000e+02;2.9389299e-02;1.2250000e+02;-2.3098968e-02;1.2250000e+02;-7.1868338e-02;1.2250000e+02;-1.2128915e-01;1.2250000e+02;-1.7271475e-01;1.2250000e+02;-1.0481042e-01;1.2250000e+02;-1.2236656e-01;1.2250000e+02;-1.2193935e-01;1.2250000e+02;-1.0171672e-01;1.2250000e+02;-6.1254181e-02;1.2250000e+02;2.5787340e-03;1.2250000e+02;9.2305116e-02;1.2250000e+02;1.6608939e-01;1.2250000e+02;1.9732000e-01;1.2250000e+02;2.0317569e-01;1.2250000e+02;1.8773317e-01;1.2250000e+02;1.3811456e-01;1.2250000e+02;8.3529316e-02;1.2250000e+02;2.9389299e-02;1.2250000e+02;-2.3098968e-02;1.2250000e+02;-7.1868338e-02;1.2250000e+02;-1.2128915e-01;1.2250000e+02;-1.7271475e-01;1.2250000e+02;-1.0481042e-01;1.2250000e+02;-1.2236656e-01;1.2250000e+02;-1.2193935e-01;1.2250000e+02;-1.0171672e-01;1.2250000e+02;-6.1254181e-02;1.2250000e+02;2.5787340e-03;1.2250000e+02;9.2305116e-02;1.2250000e+02;1.6608939e-01;1.2250000e+02;1.9732000e-01;1.2250000e+02;2.0317569e-01;1.2250000e+02;1.8773317e-01;1.2250000e+02;1.3811456e-01;1.2250000e+02;8.3529316e-02;1.2250000e+02;2.9389299e-02;1.2250000e+02;-2.3098968e-02;1.2250000e+02;-7.1868338e-02;1.2250000e+02;-1.2128915e-01;1.2250000e+02;-1.7271475e-01;1.2250000e+02;-1.0481042e-01;1.2250000e+02;-1.2236656e-01;1.2250000e+02;-1.2193935e-01;1.2250000e+02;-1.0171672e-01;1.2250000e+02;-6.1254181e-02;1.2250000e+02;2.5787340e-03;1.2250000e+02;9.2305116e-02;1.2250000e+02;1.6608939e-01;1.2250000e+02;1.9732000e-01;1.2250000e+02;2.0317569e-01;1.2250000e+02;1.8773317e-01;1.2250000e+02;1.3811456e-01;1.2250000e+02;8.3529316e-02;1.2250000e+02;2.9389299e-02;1.2250000e+02;-2.3098968e-02;1.2250000e+02;-7.1868338e-02;1.2250000e+02;-1.2128915e-01;1.2250000e+02;-1.7271475e-01;1.2250000e+02;-1.0481042e-01;1.2250000e+02;-1.2236656e-01;1.2250000e+02;-1.2193935e-01;1.2250000e+02;-1.0171672e-01;1.2250000e+02;-6.1254181e-02;1.2250000e+02;2.5787340e-03;1.2250000e+02;9.2305116e-02;1.2250000e+02;1.6608939e-01;1.2250000e+02;1.9732000e-01;1.2250000e+02;2.0317569e-01;1.2250000e+02;1.8773317e-01;1.2250000e+02;1.3811456e-01;1.2250000e+02;8.3529316e-02;1.2250000e+02;2.9389299e-02;1.2250000e+02;-2.3098968e-02;1.2250000e+02;-7.1868338e-02;1.2250000e+02;-1.2128915e-01;1.2250000e+02;-1.7271475e-01;1.2250000e+02;-1.0481042e-01;1.2250000e+02;-1.2236656e-01;1.2250000e+02;-1.2193935e-01;1.2250000e+02;-1.0171672e-01;1.2250000e+02;-6.1254181e-02;1.2250000e+02;2.5787340e-03;1.2250000e+02;9.2305116e-02;1.2250000e+02;1.6608939e-01;1.2250000e+02;1.9732000e-01;1.2250000e+02;2.0317569e-01;1.2250000e+02;1.8773317e-01;1.2250000e+02;1.3811456e-01;1.2250000e+02;8.3529316e-02;1.2250000e+02;2.9389299e-02;1.2250000e+02;-2.3098968e-02;1.2250000e+02;-7.1868338e-02;1.2250000e+02;-1.2128915e-01;1.2250000e+02;-1.7271475e-01;1.2250000e+02;-1.0481042e-01;1.2250000e+02;-1.2236656e-01;1.2250000e+02;-1.2193935e-01;1.2250000e+02;-1.0171672e-01;1.2250000e+02;-6.1254181e-02;1.2250000e+02;2.5787340e-03;1.2250000e+02;9.2305116e-02;1.2250000e+02;1.6608939e-01;1.2250000e+02;1.9732000e-01;1.2250000e+02;2.0317569e-01;1.2250000e+02;1.8773317e-01;1.2250000e+02;1.3811456e-01;1.2250000e+02;8.3529316e-02;1.2250000e+02;2.9389299e-02;1.2250000e+02;-2.3098968e-02;1.2250000e+02;-7.1868338e-02;1.2250000e+02;-1.2128915e-01;1.2250000e+02;-1.7271475e-01;1.2250000e+02;-1.0481042e-01;1.2250000e+02;-1.2236656e-01;1.2250000e+02;-1.2193935e-01;1.2250000e+02;-1.0171672e-01;1.2250000e+02;-6.1254181e-02;1.2250000e+02;2.5787340e-03;1.2250000e+02;9.2305116e-02;1.2250000e+02;1.6608939e-01;1.2250000e+02;1.9732000e-01;1.2250000e+02;2.0317569e-01;1.2250000e+02;1.8773317e-01;1.2250000e+02;1.3811456e-01;1.2250000e+02;8.3529316e-02;1.2250000e+02;2.9389299e-02;1.2250000e+02;-2.3098968e-02;1.2250000e+02;-7.1868338e-02;1.2250000e+02;-1.2128915e-01;1.2250000e+02;-1.7271475e-01;1.2250000e+02;-1.0481042e-01;1.2250000e+02;-1.2236656e-01;1.2250000e+02;-1.2193935e-01;1.2250000e+02;-1.0171672e-01;1.2250000e+02;-6.1254181e-02;1.2250000e+02;2.5787340e-03;1.2250000e+02;9.2305116e-02;1.2250000e+02;1.6608939e-01;1.2250000e+02;1.9732000e-01;1.2250000e+02;2.0317569e-01;1.2250000e+02;1.8773317e-01;1.2250000e+02;1.3811456e-01;1.2250000e+02;8.3529316e-02;1.2250000e+02;2.9389299e-02;1.2250000e+02;-2.3098968e-02;1.2250000e+02;-7.1868338e-02;1.2250000e+02;-1.2128915e-01;1.2250000e+02;-1.7271475e-01;1.2250000e+02;-1.0481042e-01;1.2250000e+02;-1.2236656e-01;1.2250000e+02;-1.2193935e-01;1.2250000e+02;-1.0171672e-01;1.2250000e+02;-6.1254181e-02;1.2250000e+02;2.5787340e-03;1.2250000e+02;9.2305116e-02;1.2250000e+02;1.6608939e-01;1.2250000e+02;1.9732000e-01;1.2250000e+02;2.0317569e-01;1.2250000e+02;1.8773317e-01;1.2250000e+02;1.3811456e-01;1.2250000e+02;8.3529316e-02;1.2250000e+02;2.9389299e-02;1.2250000e+02;-2.3098968e-02;1.2250000e+02;-7.1868338e-02;1.2250000e+02;-1.2128915e-01;1.2250000e+02;-1.7271475e-01;1.2250000e+02;-1.0481042e-01;1.2250000e+02;-1.2236656e-01;1.2250000e+02;-1.2193935e-01;1.2250000e+02;-1.0171672e-01;1.2250000e+02;-6.1254181e-02;1.2250000e+02;2.5787340e-03;1.2250000e+02;9.2305116e-02;1.2250000e+02;1.6608939e-01;1.2250000e+02;1.9732000e-01;1.2250000e+02;2.0317569e-01;1.2250000e+02;1.8773317e-01;1.2250000e+02;1.3811456e-01;1.2250000e+02;8.3529316e-02;1.2250000e+02;2.9389299e-02;1.2250000e+02;-2.3098968e-02;1.2250000e+02;-7.1868338e-02;1.2250000e+02;-1.2128915e-01;1.2250000e+02;-1.7271475e-01;1.2250000e+02;-1.0481042e-01;1.2250000e+02;-1.2236656e-01;1.2250000e+02;-1.2193935e-01;1.2250000e+02;-1.0171672e-01;1.2250000e+02;-6.1254181e-02;1.2250000e+02;2.5787340e-03;1.2250000e+02;9.2305116e-02;1.2250000e+02;1.6608939e-01;1.2250000e+02;1.9732000e-01;1.2250000e+02;2.0317569e-01;1.2250000e+02;1.8773317e-01;1.2250000e+02;1.3811456e-01;1.2250000e+02;8.3529316e-02;1.2250000e+02;2.9389299e-02;1.2250000e+02;-2.3098968e-02;1.2250000e+02;-7.1868338e-02;1.2250000e+02;-1.2128915e-01;1.2250000e+02;-1.7271475e-01;1.2250000e+02;-1.0481042e-01;1.2250000e+02;-1.2236656e-01;1.2250000e+02;-1.2193935e-01;1.2250000e+02;-1.0171672e-01;1.2250000e+02;-6.1254181e-02;1.2250000e+02;2.5787340e-03;1.2250000e+02;9.2305116e-02;1.2250000e+02;1.6608939e-01;1.2250000e+02;1.9732000e-01;1.2250000e+02;2.0317569e-01;1.2250000e+02;1.8773317e-01;1.2250000e+02;1.3811456e-01;1.2250000e+02;8.3529316e-02;1.2250000e+02;2.9389299e-02;1.2250000e+02;-2.3098968e-02;1.2250000e+02;-7.1868338e-02;1.2250000e+02;-1.2128915e-01;1.2250000e+02;-1.7271475e-01;1.2250000e+02;-1.0481042e-01;1.2250000e+02;-1.2236656e-01;1.2250000e+02;-1.2193935e-01;1.2250000e+02;-1.0171672e-01;1.2250000e+02;-6.1254181e-02;1.2250000e+02;2.5787340e-03;1.2250000e+02;9.2305116e-02;1.2250000e+02;1.6608939e-01;1.2250000e+02;1.9732000e-01;1.2250000e+02;2.0317569e-01;1.2250000e+02;1.8773317e-01;1.2250000e+02;1.3811456e-01;1.2250000e+02;8.3529316e-02;1.2250000e+02;2.9389299e-02;1.2250000e+02;-2.3098968e-02;1.2250000e+02;-7.1868338e-02;1.2250000e+02;-1.2128915e-01;1.2250000e+02;-1.7271475e-01;1.2250000e+02;-1.0481042e-01;1.2250000e+02;-1.2236656e-01;1.2250000e+02;-1.2193935e-01;1.2250000e+02;-1.0171672e-01;1.2250000e+02;-6.1254181e-02;1.2250000e+02;2.5787340e-03;1.2250000e+02;9.2305116e-02;1.2250000e+02;1.6608939e-01;1.2250000e+02;1.9732000e-01;1.2250000e+02;2.0317569e-01;1.2250000e+02;1.8773317e-01;1.2250000e+02;1.3811456e-01;1.2250000e+02;8.3529316e-02;1.2250000e+02;2.9389299e-02;1.2250000e+02;-2.3098968e-02;1.2250000e+02;-7.1868338e-02;1.2250000e+02;-1.2128915e-01;1.2250000e+02;-1.7271475e-01;1.2250000e+02;-1.0481042e-01;1.2250000e+02;-1.2236656e-01;1.2250000e+02;-1.2193935e-01;1.2250000e+02;-1.0171672e-01;1.2250000e+02;-6.1254181e-02;1.2250000e+02;2.5787340e-03;1.2250000e+02;9.2305116e-02;1.2250000e+02;1.6608939e-01;1.2250000e+02;1.9732000e-01;1.2250000e+02;2.0317569e-01;1.2250000e+02;1.8773317e-01;1.2250000e+02;1.3811456e-01;1.2250000e+02;8.3529316e-02;1.2250000e+02;2.9389299e-02;1.2250000e+02;-2.3098968e-02;1.2250000e+02;-7.1868338e-02;1.2250000e+02;-1.2128915e-01;1.2250000e+02;-1.7271475e-01;1.2250000e+02;-1.0481042e-01;1.2250000e+02;-1.2236656e-01;1.2250000e+02;-1.2193935e-01;1.2250000e+02;-1.0171672e-01;1.2250000e+02;-6.1254181e-02;1.2250000e+02;2.5787340e-03;1.2250000e+02;9.2305116e-02;1.2250000e+02;1.6608939e-01;1.2250000e+02;1.9732000e-01;1.2250000e+02;2.0317569e-01;1.2250000e+02;1.8773317e-01;1.2250000e+02;1.3811456e-01;1.2250000e+02;8.3529316e-02;1.2250000e+02;2.9389299e-02;1.2250000e+02;-2.3098968e-02;1.2250000e+02;-7.1868338e-02;1.2250000e+02;-1.2128915e-01;1.2250000e+02;-1.7271475e-01;1.2250000e+02;-1.0481042e-01;1.2250000e+02;-1.2236656e-01;1.2250000e+02;-1.2193935e-01;1.2250000e+02;-1.0171672e-01;1.2250000e+02;-6.1254181e-02;1.2250000e+02;2.5787340e-03;1.2250000e+02;9.2305116e-02;1.2250000e+02;1.6608939e-01;1.2250000e+02;1.9732000e-01;1.2250000e+02;2.0317569e-01;1.2250000e+02;1.8773317e-01;1.2250000e+02;1.3811456e-01;1.2250000e+02;8.3529316e-02;1.2250000e+02;2.9389299e-02;1.2250000e+02;-2.3098968e-02;1.2250000e+02;-7.1868338e-02;1.2250000e+02;-1.2128915e-01;1.2250000e+02;-1.7271475e-01;1.2250000e+02;-1.0481042e-01;1.2250000e+02;-1.2236656e-01;1.2250000e+02;-1.2193935e-01;1.2250000e+02;-1.0171672e-01;1.2250000e+02;-6.1254181e-02;1.2250000e+02;2.5787340e-03;1.2250000e+02;9.2305116e-02;1.2250000e+02;1.6608939e-01;1.2250000e+02;1.9732000e-01;1.2250000e+02;2.0317569e-01;1.2250000e+02;1.8773317e-01;1.2250000e+02;1.3811456e-01;1.2250000e+02;8.3529316e-02;1.2250000e+02;2.9389299e-02;1.2250000e+02;-2.3098968e-02;1.2250000e+02;-7.1868338e-02;1.2250000e+02;-1.2128915e-01;1.2250000e+02;-1.7271475e-01;1.2250000e+02;-1.0481042e-01;1.2250000e+02;-1.2236656e-01;1.2250000e+02;-1.2193935e-01;1.2250000e+02;-1.0171672e-01;1.2250000e+02;-6.1254181e-02;1.2250000e+02;2.5787340e-03;1.2250000e+02;9.2305116e-02;1.2250000e+02;1.6608939e-01;1.2250000e+02;1.9732000e-01;1.2250000e+02;2.0317569e-01;1.2250000e+02;1.8773317e-01;1.2250000e+02;1.3811456e-01;1.2250000e+02;8.3529316e-02;1.2250000e+02;2.9389299e-02;1.2250000e+02;-2.3098968e-02;1.2250000e+02;-7.1868338e-02;1.2250000e+02;-1.2128915e-01;1.2250000e+02;-1.7271475e-01;1.2250000e+02;-1.0481042e-01;1.2250000e+02;-1.2236656e-01;1.2250000e+02;-1.2193935e-01;1.2250000e+02;-1.0171672e-01;1.2250000e+02;-6.1254181e-02;1.2250000e+02;2.5787340e-03;1.2250000e+02;9.2305116e-02;1.2250000e+02;1.6608939e-01;1.2250000e+02;1.9732000e-01;1.2250000e+02;2.0317569e-01;1.2250000e+02;1.8773317e-01;1.2250000e+02;1.3811456e-01;1.2250000e+02;8.3529316e-02;1.2250000e+02;2.9389299e-02;1.2250000e+02;-2.3098968e-02;1.2250000e+02;-7.1868338e-02;1.2250000e+02;-1.2128915e-01;1.2250000e+02;-1.7271475e-01;1.2250000e+02;-1.0481042e-01;1.2250000e+02;-1.2236656e-01;1.2250000e+02;-1.2193935e-01;1.2250000e+02;-1.0171672e-01;1.2250000e+02;-6.1254181e-02;1.2250000e+02;2.5787340e-03;1.2250000e+02;9.2305116e-02;1.2250000e+02;1.6608939e-01;1.2250000e+02;1.9732000e-01;1.2250000e+02;2.0317569e-01;1.2250000e+02;1.8773317e-01;1.2250000e+02;1.3811456e-01;1.2250000e+02;8.3529316e-02;1.2250000e+02;2.9389299e-02;1.2250000e+02;-2.3098968e-02;1.2250000e+02;-7.1868338e-02;1.2250000e+02;-1.2128915e-01;1.2250000e+02;-1.7271475e-01;1.2250000e+02;-1.0481042e-01;1.2250000e+02;-1.2236656e-01;1.2250000e+02;-1.2193935e-01;1.2250000e+02;-1.0171672e-01;1.2250000e+02;-6.1254181e-02;1.2250000e+02;2.5787340e-03;1.2250000e+02;9.2305116e-02;1.2250000e+02;1.6608939e-01;1.2250000e+02;1.9732000e-01;1.2250000e+02;2.0317569e-01;1.2250000e+02;1.8773317e-01;1.2250000e+02;1.3811456e-01;1.2250000e+02;8.3529316e-02;1.2250000e+02;2.9389299e-02;1.2250000e+02;-2.3098968e-02;1.2250000e+02;-7.1868338e-02;1.2250000e+02;-1.2128915e-01;1.2250000e+02;-1.7271475e-01
1.2750000e+02;-1.0045652e-01;1.2750000e+02;-1.1575985e-01;1.2750000e+02;-1.1266174e-01;1.2750000e+02;-8.9042887e-02;1.2750000e+02;-4.5119978e-02;1.2750000e+02;2.1683557e-02;1.2750000e+02;1.0837731e-01;1.2750000e+02;1.6925289e-01;1.2750000e+02;1.8757361e-01;1.2750000e+02;1.9028118e-01;1.2750000e+02;1.8553522e-01;1.2750000e+02;1.4263245e-01;1.2750000e+02;9.2606246e-02;1.2750000e+02;4.1328333e-02;1.2750000e+02;-9.5652938e-03;1.2750000e+02;-5.8353730e-02;1.2750000e+02;-1.0543741e-01;1.2750000e+02;-1.5645482e-01;1.2750000e+02;-1.0045652e-01;1.2750000e+02;-1.1575985e-01;1.2750000e+02;-1.1266174e-01;1.2750000e+02;-8.9042887e-02;1.2750000e+02;-4.5119978e-02;1.2750000e+02;2.1683557e-02;1.2750000e+02;1.0837731e-01;1.2750000e+02;1.6925289e-01;1.2750000e+02;1.8757361e-01;1.2750000e+02;1.9028118e-01;1.2750000e+02;1.8553522e-01;1.2750000e+02;1.4263245e-01;1.2750000e+02;9.2606246e-02;1.2750000e+02;4.1328333e-02;1.2750000e+02;-9.5652938e-03;1.2750000e+02;-5.8353730e-02;1.2750000e+02;-1.0543741e-01;1.2750000e+02;-1.5645482e-01;1.2750000e+02;-1.0045652e-01;1.2750000e+02;-1.1575985e-01;1.2750000e+02;-1.1266174e-01;1.2750000e+02;-8.9042887e-02;1.2750000e+02;-4.5119978e-02;1.2750000e+02;2.1683557e-02;1.2750000e+02;1.0837731e-01;1.2750000e+02;1.6925289e-01;1.2750000e+02;1.8757361e-01;1.2750000e+02;1.9028118e-01;1.2750000e+02;1.8553522e-01;1.2750000e+02;1.4263245e-01;1.2750000e+02;9.2606246e-02;1.2750000e+02;4.1328333e-02;1.2750000e+02;-9.5652938e-03;1.2750000e+02;-5.8353730e-02;1.2750000e+02;-1.0543741e-01;1.2750000e+02;-1.5645482e-01;1.2750000e+02;-1.0045652e-01;1.2750000e+02;-1.1575985e-01;1.2750000e+02;-1.1266174e-01;1.2750000e+02;-8.9042887e-02;1.2750000e+02;-4.5119978e-02;1.2750000e+02;2.1683557e-02;1.2750000e+02;1.0837731e-01;1.2750000e+02;1.6925289e-01;1.2750000e+02;1.8757361e-01;1.2750000e+02;1.9028118e-01;1.2750000e+02;1.8553522e-01;1.2750000e+02;1.4263245e-01;1.2750000e+02;9.2606246e-02;1.2750000e+02;4.1328333e-02;1.2750000e+02;-9.5652938e-03;1.2750000e+02;-5.8353730e-02;1.2750000e+02;-1.0543741e-01;1.2750000e+02;-1.5645482e-01;1.2750000e+02;-1.0045652e-01;1.2750000e+02;-1.1575985e-01;1.2750000e+02;-1.1266174e-01;1.2750000e+02;-8.9042887e-02;1.2750000e+02;-4.5119978e-02;1.2750000e+02;2.1683557e-02;1.2750000e+02;1.0837731e-01;1.2750000e+02;1.6925289e-01;1.2750000e+02;1.8757361e-01;1.2750000e+02;1.9028118e-01;1.2750000e+02;1.8553522e-01;1.2750000e+02;1.4263245e-01;1.2750000e+02;9.2606246e-02;1.2750000e+02;4.1328333e-02;1.2750000e+02;-9.5652938e-03;1.2750000e+02;-5.8353730e-02;1.2750000e+02;-1.0543741e-01;1.2750000e+02;-1.5645482e-01;1.2750000e+02;-1.0045652e-01;1.2750000e+02;-1.1575985e-01;1.2750000e+02;-1.1266174e-01;1.2750000e+02;-8.9042887e-02;1.2750000e+02;-4.5119978e-02;1.2750000e+02;2.1683557e-02;1.2750000e+02;1.0837731e-01;1.2750000e+02;1.6925289e-01;1.2750000e+02;1.8757361e-01;1.2750000e+02;1.9028118e-01;1.2750000e+02;1.8553522e-01;1.2750000e+02;1.4263245e-01;1.2750000e+02;9.2606246e-02;1.2750000e+02;4.1328333e-02;1.2750000e+02;-9.5652938e-03;1.2750000e+02;-5.8353730e-02;1.2750000e+02;-1.0543741e-01;1.2750000e+02;-1.5645482e-01;1.2750000e+02;-1.0045652e-01;1.2750000e+02;-1.1575985e-01;1.2750000e+02;-1.1266174e-01;1.2750000e+02;-8.9042887e-02;1.2750000e+02;-4.5119978e-02;1.2750000e+02;2.1683557e-02;1.2750000e+02;1.0837731e-01;1.2750000e+02;1.6925289e-01;1.2750000e+02;1.8757361e-01;1.2750000e+02;1.9028118e-01;1.2750000e+02;1.8553522e-01;1.2750000e+02;1.4263245e-01;1.2750000e+02;9.2606246e-02;1.2750000e+02;4.1328333e-02;1.2750000e+02;-9.5652938e-03;1.2750000e+02;-5.8353730e-02;1.2750000e+02;-1.0543741e-01;1.2750000e+02;-1.5645482e-01;1.2750000e+02;-1.0045652e-01;1.2750000e+02;-1.1575985e-01;1.2750000e+02;-1.1266174e-01;1.2750000e+02;-8.9042887e-02;1.2750000e+02;-4.5119978e-02;1.2750000e+02;2.1683557e-02;1.2750000e+02;1.0837731e-01;1.2750000e+02;1.6925289e-01;1.2750000e+02;1.8757361e-01;1.2750000e+02;1.9028118e-01;1.2750000e+02;1.8553522e-01;1.2750000e+02;1.4263245e-01;1.2750000e+02;9.2606246e-02;1.2750000e+02;4.1328333e-02;1.2750000e+02;-9.5652938e-03;1.2750000e+02;-5.8353730e-02;1.2750000e+02;-1.0543741e-01;1.2750000e+02;-1.5645482e-01;1.2750000e+02;-1.0045652e-01;1.2750000e+02;-1.1575985e-01;1.2750000e+02;-1.1266174e-01;1.2750000e+02;-8.9042887e-02;1.2750000e+02;-4.5119978e-02;1.2750000e+02;2.1683557e-02;1.2750000e+02;1.0837731e-01;1.2750000e+02;1.6925289e-01;1.2750000e+02;1.8757361e-01;1.2750000e+02;1.9028118e-01;1.2750000e+02;1.8553522e-01;1.2750000e+02;1.4263245e-01;1.2750000e+02;9.2606246e-02;1.2750000e+02;4.1328333e-02;1.2750000e+02;-9.5652938e-03;1.2750000e+02;-5.8353730e-02;1.2750000e+02;-1.0543741e-01;1.2750000e+02;-1.5645482e-01;1.2750000e+02;-1.0045652e-01;1.2750000e+02;-1.1575985e-01;1.2750000e+02;-1.1266174e-01;1.2750000e+02;-8.9042887e-02;1.2750000e+02;-4.5119978e-02;1.2750000e+02;2.1683557e-02;1.2750000e+02;1.0837731e-01;1.2750000e+02;1.6925289e-01;1.2750000e+02;1.8757361e-01;1.2750000e+02;1.9028118e-01;1.2750000e+02;1.8553522e-01;1.2750000e+02;1.4263245e-01;1.2750000e+02;9.2606246e-02;1.2750000e+02;4.1328333e-02;1.2750000e+02;-9.5652938e-03;1.2750000e+02;-5.8353730e-02;1.2750000e+02;-1.0543741e-01;1.2750000e+02;-1.5645482e-01;1.2750000e+02;-1.0045652e-01;1.2750000e+02;-1.1575985e-01;1.2750000e+02;-1.1266174e-01;1.2750000e+02;-8.9042887e-02;1.2750000e+02;-4.5119978e-02;1.2750000e+02;2.1683557e-02;1.2750000e+02;1.0837731e-01;1.2750000e+02;1.6925289e-01;1.2750000e+02;1.8757361e-01;1.2750000e+02;1.9028118e-01;1.2750000e+02;1.8553522e-01;1.2750000e+02;1.4263245e-01;1.2750000e+02;9.2606246e-02;1.2750000e+02;4.1328333e-02;1.2750000e+02;-9.5652938e-03;1.2750000e+02;-5.8353730e-02;1.2750000e+02;-1.0543741e-01;1.2750000e+02;-1.5645482e-01;1.2750000e+02;-1.0045652e-01;1.2750000e+02;-1.1575985e-01;1.2750000e+02;-1.1266174e-01;1.2750000e+02;-8.9042887e-02;1.2750000e+02;-4.5119978e-02;1.2750000e+02;2.1683557e-02;1.2750000e+02;1.0837731e-01;1.2750000e+02;1.6925289e-01;1.2750000e+02;1.8757361e-01;1.2750000e+02;1.9028118e-01;1.2750000e+02;1.8553522e-01;1.2750000e+02;1.4263245e-01;1.2750000e+02;9.2606246e-02;1.2750000e+02;4.1328333e-02;1.2750000e+02;-9.5652938e-03;1.2750000e+02;-5.8353730e-02;1.2750000e+02;-1.0543741e-01;1.2750000e+02;-1.5645482e-01;1.2750000e+02;-1.0045652e-01;1.2750000e+02;-1.1575985e-01;1.2750000e+02;-1.1266174e-01;1.2750000e+02;-8.9042887e-02;1.2750000e+02;-4.5119978e-02;1.2750000e+02;2.1683557e-02;1.2750000e+02;1.0837731e-01;1.2750000e+02;1.6925289e-01;1.2750000e+02;1.8757361e-01;1.2750000e+02;1.9028118e-01;1.2750000e+02;1.8553522e-01;1.2750000e+02;1.4263245e-01;1.2750000e+02;9.2606246e-02;1.2750000e+02;4.1328333e-02;1.2750000e+02;-9.5652938e-03;1.2750000e+02;-5.8353730e-02;1.2750000e+02;-1.0543741e-01;1.2750000e+02;-1.5645482e-01;1.2750000e+02;-1.0045652e-01;1.2750000e+02;-1.1575985e-01;1.2750000e+02;-1.1266174e-01;1.2750000e+02;-8.9042887e-02;1.2750000e+02;-4.5119978e-02;1.2750000e+02;2.1683557e-02;1.2750000e+02;1.0837731e-01;1.2750000e+02;1.6925289e-01;1.2750000e+02;1.8757361e-01;1.2750000e+02;1.9028118e-01;1.2750000e+02;1.8553522e-01;1.2750000e+02;1.4263245e-01;1.2750000e+02;9.2606246e-02;1.2750000e+02;4.1328333e-02;1.2750000e+02;-9.5652938e-03;1.2750000e+02;-5.8353730e-02;1.2750000e+02;-1.0543741e-01;1.2750000e+02;-1.5645482e-01;1.2750000e+02;-1.0045652e-01;1.2750000e+02;-1.1575985e-01;1.2750000e+02;-1.1266174e-01;1.2750000e+02;-8.9042887e-02;1.2750000e+02;-4.5119978e-02;1.2750000e+02;2.1683557e-02;1.2750000e+02;1.0837731e-01;1.2750000e+02;1.6925289e-01;1.2750000e+02;1.8757361e-01;1.2750000e+02;1.9028118e-01;1.2750000e+02;1.8553522e-01;1.2750000e+02;1.4263245e-01;1.2750000e+02;9.2606246e-02;1.2750000e+02;4.1328333e-02;1.2750000e+02;-9.5652938e-03;1.2750000e+02;-5.8353730e-02;1.2750000e+02;-1.0543741e-01;1.2750000e+02;-1.5645482e-01;1.2750000e+02;-1.0045652e-01;1.2750000e+02;-1.1575985e-01;1.2750000e+02;-1.1266174e-01;1.2750000e+02;-8.9042887e-02;1.2750000e+02;-4.5119978e-02;1.2750000e+02;2.1683557e-02;1.2750000e+02;1.0837731e-01;1.2750000e+02;1.6925289e-01;1.2750000e+02;1.8757361e-01;1.2750000e+02;1.9028118e-01;1.2750000e+02;1.8553522e-01;1.2750000e+02;1.4263245e-01;1.2750000e+02;9.2606246e-02;1.2750000e+02;4.1328333e-02;1.2750000e+02;-9.5652938e-03;1.2750000e+02;-5.8353730e-02;1.2750000e+02;-1.0543741e-01;1.2750000e+02;-1.5645482e-01;1.2750000e+02;-1.0045652e-01;1.2750000e+02;-1.1575985e-01;1.2750000e+02;-1.1266174e-01;1.2750000e+02;-8.9042887e-02;1.2750000e+02;-4.5119978e-02;1.2750000e+02;2.1683557e-02;1.2750000e+02;1.0837731e-01;1.2750000e+02;1.6925289e-01;1.2750000e+02;1.8757361e-01;1.2750000e+02;1.9028118e-01;1.2750000e+02;1.8553522e-01;1.2750000e+02;1.4263245e-01;1.2750000e+02;9.2606246e-02;1.2750000e+02;4.1328333e-02;1.2750000e+02;-9.5652938e-03;1.2750000e+02;-5.8353730e-02;1.2750000e+02;-1.0543741e-01;1.2750000e+02;-1.5645482e-01;1.2750000e+02;-1.0045652e-01;1.2750000e+02;-1.1575985e-01;1.2750000e+02;-1.1266174e-01;1.2750000e+02;-8.9042887e-02;1.2750000e+02;-4.5119978e-02;1.2750000e+02;2.1683557e-02;1.2750000e+02;1.0837731e-01;1.2750000e+02;1.6925289e-01;1.2750000e+02;1.8757361e-01;1.2750000e+02;1.9028118e-01;1.2750000e+02;1.8553522e-01;1.2750000e+02;1.4263245e-01;1.2750000e+02;9.2606246e-02;1.2750000e+02;4.1328333e-02;1.2750000e+02;-9.5652938e-03;1.2750000e+02;-5.8353730e-02;1.2750000e+02;-1.0543741e-01;1.2750000e+02;-1.5645482e-01;1.2750000e+02;-1.0045652e-01;1.2750000e+02;-1.1575985e-01;1.2750000e+02;-1.1266174e-01;1.2750000e+02;-8.9042887e-02;1.2750000e+02;-4.5119978e-02;1.2750000e+02;2.1683557e-02;1.2750000e+02;1.0837731e-01;1.2750000e+02;1.6925289e-01;1.2750000e+02;1.8757361e-01;1.2750000e+02;1.9028118e-01;1.2750000e+02;1.8553522e-01;1.2750000e+02;1.4263245e-01;1.2750000e+02;9.2606246e-02;1.2750000e+02;4.1328333e-02;1.2750000e+02;-9.5652938e-03;1.2750000e+02;-5.8353730e-02;1.2750000e+02;-1.0543741e-01;1.2750000e+02;-1.5645482e-01;1.2750000e+02;-1.0045652e-01;1.2750000e+02;-1.1575985e-01;1.2750000e+02;-1.1266174e-01;1.2750000e+02;-8.9042887e-02;1.2750000e+02;-4.5119978e-02;1.2750000e+02;2.1683557e-02;1.2750000e+02;1.0837731e-01;1.2750000e+02;1.6925289e-01;1.2750000e+02;1.8757361e-01;1.2750000e+02;1.9028118e-01;1.2750000e+02;1.8553522e-01;1.2750000e+02;1.4263245e-01;1.2750000e+02;9.2606246e-02;1.2750000e+02;4.1328333e-02;1.2750000e+02;-9.5652938e-03;1.2750000e+02;-5.8353730e-02;1.2750000e+02;-1.0543741e-01;1.2750000e+02;-1.5645482e-01;1.2750000e+02;-1.0045652e-01;1.2750000e+02;-1.1575985e-01;1.2750000e+02;-1.1266174e-01;1.2750000e+02;-8.9042887e-02;1.2750000e+02;-4.5119978e-02;1.2750000e+02;2.1683557e-02;1.2750000e+02;1.0837731e-01;1.2750000e+02;1.6925289e-01;1.2750000e+02;1.8757361e-01;1.2750000e+02;1.9028118e-01;1.2750000e+02;1.8553522e-01;1.2750000e+02;1.4263245e-01;1.2750000e+02;9.2606246e-02;1.2750000e+02;4.1328333e-02;1.2750000e+02;-9.5652938e-03;1.2750000e+02;-5.8353730e-02;1.2750000e+02;-1.0543741e-01;1.2750000e+02;-1.5645482e-01;1.2750000e+02;-1.0045652e-01;1.2750000e+02;-1.1575985e-01;1.2750000e+02;-1.1266174e-01;1.2750000e+02;-8.9042887e-02;1.2750000e+02;-4.5119978e-02;1.2750000e+02;2.1683557e-02;1.2750000e+02;1.0837731e-01;1.2750000e+02;1.6925289e-01;1.2750000e+02;1.8757361e-01;1.2750000e+02;1.9028118e-01;1.2750000e+02;1.8553522e-01;1.2750000e+02;1.4263245e-01;1.2750000e+02;9.2606246e-02;1.2750000e+02;4.1328333e-02;1.2750000e+02;-9.5652938e-03;1.2750000e+02;-5.8353730e-02;1.2750000e+02;-1.0543741e-01;1.2750000e+02;-1.5645482e-01;1.2750000e+02;-1.0045652e-01;1.2750000e+02;-1.1575985e-01;1.2750000e+02;-1.1266174e-01;1.2750000e+02;-8.9042887e-02;1.2750000e+02;-4.5119978e-02;1.2750000e+02;2.1683557e-02;1.2750000e+02;1.0837731e-01;1.2750000e+02;1.6925289e-01;1.2750000e+02;1.8757361e-01;1.2750000e+02;1.9028118e-01;1.2750000e+02;1.8553522e-01;1.2750000e+02;1.4263245e-01;1.2750000e+02;9.2606246e-02;1.2750000e+02;4.1328333e-02;1.2750000e+02;-9.5652938e-03;1.2750000e+02;-5.8353730e-02;1.2750000e+02;-1.0543741e-01;1.2750000e+02;-1.5645482e-01;1.2750000e+02;-1.0045652e-01;1.2750000e+02;-1.1575985e-01;1.2750000e+02;-1.1266174e-01;1.2750000e+02;-8.9042887e-02;1.2750000e+02;-4.5119978e-02;1.2750000e+02;2.1683557e-02;1.2750000e+02;1.0837731e-01;1.2750000e+02;1.6925289e-01;1.2750000e+02;1.8757361e-01;1.2750000e+02;1.9028118e-01;1.2750000e+02;1.8553522e-01;1.2750000e+02;1.4263245e-01;1.2750000e+02;9.2606246e-02;1.2750000e+02;4.1328333e-02;1.2750000e+02;-9.5652938e-03;1.2750000e+02;-5.8353730e-02;1.2750000e+02;-1.0543741e-01;1.2750000e+02;-1.5645482e-01;1.2750000e+02;-1.0045652e-01;1.2750000e+02;-1.1575985e-01;1.2750000e+02;-1.1266174e-01;1.2750000e+02;-8.9042887e-02;1.2750000e+02;-4.5119978e-02;1.2750000e+02;2.1683557e-02;1.2750000e+02;1.0837731e-01;1.2750000e+02;1.6925289e-01;1.2750000e+02;1.8757361e-01;1.2750000e+02;1.9028118e-01;1.2750000e+02;1.8553522e-01;1.2750000e+02;1.4263245e-01;1.2750000e+02;9.2606246e-02;1.2750000e+02;4.1328333e-02;1.2750000e+02;-9.5652938e-03;1.2750000e+02;-5.8353730e-02;1.2750000e+02;-1.0543741e-01;1.2750000e+02;-1.5645482e-01;1.2750000e+02;-1.0045652e-01;1.2750000e+02;-1.1575985e-01;1.2750000e+02;-1.1266174e-01;1.2750000e+02;-8.9042887e-02;1.2750000e+02;-4.5119978e-02;1.2750000e+02;2.1683557e-02;1.2750000e+02;1.0837731e-01;1.2750000e+02;1.6925289e-01;1.2750000e+02;1.8757361e-01;1.2750000e+02;1.9028118e-01;1.2750000e+02;1.8553522e-01;1.2750000e+02;1.4263245e-01;1.2750000e+02;9.2606246e-02;1.2750000e+02;4.1328333e-02;1.2750000e+02;-9.5652938e-03;1.2750000e+02;-5.8353730e-02;1.2750000e+02;-1.0543741e-01;1.2750000e+02;-1.5645482e-01;1.2750000e+02;-1.0045652e-01;1.2750000e+02;-1.1575985e-01;1.2750000e+02;-1.1266174e-01;1.2750000e+02;-8.9042887e-02;1.2750000e+02;-4.5119978e-02;1.2750000e+02;2.1683557e-02;1.2750000e+02;1.0837731e-01;1.2750000e+02;1.6925289e-01;1.2750000e+02;1.8757361e-01;1.2750000e+02;1.9028118e-01;1.2750000e+02;1.8553522e-01;1.2750000e+02;1.4263245e-01;1.2750000e+02;9.2606246e-02;1.2750000e+02;4.1328333e-02;1.2750000e+02;-9.5652938e-03;1.2750000e+02;-5.8353730e-02;1.2750000e+02;-1.0543741e-01;1.2750000e+02;-1.5645482e-01;1.2750000e+02;-1.0045652e-01;1.2750000e+02;-1.1575985e-01;1.2750000e+02;-1.1266174e-01;1.2750000e+02;-8.9042887e-02;1.2750000e+02;-4.5119978e-02;1.2750000e+02;2.1683557e-02;1.2750000e+02;1.0837731e-01;1.2750000e+02;1.6925289e-01;1.2750000e+02;1.8757361e-01;1.2750000e+02;1.9028118e-01;1.2750000e+02;1.8553522e-01;1.2750000e+02;1.4263245e-01;1.2750000e+02;9.2606246e-02;1.2750000e+02;4.1328333e-02;1.2750000e+02;-9.5652938e-03;1.2750000e+02;-5.8353730e-02;1.2750000e+02;-1.0543741e-01;1.2750000e+02;-1.5645482e-01;1.2750000e+02;-1.0045652e-01;1.2750000e+02;-1.1575985e-01;1.2750000e+02;-1.1266174e-01;1.2750000e+02;-8.9042887e-02;1.2750000e+02;-4.5119978e-02;1.2750000e+02;2.1683557e-02;1.2750000e+02;1.0837731e-01;1.2750000e+02;1.6925289e-01;1.2750000e+02;1.8757361e-01;1.2750000e+02;1.9028118e-01;1.2750000e+02;1.8553522e-01;1.2750000e+02;1.4263245e-01;1.2750000e+02;9.2606246e-02;1.2750000e+02;4.1328333e-02;1.2750000e+02;-9.5652938e-03;1.2750000e+02;-5.8353730e-02;1.2750000e+02;-1.0543741e-01;1.2750000e+02;-1.5645482e-01;1.2750000e+02;-1.0045652e-01;1.2750000e+02;-1.1575985e-01;1.2750000e+02;-1.1266174e-01;1.2750000e+02;-8.9042887e-02;1.2750000e+02;-4.5119978e-02;1.2750000e+02;2.1683557e-02;1.2750000e+02;1.0837731e-01;1.2750000e+02;1.6925289e-01;1.2750000e+02;1.8757361e-01;1.2750000e+02;1.9028118e-01;1.2750000e+02;1.8553522e-01;1.2750000e+02;1.4263245e-01;1.2750000e+02;9.2606246e-02;1.2750000e+02;4.1328333e-02;1.2750000e+02;-9.5652938e-03;1.2750000e+02;-5.8353730e-02;1.2750000e+02;-1.0543741e-01;1.2750000e+02;-1.5645482e-01;1.2750000e+02;-1.0045652e-01;1.2750000e+02;-1.1575985e-01;1.2750000e+02;-1.1266174e-01;1.2750000e+02;-8.9042887e-02;1.2750000e+02;-4.5119978e-02;1.2750000e+02;2.1683557e-02;1.2750000e+02;1.0837731e-01;1.2750000e+02;1.6925289e-01;1.2750000e+02;1.8757361e-01;1.2750000e+02;1.9028118e-01;1.2750000e+02;1.8553522e-01;1.2750000e+02;1.4263245e-01;1.2750000e+02;9.2606246e-02;1.2750000e+02;4.1328333e-02;1.2750000e+02;-9.5652938e-03;1.2750000e+02;-5.8353730e-02;1.2750000e+02;-1.0543741e-01;1.2750000e+02;-1.5645482e-01;1.2750000e+02;-1.0045652e-01;1.2750000e+02;-1.1575985e-01;1.2750000e+02;-1.1266174e-01;1.2750000e+02;-8.9042887e-02;1.2750000e+02;-4.5119978e-02;1.2750000e+02;2.1683557e-02;1.2750000e+02;1.0837731e-01;1.2750000e+02;1.6925289e-01;1.2750000e+02;1.8757361e-01;1.2750000e+02;1.9028118e-01;1.2750000e+02;1.8553522e-01;1.2750000e+02;1.4263245e-01;1.2750000e+02;9.2606246e-02;1.2750000e+02;4.1328333e-02;1.2750000e+02;-9.5652938e-03;1.2750000e+02;-5.8353730e-02;1.2750000e+02;-1.0543741e-01;1.2750000e+02;-1.5645482e-01;1.2750000e+02;-1.0045652e-01;1.2750000e+02;-1.1575985e-01;1.2750000e+02;-1.1266174e-01;1.2750000e+02;-8.9042887e-02;1.2750000e+02;-4.5119978e-02;1.2750000e+02;2.1683557e-02;1.2750000e+02;1.0837731e-01;1.2750000e+02;1.6925289e-01;1.2750000e+02;1.8757361e-01;1.2750000e+02;1.9028118e-01;1.2750000e+02;1.8553522e-01;1.2750000e+02;1.4263245e-01;1.2750000e+02;9.2606246e-02;1.2750000e+02;4.1328333e-02;1.2750000e+02;-9.5652938e-03;1.2750000e+02;-5.8353730e-02;1.2750000e+02;-1.0543741e-01;1.2750000e+02;-1.5645482e-01;1.2750000e+02;-1.0045652e-01;1.2750000e+02;-1.1575985e-01;1.2750000e+02;-1.1266174e-01;1.2750000e+02;-8.9042887e-02;1.2750000e+02;-4.5119978e-02;1.2750000e+02;2.1683557e-02;1.2750000e+02;1.0837731e-01;1.2750000e+02;1.6925289e-01;1.2750000e+02;1.8757361e-01;1.2750000e+02;1.9028118e-01;1.2750000e+02;1.8553522e-01;1.2750000e+02;1.4263245e-01;1.2750000e+02;9.2606246e-02;1.2750000e+02;4.1328333e-02;1.2750000e+02;-9.5652938e-03;1.2750000e+02;-5.8353730e-02;1.2750000e+02;-1.0543741e-01;1.2750000e+02;-1.5645482e-01;1.2750000e+02;-1.0045652e-01;1.2750000e+02;-1.1575985e-01;1.2750000e+02;-1.1266174e-01;1.2750000e+02;-8.9042887e-02;1.2750000e+02;-4.5119978e-02;1.2750000e+02;2.1683557e-02;1.2750000e+02;1.0837731e-01;1.2750000e+02;1.6925289e-01;1.2750000e+02;1.8757361e-01;1.2750000e+02;1.9028118e-01;1.2750000e+02;1.8553522e-01;1.2750000e+02;1.4263245e-01;1.2750000e+02;9.2606246e-02;1.2750000e+02;4.1328333e-02;1.2750000e+02;-9.5652938e-03;1.2750000e+02;-5.8353730e-02;1.2750000e+02;-1.0543741e-01;1.2750000e+02;-1.5645482e-01;1.2750000e+02;-1.0045652e-01;1.2750000e+02;-1.1575985e-01;1.2750000e+02;-1.1266174e-01;1.2750000e+02;-8.9042887e-02;1.2750000e+02;-4.5119978e-02;1.2750000e+02;2.1683557e-02;1.2750000e+02;1.0837731e-01;1.2750000e+02;1.6925289e-01;1.2750000e+02;1.8757361e-01;1.2750000e+02;1.9028118e-01;1.2750000e+02;1.8553522e-01;1.2750000e+02;1.4263245e-01;1.2750000e+02;9.2606246e-02;1.2750000e+02;4.1328333e-02;1.2750000e+02;-9.5652938e-03;1.2750000e+02;-5.8353730e-02;1.2750000e+02;-1.0543741e-01;1.2750000e+02;-1.5645482e-01;1.2750000e+02;-1.0045652e-01;1.2750000e+02;-1.1575985e-01;1.2750000e+02;-1.1266174e-01;1.2750000e+02;-8.9042887e-02;1.2750000e+02;-4.5119978e-02;1.2750000e+02;2.1683557e-02;1.2750000e+02;1.0837731e-01;1.2750000e+02;1.6925289e-01;1.2750000e+02;1.8757361e-01;1.2750000e+02;1.9028118e-01;1.2750000e+02;1.8553522e-01;1.2750000e+02;1.4263245e-01;1.2750000e+02;9.2606246e-02;1.2750000e+02;4.1328333e-02;1.2750000e+02;-9.5652938e-03;1.2750000e+02;-5.8353730e-02;1.2750000e+02;-1.0543741e-01;1.2750000e+02;-1.5645482e-01;1.2750000e+02;-1.0045652e-01;1.2750000e+02;-1.1575985e-01;1.2750000e+02;-1.1266174e-01;1.2750000e+02;-8.9042887e-02;1.2750000e+02;-4.5119978e-02;1.2750000e+02;2.1683557e-02;1.2750000e+02;1.0837731e-01;1.2750000e+02;1.6925289e-01;1.2750000e+02;1.8757361e-01;1.2750000e+02;1.9028118e-01;1.2750000e+02;1.8553522e-01;1.2750000e+02;1.4263245e-01;1.2750000e+02;9.2606246e-02;1.2750000e+02;4.1328333e-02;1.2750000e+02;-9.5652938e-03;1.2750000e+02;-5.8353730e-02;1.2750000e+02;-1.0543741e-01;1.2750000e+02;-1.5645482e-01;1.2750000e+02;-1.0045652e-01;1.2750000e+02;-1.1575985e-01;1.2750000e+02;-1.1266174e-01;1.2750000e+02;-8.9042887e-02;1.2750000e+02;-4.5119978e-02;1.2750000e+02;2.1683557e-02;1.2750000e+02;1.0837731e-01;1.2750000e+02;1.6925289e-01;1.2750000e+02;1.8757361e-01;1.2750000e+02;1.9028118e-01;1.2750000e+02;1.8553522e-01;1.2750000e+02;1.4263245e-01;1.2750000e+02;9.2606246e-02;1.2750000e+02;4.1328333e-02;1.2750000e+02;-9.5652938e-03;1.2750000e+02;-5.8353730e-02;1.2750000e+02;-1.0543741e-01;1.2750000e+02;-1.5645482e-01;1.2750000e+02;-1.0045652e-01;1.2750000e+02;-1.1575985e-01;1.2750000e+02;-1.1266174e-01;1.2750000e+02;-8.9042887e-02;1.2750000e+02;-4.5119978e-02;1.2750000e+02;2.1683557e-02;1.2750000e+02;1.0837731e-01;1.2750000e+02;1.6925289e-01;1.2750000e+02;1.8757361e-01;1.2750000e+02;1.9028118e-01;1.2750000e+02;1.8553522e-01;1.2750000e+02;1.4263245e-01;1.2750000e+02;9.2606246e-02;1.2750000e+02;4.1328333e-02;1.2750000e+02;-9.5652938e-03;1.2750000e+02;-5.8353730e-02;1.2750000e+02;-1.0543741e-01;1.2750000e+02;-1.5645482e-01;1.2750000e+02;-1.0045652e-01;1.2750000e+02;-1.1575985e-01;1.2750000e+02;-1.1266174e-01;1.2750000e+02;-8.9042887e-02;1.2750000e+02;-4.5119978e-02;1.2750000e+02;2.1683557e-02;1.2750000e+02;1.0837731e-01;1.2750000e+02;1.6925289e-01;1.2750000e+02;1.8757361e-01;1.2750000e+02;1.9028118e-01;1.2750000e+02;1.8553522e-01;1.2750000e+02;1.4263245e-01;1.2750000e+02;9.2606246e-02;1.2750000e+02;4.1328333e-02;1.2750000e+02;-9.5652938e-03;1.2750000e+02;-5.8353730e-02;1.2750000e+02;-1.0543741e-01;1.2750000e+02;-1.5645482e-01;1.2750000e+02;-1.0045652e-01;1.2750000e+02;-1.1575985e-01;1.2750000e+02;-1.1266174e-01;1.2750000e+02;-8.9042887e-02;1.2750000e+02;-4.5119978e-02;1.2750000e+02;2.1683557e-02;1.2750000e+02;1.0837731e-01;1.2750000e+02;1.6925289e-01;1.2750000e+02;1.8757361e-01;1.2750000e+02;1.9028118e-01;1.2750000e+02;1.8553522e-01;1.2750000e+02;1.4263245e-01;1.2750000e+02;9.2606246e-02;1.2750000e+02;4.1328333e-02;1.2750000e+02;-9.5652938e-03;1.2750000e+02;-5.8353730e-02;1.2750000e+02;-1.0543741e-01;1.2750000e+02;-1.5645482e-01;1.2750000e+02;-1.0045652e-01;1.2750000e+02;-1.1575985e-01;1.2750000e+02;-1.1266174e-01;1.2750000e+02;-8.9042887e-02;1.2750000e+02;-4.5119978e-02;1.2750000e+02;2.1683557e-02;1.2750000e+02;1.0837731e-01;1.2750000e+02;1.6925289e-01;1.2750000e+02;1.8757361e-01;1.2750000e+02;1.9028118e-01;1.2750000e+02;1.8553522e-01;1.2750000e+02;1.4263245e-01;1.2750000e+02;9.2606246e-02;1.2750000e+02;4.1328333e-02;1.2750000e+02;-9.5652938e-03;1.2750000e+02;-5.8353730e-02;1.2750000e+02;-1.0543741e-01;1.2750000e+02;-1.5645482e-01;1.2750000e+02;-1.0045652e-01;1.2750000e+02;-1.1575985e-01;1.2750000e+02;-1.1266174e-01;1.2750000e+02;-8.9042887e-02;1.2750000e+02;-4.5119978e-02;1.2750000e+02;2.1683557e-02;1.2750000e+02;1.0837731e-01;1.2750000e+02;1.6925289e-01;1.2750000e+02;1.8757361e-01;1.2750000e+02;1.9028118e-01;1.2750000e+02;1.8553522e-01;1.2750000e+02;1.4263245e-01;1.2750000e+02;9.2606246e-02;1.2750000e+02;4.1328333e-02;1.2750000e+02;-9.5652938e-03;1.2750000e+02;-5.8353730e-02;1.2750000e+02;-1.0543741e-01;1.2750000e+02;-1.5645482e-01;1.2750000e+02;-1.0045652e-01;1.2750000e+02;-1.1575985e-01;1.2750000e+02;-1.1266174e-01;1.2750000e+02;-8.9042887e-02;1.2750000e+02;-4.5119978e-02;1.2750000e+02;2.1683557e-02;1.2750000e+02;1.0837731e-01;1.2750000e+02;1.6925289e-01;1.2750000e+02;1.8757361e-01;1.2750000e+02;1.9028118e-01;1.2750000e+02;1.8553522e-01;1.2750000e+02;1.4263245e-01;1.2750000e+02;9.2606246e-02;1.2750000e+02;4.1328333e-02;1.2750000e+02;-9.5652938e-03;1.2750000e+02;-5.8353730e-02;1.2750000e+02;-1.0543741e-01;1.2750000e+02;-1.5645482e-01;1.2750000e+02;-1.0045652e-01;1.2750000e+02;-1.1575985e-01;1.2750000e+02;-1.1266174e-01;1.2750000e+02;-8.9042887e-02;1.2750000e+02;-4.5119978e-02;1.2750000e+02;2.1683557e-02;1.2750000e+02;1.0837731e-01;1.2750000e+02;1.6925289e-01;1.2750000e+02;1.8757361e-01;1.2750000e+02;1.9028118e-01;1.2750000e+02;1.8553522e-01;1.2750000e+02;1.4263245e-01;1.2750000e+02;9.2606246e-02;1.2750000e+02;4.1328333e-02;1.2750000e+02;-9.5652938e-03;1.2750000e+02;-5.8353730e-02;1.2750000e+02;-1.0543741e-01;1.2750000e+02;-1.5645482e-01;1.2750000e+02;-1.0045652e-01;1.2750000e+02;-1.1575985e-01;1.2750000e+02;-1.1266174e-01;1.2750000e+02;-8.9042887e-02;1.2750000e+02;-4.5119978e-02;1.2750000e+02;2.1683557e-02;1.2750000e+02;1.0837731e-01;1.2750000e+02;1.6925289e-01;1.2750000e+02;1.8757361e-01;1.2750000e+02;1.9028118e-01;1.2750000e+02;1.8553522e-01;1.2750000e+02;1.4263245e-01;1.2750000e+02;9.2606246e-02;1.2750000e+02;4.1328333e-02;1.2750000e+02;-9.5652938e-03;1.2750000e+02;-5.8353730e-02;1.2750000e+02;-1.0543741e-01;1.2750000e+02;-1.5645482e-01;1.2750000e+02;-1.0045652e-01;1.2750000e+02;-1.1575985e-01;1.2750000e+02;-1.1266174e-01;1.2750000e+02;-8.9042887e-02;1.2750000e+02;-4.5119978e-02;1.2750000e+02;2.1683557e-02;1.2750000e+02;1.0837731e-01;1.2750000e+02;1.6925289e-01;1.2750000e+02;1.8757361e-01;1.2750000e+02;1.9028118e-01;1.2750000e+02;1.8553522e-01;1.2750000e+02;1.4263245e-01;1.2750000e+02;9.2606246e-02;1.2750000e+02;4.1328333e-02;1.2750000e+02;-9.5652938e-03;1.2750000e+02;-5.8353730e-02;1.2750000e+02;-1.0543741e-01;1.2750000e+02;-1.5645482e-01;1.2750000e+02;-1.0045652e-01;1.2750000e+02;-1.1575985e-01;1.2750000e+02;-1.1266174e-01;1.2750000e+02;-8.9042887e-02;1.2750000e+02;-4.5119978e-02;1.2750000e+02;2.1683557e-02;1.2750000e+02;1.0837731e-01;1.2750000e+02;1.6925289e-01;1.2750000e+02;1.8757361e-01;1.2750000e+02;1.9028118e-01;1.2750000e+02;1.8553522e-01;1.2750000e+02;1.4263245e-01;1.2750000e+02;9.2606246e-02;1.2750000e+02;4.1328333e-02;1.2750000e+02;-9.5652938e-03;1.2750000e+02;-5.8353730e-02;1.2750000e+02;-1.0543741e-01;1.2750000e+02;-1.5645482e-01;1.2750000e+02;-1.0045652e-01;1.2750000e+02;-1.1575985e-01;1.2750000e+02;-1.1266174e-01;1.2750000e+02;-8.9042887e-02;1.2750000e+02;-4.5119978e-02;1.2750000e+02;2.1683557e-02;1.2750000e+02;1.0837731e-01;1.2750000e+02;1.6925289e-01;1.2750000e+02;1.8757361e-01;1.2750000e+02;1.9028118e-01;1.2750000e+02;1.8553522e-01;1.2750000e+02;1.4263245e-01;1.2750000e+02;9.2606246e-02;1.2750000e+02;4.1328333e-02;1.2750000e+02;-9.5652938e-03;1.2750000e+02;-5.8353730e-02;1.2750000e+02;-1.0543741e-01;1.2750000e+02;-1.5645482e-01;1.2750000e+02;-1.0045652e-01;1.2750000e+02;-1.1575985e-01;1.2750000e+02;-1.1266174e-01;1.2750000e+02;-8.9042887e-02;1.2750000e+02;-4.5119978e-02;1.2750000e+02;2.1683557e-02;1.2750000e+02;1.0837731e-01;1.2750000e+02;1.6925289e-01;1.2750000e+02;1.8757361e-01;1.2750000e+02;1.9028118e-01;1.2750000e+02;1.8553522e-01;1.2750000e+02;1.4263245e-01;1.2750000e+02;9.2606246e-02;1.2750000e+02;4.1328333e-02;1.2750000e+02;-9.5652938e-03;1.2750000e+02;-5.8353730e-02;1.2750000e+02;-1.0543741e-01;1.2750000e+02;-1.5645482e-01;1.2750000e+02;-1.0045652e-01;1.2750000e+02;-1.1575985e-01;1.2750000e+02;-1.1266174e-01;1.2750000e+02;-8.9042887e-02;1.2750000e+02;-4.5119978e-02;1.2750000e+02;2.1683557e-02;1.2750000e+02;1.0837731e-01;1.2750000e+02;1.6925289e-01;1.2750000e+02;1.8757361e-01;1.2750000e+02;1.9028118e-01;1.2750000e+02;1.8553522e-01;1.2750000e+02;1.4263245e-01;1.2750000e+02;9.2606246e-02;1.2750000e+02;4.1328333e-02;1.2750000e+02;-9.5652938e-03;1.2750000e+02;-5.8353730e-02;1.2750000e+02;-1.0543741e-01;1.2750000e+02;-1.5645482e-01;1.2750000e+02;-1.0045652e-01;1.2750000e+02;-1.1575985e-01;1.2750000e+02;-1.1266174e-01;1.2750000e+02;-8.9042887e-02;1.2750000e+02;-4.5119978e-02;1.2750000e+02;2.1683557e-02;1.2750000e+02;1.0837731e-01;1.2750000e+02;1.6925289e-01;1.2750000e+02;1.8757361e-01;1.2750000e+02;1.9028118e-01;1.2750000e+02;1.8553522e-01;1.2750000e+02;1.4263245e-01;1.2750000e+02;9.2606246e-02;1.2750000e+02;4.1328333e-02;1.2750000e+02;-9.5652938e-03;1.2750000e+02;-5.8353730e-02;1.2750000e+02;-1.0543741e-01;1.2750000e+02;-1.5645482e-01;1.2750000e+02;-1.0045652e-01;1.2750000e+02;-1.1575985e-01;1.2750000e+02;-1.1266174e-01;1.2750000e+02;-8.9042887e-02;1.2750000e+02;-4.5119978e-02;1.2750000e+02;2.1683557e-02;1.2750000e+02;1.0837731e-01;1.2750000e+02;1.6925289e-01;1.2750000e+02;1.8757361e-01;1.2750000e+02;1.9028118e-01;1.2750000e+02;1.8553522e-01;1.2750000e+02;1.4263245e-01;1.2750000e+02;9.2606246e-02;1.2750000e+02;4.1328333e-02;1.2750000e+02;-9.5652938e-03;1.2750000e+02;-5.8353730e-02;1.2750000e+02;-1.0543741e-01;1.2750000e+02;-1.5645482e-01;1.2750000e+02;-1.0045652e-01;1.2750000e+02;-1.1575985e-01;1.2750000e+02;-1.1266174e-01;1.2750000e+02;-8.9042887e-02;1.2750000e+02;-4.5119978e-02;1.2750000e+02;2.1683557e-02;1.2750000e+02;1.0837731e-01;1.2750000e+02;1.6925289e-01;1.2750000e+02;1.8757361e-01;1.2750000e+02;1.9028118e-01;1.2750000e+02;1.8553522e-01;1.2750000e+02;1.4263245e-01;1.2750000e+02;9.2606246e-02;1.2750000e+02;4.1328333e-02;1.2750000e+02;-9.5652938e-03;1.2750000e+02;-5.8353730e-02;1.2750000e+02;-1.0543741e-01;1.2750000e+02;-1.5645482e-01;1.2750000e+02;-1.0045652e-01;1.2750000e+02;-1.1575985e-01;1.2750000e+02;-1.1266174e-01;1.2750000e+02;-8.9042887e-02;1.2750000e+02;-4.5119978e-02;1.2750000e+02;2.1683557e-02;1.2750000e+02;1.0837731e-01;1.2750000e+02;1.6925289e-01;1.2750000e+02;1.8757361e-01;1.2750000e+02;1.9028118e-01;1.2750000e+02;1.8553522e-01;1.2750000e+02;1.4263245e-01;1.2750000e+02;9.2606246e-02;1.2750000e+02;4.1328333e-02;1.2750000e+02;-9.5652938e-03;1.2750000e+02;-5.8353730e-02;1.2750000e+02;-1.0543741e-01;1.2750000e+02;-1.5645482e-01;1.2750000e+02;-1.0045652e-01;1.2750000e+02;-1.1575985e-01;1.2750000e+02;-1.1266174e-01;1.2750000e+02;-8.9042887e-02;1.2750000e+02;-4.5119978e-02;1.2750000e+02;2.1683557e-02;1.2750000e+02;1.0837731e-01;1.2750000e+02;1.6925289e-01;1.2750000e+02;1.8757361e-01;1.2750000e+02;1.9028118e-01;1.2750000e+02;1.8553522e-01;1.2750000e+02;1.4263245e-01;1.2750000e+02;9.2606246e-02;1.2750000e+02;4.1328333e-02;1.2750000e+02;-9.5652938e-03;1.2750000e+02;-5.8353730e-02;1.2750000e+02;-1.0543741e-01;1.2750000e+02;-1.5645482e-01;1.2750000e+02;-1.0045652e-01;1.2750000e+02;-1.1575985e-01;1.2750000e+02;-1.1266174e-01;1.2750000e+02;-8.9042887e-02;1.2750000e+02;-4.5119978e-02;1.2750000e+02;2.1683557e-02;1.2750000e+02;1.0837731e-01;1.2750000e+02;1.6925289e-01;1.2750000e+02;1.8757361e-01;1.2750000e+02;1.9028118e-01;1.2750000e+02;1.8553522e-01;1.2750000e+02;1.4263245e-01;1.2750000e+02;9.2606246e-02;1.2750000e+02;4.1328333e-02;1.2750000e+02;-9.5652938e-03;1.2750000e+02;-5.8353730e-02;1.2750000e+02;-1.0543741e-01;1.2750000e+02;-1.5645482e-01;1.2750000e+02;-1.0045652e-01;1.2750000e+02;-1.1575985e-01;1.2750000e+02;-1.1266174e-01;1.2750000e+02;-8.9042887e-02;1.2750000e+02;-4.5119978e-02;1.2750000e+02;2.1683557e-02;1.2750000e+02;1.0837731e-01;1.2750000e+02;1.6925289e-01;1.2750000e+02;1.8757361e-01;1.2750000e+02;1.9028118e-01;1.2750000e+02;1.8553522e-01;1.2750000e+02;1.4263245e-01;1.2750000e+02;9.2606246e-02;1.2750000e+02;4.1328333e-02;1.2750000e+02;-9.5652938e-03;1.2750000e+02;-5.8353730e-02;1.2750000e+02;-1.0543741e-01;1.2750000e+02;-1.5645482e-01;1.2750000e+02;-1.0045652e-01;1.2750000e+02;-1.1575985e-01;1.2750000e+02;-1.1266174e-01;1.2750000e+02;-8.9042887e-02;1.2750000e+02;-4.5119978e-02;1.2750000e+02;2.1683557e-02;1.2750000e+02;1.0837731e-01;1.2750000e+02;1.6925289e-01;1.2750000e+02;1.8757361e-01;1.2750000e+02;1.9028118e-01;1.2750000e+02;1.8553522e-01;1.2750000e+02;1.4263245e-01;1.2750000e+02;9.2606246e-02;1.2750000e+02;4.1328333e-02;1.2750000e+02;-9.5652938e-03;1.2750000e+02;-5.8353730e-02;1.2750000e+02;-1.0543741e-01;1.2750000e+02;-1.5645482e-01;1.2750000e+02;-1.0045652e-01;1.2750000e+02;-1.1575985e-01;1.2750000e+02;-1.1266174e-01;1.2750000e+02;-8.9042887e-02;1.2750000e+02;-4.5119978e-02;1.2750000e+02;2.1683557e-02;1.2750000e+02;1.0837731e-01;1.2750000e+02;1.6925289e-01;1.2750000e+02;1.8757361e-01;1.2750000e+02;1.9028118e-01;1.2750000e+02;1.8553522e-01;1.2750000e+02;1.4263245e-01;1.2750000e+02;9.2606246e-02;1.2750000e+02;4.1328333e-02;1.2750000e+02;-9.5652938e-03;1.2750000e+02;-5.8353730e-02;1.2750000e+02;-1.0543741e-01;1.2750000e+02;-1.5645482e-01;1.2750000e+02;-1.0045652e-01;1.2750000e+02;-1.1575985e-01;1.2750000e+02;-1.1266174e-01;1.2750000e+02;-8.9042887e-02;1.2750000e+02;-4.5119978e-02;1.2750000e+02;2.1683557e-02;1.2750000e+02;1.0837731e-01;1.2750000e+02;1.6925289e-01;1.2750000e+02;1.8757361e-01;1.2750000e+02;1.9028118e-01;1.2750000e+02;1.8553522e-01;1.2750000e+02;1.4263245e-01;1.2750000e+02;9.2606246e-02;1.2750000e+02;4.1328333e-02;1.2750000e+02;-9.5652938e-03;1.2750000e+02;-5.8353730e-02;1.2750000e+02;-1.0543741e-01;1.2750000e+02;-1.5645482e-01;1.2750000e+02;-1.0045652e-01;1.2750000e+02;-1.1575985e-01;1.2750000e+02;-1.1266174e-01;1.2750000e+02;-8.9042887e-02;1.2750000e+02;-4.5119978e-02;1.2750000e+02;2.1683557e-02;1.2750000e+02;1.0837731e-01;1.2750000e+02;1.6925289e-01;1.2750000e+02;1.8757361e-01;1.2750000e+02;1.9028118e-01;1.2750000e+02;1.8553522e-01;1.2750000e+02;1.4263245e-01;1.2750000e+02;9.2606246e-02;1.2750000e+02;4.1328333e-02;1.2750000e+02;-9.5652938e-03;1.2750000e+02;-5.8353730e-02;1.2750000e+02;-1.0543741e-01;1.2750000e+02;-1.5645482e-01;1.2750000e+02;-1.0045652e-01;1.2750000e+02;-1.1575985e-01;1.2750000e+02;-1.1266174e-01;1.2750000e+02;-8.9042887e-02;1.2750000e+02;-4.5119978e-02;1.2750000e+02;2.1683557e-02;1.2750000e+02;1.0837731e-01;1.2750000e+02;1.6925289e-01;1.2750000e+02;1.8757361e-01;1.2750000e+02;1.9028118e-01;1.2750000e+02;1.8553522e-01;1.2750000e+02;1.4263245e-01;1.2750000e+02;9.2606246e-02;1.2750000e+02;4.1328333e-02;1.2750000e+02;-9.5652938e-03;1.2750000e+02;-5.8353730e-02;1.2750000e+02;-1.0543741e-01;1.2750000e+02;-1.5645482e-01;1.2750000e+02;-1.0045652e-01;1.2750000e+02;-1.1575985e-01;1.2750000e+02;-1.1266174e-01;1.2750000e+02;-8.9042887e-02;1.2750000e+02;-4.5119978e-02;1.2750000e+02;2.1683557e-02;1.2750000e+02;1.0837731e-01;1.2750000e+02;1.6925289e-01;1.2750000e+02;1.8757361e-01;1.2750000e+02;1.9028118e-01;1.2750000e+02;1.8553522e-01;1.2750000e+02;1.4263245e-01;1.2750000e+02;9.2606246e-02;1.2750000e+02;4.1328333e-02;1.2750000e+02;-9.5652938e-03;1.2750000e+02;-5.8353730e-02;1.2750000e+02;-1.0543741e-01;1.2750000e+02;-1.5645482e-01;1.2750000e+02;-1.0045652e-01;1.2750000e+02;-1.1575985e-01;1.2750000e+02;-1.1266174e-01;1.2750000e+02;-8.9042887e-02;1.2750000e+02;-4.5119978e-02;1.2750000e+02;2.1683557e-02;1.2750000e+02;1.0837731e-01;1.2750000e+02;1.6925289e-01;1.2750000e+02;1.8757361e-01;1.2750000e+02;1.9028118e-01;1.2750000e+02;1.8553522e-01;1.2750000e+02;1.4263245e-01;1.2750000e+02;9.2606246e-02;1.2750000e+02;4.1328333e-02;1.2750000e+02;-9.5652938e-03;1.2750000e+02;-5.8353730e-02;1.2750000e+02;-1.0543741e-01;1.2750000e+02;-1.5645482e-01;1.2750000e+02;-1.0045652e-01;1.2750000e+02;-1.1575985e-01;1.2750000e+02;-1.1266174e-01;1.2750000e+02;-8.9042887e-02;1.2750000e+02;-4.5119978e-02;1.2750000e+02;2.1683557e-02;1.2750000e+02;1.0837731e-01;1.2750000e+02;1.6925289e-01;1.2750000e+02;1.8757361e-01;1.2750000e+02;1.9028118e-01;1.2750000e+02;1.8553522e-01;1.2750000e+02;1.4263245e-01;1.2750000e+02;9.2606246e-02;1.2750000e+02;4.1328333e-02;1.2750000e+02;-9.5652938e-03;1.2750000e+02;-5.8353730e-02;1.2750000e+02;-1.0543741e-01;1.2750000e+02;-1.5645482e-01;1.2750000e+02;-1.0045652e-01;1.2750000e+02;-1.1575985e-01;1.2750000e+02;-1.1266174e-01;1.2750000e+02;-8.9042887e-02;1.2750000e+02;-4.5119978e-02;1.2750000e+02;2.1683557e-02;1.2750000e+02;1.0837731e-01;1.2750000e+02;1.6925289e-01;1.2750000e+02;1.8757361e-01;1.2750000e+02;1.9028118e-01;1.2750000e+02;1.8553522e-01;1.2750000e+02;1.4263245e-01;1.2750000e+02;9.2606246e-02;1.2750000e+02;4.1328333e-02;1.2750000e+02;-9.5652938e-03;1.2750000e+02;-5.8353730e-02;1.2750000e+02;-1.0543741e-01;1.2750000e+02;-1.5645482e-01;1.2750000e+02;-1.0045652e-01;1.2750000e+02;-1.1575985e-01;1.2750000e+02;-1.1266174e-01;1.2750000e+02;-8.9042887e-02;1.2750000e+02;-4.5119978e-02;1.2750000e+02;2.1683557e-02;1.2750000e+02;1.0837731e-01;1.2750000e+02;1.6925289e-01;1.2750000e+02;1.8757361e-01;1.2750000e+02;1.9028118e-01;1.2750000e+02;1.8553522e-01;1.2750000e+02;1.4263245e-01;1.2750000e+02;9.2606246e-02;1.2750000e+02;4.1328333e-02;1.2750000e+02;-9.5652938e-03;1.2750000e+02;-5.8353730e-02;1.2750000e+02;-1.0543741e-01;1.2750000e+02;-1.5645482e-01;1.2750000e+02;-1.0045652e-01;1.2750000e+02;-1.1575985e-01;1.2750000e+02;-1.1266174e-01;1.2750000e+02;-8.9042887e-02;1.2750000e+02;-4.5119978e-02;1.2750000e+02;2.1683557e-02;1.2750000e+02;1.0837731e-01;1.2750000e+02;1.6925289e-01;1.2750000e+02;1.8757361e-01;1.2750000e+02;1.9028118e-01;1.2750000e+02;1.8553522e-01;1.2750000e+02;1.4263245e-01;1.2750000e+02;9.2606246e-02;1.2750000e+02;4.1328333e-02;1.2750000e+02;-9.5652938e-03;1.2750000e+02;-5.8353730e-02;1.2750000e+02;-1.0543741e-01;1.2750000e+02;-1.5645482e-01;1.2750000e+02;-1.0045652e-01;1.2750000e+02;-1.1575985e-01;1.2750000e+02;-1.1266174e-01;1.2750000e+02;-8.9042887e-02;1.2750000e+02;-4.5119978e-02;1.2750000e+02;2.1683557e-02;1.2750000e+02;1.0837731e-01;1.2750000e+02;1.6925289e-01;1.2750000e+02;1.8757361e-01;1.2750000e+02;1.9028118e-01;1.2750000e+02;1.8553522e-01;1.2750000e+02;1.4263245e-01;1.2750000e+02;9.2606246e-02;1.2750000e+02;4.1328333e-02;1.2750000e+02;-9.5652938e-03;1.2750000e+02;-5.8353730e-02;1.2750000e+02;-1.0543741e-01;1.2750000e+02;-1.5645482e-01;1.2750000e+02;-1.0045652e-01;1.2750000e+02;-1.1575985e-01;1.2750000e+02;-1.1266174e-01;1.2750000e+02;-8.9042887e-02;1.2750000e+02;-4.5119978e-02;1.2750000e+02;2.1683557e-02;1.2750000e+02;1.0837731e-01;1.2750000e+02;1.6925289e-01;1.2750000e+02;1.8757361e-01;1.2750000e+02;1.9028118e-01;1.2750000e+02;1.8553522e-01;1.2750000e+02;1.4263245e-01;1.2750000e+02;9.2606246e-02;1.2750000e+02;4.1328333e-02;1.2750000e+02;-9.5652938e-03;1.2750000e+02;-5.8353730e-02;1.2750000e+02;-1.0543741e-01;1.2750000e+02;-1.5645482e-01;1.2750000e+02;-1.0045652e-01;1.2750000e+02;-1.1575985e-01;1.2750000e+02;-1.1266174e-01;1.2750000e+02;-8.9042887e-02;1.2750000e+02;-4.5119978e-02;1.2750000e+02;2.1683557e-02;1.2750000e+02;1.0837731e-01;1.2750000e+02;1.6925289e-01;1.2750000e+02;1.8757361e-01;1.2750000e+02;1.9028118e-01;1.2750000e+02;1.8553522e-01;1.2750000e+02;1.4263245e-01;1.2750000e+02;9.2606246e-02;1.2750000e+02;4.1328333e-02;1.2750000e+02;-9.5652938e-03;1.2750000e+02;-5.8353730e-02;1.2750000e+02;-1.0543741e-01;1.2750000e+02;-1.5645482e-01;1.2750000e+02;-1.0045652e-01;1.2750000e+02;-1.1575985e-01;1.2750000e+02;-1.1266174e-01;1.2750000e+02;-8.9042887e-02;1.2750000e+02;-4.5119978e-02;1.2750000e+02;2.1683557e-02;1.2750000e+02;1.0837731e-01;1.2750000e+02;1.6925289e-01;1.2750000e+02;1.8757361e-01;1.2750000e+02;1.9028118e-01;1.2750000e+02;1.8553522e-01;1.2750000e+02;1.4263245e-01;1.2750000e+02;9.2606246e-02;1.2750000e+02;4.1328333e-02;1.2750000e+02;-9.5652938e-03;1.2750000e+02;-5.8353730e-02;1.2750000e+02;-1.0543741e-01;1.2750000e+02;-1.5645482e-01;1.2750000e+02;-1.0045652e-01;1.2750000e+02;-1.1575985e-01;1.2750000e+02;-1.1266174e-01;1.2750000e+02;-8.9042887e-02;1.2750000e+02;-4.5119978e-02;1.2750000e+02;2.1683557e-02;1.2750000e+02;1.0837731e-01;1.2750000e+02;1.6925289e-01;1.2750000e+02;1.8757361e-01;1.2750000e+02;1.9028118e-01;1.2750000e+02;1.8553522e-01;1.2750000e+02;1.4263245e-01;1.2750000e+02;9.2606246e-02;1.2750000e+02;4.1328333e-02;1.2750000e+02;-9.5652938e-03;1.2750000e+02;-5.8353730e-02;1.2750000e+02;-1.0543741e-01;1.2750000e+02;-1.5645482e-01;1.2750000e+02;-1.0045652e-01;1.2750000e+02;-1.1575985e-01;1.2750000e+02;-1.1266174e-01;1.2750000e+02;-8.9042887e-02;1.2750000e+02;-4.5119978e-02;1.2750000e+02;2.1683557e-02;1.2750000e+02;1.0837731e-01;1.2750000e+02;1.6925289e-01;1.2750000e+02;1.8757361e-01;1.2750000e+02;1.9028118e-01;1.2750000e+02;1.8553522e-01;1.2750000e+02;1.4263245e-01;1.2750000e+02;9.2606246e-02;1.2750000e+02;4.1328333e-02;1.2750000e+02;-9.5652938e-03;1.2750000e+02;-5.8353730e-02;1.2750000e+02;-1.0543741e-01;1.2750000e+02;-1.5645482e-01;1.2750000e+02;-1.0045652e-01;1.2750000e+02;-1.1575985e-01;1.2750000e+02;-1.1266174e-01;1.2750000e+02;-8.9042887e-02;1.2750000e+02;-4.5119978e-02;1.2750000e+02;2.1683557e-02;1.2750000e+02;1.0837731e-01;1.2750000e+02;1.6925289e-01;1.2750000e+02;1.8757361e-01;1.2750000e+02;1.9028118e-01;1.2750000e+02;1.8553522e-01;1.2750000e+02;1.4263245e-01;1.2750000e+02;9.2606246e-02;1.2750000e+02;4.1328333e-02;1.2750000e+02;-9.5652938e-03;1.2750000e+02;-5.8353730e-02;1.2750000e+02;-1.0543741e-01;1.2750000e+02;-1.5645482e-01;1.2750000e+02;-1.0045652e-01;1.2750000e+02;-1.1575985e-01;1.2750000e+02;-1.1266174e-01;1.2750000e+02;-8.9042887e-02;1.2750000e+02;-4.5119978e-02;1.2750000e+02;2.1683557e-02;1.2750000e+02;1.0837731e-01;1.2750000e+02;1.6925289e-01;1.2750000e+02;1.8757361e-01;1.2750000e+02;1.9028118e-01;1.2750000e+02;1.8553522e-01;1.2750000e+02;1.4263245e-01;1.2750000e+02;9.2606246e-02;1.2750000e+02;4.1328333e-02;1.2750000e+02;-9.5652938e-03;1.2750000e+02;-5.8353730e-02;1.2750000e+02;-1.0543741e-01;1.2750000e+02;-1.5645482e-01;1.2750000e+02;-1.0045652e-01;1.2750000e+02;-1.1575985e-01;1.2750000e+02;-1.1266174e-01;1.2750000e+02;-8.9042887e-02;1.2750000e+02;-4.5119978e-02;1.2750000e+02;2.1683557e-02;1.2750000e+02;1.0837731e-01;1.2750000e+02;1.6925289e-01;1.2750000e+02;1.8757361e-01;1.2750000e+02;1.9028118e-01;1.2750000e+02;1.8553522e-01;1.2750000e+02;1.4263245e-01;1.2750000e+02;9.2606246e-02;1.2750000e+02;4.1328333e-02;1.2750000e+02;-9.5652938e-03;1.2750000e+02;-5.8353730e-02;1.2750000e+02;-1.0543741e-01;1.2750000e+02;-1.5645482e-01;1.2750000e+02;-1.0045652e-01;1.2750000e+02;-1.1575985e-01;1.2750000e+02;-1.1266174e-01;1.2750000e+02;-8.9042887e-02;1.2750000e+02;-4.5119978e-02;1.2750000e+02;2.1683557e-02;1.2750000e+02;1.0837731e-01;1.2750000e+02;1.6925289e-01;1.2750000e+02;1.8757361e-01;1.2750000e+02;1.9028118e-01;1.2750000e+02;1.8553522e-01;1.2750000e+02;1.4263245e-01;1.2750000e+02;9.2606246e-02;1.2750000e+02;4.1328333e-02;1.2750000e+02;-9.5652938e-03;1.2750000e+02;-5.8353730e-02;1.2750000e+02;-1.0543741e-01;1.2750000e+02;-1.5645482e-01;1.2750000e+02;-1.0045652e-01;1.2750000e+02;-1.1575985e-01;1.2750000e+02;-1.1266174e-01;1.2750000e+02;-8.9042887e-02;1.2750000e+02;-4.5119978e-02;1.2750000e+02;2.1683557e-02;1.2750000e+02;1.0837731e-01;1.2750000e+02;1.6925289e-01;1.2750000e+02;1.8757361e-01;1.2750000e+02;1.9028118e-01;1.2750000e+02;1.8553522e-01;1.2750000e+02;1.4263245e-01;1.2750000e+02;9.2606246e-02;1.2750000e+02;4.1328333e-02;1.2750000e+02;-9.5652938e-03;1.2750000e+02;-5.8353730e-02;1.2750000e+02;-1.0543741e-01;1.2750000e+02;-1.5645482e-01;1.2750000e+02;-1.0045652e-01;1.2750000e+02;-1.1575985e-01;1.2750000e+02;-1.1266174e-01;1.2750000e+02;-8.9042887e-02;1.2750000e+02;-4.5119978e-02;1.2750000e+02;2.1683557e-02;1.2750000e+02;1.0837731e-01;1.2750000e+02;1.6925289e-01;1.2750000e+02;1.8757361e-01;1.2750000e+02;1.9028118e-01;1.2750000e+02;1.8553522e-01;1.2750000e+02;1.4263245e-01;1.2750000e+02;9.2606246e-02;1.2750000e+02;4.1328333e-02;1.2750000e+02;-9.5652938e-03;1.2750000e+02;-5.8353730e-02;1.2750000e+02;-1.0543741e-01;1.2750000e+02;-1.5645482e-01;1.2750000e+02;-1.0045652e-01;1.2750000e+02;-1.1575985e-01;1.2750000e+02;-1.1266174e-01;1.2750000e+02;-8.9042887e-02;1.2750000e+02;-4.5119978e-02;1.2750000e+02;2.1683557e-02;1.2750000e+02;1.0837731e-01;1.2750000e+02;1.6925289e-01;1.2750000e+02;1.8757361e-01;1.2750000e+02;1.9028118e-01;1.2750000e+02;1.8553522e-01;1.2750000e+02;1.4263245e-01;1.2750000e+02;9.2606246e-02;1.2750000e+02;4.1328333e-02;1.2750000e+02;-9.5652938e-03;1.2750000e+02;-5.8353730e-02;1.2750000e+02;-1.0543741e-01;1.2750000e+02;-1.5645482e-01
1.3250000e+02;-9.4300225e-02;1.3250000e+02;-1.0435255e-01;1.3250000e+02;-9.6428365e-02;1.3250000e+02;-6.7923114e-02;1.3250000e+02;-1.9683078e-02;1.3250000e+02;5.1454198e-02;1.3250000e+02;1.3314527e-01;1.3250000e+02;1.7976303e-01;1.3250000e+02;1.8307817e-01;1.3250000e+02;1.8012753e-01;1.3250000e+02;1.8370394e-01;1.3250000e+02;1.4720219e-01;1.3250000e+02;1.0123630e-01;1.3250000e+02;5.2338403e-02;1.3250000e+02;4.0939376e-03;1.3250000e+02;-4.6111405e-02;1.3250000e+02;-9.3202822e-02;1.3250000e+02;-1.4109796e-01;1.3250000e+02;-9.4300225e-02;1.3250000e+02;-1.0435255e-01;1.3250000e+02;-9.6428365e-02;1.3250000e+02;-6.7923114e-02;1.3250000e+02;-1.9683078e-02;1.3250000e+02;5.1454198e-02;1.3250000e+02;1.3314527e-01;1.3250000e+02;1.7976303e-01;1.3250000e+02;1.8307817e-01;1.3250000e+02;1.8012753e-01;1.3250000e+02;1.8370394e-01;1.3250000e+02;1.4720219e-01;1.3250000e+02;1.0123630e-01;1.3250000e+02;5.2338403e-02;1.3250000e+02;4.0939376e-03;1.3250000e+02;-4.6111405e-02;1.3250000e+02;-9.3202822e-02;1.3250000e+02;-1.4109796e-01;1.3250000e+02;-9.4300225e-02;1.3250000e+02;-1.0435255e-01;1.3250000e+02;-9.6428365e-02;1.3250000e+02;-6.7923114e-02;1.3250000e+02;-1.9683078e-02;1.3250000e+02;5.1454198e-02;1.3250000e+02;1.3314527e-01;1.3250000e+02;1.7976303e-01;1.3250000e+02;1.8307817e-01;1.3250000e+02;1.8012753e-01;1.3250000e+02;1.8370394e-01;1.3250000e+02;1.4720219e-01;1.3250000e+02;1.0123630e-01;1.3250000e+02;5.2338403e-02;1.3250000e+02;4.0939376e-03;1.3250000e+02;-4.6111405e-02;1.3250000e+02;-9.3202822e-02;1.3250000e+02;-1.4109796e-01;1.3250000e+02;-9.4300225e-02;1.3250000e+02;-1.0435255e-01;1.3250000e+02;-9.6428365e-02;1.3250000e+02;-6.7923114e-02;1.3250000e+02;-1.9683078e-02;1.3250000e+02;5.1454198e-02;1.3250000e+02;1.3314527e-01;1.3250000e+02;1.7976303e-01;1.3250000e+02;1.8307817e-01;1.3250000e+02;1.8012753e-01;1.3250000e+02;1.8370394e-01;1.3250000e+02;1.4720219e-01;1.3250000e+02;1.0123630e-01;1.3250000e+02;5.2338403e-02;1.3250000e+02;4.0939376e-03;1.3250000e+02;-4.6111405e-02;1.3250000e+02;-9.3202822e-02;1.3250000e+02;-1.4109796e-01;1.3250000e+02;-9.4300225e-02;1.3250000e+02;-1.0435255e-01;1.3250000e+02;-9.6428365e-02;1.3250000e+02;-6.7923114e-02;1.3250000e+02;-1.9683078e-02;1.3250000e+02;5.1454198e-02;1.3250000e+02;1.3314527e-01;1.3250000e+02;1.7976303e-01;1.3250000e+02;1.8307817e-01;1.3250000e+02;1.8012753e-01;1.3250000e+02;1.8370394e-01;1.3250000e+02;1.4720219e-01;1.3250000e+02;1.0123630e-01;1.3250000e+02;5.2338403e-02;1.3250000e+02;4.0939376e-03;1.3250000e+02;-4.6111405e-02;1.3250000e+02;-9.3202822e-02;1.3250000e+02;-1.4109796e-01;1.3250000e+02;-9.4300225e-02;1.3250000e+02;-1.0435255e-01;1.3250000e+02;-9.6428365e-02;1.3250000e+02;-6.7923114e-02;1.3250000e+02;-1.9683078e-02;1.3250000e+02;5.1454198e-02;1.3250000e+02;1.3314527e-01;1.3250000e+02;1.7976303e-01;1.3250000e+02;1.8307817e-01;1.3250000e+02;1.8012753e-01;1.3250000e+02;1.8370394e-01;1.3250000e+02;1.4720219e-01;1.3250000e+02;1.0123630e-01;1.3250000e+02;5.2338403e-02;1.3250000e+02;4.0939376e-03;1.3250000e+02;-4.6111405e-02;1.3250000e+02;-9.3202822e-02;1.3250000e+02;-1.4109796e-01;1.3250000e+02;-9.4300225e-02;1.3250000e+02;-1.0435255e-01;1.3250000e+02;-9.6428365e-02;1.3250000e+02;-6.7923114e-02;1.3250000e+02;-1.9683078e-02;1.3250000e+02;5.1454198e-02;1.3250000e+02;1.3314527e-01;1.3250000e+02;1.7976303e-01;1.3250000e+02;1.8307817e-01;1.3250000e+02;1.8012753e-01;1.3250000e+02;1.8370394e-01;1.3250000e+02;1.4720219e-01;1.3250000e+02;1.0123630e-01;1.3250000e+02;5.2338403e-02;1.3250000e+02;4.0939376e-03;1.3250000e+02;-4.6111405e-02;1.3250000e+02;-9.3202822e-02;1.3250000e+02;-1.4109796e-01;1.3250000e+02;-9.4300225e-02;1.3250000e+02;-1.0435255e-01;1.3250000e+02;-9.6428365e-02;1.3250000e+02;-6.7923114e-02;1.3250000e+02;-1.9683078e-02;1.3250000e+02;5.1454198e-02;1.3250000e+02;1.3314527e-01;1.3250000e+02;1.7976303e-01;1.3250000e+02;1.8307817e-01;1.3250000e+02;1.8012753e-01;1.3250000e+02;1.8370394e-01;1.3250000e+02;1.4720219e-01;1.3250000e+02;1.0123630e-01;1.3250000e+02;5.2338403e-02;1.3250000e+02;4.0939376e-03;1.3250000e+02;-4.6111405e-02;1.3250000e+02;-9.3202822e-02;1.3250000e+02;-1.4109796e-01;1.3250000e+02;-9.4300225e-02;1.3250000e+02;-1.0435255e-01;1.3250000e+02;-9.6428365e-02;1.3250000e+02;-6.7923114e-02;1.3250000e+02;-1.9683078e-02;1.3250000e+02;5.1454198e-02;1.3250000e+02;1.3314527e-01;1.3250000e+02;1.7976303e-01;1.3250000e+02;1.8307817e-01;1.3250000e+02;1.8012753e-01;1.3250000e+02;1.8370394e-01;1.3250000e+02;1.4720219e-01;1.3250000e+02;1.0123630e-01;1.3250000e+02;5.2338403e-02;1.3250000e+02;4.0939376e-03;1.3250000e+02;-4.6111405e-02;1.3250000e+02;-9.3202822e-02;1.3250000e+02;-1.4109796e-01;1.3250000e+02;-9.4300225e-02;1.3250000e+02;-1.0435255e-01;1.3250000e+02;-9.6428365e-02;1.3250000e+02;-6.7923114e-02;1.3250000e+02;-1.9683078e-02;1.3250000e+02;5.1454198e-02;1.3250000e+02;1.3314527e-01;1.3250000e+02;1.7976303e-01;1.3250000e+02;1.8307817e-01;1.3250000e+02;1.8012753e-01;1.3250000e+02;1.8370394e-01;1.3250000e+02;1.4720219e-01;1.3250000e+02;1.0123630e-01;1.3250000e+02;5.2338403e-02;1.3250000e+02;4.0939376e-03;1.3250000e+02;-4.6111405e-02;1.3250000e+02;-9.3202822e-02;1.3250000e+02;-1.4109796e-01;1.3250000e+02;-9.4300225e-02;1.3250000e+02;-1.0435255e-01;1.3250000e+02;-9.6428365e-02;1.3250000e+02;-6.7923114e-02;1.3250000e+02;-1.9683078e-02;1.3250000e+02;5.1454198e-02;1.3250000e+02;1.3314527e-01;1.3250000e+02;1.7976303e-01;1.3250000e+02;1.8307817e-01;1.3250000e+02;1.8012753e-01;1.3250000e+02;1.8370394e-01;1.3250000e+02;1.4720219e-01;1.3250000e+02;1.0123630e-01;1.3250000e+02;5.2338403e-02;1.3250000e+02;4.0939376e-03;1.3250000e+02;-4.6111405e-02;1.3250000e+02;-9.3202822e-02;1.3250000e+02;-1.4109796e-01;1.3250000e+02;-9.4300225e-02;1.3250000e+02;-1.0435255e-01;1.3250000e+02;-9.6428365e-02;1.3250000e+02;-6.7923114e-02;1.3250000e+02;-1.9683078e-02;1.3250000e+02;5.1454198e-02;1.3250000e+02;1.3314527e-01;1.3250000e+02;1.7976303e-01;1.3250000e+02;1.8307817e-01;1.3250000e+02;1.8012753e-01;1.3250000e+02;1.8370394e-01;1.3250000e+02;1.4720219e-01;1.3250000e+02;1.0123630e-01;1.3250000e+02;5.2338403e-02;1.3250000e+02;4.0939376e-03;1.3250000e+02;-4.6111405e-02;1.3250000e+02;-9.3202822e-02;1.3250000e+02;-1.4109796e-01;1.3250000e+02;-9.4300225e-02;1.3250000e+02;-1.0435255e-01;1.3250000e+02;-9.6428365e-02;1.3250000e+02;-6.7923114e-02;1.3250000e+02;-1.9683078e-02;1.3250000e+02;5.1454198e-02;1.3250000e+02;1.3314527e-01;1.3250000e+02;1.7976303e-01;1.3250000e+02;1.8307817e-01;1.3250000e+02;1.8012753e-01;1.3250000e+02;1.8370394e-01;1.3250000e+02;1.4720219e-01;1.3250000e+02;1.0123630e-01;1.3250000e+02;5.2338403e-02;1.3250000e+02;4.0939376e-03;1.3250000e+02;-4.6111405e-02;1.3250000e+02;-9.3202822e-02;1.3250000e+02;-1.4109796e-01;1.3250000e+02;-9.4300225e-02;1.3250000e+02;-1.0435255e-01;1.3250000e+02;-9.6428365e-02;1.3250000e+02;-6.7923114e-02;1.3250000e+02;-1.9683078e-02;1.3250000e+02;5.1454198e-02;1.3250000e+02;1.3314527e-01;1.3250000e+02;1.7976303e-01;1.3250000e+02;1.8307817e-01;1.3250000e+02;1.8012753e-01;1.3250000e+02;1.8370394e-01;1.3250000e+02;1.4720219e-01;1.3250000e+02;1.0123630e-01;1.3250000e+02;5.2338403e-02;1.3250000e+02;4.0939376e-03;1.3250000e+02;-4.6111405e-02;1.3250000e+02;-9.3202822e-02;1.3250000e+02;-1.4109796e-01;1.3250000e+02;-9.4300225e-02;1.3250000e+02;-1.0435255e-01;1.3250000e+02;-9.6428365e-02;1.3250000e+02;-6.7923114e-02;1.3250000e+02;-1.9683078e-02;1.3250000e+02;5.1454198e-02;1.3250000e+02;1.3314527e-01;1.3250000e+02;1.7976303e-01;1.3250000e+02;1.8307817e-01;1.3250000e+02;1.8012753e-01;1.3250000e+02;1.8370394e-01;1.3250000e+02;1.4720219e-01;1.3250000e+02;1.0123630e-01;1.3250000e+02;5.2338403e-02;1.3250000e+02;4.0939376e-03;1.3250000e+02;-4.6111405e-02;1.3250000e+02;-9.3202822e-02;1.3250000e+02;-1.4109796e-01;1.3250000e+02;-9.4300225e-02;1.3250000e+02;-1.0435255e-01;1.3250000e+02;-9.6428365e-02;1.3250000e+02;-6.7923114e-02;1.3250000e+02;-1.9683078e-02;1.3250000e+02;5.1454198e-02;1.3250000e+02;1.3314527e-01;1.3250000e+02;1.7976303e-01;1.3250000e+02;1.8307817e-01;1.3250000e+02;1.8012753e-01;1.3250000e+02;1.8370394e-01;1.3250000e+02;1.4720219e-01;1.3250000e+02;1.0123630e-01;1.3250000e+02;5.2338403e-02;1.3250000e+02;4.0939376e-03;1.3250000e+02;-4.6111405e-02;1.3250000e+02;-9.3202822e-02;1.3250000e+02;-1.4109796e-01;1.3250000e+02;-9.4300225e-02;1.3250000e+02;-1.0435255e-01;1.3250000e+02;-9.6428365e-02;1.3250000e+02;-6.7923114e-02;1.3250000e+02;-1.9683078e-02;1.3250000e+02;5.1454198e-02;1.3250000e+02;1.3314527e-01;1.3250000e+02;1.7976303e-01;1.3250000e+02;1.8307817e-01;1.3250000e+02;1.8012753e-01;1.3250000e+02;1.8370394e-01;1.3250000e+02;1.4720219e-01;1.3250000e+02;1.0123630e-01;1.3250000e+02;5.2338403e-02;1.3250000e+02;4.0939376e-03;1.3250000e+02;-4.6111405e-02;1.3250000e+02;-9.3202822e-02;1.3250000e+02;-1.4109796e-01;1.3250000e+02;-9.4300225e-02;1.3250000e+02;-1.0435255e-01;1.3250000e+02;-9.6428365e-02;1.3250000e+02;-6.7923114e-02;1.3250000e+02;-1.9683078e-02;1.3250000e+02;5.1454198e-02;1.3250000e+02;1.3314527e-01;1.3250000e+02;1.7976303e-01;1.3250000e+02;1.8307817e-01;1.3250000e+02;1.8012753e-01;1.3250000e+02;1.8370394e-01;1.3250000e+02;1.4720219e-01;1.3250000e+02;1.0123630e-01;1.3250000e+02;5.2338403e-02;1.3250000e+02;4.0939376e-03;1.3250000e+02;-4.6111405e-02;1.3250000e+02;-9.3202822e-02;1.3250000e+02;-1.4109796e-01;1.3250000e+02;-9.4300225e-02;1.3250000e+02;-1.0435255e-01;1.3250000e+02;-9.6428365e-02;1.3250000e+02;-6.7923114e-02;1.3250000e+02;-1.9683078e-02;1.3250000e+02;5.1454198e-02;1.3250000e+02;1.3314527e-01;1.3250000e+02;1.7976303e-01;1.3250000e+02;1.8307817e-01;1.3250000e+02;1.8012753e-01;1.3250000e+02;1.8370394e-01;1.3250000e+02;1.4720219e-01;1.3250000e+02;1.0123630e-01;1.3250000e+02;5.2338403e-02;1.3250000e+02;4.0939376e-03;1.3250000e+02;-4.6111405e-02;1.3250000e+02;-9.3202822e-02;1.3250000e+02;-1.4109796e-01;1.3250000e+02;-9.4300225e-02;1.3250000e+02;-1.0435255e-01;1.3250000e+02;-9.6428365e-02;1.3250000e+02;-6.7923114e-02;1.3250000e+02;-1.9683078e-02;1.3250000e+02;5.1454198e-02;1.3250000e+02;1.3314527e-01;1.3250000e+02;1.7976303e-01;1.3250000e+02;1.8307817e-01;1.3250000e+02;1.8012753e-01;1.3250000e+02;1.8370394e-01;1.3250000e+02;1.4720219e-01;1.3250000e+02;1.0123630e-01;1.3250000e+02;5.2338403e-02;1.3250000e+02;4.0939376e-03;1.3250000e+02;-4.6111405e-02;1.3250000e+02;-9.3202822e-02;1.3250000e+02;-1.4109796e-01;1.3250000e+02;-9.4300225e-02;1.3250000e+02;-1.0435255e-01;1.3250000e+02;-9.6428365e-02;1.3250000e+02;-6.7923114e-02;1.3250000e+02;-1.9683078e-02;1.3250000e+02;5.1454198e-02;1.3250000e+02;1.3314527e-01;1.3250000e+02;1.7976303e-01;1.3250000e+02;1.8307817e-01;1.3250000e+02;1.8012753e-01;1.3250000e+02;1.8370394e-01;1.3250000e+02;1.4720219e-01;1.3250000e+02;1.0123630e-01;1.3250000e+02;5.2338403e-02;1.3250000e+02;4.0939376e-03;1.3250000e+02;-4.6111405e-02;1.3250000e+02;-9.3202822e-02;1.3250000e+02;-1.4109796e-01;1.3250000e+02;-9.4300225e-02;1.3250000e+02;-1.0435255e-01;1.3250000e+02;-9.6428365e-02;1.3250000e+02;-6.7923114e-02;1.3250000e+02;-1.9683078e-02;1.3250000e+02;5.1454198e-02;1.3250000e+02;1.3314527e-01;1.3250000e+02;1.7976303e-01;1.3250000e+02;1.8307817e-01;1.3250000e+02;1.8012753e-01;1.3250000e+02;1.8370394e-01;1.3250000e+02;1.4720219e-01;1.3250000e+02;1.0123630e-01;1.3250000e+02;5.2338403e-02;1.3250000e+02;4.0939376e-03;1.3250000e+02;-4.6111405e-02;1.3250000e+02;-9.3202822e-02;1.3250000e+02;-1.4109796e-01;1.3250000e+02;-9.4300225e-02;1.3250000e+02;-1.0435255e-01;1.3250000e+02;-9.6428365e-02;1.3250000e+02;-6.7923114e-02;1.3250000e+02;-1.9683078e-02;1.3250000e+02;5.1454198e-02;1.3250000e+02;1.3314527e-01;1.3250000e+02;1.7976303e-01;1.3250000e+02;1.8307817e-01;1.3250000e+02;1.8012753e-01;1.3250000e+02;1.8370394e-01;1.3250000e+02;1.4720219e-01;1.3250000e+02;1.0123630e-01;1.3250000e+02;5.2338403e-02;1.3250000e+02;4.0939376e-03;1.3250000e+02;-4.6111405e-02;1.3250000e+02;-9.3202822e-02;1.3250000e+02;-1.4109796e-01;1.3250000e+02;-9.4300225e-02;1.3250000e+02;-1.0435255e-01;1.3250000e+02;-9.6428365e-02;1.3250000e+02;-6.7923114e-02;1.3250000e+02;-1.9683078e-02;1.3250000e+02;5.1454198e-02;1.3250000e+02;1.3314527e-01;1.3250000e+02;1.7976303e-01;1.3250000e+02;1.8307817e-01;1.3250000e+02;1.8012753e-01;1.3250000e+02;1.8370394e-01;1.3250000e+02;1.4720219e-01;1.3250000e+02;1.0123630e-01;1.3250000e+02;5.2338403e-02;1.3250000e+02;4.0939376e-03;1.3250000e+02;-4.6111405e-02;1.3250000e+02;-9.3202822e-02;1.3250000e+02;-1.4109796e-01;1.3250000e+02;-9.4300225e-02;1.3250000e+02;-1.0435255e-01;1.3250000e+02;-9.6428365e-02;1.3250000e+02;-6.7923114e-02;1.3250000e+02;-1.9683078e-02;1.3250000e+02;5.1454198e-02;1.3250000e+02;1.3314527e-01;1.3250000e+02;1.7976303e-01;1.3250000e+02;1.8307817e-01;1.3250000e+02;1.8012753e-01;1.3250000e+02;1.8370394e-01;1.3250000e+02;1.4720219e-01;1.3250000e+02;1.0123630e-01;1.3250000e+02;5.2338403e-02;1.3250000e+02;4.0939376e-03;1.3250000e+02;-4.6111405e-02;1.3250000e+02;-9.3202822e-02;1.3250000e+02;-1.4109796e-01;1.3250000e+02;-9.4300225e-02;1.3250000e+02;-1.0435255e-01;1.3250000e+02;-9.6428365e-02;1.3250000e+02;-6.7923114e-02;1.3250000e+02;-1.9683078e-02;1.3250000e+02;5.1454198e-02;1.3250000e+02;1.3314527e-01;1.3250000e+02;1.7976303e-01;1.3250000e+02;1.8307817e-01;1.3250000e+02;1.8012753e-01;1.3250000e+02;1.8370394e-01;1.3250000e+02;1.4720219e-01;1.3250000e+02;1.0123630e-01;1.3250000e+02;5.2338403e-02;1.3250000e+02;4.0939376e-03;1.3250000e+02;-4.6111405e-02;1.3250000e+02;-9.3202822e-02;1.3250000e+02;-1.4109796e-01;1.3250000e+02;-9.4300225e-02;1.3250000e+02;-1.0435255e-01;1.3250000e+02;-9.6428365e-02;1.3250000e+02;-6.7923114e-02;1.3250000e+02;-1.9683078e-02;1.3250000e+02;5.1454198e-02;1.3250000e+02;1.3314527e-01;1.3250000e+02;1.7976303e-01;1.3250000e+02;1.8307817e-01;1.3250000e+02;1.8012753e-01;1.3250000e+02;1.8370394e-01;1.3250000e+02;1.4720219e-01;1.3250000e+02;1.0123630e-01;1.3250000e+02;5.2338403e-02;1.3250000e+02;4.0939376e-03;1.3250000e+02;-4.6111405e-02;1.3250000e+02;-9.3202822e-02;1.3250000e+02;-1.4109796e-01;1.3250000e+02;-9.4300225e-02;1.3250000e+02;-1.0435255e-01;1.3250000e+02;-9.6428365e-02;1.3250000e+02;-6.7923114e-02;1.3250000e+02;-1.9683078e-02;1.3250000e+02;5.1454198e-02;1.3250000e+02;1.3314527e-01;1.3250000e+02;1.7976303e-01;1.3250000e+02;1.8307817e-01;1.3250000e+02;1.8012753e-01;1.3250000e+02;1.8370394e-01;1.3250000e+02;1.4720219e-01;1.3250000e+02;1.0123630e-01;1.3250000e+02;5.2338403e-02;1.3250000e+02;4.0939376e-03;1.3250000e+02;-4.6111405e-02;1.3250000e+02;-9.3202822e-02;1.3250000e+02;-1.4109796e-01;1.3250000e+02;-9.4300225e-02;1.3250000e+02;-1.0435255e-01;1.3250000e+02;-9.6428365e-02;1.3250000e+02;-6.7923114e-02;1.3250000e+02;-1.9683078e-02;1.3250000e+02;5.1454198e-02;1.3250000e+02;1.3314527e-01;1.3250000e+02;1.7976303e-01;1.3250000e+02;1.8307817e-01;1.3250000e+02;1.8012753e-01;1.3250000e+02;1.8370394e-01;1.3250000e+02;1.4720219e-01;1.3250000e+02;1.0123630e-01;1.3250000e+02;5.2338403e-02;1.3250000e+02;4.0939376e-03;1.3250000e+02;-4.6111405e-02;1.3250000e+02;-9.3202822e-02;1.3250000e+02;-1.4109796e-01;1.3250000e+02;-9.4300225e-02;1.3250000e+02;-1.0435255e-01;1.3250000e+02;-9.6428365e-02;1.3250000e+02;-6.7923114e-02;1.3250000e+02;-1.9683078e-02;1.3250000e+02;5.1454198e-02;1.3250000e+02;1.3314527e-01;1.3250000e+02;1.7976303e-01;1.3250000e+02;1.8307817e-01;1.3250000e+02;1.8012753e-01;1.3250000e+02;1.8370394e-01;1.3250000e+02;1.4720219e-01;1.3250000e+02;1.0123630e-01;1.3250000e+02;5.2338403e-02;1.3250000e+02;4.0939376e-03;1.3250000e+02;-4.6111405e-02;1.3250000e+02;-9.3202822e-02;1.3250000e+02;-1.4109796e-01;1.3250000e+02;-9.4300225e-02;1.3250000e+02;-1.0435255e-01;1.3250000e+02;-9.6428365e-02;1.3250000e+02;-6.7923114e-02;1.3250000e+02;-1.9683078e-02;1.3250000e+02;5.1454198e-02;1.3250000e+02;1.3314527e-01;1.3250000e+02;1.7976303e-01;1.3250000e+02;1.8307817e-01;1.3250000e+02;1.8012753e-01;1.3250000e+02;1.8370394e-01;1.3250000e+02;1.4720219e-01;1.3250000e+02;1.0123630e-01;1.3250000e+02;5.2338403e-02;1.3250000e+02;4.0939376e-03;1.3250000e+02;-4.6111405e-02;1.3250000e+02;-9.3202822e-02;1.3250000e+02;-1.4109796e-01;1.3250000e+02;-9.4300225e-02;1.3250000e+02;-1.0435255e-01;1.3250000e+02;-9.6428365e-02;1.3250000e+02;-6.7923114e-02;1.3250000e+02;-1.9683078e-02;1.3250000e+02;5.1454198e-02;1.3250000e+02;1.3314527e-01;1.3250000e+02;1.7976303e-01;1.3250000e+02;1.8307817e-01;1.3250000e+02;1.8012753e-01;1.3250000e+02;1.8370394e-01;1.3250000e+02;1.4720219e-01;1.3250000e+02;1.0123630e-01;1.3250000e+02;5.2338403e-02;1.3250000e+02;4.0939376e-03;1.3250000e+02;-4.6111405e-02;1.3250000e+02;-9.3202822e-02;1.3250000e+02;-1.4109796e-01;1.3250000e+02;-9.4300225e-02;1.3250000e+02;-1.0435255e-01;1.3250000e+02;-9.6428365e-02;1.3250000e+02;-6.7923114e-02;1.3250000e+02;-1.9683078e-02;1.3250000e+02;5.1454198e-02;1.3250000e+02;1.3314527e-01;1.3250000e+02;1.7976303e-01;1.3250000e+02;1.8307817e-01;1.3250000e+02;1.8012753e-01;1.3250000e+02;1.8370394e-01;1.3250000e+02;1.4720219e-01;1.3250000e+02;1.0123630e-01;1.3250000e+02;5.2338403e-02;1.3250000e+02;4.0939376e-03;1.3250000e+02;-4.6111405e-02;1.3250000e+02;-9.3202822e-02;1.3250000e+02;-1.4109796e-01;1.3250000e+02;-9.4300225e-02;1.3250000e+02;-1.0435255e-01;1.3250000e+02;-9.6428365e-02;1.3250000e+02;-6.7923114e-02;1.3250000e+02;-1.9683078e-02;1.3250000e+02;5.1454198e-02;1.3250000e+02;1.3314527e-01;1.3250000e+02;1.7976303e-01;1.3250000e+02;1.8307817e-01;1.3250000e+02;1.8012753e-01;1.3250000e+02;1.8370394e-01;1.3250000e+02;1.4720219e-01;1.3250000e+02;1.0123630e-01;1.3250000e+02;5.2338403e-02;1.3250000e+02;4.0939376e-03;1.3250000e+02;-4.6111405e-02;1.3250000e+02;-9.3202822e-02;1.3250000e+02;-1.4109796e-01;1.3250000e+02;-9.4300225e-02;1.3250000e+02;-1.0435255e-01;1.3250000e+02;-9.6428365e-02;1.3250000e+02;-6.7923114e-02;1.3250000e+02;-1.9683078e-02;1.3250000e+02;5.1454198e-02;1.3250000e+02;1.3314527e-01;1.3250000e+02;1.7976303e-01;1.3250000e+02;1.8307817e-01;1.3250000e+02;1.8012753e-01;1.3250000e+02;1.8370394e-01;1.3250000e+02;1.4720219e-01;1.3250000e+02;1.0123630e-01;1.3250000e+02;5.2338403e-02;1.3250000e+02;4.0939376e-03;1.3250000e+02;-4.6111405e-02;1.3250000e+02;-9.3202822e-02;1.3250000e+02;-1.4109796e-01;1.3250000e+02;-9.4300225e-02;1.3250000e+02;-1.0435255e-01;1.3250000e+02;-9.6428365e-02;1.3250000e+02;-6.7923114e-02;1.3250000e+02;-1.9683078e-02;1.3250000e+02;5.1454198e-02;1.3250000e+02;1.3314527e-01;1.3250000e+02;1.7976303e-01;1.3250000e+02;1.8307817e-01;1.3250000e+02;1.8012753e-01;1.3250000e+02;1.8370394e-01;1.3250000e+02;1.4720219e-01;1.3250000e+02;1.0123630e-01;1.3250000e+02;5.2338403e-02;1.3250000e+02;4.0939376e-03;1.3250000e+02;-4.6111405e-02;1.3250000e+02;-9.3202822e-02;1.3250000e+02;-1.4109796e-01;1.3250000e+02;-9.4300225e-02;1.3250000e+02;-1.0435255e-01;1.3250000e+02;-9.6428365e-02;1.3250000e+02;-6.7923114e-02;1.3250000e+02;-1.9683078e-02;1.3250000e+02;5.1454198e-02;1.3250000e+02;1.3314527e-01;1.3250000e+02;1.7976303e-01;1.3250000e+02;1.8307817e-01;1.3250000e+02;1.8012753e-01;1.3250000e+02;1.8370394e-01;1.3250000e+02;1.4720219e-01;1.3250000e+02;1.0123630e-01;1.3250000e+02;5.2338403e-02;1.3250000e+02;4.0939376e-03;1.3250000e+02;-4.6111405e-02;1.3250000e+02;-9.3202822e-02;1.3250000e+02;-1.4109796e-01;1.3250000e+02;-9.4300225e-02;1.3250000e+02;-1.0435255e-01;1.3250000e+02;-9.6428365e-02;1.3250000e+02;-6.7923114e-02;1.3250000e+02;-1.9683078e-02;1.3250000e+02;5.1454198e-02;1.3250000e+02;1.3314527e-01;1.3250000e+02;1.7976303e-01;1.3250000e+02;1.8307817e-01;1.3250000e+02;1.8012753e-01;1.3250000e+02;1.8370394e-01;1.3250000e+02;1.4720219e-01;1.3250000e+02;1.0123630e-01;1.3250000e+02;5.2338403e-02;1.3250000e+02;4.0939376e-03;1.3250000e+02;-4.6111405e-02;1.3250000e+02;-9.3202822e-02;1.3250000e+02;-1.4109796e-01;1.3250000e+02;-9.4300225e-02;1.3250000e+02;-1.0435255e-01;1.3250000e+02;-9.6428365e-02;1.3250000e+02;-6.7923114e-02;1.3250000e+02;-1.9683078e-02;1.3250000e+02;5.1454198e-02;1.3250000e+02;1.3314527e-01;1.3250000e+02;1.7976303e-01;1.3250000e+02;1.8307817e-01;1.3250000e+02;1.8012753e-01;1.3250000e+02;1.8370394e-01;1.3250000e+02;1.4720219e-01;1.3250000e+02;1.0123630e-01;1.3250000e+02;5.2338403e-02;1.3250000e+02;4.0939376e-03;1.3250000e+02;-4.6111405e-02;1.3250000e+02;-9.3202822e-02;1.3250000e+02;-1.4109796e-01;1.3250000e+02;-9.4300225e-02;1.3250000e+02;-1.0435255e-01;1.3250000e+02;-9.6428365e-02;1.3250000e+02;-6.7923114e-02;1.3250000e+02;-1.9683078e-02;1.3250000e+02;5.1454198e-02;1.3250000e+02;1.3314527e-01;1.3250000e+02;1.7976303e-01;1.3250000e+02;1.8307817e-01;1.3250000e+02;1.8012753e-01;1.3250000e+02;1.8370394e-01;1.3250000e+02;1.4720219e-01;1.3250000e+02;1.0123630e-01;1.3250000e+02;5.2338403e-02;1.3250000e+02;4.0939376e-03;1.3250000e+02;-4.6111405e-02;1.3250000e+02;-9.3202822e-02;1.3250000e+02;-1.4109796e-01;1.3250000e+02;-9.4300225e-02;1.3250000e+02;-1.0435255e-01;1.3250000e+02;-9.6428365e-02;1.3250000e+02;-6.7923114e-02;1.3250000e+02;-1.9683078e-02;1.3250000e+02;5.1454198e-02;1.3250000e+02;1.3314527e-01;1.3250000e+02;1.7976303e-01;1.3250000e+02;1.8307817e-01;1.3250000e+02;1.8012753e-01;1.3250000e+02;1.8370394e-01;1.3250000e+02;1.4720219e-01;1.3250000e+02;1.0123630e-01;1.3250000e+02;5.2338403e-02;1.3250000e+02;4.0939376e-03;1.3250000e+02;-4.6111405e-02;1.3250000e+02;-9.3202822e-02;1.3250000e+02;-1.4109796e-01;1.3250000e+02;-9.4300225e-02;1.3250000e+02;-1.0435255e-01;1.3250000e+02;-9.6428365e-02;1.3250000e+02;-6.7923114e-02;1.3250000e+02;-1.9683078e-02;1.3250000e+02;5.1454198e-02;1.3250000e+02;1.3314527e-01;1.3250000e+02;1.7976303e-01;1.3250000e+02;1.8307817e-01;1.3250000e+02;1.8012753e-01;1.3250000e+02;1.8370394e-01;1.3250000e+02;1.4720219e-01;1.3250000e+02;1.0123630e-01;1.3250000e+02;5.2338403e-02;1.3250000e+02;4.0939376e-03;1.3250000e+02;-4.6111405e-02;1.3250000e+02;-9.3202822e-02;1.3250000e+02;-1.4109796e-01;1.3250000e+02;-9.4300225e-02;1.3250000e+02;-1.0435255e-01;1.3250000e+02;-9.6428365e-02;1.3250000e+02;-6.7923114e-02;1.3250000e+02;-1.9683078e-02;1.3250000e+02;5.1454198e-02;1.3250000e+02;1.3314527e-01;1.3250000e+02;1.7976303e-01;1.3250000e+02;1.8307817e-01;1.3250000e+02;1.8012753e-01;1.3250000e+02;1.8370394e-01;1.3250000e+02;1.4720219e-01;1.3250000e+02;1.0123630e-01;1.3250000e+02;5.2338403e-02;1.3250000e+02;4.0939376e-03;1.3250000e+02;-4.6111405e-02;1.3250000e+02;-9.3202822e-02;1.3250000e+02;-1.4109796e-01;1.3250000e+02;-9.4300225e-02;1.3250000e+02;-1.0435255e-01;1.3250000e+02;-9.6428365e-02;1.3250000e+02;-6.7923114e-02;1.3250000e+02;-1.9683078e-02;1.3250000e+02;5.1454198e-02;1.3250000e+02;1.3314527e-01;1.3250000e+02;1.7976303e-01;1.3250000e+02;1.8307817e-01;1.3250000e+02;1.8012753e-01;1.3250000e+02;1.8370394e-01;1.3250000e+02;1.4720219e-01;1.3250000e+02;1.0123630e-01;1.3250000e+02;5.2338403e-02;1.3250000e+02;4.0939376e-03;1.3250000e+02;-4.6111405e-02;1.3250000e+02;-9.3202822e-02;1.3250000e+02;-1.4109796e-01;1.3250000e+02;-9.4300225e-02;1.3250000e+02;-1.0435255e-01;1.3250000e+02;-9.6428365e-02;1.3250000e+02;-6.7923114e-02;1.3250000e+02;-1.9683078e-02;1.3250000e+02;5.1454198e-02;1.3250000e+02;1.3314527e-01;1.3250000e+02;1.7976303e-01;1.3250000e+02;1.8307817e-01;1.3250000e+02;1.8012753e-01;1.3250000e+02;1.8370394e-01;1.3250000e+02;1.4720219e-01;1.3250000e+02;1.0123630e-01;1.3250000e+02;5.2338403e-02;1.3250000e+02;4.0939376e-03;1.3250000e+02;-4.6111405e-02;1.3250000e+02;-9.3202822e-02;1.3250000e+02;-1.4109796e-01;1.3250000e+02;-9.4300225e-02;1.3250000e+02;-1.0435255e-01;1.3250000e+02;-9.6428365e-02;1.3250000e+02;-6.7923114e-02;1.3250000e+02;-1.9683078e-02;1.3250000e+02;5.1454198e-02;1.3250000e+02;1.3314527e-01;1.3250000e+02;1.7976303e-01;1.3250000e+02;1.8307817e-01;1.3250000e+02;1.8012753e-01;1.3250000e+02;1.8370394e-01;1.3250000e+02;1.4720219e-01;1.3250000e+02;1.0123630e-01;1.3250000e+02;5.2338403e-02;1.3250000e+02;4.0939376e-03;1.3250000e+02;-4.6111405e-02;1.3250000e+02;-9.3202822e-02;1.3250000e+02;-1.4109796e-01;1.3250000e+02;-9.4300225e-02;1.3250000e+02;-1.0435255e-01;1.3250000e+02;-9.6428365e-02;1.3250000e+02;-6.7923114e-02;1.3250000e+02;-1.9683078e-02;1.3250000e+02;5.1454198e-02;1.3250000e+02;1.3314527e-01;1.3250000e+02;1.7976303e-01;1.3250000e+02;1.8307817e-01;1.3250000e+02;1.8012753e-01;1.3250000e+02;1.8370394e-01;1.3250000e+02;1.4720219e-01;1.3250000e+02;1.0123630e-01;1.3250000e+02;5.2338403e-02;1.3250000e+02;4.0939376e-03;1.3250000e+02;-4.6111405e-02;1.3250000e+02;-9.3202822e-02;1.3250000e+02;-1.4109796e-01;1.3250000e+02;-9.4300225e-02;1.3250000e+02;-1.0435255e-01;1.3250000e+02;-9.6428365e-02;1.3250000e+02;-6.7923114e-02;1.3250000e+02;-1.9683078e-02;1.3250000e+02;5.1454198e-02;1.3250000e+02;1.3314527e-01;1.3250000e+02;1.7976303e-01;1.3250000e+02;1.8307817e-01;1.3250000e+02;1.8012753e-01;1.3250000e+02;1.8370394e-01;1.3250000e+02;1.4720219e-01;1.3250000e+02;1.0123630e-01;1.3250000e+02;5.2338403e-02;1.3250000e+02;4.0939376e-03;1.3250000e+02;-4.6111405e-02;1.3250000e+02;-9.3202822e-02;1.3250000e+02;-1.4109796e-01;1.3250000e+02;-9.4300225e-02;1.3250000e+02;-1.0435255e-01;1.3250000e+02;-9.6428365e-02;1.3250000e+02;-6.7923114e-02;1.3250000e+02;-1.9683078e-02;1.3250000e+02;5.1454198e-02;1.3250000e+02;1.3314527e-01;1.3250000e+02;1.7976303e-01;1.3250000e+02;1.8307817e-01;1.3250000e+02;1.8012753e-01;1.3250000e+02;1.8370394e-01;1.3250000e+02;1.4720219e-01;1.3250000e+02;1.0123630e-01;1.3250000e+02;5.2338403e-02;1.3250000e+02;4.0939376e-03;1.3250000e+02;-4.6111405e-02;1.3250000e+02;-9.3202822e-02;1.3250000e+02;-1.4109796e-01;1.3250000e+02;-9.4300225e-02;1.3250000e+02;-1.0435255e-01;1.3250000e+02;-9.6428365e-02;1.3250000e+02;-6.7923114e-02;1.3250000e+02;-1.9683078e-02;1.3250000e+02;5.1454198e-02;1.3250000e+02;1.3314527e-01;1.3250000e+02;1.7976303e-01;1.3250000e+02;1.8307817e-01;1.3250000e+02;1.8012753e-01;1.3250000e+02;1.8370394e-01;1.3250000e+02;1.4720219e-01;1.3250000e+02;1.0123630e-01;1.3250000e+02;5.2338403e-02;1.3250000e+02;4.0939376e-03;1.3250000e+02;-4.6111405e-02;1.3250000e+02;-9.3202822e-02;1.3250000e+02;-1.4109796e-01;1.3250000e+02;-9.4300225e-02;1.3250000e+02;-1.0435255e-01;1.3250000e+02;-9.6428365e-02;1.3250000e+02;-6.7923114e-02;1.3250000e+02;-1.9683078e-02;1.3250000e+02;5.1454198e-02;1.3250000e+02;1.3314527e-01;1.3250000e+02;1.7976303e-01;1.3250000e+02;1.8307817e-01;1.3250000e+02;1.8012753e-01;1.3250000e+02;1.8370394e-01;1.3250000e+02;1.4720219e-01;1.3250000e+02;1.0123630e-01;1.3250000e+02;5.2338403e-02;1.3250000e+02;4.0939376e-03;1.3250000e+02;-4.6111405e-02;1.3250000e+02;-9.3202822e-02;1.3250000e+02;-1.4109796e-01;1.3250000e+02;-9.4300225e-02;1.3250000e+02;-1.0435255e-01;1.3250000e+02;-9.6428365e-02;1.3250000e+02;-6.7923114e-02;1.3250000e+02;-1.9683078e-02;1.3250000e+02;5.1454198e-02;1.3250000e+02;1.3314527e-01;1.3250000e+02;1.7976303e-01;1.3250000e+02;1.8307817e-01;1.3250000e+02;1.8012753e-01;1.3250000e+02;1.8370394e-01;1.3250000e+02;1.4720219e-01;1.3250000e+02;1.0123630e-01;1.3250000e+02;5.2338403e-02;1.3250000e+02;4.0939376e-03;1.3250000e+02;-4.6111405e-02;1.3250000e+02;-9.3202822e-02;1.3250000e+02;-1.4109796e-01;1.3250000e+02;-9.4300225e-02;1.3250000e+02;-1.0435255e-01;1.3250000e+02;-9.6428365e-02;1.3250000e+02;-6.7923114e-02;1.3250000e+02;-1.9683078e-02;1.3250000e+02;5.1454198e-02;1.3250000e+02;1.3314527e-01;1.3250000e+02;1.7976303e-01;1.3250000e+02;1.8307817e-01;1.3250000e+02;1.8012753e-01;1.3250000e+02;1.8370394e-01;1.3250000e+02;1.4720219e-01;1.3250000e+02;1.0123630e-01;1.3250000e+02;5.2338403e-02;1.3250000e+02;4.0939376e-03;1.3250000e+02;-4.6111405e-02;1.3250000e+02;-9.3202822e-02;1.3250000e+02;-1.4109796e-01;1.3250000e+02;-9.4300225e-02;1.3250000e+02;-1.0435255e-01;1.3250000e+02;-9.6428365e-02;1.3250000e+02;-6.7923114e-02;1.3250000e+02;-1.9683078e-02;1.3250000e+02;5.1454198e-02;1.3250000e+02;1.3314527e-01;1.3250000e+02;1.7976303e-01;1.3250000e+02;1.8307817e-01;1.3250000e+02;1.8012753e-01;1.3250000e+02;1.8370394e-01;1.3250000e+02;1.4720219e-01;1.3250000e+02;1.0123630e-01;1.3250000e+02;5.2338403e-02;1.3250000e+02;4.0939376e-03;1.3250000e+02;-4.6111405e-02;1.3250000e+02;-9.3202822e-02;1.3250000e+02;-1.4109796e-01;1.3250000e+02;-9.4300225e-02;1.3250000e+02;-1.0435255e-01;1.3250000e+02;-9.6428365e-02;1.3250000e+02;-6.7923114e-02;1.3250000e+02;-1.9683078e-02;1.3250000e+02;5.1454198e-02;1.3250000e+02;1.3314527e-01;1.3250000e+02;1.7976303e-01;1.3250000e+02;1.8307817e-01;1.3250000e+02;1.8012753e-01;1.3250000e+02;1.8370394e-01;1.3250000e+02;1.4720219e-01;1.3250000e+02;1.0123630e-01;1.3250000e+02;5.2338403e-02;1.3250000e+02;4.0939376e-03;1.3250000e+02;-4.6111405e-02;1.3250000e+02;-9.3202822e-02;1.3250000e+02;-1.4109796e-01;1.3250000e+02;-9.4300225e-02;1.3250000e+02;-1.0435255e-01;1.3250000e+02;-9.6428365e-02;1.3250000e+02;-6.7923114e-02;1.3250000e+02;-1.9683078e-02;1.3250000e+02;5.1454198e-02;1.3250000e+02;1.3314527e-01;1.3250000e+02;1.7976303e-01;1.3250000e+02;1.8307817e-01;1.3250000e+02;1.8012753e-01;1.3250000e+02;1.8370394e-01;1.3250000e+02;1.4720219e-01;1.3250000e+02;1.0123630e-01;1.3250000e+02;5.2338403e-02;1.3250000e+02;4.0939376e-03;1.3250000e+02;-4.6111405e-02;1.3250000e+02;-9.3202822e-02;1.3250000e+02;-1.4109796e-01;1.3250000e+02;-9.4300225e-02;1.3250000e+02;-1.0435255e-01;1.3250000e+02;-9.6428365e-02;1.3250000e+02;-6.7923114e-02;1.3250000e+02;-1.9683078e-02;1.3250000e+02;5.1454198e-02;1.3250000e+02;1.3314527e-01;1.3250000e+02;1.7976303e-01;1.3250000e+02;1.8307817e-01;1.3250000e+02;1.8012753e-01;1.3250000e+02;1.8370394e-01;1.3250000e+02;1.4720219e-01;1.3250000e+02;1.0123630e-01;1.3250000e+02;5.2338403e-02;1.3250000e+02;4.0939376e-03;1.3250000e+02;-4.6111405e-02;1.3250000e+02;-9.3202822e-02;1.3250000e+02;-1.4109796e-01;1.3250000e+02;-9.4300225e-02;1.3250000e+02;-1.0435255e-01;1.3250000e+02;-9.6428365e-02;1.3250000e+02;-6.7923114e-02;1.3250000e+02;-1.9683078e-02;1.3250000e+02;5.1454198e-02;1.3250000e+02;1.3314527e-01;1.3250000e+02;1.7976303e-01;1.3250000e+02;1.8307817e-01;1.3250000e+02;1.8012753e-01;1.3250000e+02;1.8370394e-01;1.3250000e+02;1.4720219e-01;1.3250000e+02;1.0123630e-01;1.3250000e+02;5.2338403e-02;1.3250000e+02;4.0939376e-03;1.3250000e+02;-4.6111405e-02;1.3250000e+02;-9.3202822e-02;1.3250000e+02;-1.4109796e-01;1.3250000e+02;-9.4300225e-02;1.3250000e+02;-1.0435255e-01;1.3250000e+02;-9.6428365e-02;1.3250000e+02;-6.7923114e-02;1.3250000e+02;-1.9683078e-02;1.3250000e+02;5.1454198e-02;1.3250000e+02;1.3314527e-01;1.3250000e+02;1.7976303e-01;1.3250000e+02;1.8307817e-01;1.3250000e+02;1.8012753e-01;1.3250000e+02;1.8370394e-01;1.3250000e+02;1.4720219e-01;1.3250000e+02;1.0123630e-01;1.3250000e+02;5.2338403e-02;1.3250000e+02;4.0939376e-03;1.3250000e+02;-4.6111405e-02;1.3250000e+02;-9.3202822e-02;1.3250000e+02;-1.4109796e-01;1.3250000e+02;-9.4300225e-02;1.3250000e+02;-1.0435255e-01;1.3250000e+02;-9.6428365e-02;1.3250000e+02;-6.7923114e-02;1.3250000e+02;-1.9683078e-02;1.3250000e+02;5.1454198e-02;1.3250000e+02;1.3314527e-01;1.3250000e+02;1.7976303e-01;1.3250000e+02;1.8307817e-01;1.3250000e+02;1.8012753e-01;1.3250000e+02;1.8370394e-01;1.3250000e+02;1.4720219e-01;1.3250000e+02;1.0123630e-01;1.3250000e+02;5.2338403e-02;1.3250000e+02;4.0939376e-03;1.3250000e+02;-4.6111405e-02;1.3250000e+02;-9.3202822e-02;1.3250000e+02;-1.4109796e-01;1.3250000e+02;-9.4300225e-02;1.3250000e+02;-1.0435255e-01;1.3250000e+02;-9.6428365e-02;1.3250000e+02;-6.7923114e-02;1.3250000e+02;-1.9683078e-02;1.3250000e+02;5.1454198e-02;1.3250000e+02;1.3314527e-01;1.3250000e+02;1.7976303e-01;1.3250000e+02;1.8307817e-01;1.3250000e+02;1.8012753e-01;1.3250000e+02;1.8370394e-01;1.3250000e+02;1.4720219e-01;1.3250000e+02;1.0123630e-01;1.3250000e+02;5.2338403e-02;1.3250000e+02;4.0939376e-03;1.3250000e+02;-4.6111405e-02;1.3250000e+02;-9.3202822e-02;1.3250000e+02;-1.4109796e-01;1.3250000e+02;-9.4300225e-02;1.3250000e+02;-1.0435255e-01;1.3250000e+02;-9.6428365e-02;1.3250000e+02;-6.7923114e-02;1.3250000e+02;-1.9683078e-02;1.3250000e+02;5.1454198e-02;1.3250000e+02;1.3314527e-01;1.3250000e+02;1.7976303e-01;1.3250000e+02;1.8307817e-01;1.3250000e+02;1.8012753e-01;1.3250000e+02;1.8370394e-01;1.3250000e+02;1.4720219e-01;1.3250000e+02;1.0123630e-01;1.3250000e+02;5.2338403e-02;1.3250000e+02;4.0939376e-03;1.3250000e+02;-4.6111405e-02;1.3250000e+02;-9.3202822e-02;1.3250000e+02;-1.4109796e-01;1.3250000e+02;-9.4300225e-02;1.3250000e+02;-1.0435255e-01;1.3250000e+02;-9.6428365e-02;1.3250000e+02;-6.7923114e-02;1.3250000e+02;-1.9683078e-02;1.3250000e+02;5.1454198e-02;1.3250000e+02;1.3314527e-01;1.3250000e+02;1.7976303e-01;1.3250000e+02;1.8307817e-01;1.3250000e+02;1.8012753e-01;1.3250000e+02;1.8370394e-01;1.3250000e+02;1.4720219e-01;1.3250000e+02;1.0123630e-01;1.3250000e+02;5.2338403e-02;1.3250000e+02;4.0939376e-03;1.3250000e+02;-4.6111405e-02;1.3250000e+02;-9.3202822e-02;1.3250000e+02;-1.4109796e-01;1.3250000e+02;-9.4300225e-02;1.3250000e+02;-1.0435255e-01;1.3250000e+02;-9.6428365e-02;1.3250000e+02;-6.7923114e-02;1.3250000e+02;-1.9683078e-02;1.3250000e+02;5.1454198e-02;1.3250000e+02;1.3314527e-01;1.3250000e+02;1.7976303e-01;1.3250000e+02;1.8307817e-01;1.3250000e+02;1.8012753e-01;1.3250000e+02;1.8370394e-01;1.3250000e+02;1.4720219e-01;1.3250000e+02;1.0123630e-01;1.3250000e+02;5.2338403e-02;1.3250000e+02;4.0939376e-03;1.3250000e+02;-4.6111405e-02;1.3250000e+02;-9.3202822e-02;1.3250000e+02;-1.4109796e-01;1.3250000e+02;-9.4300225e-02;1.3250000e+02;-1.0435255e-01;1.3250000e+02;-9.6428365e-02;1.3250000e+02;-6.7923114e-02;1.3250000e+02;-1.9683078e-02;1.3250000e+02;5.1454198e-02;1.3250000e+02;1.3314527e-01;1.3250000e+02;1.7976303e-01;1.3250000e+02;1.8307817e-01;1.3250000e+02;1.8012753e-01;1.3250000e+02;1.8370394e-01;1.3250000e+02;1.4720219e-01;1.3250000e+02;1.0123630e-01;1.3250000e+02;5.2338403e-02;1.3250000e+02;4.0939376e-03;1.3250000e+02;-4.6111405e-02;1.3250000e+02;-9.3202822e-02;1.3250000e+02;-1.4109796e-01;1.3250000e+02;-9.4300225e-02;1.3250000e+02;-1.0435255e-01;1.3250000e+02;-9.6428365e-02;1.3250000e+02;-6.7923114e-02;1.3250000e+02;-1.9683078e-02;1.3250000e+02;5.1454198e-02;1.3250000e+02;1.3314527e-01;1.3250000e+02;1.7976303e-01;1.3250000e+02;1.8307817e-01;1.3250000e+02;1.8012753e-01;1.3250000e+02;1.8370394e-01;1.3250000e+02;1.4720219e-01;1.3250000e+02;1.0123630e-01;1.3250000e+02;5.2338403e-02;1.3250000e+02;4.0939376e-03;1.3250000e+02;-4.6111405e-02;1.3250000e+02;-9.3202822e-02;1.3250000e+02;-1.4109796e-01;1.3250000e+02;-9.4300225e-02;1.3250000e+02;-1.0435255e-01;1.3250000e+02;-9.6428365e-02;1.3250000e+02;-6.7923114e-02;1.3250000e+02;-1.9683078e-02;1.3250000e+02;5.1454198e-02;1.3250000e+02;1.3314527e-01;1.3250000e+02;1.7976303e-01;1.3250000e+02;1.8307817e-01;1.3250000e+02;1.8012753e-01;1.3250000e+02;1.8370394e-01;1.3250000e+02;1.4720219e-01;1.3250000e+02;1.0123630e-01;1.3250000e+02;5.2338403e-02;1.3250000e+02;4.0939376e-03;1.3250000e+02;-4.6111405e-02;1.3250000e+02;-9.3202822e-02;1.3250000e+02;-1.4109796e-01;1.3250000e+02;-9.4300225e-02;1.3250000e+02;-1.0435255e-01;1.3250000e+02;-9.6428365e-02;1.3250000e+02;-6.7923114e-02;1.3250000e+02;-1.9683078e-02;1.3250000e+02;5.1454198e-02;1.3250000e+02;1.3314527e-01;1.3250000e+02;1.7976303e-01;1.3250000e+02;1.8307817e-01;1.3250000e+02;1.8012753e-01;1.3250000e+02;1.8370394e-01;1.3250000e+02;1.4720219e-01;1.3250000e+02;1.0123630e-01;1.3250000e+02;5.2338403e-02;1.3250000e+02;4.0939376e-03;1.3250000e+02;-4.6111405e-02;1.3250000e+02;-9.3202822e-02;1.3250000e+02;-1.4109796e-01;1.3250000e+02;-9.4300225e-02;1.3250000e+02;-1.0435255e-01;1.3250000e+02;-9.6428365e-02;1.3250000e+02;-6.7923114e-02;1.3250000e+02;-1.9683078e-02;1.3250000e+02;5.1454198e-02;1.3250000e+02;1.3314527e-01;1.3250000e+02;1.7976303e-01;1.3250000e+02;1.8307817e-01;1.3250000e+02;1.8012753e-01;1.3250000e+02;1.8370394e-01;1.3250000e+02;1.4720219e-01;1.3250000e+02;1.0123630e-01;1.3250000e+02;5.2338403e-02;1.3250000e+02;4.0939376e-03;1.3250000e+02;-4.6111405e-02;1.3250000e+02;-9.3202822e-02;1.3250000e+02;-1.4109796e-01;1.3250000e+02;-9.4300225e-02;1.3250000e+02;-1.0435255e-01;1.3250000e+02;-9.6428365e-02;1.3250000e+02;-6.7923114e-02;1.3250000e+02;-1.9683078e-02;1.3250000e+02;5.1454198e-02;1.3250000e+02;1.3314527e-01;1.3250000e+02;1.7976303e-01;1.3250000e+02;1.8307817e-01;1.3250000e+02;1.8012753e-01;1.3250000e+02;1.8370394e-01;1.3250000e+02;1.4720219e-01;1.3250000e+02;1.0123630e-01;1.3250000e+02;5.2338403e-02;1.3250000e+02;4.0939376e-03;1.3250000e+02;-4.6111405e-02;1.3250000e+02;-9.3202822e-02;1.3250000e+02;-1.4109796e-01;1.3250000e+02;-9.4300225e-02;1.3250000e+02;-1.0435255e-01;1.3250000e+02;-9.6428365e-02;1.3250000e+02;-6.7923114e-02;1.3250000e+02;-1.9683078e-02;1.3250000e+02;5.1454198e-02;1.3250000e+02;1.3314527e-01;1.3250000e+02;1.7976303e-01;1.3250000e+02;1.8307817e-01;1.3250000e+02;1.8012753e-01;1.3250000e+02;1.8370394e-01;1.3250000e+02;1.4720219e-01;1.3250000e+02;1.0123630e-01;1.3250000e+02;5.2338403e-02;1.3250000e+02;4.0939376e-03;1.3250000e+02;-4.6111405e-02;1.3250000e+02;-9.3202822e-02;1.3250000e+02;-1.4109796e-01;1.3250000e+02;-9.4300225e-02;1.3250000e+02;-1.0435255e-01;1.3250000e+02;-9.6428365e-02;1.3250000e+02;-6.7923114e-02;1.3250000e+02;-1.9683078e-02;1.3250000e+02;5.1454198e-02;1.3250000e+02;1.3314527e-01;1.3250000e+02;1.7976303e-01;1.3250000e+02;1.8307817e-01;1.3250000e+02;1.8012753e-01;1.3250000e+02;1.8370394e-01;1.3250000e+02;1.4720219e-01;1.3250000e+02;1.0123630e-01;1.3250000e+02;5.2338403e-02;1.3250000e+02;4.0939376e-03;1.3250000e+02;-4.6111405e-02;1.3250000e+02;-9.3202822e-02;1.3250000e+02;-1.4109796e-01;1.3250000e+02;-9.4300225e-02;1.3250000e+02;-1.0435255e-01;1.3250000e+02;-9.6428365e-02;1.3250000e+02;-6.7923114e-02;1.3250000e+02;-1.9683078e-02;1.3250000e+02;5.1454198e-02;1.3250000e+02;1.3314527e-01;1.3250000e+02;1.7976303e-01;1.3250000e+02;1.8307817e-01;1.3250000e+02;1.8012753e-01;1.3250000e+02;1.8370394e-01;1.3250000e+02;1.4720219e-01;1.3250000e+02;1.0123630e-01;1.3250000e+02;5.2338403e-02;1.3250000e+02;4.0939376e-03;1.3250000e+02;-4.6111405e-02;1.3250000e+02;-9.3202822e-02;1.3250000e+02;-1.4109796e-01;1.3250000e+02;-9.4300225e-02;1.3250000e+02;-1.0435255e-01;1.3250000e+02;-9.6428365e-02;1.3250000e+02;-6.7923114e-02;1.3250000e+02;-1.9683078e-02;1.3250000e+02;5.1454198e-02;1.3250000e+02;1.3314527e-01;1.3250000e+02;1.7976303e-01;1.3250000e+02;1.8307817e-01;1.3250000e+02;1.8012753e-01;1.3250000e+02;1.8370394e-01;1.3250000e+02;1.4720219e-01;1.3250000e+02;1.0123630e-01;1.3250000e+02;5.2338403e-02;1.3250000e+02;4.0939376e-03;1.3250000e+02;-4.6111405e-02;1.3250000e+02;-9.3202822e-02;1.3250000e+02;-1.4109796e-01;1.3250000e+02;-9.4300225e-02;1.3250000e+02;-1.0435255e-01;1.3250000e+02;-9.6428365e-02;1.3250000e+02;-6.7923114e-02;1.3250000e+02;-1.9683078e-02;1.3250000e+02;5.1454198e-02;1.3250000e+02;1.3314527e-01;1.3250000e+02;1.7976303e-01;1.3250000e+02;1.8307817e-01;1.3250000e+02;1.8012753e-01;1.3250000e+02;1.8370394e-01;1.3250000e+02;1.4720219e-01;1.3250000e+02;1.0123630e-01;1.3250000e+02;5.2338403e-02;1.3250000e+02;4.0939376e-03;1.3250000e+02;-4.6111405e-02;1.3250000e+02;-9.3202822e-02;1.3250000e+02;-1.4109796e-01;1.3250000e+02;-9.4300225e-02;1.3250000e+02;-1.0435255e-01;1.3250000e+02;-9.6428365e-02;1.3250000e+02;-6.7923114e-02;1.3250000e+02;-1.9683078e-02;1.3250000e+02;5.1454198e-02;1.3250000e+02;1.3314527e-01;1.3250000e+02;1.7976303e-01;1.3250000e+02;1.8307817e-01;1.3250000e+02;1.8012753e-01;1.3250000e+02;1.8370394e-01;1.3250000e+02;1.4720219e-01;1.3250000e+02;1.0123630e-01;1.3250000e+02;5.2338403e-02;1.3250000e+02;4.0939376e-03;1.3250000e+02;-4.6111405e-02;1.3250000e+02;-9.3202822e-02;1.3250000e+02;-1.4109796e-01;1.3250000e+02;-9.4300225e-02;1.3250000e+02;-1.0435255e-01;1.3250000e+02;-9.6428365e-02;1.3250000e+02;-6.7923114e-02;1.3250000e+02;-1.9683078e-02;1.3250000e+02;5.1454198e-02;1.3250000e+02;1.3314527e-01;1.3250000e+02;1.7976303e-01;1.3250000e+02;1.8307817e-01;1.3250000e+02;1.8012753e-01;1.3250000e+02;1.8370394e-01;1.3250000e+02;1.4720219e-01;1.3250000e+02;1.0123630e-01;1.3250000e+02;5.2338403e-02;1.3250000e+02;4.0939376e-03;1.3250000e+02;-4.6111405e-02;1.3250000e+02;-9.3202822e-02;1.3250000e+02;-1.4109796e-01;1.3250000e+02;-9.4300225e-02;1.3250000e+02;-1.0435255e-01;1.3250000e+02;-9.6428365e-02;1.3250000e+02;-6.7923114e-02;1.3250000e+02;-1.9683078e-02;1.3250000e+02;5.1454198e-02;1.3250000e+02;1.3314527e-01;1.3250000e+02;1.7976303e-01;1.3250000e+02;1.8307817e-01;1.3250000e+02;1.8012753e-01;1.3250000e+02;1.8370394e-01;1.3250000e+02;1.4720219e-01;1.3250000e+02;1.0123630e-01;1.3250000e+02;5.2338403e-02;1.3250000e+02;4.0939376e-03;1.3250000e+02;-4.6111405e-02;1.3250000e+02;-9.3202822e-02;1.3250000e+02;-1.4109796e-01;1.3250000e+02;-9.4300225e-02;1.3250000e+02;-1.0435255e-01;1.3250000e+02;-9.6428365e-02;1.3250000e+02;-6.7923114e-02;1.3250000e+02;-1.9683078e-02;1.3250000e+02;5.1454198e-02;1.3250000e+02;1.3314527e-01;1.3250000e+02;1.7976303e-01;1.3250000e+02;1.8307817e-01;1.3250000e+02;1.8012753e-01;1.3250000e+02;1.8370394e-01;1.3250000e+02;1.4720219e-01;1.3250000e+02;1.0123630e-01;1.3250000e+02;5.2338403e-02;1.3250000e+02;4.0939376e-03;1.3250000e+02;-4.6111405e-02;1.3250000e+02;-9.3202822e-02;1.3250000e+02;-1.4109796e-01;1.3250000e+02;-9.4300225e-02;1.3250000e+02;-1.0435255e-01;1.3250000e+02;-9.6428365e-02;1.3250000e+02;-6.7923114e-02;1.3250000e+02;-1.9683078e-02;1.3250000e+02;5.1454198e-02;1.3250000e+02;1.3314527e-01;1.3250000e+02;1.7976303e-01;1.3250000e+02;1.8307817e-01;1.3250000e+02;1.8012753e-01;1.3250000e+02;1.8370394e-01;1.3250000e+02;1.4720219e-01;1.3250000e+02;1.0123630e-01;1.3250000e+02;5.2338403e-02;1.3250000e+02;4.0939376e-03;1.3250000e+02;-4.6111405e-02;1.3250000e+02;-9.3202822e-02;1.3250000e+02;-1.4109796e-01;1.3250000e+02;-9.4300225e-02;1.3250000e+02;-1.0435255e-01;1.3250000e+02;-9.6428365e-02;1.3250000e+02;-6.7923114e-02;1.3250000e+02;-1.9683078e-02;1.3250000e+02;5.1454198e-02;1.3250000e+02;1.3314527e-01;1.3250000e+02;1.7976303e-01;1.3250000e+02;1.8307817e-01;1.3250000e+02;1.8012753e-01;1.3250000e+02;1.8370394e-01;1.3250000e+02;1.4720219e-01;1.3250000e+02;1.0123630e-01;1.3250000e+02;5.2338403e-02;1.3250000e+02;4.0939376e-03;1.3250000e+02;-4.6111405e-02;1.3250000e+02;-9.3202822e-02;1.3250000e+02;-1.4109796e-01;1.3250000e+02;-9.4300225e-02;1.3250000e+02;-1.0435255e-01;1.3250000e+02;-9.6428365e-02;1.3250000e+02;-6.7923114e-02;1.3250000e+02;-1.9683078e-02;1.3250000e+02;5.1454198e-02;1.3250000e+02;1.3314527e-01;1.3250000e+02;1.7976303e-01;1.3250000e+02;1.8307817e-01;1.3250000e+02;1.8012753e-01;1.3250000e+02;1.8370394e-01;1.3250000e+02;1.4720219e-01;1.3250000e+02;1.0123630e-01;1.3250000e+02;5.2338403e-02;1.3250000e+02;4.0939376e-03;1.3250000e+02;-4.6111405e-02;1.3250000e+02;-9.3202822e-02;1.3250000e+02;-1.4109796e-01;1.3250000e+02;-9.4300225e-02;1.3250000e+02;-1.0435255e-01;1.3250000e+02;-9.6428365e-02;1.3250000e+02;-6.7923114e-02;1.3250000e+02;-1.9683078e-02;1.3250000e+02;5.1454198e-02;1.3250000e+02;1.3314527e-01;1.3250000e+02;1.7976303e-01;1.3250000e+02;1.8307817e-01;1.3250000e+02;1.8012753e-01;1.3250000e+02;1.8370394e-01;1.3250000e+02;1.4720219e-01;1.3250000e+02;1.0123630e-01;1.3250000e+02;5.2338403e-02;1.3250000e+02;4.0939376e-03;1.3250000e+02;-4.6111405e-02;1.3250000e+02;-9.3202822e-02;1.3250000e+02;-1.4109796e-01
1.3750000e+02;-9.0446971e-02;1.3750000e+02;-9.2090458e-02;1.3750000e+02;-7.5718798e-02;1.3750000e+02;-4.1286498e-02;1.3750000e+02;1.2253679e-02;1.3750000e+02;8.8006519e-02;1.3750000e+02;1.6397187e-01;1.3750000e+02;1.9565687e-01;1.3750000e+02;1.8507363e-01;1.3750000e+02;1.7423315e-01;1.3750000e+02;1.8123278e-01;1.3750000e+02;1.5053669e-01;1.3750000e+02;1.0768731e-01;1.3750000e+02;6.0785338e-02;1.3750000e+02;1.3631266e-02;1.3750000e+02;-3.6163613e-02;1.3750000e+02;-8.4587023e-02;1.3750000e+02;-1.3160029e-01;1.3750000e+02;-9.0446971e-02;1.3750000e+02;-9.2090458e-02;1.3750000e+02;-7.5718798e-02;1.3750000e+02;-4.1286498e-02;1.3750000e+02;1.2253679e-02;1.3750000e+02;8.8006519e-02;1.3750000e+02;1.6397187e-01;1.3750000e+02;1.9565687e-01;1.3750000e+02;1.8507363e-01;1.3750000e+02;1.7423315e-01;1.3750000e+02;1.8123278e-01;1.3750000e+02;1.5053669e-01;1.3750000e+02;1.0768731e-01;1.3750000e+02;6.0785338e-02;1.3750000e+02;1.3631266e-02;1.3750000e+02;-3.6163613e-02;1.3750000e+02;-8.4587023e-02;1.3750000e+02;-1.3160029e-01;1.3750000e+02;-9.0446971e-02;1.3750000e+02;-9.2090458e-02;1.3750000e+02;-7.5718798e-02;1.3750000e+02;-4.1286498e-02;1.3750000e+02;1.2253679e-02;1.3750000e+02;8.8006519e-02;1.3750000e+02;1.6397187e-01;1.3750000e+02;1.9565687e-01;1.3750000e+02;1.8507363e-01;1.3750000e+02;1.7423315e-01;1.3750000e+02;1.8123278e-01;1.3750000e+02;1.5053669e-01;1.3750000e+02;1.0768731e-01;1.3750000e+02;6.0785338e-02;1.3750000e+02;1.3631266e-02;1.3750000e+02;-3.6163613e-02;1.3750000e+02;-8.4587023e-02;1.3750000e+02;-1.3160029e-01;1.3750000e+02;-9.0446971e-02;1.3750000e+02;-9.2090458e-02;1.3750000e+02;-7.5718798e-02;1.3750000e+02;-4.1286498e-02;1.3750000e+02;1.2253679e-02;1.3750000e+02;8.8006519e-02;1.3750000e+02;1.6397187e-01;1.3750000e+02;1.9565687e-01;1.3750000e+02;1.8507363e-01;1.3750000e+02;1.7423315e-01;1.3750000e+02;1.8123278e-01;1.3750000e+02;1.5053669e-01;1.3750000e+02;1.0768731e-01;1.3750000e+02;6.0785338e-02;1.3750000e+02;1.3631266e-02;1.3750000e+02;-3.6163613e-02;1.3750000e+02;-8.4587023e-02;1.3750000e+02;-1.3160029e-01;1.3750000e+02;-9.0446971e-02;1.3750000e+02;-9.2090458e-02;1.3750000e+02;-7.5718798e-02;1.3750000e+02;-4.1286498e-02;1.3750000e+02;1.2253679e-02;1.3750000e+02;8.8006519e-02;1.3750000e+02;1.6397187e-01;1.3750000e+02;1.9565687e-01;1.3750000e+02;1.8507363e-01;1.3750000e+02;1.7423315e-01;1.3750000e+02;1.8123278e-01;1.3750000e+02;1.5053669e-01;1.3750000e+02;1.0768731e-01;1.3750000e+02;6.0785338e-02;1.3750000e+02;1.3631266e-02;1.3750000e+02;-3.6163613e-02;1.3750000e+02;-8.4587023e-02;1.3750000e+02;-1.3160029e-01;1.3750000e+02;-9.0446971e-02;1.3750000e+02;-9.2090458e-02;1.3750000e+02;-7.5718798e-02;1.3750000e+02;-4.1286498e-02;1.3750000e+02;1.2253679e-02;1.3750000e+02;8.8006519e-02;1.3750000e+02;1.6397187e-01;1.3750000e+02;1.9565687e-01;1.3750000e+02;1.8507363e-01;1.3750000e+02;1.7423315e-01;1.3750000e+02;1.8123278e-01;1.3750000e+02;1.5053669e-01;1.3750000e+02;1.0768731e-01;1.3750000e+02;6.0785338e-02;1.3750000e+02;1.3631266e-02;1.3750000e+02;-3.6163613e-02;1.3750000e+02;-8.4587023e-02;1.3750000e+02;-1.3160029e-01;1.3750000e+02;-9.0446971e-02;1.3750000e+02;-9.2090458e-02;1.3750000e+02;-7.5718798e-02;1.3750000e+02;-4.1286498e-02;1.3750000e+02;1.2253679e-02;1.3750000e+02;8.8006519e-02;1.3750000e+02;1.6397187e-01;1.3750000e+02;1.9565687e-01;1.3750000e+02;1.8507363e-01;1.3750000e+02;1.7423315e-01;1.3750000e+02;1.8123278e-01;1.3750000e+02;1.5053669e-01;1.3750000e+02;1.0768731e-01;1.3750000e+02;6.0785338e-02;1.3750000e+02;1.3631266e-02;1.3750000e+02;-3.6163613e-02;1.3750000e+02;-8.4587023e-02;1.3750000e+02;-1.3160029e-01;1.3750000e+02;-9.0446971e-02;1.3750000e+02;-9.2090458e-02;1.3750000e+02;-7.5718798e-02;1.3750000e+02;-4.1286498e-02;1.3750000e+02;1.2253679e-02;1.3750000e+02;8.8006519e-02;1.3750000e+02;1.6397187e-01;1.3750000e+02;1.9565687e-01;1.3750000e+02;1.8507363e-01;1.3750000e+02;1.7423315e-01;1.3750000e+02;1.8123278e-01;1.3750000e+02;1.5053669e-01;1.3750000e+02;1.0768731e-01;1.3750000e+02;6.0785338e-02;1.3750000e+02;1.3631266e-02;1.3750000e+02;-3.6163613e-02;1.3750000e+02;-8.4587023e-02;1.3750000e+02;-1.3160029e-01;1.3750000e+02;-9.0446971e-02;1.3750000e+02;-9.2090458e-02;1.3750000e+02;-7.5718798e-02;1.3750000e+02;-4.1286498e-02;1.3750000e+02;1.2253679e-02;1.3750000e+02;8.8006519e-02;1.3750000e+02;1.6397187e-01;1.3750000e+02;1.9565687e-01;1.3750000e+02;1.8507363e-01;1.3750000e+02;1.7423315e-01;1.3750000e+02;1.8123278e-01;1.3750000e+02;1.5053669e-01;1.3750000e+02;1.0768731e-01;1.3750000e+02;6.0785338e-02;1.3750000e+02;1.3631266e-02;1.3750000e+02;-3.6163613e-02;1.3750000e+02;-8.4587023e-02;1.3750000e+02;-1.3160029e-01;1.3750000e+02;-9.0446971e-02;1.3750000e+02;-9.2090458e-02;1.3750000e+02;-7.5718798e-02;1.3750000e+02;-4.1286498e-02;1.3750000e+02;1.2253679e-02;1.3750000e+02;8.8006519e-02;1.3750000e+02;1.6397187e-01;1.3750000e+02;1.9565687e-01;1.3750000e+02;1.8507363e-01;1.3750000e+02;1.7423315e-01;1.3750000e+02;1.8123278e-01;1.3750000e+02;1.5053669e-01;1.3750000e+02;1.0768731e-01;1.3750000e+02;6.0785338e-02;1.3750000e+02;1.3631266e-02;1.3750000e+02;-3.6163613e-02;1.3750000e+02;-8.4587023e-02;1.3750000e+02;-1.3160029e-01;1.3750000e+02;-9.0446971e-02;1.3750000e+02;-9.2090458e-02;1.3750000e+02;-7.5718798e-02;1.3750000e+02;-4.1286498e-02;1.3750000e+02;1.2253679e-02;1.3750000e+02;8.8006519e-02;1.3750000e+02;1.6397187e-01;1.3750000e+02;1.9565687e-01;1.3750000e+02;1.8507363e-01;1.3750000e+02;1.7423315e-01;1.3750000e+02;1.8123278e-01;1.3750000e+02;1.5053669e-01;1.3750000e+02;1.0768731e-01;1.3750000e+02;6.0785338e-02;1.3750000e+02;1.3631266e-02;1.3750000e+02;-3.6163613e-02;1.3750000e+02;-8.4587023e-02;1.3750000e+02;-1.3160029e-01;1.3750000e+02;-9.0446971e-02;1.3750000e+02;-9.2090458e-02;1.3750000e+02;-7.5718798e-02;1.3750000e+02;-4.1286498e-02;1.3750000e+02;1.2253679e-02;1.3750000e+02;8.8006519e-02;1.3750000e+02;1.6397187e-01;1.3750000e+02;1.9565687e-01;1.3750000e+02;1.8507363e-01;1.3750000e+02;1.7423315e-01;1.3750000e+02;1.8123278e-01;1.3750000e+02;1.5053669e-01;1.3750000e+02;1.0768731e-01;1.3750000e+02;6.0785338e-02;1.3750000e+02;1.3631266e-02;1.3750000e+02;-3.6163613e-02;1.3750000e+02;-8.4587023e-02;1.3750000e+02;-1.3160029e-01;1.3750000e+02;-9.0446971e-02;1.3750000e+02;-9.2090458e-02;1.3750000e+02;-7.5718798e-02;1.3750000e+02;-4.1286498e-02;1.3750000e+02;1.2253679e-02;1.3750000e+02;8.8006519e-02;1.3750000e+02;1.6397187e-01;1.3750000e+02;1.9565687e-01;1.3750000e+02;1.8507363e-01;1.3750000e+02;1.7423315e-01;1.3750000e+02;1.8123278e-01;1.3750000e+02;1.5053669e-01;1.3750000e+02;1.0768731e-01;1.3750000e+02;6.0785338e-02;1.3750000e+02;1.3631266e-02;1.3750000e+02;-3.6163613e-02;1.3750000e+02;-8.4587023e-02;1.3750000e+02;-1.3160029e-01;1.3750000e+02;-9.0446971e-02;1.3750000e+02;-9.2090458e-02;1.3750000e+02;-7.5718798e-02;1.3750000e+02;-4.1286498e-02;1.3750000e+02;1.2253679e-02;1.3750000e+02;8.8006519e-02;1.3750000e+02;1.6397187e-01;1.3750000e+02;1.9565687e-01;1.3750000e+02;1.8507363e-01;1.3750000e+02;1.7423315e-01;1.3750000e+02;1.8123278e-01;1.3750000e+02;1.5053669e-01;1.3750000e+02;1.0768731e-01;1.3750000e+02;6.0785338e-02;1.3750000e+02;1.3631266e-02;1.3750000e+02;-3.6163613e-02;1.3750000e+02;-8.4587023e-02;1.3750000e+02;-1.3160029e-01;1.3750000e+02;-9.0446971e-02;1.3750000e+02;-9.2090458e-02;1.3750000e+02;-7.5718798e-02;1.3750000e+02;-4.1286498e-02;1.3750000e+02;1.2253679e-02;1.3750000e+02;8.8006519e-02;1.3750000e+02;1.6397187e-01;1.3750000e+02;1.9565687e-01;1.3750000e+02;1.8507363e-01;1.3750000e+02;1.7423315e-01;1.3750000e+02;1.8123278e-01;1.3750000e+02;1.5053669e-01;1.3750000e+02;1.0768731e-01;1.3750000e+02;6.0785338e-02;1.3750000e+02;1.3631266e-02;1.3750000e+02;-3.6163613e-02;1.3750000e+02;-8.4587023e-02;1.3750000e+02;-1.3160029e-01;1.3750000e+02;-9.0446971e-02;1.3750000e+02;-9.2090458e-02;1.3750000e+02;-7.5718798e-02;1.3750000e+02;-4.1286498e-02;1.3750000e+02;1.2253679e-02;1.3750000e+02;8.8006519e-02;1.3750000e+02;1.6397187e-01;1.3750000e+02;1.9565687e-01;1.3750000e+02;1.8507363e-01;1.3750000e+02;1.7423315e-01;1.3750000e+02;1.8123278e-01;1.3750000e+02;1.5053669e-01;1.3750000e+02;1.0768731e-01;1.3750000e+02;6.0785338e-02;1.3750000e+02;1.3631266e-02;1.3750000e+02;-3.6163613e-02;1.3750000e+02;-8.4587023e-02;1.3750000e+02;-1.3160029e-01;1.3750000e+02;-9.0446971e-02;1.3750000e+02;-9.2090458e-02;1.3750000e+02;-7.5718798e-02;1.3750000e+02;-4.1286498e-02;1.3750000e+02;1.2253679e-02;1.3750000e+02;8.8006519e-02;1.3750000e+02;1.6397187e-01;1.3750000e+02;1.9565687e-01;1.3750000e+02;1.8507363e-01;1.3750000e+02;1.7423315e-01;1.3750000e+02;1.8123278e-01;1.3750000e+02;1.5053669e-01;1.3750000e+02;1.0768731e-01;1.3750000e+02;6.0785338e-02;1.3750000e+02;1.3631266e-02;1.3750000e+02;-3.6163613e-02;1.3750000e+02;-8.4587023e-02;1.3750000e+02;-1.3160029e-01;1.3750000e+02;-9.0446971e-02;1.3750000e+02;-9.2090458e-02;1.3750000e+02;-7.5718798e-02;1.3750000e+02;-4.1286498e-02;1.3750000e+02;1.2253679e-02;1.3750000e+02;8.8006519e-02;1.3750000e+02;1.6397187e-01;1.3750000e+02;1.9565687e-01;1.3750000e+02;1.8507363e-01;1.3750000e+02;1.7423315e-01;1.3750000e+02;1.8123278e-01;1.3750000e+02;1.5053669e-01;1.3750000e+02;1.0768731e-01;1.3750000e+02;6.0785338e-02;1.3750000e+02;1.3631266e-02;1.3750000e+02;-3.6163613e-02;1.3750000e+02;-8.4587023e-02;1.3750000e+02;-1.3160029e-01;1.3750000e+02;-9.0446971e-02;1.3750000e+02;-9.2090458e-02;1.3750000e+02;-7.5718798e-02;1.3750000e+02;-4.1286498e-02;1.3750000e+02;1.2253679e-02;1.3750000e+02;8.8006519e-02;1.3750000e+02;1.6397187e-01;1.3750000e+02;1.9565687e-01;1.3750000e+02;1.8507363e-01;1.3750000e+02;1.7423315e-01;1.3750000e+02;1.8123278e-01;1.3750000e+02;1.5053669e-01;1.3750000e+02;1.0768731e-01;1.3750000e+02;6.0785338e-02;1.3750000e+02;1.3631266e-02;1.3750000e+02;-3.6163613e-02;1.3750000e+02;-8.4587023e-02;1.3750000e+02;-1.3160029e-01;1.3750000e+02;-9.0446971e-02;1.3750000e+02;-9.2090458e-02;1.3750000e+02;-7.5718798e-02;1.3750000e+02;-4.1286498e-02;1.3750000e+02;1.2253679e-02;1.3750000e+02;8.8006519e-02;1.3750000e+02;1.6397187e-01;1.3750000e+02;1.9565687e-01;1.3750000e+02;1.8507363e-01;1.3750000e+02;1.7423315e-01;1.3750000e+02;1.8123278e-01;1.3750000e+02;1.5053669e-01;1.3750000e+02;1.0768731e-01;1.3750000e+02;6.0785338e-02;1.3750000e+02;1.3631266e-02;1.3750000e+02;-3.6163613e-02;1.3750000e+02;-8.4587023e-02;1.3750000e+02;-1.3160029e-01;1.3750000e+02;-9.0446971e-02;1.3750000e+02;-9.2090458e-02;1.3750000e+02;-7.5718798e-02;1.3750000e+02;-4.1286498e-02;1.3750000e+02;1.2253679e-02;1.3750000e+02;8.8006519e-02;1.3750000e+02;1.6397187e-01;1.3750000e+02;1.9565687e-01;1.3750000e+02;1.8507363e-01;1.3750000e+02;1.7423315e-01;1.3750000e+02;1.8123278e-01;1.3750000e+02;1.5053669e-01;1.3750000e+02;1.0768731e-01;1.3750000e+02;6.0785338e-02;1.3750000e+02;1.3631266e-02;1.3750000e+02;-3.6163613e-02;1.3750000e+02;-8.4587023e-02;1.3750000e+02;-1.3160029e-01;1.3750000e+02;-9.0446971e-02;1.3750000e+02;-9.2090458e-02;1.3750000e+02;-7.5718798e-02;1.3750000e+02;-4.1286498e-02;1.3750000e+02;1.2253679e-02;1.3750000e+02;8.8006519e-02;1.3750000e+02;1.6397187e-01;1.3750000e+02;1.9565687e-01;1.3750000e+02;1.8507363e-01;1.3750000e+02;1.7423315e-01;1.3750000e+02;1.8123278e-01;1.3750000e+02;1.5053669e-01;1.3750000e+02;1.0768731e-01;1.3750000e+02;6.0785338e-02;1.3750000e+02;1.3631266e-02;1.3750000e+02;-3.6163613e-02;1.3750000e+02;-8.4587023e-02;1.3750000e+02;-1.3160029e-01;1.3750000e+02;-9.0446971e-02;1.3750000e+02;-9.2090458e-02;1.3750000e+02;-7.5718798e-02;1.3750000e+02;-4.1286498e-02;1.3750000e+02;1.2253679e-02;1.3750000e+02;8.8006519e-02;1.3750000e+02;1.6397187e-01;1.3750000e+02;1.9565687e-01;1.3750000e+02;1.8507363e-01;1.3750000e+02;1.7423315e-01;1.3750000e+02;1.8123278e-01;1.3750000e+02;1.5053669e-01;1.3750000e+02;1.0768731e-01;1.3750000e+02;6.0785338e-02;1.3750000e+02;1.3631266e-02;1.3750000e+02;-3.6163613e-02;1.3750000e+02;-8.4587023e-02;1.3750000e+02;-1.3160029e-01;1.3750000e+02;-9.0446971e-02;1.3750000e+02;-9.2090458e-02;1.3750000e+02;-7.5718798e-02;1.3750000e+02;-4.1286498e-02;1.3750000e+02;1.2253679e-02;1.3750000e+02;8.8006519e-02;1.3750000e+02;1.6397187e-01;1.3750000e+02;1.9565687e-01;1.3750000e+02;1.8507363e-01;1.3750000e+02;1.7423315e-01;1.3750000e+02;1.8123278e-01;1.3750000e+02;1.5053669e-01;1.3750000e+02;1.0768731e-01;1.3750000e+02;6.0785338e-02;1.3750000e+02;1.3631266e-02;1.3750000e+02;-3.6163613e-02;1.3750000e+02;-8.4587023e-02;1.3750000e+02;-1.3160029e-01;1.3750000e+02;-9.0446971e-02;1.3750000e+02;-9.2090458e-02;1.3750000e+02;-7.5718798e-02;1.3750000e+02;-4.1286498e-02;1.3750000e+02;1.2253679e-02;1.3750000e+02;8.8006519e-02;1.3750000e+02;1.6397187e-01;1.3750000e+02;1.9565687e-01;1.3750000e+02;1.8507363e-01;1.3750000e+02;1.7423315e-01;1.3750000e+02;1.8123278e-01;1.3750000e+02;1.5053669e-01;1.3750000e+02;1.0768731e-01;1.3750000e+02;6.0785338e-02;1.3750000e+02;1.3631266e-02;1.3750000e+02;-3.6163613e-02;1.3750000e+02;-8.4587023e-02;1.3750000e+02;-1.3160029e-01;1.3750000e+02;-9.0446971e-02;1.3750000e+02;-9.2090458e-02;1.3750000e+02;-7.5718798e-02;1.3750000e+02;-4.1286498e-02;1.3750000e+02;1.2253679e-02;1.3750000e+02;8.8006519e-02;1.3750000e+02;1.6397187e-01;1.3750000e+02;1.9565687e-01;1.3750000e+02;1.8507363e-01;1.3750000e+02;1.7423315e-01;1.3750000e+02;1.8123278e-01;1.3750000e+02;1.5053669e-01;1.3750000e+02;1.0768731e-01;1.3750000e+02;6.0785338e-02;1.3750000e+02;1.3631266e-02;1.3750000e+02;-3.6163613e-02;1.3750000e+02;-8.4587023e-02;1.3750000e+02;-1.3160029e-01;1.3750000e+02;-9.0446971e-02;1.3750000e+02;-9.2090458e-02;1.3750000e+02;-7.5718798e-02;1.3750000e+02;-4.1286498e-02;1.3750000e+02;1.2253679e-02;1.3750000e+02;8.8006519e-02;1.3750000e+02;1.6397187e-01;1.3750000e+02;1.9565687e-01;1.3750000e+02;1.8507363e-01;1.3750000e+02;1.7423315e-01;1.3750000e+02;1.8123278e-01;1.3750000e+02;1.5053669e-01;1.3750000e+02;1.0768731e-01;1.3750000e+02;6.0785338e-02;1.3750000e+02;1.3631266e-02;1.3750000e+02;-3.6163613e-02;1.3750000e+02;-8.4587023e-02;1.3750000e+02;-1.3160029e-01;1.3750000e+02;-9.0446971e-02;1.3750000e+02;-9.2090458e-02;1.3750000e+02;-7.5718798e-02;1.3750000e+02;-4.1286498e-02;1.3750000e+02;1.2253679e-02;1.3750000e+02;8.8006519e-02;1.3750000e+02;1.6397187e-01;1.3750000e+02;1.9565687e-01;1.3750000e+02;1.8507363e-01;1.3750000e+02;1.7423315e-01;1.3750000e+02;1.8123278e-01;1.3750000e+02;1.5053669e-01;1.3750000e+02;1.0768731e-01;1.3750000e+02;6.0785338e-02;1.3750000e+02;1.3631266e-02;1.3750000e+02;-3.6163613e-02;1.3750000e+02;-8.4587023e-02;1.3750000e+02;-1.3160029e-01;1.3750000e+02;-9.0446971e-02;1.3750000e+02;-9.2090458e-02;1.3750000e+02;-7.5718798e-02;1.3750000e+02;-4.1286498e-02;1.3750000e+02;1.2253679e-02;1.3750000e+02;8.8006519e-02;1.3750000e+02;1.6397187e-01;1.3750000e+02;1.9565687e-01;1.3750000e+02;1.8507363e-01;1.3750000e+02;1.7423315e-01;1.3750000e+02;1.8123278e-01;1.3750000e+02;1.5053669e-01;1.3750000e+02;1.0768731e-01;1.3750000e+02;6.0785338e-02;1.3750000e+02;1.3631266e-02;1.3750000e+02;-3.6163613e-02;1.3750000e+02;-8.4587023e-02;1.3750000e+02;-1.3160029e-01;1.3750000e+02;-9.0446971e-02;1.3750000e+02;-9.2090458e-02;1.3750000e+02;-7.5718798e-02;1.3750000e+02;-4.1286498e-02;1.3750000e+02;1.2253679e-02;1.3750000e+02;8.8006519e-02;1.3750000e+02;1.6397187e-01;1.3750000e+02;1.9565687e-01;1.3750000e+02;1.8507363e-01;1.3750000e+02;1.7423315e-01;1.3750000e+02;1.8123278e-01;1.3750000e+02;1.5053669e-01;1.3750000e+02;1.0768731e-01;1.3750000e+02;6.0785338e-02;1.3750000e+02;1.3631266e-02;1.3750000e+02;-3.6163613e-02;1.3750000e+02;-8.4587023e-02;1.3750000e+02;-1.3160029e-01;1.3750000e+02;-9.0446971e-02;1.3750000e+02;-9.2090458e-02;1.3750000e+02;-7.5718798e-02;1.3750000e+02;-4.1286498e-02;1.3750000e+02;1.2253679e-02;1.3750000e+02;8.8006519e-02;1.3750000e+02;1.6397187e-01;1.3750000e+02;1.9565687e-01;1.3750000e+02;1.8507363e-01;1.3750000e+02;1.7423315e-01;1.3750000e+02;1.8123278e-01;1.3750000e+02;1.5053669e-01;1.3750000e+02;1.0768731e-01;1.3750000e+02;6.0785338e-02;1.3750000e+02;1.3631266e-02;1.3750000e+02;-3.6163613e-02;1.3750000e+02;-8.4587023e-02;1.3750000e+02;-1.3160029e-01;1.3750000e+02;-9.0446971e-02;1.3750000e+02;-9.2090458e-02;1.3750000e+02;-7.5718798e-02;1.3750000e+02;-4.1286498e-02;1.3750000e+02;1.2253679e-02;1.3750000e+02;8.8006519e-02;1.3750000e+02;1.6397187e-01;1.3750000e+02;1.9565687e-01;1.3750000e+02;1.8507363e-01;1.3750000e+02;1.7423315e-01;1.3750000e+02;1.8123278e-01;1.3750000e+02;1.5053669e-01;1.3750000e+02;1.0768731e-01;1.3750000e+02;6.0785338e-02;1.3750000e+02;1.3631266e-02;1.3750000e+02;-3.6163613e-02;1.3750000e+02;-8.4587023e-02;1.3750000e+02;-1.3160029e-01;1.3750000e+02;-9.0446971e-02;1.3750000e+02;-9.2090458e-02;1.3750000e+02;-7.5718798e-02;1.3750000e+02;-4.1286498e-02;1.3750000e+02;1.2253679e-02;1.3750000e+02;8.8006519e-02;1.3750000e+02;1.6397187e-01;1.3750000e+02;1.9565687e-01;1.3750000e+02;1.8507363e-01;1.3750000e+02;1.7423315e-01;1.3750000e+02;1.8123278e-01;1.3750000e+02;1.5053669e-01;1.3750000e+02;1.0768731e-01;1.3750000e+02;6.0785338e-02;1.3750000e+02;1.3631266e-02;1.3750000e+02;-3.6163613e-02;1.3750000e+02;-8.4587023e-02;1.3750000e+02;-1.3160029e-01;1.3750000e+02;-9.0446971e-02;1.3750000e+02;-9.2090458e-02;1.3750000e+02;-7.5718798e-02;1.3750000e+02;-4.1286498e-02;1.3750000e+02;1.2253679e-02;1.3750000e+02;8.8006519e-02;1.3750000e+02;1.6397187e-01;1.3750000e+02;1.9565687e-01;1.3750000e+02;1.8507363e-01;1.3750000e+02;1.7423315e-01;1.3750000e+02;1.8123278e-01;1.3750000e+02;1.5053669e-01;1.3750000e+02;1.0768731e-01;1.3750000e+02;6.0785338e-02;1.3750000e+02;1.3631266e-02;1.3750000e+02;-3.6163613e-02;1.3750000e+02;-8.4587023e-02;1.3750000e+02;-1.3160029e-01;1.3750000e+02;-9.0446971e-02;1.3750000e+02;-9.2090458e-02;1.3750000e+02;-7.5718798e-02;1.3750000e+02;-4.1286498e-02;1.3750000e+02;1.2253679e-02;1.3750000e+02;8.8006519e-02;1.3750000e+02;1.6397187e-01;1.3750000e+02;1.9565687e-01;1.3750000e+02;1.8507363e-01;1.3750000e+02;1.7423315e-01;1.3750000e+02;1.8123278e-01;1.3750000e+02;1.5053669e-01;1.3750000e+02;1.0768731e-01;1.3750000e+02;6.0785338e-02;1.3750000e+02;1.3631266e-02;1.3750000e+02;-3.6163613e-02;1.3750000e+02;-8.4587023e-02;1.3750000e+02;-1.3160029e-01;1.3750000e+02;-9.0446971e-02;1.3750000e+02;-9.2090458e-02;1.3750000e+02;-7.5718798e-02;1.3750000e+02;-4.1286498e-02;1.3750000e+02;1.2253679e-02;1.3750000e+02;8.8006519e-02;1.3750000e+02;1.6397187e-01;1.3750000e+02;1.9565687e-01;1.3750000e+02;1.8507363e-01;1.3750000e+02;1.7423315e-01;1.3750000e+02;1.8123278e-01;1.3750000e+02;1.5053669e-01;1.3750000e+02;1.0768731e-01;1.3750000e+02;6.0785338e-02;1.3750000e+02;1.3631266e-02;1.3750000e+02;-3.6163613e-02;1.3750000e+02;-8.4587023e-02;1.3750000e+02;-1.3160029e-01;1.3750000e+02;-9.0446971e-02;1.3750000e+02;-9.2090458e-02;1.3750000e+02;-7.5718798e-02;1.3750000e+02;-4.1286498e-02;1.3750000e+02;1.2253679e-02;1.3750000e+02;8.8006519e-02;1.3750000e+02;1.6397187e-01;1.3750000e+02;1.9565687e-01;1.3750000e+02;1.8507363e-01;1.3750000e+02;1.7423315e-01;1.3750000e+02;1.8123278e-01;1.3750000e+02;1.5053669e-01;1.3750000e+02;1.0768731e-01;1.3750000e+02;6.0785338e-02;1.3750000e+02;1.3631266e-02;1.3750000e+02;-3.6163613e-02;1.3750000e+02;-8.4587023e-02;1.3750000e+02;-1.3160029e-01;1.3750000e+02;-9.0446971e-02;1.3750000e+02;-9.2090458e-02;1.3750000e+02;-7.5718798e-02;1.3750000e+02;-4.1286498e-02;1.3750000e+02;1.2253679e-02;1.3750000e+02;8.8006519e-02;1.3750000e+02;1.6397187e-01;1.3750000e+02;1.9565687e-01;1.3750000e+02;1.8507363e-01;1.3750000e+02;1.7423315e-01;1.3750000e+02;1.8123278e-01;1.3750000e+02;1.5053669e-01;1.3750000e+02;1.0768731e-01;1.3750000e+02;6.0785338e-02;1.3750000e+02;1.3631266e-02;1.3750000e+02;-3.6163613e-02;1.3750000e+02;-8.4587023e-02;1.3750000e+02;-1.3160029e-01;1.3750000e+02;-9.0446971e-02;1.3750000e+02;-9.2090458e-02;1.3750000e+02;-7.5718798e-02;1.3750000e+02;-4.1286498e-02;1.3750000e+02;1.2253679e-02;1.3750000e+02;8.8006519e-02;1.3750000e+02;1.6397187e-01;1.3750000e+02;1.9565687e-01;1.3750000e+02;1.8507363e-01;1.3750000e+02;1.7423315e-01;1.3750000e+02;1.8123278e-01;1.3750000e+02;1.5053669e-01;1.3750000e+02;1.0768731e-01;1.3750000e+02;6.0785338e-02;1.3750000e+02;1.3631266e-02;1.3750000e+02;-3.6163613e-02;1.3750000e+02;-8.4587023e-02;1.3750000e+02;-1.3160029e-01;1.3750000e+02;-9.0446971e-02;1.3750000e+02;-9.2090458e-02;1.3750000e+02;-7.5718798e-02;1.3750000e+02;-4.1286498e-02;1.3750000e+02;1.2253679e-02;1.3750000e+02;8.8006519e-02;1.3750000e+02;1.6397187e-01;1.3750000e+02;1.9565687e-01;1.3750000e+02;1.8507363e-01;1.3750000e+02;1.7423315e-01;1.3750000e+02;1.8123278e-01;1.3750000e+02;1.5053669e-01;1.3750000e+02;1.0768731e-01;1.3750000e+02;6.0785338e-02;1.3750000e+02;1.3631266e-02;1.3750000e+02;-3.6163613e-02;1.3750000e+02;-8.4587023e-02;1.3750000e+02;-1.3160029e-01;1.3750000e+02;-9.0446971e-02;1.3750000e+02;-9.2090458e-02;1.3750000e+02;-7.5718798e-02;1.3750000e+02;-4.1286498e-02;1.3750000e+02;1.2253679e-02;1.3750000e+02;8.8006519e-02;1.3750000e+02;1.6397187e-01;1.3750000e+02;1.9565687e-01;1.3750000e+02;1.8507363e-01;1.3750000e+02;1.7423315e-01;1.3750000e+02;1.8123278e-01;1.3750000e+02;1.5053669e-01;1.3750000e+02;1.0768731e-01;1.3750000e+02;6.0785338e-02;1.3750000e+02;1.3631266e-02;1.3750000e+02;-3.6163613e-02;1.3750000e+02;-8.4587023e-02;1.3750000e+02;-1.3160029e-01;1.3750000e+02;-9.0446971e-02;1.3750000e+02;-9.2090458e-02;1.3750000e+02;-7.5718798e-02;1.3750000e+02;-4.1286498e-02;1.3750000e+02;1.2253679e-02;1.3750000e+02;8.8006519e-02;1.3750000e+02;1.6397187e-01;1.3750000e+02;1.9565687e-01;1.3750000e+02;1.8507363e-01;1.3750000e+02;1.7423315e-01;1.3750000e+02;1.8123278e-01;1.3750000e+02;1.5053669e-01;1.3750000e+02;1.0768731e-01;1.3750000e+02;6.0785338e-02;1.3750000e+02;1.3631266e-02;1.3750000e+02;-3.6163613e-02;1.3750000e+02;-8.4587023e-02;1.3750000e+02;-1.3160029e-01;1.3750000e+02;-9.0446971e-02;1.3750000e+02;-9.2090458e-02;1.3750000e+02;-7.5718798e-02;1.3750000e+02;-4.1286498e-02;1.3750000e+02;1.2253679e-02;1.3750000e+02;8.8006519e-02;1.3750000e+02;1.6397187e-01;1.3750000e+02;1.9565687e-01;1.3750000e+02;1.8507363e-01;1.3750000e+02;1.7423315e-01;1.3750000e+02;1.8123278e-01;1.3750000e+02;1.5053669e-01;1.3750000e+02;1.0768731e-01;1.3750000e+02;6.0785338e-02;1.3750000e+02;1.3631266e-02;1.3750000e+02;-3.6163613e-02;1.3750000e+02;-8.4587023e-02;1.3750000e+02;-1.3160029e-01;1.3750000e+02;-9.0446971e-02;1.3750000e+02;-9.2090458e-02;1.3750000e+02;-7.5718798e-02;1.3750000e+02;-4.1286498e-02;1.3750000e+02;1.2253679e-02;1.3750000e+02;8.8006519e-02;1.3750000e+02;1.6397187e-01;1.3750000e+02;1.9565687e-01;1.3750000e+02;1.8507363e-01;1.3750000e+02;1.7423315e-01;1.3750000e+02;1.8123278e-01;1.3750000e+02;1.5053669e-01;1.3750000e+02;1.0768731e-01;1.3750000e+02;6.0785338e-02;1.3750000e+02;1.3631266e-02;1.3750000e+02;-3.6163613e-02;1.3750000e+02;-8.4587023e-02;1.3750000e+02;-1.3160029e-01;1.3750000e+02;-9.0446971e-02;1.3750000e+02;-9.2090458e-02;1.3750000e+02;-7.5718798e-02;1.3750000e+02;-4.1286498e-02;1.3750000e+02;1.2253679e-02;1.3750000e+02;8.8006519e-02;1.3750000e+02;1.6397187e-01;1.3750000e+02;1.9565687e-01;1.3750000e+02;1.8507363e-01;1.3750000e+02;1.7423315e-01;1.3750000e+02;1.8123278e-01;1.3750000e+02;1.5053669e-01;1.3750000e+02;1.0768731e-01;1.3750000e+02;6.0785338e-02;1.3750000e+02;1.3631266e-02;1.3750000e+02;-3.6163613e-02;1.3750000e+02;-8.4587023e-02;1.3750000e+02;-1.3160029e-01;1.3750000e+02;-9.0446971e-02;1.3750000e+02;-9.2090458e-02;1.3750000e+02;-7.5718798e-02;1.3750000e+02;-4.1286498e-02;1.3750000e+02;1.2253679e-02;1.3750000e+02;8.8006519e-02;1.3750000e+02;1.6397187e-01;1.3750000e+02;1.9565687e-01;1.3750000e+02;1.8507363e-01;1.3750000e+02;1.7423315e-01;1.3750000e+02;1.8123278e-01;1.3750000e+02;1.5053669e-01;1.3750000e+02;1.0768731e-01;1.3750000e+02;6.0785338e-02;1.3750000e+02;1.3631266e-02;1.3750000e+02;-3.6163613e-02;1.3750000e+02;-8.4587023e-02;1.3750000e+02;-1.3160029e-01;1.3750000e+02;-9.0446971e-02;1.3750000e+02;-9.2090458e-02;1.3750000e+02;-7.5718798e-02;1.3750000e+02;-4.1286498e-02;1.3750000e+02;1.2253679e-02;1.3750000e+02;8.8006519e-02;1.3750000e+02;1.6397187e-01;1.3750000e+02;1.9565687e-01;1.3750000e+02;1.8507363e-01;1.3750000e+02;1.7423315e-01;1.3750000e+02;1.8123278e-01;1.3750000e+02;1.5053669e-01;1.3750000e+02;1.0768731e-01;1.3750000e+02;6.0785338e-02;1.3750000e+02;1.3631266e-02;1.3750000e+02;-3.6163613e-02;1.3750000e+02;-8.4587023e-02;1.3750000e+02;-1.3160029e-01;1.3750000e+02;-9.0446971e-02;1.3750000e+02;-9.2090458e-02;1.3750000e+02;-7.5718798e-02;1.3750000e+02;-4.1286498e-02;1.3750000e+02;1.2253679e-02;1.3750000e+02;8.8006519e-02;1.3750000e+02;1.6397187e-01;1.3750000e+02;1.9565687e-01;1.3750000e+02;1.8507363e-01;1.3750000e+02;1.7423315e-01;1.3750000e+02;1.8123278e-01;1.3750000e+02;1.5053669e-01;1.3750000e+02;1.0768731e-01;1.3750000e+02;6.0785338e-02;1.3750000e+02;1.3631266e-02;1.3750000e+02;-3.6163613e-02;1.3750000e+02;-8.4587023e-02;1.3750000e+02;-1.3160029e-01;1.3750000e+02;-9.0446971e-02;1.3750000e+02;-9.2090458e-02;1.3750000e+02;-7.5718798e-02;1.3750000e+02;-4.1286498e-02;1.3750000e+02;1.2253679e-02;1.3750000e+02;8.8006519e-02;1.3750000e+02;1.6397187e-01;1.3750000e+02;1.9565687e-01;1.3750000e+02;1.8507363e-01;1.3750000e+02;1.7423315e-01;1.3750000e+02;1.8123278e-01;1.3750000e+02;1.5053669e-01;1.3750000e+02;1.0768731e-01;1.3750000e+02;6.0785338e-02;1.3750000e+02;1.3631266e-02;1.3750000e+02;-3.6163613e-02;1.3750000e+02;-8.4587023e-02;1.3750000e+02;-1.3160029e-01;1.3750000e+02;-9.0446971e-02;1.3750000e+02;-9.2090458e-02;1.3750000e+02;-7.5718798e-02;1.3750000e+02;-4.1286498e-02;1.3750000e+02;1.2253679e-02;1.3750000e+02;8.8006519e-02;1.3750000e+02;1.6397187e-01;1.3750000e+02;1.9565687e-01;1.3750000e+02;1.8507363e-01;1.3750000e+02;1.7423315e-01;1.3750000e+02;1.8123278e-01;1.3750000e+02;1.5053669e-01;1.3750000e+02;1.0768731e-01;1.3750000e+02;6.0785338e-02;1.3750000e+02;1.3631266e-02;1.3750000e+02;-3.6163613e-02;1.3750000e+02;-8.4587023e-02;1.3750000e+02;-1.3160029e-01;1.3750000e+02;-9.0446971e-02;1.3750000e+02;-9.2090458e-02;1.3750000e+02;-7.5718798e-02;1.3750000e+02;-4.1286498e-02;1.3750000e+02;1.2253679e-02;1.3750000e+02;8.8006519e-02;1.3750000e+02;1.6397187e-01;1.3750000e+02;1.9565687e-01;1.3750000e+02;1.8507363e-01;1.3750000e+02;1.7423315e-01;1.3750000e+02;1.8123278e-01;1.3750000e+02;1.5053669e-01;1.3750000e+02;1.0768731e-01;1.3750000e+02;6.0785338e-02;1.3750000e+02;1.3631266e-02;1.3750000e+02;-3.6163613e-02;1.3750000e+02;-8.4587023e-02;1.3750000e+02;-1.3160029e-01;1.3750000e+02;-9.0446971e-02;1.3750000e+02;-9.2090458e-02;1.3750000e+02;-7.5718798e-02;1.3750000e+02;-4.1286498e-02;1.3750000e+02;1.2253679e-02;1.3750000e+02;8.8006519e-02;1.3750000e+02;1.6397187e-01;1.3750000e+02;1.9565687e-01;1.3750000e+02;1.8507363e-01;1.3750000e+02;1.7423315e-01;1.3750000e+02;1.8123278e-01;1.3750000e+02;1.5053669e-01;1.3750000e+02;1.0768731e-01;1.3750000e+02;6.0785338e-02;1.3750000e+02;1.3631266e-02;1.3750000e+02;-3.6163613e-02;1.3750000e+02;-8.4587023e-02;1.3750000e+02;-1.3160029e-01;1.3750000e+02;-9.0446971e-02;1.3750000e+02;-9.2090458e-02;1.3750000e+02;-7.5718798e-02;1.3750000e+02;-4.1286498e-02;1.3750000e+02;1.2253679e-02;1.3750000e+02;8.8006519e-02;1.3750000e+02;1.6397187e-01;1.3750000e+02;1.9565687e-01;1.3750000e+02;1.8507363e-01;1.3750000e+02;1.7423315e-01;1.3750000e+02;1.8123278e-01;1.3750000e+02;1.5053669e-01;1.3750000e+02;1.0768731e-01;1.3750000e+02;6.0785338e-02;1.3750000e+02;1.3631266e-02;1.3750000e+02;-3.6163613e-02;1.3750000e+02;-8.4587023e-02;1.3750000e+02;-1.3160029e-01;1.3750000e+02;-9.0446971e-02;1.3750000e+02;-9.2090458e-02;1.3750000e+02;-7.5718798e-02;1.3750000e+02;-4.1286498e-02;1.3750000e+02;1.2253679e-02;1.3750000e+02;8.8006519e-02;1.3750000e+02;1.6397187e-01;1.3750000e+02;1.9565687e-01;1.3750000e+02;1.8507363e-01;1.3750000e+02;1.7423315e-01;1.3750000e+02;1.8123278e-01;1.3750000e+02;1.5053669e-01;1.3750000e+02;1.0768731e-01;1.3750000e+02;6.0785338e-02;1.3750000e+02;1.3631266e-02;1.3750000e+02;-3.6163613e-02;1.3750000e+02;-8.4587023e-02;1.3750000e+02;-1.3160029e-01;1.3750000e+02;-9.0446971e-02;1.3750000e+02;-9.2090458e-02;1.3750000e+02;-7.5718798e-02;1.3750000e+02;-4.1286498e-02;1.3750000e+02;1.2253679e-02;1.3750000e+02;8.8006519e-02;1.3750000e+02;1.6397187e-01;1.3750000e+02;1.9565687e-01;1.3750000e+02;1.8507363e-01;1.3750000e+02;1.7423315e-01;1.3750000e+02;1.8123278e-01;1.3750000e+02;1.5053669e-01;1.3750000e+02;1.0768731e-01;1.3750000e+02;6.0785338e-02;1.3750000e+02;1.3631266e-02;1.3750000e+02;-3.6163613e-02;1.3750000e+02;-8.4587023e-02;1.3750000e+02;-1.3160029e-01;1.3750000e+02;-9.0446971e-02;1.3750000e+02;-9.2090458e-02;1.3750000e+02;-7.5718798e-02;1.3750000e+02;-4.1286498e-02;1.3750000e+02;1.2253679e-02;1.3750000e+02;8.8006519e-02;1.3750000e+02;1.6397187e-01;1.3750000e+02;1.9565687e-01;1.3750000e+02;1.8507363e-01;1.3750000e+02;1.7423315e-01;1.3750000e+02;1.8123278e-01;1.3750000e+02;1.5053669e-01;1.3750000e+02;1.0768731e-01;1.3750000e+02;6.0785338e-02;1.3750000e+02;1.3631266e-02;1.3750000e+02;-3.6163613e-02;1.3750000e+02;-8.4587023e-02;1.3750000e+02;-1.3160029e-01;1.3750000e+02;-9.0446971e-02;1.3750000e+02;-9.2090458e-02;1.3750000e+02;-7.5718798e-02;1.3750000e+02;-4.1286498e-02;1.3750000e+02;1.2253679e-02;1.3750000e+02;8.8006519e-02;1.3750000e+02;1.6397187e-01;1.3750000e+02;1.9565687e-01;1.3750000e+02;1.8507363e-01;1.3750000e+02;1.7423315e-01;1.3750000e+02;1.8123278e-01;1.3750000e+02;1.5053669e-01;1.3750000e+02;1.0768731e-01;1.3750000e+02;6.0785338e-02;1.3750000e+02;1.3631266e-02;1.3750000e+02;-3.6163613e-02;1.3750000e+02;-8.4587023e-02;1.3750000e+02;-1.3160029e-01;1.3750000e+02;-9.0446971e-02;1.3750000e+02;-9.2090458e-02;1.3750000e+02;-7.5718798e-02;1.3750000e+02;-4.1286498e-02;1.3750000e+02;1.2253679e-02;1.3750000e+02;8.8006519e-02;1.3750000e+02;1.6397187e-01;1.3750000e+02;1.9565687e-01;1.3750000e+02;1.8507363e-01;1.3750000e+02;1.7423315e-01;1.3750000e+02;1.8123278e-01;1.3750000e+02;1.5053669e-01;1.3750000e+02;1.0768731e-01;1.3750000e+02;6.0785338e-02;1.3750000e+02;1.3631266e-02;1.3750000e+02;-3.6163613e-02;1.3750000e+02;-8.4587023e-02;1.3750000e+02;-1.3160029e-01;1.3750000e+02;-9.0446971e-02;1.3750000e+02;-9.2090458e-02;1.3750000e+02;-7.5718798e-02;1.3750000e+02;-4.1286498e-02;1.3750000e+02;1.2253679e-02;1.3750000e+02;8.8006519e-02;1.3750000e+02;1.6397187e-01;1.3750000e+02;1.9565687e-01;1.3750000e+02;1.8507363e-01;1.3750000e+02;1.7423315e-01;1.3750000e+02;1.8123278e-01;1.3750000e+02;1.5053669e-01;1.3750000e+02;1.0768731e-01;1.3750000e+02;6.0785338e-02;1.3750000e+02;1.3631266e-02;1.3750000e+02;-3.6163613e-02;1.3750000e+02;-8.4587023e-02;1.3750000e+02;-1.3160029e-01;1.3750000e+02;-9.0446971e-02;1.3750000e+02;-9.2090458e-02;1.3750000e+02;-7.5718798e-02;1.3750000e+02;-4.1286498e-02;1.3750000e+02;1.2253679e-02;1.3750000e+02;8.8006519e-02;1.3750000e+02;1.6397187e-01;1.3750000e+02;1.9565687e-01;1.3750000e+02;1.8507363e-01;1.3750000e+02;1.7423315e-01;1.3750000e+02;1.8123278e-01;1.3750000e+02;1.5053669e-01;1.3750000e+02;1.0768731e-01;1.3750000e+02;6.0785338e-02;1.3750000e+02;1.3631266e-02;1.3750000e+02;-3.6163613e-02;1.3750000e+02;-8.4587023e-02;1.3750000e+02;-1.3160029e-01;1.3750000e+02;-9.0446971e-02;1.3750000e+02;-9.2090458e-02;1.3750000e+02;-7.5718798e-02;1.3750000e+02;-4.1286498e-02;1.3750000e+02;1.2253679e-02;1.3750000e+02;8.8006519e-02;1.3750000e+02;1.6397187e-01;1.3750000e+02;1.9565687e-01;1.3750000e+02;1.8507363e-01;1.3750000e+02;1.7423315e-01;1.3750000e+02;1.8123278e-01;1.3750000e+02;1.5053669e-01;1.3750000e+02;1.0768731e-01;1.3750000e+02;6.0785338e-02;1.3750000e+02;1.3631266e-02;1.3750000e+02;-3.6163613e-02;1.3750000e+02;-8.4587023e-02;1.3750000e+02;-1.3160029e-01;1.3750000e+02;-9.0446971e-02;1.3750000e+02;-9.2090458e-02;1.3750000e+02;-7.5718798e-02;1.3750000e+02;-4.1286498e-02;1.3750000e+02;1.2253679e-02;1.3750000e+02;8.8006519e-02;1.3750000e+02;1.6397187e-01;1.3750000e+02;1.9565687e-01;1.3750000e+02;1.8507363e-01;1.3750000e+02;1.7423315e-01;1.3750000e+02;1.8123278e-01;1.3750000e+02;1.5053669e-01;1.3750000e+02;1.0768731e-01;1.3750000e+02;6.0785338e-02;1.3750000e+02;1.3631266e-02;1.3750000e+02;-3.6163613e-02;1.3750000e+02;-8.4587023e-02;1.3750000e+02;-1.3160029e-01;1.3750000e+02;-9.0446971e-02;1.3750000e+02;-9.2090458e-02;1.3750000e+02;-7.5718798e-02;1.3750000e+02;-4.1286498e-02;1.3750000e+02;1.2253679e-02;1.3750000e+02;8.8006519e-02;1.3750000e+02;1.6397187e-01;1.3750000e+02;1.9565687e-01;1.3750000e+02;1.8507363e-01;1.3750000e+02;1.7423315e-01;1.3750000e+02;1.8123278e-01;1.3750000e+02;1.5053669e-01;1.3750000e+02;1.0768731e-01;1.3750000e+02;6.0785338e-02;1.3750000e+02;1.3631266e-02;1.3750000e+02;-3.6163613e-02;1.3750000e+02;-8.4587023e-02;1.3750000e+02;-1.3160029e-01;1.3750000e+02;-9.0446971e-02;1.3750000e+02;-9.2090458e-02;1.3750000e+02;-7.5718798e-02;1.3750000e+02;-4.1286498e-02;1.3750000e+02;1.2253679e-02;1.3750000e+02;8.8006519e-02;1.3750000e+02;1.6397187e-01;1.3750000e+02;1.9565687e-01;1.3750000e+02;1.8507363e-01;1.3750000e+02;1.7423315e-01;1.3750000e+02;1.8123278e-01;1.3750000e+02;1.5053669e-01;1.3750000e+02;1.0768731e-01;1.3750000e+02;6.0785338e-02;1.3750000e+02;1.3631266e-02;1.3750000e+02;-3.6163613e-02;1.3750000e+02;-8.4587023e-02;1.3750000e+02;-1.3160029e-01;1.3750000e+02;-9.0446971e-02;1.3750000e+02;-9.2090458e-02;1.3750000e+02;-7.5718798e-02;1.3750000e+02;-4.1286498e-02;1.3750000e+02;1.2253679e-02;1.3750000e+02;8.8006519e-02;1.3750000e+02;1.6397187e-01;1.3750000e+02;1.9565687e-01;1.3750000e+02;1.8507363e-01;1.3750000e+02;1.7423315e-01;1.3750000e+02;1.8123278e-01;1.3750000e+02;1.5053669e-01;1.3750000e+02;1.0768731e-01;1.3750000e+02;6.0785338e-02;1.3750000e+02;1.3631266e-02;1.3750000e+02;-3.6163613e-02;1.3750000e+02;-8.4587023e-02;1.3750000e+02;-1.3160029e-01;1.3750000e+02;-9.0446971e-02;1.3750000e+02;-9.2090458e-02;1.3750000e+02;-7.5718798e-02;1.3750000e+02;-4.1286498e-02;1.3750000e+02;1.2253679e-02;1.3750000e+02;8.8006519e-02;1.3750000e+02;1.6397187e-01;1.3750000e+02;1.9565687e-01;1.3750000e+02;1.8507363e-01;1.3750000e+02;1.7423315e-01;1.3750000e+02;1.8123278e-01;1.3750000e+02;1.5053669e-01;1.3750000e+02;1.0768731e-01;1.3750000e+02;6.0785338e-02;1.3750000e+02;1.3631266e-02;1.3750000e+02;-3.6163613e-02;1.3750000e+02;-8.4587023e-02;1.3750000e+02;-1.3160029e-01;1.3750000e+02;-9.0446971e-02;1.3750000e+02;-9.2090458e-02;1.3750000e+02;-7.5718798e-02;1.3750000e+02;-4.1286498e-02;1.3750000e+02;1.2253679e-02;1.3750000e+02;8.8006519e-02;1.3750000e+02;1.6397187e-01;1.3750000e+02;1.9565687e-01;1.3750000e+02;1.8507363e-01;1.3750000e+02;1.7423315e-01;1.3750000e+02;1.8123278e-01;1.3750000e+02;1.5053669e-01;1.3750000e+02;1.0768731e-01;1.3750000e+02;6.0785338e-02;1.3750000e+02;1.3631266e-02;1.3750000e+02;-3.6163613e-02;1.3750000e+02;-8.4587023e-02;1.3750000e+02;-1.3160029e-01;1.3750000e+02;-9.0446971e-02;1.3750000e+02;-9.2090458e-02;1.3750000e+02;-7.5718798e-02;1.3750000e+02;-4.1286498e-02;1.3750000e+02;1.2253679e-02;1.3750000e+02;8.8006519e-02;1.3750000e+02;1.6397187e-01;1.3750000e+02;1.9565687e-01;1.3750000e+02;1.8507363e-01;1.3750000e+02;1.7423315e-01;1.3750000e+02;1.8123278e-01;1.3750000e+02;1.5053669e-01;1.3750000e+02;1.0768731e-01;1.3750000e+02;6.0785338e-02;1.3750000e+02;1.3631266e-02;1.3750000e+02;-3.6163613e-02;1.3750000e+02;-8.4587023e-02;1.3750000e+02;-1.3160029e-01;1.3750000e+02;-9.0446971e-02;1.3750000e+02;-9.2090458e-02;1.3750000e+02;-7.5718798e-02;1.3750000e+02;-4.1286498e-02;1.3750000e+02;1.2253679e-02;1.3750000e+02;8.8006519e-02;1.3750000e+02;1.6397187e-01;1.3750000e+02;1.9565687e-01;1.3750000e+02;1.8507363e-01;1.3750000e+02;1.7423315e-01;1.3750000e+02;1.8123278e-01;1.3750000e+02;1.5053669e-01;1.3750000e+02;1.0768731e-01;1.3750000e+02;6.0785338e-02;1.3750000e+02;1.3631266e-02;1.3750000e+02;-3.6163613e-02;1.3750000e+02;-8.4587023e-02;1.3750000e+02;-1.3160029e-01;1.3750000e+02;-9.0446971e-02;1.3750000e+02;-9.2090458e-02;1.3750000e+02;-7.5718798e-02;1.3750000e+02;-4.1286498e-02;1.3750000e+02;1.2253679e-02;1.3750000e+02;8.8006519e-02;1.3750000e+02;1.6397187e-01;1.3750000e+02;1.9565687e-01;1.3750000e+02;1.8507363e-01;1.3750000e+02;1.7423315e-01;1.3750000e+02;1.8123278e-01;1.3750000e+02;1.5053669e-01;1.3750000e+02;1.0768731e-01;1.3750000e+02;6.0785338e-02;1.3750000e+02;1.3631266e-02;1.3750000e+02;-3.6163613e-02;1.3750000e+02;-8.4587023e-02;1.3750000e+02;-1.3160029e-01;1.3750000e+02;-9.0446971e-02;1.3750000e+02;-9.2090458e-02;1.3750000e+02;-7.5718798e-02;1.3750000e+02;-4.1286498e-02;1.3750000e+02;1.2253679e-02;1.3750000e+02;8.8006519e-02;1.3750000e+02;1.6397187e-01;1.3750000e+02;1.9565687e-01;1.3750000e+02;1.8507363e-01;1.3750000e+02;1.7423315e-01;1.3750000e+02;1.8123278e-01;1.3750000e+02;1.5053669e-01;1.3750000e+02;1.0768731e-01;1.3750000e+02;6.0785338e-02;1.3750000e+02;1.3631266e-02;1.3750000e+02;-3.6163613e-02;1.3750000e+02;-8.4587023e-02;1.3750000e+02;-1.3160029e-01;1.3750000e+02;-9.0446971e-02;1.3750000e+02;-9.2090458e-02;1.3750000e+02;-7.5718798e-02;1.3750000e+02;-4.1286498e-02;1.3750000e+02;1.2253679e-02;1.3750000e+02;8.8006519e-02;1.3750000e+02;1.6397187e-01;1.3750000e+02;1.9565687e-01;1.3750000e+02;1.8507363e-01;1.3750000e+02;1.7423315e-01;1.3750000e+02;1.8123278e-01;1.3750000e+02;1.5053669e-01;1.3750000e+02;1.0768731e-01;1.3750000e+02;6.0785338e-02;1.3750000e+02;1.3631266e-02;1.3750000e+02;-3.6163613e-02;1.3750000e+02;-8.4587023e-02;1.3750000e+02;-1.3160029e-01;1.3750000e+02;-9.0446971e-02;1.3750000e+02;-9.2090458e-02;1.3750000e+02;-7.5718798e-02;1.3750000e+02;-4.1286498e-02;1.3750000e+02;1.2253679e-02;1.3750000e+02;8.8006519e-02;1.3750000e+02;1.6397187e-01;1.3750000e+02;1.9565687e-01;1.3750000e+02;1.8507363e-01;1.3750000e+02;1.7423315e-01;1.3750000e+02;1.8123278e-01;1.3750000e+02;1.5053669e-01;1.3750000e+02;1.0768731e-01;1.3750000e+02;6.0785338e-02;1.3750000e+02;1.3631266e-02;1.3750000e+02;-3.6163613e-02;1.3750000e+02;-8.4587023e-02;1.3750000e+02;-1.3160029e-01;1.3750000e+02;-9.0446971e-02;1.3750000e+02;-9.2090458e-02;1.3750000e+02;-7.5718798e-02;1.3750000e+02;-4.1286498e-02;1.3750000e+02;1.2253679e-02;1.3750000e+02;8.8006519e-02;1.3750000e+02;1.6397187e-01;1.3750000e+02;1.9565687e-01;1.3750000e+02;1.8507363e-01;1.3750000e+02;1.7423315e-01;1.3750000e+02;1.8123278e-01;1.3750000e+02;1.5053669e-01;1.3750000e+02;1.0768731e-01;1.3750000e+02;6.0785338e-02;1.3750000e+02;1.3631266e-02;1.3750000e+02;-3.6163613e-02;1.3750000e+02;-8.4587023e-02;1.3750000e+02;-1.3160029e-01;1.3750000e+02;-9.0446971e-02;1.3750000e+02;-9.2090458e-02;1.3750000e+02;-7.5718798e-02;1.3750000e+02;-4.1286498e-02;1.3750000e+02;1.2253679e-02;1.3750000e+02;8.8006519e-02;1.3750000e+02;1.6397187e-01;1.3750000e+02;1.9565687e-01;1.3750000e+02;1.8507363e-01;1.3750000e+02;1.7423315e-01;1.3750000e+02;1.8123278e-01;1.3750000e+02;1.5053669e-01;1.3750000e+02;1.0768731e-01;1.3750000e+02;6.0785338e-02;1.3750000e+02;1.3631266e-02;1.3750000e+02;-3.6163613e-02;1.3750000e+02;-8.4587023e-02;1.3750000e+02;-1.3160029e-01;1.3750000e+02;-9.0446971e-02;1.3750000e+02;-9.2090458e-02;1.3750000e+02;-7.5718798e-02;1.3750000e+02;-4.1286498e-02;1.3750000e+02;1.2253679e-02;1.3750000e+02;8.8006519e-02;1.3750000e+02;1.6397187e-01;1.3750000e+02;1.9565687e-01;1.3750000e+02;1.8507363e-01;1.3750000e+02;1.7423315e-01;1.3750000e+02;1.8123278e-01;1.3750000e+02;1.5053669e-01;1.3750000e+02;1.0768731e-01;1.3750000e+02;6.0785338e-02;1.3750000e+02;1.3631266e-02;1.3750000e+02;-3.6163613e-02;1.3750000e+02;-8.4587023e-02;1.3750000e+02;-1.3160029e-01;1.3750000e+02;-9.0446971e-02;1.3750000e+02;-9.2090458e-02;1.3750000e+02;-7.5718798e-02;1.3750000e+02;-4.1286498e-02;1.3750000e+02;1.2253679e-02;1.3750000e+02;8.8006519e-02;1.3750000e+02;1.6397187e-01;1.3750000e+02;1.9565687e-01;1.3750000e+02;1.8507363e-01;1.3750000e+02;1.7423315e-01;1.3750000e+02;1.8123278e-01;1.3750000e+02;1.5053669e-01;1.3750000e+02;1.0768731e-01;1.3750000e+02;6.0785338e-02;1.3750000e+02;1.3631266e-02;1.3750000e+02;-3.6163613e-02;1.3750000e+02;-8.4587023e-02;1.3750000e+02;-1.3160029e-01;1.3750000e+02;-9.0446971e-02;1.3750000e+02;-9.2090458e-02;1.3750000e+02;-7.5718798e-02;1.3750000e+02;-4.1286498e-02;1.3750000e+02;1.2253679e-02;1.3750000e+02;8.8006519e-02;1.3750000e+02;1.6397187e-01;1.3750000e+02;1.9565687e-01;1.3750000e+02;1.8507363e-01;1.3750000e+02;1.7423315e-01;1.3750000e+02;1.8123278e-01;1.3750000e+02;1.5053669e-01;1.3750000e+02;1.0768731e-01;1.3750000e+02;6.0785338e-02;1.3750000e+02;1.3631266e-02;1.3750000e+02;-3.6163613e-02;1.3750000e+02;-8.4587023e-02;1.3750000e+02;-1.3160029e-01;1.3750000e+02;-9.0446971e-02;1.3750000e+02;-9.2090458e-02;1.3750000e+02;-7.5718798e-02;1.3750000e+02;-4.1286498e-02;1.3750000e+02;1.2253679e-02;1.3750000e+02;8.8006519e-02;1.3750000e+02;1.6397187e-01;1.3750000e+02;1.9565687e-01;1.3750000e+02;1.8507363e-01;1.3750000e+02;1.7423315e-01;1.3750000e+02;1.8123278e-01;1.3750000e+02;1.5053669e-01;1.3750000e+02;1.0768731e-01;1.3750000e+02;6.0785338e-02;1.3750000e+02;1.3631266e-02;1.3750000e+02;-3.6163613e-02;1.3750000e+02;-8.4587023e-02;1.3750000e+02;-1.3160029e-01;1.3750000e+02;-9.0446971e-02;1.3750000e+02;-9.2090458e-02;1.3750000e+02;-7.5718798e-02;1.3750000e+02;-4.1286498e-02;1.3750000e+02;1.2253679e-02;1.3750000e+02;8.8006519e-02;1.3750000e+02;1.6397187e-01;1.3750000e+02;1.9565687e-01;1.3750000e+02;1.8507363e-01;1.3750000e+02;1.7423315e-01;1.3750000e+02;1.8123278e-01;1.3750000e+02;1.5053669e-01;1.3750000e+02;1.0768731e-01;1.3750000e+02;6.0785338e-02;1.3750000e+02;1.3631266e-02;1.3750000e+02;-3.6163613e-02;1.3750000e+02;-8.4587023e-02;1.3750000e+02;-1.3160029e-01;1.3750000e+02;-9.0446971e-02;1.3750000e+02;-9.2090458e-02;1.3750000e+02;-7.5718798e-02;1.3750000e+02;-4.1286498e-02;1.3750000e+02;1.2253679e-02;1.3750000e+02;8.8006519e-02;1.3750000e+02;1.6397187e-01;1.3750000e+02;1.9565687e-01;1.3750000e+02;1.8507363e-01;1.3750000e+02;1.7423315e-01;1.3750000e+02;1.8123278e-01;1.3750000e+02;1.5053669e-01;1.3750000e+02;1.0768731e-01;1.3750000e+02;6.0785338e-02;1.3750000e+02;1.3631266e-02;1.3750000e+02;-3.6163613e-02;1.3750000e+02;-8.4587023e-02;1.3750000e+02;-1.3160029e-01;1.3750000e+02;-9.0446971e-02;1.3750000e+02;-9.2090458e-02;1.3750000e+02;-7.5718798e-02;1.3750000e+02;-4.1286498e-02;1.3750000e+02;1.2253679e-02;1.3750000e+02;8.8006519e-02;1.3750000e+02;1.6397187e-01;1.3750000e+02;1.9565687e-01;1.3750000e+02;1.8507363e-01;1.3750000e+02;1.7423315e-01;1.3750000e+02;1.8123278e-01;1.3750000e+02;1.5053669e-01;1.3750000e+02;1.0768731e-01;1.3750000e+02;6.0785338e-02;1.3750000e+02;1.3631266e-02;1.3750000e+02;-3.6163613e-02;1.3750000e+02;-8.4587023e-02;1.3750000e+02;-1.3160029e-01;1.3750000e+02;-9.0446971e-02;1.3750000e+02;-9.2090458e-02;1.3750000e+02;-7.5718798e-02;1.3750000e+02;-4.1286498e-02;1.3750000e+02;1.2253679e-02;1.3750000e+02;8.8006519e-02;1.3750000e+02;1.6397187e-01;1.3750000e+02;1.9565687e-01;1.3750000e+02;1.8507363e-01;1.3750000e+02;1.7423315e-01;1.3750000e+02;1.8123278e-01;1.3750000e+02;1.5053669e-01;1.3750000e+02;1.0768731e-01;1.3750000e+02;6.0785338e-02;1.3750000e+02;1.3631266e-02;1.3750000e+02;-3.6163613e-02;1.3750000e+02;-8.4587023e-02;1.3750000e+02;-1.3160029e-01
1.4250000e+02;-8.9132637e-02;1.4250000e+02;-8.3258443e-02;1.4250000e+02;-5.5649597e-02;1.4250000e+02;-1.2554280e-02;1.4250000e+02;4.8490014e-02;1.4250000e+02;1.2889554e-01;1.4250000e+02;1.9767451e-01;1.4250000e+02;2.1625596e-01;1.4250000e+02;1.9266149e-01;1.4250000e+02;1.7352949e-01;1.4250000e+02;1.7777418e-01;1.4250000e+02;1.5237752e-01;1.4250000e+02;1.1138207e-01;1.4250000e+02;6.5690808e-02;1.4250000e+02;1.8445879e-02;1.4250000e+02;-3.0296246e-02;1.4250000e+02;-7.8476518e-02;1.4250000e+02;-1.2609315e-01;1.4250000e+02;-8.9132637e-02;1.4250000e+02;-8.3258443e-02;1.4250000e+02;-5.5649597e-02;1.4250000e+02;-1.2554280e-02;1.4250000e+02;4.8490014e-02;1.4250000e+02;1.2889554e-01;1.4250000e+02;1.9767451e-01;1.4250000e+02;2.1625596e-01;1.4250000e+02;1.9266149e-01;1.4250000e+02;1.7352949e-01;1.4250000e+02;1.7777418e-01;1.4250000e+02;1.5237752e-01;1.4250000e+02;1.1138207e-01;1.4250000e+02;6.5690808e-02;1.4250000e+02;1.8445879e-02;1.4250000e+02;-3.0296246e-02;1.4250000e+02;-7.8476518e-02;1.4250000e+02;-1.2609315e-01;1.4250000e+02;-8.9132637e-02;1.4250000e+02;-8.3258443e-02;1.4250000e+02;-5.5649597e-02;1.4250000e+02;-1.2554280e-02;1.4250000e+02;4.8490014e-02;1.4250000e+02;1.2889554e-01;1.4250000e+02;1.9767451e-01;1.4250000e+02;2.1625596e-01;1.4250000e+02;1.9266149e-01;1.4250000e+02;1.7352949e-01;1.4250000e+02;1.7777418e-01;1.4250000e+02;1.5237752e-01;1.4250000e+02;1.1138207e-01;1.4250000e+02;6.5690808e-02;1.4250000e+02;1.8445879e-02;1.4250000e+02;-3.0296246e-02;1.4250000e+02;-7.8476518e-02;1.4250000e+02;-1.2609315e-01;1.4250000e+02;-8.9132637e-02;1.4250000e+02;-8.3258443e-02;1.4250000e+02;-5.5649597e-02;1.4250000e+02;-1.2554280e-02;1.4250000e+02;4.8490014e-02;1.4250000e+02;1.2889554e-01;1.4250000e+02;1.9767451e-01;1.4250000e+02;2.1625596e-01;1.4250000e+02;1.9266149e-01;1.4250000e+02;1.7352949e-01;1.4250000e+02;1.7777418e-01;1.4250000e+02;1.5237752e-01;1.4250000e+02;1.1138207e-01;1.4250000e+02;6.5690808e-02;1.4250000e+02;1.8445879e-02;1.4250000e+02;-3.0296246e-02;1.4250000e+02;-7.8476518e-02;1.4250000e+02;-1.2609315e-01;1.4250000e+02;-8.9132637e-02;1.4250000e+02;-8.3258443e-02;1.4250000e+02;-5.5649597e-02;1.4250000e+02;-1.2554280e-02;1.4250000e+02;4.8490014e-02;1.4250000e+02;1.2889554e-01;1.4250000e+02;1.9767451e-01;1.4250000e+02;2.1625596e-01;1.4250000e+02;1.9266149e-01;1.4250000e+02;1.7352949e-01;1.4250000e+02;1.7777418e-01;1.4250000e+02;1.5237752e-01;1.4250000e+02;1.1138207e-01;1.4250000e+02;6.5690808e-02;1.4250000e+02;1.8445879e-02;1.4250000e+02;-3.0296246e-02;1.4250000e+02;-7.8476518e-02;1.4250000e+02;-1.2609315e-01;1.4250000e+02;-8.9132637e-02;1.4250000e+02;-8.3258443e-02;1.4250000e+02;-5.5649597e-02;1.4250000e+02;-1.2554280e-02;1.4250000e+02;4.8490014e-02;1.4250000e+02;1.2889554e-01;1.4250000e+02;1.9767451e-01;1.4250000e+02;2.1625596e-01;1.4250000e+02;1.9266149e-01;1.4250000e+02;1.7352949e-01;1.4250000e+02;1.7777418e-01;1.4250000e+02;1.5237752e-01;1.4250000e+02;1.1138207e-01;1.4250000e+02;6.5690808e-02;1.4250000e+02;1.8445879e-02;1.4250000e+02;-3.0296246e-02;1.4250000e+02;-7.8476518e-02;1.4250000e+02;-1.2609315e-01;1.4250000e+02;-8.9132637e-02;1.4250000e+02;-8.3258443e-02;1.4250000e+02;-5.5649597e-02;1.4250000e+02;-1.2554280e-02;1.4250000e+02;4.8490014e-02;1.4250000e+02;1.2889554e-01;1.4250000e+02;1.9767451e-01;1.4250000e+02;2.1625596e-01;1.4250000e+02;1.9266149e-01;1.4250000e+02;1.7352949e-01;1.4250000e+02;1.7777418e-01;1.4250000e+02;1.5237752e-01;1.4250000e+02;1.1138207e-01;1.4250000e+02;6.5690808e-02;1.4250000e+02;1.8445879e-02;1.4250000e+02;-3.0296246e-02;1.4250000e+02;-7.8476518e-02;1.4250000e+02;-1.2609315e-01;1.4250000e+02;-8.9132637e-02;1.4250000e+02;-8.3258443e-02;1.4250000e+02;-5.5649597e-02;1.4250000e+02;-1.2554280e-02;1.4250000e+02;4.8490014e-02;1.4250000e+02;1.2889554e-01;1.4250000e+02;1.9767451e-01;1.4250000e+02;2.1625596e-01;1.4250000e+02;1.9266149e-01;1.4250000e+02;1.7352949e-01;1.4250000e+02;1.7777418e-01;1.4250000e+02;1.5237752e-01;1.4250000e+02;1.1138207e-01;1.4250000e+02;6.5690808e-02;1.4250000e+02;1.8445879e-02;1.4250000e+02;-3.0296246e-02;1.4250000e+02;-7.8476518e-02;1.4250000e+02;-1.2609315e-01;1.4250000e+02;-8.9132637e-02;1.4250000e+02;-8.3258443e-02;1.4250000e+02;-5.5649597e-02;1.4250000e+02;-1.2554280e-02;1.4250000e+02;4.8490014e-02;1.4250000e+02;1.2889554e-01;1.4250000e+02;1.9767451e-01;1.4250000e+02;2.1625596e-01;1.4250000e+02;1.9266149e-01;1.4250000e+02;1.7352949e-01;1.4250000e+02;1.7777418e-01;1.4250000e+02;1.5237752e-01;1.4250000e+02;1.1138207e-01;1.4250000e+02;6.5690808e-02;1.4250000e+02;1.8445879e-02;1.4250000e+02;-3.0296246e-02;1.4250000e+02;-7.8476518e-02;1.4250000e+02;-1.2609315e-01;1.4250000e+02;-8.9132637e-02;1.4250000e+02;-8.3258443e-02;1.4250000e+02;-5.5649597e-02;1.4250000e+02;-1.2554280e-02;1.4250000e+02;4.8490014e-02;1.4250000e+02;1.2889554e-01;1.4250000e+02;1.9767451e-01;1.4250000e+02;2.1625596e-01;1.4250000e+02;1.9266149e-01;1.4250000e+02;1.7352949e-01;1.4250000e+02;1.7777418e-01;1.4250000e+02;1.5237752e-01;1.4250000e+02;1.1138207e-01;1.4250000e+02;6.5690808e-02;1.4250000e+02;1.8445879e-02;1.4250000e+02;-3.0296246e-02;1.4250000e+02;-7.8476518e-02;1.4250000e+02;-1.2609315e-01;1.4250000e+02;-8.9132637e-02;1.4250000e+02;-8.3258443e-02;1.4250000e+02;-5.5649597e-02;1.4250000e+02;-1.2554280e-02;1.4250000e+02;4.8490014e-02;1.4250000e+02;1.2889554e-01;1.4250000e+02;1.9767451e-01;1.4250000e+02;2.1625596e-01;1.4250000e+02;1.9266149e-01;1.4250000e+02;1.7352949e-01;1.4250000e+02;1.7777418e-01;1.4250000e+02;1.5237752e-01;1.4250000e+02;1.1138207e-01;1.4250000e+02;6.5690808e-02;1.4250000e+02;1.8445879e-02;1.4250000e+02;-3.0296246e-02;1.4250000e+02;-7.8476518e-02;1.4250000e+02;-1.2609315e-01;1.4250000e+02;-8.9132637e-02;1.4250000e+02;-8.3258443e-02;1.4250000e+02;-5.5649597e-02;1.4250000e+02;-1.2554280e-02;1.4250000e+02;4.8490014e-02;1.4250000e+02;1.2889554e-01;1.4250000e+02;1.9767451e-01;1.4250000e+02;2.1625596e-01;1.4250000e+02;1.9266149e-01;1.4250000e+02;1.7352949e-01;1.4250000e+02;1.7777418e-01;1.4250000e+02;1.5237752e-01;1.4250000e+02;1.1138207e-01;1.4250000e+02;6.5690808e-02;1.4250000e+02;1.8445879e-02;1.4250000e+02;-3.0296246e-02;1.4250000e+02;-7.8476518e-02;1.4250000e+02;-1.2609315e-01;1.4250000e+02;-8.9132637e-02;1.4250000e+02;-8.3258443e-02;1.4250000e+02;-5.5649597e-02;1.4250000e+02;-1.2554280e-02;1.4250000e+02;4.8490014e-02;1.4250000e+02;1.2889554e-01;1.4250000e+02;1.9767451e-01;1.4250000e+02;2.1625596e-01;1.4250000e+02;1.9266149e-01;1.4250000e+02;1.7352949e-01;1.4250000e+02;1.7777418e-01;1.4250000e+02;1.5237752e-01;1.4250000e+02;1.1138207e-01;1.4250000e+02;6.5690808e-02;1.4250000e+02;1.8445879e-02;1.4250000e+02;-3.0296246e-02;1.4250000e+02;-7.8476518e-02;1.4250000e+02;-1.2609315e-01;1.4250000e+02;-8.9132637e-02;1.4250000e+02;-8.3258443e-02;1.4250000e+02;-5.5649597e-02;1.4250000e+02;-1.2554280e-02;1.4250000e+02;4.8490014e-02;1.4250000e+02;1.2889554e-01;1.4250000e+02;1.9767451e-01;1.4250000e+02;2.1625596e-01;1.4250000e+02;1.9266149e-01;1.4250000e+02;1.7352949e-01;1.4250000e+02;1.7777418e-01;1.4250000e+02;1.5237752e-01;1.4250000e+02;1.1138207e-01;1.4250000e+02;6.5690808e-02;1.4250000e+02;1.8445879e-02;1.4250000e+02;-3.0296246e-02;1.4250000e+02;-7.8476518e-02;1.4250000e+02;-1.2609315e-01;1.4250000e+02;-8.9132637e-02;1.4250000e+02;-8.3258443e-02;1.4250000e+02;-5.5649597e-02;1.4250000e+02;-1.2554280e-02;1.4250000e+02;4.8490014e-02;1.4250000e+02;1.2889554e-01;1.4250000e+02;1.9767451e-01;1.4250000e+02;2.1625596e-01;1.4250000e+02;1.9266149e-01;1.4250000e+02;1.7352949e-01;1.4250000e+02;1.7777418e-01;1.4250000e+02;1.5237752e-01;1.4250000e+02;1.1138207e-01;1.4250000e+02;6.5690808e-02;1.4250000e+02;1.8445879e-02;1.4250000e+02;-3.0296246e-02;1.4250000e+02;-7.8476518e-02;1.4250000e+02;-1.2609315e-01;1.4250000e+02;-8.9132637e-02;1.4250000e+02;-8.3258443e-02;1.4250000e+02;-5.5649597e-02;1.4250000e+02;-1.2554280e-02;1.4250000e+02;4.8490014e-02;1.4250000e+02;1.2889554e-01;1.4250000e+02;1.9767451e-01;1.4250000e+02;2.1625596e-01;1.4250000e+02;1.9266149e-01;1.4250000e+02;1.7352949e-01;1.4250000e+02;1.7777418e-01;1.4250000e+02;1.5237752e-01;1.4250000e+02;1.1138207e-01;1.4250000e+02;6.5690808e-02;1.4250000e+02;1.8445879e-02;1.4250000e+02;-3.0296246e-02;1.4250000e+02;-7.8476518e-02;1.4250000e+02;-1.2609315e-01;1.4250000e+02;-8.9132637e-02;1.4250000e+02;-8.3258443e-02;1.4250000e+02;-5.5649597e-02;1.4250000e+02;-1.2554280e-02;1.4250000e+02;4.8490014e-02;1.4250000e+02;1.2889554e-01;1.4250000e+02;1.9767451e-01;1.4250000e+02;2.1625596e-01;1.4250000e+02;1.9266149e-01;1.4250000e+02;1.7352949e-01;1.4250000e+02;1.7777418e-01;1.4250000e+02;1.5237752e-01;1.4250000e+02;1.1138207e-01;1.4250000e+02;6.5690808e-02;1.4250000e+02;1.8445879e-02;1.4250000e+02;-3.0296246e-02;1.4250000e+02;-7.8476518e-02;1.4250000e+02;-1.2609315e-01;1.4250000e+02;-8.9132637e-02;1.4250000e+02;-8.3258443e-02;1.4250000e+02;-5.5649597e-02;1.4250000e+02;-1.2554280e-02;1.4250000e+02;4.8490014e-02;1.4250000e+02;1.2889554e-01;1.4250000e+02;1.9767451e-01;1.4250000e+02;2.1625596e-01;1.4250000e+02;1.9266149e-01;1.4250000e+02;1.7352949e-01;1.4250000e+02;1.7777418e-01;1.4250000e+02;1.5237752e-01;1.4250000e+02;1.1138207e-01;1.4250000e+02;6.5690808e-02;1.4250000e+02;1.8445879e-02;1.4250000e+02;-3.0296246e-02;1.4250000e+02;-7.8476518e-02;1.4250000e+02;-1.2609315e-01;1.4250000e+02;-8.9132637e-02;1.4250000e+02;-8.3258443e-02;1.4250000e+02;-5.5649597e-02;1.4250000e+02;-1.2554280e-02;1.4250000e+02;4.8490014e-02;1.4250000e+02;1.2889554e-01;1.4250000e+02;1.9767451e-01;1.4250000e+02;2.1625596e-01;1.4250000e+02;1.9266149e-01;1.4250000e+02;1.7352949e-01;1.4250000e+02;1.7777418e-01;1.4250000e+02;1.5237752e-01;1.4250000e+02;1.1138207e-01;1.4250000e+02;6.5690808e-02;1.4250000e+02;1.8445879e-02;1.4250000e+02;-3.0296246e-02;1.4250000e+02;-7.8476518e-02;1.4250000e+02;-1.2609315e-01;1.4250000e+02;-8.9132637e-02;1.4250000e+02;-8.3258443e-02;1.4250000e+02;-5.5649597e-02;1.4250000e+02;-1.2554280e-02;1.4250000e+02;4.8490014e-02;1.4250000e+02;1.2889554e-01;1.4250000e+02;1.9767451e-01;1.4250000e+02;2.1625596e-01;1.4250000e+02;1.9266149e-01;1.4250000e+02;1.7352949e-01;1.4250000e+02;1.7777418e-01;1.4250000e+02;1.5237752e-01;1.4250000e+02;1.1138207e-01;1.4250000e+02;6.5690808e-02;1.4250000e+02;1.8445879e-02;1.4250000e+02;-3.0296246e-02;1.4250000e+02;-7.8476518e-02;1.4250000e+02;-1.2609315e-01;1.4250000e+02;-8.9132637e-02;1.4250000e+02;-8.3258443e-02;1.4250000e+02;-5.5649597e-02;1.4250000e+02;-1.2554280e-02;1.4250000e+02;4.8490014e-02;1.4250000e+02;1.2889554e-01;1.4250000e+02;1.9767451e-01;1.4250000e+02;2.1625596e-01;1.4250000e+02;1.9266149e-01;1.4250000e+02;1.7352949e-01;1.4250000e+02;1.7777418e-01;1.4250000e+02;1.5237752e-01;1.4250000e+02;1.1138207e-01;1.4250000e+02;6.5690808e-02;1.4250000e+02;1.8445879e-02;1.4250000e+02;-3.0296246e-02;1.4250000e+02;-7.8476518e-02;1.4250000e+02;-1.2609315e-01;1.4250000e+02;-8.9132637e-02;1.4250000e+02;-8.3258443e-02;1.4250000e+02;-5.5649597e-02;1.4250000e+02;-1.2554280e-02;1.4250000e+02;4.8490014e-02;1.4250000e+02;1.2889554e-01;1.4250000e+02;1.9767451e-01;1.4250000e+02;2.1625596e-01;1.4250000e+02;1.9266149e-01;1.4250000e+02;1.7352949e-01;1.4250000e+02;1.7777418e-01;1.4250000e+02;1.5237752e-01;1.4250000e+02;1.1138207e-01;1.4250000e+02;6.5690808e-02;1.4250000e+02;1.8445879e-02;1.4250000e+02;-3.0296246e-02;1.4250000e+02;-7.8476518e-02;1.4250000e+02;-1.2609315e-01;1.4250000e+02;-8.9132637e-02;1.4250000e+02;-8.3258443e-02;1.4250000e+02;-5.5649597e-02;1.4250000e+02;-1.2554280e-02;1.4250000e+02;4.8490014e-02;1.4250000e+02;1.2889554e-01;1.4250000e+02;1.9767451e-01;1.4250000e+02;2.1625596e-01;1.4250000e+02;1.9266149e-01;1.4250000e+02;1.7352949e-01;1.4250000e+02;1.7777418e-01;1.4250000e+02;1.5237752e-01;1.4250000e+02;1.1138207e-01;1.4250000e+02;6.5690808e-02;1.4250000e+02;1.8445879e-02;1.4250000e+02;-3.0296246e-02;1.4250000e+02;-7.8476518e-02;1.4250000e+02;-1.2609315e-01;1.4250000e+02;-8.9132637e-02;1.4250000e+02;-8.3258443e-02;1.4250000e+02;-5.5649597e-02;1.4250000e+02;-1.2554280e-02;1.4250000e+02;4.8490014e-02;1.4250000e+02;1.2889554e-01;1.4250000e+02;1.9767451e-01;1.4250000e+02;2.1625596e-01;1.4250000e+02;1.9266149e-01;1.4250000e+02;1.7352949e-01;1.4250000e+02;1.7777418e-01;1.4250000e+02;1.5237752e-01;1.4250000e+02;1.1138207e-01;1.4250000e+02;6.5690808e-02;1.4250000e+02;1.8445879e-02;1.4250000e+02;-3.0296246e-02;1.4250000e+02;-7.8476518e-02;1.4250000e+02;-1.2609315e-01;1.4250000e+02;-8.9132637e-02;1.4250000e+02;-8.3258443e-02;1.4250000e+02;-5.5649597e-02;1.4250000e+02;-1.2554280e-02;1.4250000e+02;4.8490014e-02;1.4250000e+02;1.2889554e-01;1.4250000e+02;1.9767451e-01;1.4250000e+02;2.1625596e-01;1.4250000e+02;1.9266149e-01;1.4250000e+02;1.7352949e-01;1.4250000e+02;1.7777418e-01;1.4250000e+02;1.5237752e-01;1.4250000e+02;1.1138207e-01;1.4250000e+02;6.5690808e-02;1.4250000e+02;1.8445879e-02;1.4250000e+02;-3.0296246e-02;1.4250000e+02;-7.8476518e-02;1.4250000e+02;-1.2609315e-01;1.4250000e+02;-8.9132637e-02;1.4250000e+02;-8.3258443e-02;1.4250000e+02;-5.5649597e-02;1.4250000e+02;-1.2554280e-02;1.4250000e+02;4.8490014e-02;1.4250000e+02;1.2889554e-01;1.4250000e+02;1.9767451e-01;1.4250000e+02;2.1625596e-01;1.4250000e+02;1.9266149e-01;1.4250000e+02;1.7352949e-01;1.4250000e+02;1.7777418e-01;1.4250000e+02;1.5237752e-01;1.4250000e+02;1.1138207e-01;1.4250000e+02;6.5690808e-02;1.4250000e+02;1.8445879e-02;1.4250000e+02;-3.0296246e-02;1.4250000e+02;-7.8476518e-02;1.4250000e+02;-1.2609315e-01;1.4250000e+02;-8.9132637e-02;1.4250000e+02;-8.3258443e-02;1.4250000e+02;-5.5649597e-02;1.4250000e+02;-1.2554280e-02;1.4250000e+02;4.8490014e-02;1.4250000e+02;1.2889554e-01;1.4250000e+02;1.9767451e-01;1.4250000e+02;2.1625596e-01;1.4250000e+02;1.9266149e-01;1.4250000e+02;1.7352949e-01;1.4250000e+02;1.7777418e-01;1.4250000e+02;1.5237752e-01;1.4250000e+02;1.1138207e-01;1.4250000e+02;6.5690808e-02;1.4250000e+02;1.8445879e-02;1.4250000e+02;-3.0296246e-02;1.4250000e+02;-7.8476518e-02;1.4250000e+02;-1.2609315e-01;1.4250000e+02;-8.9132637e-02;1.4250000e+02;-8.3258443e-02;1.4250000e+02;-5.5649597e-02;1.4250000e+02;-1.2554280e-02;1.4250000e+02;4.8490014e-02;1.4250000e+02;1.2889554e-01;1.4250000e+02;1.9767451e-01;1.4250000e+02;2.1625596e-01;1.4250000e+02;1.9266149e-01;1.4250000e+02;1.7352949e-01;1.4250000e+02;1.7777418e-01;1.4250000e+02;1.5237752e-01;1.4250000e+02;1.1138207e-01;1.4250000e+02;6.5690808e-02;1.4250000e+02;1.8445879e-02;1.4250000e+02;-3.0296246e-02;1.4250000e+02;-7.8476518e-02;1.4250000e+02;-1.2609315e-01;1.4250000e+02;-8.9132637e-02;1.4250000e+02;-8.3258443e-02;1.4250000e+02;-5.5649597e-02;1.4250000e+02;-1.2554280e-02;1.4250000e+02;4.8490014e-02;1.4250000e+02;1.2889554e-01;1.4250000e+02;1.9767451e-01;1.4250000e+02;2.1625596e-01;1.4250000e+02;1.9266149e-01;1.4250000e+02;1.7352949e-01;1.4250000e+02;1.7777418e-01;1.4250000e+02;1.5237752e-01;1.4250000e+02;1.1138207e-01;1.4250000e+02;6.5690808e-02;1.4250000e+02;1.8445879e-02;1.4250000e+02;-3.0296246e-02;1.4250000e+02;-7.8476518e-02;1.4250000e+02;-1.2609315e-01;1.4250000e+02;-8.9132637e-02;1.4250000e+02;-8.3258443e-02;1.4250000e+02;-5.5649597e-02;1.4250000e+02;-1.2554280e-02;1.4250000e+02;4.8490014e-02;1.4250000e+02;1.2889554e-01;1.4250000e+02;1.9767451e-01;1.4250000e+02;2.1625596e-01;1.4250000e+02;1.9266149e-01;1.4250000e+02;1.7352949e-01;1.4250000e+02;1.7777418e-01;1.4250000e+02;1.5237752e-01;1.4250000e+02;1.1138207e-01;1.4250000e+02;6.5690808e-02;1.4250000e+02;1.8445879e-02;1.4250000e+02;-3.0296246e-02;1.4250000e+02;-7.8476518e-02;1.4250000e+02;-1.2609315e-01;1.4250000e+02;-8.9132637e-02;1.4250000e+02;-8.3258443e-02;1.4250000e+02;-5.5649597e-02;1.4250000e+02;-1.2554280e-02;1.4250000e+02;4.8490014e-02;1.4250000e+02;1.2889554e-01;1.4250000e+02;1.9767451e-01;1.4250000e+02;2.1625596e-01;1.4250000e+02;1.9266149e-01;1.4250000e+02;1.7352949e-01;1.4250000e+02;1.7777418e-01;1.4250000e+02;1.5237752e-01;1.4250000e+02;1.1138207e-01;1.4250000e+02;6.5690808e-02;1.4250000e+02;1.8445879e-02;1.4250000e+02;-3.0296246e-02;1.4250000e+02;-7.8476518e-02;1.4250000e+02;-1.2609315e-01;1.4250000e+02;-8.9132637e-02;1.4250000e+02;-8.3258443e-02;1.4250000e+02;-5.5649597e-02;1.4250000e+02;-1.2554280e-02;1.4250000e+02;4.8490014e-02;1.4250000e+02;1.2889554e-01;1.4250000e+02;1.9767451e-01;1.4250000e+02;2.1625596e-01;1.4250000e+02;1.9266149e-01;1.4250000e+02;1.7352949e-01;1.4250000e+02;1.7777418e-01;1.4250000e+02;1.5237752e-01;1.4250000e+02;1.1138207e-01;1.4250000e+02;6.5690808e-02;1.4250000e+02;1.8445879e-02;1.4250000e+02;-3.0296246e-02;1.4250000e+02;-7.8476518e-02;1.4250000e+02;-1.2609315e-01;1.4250000e+02;-8.9132637e-02;1.4250000e+02;-8.3258443e-02;1.4250000e+02;-5.5649597e-02;1.4250000e+02;-1.2554280e-02;1.4250000e+02;4.8490014e-02;1.4250000e+02;1.2889554e-01;1.4250000e+02;1.9767451e-01;1.4250000e+02;2.1625596e-01;1.4250000e+02;1.9266149e-01;1.4250000e+02;1.7352949e-01;1.4250000e+02;1.7777418e-01;1.4250000e+02;1.5237752e-01;1.4250000e+02;1.1138207e-01;1.4250000e+02;6.5690808e-02;1.4250000e+02;1.8445879e-02;1.4250000e+02;-3.0296246e-02;1.4250000e+02;-7.8476518e-02;1.4250000e+02;-1.2609315e-01;1.4250000e+02;-8.9132637e-02;1.4250000e+02;-8.3258443e-02;1.4250000e+02;-5.5649597e-02;1.4250000e+02;-1.2554280e-02;1.4250000e+02;4.8490014e-02;1.4250000e+02;1.2889554e-01;1.4250000e+02;1.9767451e-01;1.4250000e+02;2.1625596e-01;1.4250000e+02;1.9266149e-01;1.4250000e+02;1.7352949e-01;1.4250000e+02;1.7777418e-01;1.4250000e+02;1.5237752e-01;1.4250000e+02;1.1138207e-01;1.4250000e+02;6.5690808e-02;1.4250000e+02;1.8445879e-02;1.4250000e+02;-3.0296246e-02;1.4250000e+02;-7.8476518e-02;1.4250000e+02;-1.2609315e-01;1.4250000e+02;-8.9132637e-02;1.4250000e+02;-8.3258443e-02;1.4250000e+02;-5.5649597e-02;1.4250000e+02;-1.2554280e-02;1.4250000e+02;4.8490014e-02;1.4250000e+02;1.2889554e-01;1.4250000e+02;1.9767451e-01;1.4250000e+02;2.1625596e-01;1.4250000e+02;1.9266149e-01;1.4250000e+02;1.7352949e-01;1.4250000e+02;1.7777418e-01;1.4250000e+02;1.5237752e-01;1.4250000e+02;1.1138207e-01;1.4250000e+02;6.5690808e-02;1.4250000e+02;1.8445879e-02;1.4250000e+02;-3.0296246e-02;1.4250000e+02;-7.8476518e-02;1.4250000e+02;-1.2609315e-01;1.4250000e+02;-8.9132637e-02;1.4250000e+02;-8.3258443e-02;1.4250000e+02;-5.5649597e-02;1.4250000e+02;-1.2554280e-02;1.4250000e+02;4.8490014e-02;1.4250000e+02;1.2889554e-01;1.4250000e+02;1.9767451e-01;1.4250000e+02;2.1625596e-01;1.4250000e+02;1.9266149e-01;1.4250000e+02;1.7352949e-01;1.4250000e+02;1.7777418e-01;1.4250000e+02;1.5237752e-01;1.4250000e+02;1.1138207e-01;1.4250000e+02;6.5690808e-02;1.4250000e+02;1.8445879e-02;1.4250000e+02;-3.0296246e-02;1.4250000e+02;-7.8476518e-02;1.4250000e+02;-1.2609315e-01;1.4250000e+02;-8.9132637e-02;1.4250000e+02;-8.3258443e-02;1.4250000e+02;-5.5649597e-02;1.4250000e+02;-1.2554280e-02;1.4250000e+02;4.8490014e-02;1.4250000e+02;1.2889554e-01;1.4250000e+02;1.9767451e-01;1.4250000e+02;2.1625596e-01;1.4250000e+02;1.9266149e-01;1.4250000e+02;1.7352949e-01;1.4250000e+02;1.7777418e-01;1.4250000e+02;1.5237752e-01;1.4250000e+02;1.1138207e-01;1.4250000e+02;6.5690808e-02;1.4250000e+02;1.8445879e-02;1.4250000e+02;-3.0296246e-02;1.4250000e+02;-7.8476518e-02;1.4250000e+02;-1.2609315e-01;1.4250000e+02;-8.9132637e-02;1.4250000e+02;-8.3258443e-02;1.4250000e+02;-5.5649597e-02;1.4250000e+02;-1.2554280e-02;1.4250000e+02;4.8490014e-02;1.4250000e+02;1.2889554e-01;1.4250000e+02;1.9767451e-01;1.4250000e+02;2.1625596e-01;1.4250000e+02;1.9266149e-01;1.4250000e+02;1.7352949e-01;1.4250000e+02;1.7777418e-01;1.4250000e+02;1.5237752e-01;1.4250000e+02;1.1138207e-01;1.4250000e+02;6.5690808e-02;1.4250000e+02;1.8445879e-02;1.4250000e+02;-3.0296246e-02;1.4250000e+02;-7.8476518e-02;1.4250000e+02;-1.2609315e-01;1.4250000e+02;-8.9132637e-02;1.4250000e+02;-8.3258443e-02;1.4250000e+02;-5.5649597e-02;1.4250000e+02;-1.2554280e-02;1.4250000e+02;4.8490014e-02;1.4250000e+02;1.2889554e-01;1.4250000e+02;1.9767451e-01;1.4250000e+02;2.1625596e-01;1.4250000e+02;1.9266149e-01;1.4250000e+02;1.7352949e-01;1.4250000e+02;1.7777418e-01;1.4250000e+02;1.5237752e-01;1.4250000e+02;1.1138207e-01;1.4250000e+02;6.5690808e-02;1.4250000e+02;1.8445879e-02;1.4250000e+02;-3.0296246e-02;1.4250000e+02;-7.8476518e-02;1.4250000e+02;-1.2609315e-01;1.4250000e+02;-8.9132637e-02;1.4250000e+02;-8.3258443e-02;1.4250000e+02;-5.5649597e-02;1.4250000e+02;-1.2554280e-02;1.4250000e+02;4.8490014e-02;1.4250000e+02;1.2889554e-01;1.4250000e+02;1.9767451e-01;1.4250000e+02;2.1625596e-01;1.4250000e+02;1.9266149e-01;1.4250000e+02;1.7352949e-01;1.4250000e+02;1.7777418e-01;1.4250000e+02;1.5237752e-01;1.4250000e+02;1.1138207e-01;1.4250000e+02;6.5690808e-02;1.4250000e+02;1.8445879e-02;1.4250000e+02;-3.0296246e-02;1.4250000e+02;-7.8476518e-02;1.4250000e+02;-1.2609315e-01;1.4250000e+02;-8.9132637e-02;1.4250000e+02;-8.3258443e-02;1.4250000e+02;-5.5649597e-02;1.4250000e+02;-1.2554280e-02;1.4250000e+02;4.8490014e-02;1.4250000e+02;1.2889554e-01;1.4250000e+02;1.9767451e-01;1.4250000e+02;2.1625596e-01;1.4250000e+02;1.9266149e-01;1.4250000e+02;1.7352949e-01;1.4250000e+02;1.7777418e-01;1.4250000e+02;1.5237752e-01;1.4250000e+02;1.1138207e-01;1.4250000e+02;6.5690808e-02;1.4250000e+02;1.8445879e-02;1.4250000e+02;-3.0296246e-02;1.4250000e+02;-7.8476518e-02;1.4250000e+02;-1.2609315e-01;1.4250000e+02;-8.9132637e-02;1.4250000e+02;-8.3258443e-02;1.4250000e+02;-5.5649597e-02;1.4250000e+02;-1.2554280e-02;1.4250000e+02;4.8490014e-02;1.4250000e+02;1.2889554e-01;1.4250000e+02;1.9767451e-01;1.4250000e+02;2.1625596e-01;1.4250000e+02;1.9266149e-01;1.4250000e+02;1.7352949e-01;1.4250000e+02;1.7777418e-01;1.4250000e+02;1.5237752e-01;1.4250000e+02;1.1138207e-01;1.4250000e+02;6.5690808e-02;1.4250000e+02;1.8445879e-02;1.4250000e+02;-3.0296246e-02;1.4250000e+02;-7.8476518e-02;1.4250000e+02;-1.2609315e-01;1.4250000e+02;-8.9132637e-02;1.4250000e+02;-8.3258443e-02;1.4250000e+02;-5.5649597e-02;1.4250000e+02;-1.2554280e-02;1.4250000e+02;4.8490014e-02;1.4250000e+02;1.2889554e-01;1.4250000e+02;1.9767451e-01;1.4250000e+02;2.1625596e-01;1.4250000e+02;1.9266149e-01;1.4250000e+02;1.7352949e-01;1.4250000e+02;1.7777418e-01;1.4250000e+02;1.5237752e-01;1.4250000e+02;1.1138207e-01;1.4250000e+02;6.5690808e-02;1.4250000e+02;1.8445879e-02;1.4250000e+02;-3.0296246e-02;1.4250000e+02;-7.8476518e-02;1.4250000e+02;-1.2609315e-01;1.4250000e+02;-8.9132637e-02;1.4250000e+02;-8.3258443e-02;1.4250000e+02;-5.5649597e-02;1.4250000e+02;-1.2554280e-02;1.4250000e+02;4.8490014e-02;1.4250000e+02;1.2889554e-01;1.4250000e+02;1.9767451e-01;1.4250000e+02;2.1625596e-01;1.4250000e+02;1.9266149e-01;1.4250000e+02;1.7352949e-01;1.4250000e+02;1.7777418e-01;1.4250000e+02;1.5237752e-01;1.4250000e+02;1.1138207e-01;1.4250000e+02;6.5690808e-02;1.4250000e+02;1.8445879e-02;1.4250000e+02;-3.0296246e-02;1.4250000e+02;-7.8476518e-02;1.4250000e+02;-1.2609315e-01;1.4250000e+02;-8.9132637e-02;1.4250000e+02;-8.3258443e-02;1.4250000e+02;-5.5649597e-02;1.4250000e+02;-1.2554280e-02;1.4250000e+02;4.8490014e-02;1.4250000e+02;1.2889554e-01;1.4250000e+02;1.9767451e-01;1.4250000e+02;2.1625596e-01;1.4250000e+02;1.9266149e-01;1.4250000e+02;1.7352949e-01;1.4250000e+02;1.7777418e-01;1.4250000e+02;1.5237752e-01;1.4250000e+02;1.1138207e-01;1.4250000e+02;6.5690808e-02;1.4250000e+02;1.8445879e-02;1.4250000e+02;-3.0296246e-02;1.4250000e+02;-7.8476518e-02;1.4250000e+02;-1.2609315e-01;1.4250000e+02;-8.9132637e-02;1.4250000e+02;-8.3258443e-02;1.4250000e+02;-5.5649597e-02;1.4250000e+02;-1.2554280e-02;1.4250000e+02;4.8490014e-02;1.4250000e+02;1.2889554e-01;1.4250000e+02;1.9767451e-01;1.4250000e+02;2.1625596e-01;1.4250000e+02;1.9266149e-01;1.4250000e+02;1.7352949e-01;1.4250000e+02;1.7777418e-01;1.4250000e+02;1.5237752e-01;1.4250000e+02;1.1138207e-01;1.4250000e+02;6.5690808e-02;1.4250000e+02;1.8445879e-02;1.4250000e+02;-3.0296246e-02;1.4250000e+02;-7.8476518e-02;1.4250000e+02;-1.2609315e-01;1.4250000e+02;-8.9132637e-02;1.4250000e+02;-8.3258443e-02;1.4250000e+02;-5.5649597e-02;1.4250000e+02;-1.2554280e-02;1.4250000e+02;4.8490014e-02;1.4250000e+02;1.2889554e-01;1.4250000e+02;1.9767451e-01;1.4250000e+02;2.1625596e-01;1.4250000e+02;1.9266149e-01;1.4250000e+02;1.7352949e-01;1.4250000e+02;1.7777418e-01;1.4250000e+02;1.5237752e-01;1.4250000e+02;1.1138207e-01;1.4250000e+02;6.5690808e-02;1.4250000e+02;1.8445879e-02;1.4250000e+02;-3.0296246e-02;1.4250000e+02;-7.8476518e-02;1.4250000e+02;-1.2609315e-01;1.4250000e+02;-8.9132637e-02;1.4250000e+02;-8.3258443e-02;1.4250000e+02;-5.5649597e-02;1.4250000e+02;-1.2554280e-02;1.4250000e+02;4.8490014e-02;1.4250000e+02;1.2889554e-01;1.4250000e+02;1.9767451e-01;1.4250000e+02;2.1625596e-01;1.4250000e+02;1.9266149e-01;1.4250000e+02;1.7352949e-01;1.4250000e+02;1.7777418e-01;1.4250000e+02;1.5237752e-01;1.4250000e+02;1.1138207e-01;1.4250000e+02;6.5690808e-02;1.4250000e+02;1.8445879e-02;1.4250000e+02;-3.0296246e-02;1.4250000e+02;-7.8476518e-02;1.4250000e+02;-1.2609315e-01;1.4250000e+02;-8.9132637e-02;1.4250000e+02;-8.3258443e-02;1.4250000e+02;-5.5649597e-02;1.4250000e+02;-1.2554280e-02;1.4250000e+02;4.8490014e-02;1.4250000e+02;1.2889554e-01;1.4250000e+02;1.9767451e-01;1.4250000e+02;2.1625596e-01;1.4250000e+02;1.9266149e-01;1.4250000e+02;1.7352949e-01;1.4250000e+02;1.7777418e-01;1.4250000e+02;1.5237752e-01;1.4250000e+02;1.1138207e-01;1.4250000e+02;6.5690808e-02;1.4250000e+02;1.8445879e-02;1.4250000e+02;-3.0296246e-02;1.4250000e+02;-7.8476518e-02;1.4250000e+02;-1.2609315e-01;1.4250000e+02;-8.9132637e-02;1.4250000e+02;-8.3258443e-02;1.4250000e+02;-5.5649597e-02;1.4250000e+02;-1.2554280e-02;1.4250000e+02;4.8490014e-02;1.4250000e+02;1.2889554e-01;1.4250000e+02;1.9767451e-01;1.4250000e+02;2.1625596e-01;1.4250000e+02;1.9266149e-01;1.4250000e+02;1.7352949e-01;1.4250000e+02;1.7777418e-01;1.4250000e+02;1.5237752e-01;1.4250000e+02;1.1138207e-01;1.4250000e+02;6.5690808e-02;1.4250000e+02;1.8445879e-02;1.4250000e+02;-3.0296246e-02;1.4250000e+02;-7.8476518e-02;1.4250000e+02;-1.2609315e-01;1.4250000e+02;-8.9132637e-02;1.4250000e+02;-8.3258443e-02;1.4250000e+02;-5.5649597e-02;1.4250000e+02;-1.2554280e-02;1.4250000e+02;4.8490014e-02;1.4250000e+02;1.2889554e-01;1.4250000e+02;1.9767451e-01;1.4250000e+02;2.1625596e-01;1.4250000e+02;1.9266149e-01;1.4250000e+02;1.7352949e-01;1.4250000e+02;1.7777418e-01;1.4250000e+02;1.5237752e-01;1.4250000e+02;1.1138207e-01;1.4250000e+02;6.5690808e-02;1.4250000e+02;1.8445879e-02;1.4250000e+02;-3.0296246e-02;1.4250000e+02;-7.8476518e-02;1.4250000e+02;-1.2609315e-01;1.4250000e+02;-8.9132637e-02;1.4250000e+02;-8.3258443e-02;1.4250000e+02;-5.5649597e-02;1.4250000e+02;-1.2554280e-02;1.4250000e+02;4.8490014e-02;1.4250000e+02;1.2889554e-01;1.4250000e+02;1.9767451e-01;1.4250000e+02;2.1625596e-01;1.4250000e+02;1.9266149e-01;1.4250000e+02;1.7352949e-01;1.4250000e+02;1.7777418e-01;1.4250000e+02;1.5237752e-01;1.4250000e+02;1.1138207e-01;1.4250000e+02;6.5690808e-02;1.4250000e+02;1.8445879e-02;1.4250000e+02;-3.0296246e-02;1.4250000e+02;-7.8476518e-02;1.4250000e+02;-1.2609315e-01;1.4250000e+02;-8.9132637e-02;1.4250000e+02;-8.3258443e-02;1.4250000e+02;-5.5649597e-02;1.4250000e+02;-1.2554280e-02;1.4250000e+02;4.8490014e-02;1.4250000e+02;1.2889554e-01;1.4250000e+02;1.9767451e-01;1.4250000e+02;2.1625596e-01;1.4250000e+02;1.9266149e-01;1.4250000e+02;1.7352949e-01;1.4250000e+02;1.7777418e-01;1.4250000e+02;1.5237752e-01;1.4250000e+02;1.1138207e-01;1.4250000e+02;6.5690808e-02;1.4250000e+02;1.8445879e-02;1.4250000e+02;-3.0296246e-02;1.4250000e+02;-7.8476518e-02;1.4250000e+02;-1.2609315e-01;1.4250000e+02;-8.9132637e-02;1.4250000e+02;-8.3258443e-02;1.4250000e+02;-5.5649597e-02;1.4250000e+02;-1.2554280e-02;1.4250000e+02;4.8490014e-02;1.4250000e+02;1.2889554e-01;1.4250000e+02;1.9767451e-01;1.4250000e+02;2.1625596e-01;1.4250000e+02;1.9266149e-01;1.4250000e+02;1.7352949e-01;1.4250000e+02;1.7777418e-01;1.4250000e+02;1.5237752e-01;1.4250000e+02;1.1138207e-01;1.4250000e+02;6.5690808e-02;1.4250000e+02;1.8445879e-02;1.4250000e+02;-3.0296246e-02;1.4250000e+02;-7.8476518e-02;1.4250000e+02;-1.2609315e-01;1.4250000e+02;-8.9132637e-02;1.4250000e+02;-8.3258443e-02;1.4250000e+02;-5.5649597e-02;1.4250000e+02;-1.2554280e-02;1.4250000e+02;4.8490014e-02;1.4250000e+02;1.2889554e-01;1.4250000e+02;1.9767451e-01;1.4250000e+02;2.1625596e-01;1.4250000e+02;1.9266149e-01;1.4250000e+02;1.7352949e-01;1.4250000e+02;1.7777418e-01;1.4250000e+02;1.5237752e-01;1.4250000e+02;1.1138207e-01;1.4250000e+02;6.5690808e-02;1.4250000e+02;1.8445879e-02;1.4250000e+02;-3.0296246e-02;1.4250000e+02;-7.8476518e-02;1.4250000e+02;-1.2609315e-01;1.4250000e+02;-8.9132637e-02;1.4250000e+02;-8.3258443e-02;1.4250000e+02;-5.5649597e-02;1.4250000e+02;-1.2554280e-02;1.4250000e+02;4.8490014e-02;1.4250000e+02;1.2889554e-01;1.4250000e+02;1.9767451e-01;1.4250000e+02;2.1625596e-01;1.4250000e+02;1.9266149e-01;1.4250000e+02;1.7352949e-01;1.4250000e+02;1.7777418e-01;1.4250000e+02;1.5237752e-01;1.4250000e+02;1.1138207e-01;1.4250000e+02;6.5690808e-02;1.4250000e+02;1.8445879e-02;1.4250000e+02;-3.0296246e-02;1.4250000e+02;-7.8476518e-02;1.4250000e+02;-1.2609315e-01;1.4250000e+02;-8.9132637e-02;1.4250000e+02;-8.3258443e-02;1.4250000e+02;-5.5649597e-02;1.4250000e+02;-1.2554280e-02;1.4250000e+02;4.8490014e-02;1.4250000e+02;1.2889554e-01;1.4250000e+02;1.9767451e-01;1.4250000e+02;2.1625596e-01;1.4250000e+02;1.9266149e-01;1.4250000e+02;1.7352949e-01;1.4250000e+02;1.7777418e-01;1.4250000e+02;1.5237752e-01;1.4250000e+02;1.1138207e-01;1.4250000e+02;6.5690808e-02;1.4250000e+02;1.8445879e-02;1.4250000e+02;-3.0296246e-02;1.4250000e+02;-7.8476518e-02;1.4250000e+02;-1.2609315e-01;1.4250000e+02;-8.9132637e-02;1.4250000e+02;-8.3258443e-02;1.4250000e+02;-5.5649597e-02;1.4250000e+02;-1.2554280e-02;1.4250000e+02;4.8490014e-02;1.4250000e+02;1.2889554e-01;1.4250000e+02;1.9767451e-01;1.4250000e+02;2.1625596e-01;1.4250000e+02;1.9266149e-01;1.4250000e+02;1.7352949e-01;1.4250000e+02;1.7777418e-01;1.4250000e+02;1.5237752e-01;1.4250000e+02;1.1138207e-01;1.4250000e+02;6.5690808e-02;1.4250000e+02;1.8445879e-02;1.4250000e+02;-3.0296246e-02;1.4250000e+02;-7.8476518e-02;1.4250000e+02;-1.2609315e-01;1.4250000e+02;-8.9132637e-02;1.4250000e+02;-8.3258443e-02;1.4250000e+02;-5.5649597e-02;1.4250000e+02;-1.2554280e-02;1.4250000e+02;4.8490014e-02;1.4250000e+02;1.2889554e-01;1.4250000e+02;1.9767451e-01;1.4250000e+02;2.1625596e-01;1.4250000e+02;1.9266149e-01;1.4250000e+02;1.7352949e-01;1.4250000e+02;1.7777418e-01;1.4250000e+02;1.5237752e-01;1.4250000e+02;1.1138207e-01;1.4250000e+02;6.5690808e-02;1.4250000e+02;1.8445879e-02;1.4250000e+02;-3.0296246e-02;1.4250000e+02;-7.8476518e-02;1.4250000e+02;-1.2609315e-01;1.4250000e+02;-8.9132637e-02;1.4250000e+02;-8.3258443e-02;1.4250000e+02;-5.5649597e-02;1.4250000e+02;-1.2554280e-02;1.4250000e+02;4.8490014e-02;1.4250000e+02;1.2889554e-01;1.4250000e+02;1.9767451e-01;1.4250000e+02;2.1625596e-01;1.4250000e+02;1.9266149e-01;1.4250000e+02;1.7352949e-01;1.4250000e+02;1.7777418e-01;1.4250000e+02;1.5237752e-01;1.4250000e+02;1.1138207e-01;1.4250000e+02;6.5690808e-02;1.4250000e+02;1.8445879e-02;1.4250000e+02;-3.0296246e-02;1.4250000e+02;-7.8476518e-02;1.4250000e+02;-1.2609315e-01;1.4250000e+02;-8.9132637e-02;1.4250000e+02;-8.3258443e-02;1.4250000e+02;-5.5649597e-02;1.4250000e+02;-1.2554280e-02;1.4250000e+02;4.8490014e-02;1.4250000e+02;1.2889554e-01;1.4250000e+02;1.9767451e-01;1.4250000e+02;2.1625596e-01;1.4250000e+02;1.9266149e-01;1.4250000e+02;1.7352949e-01;1.4250000e+02;1.7777418e-01;1.4250000e+02;1.5237752e-01;1.4250000e+02;1.1138207e-01;1.4250000e+02;6.5690808e-02;1.4250000e+02;1.8445879e-02;1.4250000e+02;-3.0296246e-02;1.4250000e+02;-7.8476518e-02;1.4250000e+02;-1.2609315e-01;1.4250000e+02;-8.9132637e-02;1.4250000e+02;-8.3258443e-02;1.4250000e+02;-5.5649597e-02;1.4250000e+02;-1.2554280e-02;1.4250000e+02;4.8490014e-02;1.4250000e+02;1.2889554e-01;1.4250000e+02;1.9767451e-01;1.4250000e+02;2.1625596e-01;1.4250000e+02;1.9266149e-01;1.4250000e+02;1.7352949e-01;1.4250000e+02;1.7777418e-01;1.4250000e+02;1.5237752e-01;1.4250000e+02;1.1138207e-01;1.4250000e+02;6.5690808e-02;1.4250000e+02;1.8445879e-02;1.4250000e+02;-3.0296246e-02;1.4250000e+02;-7.8476518e-02;1.4250000e+02;-1.2609315e-01;1.4250000e+02;-8.9132637e-02;1.4250000e+02;-8.3258443e-02;1.4250000e+02;-5.5649597e-02;1.4250000e+02;-1.2554280e-02;1.4250000e+02;4.8490014e-02;1.4250000e+02;1.2889554e-01;1.4250000e+02;1.9767451e-01;1.4250000e+02;2.1625596e-01;1.4250000e+02;1.9266149e-01;1.4250000e+02;1.7352949e-01;1.4250000e+02;1.7777418e-01;1.4250000e+02;1.5237752e-01;1.4250000e+02;1.1138207e-01;1.4250000e+02;6.5690808e-02;1.4250000e+02;1.8445879e-02;1.4250000e+02;-3.0296246e-02;1.4250000e+02;-7.8476518e-02;1.4250000e+02;-1.2609315e-01;1.4250000e+02;-8.9132637e-02;1.4250000e+02;-8.3258443e-02;1.4250000e+02;-5.5649597e-02;1.4250000e+02;-1.2554280e-02;1.4250000e+02;4.8490014e-02;1.4250000e+02;1.2889554e-01;1.4250000e+02;1.9767451e-01;1.4250000e+02;2.1625596e-01;1.4250000e+02;1.9266149e-01;1.4250000e+02;1.7352949e-01;1.4250000e+02;1.7777418e-01;1.4250000e+02;1.5237752e-01;1.4250000e+02;1.1138207e-01;1.4250000e+02;6.5690808e-02;1.4250000e+02;1.8445879e-02;1.4250000e+02;-3.0296246e-02;1.4250000e+02;-7.8476518e-02;1.4250000e+02;-1.2609315e-01;1.4250000e+02;-8.9132637e-02;1.4250000e+02;-8.3258443e-02;1.4250000e+02;-5.5649597e-02;1.4250000e+02;-1.2554280e-02;1.4250000e+02;4.8490014e-02;1.4250000e+02;1.2889554e-01;1.4250000e+02;1.9767451e-01;1.4250000e+02;2.1625596e-01;1.4250000e+02;1.9266149e-01;1.4250000e+02;1.7352949e-01;1.4250000e+02;1.7777418e-01;1.4250000e+02;1.5237752e-01;1.4250000e+02;1.1138207e-01;1.4250000e+02;6.5690808e-02;1.4250000e+02;1.8445879e-02;1.4250000e+02;-3.0296246e-02;1.4250000e+02;-7.8476518e-02;1.4250000e+02;-1.2609315e-01;1.4250000e+02;-8.9132637e-02;1.4250000e+02;-8.3258443e-02;1.4250000e+02;-5.5649597e-02;1.4250000e+02;-1.2554280e-02;1.4250000e+02;4.8490014e-02;1.4250000e+02;1.2889554e-01;1.4250000e+02;1.9767451e-01;1.4250000e+02;2.1625596e-01;1.4250000e+02;1.9266149e-01;1.4250000e+02;1.7352949e-01;1.4250000e+02;1.7777418e-01;1.4250000e+02;1.5237752e-01;1.4250000e+02;1.1138207e-01;1.4250000e+02;6.5690808e-02;1.4250000e+02;1.8445879e-02;1.4250000e+02;-3.0296246e-02;1.4250000e+02;-7.8476518e-02;1.4250000e+02;-1.2609315e-01;1.4250000e+02;-8.9132637e-02;1.4250000e+02;-8.3258443e-02;1.4250000e+02;-5.5649597e-02;1.4250000e+02;-1.2554280e-02;1.4250000e+02;4.8490014e-02;1.4250000e+02;1.2889554e-01;1.4250000e+02;1.9767451e-01;1.4250000e+02;2.1625596e-01;1.4250000e+02;1.9266149e-01;1.4250000e+02;1.7352949e-01;1.4250000e+02;1.7777418e-01;1.4250000e+02;1.5237752e-01;1.4250000e+02;1.1138207e-01;1.4250000e+02;6.5690808e-02;1.4250000e+02;1.8445879e-02;1.4250000e+02;-3.0296246e-02;1.4250000e+02;-7.8476518e-02;1.4250000e+02;-1.2609315e-01;1.4250000e+02;-8.9132637e-02;1.4250000e+02;-8.3258443e-02;1.4250000e+02;-5.5649597e-02;1.4250000e+02;-1.2554280e-02;1.4250000e+02;4.8490014e-02;1.4250000e+02;1.2889554e-01;1.4250000e+02;1.9767451e-01;1.4250000e+02;2.1625596e-01;1.4250000e+02;1.9266149e-01;1.4250000e+02;1.7352949e-01;1.4250000e+02;1.7777418e-01;1.4250000e+02;1.5237752e-01;1.4250000e+02;1.1138207e-01;1.4250000e+02;6.5690808e-02;1.4250000e+02;1.8445879e-02;1.4250000e+02;-3.0296246e-02;1.4250000e+02;-7.8476518e-02;1.4250000e+02;-1.2609315e-01;1.4250000e+02;-8.9132637e-02;1.4250000e+02;-8.3258443e-02;1.4250000e+02;-5.5649597e-02;1.4250000e+02;-1.2554280e-02;1.4250000e+02;4.8490014e-02;1.4250000e+02;1.2889554e-01;1.4250000e+02;1.9767451e-01;1.4250000e+02;2.1625596e-01;1.4250000e+02;1.9266149e-01;1.4250000e+02;1.7352949e-01;1.4250000e+02;1.7777418e-01;1.4250000e+02;1.5237752e-01;1.4250000e+02;1.1138207e-01;1.4250000e+02;6.5690808e-02;1.4250000e+02;1.8445879e-02;1.4250000e+02;-3.0296246e-02;1.4250000e+02;-7.8476518e-02;1.4250000e+02;-1.2609315e-01;1.4250000e+02;-8.9132637e-02;1.4250000e+02;-8.3258443e-02;1.4250000e+02;-5.5649597e-02;1.4250000e+02;-1.2554280e-02;1.4250000e+02;4.8490014e-02;1.4250000e+02;1.2889554e-01;1.4250000e+02;1.9767451e-01;1.4250000e+02;2.1625596e-01;1.4250000e+02;1.9266149e-01;1.4250000e+02;1.7352949e-01;1.4250000e+02;1.7777418e-01;1.4250000e+02;1.5237752e-01;1.4250000e+02;1.1138207e-01;1.4250000e+02;6.5690808e-02;1.4250000e+02;1.8445879e-02;1.4250000e+02;-3.0296246e-02;1.4250000e+02;-7.8476518e-02;1.4250000e+02;-1.2609315e-01;1.4250000e+02;-8.9132637e-02;1.4250000e+02;-8.3258443e-02;1.4250000e+02;-5.5649597e-02;1.4250000e+02;-1.2554280e-02;1.4250000e+02;4.8490014e-02;1.4250000e+02;1.2889554e-01;1.4250000e+02;1.9767451e-01;1.4250000e+02;2.1625596e-01;1.4250000e+02;1.9266149e-01;1.4250000e+02;1.7352949e-01;1.4250000e+02;1.7777418e-01;1.4250000e+02;1.5237752e-01;1.4250000e+02;1.1138207e-01;1.4250000e+02;6.5690808e-02;1.4250000e+02;1.8445879e-02;1.4250000e+02;-3.0296246e-02;1.4250000e+02;-7.8476518e-02;1.4250000e+02;-1.2609315e-01;1.4250000e+02;-8.9132637e-02;1.4250000e+02;-8.3258443e-02;1.4250000e+02;-5.5649597e-02;1.4250000e+02;-1.2554280e-02;1.4250000e+02;4.8490014e-02;1.4250000e+02;1.2889554e-01;1.4250000e+02;1.9767451e-01;1.4250000e+02;2.1625596e-01;1.4250000e+02;1.9266149e-01;1.4250000e+02;1.7352949e-01;1.4250000e+02;1.7777418e-01;1.4250000e+02;1.5237752e-01;1.4250000e+02;1.1138207e-01;1.4250000e+02;6.5690808e-02;1.4250000e+02;1.8445879e-02;1.4250000e+02;-3.0296246e-02;1.4250000e+02;-7.8476518e-02;1.4250000e+02;-1.2609315e-01;1.4250000e+02;-8.9132637e-02;1.4250000e+02;-8.3258443e-02;1.4250000e+02;-5.5649597e-02;1.4250000e+02;-1.2554280e-02;1.4250000e+02;4.8490014e-02;1.4250000e+02;1.2889554e-01;1.4250000e+02;1.9767451e-01;1.4250000e+02;2.1625596e-01;1.4250000e+02;1.9266149e-01;1.4250000e+02;1.7352949e-01;1.4250000e+02;1.7777418e-01;1.4250000e+02;1.5237752e-01;1.4250000e+02;1.1138207e-01;1.4250000e+02;6.5690808e-02;1.4250000e+02;1.8445879e-02;1.4250000e+02;-3.0296246e-02;1.4250000e+02;-7.8476518e-02;1.4250000e+02;-1.2609315e-01;1.4250000e+02;-8.9132637e-02;1.4250000e+02;-8.3258443e-02;1.4250000e+02;-5.5649597e-02;1.4250000e+02;-1.2554280e-02;1.4250000e+02;4.8490014e-02;1.4250000e+02;1.2889554e-01;1.4250000e+02;1.9767451e-01;1.4250000e+02;2.1625596e-01;1.4250000e+02;1.9266149e-01;1.4250000e+02;1.7352949e-01;1.4250000e+02;1.7777418e-01;1.4250000e+02;1.5237752e-01;1.4250000e+02;1.1138207e-01;1.4250000e+02;6.5690808e-02;1.4250000e+02;1.8445879e-02;1.4250000e+02;-3.0296246e-02;1.4250000e+02;-7.8476518e-02;1.4250000e+02;-1.2609315e-01;1.4250000e+02;-8.9132637e-02;1.4250000e+02;-8.3258443e-02;1.4250000e+02;-5.5649597e-02;1.4250000e+02;-1.2554280e-02;1.4250000e+02;4.8490014e-02;1.4250000e+02;1.2889554e-01;1.4250000e+02;1.9767451e-01;1.4250000e+02;2.1625596e-01;1.4250000e+02;1.9266149e-01;1.4250000e+02;1.7352949e-01;1.4250000e+02;1.7777418e-01;1.4250000e+02;1.5237752e-01;1.4250000e+02;1.1138207e-01;1.4250000e+02;6.5690808e-02;1.4250000e+02;1.8445879e-02;1.4250000e+02;-3.0296246e-02;1.4250000e+02;-7.8476518e-02;1.4250000e+02;-1.2609315e-01;1.4250000e+02;-8.9132637e-02;1.4250000e+02;-8.3258443e-02;1.4250000e+02;-5.5649597e-02;1.4250000e+02;-1.2554280e-02;1.4250000e+02;4.8490014e-02;1.4250000e+02;1.2889554e-01;1.4250000e+02;1.9767451e-01;1.4250000e+02;2.1625596e-01;1.4250000e+02;1.9266149e-01;1.4250000e+02;1.7352949e-01;1.4250000e+02;1.7777418e-01;1.4250000e+02;1.5237752e-01;1.4250000e+02;1.1138207e-01;1.4250000e+02;6.5690808e-02;1.4250000e+02;1.8445879e-02;1.4250000e+02;-3.0296246e-02;1.4250000e+02;-7.8476518e-02;1.4250000e+02;-1.2609315e-01;1.4250000e+02;-8.9132637e-02;1.4250000e+02;-8.3258443e-02;1.4250000e+02;-5.5649597e-02;1.4250000e+02;-1.2554280e-02;1.4250000e+02;4.8490014e-02;1.4250000e+02;1.2889554e-01;1.4250000e+02;1.9767451e-01;1.4250000e+02;2.1625596e-01;1.4250000e+02;1.9266149e-01;1.4250000e+02;1.7352949e-01;1.4250000e+02;1.7777418e-01;1.4250000e+02;1.5237752e-01;1.4250000e+02;1.1138207e-01;1.4250000e+02;6.5690808e-02;1.4250000e+02;1.8445879e-02;1.4250000e+02;-3.0296246e-02;1.4250000e+02;-7.8476518e-02;1.4250000e+02;-1.2609315e-01;1.4250000e+02;-8.9132637e-02;1.4250000e+02;-8.3258443e-02;1.4250000e+02;-5.5649597e-02;1.4250000e+02;-1.2554280e-02;1.4250000e+02;4.8490014e-02;1.4250000e+02;1.2889554e-01;1.4250000e+02;1.9767451e-01;1.4250000e+02;2.1625596e-01;1.4250000e+02;1.9266149e-01;1.4250000e+02;1.7352949e-01;1.4250000e+02;1.7777418e-01;1.4250000e+02;1.5237752e-01;1.4250000e+02;1.1138207e-01;1.4250000e+02;6.5690808e-02;1.4250000e+02;1.8445879e-02;1.4250000e+02;-3.0296246e-02;1.4250000e+02;-7.8476518e-02;1.4250000e+02;-1.2609315e-01;1.4250000e+02;-8.9132637e-02;1.4250000e+02;-8.3258443e-02;1.4250000e+02;-5.5649597e-02;1.4250000e+02;-1.2554280e-02;1.4250000e+02;4.8490014e-02;1.4250000e+02;1.2889554e-01;1.4250000e+02;1.9767451e-01;1.4250000e+02;2.1625596e-01;1.4250000e+02;1.9266149e-01;1.4250000e+02;1.7352949e-01;1.4250000e+02;1.7777418e-01;1.4250000e+02;1.5237752e-01;1.4250000e+02;1.1138207e-01;1.4250000e+02;6.5690808e-02;1.4250000e+02;1.8445879e-02;1.4250000e+02;-3.0296246e-02;1.4250000e+02;-7.8476518e-02;1.4250000e+02;-1.2609315e-01;1.4250000e+02;-8.9132637e-02;1.4250000e+02;-8.3258443e-02;1.4250000e+02;-5.5649597e-02;1.4250000e+02;-1.2554280e-02;1.4250000e+02;4.8490014e-02;1.4250000e+02;1.2889554e-01;1.4250000e+02;1.9767451e-01;1.4250000e+02;2.1625596e-01;1.4250000e+02;1.9266149e-01;1.4250000e+02;1.7352949e-01;1.4250000e+02;1.7777418e-01;1.4250000e+02;1.5237752e-01;1.4250000e+02;1.1138207e-01;1.4250000e+02;6.5690808e-02;1.4250000e+02;1.8445879e-02;1.4250000e+02;-3.0296246e-02;1.4250000e+02;-7.8476518e-02;1.4250000e+02;-1.2609315e-01;1.4250000e+02;-8.9132637e-02;1.4250000e+02;-8.3258443e-02;1.4250000e+02;-5.5649597e-02;1.4250000e+02;-1.2554280e-02;1.4250000e+02;4.8490014e-02;1.4250000e+02;1.2889554e-01;1.4250000e+02;1.9767451e-01;1.4250000e+02;2.1625596e-01;1.4250000e+02;1.9266149e-01;1.4250000e+02;1.7352949e-01;1.4250000e+02;1.7777418e-01;1.4250000e+02;1.5237752e-01;1.4250000e+02;1.1138207e-01;1.4250000e+02;6.5690808e-02;1.4250000e+02;1.8445879e-02;1.4250000e+02;-3.0296246e-02;1.4250000e+02;-7.8476518e-02;1.4250000e+02;-1.2609315e-01;1.4250000e+02;-8.9132637e-02;1.4250000e+02;-8.3258443e-02;1.4250000e+02;-5.5649597e-02;1.4250000e+02;-1.2554280e-02;1.4250000e+02;4.8490014e-02;1.4250000e+02;1.2889554e-01;1.4250000e+02;1.9767451e-01;1.4250000e+02;2.1625596e-01;1.4250000e+02;1.9266149e-01;1.4250000e+02;1.7352949e-01;1.4250000e+02;1.7777418e-01;1.4250000e+02;1.5237752e-01;1.4250000e+02;1.1138207e-01;1.4250000e+02;6.5690808e-02;1.4250000e+02;1.8445879e-02;1.4250000e+02;-3.0296246e-02;1.4250000e+02;-7.8476518e-02;1.4250000e+02;-1.2609315e-01;1.4250000e+02;-8.9132637e-02;1.4250000e+02;-8.3258443e-02;1.4250000e+02;-5.5649597e-02;1.4250000e+02;-1.2554280e-02;1.4250000e+02;4.8490014e-02;1.4250000e+02;1.2889554e-01;1.4250000e+02;1.9767451e-01;1.4250000e+02;2.1625596e-01;1.4250000e+02;1.9266149e-01;1.4250000e+02;1.7352949e-01;1.4250000e+02;1.7777418e-01;1.4250000e+02;1.5237752e-01;1.4250000e+02;1.1138207e-01;1.4250000e+02;6.5690808e-02;1.4250000e+02;1.8445879e-02;1.4250000e+02;-3.0296246e-02;1.4250000e+02;-7.8476518e-02;1.4250000e+02;-1.2609315e-01
1.4750000e+02;-8.2752757e-02;1.4750000e+02;-7.3562697e-02;1.4750000e+02;-3.9544944e-02;1.4750000e+02;1.3399035e-02;1.4750000e+02;8.5174367e-02;1.4750000e+02;1.7103779e-01;1.4750000e+02;2.3423517e-01;1.4750000e+02;2.3884785e-01;1.4750000e+02;2.0493138e-01;1.4750000e+02;1.7792048e-01;1.4750000e+02;1.7474154e-01;1.4750000e+02;1.5329319e-01;1.4750000e+02;1.1325438e-01;1.4750000e+02;6.7858748e-02;1.4750000e+02;2.1074880e-02;1.4750000e+02;-2.6825942e-02;1.4750000e+02;-7.3944867e-02;1.4750000e+02;-1.2152211e-01;1.4750000e+02;-8.2752757e-02;1.4750000e+02;-7.3562697e-02;1.4750000e+02;-3.9544944e-02;1.4750000e+02;1.3399035e-02;1.4750000e+02;8.5174367e-02;1.4750000e+02;1.7103779e-01;1.4750000e+02;2.3423517e-01;1.4750000e+02;2.3884785e-01;1.4750000e+02;2.0493138e-01;1.4750000e+02;1.7792048e-01;1.4750000e+02;1.7474154e-01;1.4750000e+02;1.5329319e-01;1.4750000e+02;1.1325438e-01;1.4750000e+02;6.7858748e-02;1.4750000e+02;2.1074880e-02;1.4750000e+02;-2.6825942e-02;1.4750000e+02;-7.3944867e-02;1.4750000e+02;-1.2152211e-01;1.4750000e+02;-8.2752757e-02;1.4750000e+02;-7.3562697e-02;1.4750000e+02;-3.9544944e-02;1.4750000e+02;1.3399035e-02;1.4750000e+02;8.5174367e-02;1.4750000e+02;1.7103779e-01;1.4750000e+02;2.3423517e-01;1.4750000e+02;2.3884785e-01;1.4750000e+02;2.0493138e-01;1.4750000e+02;1.7792048e-01;1.4750000e+02;1.7474154e-01;1.4750000e+02;1.5329319e-01;1.4750000e+02;1.1325438e-01;1.4750000e+02;6.7858748e-02;1.4750000e+02;2.1074880e-02;1.4750000e+02;-2.6825942e-02;1.4750000e+02;-7.3944867e-02;1.4750000e+02;-1.2152211e-01;1.4750000e+02;-8.2752757e-02;1.4750000e+02;-7.3562697e-02;1.4750000e+02;-3.9544944e-02;1.4750000e+02;1.3399035e-02;1.4750000e+02;8.5174367e-02;1.4750000e+02;1.7103779e-01;1.4750000e+02;2.3423517e-01;1.4750000e+02;2.3884785e-01;1.4750000e+02;2.0493138e-01;1.4750000e+02;1.7792048e-01;1.4750000e+02;1.7474154e-01;1.4750000e+02;1.5329319e-01;1.4750000e+02;1.1325438e-01;1.4750000e+02;6.7858748e-02;1.4750000e+02;2.1074880e-02;1.4750000e+02;-2.6825942e-02;1.4750000e+02;-7.3944867e-02;1.4750000e+02;-1.2152211e-01;1.4750000e+02;-8.2752757e-02;1.4750000e+02;-7.3562697e-02;1.4750000e+02;-3.9544944e-02;1.4750000e+02;1.3399035e-02;1.4750000e+02;8.5174367e-02;1.4750000e+02;1.7103779e-01;1.4750000e+02;2.3423517e-01;1.4750000e+02;2.3884785e-01;1.4750000e+02;2.0493138e-01;1.4750000e+02;1.7792048e-01;1.4750000e+02;1.7474154e-01;1.4750000e+02;1.5329319e-01;1.4750000e+02;1.1325438e-01;1.4750000e+02;6.7858748e-02;1.4750000e+02;2.1074880e-02;1.4750000e+02;-2.6825942e-02;1.4750000e+02;-7.3944867e-02;1.4750000e+02;-1.2152211e-01;1.4750000e+02;-8.2752757e-02;1.4750000e+02;-7.3562697e-02;1.4750000e+02;-3.9544944e-02;1.4750000e+02;1.3399035e-02;1.4750000e+02;8.5174367e-02;1.4750000e+02;1.7103779e-01;1.4750000e+02;2.3423517e-01;1.4750000e+02;2.3884785e-01;1.4750000e+02;2.0493138e-01;1.4750000e+02;1.7792048e-01;1.4750000e+02;1.7474154e-01;1.4750000e+02;1.5329319e-01;1.4750000e+02;1.1325438e-01;1.4750000e+02;6.7858748e-02;1.4750000e+02;2.1074880e-02;1.4750000e+02;-2.6825942e-02;1.4750000e+02;-7.3944867e-02;1.4750000e+02;-1.2152211e-01;1.4750000e+02;-8.2752757e-02;1.4750000e+02;-7.3562697e-02;1.4750000e+02;-3.9544944e-02;1.4750000e+02;1.3399035e-02;1.4750000e+02;8.5174367e-02;1.4750000e+02;1.7103779e-01;1.4750000e+02;2.3423517e-01;1.4750000e+02;2.3884785e-01;1.4750000e+02;2.0493138e-01;1.4750000e+02;1.7792048e-01;1.4750000e+02;1.7474154e-01;1.4750000e+02;1.5329319e-01;1.4750000e+02;1.1325438e-01;1.4750000e+02;6.7858748e-02;1.4750000e+02;2.1074880e-02;1.4750000e+02;-2.6825942e-02;1.4750000e+02;-7.3944867e-02;1.4750000e+02;-1.2152211e-01;1.4750000e+02;-8.2752757e-02;1.4750000e+02;-7.3562697e-02;1.4750000e+02;-3.9544944e-02;1.4750000e+02;1.3399035e-02;1.4750000e+02;8.5174367e-02;1.4750000e+02;1.7103779e-01;1.4750000e+02;2.3423517e-01;1.4750000e+02;2.3884785e-01;1.4750000e+02;2.0493138e-01;1.4750000e+02;1.7792048e-01;1.4750000e+02;1.7474154e-01;1.4750000e+02;1.5329319e-01;1.4750000e+02;1.1325438e-01;1.4750000e+02;6.7858748e-02;1.4750000e+02;2.1074880e-02;1.4750000e+02;-2.6825942e-02;1.4750000e+02;-7.3944867e-02;1.4750000e+02;-1.2152211e-01;1.4750000e+02;-8.2752757e-02;1.4750000e+02;-7.3562697e-02;1.4750000e+02;-3.9544944e-02;1.4750000e+02;1.3399035e-02;1.4750000e+02;8.5174367e-02;1.4750000e+02;1.7103779e-01;1.4750000e+02;2.3423517e-01;1.4750000e+02;2.3884785e-01;1.4750000e+02;2.0493138e-01;1.4750000e+02;1.7792048e-01;1.4750000e+02;1.7474154e-01;1.4750000e+02;1.5329319e-01;1.4750000e+02;1.1325438e-01;1.4750000e+02;6.7858748e-02;1.4750000e+02;2.1074880e-02;1.4750000e+02;-2.6825942e-02;1.4750000e+02;-7.3944867e-02;1.4750000e+02;-1.2152211e-01;1.4750000e+02;-8.2752757e-02;1.4750000e+02;-7.3562697e-02;1.4750000e+02;-3.9544944e-02;1.4750000e+02;1.3399035e-02;1.4750000e+02;8.5174367e-02;1.4750000e+02;1.7103779e-01;1.4750000e+02;2.3423517e-01;1.4750000e+02;2.3884785e-01;1.4750000e+02;2.0493138e-01;1.4750000e+02;1.7792048e-01;1.4750000e+02;1.7474154e-01;1.4750000e+02;1.5329319e-01;1.4750000e+02;1.1325438e-01;1.4750000e+02;6.7858748e-02;1.4750000e+02;2.1074880e-02;1.4750000e+02;-2.6825942e-02;1.4750000e+02;-7.3944867e-02;1.4750000e+02;-1.2152211e-01;1.4750000e+02;-8.2752757e-02;1.4750000e+02;-7.3562697e-02;1.4750000e+02;-3.9544944e-02;1.4750000e+02;1.3399035e-02;1.4750000e+02;8.5174367e-02;1.4750000e+02;1.7103779e-01;1.4750000e+02;2.3423517e-01;1.4750000e+02;2.3884785e-01;1.4750000e+02;2.0493138e-01;1.4750000e+02;1.7792048e-01;1.4750000e+02;1.7474154e-01;1.4750000e+02;1.5329319e-01;1.4750000e+02;1.1325438e-01;1.4750000e+02;6.7858748e-02;1.4750000e+02;2.1074880e-02;1.4750000e+02;-2.6825942e-02;1.4750000e+02;-7.3944867e-02;1.4750000e+02;-1.2152211e-01;1.4750000e+02;-8.2752757e-02;1.4750000e+02;-7.3562697e-02;1.4750000e+02;-3.9544944e-02;1.4750000e+02;1.3399035e-02;1.4750000e+02;8.5174367e-02;1.4750000e+02;1.7103779e-01;1.4750000e+02;2.3423517e-01;1.4750000e+02;2.3884785e-01;1.4750000e+02;2.0493138e-01;1.4750000e+02;1.7792048e-01;1.4750000e+02;1.7474154e-01;1.4750000e+02;1.5329319e-01;1.4750000e+02;1.1325438e-01;1.4750000e+02;6.7858748e-02;1.4750000e+02;2.1074880e-02;1.4750000e+02;-2.6825942e-02;1.4750000e+02;-7.3944867e-02;1.4750000e+02;-1.2152211e-01;1.4750000e+02;-8.2752757e-02;1.4750000e+02;-7.3562697e-02;1.4750000e+02;-3.9544944e-02;1.4750000e+02;1.3399035e-02;1.4750000e+02;8.5174367e-02;1.4750000e+02;1.7103779e-01;1.4750000e+02;2.3423517e-01;1.4750000e+02;2.3884785e-01;1.4750000e+02;2.0493138e-01;1.4750000e+02;1.7792048e-01;1.4750000e+02;1.7474154e-01;1.4750000e+02;1.5329319e-01;1.4750000e+02;1.1325438e-01;1.4750000e+02;6.7858748e-02;1.4750000e+02;2.1074880e-02;1.4750000e+02;-2.6825942e-02;1.4750000e+02;-7.3944867e-02;1.4750000e+02;-1.2152211e-01;1.4750000e+02;-8.2752757e-02;1.4750000e+02;-7.3562697e-02;1.4750000e+02;-3.9544944e-02;1.4750000e+02;1.3399035e-02;1.4750000e+02;8.5174367e-02;1.4750000e+02;1.7103779e-01;1.4750000e+02;2.3423517e-01;1.4750000e+02;2.3884785e-01;1.4750000e+02;2.0493138e-01;1.4750000e+02;1.7792048e-01;1.4750000e+02;1.7474154e-01;1.4750000e+02;1.5329319e-01;1.4750000e+02;1.1325438e-01;1.4750000e+02;6.7858748e-02;1.4750000e+02;2.1074880e-02;1.4750000e+02;-2.6825942e-02;1.4750000e+02;-7.3944867e-02;1.4750000e+02;-1.2152211e-01;1.4750000e+02;-8.2752757e-02;1.4750000e+02;-7.3562697e-02;1.4750000e+02;-3.9544944e-02;1.4750000e+02;1.3399035e-02;1.4750000e+02;8.5174367e-02;1.4750000e+02;1.7103779e-01;1.4750000e+02;2.3423517e-01;1.4750000e+02;2.3884785e-01;1.4750000e+02;2.0493138e-01;1.4750000e+02;1.7792048e-01;1.4750000e+02;1.7474154e-01;1.4750000e+02;1.5329319e-01;1.4750000e+02;1.1325438e-01;1.4750000e+02;6.7858748e-02;1.4750000e+02;2.1074880e-02;1.4750000e+02;-2.6825942e-02;1.4750000e+02;-7.3944867e-02;1.4750000e+02;-1.2152211e-01;1.4750000e+02;-8.2752757e-02;1.4750000e+02;-7.3562697e-02;1.4750000e+02;-3.9544944e-02;1.4750000e+02;1.3399035e-02;1.4750000e+02;8.5174367e-02;1.4750000e+02;1.7103779e-01;1.4750000e+02;2.3423517e-01;1.4750000e+02;2.3884785e-01;1.4750000e+02;2.0493138e-01;1.4750000e+02;1.7792048e-01;1.4750000e+02;1.7474154e-01;1.4750000e+02;1.5329319e-01;1.4750000e+02;1.1325438e-01;1.4750000e+02;6.7858748e-02;1.4750000e+02;2.1074880e-02;1.4750000e+02;-2.6825942e-02;1.4750000e+02;-7.3944867e-02;1.4750000e+02;-1.2152211e-01;1.4750000e+02;-8.2752757e-02;1.4750000e+02;-7.3562697e-02;1.4750000e+02;-3.9544944e-02;1.4750000e+02;1.3399035e-02;1.4750000e+02;8.5174367e-02;1.4750000e+02;1.7103779e-01;1.4750000e+02;2.3423517e-01;1.4750000e+02;2.3884785e-01;1.4750000e+02;2.0493138e-01;1.4750000e+02;1.7792048e-01;1.4750000e+02;1.7474154e-01;1.4750000e+02;1.5329319e-01;1.4750000e+02;1.1325438e-01;1.4750000e+02;6.7858748e-02;1.4750000e+02;2.1074880e-02;1.4750000e+02;-2.6825942e-02;1.4750000e+02;-7.3944867e-02;1.4750000e+02;-1.2152211e-01;1.4750000e+02;-8.2752757e-02;1.4750000e+02;-7.3562697e-02;1.4750000e+02;-3.9544944e-02;1.4750000e+02;1.3399035e-02;1.4750000e+02;8.5174367e-02;1.4750000e+02;1.7103779e-01;1.4750000e+02;2.3423517e-01;1.4750000e+02;2.3884785e-01;1.4750000e+02;2.0493138e-01;1.4750000e+02;1.7792048e-01;1.4750000e+02;1.7474154e-01;1.4750000e+02;1.5329319e-01;1.4750000e+02;1.1325438e-01;1.4750000e+02;6.7858748e-02;1.4750000e+02;2.1074880e-02;1.4750000e+02;-2.6825942e-02;1.4750000e+02;-7.3944867e-02;1.4750000e+02;-1.2152211e-01;1.4750000e+02;-8.2752757e-02;1.4750000e+02;-7.3562697e-02;1.4750000e+02;-3.9544944e-02;1.4750000e+02;1.3399035e-02;1.4750000e+02;8.5174367e-02;1.4750000e+02;1.7103779e-01;1.4750000e+02;2.3423517e-01;1.4750000e+02;2.3884785e-01;1.4750000e+02;2.0493138e-01;1.4750000e+02;1.7792048e-01;1.4750000e+02;1.7474154e-01;1.4750000e+02;1.5329319e-01;1.4750000e+02;1.1325438e-01;1.4750000e+02;6.7858748e-02;1.4750000e+02;2.1074880e-02;1.4750000e+02;-2.6825942e-02;1.4750000e+02;-7.3944867e-02;1.4750000e+02;-1.2152211e-01;1.4750000e+02;-8.2752757e-02;1.4750000e+02;-7.3562697e-02;1.4750000e+02;-3.9544944e-02;1.4750000e+02;1.3399035e-02;1.4750000e+02;8.5174367e-02;1.4750000e+02;1.7103779e-01;1.4750000e+02;2.3423517e-01;1.4750000e+02;2.3884785e-01;1.4750000e+02;2.0493138e-01;1.4750000e+02;1.7792048e-01;1.4750000e+02;1.7474154e-01;1.4750000e+02;1.5329319e-01;1.4750000e+02;1.1325438e-01;1.4750000e+02;6.7858748e-02;1.4750000e+02;2.1074880e-02;1.4750000e+02;-2.6825942e-02;1.4750000e+02;-7.3944867e-02;1.4750000e+02;-1.2152211e-01;1.4750000e+02;-8.2752757e-02;1.4750000e+02;-7.3562697e-02;1.4750000e+02;-3.9544944e-02;1.4750000e+02;1.3399035e-02;1.4750000e+02;8.5174367e-02;1.4750000e+02;1.7103779e-01;1.4750000e+02;2.3423517e-01;1.4750000e+02;2.3884785e-01;1.4750000e+02;2.0493138e-01;1.4750000e+02;1.7792048e-01;1.4750000e+02;1.7474154e-01;1.4750000e+02;1.5329319e-01;1.4750000e+02;1.1325438e-01;1.4750000e+02;6.7858748e-02;1.4750000e+02;2.1074880e-02;1.4750000e+02;-2.6825942e-02;1.4750000e+02;-7.3944867e-02;1.4750000e+02;-1.2152211e-01;1.4750000e+02;-8.2752757e-02;1.4750000e+02;-7.3562697e-02;1.4750000e+02;-3.9544944e-02;1.4750000e+02;1.3399035e-02;1.4750000e+02;8.5174367e-02;1.4750000e+02;1.7103779e-01;1.4750000e+02;2.3423517e-01;1.4750000e+02;2.3884785e-01;1.4750000e+02;2.0493138e-01;1.4750000e+02;1.7792048e-01;1.4750000e+02;1.7474154e-01;1.4750000e+02;1.5329319e-01;1.4750000e+02;1.1325438e-01;1.4750000e+02;6.7858748e-02;1.4750000e+02;2.1074880e-02;1.4750000e+02;-2.6825942e-02;1.4750000e+02;-7.3944867e-02;1.4750000e+02;-1.2152211e-01;1.4750000e+02;-8.2752757e-02;1.4750000e+02;-7.3562697e-02;1.4750000e+02;-3.9544944e-02;1.4750000e+02;1.3399035e-02;1.4750000e+02;8.5174367e-02;1.4750000e+02;1.7103779e-01;1.4750000e+02;2.3423517e-01;1.4750000e+02;2.3884785e-01;1.4750000e+02;2.0493138e-01;1.4750000e+02;1.7792048e-01;1.4750000e+02;1.7474154e-01;1.4750000e+02;1.5329319e-01;1.4750000e+02;1.1325438e-01;1.4750000e+02;6.7858748e-02;1.4750000e+02;2.1074880e-02;1.4750000e+02;-2.6825942e-02;1.4750000e+02;-7.3944867e-02;1.4750000e+02;-1.2152211e-01;1.4750000e+02;-8.2752757e-02;1.4750000e+02;-7.3562697e-02;1.4750000e+02;-3.9544944e-02;1.4750000e+02;1.3399035e-02;1.4750000e+02;8.5174367e-02;1.4750000e+02;1.7103779e-01;1.4750000e+02;2.3423517e-01;1.4750000e+02;2.3884785e-01;1.4750000e+02;2.0493138e-01;1.4750000e+02;1.7792048e-01;1.4750000e+02;1.7474154e-01;1.4750000e+02;1.5329319e-01;1.4750000e+02;1.1325438e-01;1.4750000e+02;6.7858748e-02;1.4750000e+02;2.1074880e-02;1.4750000e+02;-2.6825942e-02;1.4750000e+02;-7.3944867e-02;1.4750000e+02;-1.2152211e-01;1.4750000e+02;-8.2752757e-02;1.4750000e+02;-7.3562697e-02;1.4750000e+02;-3.9544944e-02;1.4750000e+02;1.3399035e-02;1.4750000e+02;8.5174367e-02;1.4750000e+02;1.7103779e-01;1.4750000e+02;2.3423517e-01;1.4750000e+02;2.3884785e-01;1.4750000e+02;2.0493138e-01;1.4750000e+02;1.7792048e-01;1.4750000e+02;1.7474154e-01;1.4750000e+02;1.5329319e-01;1.4750000e+02;1.1325438e-01;1.4750000e+02;6.7858748e-02;1.4750000e+02;2.1074880e-02;1.4750000e+02;-2.6825942e-02;1.4750000e+02;-7.3944867e-02;1.4750000e+02;-1.2152211e-01;1.4750000e+02;-8.2752757e-02;1.4750000e+02;-7.3562697e-02;1.4750000e+02;-3.9544944e-02;1.4750000e+02;1.3399035e-02;1.4750000e+02;8.5174367e-02;1.4750000e+02;1.7103779e-01;1.4750000e+02;2.3423517e-01;1.4750000e+02;2.3884785e-01;1.4750000e+02;2.0493138e-01;1.4750000e+02;1.7792048e-01;1.4750000e+02;1.7474154e-01;1.4750000e+02;1.5329319e-01;1.4750000e+02;1.1325438e-01;1.4750000e+02;6.7858748e-02;1.4750000e+02;2.1074880e-02;1.4750000e+02;-2.6825942e-02;1.4750000e+02;-7.3944867e-02;1.4750000e+02;-1.2152211e-01;1.4750000e+02;-8.2752757e-02;1.4750000e+02;-7.3562697e-02;1.4750000e+02;-3.9544944e-02;1.4750000e+02;1.3399035e-02;1.4750000e+02;8.5174367e-02;1.4750000e+02;1.7103779e-01;1.4750000e+02;2.3423517e-01;1.4750000e+02;2.3884785e-01;1.4750000e+02;2.0493138e-01;1.4750000e+02;1.7792048e-01;1.4750000e+02;1.7474154e-01;1.4750000e+02;1.5329319e-01;1.4750000e+02;1.1325438e-01;1.4750000e+02;6.7858748e-02;1.4750000e+02;2.1074880e-02;1.4750000e+02;-2.6825942e-02;1.4750000e+02;-7.3944867e-02;1.4750000e+02;-1.2152211e-01;1.4750000e+02;-8.2752757e-02;1.4750000e+02;-7.3562697e-02;1.4750000e+02;-3.9544944e-02;1.4750000e+02;1.3399035e-02;1.4750000e+02;8.5174367e-02;1.4750000e+02;1.7103779e-01;1.4750000e+02;2.3423517e-01;1.4750000e+02;2.3884785e-01;1.4750000e+02;2.0493138e-01;1.4750000e+02;1.7792048e-01;1.4750000e+02;1.7474154e-01;1.4750000e+02;1.5329319e-01;1.4750000e+02;1.1325438e-01;1.4750000e+02;6.7858748e-02;1.4750000e+02;2.1074880e-02;1.4750000e+02;-2.6825942e-02;1.4750000e+02;-7.3944867e-02;1.4750000e+02;-1.2152211e-01;1.4750000e+02;-8.2752757e-02;1.4750000e+02;-7.3562697e-02;1.4750000e+02;-3.9544944e-02;1.4750000e+02;1.3399035e-02;1.4750000e+02;8.5174367e-02;1.4750000e+02;1.7103779e-01;1.4750000e+02;2.3423517e-01;1.4750000e+02;2.3884785e-01;1.4750000e+02;2.0493138e-01;1.4750000e+02;1.7792048e-01;1.4750000e+02;1.7474154e-01;1.4750000e+02;1.5329319e-01;1.4750000e+02;1.1325438e-01;1.4750000e+02;6.7858748e-02;1.4750000e+02;2.1074880e-02;1.4750000e+02;-2.6825942e-02;1.4750000e+02;-7.3944867e-02;1.4750000e+02;-1.2152211e-01;1.4750000e+02;-8.2752757e-02;1.4750000e+02;-7.3562697e-02;1.4750000e+02;-3.9544944e-02;1.4750000e+02;1.3399035e-02;1.4750000e+02;8.5174367e-02;1.4750000e+02;1.7103779e-01;1.4750000e+02;2.3423517e-01;1.4750000e+02;2.3884785e-01;1.4750000e+02;2.0493138e-01;1.4750000e+02;1.7792048e-01;1.4750000e+02;1.7474154e-01;1.4750000e+02;1.5329319e-01;1.4750000e+02;1.1325438e-01;1.4750000e+02;6.7858748e-02;1.4750000e+02;2.1074880e-02;1.4750000e+02;-2.6825942e-02;1.4750000e+02;-7.3944867e-02;1.4750000e+02;-1.2152211e-01;1.4750000e+02;-8.2752757e-02;1.4750000e+02;-7.3562697e-02;1.4750000e+02;-3.9544944e-02;1.4750000e+02;1.3399035e-02;1.4750000e+02;8.5174367e-02;1.4750000e+02;1.7103779e-01;1.4750000e+02;2.3423517e-01;1.4750000e+02;2.3884785e-01;1.4750000e+02;2.0493138e-01;1.4750000e+02;1.7792048e-01;1.4750000e+02;1.7474154e-01;1.4750000e+02;1.5329319e-01;1.4750000e+02;1.1325438e-01;1.4750000e+02;6.7858748e-02;1.4750000e+02;2.1074880e-02;1.4750000e+02;-2.6825942e-02;1.4750000e+02;-7.3944867e-02;1.4750000e+02;-1.2152211e-01;1.4750000e+02;-8.2752757e-02;1.4750000e+02;-7.3562697e-02;1.4750000e+02;-3.9544944e-02;1.4750000e+02;1.3399035e-02;1.4750000e+02;8.5174367e-02;1.4750000e+02;1.7103779e-01;1.4750000e+02;2.3423517e-01;1.4750000e+02;2.3884785e-01;1.4750000e+02;2.0493138e-01;1.4750000e+02;1.7792048e-01;1.4750000e+02;1.7474154e-01;1.4750000e+02;1.5329319e-01;1.4750000e+02;1.1325438e-01;1.4750000e+02;6.7858748e-02;1.4750000e+02;2.1074880e-02;1.4750000e+02;-2.6825942e-02;1.4750000e+02;-7.3944867e-02;1.4750000e+02;-1.2152211e-01;1.4750000e+02;-8.2752757e-02;1.4750000e+02;-7.3562697e-02;1.4750000e+02;-3.9544944e-02;1.4750000e+02;1.3399035e-02;1.4750000e+02;8.5174367e-02;1.4750000e+02;1.7103779e-01;1.4750000e+02;2.3423517e-01;1.4750000e+02;2.3884785e-01;1.4750000e+02;2.0493138e-01;1.4750000e+02;1.7792048e-01;1.4750000e+02;1.7474154e-01;1.4750000e+02;1.5329319e-01;1.4750000e+02;1.1325438e-01;1.4750000e+02;6.7858748e-02;1.4750000e+02;2.1074880e-02;1.4750000e+02;-2.6825942e-02;1.4750000e+02;-7.3944867e-02;1.4750000e+02;-1.2152211e-01;1.4750000e+02;-8.2752757e-02;1.4750000e+02;-7.3562697e-02;1.4750000e+02;-3.9544944e-02;1.4750000e+02;1.3399035e-02;1.4750000e+02;8.5174367e-02;1.4750000e+02;1.7103779e-01;1.4750000e+02;2.3423517e-01;1.4750000e+02;2.3884785e-01;1.4750000e+02;2.0493138e-01;1.4750000e+02;1.7792048e-01;1.4750000e+02;1.7474154e-01;1.4750000e+02;1.5329319e-01;1.4750000e+02;1.1325438e-01;1.4750000e+02;6.7858748e-02;1.4750000e+02;2.1074880e-02;1.4750000e+02;-2.6825942e-02;1.4750000e+02;-7.3944867e-02;1.4750000e+02;-1.2152211e-01;1.4750000e+02;-8.2752757e-02;1.4750000e+02;-7.3562697e-02;1.4750000e+02;-3.9544944e-02;1.4750000e+02;1.3399035e-02;1.4750000e+02;8.5174367e-02;1.4750000e+02;1.7103779e-01;1.4750000e+02;2.3423517e-01;1.4750000e+02;2.3884785e-01;1.4750000e+02;2.0493138e-01;1.4750000e+02;1.7792048e-01;1.4750000e+02;1.7474154e-01;1.4750000e+02;1.5329319e-01;1.4750000e+02;1.1325438e-01;1.4750000e+02;6.7858748e-02;1.4750000e+02;2.1074880e-02;1.4750000e+02;-2.6825942e-02;1.4750000e+02;-7.3944867e-02;1.4750000e+02;-1.2152211e-01;1.4750000e+02;-8.2752757e-02;1.4750000e+02;-7.3562697e-02;1.4750000e+02;-3.9544944e-02;1.4750000e+02;1.3399035e-02;1.4750000e+02;8.5174367e-02;1.4750000e+02;1.7103779e-01;1.4750000e+02;2.3423517e-01;1.4750000e+02;2.3884785e-01;1.4750000e+02;2.0493138e-01;1.4750000e+02;1.7792048e-01;1.4750000e+02;1.7474154e-01;1.4750000e+02;1.5329319e-01;1.4750000e+02;1.1325438e-01;1.4750000e+02;6.7858748e-02;1.4750000e+02;2.1074880e-02;1.4750000e+02;-2.6825942e-02;1.4750000e+02;-7.3944867e-02;1.4750000e+02;-1.2152211e-01;1.4750000e+02;-8.2752757e-02;1.4750000e+02;-7.3562697e-02;1.4750000e+02;-3.9544944e-02;1.4750000e+02;1.3399035e-02;1.4750000e+02;8.5174367e-02;1.4750000e+02;1.7103779e-01;1.4750000e+02;2.3423517e-01;1.4750000e+02;2.3884785e-01;1.4750000e+02;2.0493138e-01;1.4750000e+02;1.7792048e-01;1.4750000e+02;1.7474154e-01;1.4750000e+02;1.5329319e-01;1.4750000e+02;1.1325438e-01;1.4750000e+02;6.7858748e-02;1.4750000e+02;2.1074880e-02;1.4750000e+02;-2.6825942e-02;1.4750000e+02;-7.3944867e-02;1.4750000e+02;-1.2152211e-01;1.4750000e+02;-8.2752757e-02;1.4750000e+02;-7.3562697e-02;1.4750000e+02;-3.9544944e-02;1.4750000e+02;1.3399035e-02;1.4750000e+02;8.5174367e-02;1.4750000e+02;1.7103779e-01;1.4750000e+02;2.3423517e-01;1.4750000e+02;2.3884785e-01;1.4750000e+02;2.0493138e-01;1.4750000e+02;1.7792048e-01;1.4750000e+02;1.7474154e-01;1.4750000e+02;1.5329319e-01;1.4750000e+02;1.1325438e-01;1.4750000e+02;6.7858748e-02;1.4750000e+02;2.1074880e-02;1.4750000e+02;-2.6825942e-02;1.4750000e+02;-7.3944867e-02;1.4750000e+02;-1.2152211e-01;1.4750000e+02;-8.2752757e-02;1.4750000e+02;-7.3562697e-02;1.4750000e+02;-3.9544944e-02;1.4750000e+02;1.3399035e-02;1.4750000e+02;8.5174367e-02;1.4750000e+02;1.7103779e-01;1.4750000e+02;2.3423517e-01;1.4750000e+02;2.3884785e-01;1.4750000e+02;2.0493138e-01;1.4750000e+02;1.7792048e-01;1.4750000e+02;1.7474154e-01;1.4750000e+02;1.5329319e-01;1.4750000e+02;1.1325438e-01;1.4750000e+02;6.7858748e-02;1.4750000e+02;2.1074880e-02;1.4750000e+02;-2.6825942e-02;1.4750000e+02;-7.3944867e-02;1.4750000e+02;-1.2152211e-01;1.4750000e+02;-8.2752757e-02;1.4750000e+02;-7.3562697e-02;1.4750000e+02;-3.9544944e-02;1.4750000e+02;1.3399035e-02;1.4750000e+02;8.5174367e-02;1.4750000e+02;1.7103779e-01;1.4750000e+02;2.3423517e-01;1.4750000e+02;2.3884785e-01;1.4750000e+02;2.0493138e-01;1.4750000e+02;1.7792048e-01;1.4750000e+02;1.7474154e-01;1.4750000e+02;1.5329319e-01;1.4750000e+02;1.1325438e-01;1.4750000e+02;6.7858748e-02;1.4750000e+02;2.1074880e-02;1.4750000e+02;-2.6825942e-02;1.4750000e+02;-7.3944867e-02;1.4750000e+02;-1.2152211e-01;1.4750000e+02;-8.2752757e-02;1.4750000e+02;-7.3562697e-02;1.4750000e+02;-3.9544944e-02;1.4750000e+02;1.3399035e-02;1.4750000e+02;8.5174367e-02;1.4750000e+02;1.7103779e-01;1.4750000e+02;2.3423517e-01;1.4750000e+02;2.3884785e-01;1.4750000e+02;2.0493138e-01;1.4750000e+02;1.7792048e-01;1.4750000e+02;1.7474154e-01;1.4750000e+02;1.5329319e-01;1.4750000e+02;1.1325438e-01;1.4750000e+02;6.7858748e-02;1.4750000e+02;2.1074880e-02;1.4750000e+02;-2.6825942e-02;1.4750000e+02;-7.3944867e-02;1.4750000e+02;-1.2152211e-01;1.4750000e+02;-8.2752757e-02;1.4750000e+02;-7.3562697e-02;1.4750000e+02;-3.9544944e-02;1.4750000e+02;1.3399035e-02;1.4750000e+02;8.5174367e-02;1.4750000e+02;1.7103779e-01;1.4750000e+02;2.3423517e-01;1.4750000e+02;2.3884785e-01;1.4750000e+02;2.0493138e-01;1.4750000e+02;1.7792048e-01;1.4750000e+02;1.7474154e-01;1.4750000e+02;1.5329319e-01;1.4750000e+02;1.1325438e-01;1.4750000e+02;6.7858748e-02;1.4750000e+02;2.1074880e-02;1.4750000e+02;-2.6825942e-02;1.4750000e+02;-7.3944867e-02;1.4750000e+02;-1.2152211e-01;1.4750000e+02;-8.2752757e-02;1.4750000e+02;-7.3562697e-02;1.4750000e+02;-3.9544944e-02;1.4750000e+02;1.3399035e-02;1.4750000e+02;8.5174367e-02;1.4750000e+02;1.7103779e-01;1.4750000e+02;2.3423517e-01;1.4750000e+02;2.3884785e-01;1.4750000e+02;2.0493138e-01;1.4750000e+02;1.7792048e-01;1.4750000e+02;1.7474154e-01;1.4750000e+02;1.5329319e-01;1.4750000e+02;1.1325438e-01;1.4750000e+02;6.7858748e-02;1.4750000e+02;2.1074880e-02;1.4750000e+02;-2.6825942e-02;1.4750000e+02;-7.3944867e-02;1.4750000e+02;-1.2152211e-01;1.4750000e+02;-8.2752757e-02;1.4750000e+02;-7.3562697e-02;1.4750000e+02;-3.9544944e-02;1.4750000e+02;1.3399035e-02;1.4750000e+02;8.5174367e-02;1.4750000e+02;1.7103779e-01;1.4750000e+02;2.3423517e-01;1.4750000e+02;2.3884785e-01;1.4750000e+02;2.0493138e-01;1.4750000e+02;1.7792048e-01;1.4750000e+02;1.7474154e-01;1.4750000e+02;1.5329319e-01;1.4750000e+02;1.1325438e-01;1.4750000e+02;6.7858748e-02;1.4750000e+02;2.1074880e-02;1.4750000e+02;-2.6825942e-02;1.4750000e+02;-7.3944867e-02;1.4750000e+02;-1.2152211e-01;1.4750000e+02;-8.2752757e-02;1.4750000e+02;-7.3562697e-02;1.4750000e+02;-3.9544944e-02;1.4750000e+02;1.3399035e-02;1.4750000e+02;8.5174367e-02;1.4750000e+02;1.7103779e-01;1.4750000e+02;2.3423517e-01;1.4750000e+02;2.3884785e-01;1.4750000e+02;2.0493138e-01;1.4750000e+02;1.7792048e-01;1.4750000e+02;1.7474154e-01;1.4750000e+02;1.5329319e-01;1.4750000e+02;1.1325438e-01;1.4750000e+02;6.7858748e-02;1.4750000e+02;2.1074880e-02;1.4750000e+02;-2.6825942e-02;1.4750000e+02;-7.3944867e-02;1.4750000e+02;-1.2152211e-01;1.4750000e+02;-8.2752757e-02;1.4750000e+02;-7.3562697e-02;1.4750000e+02;-3.9544944e-02;1.4750000e+02;1.3399035e-02;1.4750000e+02;8.5174367e-02;1.4750000e+02;1.7103779e-01;1.4750000e+02;2.3423517e-01;1.4750000e+02;2.3884785e-01;1.4750000e+02;2.0493138e-01;1.4750000e+02;1.7792048e-01;1.4750000e+02;1.7474154e-01;1.4750000e+02;1.5329319e-01;1.4750000e+02;1.1325438e-01;1.4750000e+02;6.7858748e-02;1.4750000e+02;2.1074880e-02;1.4750000e+02;-2.6825942e-02;1.4750000e+02;-7.3944867e-02;1.4750000e+02;-1.2152211e-01;1.4750000e+02;-8.2752757e-02;1.4750000e+02;-7.3562697e-02;1.4750000e+02;-3.9544944e-02;1.4750000e+02;1.3399035e-02;1.4750000e+02;8.5174367e-02;1.4750000e+02;1.7103779e-01;1.4750000e+02;2.3423517e-01;1.4750000e+02;2.3884785e-01;1.4750000e+02;2.0493138e-01;1.4750000e+02;1.7792048e-01;1.4750000e+02;1.7474154e-01;1.4750000e+02;1.5329319e-01;1.4750000e+02;1.1325438e-01;1.4750000e+02;6.7858748e-02;1.4750000e+02;2.1074880e-02;1.4750000e+02;-2.6825942e-02;1.4750000e+02;-7.3944867e-02;1.4750000e+02;-1.2152211e-01;1.4750000e+02;-8.2752757e-02;1.4750000e+02;-7.3562697e-02;1.4750000e+02;-3.9544944e-02;1.4750000e+02;1.3399035e-02;1.4750000e+02;8.5174367e-02;1.4750000e+02;1.7103779e-01;1.4750000e+02;2.3423517e-01;1.4750000e+02;2.3884785e-01;1.4750000e+02;2.0493138e-01;1.4750000e+02;1.7792048e-01;1.4750000e+02;1.7474154e-01;1.4750000e+02;1.5329319e-01;1.4750000e+02;1.1325438e-01;1.4750000e+02;6.7858748e-02;1.4750000e+02;2.1074880e-02;1.4750000e+02;-2.6825942e-02;1.4750000e+02;-7.3944867e-02;1.4750000e+02;-1.2152211e-01;1.4750000e+02;-8.2752757e-02;1.4750000e+02;-7.3562697e-02;1.4750000e+02;-3.9544944e-02;1.4750000e+02;1.3399035e-02;1.4750000e+02;8.5174367e-02;1.4750000e+02;1.7103779e-01;1.4750000e+02;2.3423517e-01;1.4750000e+02;2.3884785e-01;1.4750000e+02;2.0493138e-01;1.4750000e+02;1.7792048e-01;1.4750000e+02;1.7474154e-01;1.4750000e+02;1.5329319e-01;1.4750000e+02;1.1325438e-01;1.4750000e+02;6.7858748e-02;1.4750000e+02;2.1074880e-02;1.4750000e+02;-2.6825942e-02;1.4750000e+02;-7.3944867e-02;1.4750000e+02;-1.2152211e-01;1.4750000e+02;-8.2752757e-02;1.4750000e+02;-7.3562697e-02;1.4750000e+02;-3.9544944e-02;1.4750000e+02;1.3399035e-02;1.4750000e+02;8.5174367e-02;1.4750000e+02;1.7103779e-01;1.4750000e+02;2.3423517e-01;1.4750000e+02;2.3884785e-01;1.4750000e+02;2.0493138e-01;1.4750000e+02;1.7792048e-01;1.4750000e+02;1.7474154e-01;1.4750000e+02;1.5329319e-01;1.4750000e+02;1.1325438e-01;1.4750000e+02;6.7858748e-02;1.4750000e+02;2.1074880e-02;1.4750000e+02;-2.6825942e-02;1.4750000e+02;-7.3944867e-02;1.4750000e+02;-1.2152211e-01;1.4750000e+02;-8.2752757e-02;1.4750000e+02;-7.3562697e-02;1.4750000e+02;-3.9544944e-02;1.4750000e+02;1.3399035e-02;1.4750000e+02;8.5174367e-02;1.4750000e+02;1.7103779e-01;1.4750000e+02;2.3423517e-01;1.4750000e+02;2.3884785e-01;1.4750000e+02;2.0493138e-01;1.4750000e+02;1.7792048e-01;1.4750000e+02;1.7474154e-01;1.4750000e+02;1.5329319e-01;1.4750000e+02;1.1325438e-01;1.4750000e+02;6.7858748e-02;1.4750000e+02;2.1074880e-02;1.4750000e+02;-2.6825942e-02;1.4750000e+02;-7.3944867e-02;1.4750000e+02;-1.2152211e-01;1.4750000e+02;-8.2752757e-02;1.4750000e+02;-7.3562697e-02;1.4750000e+02;-3.9544944e-02;1.4750000e+02;1.3399035e-02;1.4750000e+02;8.5174367e-02;1.4750000e+02;1.7103779e-01;1.4750000e+02;2.3423517e-01;1.4750000e+02;2.3884785e-01;1.4750000e+02;2.0493138e-01;1.4750000e+02;1.7792048e-01;1.4750000e+02;1.7474154e-01;1.4750000e+02;1.5329319e-01;1.4750000e+02;1.1325438e-01;1.4750000e+02;6.7858748e-02;1.4750000e+02;2.1074880e-02;1.4750000e+02;-2.6825942e-02;1.4750000e+02;-7.3944867e-02;1.4750000e+02;-1.2152211e-01;1.4750000e+02;-8.2752757e-02;1.4750000e+02;-7.3562697e-02;1.4750000e+02;-3.9544944e-02;1.4750000e+02;1.3399035e-02;1.4750000e+02;8.5174367e-02;1.4750000e+02;1.7103779e-01;1.4750000e+02;2.3423517e-01;1.4750000e+02;2.3884785e-01;1.4750000e+02;2.0493138e-01;1.4750000e+02;1.7792048e-01;1.4750000e+02;1.7474154e-01;1.4750000e+02;1.5329319e-01;1.4750000e+02;1.1325438e-01;1.4750000e+02;6.7858748e-02;1.4750000e+02;2.1074880e-02;1.4750000e+02;-2.6825942e-02;1.4750000e+02;-7.3944867e-02;1.4750000e+02;-1.2152211e-01;1.4750000e+02;-8.2752757e-02;1.4750000e+02;-7.3562697e-02;1.4750000e+02;-3.9544944e-02;1.4750000e+02;1.3399035e-02;1.4750000e+02;8.5174367e-02;1.4750000e+02;1.7103779e-01;1.4750000e+02;2.3423517e-01;1.4750000e+02;2.3884785e-01;1.4750000e+02;2.0493138e-01;1.4750000e+02;1.7792048e-01;1.4750000e+02;1.7474154e-01;1.4750000e+02;1.5329319e-01;1.4750000e+02;1.1325438e-01;1.4750000e+02;6.7858748e-02;1.4750000e+02;2.1074880e-02;1.4750000e+02;-2.6825942e-02;1.4750000e+02;-7.3944867e-02;1.4750000e+02;-1.2152211e-01;1.4750000e+02;-8.2752757e-02;1.4750000e+02;-7.3562697e-02;1.4750000e+02;-3.9544944e-02;1.4750000e+02;1.3399035e-02;1.4750000e+02;8.5174367e-02;1.4750000e+02;1.7103779e-01;1.4750000e+02;2.3423517e-01;1.4750000e+02;2.3884785e-01;1.4750000e+02;2.0493138e-01;1.4750000e+02;1.7792048e-01;1.4750000e+02;1.7474154e-01;1.4750000e+02;1.5329319e-01;1.4750000e+02;1.1325438e-01;1.4750000e+02;6.7858748e-02;1.4750000e+02;2.1074880e-02;1.4750000e+02;-2.6825942e-02;1.4750000e+02;-7.3944867e-02;1.4750000e+02;-1.2152211e-01;1.4750000e+02;-8.2752757e-02;1.4750000e+02;-7.3562697e-02;1.4750000e+02;-3.9544944e-02;1.4750000e+02;1.3399035e-02;1.4750000e+02;8.5174367e-02;1.4750000e+02;1.7103779e-01;1.4750000e+02;2.3423517e-01;1.4750000e+02;2.3884785e-01;1.4750000e+02;2.0493138e-01;1.4750000e+02;1.7792048e-01;1.4750000e+02;1.7474154e-01;1.4750000e+02;1.5329319e-01;1.4750000e+02;1.1325438e-01;1.4750000e+02;6.7858748e-02;1.4750000e+02;2.1074880e-02;1.4750000e+02;-2.6825942e-02;1.4750000e+02;-7.3944867e-02;1.4750000e+02;-1.2152211e-01;1.4750000e+02;-8.2752757e-02;1.4750000e+02;-7.3562697e-02;1.4750000e+02;-3.9544944e-02;1.4750000e+02;1.3399035e-02;1.4750000e+02;8.5174367e-02;1.4750000e+02;1.7103779e-01;1.4750000e+02;2.3423517e-01;1.4750000e+02;2.3884785e-01;1.4750000e+02;2.0493138e-01;1.4750000e+02;1.7792048e-01;1.4750000e+02;1.7474154e-01;1.4750000e+02;1.5329319e-01;1.4750000e+02;1.1325438e-01;1.4750000e+02;6.7858748e-02;1.4750000e+02;2.1074880e-02;1.4750000e+02;-2.6825942e-02;1.4750000e+02;-7.3944867e-02;1.4750000e+02;-1.2152211e-01;1.4750000e+02;-8.2752757e-02;1.4750000e+02;-7.3562697e-02;1.4750000e+02;-3.9544944e-02;1.4750000e+02;1.3399035e-02;1.4750000e+02;8.5174367e-02;1.4750000e+02;1.7103779e-01;1.4750000e+02;2.3423517e-01;1.4750000e+02;2.3884785e-01;1.4750000e+02;2.0493138e-01;1.4750000e+02;1.7792048e-01;1.4750000e+02;1.7474154e-01;1.4750000e+02;1.5329319e-01;1.4750000e+02;1.1325438e-01;1.4750000e+02;6.7858748e-02;1.4750000e+02;2.1074880e-02;1.4750000e+02;-2.6825942e-02;1.4750000e+02;-7.3944867e-02;1.4750000e+02;-1.2152211e-01;1.4750000e+02;-8.2752757e-02;1.4750000e+02;-7.3562697e-02;1.4750000e+02;-3.9544944e-02;1.4750000e+02;1.3399035e-02;1.4750000e+02;8.5174367e-02;1.4750000e+02;1.7103779e-01;1.4750000e+02;2.3423517e-01;1.4750000e+02;2.3884785e-01;1.4750000e+02;2.0493138e-01;1.4750000e+02;1.7792048e-01;1.4750000e+02;1.7474154e-01;1.4750000e+02;1.5329319e-01;1.4750000e+02;1.1325438e-01;1.4750000e+02;6.7858748e-02;1.4750000e+02;2.1074880e-02;1.4750000e+02;-2.6825942e-02;1.4750000e+02;-7.3944867e-02;1.4750000e+02;-1.2152211e-01;1.4750000e+02;-8.2752757e-02;1.4750000e+02;-7.3562697e-02;1.4750000e+02;-3.9544944e-02;1.4750000e+02;1.3399035e-02;1.4750000e+02;8.5174367e-02;1.4750000e+02;1.7103779e-01;1.4750000e+02;2.3423517e-01;1.4750000e+02;2.3884785e-01;1.4750000e+02;2.0493138e-01;1.4750000e+02;1.7792048e-01;1.4750000e+02;1.7474154e-01;1.4750000e+02;1.5329319e-01;1.4750000e+02;1.1325438e-01;1.4750000e+02;6.7858748e-02;1.4750000e+02;2.1074880e-02;1.4750000e+02;-2.6825942e-02;1.4750000e+02;-7.3944867e-02;1.4750000e+02;-1.2152211e-01;1.4750000e+02;-8.2752757e-02;1.4750000e+02;-7.3562697e-02;1.4750000e+02;-3.9544944e-02;1.4750000e+02;1.3399035e-02;1.4750000e+02;8.5174367e-02;1.4750000e+02;1.7103779e-01;1.4750000e+02;2.3423517e-01;1.4750000e+02;2.3884785e-01;1.4750000e+02;2.0493138e-01;1.4750000e+02;1.7792048e-01;1.4750000e+02;1.7474154e-01;1.4750000e+02;1.5329319e-01;1.4750000e+02;1.1325438e-01;1.4750000e+02;6.7858748e-02;1.4750000e+02;2.1074880e-02;1.4750000e+02;-2.6825942e-02;1.4750000e+02;-7.3944867e-02;1.4750000e+02;-1.2152211e-01;1.4750000e+02;-8.2752757e-02;1.4750000e+02;-7.3562697e-02;1.4750000e+02;-3.9544944e-02;1.4750000e+02;1.3399035e-02;1.4750000e+02;8.5174367e-02;1.4750000e+02;1.7103779e-01;1.4750000e+02;2.3423517e-01;1.4750000e+02;2.3884785e-01;1.4750000e+02;2.0493138e-01;1.4750000e+02;1.7792048e-01;1.4750000e+02;1.7474154e-01;1.4750000e+02;1.5329319e-01;1.4750000e+02;1.1325438e-01;1.4750000e+02;6.7858748e-02;1.4750000e+02;2.1074880e-02;1.4750000e+02;-2.6825942e-02;1.4750000e+02;-7.3944867e-02;1.4750000e+02;-1.2152211e-01;1.4750000e+02;-8.2752757e-02;1.4750000e+02;-7.3562697e-02;1.4750000e+02;-3.9544944e-02;1.4750000e+02;1.3399035e-02;1.4750000e+02;8.5174367e-02;1.4750000e+02;1.7103779e-01;1.4750000e+02;2.3423517e-01;1.4750000e+02;2.3884785e-01;1.4750000e+02;2.0493138e-01;1.4750000e+02;1.7792048e-01;1.4750000e+02;1.7474154e-01;1.4750000e+02;1.5329319e-01;1.4750000e+02;1.1325438e-01;1.4750000e+02;6.7858748e-02;1.4750000e+02;2.1074880e-02;1.4750000e+02;-2.6825942e-02;1.4750000e+02;-7.3944867e-02;1.4750000e+02;-1.2152211e-01;1.4750000e+02;-8.2752757e-02;1.4750000e+02;-7.3562697e-02;1.4750000e+02;-3.9544944e-02;1.4750000e+02;1.3399035e-02;1.4750000e+02;8.5174367e-02;1.4750000e+02;1.7103779e-01;1.4750000e+02;2.3423517e-01;1.4750000e+02;2.3884785e-01;1.4750000e+02;2.0493138e-01;1.4750000e+02;1.7792048e-01;1.4750000e+02;1.7474154e-01;1.4750000e+02;1.5329319e-01;1.4750000e+02;1.1325438e-01;1.4750000e+02;6.7858748e-02;1.4750000e+02;2.1074880e-02;1.4750000e+02;-2.6825942e-02;1.4750000e+02;-7.3944867e-02;1.4750000e+02;-1.2152211e-01;1.4750000e+02;-8.2752757e-02;1.4750000e+02;-7.3562697e-02;1.4750000e+02;-3.9544944e-02;1.4750000e+02;1.3399035e-02;1.4750000e+02;8.5174367e-02;1.4750000e+02;1.7103779e-01;1.4750000e+02;2.3423517e-01;1.4750000e+02;2.3884785e-01;1.4750000e+02;2.0493138e-01;1.4750000e+02;1.7792048e-01;1.4750000e+02;1.7474154e-01;1.4750000e+02;1.5329319e-01;1.4750000e+02;1.1325438e-01;1.4750000e+02;6.7858748e-02;1.4750000e+02;2.1074880e-02;1.4750000e+02;-2.6825942e-02;1.4750000e+02;-7.3944867e-02;1.4750000e+02;-1.2152211e-01;1.4750000e+02;-8.2752757e-02;1.4750000e+02;-7.3562697e-02;1.4750000e+02;-3.9544944e-02;1.4750000e+02;1.3399035e-02;1.4750000e+02;8.5174367e-02;1.4750000e+02;1.7103779e-01;1.4750000e+02;2.3423517e-01;1.4750000e+02;2.3884785e-01;1.4750000e+02;2.0493138e-01;1.4750000e+02;1.7792048e-01;1.4750000e+02;1.7474154e-01;1.4750000e+02;1.5329319e-01;1.4750000e+02;1.1325438e-01;1.4750000e+02;6.7858748e-02;1.4750000e+02;2.1074880e-02;1.4750000e+02;-2.6825942e-02;1.4750000e+02;-7.3944867e-02;1.4750000e+02;-1.2152211e-01;1.4750000e+02;-8.2752757e-02;1.4750000e+02;-7.3562697e-02;1.4750000e+02;-3.9544944e-02;1.4750000e+02;1.3399035e-02;1.4750000e+02;8.5174367e-02;1.4750000e+02;1.7103779e-01;1.4750000e+02;2.3423517e-01;1.4750000e+02;2.3884785e-01;1.4750000e+02;2.0493138e-01;1.4750000e+02;1.7792048e-01;1.4750000e+02;1.7474154e-01;1.4750000e+02;1.5329319e-01;1.4750000e+02;1.1325438e-01;1.4750000e+02;6.7858748e-02;1.4750000e+02;2.1074880e-02;1.4750000e+02;-2.6825942e-02;1.4750000e+02;-7.3944867e-02;1.4750000e+02;-1.2152211e-01;1.4750000e+02;-8.2752757e-02;1.4750000e+02;-7.3562697e-02;1.4750000e+02;-3.9544944e-02;1.4750000e+02;1.3399035e-02;1.4750000e+02;8.5174367e-02;1.4750000e+02;1.7103779e-01;1.4750000e+02;2.3423517e-01;1.4750000e+02;2.3884785e-01;1.4750000e+02;2.0493138e-01;1.4750000e+02;1.7792048e-01;1.4750000e+02;1.7474154e-01;1.4750000e+02;1.5329319e-01;1.4750000e+02;1.1325438e-01;1.4750000e+02;6.7858748e-02;1.4750000e+02;2.1074880e-02;1.4750000e+02;-2.6825942e-02;1.4750000e+02;-7.3944867e-02;1.4750000e+02;-1.2152211e-01;1.4750000e+02;-8.2752757e-02;1.4750000e+02;-7.3562697e-02;1.4750000e+02;-3.9544944e-02;1.4750000e+02;1.3399035e-02;1.4750000e+02;8.5174367e-02;1.4750000e+02;1.7103779e-01;1.4750000e+02;2.3423517e-01;1.4750000e+02;2.3884785e-01;1.4750000e+02;2.0493138e-01;1.4750000e+02;1.7792048e-01;1.4750000e+02;1.7474154e-01;1.4750000e+02;1.5329319e-01;1.4750000e+02;1.1325438e-01;1.4750000e+02;6.7858748e-02;1.4750000e+02;2.1074880e-02;1.4750000e+02;-2.6825942e-02;1.4750000e+02;-7.3944867e-02;1.4750000e+02;-1.2152211e-01;1.4750000e+02;-8.2752757e-02;1.4750000e+02;-7.3562697e-02;1.4750000e+02;-3.9544944e-02;1.4750000e+02;1.3399035e-02;1.4750000e+02;8.5174367e-02;1.4750000e+02;1.7103779e-01;1.4750000e+02;2.3423517e-01;1.4750000e+02;2.3884785e-01;1.4750000e+02;2.0493138e-01;1.4750000e+02;1.7792048e-01;1.4750000e+02;1.7474154e-01;1.4750000e+02;1.5329319e-01;1.4750000e+02;1.1325438e-01;1.4750000e+02;6.7858748e-02;1.4750000e+02;2.1074880e-02;1.4750000e+02;-2.6825942e-02;1.4750000e+02;-7.3944867e-02;1.4750000e+02;-1.2152211e-01;1.4750000e+02;-8.2752757e-02;1.4750000e+02;-7.3562697e-02;1.4750000e+02;-3.9544944e-02;1.4750000e+02;1.3399035e-02;1.4750000e+02;8.5174367e-02;1.4750000e+02;1.7103779e-01;1.4750000e+02;2.3423517e-01;1.4750000e+02;2.3884785e-01;1.4750000e+02;2.0493138e-01;1.4750000e+02;1.7792048e-01;1.4750000e+02;1.7474154e-01;1.4750000e+02;1.5329319e-01;1.4750000e+02;1.1325438e-01;1.4750000e+02;6.7858748e-02;1.4750000e+02;2.1074880e-02;1.4750000e+02;-2.6825942e-02;1.4750000e+02;-7.3944867e-02;1.4750000e+02;-1.2152211e-01;1.4750000e+02;-8.2752757e-02;1.4750000e+02;-7.3562697e-02;1.4750000e+02;-3.9544944e-02;1.4750000e+02;1.3399035e-02;1.4750000e+02;8.5174367e-02;1.4750000e+02;1.7103779e-01;1.4750000e+02;2.3423517e-01;1.4750000e+02;2.3884785e-01;1.4750000e+02;2.0493138e-01;1.4750000e+02;1.7792048e-01;1.4750000e+02;1.7474154e-01;1.4750000e+02;1.5329319e-01;1.4750000e+02;1.1325438e-01;1.4750000e+02;6.7858748e-02;1.4750000e+02;2.1074880e-02;1.4750000e+02;-2.6825942e-02;1.4750000e+02;-7.3944867e-02;1.4750000e+02;-1.2152211e-01;1.4750000e+02;-8.2752757e-02;1.4750000e+02;-7.3562697e-02;1.4750000e+02;-3.9544944e-02;1.4750000e+02;1.3399035e-02;1.4750000e+02;8.5174367e-02;1.4750000e+02;1.7103779e-01;1.4750000e+02;2.3423517e-01;1.4750000e+02;2.3884785e-01;1.4750000e+02;2.0493138e-01;1.4750000e+02;1.7792048e-01;1.4750000e+02;1.7474154e-01;1.4750000e+02;1.5329319e-01;1.4750000e+02;1.1325438e-01;1.4750000e+02;6.7858748e-02;1.4750000e+02;2.1074880e-02;1.4750000e+02;-2.6825942e-02;1.4750000e+02;-7.3944867e-02;1.4750000e+02;-1.2152211e-01;1.4750000e+02;-8.2752757e-02;1.4750000e+02;-7.3562697e-02;1.4750000e+02;-3.9544944e-02;1.4750000e+02;1.3399035e-02;1.4750000e+02;8.5174367e-02;1.4750000e+02;1.7103779e-01;1.4750000e+02;2.3423517e-01;1.4750000e+02;2.3884785e-01;1.4750000e+02;2.0493138e-01;1.4750000e+02;1.7792048e-01;1.4750000e+02;1.7474154e-01;1.4750000e+02;1.5329319e-01;1.4750000e+02;1.1325438e-01;1.4750000e+02;6.7858748e-02;1.4750000e+02;2.1074880e-02;1.4750000e+02;-2.6825942e-02;1.4750000e+02;-7.3944867e-02;1.4750000e+02;-1.2152211e-01;1.4750000e+02;-8.2752757e-02;1.4750000e+02;-7.3562697e-02;1.4750000e+02;-3.9544944e-02;1.4750000e+02;1.3399035e-02;1.4750000e+02;8.5174367e-02;1.4750000e+02;1.7103779e-01;1.4750000e+02;2.3423517e-01;1.4750000e+02;2.3884785e-01;1.4750000e+02;2.0493138e-01;1.4750000e+02;1.7792048e-01;1.4750000e+02;1.7474154e-01;1.4750000e+02;1.5329319e-01;1.4750000e+02;1.1325438e-01;1.4750000e+02;6.7858748e-02;1.4750000e+02;2.1074880e-02;1.4750000e+02;-2.6825942e-02;1.4750000e+02;-7.3944867e-02;1.4750000e+02;-1.2152211e-01;1.4750000e+02;-8.2752757e-02;1.4750000e+02;-7.3562697e-02;1.4750000e+02;-3.9544944e-02;1.4750000e+02;1.3399035e-02;1.4750000e+02;8.5174367e-02;1.4750000e+02;1.7103779e-01;1.4750000e+02;2.3423517e-01;1.4750000e+02;2.3884785e-01;1.4750000e+02;2.0493138e-01;1.4750000e+02;1.7792048e-01;1.4750000e+02;1.7474154e-01;1.4750000e+02;1.5329319e-01;1.4750000e+02;1.1325438e-01;1.4750000e+02;6.7858748e-02;1.4750000e+02;2.1074880e-02;1.4750000e+02;-2.6825942e-02;1.4750000e+02;-7.3944867e-02;1.4750000e+02;-1.2152211e-01;1.4750000e+02;-8.2752757e-02;1.4750000e+02;-7.3562697e-02;1.4750000e+02;-3.9544944e-02;1.4750000e+02;1.3399035e-02;1.4750000e+02;8.5174367e-02;1.4750000e+02;1.7103779e-01;1.4750000e+02;2.3423517e-01;1.4750000e+02;2.3884785e-01;1.4750000e+02;2.0493138e-01;1.4750000e+02;1.7792048e-01;1.4750000e+02;1.7474154e-01;1.4750000e+02;1.5329319e-01;1.4750000e+02;1.1325438e-01;1.4750000e+02;6.7858748e-02;1.4750000e+02;2.1074880e-02;1.4750000e+02;-2.6825942e-02;1.4750000e+02;-7.3944867e-02;1.4750000e+02;-1.2152211e-01;1.4750000e+02;-8.2752757e-02;1.4750000e+02;-7.3562697e-02;1.4750000e+02;-3.9544944e-02;1.4750000e+02;1.3399035e-02;1.4750000e+02;8.5174367e-02;1.4750000e+02;1.7103779e-01;1.4750000e+02;2.3423517e-01;1.4750000e+02;2.3884785e-01;1.4750000e+02;2.0493138e-01;1.4750000e+02;1.7792048e-01;1.4750000e+02;1.7474154e-01;1.4750000e+02;1.5329319e-01;1.4750000e+02;1.1325438e-01;1.4750000e+02;6.7858748e-02;1.4750000e+02;2.1074880e-02;1.4750000e+02;-2.6825942e-02;1.4750000e+02;-7.3944867e-02;1.4750000e+02;-1.2152211e-01;1.4750000e+02;-8.2752757e-02;1.4750000e+02;-7.3562697e-02;1.4750000e+02;-3.9544944e-02;1.4750000e+02;1.3399035e-02;1.4750000e+02;8.5174367e-02;1.4750000e+02;1.7103779e-01;1.4750000e+02;2.3423517e-01;1.4750000e+02;2.3884785e-01;1.4750000e+02;2.0493138e-01;1.4750000e+02;1.7792048e-01;1.4750000e+02;1.7474154e-01;1.4750000e+02;1.5329319e-01;1.4750000e+02;1.1325438e-01;1.4750000e+02;6.7858748e-02;1.4750000e+02;2.1074880e-02;1.4750000e+02;-2.6825942e-02;1.4750000e+02;-7.3944867e-02;1.4750000e+02;-1.2152211e-01;1.4750000e+02;-8.2752757e-02;1.4750000e+02;-7.3562697e-02;1.4750000e+02;-3.9544944e-02;1.4750000e+02;1.3399035e-02;1.4750000e+02;8.5174367e-02;1.4750000e+02;1.7103779e-01;1.4750000e+02;2.3423517e-01;1.4750000e+02;2.3884785e-01;1.4750000e+02;2.0493138e-01;1.4750000e+02;1.7792048e-01;1.4750000e+02;1.7474154e-01;1.4750000e+02;1.5329319e-01;1.4750000e+02;1.1325438e-01;1.4750000e+02;6.7858748e-02;1.4750000e+02;2.1074880e-02;1.4750000e+02;-2.6825942e-02;1.4750000e+02;-7.3944867e-02;1.4750000e+02;-1.2152211e-01;1.4750000e+02;-8.2752757e-02;1.4750000e+02;-7.3562697e-02;1.4750000e+02;-3.9544944e-02;1.4750000e+02;1.3399035e-02;1.4750000e+02;8.5174367e-02;1.4750000e+02;1.7103779e-01;1.4750000e+02;2.3423517e-01;1.4750000e+02;2.3884785e-01;1.4750000e+02;2.0493138e-01;1.4750000e+02;1.7792048e-01;1.4750000e+02;1.7474154e-01;1.4750000e+02;1.5329319e-01;1.4750000e+02;1.1325438e-01;1.4750000e+02;6.7858748e-02;1.4750000e+02;2.1074880e-02;1.4750000e+02;-2.6825942e-02;1.4750000e+02;-7.3944867e-02;1.4750000e+02;-1.2152211e-01;1.4750000e+02;-8.2752757e-02;1.4750000e+02;-7.3562697e-02;1.4750000e+02;-3.9544944e-02;1.4750000e+02;1.3399035e-02;1.4750000e+02;8.5174367e-02;1.4750000e+02;1.7103779e-01;1.4750000e+02;2.3423517e-01;1.4750000e+02;2.3884785e-01;1.4750000e+02;2.0493138e-01;1.4750000e+02;1.7792048e-01;1.4750000e+02;1.7474154e-01;1.4750000e+02;1.5329319e-01;1.4750000e+02;1.1325438e-01;1.4750000e+02;6.7858748e-02;1.4750000e+02;2.1074880e-02;1.4750000e+02;-2.6825942e-02;1.4750000e+02;-7.3944867e-02;1.4750000e+02;-1.2152211e-01;1.4750000e+02;-8.2752757e-02;1.4750000e+02;-7.3562697e-02;1.4750000e+02;-3.9544944e-02;1.4750000e+02;1.3399035e-02;1.4750000e+02;8.5174367e-02;1.4750000e+02;1.7103779e-01;1.4750000e+02;2.3423517e-01;1.4750000e+02;2.3884785e-01;1.4750000e+02;2.0493138e-01;1.4750000e+02;1.7792048e-01;1.4750000e+02;1.7474154e-01;1.4750000e+02;1.5329319e-01;1.4750000e+02;1.1325438e-01;1.4750000e+02;6.7858748e-02;1.4750000e+02;2.1074880e-02;1.4750000e+02;-2.6825942e-02;1.4750000e+02;-7.3944867e-02;1.4750000e+02;-1.2152211e-01
1.5250000e+02;-7.5365603e-02;1.5250000e+02;-5.9184879e-02;1.5250000e+02;-2.1605439e-02;1.5250000e+02;3.7350796e-02;1.5250000e+02;1.1795074e-01;1.5250000e+02;2.1036761e-01;1.5250000e+02;2.6974106e-01;1.5250000e+02;2.6178497e-01;1.5250000e+02;2.2146222e-01;1.5250000e+02;1.8674845e-01;1.5250000e+02;1.7380922e-01;1.5250000e+02;1.5251786e-01;1.5250000e+02;1.1433408e-01;1.5250000e+02;6.9465324e-02;1.5250000e+02;2.3241702e-02;1.5250000e+02;-2.3459967e-02;1.5250000e+02;-6.9986880e-02;1.5250000e+02;-1.1922804e-01;1.5250000e+02;-7.5365603e-02;1.5250000e+02;-5.9184879e-02;1.5250000e+02;-2.1605439e-02;1.5250000e+02;3.7350796e-02;1.5250000e+02;1.1795074e-01;1.5250000e+02;2.1036761e-01;1.5250000e+02;2.6974106e-01;1.5250000e+02;2.6178497e-01;1.5250000e+02;2.2146222e-01;1.5250000e+02;1.8674845e-01;1.5250000e+02;1.7380922e-01;1.5250000e+02;1.5251786e-01;1.5250000e+02;1.1433408e-01;1.5250000e+02;6.9465324e-02;1.5250000e+02;2.3241702e-02;1.5250000e+02;-2.3459967e-02;1.5250000e+02;-6.9986880e-02;1.5250000e+02;-1.1922804e-01;1.5250000e+02;-7.5365603e-02;1.5250000e+02;-5.9184879e-02;1.5250000e+02;-2.1605439e-02;1.5250000e+02;3.7350796e-02;1.5250000e+02;1.1795074e-01;1.5250000e+02;2.1036761e-01;1.5250000e+02;2.6974106e-01;1.5250000e+02;2.6178497e-01;1.5250000e+02;2.2146222e-01;1.5250000e+02;1.8674845e-01;1.5250000e+02;1.7380922e-01;1.5250000e+02;1.5251786e-01;1.5250000e+02;1.1433408e-01;1.5250000e+02;6.9465324e-02;1.5250000e+02;2.3241702e-02;1.5250000e+02;-2.3459967e-02;1.5250000e+02;-6.9986880e-02;1.5250000e+02;-1.1922804e-01;1.5250000e+02;-7.5365603e-02;1.5250000e+02;-5.9184879e-02;1.5250000e+02;-2.1605439e-02;1.5250000e+02;3.7350796e-02;1.5250000e+02;1.1795074e-01;1.5250000e+02;2.1036761e-01;1.5250000e+02;2.6974106e-01;1.5250000e+02;2.6178497e-01;1.5250000e+02;2.2146222e-01;1.5250000e+02;1.8674845e-01;1.5250000e+02;1.7380922e-01;1.5250000e+02;1.5251786e-01;1.5250000e+02;1.1433408e-01;1.5250000e+02;6.9465324e-02;1.5250000e+02;2.3241702e-02;1.5250000e+02;-2.3459967e-02;1.5250000e+02;-6.9986880e-02;1.5250000e+02;-1.1922804e-01;1.5250000e+02;-7.5365603e-02;1.5250000e+02;-5.9184879e-02;1.5250000e+02;-2.1605439e-02;1.5250000e+02;3.7350796e-02;1.5250000e+02;1.1795074e-01;1.5250000e+02;2.1036761e-01;1.5250000e+02;2.6974106e-01;1.5250000e+02;2.6178497e-01;1.5250000e+02;2.2146222e-01;1.5250000e+02;1.8674845e-01;1.5250000e+02;1.7380922e-01;1.5250000e+02;1.5251786e-01;1.5250000e+02;1.1433408e-01;1.5250000e+02;6.9465324e-02;1.5250000e+02;2.3241702e-02;1.5250000e+02;-2.3459967e-02;1.5250000e+02;-6.9986880e-02;1.5250000e+02;-1.1922804e-01;1.5250000e+02;-7.5365603e-02;1.5250000e+02;-5.9184879e-02;1.5250000e+02;-2.1605439e-02;1.5250000e+02;3.7350796e-02;1.5250000e+02;1.1795074e-01;1.5250000e+02;2.1036761e-01;1.5250000e+02;2.6974106e-01;1.5250000e+02;2.6178497e-01;1.5250000e+02;2.2146222e-01;1.5250000e+02;1.8674845e-01;1.5250000e+02;1.7380922e-01;1.5250000e+02;1.5251786e-01;1.5250000e+02;1.1433408e-01;1.5250000e+02;6.9465324e-02;1.5250000e+02;2.3241702e-02;1.5250000e+02;-2.3459967e-02;1.5250000e+02;-6.9986880e-02;1.5250000e+02;-1.1922804e-01;1.5250000e+02;-7.5365603e-02;1.5250000e+02;-5.9184879e-02;1.5250000e+02;-2.1605439e-02;1.5250000e+02;3.7350796e-02;1.5250000e+02;1.1795074e-01;1.5250000e+02;2.1036761e-01;1.5250000e+02;2.6974106e-01;1.5250000e+02;2.6178497e-01;1.5250000e+02;2.2146222e-01;1.5250000e+02;1.8674845e-01;1.5250000e+02;1.7380922e-01;1.5250000e+02;1.5251786e-01;1.5250000e+02;1.1433408e-01;1.5250000e+02;6.9465324e-02;1.5250000e+02;2.3241702e-02;1.5250000e+02;-2.3459967e-02;1.5250000e+02;-6.9986880e-02;1.5250000e+02;-1.1922804e-01;1.5250000e+02;-7.5365603e-02;1.5250000e+02;-5.9184879e-02;1.5250000e+02;-2.1605439e-02;1.5250000e+02;3.7350796e-02;1.5250000e+02;1.1795074e-01;1.5250000e+02;2.1036761e-01;1.5250000e+02;2.6974106e-01;1.5250000e+02;2.6178497e-01;1.5250000e+02;2.2146222e-01;1.5250000e+02;1.8674845e-01;1.5250000e+02;1.7380922e-01;1.5250000e+02;1.5251786e-01;1.5250000e+02;1.1433408e-01;1.5250000e+02;6.9465324e-02;1.5250000e+02;2.3241702e-02;1.5250000e+02;-2.3459967e-02;1.5250000e+02;-6.9986880e-02;1.5250000e+02;-1.1922804e-01;1.5250000e+02;-7.5365603e-02;1.5250000e+02;-5.9184879e-02;1.5250000e+02;-2.1605439e-02;1.5250000e+02;3.7350796e-02;1.5250000e+02;1.1795074e-01;1.5250000e+02;2.1036761e-01;1.5250000e+02;2.6974106e-01;1.5250000e+02;2.6178497e-01;1.5250000e+02;2.2146222e-01;1.5250000e+02;1.8674845e-01;1.5250000e+02;1.7380922e-01;1.5250000e+02;1.5251786e-01;1.5250000e+02;1.1433408e-01;1.5250000e+02;6.9465324e-02;1.5250000e+02;2.3241702e-02;1.5250000e+02;-2.3459967e-02;1.5250000e+02;-6.9986880e-02;1.5250000e+02;-1.1922804e-01;1.5250000e+02;-7.5365603e-02;1.5250000e+02;-5.9184879e-02;1.5250000e+02;-2.1605439e-02;1.5250000e+02;3.7350796e-02;1.5250000e+02;1.1795074e-01;1.5250000e+02;2.1036761e-01;1.5250000e+02;2.6974106e-01;1.5250000e+02;2.6178497e-01;1.5250000e+02;2.2146222e-01;1.5250000e+02;1.8674845e-01;1.5250000e+02;1.7380922e-01;1.5250000e+02;1.5251786e-01;1.5250000e+02;1.1433408e-01;1.5250000e+02;6.9465324e-02;1.5250000e+02;2.3241702e-02;1.5250000e+02;-2.3459967e-02;1.5250000e+02;-6.9986880e-02;1.5250000e+02;-1.1922804e-01;1.5250000e+02;-7.5365603e-02;1.5250000e+02;-5.9184879e-02;1.5250000e+02;-2.1605439e-02;1.5250000e+02;3.7350796e-02;1.5250000e+02;1.1795074e-01;1.5250000e+02;2.1036761e-01;1.5250000e+02;2.6974106e-01;1.5250000e+02;2.6178497e-01;1.5250000e+02;2.2146222e-01;1.5250000e+02;1.8674845e-01;1.5250000e+02;1.7380922e-01;1.5250000e+02;1.5251786e-01;1.5250000e+02;1.1433408e-01;1.5250000e+02;6.9465324e-02;1.5250000e+02;2.3241702e-02;1.5250000e+02;-2.3459967e-02;1.5250000e+02;-6.9986880e-02;1.5250000e+02;-1.1922804e-01;1.5250000e+02;-7.5365603e-02;1.5250000e+02;-5.9184879e-02;1.5250000e+02;-2.1605439e-02;1.5250000e+02;3.7350796e-02;1.5250000e+02;1.1795074e-01;1.5250000e+02;2.1036761e-01;1.5250000e+02;2.6974106e-01;1.5250000e+02;2.6178497e-01;1.5250000e+02;2.2146222e-01;1.5250000e+02;1.8674845e-01;1.5250000e+02;1.7380922e-01;1.5250000e+02;1.5251786e-01;1.5250000e+02;1.1433408e-01;1.5250000e+02;6.9465324e-02;1.5250000e+02;2.3241702e-02;1.5250000e+02;-2.3459967e-02;1.5250000e+02;-6.9986880e-02;1.5250000e+02;-1.1922804e-01;1.5250000e+02;-7.5365603e-02;1.5250000e+02;-5.9184879e-02;1.5250000e+02;-2.1605439e-02;1.5250000e+02;3.7350796e-02;1.5250000e+02;1.1795074e-01;1.5250000e+02;2.1036761e-01;1.5250000e+02;2.6974106e-01;1.5250000e+02;2.6178497e-01;1.5250000e+02;2.2146222e-01;1.5250000e+02;1.8674845e-01;1.5250000e+02;1.7380922e-01;1.5250000e+02;1.5251786e-01;1.5250000e+02;1.1433408e-01;1.5250000e+02;6.9465324e-02;1.5250000e+02;2.3241702e-02;1.5250000e+02;-2.3459967e-02;1.5250000e+02;-6.9986880e-02;1.5250000e+02;-1.1922804e-01;1.5250000e+02;-7.5365603e-02;1.5250000e+02;-5.9184879e-02;1.5250000e+02;-2.1605439e-02;1.5250000e+02;3.7350796e-02;1.5250000e+02;1.1795074e-01;1.5250000e+02;2.1036761e-01;1.5250000e+02;2.6974106e-01;1.5250000e+02;2.6178497e-01;1.5250000e+02;2.2146222e-01;1.5250000e+02;1.8674845e-01;1.5250000e+02;1.7380922e-01;1.5250000e+02;1.5251786e-01;1.5250000e+02;1.1433408e-01;1.5250000e+02;6.9465324e-02;1.5250000e+02;2.3241702e-02;1.5250000e+02;-2.3459967e-02;1.5250000e+02;-6.9986880e-02;1.5250000e+02;-1.1922804e-01;1.5250000e+02;-7.5365603e-02;1.5250000e+02;-5.9184879e-02;1.5250000e+02;-2.1605439e-02;1.5250000e+02;3.7350796e-02;1.5250000e+02;1.1795074e-01;1.5250000e+02;2.1036761e-01;1.5250000e+02;2.6974106e-01;1.5250000e+02;2.6178497e-01;1.5250000e+02;2.2146222e-01;1.5250000e+02;1.8674845e-01;1.5250000e+02;1.7380922e-01;1.5250000e+02;1.5251786e-01;1.5250000e+02;1.1433408e-01;1.5250000e+02;6.9465324e-02;1.5250000e+02;2.3241702e-02;1.5250000e+02;-2.3459967e-02;1.5250000e+02;-6.9986880e-02;1.5250000e+02;-1.1922804e-01;1.5250000e+02;-7.5365603e-02;1.5250000e+02;-5.9184879e-02;1.5250000e+02;-2.1605439e-02;1.5250000e+02;3.7350796e-02;1.5250000e+02;1.1795074e-01;1.5250000e+02;2.1036761e-01;1.5250000e+02;2.6974106e-01;1.5250000e+02;2.6178497e-01;1.5250000e+02;2.2146222e-01;1.5250000e+02;1.8674845e-01;1.5250000e+02;1.7380922e-01;1.5250000e+02;1.5251786e-01;1.5250000e+02;1.1433408e-01;1.5250000e+02;6.9465324e-02;1.5250000e+02;2.3241702e-02;1.5250000e+02;-2.3459967e-02;1.5250000e+02;-6.9986880e-02;1.5250000e+02;-1.1922804e-01;1.5250000e+02;-7.5365603e-02;1.5250000e+02;-5.9184879e-02;1.5250000e+02;-2.1605439e-02;1.5250000e+02;3.7350796e-02;1.5250000e+02;1.1795074e-01;1.5250000e+02;2.1036761e-01;1.5250000e+02;2.6974106e-01;1.5250000e+02;2.6178497e-01;1.5250000e+02;2.2146222e-01;1.5250000e+02;1.8674845e-01;1.5250000e+02;1.7380922e-01;1.5250000e+02;1.5251786e-01;1.5250000e+02;1.1433408e-01;1.5250000e+02;6.9465324e-02;1.5250000e+02;2.3241702e-02;1.5250000e+02;-2.3459967e-02;1.5250000e+02;-6.9986880e-02;1.5250000e+02;-1.1922804e-01;1.5250000e+02;-7.5365603e-02;1.5250000e+02;-5.9184879e-02;1.5250000e+02;-2.1605439e-02;1.5250000e+02;3.7350796e-02;1.5250000e+02;1.1795074e-01;1.5250000e+02;2.1036761e-01;1.5250000e+02;2.6974106e-01;1.5250000e+02;2.6178497e-01;1.5250000e+02;2.2146222e-01;1.5250000e+02;1.8674845e-01;1.5250000e+02;1.7380922e-01;1.5250000e+02;1.5251786e-01;1.5250000e+02;1.1433408e-01;1.5250000e+02;6.9465324e-02;1.5250000e+02;2.3241702e-02;1.5250000e+02;-2.3459967e-02;1.5250000e+02;-6.9986880e-02;1.5250000e+02;-1.1922804e-01;1.5250000e+02;-7.5365603e-02;1.5250000e+02;-5.9184879e-02;1.5250000e+02;-2.1605439e-02;1.5250000e+02;3.7350796e-02;1.5250000e+02;1.1795074e-01;1.5250000e+02;2.1036761e-01;1.5250000e+02;2.6974106e-01;1.5250000e+02;2.6178497e-01;1.5250000e+02;2.2146222e-01;1.5250000e+02;1.8674845e-01;1.5250000e+02;1.7380922e-01;1.5250000e+02;1.5251786e-01;1.5250000e+02;1.1433408e-01;1.5250000e+02;6.9465324e-02;1.5250000e+02;2.3241702e-02;1.5250000e+02;-2.3459967e-02;1.5250000e+02;-6.9986880e-02;1.5250000e+02;-1.1922804e-01;1.5250000e+02;-7.5365603e-02;1.5250000e+02;-5.9184879e-02;1.5250000e+02;-2.1605439e-02;1.5250000e+02;3.7350796e-02;1.5250000e+02;1.1795074e-01;1.5250000e+02;2.1036761e-01;1.5250000e+02;2.6974106e-01;1.5250000e+02;2.6178497e-01;1.5250000e+02;2.2146222e-01;1.5250000e+02;1.8674845e-01;1.5250000e+02;1.7380922e-01;1.5250000e+02;1.5251786e-01;1.5250000e+02;1.1433408e-01;1.5250000e+02;6.9465324e-02;1.5250000e+02;2.3241702e-02;1.5250000e+02;-2.3459967e-02;1.5250000e+02;-6.9986880e-02;1.5250000e+02;-1.1922804e-01;1.5250000e+02;-7.5365603e-02;1.5250000e+02;-5.9184879e-02;1.5250000e+02;-2.1605439e-02;1.5250000e+02;3.7350796e-02;1.5250000e+02;1.1795074e-01;1.5250000e+02;2.1036761e-01;1.5250000e+02;2.6974106e-01;1.5250000e+02;2.6178497e-01;1.5250000e+02;2.2146222e-01;1.5250000e+02;1.8674845e-01;1.5250000e+02;1.7380922e-01;1.5250000e+02;1.5251786e-01;1.5250000e+02;1.1433408e-01;1.5250000e+02;6.9465324e-02;1.5250000e+02;2.3241702e-02;1.5250000e+02;-2.3459967e-02;1.5250000e+02;-6.9986880e-02;1.5250000e+02;-1.1922804e-01;1.5250000e+02;-7.5365603e-02;1.5250000e+02;-5.9184879e-02;1.5250000e+02;-2.1605439e-02;1.5250000e+02;3.7350796e-02;1.5250000e+02;1.1795074e-01;1.5250000e+02;2.1036761e-01;1.5250000e+02;2.6974106e-01;1.5250000e+02;2.6178497e-01;1.5250000e+02;2.2146222e-01;1.5250000e+02;1.8674845e-01;1.5250000e+02;1.7380922e-01;1.5250000e+02;1.5251786e-01;1.5250000e+02;1.1433408e-01;1.5250000e+02;6.9465324e-02;1.5250000e+02;2.3241702e-02;1.5250000e+02;-2.3459967e-02;1.5250000e+02;-6.9986880e-02;1.5250000e+02;-1.1922804e-01;1.5250000e+02;-7.5365603e-02;1.5250000e+02;-5.9184879e-02;1.5250000e+02;-2.1605439e-02;1.5250000e+02;3.7350796e-02;1.5250000e+02;1.1795074e-01;1.5250000e+02;2.1036761e-01;1.5250000e+02;2.6974106e-01;1.5250000e+02;2.6178497e-01;1.5250000e+02;2.2146222e-01;1.5250000e+02;1.8674845e-01;1.5250000e+02;1.7380922e-01;1.5250000e+02;1.5251786e-01;1.5250000e+02;1.1433408e-01;1.5250000e+02;6.9465324e-02;1.5250000e+02;2.3241702e-02;1.5250000e+02;-2.3459967e-02;1.5250000e+02;-6.9986880e-02;1.5250000e+02;-1.1922804e-01;1.5250000e+02;-7.5365603e-02;1.5250000e+02;-5.9184879e-02;1.5250000e+02;-2.1605439e-02;1.5250000e+02;3.7350796e-02;1.5250000e+02;1.1795074e-01;1.5250000e+02;2.1036761e-01;1.5250000e+02;2.6974106e-01;1.5250000e+02;2.6178497e-01;1.5250000e+02;2.2146222e-01;1.5250000e+02;1.8674845e-01;1.5250000e+02;1.7380922e-01;1.5250000e+02;1.5251786e-01;1.5250000e+02;1.1433408e-01;1.5250000e+02;6.9465324e-02;1.5250000e+02;2.3241702e-02;1.5250000e+02;-2.3459967e-02;1.5250000e+02;-6.9986880e-02;1.5250000e+02;-1.1922804e-01;1.5250000e+02;-7.5365603e-02;1.5250000e+02;-5.9184879e-02;1.5250000e+02;-2.1605439e-02;1.5250000e+02;3.7350796e-02;1.5250000e+02;1.1795074e-01;1.5250000e+02;2.1036761e-01;1.5250000e+02;2.6974106e-01;1.5250000e+02;2.6178497e-01;1.5250000e+02;2.2146222e-01;1.5250000e+02;1.8674845e-01;1.5250000e+02;1.7380922e-01;1.5250000e+02;1.5251786e-01;1.5250000e+02;1.1433408e-01;1.5250000e+02;6.9465324e-02;1.5250000e+02;2.3241702e-02;1.5250000e+02;-2.3459967e-02;1.5250000e+02;-6.9986880e-02;1.5250000e+02;-1.1922804e-01;1.5250000e+02;-7.5365603e-02;1.5250000e+02;-5.9184879e-02;1.5250000e+02;-2.1605439e-02;1.5250000e+02;3.7350796e-02;1.5250000e+02;1.1795074e-01;1.5250000e+02;2.1036761e-01;1.5250000e+02;2.6974106e-01;1.5250000e+02;2.6178497e-01;1.5250000e+02;2.2146222e-01;1.5250000e+02;1.8674845e-01;1.5250000e+02;1.7380922e-01;1.5250000e+02;1.5251786e-01;1.5250000e+02;1.1433408e-01;1.5250000e+02;6.9465324e-02;1.5250000e+02;2.3241702e-02;1.5250000e+02;-2.3459967e-02;1.5250000e+02;-6.9986880e-02;1.5250000e+02;-1.1922804e-01;1.5250000e+02;-7.5365603e-02;1.5250000e+02;-5.9184879e-02;1.5250000e+02;-2.1605439e-02;1.5250000e+02;3.7350796e-02;1.5250000e+02;1.1795074e-01;1.5250000e+02;2.1036761e-01;1.5250000e+02;2.6974106e-01;1.5250000e+02;2.6178497e-01;1.5250000e+02;2.2146222e-01;1.5250000e+02;1.8674845e-01;1.5250000e+02;1.7380922e-01;1.5250000e+02;1.5251786e-01;1.5250000e+02;1.1433408e-01;1.5250000e+02;6.9465324e-02;1.5250000e+02;2.3241702e-02;1.5250000e+02;-2.3459967e-02;1.5250000e+02;-6.9986880e-02;1.5250000e+02;-1.1922804e-01;1.5250000e+02;-7.5365603e-02;1.5250000e+02;-5.9184879e-02;1.5250000e+02;-2.1605439e-02;1.5250000e+02;3.7350796e-02;1.5250000e+02;1.1795074e-01;1.5250000e+02;2.1036761e-01;1.5250000e+02;2.6974106e-01;1.5250000e+02;2.6178497e-01;1.5250000e+02;2.2146222e-01;1.5250000e+02;1.8674845e-01;1.5250000e+02;1.7380922e-01;1.5250000e+02;1.5251786e-01;1.5250000e+02;1.1433408e-01;1.5250000e+02;6.9465324e-02;1.5250000e+02;2.3241702e-02;1.5250000e+02;-2.3459967e-02;1.5250000e+02;-6.9986880e-02;1.5250000e+02;-1.1922804e-01;1.5250000e+02;-7.5365603e-02;1.5250000e+02;-5.9184879e-02;1.5250000e+02;-2.1605439e-02;1.5250000e+02;3.7350796e-02;1.5250000e+02;1.1795074e-01;1.5250000e+02;2.1036761e-01;1.5250000e+02;2.6974106e-01;1.5250000e+02;2.6178497e-01;1.5250000e+02;2.2146222e-01;1.5250000e+02;1.8674845e-01;1.5250000e+02;1.7380922e-01;1.5250000e+02;1.5251786e-01;1.5250000e+02;1.1433408e-01;1.5250000e+02;6.9465324e-02;1.5250000e+02;2.3241702e-02;1.5250000e+02;-2.3459967e-02;1.5250000e+02;-6.9986880e-02;1.5250000e+02;-1.1922804e-01;1.5250000e+02;-7.5365603e-02;1.5250000e+02;-5.9184879e-02;1.5250000e+02;-2.1605439e-02;1.5250000e+02;3.7350796e-02;1.5250000e+02;1.1795074e-01;1.5250000e+02;2.1036761e-01;1.5250000e+02;2.6974106e-01;1.5250000e+02;2.6178497e-01;1.5250000e+02;2.2146222e-01;1.5250000e+02;1.8674845e-01;1.5250000e+02;1.7380922e-01;1.5250000e+02;1.5251786e-01;1.5250000e+02;1.1433408e-01;1.5250000e+02;6.9465324e-02;1.5250000e+02;2.3241702e-02;1.5250000e+02;-2.3459967e-02;1.5250000e+02;-6.9986880e-02;1.5250000e+02;-1.1922804e-01;1.5250000e+02;-7.5365603e-02;1.5250000e+02;-5.9184879e-02;1.5250000e+02;-2.1605439e-02;1.5250000e+02;3.7350796e-02;1.5250000e+02;1.1795074e-01;1.5250000e+02;2.1036761e-01;1.5250000e+02;2.6974106e-01;1.5250000e+02;2.6178497e-01;1.5250000e+02;2.2146222e-01;1.5250000e+02;1.8674845e-01;1.5250000e+02;1.7380922e-01;1.5250000e+02;1.5251786e-01;1.5250000e+02;1.1433408e-01;1.5250000e+02;6.9465324e-02;1.5250000e+02;2.3241702e-02;1.5250000e+02;-2.3459967e-02;1.5250000e+02;-6.9986880e-02;1.5250000e+02;-1.1922804e-01;1.5250000e+02;-7.5365603e-02;1.5250000e+02;-5.9184879e-02;1.5250000e+02;-2.1605439e-02;1.5250000e+02;3.7350796e-02;1.5250000e+02;1.1795074e-01;1.5250000e+02;2.1036761e-01;1.5250000e+02;2.6974106e-01;1.5250000e+02;2.6178497e-01;1.5250000e+02;2.2146222e-01;1.5250000e+02;1.8674845e-01;1.5250000e+02;1.7380922e-01;1.5250000e+02;1.5251786e-01;1.5250000e+02;1.1433408e-01;1.5250000e+02;6.9465324e-02;1.5250000e+02;2.3241702e-02;1.5250000e+02;-2.3459967e-02;1.5250000e+02;-6.9986880e-02;1.5250000e+02;-1.1922804e-01;1.5250000e+02;-7.5365603e-02;1.5250000e+02;-5.9184879e-02;1.5250000e+02;-2.1605439e-02;1.5250000e+02;3.7350796e-02;1.5250000e+02;1.1795074e-01;1.5250000e+02;2.1036761e-01;1.5250000e+02;2.6974106e-01;1.5250000e+02;2.6178497e-01;1.5250000e+02;2.2146222e-01;1.5250000e+02;1.8674845e-01;1.5250000e+02;1.7380922e-01;1.5250000e+02;1.5251786e-01;1.5250000e+02;1.1433408e-01;1.5250000e+02;6.9465324e-02;1.5250000e+02;2.3241702e-02;1.5250000e+02;-2.3459967e-02;1.5250000e+02;-6.9986880e-02;1.5250000e+02;-1.1922804e-01;1.5250000e+02;-7.5365603e-02;1.5250000e+02;-5.9184879e-02;1.5250000e+02;-2.1605439e-02;1.5250000e+02;3.7350796e-02;1.5250000e+02;1.1795074e-01;1.5250000e+02;2.1036761e-01;1.5250000e+02;2.6974106e-01;1.5250000e+02;2.6178497e-01;1.5250000e+02;2.2146222e-01;1.5250000e+02;1.8674845e-01;1.5250000e+02;1.7380922e-01;1.5250000e+02;1.5251786e-01;1.5250000e+02;1.1433408e-01;1.5250000e+02;6.9465324e-02;1.5250000e+02;2.3241702e-02;1.5250000e+02;-2.3459967e-02;1.5250000e+02;-6.9986880e-02;1.5250000e+02;-1.1922804e-01;1.5250000e+02;-7.5365603e-02;1.5250000e+02;-5.9184879e-02;1.5250000e+02;-2.1605439e-02;1.5250000e+02;3.7350796e-02;1.5250000e+02;1.1795074e-01;1.5250000e+02;2.1036761e-01;1.5250000e+02;2.6974106e-01;1.5250000e+02;2.6178497e-01;1.5250000e+02;2.2146222e-01;1.5250000e+02;1.8674845e-01;1.5250000e+02;1.7380922e-01;1.5250000e+02;1.5251786e-01;1.5250000e+02;1.1433408e-01;1.5250000e+02;6.9465324e-02;1.5250000e+02;2.3241702e-02;1.5250000e+02;-2.3459967e-02;1.5250000e+02;-6.9986880e-02;1.5250000e+02;-1.1922804e-01;1.5250000e+02;-7.5365603e-02;1.5250000e+02;-5.9184879e-02;1.5250000e+02;-2.1605439e-02;1.5250000e+02;3.7350796e-02;1.5250000e+02;1.1795074e-01;1.5250000e+02;2.1036761e-01;1.5250000e+02;2.6974106e-01;1.5250000e+02;2.6178497e-01;1.5250000e+02;2.2146222e-01;1.5250000e+02;1.8674845e-01;1.5250000e+02;1.7380922e-01;1.5250000e+02;1.5251786e-01;1.5250000e+02;1.1433408e-01;1.5250000e+02;6.9465324e-02;1.5250000e+02;2.3241702e-02;1.5250000e+02;-2.3459967e-02;1.5250000e+02;-6.9986880e-02;1.5250000e+02;-1.1922804e-01;1.5250000e+02;-7.5365603e-02;1.5250000e+02;-5.9184879e-02;1.5250000e+02;-2.1605439e-02;1.5250000e+02;3.7350796e-02;1.5250000e+02;1.1795074e-01;1.5250000e+02;2.1036761e-01;1.5250000e+02;2.6974106e-01;1.5250000e+02;2.6178497e-01;1.5250000e+02;2.2146222e-01;1.5250000e+02;1.8674845e-01;1.5250000e+02;1.7380922e-01;1.5250000e+02;1.5251786e-01;1.5250000e+02;1.1433408e-01;1.5250000e+02;6.9465324e-02;1.5250000e+02;2.3241702e-02;1.5250000e+02;-2.3459967e-02;1.5250000e+02;-6.9986880e-02;1.5250000e+02;-1.1922804e-01;1.5250000e+02;-7.5365603e-02;1.5250000e+02;-5.9184879e-02;1.5250000e+02;-2.1605439e-02;1.5250000e+02;3.7350796e-02;1.5250000e+02;1.1795074e-01;1.5250000e+02;2.1036761e-01;1.5250000e+02;2.6974106e-01;1.5250000e+02;2.6178497e-01;1.5250000e+02;2.2146222e-01;1.5250000e+02;1.8674845e-01;1.5250000e+02;1.7380922e-01;1.5250000e+02;1.5251786e-01;1.5250000e+02;1.1433408e-01;1.5250000e+02;6.9465324e-02;1.5250000e+02;2.3241702e-02;1.5250000e+02;-2.3459967e-02;1.5250000e+02;-6.9986880e-02;1.5250000e+02;-1.1922804e-01;1.5250000e+02;-7.5365603e-02;1.5250000e+02;-5.9184879e-02;1.5250000e+02;-2.1605439e-02;1.5250000e+02;3.7350796e-02;1.5250000e+02;1.1795074e-01;1.5250000e+02;2.1036761e-01;1.5250000e+02;2.6974106e-01;1.5250000e+02;2.6178497e-01;1.5250000e+02;2.2146222e-01;1.5250000e+02;1.8674845e-01;1.5250000e+02;1.7380922e-01;1.5250000e+02;1.5251786e-01;1.5250000e+02;1.1433408e-01;1.5250000e+02;6.9465324e-02;1.5250000e+02;2.3241702e-02;1.5250000e+02;-2.3459967e-02;1.5250000e+02;-6.9986880e-02;1.5250000e+02;-1.1922804e-01;1.5250000e+02;-7.5365603e-02;1.5250000e+02;-5.9184879e-02;1.5250000e+02;-2.1605439e-02;1.5250000e+02;3.7350796e-02;1.5250000e+02;1.1795074e-01;1.5250000e+02;2.1036761e-01;1.5250000e+02;2.6974106e-01;1.5250000e+02;2.6178497e-01;1.5250000e+02;2.2146222e-01;1.5250000e+02;1.8674845e-01;1.5250000e+02;1.7380922e-01;1.5250000e+02;1.5251786e-01;1.5250000e+02;1.1433408e-01;1.5250000e+02;6.9465324e-02;1.5250000e+02;2.3241702e-02;1.5250000e+02;-2.3459967e-02;1.5250000e+02;-6.9986880e-02;1.5250000e+02;-1.1922804e-01;1.5250000e+02;-7.5365603e-02;1.5250000e+02;-5.9184879e-02;1.5250000e+02;-2.1605439e-02;1.5250000e+02;3.7350796e-02;1.5250000e+02;1.1795074e-01;1.5250000e+02;2.1036761e-01;1.5250000e+02;2.6974106e-01;1.5250000e+02;2.6178497e-01;1.5250000e+02;2.2146222e-01;1.5250000e+02;1.8674845e-01;1.5250000e+02;1.7380922e-01;1.5250000e+02;1.5251786e-01;1.5250000e+02;1.1433408e-01;1.5250000e+02;6.9465324e-02;1.5250000e+02;2.3241702e-02;1.5250000e+02;-2.3459967e-02;1.5250000e+02;-6.9986880e-02;1.5250000e+02;-1.1922804e-01;1.5250000e+02;-7.5365603e-02;1.5250000e+02;-5.9184879e-02;1.5250000e+02;-2.1605439e-02;1.5250000e+02;3.7350796e-02;1.5250000e+02;1.1795074e-01;1.5250000e+02;2.1036761e-01;1.5250000e+02;2.6974106e-01;1.5250000e+02;2.6178497e-01;1.5250000e+02;2.2146222e-01;1.5250000e+02;1.8674845e-01;1.5250000e+02;1.7380922e-01;1.5250000e+02;1.5251786e-01;1.5250000e+02;1.1433408e-01;1.5250000e+02;6.9465324e-02;1.5250000e+02;2.3241702e-02;1.5250000e+02;-2.3459967e-02;1.5250000e+02;-6.9986880e-02;1.5250000e+02;-1.1922804e-01;1.5250000e+02;-7.5365603e-02;1.5250000e+02;-5.9184879e-02;1.5250000e+02;-2.1605439e-02;1.5250000e+02;3.7350796e-02;1.5250000e+02;1.1795074e-01;1.5250000e+02;2.1036761e-01;1.5250000e+02;2.6974106e-01;1.5250000e+02;2.6178497e-01;1.5250000e+02;2.2146222e-01;1.5250000e+02;1.8674845e-01;1.5250000e+02;1.7380922e-01;1.5250000e+02;1.5251786e-01;1.5250000e+02;1.1433408e-01;1.5250000e+02;6.9465324e-02;1.5250000e+02;2.3241702e-02;1.5250000e+02;-2.3459967e-02;1.5250000e+02;-6.9986880e-02;1.5250000e+02;-1.1922804e-01;1.5250000e+02;-7.5365603e-02;1.5250000e+02;-5.9184879e-02;1.5250000e+02;-2.1605439e-02;1.5250000e+02;3.7350796e-02;1.5250000e+02;1.1795074e-01;1.5250000e+02;2.1036761e-01;1.5250000e+02;2.6974106e-01;1.5250000e+02;2.6178497e-01;1.5250000e+02;2.2146222e-01;1.5250000e+02;1.8674845e-01;1.5250000e+02;1.7380922e-01;1.5250000e+02;1.5251786e-01;1.5250000e+02;1.1433408e-01;1.5250000e+02;6.9465324e-02;1.5250000e+02;2.3241702e-02;1.5250000e+02;-2.3459967e-02;1.5250000e+02;-6.9986880e-02;1.5250000e+02;-1.1922804e-01;1.5250000e+02;-7.5365603e-02;1.5250000e+02;-5.9184879e-02;1.5250000e+02;-2.1605439e-02;1.5250000e+02;3.7350796e-02;1.5250000e+02;1.1795074e-01;1.5250000e+02;2.1036761e-01;1.5250000e+02;2.6974106e-01;1.5250000e+02;2.6178497e-01;1.5250000e+02;2.2146222e-01;1.5250000e+02;1.8674845e-01;1.5250000e+02;1.7380922e-01;1.5250000e+02;1.5251786e-01;1.5250000e+02;1.1433408e-01;1.5250000e+02;6.9465324e-02;1.5250000e+02;2.3241702e-02;1.5250000e+02;-2.3459967e-02;1.5250000e+02;-6.9986880e-02;1.5250000e+02;-1.1922804e-01;1.5250000e+02;-7.5365603e-02;1.5250000e+02;-5.9184879e-02;1.5250000e+02;-2.1605439e-02;1.5250000e+02;3.7350796e-02;1.5250000e+02;1.1795074e-01;1.5250000e+02;2.1036761e-01;1.5250000e+02;2.6974106e-01;1.5250000e+02;2.6178497e-01;1.5250000e+02;2.2146222e-01;1.5250000e+02;1.8674845e-01;1.5250000e+02;1.7380922e-01;1.5250000e+02;1.5251786e-01;1.5250000e+02;1.1433408e-01;1.5250000e+02;6.9465324e-02;1.5250000e+02;2.3241702e-02;1.5250000e+02;-2.3459967e-02;1.5250000e+02;-6.9986880e-02;1.5250000e+02;-1.1922804e-01;1.5250000e+02;-7.5365603e-02;1.5250000e+02;-5.9184879e-02;1.5250000e+02;-2.1605439e-02;1.5250000e+02;3.7350796e-02;1.5250000e+02;1.1795074e-01;1.5250000e+02;2.1036761e-01;1.5250000e+02;2.6974106e-01;1.5250000e+02;2.6178497e-01;1.5250000e+02;2.2146222e-01;1.5250000e+02;1.8674845e-01;1.5250000e+02;1.7380922e-01;1.5250000e+02;1.5251786e-01;1.5250000e+02;1.1433408e-01;1.5250000e+02;6.9465324e-02;1.5250000e+02;2.3241702e-02;1.5250000e+02;-2.3459967e-02;1.5250000e+02;-6.9986880e-02;1.5250000e+02;-1.1922804e-01;1.5250000e+02;-7.5365603e-02;1.5250000e+02;-5.9184879e-02;1.5250000e+02;-2.1605439e-02;1.5250000e+02;3.7350796e-02;1.5250000e+02;1.1795074e-01;1.5250000e+02;2.1036761e-01;1.5250000e+02;2.6974106e-01;1.5250000e+02;2.6178497e-01;1.5250000e+02;2.2146222e-01;1.5250000e+02;1.8674845e-01;1.5250000e+02;1.7380922e-01;1.5250000e+02;1.5251786e-01;1.5250000e+02;1.1433408e-01;1.5250000e+02;6.9465324e-02;1.5250000e+02;2.3241702e-02;1.5250000e+02;-2.3459967e-02;1.5250000e+02;-6.9986880e-02;1.5250000e+02;-1.1922804e-01;1.5250000e+02;-7.5365603e-02;1.5250000e+02;-5.9184879e-02;1.5250000e+02;-2.1605439e-02;1.5250000e+02;3.7350796e-02;1.5250000e+02;1.1795074e-01;1.5250000e+02;2.1036761e-01;1.5250000e+02;2.6974106e-01;1.5250000e+02;2.6178497e-01;1.5250000e+02;2.2146222e-01;1.5250000e+02;1.8674845e-01;1.5250000e+02;1.7380922e-01;1.5250000e+02;1.5251786e-01;1.5250000e+02;1.1433408e-01;1.5250000e+02;6.9465324e-02;1.5250000e+02;2.3241702e-02;1.5250000e+02;-2.3459967e-02;1.5250000e+02;-6.9986880e-02;1.5250000e+02;-1.1922804e-01;1.5250000e+02;-7.5365603e-02;1.5250000e+02;-5.9184879e-02;1.5250000e+02;-2.1605439e-02;1.5250000e+02;3.7350796e-02;1.5250000e+02;1.1795074e-01;1.5250000e+02;2.1036761e-01;1.5250000e+02;2.6974106e-01;1.5250000e+02;2.6178497e-01;1.5250000e+02;2.2146222e-01;1.5250000e+02;1.8674845e-01;1.5250000e+02;1.7380922e-01;1.5250000e+02;1.5251786e-01;1.5250000e+02;1.1433408e-01;1.5250000e+02;6.9465324e-02;1.5250000e+02;2.3241702e-02;1.5250000e+02;-2.3459967e-02;1.5250000e+02;-6.9986880e-02;1.5250000e+02;-1.1922804e-01;1.5250000e+02;-7.5365603e-02;1.5250000e+02;-5.9184879e-02;1.5250000e+02;-2.1605439e-02;1.5250000e+02;3.7350796e-02;1.5250000e+02;1.1795074e-01;1.5250000e+02;2.1036761e-01;1.5250000e+02;2.6974106e-01;1.5250000e+02;2.6178497e-01;1.5250000e+02;2.2146222e-01;1.5250000e+02;1.8674845e-01;1.5250000e+02;1.7380922e-01;1.5250000e+02;1.5251786e-01;1.5250000e+02;1.1433408e-01;1.5250000e+02;6.9465324e-02;1.5250000e+02;2.3241702e-02;1.5250000e+02;-2.3459967e-02;1.5250000e+02;-6.9986880e-02;1.5250000e+02;-1.1922804e-01;1.5250000e+02;-7.5365603e-02;1.5250000e+02;-5.9184879e-02;1.5250000e+02;-2.1605439e-02;1.5250000e+02;3.7350796e-02;1.5250000e+02;1.1795074e-01;1.5250000e+02;2.1036761e-01;1.5250000e+02;2.6974106e-01;1.5250000e+02;2.6178497e-01;1.5250000e+02;2.2146222e-01;1.5250000e+02;1.8674845e-01;1.5250000e+02;1.7380922e-01;1.5250000e+02;1.5251786e-01;1.5250000e+02;1.1433408e-01;1.5250000e+02;6.9465324e-02;1.5250000e+02;2.3241702e-02;1.5250000e+02;-2.3459967e-02;1.5250000e+02;-6.9986880e-02;1.5250000e+02;-1.1922804e-01;1.5250000e+02;-7.5365603e-02;1.5250000e+02;-5.9184879e-02;1.5250000e+02;-2.1605439e-02;1.5250000e+02;3.7350796e-02;1.5250000e+02;1.1795074e-01;1.5250000e+02;2.1036761e-01;1.5250000e+02;2.6974106e-01;1.5250000e+02;2.6178497e-01;1.5250000e+02;2.2146222e-01;1.5250000e+02;1.8674845e-01;1.5250000e+02;1.7380922e-01;1.5250000e+02;1.5251786e-01;1.5250000e+02;1.1433408e-01;1.5250000e+02;6.9465324e-02;1.5250000e+02;2.3241702e-02;1.5250000e+02;-2.3459967e-02;1.5250000e+02;-6.9986880e-02;1.5250000e+02;-1.1922804e-01;1.5250000e+02;-7.5365603e-02;1.5250000e+02;-5.9184879e-02;1.5250000e+02;-2.1605439e-02;1.5250000e+02;3.7350796e-02;1.5250000e+02;1.1795074e-01;1.5250000e+02;2.1036761e-01;1.5250000e+02;2.6974106e-01;1.5250000e+02;2.6178497e-01;1.5250000e+02;2.2146222e-01;1.5250000e+02;1.8674845e-01;1.5250000e+02;1.7380922e-01;1.5250000e+02;1.5251786e-01;1.5250000e+02;1.1433408e-01;1.5250000e+02;6.9465324e-02;1.5250000e+02;2.3241702e-02;1.5250000e+02;-2.3459967e-02;1.5250000e+02;-6.9986880e-02;1.5250000e+02;-1.1922804e-01;1.5250000e+02;-7.5365603e-02;1.5250000e+02;-5.9184879e-02;1.5250000e+02;-2.1605439e-02;1.5250000e+02;3.7350796e-02;1.5250000e+02;1.1795074e-01;1.5250000e+02;2.1036761e-01;1.5250000e+02;2.6974106e-01;1.5250000e+02;2.6178497e-01;1.5250000e+02;2.2146222e-01;1.5250000e+02;1.8674845e-01;1.5250000e+02;1.7380922e-01;1.5250000e+02;1.5251786e-01;1.5250000e+02;1.1433408e-01;1.5250000e+02;6.9465324e-02;1.5250000e+02;2.3241702e-02;1.5250000e+02;-2.3459967e-02;1.5250000e+02;-6.9986880e-02;1.5250000e+02;-1.1922804e-01;1.5250000e+02;-7.5365603e-02;1.5250000e+02;-5.9184879e-02;1.5250000e+02;-2.1605439e-02;1.5250000e+02;3.7350796e-02;1.5250000e+02;1.1795074e-01;1.5250000e+02;2.1036761e-01;1.5250000e+02;2.6974106e-01;1.5250000e+02;2.6178497e-01;1.5250000e+02;2.2146222e-01;1.5250000e+02;1.8674845e-01;1.5250000e+02;1.7380922e-01;1.5250000e+02;1.5251786e-01;1.5250000e+02;1.1433408e-01;1.5250000e+02;6.9465324e-02;1.5250000e+02;2.3241702e-02;1.5250000e+02;-2.3459967e-02;1.5250000e+02;-6.9986880e-02;1.5250000e+02;-1.1922804e-01;1.5250000e+02;-7.5365603e-02;1.5250000e+02;-5.9184879e-02;1.5250000e+02;-2.1605439e-02;1.5250000e+02;3.7350796e-02;1.5250000e+02;1.1795074e-01;1.5250000e+02;2.1036761e-01;1.5250000e+02;2.6974106e-01;1.5250000e+02;2.6178497e-01;1.5250000e+02;2.2146222e-01;1.5250000e+02;1.8674845e-01;1.5250000e+02;1.7380922e-01;1.5250000e+02;1.5251786e-01;1.5250000e+02;1.1433408e-01;1.5250000e+02;6.9465324e-02;1.5250000e+02;2.3241702e-02;1.5250000e+02;-2.3459967e-02;1.5250000e+02;-6.9986880e-02;1.5250000e+02;-1.1922804e-01;1.5250000e+02;-7.5365603e-02;1.5250000e+02;-5.9184879e-02;1.5250000e+02;-2.1605439e-02;1.5250000e+02;3.7350796e-02;1.5250000e+02;1.1795074e-01;1.5250000e+02;2.1036761e-01;1.5250000e+02;2.6974106e-01;1.5250000e+02;2.6178497e-01;1.5250000e+02;2.2146222e-01;1.5250000e+02;1.8674845e-01;1.5250000e+02;1.7380922e-01;1.5250000e+02;1.5251786e-01;1.5250000e+02;1.1433408e-01;1.5250000e+02;6.9465324e-02;1.5250000e+02;2.3241702e-02;1.5250000e+02;-2.3459967e-02;1.5250000e+02;-6.9986880e-02;1.5250000e+02;-1.1922804e-01;1.5250000e+02;-7.5365603e-02;1.5250000e+02;-5.9184879e-02;1.5250000e+02;-2.1605439e-02;1.5250000e+02;3.7350796e-02;1.5250000e+02;1.1795074e-01;1.5250000e+02;2.1036761e-01;1.5250000e+02;2.6974106e-01;1.5250000e+02;2.6178497e-01;1.5250000e+02;2.2146222e-01;1.5250000e+02;1.8674845e-01;1.5250000e+02;1.7380922e-01;1.5250000e+02;1.5251786e-01;1.5250000e+02;1.1433408e-01;1.5250000e+02;6.9465324e-02;1.5250000e+02;2.3241702e-02;1.5250000e+02;-2.3459967e-02;1.5250000e+02;-6.9986880e-02;1.5250000e+02;-1.1922804e-01;1.5250000e+02;-7.5365603e-02;1.5250000e+02;-5.9184879e-02;1.5250000e+02;-2.1605439e-02;1.5250000e+02;3.7350796e-02;1.5250000e+02;1.1795074e-01;1.5250000e+02;2.1036761e-01;1.5250000e+02;2.6974106e-01;1.5250000e+02;2.6178497e-01;1.5250000e+02;2.2146222e-01;1.5250000e+02;1.8674845e-01;1.5250000e+02;1.7380922e-01;1.5250000e+02;1.5251786e-01;1.5250000e+02;1.1433408e-01;1.5250000e+02;6.9465324e-02;1.5250000e+02;2.3241702e-02;1.5250000e+02;-2.3459967e-02;1.5250000e+02;-6.9986880e-02;1.5250000e+02;-1.1922804e-01;1.5250000e+02;-7.5365603e-02;1.5250000e+02;-5.9184879e-02;1.5250000e+02;-2.1605439e-02;1.5250000e+02;3.7350796e-02;1.5250000e+02;1.1795074e-01;1.5250000e+02;2.1036761e-01;1.5250000e+02;2.6974106e-01;1.5250000e+02;2.6178497e-01;1.5250000e+02;2.2146222e-01;1.5250000e+02;1.8674845e-01;1.5250000e+02;1.7380922e-01;1.5250000e+02;1.5251786e-01;1.5250000e+02;1.1433408e-01;1.5250000e+02;6.9465324e-02;1.5250000e+02;2.3241702e-02;1.5250000e+02;-2.3459967e-02;1.5250000e+02;-6.9986880e-02;1.5250000e+02;-1.1922804e-01;1.5250000e+02;-7.5365603e-02;1.5250000e+02;-5.9184879e-02;1.5250000e+02;-2.1605439e-02;1.5250000e+02;3.7350796e-02;1.5250000e+02;1.1795074e-01;1.5250000e+02;2.1036761e-01;1.5250000e+02;2.6974106e-01;1.5250000e+02;2.6178497e-01;1.5250000e+02;2.2146222e-01;1.5250000e+02;1.8674845e-01;1.5250000e+02;1.7380922e-01;1.5250000e+02;1.5251786e-01;1.5250000e+02;1.1433408e-01;1.5250000e+02;6.9465324e-02;1.5250000e+02;2.3241702e-02;1.5250000e+02;-2.3459967e-02;1.5250000e+02;-6.9986880e-02;1.5250000e+02;-1.1922804e-01;1.5250000e+02;-7.5365603e-02;1.5250000e+02;-5.9184879e-02;1.5250000e+02;-2.1605439e-02;1.5250000e+02;3.7350796e-02;1.5250000e+02;1.1795074e-01;1.5250000e+02;2.1036761e-01;1.5250000e+02;2.6974106e-01;1.5250000e+02;2.6178497e-01;1.5250000e+02;2.2146222e-01;1.5250000e+02;1.8674845e-01;1.5250000e+02;1.7380922e-01;1.5250000e+02;1.5251786e-01;1.5250000e+02;1.1433408e-01;1.5250000e+02;6.9465324e-02;1.5250000e+02;2.3241702e-02;1.5250000e+02;-2.3459967e-02;1.5250000e+02;-6.9986880e-02;1.5250000e+02;-1.1922804e-01;1.5250000e+02;-7.5365603e-02;1.5250000e+02;-5.9184879e-02;1.5250000e+02;-2.1605439e-02;1.5250000e+02;3.7350796e-02;1.5250000e+02;1.1795074e-01;1.5250000e+02;2.1036761e-01;1.5250000e+02;2.6974106e-01;1.5250000e+02;2.6178497e-01;1.5250000e+02;2.2146222e-01;1.5250000e+02;1.8674845e-01;1.5250000e+02;1.7380922e-01;1.5250000e+02;1.5251786e-01;1.5250000e+02;1.1433408e-01;1.5250000e+02;6.9465324e-02;1.5250000e+02;2.3241702e-02;1.5250000e+02;-2.3459967e-02;1.5250000e+02;-6.9986880e-02;1.5250000e+02;-1.1922804e-01;1.5250000e+02;-7.5365603e-02;1.5250000e+02;-5.9184879e-02;1.5250000e+02;-2.1605439e-02;1.5250000e+02;3.7350796e-02;1.5250000e+02;1.1795074e-01;1.5250000e+02;2.1036761e-01;1.5250000e+02;2.6974106e-01;1.5250000e+02;2.6178497e-01;1.5250000e+02;2.2146222e-01;1.5250000e+02;1.8674845e-01;1.5250000e+02;1.7380922e-01;1.5250000e+02;1.5251786e-01;1.5250000e+02;1.1433408e-01;1.5250000e+02;6.9465324e-02;1.5250000e+02;2.3241702e-02;1.5250000e+02;-2.3459967e-02;1.5250000e+02;-6.9986880e-02;1.5250000e+02;-1.1922804e-01;1.5250000e+02;-7.5365603e-02;1.5250000e+02;-5.9184879e-02;1.5250000e+02;-2.1605439e-02;1.5250000e+02;3.7350796e-02;1.5250000e+02;1.1795074e-01;1.5250000e+02;2.1036761e-01;1.5250000e+02;2.6974106e-01;1.5250000e+02;2.6178497e-01;1.5250000e+02;2.2146222e-01;1.5250000e+02;1.8674845e-01;1.5250000e+02;1.7380922e-01;1.5250000e+02;1.5251786e-01;1.5250000e+02;1.1433408e-01;1.5250000e+02;6.9465324e-02;1.5250000e+02;2.3241702e-02;1.5250000e+02;-2.3459967e-02;1.5250000e+02;-6.9986880e-02;1.5250000e+02;-1.1922804e-01;1.5250000e+02;-7.5365603e-02;1.5250000e+02;-5.9184879e-02;1.5250000e+02;-2.1605439e-02;1.5250000e+02;3.7350796e-02;1.5250000e+02;1.1795074e-01;1.5250000e+02;2.1036761e-01;1.5250000e+02;2.6974106e-01;1.5250000e+02;2.6178497e-01;1.5250000e+02;2.2146222e-01;1.5250000e+02;1.8674845e-01;1.5250000e+02;1.7380922e-01;1.5250000e+02;1.5251786e-01;1.5250000e+02;1.1433408e-01;1.5250000e+02;6.9465324e-02;1.5250000e+02;2.3241702e-02;1.5250000e+02;-2.3459967e-02;1.5250000e+02;-6.9986880e-02;1.5250000e+02;-1.1922804e-01;1.5250000e+02;-7.5365603e-02;1.5250000e+02;-5.9184879e-02;1.5250000e+02;-2.1605439e-02;1.5250000e+02;3.7350796e-02;1.5250000e+02;1.1795074e-01;1.5250000e+02;2.1036761e-01;1.5250000e+02;2.6974106e-01;1.5250000e+02;2.6178497e-01;1.5250000e+02;2.2146222e-01;1.5250000e+02;1.8674845e-01;1.5250000e+02;1.7380922e-01;1.5250000e+02;1.5251786e-01;1.5250000e+02;1.1433408e-01;1.5250000e+02;6.9465324e-02;1.5250000e+02;2.3241702e-02;1.5250000e+02;-2.3459967e-02;1.5250000e+02;-6.9986880e-02;1.5250000e+02;-1.1922804e-01;1.5250000e+02;-7.5365603e-02;1.5250000e+02;-5.9184879e-02;1.5250000e+02;-2.1605439e-02;1.5250000e+02;3.7350796e-02;1.5250000e+02;1.1795074e-01;1.5250000e+02;2.1036761e-01;1.5250000e+02;2.6974106e-01;1.5250000e+02;2.6178497e-01;1.5250000e+02;2.2146222e-01;1.5250000e+02;1.8674845e-01;1.5250000e+02;1.7380922e-01;1.5250000e+02;1.5251786e-01;1.5250000e+02;1.1433408e-01;1.5250000e+02;6.9465324e-02;1.5250000e+02;2.3241702e-02;1.5250000e+02;-2.3459967e-02;1.5250000e+02;-6.9986880e-02;1.5250000e+02;-1.1922804e-01;1.5250000e+02;-7.5365603e-02;1.5250000e+02;-5.9184879e-02;1.5250000e+02;-2.1605439e-02;1.5250000e+02;3.7350796e-02;1.5250000e+02;1.1795074e-01;1.5250000e+02;2.1036761e-01;1.5250000e+02;2.6974106e-01;1.5250000e+02;2.6178497e-01;1.5250000e+02;2.2146222e-01;1.5250000e+02;1.8674845e-01;1.5250000e+02;1.7380922e-01;1.5250000e+02;1.5251786e-01;1.5250000e+02;1.1433408e-01;1.5250000e+02;6.9465324e-02;1.5250000e+02;2.3241702e-02;1.5250000e+02;-2.3459967e-02;1.5250000e+02;-6.9986880e-02;1.5250000e+02;-1.1922804e-01;1.5250000e+02;-7.5365603e-02;1.5250000e+02;-5.9184879e-02;1.5250000e+02;-2.1605439e-02;1.5250000e+02;3.7350796e-02;1.5250000e+02;1.1795074e-01;1.5250000e+02;2.1036761e-01;1.5250000e+02;2.6974106e-01;1.5250000e+02;2.6178497e-01;1.5250000e+02;2.2146222e-01;1.5250000e+02;1.8674845e-01;1.5250000e+02;1.7380922e-01;1.5250000e+02;1.5251786e-01;1.5250000e+02;1.1433408e-01;1.5250000e+02;6.9465324e-02;1.5250000e+02;2.3241702e-02;1.5250000e+02;-2.3459967e-02;1.5250000e+02;-6.9986880e-02;1.5250000e+02;-1.1922804e-01;1.5250000e+02;-7.5365603e-02;1.5250000e+02;-5.9184879e-02;1.5250000e+02;-2.1605439e-02;1.5250000e+02;3.7350796e-02;1.5250000e+02;1.1795074e-01;1.5250000e+02;2.1036761e-01;1.5250000e+02;2.6974106e-01;1.5250000e+02;2.6178497e-01;1.5250000e+02;2.2146222e-01;1.5250000e+02;1.8674845e-01;1.5250000e+02;1.7380922e-01;1.5250000e+02;1.5251786e-01;1.5250000e+02;1.1433408e-01;1.5250000e+02;6.9465324e-02;1.5250000e+02;2.3241702e-02;1.5250000e+02;-2.3459967e-02;1.5250000e+02;-6.9986880e-02;1.5250000e+02;-1.1922804e-01;1.5250000e+02;-7.5365603e-02;1.5250000e+02;-5.9184879e-02;1.5250000e+02;-2.1605439e-02;1.5250000e+02;3.7350796e-02;1.5250000e+02;1.1795074e-01;1.5250000e+02;2.1036761e-01;1.5250000e+02;2.6974106e-01;1.5250000e+02;2.6178497e-01;1.5250000e+02;2.2146222e-01;1.5250000e+02;1.8674845e-01;1.5250000e+02;1.7380922e-01;1.5250000e+02;1.5251786e-01;1.5250000e+02;1.1433408e-01;1.5250000e+02;6.9465324e-02;1.5250000e+02;2.3241702e-02;1.5250000e+02;-2.3459967e-02;1.5250000e+02;-6.9986880e-02;1.5250000e+02;-1.1922804e-01;1.5250000e+02;-7.5365603e-02;1.5250000e+02;-5.9184879e-02;1.5250000e+02;-2.1605439e-02;1.5250000e+02;3.7350796e-02;1.5250000e+02;1.1795074e-01;1.5250000e+02;2.1036761e-01;1.5250000e+02;2.6974106e-01;1.5250000e+02;2.6178497e-01;1.5250000e+02;2.2146222e-01;1.5250000e+02;1.8674845e-01;1.5250000e+02;1.7380922e-01;1.5250000e+02;1.5251786e-01;1.5250000e+02;1.1433408e-01;1.5250000e+02;6.9465324e-02;1.5250000e+02;2.3241702e-02;1.5250000e+02;-2.3459967e-02;1.5250000e+02;-6.9986880e-02;1.5250000e+02;-1.1922804e-01;1.5250000e+02;-7.5365603e-02;1.5250000e+02;-5.9184879e-02;1.5250000e+02;-2.1605439e-02;1.5250000e+02;3.7350796e-02;1.5250000e+02;1.1795074e-01;1.5250000e+02;2.1036761e-01;1.5250000e+02;2.6974106e-01;1.5250000e+02;2.6178497e-01;1.5250000e+02;2.2146222e-01;1.5250000e+02;1.8674845e-01;1.5250000e+02;1.7380922e-01;1.5250000e+02;1.5251786e-01;1.5250000e+02;1.1433408e-01;1.5250000e+02;6.9465324e-02;1.5250000e+02;2.3241702e-02;1.5250000e+02;-2.3459967e-02;1.5250000e+02;-6.9986880e-02;1.5250000e+02;-1.1922804e-01;1.5250000e+02;-7.5365603e-02;1.5250000e+02;-5.9184879e-02;1.5250000e+02;-2.1605439e-02;1.5250000e+02;3.7350796e-02;1.5250000e+02;1.1795074e-01;1.5250000e+02;2.1036761e-01;1.5250000e+02;2.6974106e-01;1.5250000e+02;2.6178497e-01;1.5250000e+02;2.2146222e-01;1.5250000e+02;1.8674845e-01;1.5250000e+02;1.7380922e-01;1.5250000e+02;1.5251786e-01;1.5250000e+02;1.1433408e-01;1.5250000e+02;6.9465324e-02;1.5250000e+02;2.3241702e-02;1.5250000e+02;-2.3459967e-02;1.5250000e+02;-6.9986880e-02;1.5250000e+02;-1.1922804e-01;1.5250000e+02;-7.5365603e-02;1.5250000e+02;-5.9184879e-02;1.5250000e+02;-2.1605439e-02;1.5250000e+02;3.7350796e-02;1.5250000e+02;1.1795074e-01;1.5250000e+02;2.1036761e-01;1.5250000e+02;2.6974106e-01;1.5250000e+02;2.6178497e-01;1.5250000e+02;2.2146222e-01;1.5250000e+02;1.8674845e-01;1.5250000e+02;1.7380922e-01;1.5250000e+02;1.5251786e-01;1.5250000e+02;1.1433408e-01;1.5250000e+02;6.9465324e-02;1.5250000e+02;2.3241702e-02;1.5250000e+02;-2.3459967e-02;1.5250000e+02;-6.9986880e-02;1.5250000e+02;-1.1922804e-01;1.5250000e+02;-7.5365603e-02;1.5250000e+02;-5.9184879e-02;1.5250000e+02;-2.1605439e-02;1.5250000e+02;3.7350796e-02;1.5250000e+02;1.1795074e-01;1.5250000e+02;2.1036761e-01;1.5250000e+02;2.6974106e-01;1.5250000e+02;2.6178497e-01;1.5250000e+02;2.2146222e-01;1.5250000e+02;1.8674845e-01;1.5250000e+02;1.7380922e-01;1.5250000e+02;1.5251786e-01;1.5250000e+02;1.1433408e-01;1.5250000e+02;6.9465324e-02;1.5250000e+02;2.3241702e-02;1.5250000e+02;-2.3459967e-02;1.5250000e+02;-6.9986880e-02;1.5250000e+02;-1.1922804e-01;1.5250000e+02;-7.5365603e-02;1.5250000e+02;-5.9184879e-02;1.5250000e+02;-2.1605439e-02;1.5250000e+02;3.7350796e-02;1.5250000e+02;1.1795074e-01;1.5250000e+02;2.1036761e-01;1.5250000e+02;2.6974106e-01;1.5250000e+02;2.6178497e-01;1.5250000e+02;2.2146222e-01;1.5250000e+02;1.8674845e-01;1.5250000e+02;1.7380922e-01;1.5250000e+02;1.5251786e-01;1.5250000e+02;1.1433408e-01;1.5250000e+02;6.9465324e-02;1.5250000e+02;2.3241702e-02;1.5250000e+02;-2.3459967e-02;1.5250000e+02;-6.9986880e-02;1.5250000e+02;-1.1922804e-01;1.5250000e+02;-7.5365603e-02;1.5250000e+02;-5.9184879e-02;1.5250000e+02;-2.1605439e-02;1.5250000e+02;3.7350796e-02;1.5250000e+02;1.1795074e-01;1.5250000e+02;2.1036761e-01;1.5250000e+02;2.6974106e-01;1.5250000e+02;2.6178497e-01;1.5250000e+02;2.2146222e-01;1.5250000e+02;1.8674845e-01;1.5250000e+02;1.7380922e-01;1.5250000e+02;1.5251786e-01;1.5250000e+02;1.1433408e-01;1.5250000e+02;6.9465324e-02;1.5250000e+02;2.3241702e-02;1.5250000e+02;-2.3459967e-02;1.5250000e+02;-6.9986880e-02;1.5250000e+02;-1.1922804e-01;1.5250000e+02;-7.5365603e-02;1.5250000e+02;-5.9184879e-02;1.5250000e+02;-2.1605439e-02;1.5250000e+02;3.7350796e-02;1.5250000e+02;1.1795074e-01;1.5250000e+02;2.1036761e-01;1.5250000e+02;2.6974106e-01;1.5250000e+02;2.6178497e-01;1.5250000e+02;2.2146222e-01;1.5250000e+02;1.8674845e-01;1.5250000e+02;1.7380922e-01;1.5250000e+02;1.5251786e-01;1.5250000e+02;1.1433408e-01;1.5250000e+02;6.9465324e-02;1.5250000e+02;2.3241702e-02;1.5250000e+02;-2.3459967e-02;1.5250000e+02;-6.9986880e-02;1.5250000e+02;-1.1922804e-01;1.5250000e+02;-7.5365603e-02;1.5250000e+02;-5.9184879e-02;1.5250000e+02;-2.1605439e-02;1.5250000e+02;3.7350796e-02;1.5250000e+02;1.1795074e-01;1.5250000e+02;2.1036761e-01;1.5250000e+02;2.6974106e-01;1.5250000e+02;2.6178497e-01;1.5250000e+02;2.2146222e-01;1.5250000e+02;1.8674845e-01;1.5250000e+02;1.7380922e-01;1.5250000e+02;1.5251786e-01;1.5250000e+02;1.1433408e-01;1.5250000e+02;6.9465324e-02;1.5250000e+02;2.3241702e-02;1.5250000e+02;-2.3459967e-02;1.5250000e+02;-6.9986880e-02;1.5250000e+02;-1.1922804e-01;1.5250000e+02;-7.5365603e-02;1.5250000e+02;-5.9184879e-02;1.5250000e+02;-2.1605439e-02;1.5250000e+02;3.7350796e-02;1.5250000e+02;1.1795074e-01;1.5250000e+02;2.1036761e-01;1.5250000e+02;2.6974106e-01;1.5250000e+02;2.6178497e-01;1.5250000e+02;2.2146222e-01;1.5250000e+02;1.8674845e-01;1.5250000e+02;1.7380922e-01;1.5250000e+02;1.5251786e-01;1.5250000e+02;1.1433408e-01;1.5250000e+02;6.9465324e-02;1.5250000e+02;2.3241702e-02;1.5250000e+02;-2.3459967e-02;1.5250000e+02;-6.9986880e-02;1.5250000e+02;-1.1922804e-01
1.5750000e+02;-6.9002539e-02;1.5750000e+02;-4.6573397e-02;1.5750000e+02;-2.1521375e-03;1.5750000e+02;6.2403195e-02;1.5750000e+02;1.4771394e-01;1.5750000e+02;2.4346825e-01;1.5750000e+02;3.0127478e-01;1.5750000e+02;2.8461951e-01;1.5750000e+02;2.4109936e-01;1.5750000e+02;2.0031065e-01;1.5750000e+02;1.7564362e-01;1.5750000e+02;1.5058902e-01;1.5750000e+02;1.1538282e-01;1.5750000e+02;7.2167888e-02;1.5750000e+02;2.7534749e-02;1.5750000e+02;-1.8312886e-02;1.5750000e+02;-6.5481238e-02;1.5750000e+02;-1.1435666e-01;1.5750000e+02;-6.9002539e-02;1.5750000e+02;-4.6573397e-02;1.5750000e+02;-2.1521375e-03;1.5750000e+02;6.2403195e-02;1.5750000e+02;1.4771394e-01;1.5750000e+02;2.4346825e-01;1.5750000e+02;3.0127478e-01;1.5750000e+02;2.8461951e-01;1.5750000e+02;2.4109936e-01;1.5750000e+02;2.0031065e-01;1.5750000e+02;1.7564362e-01;1.5750000e+02;1.5058902e-01;1.5750000e+02;1.1538282e-01;1.5750000e+02;7.2167888e-02;1.5750000e+02;2.7534749e-02;1.5750000e+02;-1.8312886e-02;1.5750000e+02;-6.5481238e-02;1.5750000e+02;-1.1435666e-01;1.5750000e+02;-6.9002539e-02;1.5750000e+02;-4.6573397e-02;1.5750000e+02;-2.1521375e-03;1.5750000e+02;6.2403195e-02;1.5750000e+02;1.4771394e-01;1.5750000e+02;2.4346825e-01;1.5750000e+02;3.0127478e-01;1.5750000e+02;2.8461951e-01;1.5750000e+02;2.4109936e-01;1.5750000e+02;2.0031065e-01;1.5750000e+02;1.7564362e-01;1.5750000e+02;1.5058902e-01;1.5750000e+02;1.1538282e-01;1.5750000e+02;7.2167888e-02;1.5750000e+02;2.7534749e-02;1.5750000e+02;-1.8312886e-02;1.5750000e+02;-6.5481238e-02;1.5750000e+02;-1.1435666e-01;1.5750000e+02;-6.9002539e-02;1.5750000e+02;-4.6573397e-02;1.5750000e+02;-2.1521375e-03;1.5750000e+02;6.2403195e-02;1.5750000e+02;1.4771394e-01;1.5750000e+02;2.4346825e-01;1.5750000e+02;3.0127478e-01;1.5750000e+02;2.8461951e-01;1.5750000e+02;2.4109936e-01;1.5750000e+02;2.0031065e-01;1.5750000e+02;1.7564362e-01;1.5750000e+02;1.5058902e-01;1.5750000e+02;1.1538282e-01;1.5750000e+02;7.2167888e-02;1.5750000e+02;2.7534749e-02;1.5750000e+02;-1.8312886e-02;1.5750000e+02;-6.5481238e-02;1.5750000e+02;-1.1435666e-01;1.5750000e+02;-6.9002539e-02;1.5750000e+02;-4.6573397e-02;1.5750000e+02;-2.1521375e-03;1.5750000e+02;6.2403195e-02;1.5750000e+02;1.4771394e-01;1.5750000e+02;2.4346825e-01;1.5750000e+02;3.0127478e-01;1.5750000e+02;2.8461951e-01;1.5750000e+02;2.4109936e-01;1.5750000e+02;2.0031065e-01;1.5750000e+02;1.7564362e-01;1.5750000e+02;1.5058902e-01;1.5750000e+02;1.1538282e-01;1.5750000e+02;7.2167888e-02;1.5750000e+02;2.7534749e-02;1.5750000e+02;-1.8312886e-02;1.5750000e+02;-6.5481238e-02;1.5750000e+02;-1.1435666e-01;1.5750000e+02;-6.9002539e-02;1.5750000e+02;-4.6573397e-02;1.5750000e+02;-2.1521375e-03;1.5750000e+02;6.2403195e-02;1.5750000e+02;1.4771394e-01;1.5750000e+02;2.4346825e-01;1.5750000e+02;3.0127478e-01;1.5750000e+02;2.8461951e-01;1.5750000e+02;2.4109936e-01;1.5750000e+02;2.0031065e-01;1.5750000e+02;1.7564362e-01;1.5750000e+02;1.5058902e-01;1.5750000e+02;1.1538282e-01;1.5750000e+02;7.2167888e-02;1.5750000e+02;2.7534749e-02;1.5750000e+02;-1.8312886e-02;1.5750000e+02;-6.5481238e-02;1.5750000e+02;-1.1435666e-01;1.5750000e+02;-6.9002539e-02;1.5750000e+02;-4.6573397e-02;1.5750000e+02;-2.1521375e-03;1.5750000e+02;6.2403195e-02;1.5750000e+02;1.4771394e-01;1.5750000e+02;2.4346825e-01;1.5750000e+02;3.0127478e-01;1.5750000e+02;2.8461951e-01;1.5750000e+02;2.4109936e-01;1.5750000e+02;2.0031065e-01;1.5750000e+02;1.7564362e-01;1.5750000e+02;1.5058902e-01;1.5750000e+02;1.1538282e-01;1.5750000e+02;7.2167888e-02;1.5750000e+02;2.7534749e-02;1.5750000e+02;-1.8312886e-02;1.5750000e+02;-6.5481238e-02;1.5750000e+02;-1.1435666e-01;1.5750000e+02;-6.9002539e-02;1.5750000e+02;-4.6573397e-02;1.5750000e+02;-2.1521375e-03;1.5750000e+02;6.2403195e-02;1.5750000e+02;1.4771394e-01;1.5750000e+02;2.4346825e-01;1.5750000e+02;3.0127478e-01;1.5750000e+02;2.8461951e-01;1.5750000e+02;2.4109936e-01;1.5750000e+02;2.0031065e-01;1.5750000e+02;1.7564362e-01;1.5750000e+02;1.5058902e-01;1.5750000e+02;1.1538282e-01;1.5750000e+02;7.2167888e-02;1.5750000e+02;2.7534749e-02;1.5750000e+02;-1.8312886e-02;1.5750000e+02;-6.5481238e-02;1.5750000e+02;-1.1435666e-01;1.5750000e+02;-6.9002539e-02;1.5750000e+02;-4.6573397e-02;1.5750000e+02;-2.1521375e-03;1.5750000e+02;6.2403195e-02;1.5750000e+02;1.4771394e-01;1.5750000e+02;2.4346825e-01;1.5750000e+02;3.0127478e-01;1.5750000e+02;2.8461951e-01;1.5750000e+02;2.4109936e-01;1.5750000e+02;2.0031065e-01;1.5750000e+02;1.7564362e-01;1.5750000e+02;1.5058902e-01;1.5750000e+02;1.1538282e-01;1.5750000e+02;7.2167888e-02;1.5750000e+02;2.7534749e-02;1.5750000e+02;-1.8312886e-02;1.5750000e+02;-6.5481238e-02;1.5750000e+02;-1.1435666e-01;1.5750000e+02;-6.9002539e-02;1.5750000e+02;-4.6573397e-02;1.5750000e+02;-2.1521375e-03;1.5750000e+02;6.2403195e-02;1.5750000e+02;1.4771394e-01;1.5750000e+02;2.4346825e-01;1.5750000e+02;3.0127478e-01;1.5750000e+02;2.8461951e-01;1.5750000e+02;2.4109936e-01;1.5750000e+02;2.0031065e-01;1.5750000e+02;1.7564362e-01;1.5750000e+02;1.5058902e-01;1.5750000e+02;1.1538282e-01;1.5750000e+02;7.2167888e-02;1.5750000e+02;2.7534749e-02;1.5750000e+02;-1.8312886e-02;1.5750000e+02;-6.5481238e-02;1.5750000e+02;-1.1435666e-01;1.5750000e+02;-6.9002539e-02;1.5750000e+02;-4.6573397e-02;1.5750000e+02;-2.1521375e-03;1.5750000e+02;6.2403195e-02;1.5750000e+02;1.4771394e-01;1.5750000e+02;2.4346825e-01;1.5750000e+02;3.0127478e-01;1.5750000e+02;2.8461951e-01;1.5750000e+02;2.4109936e-01;1.5750000e+02;2.0031065e-01;1.5750000e+02;1.7564362e-01;1.5750000e+02;1.5058902e-01;1.5750000e+02;1.1538282e-01;1.5750000e+02;7.2167888e-02;1.5750000e+02;2.7534749e-02;1.5750000e+02;-1.8312886e-02;1.5750000e+02;-6.5481238e-02;1.5750000e+02;-1.1435666e-01;1.5750000e+02;-6.9002539e-02;1.5750000e+02;-4.6573397e-02;1.5750000e+02;-2.1521375e-03;1.5750000e+02;6.2403195e-02;1.5750000e+02;1.4771394e-01;1.5750000e+02;2.4346825e-01;1.5750000e+02;3.0127478e-01;1.5750000e+02;2.8461951e-01;1.5750000e+02;2.4109936e-01;1.5750000e+02;2.0031065e-01;1.5750000e+02;1.7564362e-01;1.5750000e+02;1.5058902e-01;1.5750000e+02;1.1538282e-01;1.5750000e+02;7.2167888e-02;1.5750000e+02;2.7534749e-02;1.5750000e+02;-1.8312886e-02;1.5750000e+02;-6.5481238e-02;1.5750000e+02;-1.1435666e-01;1.5750000e+02;-6.9002539e-02;1.5750000e+02;-4.6573397e-02;1.5750000e+02;-2.1521375e-03;1.5750000e+02;6.2403195e-02;1.5750000e+02;1.4771394e-01;1.5750000e+02;2.4346825e-01;1.5750000e+02;3.0127478e-01;1.5750000e+02;2.8461951e-01;1.5750000e+02;2.4109936e-01;1.5750000e+02;2.0031065e-01;1.5750000e+02;1.7564362e-01;1.5750000e+02;1.5058902e-01;1.5750000e+02;1.1538282e-01;1.5750000e+02;7.2167888e-02;1.5750000e+02;2.7534749e-02;1.5750000e+02;-1.8312886e-02;1.5750000e+02;-6.5481238e-02;1.5750000e+02;-1.1435666e-01;1.5750000e+02;-6.9002539e-02;1.5750000e+02;-4.6573397e-02;1.5750000e+02;-2.1521375e-03;1.5750000e+02;6.2403195e-02;1.5750000e+02;1.4771394e-01;1.5750000e+02;2.4346825e-01;1.5750000e+02;3.0127478e-01;1.5750000e+02;2.8461951e-01;1.5750000e+02;2.4109936e-01;1.5750000e+02;2.0031065e-01;1.5750000e+02;1.7564362e-01;1.5750000e+02;1.5058902e-01;1.5750000e+02;1.1538282e-01;1.5750000e+02;7.2167888e-02;1.5750000e+02;2.7534749e-02;1.5750000e+02;-1.8312886e-02;1.5750000e+02;-6.5481238e-02;1.5750000e+02;-1.1435666e-01;1.5750000e+02;-6.9002539e-02;1.5750000e+02;-4.6573397e-02;1.5750000e+02;-2.1521375e-03;1.5750000e+02;6.2403195e-02;1.5750000e+02;1.4771394e-01;1.5750000e+02;2.4346825e-01;1.5750000e+02;3.0127478e-01;1.5750000e+02;2.8461951e-01;1.5750000e+02;2.4109936e-01;1.5750000e+02;2.0031065e-01;1.5750000e+02;1.7564362e-01;1.5750000e+02;1.5058902e-01;1.5750000e+02;1.1538282e-01;1.5750000e+02;7.2167888e-02;1.5750000e+02;2.7534749e-02;1.5750000e+02;-1.8312886e-02;1.5750000e+02;-6.5481238e-02;1.5750000e+02;-1.1435666e-01;1.5750000e+02;-6.9002539e-02;1.5750000e+02;-4.6573397e-02;1.5750000e+02;-2.1521375e-03;1.5750000e+02;6.2403195e-02;1.5750000e+02;1.4771394e-01;1.5750000e+02;2.4346825e-01;1.5750000e+02;3.0127478e-01;1.5750000e+02;2.8461951e-01;1.5750000e+02;2.4109936e-01;1.5750000e+02;2.0031065e-01;1.5750000e+02;1.7564362e-01;1.5750000e+02;1.5058902e-01;1.5750000e+02;1.1538282e-01;1.5750000e+02;7.2167888e-02;1.5750000e+02;2.7534749e-02;1.5750000e+02;-1.8312886e-02;1.5750000e+02;-6.5481238e-02;1.5750000e+02;-1.1435666e-01;1.5750000e+02;-6.9002539e-02;1.5750000e+02;-4.6573397e-02;1.5750000e+02;-2.1521375e-03;1.5750000e+02;6.2403195e-02;1.5750000e+02;1.4771394e-01;1.5750000e+02;2.4346825e-01;1.5750000e+02;3.0127478e-01;1.5750000e+02;2.8461951e-01;1.5750000e+02;2.4109936e-01;1.5750000e+02;2.0031065e-01;1.5750000e+02;1.7564362e-01;1.5750000e+02;1.5058902e-01;1.5750000e+02;1.1538282e-01;1.5750000e+02;7.2167888e-02;1.5750000e+02;2.7534749e-02;1.5750000e+02;-1.8312886e-02;1.5750000e+02;-6.5481238e-02;1.5750000e+02;-1.1435666e-01;1.5750000e+02;-6.9002539e-02;1.5750000e+02;-4.6573397e-02;1.5750000e+02;-2.1521375e-03;1.5750000e+02;6.2403195e-02;1.5750000e+02;1.4771394e-01;1.5750000e+02;2.4346825e-01;1.5750000e+02;3.0127478e-01;1.5750000e+02;2.8461951e-01;1.5750000e+02;2.4109936e-01;1.5750000e+02;2.0031065e-01;1.5750000e+02;1.7564362e-01;1.5750000e+02;1.5058902e-01;1.5750000e+02;1.1538282e-01;1.5750000e+02;7.2167888e-02;1.5750000e+02;2.7534749e-02;1.5750000e+02;-1.8312886e-02;1.5750000e+02;-6.5481238e-02;1.5750000e+02;-1.1435666e-01;1.5750000e+02;-6.9002539e-02;1.5750000e+02;-4.6573397e-02;1.5750000e+02;-2.1521375e-03;1.5750000e+02;6.2403195e-02;1.5750000e+02;1.4771394e-01;1.5750000e+02;2.4346825e-01;1.5750000e+02;3.0127478e-01;1.5750000e+02;2.8461951e-01;1.5750000e+02;2.4109936e-01;1.5750000e+02;2.0031065e-01;1.5750000e+02;1.7564362e-01;1.5750000e+02;1.5058902e-01;1.5750000e+02;1.1538282e-01;1.5750000e+02;7.2167888e-02;1.5750000e+02;2.7534749e-02;1.5750000e+02;-1.8312886e-02;1.5750000e+02;-6.5481238e-02;1.5750000e+02;-1.1435666e-01;1.5750000e+02;-6.9002539e-02;1.5750000e+02;-4.6573397e-02;1.5750000e+02;-2.1521375e-03;1.5750000e+02;6.2403195e-02;1.5750000e+02;1.4771394e-01;1.5750000e+02;2.4346825e-01;1.5750000e+02;3.0127478e-01;1.5750000e+02;2.8461951e-01;1.5750000e+02;2.4109936e-01;1.5750000e+02;2.0031065e-01;1.5750000e+02;1.7564362e-01;1.5750000e+02;1.5058902e-01;1.5750000e+02;1.1538282e-01;1.5750000e+02;7.2167888e-02;1.5750000e+02;2.7534749e-02;1.5750000e+02;-1.8312886e-02;1.5750000e+02;-6.5481238e-02;1.5750000e+02;-1.1435666e-01;1.5750000e+02;-6.9002539e-02;1.5750000e+02;-4.6573397e-02;1.5750000e+02;-2.1521375e-03;1.5750000e+02;6.2403195e-02;1.5750000e+02;1.4771394e-01;1.5750000e+02;2.4346825e-01;1.5750000e+02;3.0127478e-01;1.5750000e+02;2.8461951e-01;1.5750000e+02;2.4109936e-01;1.5750000e+02;2.0031065e-01;1.5750000e+02;1.7564362e-01;1.5750000e+02;1.5058902e-01;1.5750000e+02;1.1538282e-01;1.5750000e+02;7.2167888e-02;1.5750000e+02;2.7534749e-02;1.5750000e+02;-1.8312886e-02;1.5750000e+02;-6.5481238e-02;1.5750000e+02;-1.1435666e-01;1.5750000e+02;-6.9002539e-02;1.5750000e+02;-4.6573397e-02;1.5750000e+02;-2.1521375e-03;1.5750000e+02;6.2403195e-02;1.5750000e+02;1.4771394e-01;1.5750000e+02;2.4346825e-01;1.5750000e+02;3.0127478e-01;1.5750000e+02;2.8461951e-01;1.5750000e+02;2.4109936e-01;1.5750000e+02;2.0031065e-01;1.5750000e+02;1.7564362e-01;1.5750000e+02;1.5058902e-01;1.5750000e+02;1.1538282e-01;1.5750000e+02;7.2167888e-02;1.5750000e+02;2.7534749e-02;1.5750000e+02;-1.8312886e-02;1.5750000e+02;-6.5481238e-02;1.5750000e+02;-1.1435666e-01;1.5750000e+02;-6.9002539e-02;1.5750000e+02;-4.6573397e-02;1.5750000e+02;-2.1521375e-03;1.5750000e+02;6.2403195e-02;1.5750000e+02;1.4771394e-01;1.5750000e+02;2.4346825e-01;1.5750000e+02;3.0127478e-01;1.5750000e+02;2.8461951e-01;1.5750000e+02;2.4109936e-01;1.5750000e+02;2.0031065e-01;1.5750000e+02;1.7564362e-01;1.5750000e+02;1.5058902e-01;1.5750000e+02;1.1538282e-01;1.5750000e+02;7.2167888e-02;1.5750000e+02;2.7534749e-02;1.5750000e+02;-1.8312886e-02;1.5750000e+02;-6.5481238e-02;1.5750000e+02;-1.1435666e-01;1.5750000e+02;-6.9002539e-02;1.5750000e+02;-4.6573397e-02;1.5750000e+02;-2.1521375e-03;1.5750000e+02;6.2403195e-02;1.5750000e+02;1.4771394e-01;1.5750000e+02;2.4346825e-01;1.5750000e+02;3.0127478e-01;1.5750000e+02;2.8461951e-01;1.5750000e+02;2.4109936e-01;1.5750000e+02;2.0031065e-01;1.5750000e+02;1.7564362e-01;1.5750000e+02;1.5058902e-01;1.5750000e+02;1.1538282e-01;1.5750000e+02;7.2167888e-02;1.5750000e+02;2.7534749e-02;1.5750000e+02;-1.8312886e-02;1.5750000e+02;-6.5481238e-02;1.5750000e+02;-1.1435666e-01;1.5750000e+02;-6.9002539e-02;1.5750000e+02;-4.6573397e-02;1.5750000e+02;-2.1521375e-03;1.5750000e+02;6.2403195e-02;1.5750000e+02;1.4771394e-01;1.5750000e+02;2.4346825e-01;1.5750000e+02;3.0127478e-01;1.5750000e+02;2.8461951e-01;1.5750000e+02;2.4109936e-01;1.5750000e+02;2.0031065e-01;1.5750000e+02;1.7564362e-01;1.5750000e+02;1.5058902e-01;1.5750000e+02;1.1538282e-01;1.5750000e+02;7.2167888e-02;1.5750000e+02;2.7534749e-02;1.5750000e+02;-1.8312886e-02;1.5750000e+02;-6.5481238e-02;1.5750000e+02;-1.1435666e-01;1.5750000e+02;-6.9002539e-02;1.5750000e+02;-4.6573397e-02;1.5750000e+02;-2.1521375e-03;1.5750000e+02;6.2403195e-02;1.5750000e+02;1.4771394e-01;1.5750000e+02;2.4346825e-01;1.5750000e+02;3.0127478e-01;1.5750000e+02;2.8461951e-01;1.5750000e+02;2.4109936e-01;1.5750000e+02;2.0031065e-01;1.5750000e+02;1.7564362e-01;1.5750000e+02;1.5058902e-01;1.5750000e+02;1.1538282e-01;1.5750000e+02;7.2167888e-02;1.5750000e+02;2.7534749e-02;1.5750000e+02;-1.8312886e-02;1.5750000e+02;-6.5481238e-02;1.5750000e+02;-1.1435666e-01;1.5750000e+02;-6.9002539e-02;1.5750000e+02;-4.6573397e-02;1.5750000e+02;-2.1521375e-03;1.5750000e+02;6.2403195e-02;1.5750000e+02;1.4771394e-01;1.5750000e+02;2.4346825e-01;1.5750000e+02;3.0127478e-01;1.5750000e+02;2.8461951e-01;1.5750000e+02;2.4109936e-01;1.5750000e+02;2.0031065e-01;1.5750000e+02;1.7564362e-01;1.5750000e+02;1.5058902e-01;1.5750000e+02;1.1538282e-01;1.5750000e+02;7.2167888e-02;1.5750000e+02;2.7534749e-02;1.5750000e+02;-1.8312886e-02;1.5750000e+02;-6.5481238e-02;1.5750000e+02;-1.1435666e-01;1.5750000e+02;-6.9002539e-02;1.5750000e+02;-4.6573397e-02;1.5750000e+02;-2.1521375e-03;1.5750000e+02;6.2403195e-02;1.5750000e+02;1.4771394e-01;1.5750000e+02;2.4346825e-01;1.5750000e+02;3.0127478e-01;1.5750000e+02;2.8461951e-01;1.5750000e+02;2.4109936e-01;1.5750000e+02;2.0031065e-01;1.5750000e+02;1.7564362e-01;1.5750000e+02;1.5058902e-01;1.5750000e+02;1.1538282e-01;1.5750000e+02;7.2167888e-02;1.5750000e+02;2.7534749e-02;1.5750000e+02;-1.8312886e-02;1.5750000e+02;-6.5481238e-02;1.5750000e+02;-1.1435666e-01;1.5750000e+02;-6.9002539e-02;1.5750000e+02;-4.6573397e-02;1.5750000e+02;-2.1521375e-03;1.5750000e+02;6.2403195e-02;1.5750000e+02;1.4771394e-01;1.5750000e+02;2.4346825e-01;1.5750000e+02;3.0127478e-01;1.5750000e+02;2.8461951e-01;1.5750000e+02;2.4109936e-01;1.5750000e+02;2.0031065e-01;1.5750000e+02;1.7564362e-01;1.5750000e+02;1.5058902e-01;1.5750000e+02;1.1538282e-01;1.5750000e+02;7.2167888e-02;1.5750000e+02;2.7534749e-02;1.5750000e+02;-1.8312886e-02;1.5750000e+02;-6.5481238e-02;1.5750000e+02;-1.1435666e-01;1.5750000e+02;-6.9002539e-02;1.5750000e+02;-4.6573397e-02;1.5750000e+02;-2.1521375e-03;1.5750000e+02;6.2403195e-02;1.5750000e+02;1.4771394e-01;1.5750000e+02;2.4346825e-01;1.5750000e+02;3.0127478e-01;1.5750000e+02;2.8461951e-01;1.5750000e+02;2.4109936e-01;1.5750000e+02;2.0031065e-01;1.5750000e+02;1.7564362e-01;1.5750000e+02;1.5058902e-01;1.5750000e+02;1.1538282e-01;1.5750000e+02;7.2167888e-02;1.5750000e+02;2.7534749e-02;1.5750000e+02;-1.8312886e-02;1.5750000e+02;-6.5481238e-02;1.5750000e+02;-1.1435666e-01;1.5750000e+02;-6.9002539e-02;1.5750000e+02;-4.6573397e-02;1.5750000e+02;-2.1521375e-03;1.5750000e+02;6.2403195e-02;1.5750000e+02;1.4771394e-01;1.5750000e+02;2.4346825e-01;1.5750000e+02;3.0127478e-01;1.5750000e+02;2.8461951e-01;1.5750000e+02;2.4109936e-01;1.5750000e+02;2.0031065e-01;1.5750000e+02;1.7564362e-01;1.5750000e+02;1.5058902e-01;1.5750000e+02;1.1538282e-01;1.5750000e+02;7.2167888e-02;1.5750000e+02;2.7534749e-02;1.5750000e+02;-1.8312886e-02;1.5750000e+02;-6.5481238e-02;1.5750000e+02;-1.1435666e-01;1.5750000e+02;-6.9002539e-02;1.5750000e+02;-4.6573397e-02;1.5750000e+02;-2.1521375e-03;1.5750000e+02;6.2403195e-02;1.5750000e+02;1.4771394e-01;1.5750000e+02;2.4346825e-01;1.5750000e+02;3.0127478e-01;1.5750000e+02;2.8461951e-01;1.5750000e+02;2.4109936e-01;1.5750000e+02;2.0031065e-01;1.5750000e+02;1.7564362e-01;1.5750000e+02;1.5058902e-01;1.5750000e+02;1.1538282e-01;1.5750000e+02;7.2167888e-02;1.5750000e+02;2.7534749e-02;1.5750000e+02;-1.8312886e-02;1.5750000e+02;-6.5481238e-02;1.5750000e+02;-1.1435666e-01;1.5750000e+02;-6.9002539e-02;1.5750000e+02;-4.6573397e-02;1.5750000e+02;-2.1521375e-03;1.5750000e+02;6.2403195e-02;1.5750000e+02;1.4771394e-01;1.5750000e+02;2.4346825e-01;1.5750000e+02;3.0127478e-01;1.5750000e+02;2.8461951e-01;1.5750000e+02;2.4109936e-01;1.5750000e+02;2.0031065e-01;1.5750000e+02;1.7564362e-01;1.5750000e+02;1.5058902e-01;1.5750000e+02;1.1538282e-01;1.5750000e+02;7.2167888e-02;1.5750000e+02;2.7534749e-02;1.5750000e+02;-1.8312886e-02;1.5750000e+02;-6.5481238e-02;1.5750000e+02;-1.1435666e-01;1.5750000e+02;-6.9002539e-02;1.5750000e+02;-4.6573397e-02;1.5750000e+02;-2.1521375e-03;1.5750000e+02;6.2403195e-02;1.5750000e+02;1.4771394e-01;1.5750000e+02;2.4346825e-01;1.5750000e+02;3.0127478e-01;1.5750000e+02;2.8461951e-01;1.5750000e+02;2.4109936e-01;1.5750000e+02;2.0031065e-01;1.5750000e+02;1.7564362e-01;1.5750000e+02;1.5058902e-01;1.5750000e+02;1.1538282e-01;1.5750000e+02;7.2167888e-02;1.5750000e+02;2.7534749e-02;1.5750000e+02;-1.8312886e-02;1.5750000e+02;-6.5481238e-02;1.5750000e+02;-1.1435666e-01;1.5750000e+02;-6.9002539e-02;1.5750000e+02;-4.6573397e-02;1.5750000e+02;-2.1521375e-03;1.5750000e+02;6.2403195e-02;1.5750000e+02;1.4771394e-01;1.5750000e+02;2.4346825e-01;1.5750000e+02;3.0127478e-01;1.5750000e+02;2.8461951e-01;1.5750000e+02;2.4109936e-01;1.5750000e+02;2.0031065e-01;1.5750000e+02;1.7564362e-01;1.5750000e+02;1.5058902e-01;1.5750000e+02;1.1538282e-01;1.5750000e+02;7.2167888e-02;1.5750000e+02;2.7534749e-02;1.5750000e+02;-1.8312886e-02;1.5750000e+02;-6.5481238e-02;1.5750000e+02;-1.1435666e-01;1.5750000e+02;-6.9002539e-02;1.5750000e+02;-4.6573397e-02;1.5750000e+02;-2.1521375e-03;1.5750000e+02;6.2403195e-02;1.5750000e+02;1.4771394e-01;1.5750000e+02;2.4346825e-01;1.5750000e+02;3.0127478e-01;1.5750000e+02;2.8461951e-01;1.5750000e+02;2.4109936e-01;1.5750000e+02;2.0031065e-01;1.5750000e+02;1.7564362e-01;1.5750000e+02;1.5058902e-01;1.5750000e+02;1.1538282e-01;1.5750000e+02;7.2167888e-02;1.5750000e+02;2.7534749e-02;1.5750000e+02;-1.8312886e-02;1.5750000e+02;-6.5481238e-02;1.5750000e+02;-1.1435666e-01;1.5750000e+02;-6.9002539e-02;1.5750000e+02;-4.6573397e-02;1.5750000e+02;-2.1521375e-03;1.5750000e+02;6.2403195e-02;1.5750000e+02;1.4771394e-01;1.5750000e+02;2.4346825e-01;1.5750000e+02;3.0127478e-01;1.5750000e+02;2.8461951e-01;1.5750000e+02;2.4109936e-01;1.5750000e+02;2.0031065e-01;1.5750000e+02;1.7564362e-01;1.5750000e+02;1.5058902e-01;1.5750000e+02;1.1538282e-01;1.5750000e+02;7.2167888e-02;1.5750000e+02;2.7534749e-02;1.5750000e+02;-1.8312886e-02;1.5750000e+02;-6.5481238e-02;1.5750000e+02;-1.1435666e-01;1.5750000e+02;-6.9002539e-02;1.5750000e+02;-4.6573397e-02;1.5750000e+02;-2.1521375e-03;1.5750000e+02;6.2403195e-02;1.5750000e+02;1.4771394e-01;1.5750000e+02;2.4346825e-01;1.5750000e+02;3.0127478e-01;1.5750000e+02;2.8461951e-01;1.5750000e+02;2.4109936e-01;1.5750000e+02;2.0031065e-01;1.5750000e+02;1.7564362e-01;1.5750000e+02;1.5058902e-01;1.5750000e+02;1.1538282e-01;1.5750000e+02;7.2167888e-02;1.5750000e+02;2.7534749e-02;1.5750000e+02;-1.8312886e-02;1.5750000e+02;-6.5481238e-02;1.5750000e+02;-1.1435666e-01;1.5750000e+02;-6.9002539e-02;1.5750000e+02;-4.6573397e-02;1.5750000e+02;-2.1521375e-03;1.5750000e+02;6.2403195e-02;1.5750000e+02;1.4771394e-01;1.5750000e+02;2.4346825e-01;1.5750000e+02;3.0127478e-01;1.5750000e+02;2.8461951e-01;1.5750000e+02;2.4109936e-01;1.5750000e+02;2.0031065e-01;1.5750000e+02;1.7564362e-01;1.5750000e+02;1.5058902e-01;1.5750000e+02;1.1538282e-01;1.5750000e+02;7.2167888e-02;1.5750000e+02;2.7534749e-02;1.5750000e+02;-1.8312886e-02;1.5750000e+02;-6.5481238e-02;1.5750000e+02;-1.1435666e-01;1.5750000e+02;-6.9002539e-02;1.5750000e+02;-4.6573397e-02;1.5750000e+02;-2.1521375e-03;1.5750000e+02;6.2403195e-02;1.5750000e+02;1.4771394e-01;1.5750000e+02;2.4346825e-01;1.5750000e+02;3.0127478e-01;1.5750000e+02;2.8461951e-01;1.5750000e+02;2.4109936e-01;1.5750000e+02;2.0031065e-01;1.5750000e+02;1.7564362e-01;1.5750000e+02;1.5058902e-01;1.5750000e+02;1.1538282e-01;1.5750000e+02;7.2167888e-02;1.5750000e+02;2.7534749e-02;1.5750000e+02;-1.8312886e-02;1.5750000e+02;-6.5481238e-02;1.5750000e+02;-1.1435666e-01;1.5750000e+02;-6.9002539e-02;1.5750000e+02;-4.6573397e-02;1.5750000e+02;-2.1521375e-03;1.5750000e+02;6.2403195e-02;1.5750000e+02;1.4771394e-01;1.5750000e+02;2.4346825e-01;1.5750000e+02;3.0127478e-01;1.5750000e+02;2.8461951e-01;1.5750000e+02;2.4109936e-01;1.5750000e+02;2.0031065e-01;1.5750000e+02;1.7564362e-01;1.5750000e+02;1.5058902e-01;1.5750000e+02;1.1538282e-01;1.5750000e+02;7.2167888e-02;1.5750000e+02;2.7534749e-02;1.5750000e+02;-1.8312886e-02;1.5750000e+02;-6.5481238e-02;1.5750000e+02;-1.1435666e-01;1.5750000e+02;-6.9002539e-02;1.5750000e+02;-4.6573397e-02;1.5750000e+02;-2.1521375e-03;1.5750000e+02;6.2403195e-02;1.5750000e+02;1.4771394e-01;1.5750000e+02;2.4346825e-01;1.5750000e+02;3.0127478e-01;1.5750000e+02;2.8461951e-01;1.5750000e+02;2.4109936e-01;1.5750000e+02;2.0031065e-01;1.5750000e+02;1.7564362e-01;1.5750000e+02;1.5058902e-01;1.5750000e+02;1.1538282e-01;1.5750000e+02;7.2167888e-02;1.5750000e+02;2.7534749e-02;1.5750000e+02;-1.8312886e-02;1.5750000e+02;-6.5481238e-02;1.5750000e+02;-1.1435666e-01;1.5750000e+02;-6.9002539e-02;1.5750000e+02;-4.6573397e-02;1.5750000e+02;-2.1521375e-03;1.5750000e+02;6.2403195e-02;1.5750000e+02;1.4771394e-01;1.5750000e+02;2.4346825e-01;1.5750000e+02;3.0127478e-01;1.5750000e+02;2.8461951e-01;1.5750000e+02;2.4109936e-01;1.5750000e+02;2.0031065e-01;1.5750000e+02;1.7564362e-01;1.5750000e+02;1.5058902e-01;1.5750000e+02;1.1538282e-01;1.5750000e+02;7.2167888e-02;1.5750000e+02;2.7534749e-02;1.5750000e+02;-1.8312886e-02;1.5750000e+02;-6.5481238e-02;1.5750000e+02;-1.1435666e-01;1.5750000e+02;-6.9002539e-02;1.5750000e+02;-4.6573397e-02;1.5750000e+02;-2.1521375e-03;1.5750000e+02;6.2403195e-02;1.5750000e+02;1.4771394e-01;1.5750000e+02;2.4346825e-01;1.5750000e+02;3.0127478e-01;1.5750000e+02;2.8461951e-01;1.5750000e+02;2.4109936e-01;1.5750000e+02;2.0031065e-01;1.5750000e+02;1.7564362e-01;1.5750000e+02;1.5058902e-01;1.5750000e+02;1.1538282e-01;1.5750000e+02;7.2167888e-02;1.5750000e+02;2.7534749e-02;1.5750000e+02;-1.8312886e-02;1.5750000e+02;-6.5481238e-02;1.5750000e+02;-1.1435666e-01;1.5750000e+02;-6.9002539e-02;1.5750000e+02;-4.6573397e-02;1.5750000e+02;-2.1521375e-03;1.5750000e+02;6.2403195e-02;1.5750000e+02;1.4771394e-01;1.5750000e+02;2.4346825e-01;1.5750000e+02;3.0127478e-01;1.5750000e+02;2.8461951e-01;1.5750000e+02;2.4109936e-01;1.5750000e+02;2.0031065e-01;1.5750000e+02;1.7564362e-01;1.5750000e+02;1.5058902e-01;1.5750000e+02;1.1538282e-01;1.5750000e+02;7.2167888e-02;1.5750000e+02;2.7534749e-02;1.5750000e+02;-1.8312886e-02;1.5750000e+02;-6.5481238e-02;1.5750000e+02;-1.1435666e-01;1.5750000e+02;-6.9002539e-02;1.5750000e+02;-4.6573397e-02;1.5750000e+02;-2.1521375e-03;1.5750000e+02;6.2403195e-02;1.5750000e+02;1.4771394e-01;1.5750000e+02;2.4346825e-01;1.5750000e+02;3.0127478e-01;1.5750000e+02;2.8461951e-01;1.5750000e+02;2.4109936e-01;1.5750000e+02;2.0031065e-01;1.5750000e+02;1.7564362e-01;1.5750000e+02;1.5058902e-01;1.5750000e+02;1.1538282e-01;1.5750000e+02;7.2167888e-02;1.5750000e+02;2.7534749e-02;1.5750000e+02;-1.8312886e-02;1.5750000e+02;-6.5481238e-02;1.5750000e+02;-1.1435666e-01;1.5750000e+02;-6.9002539e-02;1.5750000e+02;-4.6573397e-02;1.5750000e+02;-2.1521375e-03;1.5750000e+02;6.2403195e-02;1.5750000e+02;1.4771394e-01;1.5750000e+02;2.4346825e-01;1.5750000e+02;3.0127478e-01;1.5750000e+02;2.8461951e-01;1.5750000e+02;2.4109936e-01;1.5750000e+02;2.0031065e-01;1.5750000e+02;1.7564362e-01;1.5750000e+02;1.5058902e-01;1.5750000e+02;1.1538282e-01;1.5750000e+02;7.2167888e-02;1.5750000e+02;2.7534749e-02;1.5750000e+02;-1.8312886e-02;1.5750000e+02;-6.5481238e-02;1.5750000e+02;-1.1435666e-01;1.5750000e+02;-6.9002539e-02;1.5750000e+02;-4.6573397e-02;1.5750000e+02;-2.1521375e-03;1.5750000e+02;6.2403195e-02;1.5750000e+02;1.4771394e-01;1.5750000e+02;2.4346825e-01;1.5750000e+02;3.0127478e-01;1.5750000e+02;2.8461951e-01;1.5750000e+02;2.4109936e-01;1.5750000e+02;2.0031065e-01;1.5750000e+02;1.7564362e-01;1.5750000e+02;1.5058902e-01;1.5750000e+02;1.1538282e-01;1.5750000e+02;7.2167888e-02;1.5750000e+02;2.7534749e-02;1.5750000e+02;-1.8312886e-02;1.5750000e+02;-6.5481238e-02;1.5750000e+02;-1.1435666e-01;1.5750000e+02;-6.9002539e-02;1.5750000e+02;-4.6573397e-02;1.5750000e+02;-2.1521375e-03;1.5750000e+02;6.2403195e-02;1.5750000e+02;1.4771394e-01;1.5750000e+02;2.4346825e-01;1.5750000e+02;3.0127478e-01;1.5750000e+02;2.8461951e-01;1.5750000e+02;2.4109936e-01;1.5750000e+02;2.0031065e-01;1.5750000e+02;1.7564362e-01;1.5750000e+02;1.5058902e-01;1.5750000e+02;1.1538282e-01;1.5750000e+02;7.2167888e-02;1.5750000e+02;2.7534749e-02;1.5750000e+02;-1.8312886e-02;1.5750000e+02;-6.5481238e-02;1.5750000e+02;-1.1435666e-01;1.5750000e+02;-6.9002539e-02;1.5750000e+02;-4.6573397e-02;1.5750000e+02;-2.1521375e-03;1.5750000e+02;6.2403195e-02;1.5750000e+02;1.4771394e-01;1.5750000e+02;2.4346825e-01;1.5750000e+02;3.0127478e-01;1.5750000e+02;2.8461951e-01;1.5750000e+02;2.4109936e-01;1.5750000e+02;2.0031065e-01;1.5750000e+02;1.7564362e-01;1.5750000e+02;1.5058902e-01;1.5750000e+02;1.1538282e-01;1.5750000e+02;7.2167888e-02;1.5750000e+02;2.7534749e-02;1.5750000e+02;-1.8312886e-02;1.5750000e+02;-6.5481238e-02;1.5750000e+02;-1.1435666e-01;1.5750000e+02;-6.9002539e-02;1.5750000e+02;-4.6573397e-02;1.5750000e+02;-2.1521375e-03;1.5750000e+02;6.2403195e-02;1.5750000e+02;1.4771394e-01;1.5750000e+02;2.4346825e-01;1.5750000e+02;3.0127478e-01;1.5750000e+02;2.8461951e-01;1.5750000e+02;2.4109936e-01;1.5750000e+02;2.0031065e-01;1.5750000e+02;1.7564362e-01;1.5750000e+02;1.5058902e-01;1.5750000e+02;1.1538282e-01;1.5750000e+02;7.2167888e-02;1.5750000e+02;2.7534749e-02;1.5750000e+02;-1.8312886e-02;1.5750000e+02;-6.5481238e-02;1.5750000e+02;-1.1435666e-01;1.5750000e+02;-6.9002539e-02;1.5750000e+02;-4.6573397e-02;1.5750000e+02;-2.1521375e-03;1.5750000e+02;6.2403195e-02;1.5750000e+02;1.4771394e-01;1.5750000e+02;2.4346825e-01;1.5750000e+02;3.0127478e-01;1.5750000e+02;2.8461951e-01;1.5750000e+02;2.4109936e-01;1.5750000e+02;2.0031065e-01;1.5750000e+02;1.7564362e-01;1.5750000e+02;1.5058902e-01;1.5750000e+02;1.1538282e-01;1.5750000e+02;7.2167888e-02;1.5750000e+02;2.7534749e-02;1.5750000e+02;-1.8312886e-02;1.5750000e+02;-6.5481238e-02;1.5750000e+02;-1.1435666e-01;1.5750000e+02;-6.9002539e-02;1.5750000e+02;-4.6573397e-02;1.5750000e+02;-2.1521375e-03;1.5750000e+02;6.2403195e-02;1.5750000e+02;1.4771394e-01;1.5750000e+02;2.4346825e-01;1.5750000e+02;3.0127478e-01;1.5750000e+02;2.8461951e-01;1.5750000e+02;2.4109936e-01;1.5750000e+02;2.0031065e-01;1.5750000e+02;1.7564362e-01;1.5750000e+02;1.5058902e-01;1.5750000e+02;1.1538282e-01;1.5750000e+02;7.2167888e-02;1.5750000e+02;2.7534749e-02;1.5750000e+02;-1.8312886e-02;1.5750000e+02;-6.5481238e-02;1.5750000e+02;-1.1435666e-01;1.5750000e+02;-6.9002539e-02;1.5750000e+02;-4.6573397e-02;1.5750000e+02;-2.1521375e-03;1.5750000e+02;6.2403195e-02;1.5750000e+02;1.4771394e-01;1.5750000e+02;2.4346825e-01;1.5750000e+02;3.0127478e-01;1.5750000e+02;2.8461951e-01;1.5750000e+02;2.4109936e-01;1.5750000e+02;2.0031065e-01;1.5750000e+02;1.7564362e-01;1.5750000e+02;1.5058902e-01;1.5750000e+02;1.1538282e-01;1.5750000e+02;7.2167888e-02;1.5750000e+02;2.7534749e-02;1.5750000e+02;-1.8312886e-02;1.5750000e+02;-6.5481238e-02;1.5750000e+02;-1.1435666e-01;1.5750000e+02;-6.9002539e-02;1.5750000e+02;-4.6573397e-02;1.5750000e+02;-2.1521375e-03;1.5750000e+02;6.2403195e-02;1.5750000e+02;1.4771394e-01;1.5750000e+02;2.4346825e-01;1.5750000e+02;3.0127478e-01;1.5750000e+02;2.8461951e-01;1.5750000e+02;2.4109936e-01;1.5750000e+02;2.0031065e-01;1.5750000e+02;1.7564362e-01;1.5750000e+02;1.5058902e-01;1.5750000e+02;1.1538282e-01;1.5750000e+02;7.2167888e-02;1.5750000e+02;2.7534749e-02;1.5750000e+02;-1.8312886e-02;1.5750000e+02;-6.5481238e-02;1.5750000e+02;-1.1435666e-01;1.5750000e+02;-6.9002539e-02;1.5750000e+02;-4.6573397e-02;1.5750000e+02;-2.1521375e-03;1.5750000e+02;6.2403195e-02;1.5750000e+02;1.4771394e-01;1.5750000e+02;2.4346825e-01;1.5750000e+02;3.0127478e-01;1.5750000e+02;2.8461951e-01;1.5750000e+02;2.4109936e-01;1.5750000e+02;2.0031065e-01;1.5750000e+02;1.7564362e-01;1.5750000e+02;1.5058902e-01;1.5750000e+02;1.1538282e-01;1.5750000e+02;7.2167888e-02;1.5750000e+02;2.7534749e-02;1.5750000e+02;-1.8312886e-02;1.5750000e+02;-6.5481238e-02;1.5750000e+02;-1.1435666e-01;1.5750000e+02;-6.9002539e-02;1.5750000e+02;-4.6573397e-02;1.5750000e+02;-2.1521375e-03;1.5750000e+02;6.2403195e-02;1.5750000e+02;1.4771394e-01;1.5750000e+02;2.4346825e-01;1.5750000e+02;3.0127478e-01;1.5750000e+02;2.8461951e-01;1.5750000e+02;2.4109936e-01;1.5750000e+02;2.0031065e-01;1.5750000e+02;1.7564362e-01;1.5750000e+02;1.5058902e-01;1.5750000e+02;1.1538282e-01;1.5750000e+02;7.2167888e-02;1.5750000e+02;2.7534749e-02;1.5750000e+02;-1.8312886e-02;1.5750000e+02;-6.5481238e-02;1.5750000e+02;-1.1435666e-01;1.5750000e+02;-6.9002539e-02;1.5750000e+02;-4.6573397e-02;1.5750000e+02;-2.1521375e-03;1.5750000e+02;6.2403195e-02;1.5750000e+02;1.4771394e-01;1.5750000e+02;2.4346825e-01;1.5750000e+02;3.0127478e-01;1.5750000e+02;2.8461951e-01;1.5750000e+02;2.4109936e-01;1.5750000e+02;2.0031065e-01;1.5750000e+02;1.7564362e-01;1.5750000e+02;1.5058902e-01;1.5750000e+02;1.1538282e-01;1.5750000e+02;7.2167888e-02;1.5750000e+02;2.7534749e-02;1.5750000e+02;-1.8312886e-02;1.5750000e+02;-6.5481238e-02;1.5750000e+02;-1.1435666e-01;1.5750000e+02;-6.9002539e-02;1.5750000e+02;-4.6573397e-02;1.5750000e+02;-2.1521375e-03;1.5750000e+02;6.2403195e-02;1.5750000e+02;1.4771394e-01;1.5750000e+02;2.4346825e-01;1.5750000e+02;3.0127478e-01;1.5750000e+02;2.8461951e-01;1.5750000e+02;2.4109936e-01;1.5750000e+02;2.0031065e-01;1.5750000e+02;1.7564362e-01;1.5750000e+02;1.5058902e-01;1.5750000e+02;1.1538282e-01;1.5750000e+02;7.2167888e-02;1.5750000e+02;2.7534749e-02;1.5750000e+02;-1.8312886e-02;1.5750000e+02;-6.5481238e-02;1.5750000e+02;-1.1435666e-01;1.5750000e+02;-6.9002539e-02;1.5750000e+02;-4.6573397e-02;1.5750000e+02;-2.1521375e-03;1.5750000e+02;6.2403195e-02;1.5750000e+02;1.4771394e-01;1.5750000e+02;2.4346825e-01;1.5750000e+02;3.0127478e-01;1.5750000e+02;2.8461951e-01;1.5750000e+02;2.4109936e-01;1.5750000e+02;2.0031065e-01;1.5750000e+02;1.7564362e-01;1.5750000e+02;1.5058902e-01;1.5750000e+02;1.1538282e-01;1.5750000e+02;7.2167888e-02;1.5750000e+02;2.7534749e-02;1.5750000e+02;-1.8312886e-02;1.5750000e+02;-6.5481238e-02;1.5750000e+02;-1.1435666e-01;1.5750000e+02;-6.9002539e-02;1.5750000e+02;-4.6573397e-02;1.5750000e+02;-2.1521375e-03;1.5750000e+02;6.2403195e-02;1.5750000e+02;1.4771394e-01;1.5750000e+02;2.4346825e-01;1.5750000e+02;3.0127478e-01;1.5750000e+02;2.8461951e-01;1.5750000e+02;2.4109936e-01;1.5750000e+02;2.0031065e-01;1.5750000e+02;1.7564362e-01;1.5750000e+02;1.5058902e-01;1.5750000e+02;1.1538282e-01;1.5750000e+02;7.2167888e-02;1.5750000e+02;2.7534749e-02;1.5750000e+02;-1.8312886e-02;1.5750000e+02;-6.5481238e-02;1.5750000e+02;-1.1435666e-01;1.5750000e+02;-6.9002539e-02;1.5750000e+02;-4.6573397e-02;1.5750000e+02;-2.1521375e-03;1.5750000e+02;6.2403195e-02;1.5750000e+02;1.4771394e-01;1.5750000e+02;2.4346825e-01;1.5750000e+02;3.0127478e-01;1.5750000e+02;2.8461951e-01;1.5750000e+02;2.4109936e-01;1.5750000e+02;2.0031065e-01;1.5750000e+02;1.7564362e-01;1.5750000e+02;1.5058902e-01;1.5750000e+02;1.1538282e-01;1.5750000e+02;7.2167888e-02;1.5750000e+02;2.7534749e-02;1.5750000e+02;-1.8312886e-02;1.5750000e+02;-6.5481238e-02;1.5750000e+02;-1.1435666e-01;1.5750000e+02;-6.9002539e-02;1.5750000e+02;-4.6573397e-02;1.5750000e+02;-2.1521375e-03;1.5750000e+02;6.2403195e-02;1.5750000e+02;1.4771394e-01;1.5750000e+02;2.4346825e-01;1.5750000e+02;3.0127478e-01;1.5750000e+02;2.8461951e-01;1.5750000e+02;2.4109936e-01;1.5750000e+02;2.0031065e-01;1.5750000e+02;1.7564362e-01;1.5750000e+02;1.5058902e-01;1.5750000e+02;1.1538282e-01;1.5750000e+02;7.2167888e-02;1.5750000e+02;2.7534749e-02;1.5750000e+02;-1.8312886e-02;1.5750000e+02;-6.5481238e-02;1.5750000e+02;-1.1435666e-01;1.5750000e+02;-6.9002539e-02;1.5750000e+02;-4.6573397e-02;1.5750000e+02;-2.1521375e-03;1.5750000e+02;6.2403195e-02;1.5750000e+02;1.4771394e-01;1.5750000e+02;2.4346825e-01;1.5750000e+02;3.0127478e-01;1.5750000e+02;2.8461951e-01;1.5750000e+02;2.4109936e-01;1.5750000e+02;2.0031065e-01;1.5750000e+02;1.7564362e-01;1.5750000e+02;1.5058902e-01;1.5750000e+02;1.1538282e-01;1.5750000e+02;7.2167888e-02;1.5750000e+02;2.7534749e-02;1.5750000e+02;-1.8312886e-02;1.5750000e+02;-6.5481238e-02;1.5750000e+02;-1.1435666e-01;1.5750000e+02;-6.9002539e-02;1.5750000e+02;-4.6573397e-02;1.5750000e+02;-2.1521375e-03;1.5750000e+02;6.2403195e-02;1.5750000e+02;1.4771394e-01;1.5750000e+02;2.4346825e-01;1.5750000e+02;3.0127478e-01;1.5750000e+02;2.8461951e-01;1.5750000e+02;2.4109936e-01;1.5750000e+02;2.0031065e-01;1.5750000e+02;1.7564362e-01;1.5750000e+02;1.5058902e-01;1.5750000e+02;1.1538282e-01;1.5750000e+02;7.2167888e-02;1.5750000e+02;2.7534749e-02;1.5750000e+02;-1.8312886e-02;1.5750000e+02;-6.5481238e-02;1.5750000e+02;-1.1435666e-01;1.5750000e+02;-6.9002539e-02;1.5750000e+02;-4.6573397e-02;1.5750000e+02;-2.1521375e-03;1.5750000e+02;6.2403195e-02;1.5750000e+02;1.4771394e-01;1.5750000e+02;2.4346825e-01;1.5750000e+02;3.0127478e-01;1.5750000e+02;2.8461951e-01;1.5750000e+02;2.4109936e-01;1.5750000e+02;2.0031065e-01;1.5750000e+02;1.7564362e-01;1.5750000e+02;1.5058902e-01;1.5750000e+02;1.1538282e-01;1.5750000e+02;7.2167888e-02;1.5750000e+02;2.7534749e-02;1.5750000e+02;-1.8312886e-02;1.5750000e+02;-6.5481238e-02;1.5750000e+02;-1.1435666e-01;1.5750000e+02;-6.9002539e-02;1.5750000e+02;-4.6573397e-02;1.5750000e+02;-2.1521375e-03;1.5750000e+02;6.2403195e-02;1.5750000e+02;1.4771394e-01;1.5750000e+02;2.4346825e-01;1.5750000e+02;3.0127478e-01;1.5750000e+02;2.8461951e-01;1.5750000e+02;2.4109936e-01;1.5750000e+02;2.0031065e-01;1.5750000e+02;1.7564362e-01;1.5750000e+02;1.5058902e-01;1.5750000e+02;1.1538282e-01;1.5750000e+02;7.2167888e-02;1.5750000e+02;2.7534749e-02;1.5750000e+02;-1.8312886e-02;1.5750000e+02;-6.5481238e-02;1.5750000e+02;-1.1435666e-01;1.5750000e+02;-6.9002539e-02;1.5750000e+02;-4.6573397e-02;1.5750000e+02;-2.1521375e-03;1.5750000e+02;6.2403195e-02;1.5750000e+02;1.4771394e-01;1.5750000e+02;2.4346825e-01;1.5750000e+02;3.0127478e-01;1.5750000e+02;2.8461951e-01;1.5750000e+02;2.4109936e-01;1.5750000e+02;2.0031065e-01;1.5750000e+02;1.7564362e-01;1.5750000e+02;1.5058902e-01;1.5750000e+02;1.1538282e-01;1.5750000e+02;7.2167888e-02;1.5750000e+02;2.7534749e-02;1.5750000e+02;-1.8312886e-02;1.5750000e+02;-6.5481238e-02;1.5750000e+02;-1.1435666e-01;1.5750000e+02;-6.9002539e-02;1.5750000e+02;-4.6573397e-02;1.5750000e+02;-2.1521375e-03;1.5750000e+02;6.2403195e-02;1.5750000e+02;1.4771394e-01;1.5750000e+02;2.4346825e-01;1.5750000e+02;3.0127478e-01;1.5750000e+02;2.8461951e-01;1.5750000e+02;2.4109936e-01;1.5750000e+02;2.0031065e-01;1.5750000e+02;1.7564362e-01;1.5750000e+02;1.5058902e-01;1.5750000e+02;1.1538282e-01;1.5750000e+02;7.2167888e-02;1.5750000e+02;2.7534749e-02;1.5750000e+02;-1.8312886e-02;1.5750000e+02;-6.5481238e-02;1.5750000e+02;-1.1435666e-01;1.5750000e+02;-6.9002539e-02;1.5750000e+02;-4.6573397e-02;1.5750000e+02;-2.1521375e-03;1.5750000e+02;6.2403195e-02;1.5750000e+02;1.4771394e-01;1.5750000e+02;2.4346825e-01;1.5750000e+02;3.0127478e-01;1.5750000e+02;2.8461951e-01;1.5750000e+02;2.4109936e-01;1.5750000e+02;2.0031065e-01;1.5750000e+02;1.7564362e-01;1.5750000e+02;1.5058902e-01;1.5750000e+02;1.1538282e-01;1.5750000e+02;7.2167888e-02;1.5750000e+02;2.7534749e-02;1.5750000e+02;-1.8312886e-02;1.5750000e+02;-6.5481238e-02;1.5750000e+02;-1.1435666e-01;1.5750000e+02;-6.9002539e-02;1.5750000e+02;-4.6573397e-02;1.5750000e+02;-2.1521375e-03;1.5750000e+02;6.2403195e-02;1.5750000e+02;1.4771394e-01;1.5750000e+02;2.4346825e-01;1.5750000e+02;3.0127478e-01;1.5750000e+02;2.8461951e-01;1.5750000e+02;2.4109936e-01;1.5750000e+02;2.0031065e-01;1.5750000e+02;1.7564362e-01;1.5750000e+02;1.5058902e-01;1.5750000e+02;1.1538282e-01;1.5750000e+02;7.2167888e-02;1.5750000e+02;2.7534749e-02;1.5750000e+02;-1.8312886e-02;1.5750000e+02;-6.5481238e-02;1.5750000e+02;-1.1435666e-01;1.5750000e+02;-6.9002539e-02;1.5750000e+02;-4.6573397e-02;1.5750000e+02;-2.1521375e-03;1.5750000e+02;6.2403195e-02;1.5750000e+02;1.4771394e-01;1.5750000e+02;2.4346825e-01;1.5750000e+02;3.0127478e-01;1.5750000e+02;2.8461951e-01;1.5750000e+02;2.4109936e-01;1.5750000e+02;2.0031065e-01;1.5750000e+02;1.7564362e-01;1.5750000e+02;1.5058902e-01;1.5750000e+02;1.1538282e-01;1.5750000e+02;7.2167888e-02;1.5750000e+02;2.7534749e-02;1.5750000e+02;-1.8312886e-02;1.5750000e+02;-6.5481238e-02;1.5750000e+02;-1.1435666e-01;1.5750000e+02;-6.9002539e-02;1.5750000e+02;-4.6573397e-02;1.5750000e+02;-2.1521375e-03;1.5750000e+02;6.2403195e-02;1.5750000e+02;1.4771394e-01;1.5750000e+02;2.4346825e-01;1.5750000e+02;3.0127478e-01;1.5750000e+02;2.8461951e-01;1.5750000e+02;2.4109936e-01;1.5750000e+02;2.0031065e-01;1.5750000e+02;1.7564362e-01;1.5750000e+02;1.5058902e-01;1.5750000e+02;1.1538282e-01;1.5750000e+02;7.2167888e-02;1.5750000e+02;2.7534749e-02;1.5750000e+02;-1.8312886e-02;1.5750000e+02;-6.5481238e-02;1.5750000e+02;-1.1435666e-01;1.5750000e+02;-6.9002539e-02;1.5750000e+02;-4.6573397e-02;1.5750000e+02;-2.1521375e-03;1.5750000e+02;6.2403195e-02;1.5750000e+02;1.4771394e-01;1.5750000e+02;2.4346825e-01;1.5750000e+02;3.0127478e-01;1.5750000e+02;2.8461951e-01;1.5750000e+02;2.4109936e-01;1.5750000e+02;2.0031065e-01;1.5750000e+02;1.7564362e-01;1.5750000e+02;1.5058902e-01;1.5750000e+02;1.1538282e-01;1.5750000e+02;7.2167888e-02;1.5750000e+02;2.7534749e-02;1.5750000e+02;-1.8312886e-02;1.5750000e+02;-6.5481238e-02;1.5750000e+02;-1.1435666e-01;1.5750000e+02;-6.9002539e-02;1.5750000e+02;-4.6573397e-02;1.5750000e+02;-2.1521375e-03;1.5750000e+02;6.2403195e-02;1.5750000e+02;1.4771394e-01;1.5750000e+02;2.4346825e-01;1.5750000e+02;3.0127478e-01;1.5750000e+02;2.8461951e-01;1.5750000e+02;2.4109936e-01;1.5750000e+02;2.0031065e-01;1.5750000e+02;1.7564362e-01;1.5750000e+02;1.5058902e-01;1.5750000e+02;1.1538282e-01;1.5750000e+02;7.2167888e-02;1.5750000e+02;2.7534749e-02;1.5750000e+02;-1.8312886e-02;1.5750000e+02;-6.5481238e-02;1.5750000e+02;-1.1435666e-01;1.5750000e+02;-6.9002539e-02;1.5750000e+02;-4.6573397e-02;1.5750000e+02;-2.1521375e-03;1.5750000e+02;6.2403195e-02;1.5750000e+02;1.4771394e-01;1.5750000e+02;2.4346825e-01;1.5750000e+02;3.0127478e-01;1.5750000e+02;2.8461951e-01;1.5750000e+02;2.4109936e-01;1.5750000e+02;2.0031065e-01;1.5750000e+02;1.7564362e-01;1.5750000e+02;1.5058902e-01;1.5750000e+02;1.1538282e-01;1.5750000e+02;7.2167888e-02;1.5750000e+02;2.7534749e-02;1.5750000e+02;-1.8312886e-02;1.5750000e+02;-6.5481238e-02;1.5750000e+02;-1.1435666e-01;1.5750000e+02;-6.9002539e-02;1.5750000e+02;-4.6573397e-02;1.5750000e+02;-2.1521375e-03;1.5750000e+02;6.2403195e-02;1.5750000e+02;1.4771394e-01;1.5750000e+02;2.4346825e-01;1.5750000e+02;3.0127478e-01;1.5750000e+02;2.8461951e-01;1.5750000e+02;2.4109936e-01;1.5750000e+02;2.0031065e-01;1.5750000e+02;1.7564362e-01;1.5750000e+02;1.5058902e-01;1.5750000e+02;1.1538282e-01;1.5750000e+02;7.2167888e-02;1.5750000e+02;2.7534749e-02;1.5750000e+02;-1.8312886e-02;1.5750000e+02;-6.5481238e-02;1.5750000e+02;-1.1435666e-01;1.5750000e+02;-6.9002539e-02;1.5750000e+02;-4.6573397e-02;1.5750000e+02;-2.1521375e-03;1.5750000e+02;6.2403195e-02;1.5750000e+02;1.4771394e-01;1.5750000e+02;2.4346825e-01;1.5750000e+02;3.0127478e-01;1.5750000e+02;2.8461951e-01;1.5750000e+02;2.4109936e-01;1.5750000e+02;2.0031065e-01;1.5750000e+02;1.7564362e-01;1.5750000e+02;1.5058902e-01;1.5750000e+02;1.1538282e-01;1.5750000e+02;7.2167888e-02;1.5750000e+02;2.7534749e-02;1.5750000e+02;-1.8312886e-02;1.5750000e+02;-6.5481238e-02;1.5750000e+02;-1.1435666e-01;1.5750000e+02;-6.9002539e-02;1.5750000e+02;-4.6573397e-02;1.5750000e+02;-2.1521375e-03;1.5750000e+02;6.2403195e-02;1.5750000e+02;1.4771394e-01;1.5750000e+02;2.4346825e-01;1.5750000e+02;3.0127478e-01;1.5750000e+02;2.8461951e-01;1.5750000e+02;2.4109936e-01;1.5750000e+02;2.0031065e-01;1.5750000e+02;1.7564362e-01;1.5750000e+02;1.5058902e-01;1.5750000e+02;1.1538282e-01;1.5750000e+02;7.2167888e-02;1.5750000e+02;2.7534749e-02;1.5750000e+02;-1.8312886e-02;1.5750000e+02;-6.5481238e-02;1.5750000e+02;-1.1435666e-01;1.5750000e+02;-6.9002539e-02;1.5750000e+02;-4.6573397e-02;1.5750000e+02;-2.1521375e-03;1.5750000e+02;6.2403195e-02;1.5750000e+02;1.4771394e-01;1.5750000e+02;2.4346825e-01;1.5750000e+02;3.0127478e-01;1.5750000e+02;2.8461951e-01;1.5750000e+02;2.4109936e-01;1.5750000e+02;2.0031065e-01;1.5750000e+02;1.7564362e-01;1.5750000e+02;1.5058902e-01;1.5750000e+02;1.1538282e-01;1.5750000e+02;7.2167888e-02;1.5750000e+02;2.7534749e-02;1.5750000e+02;-1.8312886e-02;1.5750000e+02;-6.5481238e-02;1.5750000e+02;-1.1435666e-01;1.5750000e+02;-6.9002539e-02;1.5750000e+02;-4.6573397e-02;1.5750000e+02;-2.1521375e-03;1.5750000e+02;6.2403195e-02;1.5750000e+02;1.4771394e-01;1.5750000e+02;2.4346825e-01;1.5750000e+02;3.0127478e-01;1.5750000e+02;2.8461951e-01;1.5750000e+02;2.4109936e-01;1.5750000e+02;2.0031065e-01;1.5750000e+02;1.7564362e-01;1.5750000e+02;1.5058902e-01;1.5750000e+02;1.1538282e-01;1.5750000e+02;7.2167888e-02;1.5750000e+02;2.7534749e-02;1.5750000e+02;-1.8312886e-02;1.5750000e+02;-6.5481238e-02;1.5750000e+02;-1.1435666e-01;1.5750000e+02;-6.9002539e-02;1.5750000e+02;-4.6573397e-02;1.5750000e+02;-2.1521375e-03;1.5750000e+02;6.2403195e-02;1.5750000e+02;1.4771394e-01;1.5750000e+02;2.4346825e-01;1.5750000e+02;3.0127478e-01;1.5750000e+02;2.8461951e-01;1.5750000e+02;2.4109936e-01;1.5750000e+02;2.0031065e-01;1.5750000e+02;1.7564362e-01;1.5750000e+02;1.5058902e-01;1.5750000e+02;1.1538282e-01;1.5750000e+02;7.2167888e-02;1.5750000e+02;2.7534749e-02;1.5750000e+02;-1.8312886e-02;1.5750000e+02;-6.5481238e-02;1.5750000e+02;-1.1435666e-01;1.5750000e+02;-6.9002539e-02;1.5750000e+02;-4.6573397e-02;1.5750000e+02;-2.1521375e-03;1.5750000e+02;6.2403195e-02;1.5750000e+02;1.4771394e-01;1.5750000e+02;2.4346825e-01;1.5750000e+02;3.0127478e-01;1.5750000e+02;2.8461951e-01;1.5750000e+02;2.4109936e-01;1.5750000e+02;2.0031065e-01;1.5750000e+02;1.7564362e-01;1.5750000e+02;1.5058902e-01;1.5750000e+02;1.1538282e-01;1.5750000e+02;7.2167888e-02;1.5750000e+02;2.7534749e-02;1.5750000e+02;-1.8312886e-02;1.5750000e+02;-6.5481238e-02;1.5750000e+02;-1.1435666e-01
1.6250000e+02;-6.5104432e-02;1.6250000e+02;-3.6816295e-02;1.6250000e+02;1.4170028e-02;1.6250000e+02;8.5149512e-02;1.6250000e+02;1.7622274e-01;1.6250000e+02;2.7089632e-01;1.6250000e+02;3.2654160e-01;1.6250000e+02;3.0589318e-01;1.6250000e+02;2.6327199e-01;1.6250000e+02;2.1807086e-01;1.6250000e+02;1.8053654e-01;1.6250000e+02;1.5003535e-01;1.6250000e+02;1.1601254e-01;1.6250000e+02;7.4307397e-02;1.6250000e+02;3.1313568e-02;1.6250000e+02;-1.5058339e-02;1.6250000e+02;-6.2071435e-02;1.6250000e+02;-1.1012961e-01;1.6250000e+02;-6.5104432e-02;1.6250000e+02;-3.6816295e-02;1.6250000e+02;1.4170028e-02;1.6250000e+02;8.5149512e-02;1.6250000e+02;1.7622274e-01;1.6250000e+02;2.7089632e-01;1.6250000e+02;3.2654160e-01;1.6250000e+02;3.0589318e-01;1.6250000e+02;2.6327199e-01;1.6250000e+02;2.1807086e-01;1.6250000e+02;1.8053654e-01;1.6250000e+02;1.5003535e-01;1.6250000e+02;1.1601254e-01;1.6250000e+02;7.4307397e-02;1.6250000e+02;3.1313568e-02;1.6250000e+02;-1.5058339e-02;1.6250000e+02;-6.2071435e-02;1.6250000e+02;-1.1012961e-01;1.6250000e+02;-6.5104432e-02;1.6250000e+02;-3.6816295e-02;1.6250000e+02;1.4170028e-02;1.6250000e+02;8.5149512e-02;1.6250000e+02;1.7622274e-01;1.6250000e+02;2.7089632e-01;1.6250000e+02;3.2654160e-01;1.6250000e+02;3.0589318e-01;1.6250000e+02;2.6327199e-01;1.6250000e+02;2.1807086e-01;1.6250000e+02;1.8053654e-01;1.6250000e+02;1.5003535e-01;1.6250000e+02;1.1601254e-01;1.6250000e+02;7.4307397e-02;1.6250000e+02;3.1313568e-02;1.6250000e+02;-1.5058339e-02;1.6250000e+02;-6.2071435e-02;1.6250000e+02;-1.1012961e-01;1.6250000e+02;-6.5104432e-02;1.6250000e+02;-3.6816295e-02;1.6250000e+02;1.4170028e-02;1.6250000e+02;8.5149512e-02;1.6250000e+02;1.7622274e-01;1.6250000e+02;2.7089632e-01;1.6250000e+02;3.2654160e-01;1.6250000e+02;3.0589318e-01;1.6250000e+02;2.6327199e-01;1.6250000e+02;2.1807086e-01;1.6250000e+02;1.8053654e-01;1.6250000e+02;1.5003535e-01;1.6250000e+02;1.1601254e-01;1.6250000e+02;7.4307397e-02;1.6250000e+02;3.1313568e-02;1.6250000e+02;-1.5058339e-02;1.6250000e+02;-6.2071435e-02;1.6250000e+02;-1.1012961e-01;1.6250000e+02;-6.5104432e-02;1.6250000e+02;-3.6816295e-02;1.6250000e+02;1.4170028e-02;1.6250000e+02;8.5149512e-02;1.6250000e+02;1.7622274e-01;1.6250000e+02;2.7089632e-01;1.6250000e+02;3.2654160e-01;1.6250000e+02;3.0589318e-01;1.6250000e+02;2.6327199e-01;1.6250000e+02;2.1807086e-01;1.6250000e+02;1.8053654e-01;1.6250000e+02;1.5003535e-01;1.6250000e+02;1.1601254e-01;1.6250000e+02;7.4307397e-02;1.6250000e+02;3.1313568e-02;1.6250000e+02;-1.5058339e-02;1.6250000e+02;-6.2071435e-02;1.6250000e+02;-1.1012961e-01;1.6250000e+02;-6.5104432e-02;1.6250000e+02;-3.6816295e-02;1.6250000e+02;1.4170028e-02;1.6250000e+02;8.5149512e-02;1.6250000e+02;1.7622274e-01;1.6250000e+02;2.7089632e-01;1.6250000e+02;3.2654160e-01;1.6250000e+02;3.0589318e-01;1.6250000e+02;2.6327199e-01;1.6250000e+02;2.1807086e-01;1.6250000e+02;1.8053654e-01;1.6250000e+02;1.5003535e-01;1.6250000e+02;1.1601254e-01;1.6250000e+02;7.4307397e-02;1.6250000e+02;3.1313568e-02;1.6250000e+02;-1.5058339e-02;1.6250000e+02;-6.2071435e-02;1.6250000e+02;-1.1012961e-01;1.6250000e+02;-6.5104432e-02;1.6250000e+02;-3.6816295e-02;1.6250000e+02;1.4170028e-02;1.6250000e+02;8.5149512e-02;1.6250000e+02;1.7622274e-01;1.6250000e+02;2.7089632e-01;1.6250000e+02;3.2654160e-01;1.6250000e+02;3.0589318e-01;1.6250000e+02;2.6327199e-01;1.6250000e+02;2.1807086e-01;1.6250000e+02;1.8053654e-01;1.6250000e+02;1.5003535e-01;1.6250000e+02;1.1601254e-01;1.6250000e+02;7.4307397e-02;1.6250000e+02;3.1313568e-02;1.6250000e+02;-1.5058339e-02;1.6250000e+02;-6.2071435e-02;1.6250000e+02;-1.1012961e-01;1.6250000e+02;-6.5104432e-02;1.6250000e+02;-3.6816295e-02;1.6250000e+02;1.4170028e-02;1.6250000e+02;8.5149512e-02;1.6250000e+02;1.7622274e-01;1.6250000e+02;2.7089632e-01;1.6250000e+02;3.2654160e-01;1.6250000e+02;3.0589318e-01;1.6250000e+02;2.6327199e-01;1.6250000e+02;2.1807086e-01;1.6250000e+02;1.8053654e-01;1.6250000e+02;1.5003535e-01;1.6250000e+02;1.1601254e-01;1.6250000e+02;7.4307397e-02;1.6250000e+02;3.1313568e-02;1.6250000e+02;-1.5058339e-02;1.6250000e+02;-6.2071435e-02;1.6250000e+02;-1.1012961e-01;1.6250000e+02;-6.5104432e-02;1.6250000e+02;-3.6816295e-02;1.6250000e+02;1.4170028e-02;1.6250000e+02;8.5149512e-02;1.6250000e+02;1.7622274e-01;1.6250000e+02;2.7089632e-01;1.6250000e+02;3.2654160e-01;1.6250000e+02;3.0589318e-01;1.6250000e+02;2.6327199e-01;1.6250000e+02;2.1807086e-01;1.6250000e+02;1.8053654e-01;1.6250000e+02;1.5003535e-01;1.6250000e+02;1.1601254e-01;1.6250000e+02;7.4307397e-02;1.6250000e+02;3.1313568e-02;1.6250000e+02;-1.5058339e-02;1.6250000e+02;-6.2071435e-02;1.6250000e+02;-1.1012961e-01;1.6250000e+02;-6.5104432e-02;1.6250000e+02;-3.6816295e-02;1.6250000e+02;1.4170028e-02;1.6250000e+02;8.5149512e-02;1.6250000e+02;1.7622274e-01;1.6250000e+02;2.7089632e-01;1.6250000e+02;3.2654160e-01;1.6250000e+02;3.0589318e-01;1.6250000e+02;2.6327199e-01;1.6250000e+02;2.1807086e-01;1.6250000e+02;1.8053654e-01;1.6250000e+02;1.5003535e-01;1.6250000e+02;1.1601254e-01;1.6250000e+02;7.4307397e-02;1.6250000e+02;3.1313568e-02;1.6250000e+02;-1.5058339e-02;1.6250000e+02;-6.2071435e-02;1.6250000e+02;-1.1012961e-01;1.6250000e+02;-6.5104432e-02;1.6250000e+02;-3.6816295e-02;1.6250000e+02;1.4170028e-02;1.6250000e+02;8.5149512e-02;1.6250000e+02;1.7622274e-01;1.6250000e+02;2.7089632e-01;1.6250000e+02;3.2654160e-01;1.6250000e+02;3.0589318e-01;1.6250000e+02;2.6327199e-01;1.6250000e+02;2.1807086e-01;1.6250000e+02;1.8053654e-01;1.6250000e+02;1.5003535e-01;1.6250000e+02;1.1601254e-01;1.6250000e+02;7.4307397e-02;1.6250000e+02;3.1313568e-02;1.6250000e+02;-1.5058339e-02;1.6250000e+02;-6.2071435e-02;1.6250000e+02;-1.1012961e-01;1.6250000e+02;-6.5104432e-02;1.6250000e+02;-3.6816295e-02;1.6250000e+02;1.4170028e-02;1.6250000e+02;8.5149512e-02;1.6250000e+02;1.7622274e-01;1.6250000e+02;2.7089632e-01;1.6250000e+02;3.2654160e-01;1.6250000e+02;3.0589318e-01;1.6250000e+02;2.6327199e-01;1.6250000e+02;2.1807086e-01;1.6250000e+02;1.8053654e-01;1.6250000e+02;1.5003535e-01;1.6250000e+02;1.1601254e-01;1.6250000e+02;7.4307397e-02;1.6250000e+02;3.1313568e-02;1.6250000e+02;-1.5058339e-02;1.6250000e+02;-6.2071435e-02;1.6250000e+02;-1.1012961e-01;1.6250000e+02;-6.5104432e-02;1.6250000e+02;-3.6816295e-02;1.6250000e+02;1.4170028e-02;1.6250000e+02;8.5149512e-02;1.6250000e+02;1.7622274e-01;1.6250000e+02;2.7089632e-01;1.6250000e+02;3.2654160e-01;1.6250000e+02;3.0589318e-01;1.6250000e+02;2.6327199e-01;1.6250000e+02;2.1807086e-01;1.6250000e+02;1.8053654e-01;1.6250000e+02;1.5003535e-01;1.6250000e+02;1.1601254e-01;1.6250000e+02;7.4307397e-02;1.6250000e+02;3.1313568e-02;1.6250000e+02;-1.5058339e-02;1.6250000e+02;-6.2071435e-02;1.6250000e+02;-1.1012961e-01;1.6250000e+02;-6.5104432e-02;1.6250000e+02;-3.6816295e-02;1.6250000e+02;1.4170028e-02;1.6250000e+02;8.5149512e-02;1.6250000e+02;1.7622274e-01;1.6250000e+02;2.7089632e-01;1.6250000e+02;3.2654160e-01;1.6250000e+02;3.0589318e-01;1.6250000e+02;2.6327199e-01;1.6250000e+02;2.1807086e-01;1.6250000e+02;1.8053654e-01;1.6250000e+02;1.5003535e-01;1.6250000e+02;1.1601254e-01;1.6250000e+02;7.4307397e-02;1.6250000e+02;3.1313568e-02;1.6250000e+02;-1.5058339e-02;1.6250000e+02;-6.2071435e-02;1.6250000e+02;-1.1012961e-01;1.6250000e+02;-6.5104432e-02;1.6250000e+02;-3.6816295e-02;1.6250000e+02;1.4170028e-02;1.6250000e+02;8.5149512e-02;1.6250000e+02;1.7622274e-01;1.6250000e+02;2.7089632e-01;1.6250000e+02;3.2654160e-01;1.6250000e+02;3.0589318e-01;1.6250000e+02;2.6327199e-01;1.6250000e+02;2.1807086e-01;1.6250000e+02;1.8053654e-01;1.6250000e+02;1.5003535e-01;1.6250000e+02;1.1601254e-01;1.6250000e+02;7.4307397e-02;1.6250000e+02;3.1313568e-02;1.6250000e+02;-1.5058339e-02;1.6250000e+02;-6.2071435e-02;1.6250000e+02;-1.1012961e-01;1.6250000e+02;-6.5104432e-02;1.6250000e+02;-3.6816295e-02;1.6250000e+02;1.4170028e-02;1.6250000e+02;8.5149512e-02;1.6250000e+02;1.7622274e-01;1.6250000e+02;2.7089632e-01;1.6250000e+02;3.2654160e-01;1.6250000e+02;3.0589318e-01;1.6250000e+02;2.6327199e-01;1.6250000e+02;2.1807086e-01;1.6250000e+02;1.8053654e-01;1.6250000e+02;1.5003535e-01;1.6250000e+02;1.1601254e-01;1.6250000e+02;7.4307397e-02;1.6250000e+02;3.1313568e-02;1.6250000e+02;-1.5058339e-02;1.6250000e+02;-6.2071435e-02;1.6250000e+02;-1.1012961e-01;1.6250000e+02;-6.5104432e-02;1.6250000e+02;-3.6816295e-02;1.6250000e+02;1.4170028e-02;1.6250000e+02;8.5149512e-02;1.6250000e+02;1.7622274e-01;1.6250000e+02;2.7089632e-01;1.6250000e+02;3.2654160e-01;1.6250000e+02;3.0589318e-01;1.6250000e+02;2.6327199e-01;1.6250000e+02;2.1807086e-01;1.6250000e+02;1.8053654e-01;1.6250000e+02;1.5003535e-01;1.6250000e+02;1.1601254e-01;1.6250000e+02;7.4307397e-02;1.6250000e+02;3.1313568e-02;1.6250000e+02;-1.5058339e-02;1.6250000e+02;-6.2071435e-02;1.6250000e+02;-1.1012961e-01;1.6250000e+02;-6.5104432e-02;1.6250000e+02;-3.6816295e-02;1.6250000e+02;1.4170028e-02;1.6250000e+02;8.5149512e-02;1.6250000e+02;1.7622274e-01;1.6250000e+02;2.7089632e-01;1.6250000e+02;3.2654160e-01;1.6250000e+02;3.0589318e-01;1.6250000e+02;2.6327199e-01;1.6250000e+02;2.1807086e-01;1.6250000e+02;1.8053654e-01;1.6250000e+02;1.5003535e-01;1.6250000e+02;1.1601254e-01;1.6250000e+02;7.4307397e-02;1.6250000e+02;3.1313568e-02;1.6250000e+02;-1.5058339e-02;1.6250000e+02;-6.2071435e-02;1.6250000e+02;-1.1012961e-01;1.6250000e+02;-6.5104432e-02;1.6250000e+02;-3.6816295e-02;1.6250000e+02;1.4170028e-02;1.6250000e+02;8.5149512e-02;1.6250000e+02;1.7622274e-01;1.6250000e+02;2.7089632e-01;1.6250000e+02;3.2654160e-01;1.6250000e+02;3.0589318e-01;1.6250000e+02;2.6327199e-01;1.6250000e+02;2.1807086e-01;1.6250000e+02;1.8053654e-01;1.6250000e+02;1.5003535e-01;1.6250000e+02;1.1601254e-01;1.6250000e+02;7.4307397e-02;1.6250000e+02;3.1313568e-02;1.6250000e+02;-1.5058339e-02;1.6250000e+02;-6.2071435e-02;1.6250000e+02;-1.1012961e-01;1.6250000e+02;-6.5104432e-02;1.6250000e+02;-3.6816295e-02;1.6250000e+02;1.4170028e-02;1.6250000e+02;8.5149512e-02;1.6250000e+02;1.7622274e-01;1.6250000e+02;2.7089632e-01;1.6250000e+02;3.2654160e-01;1.6250000e+02;3.0589318e-01;1.6250000e+02;2.6327199e-01;1.6250000e+02;2.1807086e-01;1.6250000e+02;1.8053654e-01;1.6250000e+02;1.5003535e-01;1.6250000e+02;1.1601254e-01;1.6250000e+02;7.4307397e-02;1.6250000e+02;3.1313568e-02;1.6250000e+02;-1.5058339e-02;1.6250000e+02;-6.2071435e-02;1.6250000e+02;-1.1012961e-01;1.6250000e+02;-6.5104432e-02;1.6250000e+02;-3.6816295e-02;1.6250000e+02;1.4170028e-02;1.6250000e+02;8.5149512e-02;1.6250000e+02;1.7622274e-01;1.6250000e+02;2.7089632e-01;1.6250000e+02;3.2654160e-01;1.6250000e+02;3.0589318e-01;1.6250000e+02;2.6327199e-01;1.6250000e+02;2.1807086e-01;1.6250000e+02;1.8053654e-01;1.6250000e+02;1.5003535e-01;1.6250000e+02;1.1601254e-01;1.6250000e+02;7.4307397e-02;1.6250000e+02;3.1313568e-02;1.6250000e+02;-1.5058339e-02;1.6250000e+02;-6.2071435e-02;1.6250000e+02;-1.1012961e-01;1.6250000e+02;-6.5104432e-02;1.6250000e+02;-3.6816295e-02;1.6250000e+02;1.4170028e-02;1.6250000e+02;8.5149512e-02;1.6250000e+02;1.7622274e-01;1.6250000e+02;2.7089632e-01;1.6250000e+02;3.2654160e-01;1.6250000e+02;3.0589318e-01;1.6250000e+02;2.6327199e-01;1.6250000e+02;2.1807086e-01;1.6250000e+02;1.8053654e-01;1.6250000e+02;1.5003535e-01;1.6250000e+02;1.1601254e-01;1.6250000e+02;7.4307397e-02;1.6250000e+02;3.1313568e-02;1.6250000e+02;-1.5058339e-02;1.6250000e+02;-6.2071435e-02;1.6250000e+02;-1.1012961e-01;1.6250000e+02;-6.5104432e-02;1.6250000e+02;-3.6816295e-02;1.6250000e+02;1.4170028e-02;1.6250000e+02;8.5149512e-02;1.6250000e+02;1.7622274e-01;1.6250000e+02;2.7089632e-01;1.6250000e+02;3.2654160e-01;1.6250000e+02;3.0589318e-01;1.6250000e+02;2.6327199e-01;1.6250000e+02;2.1807086e-01;1.6250000e+02;1.8053654e-01;1.6250000e+02;1.5003535e-01;1.6250000e+02;1.1601254e-01;1.6250000e+02;7.4307397e-02;1.6250000e+02;3.1313568e-02;1.6250000e+02;-1.5058339e-02;1.6250000e+02;-6.2071435e-02;1.6250000e+02;-1.1012961e-01;1.6250000e+02;-6.5104432e-02;1.6250000e+02;-3.6816295e-02;1.6250000e+02;1.4170028e-02;1.6250000e+02;8.5149512e-02;1.6250000e+02;1.7622274e-01;1.6250000e+02;2.7089632e-01;1.6250000e+02;3.2654160e-01;1.6250000e+02;3.0589318e-01;1.6250000e+02;2.6327199e-01;1.6250000e+02;2.1807086e-01;1.6250000e+02;1.8053654e-01;1.6250000e+02;1.5003535e-01;1.6250000e+02;1.1601254e-01;1.6250000e+02;7.4307397e-02;1.6250000e+02;3.1313568e-02;1.6250000e+02;-1.5058339e-02;1.6250000e+02;-6.2071435e-02;1.6250000e+02;-1.1012961e-01;1.6250000e+02;-6.5104432e-02;1.6250000e+02;-3.6816295e-02;1.6250000e+02;1.4170028e-02;1.6250000e+02;8.5149512e-02;1.6250000e+02;1.7622274e-01;1.6250000e+02;2.7089632e-01;1.6250000e+02;3.2654160e-01;1.6250000e+02;3.0589318e-01;1.6250000e+02;2.6327199e-01;1.6250000e+02;2.1807086e-01;1.6250000e+02;1.8053654e-01;1.6250000e+02;1.5003535e-01;1.6250000e+02;1.1601254e-01;1.6250000e+02;7.4307397e-02;1.6250000e+02;3.1313568e-02;1.6250000e+02;-1.5058339e-02;1.6250000e+02;-6.2071435e-02;1.6250000e+02;-1.1012961e-01;1.6250000e+02;-6.5104432e-02;1.6250000e+02;-3.6816295e-02;1.6250000e+02;1.4170028e-02;1.6250000e+02;8.5149512e-02;1.6250000e+02;1.7622274e-01;1.6250000e+02;2.7089632e-01;1.6250000e+02;3.2654160e-01;1.6250000e+02;3.0589318e-01;1.6250000e+02;2.6327199e-01;1.6250000e+02;2.1807086e-01;1.6250000e+02;1.8053654e-01;1.6250000e+02;1.5003535e-01;1.6250000e+02;1.1601254e-01;1.6250000e+02;7.4307397e-02;1.6250000e+02;3.1313568e-02;1.6250000e+02;-1.5058339e-02;1.6250000e+02;-6.2071435e-02;1.6250000e+02;-1.1012961e-01;1.6250000e+02;-6.5104432e-02;1.6250000e+02;-3.6816295e-02;1.6250000e+02;1.4170028e-02;1.6250000e+02;8.5149512e-02;1.6250000e+02;1.7622274e-01;1.6250000e+02;2.7089632e-01;1.6250000e+02;3.2654160e-01;1.6250000e+02;3.0589318e-01;1.6250000e+02;2.6327199e-01;1.6250000e+02;2.1807086e-01;1.6250000e+02;1.8053654e-01;1.6250000e+02;1.5003535e-01;1.6250000e+02;1.1601254e-01;1.6250000e+02;7.4307397e-02;1.6250000e+02;3.1313568e-02;1.6250000e+02;-1.5058339e-02;1.6250000e+02;-6.2071435e-02;1.6250000e+02;-1.1012961e-01;1.6250000e+02;-6.5104432e-02;1.6250000e+02;-3.6816295e-02;1.6250000e+02;1.4170028e-02;1.6250000e+02;8.5149512e-02;1.6250000e+02;1.7622274e-01;1.6250000e+02;2.7089632e-01;1.6250000e+02;3.2654160e-01;1.6250000e+02;3.0589318e-01;1.6250000e+02;2.6327199e-01;1.6250000e+02;2.1807086e-01;1.6250000e+02;1.8053654e-01;1.6250000e+02;1.5003535e-01;1.6250000e+02;1.1601254e-01;1.6250000e+02;7.4307397e-02;1.6250000e+02;3.1313568e-02;1.6250000e+02;-1.5058339e-02;1.6250000e+02;-6.2071435e-02;1.6250000e+02;-1.1012961e-01;1.6250000e+02;-6.5104432e-02;1.6250000e+02;-3.6816295e-02;1.6250000e+02;1.4170028e-02;1.6250000e+02;8.5149512e-02;1.6250000e+02;1.7622274e-01;1.6250000e+02;2.7089632e-01;1.6250000e+02;3.2654160e-01;1.6250000e+02;3.0589318e-01;1.6250000e+02;2.6327199e-01;1.6250000e+02;2.1807086e-01;1.6250000e+02;1.8053654e-01;1.6250000e+02;1.5003535e-01;1.6250000e+02;1.1601254e-01;1.6250000e+02;7.4307397e-02;1.6250000e+02;3.1313568e-02;1.6250000e+02;-1.5058339e-02;1.6250000e+02;-6.2071435e-02;1.6250000e+02;-1.1012961e-01;1.6250000e+02;-6.5104432e-02;1.6250000e+02;-3.6816295e-02;1.6250000e+02;1.4170028e-02;1.6250000e+02;8.5149512e-02;1.6250000e+02;1.7622274e-01;1.6250000e+02;2.7089632e-01;1.6250000e+02;3.2654160e-01;1.6250000e+02;3.0589318e-01;1.6250000e+02;2.6327199e-01;1.6250000e+02;2.1807086e-01;1.6250000e+02;1.8053654e-01;1.6250000e+02;1.5003535e-01;1.6250000e+02;1.1601254e-01;1.6250000e+02;7.4307397e-02;1.6250000e+02;3.1313568e-02;1.6250000e+02;-1.5058339e-02;1.6250000e+02;-6.2071435e-02;1.6250000e+02;-1.1012961e-01;1.6250000e+02;-6.5104432e-02;1.6250000e+02;-3.6816295e-02;1.6250000e+02;1.4170028e-02;1.6250000e+02;8.5149512e-02;1.6250000e+02;1.7622274e-01;1.6250000e+02;2.7089632e-01;1.6250000e+02;3.2654160e-01;1.6250000e+02;3.0589318e-01;1.6250000e+02;2.6327199e-01;1.6250000e+02;2.1807086e-01;1.6250000e+02;1.8053654e-01;1.6250000e+02;1.5003535e-01;1.6250000e+02;1.1601254e-01;1.6250000e+02;7.4307397e-02;1.6250000e+02;3.1313568e-02;1.6250000e+02;-1.5058339e-02;1.6250000e+02;-6.2071435e-02;1.6250000e+02;-1.1012961e-01;1.6250000e+02;-6.5104432e-02;1.6250000e+02;-3.6816295e-02;1.6250000e+02;1.4170028e-02;1.6250000e+02;8.5149512e-02;1.6250000e+02;1.7622274e-01;1.6250000e+02;2.7089632e-01;1.6250000e+02;3.2654160e-01;1.6250000e+02;3.0589318e-01;1.6250000e+02;2.6327199e-01;1.6250000e+02;2.1807086e-01;1.6250000e+02;1.8053654e-01;1.6250000e+02;1.5003535e-01;1.6250000e+02;1.1601254e-01;1.6250000e+02;7.4307397e-02;1.6250000e+02;3.1313568e-02;1.6250000e+02;-1.5058339e-02;1.6250000e+02;-6.2071435e-02;1.6250000e+02;-1.1012961e-01;1.6250000e+02;-6.5104432e-02;1.6250000e+02;-3.6816295e-02;1.6250000e+02;1.4170028e-02;1.6250000e+02;8.5149512e-02;1.6250000e+02;1.7622274e-01;1.6250000e+02;2.7089632e-01;1.6250000e+02;3.2654160e-01;1.6250000e+02;3.0589318e-01;1.6250000e+02;2.6327199e-01;1.6250000e+02;2.1807086e-01;1.6250000e+02;1.8053654e-01;1.6250000e+02;1.5003535e-01;1.6250000e+02;1.1601254e-01;1.6250000e+02;7.4307397e-02;1.6250000e+02;3.1313568e-02;1.6250000e+02;-1.5058339e-02;1.6250000e+02;-6.2071435e-02;1.6250000e+02;-1.1012961e-01;1.6250000e+02;-6.5104432e-02;1.6250000e+02;-3.6816295e-02;1.6250000e+02;1.4170028e-02;1.6250000e+02;8.5149512e-02;1.6250000e+02;1.7622274e-01;1.6250000e+02;2.7089632e-01;1.6250000e+02;3.2654160e-01;1.6250000e+02;3.0589318e-01;1.6250000e+02;2.6327199e-01;1.6250000e+02;2.1807086e-01;1.6250000e+02;1.8053654e-01;1.6250000e+02;1.5003535e-01;1.6250000e+02;1.1601254e-01;1.6250000e+02;7.4307397e-02;1.6250000e+02;3.1313568e-02;1.6250000e+02;-1.5058339e-02;1.6250000e+02;-6.2071435e-02;1.6250000e+02;-1.1012961e-01;1.6250000e+02;-6.5104432e-02;1.6250000e+02;-3.6816295e-02;1.6250000e+02;1.4170028e-02;1.6250000e+02;8.5149512e-02;1.6250000e+02;1.7622274e-01;1.6250000e+02;2.7089632e-01;1.6250000e+02;3.2654160e-01;1.6250000e+02;3.0589318e-01;1.6250000e+02;2.6327199e-01;1.6250000e+02;2.1807086e-01;1.6250000e+02;1.8053654e-01;1.6250000e+02;1.5003535e-01;1.6250000e+02;1.1601254e-01;1.6250000e+02;7.4307397e-02;1.6250000e+02;3.1313568e-02;1.6250000e+02;-1.5058339e-02;1.6250000e+02;-6.2071435e-02;1.6250000e+02;-1.1012961e-01;1.6250000e+02;-6.5104432e-02;1.6250000e+02;-3.6816295e-02;1.6250000e+02;1.4170028e-02;1.6250000e+02;8.5149512e-02;1.6250000e+02;1.7622274e-01;1.6250000e+02;2.7089632e-01;1.6250000e+02;3.2654160e-01;1.6250000e+02;3.0589318e-01;1.6250000e+02;2.6327199e-01;1.6250000e+02;2.1807086e-01;1.6250000e+02;1.8053654e-01;1.6250000e+02;1.5003535e-01;1.6250000e+02;1.1601254e-01;1.6250000e+02;7.4307397e-02;1.6250000e+02;3.1313568e-02;1.6250000e+02;-1.5058339e-02;1.6250000e+02;-6.2071435e-02;1.6250000e+02;-1.1012961e-01;1.6250000e+02;-6.5104432e-02;1.6250000e+02;-3.6816295e-02;1.6250000e+02;1.4170028e-02;1.6250000e+02;8.5149512e-02;1.6250000e+02;1.7622274e-01;1.6250000e+02;2.7089632e-01;1.6250000e+02;3.2654160e-01;1.6250000e+02;3.0589318e-01;1.6250000e+02;2.6327199e-01;1.6250000e+02;2.1807086e-01;1.6250000e+02;1.8053654e-01;1.6250000e+02;1.5003535e-01;1.6250000e+02;1.1601254e-01;1.6250000e+02;7.4307397e-02;1.6250000e+02;3.1313568e-02;1.6250000e+02;-1.5058339e-02;1.6250000e+02;-6.2071435e-02;1.6250000e+02;-1.1012961e-01;1.6250000e+02;-6.5104432e-02;1.6250000e+02;-3.6816295e-02;1.6250000e+02;1.4170028e-02;1.6250000e+02;8.5149512e-02;1.6250000e+02;1.7622274e-01;1.6250000e+02;2.7089632e-01;1.6250000e+02;3.2654160e-01;1.6250000e+02;3.0589318e-01;1.6250000e+02;2.6327199e-01;1.6250000e+02;2.1807086e-01;1.6250000e+02;1.8053654e-01;1.6250000e+02;1.5003535e-01;1.6250000e+02;1.1601254e-01;1.6250000e+02;7.4307397e-02;1.6250000e+02;3.1313568e-02;1.6250000e+02;-1.5058339e-02;1.6250000e+02;-6.2071435e-02;1.6250000e+02;-1.1012961e-01;1.6250000e+02;-6.5104432e-02;1.6250000e+02;-3.6816295e-02;1.6250000e+02;1.4170028e-02;1.6250000e+02;8.5149512e-02;1.6250000e+02;1.7622274e-01;1.6250000e+02;2.7089632e-01;1.6250000e+02;3.2654160e-01;1.6250000e+02;3.0589318e-01;1.6250000e+02;2.6327199e-01;1.6250000e+02;2.1807086e-01;1.6250000e+02;1.8053654e-01;1.6250000e+02;1.5003535e-01;1.6250000e+02;1.1601254e-01;1.6250000e+02;7.4307397e-02;1.6250000e+02;3.1313568e-02;1.6250000e+02;-1.5058339e-02;1.6250000e+02;-6.2071435e-02;1.6250000e+02;-1.1012961e-01;1.6250000e+02;-6.5104432e-02;1.6250000e+02;-3.6816295e-02;1.6250000e+02;1.4170028e-02;1.6250000e+02;8.5149512e-02;1.6250000e+02;1.7622274e-01;1.6250000e+02;2.7089632e-01;1.6250000e+02;3.2654160e-01;1.6250000e+02;3.0589318e-01;1.6250000e+02;2.6327199e-01;1.6250000e+02;2.1807086e-01;1.6250000e+02;1.8053654e-01;1.6250000e+02;1.5003535e-01;1.6250000e+02;1.1601254e-01;1.6250000e+02;7.4307397e-02;1.6250000e+02;3.1313568e-02;1.6250000e+02;-1.5058339e-02;1.6250000e+02;-6.2071435e-02;1.6250000e+02;-1.1012961e-01;1.6250000e+02;-6.5104432e-02;1.6250000e+02;-3.6816295e-02;1.6250000e+02;1.4170028e-02;1.6250000e+02;8.5149512e-02;1.6250000e+02;1.7622274e-01;1.6250000e+02;2.7089632e-01;1.6250000e+02;3.2654160e-01;1.6250000e+02;3.0589318e-01;1.6250000e+02;2.6327199e-01;1.6250000e+02;2.1807086e-01;1.6250000e+02;1.8053654e-01;1.6250000e+02;1.5003535e-01;1.6250000e+02;1.1601254e-01;1.6250000e+02;7.4307397e-02;1.6250000e+02;3.1313568e-02;1.6250000e+02;-1.5058339e-02;1.6250000e+02;-6.2071435e-02;1.6250000e+02;-1.1012961e-01;1.6250000e+02;-6.5104432e-02;1.6250000e+02;-3.6816295e-02;1.6250000e+02;1.4170028e-02;1.6250000e+02;8.5149512e-02;1.6250000e+02;1.7622274e-01;1.6250000e+02;2.7089632e-01;1.6250000e+02;3.2654160e-01;1.6250000e+02;3.0589318e-01;1.6250000e+02;2.6327199e-01;1.6250000e+02;2.1807086e-01;1.6250000e+02;1.8053654e-01;1.6250000e+02;1.5003535e-01;1.6250000e+02;1.1601254e-01;1.6250000e+02;7.4307397e-02;1.6250000e+02;3.1313568e-02;1.6250000e+02;-1.5058339e-02;1.6250000e+02;-6.2071435e-02;1.6250000e+02;-1.1012961e-01;1.6250000e+02;-6.5104432e-02;1.6250000e+02;-3.6816295e-02;1.6250000e+02;1.4170028e-02;1.6250000e+02;8.5149512e-02;1.6250000e+02;1.7622274e-01;1.6250000e+02;2.7089632e-01;1.6250000e+02;3.2654160e-01;1.6250000e+02;3.0589318e-01;1.6250000e+02;2.6327199e-01;1.6250000e+02;2.1807086e-01;1.6250000e+02;1.8053654e-01;1.6250000e+02;1.5003535e-01;1.6250000e+02;1.1601254e-01;1.6250000e+02;7.4307397e-02;1.6250000e+02;3.1313568e-02;1.6250000e+02;-1.5058339e-02;1.6250000e+02;-6.2071435e-02;1.6250000e+02;-1.1012961e-01;1.6250000e+02;-6.5104432e-02;1.6250000e+02;-3.6816295e-02;1.6250000e+02;1.4170028e-02;1.6250000e+02;8.5149512e-02;1.6250000e+02;1.7622274e-01;1.6250000e+02;2.7089632e-01;1.6250000e+02;3.2654160e-01;1.6250000e+02;3.0589318e-01;1.6250000e+02;2.6327199e-01;1.6250000e+02;2.1807086e-01;1.6250000e+02;1.8053654e-01;1.6250000e+02;1.5003535e-01;1.6250000e+02;1.1601254e-01;1.6250000e+02;7.4307397e-02;1.6250000e+02;3.1313568e-02;1.6250000e+02;-1.5058339e-02;1.6250000e+02;-6.2071435e-02;1.6250000e+02;-1.1012961e-01;1.6250000e+02;-6.5104432e-02;1.6250000e+02;-3.6816295e-02;1.6250000e+02;1.4170028e-02;1.6250000e+02;8.5149512e-02;1.6250000e+02;1.7622274e-01;1.6250000e+02;2.7089632e-01;1.6250000e+02;3.2654160e-01;1.6250000e+02;3.0589318e-01;1.6250000e+02;2.6327199e-01;1.6250000e+02;2.1807086e-01;1.6250000e+02;1.8053654e-01;1.6250000e+02;1.5003535e-01;1.6250000e+02;1.1601254e-01;1.6250000e+02;7.4307397e-02;1.6250000e+02;3.1313568e-02;1.6250000e+02;-1.5058339e-02;1.6250000e+02;-6.2071435e-02;1.6250000e+02;-1.1012961e-01;1.6250000e+02;-6.5104432e-02;1.6250000e+02;-3.6816295e-02;1.6250000e+02;1.4170028e-02;1.6250000e+02;8.5149512e-02;1.6250000e+02;1.7622274e-01;1.6250000e+02;2.7089632e-01;1.6250000e+02;3.2654160e-01;1.6250000e+02;3.0589318e-01;1.6250000e+02;2.6327199e-01;1.6250000e+02;2.1807086e-01;1.6250000e+02;1.8053654e-01;1.6250000e+02;1.5003535e-01;1.6250000e+02;1.1601254e-01;1.6250000e+02;7.4307397e-02;1.6250000e+02;3.1313568e-02;1.6250000e+02;-1.5058339e-02;1.6250000e+02;-6.2071435e-02;1.6250000e+02;-1.1012961e-01;1.6250000e+02;-6.5104432e-02;1.6250000e+02;-3.6816295e-02;1.6250000e+02;1.4170028e-02;1.6250000e+02;8.5149512e-02;1.6250000e+02;1.7622274e-01;1.6250000e+02;2.7089632e-01;1.6250000e+02;3.2654160e-01;1.6250000e+02;3.0589318e-01;1.6250000e+02;2.6327199e-01;1.6250000e+02;2.1807086e-01;1.6250000e+02;1.8053654e-01;1.6250000e+02;1.5003535e-01;1.6250000e+02;1.1601254e-01;1.6250000e+02;7.4307397e-02;1.6250000e+02;3.1313568e-02;1.6250000e+02;-1.5058339e-02;1.6250000e+02;-6.2071435e-02;1.6250000e+02;-1.1012961e-01;1.6250000e+02;-6.5104432e-02;1.6250000e+02;-3.6816295e-02;1.6250000e+02;1.4170028e-02;1.6250000e+02;8.5149512e-02;1.6250000e+02;1.7622274e-01;1.6250000e+02;2.7089632e-01;1.6250000e+02;3.2654160e-01;1.6250000e+02;3.0589318e-01;1.6250000e+02;2.6327199e-01;1.6250000e+02;2.1807086e-01;1.6250000e+02;1.8053654e-01;1.6250000e+02;1.5003535e-01;1.6250000e+02;1.1601254e-01;1.6250000e+02;7.4307397e-02;1.6250000e+02;3.1313568e-02;1.6250000e+02;-1.5058339e-02;1.6250000e+02;-6.2071435e-02;1.6250000e+02;-1.1012961e-01;1.6250000e+02;-6.5104432e-02;1.6250000e+02;-3.6816295e-02;1.6250000e+02;1.4170028e-02;1.6250000e+02;8.5149512e-02;1.6250000e+02;1.7622274e-01;1.6250000e+02;2.7089632e-01;1.6250000e+02;3.2654160e-01;1.6250000e+02;3.0589318e-01;1.6250000e+02;2.6327199e-01;1.6250000e+02;2.1807086e-01;1.6250000e+02;1.8053654e-01;1.6250000e+02;1.5003535e-01;1.6250000e+02;1.1601254e-01;1.6250000e+02;7.4307397e-02;1.6250000e+02;3.1313568e-02;1.6250000e+02;-1.5058339e-02;1.6250000e+02;-6.2071435e-02;1.6250000e+02;-1.1012961e-01;1.6250000e+02;-6.5104432e-02;1.6250000e+02;-3.6816295e-02;1.6250000e+02;1.4170028e-02;1.6250000e+02;8.5149512e-02;1.6250000e+02;1.7622274e-01;1.6250000e+02;2.7089632e-01;1.6250000e+02;3.2654160e-01;1.6250000e+02;3.0589318e-01;1.6250000e+02;2.6327199e-01;1.6250000e+02;2.1807086e-01;1.6250000e+02;1.8053654e-01;1.6250000e+02;1.5003535e-01;1.6250000e+02;1.1601254e-01;1.6250000e+02;7.4307397e-02;1.6250000e+02;3.1313568e-02;1.6250000e+02;-1.5058339e-02;1.6250000e+02;-6.2071435e-02;1.6250000e+02;-1.1012961e-01;1.6250000e+02;-6.5104432e-02;1.6250000e+02;-3.6816295e-02;1.6250000e+02;1.4170028e-02;1.6250000e+02;8.5149512e-02;1.6250000e+02;1.7622274e-01;1.6250000e+02;2.7089632e-01;1.6250000e+02;3.2654160e-01;1.6250000e+02;3.0589318e-01;1.6250000e+02;2.6327199e-01;1.6250000e+02;2.1807086e-01;1.6250000e+02;1.8053654e-01;1.6250000e+02;1.5003535e-01;1.6250000e+02;1.1601254e-01;1.6250000e+02;7.4307397e-02;1.6250000e+02;3.1313568e-02;1.6250000e+02;-1.5058339e-02;1.6250000e+02;-6.2071435e-02;1.6250000e+02;-1.1012961e-01;1.6250000e+02;-6.5104432e-02;1.6250000e+02;-3.6816295e-02;1.6250000e+02;1.4170028e-02;1.6250000e+02;8.5149512e-02;1.6250000e+02;1.7622274e-01;1.6250000e+02;2.7089632e-01;1.6250000e+02;3.2654160e-01;1.6250000e+02;3.0589318e-01;1.6250000e+02;2.6327199e-01;1.6250000e+02;2.1807086e-01;1.6250000e+02;1.8053654e-01;1.6250000e+02;1.5003535e-01;1.6250000e+02;1.1601254e-01;1.6250000e+02;7.4307397e-02;1.6250000e+02;3.1313568e-02;1.6250000e+02;-1.5058339e-02;1.6250000e+02;-6.2071435e-02;1.6250000e+02;-1.1012961e-01;1.6250000e+02;-6.5104432e-02;1.6250000e+02;-3.6816295e-02;1.6250000e+02;1.4170028e-02;1.6250000e+02;8.5149512e-02;1.6250000e+02;1.7622274e-01;1.6250000e+02;2.7089632e-01;1.6250000e+02;3.2654160e-01;1.6250000e+02;3.0589318e-01;1.6250000e+02;2.6327199e-01;1.6250000e+02;2.1807086e-01;1.6250000e+02;1.8053654e-01;1.6250000e+02;1.5003535e-01;1.6250000e+02;1.1601254e-01;1.6250000e+02;7.4307397e-02;1.6250000e+02;3.1313568e-02;1.6250000e+02;-1.5058339e-02;1.6250000e+02;-6.2071435e-02;1.6250000e+02;-1.1012961e-01;1.6250000e+02;-6.5104432e-02;1.6250000e+02;-3.6816295e-02;1.6250000e+02;1.4170028e-02;1.6250000e+02;8.5149512e-02;1.6250000e+02;1.7622274e-01;1.6250000e+02;2.7089632e-01;1.6250000e+02;3.2654160e-01;1.6250000e+02;3.0589318e-01;1.6250000e+02;2.6327199e-01;1.6250000e+02;2.1807086e-01;1.6250000e+02;1.8053654e-01;1.6250000e+02;1.5003535e-01;1.6250000e+02;1.1601254e-01;1.6250000e+02;7.4307397e-02;1.6250000e+02;3.1313568e-02;1.6250000e+02;-1.5058339e-02;1.6250000e+02;-6.2071435e-02;1.6250000e+02;-1.1012961e-01;1.6250000e+02;-6.5104432e-02;1.6250000e+02;-3.6816295e-02;1.6250000e+02;1.4170028e-02;1.6250000e+02;8.5149512e-02;1.6250000e+02;1.7622274e-01;1.6250000e+02;2.7089632e-01;1.6250000e+02;3.2654160e-01;1.6250000e+02;3.0589318e-01;1.6250000e+02;2.6327199e-01;1.6250000e+02;2.1807086e-01;1.6250000e+02;1.8053654e-01;1.6250000e+02;1.5003535e-01;1.6250000e+02;1.1601254e-01;1.6250000e+02;7.4307397e-02;1.6250000e+02;3.1313568e-02;1.6250000e+02;-1.5058339e-02;1.6250000e+02;-6.2071435e-02;1.6250000e+02;-1.1012961e-01;1.6250000e+02;-6.5104432e-02;1.6250000e+02;-3.6816295e-02;1.6250000e+02;1.4170028e-02;1.6250000e+02;8.5149512e-02;1.6250000e+02;1.7622274e-01;1.6250000e+02;2.7089632e-01;1.6250000e+02;3.2654160e-01;1.6250000e+02;3.0589318e-01;1.6250000e+02;2.6327199e-01;1.6250000e+02;2.1807086e-01;1.6250000e+02;1.8053654e-01;1.6250000e+02;1.5003535e-01;1.6250000e+02;1.1601254e-01;1.6250000e+02;7.4307397e-02;1.6250000e+02;3.1313568e-02;1.6250000e+02;-1.5058339e-02;1.6250000e+02;-6.2071435e-02;1.6250000e+02;-1.1012961e-01;1.6250000e+02;-6.5104432e-02;1.6250000e+02;-3.6816295e-02;1.6250000e+02;1.4170028e-02;1.6250000e+02;8.5149512e-02;1.6250000e+02;1.7622274e-01;1.6250000e+02;2.7089632e-01;1.6250000e+02;3.2654160e-01;1.6250000e+02;3.0589318e-01;1.6250000e+02;2.6327199e-01;1.6250000e+02;2.1807086e-01;1.6250000e+02;1.8053654e-01;1.6250000e+02;1.5003535e-01;1.6250000e+02;1.1601254e-01;1.6250000e+02;7.4307397e-02;1.6250000e+02;3.1313568e-02;1.6250000e+02;-1.5058339e-02;1.6250000e+02;-6.2071435e-02;1.6250000e+02;-1.1012961e-01;1.6250000e+02;-6.5104432e-02;1.6250000e+02;-3.6816295e-02;1.6250000e+02;1.4170028e-02;1.6250000e+02;8.5149512e-02;1.6250000e+02;1.7622274e-01;1.6250000e+02;2.7089632e-01;1.6250000e+02;3.2654160e-01;1.6250000e+02;3.0589318e-01;1.6250000e+02;2.6327199e-01;1.6250000e+02;2.1807086e-01;1.6250000e+02;1.8053654e-01;1.6250000e+02;1.5003535e-01;1.6250000e+02;1.1601254e-01;1.6250000e+02;7.4307397e-02;1.6250000e+02;3.1313568e-02;1.6250000e+02;-1.5058339e-02;1.6250000e+02;-6.2071435e-02;1.6250000e+02;-1.1012961e-01;1.6250000e+02;-6.5104432e-02;1.6250000e+02;-3.6816295e-02;1.6250000e+02;1.4170028e-02;1.6250000e+02;8.5149512e-02;1.6250000e+02;1.7622274e-01;1.6250000e+02;2.7089632e-01;1.6250000e+02;3.2654160e-01;1.6250000e+02;3.0589318e-01;1.6250000e+02;2.6327199e-01;1.6250000e+02;2.1807086e-01;1.6250000e+02;1.8053654e-01;1.6250000e+02;1.5003535e-01;1.6250000e+02;1.1601254e-01;1.6250000e+02;7.4307397e-02;1.6250000e+02;3.1313568e-02;1.6250000e+02;-1.5058339e-02;1.6250000e+02;-6.2071435e-02;1.6250000e+02;-1.1012961e-01;1.6250000e+02;-6.5104432e-02;1.6250000e+02;-3.6816295e-02;1.6250000e+02;1.4170028e-02;1.6250000e+02;8.5149512e-02;1.6250000e+02;1.7622274e-01;1.6250000e+02;2.7089632e-01;1.6250000e+02;3.2654160e-01;1.6250000e+02;3.0589318e-01;1.6250000e+02;2.6327199e-01;1.6250000e+02;2.1807086e-01;1.6250000e+02;1.8053654e-01;1.6250000e+02;1.5003535e-01;1.6250000e+02;1.1601254e-01;1.6250000e+02;7.4307397e-02;1.6250000e+02;3.1313568e-02;1.6250000e+02;-1.5058339e-02;1.6250000e+02;-6.2071435e-02;1.6250000e+02;-1.1012961e-01;1.6250000e+02;-6.5104432e-02;1.6250000e+02;-3.6816295e-02;1.6250000e+02;1.4170028e-02;1.6250000e+02;8.5149512e-02;1.6250000e+02;1.7622274e-01;1.6250000e+02;2.7089632e-01;1.6250000e+02;3.2654160e-01;1.6250000e+02;3.0589318e-01;1.6250000e+02;2.6327199e-01;1.6250000e+02;2.1807086e-01;1.6250000e+02;1.8053654e-01;1.6250000e+02;1.5003535e-01;1.6250000e+02;1.1601254e-01;1.6250000e+02;7.4307397e-02;1.6250000e+02;3.1313568e-02;1.6250000e+02;-1.5058339e-02;1.6250000e+02;-6.2071435e-02;1.6250000e+02;-1.1012961e-01;1.6250000e+02;-6.5104432e-02;1.6250000e+02;-3.6816295e-02;1.6250000e+02;1.4170028e-02;1.6250000e+02;8.5149512e-02;1.6250000e+02;1.7622274e-01;1.6250000e+02;2.7089632e-01;1.6250000e+02;3.2654160e-01;1.6250000e+02;3.0589318e-01;1.6250000e+02;2.6327199e-01;1.6250000e+02;2.1807086e-01;1.6250000e+02;1.8053654e-01;1.6250000e+02;1.5003535e-01;1.6250000e+02;1.1601254e-01;1.6250000e+02;7.4307397e-02;1.6250000e+02;3.1313568e-02;1.6250000e+02;-1.5058339e-02;1.6250000e+02;-6.2071435e-02;1.6250000e+02;-1.1012961e-01;1.6250000e+02;-6.5104432e-02;1.6250000e+02;-3.6816295e-02;1.6250000e+02;1.4170028e-02;1.6250000e+02;8.5149512e-02;1.6250000e+02;1.7622274e-01;1.6250000e+02;2.7089632e-01;1.6250000e+02;3.2654160e-01;1.6250000e+02;3.0589318e-01;1.6250000e+02;2.6327199e-01;1.6250000e+02;2.1807086e-01;1.6250000e+02;1.8053654e-01;1.6250000e+02;1.5003535e-01;1.6250000e+02;1.1601254e-01;1.6250000e+02;7.4307397e-02;1.6250000e+02;3.1313568e-02;1.6250000e+02;-1.5058339e-02;1.6250000e+02;-6.2071435e-02;1.6250000e+02;-1.1012961e-01;1.6250000e+02;-6.5104432e-02;1.6250000e+02;-3.6816295e-02;1.6250000e+02;1.4170028e-02;1.6250000e+02;8.5149512e-02;1.6250000e+02;1.7622274e-01;1.6250000e+02;2.7089632e-01;1.6250000e+02;3.2654160e-01;1.6250000e+02;3.0589318e-01;1.6250000e+02;2.6327199e-01;1.6250000e+02;2.1807086e-01;1.6250000e+02;1.8053654e-01;1.6250000e+02;1.5003535e-01;1.6250000e+02;1.1601254e-01;1.6250000e+02;7.4307397e-02;1.6250000e+02;3.1313568e-02;1.6250000e+02;-1.5058339e-02;1.6250000e+02;-6.2071435e-02;1.6250000e+02;-1.1012961e-01;1.6250000e+02;-6.5104432e-02;1.6250000e+02;-3.6816295e-02;1.6250000e+02;1.4170028e-02;1.6250000e+02;8.5149512e-02;1.6250000e+02;1.7622274e-01;1.6250000e+02;2.7089632e-01;1.6250000e+02;3.2654160e-01;1.6250000e+02;3.0589318e-01;1.6250000e+02;2.6327199e-01;1.6250000e+02;2.1807086e-01;1.6250000e+02;1.8053654e-01;1.6250000e+02;1.5003535e-01;1.6250000e+02;1.1601254e-01;1.6250000e+02;7.4307397e-02;1.6250000e+02;3.1313568e-02;1.6250000e+02;-1.5058339e-02;1.6250000e+02;-6.2071435e-02;1.6250000e+02;-1.1012961e-01;1.6250000e+02;-6.5104432e-02;1.6250000e+02;-3.6816295e-02;1.6250000e+02;1.4170028e-02;1.6250000e+02;8.5149512e-02;1.6250000e+02;1.7622274e-01;1.6250000e+02;2.7089632e-01;1.6250000e+02;3.2654160e-01;1.6250000e+02;3.0589318e-01;1.6250000e+02;2.6327199e-01;1.6250000e+02;2.1807086e-01;1.6250000e+02;1.8053654e-01;1.6250000e+02;1.5003535e-01;1.6250000e+02;1.1601254e-01;1.6250000e+02;7.4307397e-02;1.6250000e+02;3.1313568e-02;1.6250000e+02;-1.5058339e-02;1.6250000e+02;-6.2071435e-02;1.6250000e+02;-1.1012961e-01;1.6250000e+02;-6.5104432e-02;1.6250000e+02;-3.6816295e-02;1.6250000e+02;1.4170028e-02;1.6250000e+02;8.5149512e-02;1.6250000e+02;1.7622274e-01;1.6250000e+02;2.7089632e-01;1.6250000e+02;3.2654160e-01;1.6250000e+02;3.0589318e-01;1.6250000e+02;2.6327199e-01;1.6250000e+02;2.1807086e-01;1.6250000e+02;1.8053654e-01;1.6250000e+02;1.5003535e-01;1.6250000e+02;1.1601254e-01;1.6250000e+02;7.4307397e-02;1.6250000e+02;3.1313568e-02;1.6250000e+02;-1.5058339e-02;1.6250000e+02;-6.2071435e-02;1.6250000e+02;-1.1012961e-01;1.6250000e+02;-6.5104432e-02;1.6250000e+02;-3.6816295e-02;1.6250000e+02;1.4170028e-02;1.6250000e+02;8.5149512e-02;1.6250000e+02;1.7622274e-01;1.6250000e+02;2.7089632e-01;1.6250000e+02;3.2654160e-01;1.6250000e+02;3.0589318e-01;1.6250000e+02;2.6327199e-01;1.6250000e+02;2.1807086e-01;1.6250000e+02;1.8053654e-01;1.6250000e+02;1.5003535e-01;1.6250000e+02;1.1601254e-01;1.6250000e+02;7.4307397e-02;1.6250000e+02;3.1313568e-02;1.6250000e+02;-1.5058339e-02;1.6250000e+02;-6.2071435e-02;1.6250000e+02;-1.1012961e-01;1.6250000e+02;-6.5104432e-02;1.6250000e+02;-3.6816295e-02;1.6250000e+02;1.4170028e-02;1.6250000e+02;8.5149512e-02;1.6250000e+02;1.7622274e-01;1.6250000e+02;2.7089632e-01;1.6250000e+02;3.2654160e-01;1.6250000e+02;3.0589318e-01;1.6250000e+02;2.6327199e-01;1.6250000e+02;2.1807086e-01;1.6250000e+02;1.8053654e-01;1.6250000e+02;1.5003535e-01;1.6250000e+02;1.1601254e-01;1.6250000e+02;7.4307397e-02;1.6250000e+02;3.1313568e-02;1.6250000e+02;-1.5058339e-02;1.6250000e+02;-6.2071435e-02;1.6250000e+02;-1.1012961e-01;1.6250000e+02;-6.5104432e-02;1.6250000e+02;-3.6816295e-02;1.6250000e+02;1.4170028e-02;1.6250000e+02;8.5149512e-02;1.6250000e+02;1.7622274e-01;1.6250000e+02;2.7089632e-01;1.6250000e+02;3.2654160e-01;1.6250000e+02;3.0589318e-01;1.6250000e+02;2.6327199e-01;1.6250000e+02;2.1807086e-01;1.6250000e+02;1.8053654e-01;1.6250000e+02;1.5003535e-01;1.6250000e+02;1.1601254e-01;1.6250000e+02;7.4307397e-02;1.6250000e+02;3.1313568e-02;1.6250000e+02;-1.5058339e-02;1.6250000e+02;-6.2071435e-02;1.6250000e+02;-1.1012961e-01;1.6250000e+02;-6.5104432e-02;1.6250000e+02;-3.6816295e-02;1.6250000e+02;1.4170028e-02;1.6250000e+02;8.5149512e-02;1.6250000e+02;1.7622274e-01;1.6250000e+02;2.7089632e-01;1.6250000e+02;3.2654160e-01;1.6250000e+02;3.0589318e-01;1.6250000e+02;2.6327199e-01;1.6250000e+02;2.1807086e-01;1.6250000e+02;1.8053654e-01;1.6250000e+02;1.5003535e-01;1.6250000e+02;1.1601254e-01;1.6250000e+02;7.4307397e-02;1.6250000e+02;3.1313568e-02;1.6250000e+02;-1.5058339e-02;1.6250000e+02;-6.2071435e-02;1.6250000e+02;-1.1012961e-01;1.6250000e+02;-6.5104432e-02;1.6250000e+02;-3.6816295e-02;1.6250000e+02;1.4170028e-02;1.6250000e+02;8.5149512e-02;1.6250000e+02;1.7622274e-01;1.6250000e+02;2.7089632e-01;1.6250000e+02;3.2654160e-01;1.6250000e+02;3.0589318e-01;1.6250000e+02;2.6327199e-01;1.6250000e+02;2.1807086e-01;1.6250000e+02;1.8053654e-01;1.6250000e+02;1.5003535e-01;1.6250000e+02;1.1601254e-01;1.6250000e+02;7.4307397e-02;1.6250000e+02;3.1313568e-02;1.6250000e+02;-1.5058339e-02;1.6250000e+02;-6.2071435e-02;1.6250000e+02;-1.1012961e-01;1.6250000e+02;-6.5104432e-02;1.6250000e+02;-3.6816295e-02;1.6250000e+02;1.4170028e-02;1.6250000e+02;8.5149512e-02;1.6250000e+02;1.7622274e-01;1.6250000e+02;2.7089632e-01;1.6250000e+02;3.2654160e-01;1.6250000e+02;3.0589318e-01;1.6250000e+02;2.6327199e-01;1.6250000e+02;2.1807086e-01;1.6250000e+02;1.8053654e-01;1.6250000e+02;1.5003535e-01;1.6250000e+02;1.1601254e-01;1.6250000e+02;7.4307397e-02;1.6250000e+02;3.1313568e-02;1.6250000e+02;-1.5058339e-02;1.6250000e+02;-6.2071435e-02;1.6250000e+02;-1.1012961e-01;1.6250000e+02;-6.5104432e-02;1.6250000e+02;-3.6816295e-02;1.6250000e+02;1.4170028e-02;1.6250000e+02;8.5149512e-02;1.6250000e+02;1.7622274e-01;1.6250000e+02;2.7089632e-01;1.6250000e+02;3.2654160e-01;1.6250000e+02;3.0589318e-01;1.6250000e+02;2.6327199e-01;1.6250000e+02;2.1807086e-01;1.6250000e+02;1.8053654e-01;1.6250000e+02;1.5003535e-01;1.6250000e+02;1.1601254e-01;1.6250000e+02;7.4307397e-02;1.6250000e+02;3.1313568e-02;1.6250000e+02;-1.5058339e-02;1.6250000e+02;-6.2071435e-02;1.6250000e+02;-1.1012961e-01;1.6250000e+02;-6.5104432e-02;1.6250000e+02;-3.6816295e-02;1.6250000e+02;1.4170028e-02;1.6250000e+02;8.5149512e-02;1.6250000e+02;1.7622274e-01;1.6250000e+02;2.7089632e-01;1.6250000e+02;3.2654160e-01;1.6250000e+02;3.0589318e-01;1.6250000e+02;2.6327199e-01;1.6250000e+02;2.1807086e-01;1.6250000e+02;1.8053654e-01;1.6250000e+02;1.5003535e-01;1.6250000e+02;1.1601254e-01;1.6250000e+02;7.4307397e-02;1.6250000e+02;3.1313568e-02;1.6250000e+02;-1.5058339e-02;1.6250000e+02;-6.2071435e-02;1.6250000e+02;-1.1012961e-01;1.6250000e+02;-6.5104432e-02;1.6250000e+02;-3.6816295e-02;1.6250000e+02;1.4170028e-02;1.6250000e+02;8.5149512e-02;1.6250000e+02;1.7622274e-01;1.6250000e+02;2.7089632e-01;1.6250000e+02;3.2654160e-01;1.6250000e+02;3.0589318e-01;1.6250000e+02;2.6327199e-01;1.6250000e+02;2.1807086e-01;1.6250000e+02;1.8053654e-01;1.6250000e+02;1.5003535e-01;1.6250000e+02;1.1601254e-01;1.6250000e+02;7.4307397e-02;1.6250000e+02;3.1313568e-02;1.6250000e+02;-1.5058339e-02;1.6250000e+02;-6.2071435e-02;1.6250000e+02;-1.1012961e-01;1.6250000e+02;-6.5104432e-02;1.6250000e+02;-3.6816295e-02;1.6250000e+02;1.4170028e-02;1.6250000e+02;8.5149512e-02;1.6250000e+02;1.7622274e-01;1.6250000e+02;2.7089632e-01;1.6250000e+02;3.2654160e-01;1.6250000e+02;3.0589318e-01;1.6250000e+02;2.6327199e-01;1.6250000e+02;2.1807086e-01;1.6250000e+02;1.8053654e-01;1.6250000e+02;1.5003535e-01;1.6250000e+02;1.1601254e-01;1.6250000e+02;7.4307397e-02;1.6250000e+02;3.1313568e-02;1.6250000e+02;-1.5058339e-02;1.6250000e+02;-6.2071435e-02;1.6250000e+02;-1.1012961e-01;1.6250000e+02;-6.5104432e-02;1.6250000e+02;-3.6816295e-02;1.6250000e+02;1.4170028e-02;1.6250000e+02;8.5149512e-02;1.6250000e+02;1.7622274e-01;1.6250000e+02;2.7089632e-01;1.6250000e+02;3.2654160e-01;1.6250000e+02;3.0589318e-01;1.6250000e+02;2.6327199e-01;1.6250000e+02;2.1807086e-01;1.6250000e+02;1.8053654e-01;1.6250000e+02;1.5003535e-01;1.6250000e+02;1.1601254e-01;1.6250000e+02;7.4307397e-02;1.6250000e+02;3.1313568e-02;1.6250000e+02;-1.5058339e-02;1.6250000e+02;-6.2071435e-02;1.6250000e+02;-1.1012961e-01;1.6250000e+02;-6.5104432e-02;1.6250000e+02;-3.6816295e-02;1.6250000e+02;1.4170028e-02;1.6250000e+02;8.5149512e-02;1.6250000e+02;1.7622274e-01;1.6250000e+02;2.7089632e-01;1.6250000e+02;3.2654160e-01;1.6250000e+02;3.0589318e-01;1.6250000e+02;2.6327199e-01;1.6250000e+02;2.1807086e-01;1.6250000e+02;1.8053654e-01;1.6250000e+02;1.5003535e-01;1.6250000e+02;1.1601254e-01;1.6250000e+02;7.4307397e-02;1.6250000e+02;3.1313568e-02;1.6250000e+02;-1.5058339e-02;1.6250000e+02;-6.2071435e-02;1.6250000e+02;-1.1012961e-01;1.6250000e+02;-6.5104432e-02;1.6250000e+02;-3.6816295e-02;1.6250000e+02;1.4170028e-02;1.6250000e+02;8.5149512e-02;1.6250000e+02;1.7622274e-01;1.6250000e+02;2.7089632e-01;1.6250000e+02;3.2654160e-01;1.6250000e+02;3.0589318e-01;1.6250000e+02;2.6327199e-01;1.6250000e+02;2.1807086e-01;1.6250000e+02;1.8053654e-01;1.6250000e+02;1.5003535e-01;1.6250000e+02;1.1601254e-01;1.6250000e+02;7.4307397e-02;1.6250000e+02;3.1313568e-02;1.6250000e+02;-1.5058339e-02;1.6250000e+02;-6.2071435e-02;1.6250000e+02;-1.1012961e-01;1.6250000e+02;-6.5104432e-02;1.6250000e+02;-3.6816295e-02;1.6250000e+02;1.4170028e-02;1.6250000e+02;8.5149512e-02;1.6250000e+02;1.7622274e-01;1.6250000e+02;2.7089632e-01;1.6250000e+02;3.2654160e-01;1.6250000e+02;3.0589318e-01;1.6250000e+02;2.6327199e-01;1.6250000e+02;2.1807086e-01;1.6250000e+02;1.8053654e-01;1.6250000e+02;1.5003535e-01;1.6250000e+02;1.1601254e-01;1.6250000e+02;7.4307397e-02;1.6250000e+02;3.1313568e-02;1.6250000e+02;-1.5058339e-02;1.6250000e+02;-6.2071435e-02;1.6250000e+02;-1.1012961e-01;1.6250000e+02;-6.5104432e-02;1.6250000e+02;-3.6816295e-02;1.6250000e+02;1.4170028e-02;1.6250000e+02;8.5149512e-02;1.6250000e+02;1.7622274e-01;1.6250000e+02;2.7089632e-01;1.6250000e+02;3.2654160e-01;1.6250000e+02;3.0589318e-01;1.6250000e+02;2.6327199e-01;1.6250000e+02;2.1807086e-01;1.6250000e+02;1.8053654e-01;1.6250000e+02;1.5003535e-01;1.6250000e+02;1.1601254e-01;1.6250000e+02;7.4307397e-02;1.6250000e+02;3.1313568e-02;1.6250000e+02;-1.5058339e-02;1.6250000e+02;-6.2071435e-02;1.6250000e+02;-1.1012961e-01;1.6250000e+02;-6.5104432e-02;1.6250000e+02;-3.6816295e-02;1.6250000e+02;1.4170028e-02;1.6250000e+02;8.5149512e-02;1.6250000e+02;1.7622274e-01;1.6250000e+02;2.7089632e-01;1.6250000e+02;3.2654160e-01;1.6250000e+02;3.0589318e-01;1.6250000e+02;2.6327199e-01;1.6250000e+02;2.1807086e-01;1.6250000e+02;1.8053654e-01;1.6250000e+02;1.5003535e-01;1.6250000e+02;1.1601254e-01;1.6250000e+02;7.4307397e-02;1.6250000e+02;3.1313568e-02;1.6250000e+02;-1.5058339e-02;1.6250000e+02;-6.2071435e-02;1.6250000e+02;-1.1012961e-01
1.6750000e+02;-6.4081691e-02;1.6750000e+02;-3.0952396e-02;1.6750000e+02;2.5688458e-02;1.6750000e+02;1.0284849e-01;1.6750000e+02;1.9884029e-01;1.6750000e+02;2.9453346e-01;1.6750000e+02;3.4412503e-01;1.6750000e+02;3.2594436e-01;1.6750000e+02;2.8804606e-01;1.6750000e+02;2.3744309e-01;1.6750000e+02;1.8784732e-01;1.6750000e+02;1.5160400e-01;1.6750000e+02;1.1536735e-01;1.6750000e+02;7.3622569e-02;1.6750000e+02;2.9563531e-02;1.6750000e+02;-1.6002893e-02;1.6750000e+02;-6.3044503e-02;1.6750000e+02;-1.1209680e-01;1.6750000e+02;-6.4081691e-02;1.6750000e+02;-3.0952396e-02;1.6750000e+02;2.5688458e-02;1.6750000e+02;1.0284849e-01;1.6750000e+02;1.9884029e-01;1.6750000e+02;2.9453346e-01;1.6750000e+02;3.4412503e-01;1.6750000e+02;3.2594436e-01;1.6750000e+02;2.8804606e-01;1.6750000e+02;2.3744309e-01;1.6750000e+02;1.8784732e-01;1.6750000e+02;1.5160400e-01;1.6750000e+02;1.1536735e-01;1.6750000e+02;7.3622569e-02;1.6750000e+02;2.9563531e-02;1.6750000e+02;-1.6002893e-02;1.6750000e+02;-6.3044503e-02;1.6750000e+02;-1.1209680e-01;1.6750000e+02;-6.4081691e-02;1.6750000e+02;-3.0952396e-02;1.6750000e+02;2.5688458e-02;1.6750000e+02;1.0284849e-01;1.6750000e+02;1.9884029e-01;1.6750000e+02;2.9453346e-01;1.6750000e+02;3.4412503e-01;1.6750000e+02;3.2594436e-01;1.6750000e+02;2.8804606e-01;1.6750000e+02;2.3744309e-01;1.6750000e+02;1.8784732e-01;1.6750000e+02;1.5160400e-01;1.6750000e+02;1.1536735e-01;1.6750000e+02;7.3622569e-02;1.6750000e+02;2.9563531e-02;1.6750000e+02;-1.6002893e-02;1.6750000e+02;-6.3044503e-02;1.6750000e+02;-1.1209680e-01;1.6750000e+02;-6.4081691e-02;1.6750000e+02;-3.0952396e-02;1.6750000e+02;2.5688458e-02;1.6750000e+02;1.0284849e-01;1.6750000e+02;1.9884029e-01;1.6750000e+02;2.9453346e-01;1.6750000e+02;3.4412503e-01;1.6750000e+02;3.2594436e-01;1.6750000e+02;2.8804606e-01;1.6750000e+02;2.3744309e-01;1.6750000e+02;1.8784732e-01;1.6750000e+02;1.5160400e-01;1.6750000e+02;1.1536735e-01;1.6750000e+02;7.3622569e-02;1.6750000e+02;2.9563531e-02;1.6750000e+02;-1.6002893e-02;1.6750000e+02;-6.3044503e-02;1.6750000e+02;-1.1209680e-01;1.6750000e+02;-6.4081691e-02;1.6750000e+02;-3.0952396e-02;1.6750000e+02;2.5688458e-02;1.6750000e+02;1.0284849e-01;1.6750000e+02;1.9884029e-01;1.6750000e+02;2.9453346e-01;1.6750000e+02;3.4412503e-01;1.6750000e+02;3.2594436e-01;1.6750000e+02;2.8804606e-01;1.6750000e+02;2.3744309e-01;1.6750000e+02;1.8784732e-01;1.6750000e+02;1.5160400e-01;1.6750000e+02;1.1536735e-01;1.6750000e+02;7.3622569e-02;1.6750000e+02;2.9563531e-02;1.6750000e+02;-1.6002893e-02;1.6750000e+02;-6.3044503e-02;1.6750000e+02;-1.1209680e-01;1.6750000e+02;-6.4081691e-02;1.6750000e+02;-3.0952396e-02;1.6750000e+02;2.5688458e-02;1.6750000e+02;1.0284849e-01;1.6750000e+02;1.9884029e-01;1.6750000e+02;2.9453346e-01;1.6750000e+02;3.4412503e-01;1.6750000e+02;3.2594436e-01;1.6750000e+02;2.8804606e-01;1.6750000e+02;2.3744309e-01;1.6750000e+02;1.8784732e-01;1.6750000e+02;1.5160400e-01;1.6750000e+02;1.1536735e-01;1.6750000e+02;7.3622569e-02;1.6750000e+02;2.9563531e-02;1.6750000e+02;-1.6002893e-02;1.6750000e+02;-6.3044503e-02;1.6750000e+02;-1.1209680e-01;1.6750000e+02;-6.4081691e-02;1.6750000e+02;-3.0952396e-02;1.6750000e+02;2.5688458e-02;1.6750000e+02;1.0284849e-01;1.6750000e+02;1.9884029e-01;1.6750000e+02;2.9453346e-01;1.6750000e+02;3.4412503e-01;1.6750000e+02;3.2594436e-01;1.6750000e+02;2.8804606e-01;1.6750000e+02;2.3744309e-01;1.6750000e+02;1.8784732e-01;1.6750000e+02;1.5160400e-01;1.6750000e+02;1.1536735e-01;1.6750000e+02;7.3622569e-02;1.6750000e+02;2.9563531e-02;1.6750000e+02;-1.6002893e-02;1.6750000e+02;-6.3044503e-02;1.6750000e+02;-1.1209680e-01;1.6750000e+02;-6.4081691e-02;1.6750000e+02;-3.0952396e-02;1.6750000e+02;2.5688458e-02;1.6750000e+02;1.0284849e-01;1.6750000e+02;1.9884029e-01;1.6750000e+02;2.9453346e-01;1.6750000e+02;3.4412503e-01;1.6750000e+02;3.2594436e-01;1.6750000e+02;2.8804606e-01;1.6750000e+02;2.3744309e-01;1.6750000e+02;1.8784732e-01;1.6750000e+02;1.5160400e-01;1.6750000e+02;1.1536735e-01;1.6750000e+02;7.3622569e-02;1.6750000e+02;2.9563531e-02;1.6750000e+02;-1.6002893e-02;1.6750000e+02;-6.3044503e-02;1.6750000e+02;-1.1209680e-01;1.6750000e+02;-6.4081691e-02;1.6750000e+02;-3.0952396e-02;1.6750000e+02;2.5688458e-02;1.6750000e+02;1.0284849e-01;1.6750000e+02;1.9884029e-01;1.6750000e+02;2.9453346e-01;1.6750000e+02;3.4412503e-01;1.6750000e+02;3.2594436e-01;1.6750000e+02;2.8804606e-01;1.6750000e+02;2.3744309e-01;1.6750000e+02;1.8784732e-01;1.6750000e+02;1.5160400e-01;1.6750000e+02;1.1536735e-01;1.6750000e+02;7.3622569e-02;1.6750000e+02;2.9563531e-02;1.6750000e+02;-1.6002893e-02;1.6750000e+02;-6.3044503e-02;1.6750000e+02;-1.1209680e-01;1.6750000e+02;-6.4081691e-02;1.6750000e+02;-3.0952396e-02;1.6750000e+02;2.5688458e-02;1.6750000e+02;1.0284849e-01;1.6750000e+02;1.9884029e-01;1.6750000e+02;2.9453346e-01;1.6750000e+02;3.4412503e-01;1.6750000e+02;3.2594436e-01;1.6750000e+02;2.8804606e-01;1.6750000e+02;2.3744309e-01;1.6750000e+02;1.8784732e-01;1.6750000e+02;1.5160400e-01;1.6750000e+02;1.1536735e-01;1.6750000e+02;7.3622569e-02;1.6750000e+02;2.9563531e-02;1.6750000e+02;-1.6002893e-02;1.6750000e+02;-6.3044503e-02;1.6750000e+02;-1.1209680e-01;1.6750000e+02;-6.4081691e-02;1.6750000e+02;-3.0952396e-02;1.6750000e+02;2.5688458e-02;1.6750000e+02;1.0284849e-01;1.6750000e+02;1.9884029e-01;1.6750000e+02;2.9453346e-01;1.6750000e+02;3.4412503e-01;1.6750000e+02;3.2594436e-01;1.6750000e+02;2.8804606e-01;1.6750000e+02;2.3744309e-01;1.6750000e+02;1.8784732e-01;1.6750000e+02;1.5160400e-01;1.6750000e+02;1.1536735e-01;1.6750000e+02;7.3622569e-02;1.6750000e+02;2.9563531e-02;1.6750000e+02;-1.6002893e-02;1.6750000e+02;-6.3044503e-02;1.6750000e+02;-1.1209680e-01;1.6750000e+02;-6.4081691e-02;1.6750000e+02;-3.0952396e-02;1.6750000e+02;2.5688458e-02;1.6750000e+02;1.0284849e-01;1.6750000e+02;1.9884029e-01;1.6750000e+02;2.9453346e-01;1.6750000e+02;3.4412503e-01;1.6750000e+02;3.2594436e-01;1.6750000e+02;2.8804606e-01;1.6750000e+02;2.3744309e-01;1.6750000e+02;1.8784732e-01;1.6750000e+02;1.5160400e-01;1.6750000e+02;1.1536735e-01;1.6750000e+02;7.3622569e-02;1.6750000e+02;2.9563531e-02;1.6750000e+02;-1.6002893e-02;1.6750000e+02;-6.3044503e-02;1.6750000e+02;-1.1209680e-01;1.6750000e+02;-6.4081691e-02;1.6750000e+02;-3.0952396e-02;1.6750000e+02;2.5688458e-02;1.6750000e+02;1.0284849e-01;1.6750000e+02;1.9884029e-01;1.6750000e+02;2.9453346e-01;1.6750000e+02;3.4412503e-01;1.6750000e+02;3.2594436e-01;1.6750000e+02;2.8804606e-01;1.6750000e+02;2.3744309e-01;1.6750000e+02;1.8784732e-01;1.6750000e+02;1.5160400e-01;1.6750000e+02;1.1536735e-01;1.6750000e+02;7.3622569e-02;1.6750000e+02;2.9563531e-02;1.6750000e+02;-1.6002893e-02;1.6750000e+02;-6.3044503e-02;1.6750000e+02;-1.1209680e-01;1.6750000e+02;-6.4081691e-02;1.6750000e+02;-3.0952396e-02;1.6750000e+02;2.5688458e-02;1.6750000e+02;1.0284849e-01;1.6750000e+02;1.9884029e-01;1.6750000e+02;2.9453346e-01;1.6750000e+02;3.4412503e-01;1.6750000e+02;3.2594436e-01;1.6750000e+02;2.8804606e-01;1.6750000e+02;2.3744309e-01;1.6750000e+02;1.8784732e-01;1.6750000e+02;1.5160400e-01;1.6750000e+02;1.1536735e-01;1.6750000e+02;7.3622569e-02;1.6750000e+02;2.9563531e-02;1.6750000e+02;-1.6002893e-02;1.6750000e+02;-6.3044503e-02;1.6750000e+02;-1.1209680e-01;1.6750000e+02;-6.4081691e-02;1.6750000e+02;-3.0952396e-02;1.6750000e+02;2.5688458e-02;1.6750000e+02;1.0284849e-01;1.6750000e+02;1.9884029e-01;1.6750000e+02;2.9453346e-01;1.6750000e+02;3.4412503e-01;1.6750000e+02;3.2594436e-01;1.6750000e+02;2.8804606e-01;1.6750000e+02;2.3744309e-01;1.6750000e+02;1.8784732e-01;1.6750000e+02;1.5160400e-01;1.6750000e+02;1.1536735e-01;1.6750000e+02;7.3622569e-02;1.6750000e+02;2.9563531e-02;1.6750000e+02;-1.6002893e-02;1.6750000e+02;-6.3044503e-02;1.6750000e+02;-1.1209680e-01;1.6750000e+02;-6.4081691e-02;1.6750000e+02;-3.0952396e-02;1.6750000e+02;2.5688458e-02;1.6750000e+02;1.0284849e-01;1.6750000e+02;1.9884029e-01;1.6750000e+02;2.9453346e-01;1.6750000e+02;3.4412503e-01;1.6750000e+02;3.2594436e-01;1.6750000e+02;2.8804606e-01;1.6750000e+02;2.3744309e-01;1.6750000e+02;1.8784732e-01;1.6750000e+02;1.5160400e-01;1.6750000e+02;1.1536735e-01;1.6750000e+02;7.3622569e-02;1.6750000e+02;2.9563531e-02;1.6750000e+02;-1.6002893e-02;1.6750000e+02;-6.3044503e-02;1.6750000e+02;-1.1209680e-01;1.6750000e+02;-6.4081691e-02;1.6750000e+02;-3.0952396e-02;1.6750000e+02;2.5688458e-02;1.6750000e+02;1.0284849e-01;1.6750000e+02;1.9884029e-01;1.6750000e+02;2.9453346e-01;1.6750000e+02;3.4412503e-01;1.6750000e+02;3.2594436e-01;1.6750000e+02;2.8804606e-01;1.6750000e+02;2.3744309e-01;1.6750000e+02;1.8784732e-01;1.6750000e+02;1.5160400e-01;1.6750000e+02;1.1536735e-01;1.6750000e+02;7.3622569e-02;1.6750000e+02;2.9563531e-02;1.6750000e+02;-1.6002893e-02;1.6750000e+02;-6.3044503e-02;1.6750000e+02;-1.1209680e-01;1.6750000e+02;-6.4081691e-02;1.6750000e+02;-3.0952396e-02;1.6750000e+02;2.5688458e-02;1.6750000e+02;1.0284849e-01;1.6750000e+02;1.9884029e-01;1.6750000e+02;2.9453346e-01;1.6750000e+02;3.4412503e-01;1.6750000e+02;3.2594436e-01;1.6750000e+02;2.8804606e-01;1.6750000e+02;2.3744309e-01;1.6750000e+02;1.8784732e-01;1.6750000e+02;1.5160400e-01;1.6750000e+02;1.1536735e-01;1.6750000e+02;7.3622569e-02;1.6750000e+02;2.9563531e-02;1.6750000e+02;-1.6002893e-02;1.6750000e+02;-6.3044503e-02;1.6750000e+02;-1.1209680e-01;1.6750000e+02;-6.4081691e-02;1.6750000e+02;-3.0952396e-02;1.6750000e+02;2.5688458e-02;1.6750000e+02;1.0284849e-01;1.6750000e+02;1.9884029e-01;1.6750000e+02;2.9453346e-01;1.6750000e+02;3.4412503e-01;1.6750000e+02;3.2594436e-01;1.6750000e+02;2.8804606e-01;1.6750000e+02;2.3744309e-01;1.6750000e+02;1.8784732e-01;1.6750000e+02;1.5160400e-01;1.6750000e+02;1.1536735e-01;1.6750000e+02;7.3622569e-02;1.6750000e+02;2.9563531e-02;1.6750000e+02;-1.6002893e-02;1.6750000e+02;-6.3044503e-02;1.6750000e+02;-1.1209680e-01;1.6750000e+02;-6.4081691e-02;1.6750000e+02;-3.0952396e-02;1.6750000e+02;2.5688458e-02;1.6750000e+02;1.0284849e-01;1.6750000e+02;1.9884029e-01;1.6750000e+02;2.9453346e-01;1.6750000e+02;3.4412503e-01;1.6750000e+02;3.2594436e-01;1.6750000e+02;2.8804606e-01;1.6750000e+02;2.3744309e-01;1.6750000e+02;1.8784732e-01;1.6750000e+02;1.5160400e-01;1.6750000e+02;1.1536735e-01;1.6750000e+02;7.3622569e-02;1.6750000e+02;2.9563531e-02;1.6750000e+02;-1.6002893e-02;1.6750000e+02;-6.3044503e-02;1.6750000e+02;-1.1209680e-01;1.6750000e+02;-6.4081691e-02;1.6750000e+02;-3.0952396e-02;1.6750000e+02;2.5688458e-02;1.6750000e+02;1.0284849e-01;1.6750000e+02;1.9884029e-01;1.6750000e+02;2.9453346e-01;1.6750000e+02;3.4412503e-01;1.6750000e+02;3.2594436e-01;1.6750000e+02;2.8804606e-01;1.6750000e+02;2.3744309e-01;1.6750000e+02;1.8784732e-01;1.6750000e+02;1.5160400e-01;1.6750000e+02;1.1536735e-01;1.6750000e+02;7.3622569e-02;1.6750000e+02;2.9563531e-02;1.6750000e+02;-1.6002893e-02;1.6750000e+02;-6.3044503e-02;1.6750000e+02;-1.1209680e-01;1.6750000e+02;-6.4081691e-02;1.6750000e+02;-3.0952396e-02;1.6750000e+02;2.5688458e-02;1.6750000e+02;1.0284849e-01;1.6750000e+02;1.9884029e-01;1.6750000e+02;2.9453346e-01;1.6750000e+02;3.4412503e-01;1.6750000e+02;3.2594436e-01;1.6750000e+02;2.8804606e-01;1.6750000e+02;2.3744309e-01;1.6750000e+02;1.8784732e-01;1.6750000e+02;1.5160400e-01;1.6750000e+02;1.1536735e-01;1.6750000e+02;7.3622569e-02;1.6750000e+02;2.9563531e-02;1.6750000e+02;-1.6002893e-02;1.6750000e+02;-6.3044503e-02;1.6750000e+02;-1.1209680e-01;1.6750000e+02;-6.4081691e-02;1.6750000e+02;-3.0952396e-02;1.6750000e+02;2.5688458e-02;1.6750000e+02;1.0284849e-01;1.6750000e+02;1.9884029e-01;1.6750000e+02;2.9453346e-01;1.6750000e+02;3.4412503e-01;1.6750000e+02;3.2594436e-01;1.6750000e+02;2.8804606e-01;1.6750000e+02;2.3744309e-01;1.6750000e+02;1.8784732e-01;1.6750000e+02;1.5160400e-01;1.6750000e+02;1.1536735e-01;1.6750000e+02;7.3622569e-02;1.6750000e+02;2.9563531e-02;1.6750000e+02;-1.6002893e-02;1.6750000e+02;-6.3044503e-02;1.6750000e+02;-1.1209680e-01;1.6750000e+02;-6.4081691e-02;1.6750000e+02;-3.0952396e-02;1.6750000e+02;2.5688458e-02;1.6750000e+02;1.0284849e-01;1.6750000e+02;1.9884029e-01;1.6750000e+02;2.9453346e-01;1.6750000e+02;3.4412503e-01;1.6750000e+02;3.2594436e-01;1.6750000e+02;2.8804606e-01;1.6750000e+02;2.3744309e-01;1.6750000e+02;1.8784732e-01;1.6750000e+02;1.5160400e-01;1.6750000e+02;1.1536735e-01;1.6750000e+02;7.3622569e-02;1.6750000e+02;2.9563531e-02;1.6750000e+02;-1.6002893e-02;1.6750000e+02;-6.3044503e-02;1.6750000e+02;-1.1209680e-01;1.6750000e+02;-6.4081691e-02;1.6750000e+02;-3.0952396e-02;1.6750000e+02;2.5688458e-02;1.6750000e+02;1.0284849e-01;1.6750000e+02;1.9884029e-01;1.6750000e+02;2.9453346e-01;1.6750000e+02;3.4412503e-01;1.6750000e+02;3.2594436e-01;1.6750000e+02;2.8804606e-01;1.6750000e+02;2.3744309e-01;1.6750000e+02;1.8784732e-01;1.6750000e+02;1.5160400e-01;1.6750000e+02;1.1536735e-01;1.6750000e+02;7.3622569e-02;1.6750000e+02;2.9563531e-02;1.6750000e+02;-1.6002893e-02;1.6750000e+02;-6.3044503e-02;1.6750000e+02;-1.1209680e-01;1.6750000e+02;-6.4081691e-02;1.6750000e+02;-3.0952396e-02;1.6750000e+02;2.5688458e-02;1.6750000e+02;1.0284849e-01;1.6750000e+02;1.9884029e-01;1.6750000e+02;2.9453346e-01;1.6750000e+02;3.4412503e-01;1.6750000e+02;3.2594436e-01;1.6750000e+02;2.8804606e-01;1.6750000e+02;2.3744309e-01;1.6750000e+02;1.8784732e-01;1.6750000e+02;1.5160400e-01;1.6750000e+02;1.1536735e-01;1.6750000e+02;7.3622569e-02;1.6750000e+02;2.9563531e-02;1.6750000e+02;-1.6002893e-02;1.6750000e+02;-6.3044503e-02;1.6750000e+02;-1.1209680e-01;1.6750000e+02;-6.4081691e-02;1.6750000e+02;-3.0952396e-02;1.6750000e+02;2.5688458e-02;1.6750000e+02;1.0284849e-01;1.6750000e+02;1.9884029e-01;1.6750000e+02;2.9453346e-01;1.6750000e+02;3.4412503e-01;1.6750000e+02;3.2594436e-01;1.6750000e+02;2.8804606e-01;1.6750000e+02;2.3744309e-01;1.6750000e+02;1.8784732e-01;1.6750000e+02;1.5160400e-01;1.6750000e+02;1.1536735e-01;1.6750000e+02;7.3622569e-02;1.6750000e+02;2.9563531e-02;1.6750000e+02;-1.6002893e-02;1.6750000e+02;-6.3044503e-02;1.6750000e+02;-1.1209680e-01;1.6750000e+02;-6.4081691e-02;1.6750000e+02;-3.0952396e-02;1.6750000e+02;2.5688458e-02;1.6750000e+02;1.0284849e-01;1.6750000e+02;1.9884029e-01;1.6750000e+02;2.9453346e-01;1.6750000e+02;3.4412503e-01;1.6750000e+02;3.2594436e-01;1.6750000e+02;2.8804606e-01;1.6750000e+02;2.3744309e-01;1.6750000e+02;1.8784732e-01;1.6750000e+02;1.5160400e-01;1.6750000e+02;1.1536735e-01;1.6750000e+02;7.3622569e-02;1.6750000e+02;2.9563531e-02;1.6750000e+02;-1.6002893e-02;1.6750000e+02;-6.3044503e-02;1.6750000e+02;-1.1209680e-01;1.6750000e+02;-6.4081691e-02;1.6750000e+02;-3.0952396e-02;1.6750000e+02;2.5688458e-02;1.6750000e+02;1.0284849e-01;1.6750000e+02;1.9884029e-01;1.6750000e+02;2.9453346e-01;1.6750000e+02;3.4412503e-01;1.6750000e+02;3.2594436e-01;1.6750000e+02;2.8804606e-01;1.6750000e+02;2.3744309e-01;1.6750000e+02;1.8784732e-01;1.6750000e+02;1.5160400e-01;1.6750000e+02;1.1536735e-01;1.6750000e+02;7.3622569e-02;1.6750000e+02;2.9563531e-02;1.6750000e+02;-1.6002893e-02;1.6750000e+02;-6.3044503e-02;1.6750000e+02;-1.1209680e-01;1.6750000e+02;-6.4081691e-02;1.6750000e+02;-3.0952396e-02;1.6750000e+02;2.5688458e-02;1.6750000e+02;1.0284849e-01;1.6750000e+02;1.9884029e-01;1.6750000e+02;2.9453346e-01;1.6750000e+02;3.4412503e-01;1.6750000e+02;3.2594436e-01;1.6750000e+02;2.8804606e-01;1.6750000e+02;2.3744309e-01;1.6750000e+02;1.8784732e-01;1.6750000e+02;1.5160400e-01;1.6750000e+02;1.1536735e-01;1.6750000e+02;7.3622569e-02;1.6750000e+02;2.9563531e-02;1.6750000e+02;-1.6002893e-02;1.6750000e+02;-6.3044503e-02;1.6750000e+02;-1.1209680e-01;1.6750000e+02;-6.4081691e-02;1.6750000e+02;-3.0952396e-02;1.6750000e+02;2.5688458e-02;1.6750000e+02;1.0284849e-01;1.6750000e+02;1.9884029e-01;1.6750000e+02;2.9453346e-01;1.6750000e+02;3.4412503e-01;1.6750000e+02;3.2594436e-01;1.6750000e+02;2.8804606e-01;1.6750000e+02;2.3744309e-01;1.6750000e+02;1.8784732e-01;1.6750000e+02;1.5160400e-01;1.6750000e+02;1.1536735e-01;1.6750000e+02;7.3622569e-02;1.6750000e+02;2.9563531e-02;1.6750000e+02;-1.6002893e-02;1.6750000e+02;-6.3044503e-02;1.6750000e+02;-1.1209680e-01;1.6750000e+02;-6.4081691e-02;1.6750000e+02;-3.0952396e-02;1.6750000e+02;2.5688458e-02;1.6750000e+02;1.0284849e-01;1.6750000e+02;1.9884029e-01;1.6750000e+02;2.9453346e-01;1.6750000e+02;3.4412503e-01;1.6750000e+02;3.2594436e-01;1.6750000e+02;2.8804606e-01;1.6750000e+02;2.3744309e-01;1.6750000e+02;1.8784732e-01;1.6750000e+02;1.5160400e-01;1.6750000e+02;1.1536735e-01;1.6750000e+02;7.3622569e-02;1.6750000e+02;2.9563531e-02;1.6750000e+02;-1.6002893e-02;1.6750000e+02;-6.3044503e-02;1.6750000e+02;-1.1209680e-01;1.6750000e+02;-6.4081691e-02;1.6750000e+02;-3.0952396e-02;1.6750000e+02;2.5688458e-02;1.6750000e+02;1.0284849e-01;1.6750000e+02;1.9884029e-01;1.6750000e+02;2.9453346e-01;1.6750000e+02;3.4412503e-01;1.6750000e+02;3.2594436e-01;1.6750000e+02;2.8804606e-01;1.6750000e+02;2.3744309e-01;1.6750000e+02;1.8784732e-01;1.6750000e+02;1.5160400e-01;1.6750000e+02;1.1536735e-01;1.6750000e+02;7.3622569e-02;1.6750000e+02;2.9563531e-02;1.6750000e+02;-1.6002893e-02;1.6750000e+02;-6.3044503e-02;1.6750000e+02;-1.1209680e-01;1.6750000e+02;-6.4081691e-02;1.6750000e+02;-3.0952396e-02;1.6750000e+02;2.5688458e-02;1.6750000e+02;1.0284849e-01;1.6750000e+02;1.9884029e-01;1.6750000e+02;2.9453346e-01;1.6750000e+02;3.4412503e-01;1.6750000e+02;3.2594436e-01;1.6750000e+02;2.8804606e-01;1.6750000e+02;2.3744309e-01;1.6750000e+02;1.8784732e-01;1.6750000e+02;1.5160400e-01;1.6750000e+02;1.1536735e-01;1.6750000e+02;7.3622569e-02;1.6750000e+02;2.9563531e-02;1.6750000e+02;-1.6002893e-02;1.6750000e+02;-6.3044503e-02;1.6750000e+02;-1.1209680e-01;1.6750000e+02;-6.4081691e-02;1.6750000e+02;-3.0952396e-02;1.6750000e+02;2.5688458e-02;1.6750000e+02;1.0284849e-01;1.6750000e+02;1.9884029e-01;1.6750000e+02;2.9453346e-01;1.6750000e+02;3.4412503e-01;1.6750000e+02;3.2594436e-01;1.6750000e+02;2.8804606e-01;1.6750000e+02;2.3744309e-01;1.6750000e+02;1.8784732e-01;1.6750000e+02;1.5160400e-01;1.6750000e+02;1.1536735e-01;1.6750000e+02;7.3622569e-02;1.6750000e+02;2.9563531e-02;1.6750000e+02;-1.6002893e-02;1.6750000e+02;-6.3044503e-02;1.6750000e+02;-1.1209680e-01;1.6750000e+02;-6.4081691e-02;1.6750000e+02;-3.0952396e-02;1.6750000e+02;2.5688458e-02;1.6750000e+02;1.0284849e-01;1.6750000e+02;1.9884029e-01;1.6750000e+02;2.9453346e-01;1.6750000e+02;3.4412503e-01;1.6750000e+02;3.2594436e-01;1.6750000e+02;2.8804606e-01;1.6750000e+02;2.3744309e-01;1.6750000e+02;1.8784732e-01;1.6750000e+02;1.5160400e-01;1.6750000e+02;1.1536735e-01;1.6750000e+02;7.3622569e-02;1.6750000e+02;2.9563531e-02;1.6750000e+02;-1.6002893e-02;1.6750000e+02;-6.3044503e-02;1.6750000e+02;-1.1209680e-01;1.6750000e+02;-6.4081691e-02;1.6750000e+02;-3.0952396e-02;1.6750000e+02;2.5688458e-02;1.6750000e+02;1.0284849e-01;1.6750000e+02;1.9884029e-01;1.6750000e+02;2.9453346e-01;1.6750000e+02;3.4412503e-01;1.6750000e+02;3.2594436e-01;1.6750000e+02;2.8804606e-01;1.6750000e+02;2.3744309e-01;1.6750000e+02;1.8784732e-01;1.6750000e+02;1.5160400e-01;1.6750000e+02;1.1536735e-01;1.6750000e+02;7.3622569e-02;1.6750000e+02;2.9563531e-02;1.6750000e+02;-1.6002893e-02;1.6750000e+02;-6.3044503e-02;1.6750000e+02;-1.1209680e-01;1.6750000e+02;-6.4081691e-02;1.6750000e+02;-3.0952396e-02;1.6750000e+02;2.5688458e-02;1.6750000e+02;1.0284849e-01;1.6750000e+02;1.9884029e-01;1.6750000e+02;2.9453346e-01;1.6750000e+02;3.4412503e-01;1.6750000e+02;3.2594436e-01;1.6750000e+02;2.8804606e-01;1.6750000e+02;2.3744309e-01;1.6750000e+02;1.8784732e-01;1.6750000e+02;1.5160400e-01;1.6750000e+02;1.1536735e-01;1.6750000e+02;7.3622569e-02;1.6750000e+02;2.9563531e-02;1.6750000e+02;-1.6002893e-02;1.6750000e+02;-6.3044503e-02;1.6750000e+02;-1.1209680e-01;1.6750000e+02;-6.4081691e-02;1.6750000e+02;-3.0952396e-02;1.6750000e+02;2.5688458e-02;1.6750000e+02;1.0284849e-01;1.6750000e+02;1.9884029e-01;1.6750000e+02;2.9453346e-01;1.6750000e+02;3.4412503e-01;1.6750000e+02;3.2594436e-01;1.6750000e+02;2.8804606e-01;1.6750000e+02;2.3744309e-01;1.6750000e+02;1.8784732e-01;1.6750000e+02;1.5160400e-01;1.6750000e+02;1.1536735e-01;1.6750000e+02;7.3622569e-02;1.6750000e+02;2.9563531e-02;1.6750000e+02;-1.6002893e-02;1.6750000e+02;-6.3044503e-02;1.6750000e+02;-1.1209680e-01;1.6750000e+02;-6.4081691e-02;1.6750000e+02;-3.0952396e-02;1.6750000e+02;2.5688458e-02;1.6750000e+02;1.0284849e-01;1.6750000e+02;1.9884029e-01;1.6750000e+02;2.9453346e-01;1.6750000e+02;3.4412503e-01;1.6750000e+02;3.2594436e-01;1.6750000e+02;2.8804606e-01;1.6750000e+02;2.3744309e-01;1.6750000e+02;1.8784732e-01;1.6750000e+02;1.5160400e-01;1.6750000e+02;1.1536735e-01;1.6750000e+02;7.3622569e-02;1.6750000e+02;2.9563531e-02;1.6750000e+02;-1.6002893e-02;1.6750000e+02;-6.3044503e-02;1.6750000e+02;-1.1209680e-01;1.6750000e+02;-6.4081691e-02;1.6750000e+02;-3.0952396e-02;1.6750000e+02;2.5688458e-02;1.6750000e+02;1.0284849e-01;1.6750000e+02;1.9884029e-01;1.6750000e+02;2.9453346e-01;1.6750000e+02;3.4412503e-01;1.6750000e+02;3.2594436e-01;1.6750000e+02;2.8804606e-01;1.6750000e+02;2.3744309e-01;1.6750000e+02;1.8784732e-01;1.6750000e+02;1.5160400e-01;1.6750000e+02;1.1536735e-01;1.6750000e+02;7.3622569e-02;1.6750000e+02;2.9563531e-02;1.6750000e+02;-1.6002893e-02;1.6750000e+02;-6.3044503e-02;1.6750000e+02;-1.1209680e-01;1.6750000e+02;-6.4081691e-02;1.6750000e+02;-3.0952396e-02;1.6750000e+02;2.5688458e-02;1.6750000e+02;1.0284849e-01;1.6750000e+02;1.9884029e-01;1.6750000e+02;2.9453346e-01;1.6750000e+02;3.4412503e-01;1.6750000e+02;3.2594436e-01;1.6750000e+02;2.8804606e-01;1.6750000e+02;2.3744309e-01;1.6750000e+02;1.8784732e-01;1.6750000e+02;1.5160400e-01;1.6750000e+02;1.1536735e-01;1.6750000e+02;7.3622569e-02;1.6750000e+02;2.9563531e-02;1.6750000e+02;-1.6002893e-02;1.6750000e+02;-6.3044503e-02;1.6750000e+02;-1.1209680e-01;1.6750000e+02;-6.4081691e-02;1.6750000e+02;-3.0952396e-02;1.6750000e+02;2.5688458e-02;1.6750000e+02;1.0284849e-01;1.6750000e+02;1.9884029e-01;1.6750000e+02;2.9453346e-01;1.6750000e+02;3.4412503e-01;1.6750000e+02;3.2594436e-01;1.6750000e+02;2.8804606e-01;1.6750000e+02;2.3744309e-01;1.6750000e+02;1.8784732e-01;1.6750000e+02;1.5160400e-01;1.6750000e+02;1.1536735e-01;1.6750000e+02;7.3622569e-02;1.6750000e+02;2.9563531e-02;1.6750000e+02;-1.6002893e-02;1.6750000e+02;-6.3044503e-02;1.6750000e+02;-1.1209680e-01;1.6750000e+02;-6.4081691e-02;1.6750000e+02;-3.0952396e-02;1.6750000e+02;2.5688458e-02;1.6750000e+02;1.0284849e-01;1.6750000e+02;1.9884029e-01;1.6750000e+02;2.9453346e-01;1.6750000e+02;3.4412503e-01;1.6750000e+02;3.2594436e-01;1.6750000e+02;2.8804606e-01;1.6750000e+02;2.3744309e-01;1.6750000e+02;1.8784732e-01;1.6750000e+02;1.5160400e-01;1.6750000e+02;1.1536735e-01;1.6750000e+02;7.3622569e-02;1.6750000e+02;2.9563531e-02;1.6750000e+02;-1.6002893e-02;1.6750000e+02;-6.3044503e-02;1.6750000e+02;-1.1209680e-01;1.6750000e+02;-6.4081691e-02;1.6750000e+02;-3.0952396e-02;1.6750000e+02;2.5688458e-02;1.6750000e+02;1.0284849e-01;1.6750000e+02;1.9884029e-01;1.6750000e+02;2.9453346e-01;1.6750000e+02;3.4412503e-01;1.6750000e+02;3.2594436e-01;1.6750000e+02;2.8804606e-01;1.6750000e+02;2.3744309e-01;1.6750000e+02;1.8784732e-01;1.6750000e+02;1.5160400e-01;1.6750000e+02;1.1536735e-01;1.6750000e+02;7.3622569e-02;1.6750000e+02;2.9563531e-02;1.6750000e+02;-1.6002893e-02;1.6750000e+02;-6.3044503e-02;1.6750000e+02;-1.1209680e-01;1.6750000e+02;-6.4081691e-02;1.6750000e+02;-3.0952396e-02;1.6750000e+02;2.5688458e-02;1.6750000e+02;1.0284849e-01;1.6750000e+02;1.9884029e-01;1.6750000e+02;2.9453346e-01;1.6750000e+02;3.4412503e-01;1.6750000e+02;3.2594436e-01;1.6750000e+02;2.8804606e-01;1.6750000e+02;2.3744309e-01;1.6750000e+02;1.8784732e-01;1.6750000e+02;1.5160400e-01;1.6750000e+02;1.1536735e-01;1.6750000e+02;7.3622569e-02;1.6750000e+02;2.9563531e-02;1.6750000e+02;-1.6002893e-02;1.6750000e+02;-6.3044503e-02;1.6750000e+02;-1.1209680e-01;1.6750000e+02;-6.4081691e-02;1.6750000e+02;-3.0952396e-02;1.6750000e+02;2.5688458e-02;1.6750000e+02;1.0284849e-01;1.6750000e+02;1.9884029e-01;1.6750000e+02;2.9453346e-01;1.6750000e+02;3.4412503e-01;1.6750000e+02;3.2594436e-01;1.6750000e+02;2.8804606e-01;1.6750000e+02;2.3744309e-01;1.6750000e+02;1.8784732e-01;1.6750000e+02;1.5160400e-01;1.6750000e+02;1.1536735e-01;1.6750000e+02;7.3622569e-02;1.6750000e+02;2.9563531e-02;1.6750000e+02;-1.6002893e-02;1.6750000e+02;-6.3044503e-02;1.6750000e+02;-1.1209680e-01;1.6750000e+02;-6.4081691e-02;1.6750000e+02;-3.0952396e-02;1.6750000e+02;2.5688458e-02;1.6750000e+02;1.0284849e-01;1.6750000e+02;1.9884029e-01;1.6750000e+02;2.9453346e-01;1.6750000e+02;3.4412503e-01;1.6750000e+02;3.2594436e-01;1.6750000e+02;2.8804606e-01;1.6750000e+02;2.3744309e-01;1.6750000e+02;1.8784732e-01;1.6750000e+02;1.5160400e-01;1.6750000e+02;1.1536735e-01;1.6750000e+02;7.3622569e-02;1.6750000e+02;2.9563531e-02;1.6750000e+02;-1.6002893e-02;1.6750000e+02;-6.3044503e-02;1.6750000e+02;-1.1209680e-01;1.6750000e+02;-6.4081691e-02;1.6750000e+02;-3.0952396e-02;1.6750000e+02;2.5688458e-02;1.6750000e+02;1.0284849e-01;1.6750000e+02;1.9884029e-01;1.6750000e+02;2.9453346e-01;1.6750000e+02;3.4412503e-01;1.6750000e+02;3.2594436e-01;1.6750000e+02;2.8804606e-01;1.6750000e+02;2.3744309e-01;1.6750000e+02;1.8784732e-01;1.6750000e+02;1.5160400e-01;1.6750000e+02;1.1536735e-01;1.6750000e+02;7.3622569e-02;1.6750000e+02;2.9563531e-02;1.6750000e+02;-1.6002893e-02;1.6750000e+02;-6.3044503e-02;1.6750000e+02;-1.1209680e-01;1.6750000e+02;-6.4081691e-02;1.6750000e+02;-3.0952396e-02;1.6750000e+02;2.5688458e-02;1.6750000e+02;1.0284849e-01;1.6750000e+02;1.9884029e-01;1.6750000e+02;2.9453346e-01;1.6750000e+02;3.4412503e-01;1.6750000e+02;3.2594436e-01;1.6750000e+02;2.8804606e-01;1.6750000e+02;2.3744309e-01;1.6750000e+02;1.8784732e-01;1.6750000e+02;1.5160400e-01;1.6750000e+02;1.1536735e-01;1.6750000e+02;7.3622569e-02;1.6750000e+02;2.9563531e-02;1.6750000e+02;-1.6002893e-02;1.6750000e+02;-6.3044503e-02;1.6750000e+02;-1.1209680e-01;1.6750000e+02;-6.4081691e-02;1.6750000e+02;-3.0952396e-02;1.6750000e+02;2.5688458e-02;1.6750000e+02;1.0284849e-01;1.6750000e+02;1.9884029e-01;1.6750000e+02;2.9453346e-01;1.6750000e+02;3.4412503e-01;1.6750000e+02;3.2594436e-01;1.6750000e+02;2.8804606e-01;1.6750000e+02;2.3744309e-01;1.6750000e+02;1.8784732e-01;1.6750000e+02;1.5160400e-01;1.6750000e+02;1.1536735e-01;1.6750000e+02;7.3622569e-02;1.6750000e+02;2.9563531e-02;1.6750000e+02;-1.6002893e-02;1.6750000e+02;-6.3044503e-02;1.6750000e+02;-1.1209680e-01;1.6750000e+02;-6.4081691e-02;1.6750000e+02;-3.0952396e-02;1.6750000e+02;2.5688458e-02;1.6750000e+02;1.0284849e-01;1.6750000e+02;1.9884029e-01;1.6750000e+02;2.9453346e-01;1.6750000e+02;3.4412503e-01;1.6750000e+02;3.2594436e-01;1.6750000e+02;2.8804606e-01;1.6750000e+02;2.3744309e-01;1.6750000e+02;1.8784732e-01;1.6750000e+02;1.5160400e-01;1.6750000e+02;1.1536735e-01;1.6750000e+02;7.3622569e-02;1.6750000e+02;2.9563531e-02;1.6750000e+02;-1.6002893e-02;1.6750000e+02;-6.3044503e-02;1.6750000e+02;-1.1209680e-01;1.6750000e+02;-6.4081691e-02;1.6750000e+02;-3.0952396e-02;1.6750000e+02;2.5688458e-02;1.6750000e+02;1.0284849e-01;1.6750000e+02;1.9884029e-01;1.6750000e+02;2.9453346e-01;1.6750000e+02;3.4412503e-01;1.6750000e+02;3.2594436e-01;1.6750000e+02;2.8804606e-01;1.6750000e+02;2.3744309e-01;1.6750000e+02;1.8784732e-01;1.6750000e+02;1.5160400e-01;1.6750000e+02;1.1536735e-01;1.6750000e+02;7.3622569e-02;1.6750000e+02;2.9563531e-02;1.6750000e+02;-1.6002893e-02;1.6750000e+02;-6.3044503e-02;1.6750000e+02;-1.1209680e-01;1.6750000e+02;-6.4081691e-02;1.6750000e+02;-3.0952396e-02;1.6750000e+02;2.5688458e-02;1.6750000e+02;1.0284849e-01;1.6750000e+02;1.9884029e-01;1.6750000e+02;2.9453346e-01;1.6750000e+02;3.4412503e-01;1.6750000e+02;3.2594436e-01;1.6750000e+02;2.8804606e-01;1.6750000e+02;2.3744309e-01;1.6750000e+02;1.8784732e-01;1.6750000e+02;1.5160400e-01;1.6750000e+02;1.1536735e-01;1.6750000e+02;7.3622569e-02;1.6750000e+02;2.9563531e-02;1.6750000e+02;-1.6002893e-02;1.6750000e+02;-6.3044503e-02;1.6750000e+02;-1.1209680e-01;1.6750000e+02;-6.4081691e-02;1.6750000e+02;-3.0952396e-02;1.6750000e+02;2.5688458e-02;1.6750000e+02;1.0284849e-01;1.6750000e+02;1.9884029e-01;1.6750000e+02;2.9453346e-01;1.6750000e+02;3.4412503e-01;1.6750000e+02;3.2594436e-01;1.6750000e+02;2.8804606e-01;1.6750000e+02;2.3744309e-01;1.6750000e+02;1.8784732e-01;1.6750000e+02;1.5160400e-01;1.6750000e+02;1.1536735e-01;1.6750000e+02;7.3622569e-02;1.6750000e+02;2.9563531e-02;1.6750000e+02;-1.6002893e-02;1.6750000e+02;-6.3044503e-02;1.6750000e+02;-1.1209680e-01;1.6750000e+02;-6.4081691e-02;1.6750000e+02;-3.0952396e-02;1.6750000e+02;2.5688458e-02;1.6750000e+02;1.0284849e-01;1.6750000e+02;1.9884029e-01;1.6750000e+02;2.9453346e-01;1.6750000e+02;3.4412503e-01;1.6750000e+02;3.2594436e-01;1.6750000e+02;2.8804606e-01;1.6750000e+02;2.3744309e-01;1.6750000e+02;1.8784732e-01;1.6750000e+02;1.5160400e-01;1.6750000e+02;1.1536735e-01;1.6750000e+02;7.3622569e-02;1.6750000e+02;2.9563531e-02;1.6750000e+02;-1.6002893e-02;1.6750000e+02;-6.3044503e-02;1.6750000e+02;-1.1209680e-01;1.6750000e+02;-6.4081691e-02;1.6750000e+02;-3.0952396e-02;1.6750000e+02;2.5688458e-02;1.6750000e+02;1.0284849e-01;1.6750000e+02;1.9884029e-01;1.6750000e+02;2.9453346e-01;1.6750000e+02;3.4412503e-01;1.6750000e+02;3.2594436e-01;1.6750000e+02;2.8804606e-01;1.6750000e+02;2.3744309e-01;1.6750000e+02;1.8784732e-01;1.6750000e+02;1.5160400e-01;1.6750000e+02;1.1536735e-01;1.6750000e+02;7.3622569e-02;1.6750000e+02;2.9563531e-02;1.6750000e+02;-1.6002893e-02;1.6750000e+02;-6.3044503e-02;1.6750000e+02;-1.1209680e-01;1.6750000e+02;-6.4081691e-02;1.6750000e+02;-3.0952396e-02;1.6750000e+02;2.5688458e-02;1.6750000e+02;1.0284849e-01;1.6750000e+02;1.9884029e-01;1.6750000e+02;2.9453346e-01;1.6750000e+02;3.4412503e-01;1.6750000e+02;3.2594436e-01;1.6750000e+02;2.8804606e-01;1.6750000e+02;2.3744309e-01;1.6750000e+02;1.8784732e-01;1.6750000e+02;1.5160400e-01;1.6750000e+02;1.1536735e-01;1.6750000e+02;7.3622569e-02;1.6750000e+02;2.9563531e-02;1.6750000e+02;-1.6002893e-02;1.6750000e+02;-6.3044503e-02;1.6750000e+02;-1.1209680e-01;1.6750000e+02;-6.4081691e-02;1.6750000e+02;-3.0952396e-02;1.6750000e+02;2.5688458e-02;1.6750000e+02;1.0284849e-01;1.6750000e+02;1.9884029e-01;1.6750000e+02;2.9453346e-01;1.6750000e+02;3.4412503e-01;1.6750000e+02;3.2594436e-01;1.6750000e+02;2.8804606e-01;1.6750000e+02;2.3744309e-01;1.6750000e+02;1.8784732e-01;1.6750000e+02;1.5160400e-01;1.6750000e+02;1.1536735e-01;1.6750000e+02;7.3622569e-02;1.6750000e+02;2.9563531e-02;1.6750000e+02;-1.6002893e-02;1.6750000e+02;-6.3044503e-02;1.6750000e+02;-1.1209680e-01;1.6750000e+02;-6.4081691e-02;1.6750000e+02;-3.0952396e-02;1.6750000e+02;2.5688458e-02;1.6750000e+02;1.0284849e-01;1.6750000e+02;1.9884029e-01;1.6750000e+02;2.9453346e-01;1.6750000e+02;3.4412503e-01;1.6750000e+02;3.2594436e-01;1.6750000e+02;2.8804606e-01;1.6750000e+02;2.3744309e-01;1.6750000e+02;1.8784732e-01;1.6750000e+02;1.5160400e-01;1.6750000e+02;1.1536735e-01;1.6750000e+02;7.3622569e-02;1.6750000e+02;2.9563531e-02;1.6750000e+02;-1.6002893e-02;1.6750000e+02;-6.3044503e-02;1.6750000e+02;-1.1209680e-01;1.6750000e+02;-6.4081691e-02;1.6750000e+02;-3.0952396e-02;1.6750000e+02;2.5688458e-02;1.6750000e+02;1.0284849e-01;1.6750000e+02;1.9884029e-01;1.6750000e+02;2.9453346e-01;1.6750000e+02;3.4412503e-01;1.6750000e+02;3.2594436e-01;1.6750000e+02;2.8804606e-01;1.6750000e+02;2.3744309e-01;1.6750000e+02;1.8784732e-01;1.6750000e+02;1.5160400e-01;1.6750000e+02;1.1536735e-01;1.6750000e+02;7.3622569e-02;1.6750000e+02;2.9563531e-02;1.6750000e+02;-1.6002893e-02;1.6750000e+02;-6.3044503e-02;1.6750000e+02;-1.1209680e-01;1.6750000e+02;-6.4081691e-02;1.6750000e+02;-3.0952396e-02;1.6750000e+02;2.5688458e-02;1.6750000e+02;1.0284849e-01;1.6750000e+02;1.9884029e-01;1.6750000e+02;2.9453346e-01;1.6750000e+02;3.4412503e-01;1.6750000e+02;3.2594436e-01;1.6750000e+02;2.8804606e-01;1.6750000e+02;2.3744309e-01;1.6750000e+02;1.8784732e-01;1.6750000e+02;1.5160400e-01;1.6750000e+02;1.1536735e-01;1.6750000e+02;7.3622569e-02;1.6750000e+02;2.9563531e-02;1.6750000e+02;-1.6002893e-02;1.6750000e+02;-6.3044503e-02;1.6750000e+02;-1.1209680e-01;1.6750000e+02;-6.4081691e-02;1.6750000e+02;-3.0952396e-02;1.6750000e+02;2.5688458e-02;1.6750000e+02;1.0284849e-01;1.6750000e+02;1.9884029e-01;1.6750000e+02;2.9453346e-01;1.6750000e+02;3.4412503e-01;1.6750000e+02;3.2594436e-01;1.6750000e+02;2.8804606e-01;1.6750000e+02;2.3744309e-01;1.6750000e+02;1.8784732e-01;1.6750000e+02;1.5160400e-01;1.6750000e+02;1.1536735e-01;1.6750000e+02;7.3622569e-02;1.6750000e+02;2.9563531e-02;1.6750000e+02;-1.6002893e-02;1.6750000e+02;-6.3044503e-02;1.6750000e+02;-1.1209680e-01;1.6750000e+02;-6.4081691e-02;1.6750000e+02;-3.0952396e-02;1.6750000e+02;2.5688458e-02;1.6750000e+02;1.0284849e-01;1.6750000e+02;1.9884029e-01;1.6750000e+02;2.9453346e-01;1.6750000e+02;3.4412503e-01;1.6750000e+02;3.2594436e-01;1.6750000e+02;2.8804606e-01;1.6750000e+02;2.3744309e-01;1.6750000e+02;1.8784732e-01;1.6750000e+02;1.5160400e-01;1.6750000e+02;1.1536735e-01;1.6750000e+02;7.3622569e-02;1.6750000e+02;2.9563531e-02;1.6750000e+02;-1.6002893e-02;1.6750000e+02;-6.3044503e-02;1.6750000e+02;-1.1209680e-01;1.6750000e+02;-6.4081691e-02;1.6750000e+02;-3.0952396e-02;1.6750000e+02;2.5688458e-02;1.6750000e+02;1.0284849e-01;1.6750000e+02;1.9884029e-01;1.6750000e+02;2.9453346e-01;1.6750000e+02;3.4412503e-01;1.6750000e+02;3.2594436e-01;1.6750000e+02;2.8804606e-01;1.6750000e+02;2.3744309e-01;1.6750000e+02;1.8784732e-01;1.6750000e+02;1.5160400e-01;1.6750000e+02;1.1536735e-01;1.6750000e+02;7.3622569e-02;1.6750000e+02;2.9563531e-02;1.6750000e+02;-1.6002893e-02;1.6750000e+02;-6.3044503e-02;1.6750000e+02;-1.1209680e-01;1.6750000e+02;-6.4081691e-02;1.6750000e+02;-3.0952396e-02;1.6750000e+02;2.5688458e-02;1.6750000e+02;1.0284849e-01;1.6750000e+02;1.9884029e-01;1.6750000e+02;2.9453346e-01;1.6750000e+02;3.4412503e-01;1.6750000e+02;3.2594436e-01;1.6750000e+02;2.8804606e-01;1.6750000e+02;2.3744309e-01;1.6750000e+02;1.8784732e-01;1.6750000e+02;1.5160400e-01;1.6750000e+02;1.1536735e-01;1.6750000e+02;7.3622569e-02;1.6750000e+02;2.9563531e-02;1.6750000e+02;-1.6002893e-02;1.6750000e+02;-6.3044503e-02;1.6750000e+02;-1.1209680e-01;1.6750000e+02;-6.4081691e-02;1.6750000e+02;-3.0952396e-02;1.6750000e+02;2.5688458e-02;1.6750000e+02;1.0284849e-01;1.6750000e+02;1.9884029e-01;1.6750000e+02;2.9453346e-01;1.6750000e+02;3.4412503e-01;1.6750000e+02;3.2594436e-01;1.6750000e+02;2.8804606e-01;1.6750000e+02;2.3744309e-01;1.6750000e+02;1.8784732e-01;1.6750000e+02;1.5160400e-01;1.6750000e+02;1.1536735e-01;1.6750000e+02;7.3622569e-02;1.6750000e+02;2.9563531e-02;1.6750000e+02;-1.6002893e-02;1.6750000e+02;-6.3044503e-02;1.6750000e+02;-1.1209680e-01;1.6750000e+02;-6.4081691e-02;1.6750000e+02;-3.0952396e-02;1.6750000e+02;2.5688458e-02;1.6750000e+02;1.0284849e-01;1.6750000e+02;1.9884029e-01;1.6750000e+02;2.9453346e-01;1.6750000e+02;3.4412503e-01;1.6750000e+02;3.2594436e-01;1.6750000e+02;2.8804606e-01;1.6750000e+02;2.3744309e-01;1.6750000e+02;1.8784732e-01;1.6750000e+02;1.5160400e-01;1.6750000e+02;1.1536735e-01;1.6750000e+02;7.3622569e-02;1.6750000e+02;2.9563531e-02;1.6750000e+02;-1.6002893e-02;1.6750000e+02;-6.3044503e-02;1.6750000e+02;-1.1209680e-01;1.6750000e+02;-6.4081691e-02;1.6750000e+02;-3.0952396e-02;1.6750000e+02;2.5688458e-02;1.6750000e+02;1.0284849e-01;1.6750000e+02;1.9884029e-01;1.6750000e+02;2.9453346e-01;1.6750000e+02;3.4412503e-01;1.6750000e+02;3.2594436e-01;1.6750000e+02;2.8804606e-01;1.6750000e+02;2.3744309e-01;1.6750000e+02;1.8784732e-01;1.6750000e+02;1.5160400e-01;1.6750000e+02;1.1536735e-01;1.6750000e+02;7.3622569e-02;1.6750000e+02;2.9563531e-02;1.6750000e+02;-1.6002893e-02;1.6750000e+02;-6.3044503e-02;1.6750000e+02;-1.1209680e-01;1.6750000e+02;-6.4081691e-02;1.6750000e+02;-3.0952396e-02;1.6750000e+02;2.5688458e-02;1.6750000e+02;1.0284849e-01;1.6750000e+02;1.9884029e-01;1.6750000e+02;2.9453346e-01;1.6750000e+02;3.4412503e-01;1.6750000e+02;3.2594436e-01;1.6750000e+02;2.8804606e-01;1.6750000e+02;2.3744309e-01;1.6750000e+02;1.8784732e-01;1.6750000e+02;1.5160400e-01;1.6750000e+02;1.1536735e-01;1.6750000e+02;7.3622569e-02;1.6750000e+02;2.9563531e-02;1.6750000e+02;-1.6002893e-02;1.6750000e+02;-6.3044503e-02;1.6750000e+02;-1.1209680e-01;1.6750000e+02;-6.4081691e-02;1.6750000e+02;-3.0952396e-02;1.6750000e+02;2.5688458e-02;1.6750000e+02;1.0284849e-01;1.6750000e+02;1.9884029e-01;1.6750000e+02;2.9453346e-01;1.6750000e+02;3.4412503e-01;1.6750000e+02;3.2594436e-01;1.6750000e+02;2.8804606e-01;1.6750000e+02;2.3744309e-01;1.6750000e+02;1.8784732e-01;1.6750000e+02;1.5160400e-01;1.6750000e+02;1.1536735e-01;1.6750000e+02;7.3622569e-02;1.6750000e+02;2.9563531e-02;1.6750000e+02;-1.6002893e-02;1.6750000e+02;-6.3044503e-02;1.6750000e+02;-1.1209680e-01;1.6750000e+02;-6.4081691e-02;1.6750000e+02;-3.0952396e-02;1.6750000e+02;2.5688458e-02;1.6750000e+02;1.0284849e-01;1.6750000e+02;1.9884029e-01;1.6750000e+02;2.9453346e-01;1.6750000e+02;3.4412503e-01;1.6750000e+02;3.2594436e-01;1.6750000e+02;2.8804606e-01;1.6750000e+02;2.3744309e-01;1.6750000e+02;1.8784732e-01;1.6750000e+02;1.5160400e-01;1.6750000e+02;1.1536735e-01;1.6750000e+02;7.3622569e-02;1.6750000e+02;2.9563531e-02;1.6750000e+02;-1.6002893e-02;1.6750000e+02;-6.3044503e-02;1.6750000e+02;-1.1209680e-01;1.6750000e+02;-6.4081691e-02;1.6750000e+02;-3.0952396e-02;1.6750000e+02;2.5688458e-02;1.6750000e+02;1.0284849e-01;1.6750000e+02;1.9884029e-01;1.6750000e+02;2.9453346e-01;1.6750000e+02;3.4412503e-01;1.6750000e+02;3.2594436e-01;1.6750000e+02;2.8804606e-01;1.6750000e+02;2.3744309e-01;1.6750000e+02;1.8784732e-01;1.6750000e+02;1.5160400e-01;1.6750000e+02;1.1536735e-01;1.6750000e+02;7.3622569e-02;1.6750000e+02;2.9563531e-02;1.6750000e+02;-1.6002893e-02;1.6750000e+02;-6.3044503e-02;1.6750000e+02;-1.1209680e-01;1.6750000e+02;-6.4081691e-02;1.6750000e+02;-3.0952396e-02;1.6750000e+02;2.5688458e-02;1.6750000e+02;1.0284849e-01;1.6750000e+02;1.9884029e-01;1.6750000e+02;2.9453346e-01;1.6750000e+02;3.4412503e-01;1.6750000e+02;3.2594436e-01;1.6750000e+02;2.8804606e-01;1.6750000e+02;2.3744309e-01;1.6750000e+02;1.8784732e-01;1.6750000e+02;1.5160400e-01;1.6750000e+02;1.1536735e-01;1.6750000e+02;7.3622569e-02;1.6750000e+02;2.9563531e-02;1.6750000e+02;-1.6002893e-02;1.6750000e+02;-6.3044503e-02;1.6750000e+02;-1.1209680e-01;1.6750000e+02;-6.4081691e-02;1.6750000e+02;-3.0952396e-02;1.6750000e+02;2.5688458e-02;1.6750000e+02;1.0284849e-01;1.6750000e+02;1.9884029e-01;1.6750000e+02;2.9453346e-01;1.6750000e+02;3.4412503e-01;1.6750000e+02;3.2594436e-01;1.6750000e+02;2.8804606e-01;1.6750000e+02;2.3744309e-01;1.6750000e+02;1.8784732e-01;1.6750000e+02;1.5160400e-01;1.6750000e+02;1.1536735e-01;1.6750000e+02;7.3622569e-02;1.6750000e+02;2.9563531e-02;1.6750000e+02;-1.6002893e-02;1.6750000e+02;-6.3044503e-02;1.6750000e+02;-1.1209680e-01;1.6750000e+02;-6.4081691e-02;1.6750000e+02;-3.0952396e-02;1.6750000e+02;2.5688458e-02;1.6750000e+02;1.0284849e-01;1.6750000e+02;1.9884029e-01;1.6750000e+02;2.9453346e-01;1.6750000e+02;3.4412503e-01;1.6750000e+02;3.2594436e-01;1.6750000e+02;2.8804606e-01;1.6750000e+02;2.3744309e-01;1.6750000e+02;1.8784732e-01;1.6750000e+02;1.5160400e-01;1.6750000e+02;1.1536735e-01;1.6750000e+02;7.3622569e-02;1.6750000e+02;2.9563531e-02;1.6750000e+02;-1.6002893e-02;1.6750000e+02;-6.3044503e-02;1.6750000e+02;-1.1209680e-01;1.6750000e+02;-6.4081691e-02;1.6750000e+02;-3.0952396e-02;1.6750000e+02;2.5688458e-02;1.6750000e+02;1.0284849e-01;1.6750000e+02;1.9884029e-01;1.6750000e+02;2.9453346e-01;1.6750000e+02;3.4412503e-01;1.6750000e+02;3.2594436e-01;1.6750000e+02;2.8804606e-01;1.6750000e+02;2.3744309e-01;1.6750000e+02;1.8784732e-01;1.6750000e+02;1.5160400e-01;1.6750000e+02;1.1536735e-01;1.6750000e+02;7.3622569e-02;1.6750000e+02;2.9563531e-02;1.6750000e+02;-1.6002893e-02;1.6750000e+02;-6.3044503e-02;1.6750000e+02;-1.1209680e-01;1.6750000e+02;-6.4081691e-02;1.6750000e+02;-3.0952396e-02;1.6750000e+02;2.5688458e-02;1.6750000e+02;1.0284849e-01;1.6750000e+02;1.9884029e-01;1.6750000e+02;2.9453346e-01;1.6750000e+02;3.4412503e-01;1.6750000e+02;3.2594436e-01;1.6750000e+02;2.8804606e-01;1.6750000e+02;2.3744309e-01;1.6750000e+02;1.8784732e-01;1.6750000e+02;1.5160400e-01;1.6750000e+02;1.1536735e-01;1.6750000e+02;7.3622569e-02;1.6750000e+02;2.9563531e-02;1.6750000e+02;-1.6002893e-02;1.6750000e+02;-6.3044503e-02;1.6750000e+02;-1.1209680e-01;1.6750000e+02;-6.4081691e-02;1.6750000e+02;-3.0952396e-02;1.6750000e+02;2.5688458e-02;1.6750000e+02;1.0284849e-01;1.6750000e+02;1.9884029e-01;1.6750000e+02;2.9453346e-01;1.6750000e+02;3.4412503e-01;1.6750000e+02;3.2594436e-01;1.6750000e+02;2.8804606e-01;1.6750000e+02;2.3744309e-01;1.6750000e+02;1.8784732e-01;1.6750000e+02;1.5160400e-01;1.6750000e+02;1.1536735e-01;1.6750000e+02;7.3622569e-02;1.6750000e+02;2.9563531e-02;1.6750000e+02;-1.6002893e-02;1.6750000e+02;-6.3044503e-02;1.6750000e+02;-1.1209680e-01;1.6750000e+02;-6.4081691e-02;1.6750000e+02;-3.0952396e-02;1.6750000e+02;2.5688458e-02;1.6750000e+02;1.0284849e-01;1.6750000e+02;1.9884029e-01;1.6750000e+02;2.9453346e-01;1.6750000e+02;3.4412503e-01;1.6750000e+02;3.2594436e-01;1.6750000e+02;2.8804606e-01;1.6750000e+02;2.3744309e-01;1.6750000e+02;1.8784732e-01;1.6750000e+02;1.5160400e-01;1.6750000e+02;1.1536735e-01;1.6750000e+02;7.3622569e-02;1.6750000e+02;2.9563531e-02;1.6750000e+02;-1.6002893e-02;1.6750000e+02;-6.3044503e-02;1.6750000e+02;-1.1209680e-01;1.6750000e+02;-6.4081691e-02;1.6750000e+02;-3.0952396e-02;1.6750000e+02;2.5688458e-02;1.6750000e+02;1.0284849e-01;1.6750000e+02;1.9884029e-01;1.6750000e+02;2.9453346e-01;1.6750000e+02;3.4412503e-01;1.6750000e+02;3.2594436e-01;1.6750000e+02;2.8804606e-01;1.6750000e+02;2.3744309e-01;1.6750000e+02;1.8784732e-01;1.6750000e+02;1.5160400e-01;1.6750000e+02;1.1536735e-01;1.6750000e+02;7.3622569e-02;1.6750000e+02;2.9563531e-02;1.6750000e+02;-1.6002893e-02;1.6750000e+02;-6.3044503e-02;1.6750000e+02;-1.1209680e-01;1.6750000e+02;-6.4081691e-02;1.6750000e+02;-3.0952396e-02;1.6750000e+02;2.5688458e-02;1.6750000e+02;1.0284849e-01;1.6750000e+02;1.9884029e-01;1.6750000e+02;2.9453346e-01;1.6750000e+02;3.4412503e-01;1.6750000e+02;3.2594436e-01;1.6750000e+02;2.8804606e-01;1.6750000e+02;2.3744309e-01;1.6750000e+02;1.8784732e-01;1.6750000e+02;1.5160400e-01;1.6750000e+02;1.1536735e-01;1.6750000e+02;7.3622569e-02;1.6750000e+02;2.9563531e-02;1.6750000e+02;-1.6002893e-02;1.6750000e+02;-6.3044503e-02;1.6750000e+02;-1.1209680e-01;1.6750000e+02;-6.4081691e-02;1.6750000e+02;-3.0952396e-02;1.6750000e+02;2.5688458e-02;1.6750000e+02;1.0284849e-01;1.6750000e+02;1.9884029e-01;1.6750000e+02;2.9453346e-01;1.6750000e+02;3.4412503e-01;1.6750000e+02;3.2594436e-01;1.6750000e+02;2.8804606e-01;1.6750000e+02;2.3744309e-01;1.6750000e+02;1.8784732e-01;1.6750000e+02;1.5160400e-01;1.6750000e+02;1.1536735e-01;1.6750000e+02;7.3622569e-02;1.6750000e+02;2.9563531e-02;1.6750000e+02;-1.6002893e-02;1.6750000e+02;-6.3044503e-02;1.6750000e+02;-1.1209680e-01
1.7250000e+02;-6.5412499e-02;1.7250000e+02;-2.7982792e-02;1.7250000e+02;3.2582432e-02;1.7250000e+02;1.1450044e-01;1.7250000e+02;2.1333930e-01;1.7250000e+02;3.0912042e-01;1.7250000e+02;3.5354197e-01;1.7250000e+02;3.4217742e-01;1.7250000e+02;3.1488106e-01;1.7250000e+02;2.5682613e-01;1.7250000e+02;1.9569103e-01;1.7250000e+02;1.5347652e-01;1.7250000e+02;1.1238317e-01;1.7250000e+02;6.8281129e-02;1.7250000e+02;2.3081556e-02;1.7250000e+02;-2.1626547e-02;1.7250000e+02;-6.8620481e-02;1.7250000e+02;-1.1906666e-01;1.7250000e+02;-6.5412499e-02;1.7250000e+02;-2.7982792e-02;1.7250000e+02;3.2582432e-02;1.7250000e+02;1.1450044e-01;1.7250000e+02;2.1333930e-01;1.7250000e+02;3.0912042e-01;1.7250000e+02;3.5354197e-01;1.7250000e+02;3.4217742e-01;1.7250000e+02;3.1488106e-01;1.7250000e+02;2.5682613e-01;1.7250000e+02;1.9569103e-01;1.7250000e+02;1.5347652e-01;1.7250000e+02;1.1238317e-01;1.7250000e+02;6.8281129e-02;1.7250000e+02;2.3081556e-02;1.7250000e+02;-2.1626547e-02;1.7250000e+02;-6.8620481e-02;1.7250000e+02;-1.1906666e-01;1.7250000e+02;-6.5412499e-02;1.7250000e+02;-2.7982792e-02;1.7250000e+02;3.2582432e-02;1.7250000e+02;1.1450044e-01;1.7250000e+02;2.1333930e-01;1.7250000e+02;3.0912042e-01;1.7250000e+02;3.5354197e-01;1.7250000e+02;3.4217742e-01;1.7250000e+02;3.1488106e-01;1.7250000e+02;2.5682613e-01;1.7250000e+02;1.9569103e-01;1.7250000e+02;1.5347652e-01;1.7250000e+02;1.1238317e-01;1.7250000e+02;6.8281129e-02;1.7250000e+02;2.3081556e-02;1.7250000e+02;-2.1626547e-02;1.7250000e+02;-6.8620481e-02;1.7250000e+02;-1.1906666e-01;1.7250000e+02;-6.5412499e-02;1.7250000e+02;-2.7982792e-02;1.7250000e+02;3.2582432e-02;1.7250000e+02;1.1450044e-01;1.7250000e+02;2.1333930e-01;1.7250000e+02;3.0912042e-01;1.7250000e+02;3.5354197e-01;1.7250000e+02;3.4217742e-01;1.7250000e+02;3.1488106e-01;1.7250000e+02;2.5682613e-01;1.7250000e+02;1.9569103e-01;1.7250000e+02;1.5347652e-01;1.7250000e+02;1.1238317e-01;1.7250000e+02;6.8281129e-02;1.7250000e+02;2.3081556e-02;1.7250000e+02;-2.1626547e-02;1.7250000e+02;-6.8620481e-02;1.7250000e+02;-1.1906666e-01;1.7250000e+02;-6.5412499e-02;1.7250000e+02;-2.7982792e-02;1.7250000e+02;3.2582432e-02;1.7250000e+02;1.1450044e-01;1.7250000e+02;2.1333930e-01;1.7250000e+02;3.0912042e-01;1.7250000e+02;3.5354197e-01;1.7250000e+02;3.4217742e-01;1.7250000e+02;3.1488106e-01;1.7250000e+02;2.5682613e-01;1.7250000e+02;1.9569103e-01;1.7250000e+02;1.5347652e-01;1.7250000e+02;1.1238317e-01;1.7250000e+02;6.8281129e-02;1.7250000e+02;2.3081556e-02;1.7250000e+02;-2.1626547e-02;1.7250000e+02;-6.8620481e-02;1.7250000e+02;-1.1906666e-01;1.7250000e+02;-6.5412499e-02;1.7250000e+02;-2.7982792e-02;1.7250000e+02;3.2582432e-02;1.7250000e+02;1.1450044e-01;1.7250000e+02;2.1333930e-01;1.7250000e+02;3.0912042e-01;1.7250000e+02;3.5354197e-01;1.7250000e+02;3.4217742e-01;1.7250000e+02;3.1488106e-01;1.7250000e+02;2.5682613e-01;1.7250000e+02;1.9569103e-01;1.7250000e+02;1.5347652e-01;1.7250000e+02;1.1238317e-01;1.7250000e+02;6.8281129e-02;1.7250000e+02;2.3081556e-02;1.7250000e+02;-2.1626547e-02;1.7250000e+02;-6.8620481e-02;1.7250000e+02;-1.1906666e-01;1.7250000e+02;-6.5412499e-02;1.7250000e+02;-2.7982792e-02;1.7250000e+02;3.2582432e-02;1.7250000e+02;1.1450044e-01;1.7250000e+02;2.1333930e-01;1.7250000e+02;3.0912042e-01;1.7250000e+02;3.5354197e-01;1.7250000e+02;3.4217742e-01;1.7250000e+02;3.1488106e-01;1.7250000e+02;2.5682613e-01;1.7250000e+02;1.9569103e-01;1.7250000e+02;1.5347652e-01;1.7250000e+02;1.1238317e-01;1.7250000e+02;6.8281129e-02;1.7250000e+02;2.3081556e-02;1.7250000e+02;-2.1626547e-02;1.7250000e+02;-6.8620481e-02;1.7250000e+02;-1.1906666e-01;1.7250000e+02;-6.5412499e-02;1.7250000e+02;-2.7982792e-02;1.7250000e+02;3.2582432e-02;1.7250000e+02;1.1450044e-01;1.7250000e+02;2.1333930e-01;1.7250000e+02;3.0912042e-01;1.7250000e+02;3.5354197e-01;1.7250000e+02;3.4217742e-01;1.7250000e+02;3.1488106e-01;1.7250000e+02;2.5682613e-01;1.7250000e+02;1.9569103e-01;1.7250000e+02;1.5347652e-01;1.7250000e+02;1.1238317e-01;1.7250000e+02;6.8281129e-02;1.7250000e+02;2.3081556e-02;1.7250000e+02;-2.1626547e-02;1.7250000e+02;-6.8620481e-02;1.7250000e+02;-1.1906666e-01;1.7250000e+02;-6.5412499e-02;1.7250000e+02;-2.7982792e-02;1.7250000e+02;3.2582432e-02;1.7250000e+02;1.1450044e-01;1.7250000e+02;2.1333930e-01;1.7250000e+02;3.0912042e-01;1.7250000e+02;3.5354197e-01;1.7250000e+02;3.4217742e-01;1.7250000e+02;3.1488106e-01;1.7250000e+02;2.5682613e-01;1.7250000e+02;1.9569103e-01;1.7250000e+02;1.5347652e-01;1.7250000e+02;1.1238317e-01;1.7250000e+02;6.8281129e-02;1.7250000e+02;2.3081556e-02;1.7250000e+02;-2.1626547e-02;1.7250000e+02;-6.8620481e-02;1.7250000e+02;-1.1906666e-01;1.7250000e+02;-6.5412499e-02;1.7250000e+02;-2.7982792e-02;1.7250000e+02;3.2582432e-02;1.7250000e+02;1.1450044e-01;1.7250000e+02;2.1333930e-01;1.7250000e+02;3.0912042e-01;1.7250000e+02;3.5354197e-01;1.7250000e+02;3.4217742e-01;1.7250000e+02;3.1488106e-01;1.7250000e+02;2.5682613e-01;1.7250000e+02;1.9569103e-01;1.7250000e+02;1.5347652e-01;1.7250000e+02;1.1238317e-01;1.7250000e+02;6.8281129e-02;1.7250000e+02;2.3081556e-02;1.7250000e+02;-2.1626547e-02;1.7250000e+02;-6.8620481e-02;1.7250000e+02;-1.1906666e-01;1.7250000e+02;-6.5412499e-02;1.7250000e+02;-2.7982792e-02;1.7250000e+02;3.2582432e-02;1.7250000e+02;1.1450044e-01;1.7250000e+02;2.1333930e-01;1.7250000e+02;3.0912042e-01;1.7250000e+02;3.5354197e-01;1.7250000e+02;3.4217742e-01;1.7250000e+02;3.1488106e-01;1.7250000e+02;2.5682613e-01;1.7250000e+02;1.9569103e-01;1.7250000e+02;1.5347652e-01;1.7250000e+02;1.1238317e-01;1.7250000e+02;6.8281129e-02;1.7250000e+02;2.3081556e-02;1.7250000e+02;-2.1626547e-02;1.7250000e+02;-6.8620481e-02;1.7250000e+02;-1.1906666e-01;1.7250000e+02;-6.5412499e-02;1.7250000e+02;-2.7982792e-02;1.7250000e+02;3.2582432e-02;1.7250000e+02;1.1450044e-01;1.7250000e+02;2.1333930e-01;1.7250000e+02;3.0912042e-01;1.7250000e+02;3.5354197e-01;1.7250000e+02;3.4217742e-01;1.7250000e+02;3.1488106e-01;1.7250000e+02;2.5682613e-01;1.7250000e+02;1.9569103e-01;1.7250000e+02;1.5347652e-01;1.7250000e+02;1.1238317e-01;1.7250000e+02;6.8281129e-02;1.7250000e+02;2.3081556e-02;1.7250000e+02;-2.1626547e-02;1.7250000e+02;-6.8620481e-02;1.7250000e+02;-1.1906666e-01;1.7250000e+02;-6.5412499e-02;1.7250000e+02;-2.7982792e-02;1.7250000e+02;3.2582432e-02;1.7250000e+02;1.1450044e-01;1.7250000e+02;2.1333930e-01;1.7250000e+02;3.0912042e-01;1.7250000e+02;3.5354197e-01;1.7250000e+02;3.4217742e-01;1.7250000e+02;3.1488106e-01;1.7250000e+02;2.5682613e-01;1.7250000e+02;1.9569103e-01;1.7250000e+02;1.5347652e-01;1.7250000e+02;1.1238317e-01;1.7250000e+02;6.8281129e-02;1.7250000e+02;2.3081556e-02;1.7250000e+02;-2.1626547e-02;1.7250000e+02;-6.8620481e-02;1.7250000e+02;-1.1906666e-01;1.7250000e+02;-6.5412499e-02;1.7250000e+02;-2.7982792e-02;1.7250000e+02;3.2582432e-02;1.7250000e+02;1.1450044e-01;1.7250000e+02;2.1333930e-01;1.7250000e+02;3.0912042e-01;1.7250000e+02;3.5354197e-01;1.7250000e+02;3.4217742e-01;1.7250000e+02;3.1488106e-01;1.7250000e+02;2.5682613e-01;1.7250000e+02;1.9569103e-01;1.7250000e+02;1.5347652e-01;1.7250000e+02;1.1238317e-01;1.7250000e+02;6.8281129e-02;1.7250000e+02;2.3081556e-02;1.7250000e+02;-2.1626547e-02;1.7250000e+02;-6.8620481e-02;1.7250000e+02;-1.1906666e-01;1.7250000e+02;-6.5412499e-02;1.7250000e+02;-2.7982792e-02;1.7250000e+02;3.2582432e-02;1.7250000e+02;1.1450044e-01;1.7250000e+02;2.1333930e-01;1.7250000e+02;3.0912042e-01;1.7250000e+02;3.5354197e-01;1.7250000e+02;3.4217742e-01;1.7250000e+02;3.1488106e-01;1.7250000e+02;2.5682613e-01;1.7250000e+02;1.9569103e-01;1.7250000e+02;1.5347652e-01;1.7250000e+02;1.1238317e-01;1.7250000e+02;6.8281129e-02;1.7250000e+02;2.3081556e-02;1.7250000e+02;-2.1626547e-02;1.7250000e+02;-6.8620481e-02;1.7250000e+02;-1.1906666e-01;1.7250000e+02;-6.5412499e-02;1.7250000e+02;-2.7982792e-02;1.7250000e+02;3.2582432e-02;1.7250000e+02;1.1450044e-01;1.7250000e+02;2.1333930e-01;1.7250000e+02;3.0912042e-01;1.7250000e+02;3.5354197e-01;1.7250000e+02;3.4217742e-01;1.7250000e+02;3.1488106e-01;1.7250000e+02;2.5682613e-01;1.7250000e+02;1.9569103e-01;1.7250000e+02;1.5347652e-01;1.7250000e+02;1.1238317e-01;1.7250000e+02;6.8281129e-02;1.7250000e+02;2.3081556e-02;1.7250000e+02;-2.1626547e-02;1.7250000e+02;-6.8620481e-02;1.7250000e+02;-1.1906666e-01;1.7250000e+02;-6.5412499e-02;1.7250000e+02;-2.7982792e-02;1.7250000e+02;3.2582432e-02;1.7250000e+02;1.1450044e-01;1.7250000e+02;2.1333930e-01;1.7250000e+02;3.0912042e-01;1.7250000e+02;3.5354197e-01;1.7250000e+02;3.4217742e-01;1.7250000e+02;3.1488106e-01;1.7250000e+02;2.5682613e-01;1.7250000e+02;1.9569103e-01;1.7250000e+02;1.5347652e-01;1.7250000e+02;1.1238317e-01;1.7250000e+02;6.8281129e-02;1.7250000e+02;2.3081556e-02;1.7250000e+02;-2.1626547e-02;1.7250000e+02;-6.8620481e-02;1.7250000e+02;-1.1906666e-01;1.7250000e+02;-6.5412499e-02;1.7250000e+02;-2.7982792e-02;1.7250000e+02;3.2582432e-02;1.7250000e+02;1.1450044e-01;1.7250000e+02;2.1333930e-01;1.7250000e+02;3.0912042e-01;1.7250000e+02;3.5354197e-01;1.7250000e+02;3.4217742e-01;1.7250000e+02;3.1488106e-01;1.7250000e+02;2.5682613e-01;1.7250000e+02;1.9569103e-01;1.7250000e+02;1.5347652e-01;1.7250000e+02;1.1238317e-01;1.7250000e+02;6.8281129e-02;1.7250000e+02;2.3081556e-02;1.7250000e+02;-2.1626547e-02;1.7250000e+02;-6.8620481e-02;1.7250000e+02;-1.1906666e-01;1.7250000e+02;-6.5412499e-02;1.7250000e+02;-2.7982792e-02;1.7250000e+02;3.2582432e-02;1.7250000e+02;1.1450044e-01;1.7250000e+02;2.1333930e-01;1.7250000e+02;3.0912042e-01;1.7250000e+02;3.5354197e-01;1.7250000e+02;3.4217742e-01;1.7250000e+02;3.1488106e-01;1.7250000e+02;2.5682613e-01;1.7250000e+02;1.9569103e-01;1.7250000e+02;1.5347652e-01;1.7250000e+02;1.1238317e-01;1.7250000e+02;6.8281129e-02;1.7250000e+02;2.3081556e-02;1.7250000e+02;-2.1626547e-02;1.7250000e+02;-6.8620481e-02;1.7250000e+02;-1.1906666e-01;1.7250000e+02;-6.5412499e-02;1.7250000e+02;-2.7982792e-02;1.7250000e+02;3.2582432e-02;1.7250000e+02;1.1450044e-01;1.7250000e+02;2.1333930e-01;1.7250000e+02;3.0912042e-01;1.7250000e+02;3.5354197e-01;1.7250000e+02;3.4217742e-01;1.7250000e+02;3.1488106e-01;1.7250000e+02;2.5682613e-01;1.7250000e+02;1.9569103e-01;1.7250000e+02;1.5347652e-01;1.7250000e+02;1.1238317e-01;1.7250000e+02;6.8281129e-02;1.7250000e+02;2.3081556e-02;1.7250000e+02;-2.1626547e-02;1.7250000e+02;-6.8620481e-02;1.7250000e+02;-1.1906666e-01;1.7250000e+02;-6.5412499e-02;1.7250000e+02;-2.7982792e-02;1.7250000e+02;3.2582432e-02;1.7250000e+02;1.1450044e-01;1.7250000e+02;2.1333930e-01;1.7250000e+02;3.0912042e-01;1.7250000e+02;3.5354197e-01;1.7250000e+02;3.4217742e-01;1.7250000e+02;3.1488106e-01;1.7250000e+02;2.5682613e-01;1.7250000e+02;1.9569103e-01;1.7250000e+02;1.5347652e-01;1.7250000e+02;1.1238317e-01;1.7250000e+02;6.8281129e-02;1.7250000e+02;2.3081556e-02;1.7250000e+02;-2.1626547e-02;1.7250000e+02;-6.8620481e-02;1.7250000e+02;-1.1906666e-01;1.7250000e+02;-6.5412499e-02;1.7250000e+02;-2.7982792e-02;1.7250000e+02;3.2582432e-02;1.7250000e+02;1.1450044e-01;1.7250000e+02;2.1333930e-01;1.7250000e+02;3.0912042e-01;1.7250000e+02;3.5354197e-01;1.7250000e+02;3.4217742e-01;1.7250000e+02;3.1488106e-01;1.7250000e+02;2.5682613e-01;1.7250000e+02;1.9569103e-01;1.7250000e+02;1.5347652e-01;1.7250000e+02;1.1238317e-01;1.7250000e+02;6.8281129e-02;1.7250000e+02;2.3081556e-02;1.7250000e+02;-2.1626547e-02;1.7250000e+02;-6.8620481e-02;1.7250000e+02;-1.1906666e-01;1.7250000e+02;-6.5412499e-02;1.7250000e+02;-2.7982792e-02;1.7250000e+02;3.2582432e-02;1.7250000e+02;1.1450044e-01;1.7250000e+02;2.1333930e-01;1.7250000e+02;3.0912042e-01;1.7250000e+02;3.5354197e-01;1.7250000e+02;3.4217742e-01;1.7250000e+02;3.1488106e-01;1.7250000e+02;2.5682613e-01;1.7250000e+02;1.9569103e-01;1.7250000e+02;1.5347652e-01;1.7250000e+02;1.1238317e-01;1.7250000e+02;6.8281129e-02;1.7250000e+02;2.3081556e-02;1.7250000e+02;-2.1626547e-02;1.7250000e+02;-6.8620481e-02;1.7250000e+02;-1.1906666e-01;1.7250000e+02;-6.5412499e-02;1.7250000e+02;-2.7982792e-02;1.7250000e+02;3.2582432e-02;1.7250000e+02;1.1450044e-01;1.7250000e+02;2.1333930e-01;1.7250000e+02;3.0912042e-01;1.7250000e+02;3.5354197e-01;1.7250000e+02;3.4217742e-01;1.7250000e+02;3.1488106e-01;1.7250000e+02;2.5682613e-01;1.7250000e+02;1.9569103e-01;1.7250000e+02;1.5347652e-01;1.7250000e+02;1.1238317e-01;1.7250000e+02;6.8281129e-02;1.7250000e+02;2.3081556e-02;1.7250000e+02;-2.1626547e-02;1.7250000e+02;-6.8620481e-02;1.7250000e+02;-1.1906666e-01;1.7250000e+02;-6.5412499e-02;1.7250000e+02;-2.7982792e-02;1.7250000e+02;3.2582432e-02;1.7250000e+02;1.1450044e-01;1.7250000e+02;2.1333930e-01;1.7250000e+02;3.0912042e-01;1.7250000e+02;3.5354197e-01;1.7250000e+02;3.4217742e-01;1.7250000e+02;3.1488106e-01;1.7250000e+02;2.5682613e-01;1.7250000e+02;1.9569103e-01;1.7250000e+02;1.5347652e-01;1.7250000e+02;1.1238317e-01;1.7250000e+02;6.8281129e-02;1.7250000e+02;2.3081556e-02;1.7250000e+02;-2.1626547e-02;1.7250000e+02;-6.8620481e-02;1.7250000e+02;-1.1906666e-01;1.7250000e+02;-6.5412499e-02;1.7250000e+02;-2.7982792e-02;1.7250000e+02;3.2582432e-02;1.7250000e+02;1.1450044e-01;1.7250000e+02;2.1333930e-01;1.7250000e+02;3.0912042e-01;1.7250000e+02;3.5354197e-01;1.7250000e+02;3.4217742e-01;1.7250000e+02;3.1488106e-01;1.7250000e+02;2.5682613e-01;1.7250000e+02;1.9569103e-01;1.7250000e+02;1.5347652e-01;1.7250000e+02;1.1238317e-01;1.7250000e+02;6.8281129e-02;1.7250000e+02;2.3081556e-02;1.7250000e+02;-2.1626547e-02;1.7250000e+02;-6.8620481e-02;1.7250000e+02;-1.1906666e-01;1.7250000e+02;-6.5412499e-02;1.7250000e+02;-2.7982792e-02;1.7250000e+02;3.2582432e-02;1.7250000e+02;1.1450044e-01;1.7250000e+02;2.1333930e-01;1.7250000e+02;3.0912042e-01;1.7250000e+02;3.5354197e-01;1.7250000e+02;3.4217742e-01;1.7250000e+02;3.1488106e-01;1.7250000e+02;2.5682613e-01;1.7250000e+02;1.9569103e-01;1.7250000e+02;1.5347652e-01;1.7250000e+02;1.1238317e-01;1.7250000e+02;6.8281129e-02;1.7250000e+02;2.3081556e-02;1.7250000e+02;-2.1626547e-02;1.7250000e+02;-6.8620481e-02;1.7250000e+02;-1.1906666e-01;1.7250000e+02;-6.5412499e-02;1.7250000e+02;-2.7982792e-02;1.7250000e+02;3.2582432e-02;1.7250000e+02;1.1450044e-01;1.7250000e+02;2.1333930e-01;1.7250000e+02;3.0912042e-01;1.7250000e+02;3.5354197e-01;1.7250000e+02;3.4217742e-01;1.7250000e+02;3.1488106e-01;1.7250000e+02;2.5682613e-01;1.7250000e+02;1.9569103e-01;1.7250000e+02;1.5347652e-01;1.7250000e+02;1.1238317e-01;1.7250000e+02;6.8281129e-02;1.7250000e+02;2.3081556e-02;1.7250000e+02;-2.1626547e-02;1.7250000e+02;-6.8620481e-02;1.7250000e+02;-1.1906666e-01;1.7250000e+02;-6.5412499e-02;1.7250000e+02;-2.7982792e-02;1.7250000e+02;3.2582432e-02;1.7250000e+02;1.1450044e-01;1.7250000e+02;2.1333930e-01;1.7250000e+02;3.0912042e-01;1.7250000e+02;3.5354197e-01;1.7250000e+02;3.4217742e-01;1.7250000e+02;3.1488106e-01;1.7250000e+02;2.5682613e-01;1.7250000e+02;1.9569103e-01;1.7250000e+02;1.5347652e-01;1.7250000e+02;1.1238317e-01;1.7250000e+02;6.8281129e-02;1.7250000e+02;2.3081556e-02;1.7250000e+02;-2.1626547e-02;1.7250000e+02;-6.8620481e-02;1.7250000e+02;-1.1906666e-01;1.7250000e+02;-6.5412499e-02;1.7250000e+02;-2.7982792e-02;1.7250000e+02;3.2582432e-02;1.7250000e+02;1.1450044e-01;1.7250000e+02;2.1333930e-01;1.7250000e+02;3.0912042e-01;1.7250000e+02;3.5354197e-01;1.7250000e+02;3.4217742e-01;1.7250000e+02;3.1488106e-01;1.7250000e+02;2.5682613e-01;1.7250000e+02;1.9569103e-01;1.7250000e+02;1.5347652e-01;1.7250000e+02;1.1238317e-01;1.7250000e+02;6.8281129e-02;1.7250000e+02;2.3081556e-02;1.7250000e+02;-2.1626547e-02;1.7250000e+02;-6.8620481e-02;1.7250000e+02;-1.1906666e-01;1.7250000e+02;-6.5412499e-02;1.7250000e+02;-2.7982792e-02;1.7250000e+02;3.2582432e-02;1.7250000e+02;1.1450044e-01;1.7250000e+02;2.1333930e-01;1.7250000e+02;3.0912042e-01;1.7250000e+02;3.5354197e-01;1.7250000e+02;3.4217742e-01;1.7250000e+02;3.1488106e-01;1.7250000e+02;2.5682613e-01;1.7250000e+02;1.9569103e-01;1.7250000e+02;1.5347652e-01;1.7250000e+02;1.1238317e-01;1.7250000e+02;6.8281129e-02;1.7250000e+02;2.3081556e-02;1.7250000e+02;-2.1626547e-02;1.7250000e+02;-6.8620481e-02;1.7250000e+02;-1.1906666e-01;1.7250000e+02;-6.5412499e-02;1.7250000e+02;-2.7982792e-02;1.7250000e+02;3.2582432e-02;1.7250000e+02;1.1450044e-01;1.7250000e+02;2.1333930e-01;1.7250000e+02;3.0912042e-01;1.7250000e+02;3.5354197e-01;1.7250000e+02;3.4217742e-01;1.7250000e+02;3.1488106e-01;1.7250000e+02;2.5682613e-01;1.7250000e+02;1.9569103e-01;1.7250000e+02;1.5347652e-01;1.7250000e+02;1.1238317e-01;1.7250000e+02;6.8281129e-02;1.7250000e+02;2.3081556e-02;1.7250000e+02;-2.1626547e-02;1.7250000e+02;-6.8620481e-02;1.7250000e+02;-1.1906666e-01;1.7250000e+02;-6.5412499e-02;1.7250000e+02;-2.7982792e-02;1.7250000e+02;3.2582432e-02;1.7250000e+02;1.1450044e-01;1.7250000e+02;2.1333930e-01;1.7250000e+02;3.0912042e-01;1.7250000e+02;3.5354197e-01;1.7250000e+02;3.4217742e-01;1.7250000e+02;3.1488106e-01;1.7250000e+02;2.5682613e-01;1.7250000e+02;1.9569103e-01;1.7250000e+02;1.5347652e-01;1.7250000e+02;1.1238317e-01;1.7250000e+02;6.8281129e-02;1.7250000e+02;2.3081556e-02;1.7250000e+02;-2.1626547e-02;1.7250000e+02;-6.8620481e-02;1.7250000e+02;-1.1906666e-01;1.7250000e+02;-6.5412499e-02;1.7250000e+02;-2.7982792e-02;1.7250000e+02;3.2582432e-02;1.7250000e+02;1.1450044e-01;1.7250000e+02;2.1333930e-01;1.7250000e+02;3.0912042e-01;1.7250000e+02;3.5354197e-01;1.7250000e+02;3.4217742e-01;1.7250000e+02;3.1488106e-01;1.7250000e+02;2.5682613e-01;1.7250000e+02;1.9569103e-01;1.7250000e+02;1.5347652e-01;1.7250000e+02;1.1238317e-01;1.7250000e+02;6.8281129e-02;1.7250000e+02;2.3081556e-02;1.7250000e+02;-2.1626547e-02;1.7250000e+02;-6.8620481e-02;1.7250000e+02;-1.1906666e-01;1.7250000e+02;-6.5412499e-02;1.7250000e+02;-2.7982792e-02;1.7250000e+02;3.2582432e-02;1.7250000e+02;1.1450044e-01;1.7250000e+02;2.1333930e-01;1.7250000e+02;3.0912042e-01;1.7250000e+02;3.5354197e-01;1.7250000e+02;3.4217742e-01;1.7250000e+02;3.1488106e-01;1.7250000e+02;2.5682613e-01;1.7250000e+02;1.9569103e-01;1.7250000e+02;1.5347652e-01;1.7250000e+02;1.1238317e-01;1.7250000e+02;6.8281129e-02;1.7250000e+02;2.3081556e-02;1.7250000e+02;-2.1626547e-02;1.7250000e+02;-6.8620481e-02;1.7250000e+02;-1.1906666e-01;1.7250000e+02;-6.5412499e-02;1.7250000e+02;-2.7982792e-02;1.7250000e+02;3.2582432e-02;1.7250000e+02;1.1450044e-01;1.7250000e+02;2.1333930e-01;1.7250000e+02;3.0912042e-01;1.7250000e+02;3.5354197e-01;1.7250000e+02;3.4217742e-01;1.7250000e+02;3.1488106e-01;1.7250000e+02;2.5682613e-01;1.7250000e+02;1.9569103e-01;1.7250000e+02;1.5347652e-01;1.7250000e+02;1.1238317e-01;1.7250000e+02;6.8281129e-02;1.7250000e+02;2.3081556e-02;1.7250000e+02;-2.1626547e-02;1.7250000e+02;-6.8620481e-02;1.7250000e+02;-1.1906666e-01;1.7250000e+02;-6.5412499e-02;1.7250000e+02;-2.7982792e-02;1.7250000e+02;3.2582432e-02;1.7250000e+02;1.1450044e-01;1.7250000e+02;2.1333930e-01;1.7250000e+02;3.0912042e-01;1.7250000e+02;3.5354197e-01;1.7250000e+02;3.4217742e-01;1.7250000e+02;3.1488106e-01;1.7250000e+02;2.5682613e-01;1.7250000e+02;1.9569103e-01;1.7250000e+02;1.5347652e-01;1.7250000e+02;1.1238317e-01;1.7250000e+02;6.8281129e-02;1.7250000e+02;2.3081556e-02;1.7250000e+02;-2.1626547e-02;1.7250000e+02;-6.8620481e-02;1.7250000e+02;-1.1906666e-01;1.7250000e+02;-6.5412499e-02;1.7250000e+02;-2.7982792e-02;1.7250000e+02;3.2582432e-02;1.7250000e+02;1.1450044e-01;1.7250000e+02;2.1333930e-01;1.7250000e+02;3.0912042e-01;1.7250000e+02;3.5354197e-01;1.7250000e+02;3.4217742e-01;1.7250000e+02;3.1488106e-01;1.7250000e+02;2.5682613e-01;1.7250000e+02;1.9569103e-01;1.7250000e+02;1.5347652e-01;1.7250000e+02;1.1238317e-01;1.7250000e+02;6.8281129e-02;1.7250000e+02;2.3081556e-02;1.7250000e+02;-2.1626547e-02;1.7250000e+02;-6.8620481e-02;1.7250000e+02;-1.1906666e-01;1.7250000e+02;-6.5412499e-02;1.7250000e+02;-2.7982792e-02;1.7250000e+02;3.2582432e-02;1.7250000e+02;1.1450044e-01;1.7250000e+02;2.1333930e-01;1.7250000e+02;3.0912042e-01;1.7250000e+02;3.5354197e-01;1.7250000e+02;3.4217742e-01;1.7250000e+02;3.1488106e-01;1.7250000e+02;2.5682613e-01;1.7250000e+02;1.9569103e-01;1.7250000e+02;1.5347652e-01;1.7250000e+02;1.1238317e-01;1.7250000e+02;6.8281129e-02;1.7250000e+02;2.3081556e-02;1.7250000e+02;-2.1626547e-02;1.7250000e+02;-6.8620481e-02;1.7250000e+02;-1.1906666e-01;1.7250000e+02;-6.5412499e-02;1.7250000e+02;-2.7982792e-02;1.7250000e+02;3.2582432e-02;1.7250000e+02;1.1450044e-01;1.7250000e+02;2.1333930e-01;1.7250000e+02;3.0912042e-01;1.7250000e+02;3.5354197e-01;1.7250000e+02;3.4217742e-01;1.7250000e+02;3.1488106e-01;1.7250000e+02;2.5682613e-01;1.7250000e+02;1.9569103e-01;1.7250000e+02;1.5347652e-01;1.7250000e+02;1.1238317e-01;1.7250000e+02;6.8281129e-02;1.7250000e+02;2.3081556e-02;1.7250000e+02;-2.1626547e-02;1.7250000e+02;-6.8620481e-02;1.7250000e+02;-1.1906666e-01;1.7250000e+02;-6.5412499e-02;1.7250000e+02;-2.7982792e-02;1.7250000e+02;3.2582432e-02;1.7250000e+02;1.1450044e-01;1.7250000e+02;2.1333930e-01;1.7250000e+02;3.0912042e-01;1.7250000e+02;3.5354197e-01;1.7250000e+02;3.4217742e-01;1.7250000e+02;3.1488106e-01;1.7250000e+02;2.5682613e-01;1.7250000e+02;1.9569103e-01;1.7250000e+02;1.5347652e-01;1.7250000e+02;1.1238317e-01;1.7250000e+02;6.8281129e-02;1.7250000e+02;2.3081556e-02;1.7250000e+02;-2.1626547e-02;1.7250000e+02;-6.8620481e-02;1.7250000e+02;-1.1906666e-01;1.7250000e+02;-6.5412499e-02;1.7250000e+02;-2.7982792e-02;1.7250000e+02;3.2582432e-02;1.7250000e+02;1.1450044e-01;1.7250000e+02;2.1333930e-01;1.7250000e+02;3.0912042e-01;1.7250000e+02;3.5354197e-01;1.7250000e+02;3.4217742e-01;1.7250000e+02;3.1488106e-01;1.7250000e+02;2.5682613e-01;1.7250000e+02;1.9569103e-01;1.7250000e+02;1.5347652e-01;1.7250000e+02;1.1238317e-01;1.7250000e+02;6.8281129e-02;1.7250000e+02;2.3081556e-02;1.7250000e+02;-2.1626547e-02;1.7250000e+02;-6.8620481e-02;1.7250000e+02;-1.1906666e-01;1.7250000e+02;-6.5412499e-02;1.7250000e+02;-2.7982792e-02;1.7250000e+02;3.2582432e-02;1.7250000e+02;1.1450044e-01;1.7250000e+02;2.1333930e-01;1.7250000e+02;3.0912042e-01;1.7250000e+02;3.5354197e-01;1.7250000e+02;3.4217742e-01;1.7250000e+02;3.1488106e-01;1.7250000e+02;2.5682613e-01;1.7250000e+02;1.9569103e-01;1.7250000e+02;1.5347652e-01;1.7250000e+02;1.1238317e-01;1.7250000e+02;6.8281129e-02;1.7250000e+02;2.3081556e-02;1.7250000e+02;-2.1626547e-02;1.7250000e+02;-6.8620481e-02;1.7250000e+02;-1.1906666e-01;1.7250000e+02;-6.5412499e-02;1.7250000e+02;-2.7982792e-02;1.7250000e+02;3.2582432e-02;1.7250000e+02;1.1450044e-01;1.7250000e+02;2.1333930e-01;1.7250000e+02;3.0912042e-01;1.7250000e+02;3.5354197e-01;1.7250000e+02;3.4217742e-01;1.7250000e+02;3.1488106e-01;1.7250000e+02;2.5682613e-01;1.7250000e+02;1.9569103e-01;1.7250000e+02;1.5347652e-01;1.7250000e+02;1.1238317e-01;1.7250000e+02;6.8281129e-02;1.7250000e+02;2.3081556e-02;1.7250000e+02;-2.1626547e-02;1.7250000e+02;-6.8620481e-02;1.7250000e+02;-1.1906666e-01;1.7250000e+02;-6.5412499e-02;1.7250000e+02;-2.7982792e-02;1.7250000e+02;3.2582432e-02;1.7250000e+02;1.1450044e-01;1.7250000e+02;2.1333930e-01;1.7250000e+02;3.0912042e-01;1.7250000e+02;3.5354197e-01;1.7250000e+02;3.4217742e-01;1.7250000e+02;3.1488106e-01;1.7250000e+02;2.5682613e-01;1.7250000e+02;1.9569103e-01;1.7250000e+02;1.5347652e-01;1.7250000e+02;1.1238317e-01;1.7250000e+02;6.8281129e-02;1.7250000e+02;2.3081556e-02;1.7250000e+02;-2.1626547e-02;1.7250000e+02;-6.8620481e-02;1.7250000e+02;-1.1906666e-01;1.7250000e+02;-6.5412499e-02;1.7250000e+02;-2.7982792e-02;1.7250000e+02;3.2582432e-02;1.7250000e+02;1.1450044e-01;1.7250000e+02;2.1333930e-01;1.7250000e+02;3.0912042e-01;1.7250000e+02;3.5354197e-01;1.7250000e+02;3.4217742e-01;1.7250000e+02;3.1488106e-01;1.7250000e+02;2.5682613e-01;1.7250000e+02;1.9569103e-01;1.7250000e+02;1.5347652e-01;1.7250000e+02;1.1238317e-01;1.7250000e+02;6.8281129e-02;1.7250000e+02;2.3081556e-02;1.7250000e+02;-2.1626547e-02;1.7250000e+02;-6.8620481e-02;1.7250000e+02;-1.1906666e-01;1.7250000e+02;-6.5412499e-02;1.7250000e+02;-2.7982792e-02;1.7250000e+02;3.2582432e-02;1.7250000e+02;1.1450044e-01;1.7250000e+02;2.1333930e-01;1.7250000e+02;3.0912042e-01;1.7250000e+02;3.5354197e-01;1.7250000e+02;3.4217742e-01;1.7250000e+02;3.1488106e-01;1.7250000e+02;2.5682613e-01;1.7250000e+02;1.9569103e-01;1.7250000e+02;1.5347652e-01;1.7250000e+02;1.1238317e-01;1.7250000e+02;6.8281129e-02;1.7250000e+02;2.3081556e-02;1.7250000e+02;-2.1626547e-02;1.7250000e+02;-6.8620481e-02;1.7250000e+02;-1.1906666e-01;1.7250000e+02;-6.5412499e-02;1.7250000e+02;-2.7982792e-02;1.7250000e+02;3.2582432e-02;1.7250000e+02;1.1450044e-01;1.7250000e+02;2.1333930e-01;1.7250000e+02;3.0912042e-01;1.7250000e+02;3.5354197e-01;1.7250000e+02;3.4217742e-01;1.7250000e+02;3.1488106e-01;1.7250000e+02;2.5682613e-01;1.7250000e+02;1.9569103e-01;1.7250000e+02;1.5347652e-01;1.7250000e+02;1.1238317e-01;1.7250000e+02;6.8281129e-02;1.7250000e+02;2.3081556e-02;1.7250000e+02;-2.1626547e-02;1.7250000e+02;-6.8620481e-02;1.7250000e+02;-1.1906666e-01;1.7250000e+02;-6.5412499e-02;1.7250000e+02;-2.7982792e-02;1.7250000e+02;3.2582432e-02;1.7250000e+02;1.1450044e-01;1.7250000e+02;2.1333930e-01;1.7250000e+02;3.0912042e-01;1.7250000e+02;3.5354197e-01;1.7250000e+02;3.4217742e-01;1.7250000e+02;3.1488106e-01;1.7250000e+02;2.5682613e-01;1.7250000e+02;1.9569103e-01;1.7250000e+02;1.5347652e-01;1.7250000e+02;1.1238317e-01;1.7250000e+02;6.8281129e-02;1.7250000e+02;2.3081556e-02;1.7250000e+02;-2.1626547e-02;1.7250000e+02;-6.8620481e-02;1.7250000e+02;-1.1906666e-01;1.7250000e+02;-6.5412499e-02;1.7250000e+02;-2.7982792e-02;1.7250000e+02;3.2582432e-02;1.7250000e+02;1.1450044e-01;1.7250000e+02;2.1333930e-01;1.7250000e+02;3.0912042e-01;1.7250000e+02;3.5354197e-01;1.7250000e+02;3.4217742e-01;1.7250000e+02;3.1488106e-01;1.7250000e+02;2.5682613e-01;1.7250000e+02;1.9569103e-01;1.7250000e+02;1.5347652e-01;1.7250000e+02;1.1238317e-01;1.7250000e+02;6.8281129e-02;1.7250000e+02;2.3081556e-02;1.7250000e+02;-2.1626547e-02;1.7250000e+02;-6.8620481e-02;1.7250000e+02;-1.1906666e-01;1.7250000e+02;-6.5412499e-02;1.7250000e+02;-2.7982792e-02;1.7250000e+02;3.2582432e-02;1.7250000e+02;1.1450044e-01;1.7250000e+02;2.1333930e-01;1.7250000e+02;3.0912042e-01;1.7250000e+02;3.5354197e-01;1.7250000e+02;3.4217742e-01;1.7250000e+02;3.1488106e-01;1.7250000e+02;2.5682613e-01;1.7250000e+02;1.9569103e-01;1.7250000e+02;1.5347652e-01;1.7250000e+02;1.1238317e-01;1.7250000e+02;6.8281129e-02;1.7250000e+02;2.3081556e-02;1.7250000e+02;-2.1626547e-02;1.7250000e+02;-6.8620481e-02;1.7250000e+02;-1.1906666e-01;1.7250000e+02;-6.5412499e-02;1.7250000e+02;-2.7982792e-02;1.7250000e+02;3.2582432e-02;1.7250000e+02;1.1450044e-01;1.7250000e+02;2.1333930e-01;1.7250000e+02;3.0912042e-01;1.7250000e+02;3.5354197e-01;1.7250000e+02;3.4217742e-01;1.7250000e+02;3.1488106e-01;1.7250000e+02;2.5682613e-01;1.7250000e+02;1.9569103e-01;1.7250000e+02;1.5347652e-01;1.7250000e+02;1.1238317e-01;1.7250000e+02;6.8281129e-02;1.7250000e+02;2.3081556e-02;1.7250000e+02;-2.1626547e-02;1.7250000e+02;-6.8620481e-02;1.7250000e+02;-1.1906666e-01;1.7250000e+02;-6.5412499e-02;1.7250000e+02;-2.7982792e-02;1.7250000e+02;3.2582432e-02;1.7250000e+02;1.1450044e-01;1.7250000e+02;2.1333930e-01;1.7250000e+02;3.0912042e-01;1.7250000e+02;3.5354197e-01;1.7250000e+02;3.4217742e-01;1.7250000e+02;3.1488106e-01;1.7250000e+02;2.5682613e-01;1.7250000e+02;1.9569103e-01;1.7250000e+02;1.5347652e-01;1.7250000e+02;1.1238317e-01;1.7250000e+02;6.8281129e-02;1.7250000e+02;2.3081556e-02;1.7250000e+02;-2.1626547e-02;1.7250000e+02;-6.8620481e-02;1.7250000e+02;-1.1906666e-01;1.7250000e+02;-6.5412499e-02;1.7250000e+02;-2.7982792e-02;1.7250000e+02;3.2582432e-02;1.7250000e+02;1.1450044e-01;1.7250000e+02;2.1333930e-01;1.7250000e+02;3.0912042e-01;1.7250000e+02;3.5354197e-01;1.7250000e+02;3.4217742e-01;1.7250000e+02;3.1488106e-01;1.7250000e+02;2.5682613e-01;1.7250000e+02;1.9569103e-01;1.7250000e+02;1.5347652e-01;1.7250000e+02;1.1238317e-01;1.7250000e+02;6.8281129e-02;1.7250000e+02;2.3081556e-02;1.7250000e+02;-2.1626547e-02;1.7250000e+02;-6.8620481e-02;1.7250000e+02;-1.1906666e-01;1.7250000e+02;-6.5412499e-02;1.7250000e+02;-2.7982792e-02;1.7250000e+02;3.2582432e-02;1.7250000e+02;1.1450044e-01;1.7250000e+02;2.1333930e-01;1.7250000e+02;3.0912042e-01;1.7250000e+02;3.5354197e-01;1.7250000e+02;3.4217742e-01;1.7250000e+02;3.1488106e-01;1.7250000e+02;2.5682613e-01;1.7250000e+02;1.9569103e-01;1.7250000e+02;1.5347652e-01;1.7250000e+02;1.1238317e-01;1.7250000e+02;6.8281129e-02;1.7250000e+02;2.3081556e-02;1.7250000e+02;-2.1626547e-02;1.7250000e+02;-6.8620481e-02;1.7250000e+02;-1.1906666e-01;1.7250000e+02;-6.5412499e-02;1.7250000e+02;-2.7982792e-02;1.7250000e+02;3.2582432e-02;1.7250000e+02;1.1450044e-01;1.7250000e+02;2.1333930e-01;1.7250000e+02;3.0912042e-01;1.7250000e+02;3.5354197e-01;1.7250000e+02;3.4217742e-01;1.7250000e+02;3.1488106e-01;1.7250000e+02;2.5682613e-01;1.7250000e+02;1.9569103e-01;1.7250000e+02;1.5347652e-01;1.7250000e+02;1.1238317e-01;1.7250000e+02;6.8281129e-02;1.7250000e+02;2.3081556e-02;1.7250000e+02;-2.1626547e-02;1.7250000e+02;-6.8620481e-02;1.7250000e+02;-1.1906666e-01;1.7250000e+02;-6.5412499e-02;1.7250000e+02;-2.7982792e-02;1.7250000e+02;3.2582432e-02;1.7250000e+02;1.1450044e-01;1.7250000e+02;2.1333930e-01;1.7250000e+02;3.0912042e-01;1.7250000e+02;3.5354197e-01;1.7250000e+02;3.4217742e-01;1.7250000e+02;3.1488106e-01;1.7250000e+02;2.5682613e-01;1.7250000e+02;1.9569103e-01;1.7250000e+02;1.5347652e-01;1.7250000e+02;1.1238317e-01;1.7250000e+02;6.8281129e-02;1.7250000e+02;2.3081556e-02;1.7250000e+02;-2.1626547e-02;1.7250000e+02;-6.8620481e-02;1.7250000e+02;-1.1906666e-01;1.7250000e+02;-6.5412499e-02;1.7250000e+02;-2.7982792e-02;1.7250000e+02;3.2582432e-02;1.7250000e+02;1.1450044e-01;1.7250000e+02;2.1333930e-01;1.7250000e+02;3.0912042e-01;1.7250000e+02;3.5354197e-01;1.7250000e+02;3.4217742e-01;1.7250000e+02;3.1488106e-01;1.7250000e+02;2.5682613e-01;1.7250000e+02;1.9569103e-01;1.7250000e+02;1.5347652e-01;1.7250000e+02;1.1238317e-01;1.7250000e+02;6.8281129e-02;1.7250000e+02;2.3081556e-02;1.7250000e+02;-2.1626547e-02;1.7250000e+02;-6.8620481e-02;1.7250000e+02;-1.1906666e-01;1.7250000e+02;-6.5412499e-02;1.7250000e+02;-2.7982792e-02;1.7250000e+02;3.2582432e-02;1.7250000e+02;1.1450044e-01;1.7250000e+02;2.1333930e-01;1.7250000e+02;3.0912042e-01;1.7250000e+02;3.5354197e-01;1.7250000e+02;3.4217742e-01;1.7250000e+02;3.1488106e-01;1.7250000e+02;2.5682613e-01;1.7250000e+02;1.9569103e-01;1.7250000e+02;1.5347652e-01;1.7250000e+02;1.1238317e-01;1.7250000e+02;6.8281129e-02;1.7250000e+02;2.3081556e-02;1.7250000e+02;-2.1626547e-02;1.7250000e+02;-6.8620481e-02;1.7250000e+02;-1.1906666e-01;1.7250000e+02;-6.5412499e-02;1.7250000e+02;-2.7982792e-02;1.7250000e+02;3.2582432e-02;1.7250000e+02;1.1450044e-01;1.7250000e+02;2.1333930e-01;1.7250000e+02;3.0912042e-01;1.7250000e+02;3.5354197e-01;1.7250000e+02;3.4217742e-01;1.7250000e+02;3.1488106e-01;1.7250000e+02;2.5682613e-01;1.7250000e+02;1.9569103e-01;1.7250000e+02;1.5347652e-01;1.7250000e+02;1.1238317e-01;1.7250000e+02;6.8281129e-02;1.7250000e+02;2.3081556e-02;1.7250000e+02;-2.1626547e-02;1.7250000e+02;-6.8620481e-02;1.7250000e+02;-1.1906666e-01;1.7250000e+02;-6.5412499e-02;1.7250000e+02;-2.7982792e-02;1.7250000e+02;3.2582432e-02;1.7250000e+02;1.1450044e-01;1.7250000e+02;2.1333930e-01;1.7250000e+02;3.0912042e-01;1.7250000e+02;3.5354197e-01;1.7250000e+02;3.4217742e-01;1.7250000e+02;3.1488106e-01;1.7250000e+02;2.5682613e-01;1.7250000e+02;1.9569103e-01;1.7250000e+02;1.5347652e-01;1.7250000e+02;1.1238317e-01;1.7250000e+02;6.8281129e-02;1.7250000e+02;2.3081556e-02;1.7250000e+02;-2.1626547e-02;1.7250000e+02;-6.8620481e-02;1.7250000e+02;-1.1906666e-01;1.7250000e+02;-6.5412499e-02;1.7250000e+02;-2.7982792e-02;1.7250000e+02;3.2582432e-02;1.7250000e+02;1.1450044e-01;1.7250000e+02;2.1333930e-01;1.7250000e+02;3.0912042e-01;1.7250000e+02;3.5354197e-01;1.7250000e+02;3.4217742e-01;1.7250000e+02;3.1488106e-01;1.7250000e+02;2.5682613e-01;1.7250000e+02;1.9569103e-01;1.7250000e+02;1.5347652e-01;1.7250000e+02;1.1238317e-01;1.7250000e+02;6.8281129e-02;1.7250000e+02;2.3081556e-02;1.7250000e+02;-2.1626547e-02;1.7250000e+02;-6.8620481e-02;1.7250000e+02;-1.1906666e-01;1.7250000e+02;-6.5412499e-02;1.7250000e+02;-2.7982792e-02;1.7250000e+02;3.2582432e-02;1.7250000e+02;1.1450044e-01;1.7250000e+02;2.1333930e-01;1.7250000e+02;3.0912042e-01;1.7250000e+02;3.5354197e-01;1.7250000e+02;3.4217742e-01;1.7250000e+02;3.1488106e-01;1.7250000e+02;2.5682613e-01;1.7250000e+02;1.9569103e-01;1.7250000e+02;1.5347652e-01;1.7250000e+02;1.1238317e-01;1.7250000e+02;6.8281129e-02;1.7250000e+02;2.3081556e-02;1.7250000e+02;-2.1626547e-02;1.7250000e+02;-6.8620481e-02;1.7250000e+02;-1.1906666e-01;1.7250000e+02;-6.5412499e-02;1.7250000e+02;-2.7982792e-02;1.7250000e+02;3.2582432e-02;1.7250000e+02;1.1450044e-01;1.7250000e+02;2.1333930e-01;1.7250000e+02;3.0912042e-01;1.7250000e+02;3.5354197e-01;1.7250000e+02;3.4217742e-01;1.7250000e+02;3.1488106e-01;1.7250000e+02;2.5682613e-01;1.7250000e+02;1.9569103e-01;1.7250000e+02;1.5347652e-01;1.7250000e+02;1.1238317e-01;1.7250000e+02;6.8281129e-02;1.7250000e+02;2.3081556e-02;1.7250000e+02;-2.1626547e-02;1.7250000e+02;-6.8620481e-02;1.7250000e+02;-1.1906666e-01;1.7250000e+02;-6.5412499e-02;1.7250000e+02;-2.7982792e-02;1.7250000e+02;3.2582432e-02;1.7250000e+02;1.1450044e-01;1.7250000e+02;2.1333930e-01;1.7250000e+02;3.0912042e-01;1.7250000e+02;3.5354197e-01;1.7250000e+02;3.4217742e-01;1.7250000e+02;3.1488106e-01;1.7250000e+02;2.5682613e-01;1.7250000e+02;1.9569103e-01;1.7250000e+02;1.5347652e-01;1.7250000e+02;1.1238317e-01;1.7250000e+02;6.8281129e-02;1.7250000e+02;2.3081556e-02;1.7250000e+02;-2.1626547e-02;1.7250000e+02;-6.8620481e-02;1.7250000e+02;-1.1906666e-01;1.7250000e+02;-6.5412499e-02;1.7250000e+02;-2.7982792e-02;1.7250000e+02;3.2582432e-02;1.7250000e+02;1.1450044e-01;1.7250000e+02;2.1333930e-01;1.7250000e+02;3.0912042e-01;1.7250000e+02;3.5354197e-01;1.7250000e+02;3.4217742e-01;1.7250000e+02;3.1488106e-01;1.7250000e+02;2.5682613e-01;1.7250000e+02;1.9569103e-01;1.7250000e+02;1.5347652e-01;1.7250000e+02;1.1238317e-01;1.7250000e+02;6.8281129e-02;1.7250000e+02;2.3081556e-02;1.7250000e+02;-2.1626547e-02;1.7250000e+02;-6.8620481e-02;1.7250000e+02;-1.1906666e-01;1.7250000e+02;-6.5412499e-02;1.7250000e+02;-2.7982792e-02;1.7250000e+02;3.2582432e-02;1.7250000e+02;1.1450044e-01;1.7250000e+02;2.1333930e-01;1.7250000e+02;3.0912042e-01;1.7250000e+02;3.5354197e-01;1.7250000e+02;3.4217742e-01;1.7250000e+02;3.1488106e-01;1.7250000e+02;2.5682613e-01;1.7250000e+02;1.9569103e-01;1.7250000e+02;1.5347652e-01;1.7250000e+02;1.1238317e-01;1.7250000e+02;6.8281129e-02;1.7250000e+02;2.3081556e-02;1.7250000e+02;-2.1626547e-02;1.7250000e+02;-6.8620481e-02;1.7250000e+02;-1.1906666e-01;1.7250000e+02;-6.5412499e-02;1.7250000e+02;-2.7982792e-02;1.7250000e+02;3.2582432e-02;1.7250000e+02;1.1450044e-01;1.7250000e+02;2.1333930e-01;1.7250000e+02;3.0912042e-01;1.7250000e+02;3.5354197e-01;1.7250000e+02;3.4217742e-01;1.7250000e+02;3.1488106e-01;1.7250000e+02;2.5682613e-01;1.7250000e+02;1.9569103e-01;1.7250000e+02;1.5347652e-01;1.7250000e+02;1.1238317e-01;1.7250000e+02;6.8281129e-02;1.7250000e+02;2.3081556e-02;1.7250000e+02;-2.1626547e-02;1.7250000e+02;-6.8620481e-02;1.7250000e+02;-1.1906666e-01;1.7250000e+02;-6.5412499e-02;1.7250000e+02;-2.7982792e-02;1.7250000e+02;3.2582432e-02;1.7250000e+02;1.1450044e-01;1.7250000e+02;2.1333930e-01;1.7250000e+02;3.0912042e-01;1.7250000e+02;3.5354197e-01;1.7250000e+02;3.4217742e-01;1.7250000e+02;3.1488106e-01;1.7250000e+02;2.5682613e-01;1.7250000e+02;1.9569103e-01;1.7250000e+02;1.5347652e-01;1.7250000e+02;1.1238317e-01;1.7250000e+02;6.8281129e-02;1.7250000e+02;2.3081556e-02;1.7250000e+02;-2.1626547e-02;1.7250000e+02;-6.8620481e-02;1.7250000e+02;-1.1906666e-01;1.7250000e+02;-6.5412499e-02;1.7250000e+02;-2.7982792e-02;1.7250000e+02;3.2582432e-02;1.7250000e+02;1.1450044e-01;1.7250000e+02;2.1333930e-01;1.7250000e+02;3.0912042e-01;1.7250000e+02;3.5354197e-01;1.7250000e+02;3.4217742e-01;1.7250000e+02;3.1488106e-01;1.7250000e+02;2.5682613e-01;1.7250000e+02;1.9569103e-01;1.7250000e+02;1.5347652e-01;1.7250000e+02;1.1238317e-01;1.7250000e+02;6.8281129e-02;1.7250000e+02;2.3081556e-02;1.7250000e+02;-2.1626547e-02;1.7250000e+02;-6.8620481e-02;1.7250000e+02;-1.1906666e-01;1.7250000e+02;-6.5412499e-02;1.7250000e+02;-2.7982792e-02;1.7250000e+02;3.2582432e-02;1.7250000e+02;1.1450044e-01;1.7250000e+02;2.1333930e-01;1.7250000e+02;3.0912042e-01;1.7250000e+02;3.5354197e-01;1.7250000e+02;3.4217742e-01;1.7250000e+02;3.1488106e-01;1.7250000e+02;2.5682613e-01;1.7250000e+02;1.9569103e-01;1.7250000e+02;1.5347652e-01;1.7250000e+02;1.1238317e-01;1.7250000e+02;6.8281129e-02;1.7250000e+02;2.3081556e-02;1.7250000e+02;-2.1626547e-02;1.7250000e+02;-6.8620481e-02;1.7250000e+02;-1.1906666e-01;1.7250000e+02;-6.5412499e-02;1.7250000e+02;-2.7982792e-02;1.7250000e+02;3.2582432e-02;1.7250000e+02;1.1450044e-01;1.7250000e+02;2.1333930e-01;1.7250000e+02;3.0912042e-01;1.7250000e+02;3.5354197e-01;1.7250000e+02;3.4217742e-01;1.7250000e+02;3.1488106e-01;1.7250000e+02;2.5682613e-01;1.7250000e+02;1.9569103e-01;1.7250000e+02;1.5347652e-01;1.7250000e+02;1.1238317e-01;1.7250000e+02;6.8281129e-02;1.7250000e+02;2.3081556e-02;1.7250000e+02;-2.1626547e-02;1.7250000e+02;-6.8620481e-02;1.7250000e+02;-1.1906666e-01;1.7250000e+02;-6.5412499e-02;1.7250000e+02;-2.7982792e-02;1.7250000e+02;3.2582432e-02;1.7250000e+02;1.1450044e-01;1.7250000e+02;2.1333930e-01;1.7250000e+02;3.0912042e-01;1.7250000e+02;3.5354197e-01;1.7250000e+02;3.4217742e-01;1.7250000e+02;3.1488106e-01;1.7250000e+02;2.5682613e-01;1.7250000e+02;1.9569103e-01;1.7250000e+02;1.5347652e-01;1.7250000e+02;1.1238317e-01;1.7250000e+02;6.8281129e-02;1.7250000e+02;2.3081556e-02;1.7250000e+02;-2.1626547e-02;1.7250000e+02;-6.8620481e-02;1.7250000e+02;-1.1906666e-01;1.7250000e+02;-6.5412499e-02;1.7250000e+02;-2.7982792e-02;1.7250000e+02;3.2582432e-02;1.7250000e+02;1.1450044e-01;1.7250000e+02;2.1333930e-01;1.7250000e+02;3.0912042e-01;1.7250000e+02;3.5354197e-01;1.7250000e+02;3.4217742e-01;1.7250000e+02;3.1488106e-01;1.7250000e+02;2.5682613e-01;1.7250000e+02;1.9569103e-01;1.7250000e+02;1.5347652e-01;1.7250000e+02;1.1238317e-01;1.7250000e+02;6.8281129e-02;1.7250000e+02;2.3081556e-02;1.7250000e+02;-2.1626547e-02;1.7250000e+02;-6.8620481e-02;1.7250000e+02;-1.1906666e-01;1.7250000e+02;-6.5412499e-02;1.7250000e+02;-2.7982792e-02;1.7250000e+02;3.2582432e-02;1.7250000e+02;1.1450044e-01;1.7250000e+02;2.1333930e-01;1.7250000e+02;3.0912042e-01;1.7250000e+02;3.5354197e-01;1.7250000e+02;3.4217742e-01;1.7250000e+02;3.1488106e-01;1.7250000e+02;2.5682613e-01;1.7250000e+02;1.9569103e-01;1.7250000e+02;1.5347652e-01;1.7250000e+02;1.1238317e-01;1.7250000e+02;6.8281129e-02;1.7250000e+02;2.3081556e-02;1.7250000e+02;-2.1626547e-02;1.7250000e+02;-6.8620481e-02;1.7250000e+02;-1.1906666e-01;1.7250000e+02;-6.5412499e-02;1.7250000e+02;-2.7982792e-02;1.7250000e+02;3.2582432e-02;1.7250000e+02;1.1450044e-01;1.7250000e+02;2.1333930e-01;1.7250000e+02;3.0912042e-01;1.7250000e+02;3.5354197e-01;1.7250000e+02;3.4217742e-01;1.7250000e+02;3.1488106e-01;1.7250000e+02;2.5682613e-01;1.7250000e+02;1.9569103e-01;1.7250000e+02;1.5347652e-01;1.7250000e+02;1.1238317e-01;1.7250000e+02;6.8281129e-02;1.7250000e+02;2.3081556e-02;1.7250000e+02;-2.1626547e-02;1.7250000e+02;-6.8620481e-02;1.7250000e+02;-1.1906666e-01;1.7250000e+02;-6.5412499e-02;1.7250000e+02;-2.7982792e-02;1.7250000e+02;3.2582432e-02;1.7250000e+02;1.1450044e-01;1.7250000e+02;2.1333930e-01;1.7250000e+02;3.0912042e-01;1.7250000e+02;3.5354197e-01;1.7250000e+02;3.4217742e-01;1.7250000e+02;3.1488106e-01;1.7250000e+02;2.5682613e-01;1.7250000e+02;1.9569103e-01;1.7250000e+02;1.5347652e-01;1.7250000e+02;1.1238317e-01;1.7250000e+02;6.8281129e-02;1.7250000e+02;2.3081556e-02;1.7250000e+02;-2.1626547e-02;1.7250000e+02;-6.8620481e-02;1.7250000e+02;-1.1906666e-01;1.7250000e+02;-6.5412499e-02;1.7250000e+02;-2.7982792e-02;1.7250000e+02;3.2582432e-02;1.7250000e+02;1.1450044e-01;1.7250000e+02;2.1333930e-01;1.7250000e+02;3.0912042e-01;1.7250000e+02;3.5354197e-01;1.7250000e+02;3.4217742e-01;1.7250000e+02;3.1488106e-01;1.7250000e+02;2.5682613e-01;1.7250000e+02;1.9569103e-01;1.7250000e+02;1.5347652e-01;1.7250000e+02;1.1238317e-01;1.7250000e+02;6.8281129e-02;1.7250000e+02;2.3081556e-02;1.7250000e+02;-2.1626547e-02;1.7250000e+02;-6.8620481e-02;1.7250000e+02;-1.1906666e-01;1.7250000e+02;-6.5412499e-02;1.7250000e+02;-2.7982792e-02;1.7250000e+02;3.2582432e-02;1.7250000e+02;1.1450044e-01;1.7250000e+02;2.1333930e-01;1.7250000e+02;3.0912042e-01;1.7250000e+02;3.5354197e-01;1.7250000e+02;3.4217742e-01;1.7250000e+02;3.1488106e-01;1.7250000e+02;2.5682613e-01;1.7250000e+02;1.9569103e-01;1.7250000e+02;1.5347652e-01;1.7250000e+02;1.1238317e-01;1.7250000e+02;6.8281129e-02;1.7250000e+02;2.3081556e-02;1.7250000e+02;-2.1626547e-02;1.7250000e+02;-6.8620481e-02;1.7250000e+02;-1.1906666e-01;1.7250000e+02;-6.5412499e-02;1.7250000e+02;-2.7982792e-02;1.7250000e+02;3.2582432e-02;1.7250000e+02;1.1450044e-01;1.7250000e+02;2.1333930e-01;1.7250000e+02;3.0912042e-01;1.7250000e+02;3.5354197e-01;1.7250000e+02;3.4217742e-01;1.7250000e+02;3.1488106e-01;1.7250000e+02;2.5682613e-01;1.7250000e+02;1.9569103e-01;1.7250000e+02;1.5347652e-01;1.7250000e+02;1.1238317e-01;1.7250000e+02;6.8281129e-02;1.7250000e+02;2.3081556e-02;1.7250000e+02;-2.1626547e-02;1.7250000e+02;-6.8620481e-02;1.7250000e+02;-1.1906666e-01;1.7250000e+02;-6.5412499e-02;1.7250000e+02;-2.7982792e-02;1.7250000e+02;3.2582432e-02;1.7250000e+02;1.1450044e-01;1.7250000e+02;2.1333930e-01;1.7250000e+02;3.0912042e-01;1.7250000e+02;3.5354197e-01;1.7250000e+02;3.4217742e-01;1.7250000e+02;3.1488106e-01;1.7250000e+02;2.5682613e-01;1.7250000e+02;1.9569103e-01;1.7250000e+02;1.5347652e-01;1.7250000e+02;1.1238317e-01;1.7250000e+02;6.8281129e-02;1.7250000e+02;2.3081556e-02;1.7250000e+02;-2.1626547e-02;1.7250000e+02;-6.8620481e-02;1.7250000e+02;-1.1906666e-01;1.7250000e+02;-6.5412499e-02;1.7250000e+02;-2.7982792e-02;1.7250000e+02;3.2582432e-02;1.7250000e+02;1.1450044e-01;1.7250000e+02;2.1333930e-01;1.7250000e+02;3.0912042e-01;1.7250000e+02;3.5354197e-01;1.7250000e+02;3.4217742e-01;1.7250000e+02;3.1488106e-01;1.7250000e+02;2.5682613e-01;1.7250000e+02;1.9569103e-01;1.7250000e+02;1.5347652e-01;1.7250000e+02;1.1238317e-01;1.7250000e+02;6.8281129e-02;1.7250000e+02;2.3081556e-02;1.7250000e+02;-2.1626547e-02;1.7250000e+02;-6.8620481e-02;1.7250000e+02;-1.1906666e-01;1.7250000e+02;-6.5412499e-02;1.7250000e+02;-2.7982792e-02;1.7250000e+02;3.2582432e-02;1.7250000e+02;1.1450044e-01;1.7250000e+02;2.1333930e-01;1.7250000e+02;3.0912042e-01;1.7250000e+02;3.5354197e-01;1.7250000e+02;3.4217742e-01;1.7250000e+02;3.1488106e-01;1.7250000e+02;2.5682613e-01;1.7250000e+02;1.9569103e-01;1.7250000e+02;1.5347652e-01;1.7250000e+02;1.1238317e-01;1.7250000e+02;6.8281129e-02;1.7250000e+02;2.3081556e-02;1.7250000e+02;-2.1626547e-02;1.7250000e+02;-6.8620481e-02;1.7250000e+02;-1.1906666e-01
1.7750000e+02;-6.8281211e-02;1.7750000e+02;-2.7506720e-02;1.7750000e+02;3.4759492e-02;1.7750000e+02;1.1924373e-01;1.7750000e+02;2.1821608e-01;1.7750000e+02;3.1121898e-01;1.7750000e+02;3.5463166e-01;1.7750000e+02;3.5637656e-01;1.7750000e+02;3.3778375e-01;1.7750000e+02;2.7482355e-01;1.7750000e+02;2.0311108e-01;1.7750000e+02;1.5352526e-01;1.7750000e+02;1.0587366e-01;1.7750000e+02;5.8686033e-02;1.7750000e+02;1.1829183e-02;1.7750000e+02;-3.4251049e-02;1.7750000e+02;-8.0444001e-02;1.7750000e+02;-1.3146061e-01;1.7750000e+02;-6.8281211e-02;1.7750000e+02;-2.7506720e-02;1.7750000e+02;3.4759492e-02;1.7750000e+02;1.1924373e-01;1.7750000e+02;2.1821608e-01;1.7750000e+02;3.1121898e-01;1.7750000e+02;3.5463166e-01;1.7750000e+02;3.5637656e-01;1.7750000e+02;3.3778375e-01;1.7750000e+02;2.7482355e-01;1.7750000e+02;2.0311108e-01;1.7750000e+02;1.5352526e-01;1.7750000e+02;1.0587366e-01;1.7750000e+02;5.8686033e-02;1.7750000e+02;1.1829183e-02;1.7750000e+02;-3.4251049e-02;1.7750000e+02;-8.0444001e-02;1.7750000e+02;-1.3146061e-01;1.7750000e+02;-6.8281211e-02;1.7750000e+02;-2.7506720e-02;1.7750000e+02;3.4759492e-02;1.7750000e+02;1.1924373e-01;1.7750000e+02;2.1821608e-01;1.7750000e+02;3.1121898e-01;1.7750000e+02;3.5463166e-01;1.7750000e+02;3.5637656e-01;1.7750000e+02;3.3778375e-01;1.7750000e+02;2.7482355e-01;1.7750000e+02;2.0311108e-01;1.7750000e+02;1.5352526e-01;1.7750000e+02;1.0587366e-01;1.7750000e+02;5.8686033e-02;1.7750000e+02;1.1829183e-02;1.7750000e+02;-3.4251049e-02;1.7750000e+02;-8.0444001e-02;1.7750000e+02;-1.3146061e-01;1.7750000e+02;-6.8281211e-02;1.7750000e+02;-2.7506720e-02;1.7750000e+02;3.4759492e-02;1.7750000e+02;1.1924373e-01;1.7750000e+02;2.1821608e-01;1.7750000e+02;3.1121898e-01;1.7750000e+02;3.5463166e-01;1.7750000e+02;3.5637656e-01;1.7750000e+02;3.3778375e-01;1.7750000e+02;2.7482355e-01;1.7750000e+02;2.0311108e-01;1.7750000e+02;1.5352526e-01;1.7750000e+02;1.0587366e-01;1.7750000e+02;5.8686033e-02;1.7750000e+02;1.1829183e-02;1.7750000e+02;-3.4251049e-02;1.7750000e+02;-8.0444001e-02;1.7750000e+02;-1.3146061e-01;1.7750000e+02;-6.8281211e-02;1.7750000e+02;-2.7506720e-02;1.7750000e+02;3.4759492e-02;1.7750000e+02;1.1924373e-01;1.7750000e+02;2.1821608e-01;1.7750000e+02;3.1121898e-01;1.7750000e+02;3.5463166e-01;1.7750000e+02;3.5637656e-01;1.7750000e+02;3.3778375e-01;1.7750000e+02;2.7482355e-01;1.7750000e+02;2.0311108e-01;1.7750000e+02;1.5352526e-01;1.7750000e+02;1.0587366e-01;1.7750000e+02;5.8686033e-02;1.7750000e+02;1.1829183e-02;1.7750000e+02;-3.4251049e-02;1.7750000e+02;-8.0444001e-02;1.7750000e+02;-1.3146061e-01;1.7750000e+02;-6.8281211e-02;1.7750000e+02;-2.7506720e-02;1.7750000e+02;3.4759492e-02;1.7750000e+02;1.1924373e-01;1.7750000e+02;2.1821608e-01;1.7750000e+02;3.1121898e-01;1.7750000e+02;3.5463166e-01;1.7750000e+02;3.5637656e-01;1.7750000e+02;3.3778375e-01;1.7750000e+02;2.7482355e-01;1.7750000e+02;2.0311108e-01;1.7750000e+02;1.5352526e-01;1.7750000e+02;1.0587366e-01;1.7750000e+02;5.8686033e-02;1.7750000e+02;1.1829183e-02;1.7750000e+02;-3.4251049e-02;1.7750000e+02;-8.0444001e-02;1.7750000e+02;-1.3146061e-01;1.7750000e+02;-6.8281211e-02;1.7750000e+02;-2.7506720e-02;1.7750000e+02;3.4759492e-02;1.7750000e+02;1.1924373e-01;1.7750000e+02;2.1821608e-01;1.7750000e+02;3.1121898e-01;1.7750000e+02;3.5463166e-01;1.7750000e+02;3.5637656e-01;1.7750000e+02;3.3778375e-01;1.7750000e+02;2.7482355e-01;1.7750000e+02;2.0311108e-01;1.7750000e+02;1.5352526e-01;1.7750000e+02;1.0587366e-01;1.7750000e+02;5.8686033e-02;1.7750000e+02;1.1829183e-02;1.7750000e+02;-3.4251049e-02;1.7750000e+02;-8.0444001e-02;1.7750000e+02;-1.3146061e-01;1.7750000e+02;-6.8281211e-02;1.7750000e+02;-2.7506720e-02;1.7750000e+02;3.4759492e-02;1.7750000e+02;1.1924373e-01;1.7750000e+02;2.1821608e-01;1.7750000e+02;3.1121898e-01;1.7750000e+02;3.5463166e-01;1.7750000e+02;3.5637656e-01;1.7750000e+02;3.3778375e-01;1.7750000e+02;2.7482355e-01;1.7750000e+02;2.0311108e-01;1.7750000e+02;1.5352526e-01;1.7750000e+02;1.0587366e-01;1.7750000e+02;5.8686033e-02;1.7750000e+02;1.1829183e-02;1.7750000e+02;-3.4251049e-02;1.7750000e+02;-8.0444001e-02;1.7750000e+02;-1.3146061e-01;1.7750000e+02;-6.8281211e-02;1.7750000e+02;-2.7506720e-02;1.7750000e+02;3.4759492e-02;1.7750000e+02;1.1924373e-01;1.7750000e+02;2.1821608e-01;1.7750000e+02;3.1121898e-01;1.7750000e+02;3.5463166e-01;1.7750000e+02;3.5637656e-01;1.7750000e+02;3.3778375e-01;1.7750000e+02;2.7482355e-01;1.7750000e+02;2.0311108e-01;1.7750000e+02;1.5352526e-01;1.7750000e+02;1.0587366e-01;1.7750000e+02;5.8686033e-02;1.7750000e+02;1.1829183e-02;1.7750000e+02;-3.4251049e-02;1.7750000e+02;-8.0444001e-02;1.7750000e+02;-1.3146061e-01;1.7750000e+02;-6.8281211e-02;1.7750000e+02;-2.7506720e-02;1.7750000e+02;3.4759492e-02;1.7750000e+02;1.1924373e-01;1.7750000e+02;2.1821608e-01;1.7750000e+02;3.1121898e-01;1.7750000e+02;3.5463166e-01;1.7750000e+02;3.5637656e-01;1.7750000e+02;3.3778375e-01;1.7750000e+02;2.7482355e-01;1.7750000e+02;2.0311108e-01;1.7750000e+02;1.5352526e-01;1.7750000e+02;1.0587366e-01;1.7750000e+02;5.8686033e-02;1.7750000e+02;1.1829183e-02;1.7750000e+02;-3.4251049e-02;1.7750000e+02;-8.0444001e-02;1.7750000e+02;-1.3146061e-01;1.7750000e+02;-6.8281211e-02;1.7750000e+02;-2.7506720e-02;1.7750000e+02;3.4759492e-02;1.7750000e+02;1.1924373e-01;1.7750000e+02;2.1821608e-01;1.7750000e+02;3.1121898e-01;1.7750000e+02;3.5463166e-01;1.7750000e+02;3.5637656e-01;1.7750000e+02;3.3778375e-01;1.7750000e+02;2.7482355e-01;1.7750000e+02;2.0311108e-01;1.7750000e+02;1.5352526e-01;1.7750000e+02;1.0587366e-01;1.7750000e+02;5.8686033e-02;1.7750000e+02;1.1829183e-02;1.7750000e+02;-3.4251049e-02;1.7750000e+02;-8.0444001e-02;1.7750000e+02;-1.3146061e-01;1.7750000e+02;-6.8281211e-02;1.7750000e+02;-2.7506720e-02;1.7750000e+02;3.4759492e-02;1.7750000e+02;1.1924373e-01;1.7750000e+02;2.1821608e-01;1.7750000e+02;3.1121898e-01;1.7750000e+02;3.5463166e-01;1.7750000e+02;3.5637656e-01;1.7750000e+02;3.3778375e-01;1.7750000e+02;2.7482355e-01;1.7750000e+02;2.0311108e-01;1.7750000e+02;1.5352526e-01;1.7750000e+02;1.0587366e-01;1.7750000e+02;5.8686033e-02;1.7750000e+02;1.1829183e-02;1.7750000e+02;-3.4251049e-02;1.7750000e+02;-8.0444001e-02;1.7750000e+02;-1.3146061e-01;1.7750000e+02;-6.8281211e-02;1.7750000e+02;-2.7506720e-02;1.7750000e+02;3.4759492e-02;1.7750000e+02;1.1924373e-01;1.7750000e+02;2.1821608e-01;1.7750000e+02;3.1121898e-01;1.7750000e+02;3.5463166e-01;1.7750000e+02;3.5637656e-01;1.7750000e+02;3.3778375e-01;1.7750000e+02;2.7482355e-01;1.7750000e+02;2.0311108e-01;1.7750000e+02;1.5352526e-01;1.7750000e+02;1.0587366e-01;1.7750000e+02;5.8686033e-02;1.7750000e+02;1.1829183e-02;1.7750000e+02;-3.4251049e-02;1.7750000e+02;-8.0444001e-02;1.7750000e+02;-1.3146061e-01;1.7750000e+02;-6.8281211e-02;1.7750000e+02;-2.7506720e-02;1.7750000e+02;3.4759492e-02;1.7750000e+02;1.1924373e-01;1.7750000e+02;2.1821608e-01;1.7750000e+02;3.1121898e-01;1.7750000e+02;3.5463166e-01;1.7750000e+02;3.5637656e-01;1.7750000e+02;3.3778375e-01;1.7750000e+02;2.7482355e-01;1.7750000e+02;2.0311108e-01;1.7750000e+02;1.5352526e-01;1.7750000e+02;1.0587366e-01;1.7750000e+02;5.8686033e-02;1.7750000e+02;1.1829183e-02;1.7750000e+02;-3.4251049e-02;1.7750000e+02;-8.0444001e-02;1.7750000e+02;-1.3146061e-01;1.7750000e+02;-6.8281211e-02;1.7750000e+02;-2.7506720e-02;1.7750000e+02;3.4759492e-02;1.7750000e+02;1.1924373e-01;1.7750000e+02;2.1821608e-01;1.7750000e+02;3.1121898e-01;1.7750000e+02;3.5463166e-01;1.7750000e+02;3.5637656e-01;1.7750000e+02;3.3778375e-01;1.7750000e+02;2.7482355e-01;1.7750000e+02;2.0311108e-01;1.7750000e+02;1.5352526e-01;1.7750000e+02;1.0587366e-01;1.7750000e+02;5.8686033e-02;1.7750000e+02;1.1829183e-02;1.7750000e+02;-3.4251049e-02;1.7750000e+02;-8.0444001e-02;1.7750000e+02;-1.3146061e-01;1.7750000e+02;-6.8281211e-02;1.7750000e+02;-2.7506720e-02;1.7750000e+02;3.4759492e-02;1.7750000e+02;1.1924373e-01;1.7750000e+02;2.1821608e-01;1.7750000e+02;3.1121898e-01;1.7750000e+02;3.5463166e-01;1.7750000e+02;3.5637656e-01;1.7750000e+02;3.3778375e-01;1.7750000e+02;2.7482355e-01;1.7750000e+02;2.0311108e-01;1.7750000e+02;1.5352526e-01;1.7750000e+02;1.0587366e-01;1.7750000e+02;5.8686033e-02;1.7750000e+02;1.1829183e-02;1.7750000e+02;-3.4251049e-02;1.7750000e+02;-8.0444001e-02;1.7750000e+02;-1.3146061e-01;1.7750000e+02;-6.8281211e-02;1.7750000e+02;-2.7506720e-02;1.7750000e+02;3.4759492e-02;1.7750000e+02;1.1924373e-01;1.7750000e+02;2.1821608e-01;1.7750000e+02;3.1121898e-01;1.7750000e+02;3.5463166e-01;1.7750000e+02;3.5637656e-01;1.7750000e+02;3.3778375e-01;1.7750000e+02;2.7482355e-01;1.7750000e+02;2.0311108e-01;1.7750000e+02;1.5352526e-01;1.7750000e+02;1.0587366e-01;1.7750000e+02;5.8686033e-02;1.7750000e+02;1.1829183e-02;1.7750000e+02;-3.4251049e-02;1.7750000e+02;-8.0444001e-02;1.7750000e+02;-1.3146061e-01;1.7750000e+02;-6.8281211e-02;1.7750000e+02;-2.7506720e-02;1.7750000e+02;3.4759492e-02;1.7750000e+02;1.1924373e-01;1.7750000e+02;2.1821608e-01;1.7750000e+02;3.1121898e-01;1.7750000e+02;3.5463166e-01;1.7750000e+02;3.5637656e-01;1.7750000e+02;3.3778375e-01;1.7750000e+02;2.7482355e-01;1.7750000e+02;2.0311108e-01;1.7750000e+02;1.5352526e-01;1.7750000e+02;1.0587366e-01;1.7750000e+02;5.8686033e-02;1.7750000e+02;1.1829183e-02;1.7750000e+02;-3.4251049e-02;1.7750000e+02;-8.0444001e-02;1.7750000e+02;-1.3146061e-01;1.7750000e+02;-6.8281211e-02;1.7750000e+02;-2.7506720e-02;1.7750000e+02;3.4759492e-02;1.7750000e+02;1.1924373e-01;1.7750000e+02;2.1821608e-01;1.7750000e+02;3.1121898e-01;1.7750000e+02;3.5463166e-01;1.7750000e+02;3.5637656e-01;1.7750000e+02;3.3778375e-01;1.7750000e+02;2.7482355e-01;1.7750000e+02;2.0311108e-01;1.7750000e+02;1.5352526e-01;1.7750000e+02;1.0587366e-01;1.7750000e+02;5.8686033e-02;1.7750000e+02;1.1829183e-02;1.7750000e+02;-3.4251049e-02;1.7750000e+02;-8.0444001e-02;1.7750000e+02;-1.3146061e-01;1.7750000e+02;-6.8281211e-02;1.7750000e+02;-2.7506720e-02;1.7750000e+02;3.4759492e-02;1.7750000e+02;1.1924373e-01;1.7750000e+02;2.1821608e-01;1.7750000e+02;3.1121898e-01;1.7750000e+02;3.5463166e-01;1.7750000e+02;3.5637656e-01;1.7750000e+02;3.3778375e-01;1.7750000e+02;2.7482355e-01;1.7750000e+02;2.0311108e-01;1.7750000e+02;1.5352526e-01;1.7750000e+02;1.0587366e-01;1.7750000e+02;5.8686033e-02;1.7750000e+02;1.1829183e-02;1.7750000e+02;-3.4251049e-02;1.7750000e+02;-8.0444001e-02;1.7750000e+02;-1.3146061e-01;1.7750000e+02;-6.8281211e-02;1.7750000e+02;-2.7506720e-02;1.7750000e+02;3.4759492e-02;1.7750000e+02;1.1924373e-01;1.7750000e+02;2.1821608e-01;1.7750000e+02;3.1121898e-01;1.7750000e+02;3.5463166e-01;1.7750000e+02;3.5637656e-01;1.7750000e+02;3.3778375e-01;1.7750000e+02;2.7482355e-01;1.7750000e+02;2.0311108e-01;1.7750000e+02;1.5352526e-01;1.7750000e+02;1.0587366e-01;1.7750000e+02;5.8686033e-02;1.7750000e+02;1.1829183e-02;1.7750000e+02;-3.4251049e-02;1.7750000e+02;-8.0444001e-02;1.7750000e+02;-1.3146061e-01;1.7750000e+02;-6.8281211e-02;1.7750000e+02;-2.7506720e-02;1.7750000e+02;3.4759492e-02;1.7750000e+02;1.1924373e-01;1.7750000e+02;2.1821608e-01;1.7750000e+02;3.1121898e-01;1.7750000e+02;3.5463166e-01;1.7750000e+02;3.5637656e-01;1.7750000e+02;3.3778375e-01;1.7750000e+02;2.7482355e-01;1.7750000e+02;2.0311108e-01;1.7750000e+02;1.5352526e-01;1.7750000e+02;1.0587366e-01;1.7750000e+02;5.8686033e-02;1.7750000e+02;1.1829183e-02;1.7750000e+02;-3.4251049e-02;1.7750000e+02;-8.0444001e-02;1.7750000e+02;-1.3146061e-01;1.7750000e+02;-6.8281211e-02;1.7750000e+02;-2.7506720e-02;1.7750000e+02;3.4759492e-02;1.7750000e+02;1.1924373e-01;1.7750000e+02;2.1821608e-01;1.7750000e+02;3.1121898e-01;1.7750000e+02;3.5463166e-01;1.7750000e+02;3.5637656e-01;1.7750000e+02;3.3778375e-01;1.7750000e+02;2.7482355e-01;1.7750000e+02;2.0311108e-01;1.7750000e+02;1.5352526e-01;1.7750000e+02;1.0587366e-01;1.7750000e+02;5.8686033e-02;1.7750000e+02;1.1829183e-02;1.7750000e+02;-3.4251049e-02;1.7750000e+02;-8.0444001e-02;1.7750000e+02;-1.3146061e-01;1.7750000e+02;-6.8281211e-02;1.7750000e+02;-2.7506720e-02;1.7750000e+02;3.4759492e-02;1.7750000e+02;1.1924373e-01;1.7750000e+02;2.1821608e-01;1.7750000e+02;3.1121898e-01;1.7750000e+02;3.5463166e-01;1.7750000e+02;3.5637656e-01;1.7750000e+02;3.3778375e-01;1.7750000e+02;2.7482355e-01;1.7750000e+02;2.0311108e-01;1.7750000e+02;1.5352526e-01;1.7750000e+02;1.0587366e-01;1.7750000e+02;5.8686033e-02;1.7750000e+02;1.1829183e-02;1.7750000e+02;-3.4251049e-02;1.7750000e+02;-8.0444001e-02;1.7750000e+02;-1.3146061e-01;1.7750000e+02;-6.8281211e-02;1.7750000e+02;-2.7506720e-02;1.7750000e+02;3.4759492e-02;1.7750000e+02;1.1924373e-01;1.7750000e+02;2.1821608e-01;1.7750000e+02;3.1121898e-01;1.7750000e+02;3.5463166e-01;1.7750000e+02;3.5637656e-01;1.7750000e+02;3.3778375e-01;1.7750000e+02;2.7482355e-01;1.7750000e+02;2.0311108e-01;1.7750000e+02;1.5352526e-01;1.7750000e+02;1.0587366e-01;1.7750000e+02;5.8686033e-02;1.7750000e+02;1.1829183e-02;1.7750000e+02;-3.4251049e-02;1.7750000e+02;-8.0444001e-02;1.7750000e+02;-1.3146061e-01;1.7750000e+02;-6.8281211e-02;1.7750000e+02;-2.7506720e-02;1.7750000e+02;3.4759492e-02;1.7750000e+02;1.1924373e-01;1.7750000e+02;2.1821608e-01;1.7750000e+02;3.1121898e-01;1.7750000e+02;3.5463166e-01;1.7750000e+02;3.5637656e-01;1.7750000e+02;3.3778375e-01;1.7750000e+02;2.7482355e-01;1.7750000e+02;2.0311108e-01;1.7750000e+02;1.5352526e-01;1.7750000e+02;1.0587366e-01;1.7750000e+02;5.8686033e-02;1.7750000e+02;1.1829183e-02;1.7750000e+02;-3.4251049e-02;1.7750000e+02;-8.0444001e-02;1.7750000e+02;-1.3146061e-01;1.7750000e+02;-6.8281211e-02;1.7750000e+02;-2.7506720e-02;1.7750000e+02;3.4759492e-02;1.7750000e+02;1.1924373e-01;1.7750000e+02;2.1821608e-01;1.7750000e+02;3.1121898e-01;1.7750000e+02;3.5463166e-01;1.7750000e+02;3.5637656e-01;1.7750000e+02;3.3778375e-01;1.7750000e+02;2.7482355e-01;1.7750000e+02;2.0311108e-01;1.7750000e+02;1.5352526e-01;1.7750000e+02;1.0587366e-01;1.7750000e+02;5.8686033e-02;1.7750000e+02;1.1829183e-02;1.7750000e+02;-3.4251049e-02;1.7750000e+02;-8.0444001e-02;1.7750000e+02;-1.3146061e-01;1.7750000e+02;-6.8281211e-02;1.7750000e+02;-2.7506720e-02;1.7750000e+02;3.4759492e-02;1.7750000e+02;1.1924373e-01;1.7750000e+02;2.1821608e-01;1.7750000e+02;3.1121898e-01;1.7750000e+02;3.5463166e-01;1.7750000e+02;3.5637656e-01;1.7750000e+02;3.3778375e-01;1.7750000e+02;2.7482355e-01;1.7750000e+02;2.0311108e-01;1.7750000e+02;1.5352526e-01;1.7750000e+02;1.0587366e-01;1.7750000e+02;5.8686033e-02;1.7750000e+02;1.1829183e-02;1.7750000e+02;-3.4251049e-02;1.7750000e+02;-8.0444001e-02;1.7750000e+02;-1.3146061e-01;1.7750000e+02;-6.8281211e-02;1.7750000e+02;-2.7506720e-02;1.7750000e+02;3.4759492e-02;1.7750000e+02;1.1924373e-01;1.7750000e+02;2.1821608e-01;1.7750000e+02;3.1121898e-01;1.7750000e+02;3.5463166e-01;1.7750000e+02;3.5637656e-01;1.7750000e+02;3.3778375e-01;1.7750000e+02;2.7482355e-01;1.7750000e+02;2.0311108e-01;1.7750000e+02;1.5352526e-01;1.7750000e+02;1.0587366e-01;1.7750000e+02;5.8686033e-02;1.7750000e+02;1.1829183e-02;1.7750000e+02;-3.4251049e-02;1.7750000e+02;-8.0444001e-02;1.7750000e+02;-1.3146061e-01;1.7750000e+02;-6.8281211e-02;1.7750000e+02;-2.7506720e-02;1.7750000e+02;3.4759492e-02;1.7750000e+02;1.1924373e-01;1.7750000e+02;2.1821608e-01;1.7750000e+02;3.1121898e-01;1.7750000e+02;3.5463166e-01;1.7750000e+02;3.5637656e-01;1.7750000e+02;3.3778375e-01;1.7750000e+02;2.7482355e-01;1.7750000e+02;2.0311108e-01;1.7750000e+02;1.5352526e-01;1.7750000e+02;1.0587366e-01;1.7750000e+02;5.8686033e-02;1.7750000e+02;1.1829183e-02;1.7750000e+02;-3.4251049e-02;1.7750000e+02;-8.0444001e-02;1.7750000e+02;-1.3146061e-01;1.7750000e+02;-6.8281211e-02;1.7750000e+02;-2.7506720e-02;1.7750000e+02;3.4759492e-02;1.7750000e+02;1.1924373e-01;1.7750000e+02;2.1821608e-01;1.7750000e+02;3.1121898e-01;1.7750000e+02;3.5463166e-01;1.7750000e+02;3.5637656e-01;1.7750000e+02;3.3778375e-01;1.7750000e+02;2.7482355e-01;1.7750000e+02;2.0311108e-01;1.7750000e+02;1.5352526e-01;1.7750000e+02;1.0587366e-01;1.7750000e+02;5.8686033e-02;1.7750000e+02;1.1829183e-02;1.7750000e+02;-3.4251049e-02;1.7750000e+02;-8.0444001e-02;1.7750000e+02;-1.3146061e-01;1.7750000e+02;-6.8281211e-02;1.7750000e+02;-2.7506720e-02;1.7750000e+02;3.4759492e-02;1.7750000e+02;1.1924373e-01;1.7750000e+02;2.1821608e-01;1.7750000e+02;3.1121898e-01;1.7750000e+02;3.5463166e-01;1.7750000e+02;3.5637656e-01;1.7750000e+02;3.3778375e-01;1.7750000e+02;2.7482355e-01;1.7750000e+02;2.0311108e-01;1.7750000e+02;1.5352526e-01;1.7750000e+02;1.0587366e-01;1.7750000e+02;5.8686033e-02;1.7750000e+02;1.1829183e-02;1.7750000e+02;-3.4251049e-02;1.7750000e+02;-8.0444001e-02;1.7750000e+02;-1.3146061e-01;1.7750000e+02;-6.8281211e-02;1.7750000e+02;-2.7506720e-02;1.7750000e+02;3.4759492e-02;1.7750000e+02;1.1924373e-01;1.7750000e+02;2.1821608e-01;1.7750000e+02;3.1121898e-01;1.7750000e+02;3.5463166e-01;1.7750000e+02;3.5637656e-01;1.7750000e+02;3.3778375e-01;1.7750000e+02;2.7482355e-01;1.7750000e+02;2.0311108e-01;1.7750000e+02;1.5352526e-01;1.7750000e+02;1.0587366e-01;1.7750000e+02;5.8686033e-02;1.7750000e+02;1.1829183e-02;1.7750000e+02;-3.4251049e-02;1.7750000e+02;-8.0444001e-02;1.7750000e+02;-1.3146061e-01;1.7750000e+02;-6.8281211e-02;1.7750000e+02;-2.7506720e-02;1.7750000e+02;3.4759492e-02;1.7750000e+02;1.1924373e-01;1.7750000e+02;2.1821608e-01;1.7750000e+02;3.1121898e-01;1.7750000e+02;3.5463166e-01;1.7750000e+02;3.5637656e-01;1.7750000e+02;3.3778375e-01;1.7750000e+02;2.7482355e-01;1.7750000e+02;2.0311108e-01;1.7750000e+02;1.5352526e-01;1.7750000e+02;1.0587366e-01;1.7750000e+02;5.8686033e-02;1.7750000e+02;1.1829183e-02;1.7750000e+02;-3.4251049e-02;1.7750000e+02;-8.0444001e-02;1.7750000e+02;-1.3146061e-01;1.7750000e+02;-6.8281211e-02;1.7750000e+02;-2.7506720e-02;1.7750000e+02;3.4759492e-02;1.7750000e+02;1.1924373e-01;1.7750000e+02;2.1821608e-01;1.7750000e+02;3.1121898e-01;1.7750000e+02;3.5463166e-01;1.7750000e+02;3.5637656e-01;1.7750000e+02;3.3778375e-01;1.7750000e+02;2.7482355e-01;1.7750000e+02;2.0311108e-01;1.7750000e+02;1.5352526e-01;1.7750000e+02;1.0587366e-01;1.7750000e+02;5.8686033e-02;1.7750000e+02;1.1829183e-02;1.7750000e+02;-3.4251049e-02;1.7750000e+02;-8.0444001e-02;1.7750000e+02;-1.3146061e-01;1.7750000e+02;-6.8281211e-02;1.7750000e+02;-2.7506720e-02;1.7750000e+02;3.4759492e-02;1.7750000e+02;1.1924373e-01;1.7750000e+02;2.1821608e-01;1.7750000e+02;3.1121898e-01;1.7750000e+02;3.5463166e-01;1.7750000e+02;3.5637656e-01;1.7750000e+02;3.3778375e-01;1.7750000e+02;2.7482355e-01;1.7750000e+02;2.0311108e-01;1.7750000e+02;1.5352526e-01;1.7750000e+02;1.0587366e-01;1.7750000e+02;5.8686033e-02;1.7750000e+02;1.1829183e-02;1.7750000e+02;-3.4251049e-02;1.7750000e+02;-8.0444001e-02;1.7750000e+02;-1.3146061e-01;1.7750000e+02;-6.8281211e-02;1.7750000e+02;-2.7506720e-02;1.7750000e+02;3.4759492e-02;1.7750000e+02;1.1924373e-01;1.7750000e+02;2.1821608e-01;1.7750000e+02;3.1121898e-01;1.7750000e+02;3.5463166e-01;1.7750000e+02;3.5637656e-01;1.7750000e+02;3.3778375e-01;1.7750000e+02;2.7482355e-01;1.7750000e+02;2.0311108e-01;1.7750000e+02;1.5352526e-01;1.7750000e+02;1.0587366e-01;1.7750000e+02;5.8686033e-02;1.7750000e+02;1.1829183e-02;1.7750000e+02;-3.4251049e-02;1.7750000e+02;-8.0444001e-02;1.7750000e+02;-1.3146061e-01;1.7750000e+02;-6.8281211e-02;1.7750000e+02;-2.7506720e-02;1.7750000e+02;3.4759492e-02;1.7750000e+02;1.1924373e-01;1.7750000e+02;2.1821608e-01;1.7750000e+02;3.1121898e-01;1.7750000e+02;3.5463166e-01;1.7750000e+02;3.5637656e-01;1.7750000e+02;3.3778375e-01;1.7750000e+02;2.7482355e-01;1.7750000e+02;2.0311108e-01;1.7750000e+02;1.5352526e-01;1.7750000e+02;1.0587366e-01;1.7750000e+02;5.8686033e-02;1.7750000e+02;1.1829183e-02;1.7750000e+02;-3.4251049e-02;1.7750000e+02;-8.0444001e-02;1.7750000e+02;-1.3146061e-01;1.7750000e+02;-6.8281211e-02;1.7750000e+02;-2.7506720e-02;1.7750000e+02;3.4759492e-02;1.7750000e+02;1.1924373e-01;1.7750000e+02;2.1821608e-01;1.7750000e+02;3.1121898e-01;1.7750000e+02;3.5463166e-01;1.7750000e+02;3.5637656e-01;1.7750000e+02;3.3778375e-01;1.7750000e+02;2.7482355e-01;1.7750000e+02;2.0311108e-01;1.7750000e+02;1.5352526e-01;1.7750000e+02;1.0587366e-01;1.7750000e+02;5.8686033e-02;1.7750000e+02;1.1829183e-02;1.7750000e+02;-3.4251049e-02;1.7750000e+02;-8.0444001e-02;1.7750000e+02;-1.3146061e-01;1.7750000e+02;-6.8281211e-02;1.7750000e+02;-2.7506720e-02;1.7750000e+02;3.4759492e-02;1.7750000e+02;1.1924373e-01;1.7750000e+02;2.1821608e-01;1.7750000e+02;3.1121898e-01;1.7750000e+02;3.5463166e-01;1.7750000e+02;3.5637656e-01;1.7750000e+02;3.3778375e-01;1.7750000e+02;2.7482355e-01;1.7750000e+02;2.0311108e-01;1.7750000e+02;1.5352526e-01;1.7750000e+02;1.0587366e-01;1.7750000e+02;5.8686033e-02;1.7750000e+02;1.1829183e-02;1.7750000e+02;-3.4251049e-02;1.7750000e+02;-8.0444001e-02;1.7750000e+02;-1.3146061e-01;1.7750000e+02;-6.8281211e-02;1.7750000e+02;-2.7506720e-02;1.7750000e+02;3.4759492e-02;1.7750000e+02;1.1924373e-01;1.7750000e+02;2.1821608e-01;1.7750000e+02;3.1121898e-01;1.7750000e+02;3.5463166e-01;1.7750000e+02;3.5637656e-01;1.7750000e+02;3.3778375e-01;1.7750000e+02;2.7482355e-01;1.7750000e+02;2.0311108e-01;1.7750000e+02;1.5352526e-01;1.7750000e+02;1.0587366e-01;1.7750000e+02;5.8686033e-02;1.7750000e+02;1.1829183e-02;1.7750000e+02;-3.4251049e-02;1.7750000e+02;-8.0444001e-02;1.7750000e+02;-1.3146061e-01;1.7750000e+02;-6.8281211e-02;1.7750000e+02;-2.7506720e-02;1.7750000e+02;3.4759492e-02;1.7750000e+02;1.1924373e-01;1.7750000e+02;2.1821608e-01;1.7750000e+02;3.1121898e-01;1.7750000e+02;3.5463166e-01;1.7750000e+02;3.5637656e-01;1.7750000e+02;3.3778375e-01;1.7750000e+02;2.7482355e-01;1.7750000e+02;2.0311108e-01;1.7750000e+02;1.5352526e-01;1.7750000e+02;1.0587366e-01;1.7750000e+02;5.8686033e-02;1.7750000e+02;1.1829183e-02;1.7750000e+02;-3.4251049e-02;1.7750000e+02;-8.0444001e-02;1.7750000e+02;-1.3146061e-01;1.7750000e+02;-6.8281211e-02;1.7750000e+02;-2.7506720e-02;1.7750000e+02;3.4759492e-02;1.7750000e+02;1.1924373e-01;1.7750000e+02;2.1821608e-01;1.7750000e+02;3.1121898e-01;1.7750000e+02;3.5463166e-01;1.7750000e+02;3.5637656e-01;1.7750000e+02;3.3778375e-01;1.7750000e+02;2.7482355e-01;1.7750000e+02;2.0311108e-01;1.7750000e+02;1.5352526e-01;1.7750000e+02;1.0587366e-01;1.7750000e+02;5.8686033e-02;1.7750000e+02;1.1829183e-02;1.7750000e+02;-3.4251049e-02;1.7750000e+02;-8.0444001e-02;1.7750000e+02;-1.3146061e-01;1.7750000e+02;-6.8281211e-02;1.7750000e+02;-2.7506720e-02;1.7750000e+02;3.4759492e-02;1.7750000e+02;1.1924373e-01;1.7750000e+02;2.1821608e-01;1.7750000e+02;3.1121898e-01;1.7750000e+02;3.5463166e-01;1.7750000e+02;3.5637656e-01;1.7750000e+02;3.3778375e-01;1.7750000e+02;2.7482355e-01;1.7750000e+02;2.0311108e-01;1.7750000e+02;1.5352526e-01;1.7750000e+02;1.0587366e-01;1.7750000e+02;5.8686033e-02;1.7750000e+02;1.1829183e-02;1.7750000e+02;-3.4251049e-02;1.7750000e+02;-8.0444001e-02;1.7750000e+02;-1.3146061e-01;1.7750000e+02;-6.8281211e-02;1.7750000e+02;-2.7506720e-02;1.7750000e+02;3.4759492e-02;1.7750000e+02;1.1924373e-01;1.7750000e+02;2.1821608e-01;1.7750000e+02;3.1121898e-01;1.7750000e+02;3.5463166e-01;1.7750000e+02;3.5637656e-01;1.7750000e+02;3.3778375e-01;1.7750000e+02;2.7482355e-01;1.7750000e+02;2.0311108e-01;1.7750000e+02;1.5352526e-01;1.7750000e+02;1.0587366e-01;1.7750000e+02;5.8686033e-02;1.7750000e+02;1.1829183e-02;1.7750000e+02;-3.4251049e-02;1.7750000e+02;-8.0444001e-02;1.7750000e+02;-1.3146061e-01;1.7750000e+02;-6.8281211e-02;1.7750000e+02;-2.7506720e-02;1.7750000e+02;3.4759492e-02;1.7750000e+02;1.1924373e-01;1.7750000e+02;2.1821608e-01;1.7750000e+02;3.1121898e-01;1.7750000e+02;3.5463166e-01;1.7750000e+02;3.5637656e-01;1.7750000e+02;3.3778375e-01;1.7750000e+02;2.7482355e-01;1.7750000e+02;2.0311108e-01;1.7750000e+02;1.5352526e-01;1.7750000e+02;1.0587366e-01;1.7750000e+02;5.8686033e-02;1.7750000e+02;1.1829183e-02;1.7750000e+02;-3.4251049e-02;1.7750000e+02;-8.0444001e-02;1.7750000e+02;-1.3146061e-01;1.7750000e+02;-6.8281211e-02;1.7750000e+02;-2.7506720e-02;1.7750000e+02;3.4759492e-02;1.7750000e+02;1.1924373e-01;1.7750000e+02;2.1821608e-01;1.7750000e+02;3.1121898e-01;1.7750000e+02;3.5463166e-01;1.7750000e+02;3.5637656e-01;1.7750000e+02;3.3778375e-01;1.7750000e+02;2.7482355e-01;1.7750000e+02;2.0311108e-01;1.7750000e+02;1.5352526e-01;1.7750000e+02;1.0587366e-01;1.7750000e+02;5.8686033e-02;1.7750000e+02;1.1829183e-02;1.7750000e+02;-3.4251049e-02;1.7750000e+02;-8.0444001e-02;1.7750000e+02;-1.3146061e-01;1.7750000e+02;-6.8281211e-02;1.7750000e+02;-2.7506720e-02;1.7750000e+02;3.4759492e-02;1.7750000e+02;1.1924373e-01;1.7750000e+02;2.1821608e-01;1.7750000e+02;3.1121898e-01;1.7750000e+02;3.5463166e-01;1.7750000e+02;3.5637656e-01;1.7750000e+02;3.3778375e-01;1.7750000e+02;2.7482355e-01;1.7750000e+02;2.0311108e-01;1.7750000e+02;1.5352526e-01;1.7750000e+02;1.0587366e-01;1.7750000e+02;5.8686033e-02;1.7750000e+02;1.1829183e-02;1.7750000e+02;-3.4251049e-02;1.7750000e+02;-8.0444001e-02;1.7750000e+02;-1.3146061e-01;1.7750000e+02;-6.8281211e-02;1.7750000e+02;-2.7506720e-02;1.7750000e+02;3.4759492e-02;1.7750000e+02;1.1924373e-01;1.7750000e+02;2.1821608e-01;1.7750000e+02;3.1121898e-01;1.7750000e+02;3.5463166e-01;1.7750000e+02;3.5637656e-01;1.7750000e+02;3.3778375e-01;1.7750000e+02;2.7482355e-01;1.7750000e+02;2.0311108e-01;1.7750000e+02;1.5352526e-01;1.7750000e+02;1.0587366e-01;1.7750000e+02;5.8686033e-02;1.7750000e+02;1.1829183e-02;1.7750000e+02;-3.4251049e-02;1.7750000e+02;-8.0444001e-02;1.7750000e+02;-1.3146061e-01;1.7750000e+02;-6.8281211e-02;1.7750000e+02;-2.7506720e-02;1.7750000e+02;3.4759492e-02;1.7750000e+02;1.1924373e-01;1.7750000e+02;2.1821608e-01;1.7750000e+02;3.1121898e-01;1.7750000e+02;3.5463166e-01;1.7750000e+02;3.5637656e-01;1.7750000e+02;3.3778375e-01;1.7750000e+02;2.7482355e-01;1.7750000e+02;2.0311108e-01;1.7750000e+02;1.5352526e-01;1.7750000e+02;1.0587366e-01;1.7750000e+02;5.8686033e-02;1.7750000e+02;1.1829183e-02;1.7750000e+02;-3.4251049e-02;1.7750000e+02;-8.0444001e-02;1.7750000e+02;-1.3146061e-01;1.7750000e+02;-6.8281211e-02;1.7750000e+02;-2.7506720e-02;1.7750000e+02;3.4759492e-02;1.7750000e+02;1.1924373e-01;1.7750000e+02;2.1821608e-01;1.7750000e+02;3.1121898e-01;1.7750000e+02;3.5463166e-01;1.7750000e+02;3.5637656e-01;1.7750000e+02;3.3778375e-01;1.7750000e+02;2.7482355e-01;1.7750000e+02;2.0311108e-01;1.7750000e+02;1.5352526e-01;1.7750000e+02;1.0587366e-01;1.7750000e+02;5.8686033e-02;1.7750000e+02;1.1829183e-02;1.7750000e+02;-3.4251049e-02;1.7750000e+02;-8.0444001e-02;1.7750000e+02;-1.3146061e-01;1.7750000e+02;-6.8281211e-02;1.7750000e+02;-2.7506720e-02;1.7750000e+02;3.4759492e-02;1.7750000e+02;1.1924373e-01;1.7750000e+02;2.1821608e-01;1.7750000e+02;3.1121898e-01;1.7750000e+02;3.5463166e-01;1.7750000e+02;3.5637656e-01;1.7750000e+02;3.3778375e-01;1.7750000e+02;2.7482355e-01;1.7750000e+02;2.0311108e-01;1.7750000e+02;1.5352526e-01;1.7750000e+02;1.0587366e-01;1.7750000e+02;5.8686033e-02;1.7750000e+02;1.1829183e-02;1.7750000e+02;-3.4251049e-02;1.7750000e+02;-8.0444001e-02;1.7750000e+02;-1.3146061e-01;1.7750000e+02;-6.8281211e-02;1.7750000e+02;-2.7506720e-02;1.7750000e+02;3.4759492e-02;1.7750000e+02;1.1924373e-01;1.7750000e+02;2.1821608e-01;1.7750000e+02;3.1121898e-01;1.7750000e+02;3.5463166e-01;1.7750000e+02;3.5637656e-01;1.7750000e+02;3.3778375e-01;1.7750000e+02;2.7482355e-01;1.7750000e+02;2.0311108e-01;1.7750000e+02;1.5352526e-01;1.7750000e+02;1.0587366e-01;1.7750000e+02;5.8686033e-02;1.7750000e+02;1.1829183e-02;1.7750000e+02;-3.4251049e-02;1.7750000e+02;-8.0444001e-02;1.7750000e+02;-1.3146061e-01;1.7750000e+02;-6.8281211e-02;1.7750000e+02;-2.7506720e-02;1.7750000e+02;3.4759492e-02;1.7750000e+02;1.1924373e-01;1.7750000e+02;2.1821608e-01;1.7750000e+02;3.1121898e-01;1.7750000e+02;3.5463166e-01;1.7750000e+02;3.5637656e-01;1.7750000e+02;3.3778375e-01;1.7750000e+02;2.7482355e-01;1.7750000e+02;2.0311108e-01;1.7750000e+02;1.5352526e-01;1.7750000e+02;1.0587366e-01;1.7750000e+02;5.8686033e-02;1.7750000e+02;1.1829183e-02;1.7750000e+02;-3.4251049e-02;1.7750000e+02;-8.0444001e-02;1.7750000e+02;-1.3146061e-01;1.7750000e+02;-6.8281211e-02;1.7750000e+02;-2.7506720e-02;1.7750000e+02;3.4759492e-02;1.7750000e+02;1.1924373e-01;1.7750000e+02;2.1821608e-01;1.7750000e+02;3.1121898e-01;1.7750000e+02;3.5463166e-01;1.7750000e+02;3.5637656e-01;1.7750000e+02;3.3778375e-01;1.7750000e+02;2.7482355e-01;1.7750000e+02;2.0311108e-01;1.7750000e+02;1.5352526e-01;1.7750000e+02;1.0587366e-01;1.7750000e+02;5.8686033e-02;1.7750000e+02;1.1829183e-02;1.7750000e+02;-3.4251049e-02;1.7750000e+02;-8.0444001e-02;1.7750000e+02;-1.3146061e-01;1.7750000e+02;-6.8281211e-02;1.7750000e+02;-2.7506720e-02;1.7750000e+02;3.4759492e-02;1.7750000e+02;1.1924373e-01;1.7750000e+02;2.1821608e-01;1.7750000e+02;3.1121898e-01;1.7750000e+02;3.5463166e-01;1.7750000e+02;3.5637656e-01;1.7750000e+02;3.3778375e-01;1.7750000e+02;2.7482355e-01;1.7750000e+02;2.0311108e-01;1.7750000e+02;1.5352526e-01;1.7750000e+02;1.0587366e-01;1.7750000e+02;5.8686033e-02;1.7750000e+02;1.1829183e-02;1.7750000e+02;-3.4251049e-02;1.7750000e+02;-8.0444001e-02;1.7750000e+02;-1.3146061e-01;1.7750000e+02;-6.8281211e-02;1.7750000e+02;-2.7506720e-02;1.7750000e+02;3.4759492e-02;1.7750000e+02;1.1924373e-01;1.7750000e+02;2.1821608e-01;1.7750000e+02;3.1121898e-01;1.7750000e+02;3.5463166e-01;1.7750000e+02;3.5637656e-01;1.7750000e+02;3.3778375e-01;1.7750000e+02;2.7482355e-01;1.7750000e+02;2.0311108e-01;1.7750000e+02;1.5352526e-01;1.7750000e+02;1.0587366e-01;1.7750000e+02;5.8686033e-02;1.7750000e+02;1.1829183e-02;1.7750000e+02;-3.4251049e-02;1.7750000e+02;-8.0444001e-02;1.7750000e+02;-1.3146061e-01;1.7750000e+02;-6.8281211e-02;1.7750000e+02;-2.7506720e-02;1.7750000e+02;3.4759492e-02;1.7750000e+02;1.1924373e-01;1.7750000e+02;2.1821608e-01;1.7750000e+02;3.1121898e-01;1.7750000e+02;3.5463166e-01;1.7750000e+02;3.5637656e-01;1.7750000e+02;3.3778375e-01;1.7750000e+02;2.7482355e-01;1.7750000e+02;2.0311108e-01;1.7750000e+02;1.5352526e-01;1.7750000e+02;1.0587366e-01;1.7750000e+02;5.8686033e-02;1.7750000e+02;1.1829183e-02;1.7750000e+02;-3.4251049e-02;1.7750000e+02;-8.0444001e-02;1.7750000e+02;-1.3146061e-01;1.7750000e+02;-6.8281211e-02;1.7750000e+02;-2.7506720e-02;1.7750000e+02;3.4759492e-02;1.7750000e+02;1.1924373e-01;1.7750000e+02;2.1821608e-01;1.7750000e+02;3.1121898e-01;1.7750000e+02;3.5463166e-01;1.7750000e+02;3.5637656e-01;1.7750000e+02;3.3778375e-01;1.7750000e+02;2.7482355e-01;1.7750000e+02;2.0311108e-01;1.7750000e+02;1.5352526e-01;1.7750000e+02;1.0587366e-01;1.7750000e+02;5.8686033e-02;1.7750000e+02;1.1829183e-02;1.7750000e+02;-3.4251049e-02;1.7750000e+02;-8.0444001e-02;1.7750000e+02;-1.3146061e-01;1.7750000e+02;-6.8281211e-02;1.7750000e+02;-2.7506720e-02;1.7750000e+02;3.4759492e-02;1.7750000e+02;1.1924373e-01;1.7750000e+02;2.1821608e-01;1.7750000e+02;3.1121898e-01;1.7750000e+02;3.5463166e-01;1.7750000e+02;3.5637656e-01;1.7750000e+02;3.3778375e-01;1.7750000e+02;2.7482355e-01;1.7750000e+02;2.0311108e-01;1.7750000e+02;1.5352526e-01;1.7750000e+02;1.0587366e-01;1.7750000e+02;5.8686033e-02;1.7750000e+02;1.1829183e-02;1.7750000e+02;-3.4251049e-02;1.7750000e+02;-8.0444001e-02;1.7750000e+02;-1.3146061e-01;1.7750000e+02;-6.8281211e-02;1.7750000e+02;-2.7506720e-02;1.7750000e+02;3.4759492e-02;1.7750000e+02;1.1924373e-01;1.7750000e+02;2.1821608e-01;1.7750000e+02;3.1121898e-01;1.7750000e+02;3.5463166e-01;1.7750000e+02;3.5637656e-01;1.7750000e+02;3.3778375e-01;1.7750000e+02;2.7482355e-01;1.7750000e+02;2.0311108e-01;1.7750000e+02;1.5352526e-01;1.7750000e+02;1.0587366e-01;1.7750000e+02;5.8686033e-02;1.7750000e+02;1.1829183e-02;1.7750000e+02;-3.4251049e-02;1.7750000e+02;-8.0444001e-02;1.7750000e+02;-1.3146061e-01;1.7750000e+02;-6.8281211e-02;1.7750000e+02;-2.7506720e-02;1.7750000e+02;3.4759492e-02;1.7750000e+02;1.1924373e-01;1.7750000e+02;2.1821608e-01;1.7750000e+02;3.1121898e-01;1.7750000e+02;3.5463166e-01;1.7750000e+02;3.5637656e-01;1.7750000e+02;3.3778375e-01;1.7750000e+02;2.7482355e-01;1.7750000e+02;2.0311108e-01;1.7750000e+02;1.5352526e-01;1.7750000e+02;1.0587366e-01;1.7750000e+02;5.8686033e-02;1.7750000e+02;1.1829183e-02;1.7750000e+02;-3.4251049e-02;1.7750000e+02;-8.0444001e-02;1.7750000e+02;-1.3146061e-01;1.7750000e+02;-6.8281211e-02;1.7750000e+02;-2.7506720e-02;1.7750000e+02;3.4759492e-02;1.7750000e+02;1.1924373e-01;1.7750000e+02;2.1821608e-01;1.7750000e+02;3.1121898e-01;1.7750000e+02;3.5463166e-01;1.7750000e+02;3.5637656e-01;1.7750000e+02;3.3778375e-01;1.7750000e+02;2.7482355e-01;1.7750000e+02;2.0311108e-01;1.7750000e+02;1.5352526e-01;1.7750000e+02;1.0587366e-01;1.7750000e+02;5.8686033e-02;1.7750000e+02;1.1829183e-02;1.7750000e+02;-3.4251049e-02;1.7750000e+02;-8.0444001e-02;1.7750000e+02;-1.3146061e-01;1.7750000e+02;-6.8281211e-02;1.7750000e+02;-2.7506720e-02;1.7750000e+02;3.4759492e-02;1.7750000e+02;1.1924373e-01;1.7750000e+02;2.1821608e-01;1.7750000e+02;3.1121898e-01;1.7750000e+02;3.5463166e-01;1.7750000e+02;3.5637656e-01;1.7750000e+02;3.3778375e-01;1.7750000e+02;2.7482355e-01;1.7750000e+02;2.0311108e-01;1.7750000e+02;1.5352526e-01;1.7750000e+02;1.0587366e-01;1.7750000e+02;5.8686033e-02;1.7750000e+02;1.1829183e-02;1.7750000e+02;-3.4251049e-02;1.7750000e+02;-8.0444001e-02;1.7750000e+02;-1.3146061e-01;1.7750000e+02;-6.8281211e-02;1.7750000e+02;-2.7506720e-02;1.7750000e+02;3.4759492e-02;1.7750000e+02;1.1924373e-01;1.7750000e+02;2.1821608e-01;1.7750000e+02;3.1121898e-01;1.7750000e+02;3.5463166e-01;1.7750000e+02;3.5637656e-01;1.7750000e+02;3.3778375e-01;1.7750000e+02;2.7482355e-01;1.7750000e+02;2.0311108e-01;1.7750000e+02;1.5352526e-01;1.7750000e+02;1.0587366e-01;1.7750000e+02;5.8686033e-02;1.7750000e+02;1.1829183e-02;1.7750000e+02;-3.4251049e-02;1.7750000e+02;-8.0444001e-02;1.7750000e+02;-1.3146061e-01;1.7750000e+02;-6.8281211e-02;1.7750000e+02;-2.7506720e-02;1.7750000e+02;3.4759492e-02;1.7750000e+02;1.1924373e-01;1.7750000e+02;2.1821608e-01;1.7750000e+02;3.1121898e-01;1.7750000e+02;3.5463166e-01;1.7750000e+02;3.5637656e-01;1.7750000e+02;3.3778375e-01;1.7750000e+02;2.7482355e-01;1.7750000e+02;2.0311108e-01;1.7750000e+02;1.5352526e-01;1.7750000e+02;1.0587366e-01;1.7750000e+02;5.8686033e-02;1.7750000e+02;1.1829183e-02;1.7750000e+02;-3.4251049e-02;1.7750000e+02;-8.0444001e-02;1.7750000e+02;-1.3146061e-01;1.7750000e+02;-6.8281211e-02;1.7750000e+02;-2.7506720e-02;1.7750000e+02;3.4759492e-02;1.7750000e+02;1.1924373e-01;1.7750000e+02;2.1821608e-01;1.7750000e+02;3.1121898e-01;1.7750000e+02;3.5463166e-01;1.7750000e+02;3.5637656e-01;1.7750000e+02;3.3778375e-01;1.7750000e+02;2.7482355e-01;1.7750000e+02;2.0311108e-01;1.7750000e+02;1.5352526e-01;1.7750000e+02;1.0587366e-01;1.7750000e+02;5.8686033e-02;1.7750000e+02;1.1829183e-02;1.7750000e+02;-3.4251049e-02;1.7750000e+02;-8.0444001e-02;1.7750000e+02;-1.3146061e-01;1.7750000e+02;-6.8281211e-02;1.7750000e+02;-2.7506720e-02;1.7750000e+02;3.4759492e-02;1.7750000e+02;1.1924373e-01;1.7750000e+02;2.1821608e-01;1.7750000e+02;3.1121898e-01;1.7750000e+02;3.5463166e-01;1.7750000e+02;3.5637656e-01;1.7750000e+02;3.3778375e-01;1.7750000e+02;2.7482355e-01;1.7750000e+02;2.0311108e-01;1.7750000e+02;1.5352526e-01;1.7750000e+02;1.0587366e-01;1.7750000e+02;5.8686033e-02;1.7750000e+02;1.1829183e-02;1.7750000e+02;-3.4251049e-02;1.7750000e+02;-8.0444001e-02;1.7750000e+02;-1.3146061e-01;1.7750000e+02;-6.8281211e-02;1.7750000e+02;-2.7506720e-02;1.7750000e+02;3.4759492e-02;1.7750000e+02;1.1924373e-01;1.7750000e+02;2.1821608e-01;1.7750000e+02;3.1121898e-01;1.7750000e+02;3.5463166e-01;1.7750000e+02;3.5637656e-01;1.7750000e+02;3.3778375e-01;1.7750000e+02;2.7482355e-01;1.7750000e+02;2.0311108e-01;1.7750000e+02;1.5352526e-01;1.7750000e+02;1.0587366e-01;1.7750000e+02;5.8686033e-02;1.7750000e+02;1.1829183e-02;1.7750000e+02;-3.4251049e-02;1.7750000e+02;-8.0444001e-02;1.7750000e+02;-1.3146061e-01;1.7750000e+02;-6.8281211e-02;1.7750000e+02;-2.7506720e-02;1.7750000e+02;3.4759492e-02;1.7750000e+02;1.1924373e-01;1.7750000e+02;2.1821608e-01;1.7750000e+02;3.1121898e-01;1.7750000e+02;3.5463166e-01;1.7750000e+02;3.5637656e-01;1.7750000e+02;3.3778375e-01;1.7750000e+02;2.7482355e-01;1.7750000e+02;2.0311108e-01;1.7750000e+02;1.5352526e-01;1.7750000e+02;1.0587366e-01;1.7750000e+02;5.8686033e-02;1.7750000e+02;1.1829183e-02;1.7750000e+02;-3.4251049e-02;1.7750000e+02;-8.0444001e-02;1.7750000e+02;-1.3146061e-01;1.7750000e+02;-6.8281211e-02;1.7750000e+02;-2.7506720e-02;1.7750000e+02;3.4759492e-02;1.7750000e+02;1.1924373e-01;1.7750000e+02;2.1821608e-01;1.7750000e+02;3.1121898e-01;1.7750000e+02;3.5463166e-01;1.7750000e+02;3.5637656e-01;1.7750000e+02;3.3778375e-01;1.7750000e+02;2.7482355e-01;1.7750000e+02;2.0311108e-01;1.7750000e+02;1.5352526e-01;1.7750000e+02;1.0587366e-01;1.7750000e+02;5.8686033e-02;1.7750000e+02;1.1829183e-02;1.7750000e+02;-3.4251049e-02;1.7750000e+02;-8.0444001e-02;1.7750000e+02;-1.3146061e-01;1.7750000e+02;-6.8281211e-02;1.7750000e+02;-2.7506720e-02;1.7750000e+02;3.4759492e-02;1.7750000e+02;1.1924373e-01;1.7750000e+02;2.1821608e-01;1.7750000e+02;3.1121898e-01;1.7750000e+02;3.5463166e-01;1.7750000e+02;3.5637656e-01;1.7750000e+02;3.3778375e-01;1.7750000e+02;2.7482355e-01;1.7750000e+02;2.0311108e-01;1.7750000e+02;1.5352526e-01;1.7750000e+02;1.0587366e-01;1.7750000e+02;5.8686033e-02;1.7750000e+02;1.1829183e-02;1.7750000e+02;-3.4251049e-02;1.7750000e+02;-8.0444001e-02;1.7750000e+02;-1.3146061e-01;1.7750000e+02;-6.8281211e-02;1.7750000e+02;-2.7506720e-02;1.7750000e+02;3.4759492e-02;1.7750000e+02;1.1924373e-01;1.7750000e+02;2.1821608e-01;1.7750000e+02;3.1121898e-01;1.7750000e+02;3.5463166e-01;1.7750000e+02;3.5637656e-01;1.7750000e+02;3.3778375e-01;1.7750000e+02;2.7482355e-01;1.7750000e+02;2.0311108e-01;1.7750000e+02;1.5352526e-01;1.7750000e+02;1.0587366e-01;1.7750000e+02;5.8686033e-02;1.7750000e+02;1.1829183e-02;1.7750000e+02;-3.4251049e-02;1.7750000e+02;-8.0444001e-02;1.7750000e+02;-1.3146061e-01;1.7750000e+02;-6.8281211e-02;1.7750000e+02;-2.7506720e-02;1.7750000e+02;3.4759492e-02;1.7750000e+02;1.1924373e-01;1.7750000e+02;2.1821608e-01;1.7750000e+02;3.1121898e-01;1.7750000e+02;3.5463166e-01;1.7750000e+02;3.5637656e-01;1.7750000e+02;3.3778375e-01;1.7750000e+02;2.7482355e-01;1.7750000e+02;2.0311108e-01;1.7750000e+02;1.5352526e-01;1.7750000e+02;1.0587366e-01;1.7750000e+02;5.8686033e-02;1.7750000e+02;1.1829183e-02;1.7750000e+02;-3.4251049e-02;1.7750000e+02;-8.0444001e-02;1.7750000e+02;-1.3146061e-01;1.7750000e+02;-6.8281211e-02;1.7750000e+02;-2.7506720e-02;1.7750000e+02;3.4759492e-02;1.7750000e+02;1.1924373e-01;1.7750000e+02;2.1821608e-01;1.7750000e+02;3.1121898e-01;1.7750000e+02;3.5463166e-01;1.7750000e+02;3.5637656e-01;1.7750000e+02;3.3778375e-01;1.7750000e+02;2.7482355e-01;1.7750000e+02;2.0311108e-01;1.7750000e+02;1.5352526e-01;1.7750000e+02;1.0587366e-01;1.7750000e+02;5.8686033e-02;1.7750000e+02;1.1829183e-02;1.7750000e+02;-3.4251049e-02;1.7750000e+02;-8.0444001e-02;1.7750000e+02;-1.3146061e-01;1.7750000e+02;-6.8281211e-02;1.7750000e+02;-2.7506720e-02;1.7750000e+02;3.4759492e-02;1.7750000e+02;1.1924373e-01;1.7750000e+02;2.1821608e-01;1.7750000e+02;3.1121898e-01;1.7750000e+02;3.5463166e-01;1.7750000e+02;3.5637656e-01;1.7750000e+02;3.3778375e-01;1.7750000e+02;2.7482355e-01;1.7750000e+02;2.0311108e-01;1.7750000e+02;1.5352526e-01;1.7750000e+02;1.0587366e-01;1.7750000e+02;5.8686033e-02;1.7750000e+02;1.1829183e-02;1.7750000e+02;-3.4251049e-02;1.7750000e+02;-8.0444001e-02;1.7750000e+02;-1.3146061e-01;1.7750000e+02;-6.8281211e-02;1.7750000e+02;-2.7506720e-02;1.7750000e+02;3.4759492e-02;1.7750000e+02;1.1924373e-01;1.7750000e+02;2.1821608e-01;1.7750000e+02;3.1121898e-01;1.7750000e+02;3.5463166e-01;1.7750000e+02;3.5637656e-01;1.7750000e+02;3.3778375e-01;1.7750000e+02;2.7482355e-01;1.7750000e+02;2.0311108e-01;1.7750000e+02;1.5352526e-01;1.7750000e+02;1.0587366e-01;1.7750000e+02;5.8686033e-02;1.7750000e+02;1.1829183e-02;1.7750000e+02;-3.4251049e-02;1.7750000e+02;-8.0444001e-02;1.7750000e+02;-1.3146061e-01;1.7750000e+02;-6.8281211e-02;1.7750000e+02;-2.7506720e-02;1.7750000e+02;3.4759492e-02;1.7750000e+02;1.1924373e-01;1.7750000e+02;2.1821608e-01;1.7750000e+02;3.1121898e-01;1.7750000e+02;3.5463166e-01;1.7750000e+02;3.5637656e-01;1.7750000e+02;3.3778375e-01;1.7750000e+02;2.7482355e-01;1.7750000e+02;2.0311108e-01;1.7750000e+02;1.5352526e-01;1.7750000e+02;1.0587366e-01;1.7750000e+02;5.8686033e-02;1.7750000e+02;1.1829183e-02;1.7750000e+02;-3.4251049e-02;1.7750000e+02;-8.0444001e-02;1.7750000e+02;-1.3146061e-01;1.7750000e+02;-6.8281211e-02;1.7750000e+02;-2.7506720e-02;1.7750000e+02;3.4759492e-02;1.7750000e+02;1.1924373e-01;1.7750000e+02;2.1821608e-01;1.7750000e+02;3.1121898e-01;1.7750000e+02;3.5463166e-01;1.7750000e+02;3.5637656e-01;1.7750000e+02;3.3778375e-01;1.7750000e+02;2.7482355e-01;1.7750000e+02;2.0311108e-01;1.7750000e+02;1.5352526e-01;1.7750000e+02;1.0587366e-01;1.7750000e+02;5.8686033e-02;1.7750000e+02;1.1829183e-02;1.7750000e+02;-3.4251049e-02;1.7750000e+02;-8.0444001e-02;1.7750000e+02;-1.3146061e-01;1.7750000e+02;-6.8281211e-02;1.7750000e+02;-2.7506720e-02;1.7750000e+02;3.4759492e-02;1.7750000e+02;1.1924373e-01;1.7750000e+02;2.1821608e-01;1.7750000e+02;3.1121898e-01;1.7750000e+02;3.5463166e-01;1.7750000e+02;3.5637656e-01;1.7750000e+02;3.3778375e-01;1.7750000e+02;2.7482355e-01;1.7750000e+02;2.0311108e-01;1.7750000e+02;1.5352526e-01;1.7750000e+02;1.0587366e-01;1.7750000e+02;5.8686033e-02;1.7750000e+02;1.1829183e-02;1.7750000e+02;-3.4251049e-02;1.7750000e+02;-8.0444001e-02;1.7750000e+02;-1.3146061e-01;1.7750000e+02;-6.8281211e-02;1.7750000e+02;-2.7506720e-02;1.7750000e+02;3.4759492e-02;1.7750000e+02;1.1924373e-01;1.7750000e+02;2.1821608e-01;1.7750000e+02;3.1121898e-01;1.7750000e+02;3.5463166e-01;1.7750000e+02;3.5637656e-01;1.7750000e+02;3.3778375e-01;1.7750000e+02;2.7482355e-01;1.7750000e+02;2.0311108e-01;1.7750000e+02;1.5352526e-01;1.7750000e+02;1.0587366e-01;1.7750000e+02;5.8686033e-02;1.7750000e+02;1.1829183e-02;1.7750000e+02;-3.4251049e-02;1.7750000e+02;-8.0444001e-02;1.7750000e+02;-1.3146061e-01;1.7750000e+02;-6.8281211e-02;1.7750000e+02;-2.7506720e-02;1.7750000e+02;3.4759492e-02;1.7750000e+02;1.1924373e-01;1.7750000e+02;2.1821608e-01;1.7750000e+02;3.1121898e-01;1.7750000e+02;3.5463166e-01;1.7750000e+02;3.5637656e-01;1.7750000e+02;3.3778375e-01;1.7750000e+02;2.7482355e-01;1.7750000e+02;2.0311108e-01;1.7750000e+02;1.5352526e-01;1.7750000e+02;1.0587366e-01;1.7750000e+02;5.8686033e-02;1.7750000e+02;1.1829183e-02;1.7750000e+02;-3.4251049e-02;1.7750000e+02;-8.0444001e-02;1.7750000e+02;-1.3146061e-01;1.7750000e+02;-6.8281211e-02;1.7750000e+02;-2.7506720e-02;1.7750000e+02;3.4759492e-02;1.7750000e+02;1.1924373e-01;1.7750000e+02;2.1821608e-01;1.7750000e+02;3.1121898e-01;1.7750000e+02;3.5463166e-01;1.7750000e+02;3.5637656e-01;1.7750000e+02;3.3778375e-01;1.7750000e+02;2.7482355e-01;1.7750000e+02;2.0311108e-01;1.7750000e+02;1.5352526e-01;1.7750000e+02;1.0587366e-01;1.7750000e+02;5.8686033e-02;1.7750000e+02;1.1829183e-02;1.7750000e+02;-3.4251049e-02;1.7750000e+02;-8.0444001e-02;1.7750000e+02;-1.3146061e-01
1.8250000e+02;-7.0186302e-02;1.8250000e+02;-3.0675707e-02;1.8250000e+02;3.2541554e-02;1.8250000e+02;1.1718579e-01;1.8250000e+02;2.1390837e-01;1.8250000e+02;3.0188084e-01;1.8250000e+02;3.4781164e-01;1.8250000e+02;3.6324006e-01;1.8250000e+02;3.5278881e-01;1.8250000e+02;2.8966454e-01;1.8250000e+02;2.0884928e-01;1.8250000e+02;1.5077332e-01;1.8250000e+02;9.7167954e-02;1.8250000e+02;4.7060423e-02;1.8250000e+02;-6.6815317e-04;1.8250000e+02;-5.0027415e-02;1.8250000e+02;-9.6532397e-02;1.8250000e+02;-1.4621750e-01;1.8250000e+02;-7.0186302e-02;1.8250000e+02;-3.0675707e-02;1.8250000e+02;3.2541554e-02;1.8250000e+02;1.1718579e-01;1.8250000e+02;2.1390837e-01;1.8250000e+02;3.0188084e-01;1.8250000e+02;3.4781164e-01;1.8250000e+02;3.6324006e-01;1.8250000e+02;3.5278881e-01;1.8250000e+02;2.8966454e-01;1.8250000e+02;2.0884928e-01;1.8250000e+02;1.5077332e-01;1.8250000e+02;9.7167954e-02;1.8250000e+02;4.7060423e-02;1.8250000e+02;-6.6815317e-04;1.8250000e+02;-5.0027415e-02;1.8250000e+02;-9.6532397e-02;1.8250000e+02;-1.4621750e-01;1.8250000e+02;-7.0186302e-02;1.8250000e+02;-3.0675707e-02;1.8250000e+02;3.2541554e-02;1.8250000e+02;1.1718579e-01;1.8250000e+02;2.1390837e-01;1.8250000e+02;3.0188084e-01;1.8250000e+02;3.4781164e-01;1.8250000e+02;3.6324006e-01;1.8250000e+02;3.5278881e-01;1.8250000e+02;2.8966454e-01;1.8250000e+02;2.0884928e-01;1.8250000e+02;1.5077332e-01;1.8250000e+02;9.7167954e-02;1.8250000e+02;4.7060423e-02;1.8250000e+02;-6.6815317e-04;1.8250000e+02;-5.0027415e-02;1.8250000e+02;-9.6532397e-02;1.8250000e+02;-1.4621750e-01;1.8250000e+02;-7.0186302e-02;1.8250000e+02;-3.0675707e-02;1.8250000e+02;3.2541554e-02;1.8250000e+02;1.1718579e-01;1.8250000e+02;2.1390837e-01;1.8250000e+02;3.0188084e-01;1.8250000e+02;3.4781164e-01;1.8250000e+02;3.6324006e-01;1.8250000e+02;3.5278881e-01;1.8250000e+02;2.8966454e-01;1.8250000e+02;2.0884928e-01;1.8250000e+02;1.5077332e-01;1.8250000e+02;9.7167954e-02;1.8250000e+02;4.7060423e-02;1.8250000e+02;-6.6815317e-04;1.8250000e+02;-5.0027415e-02;1.8250000e+02;-9.6532397e-02;1.8250000e+02;-1.4621750e-01;1.8250000e+02;-7.0186302e-02;1.8250000e+02;-3.0675707e-02;1.8250000e+02;3.2541554e-02;1.8250000e+02;1.1718579e-01;1.8250000e+02;2.1390837e-01;1.8250000e+02;3.0188084e-01;1.8250000e+02;3.4781164e-01;1.8250000e+02;3.6324006e-01;1.8250000e+02;3.5278881e-01;1.8250000e+02;2.8966454e-01;1.8250000e+02;2.0884928e-01;1.8250000e+02;1.5077332e-01;1.8250000e+02;9.7167954e-02;1.8250000e+02;4.7060423e-02;1.8250000e+02;-6.6815317e-04;1.8250000e+02;-5.0027415e-02;1.8250000e+02;-9.6532397e-02;1.8250000e+02;-1.4621750e-01;1.8250000e+02;-7.0186302e-02;1.8250000e+02;-3.0675707e-02;1.8250000e+02;3.2541554e-02;1.8250000e+02;1.1718579e-01;1.8250000e+02;2.1390837e-01;1.8250000e+02;3.0188084e-01;1.8250000e+02;3.4781164e-01;1.8250000e+02;3.6324006e-01;1.8250000e+02;3.5278881e-01;1.8250000e+02;2.8966454e-01;1.8250000e+02;2.0884928e-01;1.8250000e+02;1.5077332e-01;1.8250000e+02;9.7167954e-02;1.8250000e+02;4.7060423e-02;1.8250000e+02;-6.6815317e-04;1.8250000e+02;-5.0027415e-02;1.8250000e+02;-9.6532397e-02;1.8250000e+02;-1.4621750e-01;1.8250000e+02;-7.0186302e-02;1.8250000e+02;-3.0675707e-02;1.8250000e+02;3.2541554e-02;1.8250000e+02;1.1718579e-01;1.8250000e+02;2.1390837e-01;1.8250000e+02;3.0188084e-01;1.8250000e+02;3.4781164e-01;1.8250000e+02;3.6324006e-01;1.8250000e+02;3.5278881e-01;1.8250000e+02;2.8966454e-01;1.8250000e+02;2.0884928e-01;1.8250000e+02;1.5077332e-01;1.8250000e+02;9.7167954e-02;1.8250000e+02;4.7060423e-02;1.8250000e+02;-6.6815317e-04;1.8250000e+02;-5.0027415e-02;1.8250000e+02;-9.6532397e-02;1.8250000e+02;-1.4621750e-01;1.8250000e+02;-7.0186302e-02;1.8250000e+02;-3.0675707e-02;1.8250000e+02;3.2541554e-02;1.8250000e+02;1.1718579e-01;1.8250000e+02;2.1390837e-01;1.8250000e+02;3.0188084e-01;1.8250000e+02;3.4781164e-01;1.8250000e+02;3.6324006e-01;1.8250000e+02;3.5278881e-01;1.8250000e+02;2.8966454e-01;1.8250000e+02;2.0884928e-01;1.8250000e+02;1.5077332e-01;1.8250000e+02;9.7167954e-02;1.8250000e+02;4.7060423e-02;1.8250000e+02;-6.6815317e-04;1.8250000e+02;-5.0027415e-02;1.8250000e+02;-9.6532397e-02;1.8250000e+02;-1.4621750e-01;1.8250000e+02;-7.0186302e-02;1.8250000e+02;-3.0675707e-02;1.8250000e+02;3.2541554e-02;1.8250000e+02;1.1718579e-01;1.8250000e+02;2.1390837e-01;1.8250000e+02;3.0188084e-01;1.8250000e+02;3.4781164e-01;1.8250000e+02;3.6324006e-01;1.8250000e+02;3.5278881e-01;1.8250000e+02;2.8966454e-01;1.8250000e+02;2.0884928e-01;1.8250000e+02;1.5077332e-01;1.8250000e+02;9.7167954e-02;1.8250000e+02;4.7060423e-02;1.8250000e+02;-6.6815317e-04;1.8250000e+02;-5.0027415e-02;1.8250000e+02;-9.6532397e-02;1.8250000e+02;-1.4621750e-01;1.8250000e+02;-7.0186302e-02;1.8250000e+02;-3.0675707e-02;1.8250000e+02;3.2541554e-02;1.8250000e+02;1.1718579e-01;1.8250000e+02;2.1390837e-01;1.8250000e+02;3.0188084e-01;1.8250000e+02;3.4781164e-01;1.8250000e+02;3.6324006e-01;1.8250000e+02;3.5278881e-01;1.8250000e+02;2.8966454e-01;1.8250000e+02;2.0884928e-01;1.8250000e+02;1.5077332e-01;1.8250000e+02;9.7167954e-02;1.8250000e+02;4.7060423e-02;1.8250000e+02;-6.6815317e-04;1.8250000e+02;-5.0027415e-02;1.8250000e+02;-9.6532397e-02;1.8250000e+02;-1.4621750e-01;1.8250000e+02;-7.0186302e-02;1.8250000e+02;-3.0675707e-02;1.8250000e+02;3.2541554e-02;1.8250000e+02;1.1718579e-01;1.8250000e+02;2.1390837e-01;1.8250000e+02;3.0188084e-01;1.8250000e+02;3.4781164e-01;1.8250000e+02;3.6324006e-01;1.8250000e+02;3.5278881e-01;1.8250000e+02;2.8966454e-01;1.8250000e+02;2.0884928e-01;1.8250000e+02;1.5077332e-01;1.8250000e+02;9.7167954e-02;1.8250000e+02;4.7060423e-02;1.8250000e+02;-6.6815317e-04;1.8250000e+02;-5.0027415e-02;1.8250000e+02;-9.6532397e-02;1.8250000e+02;-1.4621750e-01;1.8250000e+02;-7.0186302e-02;1.8250000e+02;-3.0675707e-02;1.8250000e+02;3.2541554e-02;1.8250000e+02;1.1718579e-01;1.8250000e+02;2.1390837e-01;1.8250000e+02;3.0188084e-01;1.8250000e+02;3.4781164e-01;1.8250000e+02;3.6324006e-01;1.8250000e+02;3.5278881e-01;1.8250000e+02;2.8966454e-01;1.8250000e+02;2.0884928e-01;1.8250000e+02;1.5077332e-01;1.8250000e+02;9.7167954e-02;1.8250000e+02;4.7060423e-02;1.8250000e+02;-6.6815317e-04;1.8250000e+02;-5.0027415e-02;1.8250000e+02;-9.6532397e-02;1.8250000e+02;-1.4621750e-01;1.8250000e+02;-7.0186302e-02;1.8250000e+02;-3.0675707e-02;1.8250000e+02;3.2541554e-02;1.8250000e+02;1.1718579e-01;1.8250000e+02;2.1390837e-01;1.8250000e+02;3.0188084e-01;1.8250000e+02;3.4781164e-01;1.8250000e+02;3.6324006e-01;1.8250000e+02;3.5278881e-01;1.8250000e+02;2.8966454e-01;1.8250000e+02;2.0884928e-01;1.8250000e+02;1.5077332e-01;1.8250000e+02;9.7167954e-02;1.8250000e+02;4.7060423e-02;1.8250000e+02;-6.6815317e-04;1.8250000e+02;-5.0027415e-02;1.8250000e+02;-9.6532397e-02;1.8250000e+02;-1.4621750e-01;1.8250000e+02;-7.0186302e-02;1.8250000e+02;-3.0675707e-02;1.8250000e+02;3.2541554e-02;1.8250000e+02;1.1718579e-01;1.8250000e+02;2.1390837e-01;1.8250000e+02;3.0188084e-01;1.8250000e+02;3.4781164e-01;1.8250000e+02;3.6324006e-01;1.8250000e+02;3.5278881e-01;1.8250000e+02;2.8966454e-01;1.8250000e+02;2.0884928e-01;1.8250000e+02;1.5077332e-01;1.8250000e+02;9.7167954e-02;1.8250000e+02;4.7060423e-02;1.8250000e+02;-6.6815317e-04;1.8250000e+02;-5.0027415e-02;1.8250000e+02;-9.6532397e-02;1.8250000e+02;-1.4621750e-01;1.8250000e+02;-7.0186302e-02;1.8250000e+02;-3.0675707e-02;1.8250000e+02;3.2541554e-02;1.8250000e+02;1.1718579e-01;1.8250000e+02;2.1390837e-01;1.8250000e+02;3.0188084e-01;1.8250000e+02;3.4781164e-01;1.8250000e+02;3.6324006e-01;1.8250000e+02;3.5278881e-01;1.8250000e+02;2.8966454e-01;1.8250000e+02;2.0884928e-01;1.8250000e+02;1.5077332e-01;1.8250000e+02;9.7167954e-02;1.8250000e+02;4.7060423e-02;1.8250000e+02;-6.6815317e-04;1.8250000e+02;-5.0027415e-02;1.8250000e+02;-9.6532397e-02;1.8250000e+02;-1.4621750e-01;1.8250000e+02;-7.0186302e-02;1.8250000e+02;-3.0675707e-02;1.8250000e+02;3.2541554e-02;1.8250000e+02;1.1718579e-01;1.8250000e+02;2.1390837e-01;1.8250000e+02;3.0188084e-01;1.8250000e+02;3.4781164e-01;1.8250000e+02;3.6324006e-01;1.8250000e+02;3.5278881e-01;1.8250000e+02;2.8966454e-01;1.8250000e+02;2.0884928e-01;1.8250000e+02;1.5077332e-01;1.8250000e+02;9.7167954e-02;1.8250000e+02;4.7060423e-02;1.8250000e+02;-6.6815317e-04;1.8250000e+02;-5.0027415e-02;1.8250000e+02;-9.6532397e-02;1.8250000e+02;-1.4621750e-01;1.8250000e+02;-7.0186302e-02;1.8250000e+02;-3.0675707e-02;1.8250000e+02;3.2541554e-02;1.8250000e+02;1.1718579e-01;1.8250000e+02;2.1390837e-01;1.8250000e+02;3.0188084e-01;1.8250000e+02;3.4781164e-01;1.8250000e+02;3.6324006e-01;1.8250000e+02;3.5278881e-01;1.8250000e+02;2.8966454e-01;1.8250000e+02;2.0884928e-01;1.8250000e+02;1.5077332e-01;1.8250000e+02;9.7167954e-02;1.8250000e+02;4.7060423e-02;1.8250000e+02;-6.6815317e-04;1.8250000e+02;-5.0027415e-02;1.8250000e+02;-9.6532397e-02;1.8250000e+02;-1.4621750e-01;1.8250000e+02;-7.0186302e-02;1.8250000e+02;-3.0675707e-02;1.8250000e+02;3.2541554e-02;1.8250000e+02;1.1718579e-01;1.8250000e+02;2.1390837e-01;1.8250000e+02;3.0188084e-01;1.8250000e+02;3.4781164e-01;1.8250000e+02;3.6324006e-01;1.8250000e+02;3.5278881e-01;1.8250000e+02;2.8966454e-01;1.8250000e+02;2.0884928e-01;1.8250000e+02;1.5077332e-01;1.8250000e+02;9.7167954e-02;1.8250000e+02;4.7060423e-02;1.8250000e+02;-6.6815317e-04;1.8250000e+02;-5.0027415e-02;1.8250000e+02;-9.6532397e-02;1.8250000e+02;-1.4621750e-01;1.8250000e+02;-7.0186302e-02;1.8250000e+02;-3.0675707e-02;1.8250000e+02;3.2541554e-02;1.8250000e+02;1.1718579e-01;1.8250000e+02;2.1390837e-01;1.8250000e+02;3.0188084e-01;1.8250000e+02;3.4781164e-01;1.8250000e+02;3.6324006e-01;1.8250000e+02;3.5278881e-01;1.8250000e+02;2.8966454e-01;1.8250000e+02;2.0884928e-01;1.8250000e+02;1.5077332e-01;1.8250000e+02;9.7167954e-02;1.8250000e+02;4.7060423e-02;1.8250000e+02;-6.6815317e-04;1.8250000e+02;-5.0027415e-02;1.8250000e+02;-9.6532397e-02;1.8250000e+02;-1.4621750e-01;1.8250000e+02;-7.0186302e-02;1.8250000e+02;-3.0675707e-02;1.8250000e+02;3.2541554e-02;1.8250000e+02;1.1718579e-01;1.8250000e+02;2.1390837e-01;1.8250000e+02;3.0188084e-01;1.8250000e+02;3.4781164e-01;1.8250000e+02;3.6324006e-01;1.8250000e+02;3.5278881e-01;1.8250000e+02;2.8966454e-01;1.8250000e+02;2.0884928e-01;1.8250000e+02;1.5077332e-01;1.8250000e+02;9.7167954e-02;1.8250000e+02;4.7060423e-02;1.8250000e+02;-6.6815317e-04;1.8250000e+02;-5.0027415e-02;1.8250000e+02;-9.6532397e-02;1.8250000e+02;-1.4621750e-01;1.8250000e+02;-7.0186302e-02;1.8250000e+02;-3.0675707e-02;1.8250000e+02;3.2541554e-02;1.8250000e+02;1.1718579e-01;1.8250000e+02;2.1390837e-01;1.8250000e+02;3.0188084e-01;1.8250000e+02;3.4781164e-01;1.8250000e+02;3.6324006e-01;1.8250000e+02;3.5278881e-01;1.8250000e+02;2.8966454e-01;1.8250000e+02;2.0884928e-01;1.8250000e+02;1.5077332e-01;1.8250000e+02;9.7167954e-02;1.8250000e+02;4.7060423e-02;1.8250000e+02;-6.6815317e-04;1.8250000e+02;-5.0027415e-02;1.8250000e+02;-9.6532397e-02;1.8250000e+02;-1.4621750e-01;1.8250000e+02;-7.0186302e-02;1.8250000e+02;-3.0675707e-02;1.8250000e+02;3.2541554e-02;1.8250000e+02;1.1718579e-01;1.8250000e+02;2.1390837e-01;1.8250000e+02;3.0188084e-01;1.8250000e+02;3.4781164e-01;1.8250000e+02;3.6324006e-01;1.8250000e+02;3.5278881e-01;1.8250000e+02;2.8966454e-01;1.8250000e+02;2.0884928e-01;1.8250000e+02;1.5077332e-01;1.8250000e+02;9.7167954e-02;1.8250000e+02;4.7060423e-02;1.8250000e+02;-6.6815317e-04;1.8250000e+02;-5.0027415e-02;1.8250000e+02;-9.6532397e-02;1.8250000e+02;-1.4621750e-01;1.8250000e+02;-7.0186302e-02;1.8250000e+02;-3.0675707e-02;1.8250000e+02;3.2541554e-02;1.8250000e+02;1.1718579e-01;1.8250000e+02;2.1390837e-01;1.8250000e+02;3.0188084e-01;1.8250000e+02;3.4781164e-01;1.8250000e+02;3.6324006e-01;1.8250000e+02;3.5278881e-01;1.8250000e+02;2.8966454e-01;1.8250000e+02;2.0884928e-01;1.8250000e+02;1.5077332e-01;1.8250000e+02;9.7167954e-02;1.8250000e+02;4.7060423e-02;1.8250000e+02;-6.6815317e-04;1.8250000e+02;-5.0027415e-02;1.8250000e+02;-9.6532397e-02;1.8250000e+02;-1.4621750e-01;1.8250000e+02;-7.0186302e-02;1.8250000e+02;-3.0675707e-02;1.8250000e+02;3.2541554e-02;1.8250000e+02;1.1718579e-01;1.8250000e+02;2.1390837e-01;1.8250000e+02;3.0188084e-01;1.8250000e+02;3.4781164e-01;1.8250000e+02;3.6324006e-01;1.8250000e+02;3.5278881e-01;1.8250000e+02;2.8966454e-01;1.8250000e+02;2.0884928e-01;1.8250000e+02;1.5077332e-01;1.8250000e+02;9.7167954e-02;1.8250000e+02;4.7060423e-02;1.8250000e+02;-6.6815317e-04;1.8250000e+02;-5.0027415e-02;1.8250000e+02;-9.6532397e-02;1.8250000e+02;-1.4621750e-01;1.8250000e+02;-7.0186302e-02;1.8250000e+02;-3.0675707e-02;1.8250000e+02;3.2541554e-02;1.8250000e+02;1.1718579e-01;1.8250000e+02;2.1390837e-01;1.8250000e+02;3.0188084e-01;1.8250000e+02;3.4781164e-01;1.8250000e+02;3.6324006e-01;1.8250000e+02;3.5278881e-01;1.8250000e+02;2.8966454e-01;1.8250000e+02;2.0884928e-01;1.8250000e+02;1.5077332e-01;1.8250000e+02;9.7167954e-02;1.8250000e+02;4.7060423e-02;1.8250000e+02;-6.6815317e-04;1.8250000e+02;-5.0027415e-02;1.8250000e+02;-9.6532397e-02;1.8250000e+02;-1.4621750e-01;1.8250000e+02;-7.0186302e-02;1.8250000e+02;-3.0675707e-02;1.8250000e+02;3.2541554e-02;1.8250000e+02;1.1718579e-01;1.8250000e+02;2.1390837e-01;1.8250000e+02;3.0188084e-01;1.8250000e+02;3.4781164e-01;1.8250000e+02;3.6324006e-01;1.8250000e+02;3.5278881e-01;1.8250000e+02;2.8966454e-01;1.8250000e+02;2.0884928e-01;1.8250000e+02;1.5077332e-01;1.8250000e+02;9.7167954e-02;1.8250000e+02;4.7060423e-02;1.8250000e+02;-6.6815317e-04;1.8250000e+02;-5.0027415e-02;1.8250000e+02;-9.6532397e-02;1.8250000e+02;-1.4621750e-01;1.8250000e+02;-7.0186302e-02;1.8250000e+02;-3.0675707e-02;1.8250000e+02;3.2541554e-02;1.8250000e+02;1.1718579e-01;1.8250000e+02;2.1390837e-01;1.8250000e+02;3.0188084e-01;1.8250000e+02;3.4781164e-01;1.8250000e+02;3.6324006e-01;1.8250000e+02;3.5278881e-01;1.8250000e+02;2.8966454e-01;1.8250000e+02;2.0884928e-01;1.8250000e+02;1.5077332e-01;1.8250000e+02;9.7167954e-02;1.8250000e+02;4.7060423e-02;1.8250000e+02;-6.6815317e-04;1.8250000e+02;-5.0027415e-02;1.8250000e+02;-9.6532397e-02;1.8250000e+02;-1.4621750e-01;1.8250000e+02;-7.0186302e-02;1.8250000e+02;-3.0675707e-02;1.8250000e+02;3.2541554e-02;1.8250000e+02;1.1718579e-01;1.8250000e+02;2.1390837e-01;1.8250000e+02;3.0188084e-01;1.8250000e+02;3.4781164e-01;1.8250000e+02;3.6324006e-01;1.8250000e+02;3.5278881e-01;1.8250000e+02;2.8966454e-01;1.8250000e+02;2.0884928e-01;1.8250000e+02;1.5077332e-01;1.8250000e+02;9.7167954e-02;1.8250000e+02;4.7060423e-02;1.8250000e+02;-6.6815317e-04;1.8250000e+02;-5.0027415e-02;1.8250000e+02;-9.6532397e-02;1.8250000e+02;-1.4621750e-01;1.8250000e+02;-7.0186302e-02;1.8250000e+02;-3.0675707e-02;1.8250000e+02;3.2541554e-02;1.8250000e+02;1.1718579e-01;1.8250000e+02;2.1390837e-01;1.8250000e+02;3.0188084e-01;1.8250000e+02;3.4781164e-01;1.8250000e+02;3.6324006e-01;1.8250000e+02;3.5278881e-01;1.8250000e+02;2.8966454e-01;1.8250000e+02;2.0884928e-01;1.8250000e+02;1.5077332e-01;1.8250000e+02;9.7167954e-02;1.8250000e+02;4.7060423e-02;1.8250000e+02;-6.6815317e-04;1.8250000e+02;-5.0027415e-02;1.8250000e+02;-9.6532397e-02;1.8250000e+02;-1.4621750e-01;1.8250000e+02;-7.0186302e-02;1.8250000e+02;-3.0675707e-02;1.8250000e+02;3.2541554e-02;1.8250000e+02;1.1718579e-01;1.8250000e+02;2.1390837e-01;1.8250000e+02;3.0188084e-01;1.8250000e+02;3.4781164e-01;1.8250000e+02;3.6324006e-01;1.8250000e+02;3.5278881e-01;1.8250000e+02;2.8966454e-01;1.8250000e+02;2.0884928e-01;1.8250000e+02;1.5077332e-01;1.8250000e+02;9.7167954e-02;1.8250000e+02;4.7060423e-02;1.8250000e+02;-6.6815317e-04;1.8250000e+02;-5.0027415e-02;1.8250000e+02;-9.6532397e-02;1.8250000e+02;-1.4621750e-01;1.8250000e+02;-7.0186302e-02;1.8250000e+02;-3.0675707e-02;1.8250000e+02;3.2541554e-02;1.8250000e+02;1.1718579e-01;1.8250000e+02;2.1390837e-01;1.8250000e+02;3.0188084e-01;1.8250000e+02;3.4781164e-01;1.8250000e+02;3.6324006e-01;1.8250000e+02;3.5278881e-01;1.8250000e+02;2.8966454e-01;1.8250000e+02;2.0884928e-01;1.8250000e+02;1.5077332e-01;1.8250000e+02;9.7167954e-02;1.8250000e+02;4.7060423e-02;1.8250000e+02;-6.6815317e-04;1.8250000e+02;-5.0027415e-02;1.8250000e+02;-9.6532397e-02;1.8250000e+02;-1.4621750e-01;1.8250000e+02;-7.0186302e-02;1.8250000e+02;-3.0675707e-02;1.8250000e+02;3.2541554e-02;1.8250000e+02;1.1718579e-01;1.8250000e+02;2.1390837e-01;1.8250000e+02;3.0188084e-01;1.8250000e+02;3.4781164e-01;1.8250000e+02;3.6324006e-01;1.8250000e+02;3.5278881e-01;1.8250000e+02;2.8966454e-01;1.8250000e+02;2.0884928e-01;1.8250000e+02;1.5077332e-01;1.8250000e+02;9.7167954e-02;1.8250000e+02;4.7060423e-02;1.8250000e+02;-6.6815317e-04;1.8250000e+02;-5.0027415e-02;1.8250000e+02;-9.6532397e-02;1.8250000e+02;-1.4621750e-01;1.8250000e+02;-7.0186302e-02;1.8250000e+02;-3.0675707e-02;1.8250000e+02;3.2541554e-02;1.8250000e+02;1.1718579e-01;1.8250000e+02;2.1390837e-01;1.8250000e+02;3.0188084e-01;1.8250000e+02;3.4781164e-01;1.8250000e+02;3.6324006e-01;1.8250000e+02;3.5278881e-01;1.8250000e+02;2.8966454e-01;1.8250000e+02;2.0884928e-01;1.8250000e+02;1.5077332e-01;1.8250000e+02;9.7167954e-02;1.8250000e+02;4.7060423e-02;1.8250000e+02;-6.6815317e-04;1.8250000e+02;-5.0027415e-02;1.8250000e+02;-9.6532397e-02;1.8250000e+02;-1.4621750e-01;1.8250000e+02;-7.0186302e-02;1.8250000e+02;-3.0675707e-02;1.8250000e+02;3.2541554e-02;1.8250000e+02;1.1718579e-01;1.8250000e+02;2.1390837e-01;1.8250000e+02;3.0188084e-01;1.8250000e+02;3.4781164e-01;1.8250000e+02;3.6324006e-01;1.8250000e+02;3.5278881e-01;1.8250000e+02;2.8966454e-01;1.8250000e+02;2.0884928e-01;1.8250000e+02;1.5077332e-01;1.8250000e+02;9.7167954e-02;1.8250000e+02;4.7060423e-02;1.8250000e+02;-6.6815317e-04;1.8250000e+02;-5.0027415e-02;1.8250000e+02;-9.6532397e-02;1.8250000e+02;-1.4621750e-01;1.8250000e+02;-7.0186302e-02;1.8250000e+02;-3.0675707e-02;1.8250000e+02;3.2541554e-02;1.8250000e+02;1.1718579e-01;1.8250000e+02;2.1390837e-01;1.8250000e+02;3.0188084e-01;1.8250000e+02;3.4781164e-01;1.8250000e+02;3.6324006e-01;1.8250000e+02;3.5278881e-01;1.8250000e+02;2.8966454e-01;1.8250000e+02;2.0884928e-01;1.8250000e+02;1.5077332e-01;1.8250000e+02;9.7167954e-02;1.8250000e+02;4.7060423e-02;1.8250000e+02;-6.6815317e-04;1.8250000e+02;-5.0027415e-02;1.8250000e+02;-9.6532397e-02;1.8250000e+02;-1.4621750e-01;1.8250000e+02;-7.0186302e-02;1.8250000e+02;-3.0675707e-02;1.8250000e+02;3.2541554e-02;1.8250000e+02;1.1718579e-01;1.8250000e+02;2.1390837e-01;1.8250000e+02;3.0188084e-01;1.8250000e+02;3.4781164e-01;1.8250000e+02;3.6324006e-01;1.8250000e+02;3.5278881e-01;1.8250000e+02;2.8966454e-01;1.8250000e+02;2.0884928e-01;1.8250000e+02;1.5077332e-01;1.8250000e+02;9.7167954e-02;1.8250000e+02;4.7060423e-02;1.8250000e+02;-6.6815317e-04;1.8250000e+02;-5.0027415e-02;1.8250000e+02;-9.6532397e-02;1.8250000e+02;-1.4621750e-01;1.8250000e+02;-7.0186302e-02;1.8250000e+02;-3.0675707e-02;1.8250000e+02;3.2541554e-02;1.8250000e+02;1.1718579e-01;1.8250000e+02;2.1390837e-01;1.8250000e+02;3.0188084e-01;1.8250000e+02;3.4781164e-01;1.8250000e+02;3.6324006e-01;1.8250000e+02;3.5278881e-01;1.8250000e+02;2.8966454e-01;1.8250000e+02;2.0884928e-01;1.8250000e+02;1.5077332e-01;1.8250000e+02;9.7167954e-02;1.8250000e+02;4.7060423e-02;1.8250000e+02;-6.6815317e-04;1.8250000e+02;-5.0027415e-02;1.8250000e+02;-9.6532397e-02;1.8250000e+02;-1.4621750e-01;1.8250000e+02;-7.0186302e-02;1.8250000e+02;-3.0675707e-02;1.8250000e+02;3.2541554e-02;1.8250000e+02;1.1718579e-01;1.8250000e+02;2.1390837e-01;1.8250000e+02;3.0188084e-01;1.8250000e+02;3.4781164e-01;1.8250000e+02;3.6324006e-01;1.8250000e+02;3.5278881e-01;1.8250000e+02;2.8966454e-01;1.8250000e+02;2.0884928e-01;1.8250000e+02;1.5077332e-01;1.8250000e+02;9.7167954e-02;1.8250000e+02;4.7060423e-02;1.8250000e+02;-6.6815317e-04;1.8250000e+02;-5.0027415e-02;1.8250000e+02;-9.6532397e-02;1.8250000e+02;-1.4621750e-01;1.8250000e+02;-7.0186302e-02;1.8250000e+02;-3.0675707e-02;1.8250000e+02;3.2541554e-02;1.8250000e+02;1.1718579e-01;1.8250000e+02;2.1390837e-01;1.8250000e+02;3.0188084e-01;1.8250000e+02;3.4781164e-01;1.8250000e+02;3.6324006e-01;1.8250000e+02;3.5278881e-01;1.8250000e+02;2.8966454e-01;1.8250000e+02;2.0884928e-01;1.8250000e+02;1.5077332e-01;1.8250000e+02;9.7167954e-02;1.8250000e+02;4.7060423e-02;1.8250000e+02;-6.6815317e-04;1.8250000e+02;-5.0027415e-02;1.8250000e+02;-9.6532397e-02;1.8250000e+02;-1.4621750e-01;1.8250000e+02;-7.0186302e-02;1.8250000e+02;-3.0675707e-02;1.8250000e+02;3.2541554e-02;1.8250000e+02;1.1718579e-01;1.8250000e+02;2.1390837e-01;1.8250000e+02;3.0188084e-01;1.8250000e+02;3.4781164e-01;1.8250000e+02;3.6324006e-01;1.8250000e+02;3.5278881e-01;1.8250000e+02;2.8966454e-01;1.8250000e+02;2.0884928e-01;1.8250000e+02;1.5077332e-01;1.8250000e+02;9.7167954e-02;1.8250000e+02;4.7060423e-02;1.8250000e+02;-6.6815317e-04;1.8250000e+02;-5.0027415e-02;1.8250000e+02;-9.6532397e-02;1.8250000e+02;-1.4621750e-01;1.8250000e+02;-7.0186302e-02;1.8250000e+02;-3.0675707e-02;1.8250000e+02;3.2541554e-02;1.8250000e+02;1.1718579e-01;1.8250000e+02;2.1390837e-01;1.8250000e+02;3.0188084e-01;1.8250000e+02;3.4781164e-01;1.8250000e+02;3.6324006e-01;1.8250000e+02;3.5278881e-01;1.8250000e+02;2.8966454e-01;1.8250000e+02;2.0884928e-01;1.8250000e+02;1.5077332e-01;1.8250000e+02;9.7167954e-02;1.8250000e+02;4.7060423e-02;1.8250000e+02;-6.6815317e-04;1.8250000e+02;-5.0027415e-02;1.8250000e+02;-9.6532397e-02;1.8250000e+02;-1.4621750e-01;1.8250000e+02;-7.0186302e-02;1.8250000e+02;-3.0675707e-02;1.8250000e+02;3.2541554e-02;1.8250000e+02;1.1718579e-01;1.8250000e+02;2.1390837e-01;1.8250000e+02;3.0188084e-01;1.8250000e+02;3.4781164e-01;1.8250000e+02;3.6324006e-01;1.8250000e+02;3.5278881e-01;1.8250000e+02;2.8966454e-01;1.8250000e+02;2.0884928e-01;1.8250000e+02;1.5077332e-01;1.8250000e+02;9.7167954e-02;1.8250000e+02;4.7060423e-02;1.8250000e+02;-6.6815317e-04;1.8250000e+02;-5.0027415e-02;1.8250000e+02;-9.6532397e-02;1.8250000e+02;-1.4621750e-01;1.8250000e+02;-7.0186302e-02;1.8250000e+02;-3.0675707e-02;1.8250000e+02;3.2541554e-02;1.8250000e+02;1.1718579e-01;1.8250000e+02;2.1390837e-01;1.8250000e+02;3.0188084e-01;1.8250000e+02;3.4781164e-01;1.8250000e+02;3.6324006e-01;1.8250000e+02;3.5278881e-01;1.8250000e+02;2.8966454e-01;1.8250000e+02;2.0884928e-01;1.8250000e+02;1.5077332e-01;1.8250000e+02;9.7167954e-02;1.8250000e+02;4.7060423e-02;1.8250000e+02;-6.6815317e-04;1.8250000e+02;-5.0027415e-02;1.8250000e+02;-9.6532397e-02;1.8250000e+02;-1.4621750e-01;1.8250000e+02;-7.0186302e-02;1.8250000e+02;-3.0675707e-02;1.8250000e+02;3.2541554e-02;1.8250000e+02;1.1718579e-01;1.8250000e+02;2.1390837e-01;1.8250000e+02;3.0188084e-01;1.8250000e+02;3.4781164e-01;1.8250000e+02;3.6324006e-01;1.8250000e+02;3.5278881e-01;1.8250000e+02;2.8966454e-01;1.8250000e+02;2.0884928e-01;1.8250000e+02;1.5077332e-01;1.8250000e+02;9.7167954e-02;1.8250000e+02;4.7060423e-02;1.8250000e+02;-6.6815317e-04;1.8250000e+02;-5.0027415e-02;1.8250000e+02;-9.6532397e-02;1.8250000e+02;-1.4621750e-01;1.8250000e+02;-7.0186302e-02;1.8250000e+02;-3.0675707e-02;1.8250000e+02;3.2541554e-02;1.8250000e+02;1.1718579e-01;1.8250000e+02;2.1390837e-01;1.8250000e+02;3.0188084e-01;1.8250000e+02;3.4781164e-01;1.8250000e+02;3.6324006e-01;1.8250000e+02;3.5278881e-01;1.8250000e+02;2.8966454e-01;1.8250000e+02;2.0884928e-01;1.8250000e+02;1.5077332e-01;1.8250000e+02;9.7167954e-02;1.8250000e+02;4.7060423e-02;1.8250000e+02;-6.6815317e-04;1.8250000e+02;-5.0027415e-02;1.8250000e+02;-9.6532397e-02;1.8250000e+02;-1.4621750e-01;1.8250000e+02;-7.0186302e-02;1.8250000e+02;-3.0675707e-02;1.8250000e+02;3.2541554e-02;1.8250000e+02;1.1718579e-01;1.8250000e+02;2.1390837e-01;1.8250000e+02;3.0188084e-01;1.8250000e+02;3.4781164e-01;1.8250000e+02;3.6324006e-01;1.8250000e+02;3.5278881e-01;1.8250000e+02;2.8966454e-01;1.8250000e+02;2.0884928e-01;1.8250000e+02;1.5077332e-01;1.8250000e+02;9.7167954e-02;1.8250000e+02;4.7060423e-02;1.8250000e+02;-6.6815317e-04;1.8250000e+02;-5.0027415e-02;1.8250000e+02;-9.6532397e-02;1.8250000e+02;-1.4621750e-01;1.8250000e+02;-7.0186302e-02;1.8250000e+02;-3.0675707e-02;1.8250000e+02;3.2541554e-02;1.8250000e+02;1.1718579e-01;1.8250000e+02;2.1390837e-01;1.8250000e+02;3.0188084e-01;1.8250000e+02;3.4781164e-01;1.8250000e+02;3.6324006e-01;1.8250000e+02;3.5278881e-01;1.8250000e+02;2.8966454e-01;1.8250000e+02;2.0884928e-01;1.8250000e+02;1.5077332e-01;1.8250000e+02;9.7167954e-02;1.8250000e+02;4.7060423e-02;1.8250000e+02;-6.6815317e-04;1.8250000e+02;-5.0027415e-02;1.8250000e+02;-9.6532397e-02;1.8250000e+02;-1.4621750e-01;1.8250000e+02;-7.0186302e-02;1.8250000e+02;-3.0675707e-02;1.8250000e+02;3.2541554e-02;1.8250000e+02;1.1718579e-01;1.8250000e+02;2.1390837e-01;1.8250000e+02;3.0188084e-01;1.8250000e+02;3.4781164e-01;1.8250000e+02;3.6324006e-01;1.8250000e+02;3.5278881e-01;1.8250000e+02;2.8966454e-01;1.8250000e+02;2.0884928e-01;1.8250000e+02;1.5077332e-01;1.8250000e+02;9.7167954e-02;1.8250000e+02;4.7060423e-02;1.8250000e+02;-6.6815317e-04;1.8250000e+02;-5.0027415e-02;1.8250000e+02;-9.6532397e-02;1.8250000e+02;-1.4621750e-01;1.8250000e+02;-7.0186302e-02;1.8250000e+02;-3.0675707e-02;1.8250000e+02;3.2541554e-02;1.8250000e+02;1.1718579e-01;1.8250000e+02;2.1390837e-01;1.8250000e+02;3.0188084e-01;1.8250000e+02;3.4781164e-01;1.8250000e+02;3.6324006e-01;1.8250000e+02;3.5278881e-01;1.8250000e+02;2.8966454e-01;1.8250000e+02;2.0884928e-01;1.8250000e+02;1.5077332e-01;1.8250000e+02;9.7167954e-02;1.8250000e+02;4.7060423e-02;1.8250000e+02;-6.6815317e-04;1.8250000e+02;-5.0027415e-02;1.8250000e+02;-9.6532397e-02;1.8250000e+02;-1.4621750e-01;1.8250000e+02;-7.0186302e-02;1.8250000e+02;-3.0675707e-02;1.8250000e+02;3.2541554e-02;1.8250000e+02;1.1718579e-01;1.8250000e+02;2.1390837e-01;1.8250000e+02;3.0188084e-01;1.8250000e+02;3.4781164e-01;1.8250000e+02;3.6324006e-01;1.8250000e+02;3.5278881e-01;1.8250000e+02;2.8966454e-01;1.8250000e+02;2.0884928e-01;1.8250000e+02;1.5077332e-01;1.8250000e+02;9.7167954e-02;1.8250000e+02;4.7060423e-02;1.8250000e+02;-6.6815317e-04;1.8250000e+02;-5.0027415e-02;1.8250000e+02;-9.6532397e-02;1.8250000e+02;-1.4621750e-01;1.8250000e+02;-7.0186302e-02;1.8250000e+02;-3.0675707e-02;1.8250000e+02;3.2541554e-02;1.8250000e+02;1.1718579e-01;1.8250000e+02;2.1390837e-01;1.8250000e+02;3.0188084e-01;1.8250000e+02;3.4781164e-01;1.8250000e+02;3.6324006e-01;1.8250000e+02;3.5278881e-01;1.8250000e+02;2.8966454e-01;1.8250000e+02;2.0884928e-01;1.8250000e+02;1.5077332e-01;1.8250000e+02;9.7167954e-02;1.8250000e+02;4.7060423e-02;1.8250000e+02;-6.6815317e-04;1.8250000e+02;-5.0027415e-02;1.8250000e+02;-9.6532397e-02;1.8250000e+02;-1.4621750e-01;1.8250000e+02;-7.0186302e-02;1.8250000e+02;-3.0675707e-02;1.8250000e+02;3.2541554e-02;1.8250000e+02;1.1718579e-01;1.8250000e+02;2.1390837e-01;1.8250000e+02;3.0188084e-01;1.8250000e+02;3.4781164e-01;1.8250000e+02;3.6324006e-01;1.8250000e+02;3.5278881e-01;1.8250000e+02;2.8966454e-01;1.8250000e+02;2.0884928e-01;1.8250000e+02;1.5077332e-01;1.8250000e+02;9.7167954e-02;1.8250000e+02;4.7060423e-02;1.8250000e+02;-6.6815317e-04;1.8250000e+02;-5.0027415e-02;1.8250000e+02;-9.6532397e-02;1.8250000e+02;-1.4621750e-01;1.8250000e+02;-7.0186302e-02;1.8250000e+02;-3.0675707e-02;1.8250000e+02;3.2541554e-02;1.8250000e+02;1.1718579e-01;1.8250000e+02;2.1390837e-01;1.8250000e+02;3.0188084e-01;1.8250000e+02;3.4781164e-01;1.8250000e+02;3.6324006e-01;1.8250000e+02;3.5278881e-01;1.8250000e+02;2.8966454e-01;1.8250000e+02;2.0884928e-01;1.8250000e+02;1.5077332e-01;1.8250000e+02;9.7167954e-02;1.8250000e+02;4.7060423e-02;1.8250000e+02;-6.6815317e-04;1.8250000e+02;-5.0027415e-02;1.8250000e+02;-9.6532397e-02;1.8250000e+02;-1.4621750e-01;1.8250000e+02;-7.0186302e-02;1.8250000e+02;-3.0675707e-02;1.8250000e+02;3.2541554e-02;1.8250000e+02;1.1718579e-01;1.8250000e+02;2.1390837e-01;1.8250000e+02;3.0188084e-01;1.8250000e+02;3.4781164e-01;1.8250000e+02;3.6324006e-01;1.8250000e+02;3.5278881e-01;1.8250000e+02;2.8966454e-01;1.8250000e+02;2.0884928e-01;1.8250000e+02;1.5077332e-01;1.8250000e+02;9.7167954e-02;1.8250000e+02;4.7060423e-02;1.8250000e+02;-6.6815317e-04;1.8250000e+02;-5.0027415e-02;1.8250000e+02;-9.6532397e-02;1.8250000e+02;-1.4621750e-01;1.8250000e+02;-7.0186302e-02;1.8250000e+02;-3.0675707e-02;1.8250000e+02;3.2541554e-02;1.8250000e+02;1.1718579e-01;1.8250000e+02;2.1390837e-01;1.8250000e+02;3.0188084e-01;1.8250000e+02;3.4781164e-01;1.8250000e+02;3.6324006e-01;1.8250000e+02;3.5278881e-01;1.8250000e+02;2.8966454e-01;1.8250000e+02;2.0884928e-01;1.8250000e+02;1.5077332e-01;1.8250000e+02;9.7167954e-02;1.8250000e+02;4.7060423e-02;1.8250000e+02;-6.6815317e-04;1.8250000e+02;-5.0027415e-02;1.8250000e+02;-9.6532397e-02;1.8250000e+02;-1.4621750e-01;1.8250000e+02;-7.0186302e-02;1.8250000e+02;-3.0675707e-02;1.8250000e+02;3.2541554e-02;1.8250000e+02;1.1718579e-01;1.8250000e+02;2.1390837e-01;1.8250000e+02;3.0188084e-01;1.8250000e+02;3.4781164e-01;1.8250000e+02;3.6324006e-01;1.8250000e+02;3.5278881e-01;1.8250000e+02;2.8966454e-01;1.8250000e+02;2.0884928e-01;1.8250000e+02;1.5077332e-01;1.8250000e+02;9.7167954e-02;1.8250000e+02;4.7060423e-02;1.8250000e+02;-6.6815317e-04;1.8250000e+02;-5.0027415e-02;1.8250000e+02;-9.6532397e-02;1.8250000e+02;-1.4621750e-01;1.8250000e+02;-7.0186302e-02;1.8250000e+02;-3.0675707e-02;1.8250000e+02;3.2541554e-02;1.8250000e+02;1.1718579e-01;1.8250000e+02;2.1390837e-01;1.8250000e+02;3.0188084e-01;1.8250000e+02;3.4781164e-01;1.8250000e+02;3.6324006e-01;1.8250000e+02;3.5278881e-01;1.8250000e+02;2.8966454e-01;1.8250000e+02;2.0884928e-01;1.8250000e+02;1.5077332e-01;1.8250000e+02;9.7167954e-02;1.8250000e+02;4.7060423e-02;1.8250000e+02;-6.6815317e-04;1.8250000e+02;-5.0027415e-02;1.8250000e+02;-9.6532397e-02;1.8250000e+02;-1.4621750e-01;1.8250000e+02;-7.0186302e-02;1.8250000e+02;-3.0675707e-02;1.8250000e+02;3.2541554e-02;1.8250000e+02;1.1718579e-01;1.8250000e+02;2.1390837e-01;1.8250000e+02;3.0188084e-01;1.8250000e+02;3.4781164e-01;1.8250000e+02;3.6324006e-01;1.8250000e+02;3.5278881e-01;1.8250000e+02;2.8966454e-01;1.8250000e+02;2.0884928e-01;1.8250000e+02;1.5077332e-01;1.8250000e+02;9.7167954e-02;1.8250000e+02;4.7060423e-02;1.8250000e+02;-6.6815317e-04;1.8250000e+02;-5.0027415e-02;1.8250000e+02;-9.6532397e-02;1.8250000e+02;-1.4621750e-01;1.8250000e+02;-7.0186302e-02;1.8250000e+02;-3.0675707e-02;1.8250000e+02;3.2541554e-02;1.8250000e+02;1.1718579e-01;1.8250000e+02;2.1390837e-01;1.8250000e+02;3.0188084e-01;1.8250000e+02;3.4781164e-01;1.8250000e+02;3.6324006e-01;1.8250000e+02;3.5278881e-01;1.8250000e+02;2.8966454e-01;1.8250000e+02;2.0884928e-01;1.8250000e+02;1.5077332e-01;1.8250000e+02;9.7167954e-02;1.8250000e+02;4.7060423e-02;1.8250000e+02;-6.6815317e-04;1.8250000e+02;-5.0027415e-02;1.8250000e+02;-9.6532397e-02;1.8250000e+02;-1.4621750e-01;1.8250000e+02;-7.0186302e-02;1.8250000e+02;-3.0675707e-02;1.8250000e+02;3.2541554e-02;1.8250000e+02;1.1718579e-01;1.8250000e+02;2.1390837e-01;1.8250000e+02;3.0188084e-01;1.8250000e+02;3.4781164e-01;1.8250000e+02;3.6324006e-01;1.8250000e+02;3.5278881e-01;1.8250000e+02;2.8966454e-01;1.8250000e+02;2.0884928e-01;1.8250000e+02;1.5077332e-01;1.8250000e+02;9.7167954e-02;1.8250000e+02;4.7060423e-02;1.8250000e+02;-6.6815317e-04;1.8250000e+02;-5.0027415e-02;1.8250000e+02;-9.6532397e-02;1.8250000e+02;-1.4621750e-01;1.8250000e+02;-7.0186302e-02;1.8250000e+02;-3.0675707e-02;1.8250000e+02;3.2541554e-02;1.8250000e+02;1.1718579e-01;1.8250000e+02;2.1390837e-01;1.8250000e+02;3.0188084e-01;1.8250000e+02;3.4781164e-01;1.8250000e+02;3.6324006e-01;1.8250000e+02;3.5278881e-01;1.8250000e+02;2.8966454e-01;1.8250000e+02;2.0884928e-01;1.8250000e+02;1.5077332e-01;1.8250000e+02;9.7167954e-02;1.8250000e+02;4.7060423e-02;1.8250000e+02;-6.6815317e-04;1.8250000e+02;-5.0027415e-02;1.8250000e+02;-9.6532397e-02;1.8250000e+02;-1.4621750e-01;1.8250000e+02;-7.0186302e-02;1.8250000e+02;-3.0675707e-02;1.8250000e+02;3.2541554e-02;1.8250000e+02;1.1718579e-01;1.8250000e+02;2.1390837e-01;1.8250000e+02;3.0188084e-01;1.8250000e+02;3.4781164e-01;1.8250000e+02;3.6324006e-01;1.8250000e+02;3.5278881e-01;1.8250000e+02;2.8966454e-01;1.8250000e+02;2.0884928e-01;1.8250000e+02;1.5077332e-01;1.8250000e+02;9.7167954e-02;1.8250000e+02;4.7060423e-02;1.8250000e+02;-6.6815317e-04;1.8250000e+02;-5.0027415e-02;1.8250000e+02;-9.6532397e-02;1.8250000e+02;-1.4621750e-01;1.8250000e+02;-7.0186302e-02;1.8250000e+02;-3.0675707e-02;1.8250000e+02;3.2541554e-02;1.8250000e+02;1.1718579e-01;1.8250000e+02;2.1390837e-01;1.8250000e+02;3.0188084e-01;1.8250000e+02;3.4781164e-01;1.8250000e+02;3.6324006e-01;1.8250000e+02;3.5278881e-01;1.8250000e+02;2.8966454e-01;1.8250000e+02;2.0884928e-01;1.8250000e+02;1.5077332e-01;1.8250000e+02;9.7167954e-02;1.8250000e+02;4.7060423e-02;1.8250000e+02;-6.6815317e-04;1.8250000e+02;-5.0027415e-02;1.8250000e+02;-9.6532397e-02;1.8250000e+02;-1.4621750e-01;1.8250000e+02;-7.0186302e-02;1.8250000e+02;-3.0675707e-02;1.8250000e+02;3.2541554e-02;1.8250000e+02;1.1718579e-01;1.8250000e+02;2.1390837e-01;1.8250000e+02;3.0188084e-01;1.8250000e+02;3.4781164e-01;1.8250000e+02;3.6324006e-01;1.8250000e+02;3.5278881e-01;1.8250000e+02;2.8966454e-01;1.8250000e+02;2.0884928e-01;1.8250000e+02;1.5077332e-01;1.8250000e+02;9.7167954e-02;1.8250000e+02;4.7060423e-02;1.8250000e+02;-6.6815317e-04;1.8250000e+02;-5.0027415e-02;1.8250000e+02;-9.6532397e-02;1.8250000e+02;-1.4621750e-01;1.8250000e+02;-7.0186302e-02;1.8250000e+02;-3.0675707e-02;1.8250000e+02;3.2541554e-02;1.8250000e+02;1.1718579e-01;1.8250000e+02;2.1390837e-01;1.8250000e+02;3.0188084e-01;1.8250000e+02;3.4781164e-01;1.8250000e+02;3.6324006e-01;1.8250000e+02;3.5278881e-01;1.8250000e+02;2.8966454e-01;1.8250000e+02;2.0884928e-01;1.8250000e+02;1.5077332e-01;1.8250000e+02;9.7167954e-02;1.8250000e+02;4.7060423e-02;1.8250000e+02;-6.6815317e-04;1.8250000e+02;-5.0027415e-02;1.8250000e+02;-9.6532397e-02;1.8250000e+02;-1.4621750e-01;1.8250000e+02;-7.0186302e-02;1.8250000e+02;-3.0675707e-02;1.8250000e+02;3.2541554e-02;1.8250000e+02;1.1718579e-01;1.8250000e+02;2.1390837e-01;1.8250000e+02;3.0188084e-01;1.8250000e+02;3.4781164e-01;1.8250000e+02;3.6324006e-01;1.8250000e+02;3.5278881e-01;1.8250000e+02;2.8966454e-01;1.8250000e+02;2.0884928e-01;1.8250000e+02;1.5077332e-01;1.8250000e+02;9.7167954e-02;1.8250000e+02;4.7060423e-02;1.8250000e+02;-6.6815317e-04;1.8250000e+02;-5.0027415e-02;1.8250000e+02;-9.6532397e-02;1.8250000e+02;-1.4621750e-01;1.8250000e+02;-7.0186302e-02;1.8250000e+02;-3.0675707e-02;1.8250000e+02;3.2541554e-02;1.8250000e+02;1.1718579e-01;1.8250000e+02;2.1390837e-01;1.8250000e+02;3.0188084e-01;1.8250000e+02;3.4781164e-01;1.8250000e+02;3.6324006e-01;1.8250000e+02;3.5278881e-01;1.8250000e+02;2.8966454e-01;1.8250000e+02;2.0884928e-01;1.8250000e+02;1.5077332e-01;1.8250000e+02;9.7167954e-02;1.8250000e+02;4.7060423e-02;1.8250000e+02;-6.6815317e-04;1.8250000e+02;-5.0027415e-02;1.8250000e+02;-9.6532397e-02;1.8250000e+02;-1.4621750e-01;1.8250000e+02;-7.0186302e-02;1.8250000e+02;-3.0675707e-02;1.8250000e+02;3.2541554e-02;1.8250000e+02;1.1718579e-01;1.8250000e+02;2.1390837e-01;1.8250000e+02;3.0188084e-01;1.8250000e+02;3.4781164e-01;1.8250000e+02;3.6324006e-01;1.8250000e+02;3.5278881e-01;1.8250000e+02;2.8966454e-01;1.8250000e+02;2.0884928e-01;1.8250000e+02;1.5077332e-01;1.8250000e+02;9.7167954e-02;1.8250000e+02;4.7060423e-02;1.8250000e+02;-6.6815317e-04;1.8250000e+02;-5.0027415e-02;1.8250000e+02;-9.6532397e-02;1.8250000e+02;-1.4621750e-01;1.8250000e+02;-7.0186302e-02;1.8250000e+02;-3.0675707e-02;1.8250000e+02;3.2541554e-02;1.8250000e+02;1.1718579e-01;1.8250000e+02;2.1390837e-01;1.8250000e+02;3.0188084e-01;1.8250000e+02;3.4781164e-01;1.8250000e+02;3.6324006e-01;1.8250000e+02;3.5278881e-01;1.8250000e+02;2.8966454e-01;1.8250000e+02;2.0884928e-01;1.8250000e+02;1.5077332e-01;1.8250000e+02;9.7167954e-02;1.8250000e+02;4.7060423e-02;1.8250000e+02;-6.6815317e-04;1.8250000e+02;-5.0027415e-02;1.8250000e+02;-9.6532397e-02;1.8250000e+02;-1.4621750e-01;1.8250000e+02;-7.0186302e-02;1.8250000e+02;-3.0675707e-02;1.8250000e+02;3.2541554e-02;1.8250000e+02;1.1718579e-01;1.8250000e+02;2.1390837e-01;1.8250000e+02;3.0188084e-01;1.8250000e+02;3.4781164e-01;1.8250000e+02;3.6324006e-01;1.8250000e+02;3.5278881e-01;1.8250000e+02;2.8966454e-01;1.8250000e+02;2.0884928e-01;1.8250000e+02;1.5077332e-01;1.8250000e+02;9.7167954e-02;1.8250000e+02;4.7060423e-02;1.8250000e+02;-6.6815317e-04;1.8250000e+02;-5.0027415e-02;1.8250000e+02;-9.6532397e-02;1.8250000e+02;-1.4621750e-01;1.8250000e+02;-7.0186302e-02;1.8250000e+02;-3.0675707e-02;1.8250000e+02;3.2541554e-02;1.8250000e+02;1.1718579e-01;1.8250000e+02;2.1390837e-01;1.8250000e+02;3.0188084e-01;1.8250000e+02;3.4781164e-01;1.8250000e+02;3.6324006e-01;1.8250000e+02;3.5278881e-01;1.8250000e+02;2.8966454e-01;1.8250000e+02;2.0884928e-01;1.8250000e+02;1.5077332e-01;1.8250000e+02;9.7167954e-02;1.8250000e+02;4.7060423e-02;1.8250000e+02;-6.6815317e-04;1.8250000e+02;-5.0027415e-02;1.8250000e+02;-9.6532397e-02;1.8250000e+02;-1.4621750e-01;1.8250000e+02;-7.0186302e-02;1.8250000e+02;-3.0675707e-02;1.8250000e+02;3.2541554e-02;1.8250000e+02;1.1718579e-01;1.8250000e+02;2.1390837e-01;1.8250000e+02;3.0188084e-01;1.8250000e+02;3.4781164e-01;1.8250000e+02;3.6324006e-01;1.8250000e+02;3.5278881e-01;1.8250000e+02;2.8966454e-01;1.8250000e+02;2.0884928e-01;1.8250000e+02;1.5077332e-01;1.8250000e+02;9.7167954e-02;1.8250000e+02;4.7060423e-02;1.8250000e+02;-6.6815317e-04;1.8250000e+02;-5.0027415e-02;1.8250000e+02;-9.6532397e-02;1.8250000e+02;-1.4621750e-01;1.8250000e+02;-7.0186302e-02;1.8250000e+02;-3.0675707e-02;1.8250000e+02;3.2541554e-02;1.8250000e+02;1.1718579e-01;1.8250000e+02;2.1390837e-01;1.8250000e+02;3.0188084e-01;1.8250000e+02;3.4781164e-01;1.8250000e+02;3.6324006e-01;1.8250000e+02;3.5278881e-01;1.8250000e+02;2.8966454e-01;1.8250000e+02;2.0884928e-01;1.8250000e+02;1.5077332e-01;1.8250000e+02;9.7167954e-02;1.8250000e+02;4.7060423e-02;1.8250000e+02;-6.6815317e-04;1.8250000e+02;-5.0027415e-02;1.8250000e+02;-9.6532397e-02;1.8250000e+02;-1.4621750e-01;1.8250000e+02;-7.0186302e-02;1.8250000e+02;-3.0675707e-02;1.8250000e+02;3.2541554e-02;1.8250000e+02;1.1718579e-01;1.8250000e+02;2.1390837e-01;1.8250000e+02;3.0188084e-01;1.8250000e+02;3.4781164e-01;1.8250000e+02;3.6324006e-01;1.8250000e+02;3.5278881e-01;1.8250000e+02;2.8966454e-01;1.8250000e+02;2.0884928e-01;1.8250000e+02;1.5077332e-01;1.8250000e+02;9.7167954e-02;1.8250000e+02;4.7060423e-02;1.8250000e+02;-6.6815317e-04;1.8250000e+02;-5.0027415e-02;1.8250000e+02;-9.6532397e-02;1.8250000e+02;-1.4621750e-01;1.8250000e+02;-7.0186302e-02;1.8250000e+02;-3.0675707e-02;1.8250000e+02;3.2541554e-02;1.8250000e+02;1.1718579e-01;1.8250000e+02;2.1390837e-01;1.8250000e+02;3.0188084e-01;1.8250000e+02;3.4781164e-01;1.8250000e+02;3.6324006e-01;1.8250000e+02;3.5278881e-01;1.8250000e+02;2.8966454e-01;1.8250000e+02;2.0884928e-01;1.8250000e+02;1.5077332e-01;1.8250000e+02;9.7167954e-02;1.8250000e+02;4.7060423e-02;1.8250000e+02;-6.6815317e-04;1.8250000e+02;-5.0027415e-02;1.8250000e+02;-9.6532397e-02;1.8250000e+02;-1.4621750e-01;1.8250000e+02;-7.0186302e-02;1.8250000e+02;-3.0675707e-02;1.8250000e+02;3.2541554e-02;1.8250000e+02;1.1718579e-01;1.8250000e+02;2.1390837e-01;1.8250000e+02;3.0188084e-01;1.8250000e+02;3.4781164e-01;1.8250000e+02;3.6324006e-01;1.8250000e+02;3.5278881e-01;1.8250000e+02;2.8966454e-01;1.8250000e+02;2.0884928e-01;1.8250000e+02;1.5077332e-01;1.8250000e+02;9.7167954e-02;1.8250000e+02;4.7060423e-02;1.8250000e+02;-6.6815317e-04;1.8250000e+02;-5.0027415e-02;1.8250000e+02;-9.6532397e-02;1.8250000e+02;-1.4621750e-01;1.8250000e+02;-7.0186302e-02;1.8250000e+02;-3.0675707e-02;1.8250000e+02;3.2541554e-02;1.8250000e+02;1.1718579e-01;1.8250000e+02;2.1390837e-01;1.8250000e+02;3.0188084e-01;1.8250000e+02;3.4781164e-01;1.8250000e+02;3.6324006e-01;1.8250000e+02;3.5278881e-01;1.8250000e+02;2.8966454e-01;1.8250000e+02;2.0884928e-01;1.8250000e+02;1.5077332e-01;1.8250000e+02;9.7167954e-02;1.8250000e+02;4.7060423e-02;1.8250000e+02;-6.6815317e-04;1.8250000e+02;-5.0027415e-02;1.8250000e+02;-9.6532397e-02;1.8250000e+02;-1.4621750e-01;1.8250000e+02;-7.0186302e-02;1.8250000e+02;-3.0675707e-02;1.8250000e+02;3.2541554e-02;1.8250000e+02;1.1718579e-01;1.8250000e+02;2.1390837e-01;1.8250000e+02;3.0188084e-01;1.8250000e+02;3.4781164e-01;1.8250000e+02;3.6324006e-01;1.8250000e+02;3.5278881e-01;1.8250000e+02;2.8966454e-01;1.8250000e+02;2.0884928e-01;1.8250000e+02;1.5077332e-01;1.8250000e+02;9.7167954e-02;1.8250000e+02;4.7060423e-02;1.8250000e+02;-6.6815317e-04;1.8250000e+02;-5.0027415e-02;1.8250000e+02;-9.6532397e-02;1.8250000e+02;-1.4621750e-01;1.8250000e+02;-7.0186302e-02;1.8250000e+02;-3.0675707e-02;1.8250000e+02;3.2541554e-02;1.8250000e+02;1.1718579e-01;1.8250000e+02;2.1390837e-01;1.8250000e+02;3.0188084e-01;1.8250000e+02;3.4781164e-01;1.8250000e+02;3.6324006e-01;1.8250000e+02;3.5278881e-01;1.8250000e+02;2.8966454e-01;1.8250000e+02;2.0884928e-01;1.8250000e+02;1.5077332e-01;1.8250000e+02;9.7167954e-02;1.8250000e+02;4.7060423e-02;1.8250000e+02;-6.6815317e-04;1.8250000e+02;-5.0027415e-02;1.8250000e+02;-9.6532397e-02;1.8250000e+02;-1.4621750e-01;1.8250000e+02;-7.0186302e-02;1.8250000e+02;-3.0675707e-02;1.8250000e+02;3.2541554e-02;1.8250000e+02;1.1718579e-01;1.8250000e+02;2.1390837e-01;1.8250000e+02;3.0188084e-01;1.8250000e+02;3.4781164e-01;1.8250000e+02;3.6324006e-01;1.8250000e+02;3.5278881e-01;1.8250000e+02;2.8966454e-01;1.8250000e+02;2.0884928e-01;1.8250000e+02;1.5077332e-01;1.8250000e+02;9.7167954e-02;1.8250000e+02;4.7060423e-02;1.8250000e+02;-6.6815317e-04;1.8250000e+02;-5.0027415e-02;1.8250000e+02;-9.6532397e-02;1.8250000e+02;-1.4621750e-01;1.8250000e+02;-7.0186302e-02;1.8250000e+02;-3.0675707e-02;1.8250000e+02;3.2541554e-02;1.8250000e+02;1.1718579e-01;1.8250000e+02;2.1390837e-01;1.8250000e+02;3.0188084e-01;1.8250000e+02;3.4781164e-01;1.8250000e+02;3.6324006e-01;1.8250000e+02;3.5278881e-01;1.8250000e+02;2.8966454e-01;1.8250000e+02;2.0884928e-01;1.8250000e+02;1.5077332e-01;1.8250000e+02;9.7167954e-02;1.8250000e+02;4.7060423e-02;1.8250000e+02;-6.6815317e-04;1.8250000e+02;-5.0027415e-02;1.8250000e+02;-9.6532397e-02;1.8250000e+02;-1.4621750e-01;1.8250000e+02;-7.0186302e-02;1.8250000e+02;-3.0675707e-02;1.8250000e+02;3.2541554e-02;1.8250000e+02;1.1718579e-01;1.8250000e+02;2.1390837e-01;1.8250000e+02;3.0188084e-01;1.8250000e+02;3.4781164e-01;1.8250000e+02;3.6324006e-01;1.8250000e+02;3.5278881e-01;1.8250000e+02;2.8966454e-01;1.8250000e+02;2.0884928e-01;1.8250000e+02;1.5077332e-01;1.8250000e+02;9.7167954e-02;1.8250000e+02;4.7060423e-02;1.8250000e+02;-6.6815317e-04;1.8250000e+02;-5.0027415e-02;1.8250000e+02;-9.6532397e-02;1.8250000e+02;-1.4621750e-01;1.8250000e+02;-7.0186302e-02;1.8250000e+02;-3.0675707e-02;1.8250000e+02;3.2541554e-02;1.8250000e+02;1.1718579e-01;1.8250000e+02;2.1390837e-01;1.8250000e+02;3.0188084e-01;1.8250000e+02;3.4781164e-01;1.8250000e+02;3.6324006e-01;1.8250000e+02;3.5278881e-01;1.8250000e+02;2.8966454e-01;1.8250000e+02;2.0884928e-01;1.8250000e+02;1.5077332e-01;1.8250000e+02;9.7167954e-02;1.8250000e+02;4.7060423e-02;1.8250000e+02;-6.6815317e-04;1.8250000e+02;-5.0027415e-02;1.8250000e+02;-9.6532397e-02;1.8250000e+02;-1.4621750e-01
1.8750000e+02;-7.3557362e-02;1.8750000e+02;-3.4855016e-02;1.8750000e+02;2.7530618e-02;1.8750000e+02;1.0850351e-01;1.8750000e+02;2.0124269e-01;1.8750000e+02;2.8523862e-01;1.8750000e+02;3.3121824e-01;1.8750000e+02;3.5799968e-01;1.8750000e+02;3.5988218e-01;1.8750000e+02;3.0090117e-01;1.8750000e+02;2.1220344e-01;1.8750000e+02;1.4649723e-01;1.8750000e+02;8.8216402e-02;1.8750000e+02;3.5099998e-02;1.8750000e+02;-1.3777137e-02;1.8750000e+02;-6.4815708e-02;1.8750000e+02;-1.1414290e-01;1.8750000e+02;-1.6233169e-01;1.8750000e+02;-7.3557362e-02;1.8750000e+02;-3.4855016e-02;1.8750000e+02;2.7530618e-02;1.8750000e+02;1.0850351e-01;1.8750000e+02;2.0124269e-01;1.8750000e+02;2.8523862e-01;1.8750000e+02;3.3121824e-01;1.8750000e+02;3.5799968e-01;1.8750000e+02;3.5988218e-01;1.8750000e+02;3.0090117e-01;1.8750000e+02;2.1220344e-01;1.8750000e+02;1.4649723e-01;1.8750000e+02;8.8216402e-02;1.8750000e+02;3.5099998e-02;1.8750000e+02;-1.3777137e-02;1.8750000e+02;-6.4815708e-02;1.8750000e+02;-1.1414290e-01;1.8750000e+02;-1.6233169e-01;1.8750000e+02;-7.3557362e-02;1.8750000e+02;-3.4855016e-02;1.8750000e+02;2.7530618e-02;1.8750000e+02;1.0850351e-01;1.8750000e+02;2.0124269e-01;1.8750000e+02;2.8523862e-01;1.8750000e+02;3.3121824e-01;1.8750000e+02;3.5799968e-01;1.8750000e+02;3.5988218e-01;1.8750000e+02;3.0090117e-01;1.8750000e+02;2.1220344e-01;1.8750000e+02;1.4649723e-01;1.8750000e+02;8.8216402e-02;1.8750000e+02;3.5099998e-02;1.8750000e+02;-1.3777137e-02;1.8750000e+02;-6.4815708e-02;1.8750000e+02;-1.1414290e-01;1.8750000e+02;-1.6233169e-01;1.8750000e+02;-7.3557362e-02;1.8750000e+02;-3.4855016e-02;1.8750000e+02;2.7530618e-02;1.8750000e+02;1.0850351e-01;1.8750000e+02;2.0124269e-01;1.8750000e+02;2.8523862e-01;1.8750000e+02;3.3121824e-01;1.8750000e+02;3.5799968e-01;1.8750000e+02;3.5988218e-01;1.8750000e+02;3.0090117e-01;1.8750000e+02;2.1220344e-01;1.8750000e+02;1.4649723e-01;1.8750000e+02;8.8216402e-02;1.8750000e+02;3.5099998e-02;1.8750000e+02;-1.3777137e-02;1.8750000e+02;-6.4815708e-02;1.8750000e+02;-1.1414290e-01;1.8750000e+02;-1.6233169e-01;1.8750000e+02;-7.3557362e-02;1.8750000e+02;-3.4855016e-02;1.8750000e+02;2.7530618e-02;1.8750000e+02;1.0850351e-01;1.8750000e+02;2.0124269e-01;1.8750000e+02;2.8523862e-01;1.8750000e+02;3.3121824e-01;1.8750000e+02;3.5799968e-01;1.8750000e+02;3.5988218e-01;1.8750000e+02;3.0090117e-01;1.8750000e+02;2.1220344e-01;1.8750000e+02;1.4649723e-01;1.8750000e+02;8.8216402e-02;1.8750000e+02;3.5099998e-02;1.8750000e+02;-1.3777137e-02;1.8750000e+02;-6.4815708e-02;1.8750000e+02;-1.1414290e-01;1.8750000e+02;-1.6233169e-01;1.8750000e+02;-7.3557362e-02;1.8750000e+02;-3.4855016e-02;1.8750000e+02;2.7530618e-02;1.8750000e+02;1.0850351e-01;1.8750000e+02;2.0124269e-01;1.8750000e+02;2.8523862e-01;1.8750000e+02;3.3121824e-01;1.8750000e+02;3.5799968e-01;1.8750000e+02;3.5988218e-01;1.8750000e+02;3.0090117e-01;1.8750000e+02;2.1220344e-01;1.8750000e+02;1.4649723e-01;1.8750000e+02;8.8216402e-02;1.8750000e+02;3.5099998e-02;1.8750000e+02;-1.3777137e-02;1.8750000e+02;-6.4815708e-02;1.8750000e+02;-1.1414290e-01;1.8750000e+02;-1.6233169e-01;1.8750000e+02;-7.3557362e-02;1.8750000e+02;-3.4855016e-02;1.8750000e+02;2.7530618e-02;1.8750000e+02;1.0850351e-01;1.8750000e+02;2.0124269e-01;1.8750000e+02;2.8523862e-01;1.8750000e+02;3.3121824e-01;1.8750000e+02;3.5799968e-01;1.8750000e+02;3.5988218e-01;1.8750000e+02;3.0090117e-01;1.8750000e+02;2.1220344e-01;1.8750000e+02;1.4649723e-01;1.8750000e+02;8.8216402e-02;1.8750000e+02;3.5099998e-02;1.8750000e+02;-1.3777137e-02;1.8750000e+02;-6.4815708e-02;1.8750000e+02;-1.1414290e-01;1.8750000e+02;-1.6233169e-01;1.8750000e+02;-7.3557362e-02;1.8750000e+02;-3.4855016e-02;1.8750000e+02;2.7530618e-02;1.8750000e+02;1.0850351e-01;1.8750000e+02;2.0124269e-01;1.8750000e+02;2.8523862e-01;1.8750000e+02;3.3121824e-01;1.8750000e+02;3.5799968e-01;1.8750000e+02;3.5988218e-01;1.8750000e+02;3.0090117e-01;1.8750000e+02;2.1220344e-01;1.8750000e+02;1.4649723e-01;1.8750000e+02;8.8216402e-02;1.8750000e+02;3.5099998e-02;1.8750000e+02;-1.3777137e-02;1.8750000e+02;-6.4815708e-02;1.8750000e+02;-1.1414290e-01;1.8750000e+02;-1.6233169e-01;1.8750000e+02;-7.3557362e-02;1.8750000e+02;-3.4855016e-02;1.8750000e+02;2.7530618e-02;1.8750000e+02;1.0850351e-01;1.8750000e+02;2.0124269e-01;1.8750000e+02;2.8523862e-01;1.8750000e+02;3.3121824e-01;1.8750000e+02;3.5799968e-01;1.8750000e+02;3.5988218e-01;1.8750000e+02;3.0090117e-01;1.8750000e+02;2.1220344e-01;1.8750000e+02;1.4649723e-01;1.8750000e+02;8.8216402e-02;1.8750000e+02;3.5099998e-02;1.8750000e+02;-1.3777137e-02;1.8750000e+02;-6.4815708e-02;1.8750000e+02;-1.1414290e-01;1.8750000e+02;-1.6233169e-01;1.8750000e+02;-7.3557362e-02;1.8750000e+02;-3.4855016e-02;1.8750000e+02;2.7530618e-02;1.8750000e+02;1.0850351e-01;1.8750000e+02;2.0124269e-01;1.8750000e+02;2.8523862e-01;1.8750000e+02;3.3121824e-01;1.8750000e+02;3.5799968e-01;1.8750000e+02;3.5988218e-01;1.8750000e+02;3.0090117e-01;1.8750000e+02;2.1220344e-01;1.8750000e+02;1.4649723e-01;1.8750000e+02;8.8216402e-02;1.8750000e+02;3.5099998e-02;1.8750000e+02;-1.3777137e-02;1.8750000e+02;-6.4815708e-02;1.8750000e+02;-1.1414290e-01;1.8750000e+02;-1.6233169e-01;1.8750000e+02;-7.3557362e-02;1.8750000e+02;-3.4855016e-02;1.8750000e+02;2.7530618e-02;1.8750000e+02;1.0850351e-01;1.8750000e+02;2.0124269e-01;1.8750000e+02;2.8523862e-01;1.8750000e+02;3.3121824e-01;1.8750000e+02;3.5799968e-01;1.8750000e+02;3.5988218e-01;1.8750000e+02;3.0090117e-01;1.8750000e+02;2.1220344e-01;1.8750000e+02;1.4649723e-01;1.8750000e+02;8.8216402e-02;1.8750000e+02;3.5099998e-02;1.8750000e+02;-1.3777137e-02;1.8750000e+02;-6.4815708e-02;1.8750000e+02;-1.1414290e-01;1.8750000e+02;-1.6233169e-01;1.8750000e+02;-7.3557362e-02;1.8750000e+02;-3.4855016e-02;1.8750000e+02;2.7530618e-02;1.8750000e+02;1.0850351e-01;1.8750000e+02;2.0124269e-01;1.8750000e+02;2.8523862e-01;1.8750000e+02;3.3121824e-01;1.8750000e+02;3.5799968e-01;1.8750000e+02;3.5988218e-01;1.8750000e+02;3.0090117e-01;1.8750000e+02;2.1220344e-01;1.8750000e+02;1.4649723e-01;1.8750000e+02;8.8216402e-02;1.8750000e+02;3.5099998e-02;1.8750000e+02;-1.3777137e-02;1.8750000e+02;-6.4815708e-02;1.8750000e+02;-1.1414290e-01;1.8750000e+02;-1.6233169e-01;1.8750000e+02;-7.3557362e-02;1.8750000e+02;-3.4855016e-02;1.8750000e+02;2.7530618e-02;1.8750000e+02;1.0850351e-01;1.8750000e+02;2.0124269e-01;1.8750000e+02;2.8523862e-01;1.8750000e+02;3.3121824e-01;1.8750000e+02;3.5799968e-01;1.8750000e+02;3.5988218e-01;1.8750000e+02;3.0090117e-01;1.8750000e+02;2.1220344e-01;1.8750000e+02;1.4649723e-01;1.8750000e+02;8.8216402e-02;1.8750000e+02;3.5099998e-02;1.8750000e+02;-1.3777137e-02;1.8750000e+02;-6.4815708e-02;1.8750000e+02;-1.1414290e-01;1.8750000e+02;-1.6233169e-01;1.8750000e+02;-7.3557362e-02;1.8750000e+02;-3.4855016e-02;1.8750000e+02;2.7530618e-02;1.8750000e+02;1.0850351e-01;1.8750000e+02;2.0124269e-01;1.8750000e+02;2.8523862e-01;1.8750000e+02;3.3121824e-01;1.8750000e+02;3.5799968e-01;1.8750000e+02;3.5988218e-01;1.8750000e+02;3.0090117e-01;1.8750000e+02;2.1220344e-01;1.8750000e+02;1.4649723e-01;1.8750000e+02;8.8216402e-02;1.8750000e+02;3.5099998e-02;1.8750000e+02;-1.3777137e-02;1.8750000e+02;-6.4815708e-02;1.8750000e+02;-1.1414290e-01;1.8750000e+02;-1.6233169e-01;1.8750000e+02;-7.3557362e-02;1.8750000e+02;-3.4855016e-02;1.8750000e+02;2.7530618e-02;1.8750000e+02;1.0850351e-01;1.8750000e+02;2.0124269e-01;1.8750000e+02;2.8523862e-01;1.8750000e+02;3.3121824e-01;1.8750000e+02;3.5799968e-01;1.8750000e+02;3.5988218e-01;1.8750000e+02;3.0090117e-01;1.8750000e+02;2.1220344e-01;1.8750000e+02;1.4649723e-01;1.8750000e+02;8.8216402e-02;1.8750000e+02;3.5099998e-02;1.8750000e+02;-1.3777137e-02;1.8750000e+02;-6.4815708e-02;1.8750000e+02;-1.1414290e-01;1.8750000e+02;-1.6233169e-01;1.8750000e+02;-7.3557362e-02;1.8750000e+02;-3.4855016e-02;1.8750000e+02;2.7530618e-02;1.8750000e+02;1.0850351e-01;1.8750000e+02;2.0124269e-01;1.8750000e+02;2.8523862e-01;1.8750000e+02;3.3121824e-01;1.8750000e+02;3.5799968e-01;1.8750000e+02;3.5988218e-01;1.8750000e+02;3.0090117e-01;1.8750000e+02;2.1220344e-01;1.8750000e+02;1.4649723e-01;1.8750000e+02;8.8216402e-02;1.8750000e+02;3.5099998e-02;1.8750000e+02;-1.3777137e-02;1.8750000e+02;-6.4815708e-02;1.8750000e+02;-1.1414290e-01;1.8750000e+02;-1.6233169e-01;1.8750000e+02;-7.3557362e-02;1.8750000e+02;-3.4855016e-02;1.8750000e+02;2.7530618e-02;1.8750000e+02;1.0850351e-01;1.8750000e+02;2.0124269e-01;1.8750000e+02;2.8523862e-01;1.8750000e+02;3.3121824e-01;1.8750000e+02;3.5799968e-01;1.8750000e+02;3.5988218e-01;1.8750000e+02;3.0090117e-01;1.8750000e+02;2.1220344e-01;1.8750000e+02;1.4649723e-01;1.8750000e+02;8.8216402e-02;1.8750000e+02;3.5099998e-02;1.8750000e+02;-1.3777137e-02;1.8750000e+02;-6.4815708e-02;1.8750000e+02;-1.1414290e-01;1.8750000e+02;-1.6233169e-01;1.8750000e+02;-7.3557362e-02;1.8750000e+02;-3.4855016e-02;1.8750000e+02;2.7530618e-02;1.8750000e+02;1.0850351e-01;1.8750000e+02;2.0124269e-01;1.8750000e+02;2.8523862e-01;1.8750000e+02;3.3121824e-01;1.8750000e+02;3.5799968e-01;1.8750000e+02;3.5988218e-01;1.8750000e+02;3.0090117e-01;1.8750000e+02;2.1220344e-01;1.8750000e+02;1.4649723e-01;1.8750000e+02;8.8216402e-02;1.8750000e+02;3.5099998e-02;1.8750000e+02;-1.3777137e-02;1.8750000e+02;-6.4815708e-02;1.8750000e+02;-1.1414290e-01;1.8750000e+02;-1.6233169e-01;1.8750000e+02;-7.3557362e-02;1.8750000e+02;-3.4855016e-02;1.8750000e+02;2.7530618e-02;1.8750000e+02;1.0850351e-01;1.8750000e+02;2.0124269e-01;1.8750000e+02;2.8523862e-01;1.8750000e+02;3.3121824e-01;1.8750000e+02;3.5799968e-01;1.8750000e+02;3.5988218e-01;1.8750000e+02;3.0090117e-01;1.8750000e+02;2.1220344e-01;1.8750000e+02;1.4649723e-01;1.8750000e+02;8.8216402e-02;1.8750000e+02;3.5099998e-02;1.8750000e+02;-1.3777137e-02;1.8750000e+02;-6.4815708e-02;1.8750000e+02;-1.1414290e-01;1.8750000e+02;-1.6233169e-01;1.8750000e+02;-7.3557362e-02;1.8750000e+02;-3.4855016e-02;1.8750000e+02;2.7530618e-02;1.8750000e+02;1.0850351e-01;1.8750000e+02;2.0124269e-01;1.8750000e+02;2.8523862e-01;1.8750000e+02;3.3121824e-01;1.8750000e+02;3.5799968e-01;1.8750000e+02;3.5988218e-01;1.8750000e+02;3.0090117e-01;1.8750000e+02;2.1220344e-01;1.8750000e+02;1.4649723e-01;1.8750000e+02;8.8216402e-02;1.8750000e+02;3.5099998e-02;1.8750000e+02;-1.3777137e-02;1.8750000e+02;-6.4815708e-02;1.8750000e+02;-1.1414290e-01;1.8750000e+02;-1.6233169e-01;1.8750000e+02;-7.3557362e-02;1.8750000e+02;-3.4855016e-02;1.8750000e+02;2.7530618e-02;1.8750000e+02;1.0850351e-01;1.8750000e+02;2.0124269e-01;1.8750000e+02;2.8523862e-01;1.8750000e+02;3.3121824e-01;1.8750000e+02;3.5799968e-01;1.8750000e+02;3.5988218e-01;1.8750000e+02;3.0090117e-01;1.8750000e+02;2.1220344e-01;1.8750000e+02;1.4649723e-01;1.8750000e+02;8.8216402e-02;1.8750000e+02;3.5099998e-02;1.8750000e+02;-1.3777137e-02;1.8750000e+02;-6.4815708e-02;1.8750000e+02;-1.1414290e-01;1.8750000e+02;-1.6233169e-01;1.8750000e+02;-7.3557362e-02;1.8750000e+02;-3.4855016e-02;1.8750000e+02;2.7530618e-02;1.8750000e+02;1.0850351e-01;1.8750000e+02;2.0124269e-01;1.8750000e+02;2.8523862e-01;1.8750000e+02;3.3121824e-01;1.8750000e+02;3.5799968e-01;1.8750000e+02;3.5988218e-01;1.8750000e+02;3.0090117e-01;1.8750000e+02;2.1220344e-01;1.8750000e+02;1.4649723e-01;1.8750000e+02;8.8216402e-02;1.8750000e+02;3.5099998e-02;1.8750000e+02;-1.3777137e-02;1.8750000e+02;-6.4815708e-02;1.8750000e+02;-1.1414290e-01;1.8750000e+02;-1.6233169e-01;1.8750000e+02;-7.3557362e-02;1.8750000e+02;-3.4855016e-02;1.8750000e+02;2.7530618e-02;1.8750000e+02;1.0850351e-01;1.8750000e+02;2.0124269e-01;1.8750000e+02;2.8523862e-01;1.8750000e+02;3.3121824e-01;1.8750000e+02;3.5799968e-01;1.8750000e+02;3.5988218e-01;1.8750000e+02;3.0090117e-01;1.8750000e+02;2.1220344e-01;1.8750000e+02;1.4649723e-01;1.8750000e+02;8.8216402e-02;1.8750000e+02;3.5099998e-02;1.8750000e+02;-1.3777137e-02;1.8750000e+02;-6.4815708e-02;1.8750000e+02;-1.1414290e-01;1.8750000e+02;-1.6233169e-01;1.8750000e+02;-7.3557362e-02;1.8750000e+02;-3.4855016e-02;1.8750000e+02;2.7530618e-02;1.8750000e+02;1.0850351e-01;1.8750000e+02;2.0124269e-01;1.8750000e+02;2.8523862e-01;1.8750000e+02;3.3121824e-01;1.8750000e+02;3.5799968e-01;1.8750000e+02;3.5988218e-01;1.8750000e+02;3.0090117e-01;1.8750000e+02;2.1220344e-01;1.8750000e+02;1.4649723e-01;1.8750000e+02;8.8216402e-02;1.8750000e+02;3.5099998e-02;1.8750000e+02;-1.3777137e-02;1.8750000e+02;-6.4815708e-02;1.8750000e+02;-1.1414290e-01;1.8750000e+02;-1.6233169e-01;1.8750000e+02;-7.3557362e-02;1.8750000e+02;-3.4855016e-02;1.8750000e+02;2.7530618e-02;1.8750000e+02;1.0850351e-01;1.8750000e+02;2.0124269e-01;1.8750000e+02;2.8523862e-01;1.8750000e+02;3.3121824e-01;1.8750000e+02;3.5799968e-01;1.8750000e+02;3.5988218e-01;1.8750000e+02;3.0090117e-01;1.8750000e+02;2.1220344e-01;1.8750000e+02;1.4649723e-01;1.8750000e+02;8.8216402e-02;1.8750000e+02;3.5099998e-02;1.8750000e+02;-1.3777137e-02;1.8750000e+02;-6.4815708e-02;1.8750000e+02;-1.1414290e-01;1.8750000e+02;-1.6233169e-01;1.8750000e+02;-7.3557362e-02;1.8750000e+02;-3.4855016e-02;1.8750000e+02;2.7530618e-02;1.8750000e+02;1.0850351e-01;1.8750000e+02;2.0124269e-01;1.8750000e+02;2.8523862e-01;1.8750000e+02;3.3121824e-01;1.8750000e+02;3.5799968e-01;1.8750000e+02;3.5988218e-01;1.8750000e+02;3.0090117e-01;1.8750000e+02;2.1220344e-01;1.8750000e+02;1.4649723e-01;1.8750000e+02;8.8216402e-02;1.8750000e+02;3.5099998e-02;1.8750000e+02;-1.3777137e-02;1.8750000e+02;-6.4815708e-02;1.8750000e+02;-1.1414290e-01;1.8750000e+02;-1.6233169e-01;1.8750000e+02;-7.3557362e-02;1.8750000e+02;-3.4855016e-02;1.8750000e+02;2.7530618e-02;1.8750000e+02;1.0850351e-01;1.8750000e+02;2.0124269e-01;1.8750000e+02;2.8523862e-01;1.8750000e+02;3.3121824e-01;1.8750000e+02;3.5799968e-01;1.8750000e+02;3.5988218e-01;1.8750000e+02;3.0090117e-01;1.8750000e+02;2.1220344e-01;1.8750000e+02;1.4649723e-01;1.8750000e+02;8.8216402e-02;1.8750000e+02;3.5099998e-02;1.8750000e+02;-1.3777137e-02;1.8750000e+02;-6.4815708e-02;1.8750000e+02;-1.1414290e-01;1.8750000e+02;-1.6233169e-01;1.8750000e+02;-7.3557362e-02;1.8750000e+02;-3.4855016e-02;1.8750000e+02;2.7530618e-02;1.8750000e+02;1.0850351e-01;1.8750000e+02;2.0124269e-01;1.8750000e+02;2.8523862e-01;1.8750000e+02;3.3121824e-01;1.8750000e+02;3.5799968e-01;1.8750000e+02;3.5988218e-01;1.8750000e+02;3.0090117e-01;1.8750000e+02;2.1220344e-01;1.8750000e+02;1.4649723e-01;1.8750000e+02;8.8216402e-02;1.8750000e+02;3.5099998e-02;1.8750000e+02;-1.3777137e-02;1.8750000e+02;-6.4815708e-02;1.8750000e+02;-1.1414290e-01;1.8750000e+02;-1.6233169e-01;1.8750000e+02;-7.3557362e-02;1.8750000e+02;-3.4855016e-02;1.8750000e+02;2.7530618e-02;1.8750000e+02;1.0850351e-01;1.8750000e+02;2.0124269e-01;1.8750000e+02;2.8523862e-01;1.8750000e+02;3.3121824e-01;1.8750000e+02;3.5799968e-01;1.8750000e+02;3.5988218e-01;1.8750000e+02;3.0090117e-01;1.8750000e+02;2.1220344e-01;1.8750000e+02;1.4649723e-01;1.8750000e+02;8.8216402e-02;1.8750000e+02;3.5099998e-02;1.8750000e+02;-1.3777137e-02;1.8750000e+02;-6.4815708e-02;1.8750000e+02;-1.1414290e-01;1.8750000e+02;-1.6233169e-01;1.8750000e+02;-7.3557362e-02;1.8750000e+02;-3.4855016e-02;1.8750000e+02;2.7530618e-02;1.8750000e+02;1.0850351e-01;1.8750000e+02;2.0124269e-01;1.8750000e+02;2.8523862e-01;1.8750000e+02;3.3121824e-01;1.8750000e+02;3.5799968e-01;1.8750000e+02;3.5988218e-01;1.8750000e+02;3.0090117e-01;1.8750000e+02;2.1220344e-01;1.8750000e+02;1.4649723e-01;1.8750000e+02;8.8216402e-02;1.8750000e+02;3.5099998e-02;1.8750000e+02;-1.3777137e-02;1.8750000e+02;-6.4815708e-02;1.8750000e+02;-1.1414290e-01;1.8750000e+02;-1.6233169e-01;1.8750000e+02;-7.3557362e-02;1.8750000e+02;-3.4855016e-02;1.8750000e+02;2.7530618e-02;1.8750000e+02;1.0850351e-01;1.8750000e+02;2.0124269e-01;1.8750000e+02;2.8523862e-01;1.8750000e+02;3.3121824e-01;1.8750000e+02;3.5799968e-01;1.8750000e+02;3.5988218e-01;1.8750000e+02;3.0090117e-01;1.8750000e+02;2.1220344e-01;1.8750000e+02;1.4649723e-01;1.8750000e+02;8.8216402e-02;1.8750000e+02;3.5099998e-02;1.8750000e+02;-1.3777137e-02;1.8750000e+02;-6.4815708e-02;1.8750000e+02;-1.1414290e-01;1.8750000e+02;-1.6233169e-01;1.8750000e+02;-7.3557362e-02;1.8750000e+02;-3.4855016e-02;1.8750000e+02;2.7530618e-02;1.8750000e+02;1.0850351e-01;1.8750000e+02;2.0124269e-01;1.8750000e+02;2.8523862e-01;1.8750000e+02;3.3121824e-01;1.8750000e+02;3.5799968e-01;1.8750000e+02;3.5988218e-01;1.8750000e+02;3.0090117e-01;1.8750000e+02;2.1220344e-01;1.8750000e+02;1.4649723e-01;1.8750000e+02;8.8216402e-02;1.8750000e+02;3.5099998e-02;1.8750000e+02;-1.3777137e-02;1.8750000e+02;-6.4815708e-02;1.8750000e+02;-1.1414290e-01;1.8750000e+02;-1.6233169e-01;1.8750000e+02;-7.3557362e-02;1.8750000e+02;-3.4855016e-02;1.8750000e+02;2.7530618e-02;1.8750000e+02;1.0850351e-01;1.8750000e+02;2.0124269e-01;1.8750000e+02;2.8523862e-01;1.8750000e+02;3.3121824e-01;1.8750000e+02;3.5799968e-01;1.8750000e+02;3.5988218e-01;1.8750000e+02;3.0090117e-01;1.8750000e+02;2.1220344e-01;1.8750000e+02;1.4649723e-01;1.8750000e+02;8.8216402e-02;1.8750000e+02;3.5099998e-02;1.8750000e+02;-1.3777137e-02;1.8750000e+02;-6.4815708e-02;1.8750000e+02;-1.1414290e-01;1.8750000e+02;-1.6233169e-01;1.8750000e+02;-7.3557362e-02;1.8750000e+02;-3.4855016e-02;1.8750000e+02;2.7530618e-02;1.8750000e+02;1.0850351e-01;1.8750000e+02;2.0124269e-01;1.8750000e+02;2.8523862e-01;1.8750000e+02;3.3121824e-01;1.8750000e+02;3.5799968e-01;1.8750000e+02;3.5988218e-01;1.8750000e+02;3.0090117e-01;1.8750000e+02;2.1220344e-01;1.8750000e+02;1.4649723e-01;1.8750000e+02;8.8216402e-02;1.8750000e+02;3.5099998e-02;1.8750000e+02;-1.3777137e-02;1.8750000e+02;-6.4815708e-02;1.8750000e+02;-1.1414290e-01;1.8750000e+02;-1.6233169e-01;1.8750000e+02;-7.3557362e-02;1.8750000e+02;-3.4855016e-02;1.8750000e+02;2.7530618e-02;1.8750000e+02;1.0850351e-01;1.8750000e+02;2.0124269e-01;1.8750000e+02;2.8523862e-01;1.8750000e+02;3.3121824e-01;1.8750000e+02;3.5799968e-01;1.8750000e+02;3.5988218e-01;1.8750000e+02;3.0090117e-01;1.8750000e+02;2.1220344e-01;1.8750000e+02;1.4649723e-01;1.8750000e+02;8.8216402e-02;1.8750000e+02;3.5099998e-02;1.8750000e+02;-1.3777137e-02;1.8750000e+02;-6.4815708e-02;1.8750000e+02;-1.1414290e-01;1.8750000e+02;-1.6233169e-01;1.8750000e+02;-7.3557362e-02;1.8750000e+02;-3.4855016e-02;1.8750000e+02;2.7530618e-02;1.8750000e+02;1.0850351e-01;1.8750000e+02;2.0124269e-01;1.8750000e+02;2.8523862e-01;1.8750000e+02;3.3121824e-01;1.8750000e+02;3.5799968e-01;1.8750000e+02;3.5988218e-01;1.8750000e+02;3.0090117e-01;1.8750000e+02;2.1220344e-01;1.8750000e+02;1.4649723e-01;1.8750000e+02;8.8216402e-02;1.8750000e+02;3.5099998e-02;1.8750000e+02;-1.3777137e-02;1.8750000e+02;-6.4815708e-02;1.8750000e+02;-1.1414290e-01;1.8750000e+02;-1.6233169e-01;1.8750000e+02;-7.3557362e-02;1.8750000e+02;-3.4855016e-02;1.8750000e+02;2.7530618e-02;1.8750000e+02;1.0850351e-01;1.8750000e+02;2.0124269e-01;1.8750000e+02;2.8523862e-01;1.8750000e+02;3.3121824e-01;1.8750000e+02;3.5799968e-01;1.8750000e+02;3.5988218e-01;1.8750000e+02;3.0090117e-01;1.8750000e+02;2.1220344e-01;1.8750000e+02;1.4649723e-01;1.8750000e+02;8.8216402e-02;1.8750000e+02;3.5099998e-02;1.8750000e+02;-1.3777137e-02;1.8750000e+02;-6.4815708e-02;1.8750000e+02;-1.1414290e-01;1.8750000e+02;-1.6233169e-01;1.8750000e+02;-7.3557362e-02;1.8750000e+02;-3.4855016e-02;1.8750000e+02;2.7530618e-02;1.8750000e+02;1.0850351e-01;1.8750000e+02;2.0124269e-01;1.8750000e+02;2.8523862e-01;1.8750000e+02;3.3121824e-01;1.8750000e+02;3.5799968e-01;1.8750000e+02;3.5988218e-01;1.8750000e+02;3.0090117e-01;1.8750000e+02;2.1220344e-01;1.8750000e+02;1.4649723e-01;1.8750000e+02;8.8216402e-02;1.8750000e+02;3.5099998e-02;1.8750000e+02;-1.3777137e-02;1.8750000e+02;-6.4815708e-02;1.8750000e+02;-1.1414290e-01;1.8750000e+02;-1.6233169e-01;1.8750000e+02;-7.3557362e-02;1.8750000e+02;-3.4855016e-02;1.8750000e+02;2.7530618e-02;1.8750000e+02;1.0850351e-01;1.8750000e+02;2.0124269e-01;1.8750000e+02;2.8523862e-01;1.8750000e+02;3.3121824e-01;1.8750000e+02;3.5799968e-01;1.8750000e+02;3.5988218e-01;1.8750000e+02;3.0090117e-01;1.8750000e+02;2.1220344e-01;1.8750000e+02;1.4649723e-01;1.8750000e+02;8.8216402e-02;1.8750000e+02;3.5099998e-02;1.8750000e+02;-1.3777137e-02;1.8750000e+02;-6.4815708e-02;1.8750000e+02;-1.1414290e-01;1.8750000e+02;-1.6233169e-01;1.8750000e+02;-7.3557362e-02;1.8750000e+02;-3.4855016e-02;1.8750000e+02;2.7530618e-02;1.8750000e+02;1.0850351e-01;1.8750000e+02;2.0124269e-01;1.8750000e+02;2.8523862e-01;1.8750000e+02;3.3121824e-01;1.8750000e+02;3.5799968e-01;1.8750000e+02;3.5988218e-01;1.8750000e+02;3.0090117e-01;1.8750000e+02;2.1220344e-01;1.8750000e+02;1.4649723e-01;1.8750000e+02;8.8216402e-02;1.8750000e+02;3.5099998e-02;1.8750000e+02;-1.3777137e-02;1.8750000e+02;-6.4815708e-02;1.8750000e+02;-1.1414290e-01;1.8750000e+02;-1.6233169e-01;1.8750000e+02;-7.3557362e-02;1.8750000e+02;-3.4855016e-02;1.8750000e+02;2.7530618e-02;1.8750000e+02;1.0850351e-01;1.8750000e+02;2.0124269e-01;1.8750000e+02;2.8523862e-01;1.8750000e+02;3.3121824e-01;1.8750000e+02;3.5799968e-01;1.8750000e+02;3.5988218e-01;1.8750000e+02;3.0090117e-01;1.8750000e+02;2.1220344e-01;1.8750000e+02;1.4649723e-01;1.8750000e+02;8.8216402e-02;1.8750000e+02;3.5099998e-02;1.8750000e+02;-1.3777137e-02;1.8750000e+02;-6.4815708e-02;1.8750000e+02;-1.1414290e-01;1.8750000e+02;-1.6233169e-01;1.8750000e+02;-7.3557362e-02;1.8750000e+02;-3.4855016e-02;1.8750000e+02;2.7530618e-02;1.8750000e+02;1.0850351e-01;1.8750000e+02;2.0124269e-01;1.8750000e+02;2.8523862e-01;1.8750000e+02;3.3121824e-01;1.8750000e+02;3.5799968e-01;1.8750000e+02;3.5988218e-01;1.8750000e+02;3.0090117e-01;1.8750000e+02;2.1220344e-01;1.8750000e+02;1.4649723e-01;1.8750000e+02;8.8216402e-02;1.8750000e+02;3.5099998e-02;1.8750000e+02;-1.3777137e-02;1.8750000e+02;-6.4815708e-02;1.8750000e+02;-1.1414290e-01;1.8750000e+02;-1.6233169e-01;1.8750000e+02;-7.3557362e-02;1.8750000e+02;-3.4855016e-02;1.8750000e+02;2.7530618e-02;1.8750000e+02;1.0850351e-01;1.8750000e+02;2.0124269e-01;1.8750000e+02;2.8523862e-01;1.8750000e+02;3.3121824e-01;1.8750000e+02;3.5799968e-01;1.8750000e+02;3.5988218e-01;1.8750000e+02;3.0090117e-01;1.8750000e+02;2.1220344e-01;1.8750000e+02;1.4649723e-01;1.8750000e+02;8.8216402e-02;1.8750000e+02;3.5099998e-02;1.8750000e+02;-1.3777137e-02;1.8750000e+02;-6.4815708e-02;1.8750000e+02;-1.1414290e-01;1.8750000e+02;-1.6233169e-01;1.8750000e+02;-7.3557362e-02;1.8750000e+02;-3.4855016e-02;1.8750000e+02;2.7530618e-02;1.8750000e+02;1.0850351e-01;1.8750000e+02;2.0124269e-01;1.8750000e+02;2.8523862e-01;1.8750000e+02;3.3121824e-01;1.8750000e+02;3.5799968e-01;1.8750000e+02;3.5988218e-01;1.8750000e+02;3.0090117e-01;1.8750000e+02;2.1220344e-01;1.8750000e+02;1.4649723e-01;1.8750000e+02;8.8216402e-02;1.8750000e+02;3.5099998e-02;1.8750000e+02;-1.3777137e-02;1.8750000e+02;-6.4815708e-02;1.8750000e+02;-1.1414290e-01;1.8750000e+02;-1.6233169e-01;1.8750000e+02;-7.3557362e-02;1.8750000e+02;-3.4855016e-02;1.8750000e+02;2.7530618e-02;1.8750000e+02;1.0850351e-01;1.8750000e+02;2.0124269e-01;1.8750000e+02;2.8523862e-01;1.8750000e+02;3.3121824e-01;1.8750000e+02;3.5799968e-01;1.8750000e+02;3.5988218e-01;1.8750000e+02;3.0090117e-01;1.8750000e+02;2.1220344e-01;1.8750000e+02;1.4649723e-01;1.8750000e+02;8.8216402e-02;1.8750000e+02;3.5099998e-02;1.8750000e+02;-1.3777137e-02;1.8750000e+02;-6.4815708e-02;1.8750000e+02;-1.1414290e-01;1.8750000e+02;-1.6233169e-01;1.8750000e+02;-7.3557362e-02;1.8750000e+02;-3.4855016e-02;1.8750000e+02;2.7530618e-02;1.8750000e+02;1.0850351e-01;1.8750000e+02;2.0124269e-01;1.8750000e+02;2.8523862e-01;1.8750000e+02;3.3121824e-01;1.8750000e+02;3.5799968e-01;1.8750000e+02;3.5988218e-01;1.8750000e+02;3.0090117e-01;1.8750000e+02;2.1220344e-01;1.8750000e+02;1.4649723e-01;1.8750000e+02;8.8216402e-02;1.8750000e+02;3.5099998e-02;1.8750000e+02;-1.3777137e-02;1.8750000e+02;-6.4815708e-02;1.8750000e+02;-1.1414290e-01;1.8750000e+02;-1.6233169e-01;1.8750000e+02;-7.3557362e-02;1.8750000e+02;-3.4855016e-02;1.8750000e+02;2.7530618e-02;1.8750000e+02;1.0850351e-01;1.8750000e+02;2.0124269e-01;1.8750000e+02;2.8523862e-01;1.8750000e+02;3.3121824e-01;1.8750000e+02;3.5799968e-01;1.8750000e+02;3.5988218e-01;1.8750000e+02;3.0090117e-01;1.8750000e+02;2.1220344e-01;1.8750000e+02;1.4649723e-01;1.8750000e+02;8.8216402e-02;1.8750000e+02;3.5099998e-02;1.8750000e+02;-1.3777137e-02;1.8750000e+02;-6.4815708e-02;1.8750000e+02;-1.1414290e-01;1.8750000e+02;-1.6233169e-01;1.8750000e+02;-7.3557362e-02;1.8750000e+02;-3.4855016e-02;1.8750000e+02;2.7530618e-02;1.8750000e+02;1.0850351e-01;1.8750000e+02;2.0124269e-01;1.8750000e+02;2.8523862e-01;1.8750000e+02;3.3121824e-01;1.8750000e+02;3.5799968e-01;1.8750000e+02;3.5988218e-01;1.8750000e+02;3.0090117e-01;1.8750000e+02;2.1220344e-01;1.8750000e+02;1.4649723e-01;1.8750000e+02;8.8216402e-02;1.8750000e+02;3.5099998e-02;1.8750000e+02;-1.3777137e-02;1.8750000e+02;-6.4815708e-02;1.8750000e+02;-1.1414290e-01;1.8750000e+02;-1.6233169e-01;1.8750000e+02;-7.3557362e-02;1.8750000e+02;-3.4855016e-02;1.8750000e+02;2.7530618e-02;1.8750000e+02;1.0850351e-01;1.8750000e+02;2.0124269e-01;1.8750000e+02;2.8523862e-01;1.8750000e+02;3.3121824e-01;1.8750000e+02;3.5799968e-01;1.8750000e+02;3.5988218e-01;1.8750000e+02;3.0090117e-01;1.8750000e+02;2.1220344e-01;1.8750000e+02;1.4649723e-01;1.8750000e+02;8.8216402e-02;1.8750000e+02;3.5099998e-02;1.8750000e+02;-1.3777137e-02;1.8750000e+02;-6.4815708e-02;1.8750000e+02;-1.1414290e-01;1.8750000e+02;-1.6233169e-01;1.8750000e+02;-7.3557362e-02;1.8750000e+02;-3.4855016e-02;1.8750000e+02;2.7530618e-02;1.8750000e+02;1.0850351e-01;1.8750000e+02;2.0124269e-01;1.8750000e+02;2.8523862e-01;1.8750000e+02;3.3121824e-01;1.8750000e+02;3.5799968e-01;1.8750000e+02;3.5988218e-01;1.8750000e+02;3.0090117e-01;1.8750000e+02;2.1220344e-01;1.8750000e+02;1.4649723e-01;1.8750000e+02;8.8216402e-02;1.8750000e+02;3.5099998e-02;1.8750000e+02;-1.3777137e-02;1.8750000e+02;-6.4815708e-02;1.8750000e+02;-1.1414290e-01;1.8750000e+02;-1.6233169e-01;1.8750000e+02;-7.3557362e-02;1.8750000e+02;-3.4855016e-02;1.8750000e+02;2.7530618e-02;1.8750000e+02;1.0850351e-01;1.8750000e+02;2.0124269e-01;1.8750000e+02;2.8523862e-01;1.8750000e+02;3.3121824e-01;1.8750000e+02;3.5799968e-01;1.8750000e+02;3.5988218e-01;1.8750000e+02;3.0090117e-01;1.8750000e+02;2.1220344e-01;1.8750000e+02;1.4649723e-01;1.8750000e+02;8.8216402e-02;1.8750000e+02;3.5099998e-02;1.8750000e+02;-1.3777137e-02;1.8750000e+02;-6.4815708e-02;1.8750000e+02;-1.1414290e-01;1.8750000e+02;-1.6233169e-01;1.8750000e+02;-7.3557362e-02;1.8750000e+02;-3.4855016e-02;1.8750000e+02;2.7530618e-02;1.8750000e+02;1.0850351e-01;1.8750000e+02;2.0124269e-01;1.8750000e+02;2.8523862e-01;1.8750000e+02;3.3121824e-01;1.8750000e+02;3.5799968e-01;1.8750000e+02;3.5988218e-01;1.8750000e+02;3.0090117e-01;1.8750000e+02;2.1220344e-01;1.8750000e+02;1.4649723e-01;1.8750000e+02;8.8216402e-02;1.8750000e+02;3.5099998e-02;1.8750000e+02;-1.3777137e-02;1.8750000e+02;-6.4815708e-02;1.8750000e+02;-1.1414290e-01;1.8750000e+02;-1.6233169e-01;1.8750000e+02;-7.3557362e-02;1.8750000e+02;-3.4855016e-02;1.8750000e+02;2.7530618e-02;1.8750000e+02;1.0850351e-01;1.8750000e+02;2.0124269e-01;1.8750000e+02;2.8523862e-01;1.8750000e+02;3.3121824e-01;1.8750000e+02;3.5799968e-01;1.8750000e+02;3.5988218e-01;1.8750000e+02;3.0090117e-01;1.8750000e+02;2.1220344e-01;1.8750000e+02;1.4649723e-01;1.8750000e+02;8.8216402e-02;1.8750000e+02;3.5099998e-02;1.8750000e+02;-1.3777137e-02;1.8750000e+02;-6.4815708e-02;1.8750000e+02;-1.1414290e-01;1.8750000e+02;-1.6233169e-01;1.8750000e+02;-7.3557362e-02;1.8750000e+02;-3.4855016e-02;1.8750000e+02;2.7530618e-02;1.8750000e+02;1.0850351e-01;1.8750000e+02;2.0124269e-01;1.8750000e+02;2.8523862e-01;1.8750000e+02;3.3121824e-01;1.8750000e+02;3.5799968e-01;1.8750000e+02;3.5988218e-01;1.8750000e+02;3.0090117e-01;1.8750000e+02;2.1220344e-01;1.8750000e+02;1.4649723e-01;1.8750000e+02;8.8216402e-02;1.8750000e+02;3.5099998e-02;1.8750000e+02;-1.3777137e-02;1.8750000e+02;-6.4815708e-02;1.8750000e+02;-1.1414290e-01;1.8750000e+02;-1.6233169e-01;1.8750000e+02;-7.3557362e-02;1.8750000e+02;-3.4855016e-02;1.8750000e+02;2.7530618e-02;1.8750000e+02;1.0850351e-01;1.8750000e+02;2.0124269e-01;1.8750000e+02;2.8523862e-01;1.8750000e+02;3.3121824e-01;1.8750000e+02;3.5799968e-01;1.8750000e+02;3.5988218e-01;1.8750000e+02;3.0090117e-01;1.8750000e+02;2.1220344e-01;1.8750000e+02;1.4649723e-01;1.8750000e+02;8.8216402e-02;1.8750000e+02;3.5099998e-02;1.8750000e+02;-1.3777137e-02;1.8750000e+02;-6.4815708e-02;1.8750000e+02;-1.1414290e-01;1.8750000e+02;-1.6233169e-01;1.8750000e+02;-7.3557362e-02;1.8750000e+02;-3.4855016e-02;1.8750000e+02;2.7530618e-02;1.8750000e+02;1.0850351e-01;1.8750000e+02;2.0124269e-01;1.8750000e+02;2.8523862e-01;1.8750000e+02;3.3121824e-01;1.8750000e+02;3.5799968e-01;1.8750000e+02;3.5988218e-01;1.8750000e+02;3.0090117e-01;1.8750000e+02;2.1220344e-01;1.8750000e+02;1.4649723e-01;1.8750000e+02;8.8216402e-02;1.8750000e+02;3.5099998e-02;1.8750000e+02;-1.3777137e-02;1.8750000e+02;-6.4815708e-02;1.8750000e+02;-1.1414290e-01;1.8750000e+02;-1.6233169e-01;1.8750000e+02;-7.3557362e-02;1.8750000e+02;-3.4855016e-02;1.8750000e+02;2.7530618e-02;1.8750000e+02;1.0850351e-01;1.8750000e+02;2.0124269e-01;1.8750000e+02;2.8523862e-01;1.8750000e+02;3.3121824e-01;1.8750000e+02;3.5799968e-01;1.8750000e+02;3.5988218e-01;1.8750000e+02;3.0090117e-01;1.8750000e+02;2.1220344e-01;1.8750000e+02;1.4649723e-01;1.8750000e+02;8.8216402e-02;1.8750000e+02;3.5099998e-02;1.8750000e+02;-1.3777137e-02;1.8750000e+02;-6.4815708e-02;1.8750000e+02;-1.1414290e-01;1.8750000e+02;-1.6233169e-01;1.8750000e+02;-7.3557362e-02;1.8750000e+02;-3.4855016e-02;1.8750000e+02;2.7530618e-02;1.8750000e+02;1.0850351e-01;1.8750000e+02;2.0124269e-01;1.8750000e+02;2.8523862e-01;1.8750000e+02;3.3121824e-01;1.8750000e+02;3.5799968e-01;1.8750000e+02;3.5988218e-01;1.8750000e+02;3.0090117e-01;1.8750000e+02;2.1220344e-01;1.8750000e+02;1.4649723e-01;1.8750000e+02;8.8216402e-02;1.8750000e+02;3.5099998e-02;1.8750000e+02;-1.3777137e-02;1.8750000e+02;-6.4815708e-02;1.8750000e+02;-1.1414290e-01;1.8750000e+02;-1.6233169e-01;1.8750000e+02;-7.3557362e-02;1.8750000e+02;-3.4855016e-02;1.8750000e+02;2.7530618e-02;1.8750000e+02;1.0850351e-01;1.8750000e+02;2.0124269e-01;1.8750000e+02;2.8523862e-01;1.8750000e+02;3.3121824e-01;1.8750000e+02;3.5799968e-01;1.8750000e+02;3.5988218e-01;1.8750000e+02;3.0090117e-01;1.8750000e+02;2.1220344e-01;1.8750000e+02;1.4649723e-01;1.8750000e+02;8.8216402e-02;1.8750000e+02;3.5099998e-02;1.8750000e+02;-1.3777137e-02;1.8750000e+02;-6.4815708e-02;1.8750000e+02;-1.1414290e-01;1.8750000e+02;-1.6233169e-01;1.8750000e+02;-7.3557362e-02;1.8750000e+02;-3.4855016e-02;1.8750000e+02;2.7530618e-02;1.8750000e+02;1.0850351e-01;1.8750000e+02;2.0124269e-01;1.8750000e+02;2.8523862e-01;1.8750000e+02;3.3121824e-01;1.8750000e+02;3.5799968e-01;1.8750000e+02;3.5988218e-01;1.8750000e+02;3.0090117e-01;1.8750000e+02;2.1220344e-01;1.8750000e+02;1.4649723e-01;1.8750000e+02;8.8216402e-02;1.8750000e+02;3.5099998e-02;1.8750000e+02;-1.3777137e-02;1.8750000e+02;-6.4815708e-02;1.8750000e+02;-1.1414290e-01;1.8750000e+02;-1.6233169e-01;1.8750000e+02;-7.3557362e-02;1.8750000e+02;-3.4855016e-02;1.8750000e+02;2.7530618e-02;1.8750000e+02;1.0850351e-01;1.8750000e+02;2.0124269e-01;1.8750000e+02;2.8523862e-01;1.8750000e+02;3.3121824e-01;1.8750000e+02;3.5799968e-01;1.8750000e+02;3.5988218e-01;1.8750000e+02;3.0090117e-01;1.8750000e+02;2.1220344e-01;1.8750000e+02;1.4649723e-01;1.8750000e+02;8.8216402e-02;1.8750000e+02;3.5099998e-02;1.8750000e+02;-1.3777137e-02;1.8750000e+02;-6.4815708e-02;1.8750000e+02;-1.1414290e-01;1.8750000e+02;-1.6233169e-01;1.8750000e+02;-7.3557362e-02;1.8750000e+02;-3.4855016e-02;1.8750000e+02;2.7530618e-02;1.8750000e+02;1.0850351e-01;1.8750000e+02;2.0124269e-01;1.8750000e+02;2.8523862e-01;1.8750000e+02;3.3121824e-01;1.8750000e+02;3.5799968e-01;1.8750000e+02;3.5988218e-01;1.8750000e+02;3.0090117e-01;1.8750000e+02;2.1220344e-01;1.8750000e+02;1.4649723e-01;1.8750000e+02;8.8216402e-02;1.8750000e+02;3.5099998e-02;1.8750000e+02;-1.3777137e-02;1.8750000e+02;-6.4815708e-02;1.8750000e+02;-1.1414290e-01;1.8750000e+02;-1.6233169e-01;1.8750000e+02;-7.3557362e-02;1.8750000e+02;-3.4855016e-02;1.8750000e+02;2.7530618e-02;1.8750000e+02;1.0850351e-01;1.8750000e+02;2.0124269e-01;1.8750000e+02;2.8523862e-01;1.8750000e+02;3.3121824e-01;1.8750000e+02;3.5799968e-01;1.8750000e+02;3.5988218e-01;1.8750000e+02;3.0090117e-01;1.8750000e+02;2.1220344e-01;1.8750000e+02;1.4649723e-01;1.8750000e+02;8.8216402e-02;1.8750000e+02;3.5099998e-02;1.8750000e+02;-1.3777137e-02;1.8750000e+02;-6.4815708e-02;1.8750000e+02;-1.1414290e-01;1.8750000e+02;-1.6233169e-01;1.8750000e+02;-7.3557362e-02;1.8750000e+02;-3.4855016e-02;1.8750000e+02;2.7530618e-02;1.8750000e+02;1.0850351e-01;1.8750000e+02;2.0124269e-01;1.8750000e+02;2.8523862e-01;1.8750000e+02;3.3121824e-01;1.8750000e+02;3.5799968e-01;1.8750000e+02;3.5988218e-01;1.8750000e+02;3.0090117e-01;1.8750000e+02;2.1220344e-01;1.8750000e+02;1.4649723e-01;1.8750000e+02;8.8216402e-02;1.8750000e+02;3.5099998e-02;1.8750000e+02;-1.3777137e-02;1.8750000e+02;-6.4815708e-02;1.8750000e+02;-1.1414290e-01;1.8750000e+02;-1.6233169e-01;1.8750000e+02;-7.3557362e-02;1.8750000e+02;-3.4855016e-02;1.8750000e+02;2.7530618e-02;1.8750000e+02;1.0850351e-01;1.8750000e+02;2.0124269e-01;1.8750000e+02;2.8523862e-01;1.8750000e+02;3.3121824e-01;1.8750000e+02;3.5799968e-01;1.8750000e+02;3.5988218e-01;1.8750000e+02;3.0090117e-01;1.8750000e+02;2.1220344e-01;1.8750000e+02;1.4649723e-01;1.8750000e+02;8.8216402e-02;1.8750000e+02;3.5099998e-02;1.8750000e+02;-1.3777137e-02;1.8750000e+02;-6.4815708e-02;1.8750000e+02;-1.1414290e-01;1.8750000e+02;-1.6233169e-01;1.8750000e+02;-7.3557362e-02;1.8750000e+02;-3.4855016e-02;1.8750000e+02;2.7530618e-02;1.8750000e+02;1.0850351e-01;1.8750000e+02;2.0124269e-01;1.8750000e+02;2.8523862e-01;1.8750000e+02;3.3121824e-01;1.8750000e+02;3.5799968e-01;1.8750000e+02;3.5988218e-01;1.8750000e+02;3.0090117e-01;1.8750000e+02;2.1220344e-01;1.8750000e+02;1.4649723e-01;1.8750000e+02;8.8216402e-02;1.8750000e+02;3.5099998e-02;1.8750000e+02;-1.3777137e-02;1.8750000e+02;-6.4815708e-02;1.8750000e+02;-1.1414290e-01;1.8750000e+02;-1.6233169e-01;1.8750000e+02;-7.3557362e-02;1.8750000e+02;-3.4855016e-02;1.8750000e+02;2.7530618e-02;1.8750000e+02;1.0850351e-01;1.8750000e+02;2.0124269e-01;1.8750000e+02;2.8523862e-01;1.8750000e+02;3.3121824e-01;1.8750000e+02;3.5799968e-01;1.8750000e+02;3.5988218e-01;1.8750000e+02;3.0090117e-01;1.8750000e+02;2.1220344e-01;1.8750000e+02;1.4649723e-01;1.8750000e+02;8.8216402e-02;1.8750000e+02;3.5099998e-02;1.8750000e+02;-1.3777137e-02;1.8750000e+02;-6.4815708e-02;1.8750000e+02;-1.1414290e-01;1.8750000e+02;-1.6233169e-01;1.8750000e+02;-7.3557362e-02;1.8750000e+02;-3.4855016e-02;1.8750000e+02;2.7530618e-02;1.8750000e+02;1.0850351e-01;1.8750000e+02;2.0124269e-01;1.8750000e+02;2.8523862e-01;1.8750000e+02;3.3121824e-01;1.8750000e+02;3.5799968e-01;1.8750000e+02;3.5988218e-01;1.8750000e+02;3.0090117e-01;1.8750000e+02;2.1220344e-01;1.8750000e+02;1.4649723e-01;1.8750000e+02;8.8216402e-02;1.8750000e+02;3.5099998e-02;1.8750000e+02;-1.3777137e-02;1.8750000e+02;-6.4815708e-02;1.8750000e+02;-1.1414290e-01;1.8750000e+02;-1.6233169e-01;1.8750000e+02;-7.3557362e-02;1.8750000e+02;-3.4855016e-02;1.8750000e+02;2.7530618e-02;1.8750000e+02;1.0850351e-01;1.8750000e+02;2.0124269e-01;1.8750000e+02;2.8523862e-01;1.8750000e+02;3.3121824e-01;1.8750000e+02;3.5799968e-01;1.8750000e+02;3.5988218e-01;1.8750000e+02;3.0090117e-01;1.8750000e+02;2.1220344e-01;1.8750000e+02;1.4649723e-01;1.8750000e+02;8.8216402e-02;1.8750000e+02;3.5099998e-02;1.8750000e+02;-1.3777137e-02;1.8750000e+02;-6.4815708e-02;1.8750000e+02;-1.1414290e-01;1.8750000e+02;-1.6233169e-01;1.8750000e+02;-7.3557362e-02;1.8750000e+02;-3.4855016e-02;1.8750000e+02;2.7530618e-02;1.8750000e+02;1.0850351e-01;1.8750000e+02;2.0124269e-01;1.8750000e+02;2.8523862e-01;1.8750000e+02;3.3121824e-01;1.8750000e+02;3.5799968e-01;1.8750000e+02;3.5988218e-01;1.8750000e+02;3.0090117e-01;1.8750000e+02;2.1220344e-01;1.8750000e+02;1.4649723e-01;1.8750000e+02;8.8216402e-02;1.8750000e+02;3.5099998e-02;1.8750000e+02;-1.3777137e-02;1.8750000e+02;-6.4815708e-02;1.8750000e+02;-1.1414290e-01;1.8750000e+02;-1.6233169e-01;1.8750000e+02;-7.3557362e-02;1.8750000e+02;-3.4855016e-02;1.8750000e+02;2.7530618e-02;1.8750000e+02;1.0850351e-01;1.8750000e+02;2.0124269e-01;1.8750000e+02;2.8523862e-01;1.8750000e+02;3.3121824e-01;1.8750000e+02;3.5799968e-01;1.8750000e+02;3.5988218e-01;1.8750000e+02;3.0090117e-01;1.8750000e+02;2.1220344e-01;1.8750000e+02;1.4649723e-01;1.8750000e+02;8.8216402e-02;1.8750000e+02;3.5099998e-02;1.8750000e+02;-1.3777137e-02;1.8750000e+02;-6.4815708e-02;1.8750000e+02;-1.1414290e-01;1.8750000e+02;-1.6233169e-01;1.8750000e+02;-7.3557362e-02;1.8750000e+02;-3.4855016e-02;1.8750000e+02;2.7530618e-02;1.8750000e+02;1.0850351e-01;1.8750000e+02;2.0124269e-01;1.8750000e+02;2.8523862e-01;1.8750000e+02;3.3121824e-01;1.8750000e+02;3.5799968e-01;1.8750000e+02;3.5988218e-01;1.8750000e+02;3.0090117e-01;1.8750000e+02;2.1220344e-01;1.8750000e+02;1.4649723e-01;1.8750000e+02;8.8216402e-02;1.8750000e+02;3.5099998e-02;1.8750000e+02;-1.3777137e-02;1.8750000e+02;-6.4815708e-02;1.8750000e+02;-1.1414290e-01;1.8750000e+02;-1.6233169e-01;1.8750000e+02;-7.3557362e-02;1.8750000e+02;-3.4855016e-02;1.8750000e+02;2.7530618e-02;1.8750000e+02;1.0850351e-01;1.8750000e+02;2.0124269e-01;1.8750000e+02;2.8523862e-01;1.8750000e+02;3.3121824e-01;1.8750000e+02;3.5799968e-01;1.8750000e+02;3.5988218e-01;1.8750000e+02;3.0090117e-01;1.8750000e+02;2.1220344e-01;1.8750000e+02;1.4649723e-01;1.8750000e+02;8.8216402e-02;1.8750000e+02;3.5099998e-02;1.8750000e+02;-1.3777137e-02;1.8750000e+02;-6.4815708e-02;1.8750000e+02;-1.1414290e-01;1.8750000e+02;-1.6233169e-01;1.8750000e+02;-7.3557362e-02;1.8750000e+02;-3.4855016e-02;1.8750000e+02;2.7530618e-02;1.8750000e+02;1.0850351e-01;1.8750000e+02;2.0124269e-01;1.8750000e+02;2.8523862e-01;1.8750000e+02;3.3121824e-01;1.8750000e+02;3.5799968e-01;1.8750000e+02;3.5988218e-01;1.8750000e+02;3.0090117e-01;1.8750000e+02;2.1220344e-01;1.8750000e+02;1.4649723e-01;1.8750000e+02;8.8216402e-02;1.8750000e+02;3.5099998e-02;1.8750000e+02;-1.3777137e-02;1.8750000e+02;-6.4815708e-02;1.8750000e+02;-1.1414290e-01;1.8750000e+02;-1.6233169e-01;1.8750000e+02;-7.3557362e-02;1.8750000e+02;-3.4855016e-02;1.8750000e+02;2.7530618e-02;1.8750000e+02;1.0850351e-01;1.8750000e+02;2.0124269e-01;1.8750000e+02;2.8523862e-01;1.8750000e+02;3.3121824e-01;1.8750000e+02;3.5799968e-01;1.8750000e+02;3.5988218e-01;1.8750000e+02;3.0090117e-01;1.8750000e+02;2.1220344e-01;1.8750000e+02;1.4649723e-01;1.8750000e+02;8.8216402e-02;1.8750000e+02;3.5099998e-02;1.8750000e+02;-1.3777137e-02;1.8750000e+02;-6.4815708e-02;1.8750000e+02;-1.1414290e-01;1.8750000e+02;-1.6233169e-01;1.8750000e+02;-7.3557362e-02;1.8750000e+02;-3.4855016e-02;1.8750000e+02;2.7530618e-02;1.8750000e+02;1.0850351e-01;1.8750000e+02;2.0124269e-01;1.8750000e+02;2.8523862e-01;1.8750000e+02;3.3121824e-01;1.8750000e+02;3.5799968e-01;1.8750000e+02;3.5988218e-01;1.8750000e+02;3.0090117e-01;1.8750000e+02;2.1220344e-01;1.8750000e+02;1.4649723e-01;1.8750000e+02;8.8216402e-02;1.8750000e+02;3.5099998e-02;1.8750000e+02;-1.3777137e-02;1.8750000e+02;-6.4815708e-02;1.8750000e+02;-1.1414290e-01;1.8750000e+02;-1.6233169e-01;1.8750000e+02;-7.3557362e-02;1.8750000e+02;-3.4855016e-02;1.8750000e+02;2.7530618e-02;1.8750000e+02;1.0850351e-01;1.8750000e+02;2.0124269e-01;1.8750000e+02;2.8523862e-01;1.8750000e+02;3.3121824e-01;1.8750000e+02;3.5799968e-01;1.8750000e+02;3.5988218e-01;1.8750000e+02;3.0090117e-01;1.8750000e+02;2.1220344e-01;1.8750000e+02;1.4649723e-01;1.8750000e+02;8.8216402e-02;1.8750000e+02;3.5099998e-02;1.8750000e+02;-1.3777137e-02;1.8750000e+02;-6.4815708e-02;1.8750000e+02;-1.1414290e-01;1.8750000e+02;-1.6233169e-01;1.8750000e+02;-7.3557362e-02;1.8750000e+02;-3.4855016e-02;1.8750000e+02;2.7530618e-02;1.8750000e+02;1.0850351e-01;1.8750000e+02;2.0124269e-01;1.8750000e+02;2.8523862e-01;1.8750000e+02;3.3121824e-01;1.8750000e+02;3.5799968e-01;1.8750000e+02;3.5988218e-01;1.8750000e+02;3.0090117e-01;1.8750000e+02;2.1220344e-01;1.8750000e+02;1.4649723e-01;1.8750000e+02;8.8216402e-02;1.8750000e+02;3.5099998e-02;1.8750000e+02;-1.3777137e-02;1.8750000e+02;-6.4815708e-02;1.8750000e+02;-1.1414290e-01;1.8750000e+02;-1.6233169e-01;1.8750000e+02;-7.3557362e-02;1.8750000e+02;-3.4855016e-02;1.8750000e+02;2.7530618e-02;1.8750000e+02;1.0850351e-01;1.8750000e+02;2.0124269e-01;1.8750000e+02;2.8523862e-01;1.8750000e+02;3.3121824e-01;1.8750000e+02;3.5799968e-01;1.8750000e+02;3.5988218e-01;1.8750000e+02;3.0090117e-01;1.8750000e+02;2.1220344e-01;1.8750000e+02;1.4649723e-01;1.8750000e+02;8.8216402e-02;1.8750000e+02;3.5099998e-02;1.8750000e+02;-1.3777137e-02;1.8750000e+02;-6.4815708e-02;1.8750000e+02;-1.1414290e-01;1.8750000e+02;-1.6233169e-01;1.8750000e+02;-7.3557362e-02;1.8750000e+02;-3.4855016e-02;1.8750000e+02;2.7530618e-02;1.8750000e+02;1.0850351e-01;1.8750000e+02;2.0124269e-01;1.8750000e+02;2.8523862e-01;1.8750000e+02;3.3121824e-01;1.8750000e+02;3.5799968e-01;1.8750000e+02;3.5988218e-01;1.8750000e+02;3.0090117e-01;1.8750000e+02;2.1220344e-01;1.8750000e+02;1.4649723e-01;1.8750000e+02;8.8216402e-02;1.8750000e+02;3.5099998e-02;1.8750000e+02;-1.3777137e-02;1.8750000e+02;-6.4815708e-02;1.8750000e+02;-1.1414290e-01;1.8750000e+02;-1.6233169e-01;1.8750000e+02;-7.3557362e-02;1.8750000e+02;-3.4855016e-02;1.8750000e+02;2.7530618e-02;1.8750000e+02;1.0850351e-01;1.8750000e+02;2.0124269e-01;1.8750000e+02;2.8523862e-01;1.8750000e+02;3.3121824e-01;1.8750000e+02;3.5799968e-01;1.8750000e+02;3.5988218e-01;1.8750000e+02;3.0090117e-01;1.8750000e+02;2.1220344e-01;1.8750000e+02;1.4649723e-01;1.8750000e+02;8.8216402e-02;1.8750000e+02;3.5099998e-02;1.8750000e+02;-1.3777137e-02;1.8750000e+02;-6.4815708e-02;1.8750000e+02;-1.1414290e-01;1.8750000e+02;-1.6233169e-01;1.8750000e+02;-7.3557362e-02;1.8750000e+02;-3.4855016e-02;1.8750000e+02;2.7530618e-02;1.8750000e+02;1.0850351e-01;1.8750000e+02;2.0124269e-01;1.8750000e+02;2.8523862e-01;1.8750000e+02;3.3121824e-01;1.8750000e+02;3.5799968e-01;1.8750000e+02;3.5988218e-01;1.8750000e+02;3.0090117e-01;1.8750000e+02;2.1220344e-01;1.8750000e+02;1.4649723e-01;1.8750000e+02;8.8216402e-02;1.8750000e+02;3.5099998e-02;1.8750000e+02;-1.3777137e-02;1.8750000e+02;-6.4815708e-02;1.8750000e+02;-1.1414290e-01;1.8750000e+02;-1.6233169e-01;1.8750000e+02;-7.3557362e-02;1.8750000e+02;-3.4855016e-02;1.8750000e+02;2.7530618e-02;1.8750000e+02;1.0850351e-01;1.8750000e+02;2.0124269e-01;1.8750000e+02;2.8523862e-01;1.8750000e+02;3.3121824e-01;1.8750000e+02;3.5799968e-01;1.8750000e+02;3.5988218e-01;1.8750000e+02;3.0090117e-01;1.8750000e+02;2.1220344e-01;1.8750000e+02;1.4649723e-01;1.8750000e+02;8.8216402e-02;1.8750000e+02;3.5099998e-02;1.8750000e+02;-1.3777137e-02;1.8750000e+02;-6.4815708e-02;1.8750000e+02;-1.1414290e-01;1.8750000e+02;-1.6233169e-01
1.9250000e+02;-7.6849811e-02;1.9250000e+02;-3.9476037e-02;1.9250000e+02;1.7975841e-02;1.9250000e+02;9.4133310e-02;1.9250000e+02;1.8223941e-01;1.9250000e+02;2.5901505e-01;1.9250000e+02;3.0512041e-01;1.9250000e+02;3.4284046e-01;1.9250000e+02;3.6034024e-01;1.9250000e+02;3.0780229e-01;1.9250000e+02;2.1408388e-01;1.9250000e+02;1.4208543e-01;1.9250000e+02;8.0052659e-02;1.9250000e+02;2.4332017e-02;1.9250000e+02;-2.7476981e-02;1.9250000e+02;-7.8594416e-02;1.9250000e+02;-1.2879020e-01;1.9250000e+02;-1.7930427e-01;1.9250000e+02;-7.6849811e-02;1.9250000e+02;-3.9476037e-02;1.9250000e+02;1.7975841e-02;1.9250000e+02;9.4133310e-02;1.9250000e+02;1.8223941e-01;1.9250000e+02;2.5901505e-01;1.9250000e+02;3.0512041e-01;1.9250000e+02;3.4284046e-01;1.9250000e+02;3.6034024e-01;1.9250000e+02;3.0780229e-01;1.9250000e+02;2.1408388e-01;1.9250000e+02;1.4208543e-01;1.9250000e+02;8.0052659e-02;1.9250000e+02;2.4332017e-02;1.9250000e+02;-2.7476981e-02;1.9250000e+02;-7.8594416e-02;1.9250000e+02;-1.2879020e-01;1.9250000e+02;-1.7930427e-01;1.9250000e+02;-7.6849811e-02;1.9250000e+02;-3.9476037e-02;1.9250000e+02;1.7975841e-02;1.9250000e+02;9.4133310e-02;1.9250000e+02;1.8223941e-01;1.9250000e+02;2.5901505e-01;1.9250000e+02;3.0512041e-01;1.9250000e+02;3.4284046e-01;1.9250000e+02;3.6034024e-01;1.9250000e+02;3.0780229e-01;1.9250000e+02;2.1408388e-01;1.9250000e+02;1.4208543e-01;1.9250000e+02;8.0052659e-02;1.9250000e+02;2.4332017e-02;1.9250000e+02;-2.7476981e-02;1.9250000e+02;-7.8594416e-02;1.9250000e+02;-1.2879020e-01;1.9250000e+02;-1.7930427e-01;1.9250000e+02;-7.6849811e-02;1.9250000e+02;-3.9476037e-02;1.9250000e+02;1.7975841e-02;1.9250000e+02;9.4133310e-02;1.9250000e+02;1.8223941e-01;1.9250000e+02;2.5901505e-01;1.9250000e+02;3.0512041e-01;1.9250000e+02;3.4284046e-01;1.9250000e+02;3.6034024e-01;1.9250000e+02;3.0780229e-01;1.9250000e+02;2.1408388e-01;1.9250000e+02;1.4208543e-01;1.9250000e+02;8.0052659e-02;1.9250000e+02;2.4332017e-02;1.9250000e+02;-2.7476981e-02;1.9250000e+02;-7.8594416e-02;1.9250000e+02;-1.2879020e-01;1.9250000e+02;-1.7930427e-01;1.9250000e+02;-7.6849811e-02;1.9250000e+02;-3.9476037e-02;1.9250000e+02;1.7975841e-02;1.9250000e+02;9.4133310e-02;1.9250000e+02;1.8223941e-01;1.9250000e+02;2.5901505e-01;1.9250000e+02;3.0512041e-01;1.9250000e+02;3.4284046e-01;1.9250000e+02;3.6034024e-01;1.9250000e+02;3.0780229e-01;1.9250000e+02;2.1408388e-01;1.9250000e+02;1.4208543e-01;1.9250000e+02;8.0052659e-02;1.9250000e+02;2.4332017e-02;1.9250000e+02;-2.7476981e-02;1.9250000e+02;-7.8594416e-02;1.9250000e+02;-1.2879020e-01;1.9250000e+02;-1.7930427e-01;1.9250000e+02;-7.6849811e-02;1.9250000e+02;-3.9476037e-02;1.9250000e+02;1.7975841e-02;1.9250000e+02;9.4133310e-02;1.9250000e+02;1.8223941e-01;1.9250000e+02;2.5901505e-01;1.9250000e+02;3.0512041e-01;1.9250000e+02;3.4284046e-01;1.9250000e+02;3.6034024e-01;1.9250000e+02;3.0780229e-01;1.9250000e+02;2.1408388e-01;1.9250000e+02;1.4208543e-01;1.9250000e+02;8.0052659e-02;1.9250000e+02;2.4332017e-02;1.9250000e+02;-2.7476981e-02;1.9250000e+02;-7.8594416e-02;1.9250000e+02;-1.2879020e-01;1.9250000e+02;-1.7930427e-01;1.9250000e+02;-7.6849811e-02;1.9250000e+02;-3.9476037e-02;1.9250000e+02;1.7975841e-02;1.9250000e+02;9.4133310e-02;1.9250000e+02;1.8223941e-01;1.9250000e+02;2.5901505e-01;1.9250000e+02;3.0512041e-01;1.9250000e+02;3.4284046e-01;1.9250000e+02;3.6034024e-01;1.9250000e+02;3.0780229e-01;1.9250000e+02;2.1408388e-01;1.9250000e+02;1.4208543e-01;1.9250000e+02;8.0052659e-02;1.9250000e+02;2.4332017e-02;1.9250000e+02;-2.7476981e-02;1.9250000e+02;-7.8594416e-02;1.9250000e+02;-1.2879020e-01;1.9250000e+02;-1.7930427e-01;1.9250000e+02;-7.6849811e-02;1.9250000e+02;-3.9476037e-02;1.9250000e+02;1.7975841e-02;1.9250000e+02;9.4133310e-02;1.9250000e+02;1.8223941e-01;1.9250000e+02;2.5901505e-01;1.9250000e+02;3.0512041e-01;1.9250000e+02;3.4284046e-01;1.9250000e+02;3.6034024e-01;1.9250000e+02;3.0780229e-01;1.9250000e+02;2.1408388e-01;1.9250000e+02;1.4208543e-01;1.9250000e+02;8.0052659e-02;1.9250000e+02;2.4332017e-02;1.9250000e+02;-2.7476981e-02;1.9250000e+02;-7.8594416e-02;1.9250000e+02;-1.2879020e-01;1.9250000e+02;-1.7930427e-01;1.9250000e+02;-7.6849811e-02;1.9250000e+02;-3.9476037e-02;1.9250000e+02;1.7975841e-02;1.9250000e+02;9.4133310e-02;1.9250000e+02;1.8223941e-01;1.9250000e+02;2.5901505e-01;1.9250000e+02;3.0512041e-01;1.9250000e+02;3.4284046e-01;1.9250000e+02;3.6034024e-01;1.9250000e+02;3.0780229e-01;1.9250000e+02;2.1408388e-01;1.9250000e+02;1.4208543e-01;1.9250000e+02;8.0052659e-02;1.9250000e+02;2.4332017e-02;1.9250000e+02;-2.7476981e-02;1.9250000e+02;-7.8594416e-02;1.9250000e+02;-1.2879020e-01;1.9250000e+02;-1.7930427e-01;1.9250000e+02;-7.6849811e-02;1.9250000e+02;-3.9476037e-02;1.9250000e+02;1.7975841e-02;1.9250000e+02;9.4133310e-02;1.9250000e+02;1.8223941e-01;1.9250000e+02;2.5901505e-01;1.9250000e+02;3.0512041e-01;1.9250000e+02;3.4284046e-01;1.9250000e+02;3.6034024e-01;1.9250000e+02;3.0780229e-01;1.9250000e+02;2.1408388e-01;1.9250000e+02;1.4208543e-01;1.9250000e+02;8.0052659e-02;1.9250000e+02;2.4332017e-02;1.9250000e+02;-2.7476981e-02;1.9250000e+02;-7.8594416e-02;1.9250000e+02;-1.2879020e-01;1.9250000e+02;-1.7930427e-01;1.9250000e+02;-7.6849811e-02;1.9250000e+02;-3.9476037e-02;1.9250000e+02;1.7975841e-02;1.9250000e+02;9.4133310e-02;1.9250000e+02;1.8223941e-01;1.9250000e+02;2.5901505e-01;1.9250000e+02;3.0512041e-01;1.9250000e+02;3.4284046e-01;1.9250000e+02;3.6034024e-01;1.9250000e+02;3.0780229e-01;1.9250000e+02;2.1408388e-01;1.9250000e+02;1.4208543e-01;1.9250000e+02;8.0052659e-02;1.9250000e+02;2.4332017e-02;1.9250000e+02;-2.7476981e-02;1.9250000e+02;-7.8594416e-02;1.9250000e+02;-1.2879020e-01;1.9250000e+02;-1.7930427e-01;1.9250000e+02;-7.6849811e-02;1.9250000e+02;-3.9476037e-02;1.9250000e+02;1.7975841e-02;1.9250000e+02;9.4133310e-02;1.9250000e+02;1.8223941e-01;1.9250000e+02;2.5901505e-01;1.9250000e+02;3.0512041e-01;1.9250000e+02;3.4284046e-01;1.9250000e+02;3.6034024e-01;1.9250000e+02;3.0780229e-01;1.9250000e+02;2.1408388e-01;1.9250000e+02;1.4208543e-01;1.9250000e+02;8.0052659e-02;1.9250000e+02;2.4332017e-02;1.9250000e+02;-2.7476981e-02;1.9250000e+02;-7.8594416e-02;1.9250000e+02;-1.2879020e-01;1.9250000e+02;-1.7930427e-01;1.9250000e+02;-7.6849811e-02;1.9250000e+02;-3.9476037e-02;1.9250000e+02;1.7975841e-02;1.9250000e+02;9.4133310e-02;1.9250000e+02;1.8223941e-01;1.9250000e+02;2.5901505e-01;1.9250000e+02;3.0512041e-01;1.9250000e+02;3.4284046e-01;1.9250000e+02;3.6034024e-01;1.9250000e+02;3.0780229e-01;1.9250000e+02;2.1408388e-01;1.9250000e+02;1.4208543e-01;1.9250000e+02;8.0052659e-02;1.9250000e+02;2.4332017e-02;1.9250000e+02;-2.7476981e-02;1.9250000e+02;-7.8594416e-02;1.9250000e+02;-1.2879020e-01;1.9250000e+02;-1.7930427e-01;1.9250000e+02;-7.6849811e-02;1.9250000e+02;-3.9476037e-02;1.9250000e+02;1.7975841e-02;1.9250000e+02;9.4133310e-02;1.9250000e+02;1.8223941e-01;1.9250000e+02;2.5901505e-01;1.9250000e+02;3.0512041e-01;1.9250000e+02;3.4284046e-01;1.9250000e+02;3.6034024e-01;1.9250000e+02;3.0780229e-01;1.9250000e+02;2.1408388e-01;1.9250000e+02;1.4208543e-01;1.9250000e+02;8.0052659e-02;1.9250000e+02;2.4332017e-02;1.9250000e+02;-2.7476981e-02;1.9250000e+02;-7.8594416e-02;1.9250000e+02;-1.2879020e-01;1.9250000e+02;-1.7930427e-01;1.9250000e+02;-7.6849811e-02;1.9250000e+02;-3.9476037e-02;1.9250000e+02;1.7975841e-02;1.9250000e+02;9.4133310e-02;1.9250000e+02;1.8223941e-01;1.9250000e+02;2.5901505e-01;1.9250000e+02;3.0512041e-01;1.9250000e+02;3.4284046e-01;1.9250000e+02;3.6034024e-01;1.9250000e+02;3.0780229e-01;1.9250000e+02;2.1408388e-01;1.9250000e+02;1.4208543e-01;1.9250000e+02;8.0052659e-02;1.9250000e+02;2.4332017e-02;1.9250000e+02;-2.7476981e-02;1.9250000e+02;-7.8594416e-02;1.9250000e+02;-1.2879020e-01;1.9250000e+02;-1.7930427e-01;1.9250000e+02;-7.6849811e-02;1.9250000e+02;-3.9476037e-02;1.9250000e+02;1.7975841e-02;1.9250000e+02;9.4133310e-02;1.9250000e+02;1.8223941e-01;1.9250000e+02;2.5901505e-01;1.9250000e+02;3.0512041e-01;1.9250000e+02;3.4284046e-01;1.9250000e+02;3.6034024e-01;1.9250000e+02;3.0780229e-01;1.9250000e+02;2.1408388e-01;1.9250000e+02;1.4208543e-01;1.9250000e+02;8.0052659e-02;1.9250000e+02;2.4332017e-02;1.9250000e+02;-2.7476981e-02;1.9250000e+02;-7.8594416e-02;1.9250000e+02;-1.2879020e-01;1.9250000e+02;-1.7930427e-01;1.9250000e+02;-7.6849811e-02;1.9250000e+02;-3.9476037e-02;1.9250000e+02;1.7975841e-02;1.9250000e+02;9.4133310e-02;1.9250000e+02;1.8223941e-01;1.9250000e+02;2.5901505e-01;1.9250000e+02;3.0512041e-01;1.9250000e+02;3.4284046e-01;1.9250000e+02;3.6034024e-01;1.9250000e+02;3.0780229e-01;1.9250000e+02;2.1408388e-01;1.9250000e+02;1.4208543e-01;1.9250000e+02;8.0052659e-02;1.9250000e+02;2.4332017e-02;1.9250000e+02;-2.7476981e-02;1.9250000e+02;-7.8594416e-02;1.9250000e+02;-1.2879020e-01;1.9250000e+02;-1.7930427e-01;1.9250000e+02;-7.6849811e-02;1.9250000e+02;-3.9476037e-02;1.9250000e+02;1.7975841e-02;1.9250000e+02;9.4133310e-02;1.9250000e+02;1.8223941e-01;1.9250000e+02;2.5901505e-01;1.9250000e+02;3.0512041e-01;1.9250000e+02;3.4284046e-01;1.9250000e+02;3.6034024e-01;1.9250000e+02;3.0780229e-01;1.9250000e+02;2.1408388e-01;1.9250000e+02;1.4208543e-01;1.9250000e+02;8.0052659e-02;1.9250000e+02;2.4332017e-02;1.9250000e+02;-2.7476981e-02;1.9250000e+02;-7.8594416e-02;1.9250000e+02;-1.2879020e-01;1.9250000e+02;-1.7930427e-01;1.9250000e+02;-7.6849811e-02;1.9250000e+02;-3.9476037e-02;1.9250000e+02;1.7975841e-02;1.9250000e+02;9.4133310e-02;1.9250000e+02;1.8223941e-01;1.9250000e+02;2.5901505e-01;1.9250000e+02;3.0512041e-01;1.9250000e+02;3.4284046e-01;1.9250000e+02;3.6034024e-01;1.9250000e+02;3.0780229e-01;1.9250000e+02;2.1408388e-01;1.9250000e+02;1.4208543e-01;1.9250000e+02;8.0052659e-02;1.9250000e+02;2.4332017e-02;1.9250000e+02;-2.7476981e-02;1.9250000e+02;-7.8594416e-02;1.9250000e+02;-1.2879020e-01;1.9250000e+02;-1.7930427e-01;1.9250000e+02;-7.6849811e-02;1.9250000e+02;-3.9476037e-02;1.9250000e+02;1.7975841e-02;1.9250000e+02;9.4133310e-02;1.9250000e+02;1.8223941e-01;1.9250000e+02;2.5901505e-01;1.9250000e+02;3.0512041e-01;1.9250000e+02;3.4284046e-01;1.9250000e+02;3.6034024e-01;1.9250000e+02;3.0780229e-01;1.9250000e+02;2.1408388e-01;1.9250000e+02;1.4208543e-01;1.9250000e+02;8.0052659e-02;1.9250000e+02;2.4332017e-02;1.9250000e+02;-2.7476981e-02;1.9250000e+02;-7.8594416e-02;1.9250000e+02;-1.2879020e-01;1.9250000e+02;-1.7930427e-01;1.9250000e+02;-7.6849811e-02;1.9250000e+02;-3.9476037e-02;1.9250000e+02;1.7975841e-02;1.9250000e+02;9.4133310e-02;1.9250000e+02;1.8223941e-01;1.9250000e+02;2.5901505e-01;1.9250000e+02;3.0512041e-01;1.9250000e+02;3.4284046e-01;1.9250000e+02;3.6034024e-01;1.9250000e+02;3.0780229e-01;1.9250000e+02;2.1408388e-01;1.9250000e+02;1.4208543e-01;1.9250000e+02;8.0052659e-02;1.9250000e+02;2.4332017e-02;1.9250000e+02;-2.7476981e-02;1.9250000e+02;-7.8594416e-02;1.9250000e+02;-1.2879020e-01;1.9250000e+02;-1.7930427e-01;1.9250000e+02;-7.6849811e-02;1.9250000e+02;-3.9476037e-02;1.9250000e+02;1.7975841e-02;1.9250000e+02;9.4133310e-02;1.9250000e+02;1.8223941e-01;1.9250000e+02;2.5901505e-01;1.9250000e+02;3.0512041e-01;1.9250000e+02;3.4284046e-01;1.9250000e+02;3.6034024e-01;1.9250000e+02;3.0780229e-01;1.9250000e+02;2.1408388e-01;1.9250000e+02;1.4208543e-01;1.9250000e+02;8.0052659e-02;1.9250000e+02;2.4332017e-02;1.9250000e+02;-2.7476981e-02;1.9250000e+02;-7.8594416e-02;1.9250000e+02;-1.2879020e-01;1.9250000e+02;-1.7930427e-01;1.9250000e+02;-7.6849811e-02;1.9250000e+02;-3.9476037e-02;1.9250000e+02;1.7975841e-02;1.9250000e+02;9.4133310e-02;1.9250000e+02;1.8223941e-01;1.9250000e+02;2.5901505e-01;1.9250000e+02;3.0512041e-01;1.9250000e+02;3.4284046e-01;1.9250000e+02;3.6034024e-01;1.9250000e+02;3.0780229e-01;1.9250000e+02;2.1408388e-01;1.9250000e+02;1.4208543e-01;1.9250000e+02;8.0052659e-02;1.9250000e+02;2.4332017e-02;1.9250000e+02;-2.7476981e-02;1.9250000e+02;-7.8594416e-02;1.9250000e+02;-1.2879020e-01;1.9250000e+02;-1.7930427e-01;1.9250000e+02;-7.6849811e-02;1.9250000e+02;-3.9476037e-02;1.9250000e+02;1.7975841e-02;1.9250000e+02;9.4133310e-02;1.9250000e+02;1.8223941e-01;1.9250000e+02;2.5901505e-01;1.9250000e+02;3.0512041e-01;1.9250000e+02;3.4284046e-01;1.9250000e+02;3.6034024e-01;1.9250000e+02;3.0780229e-01;1.9250000e+02;2.1408388e-01;1.9250000e+02;1.4208543e-01;1.9250000e+02;8.0052659e-02;1.9250000e+02;2.4332017e-02;1.9250000e+02;-2.7476981e-02;1.9250000e+02;-7.8594416e-02;1.9250000e+02;-1.2879020e-01;1.9250000e+02;-1.7930427e-01;1.9250000e+02;-7.6849811e-02;1.9250000e+02;-3.9476037e-02;1.9250000e+02;1.7975841e-02;1.9250000e+02;9.4133310e-02;1.9250000e+02;1.8223941e-01;1.9250000e+02;2.5901505e-01;1.9250000e+02;3.0512041e-01;1.9250000e+02;3.4284046e-01;1.9250000e+02;3.6034024e-01;1.9250000e+02;3.0780229e-01;1.9250000e+02;2.1408388e-01;1.9250000e+02;1.4208543e-01;1.9250000e+02;8.0052659e-02;1.9250000e+02;2.4332017e-02;1.9250000e+02;-2.7476981e-02;1.9250000e+02;-7.8594416e-02;1.9250000e+02;-1.2879020e-01;1.9250000e+02;-1.7930427e-01;1.9250000e+02;-7.6849811e-02;1.9250000e+02;-3.9476037e-02;1.9250000e+02;1.7975841e-02;1.9250000e+02;9.4133310e-02;1.9250000e+02;1.8223941e-01;1.9250000e+02;2.5901505e-01;1.9250000e+02;3.0512041e-01;1.9250000e+02;3.4284046e-01;1.9250000e+02;3.6034024e-01;1.9250000e+02;3.0780229e-01;1.9250000e+02;2.1408388e-01;1.9250000e+02;1.4208543e-01;1.9250000e+02;8.0052659e-02;1.9250000e+02;2.4332017e-02;1.9250000e+02;-2.7476981e-02;1.9250000e+02;-7.8594416e-02;1.9250000e+02;-1.2879020e-01;1.9250000e+02;-1.7930427e-01;1.9250000e+02;-7.6849811e-02;1.9250000e+02;-3.9476037e-02;1.9250000e+02;1.7975841e-02;1.9250000e+02;9.4133310e-02;1.9250000e+02;1.8223941e-01;1.9250000e+02;2.5901505e-01;1.9250000e+02;3.0512041e-01;1.9250000e+02;3.4284046e-01;1.9250000e+02;3.6034024e-01;1.9250000e+02;3.0780229e-01;1.9250000e+02;2.1408388e-01;1.9250000e+02;1.4208543e-01;1.9250000e+02;8.0052659e-02;1.9250000e+02;2.4332017e-02;1.9250000e+02;-2.7476981e-02;1.9250000e+02;-7.8594416e-02;1.9250000e+02;-1.2879020e-01;1.9250000e+02;-1.7930427e-01;1.9250000e+02;-7.6849811e-02;1.9250000e+02;-3.9476037e-02;1.9250000e+02;1.7975841e-02;1.9250000e+02;9.4133310e-02;1.9250000e+02;1.8223941e-01;1.9250000e+02;2.5901505e-01;1.9250000e+02;3.0512041e-01;1.9250000e+02;3.4284046e-01;1.9250000e+02;3.6034024e-01;1.9250000e+02;3.0780229e-01;1.9250000e+02;2.1408388e-01;1.9250000e+02;1.4208543e-01;1.9250000e+02;8.0052659e-02;1.9250000e+02;2.4332017e-02;1.9250000e+02;-2.7476981e-02;1.9250000e+02;-7.8594416e-02;1.9250000e+02;-1.2879020e-01;1.9250000e+02;-1.7930427e-01;1.9250000e+02;-7.6849811e-02;1.9250000e+02;-3.9476037e-02;1.9250000e+02;1.7975841e-02;1.9250000e+02;9.4133310e-02;1.9250000e+02;1.8223941e-01;1.9250000e+02;2.5901505e-01;1.9250000e+02;3.0512041e-01;1.9250000e+02;3.4284046e-01;1.9250000e+02;3.6034024e-01;1.9250000e+02;3.0780229e-01;1.9250000e+02;2.1408388e-01;1.9250000e+02;1.4208543e-01;1.9250000e+02;8.0052659e-02;1.9250000e+02;2.4332017e-02;1.9250000e+02;-2.7476981e-02;1.9250000e+02;-7.8594416e-02;1.9250000e+02;-1.2879020e-01;1.9250000e+02;-1.7930427e-01;1.9250000e+02;-7.6849811e-02;1.9250000e+02;-3.9476037e-02;1.9250000e+02;1.7975841e-02;1.9250000e+02;9.4133310e-02;1.9250000e+02;1.8223941e-01;1.9250000e+02;2.5901505e-01;1.9250000e+02;3.0512041e-01;1.9250000e+02;3.4284046e-01;1.9250000e+02;3.6034024e-01;1.9250000e+02;3.0780229e-01;1.9250000e+02;2.1408388e-01;1.9250000e+02;1.4208543e-01;1.9250000e+02;8.0052659e-02;1.9250000e+02;2.4332017e-02;1.9250000e+02;-2.7476981e-02;1.9250000e+02;-7.8594416e-02;1.9250000e+02;-1.2879020e-01;1.9250000e+02;-1.7930427e-01;1.9250000e+02;-7.6849811e-02;1.9250000e+02;-3.9476037e-02;1.9250000e+02;1.7975841e-02;1.9250000e+02;9.4133310e-02;1.9250000e+02;1.8223941e-01;1.9250000e+02;2.5901505e-01;1.9250000e+02;3.0512041e-01;1.9250000e+02;3.4284046e-01;1.9250000e+02;3.6034024e-01;1.9250000e+02;3.0780229e-01;1.9250000e+02;2.1408388e-01;1.9250000e+02;1.4208543e-01;1.9250000e+02;8.0052659e-02;1.9250000e+02;2.4332017e-02;1.9250000e+02;-2.7476981e-02;1.9250000e+02;-7.8594416e-02;1.9250000e+02;-1.2879020e-01;1.9250000e+02;-1.7930427e-01;1.9250000e+02;-7.6849811e-02;1.9250000e+02;-3.9476037e-02;1.9250000e+02;1.7975841e-02;1.9250000e+02;9.4133310e-02;1.9250000e+02;1.8223941e-01;1.9250000e+02;2.5901505e-01;1.9250000e+02;3.0512041e-01;1.9250000e+02;3.4284046e-01;1.9250000e+02;3.6034024e-01;1.9250000e+02;3.0780229e-01;1.9250000e+02;2.1408388e-01;1.9250000e+02;1.4208543e-01;1.9250000e+02;8.0052659e-02;1.9250000e+02;2.4332017e-02;1.9250000e+02;-2.7476981e-02;1.9250000e+02;-7.8594416e-02;1.9250000e+02;-1.2879020e-01;1.9250000e+02;-1.7930427e-01;1.9250000e+02;-7.6849811e-02;1.9250000e+02;-3.9476037e-02;1.9250000e+02;1.7975841e-02;1.9250000e+02;9.4133310e-02;1.9250000e+02;1.8223941e-01;1.9250000e+02;2.5901505e-01;1.9250000e+02;3.0512041e-01;1.9250000e+02;3.4284046e-01;1.9250000e+02;3.6034024e-01;1.9250000e+02;3.0780229e-01;1.9250000e+02;2.1408388e-01;1.9250000e+02;1.4208543e-01;1.9250000e+02;8.0052659e-02;1.9250000e+02;2.4332017e-02;1.9250000e+02;-2.7476981e-02;1.9250000e+02;-7.8594416e-02;1.9250000e+02;-1.2879020e-01;1.9250000e+02;-1.7930427e-01;1.9250000e+02;-7.6849811e-02;1.9250000e+02;-3.9476037e-02;1.9250000e+02;1.7975841e-02;1.9250000e+02;9.4133310e-02;1.9250000e+02;1.8223941e-01;1.9250000e+02;2.5901505e-01;1.9250000e+02;3.0512041e-01;1.9250000e+02;3.4284046e-01;1.9250000e+02;3.6034024e-01;1.9250000e+02;3.0780229e-01;1.9250000e+02;2.1408388e-01;1.9250000e+02;1.4208543e-01;1.9250000e+02;8.0052659e-02;1.9250000e+02;2.4332017e-02;1.9250000e+02;-2.7476981e-02;1.9250000e+02;-7.8594416e-02;1.9250000e+02;-1.2879020e-01;1.9250000e+02;-1.7930427e-01;1.9250000e+02;-7.6849811e-02;1.9250000e+02;-3.9476037e-02;1.9250000e+02;1.7975841e-02;1.9250000e+02;9.4133310e-02;1.9250000e+02;1.8223941e-01;1.9250000e+02;2.5901505e-01;1.9250000e+02;3.0512041e-01;1.9250000e+02;3.4284046e-01;1.9250000e+02;3.6034024e-01;1.9250000e+02;3.0780229e-01;1.9250000e+02;2.1408388e-01;1.9250000e+02;1.4208543e-01;1.9250000e+02;8.0052659e-02;1.9250000e+02;2.4332017e-02;1.9250000e+02;-2.7476981e-02;1.9250000e+02;-7.8594416e-02;1.9250000e+02;-1.2879020e-01;1.9250000e+02;-1.7930427e-01;1.9250000e+02;-7.6849811e-02;1.9250000e+02;-3.9476037e-02;1.9250000e+02;1.7975841e-02;1.9250000e+02;9.4133310e-02;1.9250000e+02;1.8223941e-01;1.9250000e+02;2.5901505e-01;1.9250000e+02;3.0512041e-01;1.9250000e+02;3.4284046e-01;1.9250000e+02;3.6034024e-01;1.9250000e+02;3.0780229e-01;1.9250000e+02;2.1408388e-01;1.9250000e+02;1.4208543e-01;1.9250000e+02;8.0052659e-02;1.9250000e+02;2.4332017e-02;1.9250000e+02;-2.7476981e-02;1.9250000e+02;-7.8594416e-02;1.9250000e+02;-1.2879020e-01;1.9250000e+02;-1.7930427e-01;1.9250000e+02;-7.6849811e-02;1.9250000e+02;-3.9476037e-02;1.9250000e+02;1.7975841e-02;1.9250000e+02;9.4133310e-02;1.9250000e+02;1.8223941e-01;1.9250000e+02;2.5901505e-01;1.9250000e+02;3.0512041e-01;1.9250000e+02;3.4284046e-01;1.9250000e+02;3.6034024e-01;1.9250000e+02;3.0780229e-01;1.9250000e+02;2.1408388e-01;1.9250000e+02;1.4208543e-01;1.9250000e+02;8.0052659e-02;1.9250000e+02;2.4332017e-02;1.9250000e+02;-2.7476981e-02;1.9250000e+02;-7.8594416e-02;1.9250000e+02;-1.2879020e-01;1.9250000e+02;-1.7930427e-01;1.9250000e+02;-7.6849811e-02;1.9250000e+02;-3.9476037e-02;1.9250000e+02;1.7975841e-02;1.9250000e+02;9.4133310e-02;1.9250000e+02;1.8223941e-01;1.9250000e+02;2.5901505e-01;1.9250000e+02;3.0512041e-01;1.9250000e+02;3.4284046e-01;1.9250000e+02;3.6034024e-01;1.9250000e+02;3.0780229e-01;1.9250000e+02;2.1408388e-01;1.9250000e+02;1.4208543e-01;1.9250000e+02;8.0052659e-02;1.9250000e+02;2.4332017e-02;1.9250000e+02;-2.7476981e-02;1.9250000e+02;-7.8594416e-02;1.9250000e+02;-1.2879020e-01;1.9250000e+02;-1.7930427e-01;1.9250000e+02;-7.6849811e-02;1.9250000e+02;-3.9476037e-02;1.9250000e+02;1.7975841e-02;1.9250000e+02;9.4133310e-02;1.9250000e+02;1.8223941e-01;1.9250000e+02;2.5901505e-01;1.9250000e+02;3.0512041e-01;1.9250000e+02;3.4284046e-01;1.9250000e+02;3.6034024e-01;1.9250000e+02;3.0780229e-01;1.9250000e+02;2.1408388e-01;1.9250000e+02;1.4208543e-01;1.9250000e+02;8.0052659e-02;1.9250000e+02;2.4332017e-02;1.9250000e+02;-2.7476981e-02;1.9250000e+02;-7.8594416e-02;1.9250000e+02;-1.2879020e-01;1.9250000e+02;-1.7930427e-01;1.9250000e+02;-7.6849811e-02;1.9250000e+02;-3.9476037e-02;1.9250000e+02;1.7975841e-02;1.9250000e+02;9.4133310e-02;1.9250000e+02;1.8223941e-01;1.9250000e+02;2.5901505e-01;1.9250000e+02;3.0512041e-01;1.9250000e+02;3.4284046e-01;1.9250000e+02;3.6034024e-01;1.9250000e+02;3.0780229e-01;1.9250000e+02;2.1408388e-01;1.9250000e+02;1.4208543e-01;1.9250000e+02;8.0052659e-02;1.9250000e+02;2.4332017e-02;1.9250000e+02;-2.7476981e-02;1.9250000e+02;-7.8594416e-02;1.9250000e+02;-1.2879020e-01;1.9250000e+02;-1.7930427e-01;1.9250000e+02;-7.6849811e-02;1.9250000e+02;-3.9476037e-02;1.9250000e+02;1.7975841e-02;1.9250000e+02;9.4133310e-02;1.9250000e+02;1.8223941e-01;1.9250000e+02;2.5901505e-01;1.9250000e+02;3.0512041e-01;1.9250000e+02;3.4284046e-01;1.9250000e+02;3.6034024e-01;1.9250000e+02;3.0780229e-01;1.9250000e+02;2.1408388e-01;1.9250000e+02;1.4208543e-01;1.9250000e+02;8.0052659e-02;1.9250000e+02;2.4332017e-02;1.9250000e+02;-2.7476981e-02;1.9250000e+02;-7.8594416e-02;1.9250000e+02;-1.2879020e-01;1.9250000e+02;-1.7930427e-01;1.9250000e+02;-7.6849811e-02;1.9250000e+02;-3.9476037e-02;1.9250000e+02;1.7975841e-02;1.9250000e+02;9.4133310e-02;1.9250000e+02;1.8223941e-01;1.9250000e+02;2.5901505e-01;1.9250000e+02;3.0512041e-01;1.9250000e+02;3.4284046e-01;1.9250000e+02;3.6034024e-01;1.9250000e+02;3.0780229e-01;1.9250000e+02;2.1408388e-01;1.9250000e+02;1.4208543e-01;1.9250000e+02;8.0052659e-02;1.9250000e+02;2.4332017e-02;1.9250000e+02;-2.7476981e-02;1.9250000e+02;-7.8594416e-02;1.9250000e+02;-1.2879020e-01;1.9250000e+02;-1.7930427e-01;1.9250000e+02;-7.6849811e-02;1.9250000e+02;-3.9476037e-02;1.9250000e+02;1.7975841e-02;1.9250000e+02;9.4133310e-02;1.9250000e+02;1.8223941e-01;1.9250000e+02;2.5901505e-01;1.9250000e+02;3.0512041e-01;1.9250000e+02;3.4284046e-01;1.9250000e+02;3.6034024e-01;1.9250000e+02;3.0780229e-01;1.9250000e+02;2.1408388e-01;1.9250000e+02;1.4208543e-01;1.9250000e+02;8.0052659e-02;1.9250000e+02;2.4332017e-02;1.9250000e+02;-2.7476981e-02;1.9250000e+02;-7.8594416e-02;1.9250000e+02;-1.2879020e-01;1.9250000e+02;-1.7930427e-01;1.9250000e+02;-7.6849811e-02;1.9250000e+02;-3.9476037e-02;1.9250000e+02;1.7975841e-02;1.9250000e+02;9.4133310e-02;1.9250000e+02;1.8223941e-01;1.9250000e+02;2.5901505e-01;1.9250000e+02;3.0512041e-01;1.9250000e+02;3.4284046e-01;1.9250000e+02;3.6034024e-01;1.9250000e+02;3.0780229e-01;1.9250000e+02;2.1408388e-01;1.9250000e+02;1.4208543e-01;1.9250000e+02;8.0052659e-02;1.9250000e+02;2.4332017e-02;1.9250000e+02;-2.7476981e-02;1.9250000e+02;-7.8594416e-02;1.9250000e+02;-1.2879020e-01;1.9250000e+02;-1.7930427e-01;1.9250000e+02;-7.6849811e-02;1.9250000e+02;-3.9476037e-02;1.9250000e+02;1.7975841e-02;1.9250000e+02;9.4133310e-02;1.9250000e+02;1.8223941e-01;1.9250000e+02;2.5901505e-01;1.9250000e+02;3.0512041e-01;1.9250000e+02;3.4284046e-01;1.9250000e+02;3.6034024e-01;1.9250000e+02;3.0780229e-01;1.9250000e+02;2.1408388e-01;1.9250000e+02;1.4208543e-01;1.9250000e+02;8.0052659e-02;1.9250000e+02;2.4332017e-02;1.9250000e+02;-2.7476981e-02;1.9250000e+02;-7.8594416e-02;1.9250000e+02;-1.2879020e-01;1.9250000e+02;-1.7930427e-01;1.9250000e+02;-7.6849811e-02;1.9250000e+02;-3.9476037e-02;1.9250000e+02;1.7975841e-02;1.9250000e+02;9.4133310e-02;1.9250000e+02;1.8223941e-01;1.9250000e+02;2.5901505e-01;1.9250000e+02;3.0512041e-01;1.9250000e+02;3.4284046e-01;1.9250000e+02;3.6034024e-01;1.9250000e+02;3.0780229e-01;1.9250000e+02;2.1408388e-01;1.9250000e+02;1.4208543e-01;1.9250000e+02;8.0052659e-02;1.9250000e+02;2.4332017e-02;1.9250000e+02;-2.7476981e-02;1.9250000e+02;-7.8594416e-02;1.9250000e+02;-1.2879020e-01;1.9250000e+02;-1.7930427e-01;1.9250000e+02;-7.6849811e-02;1.9250000e+02;-3.9476037e-02;1.9250000e+02;1.7975841e-02;1.9250000e+02;9.4133310e-02;1.9250000e+02;1.8223941e-01;1.9250000e+02;2.5901505e-01;1.9250000e+02;3.0512041e-01;1.9250000e+02;3.4284046e-01;1.9250000e+02;3.6034024e-01;1.9250000e+02;3.0780229e-01;1.9250000e+02;2.1408388e-01;1.9250000e+02;1.4208543e-01;1.9250000e+02;8.0052659e-02;1.9250000e+02;2.4332017e-02;1.9250000e+02;-2.7476981e-02;1.9250000e+02;-7.8594416e-02;1.9250000e+02;-1.2879020e-01;1.9250000e+02;-1.7930427e-01;1.9250000e+02;-7.6849811e-02;1.9250000e+02;-3.9476037e-02;1.9250000e+02;1.7975841e-02;1.9250000e+02;9.4133310e-02;1.9250000e+02;1.8223941e-01;1.9250000e+02;2.5901505e-01;1.9250000e+02;3.0512041e-01;1.9250000e+02;3.4284046e-01;1.9250000e+02;3.6034024e-01;1.9250000e+02;3.0780229e-01;1.9250000e+02;2.1408388e-01;1.9250000e+02;1.4208543e-01;1.9250000e+02;8.0052659e-02;1.9250000e+02;2.4332017e-02;1.9250000e+02;-2.7476981e-02;1.9250000e+02;-7.8594416e-02;1.9250000e+02;-1.2879020e-01;1.9250000e+02;-1.7930427e-01;1.9250000e+02;-7.6849811e-02;1.9250000e+02;-3.9476037e-02;1.9250000e+02;1.7975841e-02;1.9250000e+02;9.4133310e-02;1.9250000e+02;1.8223941e-01;1.9250000e+02;2.5901505e-01;1.9250000e+02;3.0512041e-01;1.9250000e+02;3.4284046e-01;1.9250000e+02;3.6034024e-01;1.9250000e+02;3.0780229e-01;1.9250000e+02;2.1408388e-01;1.9250000e+02;1.4208543e-01;1.9250000e+02;8.0052659e-02;1.9250000e+02;2.4332017e-02;1.9250000e+02;-2.7476981e-02;1.9250000e+02;-7.8594416e-02;1.9250000e+02;-1.2879020e-01;1.9250000e+02;-1.7930427e-01;1.9250000e+02;-7.6849811e-02;1.9250000e+02;-3.9476037e-02;1.9250000e+02;1.7975841e-02;1.9250000e+02;9.4133310e-02;1.9250000e+02;1.8223941e-01;1.9250000e+02;2.5901505e-01;1.9250000e+02;3.0512041e-01;1.9250000e+02;3.4284046e-01;1.9250000e+02;3.6034024e-01;1.9250000e+02;3.0780229e-01;1.9250000e+02;2.1408388e-01;1.9250000e+02;1.4208543e-01;1.9250000e+02;8.0052659e-02;1.9250000e+02;2.4332017e-02;1.9250000e+02;-2.7476981e-02;1.9250000e+02;-7.8594416e-02;1.9250000e+02;-1.2879020e-01;1.9250000e+02;-1.7930427e-01;1.9250000e+02;-7.6849811e-02;1.9250000e+02;-3.9476037e-02;1.9250000e+02;1.7975841e-02;1.9250000e+02;9.4133310e-02;1.9250000e+02;1.8223941e-01;1.9250000e+02;2.5901505e-01;1.9250000e+02;3.0512041e-01;1.9250000e+02;3.4284046e-01;1.9250000e+02;3.6034024e-01;1.9250000e+02;3.0780229e-01;1.9250000e+02;2.1408388e-01;1.9250000e+02;1.4208543e-01;1.9250000e+02;8.0052659e-02;1.9250000e+02;2.4332017e-02;1.9250000e+02;-2.7476981e-02;1.9250000e+02;-7.8594416e-02;1.9250000e+02;-1.2879020e-01;1.9250000e+02;-1.7930427e-01;1.9250000e+02;-7.6849811e-02;1.9250000e+02;-3.9476037e-02;1.9250000e+02;1.7975841e-02;1.9250000e+02;9.4133310e-02;1.9250000e+02;1.8223941e-01;1.9250000e+02;2.5901505e-01;1.9250000e+02;3.0512041e-01;1.9250000e+02;3.4284046e-01;1.9250000e+02;3.6034024e-01;1.9250000e+02;3.0780229e-01;1.9250000e+02;2.1408388e-01;1.9250000e+02;1.4208543e-01;1.9250000e+02;8.0052659e-02;1.9250000e+02;2.4332017e-02;1.9250000e+02;-2.7476981e-02;1.9250000e+02;-7.8594416e-02;1.9250000e+02;-1.2879020e-01;1.9250000e+02;-1.7930427e-01;1.9250000e+02;-7.6849811e-02;1.9250000e+02;-3.9476037e-02;1.9250000e+02;1.7975841e-02;1.9250000e+02;9.4133310e-02;1.9250000e+02;1.8223941e-01;1.9250000e+02;2.5901505e-01;1.9250000e+02;3.0512041e-01;1.9250000e+02;3.4284046e-01;1.9250000e+02;3.6034024e-01;1.9250000e+02;3.0780229e-01;1.9250000e+02;2.1408388e-01;1.9250000e+02;1.4208543e-01;1.9250000e+02;8.0052659e-02;1.9250000e+02;2.4332017e-02;1.9250000e+02;-2.7476981e-02;1.9250000e+02;-7.8594416e-02;1.9250000e+02;-1.2879020e-01;1.9250000e+02;-1.7930427e-01;1.9250000e+02;-7.6849811e-02;1.9250000e+02;-3.9476037e-02;1.9250000e+02;1.7975841e-02;1.9250000e+02;9.4133310e-02;1.9250000e+02;1.8223941e-01;1.9250000e+02;2.5901505e-01;1.9250000e+02;3.0512041e-01;1.9250000e+02;3.4284046e-01;1.9250000e+02;3.6034024e-01;1.9250000e+02;3.0780229e-01;1.9250000e+02;2.1408388e-01;1.9250000e+02;1.4208543e-01;1.9250000e+02;8.0052659e-02;1.9250000e+02;2.4332017e-02;1.9250000e+02;-2.7476981e-02;1.9250000e+02;-7.8594416e-02;1.9250000e+02;-1.2879020e-01;1.9250000e+02;-1.7930427e-01;1.9250000e+02;-7.6849811e-02;1.9250000e+02;-3.9476037e-02;1.9250000e+02;1.7975841e-02;1.9250000e+02;9.4133310e-02;1.9250000e+02;1.8223941e-01;1.9250000e+02;2.5901505e-01;1.9250000e+02;3.0512041e-01;1.9250000e+02;3.4284046e-01;1.9250000e+02;3.6034024e-01;1.9250000e+02;3.0780229e-01;1.9250000e+02;2.1408388e-01;1.9250000e+02;1.4208543e-01;1.9250000e+02;8.0052659e-02;1.9250000e+02;2.4332017e-02;1.9250000e+02;-2.7476981e-02;1.9250000e+02;-7.8594416e-02;1.9250000e+02;-1.2879020e-01;1.9250000e+02;-1.7930427e-01;1.9250000e+02;-7.6849811e-02;1.9250000e+02;-3.9476037e-02;1.9250000e+02;1.7975841e-02;1.9250000e+02;9.4133310e-02;1.9250000e+02;1.8223941e-01;1.9250000e+02;2.5901505e-01;1.9250000e+02;3.0512041e-01;1.9250000e+02;3.4284046e-01;1.9250000e+02;3.6034024e-01;1.9250000e+02;3.0780229e-01;1.9250000e+02;2.1408388e-01;1.9250000e+02;1.4208543e-01;1.9250000e+02;8.0052659e-02;1.9250000e+02;2.4332017e-02;1.9250000e+02;-2.7476981e-02;1.9250000e+02;-7.8594416e-02;1.9250000e+02;-1.2879020e-01;1.9250000e+02;-1.7930427e-01;1.9250000e+02;-7.6849811e-02;1.9250000e+02;-3.9476037e-02;1.9250000e+02;1.7975841e-02;1.9250000e+02;9.4133310e-02;1.9250000e+02;1.8223941e-01;1.9250000e+02;2.5901505e-01;1.9250000e+02;3.0512041e-01;1.9250000e+02;3.4284046e-01;1.9250000e+02;3.6034024e-01;1.9250000e+02;3.0780229e-01;1.9250000e+02;2.1408388e-01;1.9250000e+02;1.4208543e-01;1.9250000e+02;8.0052659e-02;1.9250000e+02;2.4332017e-02;1.9250000e+02;-2.7476981e-02;1.9250000e+02;-7.8594416e-02;1.9250000e+02;-1.2879020e-01;1.9250000e+02;-1.7930427e-01;1.9250000e+02;-7.6849811e-02;1.9250000e+02;-3.9476037e-02;1.9250000e+02;1.7975841e-02;1.9250000e+02;9.4133310e-02;1.9250000e+02;1.8223941e-01;1.9250000e+02;2.5901505e-01;1.9250000e+02;3.0512041e-01;1.9250000e+02;3.4284046e-01;1.9250000e+02;3.6034024e-01;1.9250000e+02;3.0780229e-01;1.9250000e+02;2.1408388e-01;1.9250000e+02;1.4208543e-01;1.9250000e+02;8.0052659e-02;1.9250000e+02;2.4332017e-02;1.9250000e+02;-2.7476981e-02;1.9250000e+02;-7.8594416e-02;1.9250000e+02;-1.2879020e-01;1.9250000e+02;-1.7930427e-01;1.9250000e+02;-7.6849811e-02;1.9250000e+02;-3.9476037e-02;1.9250000e+02;1.7975841e-02;1.9250000e+02;9.4133310e-02;1.9250000e+02;1.8223941e-01;1.9250000e+02;2.5901505e-01;1.9250000e+02;3.0512041e-01;1.9250000e+02;3.4284046e-01;1.9250000e+02;3.6034024e-01;1.9250000e+02;3.0780229e-01;1.9250000e+02;2.1408388e-01;1.9250000e+02;1.4208543e-01;1.9250000e+02;8.0052659e-02;1.9250000e+02;2.4332017e-02;1.9250000e+02;-2.7476981e-02;1.9250000e+02;-7.8594416e-02;1.9250000e+02;-1.2879020e-01;1.9250000e+02;-1.7930427e-01;1.9250000e+02;-7.6849811e-02;1.9250000e+02;-3.9476037e-02;1.9250000e+02;1.7975841e-02;1.9250000e+02;9.4133310e-02;1.9250000e+02;1.8223941e-01;1.9250000e+02;2.5901505e-01;1.9250000e+02;3.0512041e-01;1.9250000e+02;3.4284046e-01;1.9250000e+02;3.6034024e-01;1.9250000e+02;3.0780229e-01;1.9250000e+02;2.1408388e-01;1.9250000e+02;1.4208543e-01;1.9250000e+02;8.0052659e-02;1.9250000e+02;2.4332017e-02;1.9250000e+02;-2.7476981e-02;1.9250000e+02;-7.8594416e-02;1.9250000e+02;-1.2879020e-01;1.9250000e+02;-1.7930427e-01;1.9250000e+02;-7.6849811e-02;1.9250000e+02;-3.9476037e-02;1.9250000e+02;1.7975841e-02;1.9250000e+02;9.4133310e-02;1.9250000e+02;1.8223941e-01;1.9250000e+02;2.5901505e-01;1.9250000e+02;3.0512041e-01;1.9250000e+02;3.4284046e-01;1.9250000e+02;3.6034024e-01;1.9250000e+02;3.0780229e-01;1.9250000e+02;2.1408388e-01;1.9250000e+02;1.4208543e-01;1.9250000e+02;8.0052659e-02;1.9250000e+02;2.4332017e-02;1.9250000e+02;-2.7476981e-02;1.9250000e+02;-7.8594416e-02;1.9250000e+02;-1.2879020e-01;1.9250000e+02;-1.7930427e-01;1.9250000e+02;-7.6849811e-02;1.9250000e+02;-3.9476037e-02;1.9250000e+02;1.7975841e-02;1.9250000e+02;9.4133310e-02;1.9250000e+02;1.8223941e-01;1.9250000e+02;2.5901505e-01;1.9250000e+02;3.0512041e-01;1.9250000e+02;3.4284046e-01;1.9250000e+02;3.6034024e-01;1.9250000e+02;3.0780229e-01;1.9250000e+02;2.1408388e-01;1.9250000e+02;1.4208543e-01;1.9250000e+02;8.0052659e-02;1.9250000e+02;2.4332017e-02;1.9250000e+02;-2.7476981e-02;1.9250000e+02;-7.8594416e-02;1.9250000e+02;-1.2879020e-01;1.9250000e+02;-1.7930427e-01;1.9250000e+02;-7.6849811e-02;1.9250000e+02;-3.9476037e-02;1.9250000e+02;1.7975841e-02;1.9250000e+02;9.4133310e-02;1.9250000e+02;1.8223941e-01;1.9250000e+02;2.5901505e-01;1.9250000e+02;3.0512041e-01;1.9250000e+02;3.4284046e-01;1.9250000e+02;3.6034024e-01;1.9250000e+02;3.0780229e-01;1.9250000e+02;2.1408388e-01;1.9250000e+02;1.4208543e-01;1.9250000e+02;8.0052659e-02;1.9250000e+02;2.4332017e-02;1.9250000e+02;-2.7476981e-02;1.9250000e+02;-7.8594416e-02;1.9250000e+02;-1.2879020e-01;1.9250000e+02;-1.7930427e-01;1.9250000e+02;-7.6849811e-02;1.9250000e+02;-3.9476037e-02;1.9250000e+02;1.7975841e-02;1.9250000e+02;9.4133310e-02;1.9250000e+02;1.8223941e-01;1.9250000e+02;2.5901505e-01;1.9250000e+02;3.0512041e-01;1.9250000e+02;3.4284046e-01;1.9250000e+02;3.6034024e-01;1.9250000e+02;3.0780229e-01;1.9250000e+02;2.1408388e-01;1.9250000e+02;1.4208543e-01;1.9250000e+02;8.0052659e-02;1.9250000e+02;2.4332017e-02;1.9250000e+02;-2.7476981e-02;1.9250000e+02;-7.8594416e-02;1.9250000e+02;-1.2879020e-01;1.9250000e+02;-1.7930427e-01;1.9250000e+02;-7.6849811e-02;1.9250000e+02;-3.9476037e-02;1.9250000e+02;1.7975841e-02;1.9250000e+02;9.4133310e-02;1.9250000e+02;1.8223941e-01;1.9250000e+02;2.5901505e-01;1.9250000e+02;3.0512041e-01;1.9250000e+02;3.4284046e-01;1.9250000e+02;3.6034024e-01;1.9250000e+02;3.0780229e-01;1.9250000e+02;2.1408388e-01;1.9250000e+02;1.4208543e-01;1.9250000e+02;8.0052659e-02;1.9250000e+02;2.4332017e-02;1.9250000e+02;-2.7476981e-02;1.9250000e+02;-7.8594416e-02;1.9250000e+02;-1.2879020e-01;1.9250000e+02;-1.7930427e-01;1.9250000e+02;-7.6849811e-02;1.9250000e+02;-3.9476037e-02;1.9250000e+02;1.7975841e-02;1.9250000e+02;9.4133310e-02;1.9250000e+02;1.8223941e-01;1.9250000e+02;2.5901505e-01;1.9250000e+02;3.0512041e-01;1.9250000e+02;3.4284046e-01;1.9250000e+02;3.6034024e-01;1.9250000e+02;3.0780229e-01;1.9250000e+02;2.1408388e-01;1.9250000e+02;1.4208543e-01;1.9250000e+02;8.0052659e-02;1.9250000e+02;2.4332017e-02;1.9250000e+02;-2.7476981e-02;1.9250000e+02;-7.8594416e-02;1.9250000e+02;-1.2879020e-01;1.9250000e+02;-1.7930427e-01;1.9250000e+02;-7.6849811e-02;1.9250000e+02;-3.9476037e-02;1.9250000e+02;1.7975841e-02;1.9250000e+02;9.4133310e-02;1.9250000e+02;1.8223941e-01;1.9250000e+02;2.5901505e-01;1.9250000e+02;3.0512041e-01;1.9250000e+02;3.4284046e-01;1.9250000e+02;3.6034024e-01;1.9250000e+02;3.0780229e-01;1.9250000e+02;2.1408388e-01;1.9250000e+02;1.4208543e-01;1.9250000e+02;8.0052659e-02;1.9250000e+02;2.4332017e-02;1.9250000e+02;-2.7476981e-02;1.9250000e+02;-7.8594416e-02;1.9250000e+02;-1.2879020e-01;1.9250000e+02;-1.7930427e-01;1.9250000e+02;-7.6849811e-02;1.9250000e+02;-3.9476037e-02;1.9250000e+02;1.7975841e-02;1.9250000e+02;9.4133310e-02;1.9250000e+02;1.8223941e-01;1.9250000e+02;2.5901505e-01;1.9250000e+02;3.0512041e-01;1.9250000e+02;3.4284046e-01;1.9250000e+02;3.6034024e-01;1.9250000e+02;3.0780229e-01;1.9250000e+02;2.1408388e-01;1.9250000e+02;1.4208543e-01;1.9250000e+02;8.0052659e-02;1.9250000e+02;2.4332017e-02;1.9250000e+02;-2.7476981e-02;1.9250000e+02;-7.8594416e-02;1.9250000e+02;-1.2879020e-01;1.9250000e+02;-1.7930427e-01;1.9250000e+02;-7.6849811e-02;1.9250000e+02;-3.9476037e-02;1.9250000e+02;1.7975841e-02;1.9250000e+02;9.4133310e-02;1.9250000e+02;1.8223941e-01;1.9250000e+02;2.5901505e-01;1.9250000e+02;3.0512041e-01;1.9250000e+02;3.4284046e-01;1.9250000e+02;3.6034024e-01;1.9250000e+02;3.0780229e-01;1.9250000e+02;2.1408388e-01;1.9250000e+02;1.4208543e-01;1.9250000e+02;8.0052659e-02;1.9250000e+02;2.4332017e-02;1.9250000e+02;-2.7476981e-02;1.9250000e+02;-7.8594416e-02;1.9250000e+02;-1.2879020e-01;1.9250000e+02;-1.7930427e-01;1.9250000e+02;-7.6849811e-02;1.9250000e+02;-3.9476037e-02;1.9250000e+02;1.7975841e-02;1.9250000e+02;9.4133310e-02;1.9250000e+02;1.8223941e-01;1.9250000e+02;2.5901505e-01;1.9250000e+02;3.0512041e-01;1.9250000e+02;3.4284046e-01;1.9250000e+02;3.6034024e-01;1.9250000e+02;3.0780229e-01;1.9250000e+02;2.1408388e-01;1.9250000e+02;1.4208543e-01;1.9250000e+02;8.0052659e-02;1.9250000e+02;2.4332017e-02;1.9250000e+02;-2.7476981e-02;1.9250000e+02;-7.8594416e-02;1.9250000e+02;-1.2879020e-01;1.9250000e+02;-1.7930427e-01;1.9250000e+02;-7.6849811e-02;1.9250000e+02;-3.9476037e-02;1.9250000e+02;1.7975841e-02;1.9250000e+02;9.4133310e-02;1.9250000e+02;1.8223941e-01;1.9250000e+02;2.5901505e-01;1.9250000e+02;3.0512041e-01;1.9250000e+02;3.4284046e-01;1.9250000e+02;3.6034024e-01;1.9250000e+02;3.0780229e-01;1.9250000e+02;2.1408388e-01;1.9250000e+02;1.4208543e-01;1.9250000e+02;8.0052659e-02;1.9250000e+02;2.4332017e-02;1.9250000e+02;-2.7476981e-02;1.9250000e+02;-7.8594416e-02;1.9250000e+02;-1.2879020e-01;1.9250000e+02;-1.7930427e-01;1.9250000e+02;-7.6849811e-02;1.9250000e+02;-3.9476037e-02;1.9250000e+02;1.7975841e-02;1.9250000e+02;9.4133310e-02;1.9250000e+02;1.8223941e-01;1.9250000e+02;2.5901505e-01;1.9250000e+02;3.0512041e-01;1.9250000e+02;3.4284046e-01;1.9250000e+02;3.6034024e-01;1.9250000e+02;3.0780229e-01;1.9250000e+02;2.1408388e-01;1.9250000e+02;1.4208543e-01;1.9250000e+02;8.0052659e-02;1.9250000e+02;2.4332017e-02;1.9250000e+02;-2.7476981e-02;1.9250000e+02;-7.8594416e-02;1.9250000e+02;-1.2879020e-01;1.9250000e+02;-1.7930427e-01;1.9250000e+02;-7.6849811e-02;1.9250000e+02;-3.9476037e-02;1.9250000e+02;1.7975841e-02;1.9250000e+02;9.4133310e-02;1.9250000e+02;1.8223941e-01;1.9250000e+02;2.5901505e-01;1.9250000e+02;3.0512041e-01;1.9250000e+02;3.4284046e-01;1.9250000e+02;3.6034024e-01;1.9250000e+02;3.0780229e-01;1.9250000e+02;2.1408388e-01;1.9250000e+02;1.4208543e-01;1.9250000e+02;8.0052659e-02;1.9250000e+02;2.4332017e-02;1.9250000e+02;-2.7476981e-02;1.9250000e+02;-7.8594416e-02;1.9250000e+02;-1.2879020e-01;1.9250000e+02;-1.7930427e-01;1.9250000e+02;-7.6849811e-02;1.9250000e+02;-3.9476037e-02;1.9250000e+02;1.7975841e-02;1.9250000e+02;9.4133310e-02;1.9250000e+02;1.8223941e-01;1.9250000e+02;2.5901505e-01;1.9250000e+02;3.0512041e-01;1.9250000e+02;3.4284046e-01;1.9250000e+02;3.6034024e-01;1.9250000e+02;3.0780229e-01;1.9250000e+02;2.1408388e-01;1.9250000e+02;1.4208543e-01;1.9250000e+02;8.0052659e-02;1.9250000e+02;2.4332017e-02;1.9250000e+02;-2.7476981e-02;1.9250000e+02;-7.8594416e-02;1.9250000e+02;-1.2879020e-01;1.9250000e+02;-1.7930427e-01;1.9250000e+02;-7.6849811e-02;1.9250000e+02;-3.9476037e-02;1.9250000e+02;1.7975841e-02;1.9250000e+02;9.4133310e-02;1.9250000e+02;1.8223941e-01;1.9250000e+02;2.5901505e-01;1.9250000e+02;3.0512041e-01;1.9250000e+02;3.4284046e-01;1.9250000e+02;3.6034024e-01;1.9250000e+02;3.0780229e-01;1.9250000e+02;2.1408388e-01;1.9250000e+02;1.4208543e-01;1.9250000e+02;8.0052659e-02;1.9250000e+02;2.4332017e-02;1.9250000e+02;-2.7476981e-02;1.9250000e+02;-7.8594416e-02;1.9250000e+02;-1.2879020e-01;1.9250000e+02;-1.7930427e-01;1.9250000e+02;-7.6849811e-02;1.9250000e+02;-3.9476037e-02;1.9250000e+02;1.7975841e-02;1.9250000e+02;9.4133310e-02;1.9250000e+02;1.8223941e-01;1.9250000e+02;2.5901505e-01;1.9250000e+02;3.0512041e-01;1.9250000e+02;3.4284046e-01;1.9250000e+02;3.6034024e-01;1.9250000e+02;3.0780229e-01;1.9250000e+02;2.1408388e-01;1.9250000e+02;1.4208543e-01;1.9250000e+02;8.0052659e-02;1.9250000e+02;2.4332017e-02;1.9250000e+02;-2.7476981e-02;1.9250000e+02;-7.8594416e-02;1.9250000e+02;-1.2879020e-01;1.9250000e+02;-1.7930427e-01;1.9250000e+02;-7.6849811e-02;1.9250000e+02;-3.9476037e-02;1.9250000e+02;1.7975841e-02;1.9250000e+02;9.4133310e-02;1.9250000e+02;1.8223941e-01;1.9250000e+02;2.5901505e-01;1.9250000e+02;3.0512041e-01;1.9250000e+02;3.4284046e-01;1.9250000e+02;3.6034024e-01;1.9250000e+02;3.0780229e-01;1.9250000e+02;2.1408388e-01;1.9250000e+02;1.4208543e-01;1.9250000e+02;8.0052659e-02;1.9250000e+02;2.4332017e-02;1.9250000e+02;-2.7476981e-02;1.9250000e+02;-7.8594416e-02;1.9250000e+02;-1.2879020e-01;1.9250000e+02;-1.7930427e-01;1.9250000e+02;-7.6849811e-02;1.9250000e+02;-3.9476037e-02;1.9250000e+02;1.7975841e-02;1.9250000e+02;9.4133310e-02;1.9250000e+02;1.8223941e-01;1.9250000e+02;2.5901505e-01;1.9250000e+02;3.0512041e-01;1.9250000e+02;3.4284046e-01;1.9250000e+02;3.6034024e-01;1.9250000e+02;3.0780229e-01;1.9250000e+02;2.1408388e-01;1.9250000e+02;1.4208543e-01;1.9250000e+02;8.0052659e-02;1.9250000e+02;2.4332017e-02;1.9250000e+02;-2.7476981e-02;1.9250000e+02;-7.8594416e-02;1.9250000e+02;-1.2879020e-01;1.9250000e+02;-1.7930427e-01;1.9250000e+02;-7.6849811e-02;1.9250000e+02;-3.9476037e-02;1.9250000e+02;1.7975841e-02;1.9250000e+02;9.4133310e-02;1.9250000e+02;1.8223941e-01;1.9250000e+02;2.5901505e-01;1.9250000e+02;3.0512041e-01;1.9250000e+02;3.4284046e-01;1.9250000e+02;3.6034024e-01;1.9250000e+02;3.0780229e-01;1.9250000e+02;2.1408388e-01;1.9250000e+02;1.4208543e-01;1.9250000e+02;8.0052659e-02;1.9250000e+02;2.4332017e-02;1.9250000e+02;-2.7476981e-02;1.9250000e+02;-7.8594416e-02;1.9250000e+02;-1.2879020e-01;1.9250000e+02;-1.7930427e-01;1.9250000e+02;-7.6849811e-02;1.9250000e+02;-3.9476037e-02;1.9250000e+02;1.7975841e-02;1.9250000e+02;9.4133310e-02;1.9250000e+02;1.8223941e-01;1.9250000e+02;2.5901505e-01;1.9250000e+02;3.0512041e-01;1.9250000e+02;3.4284046e-01;1.9250000e+02;3.6034024e-01;1.9250000e+02;3.0780229e-01;1.9250000e+02;2.1408388e-01;1.9250000e+02;1.4208543e-01;1.9250000e+02;8.0052659e-02;1.9250000e+02;2.4332017e-02;1.9250000e+02;-2.7476981e-02;1.9250000e+02;-7.8594416e-02;1.9250000e+02;-1.2879020e-01;1.9250000e+02;-1.7930427e-01;1.9250000e+02;-7.6849811e-02;1.9250000e+02;-3.9476037e-02;1.9250000e+02;1.7975841e-02;1.9250000e+02;9.4133310e-02;1.9250000e+02;1.8223941e-01;1.9250000e+02;2.5901505e-01;1.9250000e+02;3.0512041e-01;1.9250000e+02;3.4284046e-01;1.9250000e+02;3.6034024e-01;1.9250000e+02;3.0780229e-01;1.9250000e+02;2.1408388e-01;1.9250000e+02;1.4208543e-01;1.9250000e+02;8.0052659e-02;1.9250000e+02;2.4332017e-02;1.9250000e+02;-2.7476981e-02;1.9250000e+02;-7.8594416e-02;1.9250000e+02;-1.2879020e-01;1.9250000e+02;-1.7930427e-01;1.9250000e+02;-7.6849811e-02;1.9250000e+02;-3.9476037e-02;1.9250000e+02;1.7975841e-02;1.9250000e+02;9.4133310e-02;1.9250000e+02;1.8223941e-01;1.9250000e+02;2.5901505e-01;1.9250000e+02;3.0512041e-01;1.9250000e+02;3.4284046e-01;1.9250000e+02;3.6034024e-01;1.9250000e+02;3.0780229e-01;1.9250000e+02;2.1408388e-01;1.9250000e+02;1.4208543e-01;1.9250000e+02;8.0052659e-02;1.9250000e+02;2.4332017e-02;1.9250000e+02;-2.7476981e-02;1.9250000e+02;-7.8594416e-02;1.9250000e+02;-1.2879020e-01;1.9250000e+02;-1.7930427e-01;1.9250000e+02;-7.6849811e-02;1.9250000e+02;-3.9476037e-02;1.9250000e+02;1.7975841e-02;1.9250000e+02;9.4133310e-02;1.9250000e+02;1.8223941e-01;1.9250000e+02;2.5901505e-01;1.9250000e+02;3.0512041e-01;1.9250000e+02;3.4284046e-01;1.9250000e+02;3.6034024e-01;1.9250000e+02;3.0780229e-01;1.9250000e+02;2.1408388e-01;1.9250000e+02;1.4208543e-01;1.9250000e+02;8.0052659e-02;1.9250000e+02;2.4332017e-02;1.9250000e+02;-2.7476981e-02;1.9250000e+02;-7.8594416e-02;1.9250000e+02;-1.2879020e-01;1.9250000e+02;-1.7930427e-01
1.9750000e+02;-8.0466650e-02;1.9750000e+02;-4.6809755e-02;1.9750000e+02;5.8934502e-03;1.9750000e+02;7.5287923e-02;1.9750000e+02;1.5658961e-01;1.9750000e+02;2.2324863e-01;1.9750000e+02;2.7242160e-01;1.9750000e+02;3.2167387e-01;1.9750000e+02;3.5610485e-01;1.9750000e+02;3.1016973e-01;1.9750000e+02;2.1562688e-01;1.9750000e+02;1.3860029e-01;1.9750000e+02;7.3502049e-02;1.9750000e+02;1.5472084e-02;1.9750000e+02;-3.8124219e-02;1.9750000e+02;-9.0247624e-02;1.9750000e+02;-1.4098424e-01;1.9750000e+02;-1.9189581e-01;1.9750000e+02;-8.0466650e-02;1.9750000e+02;-4.6809755e-02;1.9750000e+02;5.8934502e-03;1.9750000e+02;7.5287923e-02;1.9750000e+02;1.5658961e-01;1.9750000e+02;2.2324863e-01;1.9750000e+02;2.7242160e-01;1.9750000e+02;3.2167387e-01;1.9750000e+02;3.5610485e-01;1.9750000e+02;3.1016973e-01;1.9750000e+02;2.1562688e-01;1.9750000e+02;1.3860029e-01;1.9750000e+02;7.3502049e-02;1.9750000e+02;1.5472084e-02;1.9750000e+02;-3.8124219e-02;1.9750000e+02;-9.0247624e-02;1.9750000e+02;-1.4098424e-01;1.9750000e+02;-1.9189581e-01;1.9750000e+02;-8.0466650e-02;1.9750000e+02;-4.6809755e-02;1.9750000e+02;5.8934502e-03;1.9750000e+02;7.5287923e-02;1.9750000e+02;1.5658961e-01;1.9750000e+02;2.2324863e-01;1.9750000e+02;2.7242160e-01;1.9750000e+02;3.2167387e-01;1.9750000e+02;3.5610485e-01;1.9750000e+02;3.1016973e-01;1.9750000e+02;2.1562688e-01;1.9750000e+02;1.3860029e-01;1.9750000e+02;7.3502049e-02;1.9750000e+02;1.5472084e-02;1.9750000e+02;-3.8124219e-02;1.9750000e+02;-9.0247624e-02;1.9750000e+02;-1.4098424e-01;1.9750000e+02;-1.9189581e-01;1.9750000e+02;-8.0466650e-02;1.9750000e+02;-4.6809755e-02;1.9750000e+02;5.8934502e-03;1.9750000e+02;7.5287923e-02;1.9750000e+02;1.5658961e-01;1.9750000e+02;2.2324863e-01;1.9750000e+02;2.7242160e-01;1.9750000e+02;3.2167387e-01;1.9750000e+02;3.5610485e-01;1.9750000e+02;3.1016973e-01;1.9750000e+02;2.1562688e-01;1.9750000e+02;1.3860029e-01;1.9750000e+02;7.3502049e-02;1.9750000e+02;1.5472084e-02;1.9750000e+02;-3.8124219e-02;1.9750000e+02;-9.0247624e-02;1.9750000e+02;-1.4098424e-01;1.9750000e+02;-1.9189581e-01;1.9750000e+02;-8.0466650e-02;1.9750000e+02;-4.6809755e-02;1.9750000e+02;5.8934502e-03;1.9750000e+02;7.5287923e-02;1.9750000e+02;1.5658961e-01;1.9750000e+02;2.2324863e-01;1.9750000e+02;2.7242160e-01;1.9750000e+02;3.2167387e-01;1.9750000e+02;3.5610485e-01;1.9750000e+02;3.1016973e-01;1.9750000e+02;2.1562688e-01;1.9750000e+02;1.3860029e-01;1.9750000e+02;7.3502049e-02;1.9750000e+02;1.5472084e-02;1.9750000e+02;-3.8124219e-02;1.9750000e+02;-9.0247624e-02;1.9750000e+02;-1.4098424e-01;1.9750000e+02;-1.9189581e-01;1.9750000e+02;-8.0466650e-02;1.9750000e+02;-4.6809755e-02;1.9750000e+02;5.8934502e-03;1.9750000e+02;7.5287923e-02;1.9750000e+02;1.5658961e-01;1.9750000e+02;2.2324863e-01;1.9750000e+02;2.7242160e-01;1.9750000e+02;3.2167387e-01;1.9750000e+02;3.5610485e-01;1.9750000e+02;3.1016973e-01;1.9750000e+02;2.1562688e-01;1.9750000e+02;1.3860029e-01;1.9750000e+02;7.3502049e-02;1.9750000e+02;1.5472084e-02;1.9750000e+02;-3.8124219e-02;1.9750000e+02;-9.0247624e-02;1.9750000e+02;-1.4098424e-01;1.9750000e+02;-1.9189581e-01;1.9750000e+02;-8.0466650e-02;1.9750000e+02;-4.6809755e-02;1.9750000e+02;5.8934502e-03;1.9750000e+02;7.5287923e-02;1.9750000e+02;1.5658961e-01;1.9750000e+02;2.2324863e-01;1.9750000e+02;2.7242160e-01;1.9750000e+02;3.2167387e-01;1.9750000e+02;3.5610485e-01;1.9750000e+02;3.1016973e-01;1.9750000e+02;2.1562688e-01;1.9750000e+02;1.3860029e-01;1.9750000e+02;7.3502049e-02;1.9750000e+02;1.5472084e-02;1.9750000e+02;-3.8124219e-02;1.9750000e+02;-9.0247624e-02;1.9750000e+02;-1.4098424e-01;1.9750000e+02;-1.9189581e-01;1.9750000e+02;-8.0466650e-02;1.9750000e+02;-4.6809755e-02;1.9750000e+02;5.8934502e-03;1.9750000e+02;7.5287923e-02;1.9750000e+02;1.5658961e-01;1.9750000e+02;2.2324863e-01;1.9750000e+02;2.7242160e-01;1.9750000e+02;3.2167387e-01;1.9750000e+02;3.5610485e-01;1.9750000e+02;3.1016973e-01;1.9750000e+02;2.1562688e-01;1.9750000e+02;1.3860029e-01;1.9750000e+02;7.3502049e-02;1.9750000e+02;1.5472084e-02;1.9750000e+02;-3.8124219e-02;1.9750000e+02;-9.0247624e-02;1.9750000e+02;-1.4098424e-01;1.9750000e+02;-1.9189581e-01;1.9750000e+02;-8.0466650e-02;1.9750000e+02;-4.6809755e-02;1.9750000e+02;5.8934502e-03;1.9750000e+02;7.5287923e-02;1.9750000e+02;1.5658961e-01;1.9750000e+02;2.2324863e-01;1.9750000e+02;2.7242160e-01;1.9750000e+02;3.2167387e-01;1.9750000e+02;3.5610485e-01;1.9750000e+02;3.1016973e-01;1.9750000e+02;2.1562688e-01;1.9750000e+02;1.3860029e-01;1.9750000e+02;7.3502049e-02;1.9750000e+02;1.5472084e-02;1.9750000e+02;-3.8124219e-02;1.9750000e+02;-9.0247624e-02;1.9750000e+02;-1.4098424e-01;1.9750000e+02;-1.9189581e-01;1.9750000e+02;-8.0466650e-02;1.9750000e+02;-4.6809755e-02;1.9750000e+02;5.8934502e-03;1.9750000e+02;7.5287923e-02;1.9750000e+02;1.5658961e-01;1.9750000e+02;2.2324863e-01;1.9750000e+02;2.7242160e-01;1.9750000e+02;3.2167387e-01;1.9750000e+02;3.5610485e-01;1.9750000e+02;3.1016973e-01;1.9750000e+02;2.1562688e-01;1.9750000e+02;1.3860029e-01;1.9750000e+02;7.3502049e-02;1.9750000e+02;1.5472084e-02;1.9750000e+02;-3.8124219e-02;1.9750000e+02;-9.0247624e-02;1.9750000e+02;-1.4098424e-01;1.9750000e+02;-1.9189581e-01;1.9750000e+02;-8.0466650e-02;1.9750000e+02;-4.6809755e-02;1.9750000e+02;5.8934502e-03;1.9750000e+02;7.5287923e-02;1.9750000e+02;1.5658961e-01;1.9750000e+02;2.2324863e-01;1.9750000e+02;2.7242160e-01;1.9750000e+02;3.2167387e-01;1.9750000e+02;3.5610485e-01;1.9750000e+02;3.1016973e-01;1.9750000e+02;2.1562688e-01;1.9750000e+02;1.3860029e-01;1.9750000e+02;7.3502049e-02;1.9750000e+02;1.5472084e-02;1.9750000e+02;-3.8124219e-02;1.9750000e+02;-9.0247624e-02;1.9750000e+02;-1.4098424e-01;1.9750000e+02;-1.9189581e-01;1.9750000e+02;-8.0466650e-02;1.9750000e+02;-4.6809755e-02;1.9750000e+02;5.8934502e-03;1.9750000e+02;7.5287923e-02;1.9750000e+02;1.5658961e-01;1.9750000e+02;2.2324863e-01;1.9750000e+02;2.7242160e-01;1.9750000e+02;3.2167387e-01;1.9750000e+02;3.5610485e-01;1.9750000e+02;3.1016973e-01;1.9750000e+02;2.1562688e-01;1.9750000e+02;1.3860029e-01;1.9750000e+02;7.3502049e-02;1.9750000e+02;1.5472084e-02;1.9750000e+02;-3.8124219e-02;1.9750000e+02;-9.0247624e-02;1.9750000e+02;-1.4098424e-01;1.9750000e+02;-1.9189581e-01;1.9750000e+02;-8.0466650e-02;1.9750000e+02;-4.6809755e-02;1.9750000e+02;5.8934502e-03;1.9750000e+02;7.5287923e-02;1.9750000e+02;1.5658961e-01;1.9750000e+02;2.2324863e-01;1.9750000e+02;2.7242160e-01;1.9750000e+02;3.2167387e-01;1.9750000e+02;3.5610485e-01;1.9750000e+02;3.1016973e-01;1.9750000e+02;2.1562688e-01;1.9750000e+02;1.3860029e-01;1.9750000e+02;7.3502049e-02;1.9750000e+02;1.5472084e-02;1.9750000e+02;-3.8124219e-02;1.9750000e+02;-9.0247624e-02;1.9750000e+02;-1.4098424e-01;1.9750000e+02;-1.9189581e-01;1.9750000e+02;-8.0466650e-02;1.9750000e+02;-4.6809755e-02;1.9750000e+02;5.8934502e-03;1.9750000e+02;7.5287923e-02;1.9750000e+02;1.5658961e-01;1.9750000e+02;2.2324863e-01;1.9750000e+02;2.7242160e-01;1.9750000e+02;3.2167387e-01;1.9750000e+02;3.5610485e-01;1.9750000e+02;3.1016973e-01;1.9750000e+02;2.1562688e-01;1.9750000e+02;1.3860029e-01;1.9750000e+02;7.3502049e-02;1.9750000e+02;1.5472084e-02;1.9750000e+02;-3.8124219e-02;1.9750000e+02;-9.0247624e-02;1.9750000e+02;-1.4098424e-01;1.9750000e+02;-1.9189581e-01;1.9750000e+02;-8.0466650e-02;1.9750000e+02;-4.6809755e-02;1.9750000e+02;5.8934502e-03;1.9750000e+02;7.5287923e-02;1.9750000e+02;1.5658961e-01;1.9750000e+02;2.2324863e-01;1.9750000e+02;2.7242160e-01;1.9750000e+02;3.2167387e-01;1.9750000e+02;3.5610485e-01;1.9750000e+02;3.1016973e-01;1.9750000e+02;2.1562688e-01;1.9750000e+02;1.3860029e-01;1.9750000e+02;7.3502049e-02;1.9750000e+02;1.5472084e-02;1.9750000e+02;-3.8124219e-02;1.9750000e+02;-9.0247624e-02;1.9750000e+02;-1.4098424e-01;1.9750000e+02;-1.9189581e-01;1.9750000e+02;-8.0466650e-02;1.9750000e+02;-4.6809755e-02;1.9750000e+02;5.8934502e-03;1.9750000e+02;7.5287923e-02;1.9750000e+02;1.5658961e-01;1.9750000e+02;2.2324863e-01;1.9750000e+02;2.7242160e-01;1.9750000e+02;3.2167387e-01;1.9750000e+02;3.5610485e-01;1.9750000e+02;3.1016973e-01;1.9750000e+02;2.1562688e-01;1.9750000e+02;1.3860029e-01;1.9750000e+02;7.3502049e-02;1.9750000e+02;1.5472084e-02;1.9750000e+02;-3.8124219e-02;1.9750000e+02;-9.0247624e-02;1.9750000e+02;-1.4098424e-01;1.9750000e+02;-1.9189581e-01;1.9750000e+02;-8.0466650e-02;1.9750000e+02;-4.6809755e-02;1.9750000e+02;5.8934502e-03;1.9750000e+02;7.5287923e-02;1.9750000e+02;1.5658961e-01;1.9750000e+02;2.2324863e-01;1.9750000e+02;2.7242160e-01;1.9750000e+02;3.2167387e-01;1.9750000e+02;3.5610485e-01;1.9750000e+02;3.1016973e-01;1.9750000e+02;2.1562688e-01;1.9750000e+02;1.3860029e-01;1.9750000e+02;7.3502049e-02;1.9750000e+02;1.5472084e-02;1.9750000e+02;-3.8124219e-02;1.9750000e+02;-9.0247624e-02;1.9750000e+02;-1.4098424e-01;1.9750000e+02;-1.9189581e-01;1.9750000e+02;-8.0466650e-02;1.9750000e+02;-4.6809755e-02;1.9750000e+02;5.8934502e-03;1.9750000e+02;7.5287923e-02;1.9750000e+02;1.5658961e-01;1.9750000e+02;2.2324863e-01;1.9750000e+02;2.7242160e-01;1.9750000e+02;3.2167387e-01;1.9750000e+02;3.5610485e-01;1.9750000e+02;3.1016973e-01;1.9750000e+02;2.1562688e-01;1.9750000e+02;1.3860029e-01;1.9750000e+02;7.3502049e-02;1.9750000e+02;1.5472084e-02;1.9750000e+02;-3.8124219e-02;1.9750000e+02;-9.0247624e-02;1.9750000e+02;-1.4098424e-01;1.9750000e+02;-1.9189581e-01;1.9750000e+02;-8.0466650e-02;1.9750000e+02;-4.6809755e-02;1.9750000e+02;5.8934502e-03;1.9750000e+02;7.5287923e-02;1.9750000e+02;1.5658961e-01;1.9750000e+02;2.2324863e-01;1.9750000e+02;2.7242160e-01;1.9750000e+02;3.2167387e-01;1.9750000e+02;3.5610485e-01;1.9750000e+02;3.1016973e-01;1.9750000e+02;2.1562688e-01;1.9750000e+02;1.3860029e-01;1.9750000e+02;7.3502049e-02;1.9750000e+02;1.5472084e-02;1.9750000e+02;-3.8124219e-02;1.9750000e+02;-9.0247624e-02;1.9750000e+02;-1.4098424e-01;1.9750000e+02;-1.9189581e-01;1.9750000e+02;-8.0466650e-02;1.9750000e+02;-4.6809755e-02;1.9750000e+02;5.8934502e-03;1.9750000e+02;7.5287923e-02;1.9750000e+02;1.5658961e-01;1.9750000e+02;2.2324863e-01;1.9750000e+02;2.7242160e-01;1.9750000e+02;3.2167387e-01;1.9750000e+02;3.5610485e-01;1.9750000e+02;3.1016973e-01;1.9750000e+02;2.1562688e-01;1.9750000e+02;1.3860029e-01;1.9750000e+02;7.3502049e-02;1.9750000e+02;1.5472084e-02;1.9750000e+02;-3.8124219e-02;1.9750000e+02;-9.0247624e-02;1.9750000e+02;-1.4098424e-01;1.9750000e+02;-1.9189581e-01;1.9750000e+02;-8.0466650e-02;1.9750000e+02;-4.6809755e-02;1.9750000e+02;5.8934502e-03;1.9750000e+02;7.5287923e-02;1.9750000e+02;1.5658961e-01;1.9750000e+02;2.2324863e-01;1.9750000e+02;2.7242160e-01;1.9750000e+02;3.2167387e-01;1.9750000e+02;3.5610485e-01;1.9750000e+02;3.1016973e-01;1.9750000e+02;2.1562688e-01;1.9750000e+02;1.3860029e-01;1.9750000e+02;7.3502049e-02;1.9750000e+02;1.5472084e-02;1.9750000e+02;-3.8124219e-02;1.9750000e+02;-9.0247624e-02;1.9750000e+02;-1.4098424e-01;1.9750000e+02;-1.9189581e-01;1.9750000e+02;-8.0466650e-02;1.9750000e+02;-4.6809755e-02;1.9750000e+02;5.8934502e-03;1.9750000e+02;7.5287923e-02;1.9750000e+02;1.5658961e-01;1.9750000e+02;2.2324863e-01;1.9750000e+02;2.7242160e-01;1.9750000e+02;3.2167387e-01;1.9750000e+02;3.5610485e-01;1.9750000e+02;3.1016973e-01;1.9750000e+02;2.1562688e-01;1.9750000e+02;1.3860029e-01;1.9750000e+02;7.3502049e-02;1.9750000e+02;1.5472084e-02;1.9750000e+02;-3.8124219e-02;1.9750000e+02;-9.0247624e-02;1.9750000e+02;-1.4098424e-01;1.9750000e+02;-1.9189581e-01;1.9750000e+02;-8.0466650e-02;1.9750000e+02;-4.6809755e-02;1.9750000e+02;5.8934502e-03;1.9750000e+02;7.5287923e-02;1.9750000e+02;1.5658961e-01;1.9750000e+02;2.2324863e-01;1.9750000e+02;2.7242160e-01;1.9750000e+02;3.2167387e-01;1.9750000e+02;3.5610485e-01;1.9750000e+02;3.1016973e-01;1.9750000e+02;2.1562688e-01;1.9750000e+02;1.3860029e-01;1.9750000e+02;7.3502049e-02;1.9750000e+02;1.5472084e-02;1.9750000e+02;-3.8124219e-02;1.9750000e+02;-9.0247624e-02;1.9750000e+02;-1.4098424e-01;1.9750000e+02;-1.9189581e-01;1.9750000e+02;-8.0466650e-02;1.9750000e+02;-4.6809755e-02;1.9750000e+02;5.8934502e-03;1.9750000e+02;7.5287923e-02;1.9750000e+02;1.5658961e-01;1.9750000e+02;2.2324863e-01;1.9750000e+02;2.7242160e-01;1.9750000e+02;3.2167387e-01;1.9750000e+02;3.5610485e-01;1.9750000e+02;3.1016973e-01;1.9750000e+02;2.1562688e-01;1.9750000e+02;1.3860029e-01;1.9750000e+02;7.3502049e-02;1.9750000e+02;1.5472084e-02;1.9750000e+02;-3.8124219e-02;1.9750000e+02;-9.0247624e-02;1.9750000e+02;-1.4098424e-01;1.9750000e+02;-1.9189581e-01;1.9750000e+02;-8.0466650e-02;1.9750000e+02;-4.6809755e-02;1.9750000e+02;5.8934502e-03;1.9750000e+02;7.5287923e-02;1.9750000e+02;1.5658961e-01;1.9750000e+02;2.2324863e-01;1.9750000e+02;2.7242160e-01;1.9750000e+02;3.2167387e-01;1.9750000e+02;3.5610485e-01;1.9750000e+02;3.1016973e-01;1.9750000e+02;2.1562688e-01;1.9750000e+02;1.3860029e-01;1.9750000e+02;7.3502049e-02;1.9750000e+02;1.5472084e-02;1.9750000e+02;-3.8124219e-02;1.9750000e+02;-9.0247624e-02;1.9750000e+02;-1.4098424e-01;1.9750000e+02;-1.9189581e-01;1.9750000e+02;-8.0466650e-02;1.9750000e+02;-4.6809755e-02;1.9750000e+02;5.8934502e-03;1.9750000e+02;7.5287923e-02;1.9750000e+02;1.5658961e-01;1.9750000e+02;2.2324863e-01;1.9750000e+02;2.7242160e-01;1.9750000e+02;3.2167387e-01;1.9750000e+02;3.5610485e-01;1.9750000e+02;3.1016973e-01;1.9750000e+02;2.1562688e-01;1.9750000e+02;1.3860029e-01;1.9750000e+02;7.3502049e-02;1.9750000e+02;1.5472084e-02;1.9750000e+02;-3.8124219e-02;1.9750000e+02;-9.0247624e-02;1.9750000e+02;-1.4098424e-01;1.9750000e+02;-1.9189581e-01;1.9750000e+02;-8.0466650e-02;1.9750000e+02;-4.6809755e-02;1.9750000e+02;5.8934502e-03;1.9750000e+02;7.5287923e-02;1.9750000e+02;1.5658961e-01;1.9750000e+02;2.2324863e-01;1.9750000e+02;2.7242160e-01;1.9750000e+02;3.2167387e-01;1.9750000e+02;3.5610485e-01;1.9750000e+02;3.1016973e-01;1.9750000e+02;2.1562688e-01;1.9750000e+02;1.3860029e-01;1.9750000e+02;7.3502049e-02;1.9750000e+02;1.5472084e-02;1.9750000e+02;-3.8124219e-02;1.9750000e+02;-9.0247624e-02;1.9750000e+02;-1.4098424e-01;1.9750000e+02;-1.9189581e-01;1.9750000e+02;-8.0466650e-02;1.9750000e+02;-4.6809755e-02;1.9750000e+02;5.8934502e-03;1.9750000e+02;7.5287923e-02;1.9750000e+02;1.5658961e-01;1.9750000e+02;2.2324863e-01;1.9750000e+02;2.7242160e-01;1.9750000e+02;3.2167387e-01;1.9750000e+02;3.5610485e-01;1.9750000e+02;3.1016973e-01;1.9750000e+02;2.1562688e-01;1.9750000e+02;1.3860029e-01;1.9750000e+02;7.3502049e-02;1.9750000e+02;1.5472084e-02;1.9750000e+02;-3.8124219e-02;1.9750000e+02;-9.0247624e-02;1.9750000e+02;-1.4098424e-01;1.9750000e+02;-1.9189581e-01;1.9750000e+02;-8.0466650e-02;1.9750000e+02;-4.6809755e-02;1.9750000e+02;5.8934502e-03;1.9750000e+02;7.5287923e-02;1.9750000e+02;1.5658961e-01;1.9750000e+02;2.2324863e-01;1.9750000e+02;2.7242160e-01;1.9750000e+02;3.2167387e-01;1.9750000e+02;3.5610485e-01;1.9750000e+02;3.1016973e-01;1.9750000e+02;2.1562688e-01;1.9750000e+02;1.3860029e-01;1.9750000e+02;7.3502049e-02;1.9750000e+02;1.5472084e-02;1.9750000e+02;-3.8124219e-02;1.9750000e+02;-9.0247624e-02;1.9750000e+02;-1.4098424e-01;1.9750000e+02;-1.9189581e-01;1.9750000e+02;-8.0466650e-02;1.9750000e+02;-4.6809755e-02;1.9750000e+02;5.8934502e-03;1.9750000e+02;7.5287923e-02;1.9750000e+02;1.5658961e-01;1.9750000e+02;2.2324863e-01;1.9750000e+02;2.7242160e-01;1.9750000e+02;3.2167387e-01;1.9750000e+02;3.5610485e-01;1.9750000e+02;3.1016973e-01;1.9750000e+02;2.1562688e-01;1.9750000e+02;1.3860029e-01;1.9750000e+02;7.3502049e-02;1.9750000e+02;1.5472084e-02;1.9750000e+02;-3.8124219e-02;1.9750000e+02;-9.0247624e-02;1.9750000e+02;-1.4098424e-01;1.9750000e+02;-1.9189581e-01;1.9750000e+02;-8.0466650e-02;1.9750000e+02;-4.6809755e-02;1.9750000e+02;5.8934502e-03;1.9750000e+02;7.5287923e-02;1.9750000e+02;1.5658961e-01;1.9750000e+02;2.2324863e-01;1.9750000e+02;2.7242160e-01;1.9750000e+02;3.2167387e-01;1.9750000e+02;3.5610485e-01;1.9750000e+02;3.1016973e-01;1.9750000e+02;2.1562688e-01;1.9750000e+02;1.3860029e-01;1.9750000e+02;7.3502049e-02;1.9750000e+02;1.5472084e-02;1.9750000e+02;-3.8124219e-02;1.9750000e+02;-9.0247624e-02;1.9750000e+02;-1.4098424e-01;1.9750000e+02;-1.9189581e-01;1.9750000e+02;-8.0466650e-02;1.9750000e+02;-4.6809755e-02;1.9750000e+02;5.8934502e-03;1.9750000e+02;7.5287923e-02;1.9750000e+02;1.5658961e-01;1.9750000e+02;2.2324863e-01;1.9750000e+02;2.7242160e-01;1.9750000e+02;3.2167387e-01;1.9750000e+02;3.5610485e-01;1.9750000e+02;3.1016973e-01;1.9750000e+02;2.1562688e-01;1.9750000e+02;1.3860029e-01;1.9750000e+02;7.3502049e-02;1.9750000e+02;1.5472084e-02;1.9750000e+02;-3.8124219e-02;1.9750000e+02;-9.0247624e-02;1.9750000e+02;-1.4098424e-01;1.9750000e+02;-1.9189581e-01;1.9750000e+02;-8.0466650e-02;1.9750000e+02;-4.6809755e-02;1.9750000e+02;5.8934502e-03;1.9750000e+02;7.5287923e-02;1.9750000e+02;1.5658961e-01;1.9750000e+02;2.2324863e-01;1.9750000e+02;2.7242160e-01;1.9750000e+02;3.2167387e-01;1.9750000e+02;3.5610485e-01;1.9750000e+02;3.1016973e-01;1.9750000e+02;2.1562688e-01;1.9750000e+02;1.3860029e-01;1.9750000e+02;7.3502049e-02;1.9750000e+02;1.5472084e-02;1.9750000e+02;-3.8124219e-02;1.9750000e+02;-9.0247624e-02;1.9750000e+02;-1.4098424e-01;1.9750000e+02;-1.9189581e-01;1.9750000e+02;-8.0466650e-02;1.9750000e+02;-4.6809755e-02;1.9750000e+02;5.8934502e-03;1.9750000e+02;7.5287923e-02;1.9750000e+02;1.5658961e-01;1.9750000e+02;2.2324863e-01;1.9750000e+02;2.7242160e-01;1.9750000e+02;3.2167387e-01;1.9750000e+02;3.5610485e-01;1.9750000e+02;3.1016973e-01;1.9750000e+02;2.1562688e-01;1.9750000e+02;1.3860029e-01;1.9750000e+02;7.3502049e-02;1.9750000e+02;1.5472084e-02;1.9750000e+02;-3.8124219e-02;1.9750000e+02;-9.0247624e-02;1.9750000e+02;-1.4098424e-01;1.9750000e+02;-1.9189581e-01;1.9750000e+02;-8.0466650e-02;1.9750000e+02;-4.6809755e-02;1.9750000e+02;5.8934502e-03;1.9750000e+02;7.5287923e-02;1.9750000e+02;1.5658961e-01;1.9750000e+02;2.2324863e-01;1.9750000e+02;2.7242160e-01;1.9750000e+02;3.2167387e-01;1.9750000e+02;3.5610485e-01;1.9750000e+02;3.1016973e-01;1.9750000e+02;2.1562688e-01;1.9750000e+02;1.3860029e-01;1.9750000e+02;7.3502049e-02;1.9750000e+02;1.5472084e-02;1.9750000e+02;-3.8124219e-02;1.9750000e+02;-9.0247624e-02;1.9750000e+02;-1.4098424e-01;1.9750000e+02;-1.9189581e-01;1.9750000e+02;-8.0466650e-02;1.9750000e+02;-4.6809755e-02;1.9750000e+02;5.8934502e-03;1.9750000e+02;7.5287923e-02;1.9750000e+02;1.5658961e-01;1.9750000e+02;2.2324863e-01;1.9750000e+02;2.7242160e-01;1.9750000e+02;3.2167387e-01;1.9750000e+02;3.5610485e-01;1.9750000e+02;3.1016973e-01;1.9750000e+02;2.1562688e-01;1.9750000e+02;1.3860029e-01;1.9750000e+02;7.3502049e-02;1.9750000e+02;1.5472084e-02;1.9750000e+02;-3.8124219e-02;1.9750000e+02;-9.0247624e-02;1.9750000e+02;-1.4098424e-01;1.9750000e+02;-1.9189581e-01;1.9750000e+02;-8.0466650e-02;1.9750000e+02;-4.6809755e-02;1.9750000e+02;5.8934502e-03;1.9750000e+02;7.5287923e-02;1.9750000e+02;1.5658961e-01;1.9750000e+02;2.2324863e-01;1.9750000e+02;2.7242160e-01;1.9750000e+02;3.2167387e-01;1.9750000e+02;3.5610485e-01;1.9750000e+02;3.1016973e-01;1.9750000e+02;2.1562688e-01;1.9750000e+02;1.3860029e-01;1.9750000e+02;7.3502049e-02;1.9750000e+02;1.5472084e-02;1.9750000e+02;-3.8124219e-02;1.9750000e+02;-9.0247624e-02;1.9750000e+02;-1.4098424e-01;1.9750000e+02;-1.9189581e-01;1.9750000e+02;-8.0466650e-02;1.9750000e+02;-4.6809755e-02;1.9750000e+02;5.8934502e-03;1.9750000e+02;7.5287923e-02;1.9750000e+02;1.5658961e-01;1.9750000e+02;2.2324863e-01;1.9750000e+02;2.7242160e-01;1.9750000e+02;3.2167387e-01;1.9750000e+02;3.5610485e-01;1.9750000e+02;3.1016973e-01;1.9750000e+02;2.1562688e-01;1.9750000e+02;1.3860029e-01;1.9750000e+02;7.3502049e-02;1.9750000e+02;1.5472084e-02;1.9750000e+02;-3.8124219e-02;1.9750000e+02;-9.0247624e-02;1.9750000e+02;-1.4098424e-01;1.9750000e+02;-1.9189581e-01;1.9750000e+02;-8.0466650e-02;1.9750000e+02;-4.6809755e-02;1.9750000e+02;5.8934502e-03;1.9750000e+02;7.5287923e-02;1.9750000e+02;1.5658961e-01;1.9750000e+02;2.2324863e-01;1.9750000e+02;2.7242160e-01;1.9750000e+02;3.2167387e-01;1.9750000e+02;3.5610485e-01;1.9750000e+02;3.1016973e-01;1.9750000e+02;2.1562688e-01;1.9750000e+02;1.3860029e-01;1.9750000e+02;7.3502049e-02;1.9750000e+02;1.5472084e-02;1.9750000e+02;-3.8124219e-02;1.9750000e+02;-9.0247624e-02;1.9750000e+02;-1.4098424e-01;1.9750000e+02;-1.9189581e-01;1.9750000e+02;-8.0466650e-02;1.9750000e+02;-4.6809755e-02;1.9750000e+02;5.8934502e-03;1.9750000e+02;7.5287923e-02;1.9750000e+02;1.5658961e-01;1.9750000e+02;2.2324863e-01;1.9750000e+02;2.7242160e-01;1.9750000e+02;3.2167387e-01;1.9750000e+02;3.5610485e-01;1.9750000e+02;3.1016973e-01;1.9750000e+02;2.1562688e-01;1.9750000e+02;1.3860029e-01;1.9750000e+02;7.3502049e-02;1.9750000e+02;1.5472084e-02;1.9750000e+02;-3.8124219e-02;1.9750000e+02;-9.0247624e-02;1.9750000e+02;-1.4098424e-01;1.9750000e+02;-1.9189581e-01;1.9750000e+02;-8.0466650e-02;1.9750000e+02;-4.6809755e-02;1.9750000e+02;5.8934502e-03;1.9750000e+02;7.5287923e-02;1.9750000e+02;1.5658961e-01;1.9750000e+02;2.2324863e-01;1.9750000e+02;2.7242160e-01;1.9750000e+02;3.2167387e-01;1.9750000e+02;3.5610485e-01;1.9750000e+02;3.1016973e-01;1.9750000e+02;2.1562688e-01;1.9750000e+02;1.3860029e-01;1.9750000e+02;7.3502049e-02;1.9750000e+02;1.5472084e-02;1.9750000e+02;-3.8124219e-02;1.9750000e+02;-9.0247624e-02;1.9750000e+02;-1.4098424e-01;1.9750000e+02;-1.9189581e-01;1.9750000e+02;-8.0466650e-02;1.9750000e+02;-4.6809755e-02;1.9750000e+02;5.8934502e-03;1.9750000e+02;7.5287923e-02;1.9750000e+02;1.5658961e-01;1.9750000e+02;2.2324863e-01;1.9750000e+02;2.7242160e-01;1.9750000e+02;3.2167387e-01;1.9750000e+02;3.5610485e-01;1.9750000e+02;3.1016973e-01;1.9750000e+02;2.1562688e-01;1.9750000e+02;1.3860029e-01;1.9750000e+02;7.3502049e-02;1.9750000e+02;1.5472084e-02;1.9750000e+02;-3.8124219e-02;1.9750000e+02;-9.0247624e-02;1.9750000e+02;-1.4098424e-01;1.9750000e+02;-1.9189581e-01;1.9750000e+02;-8.0466650e-02;1.9750000e+02;-4.6809755e-02;1.9750000e+02;5.8934502e-03;1.9750000e+02;7.5287923e-02;1.9750000e+02;1.5658961e-01;1.9750000e+02;2.2324863e-01;1.9750000e+02;2.7242160e-01;1.9750000e+02;3.2167387e-01;1.9750000e+02;3.5610485e-01;1.9750000e+02;3.1016973e-01;1.9750000e+02;2.1562688e-01;1.9750000e+02;1.3860029e-01;1.9750000e+02;7.3502049e-02;1.9750000e+02;1.5472084e-02;1.9750000e+02;-3.8124219e-02;1.9750000e+02;-9.0247624e-02;1.9750000e+02;-1.4098424e-01;1.9750000e+02;-1.9189581e-01;1.9750000e+02;-8.0466650e-02;1.9750000e+02;-4.6809755e-02;1.9750000e+02;5.8934502e-03;1.9750000e+02;7.5287923e-02;1.9750000e+02;1.5658961e-01;1.9750000e+02;2.2324863e-01;1.9750000e+02;2.7242160e-01;1.9750000e+02;3.2167387e-01;1.9750000e+02;3.5610485e-01;1.9750000e+02;3.1016973e-01;1.9750000e+02;2.1562688e-01;1.9750000e+02;1.3860029e-01;1.9750000e+02;7.3502049e-02;1.9750000e+02;1.5472084e-02;1.9750000e+02;-3.8124219e-02;1.9750000e+02;-9.0247624e-02;1.9750000e+02;-1.4098424e-01;1.9750000e+02;-1.9189581e-01;1.9750000e+02;-8.0466650e-02;1.9750000e+02;-4.6809755e-02;1.9750000e+02;5.8934502e-03;1.9750000e+02;7.5287923e-02;1.9750000e+02;1.5658961e-01;1.9750000e+02;2.2324863e-01;1.9750000e+02;2.7242160e-01;1.9750000e+02;3.2167387e-01;1.9750000e+02;3.5610485e-01;1.9750000e+02;3.1016973e-01;1.9750000e+02;2.1562688e-01;1.9750000e+02;1.3860029e-01;1.9750000e+02;7.3502049e-02;1.9750000e+02;1.5472084e-02;1.9750000e+02;-3.8124219e-02;1.9750000e+02;-9.0247624e-02;1.9750000e+02;-1.4098424e-01;1.9750000e+02;-1.9189581e-01;1.9750000e+02;-8.0466650e-02;1.9750000e+02;-4.6809755e-02;1.9750000e+02;5.8934502e-03;1.9750000e+02;7.5287923e-02;1.9750000e+02;1.5658961e-01;1.9750000e+02;2.2324863e-01;1.9750000e+02;2.7242160e-01;1.9750000e+02;3.2167387e-01;1.9750000e+02;3.5610485e-01;1.9750000e+02;3.1016973e-01;1.9750000e+02;2.1562688e-01;1.9750000e+02;1.3860029e-01;1.9750000e+02;7.3502049e-02;1.9750000e+02;1.5472084e-02;1.9750000e+02;-3.8124219e-02;1.9750000e+02;-9.0247624e-02;1.9750000e+02;-1.4098424e-01;1.9750000e+02;-1.9189581e-01;1.9750000e+02;-8.0466650e-02;1.9750000e+02;-4.6809755e-02;1.9750000e+02;5.8934502e-03;1.9750000e+02;7.5287923e-02;1.9750000e+02;1.5658961e-01;1.9750000e+02;2.2324863e-01;1.9750000e+02;2.7242160e-01;1.9750000e+02;3.2167387e-01;1.9750000e+02;3.5610485e-01;1.9750000e+02;3.1016973e-01;1.9750000e+02;2.1562688e-01;1.9750000e+02;1.3860029e-01;1.9750000e+02;7.3502049e-02;1.9750000e+02;1.5472084e-02;1.9750000e+02;-3.8124219e-02;1.9750000e+02;-9.0247624e-02;1.9750000e+02;-1.4098424e-01;1.9750000e+02;-1.9189581e-01;1.9750000e+02;-8.0466650e-02;1.9750000e+02;-4.6809755e-02;1.9750000e+02;5.8934502e-03;1.9750000e+02;7.5287923e-02;1.9750000e+02;1.5658961e-01;1.9750000e+02;2.2324863e-01;1.9750000e+02;2.7242160e-01;1.9750000e+02;3.2167387e-01;1.9750000e+02;3.5610485e-01;1.9750000e+02;3.1016973e-01;1.9750000e+02;2.1562688e-01;1.9750000e+02;1.3860029e-01;1.9750000e+02;7.3502049e-02;1.9750000e+02;1.5472084e-02;1.9750000e+02;-3.8124219e-02;1.9750000e+02;-9.0247624e-02;1.9750000e+02;-1.4098424e-01;1.9750000e+02;-1.9189581e-01;1.9750000e+02;-8.0466650e-02;1.9750000e+02;-4.6809755e-02;1.9750000e+02;5.8934502e-03;1.9750000e+02;7.5287923e-02;1.9750000e+02;1.5658961e-01;1.9750000e+02;2.2324863e-01;1.9750000e+02;2.7242160e-01;1.9750000e+02;3.2167387e-01;1.9750000e+02;3.5610485e-01;1.9750000e+02;3.1016973e-01;1.9750000e+02;2.1562688e-01;1.9750000e+02;1.3860029e-01;1.9750000e+02;7.3502049e-02;1.9750000e+02;1.5472084e-02;1.9750000e+02;-3.8124219e-02;1.9750000e+02;-9.0247624e-02;1.9750000e+02;-1.4098424e-01;1.9750000e+02;-1.9189581e-01;1.9750000e+02;-8.0466650e-02;1.9750000e+02;-4.6809755e-02;1.9750000e+02;5.8934502e-03;1.9750000e+02;7.5287923e-02;1.9750000e+02;1.5658961e-01;1.9750000e+02;2.2324863e-01;1.9750000e+02;2.7242160e-01;1.9750000e+02;3.2167387e-01;1.9750000e+02;3.5610485e-01;1.9750000e+02;3.1016973e-01;1.9750000e+02;2.1562688e-01;1.9750000e+02;1.3860029e-01;1.9750000e+02;7.3502049e-02;1.9750000e+02;1.5472084e-02;1.9750000e+02;-3.8124219e-02;1.9750000e+02;-9.0247624e-02;1.9750000e+02;-1.4098424e-01;1.9750000e+02;-1.9189581e-01;1.9750000e+02;-8.0466650e-02;1.9750000e+02;-4.6809755e-02;1.9750000e+02;5.8934502e-03;1.9750000e+02;7.5287923e-02;1.9750000e+02;1.5658961e-01;1.9750000e+02;2.2324863e-01;1.9750000e+02;2.7242160e-01;1.9750000e+02;3.2167387e-01;1.9750000e+02;3.5610485e-01;1.9750000e+02;3.1016973e-01;1.9750000e+02;2.1562688e-01;1.9750000e+02;1.3860029e-01;1.9750000e+02;7.3502049e-02;1.9750000e+02;1.5472084e-02;1.9750000e+02;-3.8124219e-02;1.9750000e+02;-9.0247624e-02;1.9750000e+02;-1.4098424e-01;1.9750000e+02;-1.9189581e-01;1.9750000e+02;-8.0466650e-02;1.9750000e+02;-4.6809755e-02;1.9750000e+02;5.8934502e-03;1.9750000e+02;7.5287923e-02;1.9750000e+02;1.5658961e-01;1.9750000e+02;2.2324863e-01;1.9750000e+02;2.7242160e-01;1.9750000e+02;3.2167387e-01;1.9750000e+02;3.5610485e-01;1.9750000e+02;3.1016973e-01;1.9750000e+02;2.1562688e-01;1.9750000e+02;1.3860029e-01;1.9750000e+02;7.3502049e-02;1.9750000e+02;1.5472084e-02;1.9750000e+02;-3.8124219e-02;1.9750000e+02;-9.0247624e-02;1.9750000e+02;-1.4098424e-01;1.9750000e+02;-1.9189581e-01;1.9750000e+02;-8.0466650e-02;1.9750000e+02;-4.6809755e-02;1.9750000e+02;5.8934502e-03;1.9750000e+02;7.5287923e-02;1.9750000e+02;1.5658961e-01;1.9750000e+02;2.2324863e-01;1.9750000e+02;2.7242160e-01;1.9750000e+02;3.2167387e-01;1.9750000e+02;3.5610485e-01;1.9750000e+02;3.1016973e-01;1.9750000e+02;2.1562688e-01;1.9750000e+02;1.3860029e-01;1.9750000e+02;7.3502049e-02;1.9750000e+02;1.5472084e-02;1.9750000e+02;-3.8124219e-02;1.9750000e+02;-9.0247624e-02;1.9750000e+02;-1.4098424e-01;1.9750000e+02;-1.9189581e-01;1.9750000e+02;-8.0466650e-02;1.9750000e+02;-4.6809755e-02;1.9750000e+02;5.8934502e-03;1.9750000e+02;7.5287923e-02;1.9750000e+02;1.5658961e-01;1.9750000e+02;2.2324863e-01;1.9750000e+02;2.7242160e-01;1.9750000e+02;3.2167387e-01;1.9750000e+02;3.5610485e-01;1.9750000e+02;3.1016973e-01;1.9750000e+02;2.1562688e-01;1.9750000e+02;1.3860029e-01;1.9750000e+02;7.3502049e-02;1.9750000e+02;1.5472084e-02;1.9750000e+02;-3.8124219e-02;1.9750000e+02;-9.0247624e-02;1.9750000e+02;-1.4098424e-01;1.9750000e+02;-1.9189581e-01;1.9750000e+02;-8.0466650e-02;1.9750000e+02;-4.6809755e-02;1.9750000e+02;5.8934502e-03;1.9750000e+02;7.5287923e-02;1.9750000e+02;1.5658961e-01;1.9750000e+02;2.2324863e-01;1.9750000e+02;2.7242160e-01;1.9750000e+02;3.2167387e-01;1.9750000e+02;3.5610485e-01;1.9750000e+02;3.1016973e-01;1.9750000e+02;2.1562688e-01;1.9750000e+02;1.3860029e-01;1.9750000e+02;7.3502049e-02;1.9750000e+02;1.5472084e-02;1.9750000e+02;-3.8124219e-02;1.9750000e+02;-9.0247624e-02;1.9750000e+02;-1.4098424e-01;1.9750000e+02;-1.9189581e-01;1.9750000e+02;-8.0466650e-02;1.9750000e+02;-4.6809755e-02;1.9750000e+02;5.8934502e-03;1.9750000e+02;7.5287923e-02;1.9750000e+02;1.5658961e-01;1.9750000e+02;2.2324863e-01;1.9750000e+02;2.7242160e-01;1.9750000e+02;3.2167387e-01;1.9750000e+02;3.5610485e-01;1.9750000e+02;3.1016973e-01;1.9750000e+02;2.1562688e-01;1.9750000e+02;1.3860029e-01;1.9750000e+02;7.3502049e-02;1.9750000e+02;1.5472084e-02;1.9750000e+02;-3.8124219e-02;1.9750000e+02;-9.0247624e-02;1.9750000e+02;-1.4098424e-01;1.9750000e+02;-1.9189581e-01;1.9750000e+02;-8.0466650e-02;1.9750000e+02;-4.6809755e-02;1.9750000e+02;5.8934502e-03;1.9750000e+02;7.5287923e-02;1.9750000e+02;1.5658961e-01;1.9750000e+02;2.2324863e-01;1.9750000e+02;2.7242160e-01;1.9750000e+02;3.2167387e-01;1.9750000e+02;3.5610485e-01;1.9750000e+02;3.1016973e-01;1.9750000e+02;2.1562688e-01;1.9750000e+02;1.3860029e-01;1.9750000e+02;7.3502049e-02;1.9750000e+02;1.5472084e-02;1.9750000e+02;-3.8124219e-02;1.9750000e+02;-9.0247624e-02;1.9750000e+02;-1.4098424e-01;1.9750000e+02;-1.9189581e-01;1.9750000e+02;-8.0466650e-02;1.9750000e+02;-4.6809755e-02;1.9750000e+02;5.8934502e-03;1.9750000e+02;7.5287923e-02;1.9750000e+02;1.5658961e-01;1.9750000e+02;2.2324863e-01;1.9750000e+02;2.7242160e-01;1.9750000e+02;3.2167387e-01;1.9750000e+02;3.5610485e-01;1.9750000e+02;3.1016973e-01;1.9750000e+02;2.1562688e-01;1.9750000e+02;1.3860029e-01;1.9750000e+02;7.3502049e-02;1.9750000e+02;1.5472084e-02;1.9750000e+02;-3.8124219e-02;1.9750000e+02;-9.0247624e-02;1.9750000e+02;-1.4098424e-01;1.9750000e+02;-1.9189581e-01;1.9750000e+02;-8.0466650e-02;1.9750000e+02;-4.6809755e-02;1.9750000e+02;5.8934502e-03;1.9750000e+02;7.5287923e-02;1.9750000e+02;1.5658961e-01;1.9750000e+02;2.2324863e-01;1.9750000e+02;2.7242160e-01;1.9750000e+02;3.2167387e-01;1.9750000e+02;3.5610485e-01;1.9750000e+02;3.1016973e-01;1.9750000e+02;2.1562688e-01;1.9750000e+02;1.3860029e-01;1.9750000e+02;7.3502049e-02;1.9750000e+02;1.5472084e-02;1.9750000e+02;-3.8124219e-02;1.9750000e+02;-9.0247624e-02;1.9750000e+02;-1.4098424e-01;1.9750000e+02;-1.9189581e-01;1.9750000e+02;-8.0466650e-02;1.9750000e+02;-4.6809755e-02;1.9750000e+02;5.8934502e-03;1.9750000e+02;7.5287923e-02;1.9750000e+02;1.5658961e-01;1.9750000e+02;2.2324863e-01;1.9750000e+02;2.7242160e-01;1.9750000e+02;3.2167387e-01;1.9750000e+02;3.5610485e-01;1.9750000e+02;3.1016973e-01;1.9750000e+02;2.1562688e-01;1.9750000e+02;1.3860029e-01;1.9750000e+02;7.3502049e-02;1.9750000e+02;1.5472084e-02;1.9750000e+02;-3.8124219e-02;1.9750000e+02;-9.0247624e-02;1.9750000e+02;-1.4098424e-01;1.9750000e+02;-1.9189581e-01;1.9750000e+02;-8.0466650e-02;1.9750000e+02;-4.6809755e-02;1.9750000e+02;5.8934502e-03;1.9750000e+02;7.5287923e-02;1.9750000e+02;1.5658961e-01;1.9750000e+02;2.2324863e-01;1.9750000e+02;2.7242160e-01;1.9750000e+02;3.2167387e-01;1.9750000e+02;3.5610485e-01;1.9750000e+02;3.1016973e-01;1.9750000e+02;2.1562688e-01;1.9750000e+02;1.3860029e-01;1.9750000e+02;7.3502049e-02;1.9750000e+02;1.5472084e-02;1.9750000e+02;-3.8124219e-02;1.9750000e+02;-9.0247624e-02;1.9750000e+02;-1.4098424e-01;1.9750000e+02;-1.9189581e-01;1.9750000e+02;-8.0466650e-02;1.9750000e+02;-4.6809755e-02;1.9750000e+02;5.8934502e-03;1.9750000e+02;7.5287923e-02;1.9750000e+02;1.5658961e-01;1.9750000e+02;2.2324863e-01;1.9750000e+02;2.7242160e-01;1.9750000e+02;3.2167387e-01;1.9750000e+02;3.5610485e-01;1.9750000e+02;3.1016973e-01;1.9750000e+02;2.1562688e-01;1.9750000e+02;1.3860029e-01;1.9750000e+02;7.3502049e-02;1.9750000e+02;1.5472084e-02;1.9750000e+02;-3.8124219e-02;1.9750000e+02;-9.0247624e-02;1.9750000e+02;-1.4098424e-01;1.9750000e+02;-1.9189581e-01;1.9750000e+02;-8.0466650e-02;1.9750000e+02;-4.6809755e-02;1.9750000e+02;5.8934502e-03;1.9750000e+02;7.5287923e-02;1.9750000e+02;1.5658961e-01;1.9750000e+02;2.2324863e-01;1.9750000e+02;2.7242160e-01;1.9750000e+02;3.2167387e-01;1.9750000e+02;3.5610485e-01;1.9750000e+02;3.1016973e-01;1.9750000e+02;2.1562688e-01;1.9750000e+02;1.3860029e-01;1.9750000e+02;7.3502049e-02;1.9750000e+02;1.5472084e-02;1.9750000e+02;-3.8124219e-02;1.9750000e+02;-9.0247624e-02;1.9750000e+02;-1.4098424e-01;1.9750000e+02;-1.9189581e-01;1.9750000e+02;-8.0466650e-02;1.9750000e+02;-4.6809755e-02;1.9750000e+02;5.8934502e-03;1.9750000e+02;7.5287923e-02;1.9750000e+02;1.5658961e-01;1.9750000e+02;2.2324863e-01;1.9750000e+02;2.7242160e-01;1.9750000e+02;3.2167387e-01;1.9750000e+02;3.5610485e-01;1.9750000e+02;3.1016973e-01;1.9750000e+02;2.1562688e-01;1.9750000e+02;1.3860029e-01;1.9750000e+02;7.3502049e-02;1.9750000e+02;1.5472084e-02;1.9750000e+02;-3.8124219e-02;1.9750000e+02;-9.0247624e-02;1.9750000e+02;-1.4098424e-01;1.9750000e+02;-1.9189581e-01;1.9750000e+02;-8.0466650e-02;1.9750000e+02;-4.6809755e-02;1.9750000e+02;5.8934502e-03;1.9750000e+02;7.5287923e-02;1.9750000e+02;1.5658961e-01;1.9750000e+02;2.2324863e-01;1.9750000e+02;2.7242160e-01;1.9750000e+02;3.2167387e-01;1.9750000e+02;3.5610485e-01;1.9750000e+02;3.1016973e-01;1.9750000e+02;2.1562688e-01;1.9750000e+02;1.3860029e-01;1.9750000e+02;7.3502049e-02;1.9750000e+02;1.5472084e-02;1.9750000e+02;-3.8124219e-02;1.9750000e+02;-9.0247624e-02;1.9750000e+02;-1.4098424e-01;1.9750000e+02;-1.9189581e-01;1.9750000e+02;-8.0466650e-02;1.9750000e+02;-4.6809755e-02;1.9750000e+02;5.8934502e-03;1.9750000e+02;7.5287923e-02;1.9750000e+02;1.5658961e-01;1.9750000e+02;2.2324863e-01;1.9750000e+02;2.7242160e-01;1.9750000e+02;3.2167387e-01;1.9750000e+02;3.5610485e-01;1.9750000e+02;3.1016973e-01;1.9750000e+02;2.1562688e-01;1.9750000e+02;1.3860029e-01;1.9750000e+02;7.3502049e-02;1.9750000e+02;1.5472084e-02;1.9750000e+02;-3.8124219e-02;1.9750000e+02;-9.0247624e-02;1.9750000e+02;-1.4098424e-01;1.9750000e+02;-1.9189581e-01;1.9750000e+02;-8.0466650e-02;1.9750000e+02;-4.6809755e-02;1.9750000e+02;5.8934502e-03;1.9750000e+02;7.5287923e-02;1.9750000e+02;1.5658961e-01;1.9750000e+02;2.2324863e-01;1.9750000e+02;2.7242160e-01;1.9750000e+02;3.2167387e-01;1.9750000e+02;3.5610485e-01;1.9750000e+02;3.1016973e-01;1.9750000e+02;2.1562688e-01;1.9750000e+02;1.3860029e-01;1.9750000e+02;7.3502049e-02;1.9750000e+02;1.5472084e-02;1.9750000e+02;-3.8124219e-02;1.9750000e+02;-9.0247624e-02;1.9750000e+02;-1.4098424e-01;1.9750000e+02;-1.9189581e-01;1.9750000e+02;-8.0466650e-02;1.9750000e+02;-4.6809755e-02;1.9750000e+02;5.8934502e-03;1.9750000e+02;7.5287923e-02;1.9750000e+02;1.5658961e-01;1.9750000e+02;2.2324863e-01;1.9750000e+02;2.7242160e-01;1.9750000e+02;3.2167387e-01;1.9750000e+02;3.5610485e-01;1.9750000e+02;3.1016973e-01;1.9750000e+02;2.1562688e-01;1.9750000e+02;1.3860029e-01;1.9750000e+02;7.3502049e-02;1.9750000e+02;1.5472084e-02;1.9750000e+02;-3.8124219e-02;1.9750000e+02;-9.0247624e-02;1.9750000e+02;-1.4098424e-01;1.9750000e+02;-1.9189581e-01;1.9750000e+02;-8.0466650e-02;1.9750000e+02;-4.6809755e-02;1.9750000e+02;5.8934502e-03;1.9750000e+02;7.5287923e-02;1.9750000e+02;1.5658961e-01;1.9750000e+02;2.2324863e-01;1.9750000e+02;2.7242160e-01;1.9750000e+02;3.2167387e-01;1.9750000e+02;3.5610485e-01;1.9750000e+02;3.1016973e-01;1.9750000e+02;2.1562688e-01;1.9750000e+02;1.3860029e-01;1.9750000e+02;7.3502049e-02;1.9750000e+02;1.5472084e-02;1.9750000e+02;-3.8124219e-02;1.9750000e+02;-9.0247624e-02;1.9750000e+02;-1.4098424e-01;1.9750000e+02;-1.9189581e-01;1.9750000e+02;-8.0466650e-02;1.9750000e+02;-4.6809755e-02;1.9750000e+02;5.8934502e-03;1.9750000e+02;7.5287923e-02;1.9750000e+02;1.5658961e-01;1.9750000e+02;2.2324863e-01;1.9750000e+02;2.7242160e-01;1.9750000e+02;3.2167387e-01;1.9750000e+02;3.5610485e-01;1.9750000e+02;3.1016973e-01;1.9750000e+02;2.1562688e-01;1.9750000e+02;1.3860029e-01;1.9750000e+02;7.3502049e-02;1.9750000e+02;1.5472084e-02;1.9750000e+02;-3.8124219e-02;1.9750000e+02;-9.0247624e-02;1.9750000e+02;-1.4098424e-01;1.9750000e+02;-1.9189581e-01;1.9750000e+02;-8.0466650e-02;1.9750000e+02;-4.6809755e-02;1.9750000e+02;5.8934502e-03;1.9750000e+02;7.5287923e-02;1.9750000e+02;1.5658961e-01;1.9750000e+02;2.2324863e-01;1.9750000e+02;2.7242160e-01;1.9750000e+02;3.2167387e-01;1.9750000e+02;3.5610485e-01;1.9750000e+02;3.1016973e-01;1.9750000e+02;2.1562688e-01;1.9750000e+02;1.3860029e-01;1.9750000e+02;7.3502049e-02;1.9750000e+02;1.5472084e-02;1.9750000e+02;-3.8124219e-02;1.9750000e+02;-9.0247624e-02;1.9750000e+02;-1.4098424e-01;1.9750000e+02;-1.9189581e-01;1.9750000e+02;-8.0466650e-02;1.9750000e+02;-4.6809755e-02;1.9750000e+02;5.8934502e-03;1.9750000e+02;7.5287923e-02;1.9750000e+02;1.5658961e-01;1.9750000e+02;2.2324863e-01;1.9750000e+02;2.7242160e-01;1.9750000e+02;3.2167387e-01;1.9750000e+02;3.5610485e-01;1.9750000e+02;3.1016973e-01;1.9750000e+02;2.1562688e-01;1.9750000e+02;1.3860029e-01;1.9750000e+02;7.3502049e-02;1.9750000e+02;1.5472084e-02;1.9750000e+02;-3.8124219e-02;1.9750000e+02;-9.0247624e-02;1.9750000e+02;-1.4098424e-01;1.9750000e+02;-1.9189581e-01;1.9750000e+02;-8.0466650e-02;1.9750000e+02;-4.6809755e-02;1.9750000e+02;5.8934502e-03;1.9750000e+02;7.5287923e-02;1.9750000e+02;1.5658961e-01;1.9750000e+02;2.2324863e-01;1.9750000e+02;2.7242160e-01;1.9750000e+02;3.2167387e-01;1.9750000e+02;3.5610485e-01;1.9750000e+02;3.1016973e-01;1.9750000e+02;2.1562688e-01;1.9750000e+02;1.3860029e-01;1.9750000e+02;7.3502049e-02;1.9750000e+02;1.5472084e-02;1.9750000e+02;-3.8124219e-02;1.9750000e+02;-9.0247624e-02;1.9750000e+02;-1.4098424e-01;1.9750000e+02;-1.9189581e-01;1.9750000e+02;-8.0466650e-02;1.9750000e+02;-4.6809755e-02;1.9750000e+02;5.8934502e-03;1.9750000e+02;7.5287923e-02;1.9750000e+02;1.5658961e-01;1.9750000e+02;2.2324863e-01;1.9750000e+02;2.7242160e-01;1.9750000e+02;3.2167387e-01;1.9750000e+02;3.5610485e-01;1.9750000e+02;3.1016973e-01;1.9750000e+02;2.1562688e-01;1.9750000e+02;1.3860029e-01;1.9750000e+02;7.3502049e-02;1.9750000e+02;1.5472084e-02;1.9750000e+02;-3.8124219e-02;1.9750000e+02;-9.0247624e-02;1.9750000e+02;-1.4098424e-01;1.9750000e+02;-1.9189581e-01;1.9750000e+02;-8.0466650e-02;1.9750000e+02;-4.6809755e-02;1.9750000e+02;5.8934502e-03;1.9750000e+02;7.5287923e-02;1.9750000e+02;1.5658961e-01;1.9750000e+02;2.2324863e-01;1.9750000e+02;2.7242160e-01;1.9750000e+02;3.2167387e-01;1.9750000e+02;3.5610485e-01;1.9750000e+02;3.1016973e-01;1.9750000e+02;2.1562688e-01;1.9750000e+02;1.3860029e-01;1.9750000e+02;7.3502049e-02;1.9750000e+02;1.5472084e-02;1.9750000e+02;-3.8124219e-02;1.9750000e+02;-9.0247624e-02;1.9750000e+02;-1.4098424e-01;1.9750000e+02;-1.9189581e-01;1.9750000e+02;-8.0466650e-02;1.9750000e+02;-4.6809755e-02;1.9750000e+02;5.8934502e-03;1.9750000e+02;7.5287923e-02;1.9750000e+02;1.5658961e-01;1.9750000e+02;2.2324863e-01;1.9750000e+02;2.7242160e-01;1.9750000e+02;3.2167387e-01;1.9750000e+02;3.5610485e-01;1.9750000e+02;3.1016973e-01;1.9750000e+02;2.1562688e-01;1.9750000e+02;1.3860029e-01;1.9750000e+02;7.3502049e-02;1.9750000e+02;1.5472084e-02;1.9750000e+02;-3.8124219e-02;1.9750000e+02;-9.0247624e-02;1.9750000e+02;-1.4098424e-01;1.9750000e+02;-1.9189581e-01;1.9750000e+02;-8.0466650e-02;1.9750000e+02;-4.6809755e-02;1.9750000e+02;5.8934502e-03;1.9750000e+02;7.5287923e-02;1.9750000e+02;1.5658961e-01;1.9750000e+02;2.2324863e-01;1.9750000e+02;2.7242160e-01;1.9750000e+02;3.2167387e-01;1.9750000e+02;3.5610485e-01;1.9750000e+02;3.1016973e-01;1.9750000e+02;2.1562688e-01;1.9750000e+02;1.3860029e-01;1.9750000e+02;7.3502049e-02;1.9750000e+02;1.5472084e-02;1.9750000e+02;-3.8124219e-02;1.9750000e+02;-9.0247624e-02;1.9750000e+02;-1.4098424e-01;1.9750000e+02;-1.9189581e-01;1.9750000e+02;-8.0466650e-02;1.9750000e+02;-4.6809755e-02;1.9750000e+02;5.8934502e-03;1.9750000e+02;7.5287923e-02;1.9750000e+02;1.5658961e-01;1.9750000e+02;2.2324863e-01;1.9750000e+02;2.7242160e-01;1.9750000e+02;3.2167387e-01;1.9750000e+02;3.5610485e-01;1.9750000e+02;3.1016973e-01;1.9750000e+02;2.1562688e-01;1.9750000e+02;1.3860029e-01;1.9750000e+02;7.3502049e-02;1.9750000e+02;1.5472084e-02;1.9750000e+02;-3.8124219e-02;1.9750000e+02;-9.0247624e-02;1.9750000e+02;-1.4098424e-01;1.9750000e+02;-1.9189581e-01;1.9750000e+02;-8.0466650e-02;1.9750000e+02;-4.6809755e-02;1.9750000e+02;5.8934502e-03;1.9750000e+02;7.5287923e-02;1.9750000e+02;1.5658961e-01;1.9750000e+02;2.2324863e-01;1.9750000e+02;2.7242160e-01;1.9750000e+02;3.2167387e-01;1.9750000e+02;3.5610485e-01;1.9750000e+02;3.1016973e-01;1.9750000e+02;2.1562688e-01;1.9750000e+02;1.3860029e-01;1.9750000e+02;7.3502049e-02;1.9750000e+02;1.5472084e-02;1.9750000e+02;-3.8124219e-02;1.9750000e+02;-9.0247624e-02;1.9750000e+02;-1.4098424e-01;1.9750000e+02;-1.9189581e-01;1.9750000e+02;-8.0466650e-02;1.9750000e+02;-4.6809755e-02;1.9750000e+02;5.8934502e-03;1.9750000e+02;7.5287923e-02;1.9750000e+02;1.5658961e-01;1.9750000e+02;2.2324863e-01;1.9750000e+02;2.7242160e-01;1.9750000e+02;3.2167387e-01;1.9750000e+02;3.5610485e-01;1.9750000e+02;3.1016973e-01;1.9750000e+02;2.1562688e-01;1.9750000e+02;1.3860029e-01;1.9750000e+02;7.3502049e-02;1.9750000e+02;1.5472084e-02;1.9750000e+02;-3.8124219e-02;1.9750000e+02;-9.0247624e-02;1.9750000e+02;-1.4098424e-01;1.9750000e+02;-1.9189581e-01;1.9750000e+02;-8.0466650e-02;1.9750000e+02;-4.6809755e-02;1.9750000e+02;5.8934502e-03;1.9750000e+02;7.5287923e-02;1.9750000e+02;1.5658961e-01;1.9750000e+02;2.2324863e-01;1.9750000e+02;2.7242160e-01;1.9750000e+02;3.2167387e-01;1.9750000e+02;3.5610485e-01;1.9750000e+02;3.1016973e-01;1.9750000e+02;2.1562688e-01;1.9750000e+02;1.3860029e-01;1.9750000e+02;7.3502049e-02;1.9750000e+02;1.5472084e-02;1.9750000e+02;-3.8124219e-02;1.9750000e+02;-9.0247624e-02;1.9750000e+02;-1.4098424e-01;1.9750000e+02;-1.9189581e-01;1.9750000e+02;-8.0466650e-02;1.9750000e+02;-4.6809755e-02;1.9750000e+02;5.8934502e-03;1.9750000e+02;7.5287923e-02;1.9750000e+02;1.5658961e-01;1.9750000e+02;2.2324863e-01;1.9750000e+02;2.7242160e-01;1.9750000e+02;3.2167387e-01;1.9750000e+02;3.5610485e-01;1.9750000e+02;3.1016973e-01;1.9750000e+02;2.1562688e-01;1.9750000e+02;1.3860029e-01;1.9750000e+02;7.3502049e-02;1.9750000e+02;1.5472084e-02;1.9750000e+02;-3.8124219e-02;1.9750000e+02;-9.0247624e-02;1.9750000e+02;-1.4098424e-01;1.9750000e+02;-1.9189581e-01;1.9750000e+02;-8.0466650e-02;1.9750000e+02;-4.6809755e-02;1.9750000e+02;5.8934502e-03;1.9750000e+02;7.5287923e-02;1.9750000e+02;1.5658961e-01;1.9750000e+02;2.2324863e-01;1.9750000e+02;2.7242160e-01;1.9750000e+02;3.2167387e-01;1.9750000e+02;3.5610485e-01;1.9750000e+02;3.1016973e-01;1.9750000e+02;2.1562688e-01;1.9750000e+02;1.3860029e-01;1.9750000e+02;7.3502049e-02;1.9750000e+02;1.5472084e-02;1.9750000e+02;-3.8124219e-02;1.9750000e+02;-9.0247624e-02;1.9750000e+02;-1.4098424e-01;1.9750000e+02;-1.9189581e-01
2.0250000e+02;-8.4509730e-02;2.0250000e+02;-5.6596898e-02;2.0250000e+02;-9.3833208e-03;2.0250000e+02;5.2754316e-02;2.0250000e+02;1.2386581e-01;2.0250000e+02;1.8357188e-01;2.0250000e+02;2.3643531e-01;2.0250000e+02;2.9921842e-01;2.0250000e+02;3.4739384e-01;2.0250000e+02;3.0869451e-01;2.0250000e+02;2.1720999e-01;2.0250000e+02;1.3625588e-01;2.0250000e+02;6.8659723e-02;2.0250000e+02;8.7921917e-03;2.0250000e+02;-4.6379030e-02;2.0250000e+02;-9.9337988e-02;2.0250000e+02;-1.5061617e-01;2.0250000e+02;-2.0166428e-01;2.0250000e+02;-8.4509730e-02;2.0250000e+02;-5.6596898e-02;2.0250000e+02;-9.3833208e-03;2.0250000e+02;5.2754316e-02;2.0250000e+02;1.2386581e-01;2.0250000e+02;1.8357188e-01;2.0250000e+02;2.3643531e-01;2.0250000e+02;2.9921842e-01;2.0250000e+02;3.4739384e-01;2.0250000e+02;3.0869451e-01;2.0250000e+02;2.1720999e-01;2.0250000e+02;1.3625588e-01;2.0250000e+02;6.8659723e-02;2.0250000e+02;8.7921917e-03;2.0250000e+02;-4.6379030e-02;2.0250000e+02;-9.9337988e-02;2.0250000e+02;-1.5061617e-01;2.0250000e+02;-2.0166428e-01;2.0250000e+02;-8.4509730e-02;2.0250000e+02;-5.6596898e-02;2.0250000e+02;-9.3833208e-03;2.0250000e+02;5.2754316e-02;2.0250000e+02;1.2386581e-01;2.0250000e+02;1.8357188e-01;2.0250000e+02;2.3643531e-01;2.0250000e+02;2.9921842e-01;2.0250000e+02;3.4739384e-01;2.0250000e+02;3.0869451e-01;2.0250000e+02;2.1720999e-01;2.0250000e+02;1.3625588e-01;2.0250000e+02;6.8659723e-02;2.0250000e+02;8.7921917e-03;2.0250000e+02;-4.6379030e-02;2.0250000e+02;-9.9337988e-02;2.0250000e+02;-1.5061617e-01;2.0250000e+02;-2.0166428e-01;2.0250000e+02;-8.4509730e-02;2.0250000e+02;-5.6596898e-02;2.0250000e+02;-9.3833208e-03;2.0250000e+02;5.2754316e-02;2.0250000e+02;1.2386581e-01;2.0250000e+02;1.8357188e-01;2.0250000e+02;2.3643531e-01;2.0250000e+02;2.9921842e-01;2.0250000e+02;3.4739384e-01;2.0250000e+02;3.0869451e-01;2.0250000e+02;2.1720999e-01;2.0250000e+02;1.3625588e-01;2.0250000e+02;6.8659723e-02;2.0250000e+02;8.7921917e-03;2.0250000e+02;-4.6379030e-02;2.0250000e+02;-9.9337988e-02;2.0250000e+02;-1.5061617e-01;2.0250000e+02;-2.0166428e-01;2.0250000e+02;-8.4509730e-02;2.0250000e+02;-5.6596898e-02;2.0250000e+02;-9.3833208e-03;2.0250000e+02;5.2754316e-02;2.0250000e+02;1.2386581e-01;2.0250000e+02;1.8357188e-01;2.0250000e+02;2.3643531e-01;2.0250000e+02;2.9921842e-01;2.0250000e+02;3.4739384e-01;2.0250000e+02;3.0869451e-01;2.0250000e+02;2.1720999e-01;2.0250000e+02;1.3625588e-01;2.0250000e+02;6.8659723e-02;2.0250000e+02;8.7921917e-03;2.0250000e+02;-4.6379030e-02;2.0250000e+02;-9.9337988e-02;2.0250000e+02;-1.5061617e-01;2.0250000e+02;-2.0166428e-01;2.0250000e+02;-8.4509730e-02;2.0250000e+02;-5.6596898e-02;2.0250000e+02;-9.3833208e-03;2.0250000e+02;5.2754316e-02;2.0250000e+02;1.2386581e-01;2.0250000e+02;1.8357188e-01;2.0250000e+02;2.3643531e-01;2.0250000e+02;2.9921842e-01;2.0250000e+02;3.4739384e-01;2.0250000e+02;3.0869451e-01;2.0250000e+02;2.1720999e-01;2.0250000e+02;1.3625588e-01;2.0250000e+02;6.8659723e-02;2.0250000e+02;8.7921917e-03;2.0250000e+02;-4.6379030e-02;2.0250000e+02;-9.9337988e-02;2.0250000e+02;-1.5061617e-01;2.0250000e+02;-2.0166428e-01;2.0250000e+02;-8.4509730e-02;2.0250000e+02;-5.6596898e-02;2.0250000e+02;-9.3833208e-03;2.0250000e+02;5.2754316e-02;2.0250000e+02;1.2386581e-01;2.0250000e+02;1.8357188e-01;2.0250000e+02;2.3643531e-01;2.0250000e+02;2.9921842e-01;2.0250000e+02;3.4739384e-01;2.0250000e+02;3.0869451e-01;2.0250000e+02;2.1720999e-01;2.0250000e+02;1.3625588e-01;2.0250000e+02;6.8659723e-02;2.0250000e+02;8.7921917e-03;2.0250000e+02;-4.6379030e-02;2.0250000e+02;-9.9337988e-02;2.0250000e+02;-1.5061617e-01;2.0250000e+02;-2.0166428e-01;2.0250000e+02;-8.4509730e-02;2.0250000e+02;-5.6596898e-02;2.0250000e+02;-9.3833208e-03;2.0250000e+02;5.2754316e-02;2.0250000e+02;1.2386581e-01;2.0250000e+02;1.8357188e-01;2.0250000e+02;2.3643531e-01;2.0250000e+02;2.9921842e-01;2.0250000e+02;3.4739384e-01;2.0250000e+02;3.0869451e-01;2.0250000e+02;2.1720999e-01;2.0250000e+02;1.3625588e-01;2.0250000e+02;6.8659723e-02;2.0250000e+02;8.7921917e-03;2.0250000e+02;-4.6379030e-02;2.0250000e+02;-9.9337988e-02;2.0250000e+02;-1.5061617e-01;2.0250000e+02;-2.0166428e-01;2.0250000e+02;-8.4509730e-02;2.0250000e+02;-5.6596898e-02;2.0250000e+02;-9.3833208e-03;2.0250000e+02;5.2754316e-02;2.0250000e+02;1.2386581e-01;2.0250000e+02;1.8357188e-01;2.0250000e+02;2.3643531e-01;2.0250000e+02;2.9921842e-01;2.0250000e+02;3.4739384e-01;2.0250000e+02;3.0869451e-01;2.0250000e+02;2.1720999e-01;2.0250000e+02;1.3625588e-01;2.0250000e+02;6.8659723e-02;2.0250000e+02;8.7921917e-03;2.0250000e+02;-4.6379030e-02;2.0250000e+02;-9.9337988e-02;2.0250000e+02;-1.5061617e-01;2.0250000e+02;-2.0166428e-01;2.0250000e+02;-8.4509730e-02;2.0250000e+02;-5.6596898e-02;2.0250000e+02;-9.3833208e-03;2.0250000e+02;5.2754316e-02;2.0250000e+02;1.2386581e-01;2.0250000e+02;1.8357188e-01;2.0250000e+02;2.3643531e-01;2.0250000e+02;2.9921842e-01;2.0250000e+02;3.4739384e-01;2.0250000e+02;3.0869451e-01;2.0250000e+02;2.1720999e-01;2.0250000e+02;1.3625588e-01;2.0250000e+02;6.8659723e-02;2.0250000e+02;8.7921917e-03;2.0250000e+02;-4.6379030e-02;2.0250000e+02;-9.9337988e-02;2.0250000e+02;-1.5061617e-01;2.0250000e+02;-2.0166428e-01;2.0250000e+02;-8.4509730e-02;2.0250000e+02;-5.6596898e-02;2.0250000e+02;-9.3833208e-03;2.0250000e+02;5.2754316e-02;2.0250000e+02;1.2386581e-01;2.0250000e+02;1.8357188e-01;2.0250000e+02;2.3643531e-01;2.0250000e+02;2.9921842e-01;2.0250000e+02;3.4739384e-01;2.0250000e+02;3.0869451e-01;2.0250000e+02;2.1720999e-01;2.0250000e+02;1.3625588e-01;2.0250000e+02;6.8659723e-02;2.0250000e+02;8.7921917e-03;2.0250000e+02;-4.6379030e-02;2.0250000e+02;-9.9337988e-02;2.0250000e+02;-1.5061617e-01;2.0250000e+02;-2.0166428e-01;2.0250000e+02;-8.4509730e-02;2.0250000e+02;-5.6596898e-02;2.0250000e+02;-9.3833208e-03;2.0250000e+02;5.2754316e-02;2.0250000e+02;1.2386581e-01;2.0250000e+02;1.8357188e-01;2.0250000e+02;2.3643531e-01;2.0250000e+02;2.9921842e-01;2.0250000e+02;3.4739384e-01;2.0250000e+02;3.0869451e-01;2.0250000e+02;2.1720999e-01;2.0250000e+02;1.3625588e-01;2.0250000e+02;6.8659723e-02;2.0250000e+02;8.7921917e-03;2.0250000e+02;-4.6379030e-02;2.0250000e+02;-9.9337988e-02;2.0250000e+02;-1.5061617e-01;2.0250000e+02;-2.0166428e-01;2.0250000e+02;-8.4509730e-02;2.0250000e+02;-5.6596898e-02;2.0250000e+02;-9.3833208e-03;2.0250000e+02;5.2754316e-02;2.0250000e+02;1.2386581e-01;2.0250000e+02;1.8357188e-01;2.0250000e+02;2.3643531e-01;2.0250000e+02;2.9921842e-01;2.0250000e+02;3.4739384e-01;2.0250000e+02;3.0869451e-01;2.0250000e+02;2.1720999e-01;2.0250000e+02;1.3625588e-01;2.0250000e+02;6.8659723e-02;2.0250000e+02;8.7921917e-03;2.0250000e+02;-4.6379030e-02;2.0250000e+02;-9.9337988e-02;2.0250000e+02;-1.5061617e-01;2.0250000e+02;-2.0166428e-01;2.0250000e+02;-8.4509730e-02;2.0250000e+02;-5.6596898e-02;2.0250000e+02;-9.3833208e-03;2.0250000e+02;5.2754316e-02;2.0250000e+02;1.2386581e-01;2.0250000e+02;1.8357188e-01;2.0250000e+02;2.3643531e-01;2.0250000e+02;2.9921842e-01;2.0250000e+02;3.4739384e-01;2.0250000e+02;3.0869451e-01;2.0250000e+02;2.1720999e-01;2.0250000e+02;1.3625588e-01;2.0250000e+02;6.8659723e-02;2.0250000e+02;8.7921917e-03;2.0250000e+02;-4.6379030e-02;2.0250000e+02;-9.9337988e-02;2.0250000e+02;-1.5061617e-01;2.0250000e+02;-2.0166428e-01;2.0250000e+02;-8.4509730e-02;2.0250000e+02;-5.6596898e-02;2.0250000e+02;-9.3833208e-03;2.0250000e+02;5.2754316e-02;2.0250000e+02;1.2386581e-01;2.0250000e+02;1.8357188e-01;2.0250000e+02;2.3643531e-01;2.0250000e+02;2.9921842e-01;2.0250000e+02;3.4739384e-01;2.0250000e+02;3.0869451e-01;2.0250000e+02;2.1720999e-01;2.0250000e+02;1.3625588e-01;2.0250000e+02;6.8659723e-02;2.0250000e+02;8.7921917e-03;2.0250000e+02;-4.6379030e-02;2.0250000e+02;-9.9337988e-02;2.0250000e+02;-1.5061617e-01;2.0250000e+02;-2.0166428e-01;2.0250000e+02;-8.4509730e-02;2.0250000e+02;-5.6596898e-02;2.0250000e+02;-9.3833208e-03;2.0250000e+02;5.2754316e-02;2.0250000e+02;1.2386581e-01;2.0250000e+02;1.8357188e-01;2.0250000e+02;2.3643531e-01;2.0250000e+02;2.9921842e-01;2.0250000e+02;3.4739384e-01;2.0250000e+02;3.0869451e-01;2.0250000e+02;2.1720999e-01;2.0250000e+02;1.3625588e-01;2.0250000e+02;6.8659723e-02;2.0250000e+02;8.7921917e-03;2.0250000e+02;-4.6379030e-02;2.0250000e+02;-9.9337988e-02;2.0250000e+02;-1.5061617e-01;2.0250000e+02;-2.0166428e-01;2.0250000e+02;-8.4509730e-02;2.0250000e+02;-5.6596898e-02;2.0250000e+02;-9.3833208e-03;2.0250000e+02;5.2754316e-02;2.0250000e+02;1.2386581e-01;2.0250000e+02;1.8357188e-01;2.0250000e+02;2.3643531e-01;2.0250000e+02;2.9921842e-01;2.0250000e+02;3.4739384e-01;2.0250000e+02;3.0869451e-01;2.0250000e+02;2.1720999e-01;2.0250000e+02;1.3625588e-01;2.0250000e+02;6.8659723e-02;2.0250000e+02;8.7921917e-03;2.0250000e+02;-4.6379030e-02;2.0250000e+02;-9.9337988e-02;2.0250000e+02;-1.5061617e-01;2.0250000e+02;-2.0166428e-01;2.0250000e+02;-8.4509730e-02;2.0250000e+02;-5.6596898e-02;2.0250000e+02;-9.3833208e-03;2.0250000e+02;5.2754316e-02;2.0250000e+02;1.2386581e-01;2.0250000e+02;1.8357188e-01;2.0250000e+02;2.3643531e-01;2.0250000e+02;2.9921842e-01;2.0250000e+02;3.4739384e-01;2.0250000e+02;3.0869451e-01;2.0250000e+02;2.1720999e-01;2.0250000e+02;1.3625588e-01;2.0250000e+02;6.8659723e-02;2.0250000e+02;8.7921917e-03;2.0250000e+02;-4.6379030e-02;2.0250000e+02;-9.9337988e-02;2.0250000e+02;-1.5061617e-01;2.0250000e+02;-2.0166428e-01;2.0250000e+02;-8.4509730e-02;2.0250000e+02;-5.6596898e-02;2.0250000e+02;-9.3833208e-03;2.0250000e+02;5.2754316e-02;2.0250000e+02;1.2386581e-01;2.0250000e+02;1.8357188e-01;2.0250000e+02;2.3643531e-01;2.0250000e+02;2.9921842e-01;2.0250000e+02;3.4739384e-01;2.0250000e+02;3.0869451e-01;2.0250000e+02;2.1720999e-01;2.0250000e+02;1.3625588e-01;2.0250000e+02;6.8659723e-02;2.0250000e+02;8.7921917e-03;2.0250000e+02;-4.6379030e-02;2.0250000e+02;-9.9337988e-02;2.0250000e+02;-1.5061617e-01;2.0250000e+02;-2.0166428e-01;2.0250000e+02;-8.4509730e-02;2.0250000e+02;-5.6596898e-02;2.0250000e+02;-9.3833208e-03;2.0250000e+02;5.2754316e-02;2.0250000e+02;1.2386581e-01;2.0250000e+02;1.8357188e-01;2.0250000e+02;2.3643531e-01;2.0250000e+02;2.9921842e-01;2.0250000e+02;3.4739384e-01;2.0250000e+02;3.0869451e-01;2.0250000e+02;2.1720999e-01;2.0250000e+02;1.3625588e-01;2.0250000e+02;6.8659723e-02;2.0250000e+02;8.7921917e-03;2.0250000e+02;-4.6379030e-02;2.0250000e+02;-9.9337988e-02;2.0250000e+02;-1.5061617e-01;2.0250000e+02;-2.0166428e-01;2.0250000e+02;-8.4509730e-02;2.0250000e+02;-5.6596898e-02;2.0250000e+02;-9.3833208e-03;2.0250000e+02;5.2754316e-02;2.0250000e+02;1.2386581e-01;2.0250000e+02;1.8357188e-01;2.0250000e+02;2.3643531e-01;2.0250000e+02;2.9921842e-01;2.0250000e+02;3.4739384e-01;2.0250000e+02;3.0869451e-01;2.0250000e+02;2.1720999e-01;2.0250000e+02;1.3625588e-01;2.0250000e+02;6.8659723e-02;2.0250000e+02;8.7921917e-03;2.0250000e+02;-4.6379030e-02;2.0250000e+02;-9.9337988e-02;2.0250000e+02;-1.5061617e-01;2.0250000e+02;-2.0166428e-01;2.0250000e+02;-8.4509730e-02;2.0250000e+02;-5.6596898e-02;2.0250000e+02;-9.3833208e-03;2.0250000e+02;5.2754316e-02;2.0250000e+02;1.2386581e-01;2.0250000e+02;1.8357188e-01;2.0250000e+02;2.3643531e-01;2.0250000e+02;2.9921842e-01;2.0250000e+02;3.4739384e-01;2.0250000e+02;3.0869451e-01;2.0250000e+02;2.1720999e-01;2.0250000e+02;1.3625588e-01;2.0250000e+02;6.8659723e-02;2.0250000e+02;8.7921917e-03;2.0250000e+02;-4.6379030e-02;2.0250000e+02;-9.9337988e-02;2.0250000e+02;-1.5061617e-01;2.0250000e+02;-2.0166428e-01;2.0250000e+02;-8.4509730e-02;2.0250000e+02;-5.6596898e-02;2.0250000e+02;-9.3833208e-03;2.0250000e+02;5.2754316e-02;2.0250000e+02;1.2386581e-01;2.0250000e+02;1.8357188e-01;2.0250000e+02;2.3643531e-01;2.0250000e+02;2.9921842e-01;2.0250000e+02;3.4739384e-01;2.0250000e+02;3.0869451e-01;2.0250000e+02;2.1720999e-01;2.0250000e+02;1.3625588e-01;2.0250000e+02;6.8659723e-02;2.0250000e+02;8.7921917e-03;2.0250000e+02;-4.6379030e-02;2.0250000e+02;-9.9337988e-02;2.0250000e+02;-1.5061617e-01;2.0250000e+02;-2.0166428e-01;2.0250000e+02;-8.4509730e-02;2.0250000e+02;-5.6596898e-02;2.0250000e+02;-9.3833208e-03;2.0250000e+02;5.2754316e-02;2.0250000e+02;1.2386581e-01;2.0250000e+02;1.8357188e-01;2.0250000e+02;2.3643531e-01;2.0250000e+02;2.9921842e-01;2.0250000e+02;3.4739384e-01;2.0250000e+02;3.0869451e-01;2.0250000e+02;2.1720999e-01;2.0250000e+02;1.3625588e-01;2.0250000e+02;6.8659723e-02;2.0250000e+02;8.7921917e-03;2.0250000e+02;-4.6379030e-02;2.0250000e+02;-9.9337988e-02;2.0250000e+02;-1.5061617e-01;2.0250000e+02;-2.0166428e-01;2.0250000e+02;-8.4509730e-02;2.0250000e+02;-5.6596898e-02;2.0250000e+02;-9.3833208e-03;2.0250000e+02;5.2754316e-02;2.0250000e+02;1.2386581e-01;2.0250000e+02;1.8357188e-01;2.0250000e+02;2.3643531e-01;2.0250000e+02;2.9921842e-01;2.0250000e+02;3.4739384e-01;2.0250000e+02;3.0869451e-01;2.0250000e+02;2.1720999e-01;2.0250000e+02;1.3625588e-01;2.0250000e+02;6.8659723e-02;2.0250000e+02;8.7921917e-03;2.0250000e+02;-4.6379030e-02;2.0250000e+02;-9.9337988e-02;2.0250000e+02;-1.5061617e-01;2.0250000e+02;-2.0166428e-01;2.0250000e+02;-8.4509730e-02;2.0250000e+02;-5.6596898e-02;2.0250000e+02;-9.3833208e-03;2.0250000e+02;5.2754316e-02;2.0250000e+02;1.2386581e-01;2.0250000e+02;1.8357188e-01;2.0250000e+02;2.3643531e-01;2.0250000e+02;2.9921842e-01;2.0250000e+02;3.4739384e-01;2.0250000e+02;3.0869451e-01;2.0250000e+02;2.1720999e-01;2.0250000e+02;1.3625588e-01;2.0250000e+02;6.8659723e-02;2.0250000e+02;8.7921917e-03;2.0250000e+02;-4.6379030e-02;2.0250000e+02;-9.9337988e-02;2.0250000e+02;-1.5061617e-01;2.0250000e+02;-2.0166428e-01;2.0250000e+02;-8.4509730e-02;2.0250000e+02;-5.6596898e-02;2.0250000e+02;-9.3833208e-03;2.0250000e+02;5.2754316e-02;2.0250000e+02;1.2386581e-01;2.0250000e+02;1.8357188e-01;2.0250000e+02;2.3643531e-01;2.0250000e+02;2.9921842e-01;2.0250000e+02;3.4739384e-01;2.0250000e+02;3.0869451e-01;2.0250000e+02;2.1720999e-01;2.0250000e+02;1.3625588e-01;2.0250000e+02;6.8659723e-02;2.0250000e+02;8.7921917e-03;2.0250000e+02;-4.6379030e-02;2.0250000e+02;-9.9337988e-02;2.0250000e+02;-1.5061617e-01;2.0250000e+02;-2.0166428e-01;2.0250000e+02;-8.4509730e-02;2.0250000e+02;-5.6596898e-02;2.0250000e+02;-9.3833208e-03;2.0250000e+02;5.2754316e-02;2.0250000e+02;1.2386581e-01;2.0250000e+02;1.8357188e-01;2.0250000e+02;2.3643531e-01;2.0250000e+02;2.9921842e-01;2.0250000e+02;3.4739384e-01;2.0250000e+02;3.0869451e-01;2.0250000e+02;2.1720999e-01;2.0250000e+02;1.3625588e-01;2.0250000e+02;6.8659723e-02;2.0250000e+02;8.7921917e-03;2.0250000e+02;-4.6379030e-02;2.0250000e+02;-9.9337988e-02;2.0250000e+02;-1.5061617e-01;2.0250000e+02;-2.0166428e-01;2.0250000e+02;-8.4509730e-02;2.0250000e+02;-5.6596898e-02;2.0250000e+02;-9.3833208e-03;2.0250000e+02;5.2754316e-02;2.0250000e+02;1.2386581e-01;2.0250000e+02;1.8357188e-01;2.0250000e+02;2.3643531e-01;2.0250000e+02;2.9921842e-01;2.0250000e+02;3.4739384e-01;2.0250000e+02;3.0869451e-01;2.0250000e+02;2.1720999e-01;2.0250000e+02;1.3625588e-01;2.0250000e+02;6.8659723e-02;2.0250000e+02;8.7921917e-03;2.0250000e+02;-4.6379030e-02;2.0250000e+02;-9.9337988e-02;2.0250000e+02;-1.5061617e-01;2.0250000e+02;-2.0166428e-01;2.0250000e+02;-8.4509730e-02;2.0250000e+02;-5.6596898e-02;2.0250000e+02;-9.3833208e-03;2.0250000e+02;5.2754316e-02;2.0250000e+02;1.2386581e-01;2.0250000e+02;1.8357188e-01;2.0250000e+02;2.3643531e-01;2.0250000e+02;2.9921842e-01;2.0250000e+02;3.4739384e-01;2.0250000e+02;3.0869451e-01;2.0250000e+02;2.1720999e-01;2.0250000e+02;1.3625588e-01;2.0250000e+02;6.8659723e-02;2.0250000e+02;8.7921917e-03;2.0250000e+02;-4.6379030e-02;2.0250000e+02;-9.9337988e-02;2.0250000e+02;-1.5061617e-01;2.0250000e+02;-2.0166428e-01;2.0250000e+02;-8.4509730e-02;2.0250000e+02;-5.6596898e-02;2.0250000e+02;-9.3833208e-03;2.0250000e+02;5.2754316e-02;2.0250000e+02;1.2386581e-01;2.0250000e+02;1.8357188e-01;2.0250000e+02;2.3643531e-01;2.0250000e+02;2.9921842e-01;2.0250000e+02;3.4739384e-01;2.0250000e+02;3.0869451e-01;2.0250000e+02;2.1720999e-01;2.0250000e+02;1.3625588e-01;2.0250000e+02;6.8659723e-02;2.0250000e+02;8.7921917e-03;2.0250000e+02;-4.6379030e-02;2.0250000e+02;-9.9337988e-02;2.0250000e+02;-1.5061617e-01;2.0250000e+02;-2.0166428e-01;2.0250000e+02;-8.4509730e-02;2.0250000e+02;-5.6596898e-02;2.0250000e+02;-9.3833208e-03;2.0250000e+02;5.2754316e-02;2.0250000e+02;1.2386581e-01;2.0250000e+02;1.8357188e-01;2.0250000e+02;2.3643531e-01;2.0250000e+02;2.9921842e-01;2.0250000e+02;3.4739384e-01;2.0250000e+02;3.0869451e-01;2.0250000e+02;2.1720999e-01;2.0250000e+02;1.3625588e-01;2.0250000e+02;6.8659723e-02;2.0250000e+02;8.7921917e-03;2.0250000e+02;-4.6379030e-02;2.0250000e+02;-9.9337988e-02;2.0250000e+02;-1.5061617e-01;2.0250000e+02;-2.0166428e-01;2.0250000e+02;-8.4509730e-02;2.0250000e+02;-5.6596898e-02;2.0250000e+02;-9.3833208e-03;2.0250000e+02;5.2754316e-02;2.0250000e+02;1.2386581e-01;2.0250000e+02;1.8357188e-01;2.0250000e+02;2.3643531e-01;2.0250000e+02;2.9921842e-01;2.0250000e+02;3.4739384e-01;2.0250000e+02;3.0869451e-01;2.0250000e+02;2.1720999e-01;2.0250000e+02;1.3625588e-01;2.0250000e+02;6.8659723e-02;2.0250000e+02;8.7921917e-03;2.0250000e+02;-4.6379030e-02;2.0250000e+02;-9.9337988e-02;2.0250000e+02;-1.5061617e-01;2.0250000e+02;-2.0166428e-01;2.0250000e+02;-8.4509730e-02;2.0250000e+02;-5.6596898e-02;2.0250000e+02;-9.3833208e-03;2.0250000e+02;5.2754316e-02;2.0250000e+02;1.2386581e-01;2.0250000e+02;1.8357188e-01;2.0250000e+02;2.3643531e-01;2.0250000e+02;2.9921842e-01;2.0250000e+02;3.4739384e-01;2.0250000e+02;3.0869451e-01;2.0250000e+02;2.1720999e-01;2.0250000e+02;1.3625588e-01;2.0250000e+02;6.8659723e-02;2.0250000e+02;8.7921917e-03;2.0250000e+02;-4.6379030e-02;2.0250000e+02;-9.9337988e-02;2.0250000e+02;-1.5061617e-01;2.0250000e+02;-2.0166428e-01;2.0250000e+02;-8.4509730e-02;2.0250000e+02;-5.6596898e-02;2.0250000e+02;-9.3833208e-03;2.0250000e+02;5.2754316e-02;2.0250000e+02;1.2386581e-01;2.0250000e+02;1.8357188e-01;2.0250000e+02;2.3643531e-01;2.0250000e+02;2.9921842e-01;2.0250000e+02;3.4739384e-01;2.0250000e+02;3.0869451e-01;2.0250000e+02;2.1720999e-01;2.0250000e+02;1.3625588e-01;2.0250000e+02;6.8659723e-02;2.0250000e+02;8.7921917e-03;2.0250000e+02;-4.6379030e-02;2.0250000e+02;-9.9337988e-02;2.0250000e+02;-1.5061617e-01;2.0250000e+02;-2.0166428e-01;2.0250000e+02;-8.4509730e-02;2.0250000e+02;-5.6596898e-02;2.0250000e+02;-9.3833208e-03;2.0250000e+02;5.2754316e-02;2.0250000e+02;1.2386581e-01;2.0250000e+02;1.8357188e-01;2.0250000e+02;2.3643531e-01;2.0250000e+02;2.9921842e-01;2.0250000e+02;3.4739384e-01;2.0250000e+02;3.0869451e-01;2.0250000e+02;2.1720999e-01;2.0250000e+02;1.3625588e-01;2.0250000e+02;6.8659723e-02;2.0250000e+02;8.7921917e-03;2.0250000e+02;-4.6379030e-02;2.0250000e+02;-9.9337988e-02;2.0250000e+02;-1.5061617e-01;2.0250000e+02;-2.0166428e-01;2.0250000e+02;-8.4509730e-02;2.0250000e+02;-5.6596898e-02;2.0250000e+02;-9.3833208e-03;2.0250000e+02;5.2754316e-02;2.0250000e+02;1.2386581e-01;2.0250000e+02;1.8357188e-01;2.0250000e+02;2.3643531e-01;2.0250000e+02;2.9921842e-01;2.0250000e+02;3.4739384e-01;2.0250000e+02;3.0869451e-01;2.0250000e+02;2.1720999e-01;2.0250000e+02;1.3625588e-01;2.0250000e+02;6.8659723e-02;2.0250000e+02;8.7921917e-03;2.0250000e+02;-4.6379030e-02;2.0250000e+02;-9.9337988e-02;2.0250000e+02;-1.5061617e-01;2.0250000e+02;-2.0166428e-01;2.0250000e+02;-8.4509730e-02;2.0250000e+02;-5.6596898e-02;2.0250000e+02;-9.3833208e-03;2.0250000e+02;5.2754316e-02;2.0250000e+02;1.2386581e-01;2.0250000e+02;1.8357188e-01;2.0250000e+02;2.3643531e-01;2.0250000e+02;2.9921842e-01;2.0250000e+02;3.4739384e-01;2.0250000e+02;3.0869451e-01;2.0250000e+02;2.1720999e-01;2.0250000e+02;1.3625588e-01;2.0250000e+02;6.8659723e-02;2.0250000e+02;8.7921917e-03;2.0250000e+02;-4.6379030e-02;2.0250000e+02;-9.9337988e-02;2.0250000e+02;-1.5061617e-01;2.0250000e+02;-2.0166428e-01;2.0250000e+02;-8.4509730e-02;2.0250000e+02;-5.6596898e-02;2.0250000e+02;-9.3833208e-03;2.0250000e+02;5.2754316e-02;2.0250000e+02;1.2386581e-01;2.0250000e+02;1.8357188e-01;2.0250000e+02;2.3643531e-01;2.0250000e+02;2.9921842e-01;2.0250000e+02;3.4739384e-01;2.0250000e+02;3.0869451e-01;2.0250000e+02;2.1720999e-01;2.0250000e+02;1.3625588e-01;2.0250000e+02;6.8659723e-02;2.0250000e+02;8.7921917e-03;2.0250000e+02;-4.6379030e-02;2.0250000e+02;-9.9337988e-02;2.0250000e+02;-1.5061617e-01;2.0250000e+02;-2.0166428e-01;2.0250000e+02;-8.4509730e-02;2.0250000e+02;-5.6596898e-02;2.0250000e+02;-9.3833208e-03;2.0250000e+02;5.2754316e-02;2.0250000e+02;1.2386581e-01;2.0250000e+02;1.8357188e-01;2.0250000e+02;2.3643531e-01;2.0250000e+02;2.9921842e-01;2.0250000e+02;3.4739384e-01;2.0250000e+02;3.0869451e-01;2.0250000e+02;2.1720999e-01;2.0250000e+02;1.3625588e-01;2.0250000e+02;6.8659723e-02;2.0250000e+02;8.7921917e-03;2.0250000e+02;-4.6379030e-02;2.0250000e+02;-9.9337988e-02;2.0250000e+02;-1.5061617e-01;2.0250000e+02;-2.0166428e-01;2.0250000e+02;-8.4509730e-02;2.0250000e+02;-5.6596898e-02;2.0250000e+02;-9.3833208e-03;2.0250000e+02;5.2754316e-02;2.0250000e+02;1.2386581e-01;2.0250000e+02;1.8357188e-01;2.0250000e+02;2.3643531e-01;2.0250000e+02;2.9921842e-01;2.0250000e+02;3.4739384e-01;2.0250000e+02;3.0869451e-01;2.0250000e+02;2.1720999e-01;2.0250000e+02;1.3625588e-01;2.0250000e+02;6.8659723e-02;2.0250000e+02;8.7921917e-03;2.0250000e+02;-4.6379030e-02;2.0250000e+02;-9.9337988e-02;2.0250000e+02;-1.5061617e-01;2.0250000e+02;-2.0166428e-01;2.0250000e+02;-8.4509730e-02;2.0250000e+02;-5.6596898e-02;2.0250000e+02;-9.3833208e-03;2.0250000e+02;5.2754316e-02;2.0250000e+02;1.2386581e-01;2.0250000e+02;1.8357188e-01;2.0250000e+02;2.3643531e-01;2.0250000e+02;2.9921842e-01;2.0250000e+02;3.4739384e-01;2.0250000e+02;3.0869451e-01;2.0250000e+02;2.1720999e-01;2.0250000e+02;1.3625588e-01;2.0250000e+02;6.8659723e-02;2.0250000e+02;8.7921917e-03;2.0250000e+02;-4.6379030e-02;2.0250000e+02;-9.9337988e-02;2.0250000e+02;-1.5061617e-01;2.0250000e+02;-2.0166428e-01;2.0250000e+02;-8.4509730e-02;2.0250000e+02;-5.6596898e-02;2.0250000e+02;-9.3833208e-03;2.0250000e+02;5.2754316e-02;2.0250000e+02;1.2386581e-01;2.0250000e+02;1.8357188e-01;2.0250000e+02;2.3643531e-01;2.0250000e+02;2.9921842e-01;2.0250000e+02;3.4739384e-01;2.0250000e+02;3.0869451e-01;2.0250000e+02;2.1720999e-01;2.0250000e+02;1.3625588e-01;2.0250000e+02;6.8659723e-02;2.0250000e+02;8.7921917e-03;2.0250000e+02;-4.6379030e-02;2.0250000e+02;-9.9337988e-02;2.0250000e+02;-1.5061617e-01;2.0250000e+02;-2.0166428e-01;2.0250000e+02;-8.4509730e-02;2.0250000e+02;-5.6596898e-02;2.0250000e+02;-9.3833208e-03;2.0250000e+02;5.2754316e-02;2.0250000e+02;1.2386581e-01;2.0250000e+02;1.8357188e-01;2.0250000e+02;2.3643531e-01;2.0250000e+02;2.9921842e-01;2.0250000e+02;3.4739384e-01;2.0250000e+02;3.0869451e-01;2.0250000e+02;2.1720999e-01;2.0250000e+02;1.3625588e-01;2.0250000e+02;6.8659723e-02;2.0250000e+02;8.7921917e-03;2.0250000e+02;-4.6379030e-02;2.0250000e+02;-9.9337988e-02;2.0250000e+02;-1.5061617e-01;2.0250000e+02;-2.0166428e-01;2.0250000e+02;-8.4509730e-02;2.0250000e+02;-5.6596898e-02;2.0250000e+02;-9.3833208e-03;2.0250000e+02;5.2754316e-02;2.0250000e+02;1.2386581e-01;2.0250000e+02;1.8357188e-01;2.0250000e+02;2.3643531e-01;2.0250000e+02;2.9921842e-01;2.0250000e+02;3.4739384e-01;2.0250000e+02;3.0869451e-01;2.0250000e+02;2.1720999e-01;2.0250000e+02;1.3625588e-01;2.0250000e+02;6.8659723e-02;2.0250000e+02;8.7921917e-03;2.0250000e+02;-4.6379030e-02;2.0250000e+02;-9.9337988e-02;2.0250000e+02;-1.5061617e-01;2.0250000e+02;-2.0166428e-01;2.0250000e+02;-8.4509730e-02;2.0250000e+02;-5.6596898e-02;2.0250000e+02;-9.3833208e-03;2.0250000e+02;5.2754316e-02;2.0250000e+02;1.2386581e-01;2.0250000e+02;1.8357188e-01;2.0250000e+02;2.3643531e-01;2.0250000e+02;2.9921842e-01;2.0250000e+02;3.4739384e-01;2.0250000e+02;3.0869451e-01;2.0250000e+02;2.1720999e-01;2.0250000e+02;1.3625588e-01;2.0250000e+02;6.8659723e-02;2.0250000e+02;8.7921917e-03;2.0250000e+02;-4.6379030e-02;2.0250000e+02;-9.9337988e-02;2.0250000e+02;-1.5061617e-01;2.0250000e+02;-2.0166428e-01;2.0250000e+02;-8.4509730e-02;2.0250000e+02;-5.6596898e-02;2.0250000e+02;-9.3833208e-03;2.0250000e+02;5.2754316e-02;2.0250000e+02;1.2386581e-01;2.0250000e+02;1.8357188e-01;2.0250000e+02;2.3643531e-01;2.0250000e+02;2.9921842e-01;2.0250000e+02;3.4739384e-01;2.0250000e+02;3.0869451e-01;2.0250000e+02;2.1720999e-01;2.0250000e+02;1.3625588e-01;2.0250000e+02;6.8659723e-02;2.0250000e+02;8.7921917e-03;2.0250000e+02;-4.6379030e-02;2.0250000e+02;-9.9337988e-02;2.0250000e+02;-1.5061617e-01;2.0250000e+02;-2.0166428e-01;2.0250000e+02;-8.4509730e-02;2.0250000e+02;-5.6596898e-02;2.0250000e+02;-9.3833208e-03;2.0250000e+02;5.2754316e-02;2.0250000e+02;1.2386581e-01;2.0250000e+02;1.8357188e-01;2.0250000e+02;2.3643531e-01;2.0250000e+02;2.9921842e-01;2.0250000e+02;3.4739384e-01;2.0250000e+02;3.0869451e-01;2.0250000e+02;2.1720999e-01;2.0250000e+02;1.3625588e-01;2.0250000e+02;6.8659723e-02;2.0250000e+02;8.7921917e-03;2.0250000e+02;-4.6379030e-02;2.0250000e+02;-9.9337988e-02;2.0250000e+02;-1.5061617e-01;2.0250000e+02;-2.0166428e-01;2.0250000e+02;-8.4509730e-02;2.0250000e+02;-5.6596898e-02;2.0250000e+02;-9.3833208e-03;2.0250000e+02;5.2754316e-02;2.0250000e+02;1.2386581e-01;2.0250000e+02;1.8357188e-01;2.0250000e+02;2.3643531e-01;2.0250000e+02;2.9921842e-01;2.0250000e+02;3.4739384e-01;2.0250000e+02;3.0869451e-01;2.0250000e+02;2.1720999e-01;2.0250000e+02;1.3625588e-01;2.0250000e+02;6.8659723e-02;2.0250000e+02;8.7921917e-03;2.0250000e+02;-4.6379030e-02;2.0250000e+02;-9.9337988e-02;2.0250000e+02;-1.5061617e-01;2.0250000e+02;-2.0166428e-01;2.0250000e+02;-8.4509730e-02;2.0250000e+02;-5.6596898e-02;2.0250000e+02;-9.3833208e-03;2.0250000e+02;5.2754316e-02;2.0250000e+02;1.2386581e-01;2.0250000e+02;1.8357188e-01;2.0250000e+02;2.3643531e-01;2.0250000e+02;2.9921842e-01;2.0250000e+02;3.4739384e-01;2.0250000e+02;3.0869451e-01;2.0250000e+02;2.1720999e-01;2.0250000e+02;1.3625588e-01;2.0250000e+02;6.8659723e-02;2.0250000e+02;8.7921917e-03;2.0250000e+02;-4.6379030e-02;2.0250000e+02;-9.9337988e-02;2.0250000e+02;-1.5061617e-01;2.0250000e+02;-2.0166428e-01;2.0250000e+02;-8.4509730e-02;2.0250000e+02;-5.6596898e-02;2.0250000e+02;-9.3833208e-03;2.0250000e+02;5.2754316e-02;2.0250000e+02;1.2386581e-01;2.0250000e+02;1.8357188e-01;2.0250000e+02;2.3643531e-01;2.0250000e+02;2.9921842e-01;2.0250000e+02;3.4739384e-01;2.0250000e+02;3.0869451e-01;2.0250000e+02;2.1720999e-01;2.0250000e+02;1.3625588e-01;2.0250000e+02;6.8659723e-02;2.0250000e+02;8.7921917e-03;2.0250000e+02;-4.6379030e-02;2.0250000e+02;-9.9337988e-02;2.0250000e+02;-1.5061617e-01;2.0250000e+02;-2.0166428e-01;2.0250000e+02;-8.4509730e-02;2.0250000e+02;-5.6596898e-02;2.0250000e+02;-9.3833208e-03;2.0250000e+02;5.2754316e-02;2.0250000e+02;1.2386581e-01;2.0250000e+02;1.8357188e-01;2.0250000e+02;2.3643531e-01;2.0250000e+02;2.9921842e-01;2.0250000e+02;3.4739384e-01;2.0250000e+02;3.0869451e-01;2.0250000e+02;2.1720999e-01;2.0250000e+02;1.3625588e-01;2.0250000e+02;6.8659723e-02;2.0250000e+02;8.7921917e-03;2.0250000e+02;-4.6379030e-02;2.0250000e+02;-9.9337988e-02;2.0250000e+02;-1.5061617e-01;2.0250000e+02;-2.0166428e-01;2.0250000e+02;-8.4509730e-02;2.0250000e+02;-5.6596898e-02;2.0250000e+02;-9.3833208e-03;2.0250000e+02;5.2754316e-02;2.0250000e+02;1.2386581e-01;2.0250000e+02;1.8357188e-01;2.0250000e+02;2.3643531e-01;2.0250000e+02;2.9921842e-01;2.0250000e+02;3.4739384e-01;2.0250000e+02;3.0869451e-01;2.0250000e+02;2.1720999e-01;2.0250000e+02;1.3625588e-01;2.0250000e+02;6.8659723e-02;2.0250000e+02;8.7921917e-03;2.0250000e+02;-4.6379030e-02;2.0250000e+02;-9.9337988e-02;2.0250000e+02;-1.5061617e-01;2.0250000e+02;-2.0166428e-01;2.0250000e+02;-8.4509730e-02;2.0250000e+02;-5.6596898e-02;2.0250000e+02;-9.3833208e-03;2.0250000e+02;5.2754316e-02;2.0250000e+02;1.2386581e-01;2.0250000e+02;1.8357188e-01;2.0250000e+02;2.3643531e-01;2.0250000e+02;2.9921842e-01;2.0250000e+02;3.4739384e-01;2.0250000e+02;3.0869451e-01;2.0250000e+02;2.1720999e-01;2.0250000e+02;1.3625588e-01;2.0250000e+02;6.8659723e-02;2.0250000e+02;8.7921917e-03;2.0250000e+02;-4.6379030e-02;2.0250000e+02;-9.9337988e-02;2.0250000e+02;-1.5061617e-01;2.0250000e+02;-2.0166428e-01;2.0250000e+02;-8.4509730e-02;2.0250000e+02;-5.6596898e-02;2.0250000e+02;-9.3833208e-03;2.0250000e+02;5.2754316e-02;2.0250000e+02;1.2386581e-01;2.0250000e+02;1.8357188e-01;2.0250000e+02;2.3643531e-01;2.0250000e+02;2.9921842e-01;2.0250000e+02;3.4739384e-01;2.0250000e+02;3.0869451e-01;2.0250000e+02;2.1720999e-01;2.0250000e+02;1.3625588e-01;2.0250000e+02;6.8659723e-02;2.0250000e+02;8.7921917e-03;2.0250000e+02;-4.6379030e-02;2.0250000e+02;-9.9337988e-02;2.0250000e+02;-1.5061617e-01;2.0250000e+02;-2.0166428e-01;2.0250000e+02;-8.4509730e-02;2.0250000e+02;-5.6596898e-02;2.0250000e+02;-9.3833208e-03;2.0250000e+02;5.2754316e-02;2.0250000e+02;1.2386581e-01;2.0250000e+02;1.8357188e-01;2.0250000e+02;2.3643531e-01;2.0250000e+02;2.9921842e-01;2.0250000e+02;3.4739384e-01;2.0250000e+02;3.0869451e-01;2.0250000e+02;2.1720999e-01;2.0250000e+02;1.3625588e-01;2.0250000e+02;6.8659723e-02;2.0250000e+02;8.7921917e-03;2.0250000e+02;-4.6379030e-02;2.0250000e+02;-9.9337988e-02;2.0250000e+02;-1.5061617e-01;2.0250000e+02;-2.0166428e-01;2.0250000e+02;-8.4509730e-02;2.0250000e+02;-5.6596898e-02;2.0250000e+02;-9.3833208e-03;2.0250000e+02;5.2754316e-02;2.0250000e+02;1.2386581e-01;2.0250000e+02;1.8357188e-01;2.0250000e+02;2.3643531e-01;2.0250000e+02;2.9921842e-01;2.0250000e+02;3.4739384e-01;2.0250000e+02;3.0869451e-01;2.0250000e+02;2.1720999e-01;2.0250000e+02;1.3625588e-01;2.0250000e+02;6.8659723e-02;2.0250000e+02;8.7921917e-03;2.0250000e+02;-4.6379030e-02;2.0250000e+02;-9.9337988e-02;2.0250000e+02;-1.5061617e-01;2.0250000e+02;-2.0166428e-01;2.0250000e+02;-8.4509730e-02;2.0250000e+02;-5.6596898e-02;2.0250000e+02;-9.3833208e-03;2.0250000e+02;5.2754316e-02;2.0250000e+02;1.2386581e-01;2.0250000e+02;1.8357188e-01;2.0250000e+02;2.3643531e-01;2.0250000e+02;2.9921842e-01;2.0250000e+02;3.4739384e-01;2.0250000e+02;3.0869451e-01;2.0250000e+02;2.1720999e-01;2.0250000e+02;1.3625588e-01;2.0250000e+02;6.8659723e-02;2.0250000e+02;8.7921917e-03;2.0250000e+02;-4.6379030e-02;2.0250000e+02;-9.9337988e-02;2.0250000e+02;-1.5061617e-01;2.0250000e+02;-2.0166428e-01;2.0250000e+02;-8.4509730e-02;2.0250000e+02;-5.6596898e-02;2.0250000e+02;-9.3833208e-03;2.0250000e+02;5.2754316e-02;2.0250000e+02;1.2386581e-01;2.0250000e+02;1.8357188e-01;2.0250000e+02;2.3643531e-01;2.0250000e+02;2.9921842e-01;2.0250000e+02;3.4739384e-01;2.0250000e+02;3.0869451e-01;2.0250000e+02;2.1720999e-01;2.0250000e+02;1.3625588e-01;2.0250000e+02;6.8659723e-02;2.0250000e+02;8.7921917e-03;2.0250000e+02;-4.6379030e-02;2.0250000e+02;-9.9337988e-02;2.0250000e+02;-1.5061617e-01;2.0250000e+02;-2.0166428e-01;2.0250000e+02;-8.4509730e-02;2.0250000e+02;-5.6596898e-02;2.0250000e+02;-9.3833208e-03;2.0250000e+02;5.2754316e-02;2.0250000e+02;1.2386581e-01;2.0250000e+02;1.8357188e-01;2.0250000e+02;2.3643531e-01;2.0250000e+02;2.9921842e-01;2.0250000e+02;3.4739384e-01;2.0250000e+02;3.0869451e-01;2.0250000e+02;2.1720999e-01;2.0250000e+02;1.3625588e-01;2.0250000e+02;6.8659723e-02;2.0250000e+02;8.7921917e-03;2.0250000e+02;-4.6379030e-02;2.0250000e+02;-9.9337988e-02;2.0250000e+02;-1.5061617e-01;2.0250000e+02;-2.0166428e-01;2.0250000e+02;-8.4509730e-02;2.0250000e+02;-5.6596898e-02;2.0250000e+02;-9.3833208e-03;2.0250000e+02;5.2754316e-02;2.0250000e+02;1.2386581e-01;2.0250000e+02;1.8357188e-01;2.0250000e+02;2.3643531e-01;2.0250000e+02;2.9921842e-01;2.0250000e+02;3.4739384e-01;2.0250000e+02;3.0869451e-01;2.0250000e+02;2.1720999e-01;2.0250000e+02;1.3625588e-01;2.0250000e+02;6.8659723e-02;2.0250000e+02;8.7921917e-03;2.0250000e+02;-4.6379030e-02;2.0250000e+02;-9.9337988e-02;2.0250000e+02;-1.5061617e-01;2.0250000e+02;-2.0166428e-01;2.0250000e+02;-8.4509730e-02;2.0250000e+02;-5.6596898e-02;2.0250000e+02;-9.3833208e-03;2.0250000e+02;5.2754316e-02;2.0250000e+02;1.2386581e-01;2.0250000e+02;1.8357188e-01;2.0250000e+02;2.3643531e-01;2.0250000e+02;2.9921842e-01;2.0250000e+02;3.4739384e-01;2.0250000e+02;3.0869451e-01;2.0250000e+02;2.1720999e-01;2.0250000e+02;1.3625588e-01;2.0250000e+02;6.8659723e-02;2.0250000e+02;8.7921917e-03;2.0250000e+02;-4.6379030e-02;2.0250000e+02;-9.9337988e-02;2.0250000e+02;-1.5061617e-01;2.0250000e+02;-2.0166428e-01;2.0250000e+02;-8.4509730e-02;2.0250000e+02;-5.6596898e-02;2.0250000e+02;-9.3833208e-03;2.0250000e+02;5.2754316e-02;2.0250000e+02;1.2386581e-01;2.0250000e+02;1.8357188e-01;2.0250000e+02;2.3643531e-01;2.0250000e+02;2.9921842e-01;2.0250000e+02;3.4739384e-01;2.0250000e+02;3.0869451e-01;2.0250000e+02;2.1720999e-01;2.0250000e+02;1.3625588e-01;2.0250000e+02;6.8659723e-02;2.0250000e+02;8.7921917e-03;2.0250000e+02;-4.6379030e-02;2.0250000e+02;-9.9337988e-02;2.0250000e+02;-1.5061617e-01;2.0250000e+02;-2.0166428e-01;2.0250000e+02;-8.4509730e-02;2.0250000e+02;-5.6596898e-02;2.0250000e+02;-9.3833208e-03;2.0250000e+02;5.2754316e-02;2.0250000e+02;1.2386581e-01;2.0250000e+02;1.8357188e-01;2.0250000e+02;2.3643531e-01;2.0250000e+02;2.9921842e-01;2.0250000e+02;3.4739384e-01;2.0250000e+02;3.0869451e-01;2.0250000e+02;2.1720999e-01;2.0250000e+02;1.3625588e-01;2.0250000e+02;6.8659723e-02;2.0250000e+02;8.7921917e-03;2.0250000e+02;-4.6379030e-02;2.0250000e+02;-9.9337988e-02;2.0250000e+02;-1.5061617e-01;2.0250000e+02;-2.0166428e-01;2.0250000e+02;-8.4509730e-02;2.0250000e+02;-5.6596898e-02;2.0250000e+02;-9.3833208e-03;2.0250000e+02;5.2754316e-02;2.0250000e+02;1.2386581e-01;2.0250000e+02;1.8357188e-01;2.0250000e+02;2.3643531e-01;2.0250000e+02;2.9921842e-01;2.0250000e+02;3.4739384e-01;2.0250000e+02;3.0869451e-01;2.0250000e+02;2.1720999e-01;2.0250000e+02;1.3625588e-01;2.0250000e+02;6.8659723e-02;2.0250000e+02;8.7921917e-03;2.0250000e+02;-4.6379030e-02;2.0250000e+02;-9.9337988e-02;2.0250000e+02;-1.5061617e-01;2.0250000e+02;-2.0166428e-01;2.0250000e+02;-8.4509730e-02;2.0250000e+02;-5.6596898e-02;2.0250000e+02;-9.3833208e-03;2.0250000e+02;5.2754316e-02;2.0250000e+02;1.2386581e-01;2.0250000e+02;1.8357188e-01;2.0250000e+02;2.3643531e-01;2.0250000e+02;2.9921842e-01;2.0250000e+02;3.4739384e-01;2.0250000e+02;3.0869451e-01;2.0250000e+02;2.1720999e-01;2.0250000e+02;1.3625588e-01;2.0250000e+02;6.8659723e-02;2.0250000e+02;8.7921917e-03;2.0250000e+02;-4.6379030e-02;2.0250000e+02;-9.9337988e-02;2.0250000e+02;-1.5061617e-01;2.0250000e+02;-2.0166428e-01;2.0250000e+02;-8.4509730e-02;2.0250000e+02;-5.6596898e-02;2.0250000e+02;-9.3833208e-03;2.0250000e+02;5.2754316e-02;2.0250000e+02;1.2386581e-01;2.0250000e+02;1.8357188e-01;2.0250000e+02;2.3643531e-01;2.0250000e+02;2.9921842e-01;2.0250000e+02;3.4739384e-01;2.0250000e+02;3.0869451e-01;2.0250000e+02;2.1720999e-01;2.0250000e+02;1.3625588e-01;2.0250000e+02;6.8659723e-02;2.0250000e+02;8.7921917e-03;2.0250000e+02;-4.6379030e-02;2.0250000e+02;-9.9337988e-02;2.0250000e+02;-1.5061617e-01;2.0250000e+02;-2.0166428e-01;2.0250000e+02;-8.4509730e-02;2.0250000e+02;-5.6596898e-02;2.0250000e+02;-9.3833208e-03;2.0250000e+02;5.2754316e-02;2.0250000e+02;1.2386581e-01;2.0250000e+02;1.8357188e-01;2.0250000e+02;2.3643531e-01;2.0250000e+02;2.9921842e-01;2.0250000e+02;3.4739384e-01;2.0250000e+02;3.0869451e-01;2.0250000e+02;2.1720999e-01;2.0250000e+02;1.3625588e-01;2.0250000e+02;6.8659723e-02;2.0250000e+02;8.7921917e-03;2.0250000e+02;-4.6379030e-02;2.0250000e+02;-9.9337988e-02;2.0250000e+02;-1.5061617e-01;2.0250000e+02;-2.0166428e-01;2.0250000e+02;-8.4509730e-02;2.0250000e+02;-5.6596898e-02;2.0250000e+02;-9.3833208e-03;2.0250000e+02;5.2754316e-02;2.0250000e+02;1.2386581e-01;2.0250000e+02;1.8357188e-01;2.0250000e+02;2.3643531e-01;2.0250000e+02;2.9921842e-01;2.0250000e+02;3.4739384e-01;2.0250000e+02;3.0869451e-01;2.0250000e+02;2.1720999e-01;2.0250000e+02;1.3625588e-01;2.0250000e+02;6.8659723e-02;2.0250000e+02;8.7921917e-03;2.0250000e+02;-4.6379030e-02;2.0250000e+02;-9.9337988e-02;2.0250000e+02;-1.5061617e-01;2.0250000e+02;-2.0166428e-01;2.0250000e+02;-8.4509730e-02;2.0250000e+02;-5.6596898e-02;2.0250000e+02;-9.3833208e-03;2.0250000e+02;5.2754316e-02;2.0250000e+02;1.2386581e-01;2.0250000e+02;1.8357188e-01;2.0250000e+02;2.3643531e-01;2.0250000e+02;2.9921842e-01;2.0250000e+02;3.4739384e-01;2.0250000e+02;3.0869451e-01;2.0250000e+02;2.1720999e-01;2.0250000e+02;1.3625588e-01;2.0250000e+02;6.8659723e-02;2.0250000e+02;8.7921917e-03;2.0250000e+02;-4.6379030e-02;2.0250000e+02;-9.9337988e-02;2.0250000e+02;-1.5061617e-01;2.0250000e+02;-2.0166428e-01;2.0250000e+02;-8.4509730e-02;2.0250000e+02;-5.6596898e-02;2.0250000e+02;-9.3833208e-03;2.0250000e+02;5.2754316e-02;2.0250000e+02;1.2386581e-01;2.0250000e+02;1.8357188e-01;2.0250000e+02;2.3643531e-01;2.0250000e+02;2.9921842e-01;2.0250000e+02;3.4739384e-01;2.0250000e+02;3.0869451e-01;2.0250000e+02;2.1720999e-01;2.0250000e+02;1.3625588e-01;2.0250000e+02;6.8659723e-02;2.0250000e+02;8.7921917e-03;2.0250000e+02;-4.6379030e-02;2.0250000e+02;-9.9337988e-02;2.0250000e+02;-1.5061617e-01;2.0250000e+02;-2.0166428e-01;2.0250000e+02;-8.4509730e-02;2.0250000e+02;-5.6596898e-02;2.0250000e+02;-9.3833208e-03;2.0250000e+02;5.2754316e-02;2.0250000e+02;1.2386581e-01;2.0250000e+02;1.8357188e-01;2.0250000e+02;2.3643531e-01;2.0250000e+02;2.9921842e-01;2.0250000e+02;3.4739384e-01;2.0250000e+02;3.0869451e-01;2.0250000e+02;2.1720999e-01;2.0250000e+02;1.3625588e-01;2.0250000e+02;6.8659723e-02;2.0250000e+02;8.7921917e-03;2.0250000e+02;-4.6379030e-02;2.0250000e+02;-9.9337988e-02;2.0250000e+02;-1.5061617e-01;2.0250000e+02;-2.0166428e-01;2.0250000e+02;-8.4509730e-02;2.0250000e+02;-5.6596898e-02;2.0250000e+02;-9.3833208e-03;2.0250000e+02;5.2754316e-02;2.0250000e+02;1.2386581e-01;2.0250000e+02;1.8357188e-01;2.0250000e+02;2.3643531e-01;2.0250000e+02;2.9921842e-01;2.0250000e+02;3.4739384e-01;2.0250000e+02;3.0869451e-01;2.0250000e+02;2.1720999e-01;2.0250000e+02;1.3625588e-01;2.0250000e+02;6.8659723e-02;2.0250000e+02;8.7921917e-03;2.0250000e+02;-4.6379030e-02;2.0250000e+02;-9.9337988e-02;2.0250000e+02;-1.5061617e-01;2.0250000e+02;-2.0166428e-01;2.0250000e+02;-8.4509730e-02;2.0250000e+02;-5.6596898e-02;2.0250000e+02;-9.3833208e-03;2.0250000e+02;5.2754316e-02;2.0250000e+02;1.2386581e-01;2.0250000e+02;1.8357188e-01;2.0250000e+02;2.3643531e-01;2.0250000e+02;2.9921842e-01;2.0250000e+02;3.4739384e-01;2.0250000e+02;3.0869451e-01;2.0250000e+02;2.1720999e-01;2.0250000e+02;1.3625588e-01;2.0250000e+02;6.8659723e-02;2.0250000e+02;8.7921917e-03;2.0250000e+02;-4.6379030e-02;2.0250000e+02;-9.9337988e-02;2.0250000e+02;-1.5061617e-01;2.0250000e+02;-2.0166428e-01;2.0250000e+02;-8.4509730e-02;2.0250000e+02;-5.6596898e-02;2.0250000e+02;-9.3833208e-03;2.0250000e+02;5.2754316e-02;2.0250000e+02;1.2386581e-01;2.0250000e+02;1.8357188e-01;2.0250000e+02;2.3643531e-01;2.0250000e+02;2.9921842e-01;2.0250000e+02;3.4739384e-01;2.0250000e+02;3.0869451e-01;2.0250000e+02;2.1720999e-01;2.0250000e+02;1.3625588e-01;2.0250000e+02;6.8659723e-02;2.0250000e+02;8.7921917e-03;2.0250000e+02;-4.6379030e-02;2.0250000e+02;-9.9337988e-02;2.0250000e+02;-1.5061617e-01;2.0250000e+02;-2.0166428e-01;2.0250000e+02;-8.4509730e-02;2.0250000e+02;-5.6596898e-02;2.0250000e+02;-9.3833208e-03;2.0250000e+02;5.2754316e-02;2.0250000e+02;1.2386581e-01;2.0250000e+02;1.8357188e-01;2.0250000e+02;2.3643531e-01;2.0250000e+02;2.9921842e-01;2.0250000e+02;3.4739384e-01;2.0250000e+02;3.0869451e-01;2.0250000e+02;2.1720999e-01;2.0250000e+02;1.3625588e-01;2.0250000e+02;6.8659723e-02;2.0250000e+02;8.7921917e-03;2.0250000e+02;-4.6379030e-02;2.0250000e+02;-9.9337988e-02;2.0250000e+02;-1.5061617e-01;2.0250000e+02;-2.0166428e-01;2.0250000e+02;-8.4509730e-02;2.0250000e+02;-5.6596898e-02;2.0250000e+02;-9.3833208e-03;2.0250000e+02;5.2754316e-02;2.0250000e+02;1.2386581e-01;2.0250000e+02;1.8357188e-01;2.0250000e+02;2.3643531e-01;2.0250000e+02;2.9921842e-01;2.0250000e+02;3.4739384e-01;2.0250000e+02;3.0869451e-01;2.0250000e+02;2.1720999e-01;2.0250000e+02;1.3625588e-01;2.0250000e+02;6.8659723e-02;2.0250000e+02;8.7921917e-03;2.0250000e+02;-4.6379030e-02;2.0250000e+02;-9.9337988e-02;2.0250000e+02;-1.5061617e-01;2.0250000e+02;-2.0166428e-01;2.0250000e+02;-8.4509730e-02;2.0250000e+02;-5.6596898e-02;2.0250000e+02;-9.3833208e-03;2.0250000e+02;5.2754316e-02;2.0250000e+02;1.2386581e-01;2.0250000e+02;1.8357188e-01;2.0250000e+02;2.3643531e-01;2.0250000e+02;2.9921842e-01;2.0250000e+02;3.4739384e-01;2.0250000e+02;3.0869451e-01;2.0250000e+02;2.1720999e-01;2.0250000e+02;1.3625588e-01;2.0250000e+02;6.8659723e-02;2.0250000e+02;8.7921917e-03;2.0250000e+02;-4.6379030e-02;2.0250000e+02;-9.9337988e-02;2.0250000e+02;-1.5061617e-01;2.0250000e+02;-2.0166428e-01;2.0250000e+02;-8.4509730e-02;2.0250000e+02;-5.6596898e-02;2.0250000e+02;-9.3833208e-03;2.0250000e+02;5.2754316e-02;2.0250000e+02;1.2386581e-01;2.0250000e+02;1.8357188e-01;2.0250000e+02;2.3643531e-01;2.0250000e+02;2.9921842e-01;2.0250000e+02;3.4739384e-01;2.0250000e+02;3.0869451e-01;2.0250000e+02;2.1720999e-01;2.0250000e+02;1.3625588e-01;2.0250000e+02;6.8659723e-02;2.0250000e+02;8.7921917e-03;2.0250000e+02;-4.6379030e-02;2.0250000e+02;-9.9337988e-02;2.0250000e+02;-1.5061617e-01;2.0250000e+02;-2.0166428e-01;2.0250000e+02;-8.4509730e-02;2.0250000e+02;-5.6596898e-02;2.0250000e+02;-9.3833208e-03;2.0250000e+02;5.2754316e-02;2.0250000e+02;1.2386581e-01;2.0250000e+02;1.8357188e-01;2.0250000e+02;2.3643531e-01;2.0250000e+02;2.9921842e-01;2.0250000e+02;3.4739384e-01;2.0250000e+02;3.0869451e-01;2.0250000e+02;2.1720999e-01;2.0250000e+02;1.3625588e-01;2.0250000e+02;6.8659723e-02;2.0250000e+02;8.7921917e-03;2.0250000e+02;-4.6379030e-02;2.0250000e+02;-9.9337988e-02;2.0250000e+02;-1.5061617e-01;2.0250000e+02;-2.0166428e-01;2.0250000e+02;-8.4509730e-02;2.0250000e+02;-5.6596898e-02;2.0250000e+02;-9.3833208e-03;2.0250000e+02;5.2754316e-02;2.0250000e+02;1.2386581e-01;2.0250000e+02;1.8357188e-01;2.0250000e+02;2.3643531e-01;2.0250000e+02;2.9921842e-01;2.0250000e+02;3.4739384e-01;2.0250000e+02;3.0869451e-01;2.0250000e+02;2.1720999e-01;2.0250000e+02;1.3625588e-01;2.0250000e+02;6.8659723e-02;2.0250000e+02;8.7921917e-03;2.0250000e+02;-4.6379030e-02;2.0250000e+02;-9.9337988e-02;2.0250000e+02;-1.5061617e-01;2.0250000e+02;-2.0166428e-01;2.0250000e+02;-8.4509730e-02;2.0250000e+02;-5.6596898e-02;2.0250000e+02;-9.3833208e-03;2.0250000e+02;5.2754316e-02;2.0250000e+02;1.2386581e-01;2.0250000e+02;1.8357188e-01;2.0250000e+02;2.3643531e-01;2.0250000e+02;2.9921842e-01;2.0250000e+02;3.4739384e-01;2.0250000e+02;3.0869451e-01;2.0250000e+02;2.1720999e-01;2.0250000e+02;1.3625588e-01;2.0250000e+02;6.8659723e-02;2.0250000e+02;8.7921917e-03;2.0250000e+02;-4.6379030e-02;2.0250000e+02;-9.9337988e-02;2.0250000e+02;-1.5061617e-01;2.0250000e+02;-2.0166428e-01;2.0250000e+02;-8.4509730e-02;2.0250000e+02;-5.6596898e-02;2.0250000e+02;-9.3833208e-03;2.0250000e+02;5.2754316e-02;2.0250000e+02;1.2386581e-01;2.0250000e+02;1.8357188e-01;2.0250000e+02;2.3643531e-01;2.0250000e+02;2.9921842e-01;2.0250000e+02;3.4739384e-01;2.0250000e+02;3.0869451e-01;2.0250000e+02;2.1720999e-01;2.0250000e+02;1.3625588e-01;2.0250000e+02;6.8659723e-02;2.0250000e+02;8.7921917e-03;2.0250000e+02;-4.6379030e-02;2.0250000e+02;-9.9337988e-02;2.0250000e+02;-1.5061617e-01;2.0250000e+02;-2.0166428e-01
2.0750000e+02;-8.9052387e-02;2.0750000e+02;-6.7225933e-02;2.0750000e+02;-2.7732834e-02;2.0750000e+02;2.8078714e-02;2.0750000e+02;8.7893739e-02;2.0750000e+02;1.4336091e-01;2.0750000e+02;2.0034967e-01;2.0750000e+02;2.7824578e-01;2.0750000e+02;3.3436093e-01;2.0750000e+02;3.0341753e-01;2.0750000e+02;2.1802643e-01;2.0750000e+02;1.3505304e-01;2.0750000e+02;6.5386191e-02;2.0750000e+02;4.5434535e-03;2.0750000e+02;-5.1934838e-02;2.0750000e+02;-1.0596716e-01;2.0750000e+02;-1.5772155e-01;2.0750000e+02;-2.0890617e-01;2.0750000e+02;-8.9052387e-02;2.0750000e+02;-6.7225933e-02;2.0750000e+02;-2.7732834e-02;2.0750000e+02;2.8078714e-02;2.0750000e+02;8.7893739e-02;2.0750000e+02;1.4336091e-01;2.0750000e+02;2.0034967e-01;2.0750000e+02;2.7824578e-01;2.0750000e+02;3.3436093e-01;2.0750000e+02;3.0341753e-01;2.0750000e+02;2.1802643e-01;2.0750000e+02;1.3505304e-01;2.0750000e+02;6.5386191e-02;2.0750000e+02;4.5434535e-03;2.0750000e+02;-5.1934838e-02;2.0750000e+02;-1.0596716e-01;2.0750000e+02;-1.5772155e-01;2.0750000e+02;-2.0890617e-01;2.0750000e+02;-8.9052387e-02;2.0750000e+02;-6.7225933e-02;2.0750000e+02;-2.7732834e-02;2.0750000e+02;2.8078714e-02;2.0750000e+02;8.7893739e-02;2.0750000e+02;1.4336091e-01;2.0750000e+02;2.0034967e-01;2.0750000e+02;2.7824578e-01;2.0750000e+02;3.3436093e-01;2.0750000e+02;3.0341753e-01;2.0750000e+02;2.1802643e-01;2.0750000e+02;1.3505304e-01;2.0750000e+02;6.5386191e-02;2.0750000e+02;4.5434535e-03;2.0750000e+02;-5.1934838e-02;2.0750000e+02;-1.0596716e-01;2.0750000e+02;-1.5772155e-01;2.0750000e+02;-2.0890617e-01;2.0750000e+02;-8.9052387e-02;2.0750000e+02;-6.7225933e-02;2.0750000e+02;-2.7732834e-02;2.0750000e+02;2.8078714e-02;2.0750000e+02;8.7893739e-02;2.0750000e+02;1.4336091e-01;2.0750000e+02;2.0034967e-01;2.0750000e+02;2.7824578e-01;2.0750000e+02;3.3436093e-01;2.0750000e+02;3.0341753e-01;2.0750000e+02;2.1802643e-01;2.0750000e+02;1.3505304e-01;2.0750000e+02;6.5386191e-02;2.0750000e+02;4.5434535e-03;2.0750000e+02;-5.1934838e-02;2.0750000e+02;-1.0596716e-01;2.0750000e+02;-1.5772155e-01;2.0750000e+02;-2.0890617e-01;2.0750000e+02;-8.9052387e-02;2.0750000e+02;-6.7225933e-02;2.0750000e+02;-2.7732834e-02;2.0750000e+02;2.8078714e-02;2.0750000e+02;8.7893739e-02;2.0750000e+02;1.4336091e-01;2.0750000e+02;2.0034967e-01;2.0750000e+02;2.7824578e-01;2.0750000e+02;3.3436093e-01;2.0750000e+02;3.0341753e-01;2.0750000e+02;2.1802643e-01;2.0750000e+02;1.3505304e-01;2.0750000e+02;6.5386191e-02;2.0750000e+02;4.5434535e-03;2.0750000e+02;-5.1934838e-02;2.0750000e+02;-1.0596716e-01;2.0750000e+02;-1.5772155e-01;2.0750000e+02;-2.0890617e-01;2.0750000e+02;-8.9052387e-02;2.0750000e+02;-6.7225933e-02;2.0750000e+02;-2.7732834e-02;2.0750000e+02;2.8078714e-02;2.0750000e+02;8.7893739e-02;2.0750000e+02;1.4336091e-01;2.0750000e+02;2.0034967e-01;2.0750000e+02;2.7824578e-01;2.0750000e+02;3.3436093e-01;2.0750000e+02;3.0341753e-01;2.0750000e+02;2.1802643e-01;2.0750000e+02;1.3505304e-01;2.0750000e+02;6.5386191e-02;2.0750000e+02;4.5434535e-03;2.0750000e+02;-5.1934838e-02;2.0750000e+02;-1.0596716e-01;2.0750000e+02;-1.5772155e-01;2.0750000e+02;-2.0890617e-01;2.0750000e+02;-8.9052387e-02;2.0750000e+02;-6.7225933e-02;2.0750000e+02;-2.7732834e-02;2.0750000e+02;2.8078714e-02;2.0750000e+02;8.7893739e-02;2.0750000e+02;1.4336091e-01;2.0750000e+02;2.0034967e-01;2.0750000e+02;2.7824578e-01;2.0750000e+02;3.3436093e-01;2.0750000e+02;3.0341753e-01;2.0750000e+02;2.1802643e-01;2.0750000e+02;1.3505304e-01;2.0750000e+02;6.5386191e-02;2.0750000e+02;4.5434535e-03;2.0750000e+02;-5.1934838e-02;2.0750000e+02;-1.0596716e-01;2.0750000e+02;-1.5772155e-01;2.0750000e+02;-2.0890617e-01;2.0750000e+02;-8.9052387e-02;2.0750000e+02;-6.7225933e-02;2.0750000e+02;-2.7732834e-02;2.0750000e+02;2.8078714e-02;2.0750000e+02;8.7893739e-02;2.0750000e+02;1.4336091e-01;2.0750000e+02;2.0034967e-01;2.0750000e+02;2.7824578e-01;2.0750000e+02;3.3436093e-01;2.0750000e+02;3.0341753e-01;2.0750000e+02;2.1802643e-01;2.0750000e+02;1.3505304e-01;2.0750000e+02;6.5386191e-02;2.0750000e+02;4.5434535e-03;2.0750000e+02;-5.1934838e-02;2.0750000e+02;-1.0596716e-01;2.0750000e+02;-1.5772155e-01;2.0750000e+02;-2.0890617e-01;2.0750000e+02;-8.9052387e-02;2.0750000e+02;-6.7225933e-02;2.0750000e+02;-2.7732834e-02;2.0750000e+02;2.8078714e-02;2.0750000e+02;8.7893739e-02;2.0750000e+02;1.4336091e-01;2.0750000e+02;2.0034967e-01;2.0750000e+02;2.7824578e-01;2.0750000e+02;3.3436093e-01;2.0750000e+02;3.0341753e-01;2.0750000e+02;2.1802643e-01;2.0750000e+02;1.3505304e-01;2.0750000e+02;6.5386191e-02;2.0750000e+02;4.5434535e-03;2.0750000e+02;-5.1934838e-02;2.0750000e+02;-1.0596716e-01;2.0750000e+02;-1.5772155e-01;2.0750000e+02;-2.0890617e-01;2.0750000e+02;-8.9052387e-02;2.0750000e+02;-6.7225933e-02;2.0750000e+02;-2.7732834e-02;2.0750000e+02;2.8078714e-02;2.0750000e+02;8.7893739e-02;2.0750000e+02;1.4336091e-01;2.0750000e+02;2.0034967e-01;2.0750000e+02;2.7824578e-01;2.0750000e+02;3.3436093e-01;2.0750000e+02;3.0341753e-01;2.0750000e+02;2.1802643e-01;2.0750000e+02;1.3505304e-01;2.0750000e+02;6.5386191e-02;2.0750000e+02;4.5434535e-03;2.0750000e+02;-5.1934838e-02;2.0750000e+02;-1.0596716e-01;2.0750000e+02;-1.5772155e-01;2.0750000e+02;-2.0890617e-01;2.0750000e+02;-8.9052387e-02;2.0750000e+02;-6.7225933e-02;2.0750000e+02;-2.7732834e-02;2.0750000e+02;2.8078714e-02;2.0750000e+02;8.7893739e-02;2.0750000e+02;1.4336091e-01;2.0750000e+02;2.0034967e-01;2.0750000e+02;2.7824578e-01;2.0750000e+02;3.3436093e-01;2.0750000e+02;3.0341753e-01;2.0750000e+02;2.1802643e-01;2.0750000e+02;1.3505304e-01;2.0750000e+02;6.5386191e-02;2.0750000e+02;4.5434535e-03;2.0750000e+02;-5.1934838e-02;2.0750000e+02;-1.0596716e-01;2.0750000e+02;-1.5772155e-01;2.0750000e+02;-2.0890617e-01;2.0750000e+02;-8.9052387e-02;2.0750000e+02;-6.7225933e-02;2.0750000e+02;-2.7732834e-02;2.0750000e+02;2.8078714e-02;2.0750000e+02;8.7893739e-02;2.0750000e+02;1.4336091e-01;2.0750000e+02;2.0034967e-01;2.0750000e+02;2.7824578e-01;2.0750000e+02;3.3436093e-01;2.0750000e+02;3.0341753e-01;2.0750000e+02;2.1802643e-01;2.0750000e+02;1.3505304e-01;2.0750000e+02;6.5386191e-02;2.0750000e+02;4.5434535e-03;2.0750000e+02;-5.1934838e-02;2.0750000e+02;-1.0596716e-01;2.0750000e+02;-1.5772155e-01;2.0750000e+02;-2.0890617e-01;2.0750000e+02;-8.9052387e-02;2.0750000e+02;-6.7225933e-02;2.0750000e+02;-2.7732834e-02;2.0750000e+02;2.8078714e-02;2.0750000e+02;8.7893739e-02;2.0750000e+02;1.4336091e-01;2.0750000e+02;2.0034967e-01;2.0750000e+02;2.7824578e-01;2.0750000e+02;3.3436093e-01;2.0750000e+02;3.0341753e-01;2.0750000e+02;2.1802643e-01;2.0750000e+02;1.3505304e-01;2.0750000e+02;6.5386191e-02;2.0750000e+02;4.5434535e-03;2.0750000e+02;-5.1934838e-02;2.0750000e+02;-1.0596716e-01;2.0750000e+02;-1.5772155e-01;2.0750000e+02;-2.0890617e-01;2.0750000e+02;-8.9052387e-02;2.0750000e+02;-6.7225933e-02;2.0750000e+02;-2.7732834e-02;2.0750000e+02;2.8078714e-02;2.0750000e+02;8.7893739e-02;2.0750000e+02;1.4336091e-01;2.0750000e+02;2.0034967e-01;2.0750000e+02;2.7824578e-01;2.0750000e+02;3.3436093e-01;2.0750000e+02;3.0341753e-01;2.0750000e+02;2.1802643e-01;2.0750000e+02;1.3505304e-01;2.0750000e+02;6.5386191e-02;2.0750000e+02;4.5434535e-03;2.0750000e+02;-5.1934838e-02;2.0750000e+02;-1.0596716e-01;2.0750000e+02;-1.5772155e-01;2.0750000e+02;-2.0890617e-01;2.0750000e+02;-8.9052387e-02;2.0750000e+02;-6.7225933e-02;2.0750000e+02;-2.7732834e-02;2.0750000e+02;2.8078714e-02;2.0750000e+02;8.7893739e-02;2.0750000e+02;1.4336091e-01;2.0750000e+02;2.0034967e-01;2.0750000e+02;2.7824578e-01;2.0750000e+02;3.3436093e-01;2.0750000e+02;3.0341753e-01;2.0750000e+02;2.1802643e-01;2.0750000e+02;1.3505304e-01;2.0750000e+02;6.5386191e-02;2.0750000e+02;4.5434535e-03;2.0750000e+02;-5.1934838e-02;2.0750000e+02;-1.0596716e-01;2.0750000e+02;-1.5772155e-01;2.0750000e+02;-2.0890617e-01;2.0750000e+02;-8.9052387e-02;2.0750000e+02;-6.7225933e-02;2.0750000e+02;-2.7732834e-02;2.0750000e+02;2.8078714e-02;2.0750000e+02;8.7893739e-02;2.0750000e+02;1.4336091e-01;2.0750000e+02;2.0034967e-01;2.0750000e+02;2.7824578e-01;2.0750000e+02;3.3436093e-01;2.0750000e+02;3.0341753e-01;2.0750000e+02;2.1802643e-01;2.0750000e+02;1.3505304e-01;2.0750000e+02;6.5386191e-02;2.0750000e+02;4.5434535e-03;2.0750000e+02;-5.1934838e-02;2.0750000e+02;-1.0596716e-01;2.0750000e+02;-1.5772155e-01;2.0750000e+02;-2.0890617e-01;2.0750000e+02;-8.9052387e-02;2.0750000e+02;-6.7225933e-02;2.0750000e+02;-2.7732834e-02;2.0750000e+02;2.8078714e-02;2.0750000e+02;8.7893739e-02;2.0750000e+02;1.4336091e-01;2.0750000e+02;2.0034967e-01;2.0750000e+02;2.7824578e-01;2.0750000e+02;3.3436093e-01;2.0750000e+02;3.0341753e-01;2.0750000e+02;2.1802643e-01;2.0750000e+02;1.3505304e-01;2.0750000e+02;6.5386191e-02;2.0750000e+02;4.5434535e-03;2.0750000e+02;-5.1934838e-02;2.0750000e+02;-1.0596716e-01;2.0750000e+02;-1.5772155e-01;2.0750000e+02;-2.0890617e-01;2.0750000e+02;-8.9052387e-02;2.0750000e+02;-6.7225933e-02;2.0750000e+02;-2.7732834e-02;2.0750000e+02;2.8078714e-02;2.0750000e+02;8.7893739e-02;2.0750000e+02;1.4336091e-01;2.0750000e+02;2.0034967e-01;2.0750000e+02;2.7824578e-01;2.0750000e+02;3.3436093e-01;2.0750000e+02;3.0341753e-01;2.0750000e+02;2.1802643e-01;2.0750000e+02;1.3505304e-01;2.0750000e+02;6.5386191e-02;2.0750000e+02;4.5434535e-03;2.0750000e+02;-5.1934838e-02;2.0750000e+02;-1.0596716e-01;2.0750000e+02;-1.5772155e-01;2.0750000e+02;-2.0890617e-01;2.0750000e+02;-8.9052387e-02;2.0750000e+02;-6.7225933e-02;2.0750000e+02;-2.7732834e-02;2.0750000e+02;2.8078714e-02;2.0750000e+02;8.7893739e-02;2.0750000e+02;1.4336091e-01;2.0750000e+02;2.0034967e-01;2.0750000e+02;2.7824578e-01;2.0750000e+02;3.3436093e-01;2.0750000e+02;3.0341753e-01;2.0750000e+02;2.1802643e-01;2.0750000e+02;1.3505304e-01;2.0750000e+02;6.5386191e-02;2.0750000e+02;4.5434535e-03;2.0750000e+02;-5.1934838e-02;2.0750000e+02;-1.0596716e-01;2.0750000e+02;-1.5772155e-01;2.0750000e+02;-2.0890617e-01;2.0750000e+02;-8.9052387e-02;2.0750000e+02;-6.7225933e-02;2.0750000e+02;-2.7732834e-02;2.0750000e+02;2.8078714e-02;2.0750000e+02;8.7893739e-02;2.0750000e+02;1.4336091e-01;2.0750000e+02;2.0034967e-01;2.0750000e+02;2.7824578e-01;2.0750000e+02;3.3436093e-01;2.0750000e+02;3.0341753e-01;2.0750000e+02;2.1802643e-01;2.0750000e+02;1.3505304e-01;2.0750000e+02;6.5386191e-02;2.0750000e+02;4.5434535e-03;2.0750000e+02;-5.1934838e-02;2.0750000e+02;-1.0596716e-01;2.0750000e+02;-1.5772155e-01;2.0750000e+02;-2.0890617e-01;2.0750000e+02;-8.9052387e-02;2.0750000e+02;-6.7225933e-02;2.0750000e+02;-2.7732834e-02;2.0750000e+02;2.8078714e-02;2.0750000e+02;8.7893739e-02;2.0750000e+02;1.4336091e-01;2.0750000e+02;2.0034967e-01;2.0750000e+02;2.7824578e-01;2.0750000e+02;3.3436093e-01;2.0750000e+02;3.0341753e-01;2.0750000e+02;2.1802643e-01;2.0750000e+02;1.3505304e-01;2.0750000e+02;6.5386191e-02;2.0750000e+02;4.5434535e-03;2.0750000e+02;-5.1934838e-02;2.0750000e+02;-1.0596716e-01;2.0750000e+02;-1.5772155e-01;2.0750000e+02;-2.0890617e-01;2.0750000e+02;-8.9052387e-02;2.0750000e+02;-6.7225933e-02;2.0750000e+02;-2.7732834e-02;2.0750000e+02;2.8078714e-02;2.0750000e+02;8.7893739e-02;2.0750000e+02;1.4336091e-01;2.0750000e+02;2.0034967e-01;2.0750000e+02;2.7824578e-01;2.0750000e+02;3.3436093e-01;2.0750000e+02;3.0341753e-01;2.0750000e+02;2.1802643e-01;2.0750000e+02;1.3505304e-01;2.0750000e+02;6.5386191e-02;2.0750000e+02;4.5434535e-03;2.0750000e+02;-5.1934838e-02;2.0750000e+02;-1.0596716e-01;2.0750000e+02;-1.5772155e-01;2.0750000e+02;-2.0890617e-01;2.0750000e+02;-8.9052387e-02;2.0750000e+02;-6.7225933e-02;2.0750000e+02;-2.7732834e-02;2.0750000e+02;2.8078714e-02;2.0750000e+02;8.7893739e-02;2.0750000e+02;1.4336091e-01;2.0750000e+02;2.0034967e-01;2.0750000e+02;2.7824578e-01;2.0750000e+02;3.3436093e-01;2.0750000e+02;3.0341753e-01;2.0750000e+02;2.1802643e-01;2.0750000e+02;1.3505304e-01;2.0750000e+02;6.5386191e-02;2.0750000e+02;4.5434535e-03;2.0750000e+02;-5.1934838e-02;2.0750000e+02;-1.0596716e-01;2.0750000e+02;-1.5772155e-01;2.0750000e+02;-2.0890617e-01;2.0750000e+02;-8.9052387e-02;2.0750000e+02;-6.7225933e-02;2.0750000e+02;-2.7732834e-02;2.0750000e+02;2.8078714e-02;2.0750000e+02;8.7893739e-02;2.0750000e+02;1.4336091e-01;2.0750000e+02;2.0034967e-01;2.0750000e+02;2.7824578e-01;2.0750000e+02;3.3436093e-01;2.0750000e+02;3.0341753e-01;2.0750000e+02;2.1802643e-01;2.0750000e+02;1.3505304e-01;2.0750000e+02;6.5386191e-02;2.0750000e+02;4.5434535e-03;2.0750000e+02;-5.1934838e-02;2.0750000e+02;-1.0596716e-01;2.0750000e+02;-1.5772155e-01;2.0750000e+02;-2.0890617e-01;2.0750000e+02;-8.9052387e-02;2.0750000e+02;-6.7225933e-02;2.0750000e+02;-2.7732834e-02;2.0750000e+02;2.8078714e-02;2.0750000e+02;8.7893739e-02;2.0750000e+02;1.4336091e-01;2.0750000e+02;2.0034967e-01;2.0750000e+02;2.7824578e-01;2.0750000e+02;3.3436093e-01;2.0750000e+02;3.0341753e-01;2.0750000e+02;2.1802643e-01;2.0750000e+02;1.3505304e-01;2.0750000e+02;6.5386191e-02;2.0750000e+02;4.5434535e-03;2.0750000e+02;-5.1934838e-02;2.0750000e+02;-1.0596716e-01;2.0750000e+02;-1.5772155e-01;2.0750000e+02;-2.0890617e-01;2.0750000e+02;-8.9052387e-02;2.0750000e+02;-6.7225933e-02;2.0750000e+02;-2.7732834e-02;2.0750000e+02;2.8078714e-02;2.0750000e+02;8.7893739e-02;2.0750000e+02;1.4336091e-01;2.0750000e+02;2.0034967e-01;2.0750000e+02;2.7824578e-01;2.0750000e+02;3.3436093e-01;2.0750000e+02;3.0341753e-01;2.0750000e+02;2.1802643e-01;2.0750000e+02;1.3505304e-01;2.0750000e+02;6.5386191e-02;2.0750000e+02;4.5434535e-03;2.0750000e+02;-5.1934838e-02;2.0750000e+02;-1.0596716e-01;2.0750000e+02;-1.5772155e-01;2.0750000e+02;-2.0890617e-01;2.0750000e+02;-8.9052387e-02;2.0750000e+02;-6.7225933e-02;2.0750000e+02;-2.7732834e-02;2.0750000e+02;2.8078714e-02;2.0750000e+02;8.7893739e-02;2.0750000e+02;1.4336091e-01;2.0750000e+02;2.0034967e-01;2.0750000e+02;2.7824578e-01;2.0750000e+02;3.3436093e-01;2.0750000e+02;3.0341753e-01;2.0750000e+02;2.1802643e-01;2.0750000e+02;1.3505304e-01;2.0750000e+02;6.5386191e-02;2.0750000e+02;4.5434535e-03;2.0750000e+02;-5.1934838e-02;2.0750000e+02;-1.0596716e-01;2.0750000e+02;-1.5772155e-01;2.0750000e+02;-2.0890617e-01;2.0750000e+02;-8.9052387e-02;2.0750000e+02;-6.7225933e-02;2.0750000e+02;-2.7732834e-02;2.0750000e+02;2.8078714e-02;2.0750000e+02;8.7893739e-02;2.0750000e+02;1.4336091e-01;2.0750000e+02;2.0034967e-01;2.0750000e+02;2.7824578e-01;2.0750000e+02;3.3436093e-01;2.0750000e+02;3.0341753e-01;2.0750000e+02;2.1802643e-01;2.0750000e+02;1.3505304e-01;2.0750000e+02;6.5386191e-02;2.0750000e+02;4.5434535e-03;2.0750000e+02;-5.1934838e-02;2.0750000e+02;-1.0596716e-01;2.0750000e+02;-1.5772155e-01;2.0750000e+02;-2.0890617e-01;2.0750000e+02;-8.9052387e-02;2.0750000e+02;-6.7225933e-02;2.0750000e+02;-2.7732834e-02;2.0750000e+02;2.8078714e-02;2.0750000e+02;8.7893739e-02;2.0750000e+02;1.4336091e-01;2.0750000e+02;2.0034967e-01;2.0750000e+02;2.7824578e-01;2.0750000e+02;3.3436093e-01;2.0750000e+02;3.0341753e-01;2.0750000e+02;2.1802643e-01;2.0750000e+02;1.3505304e-01;2.0750000e+02;6.5386191e-02;2.0750000e+02;4.5434535e-03;2.0750000e+02;-5.1934838e-02;2.0750000e+02;-1.0596716e-01;2.0750000e+02;-1.5772155e-01;2.0750000e+02;-2.0890617e-01;2.0750000e+02;-8.9052387e-02;2.0750000e+02;-6.7225933e-02;2.0750000e+02;-2.7732834e-02;2.0750000e+02;2.8078714e-02;2.0750000e+02;8.7893739e-02;2.0750000e+02;1.4336091e-01;2.0750000e+02;2.0034967e-01;2.0750000e+02;2.7824578e-01;2.0750000e+02;3.3436093e-01;2.0750000e+02;3.0341753e-01;2.0750000e+02;2.1802643e-01;2.0750000e+02;1.3505304e-01;2.0750000e+02;6.5386191e-02;2.0750000e+02;4.5434535e-03;2.0750000e+02;-5.1934838e-02;2.0750000e+02;-1.0596716e-01;2.0750000e+02;-1.5772155e-01;2.0750000e+02;-2.0890617e-01;2.0750000e+02;-8.9052387e-02;2.0750000e+02;-6.7225933e-02;2.0750000e+02;-2.7732834e-02;2.0750000e+02;2.8078714e-02;2.0750000e+02;8.7893739e-02;2.0750000e+02;1.4336091e-01;2.0750000e+02;2.0034967e-01;2.0750000e+02;2.7824578e-01;2.0750000e+02;3.3436093e-01;2.0750000e+02;3.0341753e-01;2.0750000e+02;2.1802643e-01;2.0750000e+02;1.3505304e-01;2.0750000e+02;6.5386191e-02;2.0750000e+02;4.5434535e-03;2.0750000e+02;-5.1934838e-02;2.0750000e+02;-1.0596716e-01;2.0750000e+02;-1.5772155e-01;2.0750000e+02;-2.0890617e-01;2.0750000e+02;-8.9052387e-02;2.0750000e+02;-6.7225933e-02;2.0750000e+02;-2.7732834e-02;2.0750000e+02;2.8078714e-02;2.0750000e+02;8.7893739e-02;2.0750000e+02;1.4336091e-01;2.0750000e+02;2.0034967e-01;2.0750000e+02;2.7824578e-01;2.0750000e+02;3.3436093e-01;2.0750000e+02;3.0341753e-01;2.0750000e+02;2.1802643e-01;2.0750000e+02;1.3505304e-01;2.0750000e+02;6.5386191e-02;2.0750000e+02;4.5434535e-03;2.0750000e+02;-5.1934838e-02;2.0750000e+02;-1.0596716e-01;2.0750000e+02;-1.5772155e-01;2.0750000e+02;-2.0890617e-01;2.0750000e+02;-8.9052387e-02;2.0750000e+02;-6.7225933e-02;2.0750000e+02;-2.7732834e-02;2.0750000e+02;2.8078714e-02;2.0750000e+02;8.7893739e-02;2.0750000e+02;1.4336091e-01;2.0750000e+02;2.0034967e-01;2.0750000e+02;2.7824578e-01;2.0750000e+02;3.3436093e-01;2.0750000e+02;3.0341753e-01;2.0750000e+02;2.1802643e-01;2.0750000e+02;1.3505304e-01;2.0750000e+02;6.5386191e-02;2.0750000e+02;4.5434535e-03;2.0750000e+02;-5.1934838e-02;2.0750000e+02;-1.0596716e-01;2.0750000e+02;-1.5772155e-01;2.0750000e+02;-2.0890617e-01;2.0750000e+02;-8.9052387e-02;2.0750000e+02;-6.7225933e-02;2.0750000e+02;-2.7732834e-02;2.0750000e+02;2.8078714e-02;2.0750000e+02;8.7893739e-02;2.0750000e+02;1.4336091e-01;2.0750000e+02;2.0034967e-01;2.0750000e+02;2.7824578e-01;2.0750000e+02;3.3436093e-01;2.0750000e+02;3.0341753e-01;2.0750000e+02;2.1802643e-01;2.0750000e+02;1.3505304e-01;2.0750000e+02;6.5386191e-02;2.0750000e+02;4.5434535e-03;2.0750000e+02;-5.1934838e-02;2.0750000e+02;-1.0596716e-01;2.0750000e+02;-1.5772155e-01;2.0750000e+02;-2.0890617e-01;2.0750000e+02;-8.9052387e-02;2.0750000e+02;-6.7225933e-02;2.0750000e+02;-2.7732834e-02;2.0750000e+02;2.8078714e-02;2.0750000e+02;8.7893739e-02;2.0750000e+02;1.4336091e-01;2.0750000e+02;2.0034967e-01;2.0750000e+02;2.7824578e-01;2.0750000e+02;3.3436093e-01;2.0750000e+02;3.0341753e-01;2.0750000e+02;2.1802643e-01;2.0750000e+02;1.3505304e-01;2.0750000e+02;6.5386191e-02;2.0750000e+02;4.5434535e-03;2.0750000e+02;-5.1934838e-02;2.0750000e+02;-1.0596716e-01;2.0750000e+02;-1.5772155e-01;2.0750000e+02;-2.0890617e-01;2.0750000e+02;-8.9052387e-02;2.0750000e+02;-6.7225933e-02;2.0750000e+02;-2.7732834e-02;2.0750000e+02;2.8078714e-02;2.0750000e+02;8.7893739e-02;2.0750000e+02;1.4336091e-01;2.0750000e+02;2.0034967e-01;2.0750000e+02;2.7824578e-01;2.0750000e+02;3.3436093e-01;2.0750000e+02;3.0341753e-01;2.0750000e+02;2.1802643e-01;2.0750000e+02;1.3505304e-01;2.0750000e+02;6.5386191e-02;2.0750000e+02;4.5434535e-03;2.0750000e+02;-5.1934838e-02;2.0750000e+02;-1.0596716e-01;2.0750000e+02;-1.5772155e-01;2.0750000e+02;-2.0890617e-01;2.0750000e+02;-8.9052387e-02;2.0750000e+02;-6.7225933e-02;2.0750000e+02;-2.7732834e-02;2.0750000e+02;2.8078714e-02;2.0750000e+02;8.7893739e-02;2.0750000e+02;1.4336091e-01;2.0750000e+02;2.0034967e-01;2.0750000e+02;2.7824578e-01;2.0750000e+02;3.3436093e-01;2.0750000e+02;3.0341753e-01;2.0750000e+02;2.1802643e-01;2.0750000e+02;1.3505304e-01;2.0750000e+02;6.5386191e-02;2.0750000e+02;4.5434535e-03;2.0750000e+02;-5.1934838e-02;2.0750000e+02;-1.0596716e-01;2.0750000e+02;-1.5772155e-01;2.0750000e+02;-2.0890617e-01;2.0750000e+02;-8.9052387e-02;2.0750000e+02;-6.7225933e-02;2.0750000e+02;-2.7732834e-02;2.0750000e+02;2.8078714e-02;2.0750000e+02;8.7893739e-02;2.0750000e+02;1.4336091e-01;2.0750000e+02;2.0034967e-01;2.0750000e+02;2.7824578e-01;2.0750000e+02;3.3436093e-01;2.0750000e+02;3.0341753e-01;2.0750000e+02;2.1802643e-01;2.0750000e+02;1.3505304e-01;2.0750000e+02;6.5386191e-02;2.0750000e+02;4.5434535e-03;2.0750000e+02;-5.1934838e-02;2.0750000e+02;-1.0596716e-01;2.0750000e+02;-1.5772155e-01;2.0750000e+02;-2.0890617e-01;2.0750000e+02;-8.9052387e-02;2.0750000e+02;-6.7225933e-02;2.0750000e+02;-2.7732834e-02;2.0750000e+02;2.8078714e-02;2.0750000e+02;8.7893739e-02;2.0750000e+02;1.4336091e-01;2.0750000e+02;2.0034967e-01;2.0750000e+02;2.7824578e-01;2.0750000e+02;3.3436093e-01;2.0750000e+02;3.0341753e-01;2.0750000e+02;2.1802643e-01;2.0750000e+02;1.3505304e-01;2.0750000e+02;6.5386191e-02;2.0750000e+02;4.5434535e-03;2.0750000e+02;-5.1934838e-02;2.0750000e+02;-1.0596716e-01;2.0750000e+02;-1.5772155e-01;2.0750000e+02;-2.0890617e-01;2.0750000e+02;-8.9052387e-02;2.0750000e+02;-6.7225933e-02;2.0750000e+02;-2.7732834e-02;2.0750000e+02;2.8078714e-02;2.0750000e+02;8.7893739e-02;2.0750000e+02;1.4336091e-01;2.0750000e+02;2.0034967e-01;2.0750000e+02;2.7824578e-01;2.0750000e+02;3.3436093e-01;2.0750000e+02;3.0341753e-01;2.0750000e+02;2.1802643e-01;2.0750000e+02;1.3505304e-01;2.0750000e+02;6.5386191e-02;2.0750000e+02;4.5434535e-03;2.0750000e+02;-5.1934838e-02;2.0750000e+02;-1.0596716e-01;2.0750000e+02;-1.5772155e-01;2.0750000e+02;-2.0890617e-01;2.0750000e+02;-8.9052387e-02;2.0750000e+02;-6.7225933e-02;2.0750000e+02;-2.7732834e-02;2.0750000e+02;2.8078714e-02;2.0750000e+02;8.7893739e-02;2.0750000e+02;1.4336091e-01;2.0750000e+02;2.0034967e-01;2.0750000e+02;2.7824578e-01;2.0750000e+02;3.3436093e-01;2.0750000e+02;3.0341753e-01;2.0750000e+02;2.1802643e-01;2.0750000e+02;1.3505304e-01;2.0750000e+02;6.5386191e-02;2.0750000e+02;4.5434535e-03;2.0750000e+02;-5.1934838e-02;2.0750000e+02;-1.0596716e-01;2.0750000e+02;-1.5772155e-01;2.0750000e+02;-2.0890617e-01;2.0750000e+02;-8.9052387e-02;2.0750000e+02;-6.7225933e-02;2.0750000e+02;-2.7732834e-02;2.0750000e+02;2.8078714e-02;2.0750000e+02;8.7893739e-02;2.0750000e+02;1.4336091e-01;2.0750000e+02;2.0034967e-01;2.0750000e+02;2.7824578e-01;2.0750000e+02;3.3436093e-01;2.0750000e+02;3.0341753e-01;2.0750000e+02;2.1802643e-01;2.0750000e+02;1.3505304e-01;2.0750000e+02;6.5386191e-02;2.0750000e+02;4.5434535e-03;2.0750000e+02;-5.1934838e-02;2.0750000e+02;-1.0596716e-01;2.0750000e+02;-1.5772155e-01;2.0750000e+02;-2.0890617e-01;2.0750000e+02;-8.9052387e-02;2.0750000e+02;-6.7225933e-02;2.0750000e+02;-2.7732834e-02;2.0750000e+02;2.8078714e-02;2.0750000e+02;8.7893739e-02;2.0750000e+02;1.4336091e-01;2.0750000e+02;2.0034967e-01;2.0750000e+02;2.7824578e-01;2.0750000e+02;3.3436093e-01;2.0750000e+02;3.0341753e-01;2.0750000e+02;2.1802643e-01;2.0750000e+02;1.3505304e-01;2.0750000e+02;6.5386191e-02;2.0750000e+02;4.5434535e-03;2.0750000e+02;-5.1934838e-02;2.0750000e+02;-1.0596716e-01;2.0750000e+02;-1.5772155e-01;2.0750000e+02;-2.0890617e-01;2.0750000e+02;-8.9052387e-02;2.0750000e+02;-6.7225933e-02;2.0750000e+02;-2.7732834e-02;2.0750000e+02;2.8078714e-02;2.0750000e+02;8.7893739e-02;2.0750000e+02;1.4336091e-01;2.0750000e+02;2.0034967e-01;2.0750000e+02;2.7824578e-01;2.0750000e+02;3.3436093e-01;2.0750000e+02;3.0341753e-01;2.0750000e+02;2.1802643e-01;2.0750000e+02;1.3505304e-01;2.0750000e+02;6.5386191e-02;2.0750000e+02;4.5434535e-03;2.0750000e+02;-5.1934838e-02;2.0750000e+02;-1.0596716e-01;2.0750000e+02;-1.5772155e-01;2.0750000e+02;-2.0890617e-01;2.0750000e+02;-8.9052387e-02;2.0750000e+02;-6.7225933e-02;2.0750000e+02;-2.7732834e-02;2.0750000e+02;2.8078714e-02;2.0750000e+02;8.7893739e-02;2.0750000e+02;1.4336091e-01;2.0750000e+02;2.0034967e-01;2.0750000e+02;2.7824578e-01;2.0750000e+02;3.3436093e-01;2.0750000e+02;3.0341753e-01;2.0750000e+02;2.1802643e-01;2.0750000e+02;1.3505304e-01;2.0750000e+02;6.5386191e-02;2.0750000e+02;4.5434535e-03;2.0750000e+02;-5.1934838e-02;2.0750000e+02;-1.0596716e-01;2.0750000e+02;-1.5772155e-01;2.0750000e+02;-2.0890617e-01;2.0750000e+02;-8.9052387e-02;2.0750000e+02;-6.7225933e-02;2.0750000e+02;-2.7732834e-02;2.0750000e+02;2.8078714e-02;2.0750000e+02;8.7893739e-02;2.0750000e+02;1.4336091e-01;2.0750000e+02;2.0034967e-01;2.0750000e+02;2.7824578e-01;2.0750000e+02;3.3436093e-01;2.0750000e+02;3.0341753e-01;2.0750000e+02;2.1802643e-01;2.0750000e+02;1.3505304e-01;2.0750000e+02;6.5386191e-02;2.0750000e+02;4.5434535e-03;2.0750000e+02;-5.1934838e-02;2.0750000e+02;-1.0596716e-01;2.0750000e+02;-1.5772155e-01;2.0750000e+02;-2.0890617e-01;2.0750000e+02;-8.9052387e-02;2.0750000e+02;-6.7225933e-02;2.0750000e+02;-2.7732834e-02;2.0750000e+02;2.8078714e-02;2.0750000e+02;8.7893739e-02;2.0750000e+02;1.4336091e-01;2.0750000e+02;2.0034967e-01;2.0750000e+02;2.7824578e-01;2.0750000e+02;3.3436093e-01;2.0750000e+02;3.0341753e-01;2.0750000e+02;2.1802643e-01;2.0750000e+02;1.3505304e-01;2.0750000e+02;6.5386191e-02;2.0750000e+02;4.5434535e-03;2.0750000e+02;-5.1934838e-02;2.0750000e+02;-1.0596716e-01;2.0750000e+02;-1.5772155e-01;2.0750000e+02;-2.0890617e-01;2.0750000e+02;-8.9052387e-02;2.0750000e+02;-6.7225933e-02;2.0750000e+02;-2.7732834e-02;2.0750000e+02;2.8078714e-02;2.0750000e+02;8.7893739e-02;2.0750000e+02;1.4336091e-01;2.0750000e+02;2.0034967e-01;2.0750000e+02;2.7824578e-01;2.0750000e+02;3.3436093e-01;2.0750000e+02;3.0341753e-01;2.0750000e+02;2.1802643e-01;2.0750000e+02;1.3505304e-01;2.0750000e+02;6.5386191e-02;2.0750000e+02;4.5434535e-03;2.0750000e+02;-5.1934838e-02;2.0750000e+02;-1.0596716e-01;2.0750000e+02;-1.5772155e-01;2.0750000e+02;-2.0890617e-01;2.0750000e+02;-8.9052387e-02;2.0750000e+02;-6.7225933e-02;2.0750000e+02;-2.7732834e-02;2.0750000e+02;2.8078714e-02;2.0750000e+02;8.7893739e-02;2.0750000e+02;1.4336091e-01;2.0750000e+02;2.0034967e-01;2.0750000e+02;2.7824578e-01;2.0750000e+02;3.3436093e-01;2.0750000e+02;3.0341753e-01;2.0750000e+02;2.1802643e-01;2.0750000e+02;1.3505304e-01;2.0750000e+02;6.5386191e-02;2.0750000e+02;4.5434535e-03;2.0750000e+02;-5.1934838e-02;2.0750000e+02;-1.0596716e-01;2.0750000e+02;-1.5772155e-01;2.0750000e+02;-2.0890617e-01;2.0750000e+02;-8.9052387e-02;2.0750000e+02;-6.7225933e-02;2.0750000e+02;-2.7732834e-02;2.0750000e+02;2.8078714e-02;2.0750000e+02;8.7893739e-02;2.0750000e+02;1.4336091e-01;2.0750000e+02;2.0034967e-01;2.0750000e+02;2.7824578e-01;2.0750000e+02;3.3436093e-01;2.0750000e+02;3.0341753e-01;2.0750000e+02;2.1802643e-01;2.0750000e+02;1.3505304e-01;2.0750000e+02;6.5386191e-02;2.0750000e+02;4.5434535e-03;2.0750000e+02;-5.1934838e-02;2.0750000e+02;-1.0596716e-01;2.0750000e+02;-1.5772155e-01;2.0750000e+02;-2.0890617e-01;2.0750000e+02;-8.9052387e-02;2.0750000e+02;-6.7225933e-02;2.0750000e+02;-2.7732834e-02;2.0750000e+02;2.8078714e-02;2.0750000e+02;8.7893739e-02;2.0750000e+02;1.4336091e-01;2.0750000e+02;2.0034967e-01;2.0750000e+02;2.7824578e-01;2.0750000e+02;3.3436093e-01;2.0750000e+02;3.0341753e-01;2.0750000e+02;2.1802643e-01;2.0750000e+02;1.3505304e-01;2.0750000e+02;6.5386191e-02;2.0750000e+02;4.5434535e-03;2.0750000e+02;-5.1934838e-02;2.0750000e+02;-1.0596716e-01;2.0750000e+02;-1.5772155e-01;2.0750000e+02;-2.0890617e-01;2.0750000e+02;-8.9052387e-02;2.0750000e+02;-6.7225933e-02;2.0750000e+02;-2.7732834e-02;2.0750000e+02;2.8078714e-02;2.0750000e+02;8.7893739e-02;2.0750000e+02;1.4336091e-01;2.0750000e+02;2.0034967e-01;2.0750000e+02;2.7824578e-01;2.0750000e+02;3.3436093e-01;2.0750000e+02;3.0341753e-01;2.0750000e+02;2.1802643e-01;2.0750000e+02;1.3505304e-01;2.0750000e+02;6.5386191e-02;2.0750000e+02;4.5434535e-03;2.0750000e+02;-5.1934838e-02;2.0750000e+02;-1.0596716e-01;2.0750000e+02;-1.5772155e-01;2.0750000e+02;-2.0890617e-01;2.0750000e+02;-8.9052387e-02;2.0750000e+02;-6.7225933e-02;2.0750000e+02;-2.7732834e-02;2.0750000e+02;2.8078714e-02;2.0750000e+02;8.7893739e-02;2.0750000e+02;1.4336091e-01;2.0750000e+02;2.0034967e-01;2.0750000e+02;2.7824578e-01;2.0750000e+02;3.3436093e-01;2.0750000e+02;3.0341753e-01;2.0750000e+02;2.1802643e-01;2.0750000e+02;1.3505304e-01;2.0750000e+02;6.5386191e-02;2.0750000e+02;4.5434535e-03;2.0750000e+02;-5.1934838e-02;2.0750000e+02;-1.0596716e-01;2.0750000e+02;-1.5772155e-01;2.0750000e+02;-2.0890617e-01;2.0750000e+02;-8.9052387e-02;2.0750000e+02;-6.7225933e-02;2.0750000e+02;-2.7732834e-02;2.0750000e+02;2.8078714e-02;2.0750000e+02;8.7893739e-02;2.0750000e+02;1.4336091e-01;2.0750000e+02;2.0034967e-01;2.0750000e+02;2.7824578e-01;2.0750000e+02;3.3436093e-01;2.0750000e+02;3.0341753e-01;2.0750000e+02;2.1802643e-01;2.0750000e+02;1.3505304e-01;2.0750000e+02;6.5386191e-02;2.0750000e+02;4.5434535e-03;2.0750000e+02;-5.1934838e-02;2.0750000e+02;-1.0596716e-01;2.0750000e+02;-1.5772155e-01;2.0750000e+02;-2.0890617e-01;2.0750000e+02;-8.9052387e-02;2.0750000e+02;-6.7225933e-02;2.0750000e+02;-2.7732834e-02;2.0750000e+02;2.8078714e-02;2.0750000e+02;8.7893739e-02;2.0750000e+02;1.4336091e-01;2.0750000e+02;2.0034967e-01;2.0750000e+02;2.7824578e-01;2.0750000e+02;3.3436093e-01;2.0750000e+02;3.0341753e-01;2.0750000e+02;2.1802643e-01;2.0750000e+02;1.3505304e-01;2.0750000e+02;6.5386191e-02;2.0750000e+02;4.5434535e-03;2.0750000e+02;-5.1934838e-02;2.0750000e+02;-1.0596716e-01;2.0750000e+02;-1.5772155e-01;2.0750000e+02;-2.0890617e-01;2.0750000e+02;-8.9052387e-02;2.0750000e+02;-6.7225933e-02;2.0750000e+02;-2.7732834e-02;2.0750000e+02;2.8078714e-02;2.0750000e+02;8.7893739e-02;2.0750000e+02;1.4336091e-01;2.0750000e+02;2.0034967e-01;2.0750000e+02;2.7824578e-01;2.0750000e+02;3.3436093e-01;2.0750000e+02;3.0341753e-01;2.0750000e+02;2.1802643e-01;2.0750000e+02;1.3505304e-01;2.0750000e+02;6.5386191e-02;2.0750000e+02;4.5434535e-03;2.0750000e+02;-5.1934838e-02;2.0750000e+02;-1.0596716e-01;2.0750000e+02;-1.5772155e-01;2.0750000e+02;-2.0890617e-01;2.0750000e+02;-8.9052387e-02;2.0750000e+02;-6.7225933e-02;2.0750000e+02;-2.7732834e-02;2.0750000e+02;2.8078714e-02;2.0750000e+02;8.7893739e-02;2.0750000e+02;1.4336091e-01;2.0750000e+02;2.0034967e-01;2.0750000e+02;2.7824578e-01;2.0750000e+02;3.3436093e-01;2.0750000e+02;3.0341753e-01;2.0750000e+02;2.1802643e-01;2.0750000e+02;1.3505304e-01;2.0750000e+02;6.5386191e-02;2.0750000e+02;4.5434535e-03;2.0750000e+02;-5.1934838e-02;2.0750000e+02;-1.0596716e-01;2.0750000e+02;-1.5772155e-01;2.0750000e+02;-2.0890617e-01;2.0750000e+02;-8.9052387e-02;2.0750000e+02;-6.7225933e-02;2.0750000e+02;-2.7732834e-02;2.0750000e+02;2.8078714e-02;2.0750000e+02;8.7893739e-02;2.0750000e+02;1.4336091e-01;2.0750000e+02;2.0034967e-01;2.0750000e+02;2.7824578e-01;2.0750000e+02;3.3436093e-01;2.0750000e+02;3.0341753e-01;2.0750000e+02;2.1802643e-01;2.0750000e+02;1.3505304e-01;2.0750000e+02;6.5386191e-02;2.0750000e+02;4.5434535e-03;2.0750000e+02;-5.1934838e-02;2.0750000e+02;-1.0596716e-01;2.0750000e+02;-1.5772155e-01;2.0750000e+02;-2.0890617e-01;2.0750000e+02;-8.9052387e-02;2.0750000e+02;-6.7225933e-02;2.0750000e+02;-2.7732834e-02;2.0750000e+02;2.8078714e-02;2.0750000e+02;8.7893739e-02;2.0750000e+02;1.4336091e-01;2.0750000e+02;2.0034967e-01;2.0750000e+02;2.7824578e-01;2.0750000e+02;3.3436093e-01;2.0750000e+02;3.0341753e-01;2.0750000e+02;2.1802643e-01;2.0750000e+02;1.3505304e-01;2.0750000e+02;6.5386191e-02;2.0750000e+02;4.5434535e-03;2.0750000e+02;-5.1934838e-02;2.0750000e+02;-1.0596716e-01;2.0750000e+02;-1.5772155e-01;2.0750000e+02;-2.0890617e-01;2.0750000e+02;-8.9052387e-02;2.0750000e+02;-6.7225933e-02;2.0750000e+02;-2.7732834e-02;2.0750000e+02;2.8078714e-02;2.0750000e+02;8.7893739e-02;2.0750000e+02;1.4336091e-01;2.0750000e+02;2.0034967e-01;2.0750000e+02;2.7824578e-01;2.0750000e+02;3.3436093e-01;2.0750000e+02;3.0341753e-01;2.0750000e+02;2.1802643e-01;2.0750000e+02;1.3505304e-01;2.0750000e+02;6.5386191e-02;2.0750000e+02;4.5434535e-03;2.0750000e+02;-5.1934838e-02;2.0750000e+02;-1.0596716e-01;2.0750000e+02;-1.5772155e-01;2.0750000e+02;-2.0890617e-01;2.0750000e+02;-8.9052387e-02;2.0750000e+02;-6.7225933e-02;2.0750000e+02;-2.7732834e-02;2.0750000e+02;2.8078714e-02;2.0750000e+02;8.7893739e-02;2.0750000e+02;1.4336091e-01;2.0750000e+02;2.0034967e-01;2.0750000e+02;2.7824578e-01;2.0750000e+02;3.3436093e-01;2.0750000e+02;3.0341753e-01;2.0750000e+02;2.1802643e-01;2.0750000e+02;1.3505304e-01;2.0750000e+02;6.5386191e-02;2.0750000e+02;4.5434535e-03;2.0750000e+02;-5.1934838e-02;2.0750000e+02;-1.0596716e-01;2.0750000e+02;-1.5772155e-01;2.0750000e+02;-2.0890617e-01;2.0750000e+02;-8.9052387e-02;2.0750000e+02;-6.7225933e-02;2.0750000e+02;-2.7732834e-02;2.0750000e+02;2.8078714e-02;2.0750000e+02;8.7893739e-02;2.0750000e+02;1.4336091e-01;2.0750000e+02;2.0034967e-01;2.0750000e+02;2.7824578e-01;2.0750000e+02;3.3436093e-01;2.0750000e+02;3.0341753e-01;2.0750000e+02;2.1802643e-01;2.0750000e+02;1.3505304e-01;2.0750000e+02;6.5386191e-02;2.0750000e+02;4.5434535e-03;2.0750000e+02;-5.1934838e-02;2.0750000e+02;-1.0596716e-01;2.0750000e+02;-1.5772155e-01;2.0750000e+02;-2.0890617e-01;2.0750000e+02;-8.9052387e-02;2.0750000e+02;-6.7225933e-02;2.0750000e+02;-2.7732834e-02;2.0750000e+02;2.8078714e-02;2.0750000e+02;8.7893739e-02;2.0750000e+02;1.4336091e-01;2.0750000e+02;2.0034967e-01;2.0750000e+02;2.7824578e-01;2.0750000e+02;3.3436093e-01;2.0750000e+02;3.0341753e-01;2.0750000e+02;2.1802643e-01;2.0750000e+02;1.3505304e-01;2.0750000e+02;6.5386191e-02;2.0750000e+02;4.5434535e-03;2.0750000e+02;-5.1934838e-02;2.0750000e+02;-1.0596716e-01;2.0750000e+02;-1.5772155e-01;2.0750000e+02;-2.0890617e-01;2.0750000e+02;-8.9052387e-02;2.0750000e+02;-6.7225933e-02;2.0750000e+02;-2.7732834e-02;2.0750000e+02;2.8078714e-02;2.0750000e+02;8.7893739e-02;2.0750000e+02;1.4336091e-01;2.0750000e+02;2.0034967e-01;2.0750000e+02;2.7824578e-01;2.0750000e+02;3.3436093e-01;2.0750000e+02;3.0341753e-01;2.0750000e+02;2.1802643e-01;2.0750000e+02;1.3505304e-01;2.0750000e+02;6.5386191e-02;2.0750000e+02;4.5434535e-03;2.0750000e+02;-5.1934838e-02;2.0750000e+02;-1.0596716e-01;2.0750000e+02;-1.5772155e-01;2.0750000e+02;-2.0890617e-01;2.0750000e+02;-8.9052387e-02;2.0750000e+02;-6.7225933e-02;2.0750000e+02;-2.7732834e-02;2.0750000e+02;2.8078714e-02;2.0750000e+02;8.7893739e-02;2.0750000e+02;1.4336091e-01;2.0750000e+02;2.0034967e-01;2.0750000e+02;2.7824578e-01;2.0750000e+02;3.3436093e-01;2.0750000e+02;3.0341753e-01;2.0750000e+02;2.1802643e-01;2.0750000e+02;1.3505304e-01;2.0750000e+02;6.5386191e-02;2.0750000e+02;4.5434535e-03;2.0750000e+02;-5.1934838e-02;2.0750000e+02;-1.0596716e-01;2.0750000e+02;-1.5772155e-01;2.0750000e+02;-2.0890617e-01;2.0750000e+02;-8.9052387e-02;2.0750000e+02;-6.7225933e-02;2.0750000e+02;-2.7732834e-02;2.0750000e+02;2.8078714e-02;2.0750000e+02;8.7893739e-02;2.0750000e+02;1.4336091e-01;2.0750000e+02;2.0034967e-01;2.0750000e+02;2.7824578e-01;2.0750000e+02;3.3436093e-01;2.0750000e+02;3.0341753e-01;2.0750000e+02;2.1802643e-01;2.0750000e+02;1.3505304e-01;2.0750000e+02;6.5386191e-02;2.0750000e+02;4.5434535e-03;2.0750000e+02;-5.1934838e-02;2.0750000e+02;-1.0596716e-01;2.0750000e+02;-1.5772155e-01;2.0750000e+02;-2.0890617e-01;2.0750000e+02;-8.9052387e-02;2.0750000e+02;-6.7225933e-02;2.0750000e+02;-2.7732834e-02;2.0750000e+02;2.8078714e-02;2.0750000e+02;8.7893739e-02;2.0750000e+02;1.4336091e-01;2.0750000e+02;2.0034967e-01;2.0750000e+02;2.7824578e-01;2.0750000e+02;3.3436093e-01;2.0750000e+02;3.0341753e-01;2.0750000e+02;2.1802643e-01;2.0750000e+02;1.3505304e-01;2.0750000e+02;6.5386191e-02;2.0750000e+02;4.5434535e-03;2.0750000e+02;-5.1934838e-02;2.0750000e+02;-1.0596716e-01;2.0750000e+02;-1.5772155e-01;2.0750000e+02;-2.0890617e-01;2.0750000e+02;-8.9052387e-02;2.0750000e+02;-6.7225933e-02;2.0750000e+02;-2.7732834e-02;2.0750000e+02;2.8078714e-02;2.0750000e+02;8.7893739e-02;2.0750000e+02;1.4336091e-01;2.0750000e+02;2.0034967e-01;2.0750000e+02;2.7824578e-01;2.0750000e+02;3.3436093e-01;2.0750000e+02;3.0341753e-01;2.0750000e+02;2.1802643e-01;2.0750000e+02;1.3505304e-01;2.0750000e+02;6.5386191e-02;2.0750000e+02;4.5434535e-03;2.0750000e+02;-5.1934838e-02;2.0750000e+02;-1.0596716e-01;2.0750000e+02;-1.5772155e-01;2.0750000e+02;-2.0890617e-01;2.0750000e+02;-8.9052387e-02;2.0750000e+02;-6.7225933e-02;2.0750000e+02;-2.7732834e-02;2.0750000e+02;2.8078714e-02;2.0750000e+02;8.7893739e-02;2.0750000e+02;1.4336091e-01;2.0750000e+02;2.0034967e-01;2.0750000e+02;2.7824578e-01;2.0750000e+02;3.3436093e-01;2.0750000e+02;3.0341753e-01;2.0750000e+02;2.1802643e-01;2.0750000e+02;1.3505304e-01;2.0750000e+02;6.5386191e-02;2.0750000e+02;4.5434535e-03;2.0750000e+02;-5.1934838e-02;2.0750000e+02;-1.0596716e-01;2.0750000e+02;-1.5772155e-01;2.0750000e+02;-2.0890617e-01;2.0750000e+02;-8.9052387e-02;2.0750000e+02;-6.7225933e-02;2.0750000e+02;-2.7732834e-02;2.0750000e+02;2.8078714e-02;2.0750000e+02;8.7893739e-02;2.0750000e+02;1.4336091e-01;2.0750000e+02;2.0034967e-01;2.0750000e+02;2.7824578e-01;2.0750000e+02;3.3436093e-01;2.0750000e+02;3.0341753e-01;2.0750000e+02;2.1802643e-01;2.0750000e+02;1.3505304e-01;2.0750000e+02;6.5386191e-02;2.0750000e+02;4.5434535e-03;2.0750000e+02;-5.1934838e-02;2.0750000e+02;-1.0596716e-01;2.0750000e+02;-1.5772155e-01;2.0750000e+02;-2.0890617e-01;2.0750000e+02;-8.9052387e-02;2.0750000e+02;-6.7225933e-02;2.0750000e+02;-2.7732834e-02;2.0750000e+02;2.8078714e-02;2.0750000e+02;8.7893739e-02;2.0750000e+02;1.4336091e-01;2.0750000e+02;2.0034967e-01;2.0750000e+02;2.7824578e-01;2.0750000e+02;3.3436093e-01;2.0750000e+02;3.0341753e-01;2.0750000e+02;2.1802643e-01;2.0750000e+02;1.3505304e-01;2.0750000e+02;6.5386191e-02;2.0750000e+02;4.5434535e-03;2.0750000e+02;-5.1934838e-02;2.0750000e+02;-1.0596716e-01;2.0750000e+02;-1.5772155e-01;2.0750000e+02;-2.0890617e-01;2.0750000e+02;-8.9052387e-02;2.0750000e+02;-6.7225933e-02;2.0750000e+02;-2.7732834e-02;2.0750000e+02;2.8078714e-02;2.0750000e+02;8.7893739e-02;2.0750000e+02;1.4336091e-01;2.0750000e+02;2.0034967e-01;2.0750000e+02;2.7824578e-01;2.0750000e+02;3.3436093e-01;2.0750000e+02;3.0341753e-01;2.0750000e+02;2.1802643e-01;2.0750000e+02;1.3505304e-01;2.0750000e+02;6.5386191e-02;2.0750000e+02;4.5434535e-03;2.0750000e+02;-5.1934838e-02;2.0750000e+02;-1.0596716e-01;2.0750000e+02;-1.5772155e-01;2.0750000e+02;-2.0890617e-01;2.0750000e+02;-8.9052387e-02;2.0750000e+02;-6.7225933e-02;2.0750000e+02;-2.7732834e-02;2.0750000e+02;2.8078714e-02;2.0750000e+02;8.7893739e-02;2.0750000e+02;1.4336091e-01;2.0750000e+02;2.0034967e-01;2.0750000e+02;2.7824578e-01;2.0750000e+02;3.3436093e-01;2.0750000e+02;3.0341753e-01;2.0750000e+02;2.1802643e-01;2.0750000e+02;1.3505304e-01;2.0750000e+02;6.5386191e-02;2.0750000e+02;4.5434535e-03;2.0750000e+02;-5.1934838e-02;2.0750000e+02;-1.0596716e-01;2.0750000e+02;-1.5772155e-01;2.0750000e+02;-2.0890617e-01;2.0750000e+02;-8.9052387e-02;2.0750000e+02;-6.7225933e-02;2.0750000e+02;-2.7732834e-02;2.0750000e+02;2.8078714e-02;2.0750000e+02;8.7893739e-02;2.0750000e+02;1.4336091e-01;2.0750000e+02;2.0034967e-01;2.0750000e+02;2.7824578e-01;2.0750000e+02;3.3436093e-01;2.0750000e+02;3.0341753e-01;2.0750000e+02;2.1802643e-01;2.0750000e+02;1.3505304e-01;2.0750000e+02;6.5386191e-02;2.0750000e+02;4.5434535e-03;2.0750000e+02;-5.1934838e-02;2.0750000e+02;-1.0596716e-01;2.0750000e+02;-1.5772155e-01;2.0750000e+02;-2.0890617e-01;2.0750000e+02;-8.9052387e-02;2.0750000e+02;-6.7225933e-02;2.0750000e+02;-2.7732834e-02;2.0750000e+02;2.8078714e-02;2.0750000e+02;8.7893739e-02;2.0750000e+02;1.4336091e-01;2.0750000e+02;2.0034967e-01;2.0750000e+02;2.7824578e-01;2.0750000e+02;3.3436093e-01;2.0750000e+02;3.0341753e-01;2.0750000e+02;2.1802643e-01;2.0750000e+02;1.3505304e-01;2.0750000e+02;6.5386191e-02;2.0750000e+02;4.5434535e-03;2.0750000e+02;-5.1934838e-02;2.0750000e+02;-1.0596716e-01;2.0750000e+02;-1.5772155e-01;2.0750000e+02;-2.0890617e-01;2.0750000e+02;-8.9052387e-02;2.0750000e+02;-6.7225933e-02;2.0750000e+02;-2.7732834e-02;2.0750000e+02;2.8078714e-02;2.0750000e+02;8.7893739e-02;2.0750000e+02;1.4336091e-01;2.0750000e+02;2.0034967e-01;2.0750000e+02;2.7824578e-01;2.0750000e+02;3.3436093e-01;2.0750000e+02;3.0341753e-01;2.0750000e+02;2.1802643e-01;2.0750000e+02;1.3505304e-01;2.0750000e+02;6.5386191e-02;2.0750000e+02;4.5434535e-03;2.0750000e+02;-5.1934838e-02;2.0750000e+02;-1.0596716e-01;2.0750000e+02;-1.5772155e-01;2.0750000e+02;-2.0890617e-01;2.0750000e+02;-8.9052387e-02;2.0750000e+02;-6.7225933e-02;2.0750000e+02;-2.7732834e-02;2.0750000e+02;2.8078714e-02;2.0750000e+02;8.7893739e-02;2.0750000e+02;1.4336091e-01;2.0750000e+02;2.0034967e-01;2.0750000e+02;2.7824578e-01;2.0750000e+02;3.3436093e-01;2.0750000e+02;3.0341753e-01;2.0750000e+02;2.1802643e-01;2.0750000e+02;1.3505304e-01;2.0750000e+02;6.5386191e-02;2.0750000e+02;4.5434535e-03;2.0750000e+02;-5.1934838e-02;2.0750000e+02;-1.0596716e-01;2.0750000e+02;-1.5772155e-01;2.0750000e+02;-2.0890617e-01;2.0750000e+02;-8.9052387e-02;2.0750000e+02;-6.7225933e-02;2.0750000e+02;-2.7732834e-02;2.0750000e+02;2.8078714e-02;2.0750000e+02;8.7893739e-02;2.0750000e+02;1.4336091e-01;2.0750000e+02;2.0034967e-01;2.0750000e+02;2.7824578e-01;2.0750000e+02;3.3436093e-01;2.0750000e+02;3.0341753e-01;2.0750000e+02;2.1802643e-01;2.0750000e+02;1.3505304e-01;2.0750000e+02;6.5386191e-02;2.0750000e+02;4.5434535e-03;2.0750000e+02;-5.1934838e-02;2.0750000e+02;-1.0596716e-01;2.0750000e+02;-1.5772155e-01;2.0750000e+02;-2.0890617e-01;2.0750000e+02;-8.9052387e-02;2.0750000e+02;-6.7225933e-02;2.0750000e+02;-2.7732834e-02;2.0750000e+02;2.8078714e-02;2.0750000e+02;8.7893739e-02;2.0750000e+02;1.4336091e-01;2.0750000e+02;2.0034967e-01;2.0750000e+02;2.7824578e-01;2.0750000e+02;3.3436093e-01;2.0750000e+02;3.0341753e-01;2.0750000e+02;2.1802643e-01;2.0750000e+02;1.3505304e-01;2.0750000e+02;6.5386191e-02;2.0750000e+02;4.5434535e-03;2.0750000e+02;-5.1934838e-02;2.0750000e+02;-1.0596716e-01;2.0750000e+02;-1.5772155e-01;2.0750000e+02;-2.0890617e-01;2.0750000e+02;-8.9052387e-02;2.0750000e+02;-6.7225933e-02;2.0750000e+02;-2.7732834e-02;2.0750000e+02;2.8078714e-02;2.0750000e+02;8.7893739e-02;2.0750000e+02;1.4336091e-01;2.0750000e+02;2.0034967e-01;2.0750000e+02;2.7824578e-01;2.0750000e+02;3.3436093e-01;2.0750000e+02;3.0341753e-01;2.0750000e+02;2.1802643e-01;2.0750000e+02;1.3505304e-01;2.0750000e+02;6.5386191e-02;2.0750000e+02;4.5434535e-03;2.0750000e+02;-5.1934838e-02;2.0750000e+02;-1.0596716e-01;2.0750000e+02;-1.5772155e-01;2.0750000e+02;-2.0890617e-01;2.0750000e+02;-8.9052387e-02;2.0750000e+02;-6.7225933e-02;2.0750000e+02;-2.7732834e-02;2.0750000e+02;2.8078714e-02;2.0750000e+02;8.7893739e-02;2.0750000e+02;1.4336091e-01;2.0750000e+02;2.0034967e-01;2.0750000e+02;2.7824578e-01;2.0750000e+02;3.3436093e-01;2.0750000e+02;3.0341753e-01;2.0750000e+02;2.1802643e-01;2.0750000e+02;1.3505304e-01;2.0750000e+02;6.5386191e-02;2.0750000e+02;4.5434535e-03;2.0750000e+02;-5.1934838e-02;2.0750000e+02;-1.0596716e-01;2.0750000e+02;-1.5772155e-01;2.0750000e+02;-2.0890617e-01;2.0750000e+02;-8.9052387e-02;2.0750000e+02;-6.7225933e-02;2.0750000e+02;-2.7732834e-02;2.0750000e+02;2.8078714e-02;2.0750000e+02;8.7893739e-02;2.0750000e+02;1.4336091e-01;2.0750000e+02;2.0034967e-01;2.0750000e+02;2.7824578e-01;2.0750000e+02;3.3436093e-01;2.0750000e+02;3.0341753e-01;2.0750000e+02;2.1802643e-01;2.0750000e+02;1.3505304e-01;2.0750000e+02;6.5386191e-02;2.0750000e+02;4.5434535e-03;2.0750000e+02;-5.1934838e-02;2.0750000e+02;-1.0596716e-01;2.0750000e+02;-1.5772155e-01;2.0750000e+02;-2.0890617e-01;2.0750000e+02;-8.9052387e-02;2.0750000e+02;-6.7225933e-02;2.0750000e+02;-2.7732834e-02;2.0750000e+02;2.8078714e-02;2.0750000e+02;8.7893739e-02;2.0750000e+02;1.4336091e-01;2.0750000e+02;2.0034967e-01;2.0750000e+02;2.7824578e-01;2.0750000e+02;3.3436093e-01;2.0750000e+02;3.0341753e-01;2.0750000e+02;2.1802643e-01;2.0750000e+02;1.3505304e-01;2.0750000e+02;6.5386191e-02;2.0750000e+02;4.5434535e-03;2.0750000e+02;-5.1934838e-02;2.0750000e+02;-1.0596716e-01;2.0750000e+02;-1.5772155e-01;2.0750000e+02;-2.0890617e-01
2.1250000e+02;-9.3817994e-02;2.1250000e+02;-7.9027072e-02;2.1250000e+02;-4.5572471e-02;2.1250000e+02;1.2577437e-03;2.1250000e+02;5.1165860e-02;2.1250000e+02;1.0477044e-01;2.1250000e+02;1.6673882e-01;2.1250000e+02;2.5818527e-01;2.1250000e+02;3.1722581e-01;2.1250000e+02;2.9425266e-01;2.1250000e+02;2.1737754e-01;2.1250000e+02;1.3487697e-01;2.1250000e+02;6.2978819e-02;2.1250000e+02;1.7249733e-03;2.1250000e+02;-5.5664957e-02;2.1250000e+02;-1.1032699e-01;2.1250000e+02;-1.6254222e-01;2.1250000e+02;-2.1337089e-01;2.1250000e+02;-9.3817994e-02;2.1250000e+02;-7.9027072e-02;2.1250000e+02;-4.5572471e-02;2.1250000e+02;1.2577437e-03;2.1250000e+02;5.1165860e-02;2.1250000e+02;1.0477044e-01;2.1250000e+02;1.6673882e-01;2.1250000e+02;2.5818527e-01;2.1250000e+02;3.1722581e-01;2.1250000e+02;2.9425266e-01;2.1250000e+02;2.1737754e-01;2.1250000e+02;1.3487697e-01;2.1250000e+02;6.2978819e-02;2.1250000e+02;1.7249733e-03;2.1250000e+02;-5.5664957e-02;2.1250000e+02;-1.1032699e-01;2.1250000e+02;-1.6254222e-01;2.1250000e+02;-2.1337089e-01;2.1250000e+02;-9.3817994e-02;2.1250000e+02;-7.9027072e-02;2.1250000e+02;-4.5572471e-02;2.1250000e+02;1.2577437e-03;2.1250000e+02;5.1165860e-02;2.1250000e+02;1.0477044e-01;2.1250000e+02;1.6673882e-01;2.1250000e+02;2.5818527e-01;2.1250000e+02;3.1722581e-01;2.1250000e+02;2.9425266e-01;2.1250000e+02;2.1737754e-01;2.1250000e+02;1.3487697e-01;2.1250000e+02;6.2978819e-02;2.1250000e+02;1.7249733e-03;2.1250000e+02;-5.5664957e-02;2.1250000e+02;-1.1032699e-01;2.1250000e+02;-1.6254222e-01;2.1250000e+02;-2.1337089e-01;2.1250000e+02;-9.3817994e-02;2.1250000e+02;-7.9027072e-02;2.1250000e+02;-4.5572471e-02;2.1250000e+02;1.2577437e-03;2.1250000e+02;5.1165860e-02;2.1250000e+02;1.0477044e-01;2.1250000e+02;1.6673882e-01;2.1250000e+02;2.5818527e-01;2.1250000e+02;3.1722581e-01;2.1250000e+02;2.9425266e-01;2.1250000e+02;2.1737754e-01;2.1250000e+02;1.3487697e-01;2.1250000e+02;6.2978819e-02;2.1250000e+02;1.7249733e-03;2.1250000e+02;-5.5664957e-02;2.1250000e+02;-1.1032699e-01;2.1250000e+02;-1.6254222e-01;2.1250000e+02;-2.1337089e-01;2.1250000e+02;-9.3817994e-02;2.1250000e+02;-7.9027072e-02;2.1250000e+02;-4.5572471e-02;2.1250000e+02;1.2577437e-03;2.1250000e+02;5.1165860e-02;2.1250000e+02;1.0477044e-01;2.1250000e+02;1.6673882e-01;2.1250000e+02;2.5818527e-01;2.1250000e+02;3.1722581e-01;2.1250000e+02;2.9425266e-01;2.1250000e+02;2.1737754e-01;2.1250000e+02;1.3487697e-01;2.1250000e+02;6.2978819e-02;2.1250000e+02;1.7249733e-03;2.1250000e+02;-5.5664957e-02;2.1250000e+02;-1.1032699e-01;2.1250000e+02;-1.6254222e-01;2.1250000e+02;-2.1337089e-01;2.1250000e+02;-9.3817994e-02;2.1250000e+02;-7.9027072e-02;2.1250000e+02;-4.5572471e-02;2.1250000e+02;1.2577437e-03;2.1250000e+02;5.1165860e-02;2.1250000e+02;1.0477044e-01;2.1250000e+02;1.6673882e-01;2.1250000e+02;2.5818527e-01;2.1250000e+02;3.1722581e-01;2.1250000e+02;2.9425266e-01;2.1250000e+02;2.1737754e-01;2.1250000e+02;1.3487697e-01;2.1250000e+02;6.2978819e-02;2.1250000e+02;1.7249733e-03;2.1250000e+02;-5.5664957e-02;2.1250000e+02;-1.1032699e-01;2.1250000e+02;-1.6254222e-01;2.1250000e+02;-2.1337089e-01;2.1250000e+02;-9.3817994e-02;2.1250000e+02;-7.9027072e-02;2.1250000e+02;-4.5572471e-02;2.1250000e+02;1.2577437e-03;2.1250000e+02;5.1165860e-02;2.1250000e+02;1.0477044e-01;2.1250000e+02;1.6673882e-01;2.1250000e+02;2.5818527e-01;2.1250000e+02;3.1722581e-01;2.1250000e+02;2.9425266e-01;2.1250000e+02;2.1737754e-01;2.1250000e+02;1.3487697e-01;2.1250000e+02;6.2978819e-02;2.1250000e+02;1.7249733e-03;2.1250000e+02;-5.5664957e-02;2.1250000e+02;-1.1032699e-01;2.1250000e+02;-1.6254222e-01;2.1250000e+02;-2.1337089e-01;2.1250000e+02;-9.3817994e-02;2.1250000e+02;-7.9027072e-02;2.1250000e+02;-4.5572471e-02;2.1250000e+02;1.2577437e-03;2.1250000e+02;5.1165860e-02;2.1250000e+02;1.0477044e-01;2.1250000e+02;1.6673882e-01;2.1250000e+02;2.5818527e-01;2.1250000e+02;3.1722581e-01;2.1250000e+02;2.9425266e-01;2.1250000e+02;2.1737754e-01;2.1250000e+02;1.3487697e-01;2.1250000e+02;6.2978819e-02;2.1250000e+02;1.7249733e-03;2.1250000e+02;-5.5664957e-02;2.1250000e+02;-1.1032699e-01;2.1250000e+02;-1.6254222e-01;2.1250000e+02;-2.1337089e-01;2.1250000e+02;-9.3817994e-02;2.1250000e+02;-7.9027072e-02;2.1250000e+02;-4.5572471e-02;2.1250000e+02;1.2577437e-03;2.1250000e+02;5.1165860e-02;2.1250000e+02;1.0477044e-01;2.1250000e+02;1.6673882e-01;2.1250000e+02;2.5818527e-01;2.1250000e+02;3.1722581e-01;2.1250000e+02;2.9425266e-01;2.1250000e+02;2.1737754e-01;2.1250000e+02;1.3487697e-01;2.1250000e+02;6.2978819e-02;2.1250000e+02;1.7249733e-03;2.1250000e+02;-5.5664957e-02;2.1250000e+02;-1.1032699e-01;2.1250000e+02;-1.6254222e-01;2.1250000e+02;-2.1337089e-01;2.1250000e+02;-9.3817994e-02;2.1250000e+02;-7.9027072e-02;2.1250000e+02;-4.5572471e-02;2.1250000e+02;1.2577437e-03;2.1250000e+02;5.1165860e-02;2.1250000e+02;1.0477044e-01;2.1250000e+02;1.6673882e-01;2.1250000e+02;2.5818527e-01;2.1250000e+02;3.1722581e-01;2.1250000e+02;2.9425266e-01;2.1250000e+02;2.1737754e-01;2.1250000e+02;1.3487697e-01;2.1250000e+02;6.2978819e-02;2.1250000e+02;1.7249733e-03;2.1250000e+02;-5.5664957e-02;2.1250000e+02;-1.1032699e-01;2.1250000e+02;-1.6254222e-01;2.1250000e+02;-2.1337089e-01;2.1250000e+02;-9.3817994e-02;2.1250000e+02;-7.9027072e-02;2.1250000e+02;-4.5572471e-02;2.1250000e+02;1.2577437e-03;2.1250000e+02;5.1165860e-02;2.1250000e+02;1.0477044e-01;2.1250000e+02;1.6673882e-01;2.1250000e+02;2.5818527e-01;2.1250000e+02;3.1722581e-01;2.1250000e+02;2.9425266e-01;2.1250000e+02;2.1737754e-01;2.1250000e+02;1.3487697e-01;2.1250000e+02;6.2978819e-02;2.1250000e+02;1.7249733e-03;2.1250000e+02;-5.5664957e-02;2.1250000e+02;-1.1032699e-01;2.1250000e+02;-1.6254222e-01;2.1250000e+02;-2.1337089e-01;2.1250000e+02;-9.3817994e-02;2.1250000e+02;-7.9027072e-02;2.1250000e+02;-4.5572471e-02;2.1250000e+02;1.2577437e-03;2.1250000e+02;5.1165860e-02;2.1250000e+02;1.0477044e-01;2.1250000e+02;1.6673882e-01;2.1250000e+02;2.5818527e-01;2.1250000e+02;3.1722581e-01;2.1250000e+02;2.9425266e-01;2.1250000e+02;2.1737754e-01;2.1250000e+02;1.3487697e-01;2.1250000e+02;6.2978819e-02;2.1250000e+02;1.7249733e-03;2.1250000e+02;-5.5664957e-02;2.1250000e+02;-1.1032699e-01;2.1250000e+02;-1.6254222e-01;2.1250000e+02;-2.1337089e-01;2.1250000e+02;-9.3817994e-02;2.1250000e+02;-7.9027072e-02;2.1250000e+02;-4.5572471e-02;2.1250000e+02;1.2577437e-03;2.1250000e+02;5.1165860e-02;2.1250000e+02;1.0477044e-01;2.1250000e+02;1.6673882e-01;2.1250000e+02;2.5818527e-01;2.1250000e+02;3.1722581e-01;2.1250000e+02;2.9425266e-01;2.1250000e+02;2.1737754e-01;2.1250000e+02;1.3487697e-01;2.1250000e+02;6.2978819e-02;2.1250000e+02;1.7249733e-03;2.1250000e+02;-5.5664957e-02;2.1250000e+02;-1.1032699e-01;2.1250000e+02;-1.6254222e-01;2.1250000e+02;-2.1337089e-01;2.1250000e+02;-9.3817994e-02;2.1250000e+02;-7.9027072e-02;2.1250000e+02;-4.5572471e-02;2.1250000e+02;1.2577437e-03;2.1250000e+02;5.1165860e-02;2.1250000e+02;1.0477044e-01;2.1250000e+02;1.6673882e-01;2.1250000e+02;2.5818527e-01;2.1250000e+02;3.1722581e-01;2.1250000e+02;2.9425266e-01;2.1250000e+02;2.1737754e-01;2.1250000e+02;1.3487697e-01;2.1250000e+02;6.2978819e-02;2.1250000e+02;1.7249733e-03;2.1250000e+02;-5.5664957e-02;2.1250000e+02;-1.1032699e-01;2.1250000e+02;-1.6254222e-01;2.1250000e+02;-2.1337089e-01;2.1250000e+02;-9.3817994e-02;2.1250000e+02;-7.9027072e-02;2.1250000e+02;-4.5572471e-02;2.1250000e+02;1.2577437e-03;2.1250000e+02;5.1165860e-02;2.1250000e+02;1.0477044e-01;2.1250000e+02;1.6673882e-01;2.1250000e+02;2.5818527e-01;2.1250000e+02;3.1722581e-01;2.1250000e+02;2.9425266e-01;2.1250000e+02;2.1737754e-01;2.1250000e+02;1.3487697e-01;2.1250000e+02;6.2978819e-02;2.1250000e+02;1.7249733e-03;2.1250000e+02;-5.5664957e-02;2.1250000e+02;-1.1032699e-01;2.1250000e+02;-1.6254222e-01;2.1250000e+02;-2.1337089e-01;2.1250000e+02;-9.3817994e-02;2.1250000e+02;-7.9027072e-02;2.1250000e+02;-4.5572471e-02;2.1250000e+02;1.2577437e-03;2.1250000e+02;5.1165860e-02;2.1250000e+02;1.0477044e-01;2.1250000e+02;1.6673882e-01;2.1250000e+02;2.5818527e-01;2.1250000e+02;3.1722581e-01;2.1250000e+02;2.9425266e-01;2.1250000e+02;2.1737754e-01;2.1250000e+02;1.3487697e-01;2.1250000e+02;6.2978819e-02;2.1250000e+02;1.7249733e-03;2.1250000e+02;-5.5664957e-02;2.1250000e+02;-1.1032699e-01;2.1250000e+02;-1.6254222e-01;2.1250000e+02;-2.1337089e-01;2.1250000e+02;-9.3817994e-02;2.1250000e+02;-7.9027072e-02;2.1250000e+02;-4.5572471e-02;2.1250000e+02;1.2577437e-03;2.1250000e+02;5.1165860e-02;2.1250000e+02;1.0477044e-01;2.1250000e+02;1.6673882e-01;2.1250000e+02;2.5818527e-01;2.1250000e+02;3.1722581e-01;2.1250000e+02;2.9425266e-01;2.1250000e+02;2.1737754e-01;2.1250000e+02;1.3487697e-01;2.1250000e+02;6.2978819e-02;2.1250000e+02;1.7249733e-03;2.1250000e+02;-5.5664957e-02;2.1250000e+02;-1.1032699e-01;2.1250000e+02;-1.6254222e-01;2.1250000e+02;-2.1337089e-01;2.1250000e+02;-9.3817994e-02;2.1250000e+02;-7.9027072e-02;2.1250000e+02;-4.5572471e-02;2.1250000e+02;1.2577437e-03;2.1250000e+02;5.1165860e-02;2.1250000e+02;1.0477044e-01;2.1250000e+02;1.6673882e-01;2.1250000e+02;2.5818527e-01;2.1250000e+02;3.1722581e-01;2.1250000e+02;2.9425266e-01;2.1250000e+02;2.1737754e-01;2.1250000e+02;1.3487697e-01;2.1250000e+02;6.2978819e-02;2.1250000e+02;1.7249733e-03;2.1250000e+02;-5.5664957e-02;2.1250000e+02;-1.1032699e-01;2.1250000e+02;-1.6254222e-01;2.1250000e+02;-2.1337089e-01;2.1250000e+02;-9.3817994e-02;2.1250000e+02;-7.9027072e-02;2.1250000e+02;-4.5572471e-02;2.1250000e+02;1.2577437e-03;2.1250000e+02;5.1165860e-02;2.1250000e+02;1.0477044e-01;2.1250000e+02;1.6673882e-01;2.1250000e+02;2.5818527e-01;2.1250000e+02;3.1722581e-01;2.1250000e+02;2.9425266e-01;2.1250000e+02;2.1737754e-01;2.1250000e+02;1.3487697e-01;2.1250000e+02;6.2978819e-02;2.1250000e+02;1.7249733e-03;2.1250000e+02;-5.5664957e-02;2.1250000e+02;-1.1032699e-01;2.1250000e+02;-1.6254222e-01;2.1250000e+02;-2.1337089e-01;2.1250000e+02;-9.3817994e-02;2.1250000e+02;-7.9027072e-02;2.1250000e+02;-4.5572471e-02;2.1250000e+02;1.2577437e-03;2.1250000e+02;5.1165860e-02;2.1250000e+02;1.0477044e-01;2.1250000e+02;1.6673882e-01;2.1250000e+02;2.5818527e-01;2.1250000e+02;3.1722581e-01;2.1250000e+02;2.9425266e-01;2.1250000e+02;2.1737754e-01;2.1250000e+02;1.3487697e-01;2.1250000e+02;6.2978819e-02;2.1250000e+02;1.7249733e-03;2.1250000e+02;-5.5664957e-02;2.1250000e+02;-1.1032699e-01;2.1250000e+02;-1.6254222e-01;2.1250000e+02;-2.1337089e-01;2.1250000e+02;-9.3817994e-02;2.1250000e+02;-7.9027072e-02;2.1250000e+02;-4.5572471e-02;2.1250000e+02;1.2577437e-03;2.1250000e+02;5.1165860e-02;2.1250000e+02;1.0477044e-01;2.1250000e+02;1.6673882e-01;2.1250000e+02;2.5818527e-01;2.1250000e+02;3.1722581e-01;2.1250000e+02;2.9425266e-01;2.1250000e+02;2.1737754e-01;2.1250000e+02;1.3487697e-01;2.1250000e+02;6.2978819e-02;2.1250000e+02;1.7249733e-03;2.1250000e+02;-5.5664957e-02;2.1250000e+02;-1.1032699e-01;2.1250000e+02;-1.6254222e-01;2.1250000e+02;-2.1337089e-01;2.1250000e+02;-9.3817994e-02;2.1250000e+02;-7.9027072e-02;2.1250000e+02;-4.5572471e-02;2.1250000e+02;1.2577437e-03;2.1250000e+02;5.1165860e-02;2.1250000e+02;1.0477044e-01;2.1250000e+02;1.6673882e-01;2.1250000e+02;2.5818527e-01;2.1250000e+02;3.1722581e-01;2.1250000e+02;2.9425266e-01;2.1250000e+02;2.1737754e-01;2.1250000e+02;1.3487697e-01;2.1250000e+02;6.2978819e-02;2.1250000e+02;1.7249733e-03;2.1250000e+02;-5.5664957e-02;2.1250000e+02;-1.1032699e-01;2.1250000e+02;-1.6254222e-01;2.1250000e+02;-2.1337089e-01;2.1250000e+02;-9.3817994e-02;2.1250000e+02;-7.9027072e-02;2.1250000e+02;-4.5572471e-02;2.1250000e+02;1.2577437e-03;2.1250000e+02;5.1165860e-02;2.1250000e+02;1.0477044e-01;2.1250000e+02;1.6673882e-01;2.1250000e+02;2.5818527e-01;2.1250000e+02;3.1722581e-01;2.1250000e+02;2.9425266e-01;2.1250000e+02;2.1737754e-01;2.1250000e+02;1.3487697e-01;2.1250000e+02;6.2978819e-02;2.1250000e+02;1.7249733e-03;2.1250000e+02;-5.5664957e-02;2.1250000e+02;-1.1032699e-01;2.1250000e+02;-1.6254222e-01;2.1250000e+02;-2.1337089e-01;2.1250000e+02;-9.3817994e-02;2.1250000e+02;-7.9027072e-02;2.1250000e+02;-4.5572471e-02;2.1250000e+02;1.2577437e-03;2.1250000e+02;5.1165860e-02;2.1250000e+02;1.0477044e-01;2.1250000e+02;1.6673882e-01;2.1250000e+02;2.5818527e-01;2.1250000e+02;3.1722581e-01;2.1250000e+02;2.9425266e-01;2.1250000e+02;2.1737754e-01;2.1250000e+02;1.3487697e-01;2.1250000e+02;6.2978819e-02;2.1250000e+02;1.7249733e-03;2.1250000e+02;-5.5664957e-02;2.1250000e+02;-1.1032699e-01;2.1250000e+02;-1.6254222e-01;2.1250000e+02;-2.1337089e-01;2.1250000e+02;-9.3817994e-02;2.1250000e+02;-7.9027072e-02;2.1250000e+02;-4.5572471e-02;2.1250000e+02;1.2577437e-03;2.1250000e+02;5.1165860e-02;2.1250000e+02;1.0477044e-01;2.1250000e+02;1.6673882e-01;2.1250000e+02;2.5818527e-01;2.1250000e+02;3.1722581e-01;2.1250000e+02;2.9425266e-01;2.1250000e+02;2.1737754e-01;2.1250000e+02;1.3487697e-01;2.1250000e+02;6.2978819e-02;2.1250000e+02;1.7249733e-03;2.1250000e+02;-5.5664957e-02;2.1250000e+02;-1.1032699e-01;2.1250000e+02;-1.6254222e-01;2.1250000e+02;-2.1337089e-01;2.1250000e+02;-9.3817994e-02;2.1250000e+02;-7.9027072e-02;2.1250000e+02;-4.5572471e-02;2.1250000e+02;1.2577437e-03;2.1250000e+02;5.1165860e-02;2.1250000e+02;1.0477044e-01;2.1250000e+02;1.6673882e-01;2.1250000e+02;2.5818527e-01;2.1250000e+02;3.1722581e-01;2.1250000e+02;2.9425266e-01;2.1250000e+02;2.1737754e-01;2.1250000e+02;1.3487697e-01;2.1250000e+02;6.2978819e-02;2.1250000e+02;1.7249733e-03;2.1250000e+02;-5.5664957e-02;2.1250000e+02;-1.1032699e-01;2.1250000e+02;-1.6254222e-01;2.1250000e+02;-2.1337089e-01;2.1250000e+02;-9.3817994e-02;2.1250000e+02;-7.9027072e-02;2.1250000e+02;-4.5572471e-02;2.1250000e+02;1.2577437e-03;2.1250000e+02;5.1165860e-02;2.1250000e+02;1.0477044e-01;2.1250000e+02;1.6673882e-01;2.1250000e+02;2.5818527e-01;2.1250000e+02;3.1722581e-01;2.1250000e+02;2.9425266e-01;2.1250000e+02;2.1737754e-01;2.1250000e+02;1.3487697e-01;2.1250000e+02;6.2978819e-02;2.1250000e+02;1.7249733e-03;2.1250000e+02;-5.5664957e-02;2.1250000e+02;-1.1032699e-01;2.1250000e+02;-1.6254222e-01;2.1250000e+02;-2.1337089e-01;2.1250000e+02;-9.3817994e-02;2.1250000e+02;-7.9027072e-02;2.1250000e+02;-4.5572471e-02;2.1250000e+02;1.2577437e-03;2.1250000e+02;5.1165860e-02;2.1250000e+02;1.0477044e-01;2.1250000e+02;1.6673882e-01;2.1250000e+02;2.5818527e-01;2.1250000e+02;3.1722581e-01;2.1250000e+02;2.9425266e-01;2.1250000e+02;2.1737754e-01;2.1250000e+02;1.3487697e-01;2.1250000e+02;6.2978819e-02;2.1250000e+02;1.7249733e-03;2.1250000e+02;-5.5664957e-02;2.1250000e+02;-1.1032699e-01;2.1250000e+02;-1.6254222e-01;2.1250000e+02;-2.1337089e-01;2.1250000e+02;-9.3817994e-02;2.1250000e+02;-7.9027072e-02;2.1250000e+02;-4.5572471e-02;2.1250000e+02;1.2577437e-03;2.1250000e+02;5.1165860e-02;2.1250000e+02;1.0477044e-01;2.1250000e+02;1.6673882e-01;2.1250000e+02;2.5818527e-01;2.1250000e+02;3.1722581e-01;2.1250000e+02;2.9425266e-01;2.1250000e+02;2.1737754e-01;2.1250000e+02;1.3487697e-01;2.1250000e+02;6.2978819e-02;2.1250000e+02;1.7249733e-03;2.1250000e+02;-5.5664957e-02;2.1250000e+02;-1.1032699e-01;2.1250000e+02;-1.6254222e-01;2.1250000e+02;-2.1337089e-01;2.1250000e+02;-9.3817994e-02;2.1250000e+02;-7.9027072e-02;2.1250000e+02;-4.5572471e-02;2.1250000e+02;1.2577437e-03;2.1250000e+02;5.1165860e-02;2.1250000e+02;1.0477044e-01;2.1250000e+02;1.6673882e-01;2.1250000e+02;2.5818527e-01;2.1250000e+02;3.1722581e-01;2.1250000e+02;2.9425266e-01;2.1250000e+02;2.1737754e-01;2.1250000e+02;1.3487697e-01;2.1250000e+02;6.2978819e-02;2.1250000e+02;1.7249733e-03;2.1250000e+02;-5.5664957e-02;2.1250000e+02;-1.1032699e-01;2.1250000e+02;-1.6254222e-01;2.1250000e+02;-2.1337089e-01;2.1250000e+02;-9.3817994e-02;2.1250000e+02;-7.9027072e-02;2.1250000e+02;-4.5572471e-02;2.1250000e+02;1.2577437e-03;2.1250000e+02;5.1165860e-02;2.1250000e+02;1.0477044e-01;2.1250000e+02;1.6673882e-01;2.1250000e+02;2.5818527e-01;2.1250000e+02;3.1722581e-01;2.1250000e+02;2.9425266e-01;2.1250000e+02;2.1737754e-01;2.1250000e+02;1.3487697e-01;2.1250000e+02;6.2978819e-02;2.1250000e+02;1.7249733e-03;2.1250000e+02;-5.5664957e-02;2.1250000e+02;-1.1032699e-01;2.1250000e+02;-1.6254222e-01;2.1250000e+02;-2.1337089e-01;2.1250000e+02;-9.3817994e-02;2.1250000e+02;-7.9027072e-02;2.1250000e+02;-4.5572471e-02;2.1250000e+02;1.2577437e-03;2.1250000e+02;5.1165860e-02;2.1250000e+02;1.0477044e-01;2.1250000e+02;1.6673882e-01;2.1250000e+02;2.5818527e-01;2.1250000e+02;3.1722581e-01;2.1250000e+02;2.9425266e-01;2.1250000e+02;2.1737754e-01;2.1250000e+02;1.3487697e-01;2.1250000e+02;6.2978819e-02;2.1250000e+02;1.7249733e-03;2.1250000e+02;-5.5664957e-02;2.1250000e+02;-1.1032699e-01;2.1250000e+02;-1.6254222e-01;2.1250000e+02;-2.1337089e-01;2.1250000e+02;-9.3817994e-02;2.1250000e+02;-7.9027072e-02;2.1250000e+02;-4.5572471e-02;2.1250000e+02;1.2577437e-03;2.1250000e+02;5.1165860e-02;2.1250000e+02;1.0477044e-01;2.1250000e+02;1.6673882e-01;2.1250000e+02;2.5818527e-01;2.1250000e+02;3.1722581e-01;2.1250000e+02;2.9425266e-01;2.1250000e+02;2.1737754e-01;2.1250000e+02;1.3487697e-01;2.1250000e+02;6.2978819e-02;2.1250000e+02;1.7249733e-03;2.1250000e+02;-5.5664957e-02;2.1250000e+02;-1.1032699e-01;2.1250000e+02;-1.6254222e-01;2.1250000e+02;-2.1337089e-01;2.1250000e+02;-9.3817994e-02;2.1250000e+02;-7.9027072e-02;2.1250000e+02;-4.5572471e-02;2.1250000e+02;1.2577437e-03;2.1250000e+02;5.1165860e-02;2.1250000e+02;1.0477044e-01;2.1250000e+02;1.6673882e-01;2.1250000e+02;2.5818527e-01;2.1250000e+02;3.1722581e-01;2.1250000e+02;2.9425266e-01;2.1250000e+02;2.1737754e-01;2.1250000e+02;1.3487697e-01;2.1250000e+02;6.2978819e-02;2.1250000e+02;1.7249733e-03;2.1250000e+02;-5.5664957e-02;2.1250000e+02;-1.1032699e-01;2.1250000e+02;-1.6254222e-01;2.1250000e+02;-2.1337089e-01;2.1250000e+02;-9.3817994e-02;2.1250000e+02;-7.9027072e-02;2.1250000e+02;-4.5572471e-02;2.1250000e+02;1.2577437e-03;2.1250000e+02;5.1165860e-02;2.1250000e+02;1.0477044e-01;2.1250000e+02;1.6673882e-01;2.1250000e+02;2.5818527e-01;2.1250000e+02;3.1722581e-01;2.1250000e+02;2.9425266e-01;2.1250000e+02;2.1737754e-01;2.1250000e+02;1.3487697e-01;2.1250000e+02;6.2978819e-02;2.1250000e+02;1.7249733e-03;2.1250000e+02;-5.5664957e-02;2.1250000e+02;-1.1032699e-01;2.1250000e+02;-1.6254222e-01;2.1250000e+02;-2.1337089e-01;2.1250000e+02;-9.3817994e-02;2.1250000e+02;-7.9027072e-02;2.1250000e+02;-4.5572471e-02;2.1250000e+02;1.2577437e-03;2.1250000e+02;5.1165860e-02;2.1250000e+02;1.0477044e-01;2.1250000e+02;1.6673882e-01;2.1250000e+02;2.5818527e-01;2.1250000e+02;3.1722581e-01;2.1250000e+02;2.9425266e-01;2.1250000e+02;2.1737754e-01;2.1250000e+02;1.3487697e-01;2.1250000e+02;6.2978819e-02;2.1250000e+02;1.7249733e-03;2.1250000e+02;-5.5664957e-02;2.1250000e+02;-1.1032699e-01;2.1250000e+02;-1.6254222e-01;2.1250000e+02;-2.1337089e-01;2.1250000e+02;-9.3817994e-02;2.1250000e+02;-7.9027072e-02;2.1250000e+02;-4.5572471e-02;2.1250000e+02;1.2577437e-03;2.1250000e+02;5.1165860e-02;2.1250000e+02;1.0477044e-01;2.1250000e+02;1.6673882e-01;2.1250000e+02;2.5818527e-01;2.1250000e+02;3.1722581e-01;2.1250000e+02;2.9425266e-01;2.1250000e+02;2.1737754e-01;2.1250000e+02;1.3487697e-01;2.1250000e+02;6.2978819e-02;2.1250000e+02;1.7249733e-03;2.1250000e+02;-5.5664957e-02;2.1250000e+02;-1.1032699e-01;2.1250000e+02;-1.6254222e-01;2.1250000e+02;-2.1337089e-01;2.1250000e+02;-9.3817994e-02;2.1250000e+02;-7.9027072e-02;2.1250000e+02;-4.5572471e-02;2.1250000e+02;1.2577437e-03;2.1250000e+02;5.1165860e-02;2.1250000e+02;1.0477044e-01;2.1250000e+02;1.6673882e-01;2.1250000e+02;2.5818527e-01;2.1250000e+02;3.1722581e-01;2.1250000e+02;2.9425266e-01;2.1250000e+02;2.1737754e-01;2.1250000e+02;1.3487697e-01;2.1250000e+02;6.2978819e-02;2.1250000e+02;1.7249733e-03;2.1250000e+02;-5.5664957e-02;2.1250000e+02;-1.1032699e-01;2.1250000e+02;-1.6254222e-01;2.1250000e+02;-2.1337089e-01;2.1250000e+02;-9.3817994e-02;2.1250000e+02;-7.9027072e-02;2.1250000e+02;-4.5572471e-02;2.1250000e+02;1.2577437e-03;2.1250000e+02;5.1165860e-02;2.1250000e+02;1.0477044e-01;2.1250000e+02;1.6673882e-01;2.1250000e+02;2.5818527e-01;2.1250000e+02;3.1722581e-01;2.1250000e+02;2.9425266e-01;2.1250000e+02;2.1737754e-01;2.1250000e+02;1.3487697e-01;2.1250000e+02;6.2978819e-02;2.1250000e+02;1.7249733e-03;2.1250000e+02;-5.5664957e-02;2.1250000e+02;-1.1032699e-01;2.1250000e+02;-1.6254222e-01;2.1250000e+02;-2.1337089e-01;2.1250000e+02;-9.3817994e-02;2.1250000e+02;-7.9027072e-02;2.1250000e+02;-4.5572471e-02;2.1250000e+02;1.2577437e-03;2.1250000e+02;5.1165860e-02;2.1250000e+02;1.0477044e-01;2.1250000e+02;1.6673882e-01;2.1250000e+02;2.5818527e-01;2.1250000e+02;3.1722581e-01;2.1250000e+02;2.9425266e-01;2.1250000e+02;2.1737754e-01;2.1250000e+02;1.3487697e-01;2.1250000e+02;6.2978819e-02;2.1250000e+02;1.7249733e-03;2.1250000e+02;-5.5664957e-02;2.1250000e+02;-1.1032699e-01;2.1250000e+02;-1.6254222e-01;2.1250000e+02;-2.1337089e-01;2.1250000e+02;-9.3817994e-02;2.1250000e+02;-7.9027072e-02;2.1250000e+02;-4.5572471e-02;2.1250000e+02;1.2577437e-03;2.1250000e+02;5.1165860e-02;2.1250000e+02;1.0477044e-01;2.1250000e+02;1.6673882e-01;2.1250000e+02;2.5818527e-01;2.1250000e+02;3.1722581e-01;2.1250000e+02;2.9425266e-01;2.1250000e+02;2.1737754e-01;2.1250000e+02;1.3487697e-01;2.1250000e+02;6.2978819e-02;2.1250000e+02;1.7249733e-03;2.1250000e+02;-5.5664957e-02;2.1250000e+02;-1.1032699e-01;2.1250000e+02;-1.6254222e-01;2.1250000e+02;-2.1337089e-01;2.1250000e+02;-9.3817994e-02;2.1250000e+02;-7.9027072e-02;2.1250000e+02;-4.5572471e-02;2.1250000e+02;1.2577437e-03;2.1250000e+02;5.1165860e-02;2.1250000e+02;1.0477044e-01;2.1250000e+02;1.6673882e-01;2.1250000e+02;2.5818527e-01;2.1250000e+02;3.1722581e-01;2.1250000e+02;2.9425266e-01;2.1250000e+02;2.1737754e-01;2.1250000e+02;1.3487697e-01;2.1250000e+02;6.2978819e-02;2.1250000e+02;1.7249733e-03;2.1250000e+02;-5.5664957e-02;2.1250000e+02;-1.1032699e-01;2.1250000e+02;-1.6254222e-01;2.1250000e+02;-2.1337089e-01;2.1250000e+02;-9.3817994e-02;2.1250000e+02;-7.9027072e-02;2.1250000e+02;-4.5572471e-02;2.1250000e+02;1.2577437e-03;2.1250000e+02;5.1165860e-02;2.1250000e+02;1.0477044e-01;2.1250000e+02;1.6673882e-01;2.1250000e+02;2.5818527e-01;2.1250000e+02;3.1722581e-01;2.1250000e+02;2.9425266e-01;2.1250000e+02;2.1737754e-01;2.1250000e+02;1.3487697e-01;2.1250000e+02;6.2978819e-02;2.1250000e+02;1.7249733e-03;2.1250000e+02;-5.5664957e-02;2.1250000e+02;-1.1032699e-01;2.1250000e+02;-1.6254222e-01;2.1250000e+02;-2.1337089e-01;2.1250000e+02;-9.3817994e-02;2.1250000e+02;-7.9027072e-02;2.1250000e+02;-4.5572471e-02;2.1250000e+02;1.2577437e-03;2.1250000e+02;5.1165860e-02;2.1250000e+02;1.0477044e-01;2.1250000e+02;1.6673882e-01;2.1250000e+02;2.5818527e-01;2.1250000e+02;3.1722581e-01;2.1250000e+02;2.9425266e-01;2.1250000e+02;2.1737754e-01;2.1250000e+02;1.3487697e-01;2.1250000e+02;6.2978819e-02;2.1250000e+02;1.7249733e-03;2.1250000e+02;-5.5664957e-02;2.1250000e+02;-1.1032699e-01;2.1250000e+02;-1.6254222e-01;2.1250000e+02;-2.1337089e-01;2.1250000e+02;-9.3817994e-02;2.1250000e+02;-7.9027072e-02;2.1250000e+02;-4.5572471e-02;2.1250000e+02;1.2577437e-03;2.1250000e+02;5.1165860e-02;2.1250000e+02;1.0477044e-01;2.1250000e+02;1.6673882e-01;2.1250000e+02;2.5818527e-01;2.1250000e+02;3.1722581e-01;2.1250000e+02;2.9425266e-01;2.1250000e+02;2.1737754e-01;2.1250000e+02;1.3487697e-01;2.1250000e+02;6.2978819e-02;2.1250000e+02;1.7249733e-03;2.1250000e+02;-5.5664957e-02;2.1250000e+02;-1.1032699e-01;2.1250000e+02;-1.6254222e-01;2.1250000e+02;-2.1337089e-01;2.1250000e+02;-9.3817994e-02;2.1250000e+02;-7.9027072e-02;2.1250000e+02;-4.5572471e-02;2.1250000e+02;1.2577437e-03;2.1250000e+02;5.1165860e-02;2.1250000e+02;1.0477044e-01;2.1250000e+02;1.6673882e-01;2.1250000e+02;2.5818527e-01;2.1250000e+02;3.1722581e-01;2.1250000e+02;2.9425266e-01;2.1250000e+02;2.1737754e-01;2.1250000e+02;1.3487697e-01;2.1250000e+02;6.2978819e-02;2.1250000e+02;1.7249733e-03;2.1250000e+02;-5.5664957e-02;2.1250000e+02;-1.1032699e-01;2.1250000e+02;-1.6254222e-01;2.1250000e+02;-2.1337089e-01;2.1250000e+02;-9.3817994e-02;2.1250000e+02;-7.9027072e-02;2.1250000e+02;-4.5572471e-02;2.1250000e+02;1.2577437e-03;2.1250000e+02;5.1165860e-02;2.1250000e+02;1.0477044e-01;2.1250000e+02;1.6673882e-01;2.1250000e+02;2.5818527e-01;2.1250000e+02;3.1722581e-01;2.1250000e+02;2.9425266e-01;2.1250000e+02;2.1737754e-01;2.1250000e+02;1.3487697e-01;2.1250000e+02;6.2978819e-02;2.1250000e+02;1.7249733e-03;2.1250000e+02;-5.5664957e-02;2.1250000e+02;-1.1032699e-01;2.1250000e+02;-1.6254222e-01;2.1250000e+02;-2.1337089e-01;2.1250000e+02;-9.3817994e-02;2.1250000e+02;-7.9027072e-02;2.1250000e+02;-4.5572471e-02;2.1250000e+02;1.2577437e-03;2.1250000e+02;5.1165860e-02;2.1250000e+02;1.0477044e-01;2.1250000e+02;1.6673882e-01;2.1250000e+02;2.5818527e-01;2.1250000e+02;3.1722581e-01;2.1250000e+02;2.9425266e-01;2.1250000e+02;2.1737754e-01;2.1250000e+02;1.3487697e-01;2.1250000e+02;6.2978819e-02;2.1250000e+02;1.7249733e-03;2.1250000e+02;-5.5664957e-02;2.1250000e+02;-1.1032699e-01;2.1250000e+02;-1.6254222e-01;2.1250000e+02;-2.1337089e-01;2.1250000e+02;-9.3817994e-02;2.1250000e+02;-7.9027072e-02;2.1250000e+02;-4.5572471e-02;2.1250000e+02;1.2577437e-03;2.1250000e+02;5.1165860e-02;2.1250000e+02;1.0477044e-01;2.1250000e+02;1.6673882e-01;2.1250000e+02;2.5818527e-01;2.1250000e+02;3.1722581e-01;2.1250000e+02;2.9425266e-01;2.1250000e+02;2.1737754e-01;2.1250000e+02;1.3487697e-01;2.1250000e+02;6.2978819e-02;2.1250000e+02;1.7249733e-03;2.1250000e+02;-5.5664957e-02;2.1250000e+02;-1.1032699e-01;2.1250000e+02;-1.6254222e-01;2.1250000e+02;-2.1337089e-01;2.1250000e+02;-9.3817994e-02;2.1250000e+02;-7.9027072e-02;2.1250000e+02;-4.5572471e-02;2.1250000e+02;1.2577437e-03;2.1250000e+02;5.1165860e-02;2.1250000e+02;1.0477044e-01;2.1250000e+02;1.6673882e-01;2.1250000e+02;2.5818527e-01;2.1250000e+02;3.1722581e-01;2.1250000e+02;2.9425266e-01;2.1250000e+02;2.1737754e-01;2.1250000e+02;1.3487697e-01;2.1250000e+02;6.2978819e-02;2.1250000e+02;1.7249733e-03;2.1250000e+02;-5.5664957e-02;2.1250000e+02;-1.1032699e-01;2.1250000e+02;-1.6254222e-01;2.1250000e+02;-2.1337089e-01;2.1250000e+02;-9.3817994e-02;2.1250000e+02;-7.9027072e-02;2.1250000e+02;-4.5572471e-02;2.1250000e+02;1.2577437e-03;2.1250000e+02;5.1165860e-02;2.1250000e+02;1.0477044e-01;2.1250000e+02;1.6673882e-01;2.1250000e+02;2.5818527e-01;2.1250000e+02;3.1722581e-01;2.1250000e+02;2.9425266e-01;2.1250000e+02;2.1737754e-01;2.1250000e+02;1.3487697e-01;2.1250000e+02;6.2978819e-02;2.1250000e+02;1.7249733e-03;2.1250000e+02;-5.5664957e-02;2.1250000e+02;-1.1032699e-01;2.1250000e+02;-1.6254222e-01;2.1250000e+02;-2.1337089e-01;2.1250000e+02;-9.3817994e-02;2.1250000e+02;-7.9027072e-02;2.1250000e+02;-4.5572471e-02;2.1250000e+02;1.2577437e-03;2.1250000e+02;5.1165860e-02;2.1250000e+02;1.0477044e-01;2.1250000e+02;1.6673882e-01;2.1250000e+02;2.5818527e-01;2.1250000e+02;3.1722581e-01;2.1250000e+02;2.9425266e-01;2.1250000e+02;2.1737754e-01;2.1250000e+02;1.3487697e-01;2.1250000e+02;6.2978819e-02;2.1250000e+02;1.7249733e-03;2.1250000e+02;-5.5664957e-02;2.1250000e+02;-1.1032699e-01;2.1250000e+02;-1.6254222e-01;2.1250000e+02;-2.1337089e-01;2.1250000e+02;-9.3817994e-02;2.1250000e+02;-7.9027072e-02;2.1250000e+02;-4.5572471e-02;2.1250000e+02;1.2577437e-03;2.1250000e+02;5.1165860e-02;2.1250000e+02;1.0477044e-01;2.1250000e+02;1.6673882e-01;2.1250000e+02;2.5818527e-01;2.1250000e+02;3.1722581e-01;2.1250000e+02;2.9425266e-01;2.1250000e+02;2.1737754e-01;2.1250000e+02;1.3487697e-01;2.1250000e+02;6.2978819e-02;2.1250000e+02;1.7249733e-03;2.1250000e+02;-5.5664957e-02;2.1250000e+02;-1.1032699e-01;2.1250000e+02;-1.6254222e-01;2.1250000e+02;-2.1337089e-01;2.1250000e+02;-9.3817994e-02;2.1250000e+02;-7.9027072e-02;2.1250000e+02;-4.5572471e-02;2.1250000e+02;1.2577437e-03;2.1250000e+02;5.1165860e-02;2.1250000e+02;1.0477044e-01;2.1250000e+02;1.6673882e-01;2.1250000e+02;2.5818527e-01;2.1250000e+02;3.1722581e-01;2.1250000e+02;2.9425266e-01;2.1250000e+02;2.1737754e-01;2.1250000e+02;1.3487697e-01;2.1250000e+02;6.2978819e-02;2.1250000e+02;1.7249733e-03;2.1250000e+02;-5.5664957e-02;2.1250000e+02;-1.1032699e-01;2.1250000e+02;-1.6254222e-01;2.1250000e+02;-2.1337089e-01;2.1250000e+02;-9.3817994e-02;2.1250000e+02;-7.9027072e-02;2.1250000e+02;-4.5572471e-02;2.1250000e+02;1.2577437e-03;2.1250000e+02;5.1165860e-02;2.1250000e+02;1.0477044e-01;2.1250000e+02;1.6673882e-01;2.1250000e+02;2.5818527e-01;2.1250000e+02;3.1722581e-01;2.1250000e+02;2.9425266e-01;2.1250000e+02;2.1737754e-01;2.1250000e+02;1.3487697e-01;2.1250000e+02;6.2978819e-02;2.1250000e+02;1.7249733e-03;2.1250000e+02;-5.5664957e-02;2.1250000e+02;-1.1032699e-01;2.1250000e+02;-1.6254222e-01;2.1250000e+02;-2.1337089e-01;2.1250000e+02;-9.3817994e-02;2.1250000e+02;-7.9027072e-02;2.1250000e+02;-4.5572471e-02;2.1250000e+02;1.2577437e-03;2.1250000e+02;5.1165860e-02;2.1250000e+02;1.0477044e-01;2.1250000e+02;1.6673882e-01;2.1250000e+02;2.5818527e-01;2.1250000e+02;3.1722581e-01;2.1250000e+02;2.9425266e-01;2.1250000e+02;2.1737754e-01;2.1250000e+02;1.3487697e-01;2.1250000e+02;6.2978819e-02;2.1250000e+02;1.7249733e-03;2.1250000e+02;-5.5664957e-02;2.1250000e+02;-1.1032699e-01;2.1250000e+02;-1.6254222e-01;2.1250000e+02;-2.1337089e-01;2.1250000e+02;-9.3817994e-02;2.1250000e+02;-7.9027072e-02;2.1250000e+02;-4.5572471e-02;2.1250000e+02;1.2577437e-03;2.1250000e+02;5.1165860e-02;2.1250000e+02;1.0477044e-01;2.1250000e+02;1.6673882e-01;2.1250000e+02;2.5818527e-01;2.1250000e+02;3.1722581e-01;2.1250000e+02;2.9425266e-01;2.1250000e+02;2.1737754e-01;2.1250000e+02;1.3487697e-01;2.1250000e+02;6.2978819e-02;2.1250000e+02;1.7249733e-03;2.1250000e+02;-5.5664957e-02;2.1250000e+02;-1.1032699e-01;2.1250000e+02;-1.6254222e-01;2.1250000e+02;-2.1337089e-01;2.1250000e+02;-9.3817994e-02;2.1250000e+02;-7.9027072e-02;2.1250000e+02;-4.5572471e-02;2.1250000e+02;1.2577437e-03;2.1250000e+02;5.1165860e-02;2.1250000e+02;1.0477044e-01;2.1250000e+02;1.6673882e-01;2.1250000e+02;2.5818527e-01;2.1250000e+02;3.1722581e-01;2.1250000e+02;2.9425266e-01;2.1250000e+02;2.1737754e-01;2.1250000e+02;1.3487697e-01;2.1250000e+02;6.2978819e-02;2.1250000e+02;1.7249733e-03;2.1250000e+02;-5.5664957e-02;2.1250000e+02;-1.1032699e-01;2.1250000e+02;-1.6254222e-01;2.1250000e+02;-2.1337089e-01;2.1250000e+02;-9.3817994e-02;2.1250000e+02;-7.9027072e-02;2.1250000e+02;-4.5572471e-02;2.1250000e+02;1.2577437e-03;2.1250000e+02;5.1165860e-02;2.1250000e+02;1.0477044e-01;2.1250000e+02;1.6673882e-01;2.1250000e+02;2.5818527e-01;2.1250000e+02;3.1722581e-01;2.1250000e+02;2.9425266e-01;2.1250000e+02;2.1737754e-01;2.1250000e+02;1.3487697e-01;2.1250000e+02;6.2978819e-02;2.1250000e+02;1.7249733e-03;2.1250000e+02;-5.5664957e-02;2.1250000e+02;-1.1032699e-01;2.1250000e+02;-1.6254222e-01;2.1250000e+02;-2.1337089e-01;2.1250000e+02;-9.3817994e-02;2.1250000e+02;-7.9027072e-02;2.1250000e+02;-4.5572471e-02;2.1250000e+02;1.2577437e-03;2.1250000e+02;5.1165860e-02;2.1250000e+02;1.0477044e-01;2.1250000e+02;1.6673882e-01;2.1250000e+02;2.5818527e-01;2.1250000e+02;3.1722581e-01;2.1250000e+02;2.9425266e-01;2.1250000e+02;2.1737754e-01;2.1250000e+02;1.3487697e-01;2.1250000e+02;6.2978819e-02;2.1250000e+02;1.7249733e-03;2.1250000e+02;-5.5664957e-02;2.1250000e+02;-1.1032699e-01;2.1250000e+02;-1.6254222e-01;2.1250000e+02;-2.1337089e-01;2.1250000e+02;-9.3817994e-02;2.1250000e+02;-7.9027072e-02;2.1250000e+02;-4.5572471e-02;2.1250000e+02;1.2577437e-03;2.1250000e+02;5.1165860e-02;2.1250000e+02;1.0477044e-01;2.1250000e+02;1.6673882e-01;2.1250000e+02;2.5818527e-01;2.1250000e+02;3.1722581e-01;2.1250000e+02;2.9425266e-01;2.1250000e+02;2.1737754e-01;2.1250000e+02;1.3487697e-01;2.1250000e+02;6.2978819e-02;2.1250000e+02;1.7249733e-03;2.1250000e+02;-5.5664957e-02;2.1250000e+02;-1.1032699e-01;2.1250000e+02;-1.6254222e-01;2.1250000e+02;-2.1337089e-01;2.1250000e+02;-9.3817994e-02;2.1250000e+02;-7.9027072e-02;2.1250000e+02;-4.5572471e-02;2.1250000e+02;1.2577437e-03;2.1250000e+02;5.1165860e-02;2.1250000e+02;1.0477044e-01;2.1250000e+02;1.6673882e-01;2.1250000e+02;2.5818527e-01;2.1250000e+02;3.1722581e-01;2.1250000e+02;2.9425266e-01;2.1250000e+02;2.1737754e-01;2.1250000e+02;1.3487697e-01;2.1250000e+02;6.2978819e-02;2.1250000e+02;1.7249733e-03;2.1250000e+02;-5.5664957e-02;2.1250000e+02;-1.1032699e-01;2.1250000e+02;-1.6254222e-01;2.1250000e+02;-2.1337089e-01;2.1250000e+02;-9.3817994e-02;2.1250000e+02;-7.9027072e-02;2.1250000e+02;-4.5572471e-02;2.1250000e+02;1.2577437e-03;2.1250000e+02;5.1165860e-02;2.1250000e+02;1.0477044e-01;2.1250000e+02;1.6673882e-01;2.1250000e+02;2.5818527e-01;2.1250000e+02;3.1722581e-01;2.1250000e+02;2.9425266e-01;2.1250000e+02;2.1737754e-01;2.1250000e+02;1.3487697e-01;2.1250000e+02;6.2978819e-02;2.1250000e+02;1.7249733e-03;2.1250000e+02;-5.5664957e-02;2.1250000e+02;-1.1032699e-01;2.1250000e+02;-1.6254222e-01;2.1250000e+02;-2.1337089e-01;2.1250000e+02;-9.3817994e-02;2.1250000e+02;-7.9027072e-02;2.1250000e+02;-4.5572471e-02;2.1250000e+02;1.2577437e-03;2.1250000e+02;5.1165860e-02;2.1250000e+02;1.0477044e-01;2.1250000e+02;1.6673882e-01;2.1250000e+02;2.5818527e-01;2.1250000e+02;3.1722581e-01;2.1250000e+02;2.9425266e-01;2.1250000e+02;2.1737754e-01;2.1250000e+02;1.3487697e-01;2.1250000e+02;6.2978819e-02;2.1250000e+02;1.7249733e-03;2.1250000e+02;-5.5664957e-02;2.1250000e+02;-1.1032699e-01;2.1250000e+02;-1.6254222e-01;2.1250000e+02;-2.1337089e-01;2.1250000e+02;-9.3817994e-02;2.1250000e+02;-7.9027072e-02;2.1250000e+02;-4.5572471e-02;2.1250000e+02;1.2577437e-03;2.1250000e+02;5.1165860e-02;2.1250000e+02;1.0477044e-01;2.1250000e+02;1.6673882e-01;2.1250000e+02;2.5818527e-01;2.1250000e+02;3.1722581e-01;2.1250000e+02;2.9425266e-01;2.1250000e+02;2.1737754e-01;2.1250000e+02;1.3487697e-01;2.1250000e+02;6.2978819e-02;2.1250000e+02;1.7249733e-03;2.1250000e+02;-5.5664957e-02;2.1250000e+02;-1.1032699e-01;2.1250000e+02;-1.6254222e-01;2.1250000e+02;-2.1337089e-01;2.1250000e+02;-9.3817994e-02;2.1250000e+02;-7.9027072e-02;2.1250000e+02;-4.5572471e-02;2.1250000e+02;1.2577437e-03;2.1250000e+02;5.1165860e-02;2.1250000e+02;1.0477044e-01;2.1250000e+02;1.6673882e-01;2.1250000e+02;2.5818527e-01;2.1250000e+02;3.1722581e-01;2.1250000e+02;2.9425266e-01;2.1250000e+02;2.1737754e-01;2.1250000e+02;1.3487697e-01;2.1250000e+02;6.2978819e-02;2.1250000e+02;1.7249733e-03;2.1250000e+02;-5.5664957e-02;2.1250000e+02;-1.1032699e-01;2.1250000e+02;-1.6254222e-01;2.1250000e+02;-2.1337089e-01;2.1250000e+02;-9.3817994e-02;2.1250000e+02;-7.9027072e-02;2.1250000e+02;-4.5572471e-02;2.1250000e+02;1.2577437e-03;2.1250000e+02;5.1165860e-02;2.1250000e+02;1.0477044e-01;2.1250000e+02;1.6673882e-01;2.1250000e+02;2.5818527e-01;2.1250000e+02;3.1722581e-01;2.1250000e+02;2.9425266e-01;2.1250000e+02;2.1737754e-01;2.1250000e+02;1.3487697e-01;2.1250000e+02;6.2978819e-02;2.1250000e+02;1.7249733e-03;2.1250000e+02;-5.5664957e-02;2.1250000e+02;-1.1032699e-01;2.1250000e+02;-1.6254222e-01;2.1250000e+02;-2.1337089e-01;2.1250000e+02;-9.3817994e-02;2.1250000e+02;-7.9027072e-02;2.1250000e+02;-4.5572471e-02;2.1250000e+02;1.2577437e-03;2.1250000e+02;5.1165860e-02;2.1250000e+02;1.0477044e-01;2.1250000e+02;1.6673882e-01;2.1250000e+02;2.5818527e-01;2.1250000e+02;3.1722581e-01;2.1250000e+02;2.9425266e-01;2.1250000e+02;2.1737754e-01;2.1250000e+02;1.3487697e-01;2.1250000e+02;6.2978819e-02;2.1250000e+02;1.7249733e-03;2.1250000e+02;-5.5664957e-02;2.1250000e+02;-1.1032699e-01;2.1250000e+02;-1.6254222e-01;2.1250000e+02;-2.1337089e-01;2.1250000e+02;-9.3817994e-02;2.1250000e+02;-7.9027072e-02;2.1250000e+02;-4.5572471e-02;2.1250000e+02;1.2577437e-03;2.1250000e+02;5.1165860e-02;2.1250000e+02;1.0477044e-01;2.1250000e+02;1.6673882e-01;2.1250000e+02;2.5818527e-01;2.1250000e+02;3.1722581e-01;2.1250000e+02;2.9425266e-01;2.1250000e+02;2.1737754e-01;2.1250000e+02;1.3487697e-01;2.1250000e+02;6.2978819e-02;2.1250000e+02;1.7249733e-03;2.1250000e+02;-5.5664957e-02;2.1250000e+02;-1.1032699e-01;2.1250000e+02;-1.6254222e-01;2.1250000e+02;-2.1337089e-01;2.1250000e+02;-9.3817994e-02;2.1250000e+02;-7.9027072e-02;2.1250000e+02;-4.5572471e-02;2.1250000e+02;1.2577437e-03;2.1250000e+02;5.1165860e-02;2.1250000e+02;1.0477044e-01;2.1250000e+02;1.6673882e-01;2.1250000e+02;2.5818527e-01;2.1250000e+02;3.1722581e-01;2.1250000e+02;2.9425266e-01;2.1250000e+02;2.1737754e-01;2.1250000e+02;1.3487697e-01;2.1250000e+02;6.2978819e-02;2.1250000e+02;1.7249733e-03;2.1250000e+02;-5.5664957e-02;2.1250000e+02;-1.1032699e-01;2.1250000e+02;-1.6254222e-01;2.1250000e+02;-2.1337089e-01;2.1250000e+02;-9.3817994e-02;2.1250000e+02;-7.9027072e-02;2.1250000e+02;-4.5572471e-02;2.1250000e+02;1.2577437e-03;2.1250000e+02;5.1165860e-02;2.1250000e+02;1.0477044e-01;2.1250000e+02;1.6673882e-01;2.1250000e+02;2.5818527e-01;2.1250000e+02;3.1722581e-01;2.1250000e+02;2.9425266e-01;2.1250000e+02;2.1737754e-01;2.1250000e+02;1.3487697e-01;2.1250000e+02;6.2978819e-02;2.1250000e+02;1.7249733e-03;2.1250000e+02;-5.5664957e-02;2.1250000e+02;-1.1032699e-01;2.1250000e+02;-1.6254222e-01;2.1250000e+02;-2.1337089e-01;2.1250000e+02;-9.3817994e-02;2.1250000e+02;-7.9027072e-02;2.1250000e+02;-4.5572471e-02;2.1250000e+02;1.2577437e-03;2.1250000e+02;5.1165860e-02;2.1250000e+02;1.0477044e-01;2.1250000e+02;1.6673882e-01;2.1250000e+02;2.5818527e-01;2.1250000e+02;3.1722581e-01;2.1250000e+02;2.9425266e-01;2.1250000e+02;2.1737754e-01;2.1250000e+02;1.3487697e-01;2.1250000e+02;6.2978819e-02;2.1250000e+02;1.7249733e-03;2.1250000e+02;-5.5664957e-02;2.1250000e+02;-1.1032699e-01;2.1250000e+02;-1.6254222e-01;2.1250000e+02;-2.1337089e-01;2.1250000e+02;-9.3817994e-02;2.1250000e+02;-7.9027072e-02;2.1250000e+02;-4.5572471e-02;2.1250000e+02;1.2577437e-03;2.1250000e+02;5.1165860e-02;2.1250000e+02;1.0477044e-01;2.1250000e+02;1.6673882e-01;2.1250000e+02;2.5818527e-01;2.1250000e+02;3.1722581e-01;2.1250000e+02;2.9425266e-01;2.1250000e+02;2.1737754e-01;2.1250000e+02;1.3487697e-01;2.1250000e+02;6.2978819e-02;2.1250000e+02;1.7249733e-03;2.1250000e+02;-5.5664957e-02;2.1250000e+02;-1.1032699e-01;2.1250000e+02;-1.6254222e-01;2.1250000e+02;-2.1337089e-01;2.1250000e+02;-9.3817994e-02;2.1250000e+02;-7.9027072e-02;2.1250000e+02;-4.5572471e-02;2.1250000e+02;1.2577437e-03;2.1250000e+02;5.1165860e-02;2.1250000e+02;1.0477044e-01;2.1250000e+02;1.6673882e-01;2.1250000e+02;2.5818527e-01;2.1250000e+02;3.1722581e-01;2.1250000e+02;2.9425266e-01;2.1250000e+02;2.1737754e-01;2.1250000e+02;1.3487697e-01;2.1250000e+02;6.2978819e-02;2.1250000e+02;1.7249733e-03;2.1250000e+02;-5.5664957e-02;2.1250000e+02;-1.1032699e-01;2.1250000e+02;-1.6254222e-01;2.1250000e+02;-2.1337089e-01;2.1250000e+02;-9.3817994e-02;2.1250000e+02;-7.9027072e-02;2.1250000e+02;-4.5572471e-02;2.1250000e+02;1.2577437e-03;2.1250000e+02;5.1165860e-02;2.1250000e+02;1.0477044e-01;2.1250000e+02;1.6673882e-01;2.1250000e+02;2.5818527e-01;2.1250000e+02;3.1722581e-01;2.1250000e+02;2.9425266e-01;2.1250000e+02;2.1737754e-01;2.1250000e+02;1.3487697e-01;2.1250000e+02;6.2978819e-02;2.1250000e+02;1.7249733e-03;2.1250000e+02;-5.5664957e-02;2.1250000e+02;-1.1032699e-01;2.1250000e+02;-1.6254222e-01;2.1250000e+02;-2.1337089e-01;2.1250000e+02;-9.3817994e-02;2.1250000e+02;-7.9027072e-02;2.1250000e+02;-4.5572471e-02;2.1250000e+02;1.2577437e-03;2.1250000e+02;5.1165860e-02;2.1250000e+02;1.0477044e-01;2.1250000e+02;1.6673882e-01;2.1250000e+02;2.5818527e-01;2.1250000e+02;3.1722581e-01;2.1250000e+02;2.9425266e-01;2.1250000e+02;2.1737754e-01;2.1250000e+02;1.3487697e-01;2.1250000e+02;6.2978819e-02;2.1250000e+02;1.7249733e-03;2.1250000e+02;-5.5664957e-02;2.1250000e+02;-1.1032699e-01;2.1250000e+02;-1.6254222e-01;2.1250000e+02;-2.1337089e-01;2.1250000e+02;-9.3817994e-02;2.1250000e+02;-7.9027072e-02;2.1250000e+02;-4.5572471e-02;2.1250000e+02;1.2577437e-03;2.1250000e+02;5.1165860e-02;2.1250000e+02;1.0477044e-01;2.1250000e+02;1.6673882e-01;2.1250000e+02;2.5818527e-01;2.1250000e+02;3.1722581e-01;2.1250000e+02;2.9425266e-01;2.1250000e+02;2.1737754e-01;2.1250000e+02;1.3487697e-01;2.1250000e+02;6.2978819e-02;2.1250000e+02;1.7249733e-03;2.1250000e+02;-5.5664957e-02;2.1250000e+02;-1.1032699e-01;2.1250000e+02;-1.6254222e-01;2.1250000e+02;-2.1337089e-01;2.1250000e+02;-9.3817994e-02;2.1250000e+02;-7.9027072e-02;2.1250000e+02;-4.5572471e-02;2.1250000e+02;1.2577437e-03;2.1250000e+02;5.1165860e-02;2.1250000e+02;1.0477044e-01;2.1250000e+02;1.6673882e-01;2.1250000e+02;2.5818527e-01;2.1250000e+02;3.1722581e-01;2.1250000e+02;2.9425266e-01;2.1250000e+02;2.1737754e-01;2.1250000e+02;1.3487697e-01;2.1250000e+02;6.2978819e-02;2.1250000e+02;1.7249733e-03;2.1250000e+02;-5.5664957e-02;2.1250000e+02;-1.1032699e-01;2.1250000e+02;-1.6254222e-01;2.1250000e+02;-2.1337089e-01;2.1250000e+02;-9.3817994e-02;2.1250000e+02;-7.9027072e-02;2.1250000e+02;-4.5572471e-02;2.1250000e+02;1.2577437e-03;2.1250000e+02;5.1165860e-02;2.1250000e+02;1.0477044e-01;2.1250000e+02;1.6673882e-01;2.1250000e+02;2.5818527e-01;2.1250000e+02;3.1722581e-01;2.1250000e+02;2.9425266e-01;2.1250000e+02;2.1737754e-01;2.1250000e+02;1.3487697e-01;2.1250000e+02;6.2978819e-02;2.1250000e+02;1.7249733e-03;2.1250000e+02;-5.5664957e-02;2.1250000e+02;-1.1032699e-01;2.1250000e+02;-1.6254222e-01;2.1250000e+02;-2.1337089e-01;2.1250000e+02;-9.3817994e-02;2.1250000e+02;-7.9027072e-02;2.1250000e+02;-4.5572471e-02;2.1250000e+02;1.2577437e-03;2.1250000e+02;5.1165860e-02;2.1250000e+02;1.0477044e-01;2.1250000e+02;1.6673882e-01;2.1250000e+02;2.5818527e-01;2.1250000e+02;3.1722581e-01;2.1250000e+02;2.9425266e-01;2.1250000e+02;2.1737754e-01;2.1250000e+02;1.3487697e-01;2.1250000e+02;6.2978819e-02;2.1250000e+02;1.7249733e-03;2.1250000e+02;-5.5664957e-02;2.1250000e+02;-1.1032699e-01;2.1250000e+02;-1.6254222e-01;2.1250000e+02;-2.1337089e-01;2.1250000e+02;-9.3817994e-02;2.1250000e+02;-7.9027072e-02;2.1250000e+02;-4.5572471e-02;2.1250000e+02;1.2577437e-03;2.1250000e+02;5.1165860e-02;2.1250000e+02;1.0477044e-01;2.1250000e+02;1.6673882e-01;2.1250000e+02;2.5818527e-01;2.1250000e+02;3.1722581e-01;2.1250000e+02;2.9425266e-01;2.1250000e+02;2.1737754e-01;2.1250000e+02;1.3487697e-01;2.1250000e+02;6.2978819e-02;2.1250000e+02;1.7249733e-03;2.1250000e+02;-5.5664957e-02;2.1250000e+02;-1.1032699e-01;2.1250000e+02;-1.6254222e-01;2.1250000e+02;-2.1337089e-01;2.1250000e+02;-9.3817994e-02;2.1250000e+02;-7.9027072e-02;2.1250000e+02;-4.5572471e-02;2.1250000e+02;1.2577437e-03;2.1250000e+02;5.1165860e-02;2.1250000e+02;1.0477044e-01;2.1250000e+02;1.6673882e-01;2.1250000e+02;2.5818527e-01;2.1250000e+02;3.1722581e-01;2.1250000e+02;2.9425266e-01;2.1250000e+02;2.1737754e-01;2.1250000e+02;1.3487697e-01;2.1250000e+02;6.2978819e-02;2.1250000e+02;1.7249733e-03;2.1250000e+02;-5.5664957e-02;2.1250000e+02;-1.1032699e-01;2.1250000e+02;-1.6254222e-01;2.1250000e+02;-2.1337089e-01;2.1250000e+02;-9.3817994e-02;2.1250000e+02;-7.9027072e-02;2.1250000e+02;-4.5572471e-02;2.1250000e+02;1.2577437e-03;2.1250000e+02;5.1165860e-02;2.1250000e+02;1.0477044e-01;2.1250000e+02;1.6673882e-01;2.1250000e+02;2.5818527e-01;2.1250000e+02;3.1722581e-01;2.1250000e+02;2.9425266e-01;2.1250000e+02;2.1737754e-01;2.1250000e+02;1.3487697e-01;2.1250000e+02;6.2978819e-02;2.1250000e+02;1.7249733e-03;2.1250000e+02;-5.5664957e-02;2.1250000e+02;-1.1032699e-01;2.1250000e+02;-1.6254222e-01;2.1250000e+02;-2.1337089e-01
2.1750000e+02;-9.9195033e-02;2.1750000e+02;-8.9928083e-02;2.1750000e+02;-6.2849775e-02;2.1750000e+02;-2.6710443e-02;2.1750000e+02;1.6379738e-02;2.1750000e+02;6.8942457e-02;2.1750000e+02;1.3707599e-01;2.1750000e+02;2.3805645e-01;2.1750000e+02;2.9713991e-01;2.1750000e+02;2.8189284e-01;2.1750000e+02;2.1500382e-01;2.1750000e+02;1.3456081e-01;2.1750000e+02;6.1975718e-02;2.1750000e+02;2.0042062e-05;2.1750000e+02;-5.7611614e-02;2.1750000e+02;-1.1235154e-01;2.1750000e+02;-1.6412608e-01;2.1750000e+02;-2.1609873e-01;2.1750000e+02;-9.9195033e-02;2.1750000e+02;-8.9928083e-02;2.1750000e+02;-6.2849775e-02;2.1750000e+02;-2.6710443e-02;2.1750000e+02;1.6379738e-02;2.1750000e+02;6.8942457e-02;2.1750000e+02;1.3707599e-01;2.1750000e+02;2.3805645e-01;2.1750000e+02;2.9713991e-01;2.1750000e+02;2.8189284e-01;2.1750000e+02;2.1500382e-01;2.1750000e+02;1.3456081e-01;2.1750000e+02;6.1975718e-02;2.1750000e+02;2.0042062e-05;2.1750000e+02;-5.7611614e-02;2.1750000e+02;-1.1235154e-01;2.1750000e+02;-1.6412608e-01;2.1750000e+02;-2.1609873e-01;2.1750000e+02;-9.9195033e-02;2.1750000e+02;-8.9928083e-02;2.1750000e+02;-6.2849775e-02;2.1750000e+02;-2.6710443e-02;2.1750000e+02;1.6379738e-02;2.1750000e+02;6.8942457e-02;2.1750000e+02;1.3707599e-01;2.1750000e+02;2.3805645e-01;2.1750000e+02;2.9713991e-01;2.1750000e+02;2.8189284e-01;2.1750000e+02;2.1500382e-01;2.1750000e+02;1.3456081e-01;2.1750000e+02;6.1975718e-02;2.1750000e+02;2.0042062e-05;2.1750000e+02;-5.7611614e-02;2.1750000e+02;-1.1235154e-01;2.1750000e+02;-1.6412608e-01;2.1750000e+02;-2.1609873e-01;2.1750000e+02;-9.9195033e-02;2.1750000e+02;-8.9928083e-02;2.1750000e+02;-6.2849775e-02;2.1750000e+02;-2.6710443e-02;2.1750000e+02;1.6379738e-02;2.1750000e+02;6.8942457e-02;2.1750000e+02;1.3707599e-01;2.1750000e+02;2.3805645e-01;2.1750000e+02;2.9713991e-01;2.1750000e+02;2.8189284e-01;2.1750000e+02;2.1500382e-01;2.1750000e+02;1.3456081e-01;2.1750000e+02;6.1975718e-02;2.1750000e+02;2.0042062e-05;2.1750000e+02;-5.7611614e-02;2.1750000e+02;-1.1235154e-01;2.1750000e+02;-1.6412608e-01;2.1750000e+02;-2.1609873e-01;2.1750000e+02;-9.9195033e-02;2.1750000e+02;-8.9928083e-02;2.1750000e+02;-6.2849775e-02;2.1750000e+02;-2.6710443e-02;2.1750000e+02;1.6379738e-02;2.1750000e+02;6.8942457e-02;2.1750000e+02;1.3707599e-01;2.1750000e+02;2.3805645e-01;2.1750000e+02;2.9713991e-01;2.1750000e+02;2.8189284e-01;2.1750000e+02;2.1500382e-01;2.1750000e+02;1.3456081e-01;2.1750000e+02;6.1975718e-02;2.1750000e+02;2.0042062e-05;2.1750000e+02;-5.7611614e-02;2.1750000e+02;-1.1235154e-01;2.1750000e+02;-1.6412608e-01;2.1750000e+02;-2.1609873e-01;2.1750000e+02;-9.9195033e-02;2.1750000e+02;-8.9928083e-02;2.1750000e+02;-6.2849775e-02;2.1750000e+02;-2.6710443e-02;2.1750000e+02;1.6379738e-02;2.1750000e+02;6.8942457e-02;2.1750000e+02;1.3707599e-01;2.1750000e+02;2.3805645e-01;2.1750000e+02;2.9713991e-01;2.1750000e+02;2.8189284e-01;2.1750000e+02;2.1500382e-01;2.1750000e+02;1.3456081e-01;2.1750000e+02;6.1975718e-02;2.1750000e+02;2.0042062e-05;2.1750000e+02;-5.7611614e-02;2.1750000e+02;-1.1235154e-01;2.1750000e+02;-1.6412608e-01;2.1750000e+02;-2.1609873e-01;2.1750000e+02;-9.9195033e-02;2.1750000e+02;-8.9928083e-02;2.1750000e+02;-6.2849775e-02;2.1750000e+02;-2.6710443e-02;2.1750000e+02;1.6379738e-02;2.1750000e+02;6.8942457e-02;2.1750000e+02;1.3707599e-01;2.1750000e+02;2.3805645e-01;2.1750000e+02;2.9713991e-01;2.1750000e+02;2.8189284e-01;2.1750000e+02;2.1500382e-01;2.1750000e+02;1.3456081e-01;2.1750000e+02;6.1975718e-02;2.1750000e+02;2.0042062e-05;2.1750000e+02;-5.7611614e-02;2.1750000e+02;-1.1235154e-01;2.1750000e+02;-1.6412608e-01;2.1750000e+02;-2.1609873e-01;2.1750000e+02;-9.9195033e-02;2.1750000e+02;-8.9928083e-02;2.1750000e+02;-6.2849775e-02;2.1750000e+02;-2.6710443e-02;2.1750000e+02;1.6379738e-02;2.1750000e+02;6.8942457e-02;2.1750000e+02;1.3707599e-01;2.1750000e+02;2.3805645e-01;2.1750000e+02;2.9713991e-01;2.1750000e+02;2.8189284e-01;2.1750000e+02;2.1500382e-01;2.1750000e+02;1.3456081e-01;2.1750000e+02;6.1975718e-02;2.1750000e+02;2.0042062e-05;2.1750000e+02;-5.7611614e-02;2.1750000e+02;-1.1235154e-01;2.1750000e+02;-1.6412608e-01;2.1750000e+02;-2.1609873e-01;2.1750000e+02;-9.9195033e-02;2.1750000e+02;-8.9928083e-02;2.1750000e+02;-6.2849775e-02;2.1750000e+02;-2.6710443e-02;2.1750000e+02;1.6379738e-02;2.1750000e+02;6.8942457e-02;2.1750000e+02;1.3707599e-01;2.1750000e+02;2.3805645e-01;2.1750000e+02;2.9713991e-01;2.1750000e+02;2.8189284e-01;2.1750000e+02;2.1500382e-01;2.1750000e+02;1.3456081e-01;2.1750000e+02;6.1975718e-02;2.1750000e+02;2.0042062e-05;2.1750000e+02;-5.7611614e-02;2.1750000e+02;-1.1235154e-01;2.1750000e+02;-1.6412608e-01;2.1750000e+02;-2.1609873e-01;2.1750000e+02;-9.9195033e-02;2.1750000e+02;-8.9928083e-02;2.1750000e+02;-6.2849775e-02;2.1750000e+02;-2.6710443e-02;2.1750000e+02;1.6379738e-02;2.1750000e+02;6.8942457e-02;2.1750000e+02;1.3707599e-01;2.1750000e+02;2.3805645e-01;2.1750000e+02;2.9713991e-01;2.1750000e+02;2.8189284e-01;2.1750000e+02;2.1500382e-01;2.1750000e+02;1.3456081e-01;2.1750000e+02;6.1975718e-02;2.1750000e+02;2.0042062e-05;2.1750000e+02;-5.7611614e-02;2.1750000e+02;-1.1235154e-01;2.1750000e+02;-1.6412608e-01;2.1750000e+02;-2.1609873e-01;2.1750000e+02;-9.9195033e-02;2.1750000e+02;-8.9928083e-02;2.1750000e+02;-6.2849775e-02;2.1750000e+02;-2.6710443e-02;2.1750000e+02;1.6379738e-02;2.1750000e+02;6.8942457e-02;2.1750000e+02;1.3707599e-01;2.1750000e+02;2.3805645e-01;2.1750000e+02;2.9713991e-01;2.1750000e+02;2.8189284e-01;2.1750000e+02;2.1500382e-01;2.1750000e+02;1.3456081e-01;2.1750000e+02;6.1975718e-02;2.1750000e+02;2.0042062e-05;2.1750000e+02;-5.7611614e-02;2.1750000e+02;-1.1235154e-01;2.1750000e+02;-1.6412608e-01;2.1750000e+02;-2.1609873e-01;2.1750000e+02;-9.9195033e-02;2.1750000e+02;-8.9928083e-02;2.1750000e+02;-6.2849775e-02;2.1750000e+02;-2.6710443e-02;2.1750000e+02;1.6379738e-02;2.1750000e+02;6.8942457e-02;2.1750000e+02;1.3707599e-01;2.1750000e+02;2.3805645e-01;2.1750000e+02;2.9713991e-01;2.1750000e+02;2.8189284e-01;2.1750000e+02;2.1500382e-01;2.1750000e+02;1.3456081e-01;2.1750000e+02;6.1975718e-02;2.1750000e+02;2.0042062e-05;2.1750000e+02;-5.7611614e-02;2.1750000e+02;-1.1235154e-01;2.1750000e+02;-1.6412608e-01;2.1750000e+02;-2.1609873e-01;2.1750000e+02;-9.9195033e-02;2.1750000e+02;-8.9928083e-02;2.1750000e+02;-6.2849775e-02;2.1750000e+02;-2.6710443e-02;2.1750000e+02;1.6379738e-02;2.1750000e+02;6.8942457e-02;2.1750000e+02;1.3707599e-01;2.1750000e+02;2.3805645e-01;2.1750000e+02;2.9713991e-01;2.1750000e+02;2.8189284e-01;2.1750000e+02;2.1500382e-01;2.1750000e+02;1.3456081e-01;2.1750000e+02;6.1975718e-02;2.1750000e+02;2.0042062e-05;2.1750000e+02;-5.7611614e-02;2.1750000e+02;-1.1235154e-01;2.1750000e+02;-1.6412608e-01;2.1750000e+02;-2.1609873e-01;2.1750000e+02;-9.9195033e-02;2.1750000e+02;-8.9928083e-02;2.1750000e+02;-6.2849775e-02;2.1750000e+02;-2.6710443e-02;2.1750000e+02;1.6379738e-02;2.1750000e+02;6.8942457e-02;2.1750000e+02;1.3707599e-01;2.1750000e+02;2.3805645e-01;2.1750000e+02;2.9713991e-01;2.1750000e+02;2.8189284e-01;2.1750000e+02;2.1500382e-01;2.1750000e+02;1.3456081e-01;2.1750000e+02;6.1975718e-02;2.1750000e+02;2.0042062e-05;2.1750000e+02;-5.7611614e-02;2.1750000e+02;-1.1235154e-01;2.1750000e+02;-1.6412608e-01;2.1750000e+02;-2.1609873e-01;2.1750000e+02;-9.9195033e-02;2.1750000e+02;-8.9928083e-02;2.1750000e+02;-6.2849775e-02;2.1750000e+02;-2.6710443e-02;2.1750000e+02;1.6379738e-02;2.1750000e+02;6.8942457e-02;2.1750000e+02;1.3707599e-01;2.1750000e+02;2.3805645e-01;2.1750000e+02;2.9713991e-01;2.1750000e+02;2.8189284e-01;2.1750000e+02;2.1500382e-01;2.1750000e+02;1.3456081e-01;2.1750000e+02;6.1975718e-02;2.1750000e+02;2.0042062e-05;2.1750000e+02;-5.7611614e-02;2.1750000e+02;-1.1235154e-01;2.1750000e+02;-1.6412608e-01;2.1750000e+02;-2.1609873e-01;2.1750000e+02;-9.9195033e-02;2.1750000e+02;-8.9928083e-02;2.1750000e+02;-6.2849775e-02;2.1750000e+02;-2.6710443e-02;2.1750000e+02;1.6379738e-02;2.1750000e+02;6.8942457e-02;2.1750000e+02;1.3707599e-01;2.1750000e+02;2.3805645e-01;2.1750000e+02;2.9713991e-01;2.1750000e+02;2.8189284e-01;2.1750000e+02;2.1500382e-01;2.1750000e+02;1.3456081e-01;2.1750000e+02;6.1975718e-02;2.1750000e+02;2.0042062e-05;2.1750000e+02;-5.7611614e-02;2.1750000e+02;-1.1235154e-01;2.1750000e+02;-1.6412608e-01;2.1750000e+02;-2.1609873e-01;2.1750000e+02;-9.9195033e-02;2.1750000e+02;-8.9928083e-02;2.1750000e+02;-6.2849775e-02;2.1750000e+02;-2.6710443e-02;2.1750000e+02;1.6379738e-02;2.1750000e+02;6.8942457e-02;2.1750000e+02;1.3707599e-01;2.1750000e+02;2.3805645e-01;2.1750000e+02;2.9713991e-01;2.1750000e+02;2.8189284e-01;2.1750000e+02;2.1500382e-01;2.1750000e+02;1.3456081e-01;2.1750000e+02;6.1975718e-02;2.1750000e+02;2.0042062e-05;2.1750000e+02;-5.7611614e-02;2.1750000e+02;-1.1235154e-01;2.1750000e+02;-1.6412608e-01;2.1750000e+02;-2.1609873e-01;2.1750000e+02;-9.9195033e-02;2.1750000e+02;-8.9928083e-02;2.1750000e+02;-6.2849775e-02;2.1750000e+02;-2.6710443e-02;2.1750000e+02;1.6379738e-02;2.1750000e+02;6.8942457e-02;2.1750000e+02;1.3707599e-01;2.1750000e+02;2.3805645e-01;2.1750000e+02;2.9713991e-01;2.1750000e+02;2.8189284e-01;2.1750000e+02;2.1500382e-01;2.1750000e+02;1.3456081e-01;2.1750000e+02;6.1975718e-02;2.1750000e+02;2.0042062e-05;2.1750000e+02;-5.7611614e-02;2.1750000e+02;-1.1235154e-01;2.1750000e+02;-1.6412608e-01;2.1750000e+02;-2.1609873e-01;2.1750000e+02;-9.9195033e-02;2.1750000e+02;-8.9928083e-02;2.1750000e+02;-6.2849775e-02;2.1750000e+02;-2.6710443e-02;2.1750000e+02;1.6379738e-02;2.1750000e+02;6.8942457e-02;2.1750000e+02;1.3707599e-01;2.1750000e+02;2.3805645e-01;2.1750000e+02;2.9713991e-01;2.1750000e+02;2.8189284e-01;2.1750000e+02;2.1500382e-01;2.1750000e+02;1.3456081e-01;2.1750000e+02;6.1975718e-02;2.1750000e+02;2.0042062e-05;2.1750000e+02;-5.7611614e-02;2.1750000e+02;-1.1235154e-01;2.1750000e+02;-1.6412608e-01;2.1750000e+02;-2.1609873e-01;2.1750000e+02;-9.9195033e-02;2.1750000e+02;-8.9928083e-02;2.1750000e+02;-6.2849775e-02;2.1750000e+02;-2.6710443e-02;2.1750000e+02;1.6379738e-02;2.1750000e+02;6.8942457e-02;2.1750000e+02;1.3707599e-01;2.1750000e+02;2.3805645e-01;2.1750000e+02;2.9713991e-01;2.1750000e+02;2.8189284e-01;2.1750000e+02;2.1500382e-01;2.1750000e+02;1.3456081e-01;2.1750000e+02;6.1975718e-02;2.1750000e+02;2.0042062e-05;2.1750000e+02;-5.7611614e-02;2.1750000e+02;-1.1235154e-01;2.1750000e+02;-1.6412608e-01;2.1750000e+02;-2.1609873e-01;2.1750000e+02;-9.9195033e-02;2.1750000e+02;-8.9928083e-02;2.1750000e+02;-6.2849775e-02;2.1750000e+02;-2.6710443e-02;2.1750000e+02;1.6379738e-02;2.1750000e+02;6.8942457e-02;2.1750000e+02;1.3707599e-01;2.1750000e+02;2.3805645e-01;2.1750000e+02;2.9713991e-01;2.1750000e+02;2.8189284e-01;2.1750000e+02;2.1500382e-01;2.1750000e+02;1.3456081e-01;2.1750000e+02;6.1975718e-02;2.1750000e+02;2.0042062e-05;2.1750000e+02;-5.7611614e-02;2.1750000e+02;-1.1235154e-01;2.1750000e+02;-1.6412608e-01;2.1750000e+02;-2.1609873e-01;2.1750000e+02;-9.9195033e-02;2.1750000e+02;-8.9928083e-02;2.1750000e+02;-6.2849775e-02;2.1750000e+02;-2.6710443e-02;2.1750000e+02;1.6379738e-02;2.1750000e+02;6.8942457e-02;2.1750000e+02;1.3707599e-01;2.1750000e+02;2.3805645e-01;2.1750000e+02;2.9713991e-01;2.1750000e+02;2.8189284e-01;2.1750000e+02;2.1500382e-01;2.1750000e+02;1.3456081e-01;2.1750000e+02;6.1975718e-02;2.1750000e+02;2.0042062e-05;2.1750000e+02;-5.7611614e-02;2.1750000e+02;-1.1235154e-01;2.1750000e+02;-1.6412608e-01;2.1750000e+02;-2.1609873e-01;2.1750000e+02;-9.9195033e-02;2.1750000e+02;-8.9928083e-02;2.1750000e+02;-6.2849775e-02;2.1750000e+02;-2.6710443e-02;2.1750000e+02;1.6379738e-02;2.1750000e+02;6.8942457e-02;2.1750000e+02;1.3707599e-01;2.1750000e+02;2.3805645e-01;2.1750000e+02;2.9713991e-01;2.1750000e+02;2.8189284e-01;2.1750000e+02;2.1500382e-01;2.1750000e+02;1.3456081e-01;2.1750000e+02;6.1975718e-02;2.1750000e+02;2.0042062e-05;2.1750000e+02;-5.7611614e-02;2.1750000e+02;-1.1235154e-01;2.1750000e+02;-1.6412608e-01;2.1750000e+02;-2.1609873e-01;2.1750000e+02;-9.9195033e-02;2.1750000e+02;-8.9928083e-02;2.1750000e+02;-6.2849775e-02;2.1750000e+02;-2.6710443e-02;2.1750000e+02;1.6379738e-02;2.1750000e+02;6.8942457e-02;2.1750000e+02;1.3707599e-01;2.1750000e+02;2.3805645e-01;2.1750000e+02;2.9713991e-01;2.1750000e+02;2.8189284e-01;2.1750000e+02;2.1500382e-01;2.1750000e+02;1.3456081e-01;2.1750000e+02;6.1975718e-02;2.1750000e+02;2.0042062e-05;2.1750000e+02;-5.7611614e-02;2.1750000e+02;-1.1235154e-01;2.1750000e+02;-1.6412608e-01;2.1750000e+02;-2.1609873e-01;2.1750000e+02;-9.9195033e-02;2.1750000e+02;-8.9928083e-02;2.1750000e+02;-6.2849775e-02;2.1750000e+02;-2.6710443e-02;2.1750000e+02;1.6379738e-02;2.1750000e+02;6.8942457e-02;2.1750000e+02;1.3707599e-01;2.1750000e+02;2.3805645e-01;2.1750000e+02;2.9713991e-01;2.1750000e+02;2.8189284e-01;2.1750000e+02;2.1500382e-01;2.1750000e+02;1.3456081e-01;2.1750000e+02;6.1975718e-02;2.1750000e+02;2.0042062e-05;2.1750000e+02;-5.7611614e-02;2.1750000e+02;-1.1235154e-01;2.1750000e+02;-1.6412608e-01;2.1750000e+02;-2.1609873e-01;2.1750000e+02;-9.9195033e-02;2.1750000e+02;-8.9928083e-02;2.1750000e+02;-6.2849775e-02;2.1750000e+02;-2.6710443e-02;2.1750000e+02;1.6379738e-02;2.1750000e+02;6.8942457e-02;2.1750000e+02;1.3707599e-01;2.1750000e+02;2.3805645e-01;2.1750000e+02;2.9713991e-01;2.1750000e+02;2.8189284e-01;2.1750000e+02;2.1500382e-01;2.1750000e+02;1.3456081e-01;2.1750000e+02;6.1975718e-02;2.1750000e+02;2.0042062e-05;2.1750000e+02;-5.7611614e-02;2.1750000e+02;-1.1235154e-01;2.1750000e+02;-1.6412608e-01;2.1750000e+02;-2.1609873e-01;2.1750000e+02;-9.9195033e-02;2.1750000e+02;-8.9928083e-02;2.1750000e+02;-6.2849775e-02;2.1750000e+02;-2.6710443e-02;2.1750000e+02;1.6379738e-02;2.1750000e+02;6.8942457e-02;2.1750000e+02;1.3707599e-01;2.1750000e+02;2.3805645e-01;2.1750000e+02;2.9713991e-01;2.1750000e+02;2.8189284e-01;2.1750000e+02;2.1500382e-01;2.1750000e+02;1.3456081e-01;2.1750000e+02;6.1975718e-02;2.1750000e+02;2.0042062e-05;2.1750000e+02;-5.7611614e-02;2.1750000e+02;-1.1235154e-01;2.1750000e+02;-1.6412608e-01;2.1750000e+02;-2.1609873e-01;2.1750000e+02;-9.9195033e-02;2.1750000e+02;-8.9928083e-02;2.1750000e+02;-6.2849775e-02;2.1750000e+02;-2.6710443e-02;2.1750000e+02;1.6379738e-02;2.1750000e+02;6.8942457e-02;2.1750000e+02;1.3707599e-01;2.1750000e+02;2.3805645e-01;2.1750000e+02;2.9713991e-01;2.1750000e+02;2.8189284e-01;2.1750000e+02;2.1500382e-01;2.1750000e+02;1.3456081e-01;2.1750000e+02;6.1975718e-02;2.1750000e+02;2.0042062e-05;2.1750000e+02;-5.7611614e-02;2.1750000e+02;-1.1235154e-01;2.1750000e+02;-1.6412608e-01;2.1750000e+02;-2.1609873e-01;2.1750000e+02;-9.9195033e-02;2.1750000e+02;-8.9928083e-02;2.1750000e+02;-6.2849775e-02;2.1750000e+02;-2.6710443e-02;2.1750000e+02;1.6379738e-02;2.1750000e+02;6.8942457e-02;2.1750000e+02;1.3707599e-01;2.1750000e+02;2.3805645e-01;2.1750000e+02;2.9713991e-01;2.1750000e+02;2.8189284e-01;2.1750000e+02;2.1500382e-01;2.1750000e+02;1.3456081e-01;2.1750000e+02;6.1975718e-02;2.1750000e+02;2.0042062e-05;2.1750000e+02;-5.7611614e-02;2.1750000e+02;-1.1235154e-01;2.1750000e+02;-1.6412608e-01;2.1750000e+02;-2.1609873e-01;2.1750000e+02;-9.9195033e-02;2.1750000e+02;-8.9928083e-02;2.1750000e+02;-6.2849775e-02;2.1750000e+02;-2.6710443e-02;2.1750000e+02;1.6379738e-02;2.1750000e+02;6.8942457e-02;2.1750000e+02;1.3707599e-01;2.1750000e+02;2.3805645e-01;2.1750000e+02;2.9713991e-01;2.1750000e+02;2.8189284e-01;2.1750000e+02;2.1500382e-01;2.1750000e+02;1.3456081e-01;2.1750000e+02;6.1975718e-02;2.1750000e+02;2.0042062e-05;2.1750000e+02;-5.7611614e-02;2.1750000e+02;-1.1235154e-01;2.1750000e+02;-1.6412608e-01;2.1750000e+02;-2.1609873e-01;2.1750000e+02;-9.9195033e-02;2.1750000e+02;-8.9928083e-02;2.1750000e+02;-6.2849775e-02;2.1750000e+02;-2.6710443e-02;2.1750000e+02;1.6379738e-02;2.1750000e+02;6.8942457e-02;2.1750000e+02;1.3707599e-01;2.1750000e+02;2.3805645e-01;2.1750000e+02;2.9713991e-01;2.1750000e+02;2.8189284e-01;2.1750000e+02;2.1500382e-01;2.1750000e+02;1.3456081e-01;2.1750000e+02;6.1975718e-02;2.1750000e+02;2.0042062e-05;2.1750000e+02;-5.7611614e-02;2.1750000e+02;-1.1235154e-01;2.1750000e+02;-1.6412608e-01;2.1750000e+02;-2.1609873e-01;2.1750000e+02;-9.9195033e-02;2.1750000e+02;-8.9928083e-02;2.1750000e+02;-6.2849775e-02;2.1750000e+02;-2.6710443e-02;2.1750000e+02;1.6379738e-02;2.1750000e+02;6.8942457e-02;2.1750000e+02;1.3707599e-01;2.1750000e+02;2.3805645e-01;2.1750000e+02;2.9713991e-01;2.1750000e+02;2.8189284e-01;2.1750000e+02;2.1500382e-01;2.1750000e+02;1.3456081e-01;2.1750000e+02;6.1975718e-02;2.1750000e+02;2.0042062e-05;2.1750000e+02;-5.7611614e-02;2.1750000e+02;-1.1235154e-01;2.1750000e+02;-1.6412608e-01;2.1750000e+02;-2.1609873e-01;2.1750000e+02;-9.9195033e-02;2.1750000e+02;-8.9928083e-02;2.1750000e+02;-6.2849775e-02;2.1750000e+02;-2.6710443e-02;2.1750000e+02;1.6379738e-02;2.1750000e+02;6.8942457e-02;2.1750000e+02;1.3707599e-01;2.1750000e+02;2.3805645e-01;2.1750000e+02;2.9713991e-01;2.1750000e+02;2.8189284e-01;2.1750000e+02;2.1500382e-01;2.1750000e+02;1.3456081e-01;2.1750000e+02;6.1975718e-02;2.1750000e+02;2.0042062e-05;2.1750000e+02;-5.7611614e-02;2.1750000e+02;-1.1235154e-01;2.1750000e+02;-1.6412608e-01;2.1750000e+02;-2.1609873e-01;2.1750000e+02;-9.9195033e-02;2.1750000e+02;-8.9928083e-02;2.1750000e+02;-6.2849775e-02;2.1750000e+02;-2.6710443e-02;2.1750000e+02;1.6379738e-02;2.1750000e+02;6.8942457e-02;2.1750000e+02;1.3707599e-01;2.1750000e+02;2.3805645e-01;2.1750000e+02;2.9713991e-01;2.1750000e+02;2.8189284e-01;2.1750000e+02;2.1500382e-01;2.1750000e+02;1.3456081e-01;2.1750000e+02;6.1975718e-02;2.1750000e+02;2.0042062e-05;2.1750000e+02;-5.7611614e-02;2.1750000e+02;-1.1235154e-01;2.1750000e+02;-1.6412608e-01;2.1750000e+02;-2.1609873e-01;2.1750000e+02;-9.9195033e-02;2.1750000e+02;-8.9928083e-02;2.1750000e+02;-6.2849775e-02;2.1750000e+02;-2.6710443e-02;2.1750000e+02;1.6379738e-02;2.1750000e+02;6.8942457e-02;2.1750000e+02;1.3707599e-01;2.1750000e+02;2.3805645e-01;2.1750000e+02;2.9713991e-01;2.1750000e+02;2.8189284e-01;2.1750000e+02;2.1500382e-01;2.1750000e+02;1.3456081e-01;2.1750000e+02;6.1975718e-02;2.1750000e+02;2.0042062e-05;2.1750000e+02;-5.7611614e-02;2.1750000e+02;-1.1235154e-01;2.1750000e+02;-1.6412608e-01;2.1750000e+02;-2.1609873e-01;2.1750000e+02;-9.9195033e-02;2.1750000e+02;-8.9928083e-02;2.1750000e+02;-6.2849775e-02;2.1750000e+02;-2.6710443e-02;2.1750000e+02;1.6379738e-02;2.1750000e+02;6.8942457e-02;2.1750000e+02;1.3707599e-01;2.1750000e+02;2.3805645e-01;2.1750000e+02;2.9713991e-01;2.1750000e+02;2.8189284e-01;2.1750000e+02;2.1500382e-01;2.1750000e+02;1.3456081e-01;2.1750000e+02;6.1975718e-02;2.1750000e+02;2.0042062e-05;2.1750000e+02;-5.7611614e-02;2.1750000e+02;-1.1235154e-01;2.1750000e+02;-1.6412608e-01;2.1750000e+02;-2.1609873e-01;2.1750000e+02;-9.9195033e-02;2.1750000e+02;-8.9928083e-02;2.1750000e+02;-6.2849775e-02;2.1750000e+02;-2.6710443e-02;2.1750000e+02;1.6379738e-02;2.1750000e+02;6.8942457e-02;2.1750000e+02;1.3707599e-01;2.1750000e+02;2.3805645e-01;2.1750000e+02;2.9713991e-01;2.1750000e+02;2.8189284e-01;2.1750000e+02;2.1500382e-01;2.1750000e+02;1.3456081e-01;2.1750000e+02;6.1975718e-02;2.1750000e+02;2.0042062e-05;2.1750000e+02;-5.7611614e-02;2.1750000e+02;-1.1235154e-01;2.1750000e+02;-1.6412608e-01;2.1750000e+02;-2.1609873e-01;2.1750000e+02;-9.9195033e-02;2.1750000e+02;-8.9928083e-02;2.1750000e+02;-6.2849775e-02;2.1750000e+02;-2.6710443e-02;2.1750000e+02;1.6379738e-02;2.1750000e+02;6.8942457e-02;2.1750000e+02;1.3707599e-01;2.1750000e+02;2.3805645e-01;2.1750000e+02;2.9713991e-01;2.1750000e+02;2.8189284e-01;2.1750000e+02;2.1500382e-01;2.1750000e+02;1.3456081e-01;2.1750000e+02;6.1975718e-02;2.1750000e+02;2.0042062e-05;2.1750000e+02;-5.7611614e-02;2.1750000e+02;-1.1235154e-01;2.1750000e+02;-1.6412608e-01;2.1750000e+02;-2.1609873e-01;2.1750000e+02;-9.9195033e-02;2.1750000e+02;-8.9928083e-02;2.1750000e+02;-6.2849775e-02;2.1750000e+02;-2.6710443e-02;2.1750000e+02;1.6379738e-02;2.1750000e+02;6.8942457e-02;2.1750000e+02;1.3707599e-01;2.1750000e+02;2.3805645e-01;2.1750000e+02;2.9713991e-01;2.1750000e+02;2.8189284e-01;2.1750000e+02;2.1500382e-01;2.1750000e+02;1.3456081e-01;2.1750000e+02;6.1975718e-02;2.1750000e+02;2.0042062e-05;2.1750000e+02;-5.7611614e-02;2.1750000e+02;-1.1235154e-01;2.1750000e+02;-1.6412608e-01;2.1750000e+02;-2.1609873e-01;2.1750000e+02;-9.9195033e-02;2.1750000e+02;-8.9928083e-02;2.1750000e+02;-6.2849775e-02;2.1750000e+02;-2.6710443e-02;2.1750000e+02;1.6379738e-02;2.1750000e+02;6.8942457e-02;2.1750000e+02;1.3707599e-01;2.1750000e+02;2.3805645e-01;2.1750000e+02;2.9713991e-01;2.1750000e+02;2.8189284e-01;2.1750000e+02;2.1500382e-01;2.1750000e+02;1.3456081e-01;2.1750000e+02;6.1975718e-02;2.1750000e+02;2.0042062e-05;2.1750000e+02;-5.7611614e-02;2.1750000e+02;-1.1235154e-01;2.1750000e+02;-1.6412608e-01;2.1750000e+02;-2.1609873e-01;2.1750000e+02;-9.9195033e-02;2.1750000e+02;-8.9928083e-02;2.1750000e+02;-6.2849775e-02;2.1750000e+02;-2.6710443e-02;2.1750000e+02;1.6379738e-02;2.1750000e+02;6.8942457e-02;2.1750000e+02;1.3707599e-01;2.1750000e+02;2.3805645e-01;2.1750000e+02;2.9713991e-01;2.1750000e+02;2.8189284e-01;2.1750000e+02;2.1500382e-01;2.1750000e+02;1.3456081e-01;2.1750000e+02;6.1975718e-02;2.1750000e+02;2.0042062e-05;2.1750000e+02;-5.7611614e-02;2.1750000e+02;-1.1235154e-01;2.1750000e+02;-1.6412608e-01;2.1750000e+02;-2.1609873e-01;2.1750000e+02;-9.9195033e-02;2.1750000e+02;-8.9928083e-02;2.1750000e+02;-6.2849775e-02;2.1750000e+02;-2.6710443e-02;2.1750000e+02;1.6379738e-02;2.1750000e+02;6.8942457e-02;2.1750000e+02;1.3707599e-01;2.1750000e+02;2.3805645e-01;2.1750000e+02;2.9713991e-01;2.1750000e+02;2.8189284e-01;2.1750000e+02;2.1500382e-01;2.1750000e+02;1.3456081e-01;2.1750000e+02;6.1975718e-02;2.1750000e+02;2.0042062e-05;2.1750000e+02;-5.7611614e-02;2.1750000e+02;-1.1235154e-01;2.1750000e+02;-1.6412608e-01;2.1750000e+02;-2.1609873e-01;2.1750000e+02;-9.9195033e-02;2.1750000e+02;-8.9928083e-02;2.1750000e+02;-6.2849775e-02;2.1750000e+02;-2.6710443e-02;2.1750000e+02;1.6379738e-02;2.1750000e+02;6.8942457e-02;2.1750000e+02;1.3707599e-01;2.1750000e+02;2.3805645e-01;2.1750000e+02;2.9713991e-01;2.1750000e+02;2.8189284e-01;2.1750000e+02;2.1500382e-01;2.1750000e+02;1.3456081e-01;2.1750000e+02;6.1975718e-02;2.1750000e+02;2.0042062e-05;2.1750000e+02;-5.7611614e-02;2.1750000e+02;-1.1235154e-01;2.1750000e+02;-1.6412608e-01;2.1750000e+02;-2.1609873e-01;2.1750000e+02;-9.9195033e-02;2.1750000e+02;-8.9928083e-02;2.1750000e+02;-6.2849775e-02;2.1750000e+02;-2.6710443e-02;2.1750000e+02;1.6379738e-02;2.1750000e+02;6.8942457e-02;2.1750000e+02;1.3707599e-01;2.1750000e+02;2.3805645e-01;2.1750000e+02;2.9713991e-01;2.1750000e+02;2.8189284e-01;2.1750000e+02;2.1500382e-01;2.1750000e+02;1.3456081e-01;2.1750000e+02;6.1975718e-02;2.1750000e+02;2.0042062e-05;2.1750000e+02;-5.7611614e-02;2.1750000e+02;-1.1235154e-01;2.1750000e+02;-1.6412608e-01;2.1750000e+02;-2.1609873e-01;2.1750000e+02;-9.9195033e-02;2.1750000e+02;-8.9928083e-02;2.1750000e+02;-6.2849775e-02;2.1750000e+02;-2.6710443e-02;2.1750000e+02;1.6379738e-02;2.1750000e+02;6.8942457e-02;2.1750000e+02;1.3707599e-01;2.1750000e+02;2.3805645e-01;2.1750000e+02;2.9713991e-01;2.1750000e+02;2.8189284e-01;2.1750000e+02;2.1500382e-01;2.1750000e+02;1.3456081e-01;2.1750000e+02;6.1975718e-02;2.1750000e+02;2.0042062e-05;2.1750000e+02;-5.7611614e-02;2.1750000e+02;-1.1235154e-01;2.1750000e+02;-1.6412608e-01;2.1750000e+02;-2.1609873e-01;2.1750000e+02;-9.9195033e-02;2.1750000e+02;-8.9928083e-02;2.1750000e+02;-6.2849775e-02;2.1750000e+02;-2.6710443e-02;2.1750000e+02;1.6379738e-02;2.1750000e+02;6.8942457e-02;2.1750000e+02;1.3707599e-01;2.1750000e+02;2.3805645e-01;2.1750000e+02;2.9713991e-01;2.1750000e+02;2.8189284e-01;2.1750000e+02;2.1500382e-01;2.1750000e+02;1.3456081e-01;2.1750000e+02;6.1975718e-02;2.1750000e+02;2.0042062e-05;2.1750000e+02;-5.7611614e-02;2.1750000e+02;-1.1235154e-01;2.1750000e+02;-1.6412608e-01;2.1750000e+02;-2.1609873e-01;2.1750000e+02;-9.9195033e-02;2.1750000e+02;-8.9928083e-02;2.1750000e+02;-6.2849775e-02;2.1750000e+02;-2.6710443e-02;2.1750000e+02;1.6379738e-02;2.1750000e+02;6.8942457e-02;2.1750000e+02;1.3707599e-01;2.1750000e+02;2.3805645e-01;2.1750000e+02;2.9713991e-01;2.1750000e+02;2.8189284e-01;2.1750000e+02;2.1500382e-01;2.1750000e+02;1.3456081e-01;2.1750000e+02;6.1975718e-02;2.1750000e+02;2.0042062e-05;2.1750000e+02;-5.7611614e-02;2.1750000e+02;-1.1235154e-01;2.1750000e+02;-1.6412608e-01;2.1750000e+02;-2.1609873e-01;2.1750000e+02;-9.9195033e-02;2.1750000e+02;-8.9928083e-02;2.1750000e+02;-6.2849775e-02;2.1750000e+02;-2.6710443e-02;2.1750000e+02;1.6379738e-02;2.1750000e+02;6.8942457e-02;2.1750000e+02;1.3707599e-01;2.1750000e+02;2.3805645e-01;2.1750000e+02;2.9713991e-01;2.1750000e+02;2.8189284e-01;2.1750000e+02;2.1500382e-01;2.1750000e+02;1.3456081e-01;2.1750000e+02;6.1975718e-02;2.1750000e+02;2.0042062e-05;2.1750000e+02;-5.7611614e-02;2.1750000e+02;-1.1235154e-01;2.1750000e+02;-1.6412608e-01;2.1750000e+02;-2.1609873e-01;2.1750000e+02;-9.9195033e-02;2.1750000e+02;-8.9928083e-02;2.1750000e+02;-6.2849775e-02;2.1750000e+02;-2.6710443e-02;2.1750000e+02;1.6379738e-02;2.1750000e+02;6.8942457e-02;2.1750000e+02;1.3707599e-01;2.1750000e+02;2.3805645e-01;2.1750000e+02;2.9713991e-01;2.1750000e+02;2.8189284e-01;2.1750000e+02;2.1500382e-01;2.1750000e+02;1.3456081e-01;2.1750000e+02;6.1975718e-02;2.1750000e+02;2.0042062e-05;2.1750000e+02;-5.7611614e-02;2.1750000e+02;-1.1235154e-01;2.1750000e+02;-1.6412608e-01;2.1750000e+02;-2.1609873e-01;2.1750000e+02;-9.9195033e-02;2.1750000e+02;-8.9928083e-02;2.1750000e+02;-6.2849775e-02;2.1750000e+02;-2.6710443e-02;2.1750000e+02;1.6379738e-02;2.1750000e+02;6.8942457e-02;2.1750000e+02;1.3707599e-01;2.1750000e+02;2.3805645e-01;2.1750000e+02;2.9713991e-01;2.1750000e+02;2.8189284e-01;2.1750000e+02;2.1500382e-01;2.1750000e+02;1.3456081e-01;2.1750000e+02;6.1975718e-02;2.1750000e+02;2.0042062e-05;2.1750000e+02;-5.7611614e-02;2.1750000e+02;-1.1235154e-01;2.1750000e+02;-1.6412608e-01;2.1750000e+02;-2.1609873e-01;2.1750000e+02;-9.9195033e-02;2.1750000e+02;-8.9928083e-02;2.1750000e+02;-6.2849775e-02;2.1750000e+02;-2.6710443e-02;2.1750000e+02;1.6379738e-02;2.1750000e+02;6.8942457e-02;2.1750000e+02;1.3707599e-01;2.1750000e+02;2.3805645e-01;2.1750000e+02;2.9713991e-01;2.1750000e+02;2.8189284e-01;2.1750000e+02;2.1500382e-01;2.1750000e+02;1.3456081e-01;2.1750000e+02;6.1975718e-02;2.1750000e+02;2.0042062e-05;2.1750000e+02;-5.7611614e-02;2.1750000e+02;-1.1235154e-01;2.1750000e+02;-1.6412608e-01;2.1750000e+02;-2.1609873e-01;2.1750000e+02;-9.9195033e-02;2.1750000e+02;-8.9928083e-02;2.1750000e+02;-6.2849775e-02;2.1750000e+02;-2.6710443e-02;2.1750000e+02;1.6379738e-02;2.1750000e+02;6.8942457e-02;2.1750000e+02;1.3707599e-01;2.1750000e+02;2.3805645e-01;2.1750000e+02;2.9713991e-01;2.1750000e+02;2.8189284e-01;2.1750000e+02;2.1500382e-01;2.1750000e+02;1.3456081e-01;2.1750000e+02;6.1975718e-02;2.1750000e+02;2.0042062e-05;2.1750000e+02;-5.7611614e-02;2.1750000e+02;-1.1235154e-01;2.1750000e+02;-1.6412608e-01;2.1750000e+02;-2.1609873e-01;2.1750000e+02;-9.9195033e-02;2.1750000e+02;-8.9928083e-02;2.1750000e+02;-6.2849775e-02;2.1750000e+02;-2.6710443e-02;2.1750000e+02;1.6379738e-02;2.1750000e+02;6.8942457e-02;2.1750000e+02;1.3707599e-01;2.1750000e+02;2.3805645e-01;2.1750000e+02;2.9713991e-01;2.1750000e+02;2.8189284e-01;2.1750000e+02;2.1500382e-01;2.1750000e+02;1.3456081e-01;2.1750000e+02;6.1975718e-02;2.1750000e+02;2.0042062e-05;2.1750000e+02;-5.7611614e-02;2.1750000e+02;-1.1235154e-01;2.1750000e+02;-1.6412608e-01;2.1750000e+02;-2.1609873e-01;2.1750000e+02;-9.9195033e-02;2.1750000e+02;-8.9928083e-02;2.1750000e+02;-6.2849775e-02;2.1750000e+02;-2.6710443e-02;2.1750000e+02;1.6379738e-02;2.1750000e+02;6.8942457e-02;2.1750000e+02;1.3707599e-01;2.1750000e+02;2.3805645e-01;2.1750000e+02;2.9713991e-01;2.1750000e+02;2.8189284e-01;2.1750000e+02;2.1500382e-01;2.1750000e+02;1.3456081e-01;2.1750000e+02;6.1975718e-02;2.1750000e+02;2.0042062e-05;2.1750000e+02;-5.7611614e-02;2.1750000e+02;-1.1235154e-01;2.1750000e+02;-1.6412608e-01;2.1750000e+02;-2.1609873e-01;2.1750000e+02;-9.9195033e-02;2.1750000e+02;-8.9928083e-02;2.1750000e+02;-6.2849775e-02;2.1750000e+02;-2.6710443e-02;2.1750000e+02;1.6379738e-02;2.1750000e+02;6.8942457e-02;2.1750000e+02;1.3707599e-01;2.1750000e+02;2.3805645e-01;2.1750000e+02;2.9713991e-01;2.1750000e+02;2.8189284e-01;2.1750000e+02;2.1500382e-01;2.1750000e+02;1.3456081e-01;2.1750000e+02;6.1975718e-02;2.1750000e+02;2.0042062e-05;2.1750000e+02;-5.7611614e-02;2.1750000e+02;-1.1235154e-01;2.1750000e+02;-1.6412608e-01;2.1750000e+02;-2.1609873e-01;2.1750000e+02;-9.9195033e-02;2.1750000e+02;-8.9928083e-02;2.1750000e+02;-6.2849775e-02;2.1750000e+02;-2.6710443e-02;2.1750000e+02;1.6379738e-02;2.1750000e+02;6.8942457e-02;2.1750000e+02;1.3707599e-01;2.1750000e+02;2.3805645e-01;2.1750000e+02;2.9713991e-01;2.1750000e+02;2.8189284e-01;2.1750000e+02;2.1500382e-01;2.1750000e+02;1.3456081e-01;2.1750000e+02;6.1975718e-02;2.1750000e+02;2.0042062e-05;2.1750000e+02;-5.7611614e-02;2.1750000e+02;-1.1235154e-01;2.1750000e+02;-1.6412608e-01;2.1750000e+02;-2.1609873e-01;2.1750000e+02;-9.9195033e-02;2.1750000e+02;-8.9928083e-02;2.1750000e+02;-6.2849775e-02;2.1750000e+02;-2.6710443e-02;2.1750000e+02;1.6379738e-02;2.1750000e+02;6.8942457e-02;2.1750000e+02;1.3707599e-01;2.1750000e+02;2.3805645e-01;2.1750000e+02;2.9713991e-01;2.1750000e+02;2.8189284e-01;2.1750000e+02;2.1500382e-01;2.1750000e+02;1.3456081e-01;2.1750000e+02;6.1975718e-02;2.1750000e+02;2.0042062e-05;2.1750000e+02;-5.7611614e-02;2.1750000e+02;-1.1235154e-01;2.1750000e+02;-1.6412608e-01;2.1750000e+02;-2.1609873e-01;2.1750000e+02;-9.9195033e-02;2.1750000e+02;-8.9928083e-02;2.1750000e+02;-6.2849775e-02;2.1750000e+02;-2.6710443e-02;2.1750000e+02;1.6379738e-02;2.1750000e+02;6.8942457e-02;2.1750000e+02;1.3707599e-01;2.1750000e+02;2.3805645e-01;2.1750000e+02;2.9713991e-01;2.1750000e+02;2.8189284e-01;2.1750000e+02;2.1500382e-01;2.1750000e+02;1.3456081e-01;2.1750000e+02;6.1975718e-02;2.1750000e+02;2.0042062e-05;2.1750000e+02;-5.7611614e-02;2.1750000e+02;-1.1235154e-01;2.1750000e+02;-1.6412608e-01;2.1750000e+02;-2.1609873e-01;2.1750000e+02;-9.9195033e-02;2.1750000e+02;-8.9928083e-02;2.1750000e+02;-6.2849775e-02;2.1750000e+02;-2.6710443e-02;2.1750000e+02;1.6379738e-02;2.1750000e+02;6.8942457e-02;2.1750000e+02;1.3707599e-01;2.1750000e+02;2.3805645e-01;2.1750000e+02;2.9713991e-01;2.1750000e+02;2.8189284e-01;2.1750000e+02;2.1500382e-01;2.1750000e+02;1.3456081e-01;2.1750000e+02;6.1975718e-02;2.1750000e+02;2.0042062e-05;2.1750000e+02;-5.7611614e-02;2.1750000e+02;-1.1235154e-01;2.1750000e+02;-1.6412608e-01;2.1750000e+02;-2.1609873e-01;2.1750000e+02;-9.9195033e-02;2.1750000e+02;-8.9928083e-02;2.1750000e+02;-6.2849775e-02;2.1750000e+02;-2.6710443e-02;2.1750000e+02;1.6379738e-02;2.1750000e+02;6.8942457e-02;2.1750000e+02;1.3707599e-01;2.1750000e+02;2.3805645e-01;2.1750000e+02;2.9713991e-01;2.1750000e+02;2.8189284e-01;2.1750000e+02;2.1500382e-01;2.1750000e+02;1.3456081e-01;2.1750000e+02;6.1975718e-02;2.1750000e+02;2.0042062e-05;2.1750000e+02;-5.7611614e-02;2.1750000e+02;-1.1235154e-01;2.1750000e+02;-1.6412608e-01;2.1750000e+02;-2.1609873e-01;2.1750000e+02;-9.9195033e-02;2.1750000e+02;-8.9928083e-02;2.1750000e+02;-6.2849775e-02;2.1750000e+02;-2.6710443e-02;2.1750000e+02;1.6379738e-02;2.1750000e+02;6.8942457e-02;2.1750000e+02;1.3707599e-01;2.1750000e+02;2.3805645e-01;2.1750000e+02;2.9713991e-01;2.1750000e+02;2.8189284e-01;2.1750000e+02;2.1500382e-01;2.1750000e+02;1.3456081e-01;2.1750000e+02;6.1975718e-02;2.1750000e+02;2.0042062e-05;2.1750000e+02;-5.7611614e-02;2.1750000e+02;-1.1235154e-01;2.1750000e+02;-1.6412608e-01;2.1750000e+02;-2.1609873e-01;2.1750000e+02;-9.9195033e-02;2.1750000e+02;-8.9928083e-02;2.1750000e+02;-6.2849775e-02;2.1750000e+02;-2.6710443e-02;2.1750000e+02;1.6379738e-02;2.1750000e+02;6.8942457e-02;2.1750000e+02;1.3707599e-01;2.1750000e+02;2.3805645e-01;2.1750000e+02;2.9713991e-01;2.1750000e+02;2.8189284e-01;2.1750000e+02;2.1500382e-01;2.1750000e+02;1.3456081e-01;2.1750000e+02;6.1975718e-02;2.1750000e+02;2.0042062e-05;2.1750000e+02;-5.7611614e-02;2.1750000e+02;-1.1235154e-01;2.1750000e+02;-1.6412608e-01;2.1750000e+02;-2.1609873e-01;2.1750000e+02;-9.9195033e-02;2.1750000e+02;-8.9928083e-02;2.1750000e+02;-6.2849775e-02;2.1750000e+02;-2.6710443e-02;2.1750000e+02;1.6379738e-02;2.1750000e+02;6.8942457e-02;2.1750000e+02;1.3707599e-01;2.1750000e+02;2.3805645e-01;2.1750000e+02;2.9713991e-01;2.1750000e+02;2.8189284e-01;2.1750000e+02;2.1500382e-01;2.1750000e+02;1.3456081e-01;2.1750000e+02;6.1975718e-02;2.1750000e+02;2.0042062e-05;2.1750000e+02;-5.7611614e-02;2.1750000e+02;-1.1235154e-01;2.1750000e+02;-1.6412608e-01;2.1750000e+02;-2.1609873e-01;2.1750000e+02;-9.9195033e-02;2.1750000e+02;-8.9928083e-02;2.1750000e+02;-6.2849775e-02;2.1750000e+02;-2.6710443e-02;2.1750000e+02;1.6379738e-02;2.1750000e+02;6.8942457e-02;2.1750000e+02;1.3707599e-01;2.1750000e+02;2.3805645e-01;2.1750000e+02;2.9713991e-01;2.1750000e+02;2.8189284e-01;2.1750000e+02;2.1500382e-01;2.1750000e+02;1.3456081e-01;2.1750000e+02;6.1975718e-02;2.1750000e+02;2.0042062e-05;2.1750000e+02;-5.7611614e-02;2.1750000e+02;-1.1235154e-01;2.1750000e+02;-1.6412608e-01;2.1750000e+02;-2.1609873e-01;2.1750000e+02;-9.9195033e-02;2.1750000e+02;-8.9928083e-02;2.1750000e+02;-6.2849775e-02;2.1750000e+02;-2.6710443e-02;2.1750000e+02;1.6379738e-02;2.1750000e+02;6.8942457e-02;2.1750000e+02;1.3707599e-01;2.1750000e+02;2.3805645e-01;2.1750000e+02;2.9713991e-01;2.1750000e+02;2.8189284e-01;2.1750000e+02;2.1500382e-01;2.1750000e+02;1.3456081e-01;2.1750000e+02;6.1975718e-02;2.1750000e+02;2.0042062e-05;2.1750000e+02;-5.7611614e-02;2.1750000e+02;-1.1235154e-01;2.1750000e+02;-1.6412608e-01;2.1750000e+02;-2.1609873e-01;2.1750000e+02;-9.9195033e-02;2.1750000e+02;-8.9928083e-02;2.1750000e+02;-6.2849775e-02;2.1750000e+02;-2.6710443e-02;2.1750000e+02;1.6379738e-02;2.1750000e+02;6.8942457e-02;2.1750000e+02;1.3707599e-01;2.1750000e+02;2.3805645e-01;2.1750000e+02;2.9713991e-01;2.1750000e+02;2.8189284e-01;2.1750000e+02;2.1500382e-01;2.1750000e+02;1.3456081e-01;2.1750000e+02;6.1975718e-02;2.1750000e+02;2.0042062e-05;2.1750000e+02;-5.7611614e-02;2.1750000e+02;-1.1235154e-01;2.1750000e+02;-1.6412608e-01;2.1750000e+02;-2.1609873e-01;2.1750000e+02;-9.9195033e-02;2.1750000e+02;-8.9928083e-02;2.1750000e+02;-6.2849775e-02;2.1750000e+02;-2.6710443e-02;2.1750000e+02;1.6379738e-02;2.1750000e+02;6.8942457e-02;2.1750000e+02;1.3707599e-01;2.1750000e+02;2.3805645e-01;2.1750000e+02;2.9713991e-01;2.1750000e+02;2.8189284e-01;2.1750000e+02;2.1500382e-01;2.1750000e+02;1.3456081e-01;2.1750000e+02;6.1975718e-02;2.1750000e+02;2.0042062e-05;2.1750000e+02;-5.7611614e-02;2.1750000e+02;-1.1235154e-01;2.1750000e+02;-1.6412608e-01;2.1750000e+02;-2.1609873e-01;2.1750000e+02;-9.9195033e-02;2.1750000e+02;-8.9928083e-02;2.1750000e+02;-6.2849775e-02;2.1750000e+02;-2.6710443e-02;2.1750000e+02;1.6379738e-02;2.1750000e+02;6.8942457e-02;2.1750000e+02;1.3707599e-01;2.1750000e+02;2.3805645e-01;2.1750000e+02;2.9713991e-01;2.1750000e+02;2.8189284e-01;2.1750000e+02;2.1500382e-01;2.1750000e+02;1.3456081e-01;2.1750000e+02;6.1975718e-02;2.1750000e+02;2.0042062e-05;2.1750000e+02;-5.7611614e-02;2.1750000e+02;-1.1235154e-01;2.1750000e+02;-1.6412608e-01;2.1750000e+02;-2.1609873e-01;2.1750000e+02;-9.9195033e-02;2.1750000e+02;-8.9928083e-02;2.1750000e+02;-6.2849775e-02;2.1750000e+02;-2.6710443e-02;2.1750000e+02;1.6379738e-02;2.1750000e+02;6.8942457e-02;2.1750000e+02;1.3707599e-01;2.1750000e+02;2.3805645e-01;2.1750000e+02;2.9713991e-01;2.1750000e+02;2.8189284e-01;2.1750000e+02;2.1500382e-01;2.1750000e+02;1.3456081e-01;2.1750000e+02;6.1975718e-02;2.1750000e+02;2.0042062e-05;2.1750000e+02;-5.7611614e-02;2.1750000e+02;-1.1235154e-01;2.1750000e+02;-1.6412608e-01;2.1750000e+02;-2.1609873e-01;2.1750000e+02;-9.9195033e-02;2.1750000e+02;-8.9928083e-02;2.1750000e+02;-6.2849775e-02;2.1750000e+02;-2.6710443e-02;2.1750000e+02;1.6379738e-02;2.1750000e+02;6.8942457e-02;2.1750000e+02;1.3707599e-01;2.1750000e+02;2.3805645e-01;2.1750000e+02;2.9713991e-01;2.1750000e+02;2.8189284e-01;2.1750000e+02;2.1500382e-01;2.1750000e+02;1.3456081e-01;2.1750000e+02;6.1975718e-02;2.1750000e+02;2.0042062e-05;2.1750000e+02;-5.7611614e-02;2.1750000e+02;-1.1235154e-01;2.1750000e+02;-1.6412608e-01;2.1750000e+02;-2.1609873e-01;2.1750000e+02;-9.9195033e-02;2.1750000e+02;-8.9928083e-02;2.1750000e+02;-6.2849775e-02;2.1750000e+02;-2.6710443e-02;2.1750000e+02;1.6379738e-02;2.1750000e+02;6.8942457e-02;2.1750000e+02;1.3707599e-01;2.1750000e+02;2.3805645e-01;2.1750000e+02;2.9713991e-01;2.1750000e+02;2.8189284e-01;2.1750000e+02;2.1500382e-01;2.1750000e+02;1.3456081e-01;2.1750000e+02;6.1975718e-02;2.1750000e+02;2.0042062e-05;2.1750000e+02;-5.7611614e-02;2.1750000e+02;-1.1235154e-01;2.1750000e+02;-1.6412608e-01;2.1750000e+02;-2.1609873e-01;2.1750000e+02;-9.9195033e-02;2.1750000e+02;-8.9928083e-02;2.1750000e+02;-6.2849775e-02;2.1750000e+02;-2.6710443e-02;2.1750000e+02;1.6379738e-02;2.1750000e+02;6.8942457e-02;2.1750000e+02;1.3707599e-01;2.1750000e+02;2.3805645e-01;2.1750000e+02;2.9713991e-01;2.1750000e+02;2.8189284e-01;2.1750000e+02;2.1500382e-01;2.1750000e+02;1.3456081e-01;2.1750000e+02;6.1975718e-02;2.1750000e+02;2.0042062e-05;2.1750000e+02;-5.7611614e-02;2.1750000e+02;-1.1235154e-01;2.1750000e+02;-1.6412608e-01;2.1750000e+02;-2.1609873e-01;2.1750000e+02;-9.9195033e-02;2.1750000e+02;-8.9928083e-02;2.1750000e+02;-6.2849775e-02;2.1750000e+02;-2.6710443e-02;2.1750000e+02;1.6379738e-02;2.1750000e+02;6.8942457e-02;2.1750000e+02;1.3707599e-01;2.1750000e+02;2.3805645e-01;2.1750000e+02;2.9713991e-01;2.1750000e+02;2.8189284e-01;2.1750000e+02;2.1500382e-01;2.1750000e+02;1.3456081e-01;2.1750000e+02;6.1975718e-02;2.1750000e+02;2.0042062e-05;2.1750000e+02;-5.7611614e-02;2.1750000e+02;-1.1235154e-01;2.1750000e+02;-1.6412608e-01;2.1750000e+02;-2.1609873e-01;2.1750000e+02;-9.9195033e-02;2.1750000e+02;-8.9928083e-02;2.1750000e+02;-6.2849775e-02;2.1750000e+02;-2.6710443e-02;2.1750000e+02;1.6379738e-02;2.1750000e+02;6.8942457e-02;2.1750000e+02;1.3707599e-01;2.1750000e+02;2.3805645e-01;2.1750000e+02;2.9713991e-01;2.1750000e+02;2.8189284e-01;2.1750000e+02;2.1500382e-01;2.1750000e+02;1.3456081e-01;2.1750000e+02;6.1975718e-02;2.1750000e+02;2.0042062e-05;2.1750000e+02;-5.7611614e-02;2.1750000e+02;-1.1235154e-01;2.1750000e+02;-1.6412608e-01;2.1750000e+02;-2.1609873e-01;2.1750000e+02;-9.9195033e-02;2.1750000e+02;-8.9928083e-02;2.1750000e+02;-6.2849775e-02;2.1750000e+02;-2.6710443e-02;2.1750000e+02;1.6379738e-02;2.1750000e+02;6.8942457e-02;2.1750000e+02;1.3707599e-01;2.1750000e+02;2.3805645e-01;2.1750000e+02;2.9713991e-01;2.1750000e+02;2.8189284e-01;2.1750000e+02;2.1500382e-01;2.1750000e+02;1.3456081e-01;2.1750000e+02;6.1975718e-02;2.1750000e+02;2.0042062e-05;2.1750000e+02;-5.7611614e-02;2.1750000e+02;-1.1235154e-01;2.1750000e+02;-1.6412608e-01;2.1750000e+02;-2.1609873e-01;2.1750000e+02;-9.9195033e-02;2.1750000e+02;-8.9928083e-02;2.1750000e+02;-6.2849775e-02;2.1750000e+02;-2.6710443e-02;2.1750000e+02;1.6379738e-02;2.1750000e+02;6.8942457e-02;2.1750000e+02;1.3707599e-01;2.1750000e+02;2.3805645e-01;2.1750000e+02;2.9713991e-01;2.1750000e+02;2.8189284e-01;2.1750000e+02;2.1500382e-01;2.1750000e+02;1.3456081e-01;2.1750000e+02;6.1975718e-02;2.1750000e+02;2.0042062e-05;2.1750000e+02;-5.7611614e-02;2.1750000e+02;-1.1235154e-01;2.1750000e+02;-1.6412608e-01;2.1750000e+02;-2.1609873e-01;2.1750000e+02;-9.9195033e-02;2.1750000e+02;-8.9928083e-02;2.1750000e+02;-6.2849775e-02;2.1750000e+02;-2.6710443e-02;2.1750000e+02;1.6379738e-02;2.1750000e+02;6.8942457e-02;2.1750000e+02;1.3707599e-01;2.1750000e+02;2.3805645e-01;2.1750000e+02;2.9713991e-01;2.1750000e+02;2.8189284e-01;2.1750000e+02;2.1500382e-01;2.1750000e+02;1.3456081e-01;2.1750000e+02;6.1975718e-02;2.1750000e+02;2.0042062e-05;2.1750000e+02;-5.7611614e-02;2.1750000e+02;-1.1235154e-01;2.1750000e+02;-1.6412608e-01;2.1750000e+02;-2.1609873e-01;2.1750000e+02;-9.9195033e-02;2.1750000e+02;-8.9928083e-02;2.1750000e+02;-6.2849775e-02;2.1750000e+02;-2.6710443e-02;2.1750000e+02;1.6379738e-02;2.1750000e+02;6.8942457e-02;2.1750000e+02;1.3707599e-01;2.1750000e+02;2.3805645e-01;2.1750000e+02;2.9713991e-01;2.1750000e+02;2.8189284e-01;2.1750000e+02;2.1500382e-01;2.1750000e+02;1.3456081e-01;2.1750000e+02;6.1975718e-02;2.1750000e+02;2.0042062e-05;2.1750000e+02;-5.7611614e-02;2.1750000e+02;-1.1235154e-01;2.1750000e+02;-1.6412608e-01;2.1750000e+02;-2.1609873e-01;2.1750000e+02;-9.9195033e-02;2.1750000e+02;-8.9928083e-02;2.1750000e+02;-6.2849775e-02;2.1750000e+02;-2.6710443e-02;2.1750000e+02;1.6379738e-02;2.1750000e+02;6.8942457e-02;2.1750000e+02;1.3707599e-01;2.1750000e+02;2.3805645e-01;2.1750000e+02;2.9713991e-01;2.1750000e+02;2.8189284e-01;2.1750000e+02;2.1500382e-01;2.1750000e+02;1.3456081e-01;2.1750000e+02;6.1975718e-02;2.1750000e+02;2.0042062e-05;2.1750000e+02;-5.7611614e-02;2.1750000e+02;-1.1235154e-01;2.1750000e+02;-1.6412608e-01;2.1750000e+02;-2.1609873e-01;2.1750000e+02;-9.9195033e-02;2.1750000e+02;-8.9928083e-02;2.1750000e+02;-6.2849775e-02;2.1750000e+02;-2.6710443e-02;2.1750000e+02;1.6379738e-02;2.1750000e+02;6.8942457e-02;2.1750000e+02;1.3707599e-01;2.1750000e+02;2.3805645e-01;2.1750000e+02;2.9713991e-01;2.1750000e+02;2.8189284e-01;2.1750000e+02;2.1500382e-01;2.1750000e+02;1.3456081e-01;2.1750000e+02;6.1975718e-02;2.1750000e+02;2.0042062e-05;2.1750000e+02;-5.7611614e-02;2.1750000e+02;-1.1235154e-01;2.1750000e+02;-1.6412608e-01;2.1750000e+02;-2.1609873e-01;2.1750000e+02;-9.9195033e-02;2.1750000e+02;-8.9928083e-02;2.1750000e+02;-6.2849775e-02;2.1750000e+02;-2.6710443e-02;2.1750000e+02;1.6379738e-02;2.1750000e+02;6.8942457e-02;2.1750000e+02;1.3707599e-01;2.1750000e+02;2.3805645e-01;2.1750000e+02;2.9713991e-01;2.1750000e+02;2.8189284e-01;2.1750000e+02;2.1500382e-01;2.1750000e+02;1.3456081e-01;2.1750000e+02;6.1975718e-02;2.1750000e+02;2.0042062e-05;2.1750000e+02;-5.7611614e-02;2.1750000e+02;-1.1235154e-01;2.1750000e+02;-1.6412608e-01;2.1750000e+02;-2.1609873e-01;2.1750000e+02;-9.9195033e-02;2.1750000e+02;-8.9928083e-02;2.1750000e+02;-6.2849775e-02;2.1750000e+02;-2.6710443e-02;2.1750000e+02;1.6379738e-02;2.1750000e+02;6.8942457e-02;2.1750000e+02;1.3707599e-01;2.1750000e+02;2.3805645e-01;2.1750000e+02;2.9713991e-01;2.1750000e+02;2.8189284e-01;2.1750000e+02;2.1500382e-01;2.1750000e+02;1.3456081e-01;2.1750000e+02;6.1975718e-02;2.1750000e+02;2.0042062e-05;2.1750000e+02;-5.7611614e-02;2.1750000e+02;-1.1235154e-01;2.1750000e+02;-1.6412608e-01;2.1750000e+02;-2.1609873e-01;2.1750000e+02;-9.9195033e-02;2.1750000e+02;-8.9928083e-02;2.1750000e+02;-6.2849775e-02;2.1750000e+02;-2.6710443e-02;2.1750000e+02;1.6379738e-02;2.1750000e+02;6.8942457e-02;2.1750000e+02;1.3707599e-01;2.1750000e+02;2.3805645e-01;2.1750000e+02;2.9713991e-01;2.1750000e+02;2.8189284e-01;2.1750000e+02;2.1500382e-01;2.1750000e+02;1.3456081e-01;2.1750000e+02;6.1975718e-02;2.1750000e+02;2.0042062e-05;2.1750000e+02;-5.7611614e-02;2.1750000e+02;-1.1235154e-01;2.1750000e+02;-1.6412608e-01;2.1750000e+02;-2.1609873e-01
2.2250000e+02;-1.0171612e-01;2.2250000e+02;-9.9204883e-02;2.2250000e+02;-8.2128122e-02;2.2250000e+02;-5.4634556e-02;2.2250000e+02;-1.4824031e-02;2.2250000e+02;3.8151793e-02;2.2250000e+02;1.1222484e-01;2.2250000e+02;2.1779877e-01;2.2250000e+02;2.7569097e-01;2.2250000e+02;2.6770428e-01;2.2250000e+02;2.1043426e-01;2.2250000e+02;1.3401671e-01;2.2250000e+02;6.3014761e-02;2.2250000e+02;9.7237527e-04;2.2250000e+02;-5.6579918e-02;2.2250000e+02;-1.1060284e-01;2.2250000e+02;-1.6233653e-01;2.2250000e+02;-2.1538463e-01;2.2250000e+02;-1.0171612e-01;2.2250000e+02;-9.9204883e-02;2.2250000e+02;-8.2128122e-02;2.2250000e+02;-5.4634556e-02;2.2250000e+02;-1.4824031e-02;2.2250000e+02;3.8151793e-02;2.2250000e+02;1.1222484e-01;2.2250000e+02;2.1779877e-01;2.2250000e+02;2.7569097e-01;2.2250000e+02;2.6770428e-01;2.2250000e+02;2.1043426e-01;2.2250000e+02;1.3401671e-01;2.2250000e+02;6.3014761e-02;2.2250000e+02;9.7237527e-04;2.2250000e+02;-5.6579918e-02;2.2250000e+02;-1.1060284e-01;2.2250000e+02;-1.6233653e-01;2.2250000e+02;-2.1538463e-01;2.2250000e+02;-1.0171612e-01;2.2250000e+02;-9.9204883e-02;2.2250000e+02;-8.2128122e-02;2.2250000e+02;-5.4634556e-02;2.2250000e+02;-1.4824031e-02;2.2250000e+02;3.8151793e-02;2.2250000e+02;1.1222484e-01;2.2250000e+02;2.1779877e-01;2.2250000e+02;2.7569097e-01;2.2250000e+02;2.6770428e-01;2.2250000e+02;2.1043426e-01;2.2250000e+02;1.3401671e-01;2.2250000e+02;6.3014761e-02;2.2250000e+02;9.7237527e-04;2.2250000e+02;-5.6579918e-02;2.2250000e+02;-1.1060284e-01;2.2250000e+02;-1.6233653e-01;2.2250000e+02;-2.1538463e-01;2.2250000e+02;-1.0171612e-01;2.2250000e+02;-9.9204883e-02;2.2250000e+02;-8.2128122e-02;2.2250000e+02;-5.4634556e-02;2.2250000e+02;-1.4824031e-02;2.2250000e+02;3.8151793e-02;2.2250000e+02;1.1222484e-01;2.2250000e+02;2.1779877e-01;2.2250000e+02;2.7569097e-01;2.2250000e+02;2.6770428e-01;2.2250000e+02;2.1043426e-01;2.2250000e+02;1.3401671e-01;2.2250000e+02;6.3014761e-02;2.2250000e+02;9.7237527e-04;2.2250000e+02;-5.6579918e-02;2.2250000e+02;-1.1060284e-01;2.2250000e+02;-1.6233653e-01;2.2250000e+02;-2.1538463e-01;2.2250000e+02;-1.0171612e-01;2.2250000e+02;-9.9204883e-02;2.2250000e+02;-8.2128122e-02;2.2250000e+02;-5.4634556e-02;2.2250000e+02;-1.4824031e-02;2.2250000e+02;3.8151793e-02;2.2250000e+02;1.1222484e-01;2.2250000e+02;2.1779877e-01;2.2250000e+02;2.7569097e-01;2.2250000e+02;2.6770428e-01;2.2250000e+02;2.1043426e-01;2.2250000e+02;1.3401671e-01;2.2250000e+02;6.3014761e-02;2.2250000e+02;9.7237527e-04;2.2250000e+02;-5.6579918e-02;2.2250000e+02;-1.1060284e-01;2.2250000e+02;-1.6233653e-01;2.2250000e+02;-2.1538463e-01;2.2250000e+02;-1.0171612e-01;2.2250000e+02;-9.9204883e-02;2.2250000e+02;-8.2128122e-02;2.2250000e+02;-5.4634556e-02;2.2250000e+02;-1.4824031e-02;2.2250000e+02;3.8151793e-02;2.2250000e+02;1.1222484e-01;2.2250000e+02;2.1779877e-01;2.2250000e+02;2.7569097e-01;2.2250000e+02;2.6770428e-01;2.2250000e+02;2.1043426e-01;2.2250000e+02;1.3401671e-01;2.2250000e+02;6.3014761e-02;2.2250000e+02;9.7237527e-04;2.2250000e+02;-5.6579918e-02;2.2250000e+02;-1.1060284e-01;2.2250000e+02;-1.6233653e-01;2.2250000e+02;-2.1538463e-01;2.2250000e+02;-1.0171612e-01;2.2250000e+02;-9.9204883e-02;2.2250000e+02;-8.2128122e-02;2.2250000e+02;-5.4634556e-02;2.2250000e+02;-1.4824031e-02;2.2250000e+02;3.8151793e-02;2.2250000e+02;1.1222484e-01;2.2250000e+02;2.1779877e-01;2.2250000e+02;2.7569097e-01;2.2250000e+02;2.6770428e-01;2.2250000e+02;2.1043426e-01;2.2250000e+02;1.3401671e-01;2.2250000e+02;6.3014761e-02;2.2250000e+02;9.7237527e-04;2.2250000e+02;-5.6579918e-02;2.2250000e+02;-1.1060284e-01;2.2250000e+02;-1.6233653e-01;2.2250000e+02;-2.1538463e-01;2.2250000e+02;-1.0171612e-01;2.2250000e+02;-9.9204883e-02;2.2250000e+02;-8.2128122e-02;2.2250000e+02;-5.4634556e-02;2.2250000e+02;-1.4824031e-02;2.2250000e+02;3.8151793e-02;2.2250000e+02;1.1222484e-01;2.2250000e+02;2.1779877e-01;2.2250000e+02;2.7569097e-01;2.2250000e+02;2.6770428e-01;2.2250000e+02;2.1043426e-01;2.2250000e+02;1.3401671e-01;2.2250000e+02;6.3014761e-02;2.2250000e+02;9.7237527e-04;2.2250000e+02;-5.6579918e-02;2.2250000e+02;-1.1060284e-01;2.2250000e+02;-1.6233653e-01;2.2250000e+02;-2.1538463e-01;2.2250000e+02;-1.0171612e-01;2.2250000e+02;-9.9204883e-02;2.2250000e+02;-8.2128122e-02;2.2250000e+02;-5.4634556e-02;2.2250000e+02;-1.4824031e-02;2.2250000e+02;3.8151793e-02;2.2250000e+02;1.1222484e-01;2.2250000e+02;2.1779877e-01;2.2250000e+02;2.7569097e-01;2.2250000e+02;2.6770428e-01;2.2250000e+02;2.1043426e-01;2.2250000e+02;1.3401671e-01;2.2250000e+02;6.3014761e-02;2.2250000e+02;9.7237527e-04;2.2250000e+02;-5.6579918e-02;2.2250000e+02;-1.1060284e-01;2.2250000e+02;-1.6233653e-01;2.2250000e+02;-2.1538463e-01;2.2250000e+02;-1.0171612e-01;2.2250000e+02;-9.9204883e-02;2.2250000e+02;-8.2128122e-02;2.2250000e+02;-5.4634556e-02;2.2250000e+02;-1.4824031e-02;2.2250000e+02;3.8151793e-02;2.2250000e+02;1.1222484e-01;2.2250000e+02;2.1779877e-01;2.2250000e+02;2.7569097e-01;2.2250000e+02;2.6770428e-01;2.2250000e+02;2.1043426e-01;2.2250000e+02;1.3401671e-01;2.2250000e+02;6.3014761e-02;2.2250000e+02;9.7237527e-04;2.2250000e+02;-5.6579918e-02;2.2250000e+02;-1.1060284e-01;2.2250000e+02;-1.6233653e-01;2.2250000e+02;-2.1538463e-01;2.2250000e+02;-1.0171612e-01;2.2250000e+02;-9.9204883e-02;2.2250000e+02;-8.2128122e-02;2.2250000e+02;-5.4634556e-02;2.2250000e+02;-1.4824031e-02;2.2250000e+02;3.8151793e-02;2.2250000e+02;1.1222484e-01;2.2250000e+02;2.1779877e-01;2.2250000e+02;2.7569097e-01;2.2250000e+02;2.6770428e-01;2.2250000e+02;2.1043426e-01;2.2250000e+02;1.3401671e-01;2.2250000e+02;6.3014761e-02;2.2250000e+02;9.7237527e-04;2.2250000e+02;-5.6579918e-02;2.2250000e+02;-1.1060284e-01;2.2250000e+02;-1.6233653e-01;2.2250000e+02;-2.1538463e-01;2.2250000e+02;-1.0171612e-01;2.2250000e+02;-9.9204883e-02;2.2250000e+02;-8.2128122e-02;2.2250000e+02;-5.4634556e-02;2.2250000e+02;-1.4824031e-02;2.2250000e+02;3.8151793e-02;2.2250000e+02;1.1222484e-01;2.2250000e+02;2.1779877e-01;2.2250000e+02;2.7569097e-01;2.2250000e+02;2.6770428e-01;2.2250000e+02;2.1043426e-01;2.2250000e+02;1.3401671e-01;2.2250000e+02;6.3014761e-02;2.2250000e+02;9.7237527e-04;2.2250000e+02;-5.6579918e-02;2.2250000e+02;-1.1060284e-01;2.2250000e+02;-1.6233653e-01;2.2250000e+02;-2.1538463e-01;2.2250000e+02;-1.0171612e-01;2.2250000e+02;-9.9204883e-02;2.2250000e+02;-8.2128122e-02;2.2250000e+02;-5.4634556e-02;2.2250000e+02;-1.4824031e-02;2.2250000e+02;3.8151793e-02;2.2250000e+02;1.1222484e-01;2.2250000e+02;2.1779877e-01;2.2250000e+02;2.7569097e-01;2.2250000e+02;2.6770428e-01;2.2250000e+02;2.1043426e-01;2.2250000e+02;1.3401671e-01;2.2250000e+02;6.3014761e-02;2.2250000e+02;9.7237527e-04;2.2250000e+02;-5.6579918e-02;2.2250000e+02;-1.1060284e-01;2.2250000e+02;-1.6233653e-01;2.2250000e+02;-2.1538463e-01;2.2250000e+02;-1.0171612e-01;2.2250000e+02;-9.9204883e-02;2.2250000e+02;-8.2128122e-02;2.2250000e+02;-5.4634556e-02;2.2250000e+02;-1.4824031e-02;2.2250000e+02;3.8151793e-02;2.2250000e+02;1.1222484e-01;2.2250000e+02;2.1779877e-01;2.2250000e+02;2.7569097e-01;2.2250000e+02;2.6770428e-01;2.2250000e+02;2.1043426e-01;2.2250000e+02;1.3401671e-01;2.2250000e+02;6.3014761e-02;2.2250000e+02;9.7237527e-04;2.2250000e+02;-5.6579918e-02;2.2250000e+02;-1.1060284e-01;2.2250000e+02;-1.6233653e-01;2.2250000e+02;-2.1538463e-01;2.2250000e+02;-1.0171612e-01;2.2250000e+02;-9.9204883e-02;2.2250000e+02;-8.2128122e-02;2.2250000e+02;-5.4634556e-02;2.2250000e+02;-1.4824031e-02;2.2250000e+02;3.8151793e-02;2.2250000e+02;1.1222484e-01;2.2250000e+02;2.1779877e-01;2.2250000e+02;2.7569097e-01;2.2250000e+02;2.6770428e-01;2.2250000e+02;2.1043426e-01;2.2250000e+02;1.3401671e-01;2.2250000e+02;6.3014761e-02;2.2250000e+02;9.7237527e-04;2.2250000e+02;-5.6579918e-02;2.2250000e+02;-1.1060284e-01;2.2250000e+02;-1.6233653e-01;2.2250000e+02;-2.1538463e-01;2.2250000e+02;-1.0171612e-01;2.2250000e+02;-9.9204883e-02;2.2250000e+02;-8.2128122e-02;2.2250000e+02;-5.4634556e-02;2.2250000e+02;-1.4824031e-02;2.2250000e+02;3.8151793e-02;2.2250000e+02;1.1222484e-01;2.2250000e+02;2.1779877e-01;2.2250000e+02;2.7569097e-01;2.2250000e+02;2.6770428e-01;2.2250000e+02;2.1043426e-01;2.2250000e+02;1.3401671e-01;2.2250000e+02;6.3014761e-02;2.2250000e+02;9.7237527e-04;2.2250000e+02;-5.6579918e-02;2.2250000e+02;-1.1060284e-01;2.2250000e+02;-1.6233653e-01;2.2250000e+02;-2.1538463e-01;2.2250000e+02;-1.0171612e-01;2.2250000e+02;-9.9204883e-02;2.2250000e+02;-8.2128122e-02;2.2250000e+02;-5.4634556e-02;2.2250000e+02;-1.4824031e-02;2.2250000e+02;3.8151793e-02;2.2250000e+02;1.1222484e-01;2.2250000e+02;2.1779877e-01;2.2250000e+02;2.7569097e-01;2.2250000e+02;2.6770428e-01;2.2250000e+02;2.1043426e-01;2.2250000e+02;1.3401671e-01;2.2250000e+02;6.3014761e-02;2.2250000e+02;9.7237527e-04;2.2250000e+02;-5.6579918e-02;2.2250000e+02;-1.1060284e-01;2.2250000e+02;-1.6233653e-01;2.2250000e+02;-2.1538463e-01;2.2250000e+02;-1.0171612e-01;2.2250000e+02;-9.9204883e-02;2.2250000e+02;-8.2128122e-02;2.2250000e+02;-5.4634556e-02;2.2250000e+02;-1.4824031e-02;2.2250000e+02;3.8151793e-02;2.2250000e+02;1.1222484e-01;2.2250000e+02;2.1779877e-01;2.2250000e+02;2.7569097e-01;2.2250000e+02;2.6770428e-01;2.2250000e+02;2.1043426e-01;2.2250000e+02;1.3401671e-01;2.2250000e+02;6.3014761e-02;2.2250000e+02;9.7237527e-04;2.2250000e+02;-5.6579918e-02;2.2250000e+02;-1.1060284e-01;2.2250000e+02;-1.6233653e-01;2.2250000e+02;-2.1538463e-01;2.2250000e+02;-1.0171612e-01;2.2250000e+02;-9.9204883e-02;2.2250000e+02;-8.2128122e-02;2.2250000e+02;-5.4634556e-02;2.2250000e+02;-1.4824031e-02;2.2250000e+02;3.8151793e-02;2.2250000e+02;1.1222484e-01;2.2250000e+02;2.1779877e-01;2.2250000e+02;2.7569097e-01;2.2250000e+02;2.6770428e-01;2.2250000e+02;2.1043426e-01;2.2250000e+02;1.3401671e-01;2.2250000e+02;6.3014761e-02;2.2250000e+02;9.7237527e-04;2.2250000e+02;-5.6579918e-02;2.2250000e+02;-1.1060284e-01;2.2250000e+02;-1.6233653e-01;2.2250000e+02;-2.1538463e-01;2.2250000e+02;-1.0171612e-01;2.2250000e+02;-9.9204883e-02;2.2250000e+02;-8.2128122e-02;2.2250000e+02;-5.4634556e-02;2.2250000e+02;-1.4824031e-02;2.2250000e+02;3.8151793e-02;2.2250000e+02;1.1222484e-01;2.2250000e+02;2.1779877e-01;2.2250000e+02;2.7569097e-01;2.2250000e+02;2.6770428e-01;2.2250000e+02;2.1043426e-01;2.2250000e+02;1.3401671e-01;2.2250000e+02;6.3014761e-02;2.2250000e+02;9.7237527e-04;2.2250000e+02;-5.6579918e-02;2.2250000e+02;-1.1060284e-01;2.2250000e+02;-1.6233653e-01;2.2250000e+02;-2.1538463e-01;2.2250000e+02;-1.0171612e-01;2.2250000e+02;-9.9204883e-02;2.2250000e+02;-8.2128122e-02;2.2250000e+02;-5.4634556e-02;2.2250000e+02;-1.4824031e-02;2.2250000e+02;3.8151793e-02;2.2250000e+02;1.1222484e-01;2.2250000e+02;2.1779877e-01;2.2250000e+02;2.7569097e-01;2.2250000e+02;2.6770428e-01;2.2250000e+02;2.1043426e-01;2.2250000e+02;1.3401671e-01;2.2250000e+02;6.3014761e-02;2.2250000e+02;9.7237527e-04;2.2250000e+02;-5.6579918e-02;2.2250000e+02;-1.1060284e-01;2.2250000e+02;-1.6233653e-01;2.2250000e+02;-2.1538463e-01;2.2250000e+02;-1.0171612e-01;2.2250000e+02;-9.9204883e-02;2.2250000e+02;-8.2128122e-02;2.2250000e+02;-5.4634556e-02;2.2250000e+02;-1.4824031e-02;2.2250000e+02;3.8151793e-02;2.2250000e+02;1.1222484e-01;2.2250000e+02;2.1779877e-01;2.2250000e+02;2.7569097e-01;2.2250000e+02;2.6770428e-01;2.2250000e+02;2.1043426e-01;2.2250000e+02;1.3401671e-01;2.2250000e+02;6.3014761e-02;2.2250000e+02;9.7237527e-04;2.2250000e+02;-5.6579918e-02;2.2250000e+02;-1.1060284e-01;2.2250000e+02;-1.6233653e-01;2.2250000e+02;-2.1538463e-01;2.2250000e+02;-1.0171612e-01;2.2250000e+02;-9.9204883e-02;2.2250000e+02;-8.2128122e-02;2.2250000e+02;-5.4634556e-02;2.2250000e+02;-1.4824031e-02;2.2250000e+02;3.8151793e-02;2.2250000e+02;1.1222484e-01;2.2250000e+02;2.1779877e-01;2.2250000e+02;2.7569097e-01;2.2250000e+02;2.6770428e-01;2.2250000e+02;2.1043426e-01;2.2250000e+02;1.3401671e-01;2.2250000e+02;6.3014761e-02;2.2250000e+02;9.7237527e-04;2.2250000e+02;-5.6579918e-02;2.2250000e+02;-1.1060284e-01;2.2250000e+02;-1.6233653e-01;2.2250000e+02;-2.1538463e-01;2.2250000e+02;-1.0171612e-01;2.2250000e+02;-9.9204883e-02;2.2250000e+02;-8.2128122e-02;2.2250000e+02;-5.4634556e-02;2.2250000e+02;-1.4824031e-02;2.2250000e+02;3.8151793e-02;2.2250000e+02;1.1222484e-01;2.2250000e+02;2.1779877e-01;2.2250000e+02;2.7569097e-01;2.2250000e+02;2.6770428e-01;2.2250000e+02;2.1043426e-01;2.2250000e+02;1.3401671e-01;2.2250000e+02;6.3014761e-02;2.2250000e+02;9.7237527e-04;2.2250000e+02;-5.6579918e-02;2.2250000e+02;-1.1060284e-01;2.2250000e+02;-1.6233653e-01;2.2250000e+02;-2.1538463e-01;2.2250000e+02;-1.0171612e-01;2.2250000e+02;-9.9204883e-02;2.2250000e+02;-8.2128122e-02;2.2250000e+02;-5.4634556e-02;2.2250000e+02;-1.4824031e-02;2.2250000e+02;3.8151793e-02;2.2250000e+02;1.1222484e-01;2.2250000e+02;2.1779877e-01;2.2250000e+02;2.7569097e-01;2.2250000e+02;2.6770428e-01;2.2250000e+02;2.1043426e-01;2.2250000e+02;1.3401671e-01;2.2250000e+02;6.3014761e-02;2.2250000e+02;9.7237527e-04;2.2250000e+02;-5.6579918e-02;2.2250000e+02;-1.1060284e-01;2.2250000e+02;-1.6233653e-01;2.2250000e+02;-2.1538463e-01;2.2250000e+02;-1.0171612e-01;2.2250000e+02;-9.9204883e-02;2.2250000e+02;-8.2128122e-02;2.2250000e+02;-5.4634556e-02;2.2250000e+02;-1.4824031e-02;2.2250000e+02;3.8151793e-02;2.2250000e+02;1.1222484e-01;2.2250000e+02;2.1779877e-01;2.2250000e+02;2.7569097e-01;2.2250000e+02;2.6770428e-01;2.2250000e+02;2.1043426e-01;2.2250000e+02;1.3401671e-01;2.2250000e+02;6.3014761e-02;2.2250000e+02;9.7237527e-04;2.2250000e+02;-5.6579918e-02;2.2250000e+02;-1.1060284e-01;2.2250000e+02;-1.6233653e-01;2.2250000e+02;-2.1538463e-01;2.2250000e+02;-1.0171612e-01;2.2250000e+02;-9.9204883e-02;2.2250000e+02;-8.2128122e-02;2.2250000e+02;-5.4634556e-02;2.2250000e+02;-1.4824031e-02;2.2250000e+02;3.8151793e-02;2.2250000e+02;1.1222484e-01;2.2250000e+02;2.1779877e-01;2.2250000e+02;2.7569097e-01;2.2250000e+02;2.6770428e-01;2.2250000e+02;2.1043426e-01;2.2250000e+02;1.3401671e-01;2.2250000e+02;6.3014761e-02;2.2250000e+02;9.7237527e-04;2.2250000e+02;-5.6579918e-02;2.2250000e+02;-1.1060284e-01;2.2250000e+02;-1.6233653e-01;2.2250000e+02;-2.1538463e-01;2.2250000e+02;-1.0171612e-01;2.2250000e+02;-9.9204883e-02;2.2250000e+02;-8.2128122e-02;2.2250000e+02;-5.4634556e-02;2.2250000e+02;-1.4824031e-02;2.2250000e+02;3.8151793e-02;2.2250000e+02;1.1222484e-01;2.2250000e+02;2.1779877e-01;2.2250000e+02;2.7569097e-01;2.2250000e+02;2.6770428e-01;2.2250000e+02;2.1043426e-01;2.2250000e+02;1.3401671e-01;2.2250000e+02;6.3014761e-02;2.2250000e+02;9.7237527e-04;2.2250000e+02;-5.6579918e-02;2.2250000e+02;-1.1060284e-01;2.2250000e+02;-1.6233653e-01;2.2250000e+02;-2.1538463e-01;2.2250000e+02;-1.0171612e-01;2.2250000e+02;-9.9204883e-02;2.2250000e+02;-8.2128122e-02;2.2250000e+02;-5.4634556e-02;2.2250000e+02;-1.4824031e-02;2.2250000e+02;3.8151793e-02;2.2250000e+02;1.1222484e-01;2.2250000e+02;2.1779877e-01;2.2250000e+02;2.7569097e-01;2.2250000e+02;2.6770428e-01;2.2250000e+02;2.1043426e-01;2.2250000e+02;1.3401671e-01;2.2250000e+02;6.3014761e-02;2.2250000e+02;9.7237527e-04;2.2250000e+02;-5.6579918e-02;2.2250000e+02;-1.1060284e-01;2.2250000e+02;-1.6233653e-01;2.2250000e+02;-2.1538463e-01;2.2250000e+02;-1.0171612e-01;2.2250000e+02;-9.9204883e-02;2.2250000e+02;-8.2128122e-02;2.2250000e+02;-5.4634556e-02;2.2250000e+02;-1.4824031e-02;2.2250000e+02;3.8151793e-02;2.2250000e+02;1.1222484e-01;2.2250000e+02;2.1779877e-01;2.2250000e+02;2.7569097e-01;2.2250000e+02;2.6770428e-01;2.2250000e+02;2.1043426e-01;2.2250000e+02;1.3401671e-01;2.2250000e+02;6.3014761e-02;2.2250000e+02;9.7237527e-04;2.2250000e+02;-5.6579918e-02;2.2250000e+02;-1.1060284e-01;2.2250000e+02;-1.6233653e-01;2.2250000e+02;-2.1538463e-01;2.2250000e+02;-1.0171612e-01;2.2250000e+02;-9.9204883e-02;2.2250000e+02;-8.2128122e-02;2.2250000e+02;-5.4634556e-02;2.2250000e+02;-1.4824031e-02;2.2250000e+02;3.8151793e-02;2.2250000e+02;1.1222484e-01;2.2250000e+02;2.1779877e-01;2.2250000e+02;2.7569097e-01;2.2250000e+02;2.6770428e-01;2.2250000e+02;2.1043426e-01;2.2250000e+02;1.3401671e-01;2.2250000e+02;6.3014761e-02;2.2250000e+02;9.7237527e-04;2.2250000e+02;-5.6579918e-02;2.2250000e+02;-1.1060284e-01;2.2250000e+02;-1.6233653e-01;2.2250000e+02;-2.1538463e-01;2.2250000e+02;-1.0171612e-01;2.2250000e+02;-9.9204883e-02;2.2250000e+02;-8.2128122e-02;2.2250000e+02;-5.4634556e-02;2.2250000e+02;-1.4824031e-02;2.2250000e+02;3.8151793e-02;2.2250000e+02;1.1222484e-01;2.2250000e+02;2.1779877e-01;2.2250000e+02;2.7569097e-01;2.2250000e+02;2.6770428e-01;2.2250000e+02;2.1043426e-01;2.2250000e+02;1.3401671e-01;2.2250000e+02;6.3014761e-02;2.2250000e+02;9.7237527e-04;2.2250000e+02;-5.6579918e-02;2.2250000e+02;-1.1060284e-01;2.2250000e+02;-1.6233653e-01;2.2250000e+02;-2.1538463e-01;2.2250000e+02;-1.0171612e-01;2.2250000e+02;-9.9204883e-02;2.2250000e+02;-8.2128122e-02;2.2250000e+02;-5.4634556e-02;2.2250000e+02;-1.4824031e-02;2.2250000e+02;3.8151793e-02;2.2250000e+02;1.1222484e-01;2.2250000e+02;2.1779877e-01;2.2250000e+02;2.7569097e-01;2.2250000e+02;2.6770428e-01;2.2250000e+02;2.1043426e-01;2.2250000e+02;1.3401671e-01;2.2250000e+02;6.3014761e-02;2.2250000e+02;9.7237527e-04;2.2250000e+02;-5.6579918e-02;2.2250000e+02;-1.1060284e-01;2.2250000e+02;-1.6233653e-01;2.2250000e+02;-2.1538463e-01;2.2250000e+02;-1.0171612e-01;2.2250000e+02;-9.9204883e-02;2.2250000e+02;-8.2128122e-02;2.2250000e+02;-5.4634556e-02;2.2250000e+02;-1.4824031e-02;2.2250000e+02;3.8151793e-02;2.2250000e+02;1.1222484e-01;2.2250000e+02;2.1779877e-01;2.2250000e+02;2.7569097e-01;2.2250000e+02;2.6770428e-01;2.2250000e+02;2.1043426e-01;2.2250000e+02;1.3401671e-01;2.2250000e+02;6.3014761e-02;2.2250000e+02;9.7237527e-04;2.2250000e+02;-5.6579918e-02;2.2250000e+02;-1.1060284e-01;2.2250000e+02;-1.6233653e-01;2.2250000e+02;-2.1538463e-01;2.2250000e+02;-1.0171612e-01;2.2250000e+02;-9.9204883e-02;2.2250000e+02;-8.2128122e-02;2.2250000e+02;-5.4634556e-02;2.2250000e+02;-1.4824031e-02;2.2250000e+02;3.8151793e-02;2.2250000e+02;1.1222484e-01;2.2250000e+02;2.1779877e-01;2.2250000e+02;2.7569097e-01;2.2250000e+02;2.6770428e-01;2.2250000e+02;2.1043426e-01;2.2250000e+02;1.3401671e-01;2.2250000e+02;6.3014761e-02;2.2250000e+02;9.7237527e-04;2.2250000e+02;-5.6579918e-02;2.2250000e+02;-1.1060284e-01;2.2250000e+02;-1.6233653e-01;2.2250000e+02;-2.1538463e-01;2.2250000e+02;-1.0171612e-01;2.2250000e+02;-9.9204883e-02;2.2250000e+02;-8.2128122e-02;2.2250000e+02;-5.4634556e-02;2.2250000e+02;-1.4824031e-02;2.2250000e+02;3.8151793e-02;2.2250000e+02;1.1222484e-01;2.2250000e+02;2.1779877e-01;2.2250000e+02;2.7569097e-01;2.2250000e+02;2.6770428e-01;2.2250000e+02;2.1043426e-01;2.2250000e+02;1.3401671e-01;2.2250000e+02;6.3014761e-02;2.2250000e+02;9.7237527e-04;2.2250000e+02;-5.6579918e-02;2.2250000e+02;-1.1060284e-01;2.2250000e+02;-1.6233653e-01;2.2250000e+02;-2.1538463e-01;2.2250000e+02;-1.0171612e-01;2.2250000e+02;-9.9204883e-02;2.2250000e+02;-8.2128122e-02;2.2250000e+02;-5.4634556e-02;2.2250000e+02;-1.4824031e-02;2.2250000e+02;3.8151793e-02;2.2250000e+02;1.1222484e-01;2.2250000e+02;2.1779877e-01;2.2250000e+02;2.7569097e-01;2.2250000e+02;2.6770428e-01;2.2250000e+02;2.1043426e-01;2.2250000e+02;1.3401671e-01;2.2250000e+02;6.3014761e-02;2.2250000e+02;9.7237527e-04;2.2250000e+02;-5.6579918e-02;2.2250000e+02;-1.1060284e-01;2.2250000e+02;-1.6233653e-01;2.2250000e+02;-2.1538463e-01;2.2250000e+02;-1.0171612e-01;2.2250000e+02;-9.9204883e-02;2.2250000e+02;-8.2128122e-02;2.2250000e+02;-5.4634556e-02;2.2250000e+02;-1.4824031e-02;2.2250000e+02;3.8151793e-02;2.2250000e+02;1.1222484e-01;2.2250000e+02;2.1779877e-01;2.2250000e+02;2.7569097e-01;2.2250000e+02;2.6770428e-01;2.2250000e+02;2.1043426e-01;2.2250000e+02;1.3401671e-01;2.2250000e+02;6.3014761e-02;2.2250000e+02;9.7237527e-04;2.2250000e+02;-5.6579918e-02;2.2250000e+02;-1.1060284e-01;2.2250000e+02;-1.6233653e-01;2.2250000e+02;-2.1538463e-01;2.2250000e+02;-1.0171612e-01;2.2250000e+02;-9.9204883e-02;2.2250000e+02;-8.2128122e-02;2.2250000e+02;-5.4634556e-02;2.2250000e+02;-1.4824031e-02;2.2250000e+02;3.8151793e-02;2.2250000e+02;1.1222484e-01;2.2250000e+02;2.1779877e-01;2.2250000e+02;2.7569097e-01;2.2250000e+02;2.6770428e-01;2.2250000e+02;2.1043426e-01;2.2250000e+02;1.3401671e-01;2.2250000e+02;6.3014761e-02;2.2250000e+02;9.7237527e-04;2.2250000e+02;-5.6579918e-02;2.2250000e+02;-1.1060284e-01;2.2250000e+02;-1.6233653e-01;2.2250000e+02;-2.1538463e-01;2.2250000e+02;-1.0171612e-01;2.2250000e+02;-9.9204883e-02;2.2250000e+02;-8.2128122e-02;2.2250000e+02;-5.4634556e-02;2.2250000e+02;-1.4824031e-02;2.2250000e+02;3.8151793e-02;2.2250000e+02;1.1222484e-01;2.2250000e+02;2.1779877e-01;2.2250000e+02;2.7569097e-01;2.2250000e+02;2.6770428e-01;2.2250000e+02;2.1043426e-01;2.2250000e+02;1.3401671e-01;2.2250000e+02;6.3014761e-02;2.2250000e+02;9.7237527e-04;2.2250000e+02;-5.6579918e-02;2.2250000e+02;-1.1060284e-01;2.2250000e+02;-1.6233653e-01;2.2250000e+02;-2.1538463e-01;2.2250000e+02;-1.0171612e-01;2.2250000e+02;-9.9204883e-02;2.2250000e+02;-8.2128122e-02;2.2250000e+02;-5.4634556e-02;2.2250000e+02;-1.4824031e-02;2.2250000e+02;3.8151793e-02;2.2250000e+02;1.1222484e-01;2.2250000e+02;2.1779877e-01;2.2250000e+02;2.7569097e-01;2.2250000e+02;2.6770428e-01;2.2250000e+02;2.1043426e-01;2.2250000e+02;1.3401671e-01;2.2250000e+02;6.3014761e-02;2.2250000e+02;9.7237527e-04;2.2250000e+02;-5.6579918e-02;2.2250000e+02;-1.1060284e-01;2.2250000e+02;-1.6233653e-01;2.2250000e+02;-2.1538463e-01;2.2250000e+02;-1.0171612e-01;2.2250000e+02;-9.9204883e-02;2.2250000e+02;-8.2128122e-02;2.2250000e+02;-5.4634556e-02;2.2250000e+02;-1.4824031e-02;2.2250000e+02;3.8151793e-02;2.2250000e+02;1.1222484e-01;2.2250000e+02;2.1779877e-01;2.2250000e+02;2.7569097e-01;2.2250000e+02;2.6770428e-01;2.2250000e+02;2.1043426e-01;2.2250000e+02;1.3401671e-01;2.2250000e+02;6.3014761e-02;2.2250000e+02;9.7237527e-04;2.2250000e+02;-5.6579918e-02;2.2250000e+02;-1.1060284e-01;2.2250000e+02;-1.6233653e-01;2.2250000e+02;-2.1538463e-01;2.2250000e+02;-1.0171612e-01;2.2250000e+02;-9.9204883e-02;2.2250000e+02;-8.2128122e-02;2.2250000e+02;-5.4634556e-02;2.2250000e+02;-1.4824031e-02;2.2250000e+02;3.8151793e-02;2.2250000e+02;1.1222484e-01;2.2250000e+02;2.1779877e-01;2.2250000e+02;2.7569097e-01;2.2250000e+02;2.6770428e-01;2.2250000e+02;2.1043426e-01;2.2250000e+02;1.3401671e-01;2.2250000e+02;6.3014761e-02;2.2250000e+02;9.7237527e-04;2.2250000e+02;-5.6579918e-02;2.2250000e+02;-1.1060284e-01;2.2250000e+02;-1.6233653e-01;2.2250000e+02;-2.1538463e-01;2.2250000e+02;-1.0171612e-01;2.2250000e+02;-9.9204883e-02;2.2250000e+02;-8.2128122e-02;2.2250000e+02;-5.4634556e-02;2.2250000e+02;-1.4824031e-02;2.2250000e+02;3.8151793e-02;2.2250000e+02;1.1222484e-01;2.2250000e+02;2.1779877e-01;2.2250000e+02;2.7569097e-01;2.2250000e+02;2.6770428e-01;2.2250000e+02;2.1043426e-01;2.2250000e+02;1.3401671e-01;2.2250000e+02;6.3014761e-02;2.2250000e+02;9.7237527e-04;2.2250000e+02;-5.6579918e-02;2.2250000e+02;-1.1060284e-01;2.2250000e+02;-1.6233653e-01;2.2250000e+02;-2.1538463e-01;2.2250000e+02;-1.0171612e-01;2.2250000e+02;-9.9204883e-02;2.2250000e+02;-8.2128122e-02;2.2250000e+02;-5.4634556e-02;2.2250000e+02;-1.4824031e-02;2.2250000e+02;3.8151793e-02;2.2250000e+02;1.1222484e-01;2.2250000e+02;2.1779877e-01;2.2250000e+02;2.7569097e-01;2.2250000e+02;2.6770428e-01;2.2250000e+02;2.1043426e-01;2.2250000e+02;1.3401671e-01;2.2250000e+02;6.3014761e-02;2.2250000e+02;9.7237527e-04;2.2250000e+02;-5.6579918e-02;2.2250000e+02;-1.1060284e-01;2.2250000e+02;-1.6233653e-01;2.2250000e+02;-2.1538463e-01;2.2250000e+02;-1.0171612e-01;2.2250000e+02;-9.9204883e-02;2.2250000e+02;-8.2128122e-02;2.2250000e+02;-5.4634556e-02;2.2250000e+02;-1.4824031e-02;2.2250000e+02;3.8151793e-02;2.2250000e+02;1.1222484e-01;2.2250000e+02;2.1779877e-01;2.2250000e+02;2.7569097e-01;2.2250000e+02;2.6770428e-01;2.2250000e+02;2.1043426e-01;2.2250000e+02;1.3401671e-01;2.2250000e+02;6.3014761e-02;2.2250000e+02;9.7237527e-04;2.2250000e+02;-5.6579918e-02;2.2250000e+02;-1.1060284e-01;2.2250000e+02;-1.6233653e-01;2.2250000e+02;-2.1538463e-01;2.2250000e+02;-1.0171612e-01;2.2250000e+02;-9.9204883e-02;2.2250000e+02;-8.2128122e-02;2.2250000e+02;-5.4634556e-02;2.2250000e+02;-1.4824031e-02;2.2250000e+02;3.8151793e-02;2.2250000e+02;1.1222484e-01;2.2250000e+02;2.1779877e-01;2.2250000e+02;2.7569097e-01;2.2250000e+02;2.6770428e-01;2.2250000e+02;2.1043426e-01;2.2250000e+02;1.3401671e-01;2.2250000e+02;6.3014761e-02;2.2250000e+02;9.7237527e-04;2.2250000e+02;-5.6579918e-02;2.2250000e+02;-1.1060284e-01;2.2250000e+02;-1.6233653e-01;2.2250000e+02;-2.1538463e-01;2.2250000e+02;-1.0171612e-01;2.2250000e+02;-9.9204883e-02;2.2250000e+02;-8.2128122e-02;2.2250000e+02;-5.4634556e-02;2.2250000e+02;-1.4824031e-02;2.2250000e+02;3.8151793e-02;2.2250000e+02;1.1222484e-01;2.2250000e+02;2.1779877e-01;2.2250000e+02;2.7569097e-01;2.2250000e+02;2.6770428e-01;2.2250000e+02;2.1043426e-01;2.2250000e+02;1.3401671e-01;2.2250000e+02;6.3014761e-02;2.2250000e+02;9.7237527e-04;2.2250000e+02;-5.6579918e-02;2.2250000e+02;-1.1060284e-01;2.2250000e+02;-1.6233653e-01;2.2250000e+02;-2.1538463e-01;2.2250000e+02;-1.0171612e-01;2.2250000e+02;-9.9204883e-02;2.2250000e+02;-8.2128122e-02;2.2250000e+02;-5.4634556e-02;2.2250000e+02;-1.4824031e-02;2.2250000e+02;3.8151793e-02;2.2250000e+02;1.1222484e-01;2.2250000e+02;2.1779877e-01;2.2250000e+02;2.7569097e-01;2.2250000e+02;2.6770428e-01;2.2250000e+02;2.1043426e-01;2.2250000e+02;1.3401671e-01;2.2250000e+02;6.3014761e-02;2.2250000e+02;9.7237527e-04;2.2250000e+02;-5.6579918e-02;2.2250000e+02;-1.1060284e-01;2.2250000e+02;-1.6233653e-01;2.2250000e+02;-2.1538463e-01;2.2250000e+02;-1.0171612e-01;2.2250000e+02;-9.9204883e-02;2.2250000e+02;-8.2128122e-02;2.2250000e+02;-5.4634556e-02;2.2250000e+02;-1.4824031e-02;2.2250000e+02;3.8151793e-02;2.2250000e+02;1.1222484e-01;2.2250000e+02;2.1779877e-01;2.2250000e+02;2.7569097e-01;2.2250000e+02;2.6770428e-01;2.2250000e+02;2.1043426e-01;2.2250000e+02;1.3401671e-01;2.2250000e+02;6.3014761e-02;2.2250000e+02;9.7237527e-04;2.2250000e+02;-5.6579918e-02;2.2250000e+02;-1.1060284e-01;2.2250000e+02;-1.6233653e-01;2.2250000e+02;-2.1538463e-01;2.2250000e+02;-1.0171612e-01;2.2250000e+02;-9.9204883e-02;2.2250000e+02;-8.2128122e-02;2.2250000e+02;-5.4634556e-02;2.2250000e+02;-1.4824031e-02;2.2250000e+02;3.8151793e-02;2.2250000e+02;1.1222484e-01;2.2250000e+02;2.1779877e-01;2.2250000e+02;2.7569097e-01;2.2250000e+02;2.6770428e-01;2.2250000e+02;2.1043426e-01;2.2250000e+02;1.3401671e-01;2.2250000e+02;6.3014761e-02;2.2250000e+02;9.7237527e-04;2.2250000e+02;-5.6579918e-02;2.2250000e+02;-1.1060284e-01;2.2250000e+02;-1.6233653e-01;2.2250000e+02;-2.1538463e-01;2.2250000e+02;-1.0171612e-01;2.2250000e+02;-9.9204883e-02;2.2250000e+02;-8.2128122e-02;2.2250000e+02;-5.4634556e-02;2.2250000e+02;-1.4824031e-02;2.2250000e+02;3.8151793e-02;2.2250000e+02;1.1222484e-01;2.2250000e+02;2.1779877e-01;2.2250000e+02;2.7569097e-01;2.2250000e+02;2.6770428e-01;2.2250000e+02;2.1043426e-01;2.2250000e+02;1.3401671e-01;2.2250000e+02;6.3014761e-02;2.2250000e+02;9.7237527e-04;2.2250000e+02;-5.6579918e-02;2.2250000e+02;-1.1060284e-01;2.2250000e+02;-1.6233653e-01;2.2250000e+02;-2.1538463e-01;2.2250000e+02;-1.0171612e-01;2.2250000e+02;-9.9204883e-02;2.2250000e+02;-8.2128122e-02;2.2250000e+02;-5.4634556e-02;2.2250000e+02;-1.4824031e-02;2.2250000e+02;3.8151793e-02;2.2250000e+02;1.1222484e-01;2.2250000e+02;2.1779877e-01;2.2250000e+02;2.7569097e-01;2.2250000e+02;2.6770428e-01;2.2250000e+02;2.1043426e-01;2.2250000e+02;1.3401671e-01;2.2250000e+02;6.3014761e-02;2.2250000e+02;9.7237527e-04;2.2250000e+02;-5.6579918e-02;2.2250000e+02;-1.1060284e-01;2.2250000e+02;-1.6233653e-01;2.2250000e+02;-2.1538463e-01;2.2250000e+02;-1.0171612e-01;2.2250000e+02;-9.9204883e-02;2.2250000e+02;-8.2128122e-02;2.2250000e+02;-5.4634556e-02;2.2250000e+02;-1.4824031e-02;2.2250000e+02;3.8151793e-02;2.2250000e+02;1.1222484e-01;2.2250000e+02;2.1779877e-01;2.2250000e+02;2.7569097e-01;2.2250000e+02;2.6770428e-01;2.2250000e+02;2.1043426e-01;2.2250000e+02;1.3401671e-01;2.2250000e+02;6.3014761e-02;2.2250000e+02;9.7237527e-04;2.2250000e+02;-5.6579918e-02;2.2250000e+02;-1.1060284e-01;2.2250000e+02;-1.6233653e-01;2.2250000e+02;-2.1538463e-01;2.2250000e+02;-1.0171612e-01;2.2250000e+02;-9.9204883e-02;2.2250000e+02;-8.2128122e-02;2.2250000e+02;-5.4634556e-02;2.2250000e+02;-1.4824031e-02;2.2250000e+02;3.8151793e-02;2.2250000e+02;1.1222484e-01;2.2250000e+02;2.1779877e-01;2.2250000e+02;2.7569097e-01;2.2250000e+02;2.6770428e-01;2.2250000e+02;2.1043426e-01;2.2250000e+02;1.3401671e-01;2.2250000e+02;6.3014761e-02;2.2250000e+02;9.7237527e-04;2.2250000e+02;-5.6579918e-02;2.2250000e+02;-1.1060284e-01;2.2250000e+02;-1.6233653e-01;2.2250000e+02;-2.1538463e-01;2.2250000e+02;-1.0171612e-01;2.2250000e+02;-9.9204883e-02;2.2250000e+02;-8.2128122e-02;2.2250000e+02;-5.4634556e-02;2.2250000e+02;-1.4824031e-02;2.2250000e+02;3.8151793e-02;2.2250000e+02;1.1222484e-01;2.2250000e+02;2.1779877e-01;2.2250000e+02;2.7569097e-01;2.2250000e+02;2.6770428e-01;2.2250000e+02;2.1043426e-01;2.2250000e+02;1.3401671e-01;2.2250000e+02;6.3014761e-02;2.2250000e+02;9.7237527e-04;2.2250000e+02;-5.6579918e-02;2.2250000e+02;-1.1060284e-01;2.2250000e+02;-1.6233653e-01;2.2250000e+02;-2.1538463e-01;2.2250000e+02;-1.0171612e-01;2.2250000e+02;-9.9204883e-02;2.2250000e+02;-8.2128122e-02;2.2250000e+02;-5.4634556e-02;2.2250000e+02;-1.4824031e-02;2.2250000e+02;3.8151793e-02;2.2250000e+02;1.1222484e-01;2.2250000e+02;2.1779877e-01;2.2250000e+02;2.7569097e-01;2.2250000e+02;2.6770428e-01;2.2250000e+02;2.1043426e-01;2.2250000e+02;1.3401671e-01;2.2250000e+02;6.3014761e-02;2.2250000e+02;9.7237527e-04;2.2250000e+02;-5.6579918e-02;2.2250000e+02;-1.1060284e-01;2.2250000e+02;-1.6233653e-01;2.2250000e+02;-2.1538463e-01;2.2250000e+02;-1.0171612e-01;2.2250000e+02;-9.9204883e-02;2.2250000e+02;-8.2128122e-02;2.2250000e+02;-5.4634556e-02;2.2250000e+02;-1.4824031e-02;2.2250000e+02;3.8151793e-02;2.2250000e+02;1.1222484e-01;2.2250000e+02;2.1779877e-01;2.2250000e+02;2.7569097e-01;2.2250000e+02;2.6770428e-01;2.2250000e+02;2.1043426e-01;2.2250000e+02;1.3401671e-01;2.2250000e+02;6.3014761e-02;2.2250000e+02;9.7237527e-04;2.2250000e+02;-5.6579918e-02;2.2250000e+02;-1.1060284e-01;2.2250000e+02;-1.6233653e-01;2.2250000e+02;-2.1538463e-01;2.2250000e+02;-1.0171612e-01;2.2250000e+02;-9.9204883e-02;2.2250000e+02;-8.2128122e-02;2.2250000e+02;-5.4634556e-02;2.2250000e+02;-1.4824031e-02;2.2250000e+02;3.8151793e-02;2.2250000e+02;1.1222484e-01;2.2250000e+02;2.1779877e-01;2.2250000e+02;2.7569097e-01;2.2250000e+02;2.6770428e-01;2.2250000e+02;2.1043426e-01;2.2250000e+02;1.3401671e-01;2.2250000e+02;6.3014761e-02;2.2250000e+02;9.7237527e-04;2.2250000e+02;-5.6579918e-02;2.2250000e+02;-1.1060284e-01;2.2250000e+02;-1.6233653e-01;2.2250000e+02;-2.1538463e-01;2.2250000e+02;-1.0171612e-01;2.2250000e+02;-9.9204883e-02;2.2250000e+02;-8.2128122e-02;2.2250000e+02;-5.4634556e-02;2.2250000e+02;-1.4824031e-02;2.2250000e+02;3.8151793e-02;2.2250000e+02;1.1222484e-01;2.2250000e+02;2.1779877e-01;2.2250000e+02;2.7569097e-01;2.2250000e+02;2.6770428e-01;2.2250000e+02;2.1043426e-01;2.2250000e+02;1.3401671e-01;2.2250000e+02;6.3014761e-02;2.2250000e+02;9.7237527e-04;2.2250000e+02;-5.6579918e-02;2.2250000e+02;-1.1060284e-01;2.2250000e+02;-1.6233653e-01;2.2250000e+02;-2.1538463e-01;2.2250000e+02;-1.0171612e-01;2.2250000e+02;-9.9204883e-02;2.2250000e+02;-8.2128122e-02;2.2250000e+02;-5.4634556e-02;2.2250000e+02;-1.4824031e-02;2.2250000e+02;3.8151793e-02;2.2250000e+02;1.1222484e-01;2.2250000e+02;2.1779877e-01;2.2250000e+02;2.7569097e-01;2.2250000e+02;2.6770428e-01;2.2250000e+02;2.1043426e-01;2.2250000e+02;1.3401671e-01;2.2250000e+02;6.3014761e-02;2.2250000e+02;9.7237527e-04;2.2250000e+02;-5.6579918e-02;2.2250000e+02;-1.1060284e-01;2.2250000e+02;-1.6233653e-01;2.2250000e+02;-2.1538463e-01;2.2250000e+02;-1.0171612e-01;2.2250000e+02;-9.9204883e-02;2.2250000e+02;-8.2128122e-02;2.2250000e+02;-5.4634556e-02;2.2250000e+02;-1.4824031e-02;2.2250000e+02;3.8151793e-02;2.2250000e+02;1.1222484e-01;2.2250000e+02;2.1779877e-01;2.2250000e+02;2.7569097e-01;2.2250000e+02;2.6770428e-01;2.2250000e+02;2.1043426e-01;2.2250000e+02;1.3401671e-01;2.2250000e+02;6.3014761e-02;2.2250000e+02;9.7237527e-04;2.2250000e+02;-5.6579918e-02;2.2250000e+02;-1.1060284e-01;2.2250000e+02;-1.6233653e-01;2.2250000e+02;-2.1538463e-01;2.2250000e+02;-1.0171612e-01;2.2250000e+02;-9.9204883e-02;2.2250000e+02;-8.2128122e-02;2.2250000e+02;-5.4634556e-02;2.2250000e+02;-1.4824031e-02;2.2250000e+02;3.8151793e-02;2.2250000e+02;1.1222484e-01;2.2250000e+02;2.1779877e-01;2.2250000e+02;2.7569097e-01;2.2250000e+02;2.6770428e-01;2.2250000e+02;2.1043426e-01;2.2250000e+02;1.3401671e-01;2.2250000e+02;6.3014761e-02;2.2250000e+02;9.7237527e-04;2.2250000e+02;-5.6579918e-02;2.2250000e+02;-1.1060284e-01;2.2250000e+02;-1.6233653e-01;2.2250000e+02;-2.1538463e-01;2.2250000e+02;-1.0171612e-01;2.2250000e+02;-9.9204883e-02;2.2250000e+02;-8.2128122e-02;2.2250000e+02;-5.4634556e-02;2.2250000e+02;-1.4824031e-02;2.2250000e+02;3.8151793e-02;2.2250000e+02;1.1222484e-01;2.2250000e+02;2.1779877e-01;2.2250000e+02;2.7569097e-01;2.2250000e+02;2.6770428e-01;2.2250000e+02;2.1043426e-01;2.2250000e+02;1.3401671e-01;2.2250000e+02;6.3014761e-02;2.2250000e+02;9.7237527e-04;2.2250000e+02;-5.6579918e-02;2.2250000e+02;-1.1060284e-01;2.2250000e+02;-1.6233653e-01;2.2250000e+02;-2.1538463e-01;2.2250000e+02;-1.0171612e-01;2.2250000e+02;-9.9204883e-02;2.2250000e+02;-8.2128122e-02;2.2250000e+02;-5.4634556e-02;2.2250000e+02;-1.4824031e-02;2.2250000e+02;3.8151793e-02;2.2250000e+02;1.1222484e-01;2.2250000e+02;2.1779877e-01;2.2250000e+02;2.7569097e-01;2.2250000e+02;2.6770428e-01;2.2250000e+02;2.1043426e-01;2.2250000e+02;1.3401671e-01;2.2250000e+02;6.3014761e-02;2.2250000e+02;9.7237527e-04;2.2250000e+02;-5.6579918e-02;2.2250000e+02;-1.1060284e-01;2.2250000e+02;-1.6233653e-01;2.2250000e+02;-2.1538463e-01;2.2250000e+02;-1.0171612e-01;2.2250000e+02;-9.9204883e-02;2.2250000e+02;-8.2128122e-02;2.2250000e+02;-5.4634556e-02;2.2250000e+02;-1.4824031e-02;2.2250000e+02;3.8151793e-02;2.2250000e+02;1.1222484e-01;2.2250000e+02;2.1779877e-01;2.2250000e+02;2.7569097e-01;2.2250000e+02;2.6770428e-01;2.2250000e+02;2.1043426e-01;2.2250000e+02;1.3401671e-01;2.2250000e+02;6.3014761e-02;2.2250000e+02;9.7237527e-04;2.2250000e+02;-5.6579918e-02;2.2250000e+02;-1.1060284e-01;2.2250000e+02;-1.6233653e-01;2.2250000e+02;-2.1538463e-01;2.2250000e+02;-1.0171612e-01;2.2250000e+02;-9.9204883e-02;2.2250000e+02;-8.2128122e-02;2.2250000e+02;-5.4634556e-02;2.2250000e+02;-1.4824031e-02;2.2250000e+02;3.8151793e-02;2.2250000e+02;1.1222484e-01;2.2250000e+02;2.1779877e-01;2.2250000e+02;2.7569097e-01;2.2250000e+02;2.6770428e-01;2.2250000e+02;2.1043426e-01;2.2250000e+02;1.3401671e-01;2.2250000e+02;6.3014761e-02;2.2250000e+02;9.7237527e-04;2.2250000e+02;-5.6579918e-02;2.2250000e+02;-1.1060284e-01;2.2250000e+02;-1.6233653e-01;2.2250000e+02;-2.1538463e-01;2.2250000e+02;-1.0171612e-01;2.2250000e+02;-9.9204883e-02;2.2250000e+02;-8.2128122e-02;2.2250000e+02;-5.4634556e-02;2.2250000e+02;-1.4824031e-02;2.2250000e+02;3.8151793e-02;2.2250000e+02;1.1222484e-01;2.2250000e+02;2.1779877e-01;2.2250000e+02;2.7569097e-01;2.2250000e+02;2.6770428e-01;2.2250000e+02;2.1043426e-01;2.2250000e+02;1.3401671e-01;2.2250000e+02;6.3014761e-02;2.2250000e+02;9.7237527e-04;2.2250000e+02;-5.6579918e-02;2.2250000e+02;-1.1060284e-01;2.2250000e+02;-1.6233653e-01;2.2250000e+02;-2.1538463e-01;2.2250000e+02;-1.0171612e-01;2.2250000e+02;-9.9204883e-02;2.2250000e+02;-8.2128122e-02;2.2250000e+02;-5.4634556e-02;2.2250000e+02;-1.4824031e-02;2.2250000e+02;3.8151793e-02;2.2250000e+02;1.1222484e-01;2.2250000e+02;2.1779877e-01;2.2250000e+02;2.7569097e-01;2.2250000e+02;2.6770428e-01;2.2250000e+02;2.1043426e-01;2.2250000e+02;1.3401671e-01;2.2250000e+02;6.3014761e-02;2.2250000e+02;9.7237527e-04;2.2250000e+02;-5.6579918e-02;2.2250000e+02;-1.1060284e-01;2.2250000e+02;-1.6233653e-01;2.2250000e+02;-2.1538463e-01;2.2250000e+02;-1.0171612e-01;2.2250000e+02;-9.9204883e-02;2.2250000e+02;-8.2128122e-02;2.2250000e+02;-5.4634556e-02;2.2250000e+02;-1.4824031e-02;2.2250000e+02;3.8151793e-02;2.2250000e+02;1.1222484e-01;2.2250000e+02;2.1779877e-01;2.2250000e+02;2.7569097e-01;2.2250000e+02;2.6770428e-01;2.2250000e+02;2.1043426e-01;2.2250000e+02;1.3401671e-01;2.2250000e+02;6.3014761e-02;2.2250000e+02;9.7237527e-04;2.2250000e+02;-5.6579918e-02;2.2250000e+02;-1.1060284e-01;2.2250000e+02;-1.6233653e-01;2.2250000e+02;-2.1538463e-01;2.2250000e+02;-1.0171612e-01;2.2250000e+02;-9.9204883e-02;2.2250000e+02;-8.2128122e-02;2.2250000e+02;-5.4634556e-02;2.2250000e+02;-1.4824031e-02;2.2250000e+02;3.8151793e-02;2.2250000e+02;1.1222484e-01;2.2250000e+02;2.1779877e-01;2.2250000e+02;2.7569097e-01;2.2250000e+02;2.6770428e-01;2.2250000e+02;2.1043426e-01;2.2250000e+02;1.3401671e-01;2.2250000e+02;6.3014761e-02;2.2250000e+02;9.7237527e-04;2.2250000e+02;-5.6579918e-02;2.2250000e+02;-1.1060284e-01;2.2250000e+02;-1.6233653e-01;2.2250000e+02;-2.1538463e-01;2.2250000e+02;-1.0171612e-01;2.2250000e+02;-9.9204883e-02;2.2250000e+02;-8.2128122e-02;2.2250000e+02;-5.4634556e-02;2.2250000e+02;-1.4824031e-02;2.2250000e+02;3.8151793e-02;2.2250000e+02;1.1222484e-01;2.2250000e+02;2.1779877e-01;2.2250000e+02;2.7569097e-01;2.2250000e+02;2.6770428e-01;2.2250000e+02;2.1043426e-01;2.2250000e+02;1.3401671e-01;2.2250000e+02;6.3014761e-02;2.2250000e+02;9.7237527e-04;2.2250000e+02;-5.6579918e-02;2.2250000e+02;-1.1060284e-01;2.2250000e+02;-1.6233653e-01;2.2250000e+02;-2.1538463e-01;2.2250000e+02;-1.0171612e-01;2.2250000e+02;-9.9204883e-02;2.2250000e+02;-8.2128122e-02;2.2250000e+02;-5.4634556e-02;2.2250000e+02;-1.4824031e-02;2.2250000e+02;3.8151793e-02;2.2250000e+02;1.1222484e-01;2.2250000e+02;2.1779877e-01;2.2250000e+02;2.7569097e-01;2.2250000e+02;2.6770428e-01;2.2250000e+02;2.1043426e-01;2.2250000e+02;1.3401671e-01;2.2250000e+02;6.3014761e-02;2.2250000e+02;9.7237527e-04;2.2250000e+02;-5.6579918e-02;2.2250000e+02;-1.1060284e-01;2.2250000e+02;-1.6233653e-01;2.2250000e+02;-2.1538463e-01;2.2250000e+02;-1.0171612e-01;2.2250000e+02;-9.9204883e-02;2.2250000e+02;-8.2128122e-02;2.2250000e+02;-5.4634556e-02;2.2250000e+02;-1.4824031e-02;2.2250000e+02;3.8151793e-02;2.2250000e+02;1.1222484e-01;2.2250000e+02;2.1779877e-01;2.2250000e+02;2.7569097e-01;2.2250000e+02;2.6770428e-01;2.2250000e+02;2.1043426e-01;2.2250000e+02;1.3401671e-01;2.2250000e+02;6.3014761e-02;2.2250000e+02;9.7237527e-04;2.2250000e+02;-5.6579918e-02;2.2250000e+02;-1.1060284e-01;2.2250000e+02;-1.6233653e-01;2.2250000e+02;-2.1538463e-01;2.2250000e+02;-1.0171612e-01;2.2250000e+02;-9.9204883e-02;2.2250000e+02;-8.2128122e-02;2.2250000e+02;-5.4634556e-02;2.2250000e+02;-1.4824031e-02;2.2250000e+02;3.8151793e-02;2.2250000e+02;1.1222484e-01;2.2250000e+02;2.1779877e-01;2.2250000e+02;2.7569097e-01;2.2250000e+02;2.6770428e-01;2.2250000e+02;2.1043426e-01;2.2250000e+02;1.3401671e-01;2.2250000e+02;6.3014761e-02;2.2250000e+02;9.7237527e-04;2.2250000e+02;-5.6579918e-02;2.2250000e+02;-1.1060284e-01;2.2250000e+02;-1.6233653e-01;2.2250000e+02;-2.1538463e-01;2.2250000e+02;-1.0171612e-01;2.2250000e+02;-9.9204883e-02;2.2250000e+02;-8.2128122e-02;2.2250000e+02;-5.4634556e-02;2.2250000e+02;-1.4824031e-02;2.2250000e+02;3.8151793e-02;2.2250000e+02;1.1222484e-01;2.2250000e+02;2.1779877e-01;2.2250000e+02;2.7569097e-01;2.2250000e+02;2.6770428e-01;2.2250000e+02;2.1043426e-01;2.2250000e+02;1.3401671e-01;2.2250000e+02;6.3014761e-02;2.2250000e+02;9.7237527e-04;2.2250000e+02;-5.6579918e-02;2.2250000e+02;-1.1060284e-01;2.2250000e+02;-1.6233653e-01;2.2250000e+02;-2.1538463e-01;2.2250000e+02;-1.0171612e-01;2.2250000e+02;-9.9204883e-02;2.2250000e+02;-8.2128122e-02;2.2250000e+02;-5.4634556e-02;2.2250000e+02;-1.4824031e-02;2.2250000e+02;3.8151793e-02;2.2250000e+02;1.1222484e-01;2.2250000e+02;2.1779877e-01;2.2250000e+02;2.7569097e-01;2.2250000e+02;2.6770428e-01;2.2250000e+02;2.1043426e-01;2.2250000e+02;1.3401671e-01;2.2250000e+02;6.3014761e-02;2.2250000e+02;9.7237527e-04;2.2250000e+02;-5.6579918e-02;2.2250000e+02;-1.1060284e-01;2.2250000e+02;-1.6233653e-01;2.2250000e+02;-2.1538463e-01;2.2250000e+02;-1.0171612e-01;2.2250000e+02;-9.9204883e-02;2.2250000e+02;-8.2128122e-02;2.2250000e+02;-5.4634556e-02;2.2250000e+02;-1.4824031e-02;2.2250000e+02;3.8151793e-02;2.2250000e+02;1.1222484e-01;2.2250000e+02;2.1779877e-01;2.2250000e+02;2.7569097e-01;2.2250000e+02;2.6770428e-01;2.2250000e+02;2.1043426e-01;2.2250000e+02;1.3401671e-01;2.2250000e+02;6.3014761e-02;2.2250000e+02;9.7237527e-04;2.2250000e+02;-5.6579918e-02;2.2250000e+02;-1.1060284e-01;2.2250000e+02;-1.6233653e-01;2.2250000e+02;-2.1538463e-01;2.2250000e+02;-1.0171612e-01;2.2250000e+02;-9.9204883e-02;2.2250000e+02;-8.2128122e-02;2.2250000e+02;-5.4634556e-02;2.2250000e+02;-1.4824031e-02;2.2250000e+02;3.8151793e-02;2.2250000e+02;1.1222484e-01;2.2250000e+02;2.1779877e-01;2.2250000e+02;2.7569097e-01;2.2250000e+02;2.6770428e-01;2.2250000e+02;2.1043426e-01;2.2250000e+02;1.3401671e-01;2.2250000e+02;6.3014761e-02;2.2250000e+02;9.7237527e-04;2.2250000e+02;-5.6579918e-02;2.2250000e+02;-1.1060284e-01;2.2250000e+02;-1.6233653e-01;2.2250000e+02;-2.1538463e-01;2.2250000e+02;-1.0171612e-01;2.2250000e+02;-9.9204883e-02;2.2250000e+02;-8.2128122e-02;2.2250000e+02;-5.4634556e-02;2.2250000e+02;-1.4824031e-02;2.2250000e+02;3.8151793e-02;2.2250000e+02;1.1222484e-01;2.2250000e+02;2.1779877e-01;2.2250000e+02;2.7569097e-01;2.2250000e+02;2.6770428e-01;2.2250000e+02;2.1043426e-01;2.2250000e+02;1.3401671e-01;2.2250000e+02;6.3014761e-02;2.2250000e+02;9.7237527e-04;2.2250000e+02;-5.6579918e-02;2.2250000e+02;-1.1060284e-01;2.2250000e+02;-1.6233653e-01;2.2250000e+02;-2.1538463e-01;2.2250000e+02;-1.0171612e-01;2.2250000e+02;-9.9204883e-02;2.2250000e+02;-8.2128122e-02;2.2250000e+02;-5.4634556e-02;2.2250000e+02;-1.4824031e-02;2.2250000e+02;3.8151793e-02;2.2250000e+02;1.1222484e-01;2.2250000e+02;2.1779877e-01;2.2250000e+02;2.7569097e-01;2.2250000e+02;2.6770428e-01;2.2250000e+02;2.1043426e-01;2.2250000e+02;1.3401671e-01;2.2250000e+02;6.3014761e-02;2.2250000e+02;9.7237527e-04;2.2250000e+02;-5.6579918e-02;2.2250000e+02;-1.1060284e-01;2.2250000e+02;-1.6233653e-01;2.2250000e+02;-2.1538463e-01;2.2250000e+02;-1.0171612e-01;2.2250000e+02;-9.9204883e-02;2.2250000e+02;-8.2128122e-02;2.2250000e+02;-5.4634556e-02;2.2250000e+02;-1.4824031e-02;2.2250000e+02;3.8151793e-02;2.2250000e+02;1.1222484e-01;2.2250000e+02;2.1779877e-01;2.2250000e+02;2.7569097e-01;2.2250000e+02;2.6770428e-01;2.2250000e+02;2.1043426e-01;2.2250000e+02;1.3401671e-01;2.2250000e+02;6.3014761e-02;2.2250000e+02;9.7237527e-04;2.2250000e+02;-5.6579918e-02;2.2250000e+02;-1.1060284e-01;2.2250000e+02;-1.6233653e-01;2.2250000e+02;-2.1538463e-01;2.2250000e+02;-1.0171612e-01;2.2250000e+02;-9.9204883e-02;2.2250000e+02;-8.2128122e-02;2.2250000e+02;-5.4634556e-02;2.2250000e+02;-1.4824031e-02;2.2250000e+02;3.8151793e-02;2.2250000e+02;1.1222484e-01;2.2250000e+02;2.1779877e-01;2.2250000e+02;2.7569097e-01;2.2250000e+02;2.6770428e-01;2.2250000e+02;2.1043426e-01;2.2250000e+02;1.3401671e-01;2.2250000e+02;6.3014761e-02;2.2250000e+02;9.7237527e-04;2.2250000e+02;-5.6579918e-02;2.2250000e+02;-1.1060284e-01;2.2250000e+02;-1.6233653e-01;2.2250000e+02;-2.1538463e-01
2.2750000e+02;-1.0164002e-01;2.2750000e+02;-1.0853820e-01;2.2750000e+02;-1.0068330e-01;2.2750000e+02;-7.9307541e-02;2.2750000e+02;-4.0354311e-02;2.2750000e+02;1.4538255e-02;2.2750000e+02;9.3505964e-02;2.2750000e+02;1.9788125e-01;2.2750000e+02;2.5376666e-01;2.2750000e+02;2.5168133e-01;2.2750000e+02;2.0382747e-01;2.2750000e+02;1.3332346e-01;2.2750000e+02;6.5531313e-02;2.2750000e+02;4.1520894e-03;2.2750000e+02;-5.1700011e-02;2.2750000e+02;-1.0568784e-01;2.2750000e+02;-1.5766825e-01;2.2750000e+02;-2.0980111e-01;2.2750000e+02;-1.0164002e-01;2.2750000e+02;-1.0853820e-01;2.2750000e+02;-1.0068330e-01;2.2750000e+02;-7.9307541e-02;2.2750000e+02;-4.0354311e-02;2.2750000e+02;1.4538255e-02;2.2750000e+02;9.3505964e-02;2.2750000e+02;1.9788125e-01;2.2750000e+02;2.5376666e-01;2.2750000e+02;2.5168133e-01;2.2750000e+02;2.0382747e-01;2.2750000e+02;1.3332346e-01;2.2750000e+02;6.5531313e-02;2.2750000e+02;4.1520894e-03;2.2750000e+02;-5.1700011e-02;2.2750000e+02;-1.0568784e-01;2.2750000e+02;-1.5766825e-01;2.2750000e+02;-2.0980111e-01;2.2750000e+02;-1.0164002e-01;2.2750000e+02;-1.0853820e-01;2.2750000e+02;-1.0068330e-01;2.2750000e+02;-7.9307541e-02;2.2750000e+02;-4.0354311e-02;2.2750000e+02;1.4538255e-02;2.2750000e+02;9.3505964e-02;2.2750000e+02;1.9788125e-01;2.2750000e+02;2.5376666e-01;2.2750000e+02;2.5168133e-01;2.2750000e+02;2.0382747e-01;2.2750000e+02;1.3332346e-01;2.2750000e+02;6.5531313e-02;2.2750000e+02;4.1520894e-03;2.2750000e+02;-5.1700011e-02;2.2750000e+02;-1.0568784e-01;2.2750000e+02;-1.5766825e-01;2.2750000e+02;-2.0980111e-01;2.2750000e+02;-1.0164002e-01;2.2750000e+02;-1.0853820e-01;2.2750000e+02;-1.0068330e-01;2.2750000e+02;-7.9307541e-02;2.2750000e+02;-4.0354311e-02;2.2750000e+02;1.4538255e-02;2.2750000e+02;9.3505964e-02;2.2750000e+02;1.9788125e-01;2.2750000e+02;2.5376666e-01;2.2750000e+02;2.5168133e-01;2.2750000e+02;2.0382747e-01;2.2750000e+02;1.3332346e-01;2.2750000e+02;6.5531313e-02;2.2750000e+02;4.1520894e-03;2.2750000e+02;-5.1700011e-02;2.2750000e+02;-1.0568784e-01;2.2750000e+02;-1.5766825e-01;2.2750000e+02;-2.0980111e-01;2.2750000e+02;-1.0164002e-01;2.2750000e+02;-1.0853820e-01;2.2750000e+02;-1.0068330e-01;2.2750000e+02;-7.9307541e-02;2.2750000e+02;-4.0354311e-02;2.2750000e+02;1.4538255e-02;2.2750000e+02;9.3505964e-02;2.2750000e+02;1.9788125e-01;2.2750000e+02;2.5376666e-01;2.2750000e+02;2.5168133e-01;2.2750000e+02;2.0382747e-01;2.2750000e+02;1.3332346e-01;2.2750000e+02;6.5531313e-02;2.2750000e+02;4.1520894e-03;2.2750000e+02;-5.1700011e-02;2.2750000e+02;-1.0568784e-01;2.2750000e+02;-1.5766825e-01;2.2750000e+02;-2.0980111e-01;2.2750000e+02;-1.0164002e-01;2.2750000e+02;-1.0853820e-01;2.2750000e+02;-1.0068330e-01;2.2750000e+02;-7.9307541e-02;2.2750000e+02;-4.0354311e-02;2.2750000e+02;1.4538255e-02;2.2750000e+02;9.3505964e-02;2.2750000e+02;1.9788125e-01;2.2750000e+02;2.5376666e-01;2.2750000e+02;2.5168133e-01;2.2750000e+02;2.0382747e-01;2.2750000e+02;1.3332346e-01;2.2750000e+02;6.5531313e-02;2.2750000e+02;4.1520894e-03;2.2750000e+02;-5.1700011e-02;2.2750000e+02;-1.0568784e-01;2.2750000e+02;-1.5766825e-01;2.2750000e+02;-2.0980111e-01;2.2750000e+02;-1.0164002e-01;2.2750000e+02;-1.0853820e-01;2.2750000e+02;-1.0068330e-01;2.2750000e+02;-7.9307541e-02;2.2750000e+02;-4.0354311e-02;2.2750000e+02;1.4538255e-02;2.2750000e+02;9.3505964e-02;2.2750000e+02;1.9788125e-01;2.2750000e+02;2.5376666e-01;2.2750000e+02;2.5168133e-01;2.2750000e+02;2.0382747e-01;2.2750000e+02;1.3332346e-01;2.2750000e+02;6.5531313e-02;2.2750000e+02;4.1520894e-03;2.2750000e+02;-5.1700011e-02;2.2750000e+02;-1.0568784e-01;2.2750000e+02;-1.5766825e-01;2.2750000e+02;-2.0980111e-01;2.2750000e+02;-1.0164002e-01;2.2750000e+02;-1.0853820e-01;2.2750000e+02;-1.0068330e-01;2.2750000e+02;-7.9307541e-02;2.2750000e+02;-4.0354311e-02;2.2750000e+02;1.4538255e-02;2.2750000e+02;9.3505964e-02;2.2750000e+02;1.9788125e-01;2.2750000e+02;2.5376666e-01;2.2750000e+02;2.5168133e-01;2.2750000e+02;2.0382747e-01;2.2750000e+02;1.3332346e-01;2.2750000e+02;6.5531313e-02;2.2750000e+02;4.1520894e-03;2.2750000e+02;-5.1700011e-02;2.2750000e+02;-1.0568784e-01;2.2750000e+02;-1.5766825e-01;2.2750000e+02;-2.0980111e-01;2.2750000e+02;-1.0164002e-01;2.2750000e+02;-1.0853820e-01;2.2750000e+02;-1.0068330e-01;2.2750000e+02;-7.9307541e-02;2.2750000e+02;-4.0354311e-02;2.2750000e+02;1.4538255e-02;2.2750000e+02;9.3505964e-02;2.2750000e+02;1.9788125e-01;2.2750000e+02;2.5376666e-01;2.2750000e+02;2.5168133e-01;2.2750000e+02;2.0382747e-01;2.2750000e+02;1.3332346e-01;2.2750000e+02;6.5531313e-02;2.2750000e+02;4.1520894e-03;2.2750000e+02;-5.1700011e-02;2.2750000e+02;-1.0568784e-01;2.2750000e+02;-1.5766825e-01;2.2750000e+02;-2.0980111e-01;2.2750000e+02;-1.0164002e-01;2.2750000e+02;-1.0853820e-01;2.2750000e+02;-1.0068330e-01;2.2750000e+02;-7.9307541e-02;2.2750000e+02;-4.0354311e-02;2.2750000e+02;1.4538255e-02;2.2750000e+02;9.3505964e-02;2.2750000e+02;1.9788125e-01;2.2750000e+02;2.5376666e-01;2.2750000e+02;2.5168133e-01;2.2750000e+02;2.0382747e-01;2.2750000e+02;1.3332346e-01;2.2750000e+02;6.5531313e-02;2.2750000e+02;4.1520894e-03;2.2750000e+02;-5.1700011e-02;2.2750000e+02;-1.0568784e-01;2.2750000e+02;-1.5766825e-01;2.2750000e+02;-2.0980111e-01;2.2750000e+02;-1.0164002e-01;2.2750000e+02;-1.0853820e-01;2.2750000e+02;-1.0068330e-01;2.2750000e+02;-7.9307541e-02;2.2750000e+02;-4.0354311e-02;2.2750000e+02;1.4538255e-02;2.2750000e+02;9.3505964e-02;2.2750000e+02;1.9788125e-01;2.2750000e+02;2.5376666e-01;2.2750000e+02;2.5168133e-01;2.2750000e+02;2.0382747e-01;2.2750000e+02;1.3332346e-01;2.2750000e+02;6.5531313e-02;2.2750000e+02;4.1520894e-03;2.2750000e+02;-5.1700011e-02;2.2750000e+02;-1.0568784e-01;2.2750000e+02;-1.5766825e-01;2.2750000e+02;-2.0980111e-01;2.2750000e+02;-1.0164002e-01;2.2750000e+02;-1.0853820e-01;2.2750000e+02;-1.0068330e-01;2.2750000e+02;-7.9307541e-02;2.2750000e+02;-4.0354311e-02;2.2750000e+02;1.4538255e-02;2.2750000e+02;9.3505964e-02;2.2750000e+02;1.9788125e-01;2.2750000e+02;2.5376666e-01;2.2750000e+02;2.5168133e-01;2.2750000e+02;2.0382747e-01;2.2750000e+02;1.3332346e-01;2.2750000e+02;6.5531313e-02;2.2750000e+02;4.1520894e-03;2.2750000e+02;-5.1700011e-02;2.2750000e+02;-1.0568784e-01;2.2750000e+02;-1.5766825e-01;2.2750000e+02;-2.0980111e-01;2.2750000e+02;-1.0164002e-01;2.2750000e+02;-1.0853820e-01;2.2750000e+02;-1.0068330e-01;2.2750000e+02;-7.9307541e-02;2.2750000e+02;-4.0354311e-02;2.2750000e+02;1.4538255e-02;2.2750000e+02;9.3505964e-02;2.2750000e+02;1.9788125e-01;2.2750000e+02;2.5376666e-01;2.2750000e+02;2.5168133e-01;2.2750000e+02;2.0382747e-01;2.2750000e+02;1.3332346e-01;2.2750000e+02;6.5531313e-02;2.2750000e+02;4.1520894e-03;2.2750000e+02;-5.1700011e-02;2.2750000e+02;-1.0568784e-01;2.2750000e+02;-1.5766825e-01;2.2750000e+02;-2.0980111e-01;2.2750000e+02;-1.0164002e-01;2.2750000e+02;-1.0853820e-01;2.2750000e+02;-1.0068330e-01;2.2750000e+02;-7.9307541e-02;2.2750000e+02;-4.0354311e-02;2.2750000e+02;1.4538255e-02;2.2750000e+02;9.3505964e-02;2.2750000e+02;1.9788125e-01;2.2750000e+02;2.5376666e-01;2.2750000e+02;2.5168133e-01;2.2750000e+02;2.0382747e-01;2.2750000e+02;1.3332346e-01;2.2750000e+02;6.5531313e-02;2.2750000e+02;4.1520894e-03;2.2750000e+02;-5.1700011e-02;2.2750000e+02;-1.0568784e-01;2.2750000e+02;-1.5766825e-01;2.2750000e+02;-2.0980111e-01;2.2750000e+02;-1.0164002e-01;2.2750000e+02;-1.0853820e-01;2.2750000e+02;-1.0068330e-01;2.2750000e+02;-7.9307541e-02;2.2750000e+02;-4.0354311e-02;2.2750000e+02;1.4538255e-02;2.2750000e+02;9.3505964e-02;2.2750000e+02;1.9788125e-01;2.2750000e+02;2.5376666e-01;2.2750000e+02;2.5168133e-01;2.2750000e+02;2.0382747e-01;2.2750000e+02;1.3332346e-01;2.2750000e+02;6.5531313e-02;2.2750000e+02;4.1520894e-03;2.2750000e+02;-5.1700011e-02;2.2750000e+02;-1.0568784e-01;2.2750000e+02;-1.5766825e-01;2.2750000e+02;-2.0980111e-01;2.2750000e+02;-1.0164002e-01;2.2750000e+02;-1.0853820e-01;2.2750000e+02;-1.0068330e-01;2.2750000e+02;-7.9307541e-02;2.2750000e+02;-4.0354311e-02;2.2750000e+02;1.4538255e-02;2.2750000e+02;9.3505964e-02;2.2750000e+02;1.9788125e-01;2.2750000e+02;2.5376666e-01;2.2750000e+02;2.5168133e-01;2.2750000e+02;2.0382747e-01;2.2750000e+02;1.3332346e-01;2.2750000e+02;6.5531313e-02;2.2750000e+02;4.1520894e-03;2.2750000e+02;-5.1700011e-02;2.2750000e+02;-1.0568784e-01;2.2750000e+02;-1.5766825e-01;2.2750000e+02;-2.0980111e-01;2.2750000e+02;-1.0164002e-01;2.2750000e+02;-1.0853820e-01;2.2750000e+02;-1.0068330e-01;2.2750000e+02;-7.9307541e-02;2.2750000e+02;-4.0354311e-02;2.2750000e+02;1.4538255e-02;2.2750000e+02;9.3505964e-02;2.2750000e+02;1.9788125e-01;2.2750000e+02;2.5376666e-01;2.2750000e+02;2.5168133e-01;2.2750000e+02;2.0382747e-01;2.2750000e+02;1.3332346e-01;2.2750000e+02;6.5531313e-02;2.2750000e+02;4.1520894e-03;2.2750000e+02;-5.1700011e-02;2.2750000e+02;-1.0568784e-01;2.2750000e+02;-1.5766825e-01;2.2750000e+02;-2.0980111e-01;2.2750000e+02;-1.0164002e-01;2.2750000e+02;-1.0853820e-01;2.2750000e+02;-1.0068330e-01;2.2750000e+02;-7.9307541e-02;2.2750000e+02;-4.0354311e-02;2.2750000e+02;1.4538255e-02;2.2750000e+02;9.3505964e-02;2.2750000e+02;1.9788125e-01;2.2750000e+02;2.5376666e-01;2.2750000e+02;2.5168133e-01;2.2750000e+02;2.0382747e-01;2.2750000e+02;1.3332346e-01;2.2750000e+02;6.5531313e-02;2.2750000e+02;4.1520894e-03;2.2750000e+02;-5.1700011e-02;2.2750000e+02;-1.0568784e-01;2.2750000e+02;-1.5766825e-01;2.2750000e+02;-2.0980111e-01;2.2750000e+02;-1.0164002e-01;2.2750000e+02;-1.0853820e-01;2.2750000e+02;-1.0068330e-01;2.2750000e+02;-7.9307541e-02;2.2750000e+02;-4.0354311e-02;2.2750000e+02;1.4538255e-02;2.2750000e+02;9.3505964e-02;2.2750000e+02;1.9788125e-01;2.2750000e+02;2.5376666e-01;2.2750000e+02;2.5168133e-01;2.2750000e+02;2.0382747e-01;2.2750000e+02;1.3332346e-01;2.2750000e+02;6.5531313e-02;2.2750000e+02;4.1520894e-03;2.2750000e+02;-5.1700011e-02;2.2750000e+02;-1.0568784e-01;2.2750000e+02;-1.5766825e-01;2.2750000e+02;-2.0980111e-01;2.2750000e+02;-1.0164002e-01;2.2750000e+02;-1.0853820e-01;2.2750000e+02;-1.0068330e-01;2.2750000e+02;-7.9307541e-02;2.2750000e+02;-4.0354311e-02;2.2750000e+02;1.4538255e-02;2.2750000e+02;9.3505964e-02;2.2750000e+02;1.9788125e-01;2.2750000e+02;2.5376666e-01;2.2750000e+02;2.5168133e-01;2.2750000e+02;2.0382747e-01;2.2750000e+02;1.3332346e-01;2.2750000e+02;6.5531313e-02;2.2750000e+02;4.1520894e-03;2.2750000e+02;-5.1700011e-02;2.2750000e+02;-1.0568784e-01;2.2750000e+02;-1.5766825e-01;2.2750000e+02;-2.0980111e-01;2.2750000e+02;-1.0164002e-01;2.2750000e+02;-1.0853820e-01;2.2750000e+02;-1.0068330e-01;2.2750000e+02;-7.9307541e-02;2.2750000e+02;-4.0354311e-02;2.2750000e+02;1.4538255e-02;2.2750000e+02;9.3505964e-02;2.2750000e+02;1.9788125e-01;2.2750000e+02;2.5376666e-01;2.2750000e+02;2.5168133e-01;2.2750000e+02;2.0382747e-01;2.2750000e+02;1.3332346e-01;2.2750000e+02;6.5531313e-02;2.2750000e+02;4.1520894e-03;2.2750000e+02;-5.1700011e-02;2.2750000e+02;-1.0568784e-01;2.2750000e+02;-1.5766825e-01;2.2750000e+02;-2.0980111e-01;2.2750000e+02;-1.0164002e-01;2.2750000e+02;-1.0853820e-01;2.2750000e+02;-1.0068330e-01;2.2750000e+02;-7.9307541e-02;2.2750000e+02;-4.0354311e-02;2.2750000e+02;1.4538255e-02;2.2750000e+02;9.3505964e-02;2.2750000e+02;1.9788125e-01;2.2750000e+02;2.5376666e-01;2.2750000e+02;2.5168133e-01;2.2750000e+02;2.0382747e-01;2.2750000e+02;1.3332346e-01;2.2750000e+02;6.5531313e-02;2.2750000e+02;4.1520894e-03;2.2750000e+02;-5.1700011e-02;2.2750000e+02;-1.0568784e-01;2.2750000e+02;-1.5766825e-01;2.2750000e+02;-2.0980111e-01;2.2750000e+02;-1.0164002e-01;2.2750000e+02;-1.0853820e-01;2.2750000e+02;-1.0068330e-01;2.2750000e+02;-7.9307541e-02;2.2750000e+02;-4.0354311e-02;2.2750000e+02;1.4538255e-02;2.2750000e+02;9.3505964e-02;2.2750000e+02;1.9788125e-01;2.2750000e+02;2.5376666e-01;2.2750000e+02;2.5168133e-01;2.2750000e+02;2.0382747e-01;2.2750000e+02;1.3332346e-01;2.2750000e+02;6.5531313e-02;2.2750000e+02;4.1520894e-03;2.2750000e+02;-5.1700011e-02;2.2750000e+02;-1.0568784e-01;2.2750000e+02;-1.5766825e-01;2.2750000e+02;-2.0980111e-01;2.2750000e+02;-1.0164002e-01;2.2750000e+02;-1.0853820e-01;2.2750000e+02;-1.0068330e-01;2.2750000e+02;-7.9307541e-02;2.2750000e+02;-4.0354311e-02;2.2750000e+02;1.4538255e-02;2.2750000e+02;9.3505964e-02;2.2750000e+02;1.9788125e-01;2.2750000e+02;2.5376666e-01;2.2750000e+02;2.5168133e-01;2.2750000e+02;2.0382747e-01;2.2750000e+02;1.3332346e-01;2.2750000e+02;6.5531313e-02;2.2750000e+02;4.1520894e-03;2.2750000e+02;-5.1700011e-02;2.2750000e+02;-1.0568784e-01;2.2750000e+02;-1.5766825e-01;2.2750000e+02;-2.0980111e-01;2.2750000e+02;-1.0164002e-01;2.2750000e+02;-1.0853820e-01;2.2750000e+02;-1.0068330e-01;2.2750000e+02;-7.9307541e-02;2.2750000e+02;-4.0354311e-02;2.2750000e+02;1.4538255e-02;2.2750000e+02;9.3505964e-02;2.2750000e+02;1.9788125e-01;2.2750000e+02;2.5376666e-01;2.2750000e+02;2.5168133e-01;2.2750000e+02;2.0382747e-01;2.2750000e+02;1.3332346e-01;2.2750000e+02;6.5531313e-02;2.2750000e+02;4.1520894e-03;2.2750000e+02;-5.1700011e-02;2.2750000e+02;-1.0568784e-01;2.2750000e+02;-1.5766825e-01;2.2750000e+02;-2.0980111e-01;2.2750000e+02;-1.0164002e-01;2.2750000e+02;-1.0853820e-01;2.2750000e+02;-1.0068330e-01;2.2750000e+02;-7.9307541e-02;2.2750000e+02;-4.0354311e-02;2.2750000e+02;1.4538255e-02;2.2750000e+02;9.3505964e-02;2.2750000e+02;1.9788125e-01;2.2750000e+02;2.5376666e-01;2.2750000e+02;2.5168133e-01;2.2750000e+02;2.0382747e-01;2.2750000e+02;1.3332346e-01;2.2750000e+02;6.5531313e-02;2.2750000e+02;4.1520894e-03;2.2750000e+02;-5.1700011e-02;2.2750000e+02;-1.0568784e-01;2.2750000e+02;-1.5766825e-01;2.2750000e+02;-2.0980111e-01;2.2750000e+02;-1.0164002e-01;2.2750000e+02;-1.0853820e-01;2.2750000e+02;-1.0068330e-01;2.2750000e+02;-7.9307541e-02;2.2750000e+02;-4.0354311e-02;2.2750000e+02;1.4538255e-02;2.2750000e+02;9.3505964e-02;2.2750000e+02;1.9788125e-01;2.2750000e+02;2.5376666e-01;2.2750000e+02;2.5168133e-01;2.2750000e+02;2.0382747e-01;2.2750000e+02;1.3332346e-01;2.2750000e+02;6.5531313e-02;2.2750000e+02;4.1520894e-03;2.2750000e+02;-5.1700011e-02;2.2750000e+02;-1.0568784e-01;2.2750000e+02;-1.5766825e-01;2.2750000e+02;-2.0980111e-01;2.2750000e+02;-1.0164002e-01;2.2750000e+02;-1.0853820e-01;2.2750000e+02;-1.0068330e-01;2.2750000e+02;-7.9307541e-02;2.2750000e+02;-4.0354311e-02;2.2750000e+02;1.4538255e-02;2.2750000e+02;9.3505964e-02;2.2750000e+02;1.9788125e-01;2.2750000e+02;2.5376666e-01;2.2750000e+02;2.5168133e-01;2.2750000e+02;2.0382747e-01;2.2750000e+02;1.3332346e-01;2.2750000e+02;6.5531313e-02;2.2750000e+02;4.1520894e-03;2.2750000e+02;-5.1700011e-02;2.2750000e+02;-1.0568784e-01;2.2750000e+02;-1.5766825e-01;2.2750000e+02;-2.0980111e-01;2.2750000e+02;-1.0164002e-01;2.2750000e+02;-1.0853820e-01;2.2750000e+02;-1.0068330e-01;2.2750000e+02;-7.9307541e-02;2.2750000e+02;-4.0354311e-02;2.2750000e+02;1.4538255e-02;2.2750000e+02;9.3505964e-02;2.2750000e+02;1.9788125e-01;2.2750000e+02;2.5376666e-01;2.2750000e+02;2.5168133e-01;2.2750000e+02;2.0382747e-01;2.2750000e+02;1.3332346e-01;2.2750000e+02;6.5531313e-02;2.2750000e+02;4.1520894e-03;2.2750000e+02;-5.1700011e-02;2.2750000e+02;-1.0568784e-01;2.2750000e+02;-1.5766825e-01;2.2750000e+02;-2.0980111e-01;2.2750000e+02;-1.0164002e-01;2.2750000e+02;-1.0853820e-01;2.2750000e+02;-1.0068330e-01;2.2750000e+02;-7.9307541e-02;2.2750000e+02;-4.0354311e-02;2.2750000e+02;1.4538255e-02;2.2750000e+02;9.3505964e-02;2.2750000e+02;1.9788125e-01;2.2750000e+02;2.5376666e-01;2.2750000e+02;2.5168133e-01;2.2750000e+02;2.0382747e-01;2.2750000e+02;1.3332346e-01;2.2750000e+02;6.5531313e-02;2.2750000e+02;4.1520894e-03;2.2750000e+02;-5.1700011e-02;2.2750000e+02;-1.0568784e-01;2.2750000e+02;-1.5766825e-01;2.2750000e+02;-2.0980111e-01;2.2750000e+02;-1.0164002e-01;2.2750000e+02;-1.0853820e-01;2.2750000e+02;-1.0068330e-01;2.2750000e+02;-7.9307541e-02;2.2750000e+02;-4.0354311e-02;2.2750000e+02;1.4538255e-02;2.2750000e+02;9.3505964e-02;2.2750000e+02;1.9788125e-01;2.2750000e+02;2.5376666e-01;2.2750000e+02;2.5168133e-01;2.2750000e+02;2.0382747e-01;2.2750000e+02;1.3332346e-01;2.2750000e+02;6.5531313e-02;2.2750000e+02;4.1520894e-03;2.2750000e+02;-5.1700011e-02;2.2750000e+02;-1.0568784e-01;2.2750000e+02;-1.5766825e-01;2.2750000e+02;-2.0980111e-01;2.2750000e+02;-1.0164002e-01;2.2750000e+02;-1.0853820e-01;2.2750000e+02;-1.0068330e-01;2.2750000e+02;-7.9307541e-02;2.2750000e+02;-4.0354311e-02;2.2750000e+02;1.4538255e-02;2.2750000e+02;9.3505964e-02;2.2750000e+02;1.9788125e-01;2.2750000e+02;2.5376666e-01;2.2750000e+02;2.5168133e-01;2.2750000e+02;2.0382747e-01;2.2750000e+02;1.3332346e-01;2.2750000e+02;6.5531313e-02;2.2750000e+02;4.1520894e-03;2.2750000e+02;-5.1700011e-02;2.2750000e+02;-1.0568784e-01;2.2750000e+02;-1.5766825e-01;2.2750000e+02;-2.0980111e-01;2.2750000e+02;-1.0164002e-01;2.2750000e+02;-1.0853820e-01;2.2750000e+02;-1.0068330e-01;2.2750000e+02;-7.9307541e-02;2.2750000e+02;-4.0354311e-02;2.2750000e+02;1.4538255e-02;2.2750000e+02;9.3505964e-02;2.2750000e+02;1.9788125e-01;2.2750000e+02;2.5376666e-01;2.2750000e+02;2.5168133e-01;2.2750000e+02;2.0382747e-01;2.2750000e+02;1.3332346e-01;2.2750000e+02;6.5531313e-02;2.2750000e+02;4.1520894e-03;2.2750000e+02;-5.1700011e-02;2.2750000e+02;-1.0568784e-01;2.2750000e+02;-1.5766825e-01;2.2750000e+02;-2.0980111e-01;2.2750000e+02;-1.0164002e-01;2.2750000e+02;-1.0853820e-01;2.2750000e+02;-1.0068330e-01;2.2750000e+02;-7.9307541e-02;2.2750000e+02;-4.0354311e-02;2.2750000e+02;1.4538255e-02;2.2750000e+02;9.3505964e-02;2.2750000e+02;1.9788125e-01;2.2750000e+02;2.5376666e-01;2.2750000e+02;2.5168133e-01;2.2750000e+02;2.0382747e-01;2.2750000e+02;1.3332346e-01;2.2750000e+02;6.5531313e-02;2.2750000e+02;4.1520894e-03;2.2750000e+02;-5.1700011e-02;2.2750000e+02;-1.0568784e-01;2.2750000e+02;-1.5766825e-01;2.2750000e+02;-2.0980111e-01;2.2750000e+02;-1.0164002e-01;2.2750000e+02;-1.0853820e-01;2.2750000e+02;-1.0068330e-01;2.2750000e+02;-7.9307541e-02;2.2750000e+02;-4.0354311e-02;2.2750000e+02;1.4538255e-02;2.2750000e+02;9.3505964e-02;2.2750000e+02;1.9788125e-01;2.2750000e+02;2.5376666e-01;2.2750000e+02;2.5168133e-01;2.2750000e+02;2.0382747e-01;2.2750000e+02;1.3332346e-01;2.2750000e+02;6.5531313e-02;2.2750000e+02;4.1520894e-03;2.2750000e+02;-5.1700011e-02;2.2750000e+02;-1.0568784e-01;2.2750000e+02;-1.5766825e-01;2.2750000e+02;-2.0980111e-01;2.2750000e+02;-1.0164002e-01;2.2750000e+02;-1.0853820e-01;2.2750000e+02;-1.0068330e-01;2.2750000e+02;-7.9307541e-02;2.2750000e+02;-4.0354311e-02;2.2750000e+02;1.4538255e-02;2.2750000e+02;9.3505964e-02;2.2750000e+02;1.9788125e-01;2.2750000e+02;2.5376666e-01;2.2750000e+02;2.5168133e-01;2.2750000e+02;2.0382747e-01;2.2750000e+02;1.3332346e-01;2.2750000e+02;6.5531313e-02;2.2750000e+02;4.1520894e-03;2.2750000e+02;-5.1700011e-02;2.2750000e+02;-1.0568784e-01;2.2750000e+02;-1.5766825e-01;2.2750000e+02;-2.0980111e-01;2.2750000e+02;-1.0164002e-01;2.2750000e+02;-1.0853820e-01;2.2750000e+02;-1.0068330e-01;2.2750000e+02;-7.9307541e-02;2.2750000e+02;-4.0354311e-02;2.2750000e+02;1.4538255e-02;2.2750000e+02;9.3505964e-02;2.2750000e+02;1.9788125e-01;2.2750000e+02;2.5376666e-01;2.2750000e+02;2.5168133e-01;2.2750000e+02;2.0382747e-01;2.2750000e+02;1.3332346e-01;2.2750000e+02;6.5531313e-02;2.2750000e+02;4.1520894e-03;2.2750000e+02;-5.1700011e-02;2.2750000e+02;-1.0568784e-01;2.2750000e+02;-1.5766825e-01;2.2750000e+02;-2.0980111e-01;2.2750000e+02;-1.0164002e-01;2.2750000e+02;-1.0853820e-01;2.2750000e+02;-1.0068330e-01;2.2750000e+02;-7.9307541e-02;2.2750000e+02;-4.0354311e-02;2.2750000e+02;1.4538255e-02;2.2750000e+02;9.3505964e-02;2.2750000e+02;1.9788125e-01;2.2750000e+02;2.5376666e-01;2.2750000e+02;2.5168133e-01;2.2750000e+02;2.0382747e-01;2.2750000e+02;1.3332346e-01;2.2750000e+02;6.5531313e-02;2.2750000e+02;4.1520894e-03;2.2750000e+02;-5.1700011e-02;2.2750000e+02;-1.0568784e-01;2.2750000e+02;-1.5766825e-01;2.2750000e+02;-2.0980111e-01;2.2750000e+02;-1.0164002e-01;2.2750000e+02;-1.0853820e-01;2.2750000e+02;-1.0068330e-01;2.2750000e+02;-7.9307541e-02;2.2750000e+02;-4.0354311e-02;2.2750000e+02;1.4538255e-02;2.2750000e+02;9.3505964e-02;2.2750000e+02;1.9788125e-01;2.2750000e+02;2.5376666e-01;2.2750000e+02;2.5168133e-01;2.2750000e+02;2.0382747e-01;2.2750000e+02;1.3332346e-01;2.2750000e+02;6.5531313e-02;2.2750000e+02;4.1520894e-03;2.2750000e+02;-5.1700011e-02;2.2750000e+02;-1.0568784e-01;2.2750000e+02;-1.5766825e-01;2.2750000e+02;-2.0980111e-01;2.2750000e+02;-1.0164002e-01;2.2750000e+02;-1.0853820e-01;2.2750000e+02;-1.0068330e-01;2.2750000e+02;-7.9307541e-02;2.2750000e+02;-4.0354311e-02;2.2750000e+02;1.4538255e-02;2.2750000e+02;9.3505964e-02;2.2750000e+02;1.9788125e-01;2.2750000e+02;2.5376666e-01;2.2750000e+02;2.5168133e-01;2.2750000e+02;2.0382747e-01;2.2750000e+02;1.3332346e-01;2.2750000e+02;6.5531313e-02;2.2750000e+02;4.1520894e-03;2.2750000e+02;-5.1700011e-02;2.2750000e+02;-1.0568784e-01;2.2750000e+02;-1.5766825e-01;2.2750000e+02;-2.0980111e-01;2.2750000e+02;-1.0164002e-01;2.2750000e+02;-1.0853820e-01;2.2750000e+02;-1.0068330e-01;2.2750000e+02;-7.9307541e-02;2.2750000e+02;-4.0354311e-02;2.2750000e+02;1.4538255e-02;2.2750000e+02;9.3505964e-02;2.2750000e+02;1.9788125e-01;2.2750000e+02;2.5376666e-01;2.2750000e+02;2.5168133e-01;2.2750000e+02;2.0382747e-01;2.2750000e+02;1.3332346e-01;2.2750000e+02;6.5531313e-02;2.2750000e+02;4.1520894e-03;2.2750000e+02;-5.1700011e-02;2.2750000e+02;-1.0568784e-01;2.2750000e+02;-1.5766825e-01;2.2750000e+02;-2.0980111e-01;2.2750000e+02;-1.0164002e-01;2.2750000e+02;-1.0853820e-01;2.2750000e+02;-1.0068330e-01;2.2750000e+02;-7.9307541e-02;2.2750000e+02;-4.0354311e-02;2.2750000e+02;1.4538255e-02;2.2750000e+02;9.3505964e-02;2.2750000e+02;1.9788125e-01;2.2750000e+02;2.5376666e-01;2.2750000e+02;2.5168133e-01;2.2750000e+02;2.0382747e-01;2.2750000e+02;1.3332346e-01;2.2750000e+02;6.5531313e-02;2.2750000e+02;4.1520894e-03;2.2750000e+02;-5.1700011e-02;2.2750000e+02;-1.0568784e-01;2.2750000e+02;-1.5766825e-01;2.2750000e+02;-2.0980111e-01;2.2750000e+02;-1.0164002e-01;2.2750000e+02;-1.0853820e-01;2.2750000e+02;-1.0068330e-01;2.2750000e+02;-7.9307541e-02;2.2750000e+02;-4.0354311e-02;2.2750000e+02;1.4538255e-02;2.2750000e+02;9.3505964e-02;2.2750000e+02;1.9788125e-01;2.2750000e+02;2.5376666e-01;2.2750000e+02;2.5168133e-01;2.2750000e+02;2.0382747e-01;2.2750000e+02;1.3332346e-01;2.2750000e+02;6.5531313e-02;2.2750000e+02;4.1520894e-03;2.2750000e+02;-5.1700011e-02;2.2750000e+02;-1.0568784e-01;2.2750000e+02;-1.5766825e-01;2.2750000e+02;-2.0980111e-01;2.2750000e+02;-1.0164002e-01;2.2750000e+02;-1.0853820e-01;2.2750000e+02;-1.0068330e-01;2.2750000e+02;-7.9307541e-02;2.2750000e+02;-4.0354311e-02;2.2750000e+02;1.4538255e-02;2.2750000e+02;9.3505964e-02;2.2750000e+02;1.9788125e-01;2.2750000e+02;2.5376666e-01;2.2750000e+02;2.5168133e-01;2.2750000e+02;2.0382747e-01;2.2750000e+02;1.3332346e-01;2.2750000e+02;6.5531313e-02;2.2750000e+02;4.1520894e-03;2.2750000e+02;-5.1700011e-02;2.2750000e+02;-1.0568784e-01;2.2750000e+02;-1.5766825e-01;2.2750000e+02;-2.0980111e-01;2.2750000e+02;-1.0164002e-01;2.2750000e+02;-1.0853820e-01;2.2750000e+02;-1.0068330e-01;2.2750000e+02;-7.9307541e-02;2.2750000e+02;-4.0354311e-02;2.2750000e+02;1.4538255e-02;2.2750000e+02;9.3505964e-02;2.2750000e+02;1.9788125e-01;2.2750000e+02;2.5376666e-01;2.2750000e+02;2.5168133e-01;2.2750000e+02;2.0382747e-01;2.2750000e+02;1.3332346e-01;2.2750000e+02;6.5531313e-02;2.2750000e+02;4.1520894e-03;2.2750000e+02;-5.1700011e-02;2.2750000e+02;-1.0568784e-01;2.2750000e+02;-1.5766825e-01;2.2750000e+02;-2.0980111e-01;2.2750000e+02;-1.0164002e-01;2.2750000e+02;-1.0853820e-01;2.2750000e+02;-1.0068330e-01;2.2750000e+02;-7.9307541e-02;2.2750000e+02;-4.0354311e-02;2.2750000e+02;1.4538255e-02;2.2750000e+02;9.3505964e-02;2.2750000e+02;1.9788125e-01;2.2750000e+02;2.5376666e-01;2.2750000e+02;2.5168133e-01;2.2750000e+02;2.0382747e-01;2.2750000e+02;1.3332346e-01;2.2750000e+02;6.5531313e-02;2.2750000e+02;4.1520894e-03;2.2750000e+02;-5.1700011e-02;2.2750000e+02;-1.0568784e-01;2.2750000e+02;-1.5766825e-01;2.2750000e+02;-2.0980111e-01;2.2750000e+02;-1.0164002e-01;2.2750000e+02;-1.0853820e-01;2.2750000e+02;-1.0068330e-01;2.2750000e+02;-7.9307541e-02;2.2750000e+02;-4.0354311e-02;2.2750000e+02;1.4538255e-02;2.2750000e+02;9.3505964e-02;2.2750000e+02;1.9788125e-01;2.2750000e+02;2.5376666e-01;2.2750000e+02;2.5168133e-01;2.2750000e+02;2.0382747e-01;2.2750000e+02;1.3332346e-01;2.2750000e+02;6.5531313e-02;2.2750000e+02;4.1520894e-03;2.2750000e+02;-5.1700011e-02;2.2750000e+02;-1.0568784e-01;2.2750000e+02;-1.5766825e-01;2.2750000e+02;-2.0980111e-01;2.2750000e+02;-1.0164002e-01;2.2750000e+02;-1.0853820e-01;2.2750000e+02;-1.0068330e-01;2.2750000e+02;-7.9307541e-02;2.2750000e+02;-4.0354311e-02;2.2750000e+02;1.4538255e-02;2.2750000e+02;9.3505964e-02;2.2750000e+02;1.9788125e-01;2.2750000e+02;2.5376666e-01;2.2750000e+02;2.5168133e-01;2.2750000e+02;2.0382747e-01;2.2750000e+02;1.3332346e-01;2.2750000e+02;6.5531313e-02;2.2750000e+02;4.1520894e-03;2.2750000e+02;-5.1700011e-02;2.2750000e+02;-1.0568784e-01;2.2750000e+02;-1.5766825e-01;2.2750000e+02;-2.0980111e-01;2.2750000e+02;-1.0164002e-01;2.2750000e+02;-1.0853820e-01;2.2750000e+02;-1.0068330e-01;2.2750000e+02;-7.9307541e-02;2.2750000e+02;-4.0354311e-02;2.2750000e+02;1.4538255e-02;2.2750000e+02;9.3505964e-02;2.2750000e+02;1.9788125e-01;2.2750000e+02;2.5376666e-01;2.2750000e+02;2.5168133e-01;2.2750000e+02;2.0382747e-01;2.2750000e+02;1.3332346e-01;2.2750000e+02;6.5531313e-02;2.2750000e+02;4.1520894e-03;2.2750000e+02;-5.1700011e-02;2.2750000e+02;-1.0568784e-01;2.2750000e+02;-1.5766825e-01;2.2750000e+02;-2.0980111e-01;2.2750000e+02;-1.0164002e-01;2.2750000e+02;-1.0853820e-01;2.2750000e+02;-1.0068330e-01;2.2750000e+02;-7.9307541e-02;2.2750000e+02;-4.0354311e-02;2.2750000e+02;1.4538255e-02;2.2750000e+02;9.3505964e-02;2.2750000e+02;1.9788125e-01;2.2750000e+02;2.5376666e-01;2.2750000e+02;2.5168133e-01;2.2750000e+02;2.0382747e-01;2.2750000e+02;1.3332346e-01;2.2750000e+02;6.5531313e-02;2.2750000e+02;4.1520894e-03;2.2750000e+02;-5.1700011e-02;2.2750000e+02;-1.0568784e-01;2.2750000e+02;-1.5766825e-01;2.2750000e+02;-2.0980111e-01;2.2750000e+02;-1.0164002e-01;2.2750000e+02;-1.0853820e-01;2.2750000e+02;-1.0068330e-01;2.2750000e+02;-7.9307541e-02;2.2750000e+02;-4.0354311e-02;2.2750000e+02;1.4538255e-02;2.2750000e+02;9.3505964e-02;2.2750000e+02;1.9788125e-01;2.2750000e+02;2.5376666e-01;2.2750000e+02;2.5168133e-01;2.2750000e+02;2.0382747e-01;2.2750000e+02;1.3332346e-01;2.2750000e+02;6.5531313e-02;2.2750000e+02;4.1520894e-03;2.2750000e+02;-5.1700011e-02;2.2750000e+02;-1.0568784e-01;2.2750000e+02;-1.5766825e-01;2.2750000e+02;-2.0980111e-01;2.2750000e+02;-1.0164002e-01;2.2750000e+02;-1.0853820e-01;2.2750000e+02;-1.0068330e-01;2.2750000e+02;-7.9307541e-02;2.2750000e+02;-4.0354311e-02;2.2750000e+02;1.4538255e-02;2.2750000e+02;9.3505964e-02;2.2750000e+02;1.9788125e-01;2.2750000e+02;2.5376666e-01;2.2750000e+02;2.5168133e-01;2.2750000e+02;2.0382747e-01;2.2750000e+02;1.3332346e-01;2.2750000e+02;6.5531313e-02;2.2750000e+02;4.1520894e-03;2.2750000e+02;-5.1700011e-02;2.2750000e+02;-1.0568784e-01;2.2750000e+02;-1.5766825e-01;2.2750000e+02;-2.0980111e-01;2.2750000e+02;-1.0164002e-01;2.2750000e+02;-1.0853820e-01;2.2750000e+02;-1.0068330e-01;2.2750000e+02;-7.9307541e-02;2.2750000e+02;-4.0354311e-02;2.2750000e+02;1.4538255e-02;2.2750000e+02;9.3505964e-02;2.2750000e+02;1.9788125e-01;2.2750000e+02;2.5376666e-01;2.2750000e+02;2.5168133e-01;2.2750000e+02;2.0382747e-01;2.2750000e+02;1.3332346e-01;2.2750000e+02;6.5531313e-02;2.2750000e+02;4.1520894e-03;2.2750000e+02;-5.1700011e-02;2.2750000e+02;-1.0568784e-01;2.2750000e+02;-1.5766825e-01;2.2750000e+02;-2.0980111e-01;2.2750000e+02;-1.0164002e-01;2.2750000e+02;-1.0853820e-01;2.2750000e+02;-1.0068330e-01;2.2750000e+02;-7.9307541e-02;2.2750000e+02;-4.0354311e-02;2.2750000e+02;1.4538255e-02;2.2750000e+02;9.3505964e-02;2.2750000e+02;1.9788125e-01;2.2750000e+02;2.5376666e-01;2.2750000e+02;2.5168133e-01;2.2750000e+02;2.0382747e-01;2.2750000e+02;1.3332346e-01;2.2750000e+02;6.5531313e-02;2.2750000e+02;4.1520894e-03;2.2750000e+02;-5.1700011e-02;2.2750000e+02;-1.0568784e-01;2.2750000e+02;-1.5766825e-01;2.2750000e+02;-2.0980111e-01;2.2750000e+02;-1.0164002e-01;2.2750000e+02;-1.0853820e-01;2.2750000e+02;-1.0068330e-01;2.2750000e+02;-7.9307541e-02;2.2750000e+02;-4.0354311e-02;2.2750000e+02;1.4538255e-02;2.2750000e+02;9.3505964e-02;2.2750000e+02;1.9788125e-01;2.2750000e+02;2.5376666e-01;2.2750000e+02;2.5168133e-01;2.2750000e+02;2.0382747e-01;2.2750000e+02;1.3332346e-01;2.2750000e+02;6.5531313e-02;2.2750000e+02;4.1520894e-03;2.2750000e+02;-5.1700011e-02;2.2750000e+02;-1.0568784e-01;2.2750000e+02;-1.5766825e-01;2.2750000e+02;-2.0980111e-01;2.2750000e+02;-1.0164002e-01;2.2750000e+02;-1.0853820e-01;2.2750000e+02;-1.0068330e-01;2.2750000e+02;-7.9307541e-02;2.2750000e+02;-4.0354311e-02;2.2750000e+02;1.4538255e-02;2.2750000e+02;9.3505964e-02;2.2750000e+02;1.9788125e-01;2.2750000e+02;2.5376666e-01;2.2750000e+02;2.5168133e-01;2.2750000e+02;2.0382747e-01;2.2750000e+02;1.3332346e-01;2.2750000e+02;6.5531313e-02;2.2750000e+02;4.1520894e-03;2.2750000e+02;-5.1700011e-02;2.2750000e+02;-1.0568784e-01;2.2750000e+02;-1.5766825e-01;2.2750000e+02;-2.0980111e-01;2.2750000e+02;-1.0164002e-01;2.2750000e+02;-1.0853820e-01;2.2750000e+02;-1.0068330e-01;2.2750000e+02;-7.9307541e-02;2.2750000e+02;-4.0354311e-02;2.2750000e+02;1.4538255e-02;2.2750000e+02;9.3505964e-02;2.2750000e+02;1.9788125e-01;2.2750000e+02;2.5376666e-01;2.2750000e+02;2.5168133e-01;2.2750000e+02;2.0382747e-01;2.2750000e+02;1.3332346e-01;2.2750000e+02;6.5531313e-02;2.2750000e+02;4.1520894e-03;2.2750000e+02;-5.1700011e-02;2.2750000e+02;-1.0568784e-01;2.2750000e+02;-1.5766825e-01;2.2750000e+02;-2.0980111e-01;2.2750000e+02;-1.0164002e-01;2.2750000e+02;-1.0853820e-01;2.2750000e+02;-1.0068330e-01;2.2750000e+02;-7.9307541e-02;2.2750000e+02;-4.0354311e-02;2.2750000e+02;1.4538255e-02;2.2750000e+02;9.3505964e-02;2.2750000e+02;1.9788125e-01;2.2750000e+02;2.5376666e-01;2.2750000e+02;2.5168133e-01;2.2750000e+02;2.0382747e-01;2.2750000e+02;1.3332346e-01;2.2750000e+02;6.5531313e-02;2.2750000e+02;4.1520894e-03;2.2750000e+02;-5.1700011e-02;2.2750000e+02;-1.0568784e-01;2.2750000e+02;-1.5766825e-01;2.2750000e+02;-2.0980111e-01;2.2750000e+02;-1.0164002e-01;2.2750000e+02;-1.0853820e-01;2.2750000e+02;-1.0068330e-01;2.2750000e+02;-7.9307541e-02;2.2750000e+02;-4.0354311e-02;2.2750000e+02;1.4538255e-02;2.2750000e+02;9.3505964e-02;2.2750000e+02;1.9788125e-01;2.2750000e+02;2.5376666e-01;2.2750000e+02;2.5168133e-01;2.2750000e+02;2.0382747e-01;2.2750000e+02;1.3332346e-01;2.2750000e+02;6.5531313e-02;2.2750000e+02;4.1520894e-03;2.2750000e+02;-5.1700011e-02;2.2750000e+02;-1.0568784e-01;2.2750000e+02;-1.5766825e-01;2.2750000e+02;-2.0980111e-01;2.2750000e+02;-1.0164002e-01;2.2750000e+02;-1.0853820e-01;2.2750000e+02;-1.0068330e-01;2.2750000e+02;-7.9307541e-02;2.2750000e+02;-4.0354311e-02;2.2750000e+02;1.4538255e-02;2.2750000e+02;9.3505964e-02;2.2750000e+02;1.9788125e-01;2.2750000e+02;2.5376666e-01;2.2750000e+02;2.5168133e-01;2.2750000e+02;2.0382747e-01;2.2750000e+02;1.3332346e-01;2.2750000e+02;6.5531313e-02;2.2750000e+02;4.1520894e-03;2.2750000e+02;-5.1700011e-02;2.2750000e+02;-1.0568784e-01;2.2750000e+02;-1.5766825e-01;2.2750000e+02;-2.0980111e-01;2.2750000e+02;-1.0164002e-01;2.2750000e+02;-1.0853820e-01;2.2750000e+02;-1.0068330e-01;2.2750000e+02;-7.9307541e-02;2.2750000e+02;-4.0354311e-02;2.2750000e+02;1.4538255e-02;2.2750000e+02;9.3505964e-02;2.2750000e+02;1.9788125e-01;2.2750000e+02;2.5376666e-01;2.2750000e+02;2.5168133e-01;2.2750000e+02;2.0382747e-01;2.2750000e+02;1.3332346e-01;2.2750000e+02;6.5531313e-02;2.2750000e+02;4.1520894e-03;2.2750000e+02;-5.1700011e-02;2.2750000e+02;-1.0568784e-01;2.2750000e+02;-1.5766825e-01;2.2750000e+02;-2.0980111e-01;2.2750000e+02;-1.0164002e-01;2.2750000e+02;-1.0853820e-01;2.2750000e+02;-1.0068330e-01;2.2750000e+02;-7.9307541e-02;2.2750000e+02;-4.0354311e-02;2.2750000e+02;1.4538255e-02;2.2750000e+02;9.3505964e-02;2.2750000e+02;1.9788125e-01;2.2750000e+02;2.5376666e-01;2.2750000e+02;2.5168133e-01;2.2750000e+02;2.0382747e-01;2.2750000e+02;1.3332346e-01;2.2750000e+02;6.5531313e-02;2.2750000e+02;4.1520894e-03;2.2750000e+02;-5.1700011e-02;2.2750000e+02;-1.0568784e-01;2.2750000e+02;-1.5766825e-01;2.2750000e+02;-2.0980111e-01;2.2750000e+02;-1.0164002e-01;2.2750000e+02;-1.0853820e-01;2.2750000e+02;-1.0068330e-01;2.2750000e+02;-7.9307541e-02;2.2750000e+02;-4.0354311e-02;2.2750000e+02;1.4538255e-02;2.2750000e+02;9.3505964e-02;2.2750000e+02;1.9788125e-01;2.2750000e+02;2.5376666e-01;2.2750000e+02;2.5168133e-01;2.2750000e+02;2.0382747e-01;2.2750000e+02;1.3332346e-01;2.2750000e+02;6.5531313e-02;2.2750000e+02;4.1520894e-03;2.2750000e+02;-5.1700011e-02;2.2750000e+02;-1.0568784e-01;2.2750000e+02;-1.5766825e-01;2.2750000e+02;-2.0980111e-01;2.2750000e+02;-1.0164002e-01;2.2750000e+02;-1.0853820e-01;2.2750000e+02;-1.0068330e-01;2.2750000e+02;-7.9307541e-02;2.2750000e+02;-4.0354311e-02;2.2750000e+02;1.4538255e-02;2.2750000e+02;9.3505964e-02;2.2750000e+02;1.9788125e-01;2.2750000e+02;2.5376666e-01;2.2750000e+02;2.5168133e-01;2.2750000e+02;2.0382747e-01;2.2750000e+02;1.3332346e-01;2.2750000e+02;6.5531313e-02;2.2750000e+02;4.1520894e-03;2.2750000e+02;-5.1700011e-02;2.2750000e+02;-1.0568784e-01;2.2750000e+02;-1.5766825e-01;2.2750000e+02;-2.0980111e-01;2.2750000e+02;-1.0164002e-01;2.2750000e+02;-1.0853820e-01;2.2750000e+02;-1.0068330e-01;2.2750000e+02;-7.9307541e-02;2.2750000e+02;-4.0354311e-02;2.2750000e+02;1.4538255e-02;2.2750000e+02;9.3505964e-02;2.2750000e+02;1.9788125e-01;2.2750000e+02;2.5376666e-01;2.2750000e+02;2.5168133e-01;2.2750000e+02;2.0382747e-01;2.2750000e+02;1.3332346e-01;2.2750000e+02;6.5531313e-02;2.2750000e+02;4.1520894e-03;2.2750000e+02;-5.1700011e-02;2.2750000e+02;-1.0568784e-01;2.2750000e+02;-1.5766825e-01;2.2750000e+02;-2.0980111e-01;2.2750000e+02;-1.0164002e-01;2.2750000e+02;-1.0853820e-01;2.2750000e+02;-1.0068330e-01;2.2750000e+02;-7.9307541e-02;2.2750000e+02;-4.0354311e-02;2.2750000e+02;1.4538255e-02;2.2750000e+02;9.3505964e-02;2.2750000e+02;1.9788125e-01;2.2750000e+02;2.5376666e-01;2.2750000e+02;2.5168133e-01;2.2750000e+02;2.0382747e-01;2.2750000e+02;1.3332346e-01;2.2750000e+02;6.5531313e-02;2.2750000e+02;4.1520894e-03;2.2750000e+02;-5.1700011e-02;2.2750000e+02;-1.0568784e-01;2.2750000e+02;-1.5766825e-01;2.2750000e+02;-2.0980111e-01;2.2750000e+02;-1.0164002e-01;2.2750000e+02;-1.0853820e-01;2.2750000e+02;-1.0068330e-01;2.2750000e+02;-7.9307541e-02;2.2750000e+02;-4.0354311e-02;2.2750000e+02;1.4538255e-02;2.2750000e+02;9.3505964e-02;2.2750000e+02;1.9788125e-01;2.2750000e+02;2.5376666e-01;2.2750000e+02;2.5168133e-01;2.2750000e+02;2.0382747e-01;2.2750000e+02;1.3332346e-01;2.2750000e+02;6.5531313e-02;2.2750000e+02;4.1520894e-03;2.2750000e+02;-5.1700011e-02;2.2750000e+02;-1.0568784e-01;2.2750000e+02;-1.5766825e-01;2.2750000e+02;-2.0980111e-01;2.2750000e+02;-1.0164002e-01;2.2750000e+02;-1.0853820e-01;2.2750000e+02;-1.0068330e-01;2.2750000e+02;-7.9307541e-02;2.2750000e+02;-4.0354311e-02;2.2750000e+02;1.4538255e-02;2.2750000e+02;9.3505964e-02;2.2750000e+02;1.9788125e-01;2.2750000e+02;2.5376666e-01;2.2750000e+02;2.5168133e-01;2.2750000e+02;2.0382747e-01;2.2750000e+02;1.3332346e-01;2.2750000e+02;6.5531313e-02;2.2750000e+02;4.1520894e-03;2.2750000e+02;-5.1700011e-02;2.2750000e+02;-1.0568784e-01;2.2750000e+02;-1.5766825e-01;2.2750000e+02;-2.0980111e-01;2.2750000e+02;-1.0164002e-01;2.2750000e+02;-1.0853820e-01;2.2750000e+02;-1.0068330e-01;2.2750000e+02;-7.9307541e-02;2.2750000e+02;-4.0354311e-02;2.2750000e+02;1.4538255e-02;2.2750000e+02;9.3505964e-02;2.2750000e+02;1.9788125e-01;2.2750000e+02;2.5376666e-01;2.2750000e+02;2.5168133e-01;2.2750000e+02;2.0382747e-01;2.2750000e+02;1.3332346e-01;2.2750000e+02;6.5531313e-02;2.2750000e+02;4.1520894e-03;2.2750000e+02;-5.1700011e-02;2.2750000e+02;-1.0568784e-01;2.2750000e+02;-1.5766825e-01;2.2750000e+02;-2.0980111e-01;2.2750000e+02;-1.0164002e-01;2.2750000e+02;-1.0853820e-01;2.2750000e+02;-1.0068330e-01;2.2750000e+02;-7.9307541e-02;2.2750000e+02;-4.0354311e-02;2.2750000e+02;1.4538255e-02;2.2750000e+02;9.3505964e-02;2.2750000e+02;1.9788125e-01;2.2750000e+02;2.5376666e-01;2.2750000e+02;2.5168133e-01;2.2750000e+02;2.0382747e-01;2.2750000e+02;1.3332346e-01;2.2750000e+02;6.5531313e-02;2.2750000e+02;4.1520894e-03;2.2750000e+02;-5.1700011e-02;2.2750000e+02;-1.0568784e-01;2.2750000e+02;-1.5766825e-01;2.2750000e+02;-2.0980111e-01;2.2750000e+02;-1.0164002e-01;2.2750000e+02;-1.0853820e-01;2.2750000e+02;-1.0068330e-01;2.2750000e+02;-7.9307541e-02;2.2750000e+02;-4.0354311e-02;2.2750000e+02;1.4538255e-02;2.2750000e+02;9.3505964e-02;2.2750000e+02;1.9788125e-01;2.2750000e+02;2.5376666e-01;2.2750000e+02;2.5168133e-01;2.2750000e+02;2.0382747e-01;2.2750000e+02;1.3332346e-01;2.2750000e+02;6.5531313e-02;2.2750000e+02;4.1520894e-03;2.2750000e+02;-5.1700011e-02;2.2750000e+02;-1.0568784e-01;2.2750000e+02;-1.5766825e-01;2.2750000e+02;-2.0980111e-01;2.2750000e+02;-1.0164002e-01;2.2750000e+02;-1.0853820e-01;2.2750000e+02;-1.0068330e-01;2.2750000e+02;-7.9307541e-02;2.2750000e+02;-4.0354311e-02;2.2750000e+02;1.4538255e-02;2.2750000e+02;9.3505964e-02;2.2750000e+02;1.9788125e-01;2.2750000e+02;2.5376666e-01;2.2750000e+02;2.5168133e-01;2.2750000e+02;2.0382747e-01;2.2750000e+02;1.3332346e-01;2.2750000e+02;6.5531313e-02;2.2750000e+02;4.1520894e-03;2.2750000e+02;-5.1700011e-02;2.2750000e+02;-1.0568784e-01;2.2750000e+02;-1.5766825e-01;2.2750000e+02;-2.0980111e-01;2.2750000e+02;-1.0164002e-01;2.2750000e+02;-1.0853820e-01;2.2750000e+02;-1.0068330e-01;2.2750000e+02;-7.9307541e-02;2.2750000e+02;-4.0354311e-02;2.2750000e+02;1.4538255e-02;2.2750000e+02;9.3505964e-02;2.2750000e+02;1.9788125e-01;2.2750000e+02;2.5376666e-01;2.2750000e+02;2.5168133e-01;2.2750000e+02;2.0382747e-01;2.2750000e+02;1.3332346e-01;2.2750000e+02;6.5531313e-02;2.2750000e+02;4.1520894e-03;2.2750000e+02;-5.1700011e-02;2.2750000e+02;-1.0568784e-01;2.2750000e+02;-1.5766825e-01;2.2750000e+02;-2.0980111e-01;2.2750000e+02;-1.0164002e-01;2.2750000e+02;-1.0853820e-01;2.2750000e+02;-1.0068330e-01;2.2750000e+02;-7.9307541e-02;2.2750000e+02;-4.0354311e-02;2.2750000e+02;1.4538255e-02;2.2750000e+02;9.3505964e-02;2.2750000e+02;1.9788125e-01;2.2750000e+02;2.5376666e-01;2.2750000e+02;2.5168133e-01;2.2750000e+02;2.0382747e-01;2.2750000e+02;1.3332346e-01;2.2750000e+02;6.5531313e-02;2.2750000e+02;4.1520894e-03;2.2750000e+02;-5.1700011e-02;2.2750000e+02;-1.0568784e-01;2.2750000e+02;-1.5766825e-01;2.2750000e+02;-2.0980111e-01;2.2750000e+02;-1.0164002e-01;2.2750000e+02;-1.0853820e-01;2.2750000e+02;-1.0068330e-01;2.2750000e+02;-7.9307541e-02;2.2750000e+02;-4.0354311e-02;2.2750000e+02;1.4538255e-02;2.2750000e+02;9.3505964e-02;2.2750000e+02;1.9788125e-01;2.2750000e+02;2.5376666e-01;2.2750000e+02;2.5168133e-01;2.2750000e+02;2.0382747e-01;2.2750000e+02;1.3332346e-01;2.2750000e+02;6.5531313e-02;2.2750000e+02;4.1520894e-03;2.2750000e+02;-5.1700011e-02;2.2750000e+02;-1.0568784e-01;2.2750000e+02;-1.5766825e-01;2.2750000e+02;-2.0980111e-01;2.2750000e+02;-1.0164002e-01;2.2750000e+02;-1.0853820e-01;2.2750000e+02;-1.0068330e-01;2.2750000e+02;-7.9307541e-02;2.2750000e+02;-4.0354311e-02;2.2750000e+02;1.4538255e-02;2.2750000e+02;9.3505964e-02;2.2750000e+02;1.9788125e-01;2.2750000e+02;2.5376666e-01;2.2750000e+02;2.5168133e-01;2.2750000e+02;2.0382747e-01;2.2750000e+02;1.3332346e-01;2.2750000e+02;6.5531313e-02;2.2750000e+02;4.1520894e-03;2.2750000e+02;-5.1700011e-02;2.2750000e+02;-1.0568784e-01;2.2750000e+02;-1.5766825e-01;2.2750000e+02;-2.0980111e-01;2.2750000e+02;-1.0164002e-01;2.2750000e+02;-1.0853820e-01;2.2750000e+02;-1.0068330e-01;2.2750000e+02;-7.9307541e-02;2.2750000e+02;-4.0354311e-02;2.2750000e+02;1.4538255e-02;2.2750000e+02;9.3505964e-02;2.2750000e+02;1.9788125e-01;2.2750000e+02;2.5376666e-01;2.2750000e+02;2.5168133e-01;2.2750000e+02;2.0382747e-01;2.2750000e+02;1.3332346e-01;2.2750000e+02;6.5531313e-02;2.2750000e+02;4.1520894e-03;2.2750000e+02;-5.1700011e-02;2.2750000e+02;-1.0568784e-01;2.2750000e+02;-1.5766825e-01;2.2750000e+02;-2.0980111e-01;2.2750000e+02;-1.0164002e-01;2.2750000e+02;-1.0853820e-01;2.2750000e+02;-1.0068330e-01;2.2750000e+02;-7.9307541e-02;2.2750000e+02;-4.0354311e-02;2.2750000e+02;1.4538255e-02;2.2750000e+02;9.3505964e-02;2.2750000e+02;1.9788125e-01;2.2750000e+02;2.5376666e-01;2.2750000e+02;2.5168133e-01;2.2750000e+02;2.0382747e-01;2.2750000e+02;1.3332346e-01;2.2750000e+02;6.5531313e-02;2.2750000e+02;4.1520894e-03;2.2750000e+02;-5.1700011e-02;2.2750000e+02;-1.0568784e-01;2.2750000e+02;-1.5766825e-01;2.2750000e+02;-2.0980111e-01;2.2750000e+02;-1.0164002e-01;2.2750000e+02;-1.0853820e-01;2.2750000e+02;-1.0068330e-01;2.2750000e+02;-7.9307541e-02;2.2750000e+02;-4.0354311e-02;2.2750000e+02;1.4538255e-02;2.2750000e+02;9.3505964e-02;2.2750000e+02;1.9788125e-01;2.2750000e+02;2.5376666e-01;2.2750000e+02;2.5168133e-01;2.2750000e+02;2.0382747e-01;2.2750000e+02;1.3332346e-01;2.2750000e+02;6.5531313e-02;2.2750000e+02;4.1520894e-03;2.2750000e+02;-5.1700011e-02;2.2750000e+02;-1.0568784e-01;2.2750000e+02;-1.5766825e-01;2.2750000e+02;-2.0980111e-01;2.2750000e+02;-1.0164002e-01;2.2750000e+02;-1.0853820e-01;2.2750000e+02;-1.0068330e-01;2.2750000e+02;-7.9307541e-02;2.2750000e+02;-4.0354311e-02;2.2750000e+02;1.4538255e-02;2.2750000e+02;9.3505964e-02;2.2750000e+02;1.9788125e-01;2.2750000e+02;2.5376666e-01;2.2750000e+02;2.5168133e-01;2.2750000e+02;2.0382747e-01;2.2750000e+02;1.3332346e-01;2.2750000e+02;6.5531313e-02;2.2750000e+02;4.1520894e-03;2.2750000e+02;-5.1700011e-02;2.2750000e+02;-1.0568784e-01;2.2750000e+02;-1.5766825e-01;2.2750000e+02;-2.0980111e-01;2.2750000e+02;-1.0164002e-01;2.2750000e+02;-1.0853820e-01;2.2750000e+02;-1.0068330e-01;2.2750000e+02;-7.9307541e-02;2.2750000e+02;-4.0354311e-02;2.2750000e+02;1.4538255e-02;2.2750000e+02;9.3505964e-02;2.2750000e+02;1.9788125e-01;2.2750000e+02;2.5376666e-01;2.2750000e+02;2.5168133e-01;2.2750000e+02;2.0382747e-01;2.2750000e+02;1.3332346e-01;2.2750000e+02;6.5531313e-02;2.2750000e+02;4.1520894e-03;2.2750000e+02;-5.1700011e-02;2.2750000e+02;-1.0568784e-01;2.2750000e+02;-1.5766825e-01;2.2750000e+02;-2.0980111e-01;2.2750000e+02;-1.0164002e-01;2.2750000e+02;-1.0853820e-01;2.2750000e+02;-1.0068330e-01;2.2750000e+02;-7.9307541e-02;2.2750000e+02;-4.0354311e-02;2.2750000e+02;1.4538255e-02;2.2750000e+02;9.3505964e-02;2.2750000e+02;1.9788125e-01;2.2750000e+02;2.5376666e-01;2.2750000e+02;2.5168133e-01;2.2750000e+02;2.0382747e-01;2.2750000e+02;1.3332346e-01;2.2750000e+02;6.5531313e-02;2.2750000e+02;4.1520894e-03;2.2750000e+02;-5.1700011e-02;2.2750000e+02;-1.0568784e-01;2.2750000e+02;-1.5766825e-01;2.2750000e+02;-2.0980111e-01;2.2750000e+02;-1.0164002e-01;2.2750000e+02;-1.0853820e-01;2.2750000e+02;-1.0068330e-01;2.2750000e+02;-7.9307541e-02;2.2750000e+02;-4.0354311e-02;2.2750000e+02;1.4538255e-02;2.2750000e+02;9.3505964e-02;2.2750000e+02;1.9788125e-01;2.2750000e+02;2.5376666e-01;2.2750000e+02;2.5168133e-01;2.2750000e+02;2.0382747e-01;2.2750000e+02;1.3332346e-01;2.2750000e+02;6.5531313e-02;2.2750000e+02;4.1520894e-03;2.2750000e+02;-5.1700011e-02;2.2750000e+02;-1.0568784e-01;2.2750000e+02;-1.5766825e-01;2.2750000e+02;-2.0980111e-01
2.3250000e+02;-1.0387955e-01;2.3250000e+02;-1.1779934e-01;2.3250000e+02;-1.1522678e-01;2.3250000e+02;-9.6235618e-02;2.3250000e+02;-5.8432885e-02;2.3250000e+02;-8.3308620e-04;2.3250000e+02;8.4782019e-02;2.3250000e+02;1.8146305e-01;2.3250000e+02;2.3218596e-01;2.3250000e+02;2.3481993e-01;2.3250000e+02;1.9706717e-01;2.3250000e+02;1.3328478e-01;2.3250000e+02;6.9560319e-02;2.3250000e+02;9.9836737e-03;2.3250000e+02;-4.4981256e-02;2.3250000e+02;-9.8857388e-02;2.3250000e+02;-1.5035519e-01;2.3250000e+02;-2.0117064e-01;2.3250000e+02;-1.0387955e-01;2.3250000e+02;-1.1779934e-01;2.3250000e+02;-1.1522678e-01;2.3250000e+02;-9.6235618e-02;2.3250000e+02;-5.8432885e-02;2.3250000e+02;-8.3308620e-04;2.3250000e+02;8.4782019e-02;2.3250000e+02;1.8146305e-01;2.3250000e+02;2.3218596e-01;2.3250000e+02;2.3481993e-01;2.3250000e+02;1.9706717e-01;2.3250000e+02;1.3328478e-01;2.3250000e+02;6.9560319e-02;2.3250000e+02;9.9836737e-03;2.3250000e+02;-4.4981256e-02;2.3250000e+02;-9.8857388e-02;2.3250000e+02;-1.5035519e-01;2.3250000e+02;-2.0117064e-01;2.3250000e+02;-1.0387955e-01;2.3250000e+02;-1.1779934e-01;2.3250000e+02;-1.1522678e-01;2.3250000e+02;-9.6235618e-02;2.3250000e+02;-5.8432885e-02;2.3250000e+02;-8.3308620e-04;2.3250000e+02;8.4782019e-02;2.3250000e+02;1.8146305e-01;2.3250000e+02;2.3218596e-01;2.3250000e+02;2.3481993e-01;2.3250000e+02;1.9706717e-01;2.3250000e+02;1.3328478e-01;2.3250000e+02;6.9560319e-02;2.3250000e+02;9.9836737e-03;2.3250000e+02;-4.4981256e-02;2.3250000e+02;-9.8857388e-02;2.3250000e+02;-1.5035519e-01;2.3250000e+02;-2.0117064e-01;2.3250000e+02;-1.0387955e-01;2.3250000e+02;-1.1779934e-01;2.3250000e+02;-1.1522678e-01;2.3250000e+02;-9.6235618e-02;2.3250000e+02;-5.8432885e-02;2.3250000e+02;-8.3308620e-04;2.3250000e+02;8.4782019e-02;2.3250000e+02;1.8146305e-01;2.3250000e+02;2.3218596e-01;2.3250000e+02;2.3481993e-01;2.3250000e+02;1.9706717e-01;2.3250000e+02;1.3328478e-01;2.3250000e+02;6.9560319e-02;2.3250000e+02;9.9836737e-03;2.3250000e+02;-4.4981256e-02;2.3250000e+02;-9.8857388e-02;2.3250000e+02;-1.5035519e-01;2.3250000e+02;-2.0117064e-01;2.3250000e+02;-1.0387955e-01;2.3250000e+02;-1.1779934e-01;2.3250000e+02;-1.1522678e-01;2.3250000e+02;-9.6235618e-02;2.3250000e+02;-5.8432885e-02;2.3250000e+02;-8.3308620e-04;2.3250000e+02;8.4782019e-02;2.3250000e+02;1.8146305e-01;2.3250000e+02;2.3218596e-01;2.3250000e+02;2.3481993e-01;2.3250000e+02;1.9706717e-01;2.3250000e+02;1.3328478e-01;2.3250000e+02;6.9560319e-02;2.3250000e+02;9.9836737e-03;2.3250000e+02;-4.4981256e-02;2.3250000e+02;-9.8857388e-02;2.3250000e+02;-1.5035519e-01;2.3250000e+02;-2.0117064e-01;2.3250000e+02;-1.0387955e-01;2.3250000e+02;-1.1779934e-01;2.3250000e+02;-1.1522678e-01;2.3250000e+02;-9.6235618e-02;2.3250000e+02;-5.8432885e-02;2.3250000e+02;-8.3308620e-04;2.3250000e+02;8.4782019e-02;2.3250000e+02;1.8146305e-01;2.3250000e+02;2.3218596e-01;2.3250000e+02;2.3481993e-01;2.3250000e+02;1.9706717e-01;2.3250000e+02;1.3328478e-01;2.3250000e+02;6.9560319e-02;2.3250000e+02;9.9836737e-03;2.3250000e+02;-4.4981256e-02;2.3250000e+02;-9.8857388e-02;2.3250000e+02;-1.5035519e-01;2.3250000e+02;-2.0117064e-01;2.3250000e+02;-1.0387955e-01;2.3250000e+02;-1.1779934e-01;2.3250000e+02;-1.1522678e-01;2.3250000e+02;-9.6235618e-02;2.3250000e+02;-5.8432885e-02;2.3250000e+02;-8.3308620e-04;2.3250000e+02;8.4782019e-02;2.3250000e+02;1.8146305e-01;2.3250000e+02;2.3218596e-01;2.3250000e+02;2.3481993e-01;2.3250000e+02;1.9706717e-01;2.3250000e+02;1.3328478e-01;2.3250000e+02;6.9560319e-02;2.3250000e+02;9.9836737e-03;2.3250000e+02;-4.4981256e-02;2.3250000e+02;-9.8857388e-02;2.3250000e+02;-1.5035519e-01;2.3250000e+02;-2.0117064e-01;2.3250000e+02;-1.0387955e-01;2.3250000e+02;-1.1779934e-01;2.3250000e+02;-1.1522678e-01;2.3250000e+02;-9.6235618e-02;2.3250000e+02;-5.8432885e-02;2.3250000e+02;-8.3308620e-04;2.3250000e+02;8.4782019e-02;2.3250000e+02;1.8146305e-01;2.3250000e+02;2.3218596e-01;2.3250000e+02;2.3481993e-01;2.3250000e+02;1.9706717e-01;2.3250000e+02;1.3328478e-01;2.3250000e+02;6.9560319e-02;2.3250000e+02;9.9836737e-03;2.3250000e+02;-4.4981256e-02;2.3250000e+02;-9.8857388e-02;2.3250000e+02;-1.5035519e-01;2.3250000e+02;-2.0117064e-01;2.3250000e+02;-1.0387955e-01;2.3250000e+02;-1.1779934e-01;2.3250000e+02;-1.1522678e-01;2.3250000e+02;-9.6235618e-02;2.3250000e+02;-5.8432885e-02;2.3250000e+02;-8.3308620e-04;2.3250000e+02;8.4782019e-02;2.3250000e+02;1.8146305e-01;2.3250000e+02;2.3218596e-01;2.3250000e+02;2.3481993e-01;2.3250000e+02;1.9706717e-01;2.3250000e+02;1.3328478e-01;2.3250000e+02;6.9560319e-02;2.3250000e+02;9.9836737e-03;2.3250000e+02;-4.4981256e-02;2.3250000e+02;-9.8857388e-02;2.3250000e+02;-1.5035519e-01;2.3250000e+02;-2.0117064e-01;2.3250000e+02;-1.0387955e-01;2.3250000e+02;-1.1779934e-01;2.3250000e+02;-1.1522678e-01;2.3250000e+02;-9.6235618e-02;2.3250000e+02;-5.8432885e-02;2.3250000e+02;-8.3308620e-04;2.3250000e+02;8.4782019e-02;2.3250000e+02;1.8146305e-01;2.3250000e+02;2.3218596e-01;2.3250000e+02;2.3481993e-01;2.3250000e+02;1.9706717e-01;2.3250000e+02;1.3328478e-01;2.3250000e+02;6.9560319e-02;2.3250000e+02;9.9836737e-03;2.3250000e+02;-4.4981256e-02;2.3250000e+02;-9.8857388e-02;2.3250000e+02;-1.5035519e-01;2.3250000e+02;-2.0117064e-01;2.3250000e+02;-1.0387955e-01;2.3250000e+02;-1.1779934e-01;2.3250000e+02;-1.1522678e-01;2.3250000e+02;-9.6235618e-02;2.3250000e+02;-5.8432885e-02;2.3250000e+02;-8.3308620e-04;2.3250000e+02;8.4782019e-02;2.3250000e+02;1.8146305e-01;2.3250000e+02;2.3218596e-01;2.3250000e+02;2.3481993e-01;2.3250000e+02;1.9706717e-01;2.3250000e+02;1.3328478e-01;2.3250000e+02;6.9560319e-02;2.3250000e+02;9.9836737e-03;2.3250000e+02;-4.4981256e-02;2.3250000e+02;-9.8857388e-02;2.3250000e+02;-1.5035519e-01;2.3250000e+02;-2.0117064e-01;2.3250000e+02;-1.0387955e-01;2.3250000e+02;-1.1779934e-01;2.3250000e+02;-1.1522678e-01;2.3250000e+02;-9.6235618e-02;2.3250000e+02;-5.8432885e-02;2.3250000e+02;-8.3308620e-04;2.3250000e+02;8.4782019e-02;2.3250000e+02;1.8146305e-01;2.3250000e+02;2.3218596e-01;2.3250000e+02;2.3481993e-01;2.3250000e+02;1.9706717e-01;2.3250000e+02;1.3328478e-01;2.3250000e+02;6.9560319e-02;2.3250000e+02;9.9836737e-03;2.3250000e+02;-4.4981256e-02;2.3250000e+02;-9.8857388e-02;2.3250000e+02;-1.5035519e-01;2.3250000e+02;-2.0117064e-01;2.3250000e+02;-1.0387955e-01;2.3250000e+02;-1.1779934e-01;2.3250000e+02;-1.1522678e-01;2.3250000e+02;-9.6235618e-02;2.3250000e+02;-5.8432885e-02;2.3250000e+02;-8.3308620e-04;2.3250000e+02;8.4782019e-02;2.3250000e+02;1.8146305e-01;2.3250000e+02;2.3218596e-01;2.3250000e+02;2.3481993e-01;2.3250000e+02;1.9706717e-01;2.3250000e+02;1.3328478e-01;2.3250000e+02;6.9560319e-02;2.3250000e+02;9.9836737e-03;2.3250000e+02;-4.4981256e-02;2.3250000e+02;-9.8857388e-02;2.3250000e+02;-1.5035519e-01;2.3250000e+02;-2.0117064e-01;2.3250000e+02;-1.0387955e-01;2.3250000e+02;-1.1779934e-01;2.3250000e+02;-1.1522678e-01;2.3250000e+02;-9.6235618e-02;2.3250000e+02;-5.8432885e-02;2.3250000e+02;-8.3308620e-04;2.3250000e+02;8.4782019e-02;2.3250000e+02;1.8146305e-01;2.3250000e+02;2.3218596e-01;2.3250000e+02;2.3481993e-01;2.3250000e+02;1.9706717e-01;2.3250000e+02;1.3328478e-01;2.3250000e+02;6.9560319e-02;2.3250000e+02;9.9836737e-03;2.3250000e+02;-4.4981256e-02;2.3250000e+02;-9.8857388e-02;2.3250000e+02;-1.5035519e-01;2.3250000e+02;-2.0117064e-01;2.3250000e+02;-1.0387955e-01;2.3250000e+02;-1.1779934e-01;2.3250000e+02;-1.1522678e-01;2.3250000e+02;-9.6235618e-02;2.3250000e+02;-5.8432885e-02;2.3250000e+02;-8.3308620e-04;2.3250000e+02;8.4782019e-02;2.3250000e+02;1.8146305e-01;2.3250000e+02;2.3218596e-01;2.3250000e+02;2.3481993e-01;2.3250000e+02;1.9706717e-01;2.3250000e+02;1.3328478e-01;2.3250000e+02;6.9560319e-02;2.3250000e+02;9.9836737e-03;2.3250000e+02;-4.4981256e-02;2.3250000e+02;-9.8857388e-02;2.3250000e+02;-1.5035519e-01;2.3250000e+02;-2.0117064e-01;2.3250000e+02;-1.0387955e-01;2.3250000e+02;-1.1779934e-01;2.3250000e+02;-1.1522678e-01;2.3250000e+02;-9.6235618e-02;2.3250000e+02;-5.8432885e-02;2.3250000e+02;-8.3308620e-04;2.3250000e+02;8.4782019e-02;2.3250000e+02;1.8146305e-01;2.3250000e+02;2.3218596e-01;2.3250000e+02;2.3481993e-01;2.3250000e+02;1.9706717e-01;2.3250000e+02;1.3328478e-01;2.3250000e+02;6.9560319e-02;2.3250000e+02;9.9836737e-03;2.3250000e+02;-4.4981256e-02;2.3250000e+02;-9.8857388e-02;2.3250000e+02;-1.5035519e-01;2.3250000e+02;-2.0117064e-01;2.3250000e+02;-1.0387955e-01;2.3250000e+02;-1.1779934e-01;2.3250000e+02;-1.1522678e-01;2.3250000e+02;-9.6235618e-02;2.3250000e+02;-5.8432885e-02;2.3250000e+02;-8.3308620e-04;2.3250000e+02;8.4782019e-02;2.3250000e+02;1.8146305e-01;2.3250000e+02;2.3218596e-01;2.3250000e+02;2.3481993e-01;2.3250000e+02;1.9706717e-01;2.3250000e+02;1.3328478e-01;2.3250000e+02;6.9560319e-02;2.3250000e+02;9.9836737e-03;2.3250000e+02;-4.4981256e-02;2.3250000e+02;-9.8857388e-02;2.3250000e+02;-1.5035519e-01;2.3250000e+02;-2.0117064e-01;2.3250000e+02;-1.0387955e-01;2.3250000e+02;-1.1779934e-01;2.3250000e+02;-1.1522678e-01;2.3250000e+02;-9.6235618e-02;2.3250000e+02;-5.8432885e-02;2.3250000e+02;-8.3308620e-04;2.3250000e+02;8.4782019e-02;2.3250000e+02;1.8146305e-01;2.3250000e+02;2.3218596e-01;2.3250000e+02;2.3481993e-01;2.3250000e+02;1.9706717e-01;2.3250000e+02;1.3328478e-01;2.3250000e+02;6.9560319e-02;2.3250000e+02;9.9836737e-03;2.3250000e+02;-4.4981256e-02;2.3250000e+02;-9.8857388e-02;2.3250000e+02;-1.5035519e-01;2.3250000e+02;-2.0117064e-01;2.3250000e+02;-1.0387955e-01;2.3250000e+02;-1.1779934e-01;2.3250000e+02;-1.1522678e-01;2.3250000e+02;-9.6235618e-02;2.3250000e+02;-5.8432885e-02;2.3250000e+02;-8.3308620e-04;2.3250000e+02;8.4782019e-02;2.3250000e+02;1.8146305e-01;2.3250000e+02;2.3218596e-01;2.3250000e+02;2.3481993e-01;2.3250000e+02;1.9706717e-01;2.3250000e+02;1.3328478e-01;2.3250000e+02;6.9560319e-02;2.3250000e+02;9.9836737e-03;2.3250000e+02;-4.4981256e-02;2.3250000e+02;-9.8857388e-02;2.3250000e+02;-1.5035519e-01;2.3250000e+02;-2.0117064e-01;2.3250000e+02;-1.0387955e-01;2.3250000e+02;-1.1779934e-01;2.3250000e+02;-1.1522678e-01;2.3250000e+02;-9.6235618e-02;2.3250000e+02;-5.8432885e-02;2.3250000e+02;-8.3308620e-04;2.3250000e+02;8.4782019e-02;2.3250000e+02;1.8146305e-01;2.3250000e+02;2.3218596e-01;2.3250000e+02;2.3481993e-01;2.3250000e+02;1.9706717e-01;2.3250000e+02;1.3328478e-01;2.3250000e+02;6.9560319e-02;2.3250000e+02;9.9836737e-03;2.3250000e+02;-4.4981256e-02;2.3250000e+02;-9.8857388e-02;2.3250000e+02;-1.5035519e-01;2.3250000e+02;-2.0117064e-01;2.3250000e+02;-1.0387955e-01;2.3250000e+02;-1.1779934e-01;2.3250000e+02;-1.1522678e-01;2.3250000e+02;-9.6235618e-02;2.3250000e+02;-5.8432885e-02;2.3250000e+02;-8.3308620e-04;2.3250000e+02;8.4782019e-02;2.3250000e+02;1.8146305e-01;2.3250000e+02;2.3218596e-01;2.3250000e+02;2.3481993e-01;2.3250000e+02;1.9706717e-01;2.3250000e+02;1.3328478e-01;2.3250000e+02;6.9560319e-02;2.3250000e+02;9.9836737e-03;2.3250000e+02;-4.4981256e-02;2.3250000e+02;-9.8857388e-02;2.3250000e+02;-1.5035519e-01;2.3250000e+02;-2.0117064e-01;2.3250000e+02;-1.0387955e-01;2.3250000e+02;-1.1779934e-01;2.3250000e+02;-1.1522678e-01;2.3250000e+02;-9.6235618e-02;2.3250000e+02;-5.8432885e-02;2.3250000e+02;-8.3308620e-04;2.3250000e+02;8.4782019e-02;2.3250000e+02;1.8146305e-01;2.3250000e+02;2.3218596e-01;2.3250000e+02;2.3481993e-01;2.3250000e+02;1.9706717e-01;2.3250000e+02;1.3328478e-01;2.3250000e+02;6.9560319e-02;2.3250000e+02;9.9836737e-03;2.3250000e+02;-4.4981256e-02;2.3250000e+02;-9.8857388e-02;2.3250000e+02;-1.5035519e-01;2.3250000e+02;-2.0117064e-01;2.3250000e+02;-1.0387955e-01;2.3250000e+02;-1.1779934e-01;2.3250000e+02;-1.1522678e-01;2.3250000e+02;-9.6235618e-02;2.3250000e+02;-5.8432885e-02;2.3250000e+02;-8.3308620e-04;2.3250000e+02;8.4782019e-02;2.3250000e+02;1.8146305e-01;2.3250000e+02;2.3218596e-01;2.3250000e+02;2.3481993e-01;2.3250000e+02;1.9706717e-01;2.3250000e+02;1.3328478e-01;2.3250000e+02;6.9560319e-02;2.3250000e+02;9.9836737e-03;2.3250000e+02;-4.4981256e-02;2.3250000e+02;-9.8857388e-02;2.3250000e+02;-1.5035519e-01;2.3250000e+02;-2.0117064e-01;2.3250000e+02;-1.0387955e-01;2.3250000e+02;-1.1779934e-01;2.3250000e+02;-1.1522678e-01;2.3250000e+02;-9.6235618e-02;2.3250000e+02;-5.8432885e-02;2.3250000e+02;-8.3308620e-04;2.3250000e+02;8.4782019e-02;2.3250000e+02;1.8146305e-01;2.3250000e+02;2.3218596e-01;2.3250000e+02;2.3481993e-01;2.3250000e+02;1.9706717e-01;2.3250000e+02;1.3328478e-01;2.3250000e+02;6.9560319e-02;2.3250000e+02;9.9836737e-03;2.3250000e+02;-4.4981256e-02;2.3250000e+02;-9.8857388e-02;2.3250000e+02;-1.5035519e-01;2.3250000e+02;-2.0117064e-01;2.3250000e+02;-1.0387955e-01;2.3250000e+02;-1.1779934e-01;2.3250000e+02;-1.1522678e-01;2.3250000e+02;-9.6235618e-02;2.3250000e+02;-5.8432885e-02;2.3250000e+02;-8.3308620e-04;2.3250000e+02;8.4782019e-02;2.3250000e+02;1.8146305e-01;2.3250000e+02;2.3218596e-01;2.3250000e+02;2.3481993e-01;2.3250000e+02;1.9706717e-01;2.3250000e+02;1.3328478e-01;2.3250000e+02;6.9560319e-02;2.3250000e+02;9.9836737e-03;2.3250000e+02;-4.4981256e-02;2.3250000e+02;-9.8857388e-02;2.3250000e+02;-1.5035519e-01;2.3250000e+02;-2.0117064e-01;2.3250000e+02;-1.0387955e-01;2.3250000e+02;-1.1779934e-01;2.3250000e+02;-1.1522678e-01;2.3250000e+02;-9.6235618e-02;2.3250000e+02;-5.8432885e-02;2.3250000e+02;-8.3308620e-04;2.3250000e+02;8.4782019e-02;2.3250000e+02;1.8146305e-01;2.3250000e+02;2.3218596e-01;2.3250000e+02;2.3481993e-01;2.3250000e+02;1.9706717e-01;2.3250000e+02;1.3328478e-01;2.3250000e+02;6.9560319e-02;2.3250000e+02;9.9836737e-03;2.3250000e+02;-4.4981256e-02;2.3250000e+02;-9.8857388e-02;2.3250000e+02;-1.5035519e-01;2.3250000e+02;-2.0117064e-01;2.3250000e+02;-1.0387955e-01;2.3250000e+02;-1.1779934e-01;2.3250000e+02;-1.1522678e-01;2.3250000e+02;-9.6235618e-02;2.3250000e+02;-5.8432885e-02;2.3250000e+02;-8.3308620e-04;2.3250000e+02;8.4782019e-02;2.3250000e+02;1.8146305e-01;2.3250000e+02;2.3218596e-01;2.3250000e+02;2.3481993e-01;2.3250000e+02;1.9706717e-01;2.3250000e+02;1.3328478e-01;2.3250000e+02;6.9560319e-02;2.3250000e+02;9.9836737e-03;2.3250000e+02;-4.4981256e-02;2.3250000e+02;-9.8857388e-02;2.3250000e+02;-1.5035519e-01;2.3250000e+02;-2.0117064e-01;2.3250000e+02;-1.0387955e-01;2.3250000e+02;-1.1779934e-01;2.3250000e+02;-1.1522678e-01;2.3250000e+02;-9.6235618e-02;2.3250000e+02;-5.8432885e-02;2.3250000e+02;-8.3308620e-04;2.3250000e+02;8.4782019e-02;2.3250000e+02;1.8146305e-01;2.3250000e+02;2.3218596e-01;2.3250000e+02;2.3481993e-01;2.3250000e+02;1.9706717e-01;2.3250000e+02;1.3328478e-01;2.3250000e+02;6.9560319e-02;2.3250000e+02;9.9836737e-03;2.3250000e+02;-4.4981256e-02;2.3250000e+02;-9.8857388e-02;2.3250000e+02;-1.5035519e-01;2.3250000e+02;-2.0117064e-01;2.3250000e+02;-1.0387955e-01;2.3250000e+02;-1.1779934e-01;2.3250000e+02;-1.1522678e-01;2.3250000e+02;-9.6235618e-02;2.3250000e+02;-5.8432885e-02;2.3250000e+02;-8.3308620e-04;2.3250000e+02;8.4782019e-02;2.3250000e+02;1.8146305e-01;2.3250000e+02;2.3218596e-01;2.3250000e+02;2.3481993e-01;2.3250000e+02;1.9706717e-01;2.3250000e+02;1.3328478e-01;2.3250000e+02;6.9560319e-02;2.3250000e+02;9.9836737e-03;2.3250000e+02;-4.4981256e-02;2.3250000e+02;-9.8857388e-02;2.3250000e+02;-1.5035519e-01;2.3250000e+02;-2.0117064e-01;2.3250000e+02;-1.0387955e-01;2.3250000e+02;-1.1779934e-01;2.3250000e+02;-1.1522678e-01;2.3250000e+02;-9.6235618e-02;2.3250000e+02;-5.8432885e-02;2.3250000e+02;-8.3308620e-04;2.3250000e+02;8.4782019e-02;2.3250000e+02;1.8146305e-01;2.3250000e+02;2.3218596e-01;2.3250000e+02;2.3481993e-01;2.3250000e+02;1.9706717e-01;2.3250000e+02;1.3328478e-01;2.3250000e+02;6.9560319e-02;2.3250000e+02;9.9836737e-03;2.3250000e+02;-4.4981256e-02;2.3250000e+02;-9.8857388e-02;2.3250000e+02;-1.5035519e-01;2.3250000e+02;-2.0117064e-01;2.3250000e+02;-1.0387955e-01;2.3250000e+02;-1.1779934e-01;2.3250000e+02;-1.1522678e-01;2.3250000e+02;-9.6235618e-02;2.3250000e+02;-5.8432885e-02;2.3250000e+02;-8.3308620e-04;2.3250000e+02;8.4782019e-02;2.3250000e+02;1.8146305e-01;2.3250000e+02;2.3218596e-01;2.3250000e+02;2.3481993e-01;2.3250000e+02;1.9706717e-01;2.3250000e+02;1.3328478e-01;2.3250000e+02;6.9560319e-02;2.3250000e+02;9.9836737e-03;2.3250000e+02;-4.4981256e-02;2.3250000e+02;-9.8857388e-02;2.3250000e+02;-1.5035519e-01;2.3250000e+02;-2.0117064e-01;2.3250000e+02;-1.0387955e-01;2.3250000e+02;-1.1779934e-01;2.3250000e+02;-1.1522678e-01;2.3250000e+02;-9.6235618e-02;2.3250000e+02;-5.8432885e-02;2.3250000e+02;-8.3308620e-04;2.3250000e+02;8.4782019e-02;2.3250000e+02;1.8146305e-01;2.3250000e+02;2.3218596e-01;2.3250000e+02;2.3481993e-01;2.3250000e+02;1.9706717e-01;2.3250000e+02;1.3328478e-01;2.3250000e+02;6.9560319e-02;2.3250000e+02;9.9836737e-03;2.3250000e+02;-4.4981256e-02;2.3250000e+02;-9.8857388e-02;2.3250000e+02;-1.5035519e-01;2.3250000e+02;-2.0117064e-01;2.3250000e+02;-1.0387955e-01;2.3250000e+02;-1.1779934e-01;2.3250000e+02;-1.1522678e-01;2.3250000e+02;-9.6235618e-02;2.3250000e+02;-5.8432885e-02;2.3250000e+02;-8.3308620e-04;2.3250000e+02;8.4782019e-02;2.3250000e+02;1.8146305e-01;2.3250000e+02;2.3218596e-01;2.3250000e+02;2.3481993e-01;2.3250000e+02;1.9706717e-01;2.3250000e+02;1.3328478e-01;2.3250000e+02;6.9560319e-02;2.3250000e+02;9.9836737e-03;2.3250000e+02;-4.4981256e-02;2.3250000e+02;-9.8857388e-02;2.3250000e+02;-1.5035519e-01;2.3250000e+02;-2.0117064e-01;2.3250000e+02;-1.0387955e-01;2.3250000e+02;-1.1779934e-01;2.3250000e+02;-1.1522678e-01;2.3250000e+02;-9.6235618e-02;2.3250000e+02;-5.8432885e-02;2.3250000e+02;-8.3308620e-04;2.3250000e+02;8.4782019e-02;2.3250000e+02;1.8146305e-01;2.3250000e+02;2.3218596e-01;2.3250000e+02;2.3481993e-01;2.3250000e+02;1.9706717e-01;2.3250000e+02;1.3328478e-01;2.3250000e+02;6.9560319e-02;2.3250000e+02;9.9836737e-03;2.3250000e+02;-4.4981256e-02;2.3250000e+02;-9.8857388e-02;2.3250000e+02;-1.5035519e-01;2.3250000e+02;-2.0117064e-01;2.3250000e+02;-1.0387955e-01;2.3250000e+02;-1.1779934e-01;2.3250000e+02;-1.1522678e-01;2.3250000e+02;-9.6235618e-02;2.3250000e+02;-5.8432885e-02;2.3250000e+02;-8.3308620e-04;2.3250000e+02;8.4782019e-02;2.3250000e+02;1.8146305e-01;2.3250000e+02;2.3218596e-01;2.3250000e+02;2.3481993e-01;2.3250000e+02;1.9706717e-01;2.3250000e+02;1.3328478e-01;2.3250000e+02;6.9560319e-02;2.3250000e+02;9.9836737e-03;2.3250000e+02;-4.4981256e-02;2.3250000e+02;-9.8857388e-02;2.3250000e+02;-1.5035519e-01;2.3250000e+02;-2.0117064e-01;2.3250000e+02;-1.0387955e-01;2.3250000e+02;-1.1779934e-01;2.3250000e+02;-1.1522678e-01;2.3250000e+02;-9.6235618e-02;2.3250000e+02;-5.8432885e-02;2.3250000e+02;-8.3308620e-04;2.3250000e+02;8.4782019e-02;2.3250000e+02;1.8146305e-01;2.3250000e+02;2.3218596e-01;2.3250000e+02;2.3481993e-01;2.3250000e+02;1.9706717e-01;2.3250000e+02;1.3328478e-01;2.3250000e+02;6.9560319e-02;2.3250000e+02;9.9836737e-03;2.3250000e+02;-4.4981256e-02;2.3250000e+02;-9.8857388e-02;2.3250000e+02;-1.5035519e-01;2.3250000e+02;-2.0117064e-01;2.3250000e+02;-1.0387955e-01;2.3250000e+02;-1.1779934e-01;2.3250000e+02;-1.1522678e-01;2.3250000e+02;-9.6235618e-02;2.3250000e+02;-5.8432885e-02;2.3250000e+02;-8.3308620e-04;2.3250000e+02;8.4782019e-02;2.3250000e+02;1.8146305e-01;2.3250000e+02;2.3218596e-01;2.3250000e+02;2.3481993e-01;2.3250000e+02;1.9706717e-01;2.3250000e+02;1.3328478e-01;2.3250000e+02;6.9560319e-02;2.3250000e+02;9.9836737e-03;2.3250000e+02;-4.4981256e-02;2.3250000e+02;-9.8857388e-02;2.3250000e+02;-1.5035519e-01;2.3250000e+02;-2.0117064e-01;2.3250000e+02;-1.0387955e-01;2.3250000e+02;-1.1779934e-01;2.3250000e+02;-1.1522678e-01;2.3250000e+02;-9.6235618e-02;2.3250000e+02;-5.8432885e-02;2.3250000e+02;-8.3308620e-04;2.3250000e+02;8.4782019e-02;2.3250000e+02;1.8146305e-01;2.3250000e+02;2.3218596e-01;2.3250000e+02;2.3481993e-01;2.3250000e+02;1.9706717e-01;2.3250000e+02;1.3328478e-01;2.3250000e+02;6.9560319e-02;2.3250000e+02;9.9836737e-03;2.3250000e+02;-4.4981256e-02;2.3250000e+02;-9.8857388e-02;2.3250000e+02;-1.5035519e-01;2.3250000e+02;-2.0117064e-01;2.3250000e+02;-1.0387955e-01;2.3250000e+02;-1.1779934e-01;2.3250000e+02;-1.1522678e-01;2.3250000e+02;-9.6235618e-02;2.3250000e+02;-5.8432885e-02;2.3250000e+02;-8.3308620e-04;2.3250000e+02;8.4782019e-02;2.3250000e+02;1.8146305e-01;2.3250000e+02;2.3218596e-01;2.3250000e+02;2.3481993e-01;2.3250000e+02;1.9706717e-01;2.3250000e+02;1.3328478e-01;2.3250000e+02;6.9560319e-02;2.3250000e+02;9.9836737e-03;2.3250000e+02;-4.4981256e-02;2.3250000e+02;-9.8857388e-02;2.3250000e+02;-1.5035519e-01;2.3250000e+02;-2.0117064e-01;2.3250000e+02;-1.0387955e-01;2.3250000e+02;-1.1779934e-01;2.3250000e+02;-1.1522678e-01;2.3250000e+02;-9.6235618e-02;2.3250000e+02;-5.8432885e-02;2.3250000e+02;-8.3308620e-04;2.3250000e+02;8.4782019e-02;2.3250000e+02;1.8146305e-01;2.3250000e+02;2.3218596e-01;2.3250000e+02;2.3481993e-01;2.3250000e+02;1.9706717e-01;2.3250000e+02;1.3328478e-01;2.3250000e+02;6.9560319e-02;2.3250000e+02;9.9836737e-03;2.3250000e+02;-4.4981256e-02;2.3250000e+02;-9.8857388e-02;2.3250000e+02;-1.5035519e-01;2.3250000e+02;-2.0117064e-01;2.3250000e+02;-1.0387955e-01;2.3250000e+02;-1.1779934e-01;2.3250000e+02;-1.1522678e-01;2.3250000e+02;-9.6235618e-02;2.3250000e+02;-5.8432885e-02;2.3250000e+02;-8.3308620e-04;2.3250000e+02;8.4782019e-02;2.3250000e+02;1.8146305e-01;2.3250000e+02;2.3218596e-01;2.3250000e+02;2.3481993e-01;2.3250000e+02;1.9706717e-01;2.3250000e+02;1.3328478e-01;2.3250000e+02;6.9560319e-02;2.3250000e+02;9.9836737e-03;2.3250000e+02;-4.4981256e-02;2.3250000e+02;-9.8857388e-02;2.3250000e+02;-1.5035519e-01;2.3250000e+02;-2.0117064e-01;2.3250000e+02;-1.0387955e-01;2.3250000e+02;-1.1779934e-01;2.3250000e+02;-1.1522678e-01;2.3250000e+02;-9.6235618e-02;2.3250000e+02;-5.8432885e-02;2.3250000e+02;-8.3308620e-04;2.3250000e+02;8.4782019e-02;2.3250000e+02;1.8146305e-01;2.3250000e+02;2.3218596e-01;2.3250000e+02;2.3481993e-01;2.3250000e+02;1.9706717e-01;2.3250000e+02;1.3328478e-01;2.3250000e+02;6.9560319e-02;2.3250000e+02;9.9836737e-03;2.3250000e+02;-4.4981256e-02;2.3250000e+02;-9.8857388e-02;2.3250000e+02;-1.5035519e-01;2.3250000e+02;-2.0117064e-01;2.3250000e+02;-1.0387955e-01;2.3250000e+02;-1.1779934e-01;2.3250000e+02;-1.1522678e-01;2.3250000e+02;-9.6235618e-02;2.3250000e+02;-5.8432885e-02;2.3250000e+02;-8.3308620e-04;2.3250000e+02;8.4782019e-02;2.3250000e+02;1.8146305e-01;2.3250000e+02;2.3218596e-01;2.3250000e+02;2.3481993e-01;2.3250000e+02;1.9706717e-01;2.3250000e+02;1.3328478e-01;2.3250000e+02;6.9560319e-02;2.3250000e+02;9.9836737e-03;2.3250000e+02;-4.4981256e-02;2.3250000e+02;-9.8857388e-02;2.3250000e+02;-1.5035519e-01;2.3250000e+02;-2.0117064e-01;2.3250000e+02;-1.0387955e-01;2.3250000e+02;-1.1779934e-01;2.3250000e+02;-1.1522678e-01;2.3250000e+02;-9.6235618e-02;2.3250000e+02;-5.8432885e-02;2.3250000e+02;-8.3308620e-04;2.3250000e+02;8.4782019e-02;2.3250000e+02;1.8146305e-01;2.3250000e+02;2.3218596e-01;2.3250000e+02;2.3481993e-01;2.3250000e+02;1.9706717e-01;2.3250000e+02;1.3328478e-01;2.3250000e+02;6.9560319e-02;2.3250000e+02;9.9836737e-03;2.3250000e+02;-4.4981256e-02;2.3250000e+02;-9.8857388e-02;2.3250000e+02;-1.5035519e-01;2.3250000e+02;-2.0117064e-01;2.3250000e+02;-1.0387955e-01;2.3250000e+02;-1.1779934e-01;2.3250000e+02;-1.1522678e-01;2.3250000e+02;-9.6235618e-02;2.3250000e+02;-5.8432885e-02;2.3250000e+02;-8.3308620e-04;2.3250000e+02;8.4782019e-02;2.3250000e+02;1.8146305e-01;2.3250000e+02;2.3218596e-01;2.3250000e+02;2.3481993e-01;2.3250000e+02;1.9706717e-01;2.3250000e+02;1.3328478e-01;2.3250000e+02;6.9560319e-02;2.3250000e+02;9.9836737e-03;2.3250000e+02;-4.4981256e-02;2.3250000e+02;-9.8857388e-02;2.3250000e+02;-1.5035519e-01;2.3250000e+02;-2.0117064e-01;2.3250000e+02;-1.0387955e-01;2.3250000e+02;-1.1779934e-01;2.3250000e+02;-1.1522678e-01;2.3250000e+02;-9.6235618e-02;2.3250000e+02;-5.8432885e-02;2.3250000e+02;-8.3308620e-04;2.3250000e+02;8.4782019e-02;2.3250000e+02;1.8146305e-01;2.3250000e+02;2.3218596e-01;2.3250000e+02;2.3481993e-01;2.3250000e+02;1.9706717e-01;2.3250000e+02;1.3328478e-01;2.3250000e+02;6.9560319e-02;2.3250000e+02;9.9836737e-03;2.3250000e+02;-4.4981256e-02;2.3250000e+02;-9.8857388e-02;2.3250000e+02;-1.5035519e-01;2.3250000e+02;-2.0117064e-01;2.3250000e+02;-1.0387955e-01;2.3250000e+02;-1.1779934e-01;2.3250000e+02;-1.1522678e-01;2.3250000e+02;-9.6235618e-02;2.3250000e+02;-5.8432885e-02;2.3250000e+02;-8.3308620e-04;2.3250000e+02;8.4782019e-02;2.3250000e+02;1.8146305e-01;2.3250000e+02;2.3218596e-01;2.3250000e+02;2.3481993e-01;2.3250000e+02;1.9706717e-01;2.3250000e+02;1.3328478e-01;2.3250000e+02;6.9560319e-02;2.3250000e+02;9.9836737e-03;2.3250000e+02;-4.4981256e-02;2.3250000e+02;-9.8857388e-02;2.3250000e+02;-1.5035519e-01;2.3250000e+02;-2.0117064e-01;2.3250000e+02;-1.0387955e-01;2.3250000e+02;-1.1779934e-01;2.3250000e+02;-1.1522678e-01;2.3250000e+02;-9.6235618e-02;2.3250000e+02;-5.8432885e-02;2.3250000e+02;-8.3308620e-04;2.3250000e+02;8.4782019e-02;2.3250000e+02;1.8146305e-01;2.3250000e+02;2.3218596e-01;2.3250000e+02;2.3481993e-01;2.3250000e+02;1.9706717e-01;2.3250000e+02;1.3328478e-01;2.3250000e+02;6.9560319e-02;2.3250000e+02;9.9836737e-03;2.3250000e+02;-4.4981256e-02;2.3250000e+02;-9.8857388e-02;2.3250000e+02;-1.5035519e-01;2.3250000e+02;-2.0117064e-01;2.3250000e+02;-1.0387955e-01;2.3250000e+02;-1.1779934e-01;2.3250000e+02;-1.1522678e-01;2.3250000e+02;-9.6235618e-02;2.3250000e+02;-5.8432885e-02;2.3250000e+02;-8.3308620e-04;2.3250000e+02;8.4782019e-02;2.3250000e+02;1.8146305e-01;2.3250000e+02;2.3218596e-01;2.3250000e+02;2.3481993e-01;2.3250000e+02;1.9706717e-01;2.3250000e+02;1.3328478e-01;2.3250000e+02;6.9560319e-02;2.3250000e+02;9.9836737e-03;2.3250000e+02;-4.4981256e-02;2.3250000e+02;-9.8857388e-02;2.3250000e+02;-1.5035519e-01;2.3250000e+02;-2.0117064e-01;2.3250000e+02;-1.0387955e-01;2.3250000e+02;-1.1779934e-01;2.3250000e+02;-1.1522678e-01;2.3250000e+02;-9.6235618e-02;2.3250000e+02;-5.8432885e-02;2.3250000e+02;-8.3308620e-04;2.3250000e+02;8.4782019e-02;2.3250000e+02;1.8146305e-01;2.3250000e+02;2.3218596e-01;2.3250000e+02;2.3481993e-01;2.3250000e+02;1.9706717e-01;2.3250000e+02;1.3328478e-01;2.3250000e+02;6.9560319e-02;2.3250000e+02;9.9836737e-03;2.3250000e+02;-4.4981256e-02;2.3250000e+02;-9.8857388e-02;2.3250000e+02;-1.5035519e-01;2.3250000e+02;-2.0117064e-01;2.3250000e+02;-1.0387955e-01;2.3250000e+02;-1.1779934e-01;2.3250000e+02;-1.1522678e-01;2.3250000e+02;-9.6235618e-02;2.3250000e+02;-5.8432885e-02;2.3250000e+02;-8.3308620e-04;2.3250000e+02;8.4782019e-02;2.3250000e+02;1.8146305e-01;2.3250000e+02;2.3218596e-01;2.3250000e+02;2.3481993e-01;2.3250000e+02;1.9706717e-01;2.3250000e+02;1.3328478e-01;2.3250000e+02;6.9560319e-02;2.3250000e+02;9.9836737e-03;2.3250000e+02;-4.4981256e-02;2.3250000e+02;-9.8857388e-02;2.3250000e+02;-1.5035519e-01;2.3250000e+02;-2.0117064e-01;2.3250000e+02;-1.0387955e-01;2.3250000e+02;-1.1779934e-01;2.3250000e+02;-1.1522678e-01;2.3250000e+02;-9.6235618e-02;2.3250000e+02;-5.8432885e-02;2.3250000e+02;-8.3308620e-04;2.3250000e+02;8.4782019e-02;2.3250000e+02;1.8146305e-01;2.3250000e+02;2.3218596e-01;2.3250000e+02;2.3481993e-01;2.3250000e+02;1.9706717e-01;2.3250000e+02;1.3328478e-01;2.3250000e+02;6.9560319e-02;2.3250000e+02;9.9836737e-03;2.3250000e+02;-4.4981256e-02;2.3250000e+02;-9.8857388e-02;2.3250000e+02;-1.5035519e-01;2.3250000e+02;-2.0117064e-01;2.3250000e+02;-1.0387955e-01;2.3250000e+02;-1.1779934e-01;2.3250000e+02;-1.1522678e-01;2.3250000e+02;-9.6235618e-02;2.3250000e+02;-5.8432885e-02;2.3250000e+02;-8.3308620e-04;2.3250000e+02;8.4782019e-02;2.3250000e+02;1.8146305e-01;2.3250000e+02;2.3218596e-01;2.3250000e+02;2.3481993e-01;2.3250000e+02;1.9706717e-01;2.3250000e+02;1.3328478e-01;2.3250000e+02;6.9560319e-02;2.3250000e+02;9.9836737e-03;2.3250000e+02;-4.4981256e-02;2.3250000e+02;-9.8857388e-02;2.3250000e+02;-1.5035519e-01;2.3250000e+02;-2.0117064e-01;2.3250000e+02;-1.0387955e-01;2.3250000e+02;-1.1779934e-01;2.3250000e+02;-1.1522678e-01;2.3250000e+02;-9.6235618e-02;2.3250000e+02;-5.8432885e-02;2.3250000e+02;-8.3308620e-04;2.3250000e+02;8.4782019e-02;2.3250000e+02;1.8146305e-01;2.3250000e+02;2.3218596e-01;2.3250000e+02;2.3481993e-01;2.3250000e+02;1.9706717e-01;2.3250000e+02;1.3328478e-01;2.3250000e+02;6.9560319e-02;2.3250000e+02;9.9836737e-03;2.3250000e+02;-4.4981256e-02;2.3250000e+02;-9.8857388e-02;2.3250000e+02;-1.5035519e-01;2.3250000e+02;-2.0117064e-01;2.3250000e+02;-1.0387955e-01;2.3250000e+02;-1.1779934e-01;2.3250000e+02;-1.1522678e-01;2.3250000e+02;-9.6235618e-02;2.3250000e+02;-5.8432885e-02;2.3250000e+02;-8.3308620e-04;2.3250000e+02;8.4782019e-02;2.3250000e+02;1.8146305e-01;2.3250000e+02;2.3218596e-01;2.3250000e+02;2.3481993e-01;2.3250000e+02;1.9706717e-01;2.3250000e+02;1.3328478e-01;2.3250000e+02;6.9560319e-02;2.3250000e+02;9.9836737e-03;2.3250000e+02;-4.4981256e-02;2.3250000e+02;-9.8857388e-02;2.3250000e+02;-1.5035519e-01;2.3250000e+02;-2.0117064e-01;2.3250000e+02;-1.0387955e-01;2.3250000e+02;-1.1779934e-01;2.3250000e+02;-1.1522678e-01;2.3250000e+02;-9.6235618e-02;2.3250000e+02;-5.8432885e-02;2.3250000e+02;-8.3308620e-04;2.3250000e+02;8.4782019e-02;2.3250000e+02;1.8146305e-01;2.3250000e+02;2.3218596e-01;2.3250000e+02;2.3481993e-01;2.3250000e+02;1.9706717e-01;2.3250000e+02;1.3328478e-01;2.3250000e+02;6.9560319e-02;2.3250000e+02;9.9836737e-03;2.3250000e+02;-4.4981256e-02;2.3250000e+02;-9.8857388e-02;2.3250000e+02;-1.5035519e-01;2.3250000e+02;-2.0117064e-01;2.3250000e+02;-1.0387955e-01;2.3250000e+02;-1.1779934e-01;2.3250000e+02;-1.1522678e-01;2.3250000e+02;-9.6235618e-02;2.3250000e+02;-5.8432885e-02;2.3250000e+02;-8.3308620e-04;2.3250000e+02;8.4782019e-02;2.3250000e+02;1.8146305e-01;2.3250000e+02;2.3218596e-01;2.3250000e+02;2.3481993e-01;2.3250000e+02;1.9706717e-01;2.3250000e+02;1.3328478e-01;2.3250000e+02;6.9560319e-02;2.3250000e+02;9.9836737e-03;2.3250000e+02;-4.4981256e-02;2.3250000e+02;-9.8857388e-02;2.3250000e+02;-1.5035519e-01;2.3250000e+02;-2.0117064e-01;2.3250000e+02;-1.0387955e-01;2.3250000e+02;-1.1779934e-01;2.3250000e+02;-1.1522678e-01;2.3250000e+02;-9.6235618e-02;2.3250000e+02;-5.8432885e-02;2.3250000e+02;-8.3308620e-04;2.3250000e+02;8.4782019e-02;2.3250000e+02;1.8146305e-01;2.3250000e+02;2.3218596e-01;2.3250000e+02;2.3481993e-01;2.3250000e+02;1.9706717e-01;2.3250000e+02;1.3328478e-01;2.3250000e+02;6.9560319e-02;2.3250000e+02;9.9836737e-03;2.3250000e+02;-4.4981256e-02;2.3250000e+02;-9.8857388e-02;2.3250000e+02;-1.5035519e-01;2.3250000e+02;-2.0117064e-01;2.3250000e+02;-1.0387955e-01;2.3250000e+02;-1.1779934e-01;2.3250000e+02;-1.1522678e-01;2.3250000e+02;-9.6235618e-02;2.3250000e+02;-5.8432885e-02;2.3250000e+02;-8.3308620e-04;2.3250000e+02;8.4782019e-02;2.3250000e+02;1.8146305e-01;2.3250000e+02;2.3218596e-01;2.3250000e+02;2.3481993e-01;2.3250000e+02;1.9706717e-01;2.3250000e+02;1.3328478e-01;2.3250000e+02;6.9560319e-02;2.3250000e+02;9.9836737e-03;2.3250000e+02;-4.4981256e-02;2.3250000e+02;-9.8857388e-02;2.3250000e+02;-1.5035519e-01;2.3250000e+02;-2.0117064e-01;2.3250000e+02;-1.0387955e-01;2.3250000e+02;-1.1779934e-01;2.3250000e+02;-1.1522678e-01;2.3250000e+02;-9.6235618e-02;2.3250000e+02;-5.8432885e-02;2.3250000e+02;-8.3308620e-04;2.3250000e+02;8.4782019e-02;2.3250000e+02;1.8146305e-01;2.3250000e+02;2.3218596e-01;2.3250000e+02;2.3481993e-01;2.3250000e+02;1.9706717e-01;2.3250000e+02;1.3328478e-01;2.3250000e+02;6.9560319e-02;2.3250000e+02;9.9836737e-03;2.3250000e+02;-4.4981256e-02;2.3250000e+02;-9.8857388e-02;2.3250000e+02;-1.5035519e-01;2.3250000e+02;-2.0117064e-01;2.3250000e+02;-1.0387955e-01;2.3250000e+02;-1.1779934e-01;2.3250000e+02;-1.1522678e-01;2.3250000e+02;-9.6235618e-02;2.3250000e+02;-5.8432885e-02;2.3250000e+02;-8.3308620e-04;2.3250000e+02;8.4782019e-02;2.3250000e+02;1.8146305e-01;2.3250000e+02;2.3218596e-01;2.3250000e+02;2.3481993e-01;2.3250000e+02;1.9706717e-01;2.3250000e+02;1.3328478e-01;2.3250000e+02;6.9560319e-02;2.3250000e+02;9.9836737e-03;2.3250000e+02;-4.4981256e-02;2.3250000e+02;-9.8857388e-02;2.3250000e+02;-1.5035519e-01;2.3250000e+02;-2.0117064e-01;2.3250000e+02;-1.0387955e-01;2.3250000e+02;-1.1779934e-01;2.3250000e+02;-1.1522678e-01;2.3250000e+02;-9.6235618e-02;2.3250000e+02;-5.8432885e-02;2.3250000e+02;-8.3308620e-04;2.3250000e+02;8.4782019e-02;2.3250000e+02;1.8146305e-01;2.3250000e+02;2.3218596e-01;2.3250000e+02;2.3481993e-01;2.3250000e+02;1.9706717e-01;2.3250000e+02;1.3328478e-01;2.3250000e+02;6.9560319e-02;2.3250000e+02;9.9836737e-03;2.3250000e+02;-4.4981256e-02;2.3250000e+02;-9.8857388e-02;2.3250000e+02;-1.5035519e-01;2.3250000e+02;-2.0117064e-01;2.3250000e+02;-1.0387955e-01;2.3250000e+02;-1.1779934e-01;2.3250000e+02;-1.1522678e-01;2.3250000e+02;-9.6235618e-02;2.3250000e+02;-5.8432885e-02;2.3250000e+02;-8.3308620e-04;2.3250000e+02;8.4782019e-02;2.3250000e+02;1.8146305e-01;2.3250000e+02;2.3218596e-01;2.3250000e+02;2.3481993e-01;2.3250000e+02;1.9706717e-01;2.3250000e+02;1.3328478e-01;2.3250000e+02;6.9560319e-02;2.3250000e+02;9.9836737e-03;2.3250000e+02;-4.4981256e-02;2.3250000e+02;-9.8857388e-02;2.3250000e+02;-1.5035519e-01;2.3250000e+02;-2.0117064e-01;2.3250000e+02;-1.0387955e-01;2.3250000e+02;-1.1779934e-01;2.3250000e+02;-1.1522678e-01;2.3250000e+02;-9.6235618e-02;2.3250000e+02;-5.8432885e-02;2.3250000e+02;-8.3308620e-04;2.3250000e+02;8.4782019e-02;2.3250000e+02;1.8146305e-01;2.3250000e+02;2.3218596e-01;2.3250000e+02;2.3481993e-01;2.3250000e+02;1.9706717e-01;2.3250000e+02;1.3328478e-01;2.3250000e+02;6.9560319e-02;2.3250000e+02;9.9836737e-03;2.3250000e+02;-4.4981256e-02;2.3250000e+02;-9.8857388e-02;2.3250000e+02;-1.5035519e-01;2.3250000e+02;-2.0117064e-01;2.3250000e+02;-1.0387955e-01;2.3250000e+02;-1.1779934e-01;2.3250000e+02;-1.1522678e-01;2.3250000e+02;-9.6235618e-02;2.3250000e+02;-5.8432885e-02;2.3250000e+02;-8.3308620e-04;2.3250000e+02;8.4782019e-02;2.3250000e+02;1.8146305e-01;2.3250000e+02;2.3218596e-01;2.3250000e+02;2.3481993e-01;2.3250000e+02;1.9706717e-01;2.3250000e+02;1.3328478e-01;2.3250000e+02;6.9560319e-02;2.3250000e+02;9.9836737e-03;2.3250000e+02;-4.4981256e-02;2.3250000e+02;-9.8857388e-02;2.3250000e+02;-1.5035519e-01;2.3250000e+02;-2.0117064e-01;2.3250000e+02;-1.0387955e-01;2.3250000e+02;-1.1779934e-01;2.3250000e+02;-1.1522678e-01;2.3250000e+02;-9.6235618e-02;2.3250000e+02;-5.8432885e-02;2.3250000e+02;-8.3308620e-04;2.3250000e+02;8.4782019e-02;2.3250000e+02;1.8146305e-01;2.3250000e+02;2.3218596e-01;2.3250000e+02;2.3481993e-01;2.3250000e+02;1.9706717e-01;2.3250000e+02;1.3328478e-01;2.3250000e+02;6.9560319e-02;2.3250000e+02;9.9836737e-03;2.3250000e+02;-4.4981256e-02;2.3250000e+02;-9.8857388e-02;2.3250000e+02;-1.5035519e-01;2.3250000e+02;-2.0117064e-01;2.3250000e+02;-1.0387955e-01;2.3250000e+02;-1.1779934e-01;2.3250000e+02;-1.1522678e-01;2.3250000e+02;-9.6235618e-02;2.3250000e+02;-5.8432885e-02;2.3250000e+02;-8.3308620e-04;2.3250000e+02;8.4782019e-02;2.3250000e+02;1.8146305e-01;2.3250000e+02;2.3218596e-01;2.3250000e+02;2.3481993e-01;2.3250000e+02;1.9706717e-01;2.3250000e+02;1.3328478e-01;2.3250000e+02;6.9560319e-02;2.3250000e+02;9.9836737e-03;2.3250000e+02;-4.4981256e-02;2.3250000e+02;-9.8857388e-02;2.3250000e+02;-1.5035519e-01;2.3250000e+02;-2.0117064e-01;2.3250000e+02;-1.0387955e-01;2.3250000e+02;-1.1779934e-01;2.3250000e+02;-1.1522678e-01;2.3250000e+02;-9.6235618e-02;2.3250000e+02;-5.8432885e-02;2.3250000e+02;-8.3308620e-04;2.3250000e+02;8.4782019e-02;2.3250000e+02;1.8146305e-01;2.3250000e+02;2.3218596e-01;2.3250000e+02;2.3481993e-01;2.3250000e+02;1.9706717e-01;2.3250000e+02;1.3328478e-01;2.3250000e+02;6.9560319e-02;2.3250000e+02;9.9836737e-03;2.3250000e+02;-4.4981256e-02;2.3250000e+02;-9.8857388e-02;2.3250000e+02;-1.5035519e-01;2.3250000e+02;-2.0117064e-01;2.3250000e+02;-1.0387955e-01;2.3250000e+02;-1.1779934e-01;2.3250000e+02;-1.1522678e-01;2.3250000e+02;-9.6235618e-02;2.3250000e+02;-5.8432885e-02;2.3250000e+02;-8.3308620e-04;2.3250000e+02;8.4782019e-02;2.3250000e+02;1.8146305e-01;2.3250000e+02;2.3218596e-01;2.3250000e+02;2.3481993e-01;2.3250000e+02;1.9706717e-01;2.3250000e+02;1.3328478e-01;2.3250000e+02;6.9560319e-02;2.3250000e+02;9.9836737e-03;2.3250000e+02;-4.4981256e-02;2.3250000e+02;-9.8857388e-02;2.3250000e+02;-1.5035519e-01;2.3250000e+02;-2.0117064e-01;2.3250000e+02;-1.0387955e-01;2.3250000e+02;-1.1779934e-01;2.3250000e+02;-1.1522678e-01;2.3250000e+02;-9.6235618e-02;2.3250000e+02;-5.8432885e-02;2.3250000e+02;-8.3308620e-04;2.3250000e+02;8.4782019e-02;2.3250000e+02;1.8146305e-01;2.3250000e+02;2.3218596e-01;2.3250000e+02;2.3481993e-01;2.3250000e+02;1.9706717e-01;2.3250000e+02;1.3328478e-01;2.3250000e+02;6.9560319e-02;2.3250000e+02;9.9836737e-03;2.3250000e+02;-4.4981256e-02;2.3250000e+02;-9.8857388e-02;2.3250000e+02;-1.5035519e-01;2.3250000e+02;-2.0117064e-01;2.3250000e+02;-1.0387955e-01;2.3250000e+02;-1.1779934e-01;2.3250000e+02;-1.1522678e-01;2.3250000e+02;-9.6235618e-02;2.3250000e+02;-5.8432885e-02;2.3250000e+02;-8.3308620e-04;2.3250000e+02;8.4782019e-02;2.3250000e+02;1.8146305e-01;2.3250000e+02;2.3218596e-01;2.3250000e+02;2.3481993e-01;2.3250000e+02;1.9706717e-01;2.3250000e+02;1.3328478e-01;2.3250000e+02;6.9560319e-02;2.3250000e+02;9.9836737e-03;2.3250000e+02;-4.4981256e-02;2.3250000e+02;-9.8857388e-02;2.3250000e+02;-1.5035519e-01;2.3250000e+02;-2.0117064e-01;2.3250000e+02;-1.0387955e-01;2.3250000e+02;-1.1779934e-01;2.3250000e+02;-1.1522678e-01;2.3250000e+02;-9.6235618e-02;2.3250000e+02;-5.8432885e-02;2.3250000e+02;-8.3308620e-04;2.3250000e+02;8.4782019e-02;2.3250000e+02;1.8146305e-01;2.3250000e+02;2.3218596e-01;2.3250000e+02;2.3481993e-01;2.3250000e+02;1.9706717e-01;2.3250000e+02;1.3328478e-01;2.3250000e+02;6.9560319e-02;2.3250000e+02;9.9836737e-03;2.3250000e+02;-4.4981256e-02;2.3250000e+02;-9.8857388e-02;2.3250000e+02;-1.5035519e-01;2.3250000e+02;-2.0117064e-01;2.3250000e+02;-1.0387955e-01;2.3250000e+02;-1.1779934e-01;2.3250000e+02;-1.1522678e-01;2.3250000e+02;-9.6235618e-02;2.3250000e+02;-5.8432885e-02;2.3250000e+02;-8.3308620e-04;2.3250000e+02;8.4782019e-02;2.3250000e+02;1.8146305e-01;2.3250000e+02;2.3218596e-01;2.3250000e+02;2.3481993e-01;2.3250000e+02;1.9706717e-01;2.3250000e+02;1.3328478e-01;2.3250000e+02;6.9560319e-02;2.3250000e+02;9.9836737e-03;2.3250000e+02;-4.4981256e-02;2.3250000e+02;-9.8857388e-02;2.3250000e+02;-1.5035519e-01;2.3250000e+02;-2.0117064e-01;2.3250000e+02;-1.0387955e-01;2.3250000e+02;-1.1779934e-01;2.3250000e+02;-1.1522678e-01;2.3250000e+02;-9.6235618e-02;2.3250000e+02;-5.8432885e-02;2.3250000e+02;-8.3308620e-04;2.3250000e+02;8.4782019e-02;2.3250000e+02;1.8146305e-01;2.3250000e+02;2.3218596e-01;2.3250000e+02;2.3481993e-01;2.3250000e+02;1.9706717e-01;2.3250000e+02;1.3328478e-01;2.3250000e+02;6.9560319e-02;2.3250000e+02;9.9836737e-03;2.3250000e+02;-4.4981256e-02;2.3250000e+02;-9.8857388e-02;2.3250000e+02;-1.5035519e-01;2.3250000e+02;-2.0117064e-01;2.3250000e+02;-1.0387955e-01;2.3250000e+02;-1.1779934e-01;2.3250000e+02;-1.1522678e-01;2.3250000e+02;-9.6235618e-02;2.3250000e+02;-5.8432885e-02;2.3250000e+02;-8.3308620e-04;2.3250000e+02;8.4782019e-02;2.3250000e+02;1.8146305e-01;2.3250000e+02;2.3218596e-01;2.3250000e+02;2.3481993e-01;2.3250000e+02;1.9706717e-01;2.3250000e+02;1.3328478e-01;2.3250000e+02;6.9560319e-02;2.3250000e+02;9.9836737e-03;2.3250000e+02;-4.4981256e-02;2.3250000e+02;-9.8857388e-02;2.3250000e+02;-1.5035519e-01;2.3250000e+02;-2.0117064e-01;2.3250000e+02;-1.0387955e-01;2.3250000e+02;-1.1779934e-01;2.3250000e+02;-1.1522678e-01;2.3250000e+02;-9.6235618e-02;2.3250000e+02;-5.8432885e-02;2.3250000e+02;-8.3308620e-04;2.3250000e+02;8.4782019e-02;2.3250000e+02;1.8146305e-01;2.3250000e+02;2.3218596e-01;2.3250000e+02;2.3481993e-01;2.3250000e+02;1.9706717e-01;2.3250000e+02;1.3328478e-01;2.3250000e+02;6.9560319e-02;2.3250000e+02;9.9836737e-03;2.3250000e+02;-4.4981256e-02;2.3250000e+02;-9.8857388e-02;2.3250000e+02;-1.5035519e-01;2.3250000e+02;-2.0117064e-01;2.3250000e+02;-1.0387955e-01;2.3250000e+02;-1.1779934e-01;2.3250000e+02;-1.1522678e-01;2.3250000e+02;-9.6235618e-02;2.3250000e+02;-5.8432885e-02;2.3250000e+02;-8.3308620e-04;2.3250000e+02;8.4782019e-02;2.3250000e+02;1.8146305e-01;2.3250000e+02;2.3218596e-01;2.3250000e+02;2.3481993e-01;2.3250000e+02;1.9706717e-01;2.3250000e+02;1.3328478e-01;2.3250000e+02;6.9560319e-02;2.3250000e+02;9.9836737e-03;2.3250000e+02;-4.4981256e-02;2.3250000e+02;-9.8857388e-02;2.3250000e+02;-1.5035519e-01;2.3250000e+02;-2.0117064e-01;2.3250000e+02;-1.0387955e-01;2.3250000e+02;-1.1779934e-01;2.3250000e+02;-1.1522678e-01;2.3250000e+02;-9.6235618e-02;2.3250000e+02;-5.8432885e-02;2.3250000e+02;-8.3308620e-04;2.3250000e+02;8.4782019e-02;2.3250000e+02;1.8146305e-01;2.3250000e+02;2.3218596e-01;2.3250000e+02;2.3481993e-01;2.3250000e+02;1.9706717e-01;2.3250000e+02;1.3328478e-01;2.3250000e+02;6.9560319e-02;2.3250000e+02;9.9836737e-03;2.3250000e+02;-4.4981256e-02;2.3250000e+02;-9.8857388e-02;2.3250000e+02;-1.5035519e-01;2.3250000e+02;-2.0117064e-01;2.3250000e+02;-1.0387955e-01;2.3250000e+02;-1.1779934e-01;2.3250000e+02;-1.1522678e-01;2.3250000e+02;-9.6235618e-02;2.3250000e+02;-5.8432885e-02;2.3250000e+02;-8.3308620e-04;2.3250000e+02;8.4782019e-02;2.3250000e+02;1.8146305e-01;2.3250000e+02;2.3218596e-01;2.3250000e+02;2.3481993e-01;2.3250000e+02;1.9706717e-01;2.3250000e+02;1.3328478e-01;2.3250000e+02;6.9560319e-02;2.3250000e+02;9.9836737e-03;2.3250000e+02;-4.4981256e-02;2.3250000e+02;-9.8857388e-02;2.3250000e+02;-1.5035519e-01;2.3250000e+02;-2.0117064e-01;2.3250000e+02;-1.0387955e-01;2.3250000e+02;-1.1779934e-01;2.3250000e+02;-1.1522678e-01;2.3250000e+02;-9.6235618e-02;2.3250000e+02;-5.8432885e-02;2.3250000e+02;-8.3308620e-04;2.3250000e+02;8.4782019e-02;2.3250000e+02;1.8146305e-01;2.3250000e+02;2.3218596e-01;2.3250000e+02;2.3481993e-01;2.3250000e+02;1.9706717e-01;2.3250000e+02;1.3328478e-01;2.3250000e+02;6.9560319e-02;2.3250000e+02;9.9836737e-03;2.3250000e+02;-4.4981256e-02;2.3250000e+02;-9.8857388e-02;2.3250000e+02;-1.5035519e-01;2.3250000e+02;-2.0117064e-01;2.3250000e+02;-1.0387955e-01;2.3250000e+02;-1.1779934e-01;2.3250000e+02;-1.1522678e-01;2.3250000e+02;-9.6235618e-02;2.3250000e+02;-5.8432885e-02;2.3250000e+02;-8.3308620e-04;2.3250000e+02;8.4782019e-02;2.3250000e+02;1.8146305e-01;2.3250000e+02;2.3218596e-01;2.3250000e+02;2.3481993e-01;2.3250000e+02;1.9706717e-01;2.3250000e+02;1.3328478e-01;2.3250000e+02;6.9560319e-02;2.3250000e+02;9.9836737e-03;2.3250000e+02;-4.4981256e-02;2.3250000e+02;-9.8857388e-02;2.3250000e+02;-1.5035519e-01;2.3250000e+02;-2.0117064e-01;2.3250000e+02;-1.0387955e-01;2.3250000e+02;-1.1779934e-01;2.3250000e+02;-1.1522678e-01;2.3250000e+02;-9.6235618e-02;2.3250000e+02;-5.8432885e-02;2.3250000e+02;-8.3308620e-04;2.3250000e+02;8.4782019e-02;2.3250000e+02;1.8146305e-01;2.3250000e+02;2.3218596e-01;2.3250000e+02;2.3481993e-01;2.3250000e+02;1.9706717e-01;2.3250000e+02;1.3328478e-01;2.3250000e+02;6.9560319e-02;2.3250000e+02;9.9836737e-03;2.3250000e+02;-4.4981256e-02;2.3250000e+02;-9.8857388e-02;2.3250000e+02;-1.5035519e-01;2.3250000e+02;-2.0117064e-01;2.3250000e+02;-1.0387955e-01;2.3250000e+02;-1.1779934e-01;2.3250000e+02;-1.1522678e-01;2.3250000e+02;-9.6235618e-02;2.3250000e+02;-5.8432885e-02;2.3250000e+02;-8.3308620e-04;2.3250000e+02;8.4782019e-02;2.3250000e+02;1.8146305e-01;2.3250000e+02;2.3218596e-01;2.3250000e+02;2.3481993e-01;2.3250000e+02;1.9706717e-01;2.3250000e+02;1.3328478e-01;2.3250000e+02;6.9560319e-02;2.3250000e+02;9.9836737e-03;2.3250000e+02;-4.4981256e-02;2.3250000e+02;-9.8857388e-02;2.3250000e+02;-1.5035519e-01;2.3250000e+02;-2.0117064e-01
2.3750000e+02;-1.0614167e-01;2.3750000e+02;-1.2314235e-01;2.3750000e+02;-1.2292325e-01;2.3750000e+02;-1.0418698e-01;2.3750000e+02;-6.5763354e-02;2.3750000e+02;-5.4145912e-03;2.3750000e+02;8.4816173e-02;2.3750000e+02;1.7021379e-01;2.3750000e+02;2.1260849e-01;2.3750000e+02;2.1833719e-01;2.3750000e+02;1.9144231e-01;2.3750000e+02;1.3477692e-01;2.3750000e+02;7.5566471e-02;2.3750000e+02;1.8534854e-02;2.3750000e+02;-3.5598636e-02;2.3750000e+02;-8.7139353e-02;2.3750000e+02;-1.3762324e-01;2.3750000e+02;-1.8882567e-01;2.3750000e+02;-1.0614167e-01;2.3750000e+02;-1.2314235e-01;2.3750000e+02;-1.2292325e-01;2.3750000e+02;-1.0418698e-01;2.3750000e+02;-6.5763354e-02;2.3750000e+02;-5.4145912e-03;2.3750000e+02;8.4816173e-02;2.3750000e+02;1.7021379e-01;2.3750000e+02;2.1260849e-01;2.3750000e+02;2.1833719e-01;2.3750000e+02;1.9144231e-01;2.3750000e+02;1.3477692e-01;2.3750000e+02;7.5566471e-02;2.3750000e+02;1.8534854e-02;2.3750000e+02;-3.5598636e-02;2.3750000e+02;-8.7139353e-02;2.3750000e+02;-1.3762324e-01;2.3750000e+02;-1.8882567e-01;2.3750000e+02;-1.0614167e-01;2.3750000e+02;-1.2314235e-01;2.3750000e+02;-1.2292325e-01;2.3750000e+02;-1.0418698e-01;2.3750000e+02;-6.5763354e-02;2.3750000e+02;-5.4145912e-03;2.3750000e+02;8.4816173e-02;2.3750000e+02;1.7021379e-01;2.3750000e+02;2.1260849e-01;2.3750000e+02;2.1833719e-01;2.3750000e+02;1.9144231e-01;2.3750000e+02;1.3477692e-01;2.3750000e+02;7.5566471e-02;2.3750000e+02;1.8534854e-02;2.3750000e+02;-3.5598636e-02;2.3750000e+02;-8.7139353e-02;2.3750000e+02;-1.3762324e-01;2.3750000e+02;-1.8882567e-01;2.3750000e+02;-1.0614167e-01;2.3750000e+02;-1.2314235e-01;2.3750000e+02;-1.2292325e-01;2.3750000e+02;-1.0418698e-01;2.3750000e+02;-6.5763354e-02;2.3750000e+02;-5.4145912e-03;2.3750000e+02;8.4816173e-02;2.3750000e+02;1.7021379e-01;2.3750000e+02;2.1260849e-01;2.3750000e+02;2.1833719e-01;2.3750000e+02;1.9144231e-01;2.3750000e+02;1.3477692e-01;2.3750000e+02;7.5566471e-02;2.3750000e+02;1.8534854e-02;2.3750000e+02;-3.5598636e-02;2.3750000e+02;-8.7139353e-02;2.3750000e+02;-1.3762324e-01;2.3750000e+02;-1.8882567e-01;2.3750000e+02;-1.0614167e-01;2.3750000e+02;-1.2314235e-01;2.3750000e+02;-1.2292325e-01;2.3750000e+02;-1.0418698e-01;2.3750000e+02;-6.5763354e-02;2.3750000e+02;-5.4145912e-03;2.3750000e+02;8.4816173e-02;2.3750000e+02;1.7021379e-01;2.3750000e+02;2.1260849e-01;2.3750000e+02;2.1833719e-01;2.3750000e+02;1.9144231e-01;2.3750000e+02;1.3477692e-01;2.3750000e+02;7.5566471e-02;2.3750000e+02;1.8534854e-02;2.3750000e+02;-3.5598636e-02;2.3750000e+02;-8.7139353e-02;2.3750000e+02;-1.3762324e-01;2.3750000e+02;-1.8882567e-01;2.3750000e+02;-1.0614167e-01;2.3750000e+02;-1.2314235e-01;2.3750000e+02;-1.2292325e-01;2.3750000e+02;-1.0418698e-01;2.3750000e+02;-6.5763354e-02;2.3750000e+02;-5.4145912e-03;2.3750000e+02;8.4816173e-02;2.3750000e+02;1.7021379e-01;2.3750000e+02;2.1260849e-01;2.3750000e+02;2.1833719e-01;2.3750000e+02;1.9144231e-01;2.3750000e+02;1.3477692e-01;2.3750000e+02;7.5566471e-02;2.3750000e+02;1.8534854e-02;2.3750000e+02;-3.5598636e-02;2.3750000e+02;-8.7139353e-02;2.3750000e+02;-1.3762324e-01;2.3750000e+02;-1.8882567e-01;2.3750000e+02;-1.0614167e-01;2.3750000e+02;-1.2314235e-01;2.3750000e+02;-1.2292325e-01;2.3750000e+02;-1.0418698e-01;2.3750000e+02;-6.5763354e-02;2.3750000e+02;-5.4145912e-03;2.3750000e+02;8.4816173e-02;2.3750000e+02;1.7021379e-01;2.3750000e+02;2.1260849e-01;2.3750000e+02;2.1833719e-01;2.3750000e+02;1.9144231e-01;2.3750000e+02;1.3477692e-01;2.3750000e+02;7.5566471e-02;2.3750000e+02;1.8534854e-02;2.3750000e+02;-3.5598636e-02;2.3750000e+02;-8.7139353e-02;2.3750000e+02;-1.3762324e-01;2.3750000e+02;-1.8882567e-01;2.3750000e+02;-1.0614167e-01;2.3750000e+02;-1.2314235e-01;2.3750000e+02;-1.2292325e-01;2.3750000e+02;-1.0418698e-01;2.3750000e+02;-6.5763354e-02;2.3750000e+02;-5.4145912e-03;2.3750000e+02;8.4816173e-02;2.3750000e+02;1.7021379e-01;2.3750000e+02;2.1260849e-01;2.3750000e+02;2.1833719e-01;2.3750000e+02;1.9144231e-01;2.3750000e+02;1.3477692e-01;2.3750000e+02;7.5566471e-02;2.3750000e+02;1.8534854e-02;2.3750000e+02;-3.5598636e-02;2.3750000e+02;-8.7139353e-02;2.3750000e+02;-1.3762324e-01;2.3750000e+02;-1.8882567e-01;2.3750000e+02;-1.0614167e-01;2.3750000e+02;-1.2314235e-01;2.3750000e+02;-1.2292325e-01;2.3750000e+02;-1.0418698e-01;2.3750000e+02;-6.5763354e-02;2.3750000e+02;-5.4145912e-03;2.3750000e+02;8.4816173e-02;2.3750000e+02;1.7021379e-01;2.3750000e+02;2.1260849e-01;2.3750000e+02;2.1833719e-01;2.3750000e+02;1.9144231e-01;2.3750000e+02;1.3477692e-01;2.3750000e+02;7.5566471e-02;2.3750000e+02;1.8534854e-02;2.3750000e+02;-3.5598636e-02;2.3750000e+02;-8.7139353e-02;2.3750000e+02;-1.3762324e-01;2.3750000e+02;-1.8882567e-01;2.3750000e+02;-1.0614167e-01;2.3750000e+02;-1.2314235e-01;2.3750000e+02;-1.2292325e-01;2.3750000e+02;-1.0418698e-01;2.3750000e+02;-6.5763354e-02;2.3750000e+02;-5.4145912e-03;2.3750000e+02;8.4816173e-02;2.3750000e+02;1.7021379e-01;2.3750000e+02;2.1260849e-01;2.3750000e+02;2.1833719e-01;2.3750000e+02;1.9144231e-01;2.3750000e+02;1.3477692e-01;2.3750000e+02;7.5566471e-02;2.3750000e+02;1.8534854e-02;2.3750000e+02;-3.5598636e-02;2.3750000e+02;-8.7139353e-02;2.3750000e+02;-1.3762324e-01;2.3750000e+02;-1.8882567e-01;2.3750000e+02;-1.0614167e-01;2.3750000e+02;-1.2314235e-01;2.3750000e+02;-1.2292325e-01;2.3750000e+02;-1.0418698e-01;2.3750000e+02;-6.5763354e-02;2.3750000e+02;-5.4145912e-03;2.3750000e+02;8.4816173e-02;2.3750000e+02;1.7021379e-01;2.3750000e+02;2.1260849e-01;2.3750000e+02;2.1833719e-01;2.3750000e+02;1.9144231e-01;2.3750000e+02;1.3477692e-01;2.3750000e+02;7.5566471e-02;2.3750000e+02;1.8534854e-02;2.3750000e+02;-3.5598636e-02;2.3750000e+02;-8.7139353e-02;2.3750000e+02;-1.3762324e-01;2.3750000e+02;-1.8882567e-01;2.3750000e+02;-1.0614167e-01;2.3750000e+02;-1.2314235e-01;2.3750000e+02;-1.2292325e-01;2.3750000e+02;-1.0418698e-01;2.3750000e+02;-6.5763354e-02;2.3750000e+02;-5.4145912e-03;2.3750000e+02;8.4816173e-02;2.3750000e+02;1.7021379e-01;2.3750000e+02;2.1260849e-01;2.3750000e+02;2.1833719e-01;2.3750000e+02;1.9144231e-01;2.3750000e+02;1.3477692e-01;2.3750000e+02;7.5566471e-02;2.3750000e+02;1.8534854e-02;2.3750000e+02;-3.5598636e-02;2.3750000e+02;-8.7139353e-02;2.3750000e+02;-1.3762324e-01;2.3750000e+02;-1.8882567e-01;2.3750000e+02;-1.0614167e-01;2.3750000e+02;-1.2314235e-01;2.3750000e+02;-1.2292325e-01;2.3750000e+02;-1.0418698e-01;2.3750000e+02;-6.5763354e-02;2.3750000e+02;-5.4145912e-03;2.3750000e+02;8.4816173e-02;2.3750000e+02;1.7021379e-01;2.3750000e+02;2.1260849e-01;2.3750000e+02;2.1833719e-01;2.3750000e+02;1.9144231e-01;2.3750000e+02;1.3477692e-01;2.3750000e+02;7.5566471e-02;2.3750000e+02;1.8534854e-02;2.3750000e+02;-3.5598636e-02;2.3750000e+02;-8.7139353e-02;2.3750000e+02;-1.3762324e-01;2.3750000e+02;-1.8882567e-01;2.3750000e+02;-1.0614167e-01;2.3750000e+02;-1.2314235e-01;2.3750000e+02;-1.2292325e-01;2.3750000e+02;-1.0418698e-01;2.3750000e+02;-6.5763354e-02;2.3750000e+02;-5.4145912e-03;2.3750000e+02;8.4816173e-02;2.3750000e+02;1.7021379e-01;2.3750000e+02;2.1260849e-01;2.3750000e+02;2.1833719e-01;2.3750000e+02;1.9144231e-01;2.3750000e+02;1.3477692e-01;2.3750000e+02;7.5566471e-02;2.3750000e+02;1.8534854e-02;2.3750000e+02;-3.5598636e-02;2.3750000e+02;-8.7139353e-02;2.3750000e+02;-1.3762324e-01;2.3750000e+02;-1.8882567e-01;2.3750000e+02;-1.0614167e-01;2.3750000e+02;-1.2314235e-01;2.3750000e+02;-1.2292325e-01;2.3750000e+02;-1.0418698e-01;2.3750000e+02;-6.5763354e-02;2.3750000e+02;-5.4145912e-03;2.3750000e+02;8.4816173e-02;2.3750000e+02;1.7021379e-01;2.3750000e+02;2.1260849e-01;2.3750000e+02;2.1833719e-01;2.3750000e+02;1.9144231e-01;2.3750000e+02;1.3477692e-01;2.3750000e+02;7.5566471e-02;2.3750000e+02;1.8534854e-02;2.3750000e+02;-3.5598636e-02;2.3750000e+02;-8.7139353e-02;2.3750000e+02;-1.3762324e-01;2.3750000e+02;-1.8882567e-01;2.3750000e+02;-1.0614167e-01;2.3750000e+02;-1.2314235e-01;2.3750000e+02;-1.2292325e-01;2.3750000e+02;-1.0418698e-01;2.3750000e+02;-6.5763354e-02;2.3750000e+02;-5.4145912e-03;2.3750000e+02;8.4816173e-02;2.3750000e+02;1.7021379e-01;2.3750000e+02;2.1260849e-01;2.3750000e+02;2.1833719e-01;2.3750000e+02;1.9144231e-01;2.3750000e+02;1.3477692e-01;2.3750000e+02;7.5566471e-02;2.3750000e+02;1.8534854e-02;2.3750000e+02;-3.5598636e-02;2.3750000e+02;-8.7139353e-02;2.3750000e+02;-1.3762324e-01;2.3750000e+02;-1.8882567e-01;2.3750000e+02;-1.0614167e-01;2.3750000e+02;-1.2314235e-01;2.3750000e+02;-1.2292325e-01;2.3750000e+02;-1.0418698e-01;2.3750000e+02;-6.5763354e-02;2.3750000e+02;-5.4145912e-03;2.3750000e+02;8.4816173e-02;2.3750000e+02;1.7021379e-01;2.3750000e+02;2.1260849e-01;2.3750000e+02;2.1833719e-01;2.3750000e+02;1.9144231e-01;2.3750000e+02;1.3477692e-01;2.3750000e+02;7.5566471e-02;2.3750000e+02;1.8534854e-02;2.3750000e+02;-3.5598636e-02;2.3750000e+02;-8.7139353e-02;2.3750000e+02;-1.3762324e-01;2.3750000e+02;-1.8882567e-01;2.3750000e+02;-1.0614167e-01;2.3750000e+02;-1.2314235e-01;2.3750000e+02;-1.2292325e-01;2.3750000e+02;-1.0418698e-01;2.3750000e+02;-6.5763354e-02;2.3750000e+02;-5.4145912e-03;2.3750000e+02;8.4816173e-02;2.3750000e+02;1.7021379e-01;2.3750000e+02;2.1260849e-01;2.3750000e+02;2.1833719e-01;2.3750000e+02;1.9144231e-01;2.3750000e+02;1.3477692e-01;2.3750000e+02;7.5566471e-02;2.3750000e+02;1.8534854e-02;2.3750000e+02;-3.5598636e-02;2.3750000e+02;-8.7139353e-02;2.3750000e+02;-1.3762324e-01;2.3750000e+02;-1.8882567e-01;2.3750000e+02;-1.0614167e-01;2.3750000e+02;-1.2314235e-01;2.3750000e+02;-1.2292325e-01;2.3750000e+02;-1.0418698e-01;2.3750000e+02;-6.5763354e-02;2.3750000e+02;-5.4145912e-03;2.3750000e+02;8.4816173e-02;2.3750000e+02;1.7021379e-01;2.3750000e+02;2.1260849e-01;2.3750000e+02;2.1833719e-01;2.3750000e+02;1.9144231e-01;2.3750000e+02;1.3477692e-01;2.3750000e+02;7.5566471e-02;2.3750000e+02;1.8534854e-02;2.3750000e+02;-3.5598636e-02;2.3750000e+02;-8.7139353e-02;2.3750000e+02;-1.3762324e-01;2.3750000e+02;-1.8882567e-01;2.3750000e+02;-1.0614167e-01;2.3750000e+02;-1.2314235e-01;2.3750000e+02;-1.2292325e-01;2.3750000e+02;-1.0418698e-01;2.3750000e+02;-6.5763354e-02;2.3750000e+02;-5.4145912e-03;2.3750000e+02;8.4816173e-02;2.3750000e+02;1.7021379e-01;2.3750000e+02;2.1260849e-01;2.3750000e+02;2.1833719e-01;2.3750000e+02;1.9144231e-01;2.3750000e+02;1.3477692e-01;2.3750000e+02;7.5566471e-02;2.3750000e+02;1.8534854e-02;2.3750000e+02;-3.5598636e-02;2.3750000e+02;-8.7139353e-02;2.3750000e+02;-1.3762324e-01;2.3750000e+02;-1.8882567e-01;2.3750000e+02;-1.0614167e-01;2.3750000e+02;-1.2314235e-01;2.3750000e+02;-1.2292325e-01;2.3750000e+02;-1.0418698e-01;2.3750000e+02;-6.5763354e-02;2.3750000e+02;-5.4145912e-03;2.3750000e+02;8.4816173e-02;2.3750000e+02;1.7021379e-01;2.3750000e+02;2.1260849e-01;2.3750000e+02;2.1833719e-01;2.3750000e+02;1.9144231e-01;2.3750000e+02;1.3477692e-01;2.3750000e+02;7.5566471e-02;2.3750000e+02;1.8534854e-02;2.3750000e+02;-3.5598636e-02;2.3750000e+02;-8.7139353e-02;2.3750000e+02;-1.3762324e-01;2.3750000e+02;-1.8882567e-01;2.3750000e+02;-1.0614167e-01;2.3750000e+02;-1.2314235e-01;2.3750000e+02;-1.2292325e-01;2.3750000e+02;-1.0418698e-01;2.3750000e+02;-6.5763354e-02;2.3750000e+02;-5.4145912e-03;2.3750000e+02;8.4816173e-02;2.3750000e+02;1.7021379e-01;2.3750000e+02;2.1260849e-01;2.3750000e+02;2.1833719e-01;2.3750000e+02;1.9144231e-01;2.3750000e+02;1.3477692e-01;2.3750000e+02;7.5566471e-02;2.3750000e+02;1.8534854e-02;2.3750000e+02;-3.5598636e-02;2.3750000e+02;-8.7139353e-02;2.3750000e+02;-1.3762324e-01;2.3750000e+02;-1.8882567e-01;2.3750000e+02;-1.0614167e-01;2.3750000e+02;-1.2314235e-01;2.3750000e+02;-1.2292325e-01;2.3750000e+02;-1.0418698e-01;2.3750000e+02;-6.5763354e-02;2.3750000e+02;-5.4145912e-03;2.3750000e+02;8.4816173e-02;2.3750000e+02;1.7021379e-01;2.3750000e+02;2.1260849e-01;2.3750000e+02;2.1833719e-01;2.3750000e+02;1.9144231e-01;2.3750000e+02;1.3477692e-01;2.3750000e+02;7.5566471e-02;2.3750000e+02;1.8534854e-02;2.3750000e+02;-3.5598636e-02;2.3750000e+02;-8.7139353e-02;2.3750000e+02;-1.3762324e-01;2.3750000e+02;-1.8882567e-01;2.3750000e+02;-1.0614167e-01;2.3750000e+02;-1.2314235e-01;2.3750000e+02;-1.2292325e-01;2.3750000e+02;-1.0418698e-01;2.3750000e+02;-6.5763354e-02;2.3750000e+02;-5.4145912e-03;2.3750000e+02;8.4816173e-02;2.3750000e+02;1.7021379e-01;2.3750000e+02;2.1260849e-01;2.3750000e+02;2.1833719e-01;2.3750000e+02;1.9144231e-01;2.3750000e+02;1.3477692e-01;2.3750000e+02;7.5566471e-02;2.3750000e+02;1.8534854e-02;2.3750000e+02;-3.5598636e-02;2.3750000e+02;-8.7139353e-02;2.3750000e+02;-1.3762324e-01;2.3750000e+02;-1.8882567e-01;2.3750000e+02;-1.0614167e-01;2.3750000e+02;-1.2314235e-01;2.3750000e+02;-1.2292325e-01;2.3750000e+02;-1.0418698e-01;2.3750000e+02;-6.5763354e-02;2.3750000e+02;-5.4145912e-03;2.3750000e+02;8.4816173e-02;2.3750000e+02;1.7021379e-01;2.3750000e+02;2.1260849e-01;2.3750000e+02;2.1833719e-01;2.3750000e+02;1.9144231e-01;2.3750000e+02;1.3477692e-01;2.3750000e+02;7.5566471e-02;2.3750000e+02;1.8534854e-02;2.3750000e+02;-3.5598636e-02;2.3750000e+02;-8.7139353e-02;2.3750000e+02;-1.3762324e-01;2.3750000e+02;-1.8882567e-01;2.3750000e+02;-1.0614167e-01;2.3750000e+02;-1.2314235e-01;2.3750000e+02;-1.2292325e-01;2.3750000e+02;-1.0418698e-01;2.3750000e+02;-6.5763354e-02;2.3750000e+02;-5.4145912e-03;2.3750000e+02;8.4816173e-02;2.3750000e+02;1.7021379e-01;2.3750000e+02;2.1260849e-01;2.3750000e+02;2.1833719e-01;2.3750000e+02;1.9144231e-01;2.3750000e+02;1.3477692e-01;2.3750000e+02;7.5566471e-02;2.3750000e+02;1.8534854e-02;2.3750000e+02;-3.5598636e-02;2.3750000e+02;-8.7139353e-02;2.3750000e+02;-1.3762324e-01;2.3750000e+02;-1.8882567e-01;2.3750000e+02;-1.0614167e-01;2.3750000e+02;-1.2314235e-01;2.3750000e+02;-1.2292325e-01;2.3750000e+02;-1.0418698e-01;2.3750000e+02;-6.5763354e-02;2.3750000e+02;-5.4145912e-03;2.3750000e+02;8.4816173e-02;2.3750000e+02;1.7021379e-01;2.3750000e+02;2.1260849e-01;2.3750000e+02;2.1833719e-01;2.3750000e+02;1.9144231e-01;2.3750000e+02;1.3477692e-01;2.3750000e+02;7.5566471e-02;2.3750000e+02;1.8534854e-02;2.3750000e+02;-3.5598636e-02;2.3750000e+02;-8.7139353e-02;2.3750000e+02;-1.3762324e-01;2.3750000e+02;-1.8882567e-01;2.3750000e+02;-1.0614167e-01;2.3750000e+02;-1.2314235e-01;2.3750000e+02;-1.2292325e-01;2.3750000e+02;-1.0418698e-01;2.3750000e+02;-6.5763354e-02;2.3750000e+02;-5.4145912e-03;2.3750000e+02;8.4816173e-02;2.3750000e+02;1.7021379e-01;2.3750000e+02;2.1260849e-01;2.3750000e+02;2.1833719e-01;2.3750000e+02;1.9144231e-01;2.3750000e+02;1.3477692e-01;2.3750000e+02;7.5566471e-02;2.3750000e+02;1.8534854e-02;2.3750000e+02;-3.5598636e-02;2.3750000e+02;-8.7139353e-02;2.3750000e+02;-1.3762324e-01;2.3750000e+02;-1.8882567e-01;2.3750000e+02;-1.0614167e-01;2.3750000e+02;-1.2314235e-01;2.3750000e+02;-1.2292325e-01;2.3750000e+02;-1.0418698e-01;2.3750000e+02;-6.5763354e-02;2.3750000e+02;-5.4145912e-03;2.3750000e+02;8.4816173e-02;2.3750000e+02;1.7021379e-01;2.3750000e+02;2.1260849e-01;2.3750000e+02;2.1833719e-01;2.3750000e+02;1.9144231e-01;2.3750000e+02;1.3477692e-01;2.3750000e+02;7.5566471e-02;2.3750000e+02;1.8534854e-02;2.3750000e+02;-3.5598636e-02;2.3750000e+02;-8.7139353e-02;2.3750000e+02;-1.3762324e-01;2.3750000e+02;-1.8882567e-01;2.3750000e+02;-1.0614167e-01;2.3750000e+02;-1.2314235e-01;2.3750000e+02;-1.2292325e-01;2.3750000e+02;-1.0418698e-01;2.3750000e+02;-6.5763354e-02;2.3750000e+02;-5.4145912e-03;2.3750000e+02;8.4816173e-02;2.3750000e+02;1.7021379e-01;2.3750000e+02;2.1260849e-01;2.3750000e+02;2.1833719e-01;2.3750000e+02;1.9144231e-01;2.3750000e+02;1.3477692e-01;2.3750000e+02;7.5566471e-02;2.3750000e+02;1.8534854e-02;2.3750000e+02;-3.5598636e-02;2.3750000e+02;-8.7139353e-02;2.3750000e+02;-1.3762324e-01;2.3750000e+02;-1.8882567e-01;2.3750000e+02;-1.0614167e-01;2.3750000e+02;-1.2314235e-01;2.3750000e+02;-1.2292325e-01;2.3750000e+02;-1.0418698e-01;2.3750000e+02;-6.5763354e-02;2.3750000e+02;-5.4145912e-03;2.3750000e+02;8.4816173e-02;2.3750000e+02;1.7021379e-01;2.3750000e+02;2.1260849e-01;2.3750000e+02;2.1833719e-01;2.3750000e+02;1.9144231e-01;2.3750000e+02;1.3477692e-01;2.3750000e+02;7.5566471e-02;2.3750000e+02;1.8534854e-02;2.3750000e+02;-3.5598636e-02;2.3750000e+02;-8.7139353e-02;2.3750000e+02;-1.3762324e-01;2.3750000e+02;-1.8882567e-01;2.3750000e+02;-1.0614167e-01;2.3750000e+02;-1.2314235e-01;2.3750000e+02;-1.2292325e-01;2.3750000e+02;-1.0418698e-01;2.3750000e+02;-6.5763354e-02;2.3750000e+02;-5.4145912e-03;2.3750000e+02;8.4816173e-02;2.3750000e+02;1.7021379e-01;2.3750000e+02;2.1260849e-01;2.3750000e+02;2.1833719e-01;2.3750000e+02;1.9144231e-01;2.3750000e+02;1.3477692e-01;2.3750000e+02;7.5566471e-02;2.3750000e+02;1.8534854e-02;2.3750000e+02;-3.5598636e-02;2.3750000e+02;-8.7139353e-02;2.3750000e+02;-1.3762324e-01;2.3750000e+02;-1.8882567e-01;2.3750000e+02;-1.0614167e-01;2.3750000e+02;-1.2314235e-01;2.3750000e+02;-1.2292325e-01;2.3750000e+02;-1.0418698e-01;2.3750000e+02;-6.5763354e-02;2.3750000e+02;-5.4145912e-03;2.3750000e+02;8.4816173e-02;2.3750000e+02;1.7021379e-01;2.3750000e+02;2.1260849e-01;2.3750000e+02;2.1833719e-01;2.3750000e+02;1.9144231e-01;2.3750000e+02;1.3477692e-01;2.3750000e+02;7.5566471e-02;2.3750000e+02;1.8534854e-02;2.3750000e+02;-3.5598636e-02;2.3750000e+02;-8.7139353e-02;2.3750000e+02;-1.3762324e-01;2.3750000e+02;-1.8882567e-01;2.3750000e+02;-1.0614167e-01;2.3750000e+02;-1.2314235e-01;2.3750000e+02;-1.2292325e-01;2.3750000e+02;-1.0418698e-01;2.3750000e+02;-6.5763354e-02;2.3750000e+02;-5.4145912e-03;2.3750000e+02;8.4816173e-02;2.3750000e+02;1.7021379e-01;2.3750000e+02;2.1260849e-01;2.3750000e+02;2.1833719e-01;2.3750000e+02;1.9144231e-01;2.3750000e+02;1.3477692e-01;2.3750000e+02;7.5566471e-02;2.3750000e+02;1.8534854e-02;2.3750000e+02;-3.5598636e-02;2.3750000e+02;-8.7139353e-02;2.3750000e+02;-1.3762324e-01;2.3750000e+02;-1.8882567e-01;2.3750000e+02;-1.0614167e-01;2.3750000e+02;-1.2314235e-01;2.3750000e+02;-1.2292325e-01;2.3750000e+02;-1.0418698e-01;2.3750000e+02;-6.5763354e-02;2.3750000e+02;-5.4145912e-03;2.3750000e+02;8.4816173e-02;2.3750000e+02;1.7021379e-01;2.3750000e+02;2.1260849e-01;2.3750000e+02;2.1833719e-01;2.3750000e+02;1.9144231e-01;2.3750000e+02;1.3477692e-01;2.3750000e+02;7.5566471e-02;2.3750000e+02;1.8534854e-02;2.3750000e+02;-3.5598636e-02;2.3750000e+02;-8.7139353e-02;2.3750000e+02;-1.3762324e-01;2.3750000e+02;-1.8882567e-01;2.3750000e+02;-1.0614167e-01;2.3750000e+02;-1.2314235e-01;2.3750000e+02;-1.2292325e-01;2.3750000e+02;-1.0418698e-01;2.3750000e+02;-6.5763354e-02;2.3750000e+02;-5.4145912e-03;2.3750000e+02;8.4816173e-02;2.3750000e+02;1.7021379e-01;2.3750000e+02;2.1260849e-01;2.3750000e+02;2.1833719e-01;2.3750000e+02;1.9144231e-01;2.3750000e+02;1.3477692e-01;2.3750000e+02;7.5566471e-02;2.3750000e+02;1.8534854e-02;2.3750000e+02;-3.5598636e-02;2.3750000e+02;-8.7139353e-02;2.3750000e+02;-1.3762324e-01;2.3750000e+02;-1.8882567e-01;2.3750000e+02;-1.0614167e-01;2.3750000e+02;-1.2314235e-01;2.3750000e+02;-1.2292325e-01;2.3750000e+02;-1.0418698e-01;2.3750000e+02;-6.5763354e-02;2.3750000e+02;-5.4145912e-03;2.3750000e+02;8.4816173e-02;2.3750000e+02;1.7021379e-01;2.3750000e+02;2.1260849e-01;2.3750000e+02;2.1833719e-01;2.3750000e+02;1.9144231e-01;2.3750000e+02;1.3477692e-01;2.3750000e+02;7.5566471e-02;2.3750000e+02;1.8534854e-02;2.3750000e+02;-3.5598636e-02;2.3750000e+02;-8.7139353e-02;2.3750000e+02;-1.3762324e-01;2.3750000e+02;-1.8882567e-01;2.3750000e+02;-1.0614167e-01;2.3750000e+02;-1.2314235e-01;2.3750000e+02;-1.2292325e-01;2.3750000e+02;-1.0418698e-01;2.3750000e+02;-6.5763354e-02;2.3750000e+02;-5.4145912e-03;2.3750000e+02;8.4816173e-02;2.3750000e+02;1.7021379e-01;2.3750000e+02;2.1260849e-01;2.3750000e+02;2.1833719e-01;2.3750000e+02;1.9144231e-01;2.3750000e+02;1.3477692e-01;2.3750000e+02;7.5566471e-02;2.3750000e+02;1.8534854e-02;2.3750000e+02;-3.5598636e-02;2.3750000e+02;-8.7139353e-02;2.3750000e+02;-1.3762324e-01;2.3750000e+02;-1.8882567e-01;2.3750000e+02;-1.0614167e-01;2.3750000e+02;-1.2314235e-01;2.3750000e+02;-1.2292325e-01;2.3750000e+02;-1.0418698e-01;2.3750000e+02;-6.5763354e-02;2.3750000e+02;-5.4145912e-03;2.3750000e+02;8.4816173e-02;2.3750000e+02;1.7021379e-01;2.3750000e+02;2.1260849e-01;2.3750000e+02;2.1833719e-01;2.3750000e+02;1.9144231e-01;2.3750000e+02;1.3477692e-01;2.3750000e+02;7.5566471e-02;2.3750000e+02;1.8534854e-02;2.3750000e+02;-3.5598636e-02;2.3750000e+02;-8.7139353e-02;2.3750000e+02;-1.3762324e-01;2.3750000e+02;-1.8882567e-01;2.3750000e+02;-1.0614167e-01;2.3750000e+02;-1.2314235e-01;2.3750000e+02;-1.2292325e-01;2.3750000e+02;-1.0418698e-01;2.3750000e+02;-6.5763354e-02;2.3750000e+02;-5.4145912e-03;2.3750000e+02;8.4816173e-02;2.3750000e+02;1.7021379e-01;2.3750000e+02;2.1260849e-01;2.3750000e+02;2.1833719e-01;2.3750000e+02;1.9144231e-01;2.3750000e+02;1.3477692e-01;2.3750000e+02;7.5566471e-02;2.3750000e+02;1.8534854e-02;2.3750000e+02;-3.5598636e-02;2.3750000e+02;-8.7139353e-02;2.3750000e+02;-1.3762324e-01;2.3750000e+02;-1.8882567e-01;2.3750000e+02;-1.0614167e-01;2.3750000e+02;-1.2314235e-01;2.3750000e+02;-1.2292325e-01;2.3750000e+02;-1.0418698e-01;2.3750000e+02;-6.5763354e-02;2.3750000e+02;-5.4145912e-03;2.3750000e+02;8.4816173e-02;2.3750000e+02;1.7021379e-01;2.3750000e+02;2.1260849e-01;2.3750000e+02;2.1833719e-01;2.3750000e+02;1.9144231e-01;2.3750000e+02;1.3477692e-01;2.3750000e+02;7.5566471e-02;2.3750000e+02;1.8534854e-02;2.3750000e+02;-3.5598636e-02;2.3750000e+02;-8.7139353e-02;2.3750000e+02;-1.3762324e-01;2.3750000e+02;-1.8882567e-01;2.3750000e+02;-1.0614167e-01;2.3750000e+02;-1.2314235e-01;2.3750000e+02;-1.2292325e-01;2.3750000e+02;-1.0418698e-01;2.3750000e+02;-6.5763354e-02;2.3750000e+02;-5.4145912e-03;2.3750000e+02;8.4816173e-02;2.3750000e+02;1.7021379e-01;2.3750000e+02;2.1260849e-01;2.3750000e+02;2.1833719e-01;2.3750000e+02;1.9144231e-01;2.3750000e+02;1.3477692e-01;2.3750000e+02;7.5566471e-02;2.3750000e+02;1.8534854e-02;2.3750000e+02;-3.5598636e-02;2.3750000e+02;-8.7139353e-02;2.3750000e+02;-1.3762324e-01;2.3750000e+02;-1.8882567e-01;2.3750000e+02;-1.0614167e-01;2.3750000e+02;-1.2314235e-01;2.3750000e+02;-1.2292325e-01;2.3750000e+02;-1.0418698e-01;2.3750000e+02;-6.5763354e-02;2.3750000e+02;-5.4145912e-03;2.3750000e+02;8.4816173e-02;2.3750000e+02;1.7021379e-01;2.3750000e+02;2.1260849e-01;2.3750000e+02;2.1833719e-01;2.3750000e+02;1.9144231e-01;2.3750000e+02;1.3477692e-01;2.3750000e+02;7.5566471e-02;2.3750000e+02;1.8534854e-02;2.3750000e+02;-3.5598636e-02;2.3750000e+02;-8.7139353e-02;2.3750000e+02;-1.3762324e-01;2.3750000e+02;-1.8882567e-01;2.3750000e+02;-1.0614167e-01;2.3750000e+02;-1.2314235e-01;2.3750000e+02;-1.2292325e-01;2.3750000e+02;-1.0418698e-01;2.3750000e+02;-6.5763354e-02;2.3750000e+02;-5.4145912e-03;2.3750000e+02;8.4816173e-02;2.3750000e+02;1.7021379e-01;2.3750000e+02;2.1260849e-01;2.3750000e+02;2.1833719e-01;2.3750000e+02;1.9144231e-01;2.3750000e+02;1.3477692e-01;2.3750000e+02;7.5566471e-02;2.3750000e+02;1.8534854e-02;2.3750000e+02;-3.5598636e-02;2.3750000e+02;-8.7139353e-02;2.3750000e+02;-1.3762324e-01;2.3750000e+02;-1.8882567e-01;2.3750000e+02;-1.0614167e-01;2.3750000e+02;-1.2314235e-01;2.3750000e+02;-1.2292325e-01;2.3750000e+02;-1.0418698e-01;2.3750000e+02;-6.5763354e-02;2.3750000e+02;-5.4145912e-03;2.3750000e+02;8.4816173e-02;2.3750000e+02;1.7021379e-01;2.3750000e+02;2.1260849e-01;2.3750000e+02;2.1833719e-01;2.3750000e+02;1.9144231e-01;2.3750000e+02;1.3477692e-01;2.3750000e+02;7.5566471e-02;2.3750000e+02;1.8534854e-02;2.3750000e+02;-3.5598636e-02;2.3750000e+02;-8.7139353e-02;2.3750000e+02;-1.3762324e-01;2.3750000e+02;-1.8882567e-01;2.3750000e+02;-1.0614167e-01;2.3750000e+02;-1.2314235e-01;2.3750000e+02;-1.2292325e-01;2.3750000e+02;-1.0418698e-01;2.3750000e+02;-6.5763354e-02;2.3750000e+02;-5.4145912e-03;2.3750000e+02;8.4816173e-02;2.3750000e+02;1.7021379e-01;2.3750000e+02;2.1260849e-01;2.3750000e+02;2.1833719e-01;2.3750000e+02;1.9144231e-01;2.3750000e+02;1.3477692e-01;2.3750000e+02;7.5566471e-02;2.3750000e+02;1.8534854e-02;2.3750000e+02;-3.5598636e-02;2.3750000e+02;-8.7139353e-02;2.3750000e+02;-1.3762324e-01;2.3750000e+02;-1.8882567e-01;2.3750000e+02;-1.0614167e-01;2.3750000e+02;-1.2314235e-01;2.3750000e+02;-1.2292325e-01;2.3750000e+02;-1.0418698e-01;2.3750000e+02;-6.5763354e-02;2.3750000e+02;-5.4145912e-03;2.3750000e+02;8.4816173e-02;2.3750000e+02;1.7021379e-01;2.3750000e+02;2.1260849e-01;2.3750000e+02;2.1833719e-01;2.3750000e+02;1.9144231e-01;2.3750000e+02;1.3477692e-01;2.3750000e+02;7.5566471e-02;2.3750000e+02;1.8534854e-02;2.3750000e+02;-3.5598636e-02;2.3750000e+02;-8.7139353e-02;2.3750000e+02;-1.3762324e-01;2.3750000e+02;-1.8882567e-01;2.3750000e+02;-1.0614167e-01;2.3750000e+02;-1.2314235e-01;2.3750000e+02;-1.2292325e-01;2.3750000e+02;-1.0418698e-01;2.3750000e+02;-6.5763354e-02;2.3750000e+02;-5.4145912e-03;2.3750000e+02;8.4816173e-02;2.3750000e+02;1.7021379e-01;2.3750000e+02;2.1260849e-01;2.3750000e+02;2.1833719e-01;2.3750000e+02;1.9144231e-01;2.3750000e+02;1.3477692e-01;2.3750000e+02;7.5566471e-02;2.3750000e+02;1.8534854e-02;2.3750000e+02;-3.5598636e-02;2.3750000e+02;-8.7139353e-02;2.3750000e+02;-1.3762324e-01;2.3750000e+02;-1.8882567e-01;2.3750000e+02;-1.0614167e-01;2.3750000e+02;-1.2314235e-01;2.3750000e+02;-1.2292325e-01;2.3750000e+02;-1.0418698e-01;2.3750000e+02;-6.5763354e-02;2.3750000e+02;-5.4145912e-03;2.3750000e+02;8.4816173e-02;2.3750000e+02;1.7021379e-01;2.3750000e+02;2.1260849e-01;2.3750000e+02;2.1833719e-01;2.3750000e+02;1.9144231e-01;2.3750000e+02;1.3477692e-01;2.3750000e+02;7.5566471e-02;2.3750000e+02;1.8534854e-02;2.3750000e+02;-3.5598636e-02;2.3750000e+02;-8.7139353e-02;2.3750000e+02;-1.3762324e-01;2.3750000e+02;-1.8882567e-01;2.3750000e+02;-1.0614167e-01;2.3750000e+02;-1.2314235e-01;2.3750000e+02;-1.2292325e-01;2.3750000e+02;-1.0418698e-01;2.3750000e+02;-6.5763354e-02;2.3750000e+02;-5.4145912e-03;2.3750000e+02;8.4816173e-02;2.3750000e+02;1.7021379e-01;2.3750000e+02;2.1260849e-01;2.3750000e+02;2.1833719e-01;2.3750000e+02;1.9144231e-01;2.3750000e+02;1.3477692e-01;2.3750000e+02;7.5566471e-02;2.3750000e+02;1.8534854e-02;2.3750000e+02;-3.5598636e-02;2.3750000e+02;-8.7139353e-02;2.3750000e+02;-1.3762324e-01;2.3750000e+02;-1.8882567e-01;2.3750000e+02;-1.0614167e-01;2.3750000e+02;-1.2314235e-01;2.3750000e+02;-1.2292325e-01;2.3750000e+02;-1.0418698e-01;2.3750000e+02;-6.5763354e-02;2.3750000e+02;-5.4145912e-03;2.3750000e+02;8.4816173e-02;2.3750000e+02;1.7021379e-01;2.3750000e+02;2.1260849e-01;2.3750000e+02;2.1833719e-01;2.3750000e+02;1.9144231e-01;2.3750000e+02;1.3477692e-01;2.3750000e+02;7.5566471e-02;2.3750000e+02;1.8534854e-02;2.3750000e+02;-3.5598636e-02;2.3750000e+02;-8.7139353e-02;2.3750000e+02;-1.3762324e-01;2.3750000e+02;-1.8882567e-01;2.3750000e+02;-1.0614167e-01;2.3750000e+02;-1.2314235e-01;2.3750000e+02;-1.2292325e-01;2.3750000e+02;-1.0418698e-01;2.3750000e+02;-6.5763354e-02;2.3750000e+02;-5.4145912e-03;2.3750000e+02;8.4816173e-02;2.3750000e+02;1.7021379e-01;2.3750000e+02;2.1260849e-01;2.3750000e+02;2.1833719e-01;2.3750000e+02;1.9144231e-01;2.3750000e+02;1.3477692e-01;2.3750000e+02;7.5566471e-02;2.3750000e+02;1.8534854e-02;2.3750000e+02;-3.5598636e-02;2.3750000e+02;-8.7139353e-02;2.3750000e+02;-1.3762324e-01;2.3750000e+02;-1.8882567e-01;2.3750000e+02;-1.0614167e-01;2.3750000e+02;-1.2314235e-01;2.3750000e+02;-1.2292325e-01;2.3750000e+02;-1.0418698e-01;2.3750000e+02;-6.5763354e-02;2.3750000e+02;-5.4145912e-03;2.3750000e+02;8.4816173e-02;2.3750000e+02;1.7021379e-01;2.3750000e+02;2.1260849e-01;2.3750000e+02;2.1833719e-01;2.3750000e+02;1.9144231e-01;2.3750000e+02;1.3477692e-01;2.3750000e+02;7.5566471e-02;2.3750000e+02;1.8534854e-02;2.3750000e+02;-3.5598636e-02;2.3750000e+02;-8.7139353e-02;2.3750000e+02;-1.3762324e-01;2.3750000e+02;-1.8882567e-01;2.3750000e+02;-1.0614167e-01;2.3750000e+02;-1.2314235e-01;2.3750000e+02;-1.2292325e-01;2.3750000e+02;-1.0418698e-01;2.3750000e+02;-6.5763354e-02;2.3750000e+02;-5.4145912e-03;2.3750000e+02;8.4816173e-02;2.3750000e+02;1.7021379e-01;2.3750000e+02;2.1260849e-01;2.3750000e+02;2.1833719e-01;2.3750000e+02;1.9144231e-01;2.3750000e+02;1.3477692e-01;2.3750000e+02;7.5566471e-02;2.3750000e+02;1.8534854e-02;2.3750000e+02;-3.5598636e-02;2.3750000e+02;-8.7139353e-02;2.3750000e+02;-1.3762324e-01;2.3750000e+02;-1.8882567e-01;2.3750000e+02;-1.0614167e-01;2.3750000e+02;-1.2314235e-01;2.3750000e+02;-1.2292325e-01;2.3750000e+02;-1.0418698e-01;2.3750000e+02;-6.5763354e-02;2.3750000e+02;-5.4145912e-03;2.3750000e+02;8.4816173e-02;2.3750000e+02;1.7021379e-01;2.3750000e+02;2.1260849e-01;2.3750000e+02;2.1833719e-01;2.3750000e+02;1.9144231e-01;2.3750000e+02;1.3477692e-01;2.3750000e+02;7.5566471e-02;2.3750000e+02;1.8534854e-02;2.3750000e+02;-3.5598636e-02;2.3750000e+02;-8.7139353e-02;2.3750000e+02;-1.3762324e-01;2.3750000e+02;-1.8882567e-01;2.3750000e+02;-1.0614167e-01;2.3750000e+02;-1.2314235e-01;2.3750000e+02;-1.2292325e-01;2.3750000e+02;-1.0418698e-01;2.3750000e+02;-6.5763354e-02;2.3750000e+02;-5.4145912e-03;2.3750000e+02;8.4816173e-02;2.3750000e+02;1.7021379e-01;2.3750000e+02;2.1260849e-01;2.3750000e+02;2.1833719e-01;2.3750000e+02;1.9144231e-01;2.3750000e+02;1.3477692e-01;2.3750000e+02;7.5566471e-02;2.3750000e+02;1.8534854e-02;2.3750000e+02;-3.5598636e-02;2.3750000e+02;-8.7139353e-02;2.3750000e+02;-1.3762324e-01;2.3750000e+02;-1.8882567e-01;2.3750000e+02;-1.0614167e-01;2.3750000e+02;-1.2314235e-01;2.3750000e+02;-1.2292325e-01;2.3750000e+02;-1.0418698e-01;2.3750000e+02;-6.5763354e-02;2.3750000e+02;-5.4145912e-03;2.3750000e+02;8.4816173e-02;2.3750000e+02;1.7021379e-01;2.3750000e+02;2.1260849e-01;2.3750000e+02;2.1833719e-01;2.3750000e+02;1.9144231e-01;2.3750000e+02;1.3477692e-01;2.3750000e+02;7.5566471e-02;2.3750000e+02;1.8534854e-02;2.3750000e+02;-3.5598636e-02;2.3750000e+02;-8.7139353e-02;2.3750000e+02;-1.3762324e-01;2.3750000e+02;-1.8882567e-01;2.3750000e+02;-1.0614167e-01;2.3750000e+02;-1.2314235e-01;2.3750000e+02;-1.2292325e-01;2.3750000e+02;-1.0418698e-01;2.3750000e+02;-6.5763354e-02;2.3750000e+02;-5.4145912e-03;2.3750000e+02;8.4816173e-02;2.3750000e+02;1.7021379e-01;2.3750000e+02;2.1260849e-01;2.3750000e+02;2.1833719e-01;2.3750000e+02;1.9144231e-01;2.3750000e+02;1.3477692e-01;2.3750000e+02;7.5566471e-02;2.3750000e+02;1.8534854e-02;2.3750000e+02;-3.5598636e-02;2.3750000e+02;-8.7139353e-02;2.3750000e+02;-1.3762324e-01;2.3750000e+02;-1.8882567e-01;2.3750000e+02;-1.0614167e-01;2.3750000e+02;-1.2314235e-01;2.3750000e+02;-1.2292325e-01;2.3750000e+02;-1.0418698e-01;2.3750000e+02;-6.5763354e-02;2.3750000e+02;-5.4145912e-03;2.3750000e+02;8.4816173e-02;2.3750000e+02;1.7021379e-01;2.3750000e+02;2.1260849e-01;2.3750000e+02;2.1833719e-01;2.3750000e+02;1.9144231e-01;2.3750000e+02;1.3477692e-01;2.3750000e+02;7.5566471e-02;2.3750000e+02;1.8534854e-02;2.3750000e+02;-3.5598636e-02;2.3750000e+02;-8.7139353e-02;2.3750000e+02;-1.3762324e-01;2.3750000e+02;-1.8882567e-01;2.3750000e+02;-1.0614167e-01;2.3750000e+02;-1.2314235e-01;2.3750000e+02;-1.2292325e-01;2.3750000e+02;-1.0418698e-01;2.3750000e+02;-6.5763354e-02;2.3750000e+02;-5.4145912e-03;2.3750000e+02;8.4816173e-02;2.3750000e+02;1.7021379e-01;2.3750000e+02;2.1260849e-01;2.3750000e+02;2.1833719e-01;2.3750000e+02;1.9144231e-01;2.3750000e+02;1.3477692e-01;2.3750000e+02;7.5566471e-02;2.3750000e+02;1.8534854e-02;2.3750000e+02;-3.5598636e-02;2.3750000e+02;-8.7139353e-02;2.3750000e+02;-1.3762324e-01;2.3750000e+02;-1.8882567e-01;2.3750000e+02;-1.0614167e-01;2.3750000e+02;-1.2314235e-01;2.3750000e+02;-1.2292325e-01;2.3750000e+02;-1.0418698e-01;2.3750000e+02;-6.5763354e-02;2.3750000e+02;-5.4145912e-03;2.3750000e+02;8.4816173e-02;2.3750000e+02;1.7021379e-01;2.3750000e+02;2.1260849e-01;2.3750000e+02;2.1833719e-01;2.3750000e+02;1.9144231e-01;2.3750000e+02;1.3477692e-01;2.3750000e+02;7.5566471e-02;2.3750000e+02;1.8534854e-02;2.3750000e+02;-3.5598636e-02;2.3750000e+02;-8.7139353e-02;2.3750000e+02;-1.3762324e-01;2.3750000e+02;-1.8882567e-01;2.3750000e+02;-1.0614167e-01;2.3750000e+02;-1.2314235e-01;2.3750000e+02;-1.2292325e-01;2.3750000e+02;-1.0418698e-01;2.3750000e+02;-6.5763354e-02;2.3750000e+02;-5.4145912e-03;2.3750000e+02;8.4816173e-02;2.3750000e+02;1.7021379e-01;2.3750000e+02;2.1260849e-01;2.3750000e+02;2.1833719e-01;2.3750000e+02;1.9144231e-01;2.3750000e+02;1.3477692e-01;2.3750000e+02;7.5566471e-02;2.3750000e+02;1.8534854e-02;2.3750000e+02;-3.5598636e-02;2.3750000e+02;-8.7139353e-02;2.3750000e+02;-1.3762324e-01;2.3750000e+02;-1.8882567e-01;2.3750000e+02;-1.0614167e-01;2.3750000e+02;-1.2314235e-01;2.3750000e+02;-1.2292325e-01;2.3750000e+02;-1.0418698e-01;2.3750000e+02;-6.5763354e-02;2.3750000e+02;-5.4145912e-03;2.3750000e+02;8.4816173e-02;2.3750000e+02;1.7021379e-01;2.3750000e+02;2.1260849e-01;2.3750000e+02;2.1833719e-01;2.3750000e+02;1.9144231e-01;2.3750000e+02;1.3477692e-01;2.3750000e+02;7.5566471e-02;2.3750000e+02;1.8534854e-02;2.3750000e+02;-3.5598636e-02;2.3750000e+02;-8.7139353e-02;2.3750000e+02;-1.3762324e-01;2.3750000e+02;-1.8882567e-01;2.3750000e+02;-1.0614167e-01;2.3750000e+02;-1.2314235e-01;2.3750000e+02;-1.2292325e-01;2.3750000e+02;-1.0418698e-01;2.3750000e+02;-6.5763354e-02;2.3750000e+02;-5.4145912e-03;2.3750000e+02;8.4816173e-02;2.3750000e+02;1.7021379e-01;2.3750000e+02;2.1260849e-01;2.3750000e+02;2.1833719e-01;2.3750000e+02;1.9144231e-01;2.3750000e+02;1.3477692e-01;2.3750000e+02;7.5566471e-02;2.3750000e+02;1.8534854e-02;2.3750000e+02;-3.5598636e-02;2.3750000e+02;-8.7139353e-02;2.3750000e+02;-1.3762324e-01;2.3750000e+02;-1.8882567e-01;2.3750000e+02;-1.0614167e-01;2.3750000e+02;-1.2314235e-01;2.3750000e+02;-1.2292325e-01;2.3750000e+02;-1.0418698e-01;2.3750000e+02;-6.5763354e-02;2.3750000e+02;-5.4145912e-03;2.3750000e+02;8.4816173e-02;2.3750000e+02;1.7021379e-01;2.3750000e+02;2.1260849e-01;2.3750000e+02;2.1833719e-01;2.3750000e+02;1.9144231e-01;2.3750000e+02;1.3477692e-01;2.3750000e+02;7.5566471e-02;2.3750000e+02;1.8534854e-02;2.3750000e+02;-3.5598636e-02;2.3750000e+02;-8.7139353e-02;2.3750000e+02;-1.3762324e-01;2.3750000e+02;-1.8882567e-01;2.3750000e+02;-1.0614167e-01;2.3750000e+02;-1.2314235e-01;2.3750000e+02;-1.2292325e-01;2.3750000e+02;-1.0418698e-01;2.3750000e+02;-6.5763354e-02;2.3750000e+02;-5.4145912e-03;2.3750000e+02;8.4816173e-02;2.3750000e+02;1.7021379e-01;2.3750000e+02;2.1260849e-01;2.3750000e+02;2.1833719e-01;2.3750000e+02;1.9144231e-01;2.3750000e+02;1.3477692e-01;2.3750000e+02;7.5566471e-02;2.3750000e+02;1.8534854e-02;2.3750000e+02;-3.5598636e-02;2.3750000e+02;-8.7139353e-02;2.3750000e+02;-1.3762324e-01;2.3750000e+02;-1.8882567e-01;2.3750000e+02;-1.0614167e-01;2.3750000e+02;-1.2314235e-01;2.3750000e+02;-1.2292325e-01;2.3750000e+02;-1.0418698e-01;2.3750000e+02;-6.5763354e-02;2.3750000e+02;-5.4145912e-03;2.3750000e+02;8.4816173e-02;2.3750000e+02;1.7021379e-01;2.3750000e+02;2.1260849e-01;2.3750000e+02;2.1833719e-01;2.3750000e+02;1.9144231e-01;2.3750000e+02;1.3477692e-01;2.3750000e+02;7.5566471e-02;2.3750000e+02;1.8534854e-02;2.3750000e+02;-3.5598636e-02;2.3750000e+02;-8.7139353e-02;2.3750000e+02;-1.3762324e-01;2.3750000e+02;-1.8882567e-01;2.3750000e+02;-1.0614167e-01;2.3750000e+02;-1.2314235e-01;2.3750000e+02;-1.2292325e-01;2.3750000e+02;-1.0418698e-01;2.3750000e+02;-6.5763354e-02;2.3750000e+02;-5.4145912e-03;2.3750000e+02;8.4816173e-02;2.3750000e+02;1.7021379e-01;2.3750000e+02;2.1260849e-01;2.3750000e+02;2.1833719e-01;2.3750000e+02;1.9144231e-01;2.3750000e+02;1.3477692e-01;2.3750000e+02;7.5566471e-02;2.3750000e+02;1.8534854e-02;2.3750000e+02;-3.5598636e-02;2.3750000e+02;-8.7139353e-02;2.3750000e+02;-1.3762324e-01;2.3750000e+02;-1.8882567e-01;2.3750000e+02;-1.0614167e-01;2.3750000e+02;-1.2314235e-01;2.3750000e+02;-1.2292325e-01;2.3750000e+02;-1.0418698e-01;2.3750000e+02;-6.5763354e-02;2.3750000e+02;-5.4145912e-03;2.3750000e+02;8.4816173e-02;2.3750000e+02;1.7021379e-01;2.3750000e+02;2.1260849e-01;2.3750000e+02;2.1833719e-01;2.3750000e+02;1.9144231e-01;2.3750000e+02;1.3477692e-01;2.3750000e+02;7.5566471e-02;2.3750000e+02;1.8534854e-02;2.3750000e+02;-3.5598636e-02;2.3750000e+02;-8.7139353e-02;2.3750000e+02;-1.3762324e-01;2.3750000e+02;-1.8882567e-01;2.3750000e+02;-1.0614167e-01;2.3750000e+02;-1.2314235e-01;2.3750000e+02;-1.2292325e-01;2.3750000e+02;-1.0418698e-01;2.3750000e+02;-6.5763354e-02;2.3750000e+02;-5.4145912e-03;2.3750000e+02;8.4816173e-02;2.3750000e+02;1.7021379e-01;2.3750000e+02;2.1260849e-01;2.3750000e+02;2.1833719e-01;2.3750000e+02;1.9144231e-01;2.3750000e+02;1.3477692e-01;2.3750000e+02;7.5566471e-02;2.3750000e+02;1.8534854e-02;2.3750000e+02;-3.5598636e-02;2.3750000e+02;-8.7139353e-02;2.3750000e+02;-1.3762324e-01;2.3750000e+02;-1.8882567e-01;2.3750000e+02;-1.0614167e-01;2.3750000e+02;-1.2314235e-01;2.3750000e+02;-1.2292325e-01;2.3750000e+02;-1.0418698e-01;2.3750000e+02;-6.5763354e-02;2.3750000e+02;-5.4145912e-03;2.3750000e+02;8.4816173e-02;2.3750000e+02;1.7021379e-01;2.3750000e+02;2.1260849e-01;2.3750000e+02;2.1833719e-01;2.3750000e+02;1.9144231e-01;2.3750000e+02;1.3477692e-01;2.3750000e+02;7.5566471e-02;2.3750000e+02;1.8534854e-02;2.3750000e+02;-3.5598636e-02;2.3750000e+02;-8.7139353e-02;2.3750000e+02;-1.3762324e-01;2.3750000e+02;-1.8882567e-01;2.3750000e+02;-1.0614167e-01;2.3750000e+02;-1.2314235e-01;2.3750000e+02;-1.2292325e-01;2.3750000e+02;-1.0418698e-01;2.3750000e+02;-6.5763354e-02;2.3750000e+02;-5.4145912e-03;2.3750000e+02;8.4816173e-02;2.3750000e+02;1.7021379e-01;2.3750000e+02;2.1260849e-01;2.3750000e+02;2.1833719e-01;2.3750000e+02;1.9144231e-01;2.3750000e+02;1.3477692e-01;2.3750000e+02;7.5566471e-02;2.3750000e+02;1.8534854e-02;2.3750000e+02;-3.5598636e-02;2.3750000e+02;-8.7139353e-02;2.3750000e+02;-1.3762324e-01;2.3750000e+02;-1.8882567e-01;2.3750000e+02;-1.0614167e-01;2.3750000e+02;-1.2314235e-01;2.3750000e+02;-1.2292325e-01;2.3750000e+02;-1.0418698e-01;2.3750000e+02;-6.5763354e-02;2.3750000e+02;-5.4145912e-03;2.3750000e+02;8.4816173e-02;2.3750000e+02;1.7021379e-01;2.3750000e+02;2.1260849e-01;2.3750000e+02;2.1833719e-01;2.3750000e+02;1.9144231e-01;2.3750000e+02;1.3477692e-01;2.3750000e+02;7.5566471e-02;2.3750000e+02;1.8534854e-02;2.3750000e+02;-3.5598636e-02;2.3750000e+02;-8.7139353e-02;2.3750000e+02;-1.3762324e-01;2.3750000e+02;-1.8882567e-01;2.3750000e+02;-1.0614167e-01;2.3750000e+02;-1.2314235e-01;2.3750000e+02;-1.2292325e-01;2.3750000e+02;-1.0418698e-01;2.3750000e+02;-6.5763354e-02;2.3750000e+02;-5.4145912e-03;2.3750000e+02;8.4816173e-02;2.3750000e+02;1.7021379e-01;2.3750000e+02;2.1260849e-01;2.3750000e+02;2.1833719e-01;2.3750000e+02;1.9144231e-01;2.3750000e+02;1.3477692e-01;2.3750000e+02;7.5566471e-02;2.3750000e+02;1.8534854e-02;2.3750000e+02;-3.5598636e-02;2.3750000e+02;-8.7139353e-02;2.3750000e+02;-1.3762324e-01;2.3750000e+02;-1.8882567e-01;2.3750000e+02;-1.0614167e-01;2.3750000e+02;-1.2314235e-01;2.3750000e+02;-1.2292325e-01;2.3750000e+02;-1.0418698e-01;2.3750000e+02;-6.5763354e-02;2.3750000e+02;-5.4145912e-03;2.3750000e+02;8.4816173e-02;2.3750000e+02;1.7021379e-01;2.3750000e+02;2.1260849e-01;2.3750000e+02;2.1833719e-01;2.3750000e+02;1.9144231e-01;2.3750000e+02;1.3477692e-01;2.3750000e+02;7.5566471e-02;2.3750000e+02;1.8534854e-02;2.3750000e+02;-3.5598636e-02;2.3750000e+02;-8.7139353e-02;2.3750000e+02;-1.3762324e-01;2.3750000e+02;-1.8882567e-01;2.3750000e+02;-1.0614167e-01;2.3750000e+02;-1.2314235e-01;2.3750000e+02;-1.2292325e-01;2.3750000e+02;-1.0418698e-01;2.3750000e+02;-6.5763354e-02;2.3750000e+02;-5.4145912e-03;2.3750000e+02;8.4816173e-02;2.3750000e+02;1.7021379e-01;2.3750000e+02;2.1260849e-01;2.3750000e+02;2.1833719e-01;2.3750000e+02;1.9144231e-01;2.3750000e+02;1.3477692e-01;2.3750000e+02;7.5566471e-02;2.3750000e+02;1.8534854e-02;2.3750000e+02;-3.5598636e-02;2.3750000e+02;-8.7139353e-02;2.3750000e+02;-1.3762324e-01;2.3750000e+02;-1.8882567e-01;2.3750000e+02;-1.0614167e-01;2.3750000e+02;-1.2314235e-01;2.3750000e+02;-1.2292325e-01;2.3750000e+02;-1.0418698e-01;2.3750000e+02;-6.5763354e-02;2.3750000e+02;-5.4145912e-03;2.3750000e+02;8.4816173e-02;2.3750000e+02;1.7021379e-01;2.3750000e+02;2.1260849e-01;2.3750000e+02;2.1833719e-01;2.3750000e+02;1.9144231e-01;2.3750000e+02;1.3477692e-01;2.3750000e+02;7.5566471e-02;2.3750000e+02;1.8534854e-02;2.3750000e+02;-3.5598636e-02;2.3750000e+02;-8.7139353e-02;2.3750000e+02;-1.3762324e-01;2.3750000e+02;-1.8882567e-01;2.3750000e+02;-1.0614167e-01;2.3750000e+02;-1.2314235e-01;2.3750000e+02;-1.2292325e-01;2.3750000e+02;-1.0418698e-01;2.3750000e+02;-6.5763354e-02;2.3750000e+02;-5.4145912e-03;2.3750000e+02;8.4816173e-02;2.3750000e+02;1.7021379e-01;2.3750000e+02;2.1260849e-01;2.3750000e+02;2.1833719e-01;2.3750000e+02;1.9144231e-01;2.3750000e+02;1.3477692e-01;2.3750000e+02;7.5566471e-02;2.3750000e+02;1.8534854e-02;2.3750000e+02;-3.5598636e-02;2.3750000e+02;-8.7139353e-02;2.3750000e+02;-1.3762324e-01;2.3750000e+02;-1.8882567e-01;2.3750000e+02;-1.0614167e-01;2.3750000e+02;-1.2314235e-01;2.3750000e+02;-1.2292325e-01;2.3750000e+02;-1.0418698e-01;2.3750000e+02;-6.5763354e-02;2.3750000e+02;-5.4145912e-03;2.3750000e+02;8.4816173e-02;2.3750000e+02;1.7021379e-01;2.3750000e+02;2.1260849e-01;2.3750000e+02;2.1833719e-01;2.3750000e+02;1.9144231e-01;2.3750000e+02;1.3477692e-01;2.3750000e+02;7.5566471e-02;2.3750000e+02;1.8534854e-02;2.3750000e+02;-3.5598636e-02;2.3750000e+02;-8.7139353e-02;2.3750000e+02;-1.3762324e-01;2.3750000e+02;-1.8882567e-01;2.3750000e+02;-1.0614167e-01;2.3750000e+02;-1.2314235e-01;2.3750000e+02;-1.2292325e-01;2.3750000e+02;-1.0418698e-01;2.3750000e+02;-6.5763354e-02;2.3750000e+02;-5.4145912e-03;2.3750000e+02;8.4816173e-02;2.3750000e+02;1.7021379e-01;2.3750000e+02;2.1260849e-01;2.3750000e+02;2.1833719e-01;2.3750000e+02;1.9144231e-01;2.3750000e+02;1.3477692e-01;2.3750000e+02;7.5566471e-02;2.3750000e+02;1.8534854e-02;2.3750000e+02;-3.5598636e-02;2.3750000e+02;-8.7139353e-02;2.3750000e+02;-1.3762324e-01;2.3750000e+02;-1.8882567e-01;2.3750000e+02;-1.0614167e-01;2.3750000e+02;-1.2314235e-01;2.3750000e+02;-1.2292325e-01;2.3750000e+02;-1.0418698e-01;2.3750000e+02;-6.5763354e-02;2.3750000e+02;-5.4145912e-03;2.3750000e+02;8.4816173e-02;2.3750000e+02;1.7021379e-01;2.3750000e+02;2.1260849e-01;2.3750000e+02;2.1833719e-01;2.3750000e+02;1.9144231e-01;2.3750000e+02;1.3477692e-01;2.3750000e+02;7.5566471e-02;2.3750000e+02;1.8534854e-02;2.3750000e+02;-3.5598636e-02;2.3750000e+02;-8.7139353e-02;2.3750000e+02;-1.3762324e-01;2.3750000e+02;-1.8882567e-01;2.3750000e+02;-1.0614167e-01;2.3750000e+02;-1.2314235e-01;2.3750000e+02;-1.2292325e-01;2.3750000e+02;-1.0418698e-01;2.3750000e+02;-6.5763354e-02;2.3750000e+02;-5.4145912e-03;2.3750000e+02;8.4816173e-02;2.3750000e+02;1.7021379e-01;2.3750000e+02;2.1260849e-01;2.3750000e+02;2.1833719e-01;2.3750000e+02;1.9144231e-01;2.3750000e+02;1.3477692e-01;2.3750000e+02;7.5566471e-02;2.3750000e+02;1.8534854e-02;2.3750000e+02;-3.5598636e-02;2.3750000e+02;-8.7139353e-02;2.3750000e+02;-1.3762324e-01;2.3750000e+02;-1.8882567e-01;2.3750000e+02;-1.0614167e-01;2.3750000e+02;-1.2314235e-01;2.3750000e+02;-1.2292325e-01;2.3750000e+02;-1.0418698e-01;2.3750000e+02;-6.5763354e-02;2.3750000e+02;-5.4145912e-03;2.3750000e+02;8.4816173e-02;2.3750000e+02;1.7021379e-01;2.3750000e+02;2.1260849e-01;2.3750000e+02;2.1833719e-01;2.3750000e+02;1.9144231e-01;2.3750000e+02;1.3477692e-01;2.3750000e+02;7.5566471e-02;2.3750000e+02;1.8534854e-02;2.3750000e+02;-3.5598636e-02;2.3750000e+02;-8.7139353e-02;2.3750000e+02;-1.3762324e-01;2.3750000e+02;-1.8882567e-01
2.4250000e+02;-1.0481040e-01;2.4250000e+02;-1.2236656e-01;2.4250000e+02;-1.2193936e-01;2.4250000e+02;-1.0171672e-01;2.4250000e+02;-6.1254177e-02;2.4250000e+02;2.5787354e-03;2.4250000e+02;9.2305116e-02;2.4250000e+02;1.6608937e-01;2.4250000e+02;1.9732000e-01;2.4250000e+02;2.0317569e-01;2.4250000e+02;1.8773317e-01;2.4250000e+02;1.3811456e-01;2.4250000e+02;8.3529308e-02;2.4250000e+02;2.9389292e-02;2.4250000e+02;-2.3098975e-02;2.4250000e+02;-7.1868330e-02;2.4250000e+02;-1.2128916e-01;2.4250000e+02;-1.7271475e-01;2.4250000e+02;-1.0481040e-01;2.4250000e+02;-1.2236656e-01;2.4250000e+02;-1.2193936e-01;2.4250000e+02;-1.0171672e-01;2.4250000e+02;-6.1254177e-02;2.4250000e+02;2.5787354e-03;2.4250000e+02;9.2305116e-02;2.4250000e+02;1.6608937e-01;2.4250000e+02;1.9732000e-01;2.4250000e+02;2.0317569e-01;2.4250000e+02;1.8773317e-01;2.4250000e+02;1.3811456e-01;2.4250000e+02;8.3529308e-02;2.4250000e+02;2.9389292e-02;2.4250000e+02;-2.3098975e-02;2.4250000e+02;-7.1868330e-02;2.4250000e+02;-1.2128916e-01;2.4250000e+02;-1.7271475e-01;2.4250000e+02;-1.0481040e-01;2.4250000e+02;-1.2236656e-01;2.4250000e+02;-1.2193936e-01;2.4250000e+02;-1.0171672e-01;2.4250000e+02;-6.1254177e-02;2.4250000e+02;2.5787354e-03;2.4250000e+02;9.2305116e-02;2.4250000e+02;1.6608937e-01;2.4250000e+02;1.9732000e-01;2.4250000e+02;2.0317569e-01;2.4250000e+02;1.8773317e-01;2.4250000e+02;1.3811456e-01;2.4250000e+02;8.3529308e-02;2.4250000e+02;2.9389292e-02;2.4250000e+02;-2.3098975e-02;2.4250000e+02;-7.1868330e-02;2.4250000e+02;-1.2128916e-01;2.4250000e+02;-1.7271475e-01;2.4250000e+02;-1.0481040e-01;2.4250000e+02;-1.2236656e-01;2.4250000e+02;-1.2193936e-01;2.4250000e+02;-1.0171672e-01;2.4250000e+02;-6.1254177e-02;2.4250000e+02;2.5787354e-03;2.4250000e+02;9.2305116e-02;2.4250000e+02;1.6608937e-01;2.4250000e+02;1.9732000e-01;2.4250000e+02;2.0317569e-01;2.4250000e+02;1.8773317e-01;2.4250000e+02;1.3811456e-01;2.4250000e+02;8.3529308e-02;2.4250000e+02;2.9389292e-02;2.4250000e+02;-2.3098975e-02;2.4250000e+02;-7.1868330e-02;2.4250000e+02;-1.2128916e-01;2.4250000e+02;-1.7271475e-01;2.4250000e+02;-1.0481040e-01;2.4250000e+02;-1.2236656e-01;2.4250000e+02;-1.2193936e-01;2.4250000e+02;-1.0171672e-01;2.4250000e+02;-6.1254177e-02;2.4250000e+02;2.5787354e-03;2.4250000e+02;9.2305116e-02;2.4250000e+02;1.6608937e-01;2.4250000e+02;1.9732000e-01;2.4250000e+02;2.0317569e-01;2.4250000e+02;1.8773317e-01;2.4250000e+02;1.3811456e-01;2.4250000e+02;8.3529308e-02;2.4250000e+02;2.9389292e-02;2.4250000e+02;-2.3098975e-02;2.4250000e+02;-7.1868330e-02;2.4250000e+02;-1.2128916e-01;2.4250000e+02;-1.7271475e-01;2.4250000e+02;-1.0481040e-01;2.4250000e+02;-1.2236656e-01;2.4250000e+02;-1.2193936e-01;2.4250000e+02;-1.0171672e-01;2.4250000e+02;-6.1254177e-02;2.4250000e+02;2.5787354e-03;2.4250000e+02;9.2305116e-02;2.4250000e+02;1.6608937e-01;2.4250000e+02;1.9732000e-01;2.4250000e+02;2.0317569e-01;2.4250000e+02;1.8773317e-01;2.4250000e+02;1.3811456e-01;2.4250000e+02;8.3529308e-02;2.4250000e+02;2.9389292e-02;2.4250000e+02;-2.3098975e-02;2.4250000e+02;-7.1868330e-02;2.4250000e+02;-1.2128916e-01;2.4250000e+02;-1.7271475e-01;2.4250000e+02;-1.0481040e-01;2.4250000e+02;-1.2236656e-01;2.4250000e+02;-1.2193936e-01;2.4250000e+02;-1.0171672e-01;2.4250000e+02;-6.1254177e-02;2.4250000e+02;2.5787354e-03;2.4250000e+02;9.2305116e-02;2.4250000e+02;1.6608937e-01;2.4250000e+02;1.9732000e-01;2.4250000e+02;2.0317569e-01;2.4250000e+02;1.8773317e-01;2.4250000e+02;1.3811456e-01;2.4250000e+02;8.3529308e-02;2.4250000e+02;2.9389292e-02;2.4250000e+02;-2.3098975e-02;2.4250000e+02;-7.1868330e-02;2.4250000e+02;-1.2128916e-01;2.4250000e+02;-1.7271475e-01;2.4250000e+02;-1.0481040e-01;2.4250000e+02;-1.2236656e-01;2.4250000e+02;-1.2193936e-01;2.4250000e+02;-1.0171672e-01;2.4250000e+02;-6.1254177e-02;2.4250000e+02;2.5787354e-03;2.4250000e+02;9.2305116e-02;2.4250000e+02;1.6608937e-01;2.4250000e+02;1.9732000e-01;2.4250000e+02;2.0317569e-01;2.4250000e+02;1.8773317e-01;2.4250000e+02;1.3811456e-01;2.4250000e+02;8.3529308e-02;2.4250000e+02;2.9389292e-02;2.4250000e+02;-2.3098975e-02;2.4250000e+02;-7.1868330e-02;2.4250000e+02;-1.2128916e-01;2.4250000e+02;-1.7271475e-01;2.4250000e+02;-1.0481040e-01;2.4250000e+02;-1.2236656e-01;2.4250000e+02;-1.2193936e-01;2.4250000e+02;-1.0171672e-01;2.4250000e+02;-6.1254177e-02;2.4250000e+02;2.5787354e-03;2.4250000e+02;9.2305116e-02;2.4250000e+02;1.6608937e-01;2.4250000e+02;1.9732000e-01;2.4250000e+02;2.0317569e-01;2.4250000e+02;1.8773317e-01;2.4250000e+02;1.3811456e-01;2.4250000e+02;8.3529308e-02;2.4250000e+02;2.9389292e-02;2.4250000e+02;-2.3098975e-02;2.4250000e+02;-7.1868330e-02;2.4250000e+02;-1.2128916e-01;2.4250000e+02;-1.7271475e-01;2.4250000e+02;-1.0481040e-01;2.4250000e+02;-1.2236656e-01;2.4250000e+02;-1.2193936e-01;2.4250000e+02;-1.0171672e-01;2.4250000e+02;-6.1254177e-02;2.4250000e+02;2.5787354e-03;2.4250000e+02;9.2305116e-02;2.4250000e+02;1.6608937e-01;2.4250000e+02;1.9732000e-01;2.4250000e+02;2.0317569e-01;2.4250000e+02;1.8773317e-01;2.4250000e+02;1.3811456e-01;2.4250000e+02;8.3529308e-02;2.4250000e+02;2.9389292e-02;2.4250000e+02;-2.3098975e-02;2.4250000e+02;-7.1868330e-02;2.4250000e+02;-1.2128916e-01;2.4250000e+02;-1.7271475e-01;2.4250000e+02;-1.0481040e-01;2.4250000e+02;-1.2236656e-01;2.4250000e+02;-1.2193936e-01;2.4250000e+02;-1.0171672e-01;2.4250000e+02;-6.1254177e-02;2.4250000e+02;2.5787354e-03;2.4250000e+02;9.2305116e-02;2.4250000e+02;1.6608937e-01;2.4250000e+02;1.9732000e-01;2.4250000e+02;2.0317569e-01;2.4250000e+02;1.8773317e-01;2.4250000e+02;1.3811456e-01;2.4250000e+02;8.3529308e-02;2.4250000e+02;2.9389292e-02;2.4250000e+02;-2.3098975e-02;2.4250000e+02;-7.1868330e-02;2.4250000e+02;-1.2128916e-01;2.4250000e+02;-1.7271475e-01;2.4250000e+02;-1.0481040e-01;2.4250000e+02;-1.2236656e-01;2.4250000e+02;-1.2193936e-01;2.4250000e+02;-1.0171672e-01;2.4250000e+02;-6.1254177e-02;2.4250000e+02;2.5787354e-03;2.4250000e+02;9.2305116e-02;2.4250000e+02;1.6608937e-01;2.4250000e+02;1.9732000e-01;2.4250000e+02;2.0317569e-01;2.4250000e+02;1.8773317e-01;2.4250000e+02;1.3811456e-01;2.4250000e+02;8.3529308e-02;2.4250000e+02;2.9389292e-02;2.4250000e+02;-2.3098975e-02;2.4250000e+02;-7.1868330e-02;2.4250000e+02;-1.2128916e-01;2.4250000e+02;-1.7271475e-01;2.4250000e+02;-1.0481040e-01;2.4250000e+02;-1.2236656e-01;2.4250000e+02;-1.2193936e-01;2.4250000e+02;-1.0171672e-01;2.4250000e+02;-6.1254177e-02;2.4250000e+02;2.5787354e-03;2.4250000e+02;9.2305116e-02;2.4250000e+02;1.6608937e-01;2.4250000e+02;1.9732000e-01;2.4250000e+02;2.0317569e-01;2.4250000e+02;1.8773317e-01;2.4250000e+02;1.3811456e-01;2.4250000e+02;8.3529308e-02;2.4250000e+02;2.9389292e-02;2.4250000e+02;-2.3098975e-02;2.4250000e+02;-7.1868330e-02;2.4250000e+02;-1.2128916e-01;2.4250000e+02;-1.7271475e-01;2.4250000e+02;-1.0481040e-01;2.4250000e+02;-1.2236656e-01;2.4250000e+02;-1.2193936e-01;2.4250000e+02;-1.0171672e-01;2.4250000e+02;-6.1254177e-02;2.4250000e+02;2.5787354e-03;2.4250000e+02;9.2305116e-02;2.4250000e+02;1.6608937e-01;2.4250000e+02;1.9732000e-01;2.4250000e+02;2.0317569e-01;2.4250000e+02;1.8773317e-01;2.4250000e+02;1.3811456e-01;2.4250000e+02;8.3529308e-02;2.4250000e+02;2.9389292e-02;2.4250000e+02;-2.3098975e-02;2.4250000e+02;-7.1868330e-02;2.4250000e+02;-1.2128916e-01;2.4250000e+02;-1.7271475e-01;2.4250000e+02;-1.0481040e-01;2.4250000e+02;-1.2236656e-01;2.4250000e+02;-1.2193936e-01;2.4250000e+02;-1.0171672e-01;2.4250000e+02;-6.1254177e-02;2.4250000e+02;2.5787354e-03;2.4250000e+02;9.2305116e-02;2.4250000e+02;1.6608937e-01;2.4250000e+02;1.9732000e-01;2.4250000e+02;2.0317569e-01;2.4250000e+02;1.8773317e-01;2.4250000e+02;1.3811456e-01;2.4250000e+02;8.3529308e-02;2.4250000e+02;2.9389292e-02;2.4250000e+02;-2.3098975e-02;2.4250000e+02;-7.1868330e-02;2.4250000e+02;-1.2128916e-01;2.4250000e+02;-1.7271475e-01;2.4250000e+02;-1.0481040e-01;2.4250000e+02;-1.2236656e-01;2.4250000e+02;-1.2193936e-01;2.4250000e+02;-1.0171672e-01;2.4250000e+02;-6.1254177e-02;2.4250000e+02;2.5787354e-03;2.4250000e+02;9.2305116e-02;2.4250000e+02;1.6608937e-01;2.4250000e+02;1.9732000e-01;2.4250000e+02;2.0317569e-01;2.4250000e+02;1.8773317e-01;2.4250000e+02;1.3811456e-01;2.4250000e+02;8.3529308e-02;2.4250000e+02;2.9389292e-02;2.4250000e+02;-2.3098975e-02;2.4250000e+02;-7.1868330e-02;2.4250000e+02;-1.2128916e-01;2.4250000e+02;-1.7271475e-01;2.4250000e+02;-1.0481040e-01;2.4250000e+02;-1.2236656e-01;2.4250000e+02;-1.2193936e-01;2.4250000e+02;-1.0171672e-01;2.4250000e+02;-6.1254177e-02;2.4250000e+02;2.5787354e-03;2.4250000e+02;9.2305116e-02;2.4250000e+02;1.6608937e-01;2.4250000e+02;1.9732000e-01;2.4250000e+02;2.0317569e-01;2.4250000e+02;1.8773317e-01;2.4250000e+02;1.3811456e-01;2.4250000e+02;8.3529308e-02;2.4250000e+02;2.9389292e-02;2.4250000e+02;-2.3098975e-02;2.4250000e+02;-7.1868330e-02;2.4250000e+02;-1.2128916e-01;2.4250000e+02;-1.7271475e-01;2.4250000e+02;-1.0481040e-01;2.4250000e+02;-1.2236656e-01;2.4250000e+02;-1.2193936e-01;2.4250000e+02;-1.0171672e-01;2.4250000e+02;-6.1254177e-02;2.4250000e+02;2.5787354e-03;2.4250000e+02;9.2305116e-02;2.4250000e+02;1.6608937e-01;2.4250000e+02;1.9732000e-01;2.4250000e+02;2.0317569e-01;2.4250000e+02;1.8773317e-01;2.4250000e+02;1.3811456e-01;2.4250000e+02;8.3529308e-02;2.4250000e+02;2.9389292e-02;2.4250000e+02;-2.3098975e-02;2.4250000e+02;-7.1868330e-02;2.4250000e+02;-1.2128916e-01;2.4250000e+02;-1.7271475e-01;2.4250000e+02;-1.0481040e-01;2.4250000e+02;-1.2236656e-01;2.4250000e+02;-1.2193936e-01;2.4250000e+02;-1.0171672e-01;2.4250000e+02;-6.1254177e-02;2.4250000e+02;2.5787354e-03;2.4250000e+02;9.2305116e-02;2.4250000e+02;1.6608937e-01;2.4250000e+02;1.9732000e-01;2.4250000e+02;2.0317569e-01;2.4250000e+02;1.8773317e-01;2.4250000e+02;1.3811456e-01;2.4250000e+02;8.3529308e-02;2.4250000e+02;2.9389292e-02;2.4250000e+02;-2.3098975e-02;2.4250000e+02;-7.1868330e-02;2.4250000e+02;-1.2128916e-01;2.4250000e+02;-1.7271475e-01;2.4250000e+02;-1.0481040e-01;2.4250000e+02;-1.2236656e-01;2.4250000e+02;-1.2193936e-01;2.4250000e+02;-1.0171672e-01;2.4250000e+02;-6.1254177e-02;2.4250000e+02;2.5787354e-03;2.4250000e+02;9.2305116e-02;2.4250000e+02;1.6608937e-01;2.4250000e+02;1.9732000e-01;2.4250000e+02;2.0317569e-01;2.4250000e+02;1.8773317e-01;2.4250000e+02;1.3811456e-01;2.4250000e+02;8.3529308e-02;2.4250000e+02;2.9389292e-02;2.4250000e+02;-2.3098975e-02;2.4250000e+02;-7.1868330e-02;2.4250000e+02;-1.2128916e-01;2.4250000e+02;-1.7271475e-01;2.4250000e+02;-1.0481040e-01;2.4250000e+02;-1.2236656e-01;2.4250000e+02;-1.2193936e-01;2.4250000e+02;-1.0171672e-01;2.4250000e+02;-6.1254177e-02;2.4250000e+02;2.5787354e-03;2.4250000e+02;9.2305116e-02;2.4250000e+02;1.6608937e-01;2.4250000e+02;1.9732000e-01;2.4250000e+02;2.0317569e-01;2.4250000e+02;1.8773317e-01;2.4250000e+02;1.3811456e-01;2.4250000e+02;8.3529308e-02;2.4250000e+02;2.9389292e-02;2.4250000e+02;-2.3098975e-02;2.4250000e+02;-7.1868330e-02;2.4250000e+02;-1.2128916e-01;2.4250000e+02;-1.7271475e-01;2.4250000e+02;-1.0481040e-01;2.4250000e+02;-1.2236656e-01;2.4250000e+02;-1.2193936e-01;2.4250000e+02;-1.0171672e-01;2.4250000e+02;-6.1254177e-02;2.4250000e+02;2.5787354e-03;2.4250000e+02;9.2305116e-02;2.4250000e+02;1.6608937e-01;2.4250000e+02;1.9732000e-01;2.4250000e+02;2.0317569e-01;2.4250000e+02;1.8773317e-01;2.4250000e+02;1.3811456e-01;2.4250000e+02;8.3529308e-02;2.4250000e+02;2.9389292e-02;2.4250000e+02;-2.3098975e-02;2.4250000e+02;-7.1868330e-02;2.4250000e+02;-1.2128916e-01;2.4250000e+02;-1.7271475e-01;2.4250000e+02;-1.0481040e-01;2.4250000e+02;-1.2236656e-01;2.4250000e+02;-1.2193936e-01;2.4250000e+02;-1.0171672e-01;2.4250000e+02;-6.1254177e-02;2.4250000e+02;2.5787354e-03;2.4250000e+02;9.2305116e-02;2.4250000e+02;1.6608937e-01;2.4250000e+02;1.9732000e-01;2.4250000e+02;2.0317569e-01;2.4250000e+02;1.8773317e-01;2.4250000e+02;1.3811456e-01;2.4250000e+02;8.3529308e-02;2.4250000e+02;2.9389292e-02;2.4250000e+02;-2.3098975e-02;2.4250000e+02;-7.1868330e-02;2.4250000e+02;-1.2128916e-01;2.4250000e+02;-1.7271475e-01;2.4250000e+02;-1.0481040e-01;2.4250000e+02;-1.2236656e-01;2.4250000e+02;-1.2193936e-01;2.4250000e+02;-1.0171672e-01;2.4250000e+02;-6.1254177e-02;2.4250000e+02;2.5787354e-03;2.4250000e+02;9.2305116e-02;2.4250000e+02;1.6608937e-01;2.4250000e+02;1.9732000e-01;2.4250000e+02;2.0317569e-01;2.4250000e+02;1.8773317e-01;2.4250000e+02;1.3811456e-01;2.4250000e+02;8.3529308e-02;2.4250000e+02;2.9389292e-02;2.4250000e+02;-2.3098975e-02;2.4250000e+02;-7.1868330e-02;2.4250000e+02;-1.2128916e-01;2.4250000e+02;-1.7271475e-01;2.4250000e+02;-1.0481040e-01;2.4250000e+02;-1.2236656e-01;2.4250000e+02;-1.2193936e-01;2.4250000e+02;-1.0171672e-01;2.4250000e+02;-6.1254177e-02;2.4250000e+02;2.5787354e-03;2.4250000e+02;9.2305116e-02;2.4250000e+02;1.6608937e-01;2.4250000e+02;1.9732000e-01;2.4250000e+02;2.0317569e-01;2.4250000e+02;1.8773317e-01;2.4250000e+02;1.3811456e-01;2.4250000e+02;8.3529308e-02;2.4250000e+02;2.9389292e-02;2.4250000e+02;-2.3098975e-02;2.4250000e+02;-7.1868330e-02;2.4250000e+02;-1.2128916e-01;2.4250000e+02;-1.7271475e-01;2.4250000e+02;-1.0481040e-01;2.4250000e+02;-1.2236656e-01;2.4250000e+02;-1.2193936e-01;2.4250000e+02;-1.0171672e-01;2.4250000e+02;-6.1254177e-02;2.4250000e+02;2.5787354e-03;2.4250000e+02;9.2305116e-02;2.4250000e+02;1.6608937e-01;2.4250000e+02;1.9732000e-01;2.4250000e+02;2.0317569e-01;2.4250000e+02;1.8773317e-01;2.4250000e+02;1.3811456e-01;2.4250000e+02;8.3529308e-02;2.4250000e+02;2.9389292e-02;2.4250000e+02;-2.3098975e-02;2.4250000e+02;-7.1868330e-02;2.4250000e+02;-1.2128916e-01;2.4250000e+02;-1.7271475e-01;2.4250000e+02;-1.0481040e-01;2.4250000e+02;-1.2236656e-01;2.4250000e+02;-1.2193936e-01;2.4250000e+02;-1.0171672e-01;2.4250000e+02;-6.1254177e-02;2.4250000e+02;2.5787354e-03;2.4250000e+02;9.2305116e-02;2.4250000e+02;1.6608937e-01;2.4250000e+02;1.9732000e-01;2.4250000e+02;2.0317569e-01;2.4250000e+02;1.8773317e-01;2.4250000e+02;1.3811456e-01;2.4250000e+02;8.3529308e-02;2.4250000e+02;2.9389292e-02;2.4250000e+02;-2.3098975e-02;2.4250000e+02;-7.1868330e-02;2.4250000e+02;-1.2128916e-01;2.4250000e+02;-1.7271475e-01;2.4250000e+02;-1.0481040e-01;2.4250000e+02;-1.2236656e-01;2.4250000e+02;-1.2193936e-01;2.4250000e+02;-1.0171672e-01;2.4250000e+02;-6.1254177e-02;2.4250000e+02;2.5787354e-03;2.4250000e+02;9.2305116e-02;2.4250000e+02;1.6608937e-01;2.4250000e+02;1.9732000e-01;2.4250000e+02;2.0317569e-01;2.4250000e+02;1.8773317e-01;2.4250000e+02;1.3811456e-01;2.4250000e+02;8.3529308e-02;2.4250000e+02;2.9389292e-02;2.4250000e+02;-2.3098975e-02;2.4250000e+02;-7.1868330e-02;2.4250000e+02;-1.2128916e-01;2.4250000e+02;-1.7271475e-01;2.4250000e+02;-1.0481040e-01;2.4250000e+02;-1.2236656e-01;2.4250000e+02;-1.2193936e-01;2.4250000e+02;-1.0171672e-01;2.4250000e+02;-6.1254177e-02;2.4250000e+02;2.5787354e-03;2.4250000e+02;9.2305116e-02;2.4250000e+02;1.6608937e-01;2.4250000e+02;1.9732000e-01;2.4250000e+02;2.0317569e-01;2.4250000e+02;1.8773317e-01;2.4250000e+02;1.3811456e-01;2.4250000e+02;8.3529308e-02;2.4250000e+02;2.9389292e-02;2.4250000e+02;-2.3098975e-02;2.4250000e+02;-7.1868330e-02;2.4250000e+02;-1.2128916e-01;2.4250000e+02;-1.7271475e-01;2.4250000e+02;-1.0481040e-01;2.4250000e+02;-1.2236656e-01;2.4250000e+02;-1.2193936e-01;2.4250000e+02;-1.0171672e-01;2.4250000e+02;-6.1254177e-02;2.4250000e+02;2.5787354e-03;2.4250000e+02;9.2305116e-02;2.4250000e+02;1.6608937e-01;2.4250000e+02;1.9732000e-01;2.4250000e+02;2.0317569e-01;2.4250000e+02;1.8773317e-01;2.4250000e+02;1.3811456e-01;2.4250000e+02;8.3529308e-02;2.4250000e+02;2.9389292e-02;2.4250000e+02;-2.3098975e-02;2.4250000e+02;-7.1868330e-02;2.4250000e+02;-1.2128916e-01;2.4250000e+02;-1.7271475e-01;2.4250000e+02;-1.0481040e-01;2.4250000e+02;-1.2236656e-01;2.4250000e+02;-1.2193936e-01;2.4250000e+02;-1.0171672e-01;2.4250000e+02;-6.1254177e-02;2.4250000e+02;2.5787354e-03;2.4250000e+02;9.2305116e-02;2.4250000e+02;1.6608937e-01;2.4250000e+02;1.9732000e-01;2.4250000e+02;2.0317569e-01;2.4250000e+02;1.8773317e-01;2.4250000e+02;1.3811456e-01;2.4250000e+02;8.3529308e-02;2.4250000e+02;2.9389292e-02;2.4250000e+02;-2.3098975e-02;2.4250000e+02;-7.1868330e-02;2.4250000e+02;-1.2128916e-01;2.4250000e+02;-1.7271475e-01;2.4250000e+02;-1.0481040e-01;2.4250000e+02;-1.2236656e-01;2.4250000e+02;-1.2193936e-01;2.4250000e+02;-1.0171672e-01;2.4250000e+02;-6.1254177e-02;2.4250000e+02;2.5787354e-03;2.4250000e+02;9.2305116e-02;2.4250000e+02;1.6608937e-01;2.4250000e+02;1.9732000e-01;2.4250000e+02;2.0317569e-01;2.4250000e+02;1.8773317e-01;2.4250000e+02;1.3811456e-01;2.4250000e+02;8.3529308e-02;2.4250000e+02;2.9389292e-02;2.4250000e+02;-2.3098975e-02;2.4250000e+02;-7.1868330e-02;2.4250000e+02;-1.2128916e-01;2.4250000e+02;-1.7271475e-01;2.4250000e+02;-1.0481040e-01;2.4250000e+02;-1.2236656e-01;2.4250000e+02;-1.2193936e-01;2.4250000e+02;-1.0171672e-01;2.4250000e+02;-6.1254177e-02;2.4250000e+02;2.5787354e-03;2.4250000e+02;9.2305116e-02;2.4250000e+02;1.6608937e-01;2.4250000e+02;1.9732000e-01;2.4250000e+02;2.0317569e-01;2.4250000e+02;1.8773317e-01;2.4250000e+02;1.3811456e-01;2.4250000e+02;8.3529308e-02;2.4250000e+02;2.9389292e-02;2.4250000e+02;-2.3098975e-02;2.4250000e+02;-7.1868330e-02;2.4250000e+02;-1.2128916e-01;2.4250000e+02;-1.7271475e-01;2.4250000e+02;-1.0481040e-01;2.4250000e+02;-1.2236656e-01;2.4250000e+02;-1.2193936e-01;2.4250000e+02;-1.0171672e-01;2.4250000e+02;-6.1254177e-02;2.4250000e+02;2.5787354e-03;2.4250000e+02;9.2305116e-02;2.4250000e+02;1.6608937e-01;2.4250000e+02;1.9732000e-01;2.4250000e+02;2.0317569e-01;2.4250000e+02;1.8773317e-01;2.4250000e+02;1.3811456e-01;2.4250000e+02;8.3529308e-02;2.4250000e+02;2.9389292e-02;2.4250000e+02;-2.3098975e-02;2.4250000e+02;-7.1868330e-02;2.4250000e+02;-1.2128916e-01;2.4250000e+02;-1.7271475e-01;2.4250000e+02;-1.0481040e-01;2.4250000e+02;-1.2236656e-01;2.4250000e+02;-1.2193936e-01;2.4250000e+02;-1.0171672e-01;2.4250000e+02;-6.1254177e-02;2.4250000e+02;2.5787354e-03;2.4250000e+02;9.2305116e-02;2.4250000e+02;1.6608937e-01;2.4250000e+02;1.9732000e-01;2.4250000e+02;2.0317569e-01;2.4250000e+02;1.8773317e-01;2.4250000e+02;1.3811456e-01;2.4250000e+02;8.3529308e-02;2.4250000e+02;2.9389292e-02;2.4250000e+02;-2.3098975e-02;2.4250000e+02;-7.1868330e-02;2.4250000e+02;-1.2128916e-01;2.4250000e+02;-1.7271475e-01;2.4250000e+02;-1.0481040e-01;2.4250000e+02;-1.2236656e-01;2.4250000e+02;-1.2193936e-01;2.4250000e+02;-1.0171672e-01;2.4250000e+02;-6.1254177e-02;2.4250000e+02;2.5787354e-03;2.4250000e+02;9.2305116e-02;2.4250000e+02;1.6608937e-01;2.4250000e+02;1.9732000e-01;2.4250000e+02;2.0317569e-01;2.4250000e+02;1.8773317e-01;2.4250000e+02;1.3811456e-01;2.4250000e+02;8.3529308e-02;2.4250000e+02;2.9389292e-02;2.4250000e+02;-2.3098975e-02;2.4250000e+02;-7.1868330e-02;2.4250000e+02;-1.2128916e-01;2.4250000e+02;-1.7271475e-01;2.4250000e+02;-1.0481040e-01;2.4250000e+02;-1.2236656e-01;2.4250000e+02;-1.2193936e-01;2.4250000e+02;-1.0171672e-01;2.4250000e+02;-6.1254177e-02;2.4250000e+02;2.5787354e-03;2.4250000e+02;9.2305116e-02;2.4250000e+02;1.6608937e-01;2.4250000e+02;1.9732000e-01;2.4250000e+02;2.0317569e-01;2.4250000e+02;1.8773317e-01;2.4250000e+02;1.3811456e-01;2.4250000e+02;8.3529308e-02;2.4250000e+02;2.9389292e-02;2.4250000e+02;-2.3098975e-02;2.4250000e+02;-7.1868330e-02;2.4250000e+02;-1.2128916e-01;2.4250000e+02;-1.7271475e-01;2.4250000e+02;-1.0481040e-01;2.4250000e+02;-1.2236656e-01;2.4250000e+02;-1.2193936e-01;2.4250000e+02;-1.0171672e-01;2.4250000e+02;-6.1254177e-02;2.4250000e+02;2.5787354e-03;2.4250000e+02;9.2305116e-02;2.4250000e+02;1.6608937e-01;2.4250000e+02;1.9732000e-01;2.4250000e+02;2.0317569e-01;2.4250000e+02;1.8773317e-01;2.4250000e+02;1.3811456e-01;2.4250000e+02;8.3529308e-02;2.4250000e+02;2.9389292e-02;2.4250000e+02;-2.3098975e-02;2.4250000e+02;-7.1868330e-02;2.4250000e+02;-1.2128916e-01;2.4250000e+02;-1.7271475e-01;2.4250000e+02;-1.0481040e-01;2.4250000e+02;-1.2236656e-01;2.4250000e+02;-1.2193936e-01;2.4250000e+02;-1.0171672e-01;2.4250000e+02;-6.1254177e-02;2.4250000e+02;2.5787354e-03;2.4250000e+02;9.2305116e-02;2.4250000e+02;1.6608937e-01;2.4250000e+02;1.9732000e-01;2.4250000e+02;2.0317569e-01;2.4250000e+02;1.8773317e-01;2.4250000e+02;1.3811456e-01;2.4250000e+02;8.3529308e-02;2.4250000e+02;2.9389292e-02;2.4250000e+02;-2.3098975e-02;2.4250000e+02;-7.1868330e-02;2.4250000e+02;-1.2128916e-01;2.4250000e+02;-1.7271475e-01;2.4250000e+02;-1.0481040e-01;2.4250000e+02;-1.2236656e-01;2.4250000e+02;-1.2193936e-01;2.4250000e+02;-1.0171672e-01;2.4250000e+02;-6.1254177e-02;2.4250000e+02;2.5787354e-03;2.4250000e+02;9.2305116e-02;2.4250000e+02;1.6608937e-01;2.4250000e+02;1.9732000e-01;2.4250000e+02;2.0317569e-01;2.4250000e+02;1.8773317e-01;2.4250000e+02;1.3811456e-01;2.4250000e+02;8.3529308e-02;2.4250000e+02;2.9389292e-02;2.4250000e+02;-2.3098975e-02;2.4250000e+02;-7.1868330e-02;2.4250000e+02;-1.2128916e-01;2.4250000e+02;-1.7271475e-01;2.4250000e+02;-1.0481040e-01;2.4250000e+02;-1.2236656e-01;2.4250000e+02;-1.2193936e-01;2.4250000e+02;-1.0171672e-01;2.4250000e+02;-6.1254177e-02;2.4250000e+02;2.5787354e-03;2.4250000e+02;9.2305116e-02;2.4250000e+02;1.6608937e-01;2.4250000e+02;1.9732000e-01;2.4250000e+02;2.0317569e-01;2.4250000e+02;1.8773317e-01;2.4250000e+02;1.3811456e-01;2.4250000e+02;8.3529308e-02;2.4250000e+02;2.9389292e-02;2.4250000e+02;-2.3098975e-02;2.4250000e+02;-7.1868330e-02;2.4250000e+02;-1.2128916e-01;2.4250000e+02;-1.7271475e-01;2.4250000e+02;-1.0481040e-01;2.4250000e+02;-1.2236656e-01;2.4250000e+02;-1.2193936e-01;2.4250000e+02;-1.0171672e-01;2.4250000e+02;-6.1254177e-02;2.4250000e+02;2.5787354e-03;2.4250000e+02;9.2305116e-02;2.4250000e+02;1.6608937e-01;2.4250000e+02;1.9732000e-01;2.4250000e+02;2.0317569e-01;2.4250000e+02;1.8773317e-01;2.4250000e+02;1.3811456e-01;2.4250000e+02;8.3529308e-02;2.4250000e+02;2.9389292e-02;2.4250000e+02;-2.3098975e-02;2.4250000e+02;-7.1868330e-02;2.4250000e+02;-1.2128916e-01;2.4250000e+02;-1.7271475e-01;2.4250000e+02;-1.0481040e-01;2.4250000e+02;-1.2236656e-01;2.4250000e+02;-1.2193936e-01;2.4250000e+02;-1.0171672e-01;2.4250000e+02;-6.1254177e-02;2.4250000e+02;2.5787354e-03;2.4250000e+02;9.2305116e-02;2.4250000e+02;1.6608937e-01;2.4250000e+02;1.9732000e-01;2.4250000e+02;2.0317569e-01;2.4250000e+02;1.8773317e-01;2.4250000e+02;1.3811456e-01;2.4250000e+02;8.3529308e-02;2.4250000e+02;2.9389292e-02;2.4250000e+02;-2.3098975e-02;2.4250000e+02;-7.1868330e-02;2.4250000e+02;-1.2128916e-01;2.4250000e+02;-1.7271475e-01;2.4250000e+02;-1.0481040e-01;2.4250000e+02;-1.2236656e-01;2.4250000e+02;-1.2193936e-01;2.4250000e+02;-1.0171672e-01;2.4250000e+02;-6.1254177e-02;2.4250000e+02;2.5787354e-03;2.4250000e+02;9.2305116e-02;2.4250000e+02;1.6608937e-01;2.4250000e+02;1.9732000e-01;2.4250000e+02;2.0317569e-01;2.4250000e+02;1.8773317e-01;2.4250000e+02;1.3811456e-01;2.4250000e+02;8.3529308e-02;2.4250000e+02;2.9389292e-02;2.4250000e+02;-2.3098975e-02;2.4250000e+02;-7.1868330e-02;2.4250000e+02;-1.2128916e-01;2.4250000e+02;-1.7271475e-01;2.4250000e+02;-1.0481040e-01;2.4250000e+02;-1.2236656e-01;2.4250000e+02;-1.2193936e-01;2.4250000e+02;-1.0171672e-01;2.4250000e+02;-6.1254177e-02;2.4250000e+02;2.5787354e-03;2.4250000e+02;9.2305116e-02;2.4250000e+02;1.6608937e-01;2.4250000e+02;1.9732000e-01;2.4250000e+02;2.0317569e-01;2.4250000e+02;1.8773317e-01;2.4250000e+02;1.3811456e-01;2.4250000e+02;8.3529308e-02;2.4250000e+02;2.9389292e-02;2.4250000e+02;-2.3098975e-02;2.4250000e+02;-7.1868330e-02;2.4250000e+02;-1.2128916e-01;2.4250000e+02;-1.7271475e-01;2.4250000e+02;-1.0481040e-01;2.4250000e+02;-1.2236656e-01;2.4250000e+02;-1.2193936e-01;2.4250000e+02;-1.0171672e-01;2.4250000e+02;-6.1254177e-02;2.4250000e+02;2.5787354e-03;2.4250000e+02;9.2305116e-02;2.4250000e+02;1.6608937e-01;2.4250000e+02;1.9732000e-01;2.4250000e+02;2.0317569e-01;2.4250000e+02;1.8773317e-01;2.4250000e+02;1.3811456e-01;2.4250000e+02;8.3529308e-02;2.4250000e+02;2.9389292e-02;2.4250000e+02;-2.3098975e-02;2.4250000e+02;-7.1868330e-02;2.4250000e+02;-1.2128916e-01;2.4250000e+02;-1.7271475e-01;2.4250000e+02;-1.0481040e-01;2.4250000e+02;-1.2236656e-01;2.4250000e+02;-1.2193936e-01;2.4250000e+02;-1.0171672e-01;2.4250000e+02;-6.1254177e-02;2.4250000e+02;2.5787354e-03;2.4250000e+02;9.2305116e-02;2.4250000e+02;1.6608937e-01;2.4250000e+02;1.9732000e-01;2.4250000e+02;2.0317569e-01;2.4250000e+02;1.8773317e-01;2.4250000e+02;1.3811456e-01;2.4250000e+02;8.3529308e-02;2.4250000e+02;2.9389292e-02;2.4250000e+02;-2.3098975e-02;2.4250000e+02;-7.1868330e-02;2.4250000e+02;-1.2128916e-01;2.4250000e+02;-1.7271475e-01;2.4250000e+02;-1.0481040e-01;2.4250000e+02;-1.2236656e-01;2.4250000e+02;-1.2193936e-01;2.4250000e+02;-1.0171672e-01;2.4250000e+02;-6.1254177e-02;2.4250000e+02;2.5787354e-03;2.4250000e+02;9.2305116e-02;2.4250000e+02;1.6608937e-01;2.4250000e+02;1.9732000e-01;2.4250000e+02;2.0317569e-01;2.4250000e+02;1.8773317e-01;2.4250000e+02;1.3811456e-01;2.4250000e+02;8.3529308e-02;2.4250000e+02;2.9389292e-02;2.4250000e+02;-2.3098975e-02;2.4250000e+02;-7.1868330e-02;2.4250000e+02;-1.2128916e-01;2.4250000e+02;-1.7271475e-01;2.4250000e+02;-1.0481040e-01;2.4250000e+02;-1.2236656e-01;2.4250000e+02;-1.2193936e-01;2.4250000e+02;-1.0171672e-01;2.4250000e+02;-6.1254177e-02;2.4250000e+02;2.5787354e-03;2.4250000e+02;9.2305116e-02;2.4250000e+02;1.6608937e-01;2.4250000e+02;1.9732000e-01;2.4250000e+02;2.0317569e-01;2.4250000e+02;1.8773317e-01;2.4250000e+02;1.3811456e-01;2.4250000e+02;8.3529308e-02;2.4250000e+02;2.9389292e-02;2.4250000e+02;-2.3098975e-02;2.4250000e+02;-7.1868330e-02;2.4250000e+02;-1.2128916e-01;2.4250000e+02;-1.7271475e-01;2.4250000e+02;-1.0481040e-01;2.4250000e+02;-1.2236656e-01;2.4250000e+02;-1.2193936e-01;2.4250000e+02;-1.0171672e-01;2.4250000e+02;-6.1254177e-02;2.4250000e+02;2.5787354e-03;2.4250000e+02;9.2305116e-02;2.4250000e+02;1.6608937e-01;2.4250000e+02;1.9732000e-01;2.4250000e+02;2.0317569e-01;2.4250000e+02;1.8773317e-01;2.4250000e+02;1.3811456e-01;2.4250000e+02;8.3529308e-02;2.4250000e+02;2.9389292e-02;2.4250000e+02;-2.3098975e-02;2.4250000e+02;-7.1868330e-02;2.4250000e+02;-1.2128916e-01;2.4250000e+02;-1.7271475e-01;2.4250000e+02;-1.0481040e-01;2.4250000e+02;-1.2236656e-01;2.4250000e+02;-1.2193936e-01;2.4250000e+02;-1.0171672e-01;2.4250000e+02;-6.1254177e-02;2.4250000e+02;2.5787354e-03;2.4250000e+02;9.2305116e-02;2.4250000e+02;1.6608937e-01;2.4250000e+02;1.9732000e-01;2.4250000e+02;2.0317569e-01;2.4250000e+02;1.8773317e-01;2.4250000e+02;1.3811456e-01;2.4250000e+02;8.3529308e-02;2.4250000e+02;2.9389292e-02;2.4250000e+02;-2.3098975e-02;2.4250000e+02;-7.1868330e-02;2.4250000e+02;-1.2128916e-01;2.4250000e+02;-1.7271475e-01;2.4250000e+02;-1.0481040e-01;2.4250000e+02;-1.2236656e-01;2.4250000e+02;-1.2193936e-01;2.4250000e+02;-1.0171672e-01;2.4250000e+02;-6.1254177e-02;2.4250000e+02;2.5787354e-03;2.4250000e+02;9.2305116e-02;2.4250000e+02;1.6608937e-01;2.4250000e+02;1.9732000e-01;2.4250000e+02;2.0317569e-01;2.4250000e+02;1.8773317e-01;2.4250000e+02;1.3811456e-01;2.4250000e+02;8.3529308e-02;2.4250000e+02;2.9389292e-02;2.4250000e+02;-2.3098975e-02;2.4250000e+02;-7.1868330e-02;2.4250000e+02;-1.2128916e-01;2.4250000e+02;-1.7271475e-01;2.4250000e+02;-1.0481040e-01;2.4250000e+02;-1.2236656e-01;2.4250000e+02;-1.2193936e-01;2.4250000e+02;-1.0171672e-01;2.4250000e+02;-6.1254177e-02;2.4250000e+02;2.5787354e-03;2.4250000e+02;9.2305116e-02;2.4250000e+02;1.6608937e-01;2.4250000e+02;1.9732000e-01;2.4250000e+02;2.0317569e-01;2.4250000e+02;1.8773317e-01;2.4250000e+02;1.3811456e-01;2.4250000e+02;8.3529308e-02;2.4250000e+02;2.9389292e-02;2.4250000e+02;-2.3098975e-02;2.4250000e+02;-7.1868330e-02;2.4250000e+02;-1.2128916e-01;2.4250000e+02;-1.7271475e-01;2.4250000e+02;-1.0481040e-01;2.4250000e+02;-1.2236656e-01;2.4250000e+02;-1.2193936e-01;2.4250000e+02;-1.0171672e-01;2.4250000e+02;-6.1254177e-02;2.4250000e+02;2.5787354e-03;2.4250000e+02;9.2305116e-02;2.4250000e+02;1.6608937e-01;2.4250000e+02;1.9732000e-01;2.4250000e+02;2.0317569e-01;2.4250000e+02;1.8773317e-01;2.4250000e+02;1.3811456e-01;2.4250000e+02;8.3529308e-02;2.4250000e+02;2.9389292e-02;2.4250000e+02;-2.3098975e-02;2.4250000e+02;-7.1868330e-02;2.4250000e+02;-1.2128916e-01;2.4250000e+02;-1.7271475e-01;2.4250000e+02;-1.0481040e-01;2.4250000e+02;-1.2236656e-01;2.4250000e+02;-1.2193936e-01;2.4250000e+02;-1.0171672e-01;2.4250000e+02;-6.1254177e-02;2.4250000e+02;2.5787354e-03;2.4250000e+02;9.2305116e-02;2.4250000e+02;1.6608937e-01;2.4250000e+02;1.9732000e-01;2.4250000e+02;2.0317569e-01;2.4250000e+02;1.8773317e-01;2.4250000e+02;1.3811456e-01;2.4250000e+02;8.3529308e-02;2.4250000e+02;2.9389292e-02;2.4250000e+02;-2.3098975e-02;2.4250000e+02;-7.1868330e-02;2.4250000e+02;-1.2128916e-01;2.4250000e+02;-1.7271475e-01;2.4250000e+02;-1.0481040e-01;2.4250000e+02;-1.2236656e-01;2.4250000e+02;-1.2193936e-01;2.4250000e+02;-1.0171672e-01;2.4250000e+02;-6.1254177e-02;2.4250000e+02;2.5787354e-03;2.4250000e+02;9.2305116e-02;2.4250000e+02;1.6608937e-01;2.4250000e+02;1.9732000e-01;2.4250000e+02;2.0317569e-01;2.4250000e+02;1.8773317e-01;2.4250000e+02;1.3811456e-01;2.4250000e+02;8.3529308e-02;2.4250000e+02;2.9389292e-02;2.4250000e+02;-2.3098975e-02;2.4250000e+02;-7.1868330e-02;2.4250000e+02;-1.2128916e-01;2.4250000e+02;-1.7271475e-01;2.4250000e+02;-1.0481040e-01;2.4250000e+02;-1.2236656e-01;2.4250000e+02;-1.2193936e-01;2.4250000e+02;-1.0171672e-01;2.4250000e+02;-6.1254177e-02;2.4250000e+02;2.5787354e-03;2.4250000e+02;9.2305116e-02;2.4250000e+02;1.6608937e-01;2.4250000e+02;1.9732000e-01;2.4250000e+02;2.0317569e-01;2.4250000e+02;1.8773317e-01;2.4250000e+02;1.3811456e-01;2.4250000e+02;8.3529308e-02;2.4250000e+02;2.9389292e-02;2.4250000e+02;-2.3098975e-02;2.4250000e+02;-7.1868330e-02;2.4250000e+02;-1.2128916e-01;2.4250000e+02;-1.7271475e-01;2.4250000e+02;-1.0481040e-01;2.4250000e+02;-1.2236656e-01;2.4250000e+02;-1.2193936e-01;2.4250000e+02;-1.0171672e-01;2.4250000e+02;-6.1254177e-02;2.4250000e+02;2.5787354e-03;2.4250000e+02;9.2305116e-02;2.4250000e+02;1.6608937e-01;2.4250000e+02;1.9732000e-01;2.4250000e+02;2.0317569e-01;2.4250000e+02;1.8773317e-01;2.4250000e+02;1.3811456e-01;2.4250000e+02;8.3529308e-02;2.4250000e+02;2.9389292e-02;2.4250000e+02;-2.3098975e-02;2.4250000e+02;-7.1868330e-02;2.4250000e+02;-1.2128916e-01;2.4250000e+02;-1.7271475e-01;2.4250000e+02;-1.0481040e-01;2.4250000e+02;-1.2236656e-01;2.4250000e+02;-1.2193936e-01;2.4250000e+02;-1.0171672e-01;2.4250000e+02;-6.1254177e-02;2.4250000e+02;2.5787354e-03;2.4250000e+02;9.2305116e-02;2.4250000e+02;1.6608937e-01;2.4250000e+02;1.9732000e-01;2.4250000e+02;2.0317569e-01;2.4250000e+02;1.8773317e-01;2.4250000e+02;1.3811456e-01;2.4250000e+02;8.3529308e-02;2.4250000e+02;2.9389292e-02;2.4250000e+02;-2.3098975e-02;2.4250000e+02;-7.1868330e-02;2.4250000e+02;-1.2128916e-01;2.4250000e+02;-1.7271475e-01;2.4250000e+02;-1.0481040e-01;2.4250000e+02;-1.2236656e-01;2.4250000e+02;-1.2193936e-01;2.4250000e+02;-1.0171672e-01;2.4250000e+02;-6.1254177e-02;2.4250000e+02;2.5787354e-03;2.4250000e+02;9.2305116e-02;2.4250000e+02;1.6608937e-01;2.4250000e+02;1.9732000e-01;2.4250000e+02;2.0317569e-01;2.4250000e+02;1.8773317e-01;2.4250000e+02;1.3811456e-01;2.4250000e+02;8.3529308e-02;2.4250000e+02;2.9389292e-02;2.4250000e+02;-2.3098975e-02;2.4250000e+02;-7.1868330e-02;2.4250000e+02;-1.2128916e-01;2.4250000e+02;-1.7271475e-01;2.4250000e+02;-1.0481040e-01;2.4250000e+02;-1.2236656e-01;2.4250000e+02;-1.2193936e-01;2.4250000e+02;-1.0171672e-01;2.4250000e+02;-6.1254177e-02;2.4250000e+02;2.5787354e-03;2.4250000e+02;9.2305116e-02;2.4250000e+02;1.6608937e-01;2.4250000e+02;1.9732000e-01;2.4250000e+02;2.0317569e-01;2.4250000e+02;1.8773317e-01;2.4250000e+02;1.3811456e-01;2.4250000e+02;8.3529308e-02;2.4250000e+02;2.9389292e-02;2.4250000e+02;-2.3098975e-02;2.4250000e+02;-7.1868330e-02;2.4250000e+02;-1.2128916e-01;2.4250000e+02;-1.7271475e-01;2.4250000e+02;-1.0481040e-01;2.4250000e+02;-1.2236656e-01;2.4250000e+02;-1.2193936e-01;2.4250000e+02;-1.0171672e-01;2.4250000e+02;-6.1254177e-02;2.4250000e+02;2.5787354e-03;2.4250000e+02;9.2305116e-02;2.4250000e+02;1.6608937e-01;2.4250000e+02;1.9732000e-01;2.4250000e+02;2.0317569e-01;2.4250000e+02;1.8773317e-01;2.4250000e+02;1.3811456e-01;2.4250000e+02;8.3529308e-02;2.4250000e+02;2.9389292e-02;2.4250000e+02;-2.3098975e-02;2.4250000e+02;-7.1868330e-02;2.4250000e+02;-1.2128916e-01;2.4250000e+02;-1.7271475e-01;2.4250000e+02;-1.0481040e-01;2.4250000e+02;-1.2236656e-01;2.4250000e+02;-1.2193936e-01;2.4250000e+02;-1.0171672e-01;2.4250000e+02;-6.1254177e-02;2.4250000e+02;2.5787354e-03;2.4250000e+02;9.2305116e-02;2.4250000e+02;1.6608937e-01;2.4250000e+02;1.9732000e-01;2.4250000e+02;2.0317569e-01;2.4250000e+02;1.8773317e-01;2.4250000e+02;1.3811456e-01;2.4250000e+02;8.3529308e-02;2.4250000e+02;2.9389292e-02;2.4250000e+02;-2.3098975e-02;2.4250000e+02;-7.1868330e-02;2.4250000e+02;-1.2128916e-01;2.4250000e+02;-1.7271475e-01;2.4250000e+02;-1.0481040e-01;2.4250000e+02;-1.2236656e-01;2.4250000e+02;-1.2193936e-01;2.4250000e+02;-1.0171672e-01;2.4250000e+02;-6.1254177e-02;2.4250000e+02;2.5787354e-03;2.4250000e+02;9.2305116e-02;2.4250000e+02;1.6608937e-01;2.4250000e+02;1.9732000e-01;2.4250000e+02;2.0317569e-01;2.4250000e+02;1.8773317e-01;2.4250000e+02;1.3811456e-01;2.4250000e+02;8.3529308e-02;2.4250000e+02;2.9389292e-02;2.4250000e+02;-2.3098975e-02;2.4250000e+02;-7.1868330e-02;2.4250000e+02;-1.2128916e-01;2.4250000e+02;-1.7271475e-01;2.4250000e+02;-1.0481040e-01;2.4250000e+02;-1.2236656e-01;2.4250000e+02;-1.2193936e-01;2.4250000e+02;-1.0171672e-01;2.4250000e+02;-6.1254177e-02;2.4250000e+02;2.5787354e-03;2.4250000e+02;9.2305116e-02;2.4250000e+02;1.6608937e-01;2.4250000e+02;1.9732000e-01;2.4250000e+02;2.0317569e-01;2.4250000e+02;1.8773317e-01;2.4250000e+02;1.3811456e-01;2.4250000e+02;8.3529308e-02;2.4250000e+02;2.9389292e-02;2.4250000e+02;-2.3098975e-02;2.4250000e+02;-7.1868330e-02;2.4250000e+02;-1.2128916e-01;2.4250000e+02;-1.7271475e-01;2.4250000e+02;-1.0481040e-01;2.4250000e+02;-1.2236656e-01;2.4250000e+02;-1.2193936e-01;2.4250000e+02;-1.0171672e-01;2.4250000e+02;-6.1254177e-02;2.4250000e+02;2.5787354e-03;2.4250000e+02;9.2305116e-02;2.4250000e+02;1.6608937e-01;2.4250000e+02;1.9732000e-01;2.4250000e+02;2.0317569e-01;2.4250000e+02;1.8773317e-01;2.4250000e+02;1.3811456e-01;2.4250000e+02;8.3529308e-02;2.4250000e+02;2.9389292e-02;2.4250000e+02;-2.3098975e-02;2.4250000e+02;-7.1868330e-02;2.4250000e+02;-1.2128916e-01;2.4250000e+02;-1.7271475e-01;2.4250000e+02;-1.0481040e-01;2.4250000e+02;-1.2236656e-01;2.4250000e+02;-1.2193936e-01;2.4250000e+02;-1.0171672e-01;2.4250000e+02;-6.1254177e-02;2.4250000e+02;2.5787354e-03;2.4250000e+02;9.2305116e-02;2.4250000e+02;1.6608937e-01;2.4250000e+02;1.9732000e-01;2.4250000e+02;2.0317569e-01;2.4250000e+02;1.8773317e-01;2.4250000e+02;1.3811456e-01;2.4250000e+02;8.3529308e-02;2.4250000e+02;2.9389292e-02;2.4250000e+02;-2.3098975e-02;2.4250000e+02;-7.1868330e-02;2.4250000e+02;-1.2128916e-01;2.4250000e+02;-1.7271475e-01;2.4250000e+02;-1.0481040e-01;2.4250000e+02;-1.2236656e-01;2.4250000e+02;-1.2193936e-01;2.4250000e+02;-1.0171672e-01;2.4250000e+02;-6.1254177e-02;2.4250000e+02;2.5787354e-03;2.4250000e+02;9.2305116e-02;2.4250000e+02;1.6608937e-01;2.4250000e+02;1.9732000e-01;2.4250000e+02;2.0317569e-01;2.4250000e+02;1.8773317e-01;2.4250000e+02;1.3811456e-01;2.4250000e+02;8.3529308e-02;2.4250000e+02;2.9389292e-02;2.4250000e+02;-2.3098975e-02;2.4250000e+02;-7.1868330e-02;2.4250000e+02;-1.2128916e-01;2.4250000e+02;-1.7271475e-01;2.4250000e+02;-1.0481040e-01;2.4250000e+02;-1.2236656e-01;2.4250000e+02;-1.2193936e-01;2.4250000e+02;-1.0171672e-01;2.4250000e+02;-6.1254177e-02;2.4250000e+02;2.5787354e-03;2.4250000e+02;9.2305116e-02;2.4250000e+02;1.6608937e-01;2.4250000e+02;1.9732000e-01;2.4250000e+02;2.0317569e-01;2.4250000e+02;1.8773317e-01;2.4250000e+02;1.3811456e-01;2.4250000e+02;8.3529308e-02;2.4250000e+02;2.9389292e-02;2.4250000e+02;-2.3098975e-02;2.4250000e+02;-7.1868330e-02;2.4250000e+02;-1.2128916e-01;2.4250000e+02;-1.7271475e-01;2.4250000e+02;-1.0481040e-01;2.4250000e+02;-1.2236656e-01;2.4250000e+02;-1.2193936e-01;2.4250000e+02;-1.0171672e-01;2.4250000e+02;-6.1254177e-02;2.4250000e+02;2.5787354e-03;2.4250000e+02;9.2305116e-02;2.4250000e+02;1.6608937e-01;2.4250000e+02;1.9732000e-01;2.4250000e+02;2.0317569e-01;2.4250000e+02;1.8773317e-01;2.4250000e+02;1.3811456e-01;2.4250000e+02;8.3529308e-02;2.4250000e+02;2.9389292e-02;2.4250000e+02;-2.3098975e-02;2.4250000e+02;-7.1868330e-02;2.4250000e+02;-1.2128916e-01;2.4250000e+02;-1.7271475e-01;2.4250000e+02;-1.0481040e-01;2.4250000e+02;-1.2236656e-01;2.4250000e+02;-1.2193936e-01;2.4250000e+02;-1.0171672e-01;2.4250000e+02;-6.1254177e-02;2.4250000e+02;2.5787354e-03;2.4250000e+02;9.2305116e-02;2.4250000e+02;1.6608937e-01;2.4250000e+02;1.9732000e-01;2.4250000e+02;2.0317569e-01;2.4250000e+02;1.8773317e-01;2.4250000e+02;1.3811456e-01;2.4250000e+02;8.3529308e-02;2.4250000e+02;2.9389292e-02;2.4250000e+02;-2.3098975e-02;2.4250000e+02;-7.1868330e-02;2.4250000e+02;-1.2128916e-01;2.4250000e+02;-1.7271475e-01;2.4250000e+02;-1.0481040e-01;2.4250000e+02;-1.2236656e-01;2.4250000e+02;-1.2193936e-01;2.4250000e+02;-1.0171672e-01;2.4250000e+02;-6.1254177e-02;2.4250000e+02;2.5787354e-03;2.4250000e+02;9.2305116e-02;2.4250000e+02;1.6608937e-01;2.4250000e+02;1.9732000e-01;2.4250000e+02;2.0317569e-01;2.4250000e+02;1.8773317e-01;2.4250000e+02;1.3811456e-01;2.4250000e+02;8.3529308e-02;2.4250000e+02;2.9389292e-02;2.4250000e+02;-2.3098975e-02;2.4250000e+02;-7.1868330e-02;2.4250000e+02;-1.2128916e-01;2.4250000e+02;-1.7271475e-01;2.4250000e+02;-1.0481040e-01;2.4250000e+02;-1.2236656e-01;2.4250000e+02;-1.2193936e-01;2.4250000e+02;-1.0171672e-01;2.4250000e+02;-6.1254177e-02;2.4250000e+02;2.5787354e-03;2.4250000e+02;9.2305116e-02;2.4250000e+02;1.6608937e-01;2.4250000e+02;1.9732000e-01;2.4250000e+02;2.0317569e-01;2.4250000e+02;1.8773317e-01;2.4250000e+02;1.3811456e-01;2.4250000e+02;8.3529308e-02;2.4250000e+02;2.9389292e-02;2.4250000e+02;-2.3098975e-02;2.4250000e+02;-7.1868330e-02;2.4250000e+02;-1.2128916e-01;2.4250000e+02;-1.7271475e-01;2.4250000e+02;-1.0481040e-01;2.4250000e+02;-1.2236656e-01;2.4250000e+02;-1.2193936e-01;2.4250000e+02;-1.0171672e-01;2.4250000e+02;-6.1254177e-02;2.4250000e+02;2.5787354e-03;2.4250000e+02;9.2305116e-02;2.4250000e+02;1.6608937e-01;2.4250000e+02;1.9732000e-01;2.4250000e+02;2.0317569e-01;2.4250000e+02;1.8773317e-01;2.4250000e+02;1.3811456e-01;2.4250000e+02;8.3529308e-02;2.4250000e+02;2.9389292e-02;2.4250000e+02;-2.3098975e-02;2.4250000e+02;-7.1868330e-02;2.4250000e+02;-1.2128916e-01;2.4250000e+02;-1.7271475e-01;2.4250000e+02;-1.0481040e-01;2.4250000e+02;-1.2236656e-01;2.4250000e+02;-1.2193936e-01;2.4250000e+02;-1.0171672e-01;2.4250000e+02;-6.1254177e-02;2.4250000e+02;2.5787354e-03;2.4250000e+02;9.2305116e-02;2.4250000e+02;1.6608937e-01;2.4250000e+02;1.9732000e-01;2.4250000e+02;2.0317569e-01;2.4250000e+02;1.8773317e-01;2.4250000e+02;1.3811456e-01;2.4250000e+02;8.3529308e-02;2.4250000e+02;2.9389292e-02;2.4250000e+02;-2.3098975e-02;2.4250000e+02;-7.1868330e-02;2.4250000e+02;-1.2128916e-01;2.4250000e+02;-1.7271475e-01;2.4250000e+02;-1.0481040e-01;2.4250000e+02;-1.2236656e-01;2.4250000e+02;-1.2193936e-01;2.4250000e+02;-1.0171672e-01;2.4250000e+02;-6.1254177e-02;2.4250000e+02;2.5787354e-03;2.4250000e+02;9.2305116e-02;2.4250000e+02;1.6608937e-01;2.4250000e+02;1.9732000e-01;2.4250000e+02;2.0317569e-01;2.4250000e+02;1.8773317e-01;2.4250000e+02;1.3811456e-01;2.4250000e+02;8.3529308e-02;2.4250000e+02;2.9389292e-02;2.4250000e+02;-2.3098975e-02;2.4250000e+02;-7.1868330e-02;2.4250000e+02;-1.2128916e-01;2.4250000e+02;-1.7271475e-01;2.4250000e+02;-1.0481040e-01;2.4250000e+02;-1.2236656e-01;2.4250000e+02;-1.2193936e-01;2.4250000e+02;-1.0171672e-01;2.4250000e+02;-6.1254177e-02;2.4250000e+02;2.5787354e-03;2.4250000e+02;9.2305116e-02;2.4250000e+02;1.6608937e-01;2.4250000e+02;1.9732000e-01;2.4250000e+02;2.0317569e-01;2.4250000e+02;1.8773317e-01;2.4250000e+02;1.3811456e-01;2.4250000e+02;8.3529308e-02;2.4250000e+02;2.9389292e-02;2.4250000e+02;-2.3098975e-02;2.4250000e+02;-7.1868330e-02;2.4250000e+02;-1.2128916e-01;2.4250000e+02;-1.7271475e-01;2.4250000e+02;-1.0481040e-01;2.4250000e+02;-1.2236656e-01;2.4250000e+02;-1.2193936e-01;2.4250000e+02;-1.0171672e-01;2.4250000e+02;-6.1254177e-02;2.4250000e+02;2.5787354e-03;2.4250000e+02;9.2305116e-02;2.4250000e+02;1.6608937e-01;2.4250000e+02;1.9732000e-01;2.4250000e+02;2.0317569e-01;2.4250000e+02;1.8773317e-01;2.4250000e+02;1.3811456e-01;2.4250000e+02;8.3529308e-02;2.4250000e+02;2.9389292e-02;2.4250000e+02;-2.3098975e-02;2.4250000e+02;-7.1868330e-02;2.4250000e+02;-1.2128916e-01;2.4250000e+02;-1.7271475e-01;2.4250000e+02;-1.0481040e-01;2.4250000e+02;-1.2236656e-01;2.4250000e+02;-1.2193936e-01;2.4250000e+02;-1.0171672e-01;2.4250000e+02;-6.1254177e-02;2.4250000e+02;2.5787354e-03;2.4250000e+02;9.2305116e-02;2.4250000e+02;1.6608937e-01;2.4250000e+02;1.9732000e-01;2.4250000e+02;2.0317569e-01;2.4250000e+02;1.8773317e-01;2.4250000e+02;1.3811456e-01;2.4250000e+02;8.3529308e-02;2.4250000e+02;2.9389292e-02;2.4250000e+02;-2.3098975e-02;2.4250000e+02;-7.1868330e-02;2.4250000e+02;-1.2128916e-01;2.4250000e+02;-1.7271475e-01;2.4250000e+02;-1.0481040e-01;2.4250000e+02;-1.2236656e-01;2.4250000e+02;-1.2193936e-01;2.4250000e+02;-1.0171672e-01;2.4250000e+02;-6.1254177e-02;2.4250000e+02;2.5787354e-03;2.4250000e+02;9.2305116e-02;2.4250000e+02;1.6608937e-01;2.4250000e+02;1.9732000e-01;2.4250000e+02;2.0317569e-01;2.4250000e+02;1.8773317e-01;2.4250000e+02;1.3811456e-01;2.4250000e+02;8.3529308e-02;2.4250000e+02;2.9389292e-02;2.4250000e+02;-2.3098975e-02;2.4250000e+02;-7.1868330e-02;2.4250000e+02;-1.2128916e-01;2.4250000e+02;-1.7271475e-01;2.4250000e+02;-1.0481040e-01;2.4250000e+02;-1.2236656e-01;2.4250000e+02;-1.2193936e-01;2.4250000e+02;-1.0171672e-01;2.4250000e+02;-6.1254177e-02;2.4250000e+02;2.5787354e-03;2.4250000e+02;9.2305116e-02;2.4250000e+02;1.6608937e-01;2.4250000e+02;1.9732000e-01;2.4250000e+02;2.0317569e-01;2.4250000e+02;1.8773317e-01;2.4250000e+02;1.3811456e-01;2.4250000e+02;8.3529308e-02;2.4250000e+02;2.9389292e-02;2.4250000e+02;-2.3098975e-02;2.4250000e+02;-7.1868330e-02;2.4250000e+02;-1.2128916e-01;2.4250000e+02;-1.7271475e-01;2.4250000e+02;-1.0481040e-01;2.4250000e+02;-1.2236656e-01;2.4250000e+02;-1.2193936e-01;2.4250000e+02;-1.0171672e-01;2.4250000e+02;-6.1254177e-02;2.4250000e+02;2.5787354e-03;2.4250000e+02;9.2305116e-02;2.4250000e+02;1.6608937e-01;2.4250000e+02;1.9732000e-01;2.4250000e+02;2.0317569e-01;2.4250000e+02;1.8773317e-01;2.4250000e+02;1.3811456e-01;2.4250000e+02;8.3529308e-02;2.4250000e+02;2.9389292e-02;2.4250000e+02;-2.3098975e-02;2.4250000e+02;-7.1868330e-02;2.4250000e+02;-1.2128916e-01;2.4250000e+02;-1.7271475e-01;2.4250000e+02;-1.0481040e-01;2.4250000e+02;-1.2236656e-01;2.4250000e+02;-1.2193936e-01;2.4250000e+02;-1.0171672e-01;2.4250000e+02;-6.1254177e-02;2.4250000e+02;2.5787354e-03;2.4250000e+02;9.2305116e-02;2.4250000e+02;1.6608937e-01;2.4250000e+02;1.9732000e-01;2.4250000e+02;2.0317569e-01;2.4250000e+02;1.8773317e-01;2.4250000e+02;1.3811456e-01;2.4250000e+02;8.3529308e-02;2.4250000e+02;2.9389292e-02;2.4250000e+02;-2.3098975e-02;2.4250000e+02;-7.1868330e-02;2.4250000e+02;-1.2128916e-01;2.4250000e+02;-1.7271475e-01
2.4750000e+02;-1.0045651e-01;2.4750000e+02;-1.1575986e-01;2.4750000e+02;-1.1266175e-01;2.4750000e+02;-8.9042880e-02;2.4750000e+02;-4.5119986e-02;2.4750000e+02;2.1683559e-02;2.4750000e+02;1.0837731e-01;2.4750000e+02;1.6925289e-01;2.4750000e+02;1.8757361e-01;2.4750000e+02;1.9028118e-01;2.4750000e+02;1.8553524e-01;2.4750000e+02;1.4263245e-01;2.4750000e+02;9.2606246e-02;2.4750000e+02;4.1328326e-02;2.4750000e+02;-9.5652938e-03;2.4750000e+02;-5.8353722e-02;2.4750000e+02;-1.0543741e-01;2.4750000e+02;-1.5645480e-01;2.4750000e+02;-1.0045651e-01;2.4750000e+02;-1.1575986e-01;2.4750000e+02;-1.1266175e-01;2.4750000e+02;-8.9042880e-02;2.4750000e+02;-4.5119986e-02;2.4750000e+02;2.1683559e-02;2.4750000e+02;1.0837731e-01;2.4750000e+02;1.6925289e-01;2.4750000e+02;1.8757361e-01;2.4750000e+02;1.9028118e-01;2.4750000e+02;1.8553524e-01;2.4750000e+02;1.4263245e-01;2.4750000e+02;9.2606246e-02;2.4750000e+02;4.1328326e-02;2.4750000e+02;-9.5652938e-03;2.4750000e+02;-5.8353722e-02;2.4750000e+02;-1.0543741e-01;2.4750000e+02;-1.5645480e-01;2.4750000e+02;-1.0045651e-01;2.4750000e+02;-1.1575986e-01;2.4750000e+02;-1.1266175e-01;2.4750000e+02;-8.9042880e-02;2.4750000e+02;-4.5119986e-02;2.4750000e+02;2.1683559e-02;2.4750000e+02;1.0837731e-01;2.4750000e+02;1.6925289e-01;2.4750000e+02;1.8757361e-01;2.4750000e+02;1.9028118e-01;2.4750000e+02;1.8553524e-01;2.4750000e+02;1.4263245e-01;2.4750000e+02;9.2606246e-02;2.4750000e+02;4.1328326e-02;2.4750000e+02;-9.5652938e-03;2.4750000e+02;-5.8353722e-02;2.4750000e+02;-1.0543741e-01;2.4750000e+02;-1.5645480e-01;2.4750000e+02;-1.0045651e-01;2.4750000e+02;-1.1575986e-01;2.4750000e+02;-1.1266175e-01;2.4750000e+02;-8.9042880e-02;2.4750000e+02;-4.5119986e-02;2.4750000e+02;2.1683559e-02;2.4750000e+02;1.0837731e-01;2.4750000e+02;1.6925289e-01;2.4750000e+02;1.8757361e-01;2.4750000e+02;1.9028118e-01;2.4750000e+02;1.8553524e-01;2.4750000e+02;1.4263245e-01;2.4750000e+02;9.2606246e-02;2.4750000e+02;4.1328326e-02;2.4750000e+02;-9.5652938e-03;2.4750000e+02;-5.8353722e-02;2.4750000e+02;-1.0543741e-01;2.4750000e+02;-1.5645480e-01;2.4750000e+02;-1.0045651e-01;2.4750000e+02;-1.1575986e-01;2.4750000e+02;-1.1266175e-01;2.4750000e+02;-8.9042880e-02;2.4750000e+02;-4.5119986e-02;2.4750000e+02;2.1683559e-02;2.4750000e+02;1.0837731e-01;2.4750000e+02;1.6925289e-01;2.4750000e+02;1.8757361e-01;2.4750000e+02;1.9028118e-01;2.4750000e+02;1.8553524e-01;2.4750000e+02;1.4263245e-01;2.4750000e+02;9.2606246e-02;2.4750000e+02;4.1328326e-02;2.4750000e+02;-9.5652938e-03;2.4750000e+02;-5.8353722e-02;2.4750000e+02;-1.0543741e-01;2.4750000e+02;-1.5645480e-01;2.4750000e+02;-1.0045651e-01;2.4750000e+02;-1.1575986e-01;2.4750000e+02;-1.1266175e-01;2.4750000e+02;-8.9042880e-02;2.4750000e+02;-4.5119986e-02;2.4750000e+02;2.1683559e-02;2.4750000e+02;1.0837731e-01;2.4750000e+02;1.6925289e-01;2.4750000e+02;1.8757361e-01;2.4750000e+02;1.9028118e-01;2.4750000e+02;1.8553524e-01;2.4750000e+02;1.4263245e-01;2.4750000e+02;9.2606246e-02;2.4750000e+02;4.1328326e-02;2.4750000e+02;-9.5652938e-03;2.4750000e+02;-5.8353722e-02;2.4750000e+02;-1.0543741e-01;2.4750000e+02;-1.5645480e-01;2.4750000e+02;-1.0045651e-01;2.4750000e+02;-1.1575986e-01;2.4750000e+02;-1.1266175e-01;2.4750000e+02;-8.9042880e-02;2.4750000e+02;-4.5119986e-02;2.4750000e+02;2.1683559e-02;2.4750000e+02;1.0837731e-01;2.4750000e+02;1.6925289e-01;2.4750000e+02;1.8757361e-01;2.4750000e+02;1.9028118e-01;2.4750000e+02;1.8553524e-01;2.4750000e+02;1.4263245e-01;2.4750000e+02;9.2606246e-02;2.4750000e+02;4.1328326e-02;2.4750000e+02;-9.5652938e-03;2.4750000e+02;-5.8353722e-02;2.4750000e+02;-1.0543741e-01;2.4750000e+02;-1.5645480e-01;2.4750000e+02;-1.0045651e-01;2.4750000e+02;-1.1575986e-01;2.4750000e+02;-1.1266175e-01;2.4750000e+02;-8.9042880e-02;2.4750000e+02;-4.5119986e-02;2.4750000e+02;2.1683559e-02;2.4750000e+02;1.0837731e-01;2.4750000e+02;1.6925289e-01;2.4750000e+02;1.8757361e-01;2.4750000e+02;1.9028118e-01;2.4750000e+02;1.8553524e-01;2.4750000e+02;1.4263245e-01;2.4750000e+02;9.2606246e-02;2.4750000e+02;4.1328326e-02;2.4750000e+02;-9.5652938e-03;2.4750000e+02;-5.8353722e-02;2.4750000e+02;-1.0543741e-01;2.4750000e+02;-1.5645480e-01;2.4750000e+02;-1.0045651e-01;2.4750000e+02;-1.1575986e-01;2.4750000e+02;-1.1266175e-01;2.4750000e+02;-8.9042880e-02;2.4750000e+02;-4.5119986e-02;2.4750000e+02;2.1683559e-02;2.4750000e+02;1.0837731e-01;2.4750000e+02;1.6925289e-01;2.4750000e+02;1.8757361e-01;2.4750000e+02;1.9028118e-01;2.4750000e+02;1.8553524e-01;2.4750000e+02;1.4263245e-01;2.4750000e+02;9.2606246e-02;2.4750000e+02;4.1328326e-02;2.4750000e+02;-9.5652938e-03;2.4750000e+02;-5.8353722e-02;2.4750000e+02;-1.0543741e-01;2.4750000e+02;-1.5645480e-01;2.4750000e+02;-1.0045651e-01;2.4750000e+02;-1.1575986e-01;2.4750000e+02;-1.1266175e-01;2.4750000e+02;-8.9042880e-02;2.4750000e+02;-4.5119986e-02;2.4750000e+02;2.1683559e-02;2.4750000e+02;1.0837731e-01;2.4750000e+02;1.6925289e-01;2.4750000e+02;1.8757361e-01;2.4750000e+02;1.9028118e-01;2.4750000e+02;1.8553524e-01;2.4750000e+02;1.4263245e-01;2.4750000e+02;9.2606246e-02;2.4750000e+02;4.1328326e-02;2.4750000e+02;-9.5652938e-03;2.4750000e+02;-5.8353722e-02;2.4750000e+02;-1.0543741e-01;2.4750000e+02;-1.5645480e-01;2.4750000e+02;-1.0045651e-01;2.4750000e+02;-1.1575986e-01;2.4750000e+02;-1.1266175e-01;2.4750000e+02;-8.9042880e-02;2.4750000e+02;-4.5119986e-02;2.4750000e+02;2.1683559e-02;2.4750000e+02;1.0837731e-01;2.4750000e+02;1.6925289e-01;2.4750000e+02;1.8757361e-01;2.4750000e+02;1.9028118e-01;2.4750000e+02;1.8553524e-01;2.4750000e+02;1.4263245e-01;2.4750000e+02;9.2606246e-02;2.4750000e+02;4.1328326e-02;2.4750000e+02;-9.5652938e-03;2.4750000e+02;-5.8353722e-02;2.4750000e+02;-1.0543741e-01;2.4750000e+02;-1.5645480e-01;2.4750000e+02;-1.0045651e-01;2.4750000e+02;-1.1575986e-01;2.4750000e+02;-1.1266175e-01;2.4750000e+02;-8.9042880e-02;2.4750000e+02;-4.5119986e-02;2.4750000e+02;2.1683559e-02;2.4750000e+02;1.0837731e-01;2.4750000e+02;1.6925289e-01;2.4750000e+02;1.8757361e-01;2.4750000e+02;1.9028118e-01;2.4750000e+02;1.8553524e-01;2.4750000e+02;1.4263245e-01;2.4750000e+02;9.2606246e-02;2.4750000e+02;4.1328326e-02;2.4750000e+02;-9.5652938e-03;2.4750000e+02;-5.8353722e-02;2.4750000e+02;-1.0543741e-01;2.4750000e+02;-1.5645480e-01;2.4750000e+02;-1.0045651e-01;2.4750000e+02;-1.1575986e-01;2.4750000e+02;-1.1266175e-01;2.4750000e+02;-8.9042880e-02;2.4750000e+02;-4.5119986e-02;2.4750000e+02;2.1683559e-02;2.4750000e+02;1.0837731e-01;2.4750000e+02;1.6925289e-01;2.4750000e+02;1.8757361e-01;2.4750000e+02;1.9028118e-01;2.4750000e+02;1.8553524e-01;2.4750000e+02;1.4263245e-01;2.4750000e+02;9.2606246e-02;2.4750000e+02;4.1328326e-02;2.4750000e+02;-9.5652938e-03;2.4750000e+02;-5.8353722e-02;2.4750000e+02;-1.0543741e-01;2.4750000e+02;-1.5645480e-01;2.4750000e+02;-1.0045651e-01;2.4750000e+02;-1.1575986e-01;2.4750000e+02;-1.1266175e-01;2.4750000e+02;-8.9042880e-02;2.4750000e+02;-4.5119986e-02;2.4750000e+02;2.1683559e-02;2.4750000e+02;1.0837731e-01;2.4750000e+02;1.6925289e-01;2.4750000e+02;1.8757361e-01;2.4750000e+02;1.9028118e-01;2.4750000e+02;1.8553524e-01;2.4750000e+02;1.4263245e-01;2.4750000e+02;9.2606246e-02;2.4750000e+02;4.1328326e-02;2.4750000e+02;-9.5652938e-03;2.4750000e+02;-5.8353722e-02;2.4750000e+02;-1.0543741e-01;2.4750000e+02;-1.5645480e-01;2.4750000e+02;-1.0045651e-01;2.4750000e+02;-1.1575986e-01;2.4750000e+02;-1.1266175e-01;2.4750000e+02;-8.9042880e-02;2.4750000e+02;-4.5119986e-02;2.4750000e+02;2.1683559e-02;2.4750000e+02;1.0837731e-01;2.4750000e+02;1.6925289e-01;2.4750000e+02;1.8757361e-01;2.4750000e+02;1.9028118e-01;2.4750000e+02;1.8553524e-01;2.4750000e+02;1.4263245e-01;2.4750000e+02;9.2606246e-02;2.4750000e+02;4.1328326e-02;2.4750000e+02;-9.5652938e-03;2.4750000e+02;-5.8353722e-02;2.4750000e+02;-1.0543741e-01;2.4750000e+02;-1.5645480e-01;2.4750000e+02;-1.0045651e-01;2.4750000e+02;-1.1575986e-01;2.4750000e+02;-1.1266175e-01;2.4750000e+02;-8.9042880e-02;2.4750000e+02;-4.5119986e-02;2.4750000e+02;2.1683559e-02;2.4750000e+02;1.0837731e-01;2.4750000e+02;1.6925289e-01;2.4750000e+02;1.8757361e-01;2.4750000e+02;1.9028118e-01;2.4750000e+02;1.8553524e-01;2.4750000e+02;1.4263245e-01;2.4750000e+02;9.2606246e-02;2.4750000e+02;4.1328326e-02;2.4750000e+02;-9.5652938e-03;2.4750000e+02;-5.8353722e-02;2.4750000e+02;-1.0543741e-01;2.4750000e+02;-1.5645480e-01;2.4750000e+02;-1.0045651e-01;2.4750000e+02;-1.1575986e-01;2.4750000e+02;-1.1266175e-01;2.4750000e+02;-8.9042880e-02;2.4750000e+02;-4.5119986e-02;2.4750000e+02;2.1683559e-02;2.4750000e+02;1.0837731e-01;2.4750000e+02;1.6925289e-01;2.4750000e+02;1.8757361e-01;2.4750000e+02;1.9028118e-01;2.4750000e+02;1.8553524e-01;2.4750000e+02;1.4263245e-01;2.4750000e+02;9.2606246e-02;2.4750000e+02;4.1328326e-02;2.4750000e+02;-9.5652938e-03;2.4750000e+02;-5.8353722e-02;2.4750000e+02;-1.0543741e-01;2.4750000e+02;-1.5645480e-01;2.4750000e+02;-1.0045651e-01;2.4750000e+02;-1.1575986e-01;2.4750000e+02;-1.1266175e-01;2.4750000e+02;-8.9042880e-02;2.4750000e+02;-4.5119986e-02;2.4750000e+02;2.1683559e-02;2.4750000e+02;1.0837731e-01;2.4750000e+02;1.6925289e-01;2.4750000e+02;1.8757361e-01;2.4750000e+02;1.9028118e-01;2.4750000e+02;1.8553524e-01;2.4750000e+02;1.4263245e-01;2.4750000e+02;9.2606246e-02;2.4750000e+02;4.1328326e-02;2.4750000e+02;-9.5652938e-03;2.4750000e+02;-5.8353722e-02;2.4750000e+02;-1.0543741e-01;2.4750000e+02;-1.5645480e-01;2.4750000e+02;-1.0045651e-01;2.4750000e+02;-1.1575986e-01;2.4750000e+02;-1.1266175e-01;2.4750000e+02;-8.9042880e-02;2.4750000e+02;-4.5119986e-02;2.4750000e+02;2.1683559e-02;2.4750000e+02;1.0837731e-01;2.4750000e+02;1.6925289e-01;2.4750000e+02;1.8757361e-01;2.4750000e+02;1.9028118e-01;2.4750000e+02;1.8553524e-01;2.4750000e+02;1.4263245e-01;2.4750000e+02;9.2606246e-02;2.4750000e+02;4.1328326e-02;2.4750000e+02;-9.5652938e-03;2.4750000e+02;-5.8353722e-02;2.4750000e+02;-1.0543741e-01;2.4750000e+02;-1.5645480e-01;2.4750000e+02;-1.0045651e-01;2.4750000e+02;-1.1575986e-01;2.4750000e+02;-1.1266175e-01;2.4750000e+02;-8.9042880e-02;2.4750000e+02;-4.5119986e-02;2.4750000e+02;2.1683559e-02;2.4750000e+02;1.0837731e-01;2.4750000e+02;1.6925289e-01;2.4750000e+02;1.8757361e-01;2.4750000e+02;1.9028118e-01;2.4750000e+02;1.8553524e-01;2.4750000e+02;1.4263245e-01;2.4750000e+02;9.2606246e-02;2.4750000e+02;4.1328326e-02;2.4750000e+02;-9.5652938e-03;2.4750000e+02;-5.8353722e-02;2.4750000e+02;-1.0543741e-01;2.4750000e+02;-1.5645480e-01;2.4750000e+02;-1.0045651e-01;2.4750000e+02;-1.1575986e-01;2.4750000e+02;-1.1266175e-01;2.4750000e+02;-8.9042880e-02;2.4750000e+02;-4.5119986e-02;2.4750000e+02;2.1683559e-02;2.4750000e+02;1.0837731e-01;2.4750000e+02;1.6925289e-01;2.4750000e+02;1.8757361e-01;2.4750000e+02;1.9028118e-01;2.4750000e+02;1.8553524e-01;2.4750000e+02;1.4263245e-01;2.4750000e+02;9.2606246e-02;2.4750000e+02;4.1328326e-02;2.4750000e+02;-9.5652938e-03;2.4750000e+02;-5.8353722e-02;2.4750000e+02;-1.0543741e-01;2.4750000e+02;-1.5645480e-01;2.4750000e+02;-1.0045651e-01;2.4750000e+02;-1.1575986e-01;2.4750000e+02;-1.1266175e-01;2.4750000e+02;-8.9042880e-02;2.4750000e+02;-4.5119986e-02;2.4750000e+02;2.1683559e-02;2.4750000e+02;1.0837731e-01;2.4750000e+02;1.6925289e-01;2.4750000e+02;1.8757361e-01;2.4750000e+02;1.9028118e-01;2.4750000e+02;1.8553524e-01;2.4750000e+02;1.4263245e-01;2.4750000e+02;9.2606246e-02;2.4750000e+02;4.1328326e-02;2.4750000e+02;-9.5652938e-03;2.4750000e+02;-5.8353722e-02;2.4750000e+02;-1.0543741e-01;2.4750000e+02;-1.5645480e-01;2.4750000e+02;-1.0045651e-01;2.4750000e+02;-1.1575986e-01;2.4750000e+02;-1.1266175e-01;2.4750000e+02;-8.9042880e-02;2.4750000e+02;-4.5119986e-02;2.4750000e+02;2.1683559e-02;2.4750000e+02;1.0837731e-01;2.4750000e+02;1.6925289e-01;2.4750000e+02;1.8757361e-01;2.4750000e+02;1.9028118e-01;2.4750000e+02;1.8553524e-01;2.4750000e+02;1.4263245e-01;2.4750000e+02;9.2606246e-02;2.4750000e+02;4.1328326e-02;2.4750000e+02;-9.5652938e-03;2.4750000e+02;-5.8353722e-02;2.4750000e+02;-1.0543741e-01;2.4750000e+02;-1.5645480e-01;2.4750000e+02;-1.0045651e-01;2.4750000e+02;-1.1575986e-01;2.4750000e+02;-1.1266175e-01;2.4750000e+02;-8.9042880e-02;2.4750000e+02;-4.5119986e-02;2.4750000e+02;2.1683559e-02;2.4750000e+02;1.0837731e-01;2.4750000e+02;1.6925289e-01;2.4750000e+02;1.8757361e-01;2.4750000e+02;1.9028118e-01;2.4750000e+02;1.8553524e-01;2.4750000e+02;1.4263245e-01;2.4750000e+02;9.2606246e-02;2.4750000e+02;4.1328326e-02;2.4750000e+02;-9.5652938e-03;2.4750000e+02;-5.8353722e-02;2.4750000e+02;-1.0543741e-01;2.4750000e+02;-1.5645480e-01;2.4750000e+02;-1.0045651e-01;2.4750000e+02;-1.1575986e-01;2.4750000e+02;-1.1266175e-01;2.4750000e+02;-8.9042880e-02;2.4750000e+02;-4.5119986e-02;2.4750000e+02;2.1683559e-02;2.4750000e+02;1.0837731e-01;2.4750000e+02;1.6925289e-01;2.4750000e+02;1.8757361e-01;2.4750000e+02;1.9028118e-01;2.4750000e+02;1.8553524e-01;2.4750000e+02;1.4263245e-01;2.4750000e+02;9.2606246e-02;2.4750000e+02;4.1328326e-02;2.4750000e+02;-9.5652938e-03;2.4750000e+02;-5.8353722e-02;2.4750000e+02;-1.0543741e-01;2.4750000e+02;-1.5645480e-01;2.4750000e+02;-1.0045651e-01;2.4750000e+02;-1.1575986e-01;2.4750000e+02;-1.1266175e-01;2.4750000e+02;-8.9042880e-02;2.4750000e+02;-4.5119986e-02;2.4750000e+02;2.1683559e-02;2.4750000e+02;1.0837731e-01;2.4750000e+02;1.6925289e-01;2.4750000e+02;1.8757361e-01;2.4750000e+02;1.9028118e-01;2.4750000e+02;1.8553524e-01;2.4750000e+02;1.4263245e-01;2.4750000e+02;9.2606246e-02;2.4750000e+02;4.1328326e-02;2.4750000e+02;-9.5652938e-03;2.4750000e+02;-5.8353722e-02;2.4750000e+02;-1.0543741e-01;2.4750000e+02;-1.5645480e-01;2.4750000e+02;-1.0045651e-01;2.4750000e+02;-1.1575986e-01;2.4750000e+02;-1.1266175e-01;2.4750000e+02;-8.9042880e-02;2.4750000e+02;-4.5119986e-02;2.4750000e+02;2.1683559e-02;2.4750000e+02;1.0837731e-01;2.4750000e+02;1.6925289e-01;2.4750000e+02;1.8757361e-01;2.4750000e+02;1.9028118e-01;2.4750000e+02;1.8553524e-01;2.4750000e+02;1.4263245e-01;2.4750000e+02;9.2606246e-02;2.4750000e+02;4.1328326e-02;2.4750000e+02;-9.5652938e-03;2.4750000e+02;-5.8353722e-02;2.4750000e+02;-1.0543741e-01;2.4750000e+02;-1.5645480e-01;2.4750000e+02;-1.0045651e-01;2.4750000e+02;-1.1575986e-01;2.4750000e+02;-1.1266175e-01;2.4750000e+02;-8.9042880e-02;2.4750000e+02;-4.5119986e-02;2.4750000e+02;2.1683559e-02;2.4750000e+02;1.0837731e-01;2.4750000e+02;1.6925289e-01;2.4750000e+02;1.8757361e-01;2.4750000e+02;1.9028118e-01;2.4750000e+02;1.8553524e-01;2.4750000e+02;1.4263245e-01;2.4750000e+02;9.2606246e-02;2.4750000e+02;4.1328326e-02;2.4750000e+02;-9.5652938e-03;2.4750000e+02;-5.8353722e-02;2.4750000e+02;-1.0543741e-01;2.4750000e+02;-1.5645480e-01;2.4750000e+02;-1.0045651e-01;2.4750000e+02;-1.1575986e-01;2.4750000e+02;-1.1266175e-01;2.4750000e+02;-8.9042880e-02;2.4750000e+02;-4.5119986e-02;2.4750000e+02;2.1683559e-02;2.4750000e+02;1.0837731e-01;2.4750000e+02;1.6925289e-01;2.4750000e+02;1.8757361e-01;2.4750000e+02;1.9028118e-01;2.4750000e+02;1.8553524e-01;2.4750000e+02;1.4263245e-01;2.4750000e+02;9.2606246e-02;2.4750000e+02;4.1328326e-02;2.4750000e+02;-9.5652938e-03;2.4750000e+02;-5.8353722e-02;2.4750000e+02;-1.0543741e-01;2.4750000e+02;-1.5645480e-01;2.4750000e+02;-1.0045651e-01;2.4750000e+02;-1.1575986e-01;2.4750000e+02;-1.1266175e-01;2.4750000e+02;-8.9042880e-02;2.4750000e+02;-4.5119986e-02;2.4750000e+02;2.1683559e-02;2.4750000e+02;1.0837731e-01;2.4750000e+02;1.6925289e-01;2.4750000e+02;1.8757361e-01;2.4750000e+02;1.9028118e-01;2.4750000e+02;1.8553524e-01;2.4750000e+02;1.4263245e-01;2.4750000e+02;9.2606246e-02;2.4750000e+02;4.1328326e-02;2.4750000e+02;-9.5652938e-03;2.4750000e+02;-5.8353722e-02;2.4750000e+02;-1.0543741e-01;2.4750000e+02;-1.5645480e-01;2.4750000e+02;-1.0045651e-01;2.4750000e+02;-1.1575986e-01;2.4750000e+02;-1.1266175e-01;2.4750000e+02;-8.9042880e-02;2.4750000e+02;-4.5119986e-02;2.4750000e+02;2.1683559e-02;2.4750000e+02;1.0837731e-01;2.4750000e+02;1.6925289e-01;2.4750000e+02;1.8757361e-01;2.4750000e+02;1.9028118e-01;2.4750000e+02;1.8553524e-01;2.4750000e+02;1.4263245e-01;2.4750000e+02;9.2606246e-02;2.4750000e+02;4.1328326e-02;2.4750000e+02;-9.5652938e-03;2.4750000e+02;-5.8353722e-02;2.4750000e+02;-1.0543741e-01;2.4750000e+02;-1.5645480e-01;2.4750000e+02;-1.0045651e-01;2.4750000e+02;-1.1575986e-01;2.4750000e+02;-1.1266175e-01;2.4750000e+02;-8.9042880e-02;2.4750000e+02;-4.5119986e-02;2.4750000e+02;2.1683559e-02;2.4750000e+02;1.0837731e-01;2.4750000e+02;1.6925289e-01;2.4750000e+02;1.8757361e-01;2.4750000e+02;1.9028118e-01;2.4750000e+02;1.8553524e-01;2.4750000e+02;1.4263245e-01;2.4750000e+02;9.2606246e-02;2.4750000e+02;4.1328326e-02;2.4750000e+02;-9.5652938e-03;2.4750000e+02;-5.8353722e-02;2.4750000e+02;-1.0543741e-01;2.4750000e+02;-1.5645480e-01;2.4750000e+02;-1.0045651e-01;2.4750000e+02;-1.1575986e-01;2.4750000e+02;-1.1266175e-01;2.4750000e+02;-8.9042880e-02;2.4750000e+02;-4.5119986e-02;2.4750000e+02;2.1683559e-02;2.4750000e+02;1.0837731e-01;2.4750000e+02;1.6925289e-01;2.4750000e+02;1.8757361e-01;2.4750000e+02;1.9028118e-01;2.4750000e+02;1.8553524e-01;2.4750000e+02;1.4263245e-01;2.4750000e+02;9.2606246e-02;2.4750000e+02;4.1328326e-02;2.4750000e+02;-9.5652938e-03;2.4750000e+02;-5.8353722e-02;2.4750000e+02;-1.0543741e-01;2.4750000e+02;-1.5645480e-01;2.4750000e+02;-1.0045651e-01;2.4750000e+02;-1.1575986e-01;2.4750000e+02;-1.1266175e-01;2.4750000e+02;-8.9042880e-02;2.4750000e+02;-4.5119986e-02;2.4750000e+02;2.1683559e-02;2.4750000e+02;1.0837731e-01;2.4750000e+02;1.6925289e-01;2.4750000e+02;1.8757361e-01;2.4750000e+02;1.9028118e-01;2.4750000e+02;1.8553524e-01;2.4750000e+02;1.4263245e-01;2.4750000e+02;9.2606246e-02;2.4750000e+02;4.1328326e-02;2.4750000e+02;-9.5652938e-03;2.4750000e+02;-5.8353722e-02;2.4750000e+02;-1.0543741e-01;2.4750000e+02;-1.5645480e-01;2.4750000e+02;-1.0045651e-01;2.4750000e+02;-1.1575986e-01;2.4750000e+02;-1.1266175e-01;2.4750000e+02;-8.9042880e-02;2.4750000e+02;-4.5119986e-02;2.4750000e+02;2.1683559e-02;2.4750000e+02;1.0837731e-01;2.4750000e+02;1.6925289e-01;2.4750000e+02;1.8757361e-01;2.4750000e+02;1.9028118e-01;2.4750000e+02;1.8553524e-01;2.4750000e+02;1.4263245e-01;2.4750000e+02;9.2606246e-02;2.4750000e+02;4.1328326e-02;2.4750000e+02;-9.5652938e-03;2.4750000e+02;-5.8353722e-02;2.4750000e+02;-1.0543741e-01;2.4750000e+02;-1.5645480e-01;2.4750000e+02;-1.0045651e-01;2.4750000e+02;-1.1575986e-01;2.4750000e+02;-1.1266175e-01;2.4750000e+02;-8.9042880e-02;2.4750000e+02;-4.5119986e-02;2.4750000e+02;2.1683559e-02;2.4750000e+02;1.0837731e-01;2.4750000e+02;1.6925289e-01;2.4750000e+02;1.8757361e-01;2.4750000e+02;1.9028118e-01;2.4750000e+02;1.8553524e-01;2.4750000e+02;1.4263245e-01;2.4750000e+02;9.2606246e-02;2.4750000e+02;4.1328326e-02;2.4750000e+02;-9.5652938e-03;2.4750000e+02;-5.8353722e-02;2.4750000e+02;-1.0543741e-01;2.4750000e+02;-1.5645480e-01;2.4750000e+02;-1.0045651e-01;2.4750000e+02;-1.1575986e-01;2.4750000e+02;-1.1266175e-01;2.4750000e+02;-8.9042880e-02;2.4750000e+02;-4.5119986e-02;2.4750000e+02;2.1683559e-02;2.4750000e+02;1.0837731e-01;2.4750000e+02;1.6925289e-01;2.4750000e+02;1.8757361e-01;2.4750000e+02;1.9028118e-01;2.4750000e+02;1.8553524e-01;2.4750000e+02;1.4263245e-01;2.4750000e+02;9.2606246e-02;2.4750000e+02;4.1328326e-02;2.4750000e+02;-9.5652938e-03;2.4750000e+02;-5.8353722e-02;2.4750000e+02;-1.0543741e-01;2.4750000e+02;-1.5645480e-01;2.4750000e+02;-1.0045651e-01;2.4750000e+02;-1.1575986e-01;2.4750000e+02;-1.1266175e-01;2.4750000e+02;-8.9042880e-02;2.4750000e+02;-4.5119986e-02;2.4750000e+02;2.1683559e-02;2.4750000e+02;1.0837731e-01;2.4750000e+02;1.6925289e-01;2.4750000e+02;1.8757361e-01;2.4750000e+02;1.9028118e-01;2.4750000e+02;1.8553524e-01;2.4750000e+02;1.4263245e-01;2.4750000e+02;9.2606246e-02;2.4750000e+02;4.1328326e-02;2.4750000e+02;-9.5652938e-03;2.4750000e+02;-5.8353722e-02;2.4750000e+02;-1.0543741e-01;2.4750000e+02;-1.5645480e-01;2.4750000e+02;-1.0045651e-01;2.4750000e+02;-1.1575986e-01;2.4750000e+02;-1.1266175e-01;2.4750000e+02;-8.9042880e-02;2.4750000e+02;-4.5119986e-02;2.4750000e+02;2.1683559e-02;2.4750000e+02;1.0837731e-01;2.4750000e+02;1.6925289e-01;2.4750000e+02;1.8757361e-01;2.4750000e+02;1.9028118e-01;2.4750000e+02;1.8553524e-01;2.4750000e+02;1.4263245e-01;2.4750000e+02;9.2606246e-02;2.4750000e+02;4.1328326e-02;2.4750000e+02;-9.5652938e-03;2.4750000e+02;-5.8353722e-02;2.4750000e+02;-1.0543741e-01;2.4750000e+02;-1.5645480e-01;2.4750000e+02;-1.0045651e-01;2.4750000e+02;-1.1575986e-01;2.4750000e+02;-1.1266175e-01;2.4750000e+02;-8.9042880e-02;2.4750000e+02;-4.5119986e-02;2.4750000e+02;2.1683559e-02;2.4750000e+02;1.0837731e-01;2.4750000e+02;1.6925289e-01;2.4750000e+02;1.8757361e-01;2.4750000e+02;1.9028118e-01;2.4750000e+02;1.8553524e-01;2.4750000e+02;1.4263245e-01;2.4750000e+02;9.2606246e-02;2.4750000e+02;4.1328326e-02;2.4750000e+02;-9.5652938e-03;2.4750000e+02;-5.8353722e-02;2.4750000e+02;-1.0543741e-01;2.4750000e+02;-1.5645480e-01;2.4750000e+02;-1.0045651e-01;2.4750000e+02;-1.1575986e-01;2.4750000e+02;-1.1266175e-01;2.4750000e+02;-8.9042880e-02;2.4750000e+02;-4.5119986e-02;2.4750000e+02;2.1683559e-02;2.4750000e+02;1.0837731e-01;2.4750000e+02;1.6925289e-01;2.4750000e+02;1.8757361e-01;2.4750000e+02;1.9028118e-01;2.4750000e+02;1.8553524e-01;2.4750000e+02;1.4263245e-01;2.4750000e+02;9.2606246e-02;2.4750000e+02;4.1328326e-02;2.4750000e+02;-9.5652938e-03;2.4750000e+02;-5.8353722e-02;2.4750000e+02;-1.0543741e-01;2.4750000e+02;-1.5645480e-01;2.4750000e+02;-1.0045651e-01;2.4750000e+02;-1.1575986e-01;2.4750000e+02;-1.1266175e-01;2.4750000e+02;-8.9042880e-02;2.4750000e+02;-4.5119986e-02;2.4750000e+02;2.1683559e-02;2.4750000e+02;1.0837731e-01;2.4750000e+02;1.6925289e-01;2.4750000e+02;1.8757361e-01;2.4750000e+02;1.9028118e-01;2.4750000e+02;1.8553524e-01;2.4750000e+02;1.4263245e-01;2.4750000e+02;9.2606246e-02;2.4750000e+02;4.1328326e-02;2.4750000e+02;-9.5652938e-03;2.4750000e+02;-5.8353722e-02;2.4750000e+02;-1.0543741e-01;2.4750000e+02;-1.5645480e-01;2.4750000e+02;-1.0045651e-01;2.4750000e+02;-1.1575986e-01;2.4750000e+02;-1.1266175e-01;2.4750000e+02;-8.9042880e-02;2.4750000e+02;-4.5119986e-02;2.4750000e+02;2.1683559e-02;2.4750000e+02;1.0837731e-01;2.4750000e+02;1.6925289e-01;2.4750000e+02;1.8757361e-01;2.4750000e+02;1.9028118e-01;2.4750000e+02;1.8553524e-01;2.4750000e+02;1.4263245e-01;2.4750000e+02;9.2606246e-02;2.4750000e+02;4.1328326e-02;2.4750000e+02;-9.5652938e-03;2.4750000e+02;-5.8353722e-02;2.4750000e+02;-1.0543741e-01;2.4750000e+02;-1.5645480e-01;2.4750000e+02;-1.0045651e-01;2.4750000e+02;-1.1575986e-01;2.4750000e+02;-1.1266175e-01;2.4750000e+02;-8.9042880e-02;2.4750000e+02;-4.5119986e-02;2.4750000e+02;2.1683559e-02;2.4750000e+02;1.0837731e-01;2.4750000e+02;1.6925289e-01;2.4750000e+02;1.8757361e-01;2.4750000e+02;1.9028118e-01;2.4750000e+02;1.8553524e-01;2.4750000e+02;1.4263245e-01;2.4750000e+02;9.2606246e-02;2.4750000e+02;4.1328326e-02;2.4750000e+02;-9.5652938e-03;2.4750000e+02;-5.8353722e-02;2.4750000e+02;-1.0543741e-01;2.4750000e+02;-1.5645480e-01;2.4750000e+02;-1.0045651e-01;2.4750000e+02;-1.1575986e-01;2.4750000e+02;-1.1266175e-01;2.4750000e+02;-8.9042880e-02;2.4750000e+02;-4.5119986e-02;2.4750000e+02;2.1683559e-02;2.4750000e+02;1.0837731e-01;2.4750000e+02;1.6925289e-01;2.4750000e+02;1.8757361e-01;2.4750000e+02;1.9028118e-01;2.4750000e+02;1.8553524e-01;2.4750000e+02;1.4263245e-01;2.4750000e+02;9.2606246e-02;2.4750000e+02;4.1328326e-02;2.4750000e+02;-9.5652938e-03;2.4750000e+02;-5.8353722e-02;2.4750000e+02;-1.0543741e-01;2.4750000e+02;-1.5645480e-01;2.4750000e+02;-1.0045651e-01;2.4750000e+02;-1.1575986e-01;2.4750000e+02;-1.1266175e-01;2.4750000e+02;-8.9042880e-02;2.4750000e+02;-4.5119986e-02;2.4750000e+02;2.1683559e-02;2.4750000e+02;1.0837731e-01;2.4750000e+02;1.6925289e-01;2.4750000e+02;1.8757361e-01;2.4750000e+02;1.9028118e-01;2.4750000e+02;1.8553524e-01;2.4750000e+02;1.4263245e-01;2.4750000e+02;9.2606246e-02;2.4750000e+02;4.1328326e-02;2.4750000e+02;-9.5652938e-03;2.4750000e+02;-5.8353722e-02;2.4750000e+02;-1.0543741e-01;2.4750000e+02;-1.5645480e-01;2.4750000e+02;-1.0045651e-01;2.4750000e+02;-1.1575986e-01;2.4750000e+02;-1.1266175e-01;2.4750000e+02;-8.9042880e-02;2.4750000e+02;-4.5119986e-02;2.4750000e+02;2.1683559e-02;2.4750000e+02;1.0837731e-01;2.4750000e+02;1.6925289e-01;2.4750000e+02;1.8757361e-01;2.4750000e+02;1.9028118e-01;2.4750000e+02;1.8553524e-01;2.4750000e+02;1.4263245e-01;2.4750000e+02;9.2606246e-02;2.4750000e+02;4.1328326e-02;2.4750000e+02;-9.5652938e-03;2.4750000e+02;-5.8353722e-02;2.4750000e+02;-1.0543741e-01;2.4750000e+02;-1.5645480e-01;2.4750000e+02;-1.0045651e-01;2.4750000e+02;-1.1575986e-01;2.4750000e+02;-1.1266175e-01;2.4750000e+02;-8.9042880e-02;2.4750000e+02;-4.5119986e-02;2.4750000e+02;2.1683559e-02;2.4750000e+02;1.0837731e-01;2.4750000e+02;1.6925289e-01;2.4750000e+02;1.8757361e-01;2.4750000e+02;1.9028118e-01;2.4750000e+02;1.8553524e-01;2.4750000e+02;1.4263245e-01;2.4750000e+02;9.2606246e-02;2.4750000e+02;4.1328326e-02;2.4750000e+02;-9.5652938e-03;2.4750000e+02;-5.8353722e-02;2.4750000e+02;-1.0543741e-01;2.4750000e+02;-1.5645480e-01;2.4750000e+02;-1.0045651e-01;2.4750000e+02;-1.1575986e-01;2.4750000e+02;-1.1266175e-01;2.4750000e+02;-8.9042880e-02;2.4750000e+02;-4.5119986e-02;2.4750000e+02;2.1683559e-02;2.4750000e+02;1.0837731e-01;2.4750000e+02;1.6925289e-01;2.4750000e+02;1.8757361e-01;2.4750000e+02;1.9028118e-01;2.4750000e+02;1.8553524e-01;2.4750000e+02;1.4263245e-01;2.4750000e+02;9.2606246e-02;2.4750000e+02;4.1328326e-02;2.4750000e+02;-9.5652938e-03;2.4750000e+02;-5.8353722e-02;2.4750000e+02;-1.0543741e-01;2.4750000e+02;-1.5645480e-01;2.4750000e+02;-1.0045651e-01;2.4750000e+02;-1.1575986e-01;2.4750000e+02;-1.1266175e-01;2.4750000e+02;-8.9042880e-02;2.4750000e+02;-4.5119986e-02;2.4750000e+02;2.1683559e-02;2.4750000e+02;1.0837731e-01;2.4750000e+02;1.6925289e-01;2.4750000e+02;1.8757361e-01;2.4750000e+02;1.9028118e-01;2.4750000e+02;1.8553524e-01;2.4750000e+02;1.4263245e-01;2.4750000e+02;9.2606246e-02;2.4750000e+02;4.1328326e-02;2.4750000e+02;-9.5652938e-03;2.4750000e+02;-5.8353722e-02;2.4750000e+02;-1.0543741e-01;2.4750000e+02;-1.5645480e-01;2.4750000e+02;-1.0045651e-01;2.4750000e+02;-1.1575986e-01;2.4750000e+02;-1.1266175e-01;2.4750000e+02;-8.9042880e-02;2.4750000e+02;-4.5119986e-02;2.4750000e+02;2.1683559e-02;2.4750000e+02;1.0837731e-01;2.4750000e+02;1.6925289e-01;2.4750000e+02;1.8757361e-01;2.4750000e+02;1.9028118e-01;2.4750000e+02;1.8553524e-01;2.4750000e+02;1.4263245e-01;2.4750000e+02;9.2606246e-02;2.4750000e+02;4.1328326e-02;2.4750000e+02;-9.5652938e-03;2.4750000e+02;-5.8353722e-02;2.4750000e+02;-1.0543741e-01;2.4750000e+02;-1.5645480e-01;2.4750000e+02;-1.0045651e-01;2.4750000e+02;-1.1575986e-01;2.4750000e+02;-1.1266175e-01;2.4750000e+02;-8.9042880e-02;2.4750000e+02;-4.5119986e-02;2.4750000e+02;2.1683559e-02;2.4750000e+02;1.0837731e-01;2.4750000e+02;1.6925289e-01;2.4750000e+02;1.8757361e-01;2.4750000e+02;1.9028118e-01;2.4750000e+02;1.8553524e-01;2.4750000e+02;1.4263245e-01;2.4750000e+02;9.2606246e-02;2.4750000e+02;4.1328326e-02;2.4750000e+02;-9.5652938e-03;2.4750000e+02;-5.8353722e-02;2.4750000e+02;-1.0543741e-01;2.4750000e+02;-1.5645480e-01;2.4750000e+02;-1.0045651e-01;2.4750000e+02;-1.1575986e-01;2.4750000e+02;-1.1266175e-01;2.4750000e+02;-8.9042880e-02;2.4750000e+02;-4.5119986e-02;2.4750000e+02;2.1683559e-02;2.4750000e+02;1.0837731e-01;2.4750000e+02;1.6925289e-01;2.4750000e+02;1.8757361e-01;2.4750000e+02;1.9028118e-01;2.4750000e+02;1.8553524e-01;2.4750000e+02;1.4263245e-01;2.4750000e+02;9.2606246e-02;2.4750000e+02;4.1328326e-02;2.4750000e+02;-9.5652938e-03;2.4750000e+02;-5.8353722e-02;2.4750000e+02;-1.0543741e-01;2.4750000e+02;-1.5645480e-01;2.4750000e+02;-1.0045651e-01;2.4750000e+02;-1.1575986e-01;2.4750000e+02;-1.1266175e-01;2.4750000e+02;-8.9042880e-02;2.4750000e+02;-4.5119986e-02;2.4750000e+02;2.1683559e-02;2.4750000e+02;1.0837731e-01;2.4750000e+02;1.6925289e-01;2.4750000e+02;1.8757361e-01;2.4750000e+02;1.9028118e-01;2.4750000e+02;1.8553524e-01;2.4750000e+02;1.4263245e-01;2.4750000e+02;9.2606246e-02;2.4750000e+02;4.1328326e-02;2.4750000e+02;-9.5652938e-03;2.4750000e+02;-5.8353722e-02;2.4750000e+02;-1.0543741e-01;2.4750000e+02;-1.5645480e-01;2.4750000e+02;-1.0045651e-01;2.4750000e+02;-1.1575986e-01;2.4750000e+02;-1.1266175e-01;2.4750000e+02;-8.9042880e-02;2.4750000e+02;-4.5119986e-02;2.4750000e+02;2.1683559e-02;2.4750000e+02;1.0837731e-01;2.4750000e+02;1.6925289e-01;2.4750000e+02;1.8757361e-01;2.4750000e+02;1.9028118e-01;2.4750000e+02;1.8553524e-01;2.4750000e+02;1.4263245e-01;2.4750000e+02;9.2606246e-02;2.4750000e+02;4.1328326e-02;2.4750000e+02;-9.5652938e-03;2.4750000e+02;-5.8353722e-02;2.4750000e+02;-1.0543741e-01;2.4750000e+02;-1.5645480e-01;2.4750000e+02;-1.0045651e-01;2.4750000e+02;-1.1575986e-01;2.4750000e+02;-1.1266175e-01;2.4750000e+02;-8.9042880e-02;2.4750000e+02;-4.5119986e-02;2.4750000e+02;2.1683559e-02;2.4750000e+02;1.0837731e-01;2.4750000e+02;1.6925289e-01;2.4750000e+02;1.8757361e-01;2.4750000e+02;1.9028118e-01;2.4750000e+02;1.8553524e-01;2.4750000e+02;1.4263245e-01;2.4750000e+02;9.2606246e-02;2.4750000e+02;4.1328326e-02;2.4750000e+02;-9.5652938e-03;2.4750000e+02;-5.8353722e-02;2.4750000e+02;-1.0543741e-01;2.4750000e+02;-1.5645480e-01;2.4750000e+02;-1.0045651e-01;2.4750000e+02;-1.1575986e-01;2.4750000e+02;-1.1266175e-01;2.4750000e+02;-8.9042880e-02;2.4750000e+02;-4.5119986e-02;2.4750000e+02;2.1683559e-02;2.4750000e+02;1.0837731e-01;2.4750000e+02;1.6925289e-01;2.4750000e+02;1.8757361e-01;2.4750000e+02;1.9028118e-01;2.4750000e+02;1.8553524e-01;2.4750000e+02;1.4263245e-01;2.4750000e+02;9.2606246e-02;2.4750000e+02;4.1328326e-02;2.4750000e+02;-9.5652938e-03;2.4750000e+02;-5.8353722e-02;2.4750000e+02;-1.0543741e-01;2.4750000e+02;-1.5645480e-01;2.4750000e+02;-1.0045651e-01;2.4750000e+02;-1.1575986e-01;2.4750000e+02;-1.1266175e-01;2.4750000e+02;-8.9042880e-02;2.4750000e+02;-4.5119986e-02;2.4750000e+02;2.1683559e-02;2.4750000e+02;1.0837731e-01;2.4750000e+02;1.6925289e-01;2.4750000e+02;1.8757361e-01;2.4750000e+02;1.9028118e-01;2.4750000e+02;1.8553524e-01;2.4750000e+02;1.4263245e-01;2.4750000e+02;9.2606246e-02;2.4750000e+02;4.1328326e-02;2.4750000e+02;-9.5652938e-03;2.4750000e+02;-5.8353722e-02;2.4750000e+02;-1.0543741e-01;2.4750000e+02;-1.5645480e-01;2.4750000e+02;-1.0045651e-01;2.4750000e+02;-1.1575986e-01;2.4750000e+02;-1.1266175e-01;2.4750000e+02;-8.9042880e-02;2.4750000e+02;-4.5119986e-02;2.4750000e+02;2.1683559e-02;2.4750000e+02;1.0837731e-01;2.4750000e+02;1.6925289e-01;2.4750000e+02;1.8757361e-01;2.4750000e+02;1.9028118e-01;2.4750000e+02;1.8553524e-01;2.4750000e+02;1.4263245e-01;2.4750000e+02;9.2606246e-02;2.4750000e+02;4.1328326e-02;2.4750000e+02;-9.5652938e-03;2.4750000e+02;-5.8353722e-02;2.4750000e+02;-1.0543741e-01;2.4750000e+02;-1.5645480e-01;2.4750000e+02;-1.0045651e-01;2.4750000e+02;-1.1575986e-01;2.4750000e+02;-1.1266175e-01;2.4750000e+02;-8.9042880e-02;2.4750000e+02;-4.5119986e-02;2.4750000e+02;2.1683559e-02;2.4750000e+02;1.0837731e-01;2.4750000e+02;1.6925289e-01;2.4750000e+02;1.8757361e-01;2.4750000e+02;1.9028118e-01;2.4750000e+02;1.8553524e-01;2.4750000e+02;1.4263245e-01;2.4750000e+02;9.2606246e-02;2.4750000e+02;4.1328326e-02;2.4750000e+02;-9.5652938e-03;2.4750000e+02;-5.8353722e-02;2.4750000e+02;-1.0543741e-01;2.4750000e+02;-1.5645480e-01;2.4750000e+02;-1.0045651e-01;2.4750000e+02;-1.1575986e-01;2.4750000e+02;-1.1266175e-01;2.4750000e+02;-8.9042880e-02;2.4750000e+02;-4.5119986e-02;2.4750000e+02;2.1683559e-02;2.4750000e+02;1.0837731e-01;2.4750000e+02;1.6925289e-01;2.4750000e+02;1.8757361e-01;2.4750000e+02;1.9028118e-01;2.4750000e+02;1.8553524e-01;2.4750000e+02;1.4263245e-01;2.4750000e+02;9.2606246e-02;2.4750000e+02;4.1328326e-02;2.4750000e+02;-9.5652938e-03;2.4750000e+02;-5.8353722e-02;2.4750000e+02;-1.0543741e-01;2.4750000e+02;-1.5645480e-01;2.4750000e+02;-1.0045651e-01;2.4750000e+02;-1.1575986e-01;2.4750000e+02;-1.1266175e-01;2.4750000e+02;-8.9042880e-02;2.4750000e+02;-4.5119986e-02;2.4750000e+02;2.1683559e-02;2.4750000e+02;1.0837731e-01;2.4750000e+02;1.6925289e-01;2.4750000e+02;1.8757361e-01;2.4750000e+02;1.9028118e-01;2.4750000e+02;1.8553524e-01;2.4750000e+02;1.4263245e-01;2.4750000e+02;9.2606246e-02;2.4750000e+02;4.1328326e-02;2.4750000e+02;-9.5652938e-03;2.4750000e+02;-5.8353722e-02;2.4750000e+02;-1.0543741e-01;2.4750000e+02;-1.5645480e-01;2.4750000e+02;-1.0045651e-01;2.4750000e+02;-1.1575986e-01;2.4750000e+02;-1.1266175e-01;2.4750000e+02;-8.9042880e-02;2.4750000e+02;-4.5119986e-02;2.4750000e+02;2.1683559e-02;2.4750000e+02;1.0837731e-01;2.4750000e+02;1.6925289e-01;2.4750000e+02;1.8757361e-01;2.4750000e+02;1.9028118e-01;2.4750000e+02;1.8553524e-01;2.4750000e+02;1.4263245e-01;2.4750000e+02;9.2606246e-02;2.4750000e+02;4.1328326e-02;2.4750000e+02;-9.5652938e-03;2.4750000e+02;-5.8353722e-02;2.4750000e+02;-1.0543741e-01;2.4750000e+02;-1.5645480e-01;2.4750000e+02;-1.0045651e-01;2.4750000e+02;-1.1575986e-01;2.4750000e+02;-1.1266175e-01;2.4750000e+02;-8.9042880e-02;2.4750000e+02;-4.5119986e-02;2.4750000e+02;2.1683559e-02;2.4750000e+02;1.0837731e-01;2.4750000e+02;1.6925289e-01;2.4750000e+02;1.8757361e-01;2.4750000e+02;1.9028118e-01;2.4750000e+02;1.8553524e-01;2.4750000e+02;1.4263245e-01;2.4750000e+02;9.2606246e-02;2.4750000e+02;4.1328326e-02;2.4750000e+02;-9.5652938e-03;2.4750000e+02;-5.8353722e-02;2.4750000e+02;-1.0543741e-01;2.4750000e+02;-1.5645480e-01;2.4750000e+02;-1.0045651e-01;2.4750000e+02;-1.1575986e-01;2.4750000e+02;-1.1266175e-01;2.4750000e+02;-8.9042880e-02;2.4750000e+02;-4.5119986e-02;2.4750000e+02;2.1683559e-02;2.4750000e+02;1.0837731e-01;2.4750000e+02;1.6925289e-01;2.4750000e+02;1.8757361e-01;2.4750000e+02;1.9028118e-01;2.4750000e+02;1.8553524e-01;2.4750000e+02;1.4263245e-01;2.4750000e+02;9.2606246e-02;2.4750000e+02;4.1328326e-02;2.4750000e+02;-9.5652938e-03;2.4750000e+02;-5.8353722e-02;2.4750000e+02;-1.0543741e-01;2.4750000e+02;-1.5645480e-01;2.4750000e+02;-1.0045651e-01;2.4750000e+02;-1.1575986e-01;2.4750000e+02;-1.1266175e-01;2.4750000e+02;-8.9042880e-02;2.4750000e+02;-4.5119986e-02;2.4750000e+02;2.1683559e-02;2.4750000e+02;1.0837731e-01;2.4750000e+02;1.6925289e-01;2.4750000e+02;1.8757361e-01;2.4750000e+02;1.9028118e-01;2.4750000e+02;1.8553524e-01;2.4750000e+02;1.4263245e-01;2.4750000e+02;9.2606246e-02;2.4750000e+02;4.1328326e-02;2.4750000e+02;-9.5652938e-03;2.4750000e+02;-5.8353722e-02;2.4750000e+02;-1.0543741e-01;2.4750000e+02;-1.5645480e-01;2.4750000e+02;-1.0045651e-01;2.4750000e+02;-1.1575986e-01;2.4750000e+02;-1.1266175e-01;2.4750000e+02;-8.9042880e-02;2.4750000e+02;-4.5119986e-02;2.4750000e+02;2.1683559e-02;2.4750000e+02;1.0837731e-01;2.4750000e+02;1.6925289e-01;2.4750000e+02;1.8757361e-01;2.4750000e+02;1.9028118e-01;2.4750000e+02;1.8553524e-01;2.4750000e+02;1.4263245e-01;2.4750000e+02;9.2606246e-02;2.4750000e+02;4.1328326e-02;2.4750000e+02;-9.5652938e-03;2.4750000e+02;-5.8353722e-02;2.4750000e+02;-1.0543741e-01;2.4750000e+02;-1.5645480e-01;2.4750000e+02;-1.0045651e-01;2.4750000e+02;-1.1575986e-01;2.4750000e+02;-1.1266175e-01;2.4750000e+02;-8.9042880e-02;2.4750000e+02;-4.5119986e-02;2.4750000e+02;2.1683559e-02;2.4750000e+02;1.0837731e-01;2.4750000e+02;1.6925289e-01;2.4750000e+02;1.8757361e-01;2.4750000e+02;1.9028118e-01;2.4750000e+02;1.8553524e-01;2.4750000e+02;1.4263245e-01;2.4750000e+02;9.2606246e-02;2.4750000e+02;4.1328326e-02;2.4750000e+02;-9.5652938e-03;2.4750000e+02;-5.8353722e-02;2.4750000e+02;-1.0543741e-01;2.4750000e+02;-1.5645480e-01;2.4750000e+02;-1.0045651e-01;2.4750000e+02;-1.1575986e-01;2.4750000e+02;-1.1266175e-01;2.4750000e+02;-8.9042880e-02;2.4750000e+02;-4.5119986e-02;2.4750000e+02;2.1683559e-02;2.4750000e+02;1.0837731e-01;2.4750000e+02;1.6925289e-01;2.4750000e+02;1.8757361e-01;2.4750000e+02;1.9028118e-01;2.4750000e+02;1.8553524e-01;2.4750000e+02;1.4263245e-01;2.4750000e+02;9.2606246e-02;2.4750000e+02;4.1328326e-02;2.4750000e+02;-9.5652938e-03;2.4750000e+02;-5.8353722e-02;2.4750000e+02;-1.0543741e-01;2.4750000e+02;-1.5645480e-01;2.4750000e+02;-1.0045651e-01;2.4750000e+02;-1.1575986e-01;2.4750000e+02;-1.1266175e-01;2.4750000e+02;-8.9042880e-02;2.4750000e+02;-4.5119986e-02;2.4750000e+02;2.1683559e-02;2.4750000e+02;1.0837731e-01;2.4750000e+02;1.6925289e-01;2.4750000e+02;1.8757361e-01;2.4750000e+02;1.9028118e-01;2.4750000e+02;1.8553524e-01;2.4750000e+02;1.4263245e-01;2.4750000e+02;9.2606246e-02;2.4750000e+02;4.1328326e-02;2.4750000e+02;-9.5652938e-03;2.4750000e+02;-5.8353722e-02;2.4750000e+02;-1.0543741e-01;2.4750000e+02;-1.5645480e-01;2.4750000e+02;-1.0045651e-01;2.4750000e+02;-1.1575986e-01;2.4750000e+02;-1.1266175e-01;2.4750000e+02;-8.9042880e-02;2.4750000e+02;-4.5119986e-02;2.4750000e+02;2.1683559e-02;2.4750000e+02;1.0837731e-01;2.4750000e+02;1.6925289e-01;2.4750000e+02;1.8757361e-01;2.4750000e+02;1.9028118e-01;2.4750000e+02;1.8553524e-01;2.4750000e+02;1.4263245e-01;2.4750000e+02;9.2606246e-02;2.4750000e+02;4.1328326e-02;2.4750000e+02;-9.5652938e-03;2.4750000e+02;-5.8353722e-02;2.4750000e+02;-1.0543741e-01;2.4750000e+02;-1.5645480e-01;2.4750000e+02;-1.0045651e-01;2.4750000e+02;-1.1575986e-01;2.4750000e+02;-1.1266175e-01;2.4750000e+02;-8.9042880e-02;2.4750000e+02;-4.5119986e-02;2.4750000e+02;2.1683559e-02;2.4750000e+02;1.0837731e-01;2.4750000e+02;1.6925289e-01;2.4750000e+02;1.8757361e-01;2.4750000e+02;1.9028118e-01;2.4750000e+02;1.8553524e-01;2.4750000e+02;1.4263245e-01;2.4750000e+02;9.2606246e-02;2.4750000e+02;4.1328326e-02;2.4750000e+02;-9.5652938e-03;2.4750000e+02;-5.8353722e-02;2.4750000e+02;-1.0543741e-01;2.4750000e+02;-1.5645480e-01;2.4750000e+02;-1.0045651e-01;2.4750000e+02;-1.1575986e-01;2.4750000e+02;-1.1266175e-01;2.4750000e+02;-8.9042880e-02;2.4750000e+02;-4.5119986e-02;2.4750000e+02;2.1683559e-02;2.4750000e+02;1.0837731e-01;2.4750000e+02;1.6925289e-01;2.4750000e+02;1.8757361e-01;2.4750000e+02;1.9028118e-01;2.4750000e+02;1.8553524e-01;2.4750000e+02;1.4263245e-01;2.4750000e+02;9.2606246e-02;2.4750000e+02;4.1328326e-02;2.4750000e+02;-9.5652938e-03;2.4750000e+02;-5.8353722e-02;2.4750000e+02;-1.0543741e-01;2.4750000e+02;-1.5645480e-01;2.4750000e+02;-1.0045651e-01;2.4750000e+02;-1.1575986e-01;2.4750000e+02;-1.1266175e-01;2.4750000e+02;-8.9042880e-02;2.4750000e+02;-4.5119986e-02;2.4750000e+02;2.1683559e-02;2.4750000e+02;1.0837731e-01;2.4750000e+02;1.6925289e-01;2.4750000e+02;1.8757361e-01;2.4750000e+02;1.9028118e-01;2.4750000e+02;1.8553524e-01;2.4750000e+02;1.4263245e-01;2.4750000e+02;9.2606246e-02;2.4750000e+02;4.1328326e-02;2.4750000e+02;-9.5652938e-03;2.4750000e+02;-5.8353722e-02;2.4750000e+02;-1.0543741e-01;2.4750000e+02;-1.5645480e-01;2.4750000e+02;-1.0045651e-01;2.4750000e+02;-1.1575986e-01;2.4750000e+02;-1.1266175e-01;2.4750000e+02;-8.9042880e-02;2.4750000e+02;-4.5119986e-02;2.4750000e+02;2.1683559e-02;2.4750000e+02;1.0837731e-01;2.4750000e+02;1.6925289e-01;2.4750000e+02;1.8757361e-01;2.4750000e+02;1.9028118e-01;2.4750000e+02;1.8553524e-01;2.4750000e+02;1.4263245e-01;2.4750000e+02;9.2606246e-02;2.4750000e+02;4.1328326e-02;2.4750000e+02;-9.5652938e-03;2.4750000e+02;-5.8353722e-02;2.4750000e+02;-1.0543741e-01;2.4750000e+02;-1.5645480e-01;2.4750000e+02;-1.0045651e-01;2.4750000e+02;-1.1575986e-01;2.4750000e+02;-1.1266175e-01;2.4750000e+02;-8.9042880e-02;2.4750000e+02;-4.5119986e-02;2.4750000e+02;2.1683559e-02;2.4750000e+02;1.0837731e-01;2.4750000e+02;1.6925289e-01;2.4750000e+02;1.8757361e-01;2.4750000e+02;1.9028118e-01;2.4750000e+02;1.8553524e-01;2.4750000e+02;1.4263245e-01;2.4750000e+02;9.2606246e-02;2.4750000e+02;4.1328326e-02;2.4750000e+02;-9.5652938e-03;2.4750000e+02;-5.8353722e-02;2.4750000e+02;-1.0543741e-01;2.4750000e+02;-1.5645480e-01;2.4750000e+02;-1.0045651e-01;2.4750000e+02;-1.1575986e-01;2.4750000e+02;-1.1266175e-01;2.4750000e+02;-8.9042880e-02;2.4750000e+02;-4.5119986e-02;2.4750000e+02;2.1683559e-02;2.4750000e+02;1.0837731e-01;2.4750000e+02;1.6925289e-01;2.4750000e+02;1.8757361e-01;2.4750000e+02;1.9028118e-01;2.4750000e+02;1.8553524e-01;2.4750000e+02;1.4263245e-01;2.4750000e+02;9.2606246e-02;2.4750000e+02;4.1328326e-02;2.4750000e+02;-9.5652938e-03;2.4750000e+02;-5.8353722e-02;2.4750000e+02;-1.0543741e-01;2.4750000e+02;-1.5645480e-01;2.4750000e+02;-1.0045651e-01;2.4750000e+02;-1.1575986e-01;2.4750000e+02;-1.1266175e-01;2.4750000e+02;-8.9042880e-02;2.4750000e+02;-4.5119986e-02;2.4750000e+02;2.1683559e-02;2.4750000e+02;1.0837731e-01;2.4750000e+02;1.6925289e-01;2.4750000e+02;1.8757361e-01;2.4750000e+02;1.9028118e-01;2.4750000e+02;1.8553524e-01;2.4750000e+02;1.4263245e-01;2.4750000e+02;9.2606246e-02;2.4750000e+02;4.1328326e-02;2.4750000e+02;-9.5652938e-03;2.4750000e+02;-5.8353722e-02;2.4750000e+02;-1.0543741e-01;2.4750000e+02;-1.5645480e-01;2.4750000e+02;-1.0045651e-01;2.4750000e+02;-1.1575986e-01;2.4750000e+02;-1.1266175e-01;2.4750000e+02;-8.9042880e-02;2.4750000e+02;-4.5119986e-02;2.4750000e+02;2.1683559e-02;2.4750000e+02;1.0837731e-01;2.4750000e+02;1.6925289e-01;2.4750000e+02;1.8757361e-01;2.4750000e+02;1.9028118e-01;2.4750000e+02;1.8553524e-01;2.4750000e+02;1.4263245e-01;2.4750000e+02;9.2606246e-02;2.4750000e+02;4.1328326e-02;2.4750000e+02;-9.5652938e-03;2.4750000e+02;-5.8353722e-02;2.4750000e+02;-1.0543741e-01;2.4750000e+02;-1.5645480e-01;2.4750000e+02;-1.0045651e-01;2.4750000e+02;-1.1575986e-01;2.4750000e+02;-1.1266175e-01;2.4750000e+02;-8.9042880e-02;2.4750000e+02;-4.5119986e-02;2.4750000e+02;2.1683559e-02;2.4750000e+02;1.0837731e-01;2.4750000e+02;1.6925289e-01;2.4750000e+02;1.8757361e-01;2.4750000e+02;1.9028118e-01;2.4750000e+02;1.8553524e-01;2.4750000e+02;1.4263245e-01;2.4750000e+02;9.2606246e-02;2.4750000e+02;4.1328326e-02;2.4750000e+02;-9.5652938e-03;2.4750000e+02;-5.8353722e-02;2.4750000e+02;-1.0543741e-01;2.4750000e+02;-1.5645480e-01;2.4750000e+02;-1.0045651e-01;2.4750000e+02;-1.1575986e-01;2.4750000e+02;-1.1266175e-01;2.4750000e+02;-8.9042880e-02;2.4750000e+02;-4.5119986e-02;2.4750000e+02;2.1683559e-02;2.4750000e+02;1.0837731e-01;2.4750000e+02;1.6925289e-01;2.4750000e+02;1.8757361e-01;2.4750000e+02;1.9028118e-01;2.4750000e+02;1.8553524e-01;2.4750000e+02;1.4263245e-01;2.4750000e+02;9.2606246e-02;2.4750000e+02;4.1328326e-02;2.4750000e+02;-9.5652938e-03;2.4750000e+02;-5.8353722e-02;2.4750000e+02;-1.0543741e-01;2.4750000e+02;-1.5645480e-01;2.4750000e+02;-1.0045651e-01;2.4750000e+02;-1.1575986e-01;2.4750000e+02;-1.1266175e-01;2.4750000e+02;-8.9042880e-02;2.4750000e+02;-4.5119986e-02;2.4750000e+02;2.1683559e-02;2.4750000e+02;1.0837731e-01;2.4750000e+02;1.6925289e-01;2.4750000e+02;1.8757361e-01;2.4750000e+02;1.9028118e-01;2.4750000e+02;1.8553524e-01;2.4750000e+02;1.4263245e-01;2.4750000e+02;9.2606246e-02;2.4750000e+02;4.1328326e-02;2.4750000e+02;-9.5652938e-03;2.4750000e+02;-5.8353722e-02;2.4750000e+02;-1.0543741e-01;2.4750000e+02;-1.5645480e-01;2.4750000e+02;-1.0045651e-01;2.4750000e+02;-1.1575986e-01;2.4750000e+02;-1.1266175e-01;2.4750000e+02;-8.9042880e-02;2.4750000e+02;-4.5119986e-02;2.4750000e+02;2.1683559e-02;2.4750000e+02;1.0837731e-01;2.4750000e+02;1.6925289e-01;2.4750000e+02;1.8757361e-01;2.4750000e+02;1.9028118e-01;2.4750000e+02;1.8553524e-01;2.4750000e+02;1.4263245e-01;2.4750000e+02;9.2606246e-02;2.4750000e+02;4.1328326e-02;2.4750000e+02;-9.5652938e-03;2.4750000e+02;-5.8353722e-02;2.4750000e+02;-1.0543741e-01;2.4750000e+02;-1.5645480e-01
2.5250000e+02;-9.4300233e-02;2.5250000e+02;-1.0435255e-01;2.5250000e+02;-9.6428357e-02;2.5250000e+02;-6.7923114e-02;2.5250000e+02;-1.9683076e-02;2.5250000e+02;5.1454198e-02;2.5250000e+02;1.3314527e-01;2.5250000e+02;1.7976302e-01;2.5250000e+02;1.8307817e-01;2.5250000e+02;1.8012753e-01;2.5250000e+02;1.8370394e-01;2.5250000e+02;1.4720219e-01;2.5250000e+02;1.0123630e-01;2.5250000e+02;5.2338406e-02;2.5250000e+02;4.0939301e-03;2.5250000e+02;-4.6111405e-02;2.5250000e+02;-9.3202814e-02;2.5250000e+02;-1.4109796e-01;2.5250000e+02;-9.4300233e-02;2.5250000e+02;-1.0435255e-01;2.5250000e+02;-9.6428357e-02;2.5250000e+02;-6.7923114e-02;2.5250000e+02;-1.9683076e-02;2.5250000e+02;5.1454198e-02;2.5250000e+02;1.3314527e-01;2.5250000e+02;1.7976302e-01;2.5250000e+02;1.8307817e-01;2.5250000e+02;1.8012753e-01;2.5250000e+02;1.8370394e-01;2.5250000e+02;1.4720219e-01;2.5250000e+02;1.0123630e-01;2.5250000e+02;5.2338406e-02;2.5250000e+02;4.0939301e-03;2.5250000e+02;-4.6111405e-02;2.5250000e+02;-9.3202814e-02;2.5250000e+02;-1.4109796e-01;2.5250000e+02;-9.4300233e-02;2.5250000e+02;-1.0435255e-01;2.5250000e+02;-9.6428357e-02;2.5250000e+02;-6.7923114e-02;2.5250000e+02;-1.9683076e-02;2.5250000e+02;5.1454198e-02;2.5250000e+02;1.3314527e-01;2.5250000e+02;1.7976302e-01;2.5250000e+02;1.8307817e-01;2.5250000e+02;1.8012753e-01;2.5250000e+02;1.8370394e-01;2.5250000e+02;1.4720219e-01;2.5250000e+02;1.0123630e-01;2.5250000e+02;5.2338406e-02;2.5250000e+02;4.0939301e-03;2.5250000e+02;-4.6111405e-02;2.5250000e+02;-9.3202814e-02;2.5250000e+02;-1.4109796e-01;2.5250000e+02;-9.4300233e-02;2.5250000e+02;-1.0435255e-01;2.5250000e+02;-9.6428357e-02;2.5250000e+02;-6.7923114e-02;2.5250000e+02;-1.9683076e-02;2.5250000e+02;5.1454198e-02;2.5250000e+02;1.3314527e-01;2.5250000e+02;1.7976302e-01;2.5250000e+02;1.8307817e-01;2.5250000e+02;1.8012753e-01;2.5250000e+02;1.8370394e-01;2.5250000e+02;1.4720219e-01;2.5250000e+02;1.0123630e-01;2.5250000e+02;5.2338406e-02;2.5250000e+02;4.0939301e-03;2.5250000e+02;-4.6111405e-02;2.5250000e+02;-9.3202814e-02;2.5250000e+02;-1.4109796e-01;2.5250000e+02;-9.4300233e-02;2.5250000e+02;-1.0435255e-01;2.5250000e+02;-9.6428357e-02;2.5250000e+02;-6.7923114e-02;2.5250000e+02;-1.9683076e-02;2.5250000e+02;5.1454198e-02;2.5250000e+02;1.3314527e-01;2.5250000e+02;1.7976302e-01;2.5250000e+02;1.8307817e-01;2.5250000e+02;1.8012753e-01;2.5250000e+02;1.8370394e-01;2.5250000e+02;1.4720219e-01;2.5250000e+02;1.0123630e-01;2.5250000e+02;5.2338406e-02;2.5250000e+02;4.0939301e-03;2.5250000e+02;-4.6111405e-02;2.5250000e+02;-9.3202814e-02;2.5250000e+02;-1.4109796e-01;2.5250000e+02;-9.4300233e-02;2.5250000e+02;-1.0435255e-01;2.5250000e+02;-9.6428357e-02;2.5250000e+02;-6.7923114e-02;2.5250000e+02;-1.9683076e-02;2.5250000e+02;5.1454198e-02;2.5250000e+02;1.3314527e-01;2.5250000e+02;1.7976302e-01;2.5250000e+02;1.8307817e-01;2.5250000e+02;1.8012753e-01;2.5250000e+02;1.8370394e-01;2.5250000e+02;1.4720219e-01;2.5250000e+02;1.0123630e-01;2.5250000e+02;5.2338406e-02;2.5250000e+02;4.0939301e-03;2.5250000e+02;-4.6111405e-02;2.5250000e+02;-9.3202814e-02;2.5250000e+02;-1.4109796e-01;2.5250000e+02;-9.4300233e-02;2.5250000e+02;-1.0435255e-01;2.5250000e+02;-9.6428357e-02;2.5250000e+02;-6.7923114e-02;2.5250000e+02;-1.9683076e-02;2.5250000e+02;5.1454198e-02;2.5250000e+02;1.3314527e-01;2.5250000e+02;1.7976302e-01;2.5250000e+02;1.8307817e-01;2.5250000e+02;1.8012753e-01;2.5250000e+02;1.8370394e-01;2.5250000e+02;1.4720219e-01;2.5250000e+02;1.0123630e-01;2.5250000e+02;5.2338406e-02;2.5250000e+02;4.0939301e-03;2.5250000e+02;-4.6111405e-02;2.5250000e+02;-9.3202814e-02;2.5250000e+02;-1.4109796e-01;2.5250000e+02;-9.4300233e-02;2.5250000e+02;-1.0435255e-01;2.5250000e+02;-9.6428357e-02;2.5250000e+02;-6.7923114e-02;2.5250000e+02;-1.9683076e-02;2.5250000e+02;5.1454198e-02;2.5250000e+02;1.3314527e-01;2.5250000e+02;1.7976302e-01;2.5250000e+02;1.8307817e-01;2.5250000e+02;1.8012753e-01;2.5250000e+02;1.8370394e-01;2.5250000e+02;1.4720219e-01;2.5250000e+02;1.0123630e-01;2.5250000e+02;5.2338406e-02;2.5250000e+02;4.0939301e-03;2.5250000e+02;-4.6111405e-02;2.5250000e+02;-9.3202814e-02;2.5250000e+02;-1.4109796e-01;2.5250000e+02;-9.4300233e-02;2.5250000e+02;-1.0435255e-01;2.5250000e+02;-9.6428357e-02;2.5250000e+02;-6.7923114e-02;2.5250000e+02;-1.9683076e-02;2.5250000e+02;5.1454198e-02;2.5250000e+02;1.3314527e-01;2.5250000e+02;1.7976302e-01;2.5250000e+02;1.8307817e-01;2.5250000e+02;1.8012753e-01;2.5250000e+02;1.8370394e-01;2.5250000e+02;1.4720219e-01;2.5250000e+02;1.0123630e-01;2.5250000e+02;5.2338406e-02;2.5250000e+02;4.0939301e-03;2.5250000e+02;-4.6111405e-02;2.5250000e+02;-9.3202814e-02;2.5250000e+02;-1.4109796e-01;2.5250000e+02;-9.4300233e-02;2.5250000e+02;-1.0435255e-01;2.5250000e+02;-9.6428357e-02;2.5250000e+02;-6.7923114e-02;2.5250000e+02;-1.9683076e-02;2.5250000e+02;5.1454198e-02;2.5250000e+02;1.3314527e-01;2.5250000e+02;1.7976302e-01;2.5250000e+02;1.8307817e-01;2.5250000e+02;1.8012753e-01;2.5250000e+02;1.8370394e-01;2.5250000e+02;1.4720219e-01;2.5250000e+02;1.0123630e-01;2.5250000e+02;5.2338406e-02;2.5250000e+02;4.0939301e-03;2.5250000e+02;-4.6111405e-02;2.5250000e+02;-9.3202814e-02;2.5250000e+02;-1.4109796e-01;2.5250000e+02;-9.4300233e-02;2.5250000e+02;-1.0435255e-01;2.5250000e+02;-9.6428357e-02;2.5250000e+02;-6.7923114e-02;2.5250000e+02;-1.9683076e-02;2.5250000e+02;5.1454198e-02;2.5250000e+02;1.3314527e-01;2.5250000e+02;1.7976302e-01;2.5250000e+02;1.8307817e-01;2.5250000e+02;1.8012753e-01;2.5250000e+02;1.8370394e-01;2.5250000e+02;1.4720219e-01;2.5250000e+02;1.0123630e-01;2.5250000e+02;5.2338406e-02;2.5250000e+02;4.0939301e-03;2.5250000e+02;-4.6111405e-02;2.5250000e+02;-9.3202814e-02;2.5250000e+02;-1.4109796e-01;2.5250000e+02;-9.4300233e-02;2.5250000e+02;-1.0435255e-01;2.5250000e+02;-9.6428357e-02;2.5250000e+02;-6.7923114e-02;2.5250000e+02;-1.9683076e-02;2.5250000e+02;5.1454198e-02;2.5250000e+02;1.3314527e-01;2.5250000e+02;1.7976302e-01;2.5250000e+02;1.8307817e-01;2.5250000e+02;1.8012753e-01;2.5250000e+02;1.8370394e-01;2.5250000e+02;1.4720219e-01;2.5250000e+02;1.0123630e-01;2.5250000e+02;5.2338406e-02;2.5250000e+02;4.0939301e-03;2.5250000e+02;-4.6111405e-02;2.5250000e+02;-9.3202814e-02;2.5250000e+02;-1.4109796e-01;2.5250000e+02;-9.4300233e-02;2.5250000e+02;-1.0435255e-01;2.5250000e+02;-9.6428357e-02;2.5250000e+02;-6.7923114e-02;2.5250000e+02;-1.9683076e-02;2.5250000e+02;5.1454198e-02;2.5250000e+02;1.3314527e-01;2.5250000e+02;1.7976302e-01;2.5250000e+02;1.8307817e-01;2.5250000e+02;1.8012753e-01;2.5250000e+02;1.8370394e-01;2.5250000e+02;1.4720219e-01;2.5250000e+02;1.0123630e-01;2.5250000e+02;5.2338406e-02;2.5250000e+02;4.0939301e-03;2.5250000e+02;-4.6111405e-02;2.5250000e+02;-9.3202814e-02;2.5250000e+02;-1.4109796e-01;2.5250000e+02;-9.4300233e-02;2.5250000e+02;-1.0435255e-01;2.5250000e+02;-9.6428357e-02;2.5250000e+02;-6.7923114e-02;2.5250000e+02;-1.9683076e-02;2.5250000e+02;5.1454198e-02;2.5250000e+02;1.3314527e-01;2.5250000e+02;1.7976302e-01;2.5250000e+02;1.8307817e-01;2.5250000e+02;1.8012753e-01;2.5250000e+02;1.8370394e-01;2.5250000e+02;1.4720219e-01;2.5250000e+02;1.0123630e-01;2.5250000e+02;5.2338406e-02;2.5250000e+02;4.0939301e-03;2.5250000e+02;-4.6111405e-02;2.5250000e+02;-9.3202814e-02;2.5250000e+02;-1.4109796e-01;2.5250000e+02;-9.4300233e-02;2.5250000e+02;-1.0435255e-01;2.5250000e+02;-9.6428357e-02;2.5250000e+02;-6.7923114e-02;2.5250000e+02;-1.9683076e-02;2.5250000e+02;5.1454198e-02;2.5250000e+02;1.3314527e-01;2.5250000e+02;1.7976302e-01;2.5250000e+02;1.8307817e-01;2.5250000e+02;1.8012753e-01;2.5250000e+02;1.8370394e-01;2.5250000e+02;1.4720219e-01;2.5250000e+02;1.0123630e-01;2.5250000e+02;5.2338406e-02;2.5250000e+02;4.0939301e-03;2.5250000e+02;-4.6111405e-02;2.5250000e+02;-9.3202814e-02;2.5250000e+02;-1.4109796e-01;2.5250000e+02;-9.4300233e-02;2.5250000e+02;-1.0435255e-01;2.5250000e+02;-9.6428357e-02;2.5250000e+02;-6.7923114e-02;2.5250000e+02;-1.9683076e-02;2.5250000e+02;5.1454198e-02;2.5250000e+02;1.3314527e-01;2.5250000e+02;1.7976302e-01;2.5250000e+02;1.8307817e-01;2.5250000e+02;1.8012753e-01;2.5250000e+02;1.8370394e-01;2.5250000e+02;1.4720219e-01;2.5250000e+02;1.0123630e-01;2.5250000e+02;5.2338406e-02;2.5250000e+02;4.0939301e-03;2.5250000e+02;-4.6111405e-02;2.5250000e+02;-9.3202814e-02;2.5250000e+02;-1.4109796e-01;2.5250000e+02;-9.4300233e-02;2.5250000e+02;-1.0435255e-01;2.5250000e+02;-9.6428357e-02;2.5250000e+02;-6.7923114e-02;2.5250000e+02;-1.9683076e-02;2.5250000e+02;5.1454198e-02;2.5250000e+02;1.3314527e-01;2.5250000e+02;1.7976302e-01;2.5250000e+02;1.8307817e-01;2.5250000e+02;1.8012753e-01;2.5250000e+02;1.8370394e-01;2.5250000e+02;1.4720219e-01;2.5250000e+02;1.0123630e-01;2.5250000e+02;5.2338406e-02;2.5250000e+02;4.0939301e-03;2.5250000e+02;-4.6111405e-02;2.5250000e+02;-9.3202814e-02;2.5250000e+02;-1.4109796e-01;2.5250000e+02;-9.4300233e-02;2.5250000e+02;-1.0435255e-01;2.5250000e+02;-9.6428357e-02;2.5250000e+02;-6.7923114e-02;2.5250000e+02;-1.9683076e-02;2.5250000e+02;5.1454198e-02;2.5250000e+02;1.3314527e-01;2.5250000e+02;1.7976302e-01;2.5250000e+02;1.8307817e-01;2.5250000e+02;1.8012753e-01;2.5250000e+02;1.8370394e-01;2.5250000e+02;1.4720219e-01;2.5250000e+02;1.0123630e-01;2.5250000e+02;5.2338406e-02;2.5250000e+02;4.0939301e-03;2.5250000e+02;-4.6111405e-02;2.5250000e+02;-9.3202814e-02;2.5250000e+02;-1.4109796e-01;2.5250000e+02;-9.4300233e-02;2.5250000e+02;-1.0435255e-01;2.5250000e+02;-9.6428357e-02;2.5250000e+02;-6.7923114e-02;2.5250000e+02;-1.9683076e-02;2.5250000e+02;5.1454198e-02;2.5250000e+02;1.3314527e-01;2.5250000e+02;1.7976302e-01;2.5250000e+02;1.8307817e-01;2.5250000e+02;1.8012753e-01;2.5250000e+02;1.8370394e-01;2.5250000e+02;1.4720219e-01;2.5250000e+02;1.0123630e-01;2.5250000e+02;5.2338406e-02;2.5250000e+02;4.0939301e-03;2.5250000e+02;-4.6111405e-02;2.5250000e+02;-9.3202814e-02;2.5250000e+02;-1.4109796e-01;2.5250000e+02;-9.4300233e-02;2.5250000e+02;-1.0435255e-01;2.5250000e+02;-9.6428357e-02;2.5250000e+02;-6.7923114e-02;2.5250000e+02;-1.9683076e-02;2.5250000e+02;5.1454198e-02;2.5250000e+02;1.3314527e-01;2.5250000e+02;1.7976302e-01;2.5250000e+02;1.8307817e-01;2.5250000e+02;1.8012753e-01;2.5250000e+02;1.8370394e-01;2.5250000e+02;1.4720219e-01;2.5250000e+02;1.0123630e-01;2.5250000e+02;5.2338406e-02;2.5250000e+02;4.0939301e-03;2.5250000e+02;-4.6111405e-02;2.5250000e+02;-9.3202814e-02;2.5250000e+02;-1.4109796e-01;2.5250000e+02;-9.4300233e-02;2.5250000e+02;-1.0435255e-01;2.5250000e+02;-9.6428357e-02;2.5250000e+02;-6.7923114e-02;2.5250000e+02;-1.9683076e-02;2.5250000e+02;5.1454198e-02;2.5250000e+02;1.3314527e-01;2.5250000e+02;1.7976302e-01;2.5250000e+02;1.8307817e-01;2.5250000e+02;1.8012753e-01;2.5250000e+02;1.8370394e-01;2.5250000e+02;1.4720219e-01;2.5250000e+02;1.0123630e-01;2.5250000e+02;5.2338406e-02;2.5250000e+02;4.0939301e-03;2.5250000e+02;-4.6111405e-02;2.5250000e+02;-9.3202814e-02;2.5250000e+02;-1.4109796e-01;2.5250000e+02;-9.4300233e-02;2.5250000e+02;-1.0435255e-01;2.5250000e+02;-9.6428357e-02;2.5250000e+02;-6.7923114e-02;2.5250000e+02;-1.9683076e-02;2.5250000e+02;5.1454198e-02;2.5250000e+02;1.3314527e-01;2.5250000e+02;1.7976302e-01;2.5250000e+02;1.8307817e-01;2.5250000e+02;1.8012753e-01;2.5250000e+02;1.8370394e-01;2.5250000e+02;1.4720219e-01;2.5250000e+02;1.0123630e-01;2.5250000e+02;5.2338406e-02;2.5250000e+02;4.0939301e-03;2.5250000e+02;-4.6111405e-02;2.5250000e+02;-9.3202814e-02;2.5250000e+02;-1.4109796e-01;2.5250000e+02;-9.4300233e-02;2.5250000e+02;-1.0435255e-01;2.5250000e+02;-9.6428357e-02;2.5250000e+02;-6.7923114e-02;2.5250000e+02;-1.9683076e-02;2.5250000e+02;5.1454198e-02;2.5250000e+02;1.3314527e-01;2.5250000e+02;1.7976302e-01;2.5250000e+02;1.8307817e-01;2.5250000e+02;1.8012753e-01;2.5250000e+02;1.8370394e-01;2.5250000e+02;1.4720219e-01;2.5250000e+02;1.0123630e-01;2.5250000e+02;5.2338406e-02;2.5250000e+02;4.0939301e-03;2.5250000e+02;-4.6111405e-02;2.5250000e+02;-9.3202814e-02;2.5250000e+02;-1.4109796e-01;2.5250000e+02;-9.4300233e-02;2.5250000e+02;-1.0435255e-01;2.5250000e+02;-9.6428357e-02;2.5250000e+02;-6.7923114e-02;2.5250000e+02;-1.9683076e-02;2.5250000e+02;5.1454198e-02;2.5250000e+02;1.3314527e-01;2.5250000e+02;1.7976302e-01;2.5250000e+02;1.8307817e-01;2.5250000e+02;1.8012753e-01;2.5250000e+02;1.8370394e-01;2.5250000e+02;1.4720219e-01;2.5250000e+02;1.0123630e-01;2.5250000e+02;5.2338406e-02;2.5250000e+02;4.0939301e-03;2.5250000e+02;-4.6111405e-02;2.5250000e+02;-9.3202814e-02;2.5250000e+02;-1.4109796e-01;2.5250000e+02;-9.4300233e-02;2.5250000e+02;-1.0435255e-01;2.5250000e+02;-9.6428357e-02;2.5250000e+02;-6.7923114e-02;2.5250000e+02;-1.9683076e-02;2.5250000e+02;5.1454198e-02;2.5250000e+02;1.3314527e-01;2.5250000e+02;1.7976302e-01;2.5250000e+02;1.8307817e-01;2.5250000e+02;1.8012753e-01;2.5250000e+02;1.8370394e-01;2.5250000e+02;1.4720219e-01;2.5250000e+02;1.0123630e-01;2.5250000e+02;5.2338406e-02;2.5250000e+02;4.0939301e-03;2.5250000e+02;-4.6111405e-02;2.5250000e+02;-9.3202814e-02;2.5250000e+02;-1.4109796e-01;2.5250000e+02;-9.4300233e-02;2.5250000e+02;-1.0435255e-01;2.5250000e+02;-9.6428357e-02;2.5250000e+02;-6.7923114e-02;2.5250000e+02;-1.9683076e-02;2.5250000e+02;5.1454198e-02;2.5250000e+02;1.3314527e-01;2.5250000e+02;1.7976302e-01;2.5250000e+02;1.8307817e-01;2.5250000e+02;1.8012753e-01;2.5250000e+02;1.8370394e-01;2.5250000e+02;1.4720219e-01;2.5250000e+02;1.0123630e-01;2.5250000e+02;5.2338406e-02;2.5250000e+02;4.0939301e-03;2.5250000e+02;-4.6111405e-02;2.5250000e+02;-9.3202814e-02;2.5250000e+02;-1.4109796e-01;2.5250000e+02;-9.4300233e-02;2.5250000e+02;-1.0435255e-01;2.5250000e+02;-9.6428357e-02;2.5250000e+02;-6.7923114e-02;2.5250000e+02;-1.9683076e-02;2.5250000e+02;5.1454198e-02;2.5250000e+02;1.3314527e-01;2.5250000e+02;1.7976302e-01;2.5250000e+02;1.8307817e-01;2.5250000e+02;1.8012753e-01;2.5250000e+02;1.8370394e-01;2.5250000e+02;1.4720219e-01;2.5250000e+02;1.0123630e-01;2.5250000e+02;5.2338406e-02;2.5250000e+02;4.0939301e-03;2.5250000e+02;-4.6111405e-02;2.5250000e+02;-9.3202814e-02;2.5250000e+02;-1.4109796e-01;2.5250000e+02;-9.4300233e-02;2.5250000e+02;-1.0435255e-01;2.5250000e+02;-9.6428357e-02;2.5250000e+02;-6.7923114e-02;2.5250000e+02;-1.9683076e-02;2.5250000e+02;5.1454198e-02;2.5250000e+02;1.3314527e-01;2.5250000e+02;1.7976302e-01;2.5250000e+02;1.8307817e-01;2.5250000e+02;1.8012753e-01;2.5250000e+02;1.8370394e-01;2.5250000e+02;1.4720219e-01;2.5250000e+02;1.0123630e-01;2.5250000e+02;5.2338406e-02;2.5250000e+02;4.0939301e-03;2.5250000e+02;-4.6111405e-02;2.5250000e+02;-9.3202814e-02;2.5250000e+02;-1.4109796e-01;2.5250000e+02;-9.4300233e-02;2.5250000e+02;-1.0435255e-01;2.5250000e+02;-9.6428357e-02;2.5250000e+02;-6.7923114e-02;2.5250000e+02;-1.9683076e-02;2.5250000e+02;5.1454198e-02;2.5250000e+02;1.3314527e-01;2.5250000e+02;1.7976302e-01;2.5250000e+02;1.8307817e-01;2.5250000e+02;1.8012753e-01;2.5250000e+02;1.8370394e-01;2.5250000e+02;1.4720219e-01;2.5250000e+02;1.0123630e-01;2.5250000e+02;5.2338406e-02;2.5250000e+02;4.0939301e-03;2.5250000e+02;-4.6111405e-02;2.5250000e+02;-9.3202814e-02;2.5250000e+02;-1.4109796e-01;2.5250000e+02;-9.4300233e-02;2.5250000e+02;-1.0435255e-01;2.5250000e+02;-9.6428357e-02;2.5250000e+02;-6.7923114e-02;2.5250000e+02;-1.9683076e-02;2.5250000e+02;5.1454198e-02;2.5250000e+02;1.3314527e-01;2.5250000e+02;1.7976302e-01;2.5250000e+02;1.8307817e-01;2.5250000e+02;1.8012753e-01;2.5250000e+02;1.8370394e-01;2.5250000e+02;1.4720219e-01;2.5250000e+02;1.0123630e-01;2.5250000e+02;5.2338406e-02;2.5250000e+02;4.0939301e-03;2.5250000e+02;-4.6111405e-02;2.5250000e+02;-9.3202814e-02;2.5250000e+02;-1.4109796e-01;2.5250000e+02;-9.4300233e-02;2.5250000e+02;-1.0435255e-01;2.5250000e+02;-9.6428357e-02;2.5250000e+02;-6.7923114e-02;2.5250000e+02;-1.9683076e-02;2.5250000e+02;5.1454198e-02;2.5250000e+02;1.3314527e-01;2.5250000e+02;1.7976302e-01;2.5250000e+02;1.8307817e-01;2.5250000e+02;1.8012753e-01;2.5250000e+02;1.8370394e-01;2.5250000e+02;1.4720219e-01;2.5250000e+02;1.0123630e-01;2.5250000e+02;5.2338406e-02;2.5250000e+02;4.0939301e-03;2.5250000e+02;-4.6111405e-02;2.5250000e+02;-9.3202814e-02;2.5250000e+02;-1.4109796e-01;2.5250000e+02;-9.4300233e-02;2.5250000e+02;-1.0435255e-01;2.5250000e+02;-9.6428357e-02;2.5250000e+02;-6.7923114e-02;2.5250000e+02;-1.9683076e-02;2.5250000e+02;5.1454198e-02;2.5250000e+02;1.3314527e-01;2.5250000e+02;1.7976302e-01;2.5250000e+02;1.8307817e-01;2.5250000e+02;1.8012753e-01;2.5250000e+02;1.8370394e-01;2.5250000e+02;1.4720219e-01;2.5250000e+02;1.0123630e-01;2.5250000e+02;5.2338406e-02;2.5250000e+02;4.0939301e-03;2.5250000e+02;-4.6111405e-02;2.5250000e+02;-9.3202814e-02;2.5250000e+02;-1.4109796e-01;2.5250000e+02;-9.4300233e-02;2.5250000e+02;-1.0435255e-01;2.5250000e+02;-9.6428357e-02;2.5250000e+02;-6.7923114e-02;2.5250000e+02;-1.9683076e-02;2.5250000e+02;5.1454198e-02;2.5250000e+02;1.3314527e-01;2.5250000e+02;1.7976302e-01;2.5250000e+02;1.8307817e-01;2.5250000e+02;1.8012753e-01;2.5250000e+02;1.8370394e-01;2.5250000e+02;1.4720219e-01;2.5250000e+02;1.0123630e-01;2.5250000e+02;5.2338406e-02;2.5250000e+02;4.0939301e-03;2.5250000e+02;-4.6111405e-02;2.5250000e+02;-9.3202814e-02;2.5250000e+02;-1.4109796e-01;2.5250000e+02;-9.4300233e-02;2.5250000e+02;-1.0435255e-01;2.5250000e+02;-9.6428357e-02;2.5250000e+02;-6.7923114e-02;2.5250000e+02;-1.9683076e-02;2.5250000e+02;5.1454198e-02;2.5250000e+02;1.3314527e-01;2.5250000e+02;1.7976302e-01;2.5250000e+02;1.8307817e-01;2.5250000e+02;1.8012753e-01;2.5250000e+02;1.8370394e-01;2.5250000e+02;1.4720219e-01;2.5250000e+02;1.0123630e-01;2.5250000e+02;5.2338406e-02;2.5250000e+02;4.0939301e-03;2.5250000e+02;-4.6111405e-02;2.5250000e+02;-9.3202814e-02;2.5250000e+02;-1.4109796e-01;2.5250000e+02;-9.4300233e-02;2.5250000e+02;-1.0435255e-01;2.5250000e+02;-9.6428357e-02;2.5250000e+02;-6.7923114e-02;2.5250000e+02;-1.9683076e-02;2.5250000e+02;5.1454198e-02;2.5250000e+02;1.3314527e-01;2.5250000e+02;1.7976302e-01;2.5250000e+02;1.8307817e-01;2.5250000e+02;1.8012753e-01;2.5250000e+02;1.8370394e-01;2.5250000e+02;1.4720219e-01;2.5250000e+02;1.0123630e-01;2.5250000e+02;5.2338406e-02;2.5250000e+02;4.0939301e-03;2.5250000e+02;-4.6111405e-02;2.5250000e+02;-9.3202814e-02;2.5250000e+02;-1.4109796e-01;2.5250000e+02;-9.4300233e-02;2.5250000e+02;-1.0435255e-01;2.5250000e+02;-9.6428357e-02;2.5250000e+02;-6.7923114e-02;2.5250000e+02;-1.9683076e-02;2.5250000e+02;5.1454198e-02;2.5250000e+02;1.3314527e-01;2.5250000e+02;1.7976302e-01;2.5250000e+02;1.8307817e-01;2.5250000e+02;1.8012753e-01;2.5250000e+02;1.8370394e-01;2.5250000e+02;1.4720219e-01;2.5250000e+02;1.0123630e-01;2.5250000e+02;5.2338406e-02;2.5250000e+02;4.0939301e-03;2.5250000e+02;-4.6111405e-02;2.5250000e+02;-9.3202814e-02;2.5250000e+02;-1.4109796e-01;2.5250000e+02;-9.4300233e-02;2.5250000e+02;-1.0435255e-01;2.5250000e+02;-9.6428357e-02;2.5250000e+02;-6.7923114e-02;2.5250000e+02;-1.9683076e-02;2.5250000e+02;5.1454198e-02;2.5250000e+02;1.3314527e-01;2.5250000e+02;1.7976302e-01;2.5250000e+02;1.8307817e-01;2.5250000e+02;1.8012753e-01;2.5250000e+02;1.8370394e-01;2.5250000e+02;1.4720219e-01;2.5250000e+02;1.0123630e-01;2.5250000e+02;5.2338406e-02;2.5250000e+02;4.0939301e-03;2.5250000e+02;-4.6111405e-02;2.5250000e+02;-9.3202814e-02;2.5250000e+02;-1.4109796e-01;2.5250000e+02;-9.4300233e-02;2.5250000e+02;-1.0435255e-01;2.5250000e+02;-9.6428357e-02;2.5250000e+02;-6.7923114e-02;2.5250000e+02;-1.9683076e-02;2.5250000e+02;5.1454198e-02;2.5250000e+02;1.3314527e-01;2.5250000e+02;1.7976302e-01;2.5250000e+02;1.8307817e-01;2.5250000e+02;1.8012753e-01;2.5250000e+02;1.8370394e-01;2.5250000e+02;1.4720219e-01;2.5250000e+02;1.0123630e-01;2.5250000e+02;5.2338406e-02;2.5250000e+02;4.0939301e-03;2.5250000e+02;-4.6111405e-02;2.5250000e+02;-9.3202814e-02;2.5250000e+02;-1.4109796e-01;2.5250000e+02;-9.4300233e-02;2.5250000e+02;-1.0435255e-01;2.5250000e+02;-9.6428357e-02;2.5250000e+02;-6.7923114e-02;2.5250000e+02;-1.9683076e-02;2.5250000e+02;5.1454198e-02;2.5250000e+02;1.3314527e-01;2.5250000e+02;1.7976302e-01;2.5250000e+02;1.8307817e-01;2.5250000e+02;1.8012753e-01;2.5250000e+02;1.8370394e-01;2.5250000e+02;1.4720219e-01;2.5250000e+02;1.0123630e-01;2.5250000e+02;5.2338406e-02;2.5250000e+02;4.0939301e-03;2.5250000e+02;-4.6111405e-02;2.5250000e+02;-9.3202814e-02;2.5250000e+02;-1.4109796e-01;2.5250000e+02;-9.4300233e-02;2.5250000e+02;-1.0435255e-01;2.5250000e+02;-9.6428357e-02;2.5250000e+02;-6.7923114e-02;2.5250000e+02;-1.9683076e-02;2.5250000e+02;5.1454198e-02;2.5250000e+02;1.3314527e-01;2.5250000e+02;1.7976302e-01;2.5250000e+02;1.8307817e-01;2.5250000e+02;1.8012753e-01;2.5250000e+02;1.8370394e-01;2.5250000e+02;1.4720219e-01;2.5250000e+02;1.0123630e-01;2.5250000e+02;5.2338406e-02;2.5250000e+02;4.0939301e-03;2.5250000e+02;-4.6111405e-02;2.5250000e+02;-9.3202814e-02;2.5250000e+02;-1.4109796e-01;2.5250000e+02;-9.4300233e-02;2.5250000e+02;-1.0435255e-01;2.5250000e+02;-9.6428357e-02;2.5250000e+02;-6.7923114e-02;2.5250000e+02;-1.9683076e-02;2.5250000e+02;5.1454198e-02;2.5250000e+02;1.3314527e-01;2.5250000e+02;1.7976302e-01;2.5250000e+02;1.8307817e-01;2.5250000e+02;1.8012753e-01;2.5250000e+02;1.8370394e-01;2.5250000e+02;1.4720219e-01;2.5250000e+02;1.0123630e-01;2.5250000e+02;5.2338406e-02;2.5250000e+02;4.0939301e-03;2.5250000e+02;-4.6111405e-02;2.5250000e+02;-9.3202814e-02;2.5250000e+02;-1.4109796e-01;2.5250000e+02;-9.4300233e-02;2.5250000e+02;-1.0435255e-01;2.5250000e+02;-9.6428357e-02;2.5250000e+02;-6.7923114e-02;2.5250000e+02;-1.9683076e-02;2.5250000e+02;5.1454198e-02;2.5250000e+02;1.3314527e-01;2.5250000e+02;1.7976302e-01;2.5250000e+02;1.8307817e-01;2.5250000e+02;1.8012753e-01;2.5250000e+02;1.8370394e-01;2.5250000e+02;1.4720219e-01;2.5250000e+02;1.0123630e-01;2.5250000e+02;5.2338406e-02;2.5250000e+02;4.0939301e-03;2.5250000e+02;-4.6111405e-02;2.5250000e+02;-9.3202814e-02;2.5250000e+02;-1.4109796e-01;2.5250000e+02;-9.4300233e-02;2.5250000e+02;-1.0435255e-01;2.5250000e+02;-9.6428357e-02;2.5250000e+02;-6.7923114e-02;2.5250000e+02;-1.9683076e-02;2.5250000e+02;5.1454198e-02;2.5250000e+02;1.3314527e-01;2.5250000e+02;1.7976302e-01;2.5250000e+02;1.8307817e-01;2.5250000e+02;1.8012753e-01;2.5250000e+02;1.8370394e-01;2.5250000e+02;1.4720219e-01;2.5250000e+02;1.0123630e-01;2.5250000e+02;5.2338406e-02;2.5250000e+02;4.0939301e-03;2.5250000e+02;-4.6111405e-02;2.5250000e+02;-9.3202814e-02;2.5250000e+02;-1.4109796e-01;2.5250000e+02;-9.4300233e-02;2.5250000e+02;-1.0435255e-01;2.5250000e+02;-9.6428357e-02;2.5250000e+02;-6.7923114e-02;2.5250000e+02;-1.9683076e-02;2.5250000e+02;5.1454198e-02;2.5250000e+02;1.3314527e-01;2.5250000e+02;1.7976302e-01;2.5250000e+02;1.8307817e-01;2.5250000e+02;1.8012753e-01;2.5250000e+02;1.8370394e-01;2.5250000e+02;1.4720219e-01;2.5250000e+02;1.0123630e-01;2.5250000e+02;5.2338406e-02;2.5250000e+02;4.0939301e-03;2.5250000e+02;-4.6111405e-02;2.5250000e+02;-9.3202814e-02;2.5250000e+02;-1.4109796e-01;2.5250000e+02;-9.4300233e-02;2.5250000e+02;-1.0435255e-01;2.5250000e+02;-9.6428357e-02;2.5250000e+02;-6.7923114e-02;2.5250000e+02;-1.9683076e-02;2.5250000e+02;5.1454198e-02;2.5250000e+02;1.3314527e-01;2.5250000e+02;1.7976302e-01;2.5250000e+02;1.8307817e-01;2.5250000e+02;1.8012753e-01;2.5250000e+02;1.8370394e-01;2.5250000e+02;1.4720219e-01;2.5250000e+02;1.0123630e-01;2.5250000e+02;5.2338406e-02;2.5250000e+02;4.0939301e-03;2.5250000e+02;-4.6111405e-02;2.5250000e+02;-9.3202814e-02;2.5250000e+02;-1.4109796e-01;2.5250000e+02;-9.4300233e-02;2.5250000e+02;-1.0435255e-01;2.5250000e+02;-9.6428357e-02;2.5250000e+02;-6.7923114e-02;2.5250000e+02;-1.9683076e-02;2.5250000e+02;5.1454198e-02;2.5250000e+02;1.3314527e-01;2.5250000e+02;1.7976302e-01;2.5250000e+02;1.8307817e-01;2.5250000e+02;1.8012753e-01;2.5250000e+02;1.8370394e-01;2.5250000e+02;1.4720219e-01;2.5250000e+02;1.0123630e-01;2.5250000e+02;5.2338406e-02;2.5250000e+02;4.0939301e-03;2.5250000e+02;-4.6111405e-02;2.5250000e+02;-9.3202814e-02;2.5250000e+02;-1.4109796e-01;2.5250000e+02;-9.4300233e-02;2.5250000e+02;-1.0435255e-01;2.5250000e+02;-9.6428357e-02;2.5250000e+02;-6.7923114e-02;2.5250000e+02;-1.9683076e-02;2.5250000e+02;5.1454198e-02;2.5250000e+02;1.3314527e-01;2.5250000e+02;1.7976302e-01;2.5250000e+02;1.8307817e-01;2.5250000e+02;1.8012753e-01;2.5250000e+02;1.8370394e-01;2.5250000e+02;1.4720219e-01;2.5250000e+02;1.0123630e-01;2.5250000e+02;5.2338406e-02;2.5250000e+02;4.0939301e-03;2.5250000e+02;-4.6111405e-02;2.5250000e+02;-9.3202814e-02;2.5250000e+02;-1.4109796e-01;2.5250000e+02;-9.4300233e-02;2.5250000e+02;-1.0435255e-01;2.5250000e+02;-9.6428357e-02;2.5250000e+02;-6.7923114e-02;2.5250000e+02;-1.9683076e-02;2.5250000e+02;5.1454198e-02;2.5250000e+02;1.3314527e-01;2.5250000e+02;1.7976302e-01;2.5250000e+02;1.8307817e-01;2.5250000e+02;1.8012753e-01;2.5250000e+02;1.8370394e-01;2.5250000e+02;1.4720219e-01;2.5250000e+02;1.0123630e-01;2.5250000e+02;5.2338406e-02;2.5250000e+02;4.0939301e-03;2.5250000e+02;-4.6111405e-02;2.5250000e+02;-9.3202814e-02;2.5250000e+02;-1.4109796e-01;2.5250000e+02;-9.4300233e-02;2.5250000e+02;-1.0435255e-01;2.5250000e+02;-9.6428357e-02;2.5250000e+02;-6.7923114e-02;2.5250000e+02;-1.9683076e-02;2.5250000e+02;5.1454198e-02;2.5250000e+02;1.3314527e-01;2.5250000e+02;1.7976302e-01;2.5250000e+02;1.8307817e-01;2.5250000e+02;1.8012753e-01;2.5250000e+02;1.8370394e-01;2.5250000e+02;1.4720219e-01;2.5250000e+02;1.0123630e-01;2.5250000e+02;5.2338406e-02;2.5250000e+02;4.0939301e-03;2.5250000e+02;-4.6111405e-02;2.5250000e+02;-9.3202814e-02;2.5250000e+02;-1.4109796e-01;2.5250000e+02;-9.4300233e-02;2.5250000e+02;-1.0435255e-01;2.5250000e+02;-9.6428357e-02;2.5250000e+02;-6.7923114e-02;2.5250000e+02;-1.9683076e-02;2.5250000e+02;5.1454198e-02;2.5250000e+02;1.3314527e-01;2.5250000e+02;1.7976302e-01;2.5250000e+02;1.8307817e-01;2.5250000e+02;1.8012753e-01;2.5250000e+02;1.8370394e-01;2.5250000e+02;1.4720219e-01;2.5250000e+02;1.0123630e-01;2.5250000e+02;5.2338406e-02;2.5250000e+02;4.0939301e-03;2.5250000e+02;-4.6111405e-02;2.5250000e+02;-9.3202814e-02;2.5250000e+02;-1.4109796e-01;2.5250000e+02;-9.4300233e-02;2.5250000e+02;-1.0435255e-01;2.5250000e+02;-9.6428357e-02;2.5250000e+02;-6.7923114e-02;2.5250000e+02;-1.9683076e-02;2.5250000e+02;5.1454198e-02;2.5250000e+02;1.3314527e-01;2.5250000e+02;1.7976302e-01;2.5250000e+02;1.8307817e-01;2.5250000e+02;1.8012753e-01;2.5250000e+02;1.8370394e-01;2.5250000e+02;1.4720219e-01;2.5250000e+02;1.0123630e-01;2.5250000e+02;5.2338406e-02;2.5250000e+02;4.0939301e-03;2.5250000e+02;-4.6111405e-02;2.5250000e+02;-9.3202814e-02;2.5250000e+02;-1.4109796e-01;2.5250000e+02;-9.4300233e-02;2.5250000e+02;-1.0435255e-01;2.5250000e+02;-9.6428357e-02;2.5250000e+02;-6.7923114e-02;2.5250000e+02;-1.9683076e-02;2.5250000e+02;5.1454198e-02;2.5250000e+02;1.3314527e-01;2.5250000e+02;1.7976302e-01;2.5250000e+02;1.8307817e-01;2.5250000e+02;1.8012753e-01;2.5250000e+02;1.8370394e-01;2.5250000e+02;1.4720219e-01;2.5250000e+02;1.0123630e-01;2.5250000e+02;5.2338406e-02;2.5250000e+02;4.0939301e-03;2.5250000e+02;-4.6111405e-02;2.5250000e+02;-9.3202814e-02;2.5250000e+02;-1.4109796e-01;2.5250000e+02;-9.4300233e-02;2.5250000e+02;-1.0435255e-01;2.5250000e+02;-9.6428357e-02;2.5250000e+02;-6.7923114e-02;2.5250000e+02;-1.9683076e-02;2.5250000e+02;5.1454198e-02;2.5250000e+02;1.3314527e-01;2.5250000e+02;1.7976302e-01;2.5250000e+02;1.8307817e-01;2.5250000e+02;1.8012753e-01;2.5250000e+02;1.8370394e-01;2.5250000e+02;1.4720219e-01;2.5250000e+02;1.0123630e-01;2.5250000e+02;5.2338406e-02;2.5250000e+02;4.0939301e-03;2.5250000e+02;-4.6111405e-02;2.5250000e+02;-9.3202814e-02;2.5250000e+02;-1.4109796e-01;2.5250000e+02;-9.4300233e-02;2.5250000e+02;-1.0435255e-01;2.5250000e+02;-9.6428357e-02;2.5250000e+02;-6.7923114e-02;2.5250000e+02;-1.9683076e-02;2.5250000e+02;5.1454198e-02;2.5250000e+02;1.3314527e-01;2.5250000e+02;1.7976302e-01;2.5250000e+02;1.8307817e-01;2.5250000e+02;1.8012753e-01;2.5250000e+02;1.8370394e-01;2.5250000e+02;1.4720219e-01;2.5250000e+02;1.0123630e-01;2.5250000e+02;5.2338406e-02;2.5250000e+02;4.0939301e-03;2.5250000e+02;-4.6111405e-02;2.5250000e+02;-9.3202814e-02;2.5250000e+02;-1.4109796e-01;2.5250000e+02;-9.4300233e-02;2.5250000e+02;-1.0435255e-01;2.5250000e+02;-9.6428357e-02;2.5250000e+02;-6.7923114e-02;2.5250000e+02;-1.9683076e-02;2.5250000e+02;5.1454198e-02;2.5250000e+02;1.3314527e-01;2.5250000e+02;1.7976302e-01;2.5250000e+02;1.8307817e-01;2.5250000e+02;1.8012753e-01;2.5250000e+02;1.8370394e-01;2.5250000e+02;1.4720219e-01;2.5250000e+02;1.0123630e-01;2.5250000e+02;5.2338406e-02;2.5250000e+02;4.0939301e-03;2.5250000e+02;-4.6111405e-02;2.5250000e+02;-9.3202814e-02;2.5250000e+02;-1.4109796e-01;2.5250000e+02;-9.4300233e-02;2.5250000e+02;-1.0435255e-01;2.5250000e+02;-9.6428357e-02;2.5250000e+02;-6.7923114e-02;2.5250000e+02;-1.9683076e-02;2.5250000e+02;5.1454198e-02;2.5250000e+02;1.3314527e-01;2.5250000e+02;1.7976302e-01;2.5250000e+02;1.8307817e-01;2.5250000e+02;1.8012753e-01;2.5250000e+02;1.8370394e-01;2.5250000e+02;1.4720219e-01;2.5250000e+02;1.0123630e-01;2.5250000e+02;5.2338406e-02;2.5250000e+02;4.0939301e-03;2.5250000e+02;-4.6111405e-02;2.5250000e+02;-9.3202814e-02;2.5250000e+02;-1.4109796e-01;2.5250000e+02;-9.4300233e-02;2.5250000e+02;-1.0435255e-01;2.5250000e+02;-9.6428357e-02;2.5250000e+02;-6.7923114e-02;2.5250000e+02;-1.9683076e-02;2.5250000e+02;5.1454198e-02;2.5250000e+02;1.3314527e-01;2.5250000e+02;1.7976302e-01;2.5250000e+02;1.8307817e-01;2.5250000e+02;1.8012753e-01;2.5250000e+02;1.8370394e-01;2.5250000e+02;1.4720219e-01;2.5250000e+02;1.0123630e-01;2.5250000e+02;5.2338406e-02;2.5250000e+02;4.0939301e-03;2.5250000e+02;-4.6111405e-02;2.5250000e+02;-9.3202814e-02;2.5250000e+02;-1.4109796e-01;2.5250000e+02;-9.4300233e-02;2.5250000e+02;-1.0435255e-01;2.5250000e+02;-9.6428357e-02;2.5250000e+02;-6.7923114e-02;2.5250000e+02;-1.9683076e-02;2.5250000e+02;5.1454198e-02;2.5250000e+02;1.3314527e-01;2.5250000e+02;1.7976302e-01;2.5250000e+02;1.8307817e-01;2.5250000e+02;1.8012753e-01;2.5250000e+02;1.8370394e-01;2.5250000e+02;1.4720219e-01;2.5250000e+02;1.0123630e-01;2.5250000e+02;5.2338406e-02;2.5250000e+02;4.0939301e-03;2.5250000e+02;-4.6111405e-02;2.5250000e+02;-9.3202814e-02;2.5250000e+02;-1.4109796e-01;2.5250000e+02;-9.4300233e-02;2.5250000e+02;-1.0435255e-01;2.5250000e+02;-9.6428357e-02;2.5250000e+02;-6.7923114e-02;2.5250000e+02;-1.9683076e-02;2.5250000e+02;5.1454198e-02;2.5250000e+02;1.3314527e-01;2.5250000e+02;1.7976302e-01;2.5250000e+02;1.8307817e-01;2.5250000e+02;1.8012753e-01;2.5250000e+02;1.8370394e-01;2.5250000e+02;1.4720219e-01;2.5250000e+02;1.0123630e-01;2.5250000e+02;5.2338406e-02;2.5250000e+02;4.0939301e-03;2.5250000e+02;-4.6111405e-02;2.5250000e+02;-9.3202814e-02;2.5250000e+02;-1.4109796e-01;2.5250000e+02;-9.4300233e-02;2.5250000e+02;-1.0435255e-01;2.5250000e+02;-9.6428357e-02;2.5250000e+02;-6.7923114e-02;2.5250000e+02;-1.9683076e-02;2.5250000e+02;5.1454198e-02;2.5250000e+02;1.3314527e-01;2.5250000e+02;1.7976302e-01;2.5250000e+02;1.8307817e-01;2.5250000e+02;1.8012753e-01;2.5250000e+02;1.8370394e-01;2.5250000e+02;1.4720219e-01;2.5250000e+02;1.0123630e-01;2.5250000e+02;5.2338406e-02;2.5250000e+02;4.0939301e-03;2.5250000e+02;-4.6111405e-02;2.5250000e+02;-9.3202814e-02;2.5250000e+02;-1.4109796e-01;2.5250000e+02;-9.4300233e-02;2.5250000e+02;-1.0435255e-01;2.5250000e+02;-9.6428357e-02;2.5250000e+02;-6.7923114e-02;2.5250000e+02;-1.9683076e-02;2.5250000e+02;5.1454198e-02;2.5250000e+02;1.3314527e-01;2.5250000e+02;1.7976302e-01;2.5250000e+02;1.8307817e-01;2.5250000e+02;1.8012753e-01;2.5250000e+02;1.8370394e-01;2.5250000e+02;1.4720219e-01;2.5250000e+02;1.0123630e-01;2.5250000e+02;5.2338406e-02;2.5250000e+02;4.0939301e-03;2.5250000e+02;-4.6111405e-02;2.5250000e+02;-9.3202814e-02;2.5250000e+02;-1.4109796e-01;2.5250000e+02;-9.4300233e-02;2.5250000e+02;-1.0435255e-01;2.5250000e+02;-9.6428357e-02;2.5250000e+02;-6.7923114e-02;2.5250000e+02;-1.9683076e-02;2.5250000e+02;5.1454198e-02;2.5250000e+02;1.3314527e-01;2.5250000e+02;1.7976302e-01;2.5250000e+02;1.8307817e-01;2.5250000e+02;1.8012753e-01;2.5250000e+02;1.8370394e-01;2.5250000e+02;1.4720219e-01;2.5250000e+02;1.0123630e-01;2.5250000e+02;5.2338406e-02;2.5250000e+02;4.0939301e-03;2.5250000e+02;-4.6111405e-02;2.5250000e+02;-9.3202814e-02;2.5250000e+02;-1.4109796e-01;2.5250000e+02;-9.4300233e-02;2.5250000e+02;-1.0435255e-01;2.5250000e+02;-9.6428357e-02;2.5250000e+02;-6.7923114e-02;2.5250000e+02;-1.9683076e-02;2.5250000e+02;5.1454198e-02;2.5250000e+02;1.3314527e-01;2.5250000e+02;1.7976302e-01;2.5250000e+02;1.8307817e-01;2.5250000e+02;1.8012753e-01;2.5250000e+02;1.8370394e-01;2.5250000e+02;1.4720219e-01;2.5250000e+02;1.0123630e-01;2.5250000e+02;5.2338406e-02;2.5250000e+02;4.0939301e-03;2.5250000e+02;-4.6111405e-02;2.5250000e+02;-9.3202814e-02;2.5250000e+02;-1.4109796e-01;2.5250000e+02;-9.4300233e-02;2.5250000e+02;-1.0435255e-01;2.5250000e+02;-9.6428357e-02;2.5250000e+02;-6.7923114e-02;2.5250000e+02;-1.9683076e-02;2.5250000e+02;5.1454198e-02;2.5250000e+02;1.3314527e-01;2.5250000e+02;1.7976302e-01;2.5250000e+02;1.8307817e-01;2.5250000e+02;1.8012753e-01;2.5250000e+02;1.8370394e-01;2.5250000e+02;1.4720219e-01;2.5250000e+02;1.0123630e-01;2.5250000e+02;5.2338406e-02;2.5250000e+02;4.0939301e-03;2.5250000e+02;-4.6111405e-02;2.5250000e+02;-9.3202814e-02;2.5250000e+02;-1.4109796e-01;2.5250000e+02;-9.4300233e-02;2.5250000e+02;-1.0435255e-01;2.5250000e+02;-9.6428357e-02;2.5250000e+02;-6.7923114e-02;2.5250000e+02;-1.9683076e-02;2.5250000e+02;5.1454198e-02;2.5250000e+02;1.3314527e-01;2.5250000e+02;1.7976302e-01;2.5250000e+02;1.8307817e-01;2.5250000e+02;1.8012753e-01;2.5250000e+02;1.8370394e-01;2.5250000e+02;1.4720219e-01;2.5250000e+02;1.0123630e-01;2.5250000e+02;5.2338406e-02;2.5250000e+02;4.0939301e-03;2.5250000e+02;-4.6111405e-02;2.5250000e+02;-9.3202814e-02;2.5250000e+02;-1.4109796e-01;2.5250000e+02;-9.4300233e-02;2.5250000e+02;-1.0435255e-01;2.5250000e+02;-9.6428357e-02;2.5250000e+02;-6.7923114e-02;2.5250000e+02;-1.9683076e-02;2.5250000e+02;5.1454198e-02;2.5250000e+02;1.3314527e-01;2.5250000e+02;1.7976302e-01;2.5250000e+02;1.8307817e-01;2.5250000e+02;1.8012753e-01;2.5250000e+02;1.8370394e-01;2.5250000e+02;1.4720219e-01;2.5250000e+02;1.0123630e-01;2.5250000e+02;5.2338406e-02;2.5250000e+02;4.0939301e-03;2.5250000e+02;-4.6111405e-02;2.5250000e+02;-9.3202814e-02;2.5250000e+02;-1.4109796e-01;2.5250000e+02;-9.4300233e-02;2.5250000e+02;-1.0435255e-01;2.5250000e+02;-9.6428357e-02;2.5250000e+02;-6.7923114e-02;2.5250000e+02;-1.9683076e-02;2.5250000e+02;5.1454198e-02;2.5250000e+02;1.3314527e-01;2.5250000e+02;1.7976302e-01;2.5250000e+02;1.8307817e-01;2.5250000e+02;1.8012753e-01;2.5250000e+02;1.8370394e-01;2.5250000e+02;1.4720219e-01;2.5250000e+02;1.0123630e-01;2.5250000e+02;5.2338406e-02;2.5250000e+02;4.0939301e-03;2.5250000e+02;-4.6111405e-02;2.5250000e+02;-9.3202814e-02;2.5250000e+02;-1.4109796e-01;2.5250000e+02;-9.4300233e-02;2.5250000e+02;-1.0435255e-01;2.5250000e+02;-9.6428357e-02;2.5250000e+02;-6.7923114e-02;2.5250000e+02;-1.9683076e-02;2.5250000e+02;5.1454198e-02;2.5250000e+02;1.3314527e-01;2.5250000e+02;1.7976302e-01;2.5250000e+02;1.8307817e-01;2.5250000e+02;1.8012753e-01;2.5250000e+02;1.8370394e-01;2.5250000e+02;1.4720219e-01;2.5250000e+02;1.0123630e-01;2.5250000e+02;5.2338406e-02;2.5250000e+02;4.0939301e-03;2.5250000e+02;-4.6111405e-02;2.5250000e+02;-9.3202814e-02;2.5250000e+02;-1.4109796e-01;2.5250000e+02;-9.4300233e-02;2.5250000e+02;-1.0435255e-01;2.5250000e+02;-9.6428357e-02;2.5250000e+02;-6.7923114e-02;2.5250000e+02;-1.9683076e-02;2.5250000e+02;5.1454198e-02;2.5250000e+02;1.3314527e-01;2.5250000e+02;1.7976302e-01;2.5250000e+02;1.8307817e-01;2.5250000e+02;1.8012753e-01;2.5250000e+02;1.8370394e-01;2.5250000e+02;1.4720219e-01;2.5250000e+02;1.0123630e-01;2.5250000e+02;5.2338406e-02;2.5250000e+02;4.0939301e-03;2.5250000e+02;-4.6111405e-02;2.5250000e+02;-9.3202814e-02;2.5250000e+02;-1.4109796e-01;2.5250000e+02;-9.4300233e-02;2.5250000e+02;-1.0435255e-01;2.5250000e+02;-9.6428357e-02;2.5250000e+02;-6.7923114e-02;2.5250000e+02;-1.9683076e-02;2.5250000e+02;5.1454198e-02;2.5250000e+02;1.3314527e-01;2.5250000e+02;1.7976302e-01;2.5250000e+02;1.8307817e-01;2.5250000e+02;1.8012753e-01;2.5250000e+02;1.8370394e-01;2.5250000e+02;1.4720219e-01;2.5250000e+02;1.0123630e-01;2.5250000e+02;5.2338406e-02;2.5250000e+02;4.0939301e-03;2.5250000e+02;-4.6111405e-02;2.5250000e+02;-9.3202814e-02;2.5250000e+02;-1.4109796e-01;2.5250000e+02;-9.4300233e-02;2.5250000e+02;-1.0435255e-01;2.5250000e+02;-9.6428357e-02;2.5250000e+02;-6.7923114e-02;2.5250000e+02;-1.9683076e-02;2.5250000e+02;5.1454198e-02;2.5250000e+02;1.3314527e-01;2.5250000e+02;1.7976302e-01;2.5250000e+02;1.8307817e-01;2.5250000e+02;1.8012753e-01;2.5250000e+02;1.8370394e-01;2.5250000e+02;1.4720219e-01;2.5250000e+02;1.0123630e-01;2.5250000e+02;5.2338406e-02;2.5250000e+02;4.0939301e-03;2.5250000e+02;-4.6111405e-02;2.5250000e+02;-9.3202814e-02;2.5250000e+02;-1.4109796e-01;2.5250000e+02;-9.4300233e-02;2.5250000e+02;-1.0435255e-01;2.5250000e+02;-9.6428357e-02;2.5250000e+02;-6.7923114e-02;2.5250000e+02;-1.9683076e-02;2.5250000e+02;5.1454198e-02;2.5250000e+02;1.3314527e-01;2.5250000e+02;1.7976302e-01;2.5250000e+02;1.8307817e-01;2.5250000e+02;1.8012753e-01;2.5250000e+02;1.8370394e-01;2.5250000e+02;1.4720219e-01;2.5250000e+02;1.0123630e-01;2.5250000e+02;5.2338406e-02;2.5250000e+02;4.0939301e-03;2.5250000e+02;-4.6111405e-02;2.5250000e+02;-9.3202814e-02;2.5250000e+02;-1.4109796e-01;2.5250000e+02;-9.4300233e-02;2.5250000e+02;-1.0435255e-01;2.5250000e+02;-9.6428357e-02;2.5250000e+02;-6.7923114e-02;2.5250000e+02;-1.9683076e-02;2.5250000e+02;5.1454198e-02;2.5250000e+02;1.3314527e-01;2.5250000e+02;1.7976302e-01;2.5250000e+02;1.8307817e-01;2.5250000e+02;1.8012753e-01;2.5250000e+02;1.8370394e-01;2.5250000e+02;1.4720219e-01;2.5250000e+02;1.0123630e-01;2.5250000e+02;5.2338406e-02;2.5250000e+02;4.0939301e-03;2.5250000e+02;-4.6111405e-02;2.5250000e+02;-9.3202814e-02;2.5250000e+02;-1.4109796e-01;2.5250000e+02;-9.4300233e-02;2.5250000e+02;-1.0435255e-01;2.5250000e+02;-9.6428357e-02;2.5250000e+02;-6.7923114e-02;2.5250000e+02;-1.9683076e-02;2.5250000e+02;5.1454198e-02;2.5250000e+02;1.3314527e-01;2.5250000e+02;1.7976302e-01;2.5250000e+02;1.8307817e-01;2.5250000e+02;1.8012753e-01;2.5250000e+02;1.8370394e-01;2.5250000e+02;1.4720219e-01;2.5250000e+02;1.0123630e-01;2.5250000e+02;5.2338406e-02;2.5250000e+02;4.0939301e-03;2.5250000e+02;-4.6111405e-02;2.5250000e+02;-9.3202814e-02;2.5250000e+02;-1.4109796e-01;2.5250000e+02;-9.4300233e-02;2.5250000e+02;-1.0435255e-01;2.5250000e+02;-9.6428357e-02;2.5250000e+02;-6.7923114e-02;2.5250000e+02;-1.9683076e-02;2.5250000e+02;5.1454198e-02;2.5250000e+02;1.3314527e-01;2.5250000e+02;1.7976302e-01;2.5250000e+02;1.8307817e-01;2.5250000e+02;1.8012753e-01;2.5250000e+02;1.8370394e-01;2.5250000e+02;1.4720219e-01;2.5250000e+02;1.0123630e-01;2.5250000e+02;5.2338406e-02;2.5250000e+02;4.0939301e-03;2.5250000e+02;-4.6111405e-02;2.5250000e+02;-9.3202814e-02;2.5250000e+02;-1.4109796e-01;2.5250000e+02;-9.4300233e-02;2.5250000e+02;-1.0435255e-01;2.5250000e+02;-9.6428357e-02;2.5250000e+02;-6.7923114e-02;2.5250000e+02;-1.9683076e-02;2.5250000e+02;5.1454198e-02;2.5250000e+02;1.3314527e-01;2.5250000e+02;1.7976302e-01;2.5250000e+02;1.8307817e-01;2.5250000e+02;1.8012753e-01;2.5250000e+02;1.8370394e-01;2.5250000e+02;1.4720219e-01;2.5250000e+02;1.0123630e-01;2.5250000e+02;5.2338406e-02;2.5250000e+02;4.0939301e-03;2.5250000e+02;-4.6111405e-02;2.5250000e+02;-9.3202814e-02;2.5250000e+02;-1.4109796e-01;2.5250000e+02;-9.4300233e-02;2.5250000e+02;-1.0435255e-01;2.5250000e+02;-9.6428357e-02;2.5250000e+02;-6.7923114e-02;2.5250000e+02;-1.9683076e-02;2.5250000e+02;5.1454198e-02;2.5250000e+02;1.3314527e-01;2.5250000e+02;1.7976302e-01;2.5250000e+02;1.8307817e-01;2.5250000e+02;1.8012753e-01;2.5250000e+02;1.8370394e-01;2.5250000e+02;1.4720219e-01;2.5250000e+02;1.0123630e-01;2.5250000e+02;5.2338406e-02;2.5250000e+02;4.0939301e-03;2.5250000e+02;-4.6111405e-02;2.5250000e+02;-9.3202814e-02;2.5250000e+02;-1.4109796e-01;2.5250000e+02;-9.4300233e-02;2.5250000e+02;-1.0435255e-01;2.5250000e+02;-9.6428357e-02;2.5250000e+02;-6.7923114e-02;2.5250000e+02;-1.9683076e-02;2.5250000e+02;5.1454198e-02;2.5250000e+02;1.3314527e-01;2.5250000e+02;1.7976302e-01;2.5250000e+02;1.8307817e-01;2.5250000e+02;1.8012753e-01;2.5250000e+02;1.8370394e-01;2.5250000e+02;1.4720219e-01;2.5250000e+02;1.0123630e-01;2.5250000e+02;5.2338406e-02;2.5250000e+02;4.0939301e-03;2.5250000e+02;-4.6111405e-02;2.5250000e+02;-9.3202814e-02;2.5250000e+02;-1.4109796e-01;2.5250000e+02;-9.4300233e-02;2.5250000e+02;-1.0435255e-01;2.5250000e+02;-9.6428357e-02;2.5250000e+02;-6.7923114e-02;2.5250000e+02;-1.9683076e-02;2.5250000e+02;5.1454198e-02;2.5250000e+02;1.3314527e-01;2.5250000e+02;1.7976302e-01;2.5250000e+02;1.8307817e-01;2.5250000e+02;1.8012753e-01;2.5250000e+02;1.8370394e-01;2.5250000e+02;1.4720219e-01;2.5250000e+02;1.0123630e-01;2.5250000e+02;5.2338406e-02;2.5250000e+02;4.0939301e-03;2.5250000e+02;-4.6111405e-02;2.5250000e+02;-9.3202814e-02;2.5250000e+02;-1.4109796e-01;2.5250000e+02;-9.4300233e-02;2.5250000e+02;-1.0435255e-01;2.5250000e+02;-9.6428357e-02;2.5250000e+02;-6.7923114e-02;2.5250000e+02;-1.9683076e-02;2.5250000e+02;5.1454198e-02;2.5250000e+02;1.3314527e-01;2.5250000e+02;1.7976302e-01;2.5250000e+02;1.8307817e-01;2.5250000e+02;1.8012753e-01;2.5250000e+02;1.8370394e-01;2.5250000e+02;1.4720219e-01;2.5250000e+02;1.0123630e-01;2.5250000e+02;5.2338406e-02;2.5250000e+02;4.0939301e-03;2.5250000e+02;-4.6111405e-02;2.5250000e+02;-9.3202814e-02;2.5250000e+02;-1.4109796e-01;2.5250000e+02;-9.4300233e-02;2.5250000e+02;-1.0435255e-01;2.5250000e+02;-9.6428357e-02;2.5250000e+02;-6.7923114e-02;2.5250000e+02;-1.9683076e-02;2.5250000e+02;5.1454198e-02;2.5250000e+02;1.3314527e-01;2.5250000e+02;1.7976302e-01;2.5250000e+02;1.8307817e-01;2.5250000e+02;1.8012753e-01;2.5250000e+02;1.8370394e-01;2.5250000e+02;1.4720219e-01;2.5250000e+02;1.0123630e-01;2.5250000e+02;5.2338406e-02;2.5250000e+02;4.0939301e-03;2.5250000e+02;-4.6111405e-02;2.5250000e+02;-9.3202814e-02;2.5250000e+02;-1.4109796e-01;2.5250000e+02;-9.4300233e-02;2.5250000e+02;-1.0435255e-01;2.5250000e+02;-9.6428357e-02;2.5250000e+02;-6.7923114e-02;2.5250000e+02;-1.9683076e-02;2.5250000e+02;5.1454198e-02;2.5250000e+02;1.3314527e-01;2.5250000e+02;1.7976302e-01;2.5250000e+02;1.8307817e-01;2.5250000e+02;1.8012753e-01;2.5250000e+02;1.8370394e-01;2.5250000e+02;1.4720219e-01;2.5250000e+02;1.0123630e-01;2.5250000e+02;5.2338406e-02;2.5250000e+02;4.0939301e-03;2.5250000e+02;-4.6111405e-02;2.5250000e+02;-9.3202814e-02;2.5250000e+02;-1.4109796e-01;2.5250000e+02;-9.4300233e-02;2.5250000e+02;-1.0435255e-01;2.5250000e+02;-9.6428357e-02;2.5250000e+02;-6.7923114e-02;2.5250000e+02;-1.9683076e-02;2.5250000e+02;5.1454198e-02;2.5250000e+02;1.3314527e-01;2.5250000e+02;1.7976302e-01;2.5250000e+02;1.8307817e-01;2.5250000e+02;1.8012753e-01;2.5250000e+02;1.8370394e-01;2.5250000e+02;1.4720219e-01;2.5250000e+02;1.0123630e-01;2.5250000e+02;5.2338406e-02;2.5250000e+02;4.0939301e-03;2.5250000e+02;-4.6111405e-02;2.5250000e+02;-9.3202814e-02;2.5250000e+02;-1.4109796e-01
2.5750000e+02;-9.0446964e-02;2.5750000e+02;-9.2090458e-02;2.5750000e+02;-7.5718790e-02;2.5750000e+02;-4.1286495e-02;2.5750000e+02;1.2253679e-02;2.5750000e+02;8.8006519e-02;2.5750000e+02;1.6397187e-01;2.5750000e+02;1.9565688e-01;2.5750000e+02;1.8507361e-01;2.5750000e+02;1.7423314e-01;2.5750000e+02;1.8123278e-01;2.5750000e+02;1.5053669e-01;2.5750000e+02;1.0768731e-01;2.5750000e+02;6.0785338e-02;2.5750000e+02;1.3631269e-02;2.5750000e+02;-3.6163613e-02;2.5750000e+02;-8.4587023e-02;2.5750000e+02;-1.3160029e-01;2.5750000e+02;-9.0446964e-02;2.5750000e+02;-9.2090458e-02;2.5750000e+02;-7.5718790e-02;2.5750000e+02;-4.1286495e-02;2.5750000e+02;1.2253679e-02;2.5750000e+02;8.8006519e-02;2.5750000e+02;1.6397187e-01;2.5750000e+02;1.9565688e-01;2.5750000e+02;1.8507361e-01;2.5750000e+02;1.7423314e-01;2.5750000e+02;1.8123278e-01;2.5750000e+02;1.5053669e-01;2.5750000e+02;1.0768731e-01;2.5750000e+02;6.0785338e-02;2.5750000e+02;1.3631269e-02;2.5750000e+02;-3.6163613e-02;2.5750000e+02;-8.4587023e-02;2.5750000e+02;-1.3160029e-01;2.5750000e+02;-9.0446964e-02;2.5750000e+02;-9.2090458e-02;2.5750000e+02;-7.5718790e-02;2.5750000e+02;-4.1286495e-02;2.5750000e+02;1.2253679e-02;2.5750000e+02;8.8006519e-02;2.5750000e+02;1.6397187e-01;2.5750000e+02;1.9565688e-01;2.5750000e+02;1.8507361e-01;2.5750000e+02;1.7423314e-01;2.5750000e+02;1.8123278e-01;2.5750000e+02;1.5053669e-01;2.5750000e+02;1.0768731e-01;2.5750000e+02;6.0785338e-02;2.5750000e+02;1.3631269e-02;2.5750000e+02;-3.6163613e-02;2.5750000e+02;-8.4587023e-02;2.5750000e+02;-1.3160029e-01;2.5750000e+02;-9.0446964e-02;2.5750000e+02;-9.2090458e-02;2.5750000e+02;-7.5718790e-02;2.5750000e+02;-4.1286495e-02;2.5750000e+02;1.2253679e-02;2.5750000e+02;8.8006519e-02;2.5750000e+02;1.6397187e-01;2.5750000e+02;1.9565688e-01;2.5750000e+02;1.8507361e-01;2.5750000e+02;1.7423314e-01;2.5750000e+02;1.8123278e-01;2.5750000e+02;1.5053669e-01;2.5750000e+02;1.0768731e-01;2.5750000e+02;6.0785338e-02;2.5750000e+02;1.3631269e-02;2.5750000e+02;-3.6163613e-02;2.5750000e+02;-8.4587023e-02;2.5750000e+02;-1.3160029e-01;2.5750000e+02;-9.0446964e-02;2.5750000e+02;-9.2090458e-02;2.5750000e+02;-7.5718790e-02;2.5750000e+02;-4.1286495e-02;2.5750000e+02;1.2253679e-02;2.5750000e+02;8.8006519e-02;2.5750000e+02;1.6397187e-01;2.5750000e+02;1.9565688e-01;2.5750000e+02;1.8507361e-01;2.5750000e+02;1.7423314e-01;2.5750000e+02;1.8123278e-01;2.5750000e+02;1.5053669e-01;2.5750000e+02;1.0768731e-01;2.5750000e+02;6.0785338e-02;2.5750000e+02;1.3631269e-02;2.5750000e+02;-3.6163613e-02;2.5750000e+02;-8.4587023e-02;2.5750000e+02;-1.3160029e-01;2.5750000e+02;-9.0446964e-02;2.5750000e+02;-9.2090458e-02;2.5750000e+02;-7.5718790e-02;2.5750000e+02;-4.1286495e-02;2.5750000e+02;1.2253679e-02;2.5750000e+02;8.8006519e-02;2.5750000e+02;1.6397187e-01;2.5750000e+02;1.9565688e-01;2.5750000e+02;1.8507361e-01;2.5750000e+02;1.7423314e-01;2.5750000e+02;1.8123278e-01;2.5750000e+02;1.5053669e-01;2.5750000e+02;1.0768731e-01;2.5750000e+02;6.0785338e-02;2.5750000e+02;1.3631269e-02;2.5750000e+02;-3.6163613e-02;2.5750000e+02;-8.4587023e-02;2.5750000e+02;-1.3160029e-01;2.5750000e+02;-9.0446964e-02;2.5750000e+02;-9.2090458e-02;2.5750000e+02;-7.5718790e-02;2.5750000e+02;-4.1286495e-02;2.5750000e+02;1.2253679e-02;2.5750000e+02;8.8006519e-02;2.5750000e+02;1.6397187e-01;2.5750000e+02;1.9565688e-01;2.5750000e+02;1.8507361e-01;2.5750000e+02;1.7423314e-01;2.5750000e+02;1.8123278e-01;2.5750000e+02;1.5053669e-01;2.5750000e+02;1.0768731e-01;2.5750000e+02;6.0785338e-02;2.5750000e+02;1.3631269e-02;2.5750000e+02;-3.6163613e-02;2.5750000e+02;-8.4587023e-02;2.5750000e+02;-1.3160029e-01;2.5750000e+02;-9.0446964e-02;2.5750000e+02;-9.2090458e-02;2.5750000e+02;-7.5718790e-02;2.5750000e+02;-4.1286495e-02;2.5750000e+02;1.2253679e-02;2.5750000e+02;8.8006519e-02;2.5750000e+02;1.6397187e-01;2.5750000e+02;1.9565688e-01;2.5750000e+02;1.8507361e-01;2.5750000e+02;1.7423314e-01;2.5750000e+02;1.8123278e-01;2.5750000e+02;1.5053669e-01;2.5750000e+02;1.0768731e-01;2.5750000e+02;6.0785338e-02;2.5750000e+02;1.3631269e-02;2.5750000e+02;-3.6163613e-02;2.5750000e+02;-8.4587023e-02;2.5750000e+02;-1.3160029e-01;2.5750000e+02;-9.0446964e-02;2.5750000e+02;-9.2090458e-02;2.5750000e+02;-7.5718790e-02;2.5750000e+02;-4.1286495e-02;2.5750000e+02;1.2253679e-02;2.5750000e+02;8.8006519e-02;2.5750000e+02;1.6397187e-01;2.5750000e+02;1.9565688e-01;2.5750000e+02;1.8507361e-01;2.5750000e+02;1.7423314e-01;2.5750000e+02;1.8123278e-01;2.5750000e+02;1.5053669e-01;2.5750000e+02;1.0768731e-01;2.5750000e+02;6.0785338e-02;2.5750000e+02;1.3631269e-02;2.5750000e+02;-3.6163613e-02;2.5750000e+02;-8.4587023e-02;2.5750000e+02;-1.3160029e-01;2.5750000e+02;-9.0446964e-02;2.5750000e+02;-9.2090458e-02;2.5750000e+02;-7.5718790e-02;2.5750000e+02;-4.1286495e-02;2.5750000e+02;1.2253679e-02;2.5750000e+02;8.8006519e-02;2.5750000e+02;1.6397187e-01;2.5750000e+02;1.9565688e-01;2.5750000e+02;1.8507361e-01;2.5750000e+02;1.7423314e-01;2.5750000e+02;1.8123278e-01;2.5750000e+02;1.5053669e-01;2.5750000e+02;1.0768731e-01;2.5750000e+02;6.0785338e-02;2.5750000e+02;1.3631269e-02;2.5750000e+02;-3.6163613e-02;2.5750000e+02;-8.4587023e-02;2.5750000e+02;-1.3160029e-01;2.5750000e+02;-9.0446964e-02;2.5750000e+02;-9.2090458e-02;2.5750000e+02;-7.5718790e-02;2.5750000e+02;-4.1286495e-02;2.5750000e+02;1.2253679e-02;2.5750000e+02;8.8006519e-02;2.5750000e+02;1.6397187e-01;2.5750000e+02;1.9565688e-01;2.5750000e+02;1.8507361e-01;2.5750000e+02;1.7423314e-01;2.5750000e+02;1.8123278e-01;2.5750000e+02;1.5053669e-01;2.5750000e+02;1.0768731e-01;2.5750000e+02;6.0785338e-02;2.5750000e+02;1.3631269e-02;2.5750000e+02;-3.6163613e-02;2.5750000e+02;-8.4587023e-02;2.5750000e+02;-1.3160029e-01;2.5750000e+02;-9.0446964e-02;2.5750000e+02;-9.2090458e-02;2.5750000e+02;-7.5718790e-02;2.5750000e+02;-4.1286495e-02;2.5750000e+02;1.2253679e-02;2.5750000e+02;8.8006519e-02;2.5750000e+02;1.6397187e-01;2.5750000e+02;1.9565688e-01;2.5750000e+02;1.8507361e-01;2.5750000e+02;1.7423314e-01;2.5750000e+02;1.8123278e-01;2.5750000e+02;1.5053669e-01;2.5750000e+02;1.0768731e-01;2.5750000e+02;6.0785338e-02;2.5750000e+02;1.3631269e-02;2.5750000e+02;-3.6163613e-02;2.5750000e+02;-8.4587023e-02;2.5750000e+02;-1.3160029e-01;2.5750000e+02;-9.0446964e-02;2.5750000e+02;-9.2090458e-02;2.5750000e+02;-7.5718790e-02;2.5750000e+02;-4.1286495e-02;2.5750000e+02;1.2253679e-02;2.5750000e+02;8.8006519e-02;2.5750000e+02;1.6397187e-01;2.5750000e+02;1.9565688e-01;2.5750000e+02;1.8507361e-01;2.5750000e+02;1.7423314e-01;2.5750000e+02;1.8123278e-01;2.5750000e+02;1.5053669e-01;2.5750000e+02;1.0768731e-01;2.5750000e+02;6.0785338e-02;2.5750000e+02;1.3631269e-02;2.5750000e+02;-3.6163613e-02;2.5750000e+02;-8.4587023e-02;2.5750000e+02;-1.3160029e-01;2.5750000e+02;-9.0446964e-02;2.5750000e+02;-9.2090458e-02;2.5750000e+02;-7.5718790e-02;2.5750000e+02;-4.1286495e-02;2.5750000e+02;1.2253679e-02;2.5750000e+02;8.8006519e-02;2.5750000e+02;1.6397187e-01;2.5750000e+02;1.9565688e-01;2.5750000e+02;1.8507361e-01;2.5750000e+02;1.7423314e-01;2.5750000e+02;1.8123278e-01;2.5750000e+02;1.5053669e-01;2.5750000e+02;1.0768731e-01;2.5750000e+02;6.0785338e-02;2.5750000e+02;1.3631269e-02;2.5750000e+02;-3.6163613e-02;2.5750000e+02;-8.4587023e-02;2.5750000e+02;-1.3160029e-01;2.5750000e+02;-9.0446964e-02;2.5750000e+02;-9.2090458e-02;2.5750000e+02;-7.5718790e-02;2.5750000e+02;-4.1286495e-02;2.5750000e+02;1.2253679e-02;2.5750000e+02;8.8006519e-02;2.5750000e+02;1.6397187e-01;2.5750000e+02;1.9565688e-01;2.5750000e+02;1.8507361e-01;2.5750000e+02;1.7423314e-01;2.5750000e+02;1.8123278e-01;2.5750000e+02;1.5053669e-01;2.5750000e+02;1.0768731e-01;2.5750000e+02;6.0785338e-02;2.5750000e+02;1.3631269e-02;2.5750000e+02;-3.6163613e-02;2.5750000e+02;-8.4587023e-02;2.5750000e+02;-1.3160029e-01;2.5750000e+02;-9.0446964e-02;2.5750000e+02;-9.2090458e-02;2.5750000e+02;-7.5718790e-02;2.5750000e+02;-4.1286495e-02;2.5750000e+02;1.2253679e-02;2.5750000e+02;8.8006519e-02;2.5750000e+02;1.6397187e-01;2.5750000e+02;1.9565688e-01;2.5750000e+02;1.8507361e-01;2.5750000e+02;1.7423314e-01;2.5750000e+02;1.8123278e-01;2.5750000e+02;1.5053669e-01;2.5750000e+02;1.0768731e-01;2.5750000e+02;6.0785338e-02;2.5750000e+02;1.3631269e-02;2.5750000e+02;-3.6163613e-02;2.5750000e+02;-8.4587023e-02;2.5750000e+02;-1.3160029e-01;2.5750000e+02;-9.0446964e-02;2.5750000e+02;-9.2090458e-02;2.5750000e+02;-7.5718790e-02;2.5750000e+02;-4.1286495e-02;2.5750000e+02;1.2253679e-02;2.5750000e+02;8.8006519e-02;2.5750000e+02;1.6397187e-01;2.5750000e+02;1.9565688e-01;2.5750000e+02;1.8507361e-01;2.5750000e+02;1.7423314e-01;2.5750000e+02;1.8123278e-01;2.5750000e+02;1.5053669e-01;2.5750000e+02;1.0768731e-01;2.5750000e+02;6.0785338e-02;2.5750000e+02;1.3631269e-02;2.5750000e+02;-3.6163613e-02;2.5750000e+02;-8.4587023e-02;2.5750000e+02;-1.3160029e-01;2.5750000e+02;-9.0446964e-02;2.5750000e+02;-9.2090458e-02;2.5750000e+02;-7.5718790e-02;2.5750000e+02;-4.1286495e-02;2.5750000e+02;1.2253679e-02;2.5750000e+02;8.8006519e-02;2.5750000e+02;1.6397187e-01;2.5750000e+02;1.9565688e-01;2.5750000e+02;1.8507361e-01;2.5750000e+02;1.7423314e-01;2.5750000e+02;1.8123278e-01;2.5750000e+02;1.5053669e-01;2.5750000e+02;1.0768731e-01;2.5750000e+02;6.0785338e-02;2.5750000e+02;1.3631269e-02;2.5750000e+02;-3.6163613e-02;2.5750000e+02;-8.4587023e-02;2.5750000e+02;-1.3160029e-01;2.5750000e+02;-9.0446964e-02;2.5750000e+02;-9.2090458e-02;2.5750000e+02;-7.5718790e-02;2.5750000e+02;-4.1286495e-02;2.5750000e+02;1.2253679e-02;2.5750000e+02;8.8006519e-02;2.5750000e+02;1.6397187e-01;2.5750000e+02;1.9565688e-01;2.5750000e+02;1.8507361e-01;2.5750000e+02;1.7423314e-01;2.5750000e+02;1.8123278e-01;2.5750000e+02;1.5053669e-01;2.5750000e+02;1.0768731e-01;2.5750000e+02;6.0785338e-02;2.5750000e+02;1.3631269e-02;2.5750000e+02;-3.6163613e-02;2.5750000e+02;-8.4587023e-02;2.5750000e+02;-1.3160029e-01;2.5750000e+02;-9.0446964e-02;2.5750000e+02;-9.2090458e-02;2.5750000e+02;-7.5718790e-02;2.5750000e+02;-4.1286495e-02;2.5750000e+02;1.2253679e-02;2.5750000e+02;8.8006519e-02;2.5750000e+02;1.6397187e-01;2.5750000e+02;1.9565688e-01;2.5750000e+02;1.8507361e-01;2.5750000e+02;1.7423314e-01;2.5750000e+02;1.8123278e-01;2.5750000e+02;1.5053669e-01;2.5750000e+02;1.0768731e-01;2.5750000e+02;6.0785338e-02;2.5750000e+02;1.3631269e-02;2.5750000e+02;-3.6163613e-02;2.5750000e+02;-8.4587023e-02;2.5750000e+02;-1.3160029e-01;2.5750000e+02;-9.0446964e-02;2.5750000e+02;-9.2090458e-02;2.5750000e+02;-7.5718790e-02;2.5750000e+02;-4.1286495e-02;2.5750000e+02;1.2253679e-02;2.5750000e+02;8.8006519e-02;2.5750000e+02;1.6397187e-01;2.5750000e+02;1.9565688e-01;2.5750000e+02;1.8507361e-01;2.5750000e+02;1.7423314e-01;2.5750000e+02;1.8123278e-01;2.5750000e+02;1.5053669e-01;2.5750000e+02;1.0768731e-01;2.5750000e+02;6.0785338e-02;2.5750000e+02;1.3631269e-02;2.5750000e+02;-3.6163613e-02;2.5750000e+02;-8.4587023e-02;2.5750000e+02;-1.3160029e-01;2.5750000e+02;-9.0446964e-02;2.5750000e+02;-9.2090458e-02;2.5750000e+02;-7.5718790e-02;2.5750000e+02;-4.1286495e-02;2.5750000e+02;1.2253679e-02;2.5750000e+02;8.8006519e-02;2.5750000e+02;1.6397187e-01;2.5750000e+02;1.9565688e-01;2.5750000e+02;1.8507361e-01;2.5750000e+02;1.7423314e-01;2.5750000e+02;1.8123278e-01;2.5750000e+02;1.5053669e-01;2.5750000e+02;1.0768731e-01;2.5750000e+02;6.0785338e-02;2.5750000e+02;1.3631269e-02;2.5750000e+02;-3.6163613e-02;2.5750000e+02;-8.4587023e-02;2.5750000e+02;-1.3160029e-01;2.5750000e+02;-9.0446964e-02;2.5750000e+02;-9.2090458e-02;2.5750000e+02;-7.5718790e-02;2.5750000e+02;-4.1286495e-02;2.5750000e+02;1.2253679e-02;2.5750000e+02;8.8006519e-02;2.5750000e+02;1.6397187e-01;2.5750000e+02;1.9565688e-01;2.5750000e+02;1.8507361e-01;2.5750000e+02;1.7423314e-01;2.5750000e+02;1.8123278e-01;2.5750000e+02;1.5053669e-01;2.5750000e+02;1.0768731e-01;2.5750000e+02;6.0785338e-02;2.5750000e+02;1.3631269e-02;2.5750000e+02;-3.6163613e-02;2.5750000e+02;-8.4587023e-02;2.5750000e+02;-1.3160029e-01;2.5750000e+02;-9.0446964e-02;2.5750000e+02;-9.2090458e-02;2.5750000e+02;-7.5718790e-02;2.5750000e+02;-4.1286495e-02;2.5750000e+02;1.2253679e-02;2.5750000e+02;8.8006519e-02;2.5750000e+02;1.6397187e-01;2.5750000e+02;1.9565688e-01;2.5750000e+02;1.8507361e-01;2.5750000e+02;1.7423314e-01;2.5750000e+02;1.8123278e-01;2.5750000e+02;1.5053669e-01;2.5750000e+02;1.0768731e-01;2.5750000e+02;6.0785338e-02;2.5750000e+02;1.3631269e-02;2.5750000e+02;-3.6163613e-02;2.5750000e+02;-8.4587023e-02;2.5750000e+02;-1.3160029e-01;2.5750000e+02;-9.0446964e-02;2.5750000e+02;-9.2090458e-02;2.5750000e+02;-7.5718790e-02;2.5750000e+02;-4.1286495e-02;2.5750000e+02;1.2253679e-02;2.5750000e+02;8.8006519e-02;2.5750000e+02;1.6397187e-01;2.5750000e+02;1.9565688e-01;2.5750000e+02;1.8507361e-01;2.5750000e+02;1.7423314e-01;2.5750000e+02;1.8123278e-01;2.5750000e+02;1.5053669e-01;2.5750000e+02;1.0768731e-01;2.5750000e+02;6.0785338e-02;2.5750000e+02;1.3631269e-02;2.5750000e+02;-3.6163613e-02;2.5750000e+02;-8.4587023e-02;2.5750000e+02;-1.3160029e-01;2.5750000e+02;-9.0446964e-02;2.5750000e+02;-9.2090458e-02;2.5750000e+02;-7.5718790e-02;2.5750000e+02;-4.1286495e-02;2.5750000e+02;1.2253679e-02;2.5750000e+02;8.8006519e-02;2.5750000e+02;1.6397187e-01;2.5750000e+02;1.9565688e-01;2.5750000e+02;1.8507361e-01;2.5750000e+02;1.7423314e-01;2.5750000e+02;1.8123278e-01;2.5750000e+02;1.5053669e-01;2.5750000e+02;1.0768731e-01;2.5750000e+02;6.0785338e-02;2.5750000e+02;1.3631269e-02;2.5750000e+02;-3.6163613e-02;2.5750000e+02;-8.4587023e-02;2.5750000e+02;-1.3160029e-01;2.5750000e+02;-9.0446964e-02;2.5750000e+02;-9.2090458e-02;2.5750000e+02;-7.5718790e-02;2.5750000e+02;-4.1286495e-02;2.5750000e+02;1.2253679e-02;2.5750000e+02;8.8006519e-02;2.5750000e+02;1.6397187e-01;2.5750000e+02;1.9565688e-01;2.5750000e+02;1.8507361e-01;2.5750000e+02;1.7423314e-01;2.5750000e+02;1.8123278e-01;2.5750000e+02;1.5053669e-01;2.5750000e+02;1.0768731e-01;2.5750000e+02;6.0785338e-02;2.5750000e+02;1.3631269e-02;2.5750000e+02;-3.6163613e-02;2.5750000e+02;-8.4587023e-02;2.5750000e+02;-1.3160029e-01;2.5750000e+02;-9.0446964e-02;2.5750000e+02;-9.2090458e-02;2.5750000e+02;-7.5718790e-02;2.5750000e+02;-4.1286495e-02;2.5750000e+02;1.2253679e-02;2.5750000e+02;8.8006519e-02;2.5750000e+02;1.6397187e-01;2.5750000e+02;1.9565688e-01;2.5750000e+02;1.8507361e-01;2.5750000e+02;1.7423314e-01;2.5750000e+02;1.8123278e-01;2.5750000e+02;1.5053669e-01;2.5750000e+02;1.0768731e-01;2.5750000e+02;6.0785338e-02;2.5750000e+02;1.3631269e-02;2.5750000e+02;-3.6163613e-02;2.5750000e+02;-8.4587023e-02;2.5750000e+02;-1.3160029e-01;2.5750000e+02;-9.0446964e-02;2.5750000e+02;-9.2090458e-02;2.5750000e+02;-7.5718790e-02;2.5750000e+02;-4.1286495e-02;2.5750000e+02;1.2253679e-02;2.5750000e+02;8.8006519e-02;2.5750000e+02;1.6397187e-01;2.5750000e+02;1.9565688e-01;2.5750000e+02;1.8507361e-01;2.5750000e+02;1.7423314e-01;2.5750000e+02;1.8123278e-01;2.5750000e+02;1.5053669e-01;2.5750000e+02;1.0768731e-01;2.5750000e+02;6.0785338e-02;2.5750000e+02;1.3631269e-02;2.5750000e+02;-3.6163613e-02;2.5750000e+02;-8.4587023e-02;2.5750000e+02;-1.3160029e-01;2.5750000e+02;-9.0446964e-02;2.5750000e+02;-9.2090458e-02;2.5750000e+02;-7.5718790e-02;2.5750000e+02;-4.1286495e-02;2.5750000e+02;1.2253679e-02;2.5750000e+02;8.8006519e-02;2.5750000e+02;1.6397187e-01;2.5750000e+02;1.9565688e-01;2.5750000e+02;1.8507361e-01;2.5750000e+02;1.7423314e-01;2.5750000e+02;1.8123278e-01;2.5750000e+02;1.5053669e-01;2.5750000e+02;1.0768731e-01;2.5750000e+02;6.0785338e-02;2.5750000e+02;1.3631269e-02;2.5750000e+02;-3.6163613e-02;2.5750000e+02;-8.4587023e-02;2.5750000e+02;-1.3160029e-01;2.5750000e+02;-9.0446964e-02;2.5750000e+02;-9.2090458e-02;2.5750000e+02;-7.5718790e-02;2.5750000e+02;-4.1286495e-02;2.5750000e+02;1.2253679e-02;2.5750000e+02;8.8006519e-02;2.5750000e+02;1.6397187e-01;2.5750000e+02;1.9565688e-01;2.5750000e+02;1.8507361e-01;2.5750000e+02;1.7423314e-01;2.5750000e+02;1.8123278e-01;2.5750000e+02;1.5053669e-01;2.5750000e+02;1.0768731e-01;2.5750000e+02;6.0785338e-02;2.5750000e+02;1.3631269e-02;2.5750000e+02;-3.6163613e-02;2.5750000e+02;-8.4587023e-02;2.5750000e+02;-1.3160029e-01;2.5750000e+02;-9.0446964e-02;2.5750000e+02;-9.2090458e-02;2.5750000e+02;-7.5718790e-02;2.5750000e+02;-4.1286495e-02;2.5750000e+02;1.2253679e-02;2.5750000e+02;8.8006519e-02;2.5750000e+02;1.6397187e-01;2.5750000e+02;1.9565688e-01;2.5750000e+02;1.8507361e-01;2.5750000e+02;1.7423314e-01;2.5750000e+02;1.8123278e-01;2.5750000e+02;1.5053669e-01;2.5750000e+02;1.0768731e-01;2.5750000e+02;6.0785338e-02;2.5750000e+02;1.3631269e-02;2.5750000e+02;-3.6163613e-02;2.5750000e+02;-8.4587023e-02;2.5750000e+02;-1.3160029e-01;2.5750000e+02;-9.0446964e-02;2.5750000e+02;-9.2090458e-02;2.5750000e+02;-7.5718790e-02;2.5750000e+02;-4.1286495e-02;2.5750000e+02;1.2253679e-02;2.5750000e+02;8.8006519e-02;2.5750000e+02;1.6397187e-01;2.5750000e+02;1.9565688e-01;2.5750000e+02;1.8507361e-01;2.5750000e+02;1.7423314e-01;2.5750000e+02;1.8123278e-01;2.5750000e+02;1.5053669e-01;2.5750000e+02;1.0768731e-01;2.5750000e+02;6.0785338e-02;2.5750000e+02;1.3631269e-02;2.5750000e+02;-3.6163613e-02;2.5750000e+02;-8.4587023e-02;2.5750000e+02;-1.3160029e-01;2.5750000e+02;-9.0446964e-02;2.5750000e+02;-9.2090458e-02;2.5750000e+02;-7.5718790e-02;2.5750000e+02;-4.1286495e-02;2.5750000e+02;1.2253679e-02;2.5750000e+02;8.8006519e-02;2.5750000e+02;1.6397187e-01;2.5750000e+02;1.9565688e-01;2.5750000e+02;1.8507361e-01;2.5750000e+02;1.7423314e-01;2.5750000e+02;1.8123278e-01;2.5750000e+02;1.5053669e-01;2.5750000e+02;1.0768731e-01;2.5750000e+02;6.0785338e-02;2.5750000e+02;1.3631269e-02;2.5750000e+02;-3.6163613e-02;2.5750000e+02;-8.4587023e-02;2.5750000e+02;-1.3160029e-01;2.5750000e+02;-9.0446964e-02;2.5750000e+02;-9.2090458e-02;2.5750000e+02;-7.5718790e-02;2.5750000e+02;-4.1286495e-02;2.5750000e+02;1.2253679e-02;2.5750000e+02;8.8006519e-02;2.5750000e+02;1.6397187e-01;2.5750000e+02;1.9565688e-01;2.5750000e+02;1.8507361e-01;2.5750000e+02;1.7423314e-01;2.5750000e+02;1.8123278e-01;2.5750000e+02;1.5053669e-01;2.5750000e+02;1.0768731e-01;2.5750000e+02;6.0785338e-02;2.5750000e+02;1.3631269e-02;2.5750000e+02;-3.6163613e-02;2.5750000e+02;-8.4587023e-02;2.5750000e+02;-1.3160029e-01;2.5750000e+02;-9.0446964e-02;2.5750000e+02;-9.2090458e-02;2.5750000e+02;-7.5718790e-02;2.5750000e+02;-4.1286495e-02;2.5750000e+02;1.2253679e-02;2.5750000e+02;8.8006519e-02;2.5750000e+02;1.6397187e-01;2.5750000e+02;1.9565688e-01;2.5750000e+02;1.8507361e-01;2.5750000e+02;1.7423314e-01;2.5750000e+02;1.8123278e-01;2.5750000e+02;1.5053669e-01;2.5750000e+02;1.0768731e-01;2.5750000e+02;6.0785338e-02;2.5750000e+02;1.3631269e-02;2.5750000e+02;-3.6163613e-02;2.5750000e+02;-8.4587023e-02;2.5750000e+02;-1.3160029e-01;2.5750000e+02;-9.0446964e-02;2.5750000e+02;-9.2090458e-02;2.5750000e+02;-7.5718790e-02;2.5750000e+02;-4.1286495e-02;2.5750000e+02;1.2253679e-02;2.5750000e+02;8.8006519e-02;2.5750000e+02;1.6397187e-01;2.5750000e+02;1.9565688e-01;2.5750000e+02;1.8507361e-01;2.5750000e+02;1.7423314e-01;2.5750000e+02;1.8123278e-01;2.5750000e+02;1.5053669e-01;2.5750000e+02;1.0768731e-01;2.5750000e+02;6.0785338e-02;2.5750000e+02;1.3631269e-02;2.5750000e+02;-3.6163613e-02;2.5750000e+02;-8.4587023e-02;2.5750000e+02;-1.3160029e-01;2.5750000e+02;-9.0446964e-02;2.5750000e+02;-9.2090458e-02;2.5750000e+02;-7.5718790e-02;2.5750000e+02;-4.1286495e-02;2.5750000e+02;1.2253679e-02;2.5750000e+02;8.8006519e-02;2.5750000e+02;1.6397187e-01;2.5750000e+02;1.9565688e-01;2.5750000e+02;1.8507361e-01;2.5750000e+02;1.7423314e-01;2.5750000e+02;1.8123278e-01;2.5750000e+02;1.5053669e-01;2.5750000e+02;1.0768731e-01;2.5750000e+02;6.0785338e-02;2.5750000e+02;1.3631269e-02;2.5750000e+02;-3.6163613e-02;2.5750000e+02;-8.4587023e-02;2.5750000e+02;-1.3160029e-01;2.5750000e+02;-9.0446964e-02;2.5750000e+02;-9.2090458e-02;2.5750000e+02;-7.5718790e-02;2.5750000e+02;-4.1286495e-02;2.5750000e+02;1.2253679e-02;2.5750000e+02;8.8006519e-02;2.5750000e+02;1.6397187e-01;2.5750000e+02;1.9565688e-01;2.5750000e+02;1.8507361e-01;2.5750000e+02;1.7423314e-01;2.5750000e+02;1.8123278e-01;2.5750000e+02;1.5053669e-01;2.5750000e+02;1.0768731e-01;2.5750000e+02;6.0785338e-02;2.5750000e+02;1.3631269e-02;2.5750000e+02;-3.6163613e-02;2.5750000e+02;-8.4587023e-02;2.5750000e+02;-1.3160029e-01;2.5750000e+02;-9.0446964e-02;2.5750000e+02;-9.2090458e-02;2.5750000e+02;-7.5718790e-02;2.5750000e+02;-4.1286495e-02;2.5750000e+02;1.2253679e-02;2.5750000e+02;8.8006519e-02;2.5750000e+02;1.6397187e-01;2.5750000e+02;1.9565688e-01;2.5750000e+02;1.8507361e-01;2.5750000e+02;1.7423314e-01;2.5750000e+02;1.8123278e-01;2.5750000e+02;1.5053669e-01;2.5750000e+02;1.0768731e-01;2.5750000e+02;6.0785338e-02;2.5750000e+02;1.3631269e-02;2.5750000e+02;-3.6163613e-02;2.5750000e+02;-8.4587023e-02;2.5750000e+02;-1.3160029e-01;2.5750000e+02;-9.0446964e-02;2.5750000e+02;-9.2090458e-02;2.5750000e+02;-7.5718790e-02;2.5750000e+02;-4.1286495e-02;2.5750000e+02;1.2253679e-02;2.5750000e+02;8.8006519e-02;2.5750000e+02;1.6397187e-01;2.5750000e+02;1.9565688e-01;2.5750000e+02;1.8507361e-01;2.5750000e+02;1.7423314e-01;2.5750000e+02;1.8123278e-01;2.5750000e+02;1.5053669e-01;2.5750000e+02;1.0768731e-01;2.5750000e+02;6.0785338e-02;2.5750000e+02;1.3631269e-02;2.5750000e+02;-3.6163613e-02;2.5750000e+02;-8.4587023e-02;2.5750000e+02;-1.3160029e-01;2.5750000e+02;-9.0446964e-02;2.5750000e+02;-9.2090458e-02;2.5750000e+02;-7.5718790e-02;2.5750000e+02;-4.1286495e-02;2.5750000e+02;1.2253679e-02;2.5750000e+02;8.8006519e-02;2.5750000e+02;1.6397187e-01;2.5750000e+02;1.9565688e-01;2.5750000e+02;1.8507361e-01;2.5750000e+02;1.7423314e-01;2.5750000e+02;1.8123278e-01;2.5750000e+02;1.5053669e-01;2.5750000e+02;1.0768731e-01;2.5750000e+02;6.0785338e-02;2.5750000e+02;1.3631269e-02;2.5750000e+02;-3.6163613e-02;2.5750000e+02;-8.4587023e-02;2.5750000e+02;-1.3160029e-01;2.5750000e+02;-9.0446964e-02;2.5750000e+02;-9.2090458e-02;2.5750000e+02;-7.5718790e-02;2.5750000e+02;-4.1286495e-02;2.5750000e+02;1.2253679e-02;2.5750000e+02;8.8006519e-02;2.5750000e+02;1.6397187e-01;2.5750000e+02;1.9565688e-01;2.5750000e+02;1.8507361e-01;2.5750000e+02;1.7423314e-01;2.5750000e+02;1.8123278e-01;2.5750000e+02;1.5053669e-01;2.5750000e+02;1.0768731e-01;2.5750000e+02;6.0785338e-02;2.5750000e+02;1.3631269e-02;2.5750000e+02;-3.6163613e-02;2.5750000e+02;-8.4587023e-02;2.5750000e+02;-1.3160029e-01;2.5750000e+02;-9.0446964e-02;2.5750000e+02;-9.2090458e-02;2.5750000e+02;-7.5718790e-02;2.5750000e+02;-4.1286495e-02;2.5750000e+02;1.2253679e-02;2.5750000e+02;8.8006519e-02;2.5750000e+02;1.6397187e-01;2.5750000e+02;1.9565688e-01;2.5750000e+02;1.8507361e-01;2.5750000e+02;1.7423314e-01;2.5750000e+02;1.8123278e-01;2.5750000e+02;1.5053669e-01;2.5750000e+02;1.0768731e-01;2.5750000e+02;6.0785338e-02;2.5750000e+02;1.3631269e-02;2.5750000e+02;-3.6163613e-02;2.5750000e+02;-8.4587023e-02;2.5750000e+02;-1.3160029e-01;2.5750000e+02;-9.0446964e-02;2.5750000e+02;-9.2090458e-02;2.5750000e+02;-7.5718790e-02;2.5750000e+02;-4.1286495e-02;2.5750000e+02;1.2253679e-02;2.5750000e+02;8.8006519e-02;2.5750000e+02;1.6397187e-01;2.5750000e+02;1.9565688e-01;2.5750000e+02;1.8507361e-01;2.5750000e+02;1.7423314e-01;2.5750000e+02;1.8123278e-01;2.5750000e+02;1.5053669e-01;2.5750000e+02;1.0768731e-01;2.5750000e+02;6.0785338e-02;2.5750000e+02;1.3631269e-02;2.5750000e+02;-3.6163613e-02;2.5750000e+02;-8.4587023e-02;2.5750000e+02;-1.3160029e-01;2.5750000e+02;-9.0446964e-02;2.5750000e+02;-9.2090458e-02;2.5750000e+02;-7.5718790e-02;2.5750000e+02;-4.1286495e-02;2.5750000e+02;1.2253679e-02;2.5750000e+02;8.8006519e-02;2.5750000e+02;1.6397187e-01;2.5750000e+02;1.9565688e-01;2.5750000e+02;1.8507361e-01;2.5750000e+02;1.7423314e-01;2.5750000e+02;1.8123278e-01;2.5750000e+02;1.5053669e-01;2.5750000e+02;1.0768731e-01;2.5750000e+02;6.0785338e-02;2.5750000e+02;1.3631269e-02;2.5750000e+02;-3.6163613e-02;2.5750000e+02;-8.4587023e-02;2.5750000e+02;-1.3160029e-01;2.5750000e+02;-9.0446964e-02;2.5750000e+02;-9.2090458e-02;2.5750000e+02;-7.5718790e-02;2.5750000e+02;-4.1286495e-02;2.5750000e+02;1.2253679e-02;2.5750000e+02;8.8006519e-02;2.5750000e+02;1.6397187e-01;2.5750000e+02;1.9565688e-01;2.5750000e+02;1.8507361e-01;2.5750000e+02;1.7423314e-01;2.5750000e+02;1.8123278e-01;2.5750000e+02;1.5053669e-01;2.5750000e+02;1.0768731e-01;2.5750000e+02;6.0785338e-02;2.5750000e+02;1.3631269e-02;2.5750000e+02;-3.6163613e-02;2.5750000e+02;-8.4587023e-02;2.5750000e+02;-1.3160029e-01;2.5750000e+02;-9.0446964e-02;2.5750000e+02;-9.2090458e-02;2.5750000e+02;-7.5718790e-02;2.5750000e+02;-4.1286495e-02;2.5750000e+02;1.2253679e-02;2.5750000e+02;8.8006519e-02;2.5750000e+02;1.6397187e-01;2.5750000e+02;1.9565688e-01;2.5750000e+02;1.8507361e-01;2.5750000e+02;1.7423314e-01;2.5750000e+02;1.8123278e-01;2.5750000e+02;1.5053669e-01;2.5750000e+02;1.0768731e-01;2.5750000e+02;6.0785338e-02;2.5750000e+02;1.3631269e-02;2.5750000e+02;-3.6163613e-02;2.5750000e+02;-8.4587023e-02;2.5750000e+02;-1.3160029e-01;2.5750000e+02;-9.0446964e-02;2.5750000e+02;-9.2090458e-02;2.5750000e+02;-7.5718790e-02;2.5750000e+02;-4.1286495e-02;2.5750000e+02;1.2253679e-02;2.5750000e+02;8.8006519e-02;2.5750000e+02;1.6397187e-01;2.5750000e+02;1.9565688e-01;2.5750000e+02;1.8507361e-01;2.5750000e+02;1.7423314e-01;2.5750000e+02;1.8123278e-01;2.5750000e+02;1.5053669e-01;2.5750000e+02;1.0768731e-01;2.5750000e+02;6.0785338e-02;2.5750000e+02;1.3631269e-02;2.5750000e+02;-3.6163613e-02;2.5750000e+02;-8.4587023e-02;2.5750000e+02;-1.3160029e-01;2.5750000e+02;-9.0446964e-02;2.5750000e+02;-9.2090458e-02;2.5750000e+02;-7.5718790e-02;2.5750000e+02;-4.1286495e-02;2.5750000e+02;1.2253679e-02;2.5750000e+02;8.8006519e-02;2.5750000e+02;1.6397187e-01;2.5750000e+02;1.9565688e-01;2.5750000e+02;1.8507361e-01;2.5750000e+02;1.7423314e-01;2.5750000e+02;1.8123278e-01;2.5750000e+02;1.5053669e-01;2.5750000e+02;1.0768731e-01;2.5750000e+02;6.0785338e-02;2.5750000e+02;1.3631269e-02;2.5750000e+02;-3.6163613e-02;2.5750000e+02;-8.4587023e-02;2.5750000e+02;-1.3160029e-01;2.5750000e+02;-9.0446964e-02;2.5750000e+02;-9.2090458e-02;2.5750000e+02;-7.5718790e-02;2.5750000e+02;-4.1286495e-02;2.5750000e+02;1.2253679e-02;2.5750000e+02;8.8006519e-02;2.5750000e+02;1.6397187e-01;2.5750000e+02;1.9565688e-01;2.5750000e+02;1.8507361e-01;2.5750000e+02;1.7423314e-01;2.5750000e+02;1.8123278e-01;2.5750000e+02;1.5053669e-01;2.5750000e+02;1.0768731e-01;2.5750000e+02;6.0785338e-02;2.5750000e+02;1.3631269e-02;2.5750000e+02;-3.6163613e-02;2.5750000e+02;-8.4587023e-02;2.5750000e+02;-1.3160029e-01;2.5750000e+02;-9.0446964e-02;2.5750000e+02;-9.2090458e-02;2.5750000e+02;-7.5718790e-02;2.5750000e+02;-4.1286495e-02;2.5750000e+02;1.2253679e-02;2.5750000e+02;8.8006519e-02;2.5750000e+02;1.6397187e-01;2.5750000e+02;1.9565688e-01;2.5750000e+02;1.8507361e-01;2.5750000e+02;1.7423314e-01;2.5750000e+02;1.8123278e-01;2.5750000e+02;1.5053669e-01;2.5750000e+02;1.0768731e-01;2.5750000e+02;6.0785338e-02;2.5750000e+02;1.3631269e-02;2.5750000e+02;-3.6163613e-02;2.5750000e+02;-8.4587023e-02;2.5750000e+02;-1.3160029e-01;2.5750000e+02;-9.0446964e-02;2.5750000e+02;-9.2090458e-02;2.5750000e+02;-7.5718790e-02;2.5750000e+02;-4.1286495e-02;2.5750000e+02;1.2253679e-02;2.5750000e+02;8.8006519e-02;2.5750000e+02;1.6397187e-01;2.5750000e+02;1.9565688e-01;2.5750000e+02;1.8507361e-01;2.5750000e+02;1.7423314e-01;2.5750000e+02;1.8123278e-01;2.5750000e+02;1.5053669e-01;2.5750000e+02;1.0768731e-01;2.5750000e+02;6.0785338e-02;2.5750000e+02;1.3631269e-02;2.5750000e+02;-3.6163613e-02;2.5750000e+02;-8.4587023e-02;2.5750000e+02;-1.3160029e-01;2.5750000e+02;-9.0446964e-02;2.5750000e+02;-9.2090458e-02;2.5750000e+02;-7.5718790e-02;2.5750000e+02;-4.1286495e-02;2.5750000e+02;1.2253679e-02;2.5750000e+02;8.8006519e-02;2.5750000e+02;1.6397187e-01;2.5750000e+02;1.9565688e-01;2.5750000e+02;1.8507361e-01;2.5750000e+02;1.7423314e-01;2.5750000e+02;1.8123278e-01;2.5750000e+02;1.5053669e-01;2.5750000e+02;1.0768731e-01;2.5750000e+02;6.0785338e-02;2.5750000e+02;1.3631269e-02;2.5750000e+02;-3.6163613e-02;2.5750000e+02;-8.4587023e-02;2.5750000e+02;-1.3160029e-01;2.5750000e+02;-9.0446964e-02;2.5750000e+02;-9.2090458e-02;2.5750000e+02;-7.5718790e-02;2.5750000e+02;-4.1286495e-02;2.5750000e+02;1.2253679e-02;2.5750000e+02;8.8006519e-02;2.5750000e+02;1.6397187e-01;2.5750000e+02;1.9565688e-01;2.5750000e+02;1.8507361e-01;2.5750000e+02;1.7423314e-01;2.5750000e+02;1.8123278e-01;2.5750000e+02;1.5053669e-01;2.5750000e+02;1.0768731e-01;2.5750000e+02;6.0785338e-02;2.5750000e+02;1.3631269e-02;2.5750000e+02;-3.6163613e-02;2.5750000e+02;-8.4587023e-02;2.5750000e+02;-1.3160029e-01;2.5750000e+02;-9.0446964e-02;2.5750000e+02;-9.2090458e-02;2.5750000e+02;-7.5718790e-02;2.5750000e+02;-4.1286495e-02;2.5750000e+02;1.2253679e-02;2.5750000e+02;8.8006519e-02;2.5750000e+02;1.6397187e-01;2.5750000e+02;1.9565688e-01;2.5750000e+02;1.8507361e-01;2.5750000e+02;1.7423314e-01;2.5750000e+02;1.8123278e-01;2.5750000e+02;1.5053669e-01;2.5750000e+02;1.0768731e-01;2.5750000e+02;6.0785338e-02;2.5750000e+02;1.3631269e-02;2.5750000e+02;-3.6163613e-02;2.5750000e+02;-8.4587023e-02;2.5750000e+02;-1.3160029e-01;2.5750000e+02;-9.0446964e-02;2.5750000e+02;-9.2090458e-02;2.5750000e+02;-7.5718790e-02;2.5750000e+02;-4.1286495e-02;2.5750000e+02;1.2253679e-02;2.5750000e+02;8.8006519e-02;2.5750000e+02;1.6397187e-01;2.5750000e+02;1.9565688e-01;2.5750000e+02;1.8507361e-01;2.5750000e+02;1.7423314e-01;2.5750000e+02;1.8123278e-01;2.5750000e+02;1.5053669e-01;2.5750000e+02;1.0768731e-01;2.5750000e+02;6.0785338e-02;2.5750000e+02;1.3631269e-02;2.5750000e+02;-3.6163613e-02;2.5750000e+02;-8.4587023e-02;2.5750000e+02;-1.3160029e-01;2.5750000e+02;-9.0446964e-02;2.5750000e+02;-9.2090458e-02;2.5750000e+02;-7.5718790e-02;2.5750000e+02;-4.1286495e-02;2.5750000e+02;1.2253679e-02;2.5750000e+02;8.8006519e-02;2.5750000e+02;1.6397187e-01;2.5750000e+02;1.9565688e-01;2.5750000e+02;1.8507361e-01;2.5750000e+02;1.7423314e-01;2.5750000e+02;1.8123278e-01;2.5750000e+02;1.5053669e-01;2.5750000e+02;1.0768731e-01;2.5750000e+02;6.0785338e-02;2.5750000e+02;1.3631269e-02;2.5750000e+02;-3.6163613e-02;2.5750000e+02;-8.4587023e-02;2.5750000e+02;-1.3160029e-01;2.5750000e+02;-9.0446964e-02;2.5750000e+02;-9.2090458e-02;2.5750000e+02;-7.5718790e-02;2.5750000e+02;-4.1286495e-02;2.5750000e+02;1.2253679e-02;2.5750000e+02;8.8006519e-02;2.5750000e+02;1.6397187e-01;2.5750000e+02;1.9565688e-01;2.5750000e+02;1.8507361e-01;2.5750000e+02;1.7423314e-01;2.5750000e+02;1.8123278e-01;2.5750000e+02;1.5053669e-01;2.5750000e+02;1.0768731e-01;2.5750000e+02;6.0785338e-02;2.5750000e+02;1.3631269e-02;2.5750000e+02;-3.6163613e-02;2.5750000e+02;-8.4587023e-02;2.5750000e+02;-1.3160029e-01;2.5750000e+02;-9.0446964e-02;2.5750000e+02;-9.2090458e-02;2.5750000e+02;-7.5718790e-02;2.5750000e+02;-4.1286495e-02;2.5750000e+02;1.2253679e-02;2.5750000e+02;8.8006519e-02;2.5750000e+02;1.6397187e-01;2.5750000e+02;1.9565688e-01;2.5750000e+02;1.8507361e-01;2.5750000e+02;1.7423314e-01;2.5750000e+02;1.8123278e-01;2.5750000e+02;1.5053669e-01;2.5750000e+02;1.0768731e-01;2.5750000e+02;6.0785338e-02;2.5750000e+02;1.3631269e-02;2.5750000e+02;-3.6163613e-02;2.5750000e+02;-8.4587023e-02;2.5750000e+02;-1.3160029e-01;2.5750000e+02;-9.0446964e-02;2.5750000e+02;-9.2090458e-02;2.5750000e+02;-7.5718790e-02;2.5750000e+02;-4.1286495e-02;2.5750000e+02;1.2253679e-02;2.5750000e+02;8.8006519e-02;2.5750000e+02;1.6397187e-01;2.5750000e+02;1.9565688e-01;2.5750000e+02;1.8507361e-01;2.5750000e+02;1.7423314e-01;2.5750000e+02;1.8123278e-01;2.5750000e+02;1.5053669e-01;2.5750000e+02;1.0768731e-01;2.5750000e+02;6.0785338e-02;2.5750000e+02;1.3631269e-02;2.5750000e+02;-3.6163613e-02;2.5750000e+02;-8.4587023e-02;2.5750000e+02;-1.3160029e-01;2.5750000e+02;-9.0446964e-02;2.5750000e+02;-9.2090458e-02;2.5750000e+02;-7.5718790e-02;2.5750000e+02;-4.1286495e-02;2.5750000e+02;1.2253679e-02;2.5750000e+02;8.8006519e-02;2.5750000e+02;1.6397187e-01;2.5750000e+02;1.9565688e-01;2.5750000e+02;1.8507361e-01;2.5750000e+02;1.7423314e-01;2.5750000e+02;1.8123278e-01;2.5750000e+02;1.5053669e-01;2.5750000e+02;1.0768731e-01;2.5750000e+02;6.0785338e-02;2.5750000e+02;1.3631269e-02;2.5750000e+02;-3.6163613e-02;2.5750000e+02;-8.4587023e-02;2.5750000e+02;-1.3160029e-01;2.5750000e+02;-9.0446964e-02;2.5750000e+02;-9.2090458e-02;2.5750000e+02;-7.5718790e-02;2.5750000e+02;-4.1286495e-02;2.5750000e+02;1.2253679e-02;2.5750000e+02;8.8006519e-02;2.5750000e+02;1.6397187e-01;2.5750000e+02;1.9565688e-01;2.5750000e+02;1.8507361e-01;2.5750000e+02;1.7423314e-01;2.5750000e+02;1.8123278e-01;2.5750000e+02;1.5053669e-01;2.5750000e+02;1.0768731e-01;2.5750000e+02;6.0785338e-02;2.5750000e+02;1.3631269e-02;2.5750000e+02;-3.6163613e-02;2.5750000e+02;-8.4587023e-02;2.5750000e+02;-1.3160029e-01;2.5750000e+02;-9.0446964e-02;2.5750000e+02;-9.2090458e-02;2.5750000e+02;-7.5718790e-02;2.5750000e+02;-4.1286495e-02;2.5750000e+02;1.2253679e-02;2.5750000e+02;8.8006519e-02;2.5750000e+02;1.6397187e-01;2.5750000e+02;1.9565688e-01;2.5750000e+02;1.8507361e-01;2.5750000e+02;1.7423314e-01;2.5750000e+02;1.8123278e-01;2.5750000e+02;1.5053669e-01;2.5750000e+02;1.0768731e-01;2.5750000e+02;6.0785338e-02;2.5750000e+02;1.3631269e-02;2.5750000e+02;-3.6163613e-02;2.5750000e+02;-8.4587023e-02;2.5750000e+02;-1.3160029e-01;2.5750000e+02;-9.0446964e-02;2.5750000e+02;-9.2090458e-02;2.5750000e+02;-7.5718790e-02;2.5750000e+02;-4.1286495e-02;2.5750000e+02;1.2253679e-02;2.5750000e+02;8.8006519e-02;2.5750000e+02;1.6397187e-01;2.5750000e+02;1.9565688e-01;2.5750000e+02;1.8507361e-01;2.5750000e+02;1.7423314e-01;2.5750000e+02;1.8123278e-01;2.5750000e+02;1.5053669e-01;2.5750000e+02;1.0768731e-01;2.5750000e+02;6.0785338e-02;2.5750000e+02;1.3631269e-02;2.5750000e+02;-3.6163613e-02;2.5750000e+02;-8.4587023e-02;2.5750000e+02;-1.3160029e-01;2.5750000e+02;-9.0446964e-02;2.5750000e+02;-9.2090458e-02;2.5750000e+02;-7.5718790e-02;2.5750000e+02;-4.1286495e-02;2.5750000e+02;1.2253679e-02;2.5750000e+02;8.8006519e-02;2.5750000e+02;1.6397187e-01;2.5750000e+02;1.9565688e-01;2.5750000e+02;1.8507361e-01;2.5750000e+02;1.7423314e-01;2.5750000e+02;1.8123278e-01;2.5750000e+02;1.5053669e-01;2.5750000e+02;1.0768731e-01;2.5750000e+02;6.0785338e-02;2.5750000e+02;1.3631269e-02;2.5750000e+02;-3.6163613e-02;2.5750000e+02;-8.4587023e-02;2.5750000e+02;-1.3160029e-01;2.5750000e+02;-9.0446964e-02;2.5750000e+02;-9.2090458e-02;2.5750000e+02;-7.5718790e-02;2.5750000e+02;-4.1286495e-02;2.5750000e+02;1.2253679e-02;2.5750000e+02;8.8006519e-02;2.5750000e+02;1.6397187e-01;2.5750000e+02;1.9565688e-01;2.5750000e+02;1.8507361e-01;2.5750000e+02;1.7423314e-01;2.5750000e+02;1.8123278e-01;2.5750000e+02;1.5053669e-01;2.5750000e+02;1.0768731e-01;2.5750000e+02;6.0785338e-02;2.5750000e+02;1.3631269e-02;2.5750000e+02;-3.6163613e-02;2.5750000e+02;-8.4587023e-02;2.5750000e+02;-1.3160029e-01;2.5750000e+02;-9.0446964e-02;2.5750000e+02;-9.2090458e-02;2.5750000e+02;-7.5718790e-02;2.5750000e+02;-4.1286495e-02;2.5750000e+02;1.2253679e-02;2.5750000e+02;8.8006519e-02;2.5750000e+02;1.6397187e-01;2.5750000e+02;1.9565688e-01;2.5750000e+02;1.8507361e-01;2.5750000e+02;1.7423314e-01;2.5750000e+02;1.8123278e-01;2.5750000e+02;1.5053669e-01;2.5750000e+02;1.0768731e-01;2.5750000e+02;6.0785338e-02;2.5750000e+02;1.3631269e-02;2.5750000e+02;-3.6163613e-02;2.5750000e+02;-8.4587023e-02;2.5750000e+02;-1.3160029e-01;2.5750000e+02;-9.0446964e-02;2.5750000e+02;-9.2090458e-02;2.5750000e+02;-7.5718790e-02;2.5750000e+02;-4.1286495e-02;2.5750000e+02;1.2253679e-02;2.5750000e+02;8.8006519e-02;2.5750000e+02;1.6397187e-01;2.5750000e+02;1.9565688e-01;2.5750000e+02;1.8507361e-01;2.5750000e+02;1.7423314e-01;2.5750000e+02;1.8123278e-01;2.5750000e+02;1.5053669e-01;2.5750000e+02;1.0768731e-01;2.5750000e+02;6.0785338e-02;2.5750000e+02;1.3631269e-02;2.5750000e+02;-3.6163613e-02;2.5750000e+02;-8.4587023e-02;2.5750000e+02;-1.3160029e-01;2.5750000e+02;-9.0446964e-02;2.5750000e+02;-9.2090458e-02;2.5750000e+02;-7.5718790e-02;2.5750000e+02;-4.1286495e-02;2.5750000e+02;1.2253679e-02;2.5750000e+02;8.8006519e-02;2.5750000e+02;1.6397187e-01;2.5750000e+02;1.9565688e-01;2.5750000e+02;1.8507361e-01;2.5750000e+02;1.7423314e-01;2.5750000e+02;1.8123278e-01;2.5750000e+02;1.5053669e-01;2.5750000e+02;1.0768731e-01;2.5750000e+02;6.0785338e-02;2.5750000e+02;1.3631269e-02;2.5750000e+02;-3.6163613e-02;2.5750000e+02;-8.4587023e-02;2.5750000e+02;-1.3160029e-01;2.5750000e+02;-9.0446964e-02;2.5750000e+02;-9.2090458e-02;2.5750000e+02;-7.5718790e-02;2.5750000e+02;-4.1286495e-02;2.5750000e+02;1.2253679e-02;2.5750000e+02;8.8006519e-02;2.5750000e+02;1.6397187e-01;2.5750000e+02;1.9565688e-01;2.5750000e+02;1.8507361e-01;2.5750000e+02;1.7423314e-01;2.5750000e+02;1.8123278e-01;2.5750000e+02;1.5053669e-01;2.5750000e+02;1.0768731e-01;2.5750000e+02;6.0785338e-02;2.5750000e+02;1.3631269e-02;2.5750000e+02;-3.6163613e-02;2.5750000e+02;-8.4587023e-02;2.5750000e+02;-1.3160029e-01;2.5750000e+02;-9.0446964e-02;2.5750000e+02;-9.2090458e-02;2.5750000e+02;-7.5718790e-02;2.5750000e+02;-4.1286495e-02;2.5750000e+02;1.2253679e-02;2.5750000e+02;8.8006519e-02;2.5750000e+02;1.6397187e-01;2.5750000e+02;1.9565688e-01;2.5750000e+02;1.8507361e-01;2.5750000e+02;1.7423314e-01;2.5750000e+02;1.8123278e-01;2.5750000e+02;1.5053669e-01;2.5750000e+02;1.0768731e-01;2.5750000e+02;6.0785338e-02;2.5750000e+02;1.3631269e-02;2.5750000e+02;-3.6163613e-02;2.5750000e+02;-8.4587023e-02;2.5750000e+02;-1.3160029e-01;2.5750000e+02;-9.0446964e-02;2.5750000e+02;-9.2090458e-02;2.5750000e+02;-7.5718790e-02;2.5750000e+02;-4.1286495e-02;2.5750000e+02;1.2253679e-02;2.5750000e+02;8.8006519e-02;2.5750000e+02;1.6397187e-01;2.5750000e+02;1.9565688e-01;2.5750000e+02;1.8507361e-01;2.5750000e+02;1.7423314e-01;2.5750000e+02;1.8123278e-01;2.5750000e+02;1.5053669e-01;2.5750000e+02;1.0768731e-01;2.5750000e+02;6.0785338e-02;2.5750000e+02;1.3631269e-02;2.5750000e+02;-3.6163613e-02;2.5750000e+02;-8.4587023e-02;2.5750000e+02;-1.3160029e-01;2.5750000e+02;-9.0446964e-02;2.5750000e+02;-9.2090458e-02;2.5750000e+02;-7.5718790e-02;2.5750000e+02;-4.1286495e-02;2.5750000e+02;1.2253679e-02;2.5750000e+02;8.8006519e-02;2.5750000e+02;1.6397187e-01;2.5750000e+02;1.9565688e-01;2.5750000e+02;1.8507361e-01;2.5750000e+02;1.7423314e-01;2.5750000e+02;1.8123278e-01;2.5750000e+02;1.5053669e-01;2.5750000e+02;1.0768731e-01;2.5750000e+02;6.0785338e-02;2.5750000e+02;1.3631269e-02;2.5750000e+02;-3.6163613e-02;2.5750000e+02;-8.4587023e-02;2.5750000e+02;-1.3160029e-01;2.5750000e+02;-9.0446964e-02;2.5750000e+02;-9.2090458e-02;2.5750000e+02;-7.5718790e-02;2.5750000e+02;-4.1286495e-02;2.5750000e+02;1.2253679e-02;2.5750000e+02;8.8006519e-02;2.5750000e+02;1.6397187e-01;2.5750000e+02;1.9565688e-01;2.5750000e+02;1.8507361e-01;2.5750000e+02;1.7423314e-01;2.5750000e+02;1.8123278e-01;2.5750000e+02;1.5053669e-01;2.5750000e+02;1.0768731e-01;2.5750000e+02;6.0785338e-02;2.5750000e+02;1.3631269e-02;2.5750000e+02;-3.6163613e-02;2.5750000e+02;-8.4587023e-02;2.5750000e+02;-1.3160029e-01;2.5750000e+02;-9.0446964e-02;2.5750000e+02;-9.2090458e-02;2.5750000e+02;-7.5718790e-02;2.5750000e+02;-4.1286495e-02;2.5750000e+02;1.2253679e-02;2.5750000e+02;8.8006519e-02;2.5750000e+02;1.6397187e-01;2.5750000e+02;1.9565688e-01;2.5750000e+02;1.8507361e-01;2.5750000e+02;1.7423314e-01;2.5750000e+02;1.8123278e-01;2.5750000e+02;1.5053669e-01;2.5750000e+02;1.0768731e-01;2.5750000e+02;6.0785338e-02;2.5750000e+02;1.3631269e-02;2.5750000e+02;-3.6163613e-02;2.5750000e+02;-8.4587023e-02;2.5750000e+02;-1.3160029e-01;2.5750000e+02;-9.0446964e-02;2.5750000e+02;-9.2090458e-02;2.5750000e+02;-7.5718790e-02;2.5750000e+02;-4.1286495e-02;2.5750000e+02;1.2253679e-02;2.5750000e+02;8.8006519e-02;2.5750000e+02;1.6397187e-01;2.5750000e+02;1.9565688e-01;2.5750000e+02;1.8507361e-01;2.5750000e+02;1.7423314e-01;2.5750000e+02;1.8123278e-01;2.5750000e+02;1.5053669e-01;2.5750000e+02;1.0768731e-01;2.5750000e+02;6.0785338e-02;2.5750000e+02;1.3631269e-02;2.5750000e+02;-3.6163613e-02;2.5750000e+02;-8.4587023e-02;2.5750000e+02;-1.3160029e-01;2.5750000e+02;-9.0446964e-02;2.5750000e+02;-9.2090458e-02;2.5750000e+02;-7.5718790e-02;2.5750000e+02;-4.1286495e-02;2.5750000e+02;1.2253679e-02;2.5750000e+02;8.8006519e-02;2.5750000e+02;1.6397187e-01;2.5750000e+02;1.9565688e-01;2.5750000e+02;1.8507361e-01;2.5750000e+02;1.7423314e-01;2.5750000e+02;1.8123278e-01;2.5750000e+02;1.5053669e-01;2.5750000e+02;1.0768731e-01;2.5750000e+02;6.0785338e-02;2.5750000e+02;1.3631269e-02;2.5750000e+02;-3.6163613e-02;2.5750000e+02;-8.4587023e-02;2.5750000e+02;-1.3160029e-01;2.5750000e+02;-9.0446964e-02;2.5750000e+02;-9.2090458e-02;2.5750000e+02;-7.5718790e-02;2.5750000e+02;-4.1286495e-02;2.5750000e+02;1.2253679e-02;2.5750000e+02;8.8006519e-02;2.5750000e+02;1.6397187e-01;2.5750000e+02;1.9565688e-01;2.5750000e+02;1.8507361e-01;2.5750000e+02;1.7423314e-01;2.5750000e+02;1.8123278e-01;2.5750000e+02;1.5053669e-01;2.5750000e+02;1.0768731e-01;2.5750000e+02;6.0785338e-02;2.5750000e+02;1.3631269e-02;2.5750000e+02;-3.6163613e-02;2.5750000e+02;-8.4587023e-02;2.5750000e+02;-1.3160029e-01;2.5750000e+02;-9.0446964e-02;2.5750000e+02;-9.2090458e-02;2.5750000e+02;-7.5718790e-02;2.5750000e+02;-4.1286495e-02;2.5750000e+02;1.2253679e-02;2.5750000e+02;8.8006519e-02;2.5750000e+02;1.6397187e-01;2.5750000e+02;1.9565688e-01;2.5750000e+02;1.8507361e-01;2.5750000e+02;1.7423314e-01;2.5750000e+02;1.8123278e-01;2.5750000e+02;1.5053669e-01;2.5750000e+02;1.0768731e-01;2.5750000e+02;6.0785338e-02;2.5750000e+02;1.3631269e-02;2.5750000e+02;-3.6163613e-02;2.5750000e+02;-8.4587023e-02;2.5750000e+02;-1.3160029e-01;2.5750000e+02;-9.0446964e-02;2.5750000e+02;-9.2090458e-02;2.5750000e+02;-7.5718790e-02;2.5750000e+02;-4.1286495e-02;2.5750000e+02;1.2253679e-02;2.5750000e+02;8.8006519e-02;2.5750000e+02;1.6397187e-01;2.5750000e+02;1.9565688e-01;2.5750000e+02;1.8507361e-01;2.5750000e+02;1.7423314e-01;2.5750000e+02;1.8123278e-01;2.5750000e+02;1.5053669e-01;2.5750000e+02;1.0768731e-01;2.5750000e+02;6.0785338e-02;2.5750000e+02;1.3631269e-02;2.5750000e+02;-3.6163613e-02;2.5750000e+02;-8.4587023e-02;2.5750000e+02;-1.3160029e-01;2.5750000e+02;-9.0446964e-02;2.5750000e+02;-9.2090458e-02;2.5750000e+02;-7.5718790e-02;2.5750000e+02;-4.1286495e-02;2.5750000e+02;1.2253679e-02;2.5750000e+02;8.8006519e-02;2.5750000e+02;1.6397187e-01;2.5750000e+02;1.9565688e-01;2.5750000e+02;1.8507361e-01;2.5750000e+02;1.7423314e-01;2.5750000e+02;1.8123278e-01;2.5750000e+02;1.5053669e-01;2.5750000e+02;1.0768731e-01;2.5750000e+02;6.0785338e-02;2.5750000e+02;1.3631269e-02;2.5750000e+02;-3.6163613e-02;2.5750000e+02;-8.4587023e-02;2.5750000e+02;-1.3160029e-01;2.5750000e+02;-9.0446964e-02;2.5750000e+02;-9.2090458e-02;2.5750000e+02;-7.5718790e-02;2.5750000e+02;-4.1286495e-02;2.5750000e+02;1.2253679e-02;2.5750000e+02;8.8006519e-02;2.5750000e+02;1.6397187e-01;2.5750000e+02;1.9565688e-01;2.5750000e+02;1.8507361e-01;2.5750000e+02;1.7423314e-01;2.5750000e+02;1.8123278e-01;2.5750000e+02;1.5053669e-01;2.5750000e+02;1.0768731e-01;2.5750000e+02;6.0785338e-02;2.5750000e+02;1.3631269e-02;2.5750000e+02;-3.6163613e-02;2.5750000e+02;-8.4587023e-02;2.5750000e+02;-1.3160029e-01
2.6250000e+02;-8.9132637e-02;2.6250000e+02;-8.3258443e-02;2.6250000e+02;-5.5649597e-02;2.6250000e+02;-1.2554284e-02;2.6250000e+02;4.8490018e-02;2.6250000e+02;1.2889554e-01;2.6250000e+02;1.9767450e-01;2.6250000e+02;2.1625596e-01;2.6250000e+02;1.9266149e-01;2.6250000e+02;1.7352949e-01;2.6250000e+02;1.7777416e-01;2.6250000e+02;1.5237752e-01;2.6250000e+02;1.1138207e-01;2.6250000e+02;6.5690808e-02;2.6250000e+02;1.8445879e-02;2.6250000e+02;-3.0296251e-02;2.6250000e+02;-7.8476511e-02;2.6250000e+02;-1.2609315e-01;2.6250000e+02;-8.9132637e-02;2.6250000e+02;-8.3258443e-02;2.6250000e+02;-5.5649597e-02;2.6250000e+02;-1.2554284e-02;2.6250000e+02;4.8490018e-02;2.6250000e+02;1.2889554e-01;2.6250000e+02;1.9767450e-01;2.6250000e+02;2.1625596e-01;2.6250000e+02;1.9266149e-01;2.6250000e+02;1.7352949e-01;2.6250000e+02;1.7777416e-01;2.6250000e+02;1.5237752e-01;2.6250000e+02;1.1138207e-01;2.6250000e+02;6.5690808e-02;2.6250000e+02;1.8445879e-02;2.6250000e+02;-3.0296251e-02;2.6250000e+02;-7.8476511e-02;2.6250000e+02;-1.2609315e-01;2.6250000e+02;-8.9132637e-02;2.6250000e+02;-8.3258443e-02;2.6250000e+02;-5.5649597e-02;2.6250000e+02;-1.2554284e-02;2.6250000e+02;4.8490018e-02;2.6250000e+02;1.2889554e-01;2.6250000e+02;1.9767450e-01;2.6250000e+02;2.1625596e-01;2.6250000e+02;1.9266149e-01;2.6250000e+02;1.7352949e-01;2.6250000e+02;1.7777416e-01;2.6250000e+02;1.5237752e-01;2.6250000e+02;1.1138207e-01;2.6250000e+02;6.5690808e-02;2.6250000e+02;1.8445879e-02;2.6250000e+02;-3.0296251e-02;2.6250000e+02;-7.8476511e-02;2.6250000e+02;-1.2609315e-01;2.6250000e+02;-8.9132637e-02;2.6250000e+02;-8.3258443e-02;2.6250000e+02;-5.5649597e-02;2.6250000e+02;-1.2554284e-02;2.6250000e+02;4.8490018e-02;2.6250000e+02;1.2889554e-01;2.6250000e+02;1.9767450e-01;2.6250000e+02;2.1625596e-01;2.6250000e+02;1.9266149e-01;2.6250000e+02;1.7352949e-01;2.6250000e+02;1.7777416e-01;2.6250000e+02;1.5237752e-01;2.6250000e+02;1.1138207e-01;2.6250000e+02;6.5690808e-02;2.6250000e+02;1.8445879e-02;2.6250000e+02;-3.0296251e-02;2.6250000e+02;-7.8476511e-02;2.6250000e+02;-1.2609315e-01;2.6250000e+02;-8.9132637e-02;2.6250000e+02;-8.3258443e-02;2.6250000e+02;-5.5649597e-02;2.6250000e+02;-1.2554284e-02;2.6250000e+02;4.8490018e-02;2.6250000e+02;1.2889554e-01;2.6250000e+02;1.9767450e-01;2.6250000e+02;2.1625596e-01;2.6250000e+02;1.9266149e-01;2.6250000e+02;1.7352949e-01;2.6250000e+02;1.7777416e-01;2.6250000e+02;1.5237752e-01;2.6250000e+02;1.1138207e-01;2.6250000e+02;6.5690808e-02;2.6250000e+02;1.8445879e-02;2.6250000e+02;-3.0296251e-02;2.6250000e+02;-7.8476511e-02;2.6250000e+02;-1.2609315e-01;2.6250000e+02;-8.9132637e-02;2.6250000e+02;-8.3258443e-02;2.6250000e+02;-5.5649597e-02;2.6250000e+02;-1.2554284e-02;2.6250000e+02;4.8490018e-02;2.6250000e+02;1.2889554e-01;2.6250000e+02;1.9767450e-01;2.6250000e+02;2.1625596e-01;2.6250000e+02;1.9266149e-01;2.6250000e+02;1.7352949e-01;2.6250000e+02;1.7777416e-01;2.6250000e+02;1.5237752e-01;2.6250000e+02;1.1138207e-01;2.6250000e+02;6.5690808e-02;2.6250000e+02;1.8445879e-02;2.6250000e+02;-3.0296251e-02;2.6250000e+02;-7.8476511e-02;2.6250000e+02;-1.2609315e-01;2.6250000e+02;-8.9132637e-02;2.6250000e+02;-8.3258443e-02;2.6250000e+02;-5.5649597e-02;2.6250000e+02;-1.2554284e-02;2.6250000e+02;4.8490018e-02;2.6250000e+02;1.2889554e-01;2.6250000e+02;1.9767450e-01;2.6250000e+02;2.1625596e-01;2.6250000e+02;1.9266149e-01;2.6250000e+02;1.7352949e-01;2.6250000e+02;1.7777416e-01;2.6250000e+02;1.5237752e-01;2.6250000e+02;1.1138207e-01;2.6250000e+02;6.5690808e-02;2.6250000e+02;1.8445879e-02;2.6250000e+02;-3.0296251e-02;2.6250000e+02;-7.8476511e-02;2.6250000e+02;-1.2609315e-01;2.6250000e+02;-8.9132637e-02;2.6250000e+02;-8.3258443e-02;2.6250000e+02;-5.5649597e-02;2.6250000e+02;-1.2554284e-02;2.6250000e+02;4.8490018e-02;2.6250000e+02;1.2889554e-01;2.6250000e+02;1.9767450e-01;2.6250000e+02;2.1625596e-01;2.6250000e+02;1.9266149e-01;2.6250000e+02;1.7352949e-01;2.6250000e+02;1.7777416e-01;2.6250000e+02;1.5237752e-01;2.6250000e+02;1.1138207e-01;2.6250000e+02;6.5690808e-02;2.6250000e+02;1.8445879e-02;2.6250000e+02;-3.0296251e-02;2.6250000e+02;-7.8476511e-02;2.6250000e+02;-1.2609315e-01;2.6250000e+02;-8.9132637e-02;2.6250000e+02;-8.3258443e-02;2.6250000e+02;-5.5649597e-02;2.6250000e+02;-1.2554284e-02;2.6250000e+02;4.8490018e-02;2.6250000e+02;1.2889554e-01;2.6250000e+02;1.9767450e-01;2.6250000e+02;2.1625596e-01;2.6250000e+02;1.9266149e-01;2.6250000e+02;1.7352949e-01;2.6250000e+02;1.7777416e-01;2.6250000e+02;1.5237752e-01;2.6250000e+02;1.1138207e-01;2.6250000e+02;6.5690808e-02;2.6250000e+02;1.8445879e-02;2.6250000e+02;-3.0296251e-02;2.6250000e+02;-7.8476511e-02;2.6250000e+02;-1.2609315e-01;2.6250000e+02;-8.9132637e-02;2.6250000e+02;-8.3258443e-02;2.6250000e+02;-5.5649597e-02;2.6250000e+02;-1.2554284e-02;2.6250000e+02;4.8490018e-02;2.6250000e+02;1.2889554e-01;2.6250000e+02;1.9767450e-01;2.6250000e+02;2.1625596e-01;2.6250000e+02;1.9266149e-01;2.6250000e+02;1.7352949e-01;2.6250000e+02;1.7777416e-01;2.6250000e+02;1.5237752e-01;2.6250000e+02;1.1138207e-01;2.6250000e+02;6.5690808e-02;2.6250000e+02;1.8445879e-02;2.6250000e+02;-3.0296251e-02;2.6250000e+02;-7.8476511e-02;2.6250000e+02;-1.2609315e-01;2.6250000e+02;-8.9132637e-02;2.6250000e+02;-8.3258443e-02;2.6250000e+02;-5.5649597e-02;2.6250000e+02;-1.2554284e-02;2.6250000e+02;4.8490018e-02;2.6250000e+02;1.2889554e-01;2.6250000e+02;1.9767450e-01;2.6250000e+02;2.1625596e-01;2.6250000e+02;1.9266149e-01;2.6250000e+02;1.7352949e-01;2.6250000e+02;1.7777416e-01;2.6250000e+02;1.5237752e-01;2.6250000e+02;1.1138207e-01;2.6250000e+02;6.5690808e-02;2.6250000e+02;1.8445879e-02;2.6250000e+02;-3.0296251e-02;2.6250000e+02;-7.8476511e-02;2.6250000e+02;-1.2609315e-01;2.6250000e+02;-8.9132637e-02;2.6250000e+02;-8.3258443e-02;2.6250000e+02;-5.5649597e-02;2.6250000e+02;-1.2554284e-02;2.6250000e+02;4.8490018e-02;2.6250000e+02;1.2889554e-01;2.6250000e+02;1.9767450e-01;2.6250000e+02;2.1625596e-01;2.6250000e+02;1.9266149e-01;2.6250000e+02;1.7352949e-01;2.6250000e+02;1.7777416e-01;2.6250000e+02;1.5237752e-01;2.6250000e+02;1.1138207e-01;2.6250000e+02;6.5690808e-02;2.6250000e+02;1.8445879e-02;2.6250000e+02;-3.0296251e-02;2.6250000e+02;-7.8476511e-02;2.6250000e+02;-1.2609315e-01;2.6250000e+02;-8.9132637e-02;2.6250000e+02;-8.3258443e-02;2.6250000e+02;-5.5649597e-02;2.6250000e+02;-1.2554284e-02;2.6250000e+02;4.8490018e-02;2.6250000e+02;1.2889554e-01;2.6250000e+02;1.9767450e-01;2.6250000e+02;2.1625596e-01;2.6250000e+02;1.9266149e-01;2.6250000e+02;1.7352949e-01;2.6250000e+02;1.7777416e-01;2.6250000e+02;1.5237752e-01;2.6250000e+02;1.1138207e-01;2.6250000e+02;6.5690808e-02;2.6250000e+02;1.8445879e-02;2.6250000e+02;-3.0296251e-02;2.6250000e+02;-7.8476511e-02;2.6250000e+02;-1.2609315e-01;2.6250000e+02;-8.9132637e-02;2.6250000e+02;-8.3258443e-02;2.6250000e+02;-5.5649597e-02;2.6250000e+02;-1.2554284e-02;2.6250000e+02;4.8490018e-02;2.6250000e+02;1.2889554e-01;2.6250000e+02;1.9767450e-01;2.6250000e+02;2.1625596e-01;2.6250000e+02;1.9266149e-01;2.6250000e+02;1.7352949e-01;2.6250000e+02;1.7777416e-01;2.6250000e+02;1.5237752e-01;2.6250000e+02;1.1138207e-01;2.6250000e+02;6.5690808e-02;2.6250000e+02;1.8445879e-02;2.6250000e+02;-3.0296251e-02;2.6250000e+02;-7.8476511e-02;2.6250000e+02;-1.2609315e-01;2.6250000e+02;-8.9132637e-02;2.6250000e+02;-8.3258443e-02;2.6250000e+02;-5.5649597e-02;2.6250000e+02;-1.2554284e-02;2.6250000e+02;4.8490018e-02;2.6250000e+02;1.2889554e-01;2.6250000e+02;1.9767450e-01;2.6250000e+02;2.1625596e-01;2.6250000e+02;1.9266149e-01;2.6250000e+02;1.7352949e-01;2.6250000e+02;1.7777416e-01;2.6250000e+02;1.5237752e-01;2.6250000e+02;1.1138207e-01;2.6250000e+02;6.5690808e-02;2.6250000e+02;1.8445879e-02;2.6250000e+02;-3.0296251e-02;2.6250000e+02;-7.8476511e-02;2.6250000e+02;-1.2609315e-01;2.6250000e+02;-8.9132637e-02;2.6250000e+02;-8.3258443e-02;2.6250000e+02;-5.5649597e-02;2.6250000e+02;-1.2554284e-02;2.6250000e+02;4.8490018e-02;2.6250000e+02;1.2889554e-01;2.6250000e+02;1.9767450e-01;2.6250000e+02;2.1625596e-01;2.6250000e+02;1.9266149e-01;2.6250000e+02;1.7352949e-01;2.6250000e+02;1.7777416e-01;2.6250000e+02;1.5237752e-01;2.6250000e+02;1.1138207e-01;2.6250000e+02;6.5690808e-02;2.6250000e+02;1.8445879e-02;2.6250000e+02;-3.0296251e-02;2.6250000e+02;-7.8476511e-02;2.6250000e+02;-1.2609315e-01;2.6250000e+02;-8.9132637e-02;2.6250000e+02;-8.3258443e-02;2.6250000e+02;-5.5649597e-02;2.6250000e+02;-1.2554284e-02;2.6250000e+02;4.8490018e-02;2.6250000e+02;1.2889554e-01;2.6250000e+02;1.9767450e-01;2.6250000e+02;2.1625596e-01;2.6250000e+02;1.9266149e-01;2.6250000e+02;1.7352949e-01;2.6250000e+02;1.7777416e-01;2.6250000e+02;1.5237752e-01;2.6250000e+02;1.1138207e-01;2.6250000e+02;6.5690808e-02;2.6250000e+02;1.8445879e-02;2.6250000e+02;-3.0296251e-02;2.6250000e+02;-7.8476511e-02;2.6250000e+02;-1.2609315e-01;2.6250000e+02;-8.9132637e-02;2.6250000e+02;-8.3258443e-02;2.6250000e+02;-5.5649597e-02;2.6250000e+02;-1.2554284e-02;2.6250000e+02;4.8490018e-02;2.6250000e+02;1.2889554e-01;2.6250000e+02;1.9767450e-01;2.6250000e+02;2.1625596e-01;2.6250000e+02;1.9266149e-01;2.6250000e+02;1.7352949e-01;2.6250000e+02;1.7777416e-01;2.6250000e+02;1.5237752e-01;2.6250000e+02;1.1138207e-01;2.6250000e+02;6.5690808e-02;2.6250000e+02;1.8445879e-02;2.6250000e+02;-3.0296251e-02;2.6250000e+02;-7.8476511e-02;2.6250000e+02;-1.2609315e-01;2.6250000e+02;-8.9132637e-02;2.6250000e+02;-8.3258443e-02;2.6250000e+02;-5.5649597e-02;2.6250000e+02;-1.2554284e-02;2.6250000e+02;4.8490018e-02;2.6250000e+02;1.2889554e-01;2.6250000e+02;1.9767450e-01;2.6250000e+02;2.1625596e-01;2.6250000e+02;1.9266149e-01;2.6250000e+02;1.7352949e-01;2.6250000e+02;1.7777416e-01;2.6250000e+02;1.5237752e-01;2.6250000e+02;1.1138207e-01;2.6250000e+02;6.5690808e-02;2.6250000e+02;1.8445879e-02;2.6250000e+02;-3.0296251e-02;2.6250000e+02;-7.8476511e-02;2.6250000e+02;-1.2609315e-01;2.6250000e+02;-8.9132637e-02;2.6250000e+02;-8.3258443e-02;2.6250000e+02;-5.5649597e-02;2.6250000e+02;-1.2554284e-02;2.6250000e+02;4.8490018e-02;2.6250000e+02;1.2889554e-01;2.6250000e+02;1.9767450e-01;2.6250000e+02;2.1625596e-01;2.6250000e+02;1.9266149e-01;2.6250000e+02;1.7352949e-01;2.6250000e+02;1.7777416e-01;2.6250000e+02;1.5237752e-01;2.6250000e+02;1.1138207e-01;2.6250000e+02;6.5690808e-02;2.6250000e+02;1.8445879e-02;2.6250000e+02;-3.0296251e-02;2.6250000e+02;-7.8476511e-02;2.6250000e+02;-1.2609315e-01;2.6250000e+02;-8.9132637e-02;2.6250000e+02;-8.3258443e-02;2.6250000e+02;-5.5649597e-02;2.6250000e+02;-1.2554284e-02;2.6250000e+02;4.8490018e-02;2.6250000e+02;1.2889554e-01;2.6250000e+02;1.9767450e-01;2.6250000e+02;2.1625596e-01;2.6250000e+02;1.9266149e-01;2.6250000e+02;1.7352949e-01;2.6250000e+02;1.7777416e-01;2.6250000e+02;1.5237752e-01;2.6250000e+02;1.1138207e-01;2.6250000e+02;6.5690808e-02;2.6250000e+02;1.8445879e-02;2.6250000e+02;-3.0296251e-02;2.6250000e+02;-7.8476511e-02;2.6250000e+02;-1.2609315e-01;2.6250000e+02;-8.9132637e-02;2.6250000e+02;-8.3258443e-02;2.6250000e+02;-5.5649597e-02;2.6250000e+02;-1.2554284e-02;2.6250000e+02;4.8490018e-02;2.6250000e+02;1.2889554e-01;2.6250000e+02;1.9767450e-01;2.6250000e+02;2.1625596e-01;2.6250000e+02;1.9266149e-01;2.6250000e+02;1.7352949e-01;2.6250000e+02;1.7777416e-01;2.6250000e+02;1.5237752e-01;2.6250000e+02;1.1138207e-01;2.6250000e+02;6.5690808e-02;2.6250000e+02;1.8445879e-02;2.6250000e+02;-3.0296251e-02;2.6250000e+02;-7.8476511e-02;2.6250000e+02;-1.2609315e-01;2.6250000e+02;-8.9132637e-02;2.6250000e+02;-8.3258443e-02;2.6250000e+02;-5.5649597e-02;2.6250000e+02;-1.2554284e-02;2.6250000e+02;4.8490018e-02;2.6250000e+02;1.2889554e-01;2.6250000e+02;1.9767450e-01;2.6250000e+02;2.1625596e-01;2.6250000e+02;1.9266149e-01;2.6250000e+02;1.7352949e-01;2.6250000e+02;1.7777416e-01;2.6250000e+02;1.5237752e-01;2.6250000e+02;1.1138207e-01;2.6250000e+02;6.5690808e-02;2.6250000e+02;1.8445879e-02;2.6250000e+02;-3.0296251e-02;2.6250000e+02;-7.8476511e-02;2.6250000e+02;-1.2609315e-01;2.6250000e+02;-8.9132637e-02;2.6250000e+02;-8.3258443e-02;2.6250000e+02;-5.5649597e-02;2.6250000e+02;-1.2554284e-02;2.6250000e+02;4.8490018e-02;2.6250000e+02;1.2889554e-01;2.6250000e+02;1.9767450e-01;2.6250000e+02;2.1625596e-01;2.6250000e+02;1.9266149e-01;2.6250000e+02;1.7352949e-01;2.6250000e+02;1.7777416e-01;2.6250000e+02;1.5237752e-01;2.6250000e+02;1.1138207e-01;2.6250000e+02;6.5690808e-02;2.6250000e+02;1.8445879e-02;2.6250000e+02;-3.0296251e-02;2.6250000e+02;-7.8476511e-02;2.6250000e+02;-1.2609315e-01;2.6250000e+02;-8.9132637e-02;2.6250000e+02;-8.3258443e-02;2.6250000e+02;-5.5649597e-02;2.6250000e+02;-1.2554284e-02;2.6250000e+02;4.8490018e-02;2.6250000e+02;1.2889554e-01;2.6250000e+02;1.9767450e-01;2.6250000e+02;2.1625596e-01;2.6250000e+02;1.9266149e-01;2.6250000e+02;1.7352949e-01;2.6250000e+02;1.7777416e-01;2.6250000e+02;1.5237752e-01;2.6250000e+02;1.1138207e-01;2.6250000e+02;6.5690808e-02;2.6250000e+02;1.8445879e-02;2.6250000e+02;-3.0296251e-02;2.6250000e+02;-7.8476511e-02;2.6250000e+02;-1.2609315e-01;2.6250000e+02;-8.9132637e-02;2.6250000e+02;-8.3258443e-02;2.6250000e+02;-5.5649597e-02;2.6250000e+02;-1.2554284e-02;2.6250000e+02;4.8490018e-02;2.6250000e+02;1.2889554e-01;2.6250000e+02;1.9767450e-01;2.6250000e+02;2.1625596e-01;2.6250000e+02;1.9266149e-01;2.6250000e+02;1.7352949e-01;2.6250000e+02;1.7777416e-01;2.6250000e+02;1.5237752e-01;2.6250000e+02;1.1138207e-01;2.6250000e+02;6.5690808e-02;2.6250000e+02;1.8445879e-02;2.6250000e+02;-3.0296251e-02;2.6250000e+02;-7.8476511e-02;2.6250000e+02;-1.2609315e-01;2.6250000e+02;-8.9132637e-02;2.6250000e+02;-8.3258443e-02;2.6250000e+02;-5.5649597e-02;2.6250000e+02;-1.2554284e-02;2.6250000e+02;4.8490018e-02;2.6250000e+02;1.2889554e-01;2.6250000e+02;1.9767450e-01;2.6250000e+02;2.1625596e-01;2.6250000e+02;1.9266149e-01;2.6250000e+02;1.7352949e-01;2.6250000e+02;1.7777416e-01;2.6250000e+02;1.5237752e-01;2.6250000e+02;1.1138207e-01;2.6250000e+02;6.5690808e-02;2.6250000e+02;1.8445879e-02;2.6250000e+02;-3.0296251e-02;2.6250000e+02;-7.8476511e-02;2.6250000e+02;-1.2609315e-01;2.6250000e+02;-8.9132637e-02;2.6250000e+02;-8.3258443e-02;2.6250000e+02;-5.5649597e-02;2.6250000e+02;-1.2554284e-02;2.6250000e+02;4.8490018e-02;2.6250000e+02;1.2889554e-01;2.6250000e+02;1.9767450e-01;2.6250000e+02;2.1625596e-01;2.6250000e+02;1.9266149e-01;2.6250000e+02;1.7352949e-01;2.6250000e+02;1.7777416e-01;2.6250000e+02;1.5237752e-01;2.6250000e+02;1.1138207e-01;2.6250000e+02;6.5690808e-02;2.6250000e+02;1.8445879e-02;2.6250000e+02;-3.0296251e-02;2.6250000e+02;-7.8476511e-02;2.6250000e+02;-1.2609315e-01;2.6250000e+02;-8.9132637e-02;2.6250000e+02;-8.3258443e-02;2.6250000e+02;-5.5649597e-02;2.6250000e+02;-1.2554284e-02;2.6250000e+02;4.8490018e-02;2.6250000e+02;1.2889554e-01;2.6250000e+02;1.9767450e-01;2.6250000e+02;2.1625596e-01;2.6250000e+02;1.9266149e-01;2.6250000e+02;1.7352949e-01;2.6250000e+02;1.7777416e-01;2.6250000e+02;1.5237752e-01;2.6250000e+02;1.1138207e-01;2.6250000e+02;6.5690808e-02;2.6250000e+02;1.8445879e-02;2.6250000e+02;-3.0296251e-02;2.6250000e+02;-7.8476511e-02;2.6250000e+02;-1.2609315e-01;2.6250000e+02;-8.9132637e-02;2.6250000e+02;-8.3258443e-02;2.6250000e+02;-5.5649597e-02;2.6250000e+02;-1.2554284e-02;2.6250000e+02;4.8490018e-02;2.6250000e+02;1.2889554e-01;2.6250000e+02;1.9767450e-01;2.6250000e+02;2.1625596e-01;2.6250000e+02;1.9266149e-01;2.6250000e+02;1.7352949e-01;2.6250000e+02;1.7777416e-01;2.6250000e+02;1.5237752e-01;2.6250000e+02;1.1138207e-01;2.6250000e+02;6.5690808e-02;2.6250000e+02;1.8445879e-02;2.6250000e+02;-3.0296251e-02;2.6250000e+02;-7.8476511e-02;2.6250000e+02;-1.2609315e-01;2.6250000e+02;-8.9132637e-02;2.6250000e+02;-8.3258443e-02;2.6250000e+02;-5.5649597e-02;2.6250000e+02;-1.2554284e-02;2.6250000e+02;4.8490018e-02;2.6250000e+02;1.2889554e-01;2.6250000e+02;1.9767450e-01;2.6250000e+02;2.1625596e-01;2.6250000e+02;1.9266149e-01;2.6250000e+02;1.7352949e-01;2.6250000e+02;1.7777416e-01;2.6250000e+02;1.5237752e-01;2.6250000e+02;1.1138207e-01;2.6250000e+02;6.5690808e-02;2.6250000e+02;1.8445879e-02;2.6250000e+02;-3.0296251e-02;2.6250000e+02;-7.8476511e-02;2.6250000e+02;-1.2609315e-01;2.6250000e+02;-8.9132637e-02;2.6250000e+02;-8.3258443e-02;2.6250000e+02;-5.5649597e-02;2.6250000e+02;-1.2554284e-02;2.6250000e+02;4.8490018e-02;2.6250000e+02;1.2889554e-01;2.6250000e+02;1.9767450e-01;2.6250000e+02;2.1625596e-01;2.6250000e+02;1.9266149e-01;2.6250000e+02;1.7352949e-01;2.6250000e+02;1.7777416e-01;2.6250000e+02;1.5237752e-01;2.6250000e+02;1.1138207e-01;2.6250000e+02;6.5690808e-02;2.6250000e+02;1.8445879e-02;2.6250000e+02;-3.0296251e-02;2.6250000e+02;-7.8476511e-02;2.6250000e+02;-1.2609315e-01;2.6250000e+02;-8.9132637e-02;2.6250000e+02;-8.3258443e-02;2.6250000e+02;-5.5649597e-02;2.6250000e+02;-1.2554284e-02;2.6250000e+02;4.8490018e-02;2.6250000e+02;1.2889554e-01;2.6250000e+02;1.9767450e-01;2.6250000e+02;2.1625596e-01;2.6250000e+02;1.9266149e-01;2.6250000e+02;1.7352949e-01;2.6250000e+02;1.7777416e-01;2.6250000e+02;1.5237752e-01;2.6250000e+02;1.1138207e-01;2.6250000e+02;6.5690808e-02;2.6250000e+02;1.8445879e-02;2.6250000e+02;-3.0296251e-02;2.6250000e+02;-7.8476511e-02;2.6250000e+02;-1.2609315e-01;2.6250000e+02;-8.9132637e-02;2.6250000e+02;-8.3258443e-02;2.6250000e+02;-5.5649597e-02;2.6250000e+02;-1.2554284e-02;2.6250000e+02;4.8490018e-02;2.6250000e+02;1.2889554e-01;2.6250000e+02;1.9767450e-01;2.6250000e+02;2.1625596e-01;2.6250000e+02;1.9266149e-01;2.6250000e+02;1.7352949e-01;2.6250000e+02;1.7777416e-01;2.6250000e+02;1.5237752e-01;2.6250000e+02;1.1138207e-01;2.6250000e+02;6.5690808e-02;2.6250000e+02;1.8445879e-02;2.6250000e+02;-3.0296251e-02;2.6250000e+02;-7.8476511e-02;2.6250000e+02;-1.2609315e-01;2.6250000e+02;-8.9132637e-02;2.6250000e+02;-8.3258443e-02;2.6250000e+02;-5.5649597e-02;2.6250000e+02;-1.2554284e-02;2.6250000e+02;4.8490018e-02;2.6250000e+02;1.2889554e-01;2.6250000e+02;1.9767450e-01;2.6250000e+02;2.1625596e-01;2.6250000e+02;1.9266149e-01;2.6250000e+02;1.7352949e-01;2.6250000e+02;1.7777416e-01;2.6250000e+02;1.5237752e-01;2.6250000e+02;1.1138207e-01;2.6250000e+02;6.5690808e-02;2.6250000e+02;1.8445879e-02;2.6250000e+02;-3.0296251e-02;2.6250000e+02;-7.8476511e-02;2.6250000e+02;-1.2609315e-01;2.6250000e+02;-8.9132637e-02;2.6250000e+02;-8.3258443e-02;2.6250000e+02;-5.5649597e-02;2.6250000e+02;-1.2554284e-02;2.6250000e+02;4.8490018e-02;2.6250000e+02;1.2889554e-01;2.6250000e+02;1.9767450e-01;2.6250000e+02;2.1625596e-01;2.6250000e+02;1.9266149e-01;2.6250000e+02;1.7352949e-01;2.6250000e+02;1.7777416e-01;2.6250000e+02;1.5237752e-01;2.6250000e+02;1.1138207e-01;2.6250000e+02;6.5690808e-02;2.6250000e+02;1.8445879e-02;2.6250000e+02;-3.0296251e-02;2.6250000e+02;-7.8476511e-02;2.6250000e+02;-1.2609315e-01;2.6250000e+02;-8.9132637e-02;2.6250000e+02;-8.3258443e-02;2.6250000e+02;-5.5649597e-02;2.6250000e+02;-1.2554284e-02;2.6250000e+02;4.8490018e-02;2.6250000e+02;1.2889554e-01;2.6250000e+02;1.9767450e-01;2.6250000e+02;2.1625596e-01;2.6250000e+02;1.9266149e-01;2.6250000e+02;1.7352949e-01;2.6250000e+02;1.7777416e-01;2.6250000e+02;1.5237752e-01;2.6250000e+02;1.1138207e-01;2.6250000e+02;6.5690808e-02;2.6250000e+02;1.8445879e-02;2.6250000e+02;-3.0296251e-02;2.6250000e+02;-7.8476511e-02;2.6250000e+02;-1.2609315e-01;2.6250000e+02;-8.9132637e-02;2.6250000e+02;-8.3258443e-02;2.6250000e+02;-5.5649597e-02;2.6250000e+02;-1.2554284e-02;2.6250000e+02;4.8490018e-02;2.6250000e+02;1.2889554e-01;2.6250000e+02;1.9767450e-01;2.6250000e+02;2.1625596e-01;2.6250000e+02;1.9266149e-01;2.6250000e+02;1.7352949e-01;2.6250000e+02;1.7777416e-01;2.6250000e+02;1.5237752e-01;2.6250000e+02;1.1138207e-01;2.6250000e+02;6.5690808e-02;2.6250000e+02;1.8445879e-02;2.6250000e+02;-3.0296251e-02;2.6250000e+02;-7.8476511e-02;2.6250000e+02;-1.2609315e-01;2.6250000e+02;-8.9132637e-02;2.6250000e+02;-8.3258443e-02;2.6250000e+02;-5.5649597e-02;2.6250000e+02;-1.2554284e-02;2.6250000e+02;4.8490018e-02;2.6250000e+02;1.2889554e-01;2.6250000e+02;1.9767450e-01;2.6250000e+02;2.1625596e-01;2.6250000e+02;1.9266149e-01;2.6250000e+02;1.7352949e-01;2.6250000e+02;1.7777416e-01;2.6250000e+02;1.5237752e-01;2.6250000e+02;1.1138207e-01;2.6250000e+02;6.5690808e-02;2.6250000e+02;1.8445879e-02;2.6250000e+02;-3.0296251e-02;2.6250000e+02;-7.8476511e-02;2.6250000e+02;-1.2609315e-01;2.6250000e+02;-8.9132637e-02;2.6250000e+02;-8.3258443e-02;2.6250000e+02;-5.5649597e-02;2.6250000e+02;-1.2554284e-02;2.6250000e+02;4.8490018e-02;2.6250000e+02;1.2889554e-01;2.6250000e+02;1.9767450e-01;2.6250000e+02;2.1625596e-01;2.6250000e+02;1.9266149e-01;2.6250000e+02;1.7352949e-01;2.6250000e+02;1.7777416e-01;2.6250000e+02;1.5237752e-01;2.6250000e+02;1.1138207e-01;2.6250000e+02;6.5690808e-02;2.6250000e+02;1.8445879e-02;2.6250000e+02;-3.0296251e-02;2.6250000e+02;-7.8476511e-02;2.6250000e+02;-1.2609315e-01;2.6250000e+02;-8.9132637e-02;2.6250000e+02;-8.3258443e-02;2.6250000e+02;-5.5649597e-02;2.6250000e+02;-1.2554284e-02;2.6250000e+02;4.8490018e-02;2.6250000e+02;1.2889554e-01;2.6250000e+02;1.9767450e-01;2.6250000e+02;2.1625596e-01;2.6250000e+02;1.9266149e-01;2.6250000e+02;1.7352949e-01;2.6250000e+02;1.7777416e-01;2.6250000e+02;1.5237752e-01;2.6250000e+02;1.1138207e-01;2.6250000e+02;6.5690808e-02;2.6250000e+02;1.8445879e-02;2.6250000e+02;-3.0296251e-02;2.6250000e+02;-7.8476511e-02;2.6250000e+02;-1.2609315e-01;2.6250000e+02;-8.9132637e-02;2.6250000e+02;-8.3258443e-02;2.6250000e+02;-5.5649597e-02;2.6250000e+02;-1.2554284e-02;2.6250000e+02;4.8490018e-02;2.6250000e+02;1.2889554e-01;2.6250000e+02;1.9767450e-01;2.6250000e+02;2.1625596e-01;2.6250000e+02;1.9266149e-01;2.6250000e+02;1.7352949e-01;2.6250000e+02;1.7777416e-01;2.6250000e+02;1.5237752e-01;2.6250000e+02;1.1138207e-01;2.6250000e+02;6.5690808e-02;2.6250000e+02;1.8445879e-02;2.6250000e+02;-3.0296251e-02;2.6250000e+02;-7.8476511e-02;2.6250000e+02;-1.2609315e-01;2.6250000e+02;-8.9132637e-02;2.6250000e+02;-8.3258443e-02;2.6250000e+02;-5.5649597e-02;2.6250000e+02;-1.2554284e-02;2.6250000e+02;4.8490018e-02;2.6250000e+02;1.2889554e-01;2.6250000e+02;1.9767450e-01;2.6250000e+02;2.1625596e-01;2.6250000e+02;1.9266149e-01;2.6250000e+02;1.7352949e-01;2.6250000e+02;1.7777416e-01;2.6250000e+02;1.5237752e-01;2.6250000e+02;1.1138207e-01;2.6250000e+02;6.5690808e-02;2.6250000e+02;1.8445879e-02;2.6250000e+02;-3.0296251e-02;2.6250000e+02;-7.8476511e-02;2.6250000e+02;-1.2609315e-01;2.6250000e+02;-8.9132637e-02;2.6250000e+02;-8.3258443e-02;2.6250000e+02;-5.5649597e-02;2.6250000e+02;-1.2554284e-02;2.6250000e+02;4.8490018e-02;2.6250000e+02;1.2889554e-01;2.6250000e+02;1.9767450e-01;2.6250000e+02;2.1625596e-01;2.6250000e+02;1.9266149e-01;2.6250000e+02;1.7352949e-01;2.6250000e+02;1.7777416e-01;2.6250000e+02;1.5237752e-01;2.6250000e+02;1.1138207e-01;2.6250000e+02;6.5690808e-02;2.6250000e+02;1.8445879e-02;2.6250000e+02;-3.0296251e-02;2.6250000e+02;-7.8476511e-02;2.6250000e+02;-1.2609315e-01;2.6250000e+02;-8.9132637e-02;2.6250000e+02;-8.3258443e-02;2.6250000e+02;-5.5649597e-02;2.6250000e+02;-1.2554284e-02;2.6250000e+02;4.8490018e-02;2.6250000e+02;1.2889554e-01;2.6250000e+02;1.9767450e-01;2.6250000e+02;2.1625596e-01;2.6250000e+02;1.9266149e-01;2.6250000e+02;1.7352949e-01;2.6250000e+02;1.7777416e-01;2.6250000e+02;1.5237752e-01;2.6250000e+02;1.1138207e-01;2.6250000e+02;6.5690808e-02;2.6250000e+02;1.8445879e-02;2.6250000e+02;-3.0296251e-02;2.6250000e+02;-7.8476511e-02;2.6250000e+02;-1.2609315e-01;2.6250000e+02;-8.9132637e-02;2.6250000e+02;-8.3258443e-02;2.6250000e+02;-5.5649597e-02;2.6250000e+02;-1.2554284e-02;2.6250000e+02;4.8490018e-02;2.6250000e+02;1.2889554e-01;2.6250000e+02;1.9767450e-01;2.6250000e+02;2.1625596e-01;2.6250000e+02;1.9266149e-01;2.6250000e+02;1.7352949e-01;2.6250000e+02;1.7777416e-01;2.6250000e+02;1.5237752e-01;2.6250000e+02;1.1138207e-01;2.6250000e+02;6.5690808e-02;2.6250000e+02;1.8445879e-02;2.6250000e+02;-3.0296251e-02;2.6250000e+02;-7.8476511e-02;2.6250000e+02;-1.2609315e-01;2.6250000e+02;-8.9132637e-02;2.6250000e+02;-8.3258443e-02;2.6250000e+02;-5.5649597e-02;2.6250000e+02;-1.2554284e-02;2.6250000e+02;4.8490018e-02;2.6250000e+02;1.2889554e-01;2.6250000e+02;1.9767450e-01;2.6250000e+02;2.1625596e-01;2.6250000e+02;1.9266149e-01;2.6250000e+02;1.7352949e-01;2.6250000e+02;1.7777416e-01;2.6250000e+02;1.5237752e-01;2.6250000e+02;1.1138207e-01;2.6250000e+02;6.5690808e-02;2.6250000e+02;1.8445879e-02;2.6250000e+02;-3.0296251e-02;2.6250000e+02;-7.8476511e-02;2.6250000e+02;-1.2609315e-01;2.6250000e+02;-8.9132637e-02;2.6250000e+02;-8.3258443e-02;2.6250000e+02;-5.5649597e-02;2.6250000e+02;-1.2554284e-02;2.6250000e+02;4.8490018e-02;2.6250000e+02;1.2889554e-01;2.6250000e+02;1.9767450e-01;2.6250000e+02;2.1625596e-01;2.6250000e+02;1.9266149e-01;2.6250000e+02;1.7352949e-01;2.6250000e+02;1.7777416e-01;2.6250000e+02;1.5237752e-01;2.6250000e+02;1.1138207e-01;2.6250000e+02;6.5690808e-02;2.6250000e+02;1.8445879e-02;2.6250000e+02;-3.0296251e-02;2.6250000e+02;-7.8476511e-02;2.6250000e+02;-1.2609315e-01;2.6250000e+02;-8.9132637e-02;2.6250000e+02;-8.3258443e-02;2.6250000e+02;-5.5649597e-02;2.6250000e+02;-1.2554284e-02;2.6250000e+02;4.8490018e-02;2.6250000e+02;1.2889554e-01;2.6250000e+02;1.9767450e-01;2.6250000e+02;2.1625596e-01;2.6250000e+02;1.9266149e-01;2.6250000e+02;1.7352949e-01;2.6250000e+02;1.7777416e-01;2.6250000e+02;1.5237752e-01;2.6250000e+02;1.1138207e-01;2.6250000e+02;6.5690808e-02;2.6250000e+02;1.8445879e-02;2.6250000e+02;-3.0296251e-02;2.6250000e+02;-7.8476511e-02;2.6250000e+02;-1.2609315e-01;2.6250000e+02;-8.9132637e-02;2.6250000e+02;-8.3258443e-02;2.6250000e+02;-5.5649597e-02;2.6250000e+02;-1.2554284e-02;2.6250000e+02;4.8490018e-02;2.6250000e+02;1.2889554e-01;2.6250000e+02;1.9767450e-01;2.6250000e+02;2.1625596e-01;2.6250000e+02;1.9266149e-01;2.6250000e+02;1.7352949e-01;2.6250000e+02;1.7777416e-01;2.6250000e+02;1.5237752e-01;2.6250000e+02;1.1138207e-01;2.6250000e+02;6.5690808e-02;2.6250000e+02;1.8445879e-02;2.6250000e+02;-3.0296251e-02;2.6250000e+02;-7.8476511e-02;2.6250000e+02;-1.2609315e-01;2.6250000e+02;-8.9132637e-02;2.6250000e+02;-8.3258443e-02;2.6250000e+02;-5.5649597e-02;2.6250000e+02;-1.2554284e-02;2.6250000e+02;4.8490018e-02;2.6250000e+02;1.2889554e-01;2.6250000e+02;1.9767450e-01;2.6250000e+02;2.1625596e-01;2.6250000e+02;1.9266149e-01;2.6250000e+02;1.7352949e-01;2.6250000e+02;1.7777416e-01;2.6250000e+02;1.5237752e-01;2.6250000e+02;1.1138207e-01;2.6250000e+02;6.5690808e-02;2.6250000e+02;1.8445879e-02;2.6250000e+02;-3.0296251e-02;2.6250000e+02;-7.8476511e-02;2.6250000e+02;-1.2609315e-01;2.6250000e+02;-8.9132637e-02;2.6250000e+02;-8.3258443e-02;2.6250000e+02;-5.5649597e-02;2.6250000e+02;-1.2554284e-02;2.6250000e+02;4.8490018e-02;2.6250000e+02;1.2889554e-01;2.6250000e+02;1.9767450e-01;2.6250000e+02;2.1625596e-01;2.6250000e+02;1.9266149e-01;2.6250000e+02;1.7352949e-01;2.6250000e+02;1.7777416e-01;2.6250000e+02;1.5237752e-01;2.6250000e+02;1.1138207e-01;2.6250000e+02;6.5690808e-02;2.6250000e+02;1.8445879e-02;2.6250000e+02;-3.0296251e-02;2.6250000e+02;-7.8476511e-02;2.6250000e+02;-1.2609315e-01;2.6250000e+02;-8.9132637e-02;2.6250000e+02;-8.3258443e-02;2.6250000e+02;-5.5649597e-02;2.6250000e+02;-1.2554284e-02;2.6250000e+02;4.8490018e-02;2.6250000e+02;1.2889554e-01;2.6250000e+02;1.9767450e-01;2.6250000e+02;2.1625596e-01;2.6250000e+02;1.9266149e-01;2.6250000e+02;1.7352949e-01;2.6250000e+02;1.7777416e-01;2.6250000e+02;1.5237752e-01;2.6250000e+02;1.1138207e-01;2.6250000e+02;6.5690808e-02;2.6250000e+02;1.8445879e-02;2.6250000e+02;-3.0296251e-02;2.6250000e+02;-7.8476511e-02;2.6250000e+02;-1.2609315e-01;2.6250000e+02;-8.9132637e-02;2.6250000e+02;-8.3258443e-02;2.6250000e+02;-5.5649597e-02;2.6250000e+02;-1.2554284e-02;2.6250000e+02;4.8490018e-02;2.6250000e+02;1.2889554e-01;2.6250000e+02;1.9767450e-01;2.6250000e+02;2.1625596e-01;2.6250000e+02;1.9266149e-01;2.6250000e+02;1.7352949e-01;2.6250000e+02;1.7777416e-01;2.6250000e+02;1.5237752e-01;2.6250000e+02;1.1138207e-01;2.6250000e+02;6.5690808e-02;2.6250000e+02;1.8445879e-02;2.6250000e+02;-3.0296251e-02;2.6250000e+02;-7.8476511e-02;2.6250000e+02;-1.2609315e-01;2.6250000e+02;-8.9132637e-02;2.6250000e+02;-8.3258443e-02;2.6250000e+02;-5.5649597e-02;2.6250000e+02;-1.2554284e-02;2.6250000e+02;4.8490018e-02;2.6250000e+02;1.2889554e-01;2.6250000e+02;1.9767450e-01;2.6250000e+02;2.1625596e-01;2.6250000e+02;1.9266149e-01;2.6250000e+02;1.7352949e-01;2.6250000e+02;1.7777416e-01;2.6250000e+02;1.5237752e-01;2.6250000e+02;1.1138207e-01;2.6250000e+02;6.5690808e-02;2.6250000e+02;1.8445879e-02;2.6250000e+02;-3.0296251e-02;2.6250000e+02;-7.8476511e-02;2.6250000e+02;-1.2609315e-01;2.6250000e+02;-8.9132637e-02;2.6250000e+02;-8.3258443e-02;2.6250000e+02;-5.5649597e-02;2.6250000e+02;-1.2554284e-02;2.6250000e+02;4.8490018e-02;2.6250000e+02;1.2889554e-01;2.6250000e+02;1.9767450e-01;2.6250000e+02;2.1625596e-01;2.6250000e+02;1.9266149e-01;2.6250000e+02;1.7352949e-01;2.6250000e+02;1.7777416e-01;2.6250000e+02;1.5237752e-01;2.6250000e+02;1.1138207e-01;2.6250000e+02;6.5690808e-02;2.6250000e+02;1.8445879e-02;2.6250000e+02;-3.0296251e-02;2.6250000e+02;-7.8476511e-02;2.6250000e+02;-1.2609315e-01;2.6250000e+02;-8.9132637e-02;2.6250000e+02;-8.3258443e-02;2.6250000e+02;-5.5649597e-02;2.6250000e+02;-1.2554284e-02;2.6250000e+02;4.8490018e-02;2.6250000e+02;1.2889554e-01;2.6250000e+02;1.9767450e-01;2.6250000e+02;2.1625596e-01;2.6250000e+02;1.9266149e-01;2.6250000e+02;1.7352949e-01;2.6250000e+02;1.7777416e-01;2.6250000e+02;1.5237752e-01;2.6250000e+02;1.1138207e-01;2.6250000e+02;6.5690808e-02;2.6250000e+02;1.8445879e-02;2.6250000e+02;-3.0296251e-02;2.6250000e+02;-7.8476511e-02;2.6250000e+02;-1.2609315e-01;2.6250000e+02;-8.9132637e-02;2.6250000e+02;-8.3258443e-02;2.6250000e+02;-5.5649597e-02;2.6250000e+02;-1.2554284e-02;2.6250000e+02;4.8490018e-02;2.6250000e+02;1.2889554e-01;2.6250000e+02;1.9767450e-01;2.6250000e+02;2.1625596e-01;2.6250000e+02;1.9266149e-01;2.6250000e+02;1.7352949e-01;2.6250000e+02;1.7777416e-01;2.6250000e+02;1.5237752e-01;2.6250000e+02;1.1138207e-01;2.6250000e+02;6.5690808e-02;2.6250000e+02;1.8445879e-02;2.6250000e+02;-3.0296251e-02;2.6250000e+02;-7.8476511e-02;2.6250000e+02;-1.2609315e-01;2.6250000e+02;-8.9132637e-02;2.6250000e+02;-8.3258443e-02;2.6250000e+02;-5.5649597e-02;2.6250000e+02;-1.2554284e-02;2.6250000e+02;4.8490018e-02;2.6250000e+02;1.2889554e-01;2.6250000e+02;1.9767450e-01;2.6250000e+02;2.1625596e-01;2.6250000e+02;1.9266149e-01;2.6250000e+02;1.7352949e-01;2.6250000e+02;1.7777416e-01;2.6250000e+02;1.5237752e-01;2.6250000e+02;1.1138207e-01;2.6250000e+02;6.5690808e-02;2.6250000e+02;1.8445879e-02;2.6250000e+02;-3.0296251e-02;2.6250000e+02;-7.8476511e-02;2.6250000e+02;-1.2609315e-01;2.6250000e+02;-8.9132637e-02;2.6250000e+02;-8.3258443e-02;2.6250000e+02;-5.5649597e-02;2.6250000e+02;-1.2554284e-02;2.6250000e+02;4.8490018e-02;2.6250000e+02;1.2889554e-01;2.6250000e+02;1.9767450e-01;2.6250000e+02;2.1625596e-01;2.6250000e+02;1.9266149e-01;2.6250000e+02;1.7352949e-01;2.6250000e+02;1.7777416e-01;2.6250000e+02;1.5237752e-01;2.6250000e+02;1.1138207e-01;2.6250000e+02;6.5690808e-02;2.6250000e+02;1.8445879e-02;2.6250000e+02;-3.0296251e-02;2.6250000e+02;-7.8476511e-02;2.6250000e+02;-1.2609315e-01;2.6250000e+02;-8.9132637e-02;2.6250000e+02;-8.3258443e-02;2.6250000e+02;-5.5649597e-02;2.6250000e+02;-1.2554284e-02;2.6250000e+02;4.8490018e-02;2.6250000e+02;1.2889554e-01;2.6250000e+02;1.9767450e-01;2.6250000e+02;2.1625596e-01;2.6250000e+02;1.9266149e-01;2.6250000e+02;1.7352949e-01;2.6250000e+02;1.7777416e-01;2.6250000e+02;1.5237752e-01;2.6250000e+02;1.1138207e-01;2.6250000e+02;6.5690808e-02;2.6250000e+02;1.8445879e-02;2.6250000e+02;-3.0296251e-02;2.6250000e+02;-7.8476511e-02;2.6250000e+02;-1.2609315e-01;2.6250000e+02;-8.9132637e-02;2.6250000e+02;-8.3258443e-02;2.6250000e+02;-5.5649597e-02;2.6250000e+02;-1.2554284e-02;2.6250000e+02;4.8490018e-02;2.6250000e+02;1.2889554e-01;2.6250000e+02;1.9767450e-01;2.6250000e+02;2.1625596e-01;2.6250000e+02;1.9266149e-01;2.6250000e+02;1.7352949e-01;2.6250000e+02;1.7777416e-01;2.6250000e+02;1.5237752e-01;2.6250000e+02;1.1138207e-01;2.6250000e+02;6.5690808e-02;2.6250000e+02;1.8445879e-02;2.6250000e+02;-3.0296251e-02;2.6250000e+02;-7.8476511e-02;2.6250000e+02;-1.2609315e-01;2.6250000e+02;-8.9132637e-02;2.6250000e+02;-8.3258443e-02;2.6250000e+02;-5.5649597e-02;2.6250000e+02;-1.2554284e-02;2.6250000e+02;4.8490018e-02;2.6250000e+02;1.2889554e-01;2.6250000e+02;1.9767450e-01;2.6250000e+02;2.1625596e-01;2.6250000e+02;1.9266149e-01;2.6250000e+02;1.7352949e-01;2.6250000e+02;1.7777416e-01;2.6250000e+02;1.5237752e-01;2.6250000e+02;1.1138207e-01;2.6250000e+02;6.5690808e-02;2.6250000e+02;1.8445879e-02;2.6250000e+02;-3.0296251e-02;2.6250000e+02;-7.8476511e-02;2.6250000e+02;-1.2609315e-01;2.6250000e+02;-8.9132637e-02;2.6250000e+02;-8.3258443e-02;2.6250000e+02;-5.5649597e-02;2.6250000e+02;-1.2554284e-02;2.6250000e+02;4.8490018e-02;2.6250000e+02;1.2889554e-01;2.6250000e+02;1.9767450e-01;2.6250000e+02;2.1625596e-01;2.6250000e+02;1.9266149e-01;2.6250000e+02;1.7352949e-01;2.6250000e+02;1.7777416e-01;2.6250000e+02;1.5237752e-01;2.6250000e+02;1.1138207e-01;2.6250000e+02;6.5690808e-02;2.6250000e+02;1.8445879e-02;2.6250000e+02;-3.0296251e-02;2.6250000e+02;-7.8476511e-02;2.6250000e+02;-1.2609315e-01;2.6250000e+02;-8.9132637e-02;2.6250000e+02;-8.3258443e-02;2.6250000e+02;-5.5649597e-02;2.6250000e+02;-1.2554284e-02;2.6250000e+02;4.8490018e-02;2.6250000e+02;1.2889554e-01;2.6250000e+02;1.9767450e-01;2.6250000e+02;2.1625596e-01;2.6250000e+02;1.9266149e-01;2.6250000e+02;1.7352949e-01;2.6250000e+02;1.7777416e-01;2.6250000e+02;1.5237752e-01;2.6250000e+02;1.1138207e-01;2.6250000e+02;6.5690808e-02;2.6250000e+02;1.8445879e-02;2.6250000e+02;-3.0296251e-02;2.6250000e+02;-7.8476511e-02;2.6250000e+02;-1.2609315e-01;2.6250000e+02;-8.9132637e-02;2.6250000e+02;-8.3258443e-02;2.6250000e+02;-5.5649597e-02;2.6250000e+02;-1.2554284e-02;2.6250000e+02;4.8490018e-02;2.6250000e+02;1.2889554e-01;2.6250000e+02;1.9767450e-01;2.6250000e+02;2.1625596e-01;2.6250000e+02;1.9266149e-01;2.6250000e+02;1.7352949e-01;2.6250000e+02;1.7777416e-01;2.6250000e+02;1.5237752e-01;2.6250000e+02;1.1138207e-01;2.6250000e+02;6.5690808e-02;2.6250000e+02;1.8445879e-02;2.6250000e+02;-3.0296251e-02;2.6250000e+02;-7.8476511e-02;2.6250000e+02;-1.2609315e-01;2.6250000e+02;-8.9132637e-02;2.6250000e+02;-8.3258443e-02;2.6250000e+02;-5.5649597e-02;2.6250000e+02;-1.2554284e-02;2.6250000e+02;4.8490018e-02;2.6250000e+02;1.2889554e-01;2.6250000e+02;1.9767450e-01;2.6250000e+02;2.1625596e-01;2.6250000e+02;1.9266149e-01;2.6250000e+02;1.7352949e-01;2.6250000e+02;1.7777416e-01;2.6250000e+02;1.5237752e-01;2.6250000e+02;1.1138207e-01;2.6250000e+02;6.5690808e-02;2.6250000e+02;1.8445879e-02;2.6250000e+02;-3.0296251e-02;2.6250000e+02;-7.8476511e-02;2.6250000e+02;-1.2609315e-01;2.6250000e+02;-8.9132637e-02;2.6250000e+02;-8.3258443e-02;2.6250000e+02;-5.5649597e-02;2.6250000e+02;-1.2554284e-02;2.6250000e+02;4.8490018e-02;2.6250000e+02;1.2889554e-01;2.6250000e+02;1.9767450e-01;2.6250000e+02;2.1625596e-01;2.6250000e+02;1.9266149e-01;2.6250000e+02;1.7352949e-01;2.6250000e+02;1.7777416e-01;2.6250000e+02;1.5237752e-01;2.6250000e+02;1.1138207e-01;2.6250000e+02;6.5690808e-02;2.6250000e+02;1.8445879e-02;2.6250000e+02;-3.0296251e-02;2.6250000e+02;-7.8476511e-02;2.6250000e+02;-1.2609315e-01;2.6250000e+02;-8.9132637e-02;2.6250000e+02;-8.3258443e-02;2.6250000e+02;-5.5649597e-02;2.6250000e+02;-1.2554284e-02;2.6250000e+02;4.8490018e-02;2.6250000e+02;1.2889554e-01;2.6250000e+02;1.9767450e-01;2.6250000e+02;2.1625596e-01;2.6250000e+02;1.9266149e-01;2.6250000e+02;1.7352949e-01;2.6250000e+02;1.7777416e-01;2.6250000e+02;1.5237752e-01;2.6250000e+02;1.1138207e-01;2.6250000e+02;6.5690808e-02;2.6250000e+02;1.8445879e-02;2.6250000e+02;-3.0296251e-02;2.6250000e+02;-7.8476511e-02;2.6250000e+02;-1.2609315e-01;2.6250000e+02;-8.9132637e-02;2.6250000e+02;-8.3258443e-02;2.6250000e+02;-5.5649597e-02;2.6250000e+02;-1.2554284e-02;2.6250000e+02;4.8490018e-02;2.6250000e+02;1.2889554e-01;2.6250000e+02;1.9767450e-01;2.6250000e+02;2.1625596e-01;2.6250000e+02;1.9266149e-01;2.6250000e+02;1.7352949e-01;2.6250000e+02;1.7777416e-01;2.6250000e+02;1.5237752e-01;2.6250000e+02;1.1138207e-01;2.6250000e+02;6.5690808e-02;2.6250000e+02;1.8445879e-02;2.6250000e+02;-3.0296251e-02;2.6250000e+02;-7.8476511e-02;2.6250000e+02;-1.2609315e-01;2.6250000e+02;-8.9132637e-02;2.6250000e+02;-8.3258443e-02;2.6250000e+02;-5.5649597e-02;2.6250000e+02;-1.2554284e-02;2.6250000e+02;4.8490018e-02;2.6250000e+02;1.2889554e-01;2.6250000e+02;1.9767450e-01;2.6250000e+02;2.1625596e-01;2.6250000e+02;1.9266149e-01;2.6250000e+02;1.7352949e-01;2.6250000e+02;1.7777416e-01;2.6250000e+02;1.5237752e-01;2.6250000e+02;1.1138207e-01;2.6250000e+02;6.5690808e-02;2.6250000e+02;1.8445879e-02;2.6250000e+02;-3.0296251e-02;2.6250000e+02;-7.8476511e-02;2.6250000e+02;-1.2609315e-01;2.6250000e+02;-8.9132637e-02;2.6250000e+02;-8.3258443e-02;2.6250000e+02;-5.5649597e-02;2.6250000e+02;-1.2554284e-02;2.6250000e+02;4.8490018e-02;2.6250000e+02;1.2889554e-01;2.6250000e+02;1.9767450e-01;2.6250000e+02;2.1625596e-01;2.6250000e+02;1.9266149e-01;2.6250000e+02;1.7352949e-01;2.6250000e+02;1.7777416e-01;2.6250000e+02;1.5237752e-01;2.6250000e+02;1.1138207e-01;2.6250000e+02;6.5690808e-02;2.6250000e+02;1.8445879e-02;2.6250000e+02;-3.0296251e-02;2.6250000e+02;-7.8476511e-02;2.6250000e+02;-1.2609315e-01;2.6250000e+02;-8.9132637e-02;2.6250000e+02;-8.3258443e-02;2.6250000e+02;-5.5649597e-02;2.6250000e+02;-1.2554284e-02;2.6250000e+02;4.8490018e-02;2.6250000e+02;1.2889554e-01;2.6250000e+02;1.9767450e-01;2.6250000e+02;2.1625596e-01;2.6250000e+02;1.9266149e-01;2.6250000e+02;1.7352949e-01;2.6250000e+02;1.7777416e-01;2.6250000e+02;1.5237752e-01;2.6250000e+02;1.1138207e-01;2.6250000e+02;6.5690808e-02;2.6250000e+02;1.8445879e-02;2.6250000e+02;-3.0296251e-02;2.6250000e+02;-7.8476511e-02;2.6250000e+02;-1.2609315e-01;2.6250000e+02;-8.9132637e-02;2.6250000e+02;-8.3258443e-02;2.6250000e+02;-5.5649597e-02;2.6250000e+02;-1.2554284e-02;2.6250000e+02;4.8490018e-02;2.6250000e+02;1.2889554e-01;2.6250000e+02;1.9767450e-01;2.6250000e+02;2.1625596e-01;2.6250000e+02;1.9266149e-01;2.6250000e+02;1.7352949e-01;2.6250000e+02;1.7777416e-01;2.6250000e+02;1.5237752e-01;2.6250000e+02;1.1138207e-01;2.6250000e+02;6.5690808e-02;2.6250000e+02;1.8445879e-02;2.6250000e+02;-3.0296251e-02;2.6250000e+02;-7.8476511e-02;2.6250000e+02;-1.2609315e-01;2.6250000e+02;-8.9132637e-02;2.6250000e+02;-8.3258443e-02;2.6250000e+02;-5.5649597e-02;2.6250000e+02;-1.2554284e-02;2.6250000e+02;4.8490018e-02;2.6250000e+02;1.2889554e-01;2.6250000e+02;1.9767450e-01;2.6250000e+02;2.1625596e-01;2.6250000e+02;1.9266149e-01;2.6250000e+02;1.7352949e-01;2.6250000e+02;1.7777416e-01;2.6250000e+02;1.5237752e-01;2.6250000e+02;1.1138207e-01;2.6250000e+02;6.5690808e-02;2.6250000e+02;1.8445879e-02;2.6250000e+02;-3.0296251e-02;2.6250000e+02;-7.8476511e-02;2.6250000e+02;-1.2609315e-01;2.6250000e+02;-8.9132637e-02;2.6250000e+02;-8.3258443e-02;2.6250000e+02;-5.5649597e-02;2.6250000e+02;-1.2554284e-02;2.6250000e+02;4.8490018e-02;2.6250000e+02;1.2889554e-01;2.6250000e+02;1.9767450e-01;2.6250000e+02;2.1625596e-01;2.6250000e+02;1.9266149e-01;2.6250000e+02;1.7352949e-01;2.6250000e+02;1.7777416e-01;2.6250000e+02;1.5237752e-01;2.6250000e+02;1.1138207e-01;2.6250000e+02;6.5690808e-02;2.6250000e+02;1.8445879e-02;2.6250000e+02;-3.0296251e-02;2.6250000e+02;-7.8476511e-02;2.6250000e+02;-1.2609315e-01;2.6250000e+02;-8.9132637e-02;2.6250000e+02;-8.3258443e-02;2.6250000e+02;-5.5649597e-02;2.6250000e+02;-1.2554284e-02;2.6250000e+02;4.8490018e-02;2.6250000e+02;1.2889554e-01;2.6250000e+02;1.9767450e-01;2.6250000e+02;2.1625596e-01;2.6250000e+02;1.9266149e-01;2.6250000e+02;1.7352949e-01;2.6250000e+02;1.7777416e-01;2.6250000e+02;1.5237752e-01;2.6250000e+02;1.1138207e-01;2.6250000e+02;6.5690808e-02;2.6250000e+02;1.8445879e-02;2.6250000e+02;-3.0296251e-02;2.6250000e+02;-7.8476511e-02;2.6250000e+02;-1.2609315e-01;2.6250000e+02;-8.9132637e-02;2.6250000e+02;-8.3258443e-02;2.6250000e+02;-5.5649597e-02;2.6250000e+02;-1.2554284e-02;2.6250000e+02;4.8490018e-02;2.6250000e+02;1.2889554e-01;2.6250000e+02;1.9767450e-01;2.6250000e+02;2.1625596e-01;2.6250000e+02;1.9266149e-01;2.6250000e+02;1.7352949e-01;2.6250000e+02;1.7777416e-01;2.6250000e+02;1.5237752e-01;2.6250000e+02;1.1138207e-01;2.6250000e+02;6.5690808e-02;2.6250000e+02;1.8445879e-02;2.6250000e+02;-3.0296251e-02;2.6250000e+02;-7.8476511e-02;2.6250000e+02;-1.2609315e-01;2.6250000e+02;-8.9132637e-02;2.6250000e+02;-8.3258443e-02;2.6250000e+02;-5.5649597e-02;2.6250000e+02;-1.2554284e-02;2.6250000e+02;4.8490018e-02;2.6250000e+02;1.2889554e-01;2.6250000e+02;1.9767450e-01;2.6250000e+02;2.1625596e-01;2.6250000e+02;1.9266149e-01;2.6250000e+02;1.7352949e-01;2.6250000e+02;1.7777416e-01;2.6250000e+02;1.5237752e-01;2.6250000e+02;1.1138207e-01;2.6250000e+02;6.5690808e-02;2.6250000e+02;1.8445879e-02;2.6250000e+02;-3.0296251e-02;2.6250000e+02;-7.8476511e-02;2.6250000e+02;-1.2609315e-01;2.6250000e+02;-8.9132637e-02;2.6250000e+02;-8.3258443e-02;2.6250000e+02;-5.5649597e-02;2.6250000e+02;-1.2554284e-02;2.6250000e+02;4.8490018e-02;2.6250000e+02;1.2889554e-01;2.6250000e+02;1.9767450e-01;2.6250000e+02;2.1625596e-01;2.6250000e+02;1.9266149e-01;2.6250000e+02;1.7352949e-01;2.6250000e+02;1.7777416e-01;2.6250000e+02;1.5237752e-01;2.6250000e+02;1.1138207e-01;2.6250000e+02;6.5690808e-02;2.6250000e+02;1.8445879e-02;2.6250000e+02;-3.0296251e-02;2.6250000e+02;-7.8476511e-02;2.6250000e+02;-1.2609315e-01;2.6250000e+02;-8.9132637e-02;2.6250000e+02;-8.3258443e-02;2.6250000e+02;-5.5649597e-02;2.6250000e+02;-1.2554284e-02;2.6250000e+02;4.8490018e-02;2.6250000e+02;1.2889554e-01;2.6250000e+02;1.9767450e-01;2.6250000e+02;2.1625596e-01;2.6250000e+02;1.9266149e-01;2.6250000e+02;1.7352949e-01;2.6250000e+02;1.7777416e-01;2.6250000e+02;1.5237752e-01;2.6250000e+02;1.1138207e-01;2.6250000e+02;6.5690808e-02;2.6250000e+02;1.8445879e-02;2.6250000e+02;-3.0296251e-02;2.6250000e+02;-7.8476511e-02;2.6250000e+02;-1.2609315e-01;2.6250000e+02;-8.9132637e-02;2.6250000e+02;-8.3258443e-02;2.6250000e+02;-5.5649597e-02;2.6250000e+02;-1.2554284e-02;2.6250000e+02;4.8490018e-02;2.6250000e+02;1.2889554e-01;2.6250000e+02;1.9767450e-01;2.6250000e+02;2.1625596e-01;2.6250000e+02;1.9266149e-01;2.6250000e+02;1.7352949e-01;2.6250000e+02;1.7777416e-01;2.6250000e+02;1.5237752e-01;2.6250000e+02;1.1138207e-01;2.6250000e+02;6.5690808e-02;2.6250000e+02;1.8445879e-02;2.6250000e+02;-3.0296251e-02;2.6250000e+02;-7.8476511e-02;2.6250000e+02;-1.2609315e-01;2.6250000e+02;-8.9132637e-02;2.6250000e+02;-8.3258443e-02;2.6250000e+02;-5.5649597e-02;2.6250000e+02;-1.2554284e-02;2.6250000e+02;4.8490018e-02;2.6250000e+02;1.2889554e-01;2.6250000e+02;1.9767450e-01;2.6250000e+02;2.1625596e-01;2.6250000e+02;1.9266149e-01;2.6250000e+02;1.7352949e-01;2.6250000e+02;1.7777416e-01;2.6250000e+02;1.5237752e-01;2.6250000e+02;1.1138207e-01;2.6250000e+02;6.5690808e-02;2.6250000e+02;1.8445879e-02;2.6250000e+02;-3.0296251e-02;2.6250000e+02;-7.8476511e-02;2.6250000e+02;-1.2609315e-01
2.6750000e+02;-8.2752757e-02;2.6750000e+02;-7.3562697e-02;2.6750000e+02;-3.9544944e-02;2.6750000e+02;1.3399038e-02;2.6750000e+02;8.5174359e-02;2.6750000e+02;1.7103779e-01;2.6750000e+02;2.3423515e-01;2.6750000e+02;2.3884785e-01;2.6750000e+02;2.0493138e-01;2.6750000e+02;1.7792046e-01;2.6750000e+02;1.7474154e-01;2.6750000e+02;1.5329319e-01;2.6750000e+02;1.1325438e-01;2.6750000e+02;6.7858748e-02;2.6750000e+02;2.1074884e-02;2.6750000e+02;-2.6825950e-02;2.6750000e+02;-7.3944859e-02;2.6750000e+02;-1.2152211e-01;2.6750000e+02;-8.2752757e-02;2.6750000e+02;-7.3562697e-02;2.6750000e+02;-3.9544944e-02;2.6750000e+02;1.3399038e-02;2.6750000e+02;8.5174359e-02;2.6750000e+02;1.7103779e-01;2.6750000e+02;2.3423515e-01;2.6750000e+02;2.3884785e-01;2.6750000e+02;2.0493138e-01;2.6750000e+02;1.7792046e-01;2.6750000e+02;1.7474154e-01;2.6750000e+02;1.5329319e-01;2.6750000e+02;1.1325438e-01;2.6750000e+02;6.7858748e-02;2.6750000e+02;2.1074884e-02;2.6750000e+02;-2.6825950e-02;2.6750000e+02;-7.3944859e-02;2.6750000e+02;-1.2152211e-01;2.6750000e+02;-8.2752757e-02;2.6750000e+02;-7.3562697e-02;2.6750000e+02;-3.9544944e-02;2.6750000e+02;1.3399038e-02;2.6750000e+02;8.5174359e-02;2.6750000e+02;1.7103779e-01;2.6750000e+02;2.3423515e-01;2.6750000e+02;2.3884785e-01;2.6750000e+02;2.0493138e-01;2.6750000e+02;1.7792046e-01;2.6750000e+02;1.7474154e-01;2.6750000e+02;1.5329319e-01;2.6750000e+02;1.1325438e-01;2.6750000e+02;6.7858748e-02;2.6750000e+02;2.1074884e-02;2.6750000e+02;-2.6825950e-02;2.6750000e+02;-7.3944859e-02;2.6750000e+02;-1.2152211e-01;2.6750000e+02;-8.2752757e-02;2.6750000e+02;-7.3562697e-02;2.6750000e+02;-3.9544944e-02;2.6750000e+02;1.3399038e-02;2.6750000e+02;8.5174359e-02;2.6750000e+02;1.7103779e-01;2.6750000e+02;2.3423515e-01;2.6750000e+02;2.3884785e-01;2.6750000e+02;2.0493138e-01;2.6750000e+02;1.7792046e-01;2.6750000e+02;1.7474154e-01;2.6750000e+02;1.5329319e-01;2.6750000e+02;1.1325438e-01;2.6750000e+02;6.7858748e-02;2.6750000e+02;2.1074884e-02;2.6750000e+02;-2.6825950e-02;2.6750000e+02;-7.3944859e-02;2.6750000e+02;-1.2152211e-01;2.6750000e+02;-8.2752757e-02;2.6750000e+02;-7.3562697e-02;2.6750000e+02;-3.9544944e-02;2.6750000e+02;1.3399038e-02;2.6750000e+02;8.5174359e-02;2.6750000e+02;1.7103779e-01;2.6750000e+02;2.3423515e-01;2.6750000e+02;2.3884785e-01;2.6750000e+02;2.0493138e-01;2.6750000e+02;1.7792046e-01;2.6750000e+02;1.7474154e-01;2.6750000e+02;1.5329319e-01;2.6750000e+02;1.1325438e-01;2.6750000e+02;6.7858748e-02;2.6750000e+02;2.1074884e-02;2.6750000e+02;-2.6825950e-02;2.6750000e+02;-7.3944859e-02;2.6750000e+02;-1.2152211e-01;2.6750000e+02;-8.2752757e-02;2.6750000e+02;-7.3562697e-02;2.6750000e+02;-3.9544944e-02;2.6750000e+02;1.3399038e-02;2.6750000e+02;8.5174359e-02;2.6750000e+02;1.7103779e-01;2.6750000e+02;2.3423515e-01;2.6750000e+02;2.3884785e-01;2.6750000e+02;2.0493138e-01;2.6750000e+02;1.7792046e-01;2.6750000e+02;1.7474154e-01;2.6750000e+02;1.5329319e-01;2.6750000e+02;1.1325438e-01;2.6750000e+02;6.7858748e-02;2.6750000e+02;2.1074884e-02;2.6750000e+02;-2.6825950e-02;2.6750000e+02;-7.3944859e-02;2.6750000e+02;-1.2152211e-01;2.6750000e+02;-8.2752757e-02;2.6750000e+02;-7.3562697e-02;2.6750000e+02;-3.9544944e-02;2.6750000e+02;1.3399038e-02;2.6750000e+02;8.5174359e-02;2.6750000e+02;1.7103779e-01;2.6750000e+02;2.3423515e-01;2.6750000e+02;2.3884785e-01;2.6750000e+02;2.0493138e-01;2.6750000e+02;1.7792046e-01;2.6750000e+02;1.7474154e-01;2.6750000e+02;1.5329319e-01;2.6750000e+02;1.1325438e-01;2.6750000e+02;6.7858748e-02;2.6750000e+02;2.1074884e-02;2.6750000e+02;-2.6825950e-02;2.6750000e+02;-7.3944859e-02;2.6750000e+02;-1.2152211e-01;2.6750000e+02;-8.2752757e-02;2.6750000e+02;-7.3562697e-02;2.6750000e+02;-3.9544944e-02;2.6750000e+02;1.3399038e-02;2.6750000e+02;8.5174359e-02;2.6750000e+02;1.7103779e-01;2.6750000e+02;2.3423515e-01;2.6750000e+02;2.3884785e-01;2.6750000e+02;2.0493138e-01;2.6750000e+02;1.7792046e-01;2.6750000e+02;1.7474154e-01;2.6750000e+02;1.5329319e-01;2.6750000e+02;1.1325438e-01;2.6750000e+02;6.7858748e-02;2.6750000e+02;2.1074884e-02;2.6750000e+02;-2.6825950e-02;2.6750000e+02;-7.3944859e-02;2.6750000e+02;-1.2152211e-01;2.6750000e+02;-8.2752757e-02;2.6750000e+02;-7.3562697e-02;2.6750000e+02;-3.9544944e-02;2.6750000e+02;1.3399038e-02;2.6750000e+02;8.5174359e-02;2.6750000e+02;1.7103779e-01;2.6750000e+02;2.3423515e-01;2.6750000e+02;2.3884785e-01;2.6750000e+02;2.0493138e-01;2.6750000e+02;1.7792046e-01;2.6750000e+02;1.7474154e-01;2.6750000e+02;1.5329319e-01;2.6750000e+02;1.1325438e-01;2.6750000e+02;6.7858748e-02;2.6750000e+02;2.1074884e-02;2.6750000e+02;-2.6825950e-02;2.6750000e+02;-7.3944859e-02;2.6750000e+02;-1.2152211e-01;2.6750000e+02;-8.2752757e-02;2.6750000e+02;-7.3562697e-02;2.6750000e+02;-3.9544944e-02;2.6750000e+02;1.3399038e-02;2.6750000e+02;8.5174359e-02;2.6750000e+02;1.7103779e-01;2.6750000e+02;2.3423515e-01;2.6750000e+02;2.3884785e-01;2.6750000e+02;2.0493138e-01;2.6750000e+02;1.7792046e-01;2.6750000e+02;1.7474154e-01;2.6750000e+02;1.5329319e-01;2.6750000e+02;1.1325438e-01;2.6750000e+02;6.7858748e-02;2.6750000e+02;2.1074884e-02;2.6750000e+02;-2.6825950e-02;2.6750000e+02;-7.3944859e-02;2.6750000e+02;-1.2152211e-01;2.6750000e+02;-8.2752757e-02;2.6750000e+02;-7.3562697e-02;2.6750000e+02;-3.9544944e-02;2.6750000e+02;1.3399038e-02;2.6750000e+02;8.5174359e-02;2.6750000e+02;1.7103779e-01;2.6750000e+02;2.3423515e-01;2.6750000e+02;2.3884785e-01;2.6750000e+02;2.0493138e-01;2.6750000e+02;1.7792046e-01;2.6750000e+02;1.7474154e-01;2.6750000e+02;1.5329319e-01;2.6750000e+02;1.1325438e-01;2.6750000e+02;6.7858748e-02;2.6750000e+02;2.1074884e-02;2.6750000e+02;-2.6825950e-02;2.6750000e+02;-7.3944859e-02;2.6750000e+02;-1.2152211e-01;2.6750000e+02;-8.2752757e-02;2.6750000e+02;-7.3562697e-02;2.6750000e+02;-3.9544944e-02;2.6750000e+02;1.3399038e-02;2.6750000e+02;8.5174359e-02;2.6750000e+02;1.7103779e-01;2.6750000e+02;2.3423515e-01;2.6750000e+02;2.3884785e-01;2.6750000e+02;2.0493138e-01;2.6750000e+02;1.7792046e-01;2.6750000e+02;1.7474154e-01;2.6750000e+02;1.5329319e-01;2.6750000e+02;1.1325438e-01;2.6750000e+02;6.7858748e-02;2.6750000e+02;2.1074884e-02;2.6750000e+02;-2.6825950e-02;2.6750000e+02;-7.3944859e-02;2.6750000e+02;-1.2152211e-01;2.6750000e+02;-8.2752757e-02;2.6750000e+02;-7.3562697e-02;2.6750000e+02;-3.9544944e-02;2.6750000e+02;1.3399038e-02;2.6750000e+02;8.5174359e-02;2.6750000e+02;1.7103779e-01;2.6750000e+02;2.3423515e-01;2.6750000e+02;2.3884785e-01;2.6750000e+02;2.0493138e-01;2.6750000e+02;1.7792046e-01;2.6750000e+02;1.7474154e-01;2.6750000e+02;1.5329319e-01;2.6750000e+02;1.1325438e-01;2.6750000e+02;6.7858748e-02;2.6750000e+02;2.1074884e-02;2.6750000e+02;-2.6825950e-02;2.6750000e+02;-7.3944859e-02;2.6750000e+02;-1.2152211e-01;2.6750000e+02;-8.2752757e-02;2.6750000e+02;-7.3562697e-02;2.6750000e+02;-3.9544944e-02;2.6750000e+02;1.3399038e-02;2.6750000e+02;8.5174359e-02;2.6750000e+02;1.7103779e-01;2.6750000e+02;2.3423515e-01;2.6750000e+02;2.3884785e-01;2.6750000e+02;2.0493138e-01;2.6750000e+02;1.7792046e-01;2.6750000e+02;1.7474154e-01;2.6750000e+02;1.5329319e-01;2.6750000e+02;1.1325438e-01;2.6750000e+02;6.7858748e-02;2.6750000e+02;2.1074884e-02;2.6750000e+02;-2.6825950e-02;2.6750000e+02;-7.3944859e-02;2.6750000e+02;-1.2152211e-01;2.6750000e+02;-8.2752757e-02;2.6750000e+02;-7.3562697e-02;2.6750000e+02;-3.9544944e-02;2.6750000e+02;1.3399038e-02;2.6750000e+02;8.5174359e-02;2.6750000e+02;1.7103779e-01;2.6750000e+02;2.3423515e-01;2.6750000e+02;2.3884785e-01;2.6750000e+02;2.0493138e-01;2.6750000e+02;1.7792046e-01;2.6750000e+02;1.7474154e-01;2.6750000e+02;1.5329319e-01;2.6750000e+02;1.1325438e-01;2.6750000e+02;6.7858748e-02;2.6750000e+02;2.1074884e-02;2.6750000e+02;-2.6825950e-02;2.6750000e+02;-7.3944859e-02;2.6750000e+02;-1.2152211e-01;2.6750000e+02;-8.2752757e-02;2.6750000e+02;-7.3562697e-02;2.6750000e+02;-3.9544944e-02;2.6750000e+02;1.3399038e-02;2.6750000e+02;8.5174359e-02;2.6750000e+02;1.7103779e-01;2.6750000e+02;2.3423515e-01;2.6750000e+02;2.3884785e-01;2.6750000e+02;2.0493138e-01;2.6750000e+02;1.7792046e-01;2.6750000e+02;1.7474154e-01;2.6750000e+02;1.5329319e-01;2.6750000e+02;1.1325438e-01;2.6750000e+02;6.7858748e-02;2.6750000e+02;2.1074884e-02;2.6750000e+02;-2.6825950e-02;2.6750000e+02;-7.3944859e-02;2.6750000e+02;-1.2152211e-01;2.6750000e+02;-8.2752757e-02;2.6750000e+02;-7.3562697e-02;2.6750000e+02;-3.9544944e-02;2.6750000e+02;1.3399038e-02;2.6750000e+02;8.5174359e-02;2.6750000e+02;1.7103779e-01;2.6750000e+02;2.3423515e-01;2.6750000e+02;2.3884785e-01;2.6750000e+02;2.0493138e-01;2.6750000e+02;1.7792046e-01;2.6750000e+02;1.7474154e-01;2.6750000e+02;1.5329319e-01;2.6750000e+02;1.1325438e-01;2.6750000e+02;6.7858748e-02;2.6750000e+02;2.1074884e-02;2.6750000e+02;-2.6825950e-02;2.6750000e+02;-7.3944859e-02;2.6750000e+02;-1.2152211e-01;2.6750000e+02;-8.2752757e-02;2.6750000e+02;-7.3562697e-02;2.6750000e+02;-3.9544944e-02;2.6750000e+02;1.3399038e-02;2.6750000e+02;8.5174359e-02;2.6750000e+02;1.7103779e-01;2.6750000e+02;2.3423515e-01;2.6750000e+02;2.3884785e-01;2.6750000e+02;2.0493138e-01;2.6750000e+02;1.7792046e-01;2.6750000e+02;1.7474154e-01;2.6750000e+02;1.5329319e-01;2.6750000e+02;1.1325438e-01;2.6750000e+02;6.7858748e-02;2.6750000e+02;2.1074884e-02;2.6750000e+02;-2.6825950e-02;2.6750000e+02;-7.3944859e-02;2.6750000e+02;-1.2152211e-01;2.6750000e+02;-8.2752757e-02;2.6750000e+02;-7.3562697e-02;2.6750000e+02;-3.9544944e-02;2.6750000e+02;1.3399038e-02;2.6750000e+02;8.5174359e-02;2.6750000e+02;1.7103779e-01;2.6750000e+02;2.3423515e-01;2.6750000e+02;2.3884785e-01;2.6750000e+02;2.0493138e-01;2.6750000e+02;1.7792046e-01;2.6750000e+02;1.7474154e-01;2.6750000e+02;1.5329319e-01;2.6750000e+02;1.1325438e-01;2.6750000e+02;6.7858748e-02;2.6750000e+02;2.1074884e-02;2.6750000e+02;-2.6825950e-02;2.6750000e+02;-7.3944859e-02;2.6750000e+02;-1.2152211e-01;2.6750000e+02;-8.2752757e-02;2.6750000e+02;-7.3562697e-02;2.6750000e+02;-3.9544944e-02;2.6750000e+02;1.3399038e-02;2.6750000e+02;8.5174359e-02;2.6750000e+02;1.7103779e-01;2.6750000e+02;2.3423515e-01;2.6750000e+02;2.3884785e-01;2.6750000e+02;2.0493138e-01;2.6750000e+02;1.7792046e-01;2.6750000e+02;1.7474154e-01;2.6750000e+02;1.5329319e-01;2.6750000e+02;1.1325438e-01;2.6750000e+02;6.7858748e-02;2.6750000e+02;2.1074884e-02;2.6750000e+02;-2.6825950e-02;2.6750000e+02;-7.3944859e-02;2.6750000e+02;-1.2152211e-01;2.6750000e+02;-8.2752757e-02;2.6750000e+02;-7.3562697e-02;2.6750000e+02;-3.9544944e-02;2.6750000e+02;1.3399038e-02;2.6750000e+02;8.5174359e-02;2.6750000e+02;1.7103779e-01;2.6750000e+02;2.3423515e-01;2.6750000e+02;2.3884785e-01;2.6750000e+02;2.0493138e-01;2.6750000e+02;1.7792046e-01;2.6750000e+02;1.7474154e-01;2.6750000e+02;1.5329319e-01;2.6750000e+02;1.1325438e-01;2.6750000e+02;6.7858748e-02;2.6750000e+02;2.1074884e-02;2.6750000e+02;-2.6825950e-02;2.6750000e+02;-7.3944859e-02;2.6750000e+02;-1.2152211e-01;2.6750000e+02;-8.2752757e-02;2.6750000e+02;-7.3562697e-02;2.6750000e+02;-3.9544944e-02;2.6750000e+02;1.3399038e-02;2.6750000e+02;8.5174359e-02;2.6750000e+02;1.7103779e-01;2.6750000e+02;2.3423515e-01;2.6750000e+02;2.3884785e-01;2.6750000e+02;2.0493138e-01;2.6750000e+02;1.7792046e-01;2.6750000e+02;1.7474154e-01;2.6750000e+02;1.5329319e-01;2.6750000e+02;1.1325438e-01;2.6750000e+02;6.7858748e-02;2.6750000e+02;2.1074884e-02;2.6750000e+02;-2.6825950e-02;2.6750000e+02;-7.3944859e-02;2.6750000e+02;-1.2152211e-01;2.6750000e+02;-8.2752757e-02;2.6750000e+02;-7.3562697e-02;2.6750000e+02;-3.9544944e-02;2.6750000e+02;1.3399038e-02;2.6750000e+02;8.5174359e-02;2.6750000e+02;1.7103779e-01;2.6750000e+02;2.3423515e-01;2.6750000e+02;2.3884785e-01;2.6750000e+02;2.0493138e-01;2.6750000e+02;1.7792046e-01;2.6750000e+02;1.7474154e-01;2.6750000e+02;1.5329319e-01;2.6750000e+02;1.1325438e-01;2.6750000e+02;6.7858748e-02;2.6750000e+02;2.1074884e-02;2.6750000e+02;-2.6825950e-02;2.6750000e+02;-7.3944859e-02;2.6750000e+02;-1.2152211e-01;2.6750000e+02;-8.2752757e-02;2.6750000e+02;-7.3562697e-02;2.6750000e+02;-3.9544944e-02;2.6750000e+02;1.3399038e-02;2.6750000e+02;8.5174359e-02;2.6750000e+02;1.7103779e-01;2.6750000e+02;2.3423515e-01;2.6750000e+02;2.3884785e-01;2.6750000e+02;2.0493138e-01;2.6750000e+02;1.7792046e-01;2.6750000e+02;1.7474154e-01;2.6750000e+02;1.5329319e-01;2.6750000e+02;1.1325438e-01;2.6750000e+02;6.7858748e-02;2.6750000e+02;2.1074884e-02;2.6750000e+02;-2.6825950e-02;2.6750000e+02;-7.3944859e-02;2.6750000e+02;-1.2152211e-01;2.6750000e+02;-8.2752757e-02;2.6750000e+02;-7.3562697e-02;2.6750000e+02;-3.9544944e-02;2.6750000e+02;1.3399038e-02;2.6750000e+02;8.5174359e-02;2.6750000e+02;1.7103779e-01;2.6750000e+02;2.3423515e-01;2.6750000e+02;2.3884785e-01;2.6750000e+02;2.0493138e-01;2.6750000e+02;1.7792046e-01;2.6750000e+02;1.7474154e-01;2.6750000e+02;1.5329319e-01;2.6750000e+02;1.1325438e-01;2.6750000e+02;6.7858748e-02;2.6750000e+02;2.1074884e-02;2.6750000e+02;-2.6825950e-02;2.6750000e+02;-7.3944859e-02;2.6750000e+02;-1.2152211e-01;2.6750000e+02;-8.2752757e-02;2.6750000e+02;-7.3562697e-02;2.6750000e+02;-3.9544944e-02;2.6750000e+02;1.3399038e-02;2.6750000e+02;8.5174359e-02;2.6750000e+02;1.7103779e-01;2.6750000e+02;2.3423515e-01;2.6750000e+02;2.3884785e-01;2.6750000e+02;2.0493138e-01;2.6750000e+02;1.7792046e-01;2.6750000e+02;1.7474154e-01;2.6750000e+02;1.5329319e-01;2.6750000e+02;1.1325438e-01;2.6750000e+02;6.7858748e-02;2.6750000e+02;2.1074884e-02;2.6750000e+02;-2.6825950e-02;2.6750000e+02;-7.3944859e-02;2.6750000e+02;-1.2152211e-01;2.6750000e+02;-8.2752757e-02;2.6750000e+02;-7.3562697e-02;2.6750000e+02;-3.9544944e-02;2.6750000e+02;1.3399038e-02;2.6750000e+02;8.5174359e-02;2.6750000e+02;1.7103779e-01;2.6750000e+02;2.3423515e-01;2.6750000e+02;2.3884785e-01;2.6750000e+02;2.0493138e-01;2.6750000e+02;1.7792046e-01;2.6750000e+02;1.7474154e-01;2.6750000e+02;1.5329319e-01;2.6750000e+02;1.1325438e-01;2.6750000e+02;6.7858748e-02;2.6750000e+02;2.1074884e-02;2.6750000e+02;-2.6825950e-02;2.6750000e+02;-7.3944859e-02;2.6750000e+02;-1.2152211e-01;2.6750000e+02;-8.2752757e-02;2.6750000e+02;-7.3562697e-02;2.6750000e+02;-3.9544944e-02;2.6750000e+02;1.3399038e-02;2.6750000e+02;8.5174359e-02;2.6750000e+02;1.7103779e-01;2.6750000e+02;2.3423515e-01;2.6750000e+02;2.3884785e-01;2.6750000e+02;2.0493138e-01;2.6750000e+02;1.7792046e-01;2.6750000e+02;1.7474154e-01;2.6750000e+02;1.5329319e-01;2.6750000e+02;1.1325438e-01;2.6750000e+02;6.7858748e-02;2.6750000e+02;2.1074884e-02;2.6750000e+02;-2.6825950e-02;2.6750000e+02;-7.3944859e-02;2.6750000e+02;-1.2152211e-01;2.6750000e+02;-8.2752757e-02;2.6750000e+02;-7.3562697e-02;2.6750000e+02;-3.9544944e-02;2.6750000e+02;1.3399038e-02;2.6750000e+02;8.5174359e-02;2.6750000e+02;1.7103779e-01;2.6750000e+02;2.3423515e-01;2.6750000e+02;2.3884785e-01;2.6750000e+02;2.0493138e-01;2.6750000e+02;1.7792046e-01;2.6750000e+02;1.7474154e-01;2.6750000e+02;1.5329319e-01;2.6750000e+02;1.1325438e-01;2.6750000e+02;6.7858748e-02;2.6750000e+02;2.1074884e-02;2.6750000e+02;-2.6825950e-02;2.6750000e+02;-7.3944859e-02;2.6750000e+02;-1.2152211e-01;2.6750000e+02;-8.2752757e-02;2.6750000e+02;-7.3562697e-02;2.6750000e+02;-3.9544944e-02;2.6750000e+02;1.3399038e-02;2.6750000e+02;8.5174359e-02;2.6750000e+02;1.7103779e-01;2.6750000e+02;2.3423515e-01;2.6750000e+02;2.3884785e-01;2.6750000e+02;2.0493138e-01;2.6750000e+02;1.7792046e-01;2.6750000e+02;1.7474154e-01;2.6750000e+02;1.5329319e-01;2.6750000e+02;1.1325438e-01;2.6750000e+02;6.7858748e-02;2.6750000e+02;2.1074884e-02;2.6750000e+02;-2.6825950e-02;2.6750000e+02;-7.3944859e-02;2.6750000e+02;-1.2152211e-01;2.6750000e+02;-8.2752757e-02;2.6750000e+02;-7.3562697e-02;2.6750000e+02;-3.9544944e-02;2.6750000e+02;1.3399038e-02;2.6750000e+02;8.5174359e-02;2.6750000e+02;1.7103779e-01;2.6750000e+02;2.3423515e-01;2.6750000e+02;2.3884785e-01;2.6750000e+02;2.0493138e-01;2.6750000e+02;1.7792046e-01;2.6750000e+02;1.7474154e-01;2.6750000e+02;1.5329319e-01;2.6750000e+02;1.1325438e-01;2.6750000e+02;6.7858748e-02;2.6750000e+02;2.1074884e-02;2.6750000e+02;-2.6825950e-02;2.6750000e+02;-7.3944859e-02;2.6750000e+02;-1.2152211e-01;2.6750000e+02;-8.2752757e-02;2.6750000e+02;-7.3562697e-02;2.6750000e+02;-3.9544944e-02;2.6750000e+02;1.3399038e-02;2.6750000e+02;8.5174359e-02;2.6750000e+02;1.7103779e-01;2.6750000e+02;2.3423515e-01;2.6750000e+02;2.3884785e-01;2.6750000e+02;2.0493138e-01;2.6750000e+02;1.7792046e-01;2.6750000e+02;1.7474154e-01;2.6750000e+02;1.5329319e-01;2.6750000e+02;1.1325438e-01;2.6750000e+02;6.7858748e-02;2.6750000e+02;2.1074884e-02;2.6750000e+02;-2.6825950e-02;2.6750000e+02;-7.3944859e-02;2.6750000e+02;-1.2152211e-01;2.6750000e+02;-8.2752757e-02;2.6750000e+02;-7.3562697e-02;2.6750000e+02;-3.9544944e-02;2.6750000e+02;1.3399038e-02;2.6750000e+02;8.5174359e-02;2.6750000e+02;1.7103779e-01;2.6750000e+02;2.3423515e-01;2.6750000e+02;2.3884785e-01;2.6750000e+02;2.0493138e-01;2.6750000e+02;1.7792046e-01;2.6750000e+02;1.7474154e-01;2.6750000e+02;1.5329319e-01;2.6750000e+02;1.1325438e-01;2.6750000e+02;6.7858748e-02;2.6750000e+02;2.1074884e-02;2.6750000e+02;-2.6825950e-02;2.6750000e+02;-7.3944859e-02;2.6750000e+02;-1.2152211e-01;2.6750000e+02;-8.2752757e-02;2.6750000e+02;-7.3562697e-02;2.6750000e+02;-3.9544944e-02;2.6750000e+02;1.3399038e-02;2.6750000e+02;8.5174359e-02;2.6750000e+02;1.7103779e-01;2.6750000e+02;2.3423515e-01;2.6750000e+02;2.3884785e-01;2.6750000e+02;2.0493138e-01;2.6750000e+02;1.7792046e-01;2.6750000e+02;1.7474154e-01;2.6750000e+02;1.5329319e-01;2.6750000e+02;1.1325438e-01;2.6750000e+02;6.7858748e-02;2.6750000e+02;2.1074884e-02;2.6750000e+02;-2.6825950e-02;2.6750000e+02;-7.3944859e-02;2.6750000e+02;-1.2152211e-01;2.6750000e+02;-8.2752757e-02;2.6750000e+02;-7.3562697e-02;2.6750000e+02;-3.9544944e-02;2.6750000e+02;1.3399038e-02;2.6750000e+02;8.5174359e-02;2.6750000e+02;1.7103779e-01;2.6750000e+02;2.3423515e-01;2.6750000e+02;2.3884785e-01;2.6750000e+02;2.0493138e-01;2.6750000e+02;1.7792046e-01;2.6750000e+02;1.7474154e-01;2.6750000e+02;1.5329319e-01;2.6750000e+02;1.1325438e-01;2.6750000e+02;6.7858748e-02;2.6750000e+02;2.1074884e-02;2.6750000e+02;-2.6825950e-02;2.6750000e+02;-7.3944859e-02;2.6750000e+02;-1.2152211e-01;2.6750000e+02;-8.2752757e-02;2.6750000e+02;-7.3562697e-02;2.6750000e+02;-3.9544944e-02;2.6750000e+02;1.3399038e-02;2.6750000e+02;8.5174359e-02;2.6750000e+02;1.7103779e-01;2.6750000e+02;2.3423515e-01;2.6750000e+02;2.3884785e-01;2.6750000e+02;2.0493138e-01;2.6750000e+02;1.7792046e-01;2.6750000e+02;1.7474154e-01;2.6750000e+02;1.5329319e-01;2.6750000e+02;1.1325438e-01;2.6750000e+02;6.7858748e-02;2.6750000e+02;2.1074884e-02;2.6750000e+02;-2.6825950e-02;2.6750000e+02;-7.3944859e-02;2.6750000e+02;-1.2152211e-01;2.6750000e+02;-8.2752757e-02;2.6750000e+02;-7.3562697e-02;2.6750000e+02;-3.9544944e-02;2.6750000e+02;1.3399038e-02;2.6750000e+02;8.5174359e-02;2.6750000e+02;1.7103779e-01;2.6750000e+02;2.3423515e-01;2.6750000e+02;2.3884785e-01;2.6750000e+02;2.0493138e-01;2.6750000e+02;1.7792046e-01;2.6750000e+02;1.7474154e-01;2.6750000e+02;1.5329319e-01;2.6750000e+02;1.1325438e-01;2.6750000e+02;6.7858748e-02;2.6750000e+02;2.1074884e-02;2.6750000e+02;-2.6825950e-02;2.6750000e+02;-7.3944859e-02;2.6750000e+02;-1.2152211e-01;2.6750000e+02;-8.2752757e-02;2.6750000e+02;-7.3562697e-02;2.6750000e+02;-3.9544944e-02;2.6750000e+02;1.3399038e-02;2.6750000e+02;8.5174359e-02;2.6750000e+02;1.7103779e-01;2.6750000e+02;2.3423515e-01;2.6750000e+02;2.3884785e-01;2.6750000e+02;2.0493138e-01;2.6750000e+02;1.7792046e-01;2.6750000e+02;1.7474154e-01;2.6750000e+02;1.5329319e-01;2.6750000e+02;1.1325438e-01;2.6750000e+02;6.7858748e-02;2.6750000e+02;2.1074884e-02;2.6750000e+02;-2.6825950e-02;2.6750000e+02;-7.3944859e-02;2.6750000e+02;-1.2152211e-01;2.6750000e+02;-8.2752757e-02;2.6750000e+02;-7.3562697e-02;2.6750000e+02;-3.9544944e-02;2.6750000e+02;1.3399038e-02;2.6750000e+02;8.5174359e-02;2.6750000e+02;1.7103779e-01;2.6750000e+02;2.3423515e-01;2.6750000e+02;2.3884785e-01;2.6750000e+02;2.0493138e-01;2.6750000e+02;1.7792046e-01;2.6750000e+02;1.7474154e-01;2.6750000e+02;1.5329319e-01;2.6750000e+02;1.1325438e-01;2.6750000e+02;6.7858748e-02;2.6750000e+02;2.1074884e-02;2.6750000e+02;-2.6825950e-02;2.6750000e+02;-7.3944859e-02;2.6750000e+02;-1.2152211e-01;2.6750000e+02;-8.2752757e-02;2.6750000e+02;-7.3562697e-02;2.6750000e+02;-3.9544944e-02;2.6750000e+02;1.3399038e-02;2.6750000e+02;8.5174359e-02;2.6750000e+02;1.7103779e-01;2.6750000e+02;2.3423515e-01;2.6750000e+02;2.3884785e-01;2.6750000e+02;2.0493138e-01;2.6750000e+02;1.7792046e-01;2.6750000e+02;1.7474154e-01;2.6750000e+02;1.5329319e-01;2.6750000e+02;1.1325438e-01;2.6750000e+02;6.7858748e-02;2.6750000e+02;2.1074884e-02;2.6750000e+02;-2.6825950e-02;2.6750000e+02;-7.3944859e-02;2.6750000e+02;-1.2152211e-01;2.6750000e+02;-8.2752757e-02;2.6750000e+02;-7.3562697e-02;2.6750000e+02;-3.9544944e-02;2.6750000e+02;1.3399038e-02;2.6750000e+02;8.5174359e-02;2.6750000e+02;1.7103779e-01;2.6750000e+02;2.3423515e-01;2.6750000e+02;2.3884785e-01;2.6750000e+02;2.0493138e-01;2.6750000e+02;1.7792046e-01;2.6750000e+02;1.7474154e-01;2.6750000e+02;1.5329319e-01;2.6750000e+02;1.1325438e-01;2.6750000e+02;6.7858748e-02;2.6750000e+02;2.1074884e-02;2.6750000e+02;-2.6825950e-02;2.6750000e+02;-7.3944859e-02;2.6750000e+02;-1.2152211e-01;2.6750000e+02;-8.2752757e-02;2.6750000e+02;-7.3562697e-02;2.6750000e+02;-3.9544944e-02;2.6750000e+02;1.3399038e-02;2.6750000e+02;8.5174359e-02;2.6750000e+02;1.7103779e-01;2.6750000e+02;2.3423515e-01;2.6750000e+02;2.3884785e-01;2.6750000e+02;2.0493138e-01;2.6750000e+02;1.7792046e-01;2.6750000e+02;1.7474154e-01;2.6750000e+02;1.5329319e-01;2.6750000e+02;1.1325438e-01;2.6750000e+02;6.7858748e-02;2.6750000e+02;2.1074884e-02;2.6750000e+02;-2.6825950e-02;2.6750000e+02;-7.3944859e-02;2.6750000e+02;-1.2152211e-01;2.6750000e+02;-8.2752757e-02;2.6750000e+02;-7.3562697e-02;2.6750000e+02;-3.9544944e-02;2.6750000e+02;1.3399038e-02;2.6750000e+02;8.5174359e-02;2.6750000e+02;1.7103779e-01;2.6750000e+02;2.3423515e-01;2.6750000e+02;2.3884785e-01;2.6750000e+02;2.0493138e-01;2.6750000e+02;1.7792046e-01;2.6750000e+02;1.7474154e-01;2.6750000e+02;1.5329319e-01;2.6750000e+02;1.1325438e-01;2.6750000e+02;6.7858748e-02;2.6750000e+02;2.1074884e-02;2.6750000e+02;-2.6825950e-02;2.6750000e+02;-7.3944859e-02;2.6750000e+02;-1.2152211e-01;2.6750000e+02;-8.2752757e-02;2.6750000e+02;-7.3562697e-02;2.6750000e+02;-3.9544944e-02;2.6750000e+02;1.3399038e-02;2.6750000e+02;8.5174359e-02;2.6750000e+02;1.7103779e-01;2.6750000e+02;2.3423515e-01;2.6750000e+02;2.3884785e-01;2.6750000e+02;2.0493138e-01;2.6750000e+02;1.7792046e-01;2.6750000e+02;1.7474154e-01;2.6750000e+02;1.5329319e-01;2.6750000e+02;1.1325438e-01;2.6750000e+02;6.7858748e-02;2.6750000e+02;2.1074884e-02;2.6750000e+02;-2.6825950e-02;2.6750000e+02;-7.3944859e-02;2.6750000e+02;-1.2152211e-01;2.6750000e+02;-8.2752757e-02;2.6750000e+02;-7.3562697e-02;2.6750000e+02;-3.9544944e-02;2.6750000e+02;1.3399038e-02;2.6750000e+02;8.5174359e-02;2.6750000e+02;1.7103779e-01;2.6750000e+02;2.3423515e-01;2.6750000e+02;2.3884785e-01;2.6750000e+02;2.0493138e-01;2.6750000e+02;1.7792046e-01;2.6750000e+02;1.7474154e-01;2.6750000e+02;1.5329319e-01;2.6750000e+02;1.1325438e-01;2.6750000e+02;6.7858748e-02;2.6750000e+02;2.1074884e-02;2.6750000e+02;-2.6825950e-02;2.6750000e+02;-7.3944859e-02;2.6750000e+02;-1.2152211e-01;2.6750000e+02;-8.2752757e-02;2.6750000e+02;-7.3562697e-02;2.6750000e+02;-3.9544944e-02;2.6750000e+02;1.3399038e-02;2.6750000e+02;8.5174359e-02;2.6750000e+02;1.7103779e-01;2.6750000e+02;2.3423515e-01;2.6750000e+02;2.3884785e-01;2.6750000e+02;2.0493138e-01;2.6750000e+02;1.7792046e-01;2.6750000e+02;1.7474154e-01;2.6750000e+02;1.5329319e-01;2.6750000e+02;1.1325438e-01;2.6750000e+02;6.7858748e-02;2.6750000e+02;2.1074884e-02;2.6750000e+02;-2.6825950e-02;2.6750000e+02;-7.3944859e-02;2.6750000e+02;-1.2152211e-01;2.6750000e+02;-8.2752757e-02;2.6750000e+02;-7.3562697e-02;2.6750000e+02;-3.9544944e-02;2.6750000e+02;1.3399038e-02;2.6750000e+02;8.5174359e-02;2.6750000e+02;1.7103779e-01;2.6750000e+02;2.3423515e-01;2.6750000e+02;2.3884785e-01;2.6750000e+02;2.0493138e-01;2.6750000e+02;1.7792046e-01;2.6750000e+02;1.7474154e-01;2.6750000e+02;1.5329319e-01;2.6750000e+02;1.1325438e-01;2.6750000e+02;6.7858748e-02;2.6750000e+02;2.1074884e-02;2.6750000e+02;-2.6825950e-02;2.6750000e+02;-7.3944859e-02;2.6750000e+02;-1.2152211e-01;2.6750000e+02;-8.2752757e-02;2.6750000e+02;-7.3562697e-02;2.6750000e+02;-3.9544944e-02;2.6750000e+02;1.3399038e-02;2.6750000e+02;8.5174359e-02;2.6750000e+02;1.7103779e-01;2.6750000e+02;2.3423515e-01;2.6750000e+02;2.3884785e-01;2.6750000e+02;2.0493138e-01;2.6750000e+02;1.7792046e-01;2.6750000e+02;1.7474154e-01;2.6750000e+02;1.5329319e-01;2.6750000e+02;1.1325438e-01;2.6750000e+02;6.7858748e-02;2.6750000e+02;2.1074884e-02;2.6750000e+02;-2.6825950e-02;2.6750000e+02;-7.3944859e-02;2.6750000e+02;-1.2152211e-01;2.6750000e+02;-8.2752757e-02;2.6750000e+02;-7.3562697e-02;2.6750000e+02;-3.9544944e-02;2.6750000e+02;1.3399038e-02;2.6750000e+02;8.5174359e-02;2.6750000e+02;1.7103779e-01;2.6750000e+02;2.3423515e-01;2.6750000e+02;2.3884785e-01;2.6750000e+02;2.0493138e-01;2.6750000e+02;1.7792046e-01;2.6750000e+02;1.7474154e-01;2.6750000e+02;1.5329319e-01;2.6750000e+02;1.1325438e-01;2.6750000e+02;6.7858748e-02;2.6750000e+02;2.1074884e-02;2.6750000e+02;-2.6825950e-02;2.6750000e+02;-7.3944859e-02;2.6750000e+02;-1.2152211e-01;2.6750000e+02;-8.2752757e-02;2.6750000e+02;-7.3562697e-02;2.6750000e+02;-3.9544944e-02;2.6750000e+02;1.3399038e-02;2.6750000e+02;8.5174359e-02;2.6750000e+02;1.7103779e-01;2.6750000e+02;2.3423515e-01;2.6750000e+02;2.3884785e-01;2.6750000e+02;2.0493138e-01;2.6750000e+02;1.7792046e-01;2.6750000e+02;1.7474154e-01;2.6750000e+02;1.5329319e-01;2.6750000e+02;1.1325438e-01;2.6750000e+02;6.7858748e-02;2.6750000e+02;2.1074884e-02;2.6750000e+02;-2.6825950e-02;2.6750000e+02;-7.3944859e-02;2.6750000e+02;-1.2152211e-01;2.6750000e+02;-8.2752757e-02;2.6750000e+02;-7.3562697e-02;2.6750000e+02;-3.9544944e-02;2.6750000e+02;1.3399038e-02;2.6750000e+02;8.5174359e-02;2.6750000e+02;1.7103779e-01;2.6750000e+02;2.3423515e-01;2.6750000e+02;2.3884785e-01;2.6750000e+02;2.0493138e-01;2.6750000e+02;1.7792046e-01;2.6750000e+02;1.7474154e-01;2.6750000e+02;1.5329319e-01;2.6750000e+02;1.1325438e-01;2.6750000e+02;6.7858748e-02;2.6750000e+02;2.1074884e-02;2.6750000e+02;-2.6825950e-02;2.6750000e+02;-7.3944859e-02;2.6750000e+02;-1.2152211e-01;2.6750000e+02;-8.2752757e-02;2.6750000e+02;-7.3562697e-02;2.6750000e+02;-3.9544944e-02;2.6750000e+02;1.3399038e-02;2.6750000e+02;8.5174359e-02;2.6750000e+02;1.7103779e-01;2.6750000e+02;2.3423515e-01;2.6750000e+02;2.3884785e-01;2.6750000e+02;2.0493138e-01;2.6750000e+02;1.7792046e-01;2.6750000e+02;1.7474154e-01;2.6750000e+02;1.5329319e-01;2.6750000e+02;1.1325438e-01;2.6750000e+02;6.7858748e-02;2.6750000e+02;2.1074884e-02;2.6750000e+02;-2.6825950e-02;2.6750000e+02;-7.3944859e-02;2.6750000e+02;-1.2152211e-01;2.6750000e+02;-8.2752757e-02;2.6750000e+02;-7.3562697e-02;2.6750000e+02;-3.9544944e-02;2.6750000e+02;1.3399038e-02;2.6750000e+02;8.5174359e-02;2.6750000e+02;1.7103779e-01;2.6750000e+02;2.3423515e-01;2.6750000e+02;2.3884785e-01;2.6750000e+02;2.0493138e-01;2.6750000e+02;1.7792046e-01;2.6750000e+02;1.7474154e-01;2.6750000e+02;1.5329319e-01;2.6750000e+02;1.1325438e-01;2.6750000e+02;6.7858748e-02;2.6750000e+02;2.1074884e-02;2.6750000e+02;-2.6825950e-02;2.6750000e+02;-7.3944859e-02;2.6750000e+02;-1.2152211e-01;2.6750000e+02;-8.2752757e-02;2.6750000e+02;-7.3562697e-02;2.6750000e+02;-3.9544944e-02;2.6750000e+02;1.3399038e-02;2.6750000e+02;8.5174359e-02;2.6750000e+02;1.7103779e-01;2.6750000e+02;2.3423515e-01;2.6750000e+02;2.3884785e-01;2.6750000e+02;2.0493138e-01;2.6750000e+02;1.7792046e-01;2.6750000e+02;1.7474154e-01;2.6750000e+02;1.5329319e-01;2.6750000e+02;1.1325438e-01;2.6750000e+02;6.7858748e-02;2.6750000e+02;2.1074884e-02;2.6750000e+02;-2.6825950e-02;2.6750000e+02;-7.3944859e-02;2.6750000e+02;-1.2152211e-01;2.6750000e+02;-8.2752757e-02;2.6750000e+02;-7.3562697e-02;2.6750000e+02;-3.9544944e-02;2.6750000e+02;1.3399038e-02;2.6750000e+02;8.5174359e-02;2.6750000e+02;1.7103779e-01;2.6750000e+02;2.3423515e-01;2.6750000e+02;2.3884785e-01;2.6750000e+02;2.0493138e-01;2.6750000e+02;1.7792046e-01;2.6750000e+02;1.7474154e-01;2.6750000e+02;1.5329319e-01;2.6750000e+02;1.1325438e-01;2.6750000e+02;6.7858748e-02;2.6750000e+02;2.1074884e-02;2.6750000e+02;-2.6825950e-02;2.6750000e+02;-7.3944859e-02;2.6750000e+02;-1.2152211e-01;2.6750000e+02;-8.2752757e-02;2.6750000e+02;-7.3562697e-02;2.6750000e+02;-3.9544944e-02;2.6750000e+02;1.3399038e-02;2.6750000e+02;8.5174359e-02;2.6750000e+02;1.7103779e-01;2.6750000e+02;2.3423515e-01;2.6750000e+02;2.3884785e-01;2.6750000e+02;2.0493138e-01;2.6750000e+02;1.7792046e-01;2.6750000e+02;1.7474154e-01;2.6750000e+02;1.5329319e-01;2.6750000e+02;1.1325438e-01;2.6750000e+02;6.7858748e-02;2.6750000e+02;2.1074884e-02;2.6750000e+02;-2.6825950e-02;2.6750000e+02;-7.3944859e-02;2.6750000e+02;-1.2152211e-01;2.6750000e+02;-8.2752757e-02;2.6750000e+02;-7.3562697e-02;2.6750000e+02;-3.9544944e-02;2.6750000e+02;1.3399038e-02;2.6750000e+02;8.5174359e-02;2.6750000e+02;1.7103779e-01;2.6750000e+02;2.3423515e-01;2.6750000e+02;2.3884785e-01;2.6750000e+02;2.0493138e-01;2.6750000e+02;1.7792046e-01;2.6750000e+02;1.7474154e-01;2.6750000e+02;1.5329319e-01;2.6750000e+02;1.1325438e-01;2.6750000e+02;6.7858748e-02;2.6750000e+02;2.1074884e-02;2.6750000e+02;-2.6825950e-02;2.6750000e+02;-7.3944859e-02;2.6750000e+02;-1.2152211e-01;2.6750000e+02;-8.2752757e-02;2.6750000e+02;-7.3562697e-02;2.6750000e+02;-3.9544944e-02;2.6750000e+02;1.3399038e-02;2.6750000e+02;8.5174359e-02;2.6750000e+02;1.7103779e-01;2.6750000e+02;2.3423515e-01;2.6750000e+02;2.3884785e-01;2.6750000e+02;2.0493138e-01;2.6750000e+02;1.7792046e-01;2.6750000e+02;1.7474154e-01;2.6750000e+02;1.5329319e-01;2.6750000e+02;1.1325438e-01;2.6750000e+02;6.7858748e-02;2.6750000e+02;2.1074884e-02;2.6750000e+02;-2.6825950e-02;2.6750000e+02;-7.3944859e-02;2.6750000e+02;-1.2152211e-01;2.6750000e+02;-8.2752757e-02;2.6750000e+02;-7.3562697e-02;2.6750000e+02;-3.9544944e-02;2.6750000e+02;1.3399038e-02;2.6750000e+02;8.5174359e-02;2.6750000e+02;1.7103779e-01;2.6750000e+02;2.3423515e-01;2.6750000e+02;2.3884785e-01;2.6750000e+02;2.0493138e-01;2.6750000e+02;1.7792046e-01;2.6750000e+02;1.7474154e-01;2.6750000e+02;1.5329319e-01;2.6750000e+02;1.1325438e-01;2.6750000e+02;6.7858748e-02;2.6750000e+02;2.1074884e-02;2.6750000e+02;-2.6825950e-02;2.6750000e+02;-7.3944859e-02;2.6750000e+02;-1.2152211e-01;2.6750000e+02;-8.2752757e-02;2.6750000e+02;-7.3562697e-02;2.6750000e+02;-3.9544944e-02;2.6750000e+02;1.3399038e-02;2.6750000e+02;8.5174359e-02;2.6750000e+02;1.7103779e-01;2.6750000e+02;2.3423515e-01;2.6750000e+02;2.3884785e-01;2.6750000e+02;2.0493138e-01;2.6750000e+02;1.7792046e-01;2.6750000e+02;1.7474154e-01;2.6750000e+02;1.5329319e-01;2.6750000e+02;1.1325438e-01;2.6750000e+02;6.7858748e-02;2.6750000e+02;2.1074884e-02;2.6750000e+02;-2.6825950e-02;2.6750000e+02;-7.3944859e-02;2.6750000e+02;-1.2152211e-01;2.6750000e+02;-8.2752757e-02;2.6750000e+02;-7.3562697e-02;2.6750000e+02;-3.9544944e-02;2.6750000e+02;1.3399038e-02;2.6750000e+02;8.5174359e-02;2.6750000e+02;1.7103779e-01;2.6750000e+02;2.3423515e-01;2.6750000e+02;2.3884785e-01;2.6750000e+02;2.0493138e-01;2.6750000e+02;1.7792046e-01;2.6750000e+02;1.7474154e-01;2.6750000e+02;1.5329319e-01;2.6750000e+02;1.1325438e-01;2.6750000e+02;6.7858748e-02;2.6750000e+02;2.1074884e-02;2.6750000e+02;-2.6825950e-02;2.6750000e+02;-7.3944859e-02;2.6750000e+02;-1.2152211e-01;2.6750000e+02;-8.2752757e-02;2.6750000e+02;-7.3562697e-02;2.6750000e+02;-3.9544944e-02;2.6750000e+02;1.3399038e-02;2.6750000e+02;8.5174359e-02;2.6750000e+02;1.7103779e-01;2.6750000e+02;2.3423515e-01;2.6750000e+02;2.3884785e-01;2.6750000e+02;2.0493138e-01;2.6750000e+02;1.7792046e-01;2.6750000e+02;1.7474154e-01;2.6750000e+02;1.5329319e-01;2.6750000e+02;1.1325438e-01;2.6750000e+02;6.7858748e-02;2.6750000e+02;2.1074884e-02;2.6750000e+02;-2.6825950e-02;2.6750000e+02;-7.3944859e-02;2.6750000e+02;-1.2152211e-01;2.6750000e+02;-8.2752757e-02;2.6750000e+02;-7.3562697e-02;2.6750000e+02;-3.9544944e-02;2.6750000e+02;1.3399038e-02;2.6750000e+02;8.5174359e-02;2.6750000e+02;1.7103779e-01;2.6750000e+02;2.3423515e-01;2.6750000e+02;2.3884785e-01;2.6750000e+02;2.0493138e-01;2.6750000e+02;1.7792046e-01;2.6750000e+02;1.7474154e-01;2.6750000e+02;1.5329319e-01;2.6750000e+02;1.1325438e-01;2.6750000e+02;6.7858748e-02;2.6750000e+02;2.1074884e-02;2.6750000e+02;-2.6825950e-02;2.6750000e+02;-7.3944859e-02;2.6750000e+02;-1.2152211e-01;2.6750000e+02;-8.2752757e-02;2.6750000e+02;-7.3562697e-02;2.6750000e+02;-3.9544944e-02;2.6750000e+02;1.3399038e-02;2.6750000e+02;8.5174359e-02;2.6750000e+02;1.7103779e-01;2.6750000e+02;2.3423515e-01;2.6750000e+02;2.3884785e-01;2.6750000e+02;2.0493138e-01;2.6750000e+02;1.7792046e-01;2.6750000e+02;1.7474154e-01;2.6750000e+02;1.5329319e-01;2.6750000e+02;1.1325438e-01;2.6750000e+02;6.7858748e-02;2.6750000e+02;2.1074884e-02;2.6750000e+02;-2.6825950e-02;2.6750000e+02;-7.3944859e-02;2.6750000e+02;-1.2152211e-01;2.6750000e+02;-8.2752757e-02;2.6750000e+02;-7.3562697e-02;2.6750000e+02;-3.9544944e-02;2.6750000e+02;1.3399038e-02;2.6750000e+02;8.5174359e-02;2.6750000e+02;1.7103779e-01;2.6750000e+02;2.3423515e-01;2.6750000e+02;2.3884785e-01;2.6750000e+02;2.0493138e-01;2.6750000e+02;1.7792046e-01;2.6750000e+02;1.7474154e-01;2.6750000e+02;1.5329319e-01;2.6750000e+02;1.1325438e-01;2.6750000e+02;6.7858748e-02;2.6750000e+02;2.1074884e-02;2.6750000e+02;-2.6825950e-02;2.6750000e+02;-7.3944859e-02;2.6750000e+02;-1.2152211e-01;2.6750000e+02;-8.2752757e-02;2.6750000e+02;-7.3562697e-02;2.6750000e+02;-3.9544944e-02;2.6750000e+02;1.3399038e-02;2.6750000e+02;8.5174359e-02;2.6750000e+02;1.7103779e-01;2.6750000e+02;2.3423515e-01;2.6750000e+02;2.3884785e-01;2.6750000e+02;2.0493138e-01;2.6750000e+02;1.7792046e-01;2.6750000e+02;1.7474154e-01;2.6750000e+02;1.5329319e-01;2.6750000e+02;1.1325438e-01;2.6750000e+02;6.7858748e-02;2.6750000e+02;2.1074884e-02;2.6750000e+02;-2.6825950e-02;2.6750000e+02;-7.3944859e-02;2.6750000e+02;-1.2152211e-01;2.6750000e+02;-8.2752757e-02;2.6750000e+02;-7.3562697e-02;2.6750000e+02;-3.9544944e-02;2.6750000e+02;1.3399038e-02;2.6750000e+02;8.5174359e-02;2.6750000e+02;1.7103779e-01;2.6750000e+02;2.3423515e-01;2.6750000e+02;2.3884785e-01;2.6750000e+02;2.0493138e-01;2.6750000e+02;1.7792046e-01;2.6750000e+02;1.7474154e-01;2.6750000e+02;1.5329319e-01;2.6750000e+02;1.1325438e-01;2.6750000e+02;6.7858748e-02;2.6750000e+02;2.1074884e-02;2.6750000e+02;-2.6825950e-02;2.6750000e+02;-7.3944859e-02;2.6750000e+02;-1.2152211e-01;2.6750000e+02;-8.2752757e-02;2.6750000e+02;-7.3562697e-02;2.6750000e+02;-3.9544944e-02;2.6750000e+02;1.3399038e-02;2.6750000e+02;8.5174359e-02;2.6750000e+02;1.7103779e-01;2.6750000e+02;2.3423515e-01;2.6750000e+02;2.3884785e-01;2.6750000e+02;2.0493138e-01;2.6750000e+02;1.7792046e-01;2.6750000e+02;1.7474154e-01;2.6750000e+02;1.5329319e-01;2.6750000e+02;1.1325438e-01;2.6750000e+02;6.7858748e-02;2.6750000e+02;2.1074884e-02;2.6750000e+02;-2.6825950e-02;2.6750000e+02;-7.3944859e-02;2.6750000e+02;-1.2152211e-01;2.6750000e+02;-8.2752757e-02;2.6750000e+02;-7.3562697e-02;2.6750000e+02;-3.9544944e-02;2.6750000e+02;1.3399038e-02;2.6750000e+02;8.5174359e-02;2.6750000e+02;1.7103779e-01;2.6750000e+02;2.3423515e-01;2.6750000e+02;2.3884785e-01;2.6750000e+02;2.0493138e-01;2.6750000e+02;1.7792046e-01;2.6750000e+02;1.7474154e-01;2.6750000e+02;1.5329319e-01;2.6750000e+02;1.1325438e-01;2.6750000e+02;6.7858748e-02;2.6750000e+02;2.1074884e-02;2.6750000e+02;-2.6825950e-02;2.6750000e+02;-7.3944859e-02;2.6750000e+02;-1.2152211e-01;2.6750000e+02;-8.2752757e-02;2.6750000e+02;-7.3562697e-02;2.6750000e+02;-3.9544944e-02;2.6750000e+02;1.3399038e-02;2.6750000e+02;8.5174359e-02;2.6750000e+02;1.7103779e-01;2.6750000e+02;2.3423515e-01;2.6750000e+02;2.3884785e-01;2.6750000e+02;2.0493138e-01;2.6750000e+02;1.7792046e-01;2.6750000e+02;1.7474154e-01;2.6750000e+02;1.5329319e-01;2.6750000e+02;1.1325438e-01;2.6750000e+02;6.7858748e-02;2.6750000e+02;2.1074884e-02;2.6750000e+02;-2.6825950e-02;2.6750000e+02;-7.3944859e-02;2.6750000e+02;-1.2152211e-01;2.6750000e+02;-8.2752757e-02;2.6750000e+02;-7.3562697e-02;2.6750000e+02;-3.9544944e-02;2.6750000e+02;1.3399038e-02;2.6750000e+02;8.5174359e-02;2.6750000e+02;1.7103779e-01;2.6750000e+02;2.3423515e-01;2.6750000e+02;2.3884785e-01;2.6750000e+02;2.0493138e-01;2.6750000e+02;1.7792046e-01;2.6750000e+02;1.7474154e-01;2.6750000e+02;1.5329319e-01;2.6750000e+02;1.1325438e-01;2.6750000e+02;6.7858748e-02;2.6750000e+02;2.1074884e-02;2.6750000e+02;-2.6825950e-02;2.6750000e+02;-7.3944859e-02;2.6750000e+02;-1.2152211e-01;2.6750000e+02;-8.2752757e-02;2.6750000e+02;-7.3562697e-02;2.6750000e+02;-3.9544944e-02;2.6750000e+02;1.3399038e-02;2.6750000e+02;8.5174359e-02;2.6750000e+02;1.7103779e-01;2.6750000e+02;2.3423515e-01;2.6750000e+02;2.3884785e-01;2.6750000e+02;2.0493138e-01;2.6750000e+02;1.7792046e-01;2.6750000e+02;1.7474154e-01;2.6750000e+02;1.5329319e-01;2.6750000e+02;1.1325438e-01;2.6750000e+02;6.7858748e-02;2.6750000e+02;2.1074884e-02;2.6750000e+02;-2.6825950e-02;2.6750000e+02;-7.3944859e-02;2.6750000e+02;-1.2152211e-01;2.6750000e+02;-8.2752757e-02;2.6750000e+02;-7.3562697e-02;2.6750000e+02;-3.9544944e-02;2.6750000e+02;1.3399038e-02;2.6750000e+02;8.5174359e-02;2.6750000e+02;1.7103779e-01;2.6750000e+02;2.3423515e-01;2.6750000e+02;2.3884785e-01;2.6750000e+02;2.0493138e-01;2.6750000e+02;1.7792046e-01;2.6750000e+02;1.7474154e-01;2.6750000e+02;1.5329319e-01;2.6750000e+02;1.1325438e-01;2.6750000e+02;6.7858748e-02;2.6750000e+02;2.1074884e-02;2.6750000e+02;-2.6825950e-02;2.6750000e+02;-7.3944859e-02;2.6750000e+02;-1.2152211e-01;2.6750000e+02;-8.2752757e-02;2.6750000e+02;-7.3562697e-02;2.6750000e+02;-3.9544944e-02;2.6750000e+02;1.3399038e-02;2.6750000e+02;8.5174359e-02;2.6750000e+02;1.7103779e-01;2.6750000e+02;2.3423515e-01;2.6750000e+02;2.3884785e-01;2.6750000e+02;2.0493138e-01;2.6750000e+02;1.7792046e-01;2.6750000e+02;1.7474154e-01;2.6750000e+02;1.5329319e-01;2.6750000e+02;1.1325438e-01;2.6750000e+02;6.7858748e-02;2.6750000e+02;2.1074884e-02;2.6750000e+02;-2.6825950e-02;2.6750000e+02;-7.3944859e-02;2.6750000e+02;-1.2152211e-01;2.6750000e+02;-8.2752757e-02;2.6750000e+02;-7.3562697e-02;2.6750000e+02;-3.9544944e-02;2.6750000e+02;1.3399038e-02;2.6750000e+02;8.5174359e-02;2.6750000e+02;1.7103779e-01;2.6750000e+02;2.3423515e-01;2.6750000e+02;2.3884785e-01;2.6750000e+02;2.0493138e-01;2.6750000e+02;1.7792046e-01;2.6750000e+02;1.7474154e-01;2.6750000e+02;1.5329319e-01;2.6750000e+02;1.1325438e-01;2.6750000e+02;6.7858748e-02;2.6750000e+02;2.1074884e-02;2.6750000e+02;-2.6825950e-02;2.6750000e+02;-7.3944859e-02;2.6750000e+02;-1.2152211e-01;2.6750000e+02;-8.2752757e-02;2.6750000e+02;-7.3562697e-02;2.6750000e+02;-3.9544944e-02;2.6750000e+02;1.3399038e-02;2.6750000e+02;8.5174359e-02;2.6750000e+02;1.7103779e-01;2.6750000e+02;2.3423515e-01;2.6750000e+02;2.3884785e-01;2.6750000e+02;2.0493138e-01;2.6750000e+02;1.7792046e-01;2.6750000e+02;1.7474154e-01;2.6750000e+02;1.5329319e-01;2.6750000e+02;1.1325438e-01;2.6750000e+02;6.7858748e-02;2.6750000e+02;2.1074884e-02;2.6750000e+02;-2.6825950e-02;2.6750000e+02;-7.3944859e-02;2.6750000e+02;-1.2152211e-01;2.6750000e+02;-8.2752757e-02;2.6750000e+02;-7.3562697e-02;2.6750000e+02;-3.9544944e-02;2.6750000e+02;1.3399038e-02;2.6750000e+02;8.5174359e-02;2.6750000e+02;1.7103779e-01;2.6750000e+02;2.3423515e-01;2.6750000e+02;2.3884785e-01;2.6750000e+02;2.0493138e-01;2.6750000e+02;1.7792046e-01;2.6750000e+02;1.7474154e-01;2.6750000e+02;1.5329319e-01;2.6750000e+02;1.1325438e-01;2.6750000e+02;6.7858748e-02;2.6750000e+02;2.1074884e-02;2.6750000e+02;-2.6825950e-02;2.6750000e+02;-7.3944859e-02;2.6750000e+02;-1.2152211e-01;2.6750000e+02;-8.2752757e-02;2.6750000e+02;-7.3562697e-02;2.6750000e+02;-3.9544944e-02;2.6750000e+02;1.3399038e-02;2.6750000e+02;8.5174359e-02;2.6750000e+02;1.7103779e-01;2.6750000e+02;2.3423515e-01;2.6750000e+02;2.3884785e-01;2.6750000e+02;2.0493138e-01;2.6750000e+02;1.7792046e-01;2.6750000e+02;1.7474154e-01;2.6750000e+02;1.5329319e-01;2.6750000e+02;1.1325438e-01;2.6750000e+02;6.7858748e-02;2.6750000e+02;2.1074884e-02;2.6750000e+02;-2.6825950e-02;2.6750000e+02;-7.3944859e-02;2.6750000e+02;-1.2152211e-01;2.6750000e+02;-8.2752757e-02;2.6750000e+02;-7.3562697e-02;2.6750000e+02;-3.9544944e-02;2.6750000e+02;1.3399038e-02;2.6750000e+02;8.5174359e-02;2.6750000e+02;1.7103779e-01;2.6750000e+02;2.3423515e-01;2.6750000e+02;2.3884785e-01;2.6750000e+02;2.0493138e-01;2.6750000e+02;1.7792046e-01;2.6750000e+02;1.7474154e-01;2.6750000e+02;1.5329319e-01;2.6750000e+02;1.1325438e-01;2.6750000e+02;6.7858748e-02;2.6750000e+02;2.1074884e-02;2.6750000e+02;-2.6825950e-02;2.6750000e+02;-7.3944859e-02;2.6750000e+02;-1.2152211e-01;2.6750000e+02;-8.2752757e-02;2.6750000e+02;-7.3562697e-02;2.6750000e+02;-3.9544944e-02;2.6750000e+02;1.3399038e-02;2.6750000e+02;8.5174359e-02;2.6750000e+02;1.7103779e-01;2.6750000e+02;2.3423515e-01;2.6750000e+02;2.3884785e-01;2.6750000e+02;2.0493138e-01;2.6750000e+02;1.7792046e-01;2.6750000e+02;1.7474154e-01;2.6750000e+02;1.5329319e-01;2.6750000e+02;1.1325438e-01;2.6750000e+02;6.7858748e-02;2.6750000e+02;2.1074884e-02;2.6750000e+02;-2.6825950e-02;2.6750000e+02;-7.3944859e-02;2.6750000e+02;-1.2152211e-01;2.6750000e+02;-8.2752757e-02;2.6750000e+02;-7.3562697e-02;2.6750000e+02;-3.9544944e-02;2.6750000e+02;1.3399038e-02;2.6750000e+02;8.5174359e-02;2.6750000e+02;1.7103779e-01;2.6750000e+02;2.3423515e-01;2.6750000e+02;2.3884785e-01;2.6750000e+02;2.0493138e-01;2.6750000e+02;1.7792046e-01;2.6750000e+02;1.7474154e-01;2.6750000e+02;1.5329319e-01;2.6750000e+02;1.1325438e-01;2.6750000e+02;6.7858748e-02;2.6750000e+02;2.1074884e-02;2.6750000e+02;-2.6825950e-02;2.6750000e+02;-7.3944859e-02;2.6750000e+02;-1.2152211e-01;2.6750000e+02;-8.2752757e-02;2.6750000e+02;-7.3562697e-02;2.6750000e+02;-3.9544944e-02;2.6750000e+02;1.3399038e-02;2.6750000e+02;8.5174359e-02;2.6750000e+02;1.7103779e-01;2.6750000e+02;2.3423515e-01;2.6750000e+02;2.3884785e-01;2.6750000e+02;2.0493138e-01;2.6750000e+02;1.7792046e-01;2.6750000e+02;1.7474154e-01;2.6750000e+02;1.5329319e-01;2.6750000e+02;1.1325438e-01;2.6750000e+02;6.7858748e-02;2.6750000e+02;2.1074884e-02;2.6750000e+02;-2.6825950e-02;2.6750000e+02;-7.3944859e-02;2.6750000e+02;-1.2152211e-01;2.6750000e+02;-8.2752757e-02;2.6750000e+02;-7.3562697e-02;2.6750000e+02;-3.9544944e-02;2.6750000e+02;1.3399038e-02;2.6750000e+02;8.5174359e-02;2.6750000e+02;1.7103779e-01;2.6750000e+02;2.3423515e-01;2.6750000e+02;2.3884785e-01;2.6750000e+02;2.0493138e-01;2.6750000e+02;1.7792046e-01;2.6750000e+02;1.7474154e-01;2.6750000e+02;1.5329319e-01;2.6750000e+02;1.1325438e-01;2.6750000e+02;6.7858748e-02;2.6750000e+02;2.1074884e-02;2.6750000e+02;-2.6825950e-02;2.6750000e+02;-7.3944859e-02;2.6750000e+02;-1.2152211e-01
2.7250000e+02;-7.5365603e-02;2.7250000e+02;-5.9184879e-02;2.7250000e+02;-2.1605439e-02;2.7250000e+02;3.7350796e-02;2.7250000e+02;1.1795075e-01;2.7250000e+02;2.1036759e-01;2.7250000e+02;2.6974106e-01;2.7250000e+02;2.6178497e-01;2.7250000e+02;2.2146222e-01;2.7250000e+02;1.8674845e-01;2.7250000e+02;1.7380922e-01;2.7250000e+02;1.5251786e-01;2.7250000e+02;1.1433408e-01;2.7250000e+02;6.9465324e-02;2.7250000e+02;2.3241706e-02;2.7250000e+02;-2.3459971e-02;2.7250000e+02;-6.9986887e-02;2.7250000e+02;-1.1922804e-01;2.7250000e+02;-7.5365603e-02;2.7250000e+02;-5.9184879e-02;2.7250000e+02;-2.1605439e-02;2.7250000e+02;3.7350796e-02;2.7250000e+02;1.1795075e-01;2.7250000e+02;2.1036759e-01;2.7250000e+02;2.6974106e-01;2.7250000e+02;2.6178497e-01;2.7250000e+02;2.2146222e-01;2.7250000e+02;1.8674845e-01;2.7250000e+02;1.7380922e-01;2.7250000e+02;1.5251786e-01;2.7250000e+02;1.1433408e-01;2.7250000e+02;6.9465324e-02;2.7250000e+02;2.3241706e-02;2.7250000e+02;-2.3459971e-02;2.7250000e+02;-6.9986887e-02;2.7250000e+02;-1.1922804e-01;2.7250000e+02;-7.5365603e-02;2.7250000e+02;-5.9184879e-02;2.7250000e+02;-2.1605439e-02;2.7250000e+02;3.7350796e-02;2.7250000e+02;1.1795075e-01;2.7250000e+02;2.1036759e-01;2.7250000e+02;2.6974106e-01;2.7250000e+02;2.6178497e-01;2.7250000e+02;2.2146222e-01;2.7250000e+02;1.8674845e-01;2.7250000e+02;1.7380922e-01;2.7250000e+02;1.5251786e-01;2.7250000e+02;1.1433408e-01;2.7250000e+02;6.9465324e-02;2.7250000e+02;2.3241706e-02;2.7250000e+02;-2.3459971e-02;2.7250000e+02;-6.9986887e-02;2.7250000e+02;-1.1922804e-01;2.7250000e+02;-7.5365603e-02;2.7250000e+02;-5.9184879e-02;2.7250000e+02;-2.1605439e-02;2.7250000e+02;3.7350796e-02;2.7250000e+02;1.1795075e-01;2.7250000e+02;2.1036759e-01;2.7250000e+02;2.6974106e-01;2.7250000e+02;2.6178497e-01;2.7250000e+02;2.2146222e-01;2.7250000e+02;1.8674845e-01;2.7250000e+02;1.7380922e-01;2.7250000e+02;1.5251786e-01;2.7250000e+02;1.1433408e-01;2.7250000e+02;6.9465324e-02;2.7250000e+02;2.3241706e-02;2.7250000e+02;-2.3459971e-02;2.7250000e+02;-6.9986887e-02;2.7250000e+02;-1.1922804e-01;2.7250000e+02;-7.5365603e-02;2.7250000e+02;-5.9184879e-02;2.7250000e+02;-2.1605439e-02;2.7250000e+02;3.7350796e-02;2.7250000e+02;1.1795075e-01;2.7250000e+02;2.1036759e-01;2.7250000e+02;2.6974106e-01;2.7250000e+02;2.6178497e-01;2.7250000e+02;2.2146222e-01;2.7250000e+02;1.8674845e-01;2.7250000e+02;1.7380922e-01;2.7250000e+02;1.5251786e-01;2.7250000e+02;1.1433408e-01;2.7250000e+02;6.9465324e-02;2.7250000e+02;2.3241706e-02;2.7250000e+02;-2.3459971e-02;2.7250000e+02;-6.9986887e-02;2.7250000e+02;-1.1922804e-01;2.7250000e+02;-7.5365603e-02;2.7250000e+02;-5.9184879e-02;2.7250000e+02;-2.1605439e-02;2.7250000e+02;3.7350796e-02;2.7250000e+02;1.1795075e-01;2.7250000e+02;2.1036759e-01;2.7250000e+02;2.6974106e-01;2.7250000e+02;2.6178497e-01;2.7250000e+02;2.2146222e-01;2.7250000e+02;1.8674845e-01;2.7250000e+02;1.7380922e-01;2.7250000e+02;1.5251786e-01;2.7250000e+02;1.1433408e-01;2.7250000e+02;6.9465324e-02;2.7250000e+02;2.3241706e-02;2.7250000e+02;-2.3459971e-02;2.7250000e+02;-6.9986887e-02;2.7250000e+02;-1.1922804e-01;2.7250000e+02;-7.5365603e-02;2.7250000e+02;-5.9184879e-02;2.7250000e+02;-2.1605439e-02;2.7250000e+02;3.7350796e-02;2.7250000e+02;1.1795075e-01;2.7250000e+02;2.1036759e-01;2.7250000e+02;2.6974106e-01;2.7250000e+02;2.6178497e-01;2.7250000e+02;2.2146222e-01;2.7250000e+02;1.8674845e-01;2.7250000e+02;1.7380922e-01;2.7250000e+02;1.5251786e-01;2.7250000e+02;1.1433408e-01;2.7250000e+02;6.9465324e-02;2.7250000e+02;2.3241706e-02;2.7250000e+02;-2.3459971e-02;2.7250000e+02;-6.9986887e-02;2.7250000e+02;-1.1922804e-01;2.7250000e+02;-7.5365603e-02;2.7250000e+02;-5.9184879e-02;2.7250000e+02;-2.1605439e-02;2.7250000e+02;3.7350796e-02;2.7250000e+02;1.1795075e-01;2.7250000e+02;2.1036759e-01;2.7250000e+02;2.6974106e-01;2.7250000e+02;2.6178497e-01;2.7250000e+02;2.2146222e-01;2.7250000e+02;1.8674845e-01;2.7250000e+02;1.7380922e-01;2.7250000e+02;1.5251786e-01;2.7250000e+02;1.1433408e-01;2.7250000e+02;6.9465324e-02;2.7250000e+02;2.3241706e-02;2.7250000e+02;-2.3459971e-02;2.7250000e+02;-6.9986887e-02;2.7250000e+02;-1.1922804e-01;2.7250000e+02;-7.5365603e-02;2.7250000e+02;-5.9184879e-02;2.7250000e+02;-2.1605439e-02;2.7250000e+02;3.7350796e-02;2.7250000e+02;1.1795075e-01;2.7250000e+02;2.1036759e-01;2.7250000e+02;2.6974106e-01;2.7250000e+02;2.6178497e-01;2.7250000e+02;2.2146222e-01;2.7250000e+02;1.8674845e-01;2.7250000e+02;1.7380922e-01;2.7250000e+02;1.5251786e-01;2.7250000e+02;1.1433408e-01;2.7250000e+02;6.9465324e-02;2.7250000e+02;2.3241706e-02;2.7250000e+02;-2.3459971e-02;2.7250000e+02;-6.9986887e-02;2.7250000e+02;-1.1922804e-01;2.7250000e+02;-7.5365603e-02;2.7250000e+02;-5.9184879e-02;2.7250000e+02;-2.1605439e-02;2.7250000e+02;3.7350796e-02;2.7250000e+02;1.1795075e-01;2.7250000e+02;2.1036759e-01;2.7250000e+02;2.6974106e-01;2.7250000e+02;2.6178497e-01;2.7250000e+02;2.2146222e-01;2.7250000e+02;1.8674845e-01;2.7250000e+02;1.7380922e-01;2.7250000e+02;1.5251786e-01;2.7250000e+02;1.1433408e-01;2.7250000e+02;6.9465324e-02;2.7250000e+02;2.3241706e-02;2.7250000e+02;-2.3459971e-02;2.7250000e+02;-6.9986887e-02;2.7250000e+02;-1.1922804e-01;2.7250000e+02;-7.5365603e-02;2.7250000e+02;-5.9184879e-02;2.7250000e+02;-2.1605439e-02;2.7250000e+02;3.7350796e-02;2.7250000e+02;1.1795075e-01;2.7250000e+02;2.1036759e-01;2.7250000e+02;2.6974106e-01;2.7250000e+02;2.6178497e-01;2.7250000e+02;2.2146222e-01;2.7250000e+02;1.8674845e-01;2.7250000e+02;1.7380922e-01;2.7250000e+02;1.5251786e-01;2.7250000e+02;1.1433408e-01;2.7250000e+02;6.9465324e-02;2.7250000e+02;2.3241706e-02;2.7250000e+02;-2.3459971e-02;2.7250000e+02;-6.9986887e-02;2.7250000e+02;-1.1922804e-01;2.7250000e+02;-7.5365603e-02;2.7250000e+02;-5.9184879e-02;2.7250000e+02;-2.1605439e-02;2.7250000e+02;3.7350796e-02;2.7250000e+02;1.1795075e-01;2.7250000e+02;2.1036759e-01;2.7250000e+02;2.6974106e-01;2.7250000e+02;2.6178497e-01;2.7250000e+02;2.2146222e-01;2.7250000e+02;1.8674845e-01;2.7250000e+02;1.7380922e-01;2.7250000e+02;1.5251786e-01;2.7250000e+02;1.1433408e-01;2.7250000e+02;6.9465324e-02;2.7250000e+02;2.3241706e-02;2.7250000e+02;-2.3459971e-02;2.7250000e+02;-6.9986887e-02;2.7250000e+02;-1.1922804e-01;2.7250000e+02;-7.5365603e-02;2.7250000e+02;-5.9184879e-02;2.7250000e+02;-2.1605439e-02;2.7250000e+02;3.7350796e-02;2.7250000e+02;1.1795075e-01;2.7250000e+02;2.1036759e-01;2.7250000e+02;2.6974106e-01;2.7250000e+02;2.6178497e-01;2.7250000e+02;2.2146222e-01;2.7250000e+02;1.8674845e-01;2.7250000e+02;1.7380922e-01;2.7250000e+02;1.5251786e-01;2.7250000e+02;1.1433408e-01;2.7250000e+02;6.9465324e-02;2.7250000e+02;2.3241706e-02;2.7250000e+02;-2.3459971e-02;2.7250000e+02;-6.9986887e-02;2.7250000e+02;-1.1922804e-01;2.7250000e+02;-7.5365603e-02;2.7250000e+02;-5.9184879e-02;2.7250000e+02;-2.1605439e-02;2.7250000e+02;3.7350796e-02;2.7250000e+02;1.1795075e-01;2.7250000e+02;2.1036759e-01;2.7250000e+02;2.6974106e-01;2.7250000e+02;2.6178497e-01;2.7250000e+02;2.2146222e-01;2.7250000e+02;1.8674845e-01;2.7250000e+02;1.7380922e-01;2.7250000e+02;1.5251786e-01;2.7250000e+02;1.1433408e-01;2.7250000e+02;6.9465324e-02;2.7250000e+02;2.3241706e-02;2.7250000e+02;-2.3459971e-02;2.7250000e+02;-6.9986887e-02;2.7250000e+02;-1.1922804e-01;2.7250000e+02;-7.5365603e-02;2.7250000e+02;-5.9184879e-02;2.7250000e+02;-2.1605439e-02;2.7250000e+02;3.7350796e-02;2.7250000e+02;1.1795075e-01;2.7250000e+02;2.1036759e-01;2.7250000e+02;2.6974106e-01;2.7250000e+02;2.6178497e-01;2.7250000e+02;2.2146222e-01;2.7250000e+02;1.8674845e-01;2.7250000e+02;1.7380922e-01;2.7250000e+02;1.5251786e-01;2.7250000e+02;1.1433408e-01;2.7250000e+02;6.9465324e-02;2.7250000e+02;2.3241706e-02;2.7250000e+02;-2.3459971e-02;2.7250000e+02;-6.9986887e-02;2.7250000e+02;-1.1922804e-01;2.7250000e+02;-7.5365603e-02;2.7250000e+02;-5.9184879e-02;2.7250000e+02;-2.1605439e-02;2.7250000e+02;3.7350796e-02;2.7250000e+02;1.1795075e-01;2.7250000e+02;2.1036759e-01;2.7250000e+02;2.6974106e-01;2.7250000e+02;2.6178497e-01;2.7250000e+02;2.2146222e-01;2.7250000e+02;1.8674845e-01;2.7250000e+02;1.7380922e-01;2.7250000e+02;1.5251786e-01;2.7250000e+02;1.1433408e-01;2.7250000e+02;6.9465324e-02;2.7250000e+02;2.3241706e-02;2.7250000e+02;-2.3459971e-02;2.7250000e+02;-6.9986887e-02;2.7250000e+02;-1.1922804e-01;2.7250000e+02;-7.5365603e-02;2.7250000e+02;-5.9184879e-02;2.7250000e+02;-2.1605439e-02;2.7250000e+02;3.7350796e-02;2.7250000e+02;1.1795075e-01;2.7250000e+02;2.1036759e-01;2.7250000e+02;2.6974106e-01;2.7250000e+02;2.6178497e-01;2.7250000e+02;2.2146222e-01;2.7250000e+02;1.8674845e-01;2.7250000e+02;1.7380922e-01;2.7250000e+02;1.5251786e-01;2.7250000e+02;1.1433408e-01;2.7250000e+02;6.9465324e-02;2.7250000e+02;2.3241706e-02;2.7250000e+02;-2.3459971e-02;2.7250000e+02;-6.9986887e-02;2.7250000e+02;-1.1922804e-01;2.7250000e+02;-7.5365603e-02;2.7250000e+02;-5.9184879e-02;2.7250000e+02;-2.1605439e-02;2.7250000e+02;3.7350796e-02;2.7250000e+02;1.1795075e-01;2.7250000e+02;2.1036759e-01;2.7250000e+02;2.6974106e-01;2.7250000e+02;2.6178497e-01;2.7250000e+02;2.2146222e-01;2.7250000e+02;1.8674845e-01;2.7250000e+02;1.7380922e-01;2.7250000e+02;1.5251786e-01;2.7250000e+02;1.1433408e-01;2.7250000e+02;6.9465324e-02;2.7250000e+02;2.3241706e-02;2.7250000e+02;-2.3459971e-02;2.7250000e+02;-6.9986887e-02;2.7250000e+02;-1.1922804e-01;2.7250000e+02;-7.5365603e-02;2.7250000e+02;-5.9184879e-02;2.7250000e+02;-2.1605439e-02;2.7250000e+02;3.7350796e-02;2.7250000e+02;1.1795075e-01;2.7250000e+02;2.1036759e-01;2.7250000e+02;2.6974106e-01;2.7250000e+02;2.6178497e-01;2.7250000e+02;2.2146222e-01;2.7250000e+02;1.8674845e-01;2.7250000e+02;1.7380922e-01;2.7250000e+02;1.5251786e-01;2.7250000e+02;1.1433408e-01;2.7250000e+02;6.9465324e-02;2.7250000e+02;2.3241706e-02;2.7250000e+02;-2.3459971e-02;2.7250000e+02;-6.9986887e-02;2.7250000e+02;-1.1922804e-01;2.7250000e+02;-7.5365603e-02;2.7250000e+02;-5.9184879e-02;2.7250000e+02;-2.1605439e-02;2.7250000e+02;3.7350796e-02;2.7250000e+02;1.1795075e-01;2.7250000e+02;2.1036759e-01;2.7250000e+02;2.6974106e-01;2.7250000e+02;2.6178497e-01;2.7250000e+02;2.2146222e-01;2.7250000e+02;1.8674845e-01;2.7250000e+02;1.7380922e-01;2.7250000e+02;1.5251786e-01;2.7250000e+02;1.1433408e-01;2.7250000e+02;6.9465324e-02;2.7250000e+02;2.3241706e-02;2.7250000e+02;-2.3459971e-02;2.7250000e+02;-6.9986887e-02;2.7250000e+02;-1.1922804e-01;2.7250000e+02;-7.5365603e-02;2.7250000e+02;-5.9184879e-02;2.7250000e+02;-2.1605439e-02;2.7250000e+02;3.7350796e-02;2.7250000e+02;1.1795075e-01;2.7250000e+02;2.1036759e-01;2.7250000e+02;2.6974106e-01;2.7250000e+02;2.6178497e-01;2.7250000e+02;2.2146222e-01;2.7250000e+02;1.8674845e-01;2.7250000e+02;1.7380922e-01;2.7250000e+02;1.5251786e-01;2.7250000e+02;1.1433408e-01;2.7250000e+02;6.9465324e-02;2.7250000e+02;2.3241706e-02;2.7250000e+02;-2.3459971e-02;2.7250000e+02;-6.9986887e-02;2.7250000e+02;-1.1922804e-01;2.7250000e+02;-7.5365603e-02;2.7250000e+02;-5.9184879e-02;2.7250000e+02;-2.1605439e-02;2.7250000e+02;3.7350796e-02;2.7250000e+02;1.1795075e-01;2.7250000e+02;2.1036759e-01;2.7250000e+02;2.6974106e-01;2.7250000e+02;2.6178497e-01;2.7250000e+02;2.2146222e-01;2.7250000e+02;1.8674845e-01;2.7250000e+02;1.7380922e-01;2.7250000e+02;1.5251786e-01;2.7250000e+02;1.1433408e-01;2.7250000e+02;6.9465324e-02;2.7250000e+02;2.3241706e-02;2.7250000e+02;-2.3459971e-02;2.7250000e+02;-6.9986887e-02;2.7250000e+02;-1.1922804e-01;2.7250000e+02;-7.5365603e-02;2.7250000e+02;-5.9184879e-02;2.7250000e+02;-2.1605439e-02;2.7250000e+02;3.7350796e-02;2.7250000e+02;1.1795075e-01;2.7250000e+02;2.1036759e-01;2.7250000e+02;2.6974106e-01;2.7250000e+02;2.6178497e-01;2.7250000e+02;2.2146222e-01;2.7250000e+02;1.8674845e-01;2.7250000e+02;1.7380922e-01;2.7250000e+02;1.5251786e-01;2.7250000e+02;1.1433408e-01;2.7250000e+02;6.9465324e-02;2.7250000e+02;2.3241706e-02;2.7250000e+02;-2.3459971e-02;2.7250000e+02;-6.9986887e-02;2.7250000e+02;-1.1922804e-01;2.7250000e+02;-7.5365603e-02;2.7250000e+02;-5.9184879e-02;2.7250000e+02;-2.1605439e-02;2.7250000e+02;3.7350796e-02;2.7250000e+02;1.1795075e-01;2.7250000e+02;2.1036759e-01;2.7250000e+02;2.6974106e-01;2.7250000e+02;2.6178497e-01;2.7250000e+02;2.2146222e-01;2.7250000e+02;1.8674845e-01;2.7250000e+02;1.7380922e-01;2.7250000e+02;1.5251786e-01;2.7250000e+02;1.1433408e-01;2.7250000e+02;6.9465324e-02;2.7250000e+02;2.3241706e-02;2.7250000e+02;-2.3459971e-02;2.7250000e+02;-6.9986887e-02;2.7250000e+02;-1.1922804e-01;2.7250000e+02;-7.5365603e-02;2.7250000e+02;-5.9184879e-02;2.7250000e+02;-2.1605439e-02;2.7250000e+02;3.7350796e-02;2.7250000e+02;1.1795075e-01;2.7250000e+02;2.1036759e-01;2.7250000e+02;2.6974106e-01;2.7250000e+02;2.6178497e-01;2.7250000e+02;2.2146222e-01;2.7250000e+02;1.8674845e-01;2.7250000e+02;1.7380922e-01;2.7250000e+02;1.5251786e-01;2.7250000e+02;1.1433408e-01;2.7250000e+02;6.9465324e-02;2.7250000e+02;2.3241706e-02;2.7250000e+02;-2.3459971e-02;2.7250000e+02;-6.9986887e-02;2.7250000e+02;-1.1922804e-01;2.7250000e+02;-7.5365603e-02;2.7250000e+02;-5.9184879e-02;2.7250000e+02;-2.1605439e-02;2.7250000e+02;3.7350796e-02;2.7250000e+02;1.1795075e-01;2.7250000e+02;2.1036759e-01;2.7250000e+02;2.6974106e-01;2.7250000e+02;2.6178497e-01;2.7250000e+02;2.2146222e-01;2.7250000e+02;1.8674845e-01;2.7250000e+02;1.7380922e-01;2.7250000e+02;1.5251786e-01;2.7250000e+02;1.1433408e-01;2.7250000e+02;6.9465324e-02;2.7250000e+02;2.3241706e-02;2.7250000e+02;-2.3459971e-02;2.7250000e+02;-6.9986887e-02;2.7250000e+02;-1.1922804e-01;2.7250000e+02;-7.5365603e-02;2.7250000e+02;-5.9184879e-02;2.7250000e+02;-2.1605439e-02;2.7250000e+02;3.7350796e-02;2.7250000e+02;1.1795075e-01;2.7250000e+02;2.1036759e-01;2.7250000e+02;2.6974106e-01;2.7250000e+02;2.6178497e-01;2.7250000e+02;2.2146222e-01;2.7250000e+02;1.8674845e-01;2.7250000e+02;1.7380922e-01;2.7250000e+02;1.5251786e-01;2.7250000e+02;1.1433408e-01;2.7250000e+02;6.9465324e-02;2.7250000e+02;2.3241706e-02;2.7250000e+02;-2.3459971e-02;2.7250000e+02;-6.9986887e-02;2.7250000e+02;-1.1922804e-01;2.7250000e+02;-7.5365603e-02;2.7250000e+02;-5.9184879e-02;2.7250000e+02;-2.1605439e-02;2.7250000e+02;3.7350796e-02;2.7250000e+02;1.1795075e-01;2.7250000e+02;2.1036759e-01;2.7250000e+02;2.6974106e-01;2.7250000e+02;2.6178497e-01;2.7250000e+02;2.2146222e-01;2.7250000e+02;1.8674845e-01;2.7250000e+02;1.7380922e-01;2.7250000e+02;1.5251786e-01;2.7250000e+02;1.1433408e-01;2.7250000e+02;6.9465324e-02;2.7250000e+02;2.3241706e-02;2.7250000e+02;-2.3459971e-02;2.7250000e+02;-6.9986887e-02;2.7250000e+02;-1.1922804e-01;2.7250000e+02;-7.5365603e-02;2.7250000e+02;-5.9184879e-02;2.7250000e+02;-2.1605439e-02;2.7250000e+02;3.7350796e-02;2.7250000e+02;1.1795075e-01;2.7250000e+02;2.1036759e-01;2.7250000e+02;2.6974106e-01;2.7250000e+02;2.6178497e-01;2.7250000e+02;2.2146222e-01;2.7250000e+02;1.8674845e-01;2.7250000e+02;1.7380922e-01;2.7250000e+02;1.5251786e-01;2.7250000e+02;1.1433408e-01;2.7250000e+02;6.9465324e-02;2.7250000e+02;2.3241706e-02;2.7250000e+02;-2.3459971e-02;2.7250000e+02;-6.9986887e-02;2.7250000e+02;-1.1922804e-01;2.7250000e+02;-7.5365603e-02;2.7250000e+02;-5.9184879e-02;2.7250000e+02;-2.1605439e-02;2.7250000e+02;3.7350796e-02;2.7250000e+02;1.1795075e-01;2.7250000e+02;2.1036759e-01;2.7250000e+02;2.6974106e-01;2.7250000e+02;2.6178497e-01;2.7250000e+02;2.2146222e-01;2.7250000e+02;1.8674845e-01;2.7250000e+02;1.7380922e-01;2.7250000e+02;1.5251786e-01;2.7250000e+02;1.1433408e-01;2.7250000e+02;6.9465324e-02;2.7250000e+02;2.3241706e-02;2.7250000e+02;-2.3459971e-02;2.7250000e+02;-6.9986887e-02;2.7250000e+02;-1.1922804e-01;2.7250000e+02;-7.5365603e-02;2.7250000e+02;-5.9184879e-02;2.7250000e+02;-2.1605439e-02;2.7250000e+02;3.7350796e-02;2.7250000e+02;1.1795075e-01;2.7250000e+02;2.1036759e-01;2.7250000e+02;2.6974106e-01;2.7250000e+02;2.6178497e-01;2.7250000e+02;2.2146222e-01;2.7250000e+02;1.8674845e-01;2.7250000e+02;1.7380922e-01;2.7250000e+02;1.5251786e-01;2.7250000e+02;1.1433408e-01;2.7250000e+02;6.9465324e-02;2.7250000e+02;2.3241706e-02;2.7250000e+02;-2.3459971e-02;2.7250000e+02;-6.9986887e-02;2.7250000e+02;-1.1922804e-01;2.7250000e+02;-7.5365603e-02;2.7250000e+02;-5.9184879e-02;2.7250000e+02;-2.1605439e-02;2.7250000e+02;3.7350796e-02;2.7250000e+02;1.1795075e-01;2.7250000e+02;2.1036759e-01;2.7250000e+02;2.6974106e-01;2.7250000e+02;2.6178497e-01;2.7250000e+02;2.2146222e-01;2.7250000e+02;1.8674845e-01;2.7250000e+02;1.7380922e-01;2.7250000e+02;1.5251786e-01;2.7250000e+02;1.1433408e-01;2.7250000e+02;6.9465324e-02;2.7250000e+02;2.3241706e-02;2.7250000e+02;-2.3459971e-02;2.7250000e+02;-6.9986887e-02;2.7250000e+02;-1.1922804e-01;2.7250000e+02;-7.5365603e-02;2.7250000e+02;-5.9184879e-02;2.7250000e+02;-2.1605439e-02;2.7250000e+02;3.7350796e-02;2.7250000e+02;1.1795075e-01;2.7250000e+02;2.1036759e-01;2.7250000e+02;2.6974106e-01;2.7250000e+02;2.6178497e-01;2.7250000e+02;2.2146222e-01;2.7250000e+02;1.8674845e-01;2.7250000e+02;1.7380922e-01;2.7250000e+02;1.5251786e-01;2.7250000e+02;1.1433408e-01;2.7250000e+02;6.9465324e-02;2.7250000e+02;2.3241706e-02;2.7250000e+02;-2.3459971e-02;2.7250000e+02;-6.9986887e-02;2.7250000e+02;-1.1922804e-01;2.7250000e+02;-7.5365603e-02;2.7250000e+02;-5.9184879e-02;2.7250000e+02;-2.1605439e-02;2.7250000e+02;3.7350796e-02;2.7250000e+02;1.1795075e-01;2.7250000e+02;2.1036759e-01;2.7250000e+02;2.6974106e-01;2.7250000e+02;2.6178497e-01;2.7250000e+02;2.2146222e-01;2.7250000e+02;1.8674845e-01;2.7250000e+02;1.7380922e-01;2.7250000e+02;1.5251786e-01;2.7250000e+02;1.1433408e-01;2.7250000e+02;6.9465324e-02;2.7250000e+02;2.3241706e-02;2.7250000e+02;-2.3459971e-02;2.7250000e+02;-6.9986887e-02;2.7250000e+02;-1.1922804e-01;2.7250000e+02;-7.5365603e-02;2.7250000e+02;-5.9184879e-02;2.7250000e+02;-2.1605439e-02;2.7250000e+02;3.7350796e-02;2.7250000e+02;1.1795075e-01;2.7250000e+02;2.1036759e-01;2.7250000e+02;2.6974106e-01;2.7250000e+02;2.6178497e-01;2.7250000e+02;2.2146222e-01;2.7250000e+02;1.8674845e-01;2.7250000e+02;1.7380922e-01;2.7250000e+02;1.5251786e-01;2.7250000e+02;1.1433408e-01;2.7250000e+02;6.9465324e-02;2.7250000e+02;2.3241706e-02;2.7250000e+02;-2.3459971e-02;2.7250000e+02;-6.9986887e-02;2.7250000e+02;-1.1922804e-01;2.7250000e+02;-7.5365603e-02;2.7250000e+02;-5.9184879e-02;2.7250000e+02;-2.1605439e-02;2.7250000e+02;3.7350796e-02;2.7250000e+02;1.1795075e-01;2.7250000e+02;2.1036759e-01;2.7250000e+02;2.6974106e-01;2.7250000e+02;2.6178497e-01;2.7250000e+02;2.2146222e-01;2.7250000e+02;1.8674845e-01;2.7250000e+02;1.7380922e-01;2.7250000e+02;1.5251786e-01;2.7250000e+02;1.1433408e-01;2.7250000e+02;6.9465324e-02;2.7250000e+02;2.3241706e-02;2.7250000e+02;-2.3459971e-02;2.7250000e+02;-6.9986887e-02;2.7250000e+02;-1.1922804e-01;2.7250000e+02;-7.5365603e-02;2.7250000e+02;-5.9184879e-02;2.7250000e+02;-2.1605439e-02;2.7250000e+02;3.7350796e-02;2.7250000e+02;1.1795075e-01;2.7250000e+02;2.1036759e-01;2.7250000e+02;2.6974106e-01;2.7250000e+02;2.6178497e-01;2.7250000e+02;2.2146222e-01;2.7250000e+02;1.8674845e-01;2.7250000e+02;1.7380922e-01;2.7250000e+02;1.5251786e-01;2.7250000e+02;1.1433408e-01;2.7250000e+02;6.9465324e-02;2.7250000e+02;2.3241706e-02;2.7250000e+02;-2.3459971e-02;2.7250000e+02;-6.9986887e-02;2.7250000e+02;-1.1922804e-01;2.7250000e+02;-7.5365603e-02;2.7250000e+02;-5.9184879e-02;2.7250000e+02;-2.1605439e-02;2.7250000e+02;3.7350796e-02;2.7250000e+02;1.1795075e-01;2.7250000e+02;2.1036759e-01;2.7250000e+02;2.6974106e-01;2.7250000e+02;2.6178497e-01;2.7250000e+02;2.2146222e-01;2.7250000e+02;1.8674845e-01;2.7250000e+02;1.7380922e-01;2.7250000e+02;1.5251786e-01;2.7250000e+02;1.1433408e-01;2.7250000e+02;6.9465324e-02;2.7250000e+02;2.3241706e-02;2.7250000e+02;-2.3459971e-02;2.7250000e+02;-6.9986887e-02;2.7250000e+02;-1.1922804e-01;2.7250000e+02;-7.5365603e-02;2.7250000e+02;-5.9184879e-02;2.7250000e+02;-2.1605439e-02;2.7250000e+02;3.7350796e-02;2.7250000e+02;1.1795075e-01;2.7250000e+02;2.1036759e-01;2.7250000e+02;2.6974106e-01;2.7250000e+02;2.6178497e-01;2.7250000e+02;2.2146222e-01;2.7250000e+02;1.8674845e-01;2.7250000e+02;1.7380922e-01;2.7250000e+02;1.5251786e-01;2.7250000e+02;1.1433408e-01;2.7250000e+02;6.9465324e-02;2.7250000e+02;2.3241706e-02;2.7250000e+02;-2.3459971e-02;2.7250000e+02;-6.9986887e-02;2.7250000e+02;-1.1922804e-01;2.7250000e+02;-7.5365603e-02;2.7250000e+02;-5.9184879e-02;2.7250000e+02;-2.1605439e-02;2.7250000e+02;3.7350796e-02;2.7250000e+02;1.1795075e-01;2.7250000e+02;2.1036759e-01;2.7250000e+02;2.6974106e-01;2.7250000e+02;2.6178497e-01;2.7250000e+02;2.2146222e-01;2.7250000e+02;1.8674845e-01;2.7250000e+02;1.7380922e-01;2.7250000e+02;1.5251786e-01;2.7250000e+02;1.1433408e-01;2.7250000e+02;6.9465324e-02;2.7250000e+02;2.3241706e-02;2.7250000e+02;-2.3459971e-02;2.7250000e+02;-6.9986887e-02;2.7250000e+02;-1.1922804e-01;2.7250000e+02;-7.5365603e-02;2.7250000e+02;-5.9184879e-02;2.7250000e+02;-2.1605439e-02;2.7250000e+02;3.7350796e-02;2.7250000e+02;1.1795075e-01;2.7250000e+02;2.1036759e-01;2.7250000e+02;2.6974106e-01;2.7250000e+02;2.6178497e-01;2.7250000e+02;2.2146222e-01;2.7250000e+02;1.8674845e-01;2.7250000e+02;1.7380922e-01;2.7250000e+02;1.5251786e-01;2.7250000e+02;1.1433408e-01;2.7250000e+02;6.9465324e-02;2.7250000e+02;2.3241706e-02;2.7250000e+02;-2.3459971e-02;2.7250000e+02;-6.9986887e-02;2.7250000e+02;-1.1922804e-01;2.7250000e+02;-7.5365603e-02;2.7250000e+02;-5.9184879e-02;2.7250000e+02;-2.1605439e-02;2.7250000e+02;3.7350796e-02;2.7250000e+02;1.1795075e-01;2.7250000e+02;2.1036759e-01;2.7250000e+02;2.6974106e-01;2.7250000e+02;2.6178497e-01;2.7250000e+02;2.2146222e-01;2.7250000e+02;1.8674845e-01;2.7250000e+02;1.7380922e-01;2.7250000e+02;1.5251786e-01;2.7250000e+02;1.1433408e-01;2.7250000e+02;6.9465324e-02;2.7250000e+02;2.3241706e-02;2.7250000e+02;-2.3459971e-02;2.7250000e+02;-6.9986887e-02;2.7250000e+02;-1.1922804e-01;2.7250000e+02;-7.5365603e-02;2.7250000e+02;-5.9184879e-02;2.7250000e+02;-2.1605439e-02;2.7250000e+02;3.7350796e-02;2.7250000e+02;1.1795075e-01;2.7250000e+02;2.1036759e-01;2.7250000e+02;2.6974106e-01;2.7250000e+02;2.6178497e-01;2.7250000e+02;2.2146222e-01;2.7250000e+02;1.8674845e-01;2.7250000e+02;1.7380922e-01;2.7250000e+02;1.5251786e-01;2.7250000e+02;1.1433408e-01;2.7250000e+02;6.9465324e-02;2.7250000e+02;2.3241706e-02;2.7250000e+02;-2.3459971e-02;2.7250000e+02;-6.9986887e-02;2.7250000e+02;-1.1922804e-01;2.7250000e+02;-7.5365603e-02;2.7250000e+02;-5.9184879e-02;2.7250000e+02;-2.1605439e-02;2.7250000e+02;3.7350796e-02;2.7250000e+02;1.1795075e-01;2.7250000e+02;2.1036759e-01;2.7250000e+02;2.6974106e-01;2.7250000e+02;2.6178497e-01;2.7250000e+02;2.2146222e-01;2.7250000e+02;1.8674845e-01;2.7250000e+02;1.7380922e-01;2.7250000e+02;1.5251786e-01;2.7250000e+02;1.1433408e-01;2.7250000e+02;6.9465324e-02;2.7250000e+02;2.3241706e-02;2.7250000e+02;-2.3459971e-02;2.7250000e+02;-6.9986887e-02;2.7250000e+02;-1.1922804e-01;2.7250000e+02;-7.5365603e-02;2.7250000e+02;-5.9184879e-02;2.7250000e+02;-2.1605439e-02;2.7250000e+02;3.7350796e-02;2.7250000e+02;1.1795075e-01;2.7250000e+02;2.1036759e-01;2.7250000e+02;2.6974106e-01;2.7250000e+02;2.6178497e-01;2.7250000e+02;2.2146222e-01;2.7250000e+02;1.8674845e-01;2.7250000e+02;1.7380922e-01;2.7250000e+02;1.5251786e-01;2.7250000e+02;1.1433408e-01;2.7250000e+02;6.9465324e-02;2.7250000e+02;2.3241706e-02;2.7250000e+02;-2.3459971e-02;2.7250000e+02;-6.9986887e-02;2.7250000e+02;-1.1922804e-01;2.7250000e+02;-7.5365603e-02;2.7250000e+02;-5.9184879e-02;2.7250000e+02;-2.1605439e-02;2.7250000e+02;3.7350796e-02;2.7250000e+02;1.1795075e-01;2.7250000e+02;2.1036759e-01;2.7250000e+02;2.6974106e-01;2.7250000e+02;2.6178497e-01;2.7250000e+02;2.2146222e-01;2.7250000e+02;1.8674845e-01;2.7250000e+02;1.7380922e-01;2.7250000e+02;1.5251786e-01;2.7250000e+02;1.1433408e-01;2.7250000e+02;6.9465324e-02;2.7250000e+02;2.3241706e-02;2.7250000e+02;-2.3459971e-02;2.7250000e+02;-6.9986887e-02;2.7250000e+02;-1.1922804e-01;2.7250000e+02;-7.5365603e-02;2.7250000e+02;-5.9184879e-02;2.7250000e+02;-2.1605439e-02;2.7250000e+02;3.7350796e-02;2.7250000e+02;1.1795075e-01;2.7250000e+02;2.1036759e-01;2.7250000e+02;2.6974106e-01;2.7250000e+02;2.6178497e-01;2.7250000e+02;2.2146222e-01;2.7250000e+02;1.8674845e-01;2.7250000e+02;1.7380922e-01;2.7250000e+02;1.5251786e-01;2.7250000e+02;1.1433408e-01;2.7250000e+02;6.9465324e-02;2.7250000e+02;2.3241706e-02;2.7250000e+02;-2.3459971e-02;2.7250000e+02;-6.9986887e-02;2.7250000e+02;-1.1922804e-01;2.7250000e+02;-7.5365603e-02;2.7250000e+02;-5.9184879e-02;2.7250000e+02;-2.1605439e-02;2.7250000e+02;3.7350796e-02;2.7250000e+02;1.1795075e-01;2.7250000e+02;2.1036759e-01;2.7250000e+02;2.6974106e-01;2.7250000e+02;2.6178497e-01;2.7250000e+02;2.2146222e-01;2.7250000e+02;1.8674845e-01;2.7250000e+02;1.7380922e-01;2.7250000e+02;1.5251786e-01;2.7250000e+02;1.1433408e-01;2.7250000e+02;6.9465324e-02;2.7250000e+02;2.3241706e-02;2.7250000e+02;-2.3459971e-02;2.7250000e+02;-6.9986887e-02;2.7250000e+02;-1.1922804e-01;2.7250000e+02;-7.5365603e-02;2.7250000e+02;-5.9184879e-02;2.7250000e+02;-2.1605439e-02;2.7250000e+02;3.7350796e-02;2.7250000e+02;1.1795075e-01;2.7250000e+02;2.1036759e-01;2.7250000e+02;2.6974106e-01;2.7250000e+02;2.6178497e-01;2.7250000e+02;2.2146222e-01;2.7250000e+02;1.8674845e-01;2.7250000e+02;1.7380922e-01;2.7250000e+02;1.5251786e-01;2.7250000e+02;1.1433408e-01;2.7250000e+02;6.9465324e-02;2.7250000e+02;2.3241706e-02;2.7250000e+02;-2.3459971e-02;2.7250000e+02;-6.9986887e-02;2.7250000e+02;-1.1922804e-01;2.7250000e+02;-7.5365603e-02;2.7250000e+02;-5.9184879e-02;2.7250000e+02;-2.1605439e-02;2.7250000e+02;3.7350796e-02;2.7250000e+02;1.1795075e-01;2.7250000e+02;2.1036759e-01;2.7250000e+02;2.6974106e-01;2.7250000e+02;2.6178497e-01;2.7250000e+02;2.2146222e-01;2.7250000e+02;1.8674845e-01;2.7250000e+02;1.7380922e-01;2.7250000e+02;1.5251786e-01;2.7250000e+02;1.1433408e-01;2.7250000e+02;6.9465324e-02;2.7250000e+02;2.3241706e-02;2.7250000e+02;-2.3459971e-02;2.7250000e+02;-6.9986887e-02;2.7250000e+02;-1.1922804e-01;2.7250000e+02;-7.5365603e-02;2.7250000e+02;-5.9184879e-02;2.7250000e+02;-2.1605439e-02;2.7250000e+02;3.7350796e-02;2.7250000e+02;1.1795075e-01;2.7250000e+02;2.1036759e-01;2.7250000e+02;2.6974106e-01;2.7250000e+02;2.6178497e-01;2.7250000e+02;2.2146222e-01;2.7250000e+02;1.8674845e-01;2.7250000e+02;1.7380922e-01;2.7250000e+02;1.5251786e-01;2.7250000e+02;1.1433408e-01;2.7250000e+02;6.9465324e-02;2.7250000e+02;2.3241706e-02;2.7250000e+02;-2.3459971e-02;2.7250000e+02;-6.9986887e-02;2.7250000e+02;-1.1922804e-01;2.7250000e+02;-7.5365603e-02;2.7250000e+02;-5.9184879e-02;2.7250000e+02;-2.1605439e-02;2.7250000e+02;3.7350796e-02;2.7250000e+02;1.1795075e-01;2.7250000e+02;2.1036759e-01;2.7250000e+02;2.6974106e-01;2.7250000e+02;2.6178497e-01;2.7250000e+02;2.2146222e-01;2.7250000e+02;1.8674845e-01;2.7250000e+02;1.7380922e-01;2.7250000e+02;1.5251786e-01;2.7250000e+02;1.1433408e-01;2.7250000e+02;6.9465324e-02;2.7250000e+02;2.3241706e-02;2.7250000e+02;-2.3459971e-02;2.7250000e+02;-6.9986887e-02;2.7250000e+02;-1.1922804e-01;2.7250000e+02;-7.5365603e-02;2.7250000e+02;-5.9184879e-02;2.7250000e+02;-2.1605439e-02;2.7250000e+02;3.7350796e-02;2.7250000e+02;1.1795075e-01;2.7250000e+02;2.1036759e-01;2.7250000e+02;2.6974106e-01;2.7250000e+02;2.6178497e-01;2.7250000e+02;2.2146222e-01;2.7250000e+02;1.8674845e-01;2.7250000e+02;1.7380922e-01;2.7250000e+02;1.5251786e-01;2.7250000e+02;1.1433408e-01;2.7250000e+02;6.9465324e-02;2.7250000e+02;2.3241706e-02;2.7250000e+02;-2.3459971e-02;2.7250000e+02;-6.9986887e-02;2.7250000e+02;-1.1922804e-01;2.7250000e+02;-7.5365603e-02;2.7250000e+02;-5.9184879e-02;2.7250000e+02;-2.1605439e-02;2.7250000e+02;3.7350796e-02;2.7250000e+02;1.1795075e-01;2.7250000e+02;2.1036759e-01;2.7250000e+02;2.6974106e-01;2.7250000e+02;2.6178497e-01;2.7250000e+02;2.2146222e-01;2.7250000e+02;1.8674845e-01;2.7250000e+02;1.7380922e-01;2.7250000e+02;1.5251786e-01;2.7250000e+02;1.1433408e-01;2.7250000e+02;6.9465324e-02;2.7250000e+02;2.3241706e-02;2.7250000e+02;-2.3459971e-02;2.7250000e+02;-6.9986887e-02;2.7250000e+02;-1.1922804e-01;2.7250000e+02;-7.5365603e-02;2.7250000e+02;-5.9184879e-02;2.7250000e+02;-2.1605439e-02;2.7250000e+02;3.7350796e-02;2.7250000e+02;1.1795075e-01;2.7250000e+02;2.1036759e-01;2.7250000e+02;2.6974106e-01;2.7250000e+02;2.6178497e-01;2.7250000e+02;2.2146222e-01;2.7250000e+02;1.8674845e-01;2.7250000e+02;1.7380922e-01;2.7250000e+02;1.5251786e-01;2.7250000e+02;1.1433408e-01;2.7250000e+02;6.9465324e-02;2.7250000e+02;2.3241706e-02;2.7250000e+02;-2.3459971e-02;2.7250000e+02;-6.9986887e-02;2.7250000e+02;-1.1922804e-01;2.7250000e+02;-7.5365603e-02;2.7250000e+02;-5.9184879e-02;2.7250000e+02;-2.1605439e-02;2.7250000e+02;3.7350796e-02;2.7250000e+02;1.1795075e-01;2.7250000e+02;2.1036759e-01;2.7250000e+02;2.6974106e-01;2.7250000e+02;2.6178497e-01;2.7250000e+02;2.2146222e-01;2.7250000e+02;1.8674845e-01;2.7250000e+02;1.7380922e-01;2.7250000e+02;1.5251786e-01;2.7250000e+02;1.1433408e-01;2.7250000e+02;6.9465324e-02;2.7250000e+02;2.3241706e-02;2.7250000e+02;-2.3459971e-02;2.7250000e+02;-6.9986887e-02;2.7250000e+02;-1.1922804e-01;2.7250000e+02;-7.5365603e-02;2.7250000e+02;-5.9184879e-02;2.7250000e+02;-2.1605439e-02;2.7250000e+02;3.7350796e-02;2.7250000e+02;1.1795075e-01;2.7250000e+02;2.1036759e-01;2.7250000e+02;2.6974106e-01;2.7250000e+02;2.6178497e-01;2.7250000e+02;2.2146222e-01;2.7250000e+02;1.8674845e-01;2.7250000e+02;1.7380922e-01;2.7250000e+02;1.5251786e-01;2.7250000e+02;1.1433408e-01;2.7250000e+02;6.9465324e-02;2.7250000e+02;2.3241706e-02;2.7250000e+02;-2.3459971e-02;2.7250000e+02;-6.9986887e-02;2.7250000e+02;-1.1922804e-01;2.7250000e+02;-7.5365603e-02;2.7250000e+02;-5.9184879e-02;2.7250000e+02;-2.1605439e-02;2.7250000e+02;3.7350796e-02;2.7250000e+02;1.1795075e-01;2.7250000e+02;2.1036759e-01;2.7250000e+02;2.6974106e-01;2.7250000e+02;2.6178497e-01;2.7250000e+02;2.2146222e-01;2.7250000e+02;1.8674845e-01;2.7250000e+02;1.7380922e-01;2.7250000e+02;1.5251786e-01;2.7250000e+02;1.1433408e-01;2.7250000e+02;6.9465324e-02;2.7250000e+02;2.3241706e-02;2.7250000e+02;-2.3459971e-02;2.7250000e+02;-6.9986887e-02;2.7250000e+02;-1.1922804e-01;2.7250000e+02;-7.5365603e-02;2.7250000e+02;-5.9184879e-02;2.7250000e+02;-2.1605439e-02;2.7250000e+02;3.7350796e-02;2.7250000e+02;1.1795075e-01;2.7250000e+02;2.1036759e-01;2.7250000e+02;2.6974106e-01;2.7250000e+02;2.6178497e-01;2.7250000e+02;2.2146222e-01;2.7250000e+02;1.8674845e-01;2.7250000e+02;1.7380922e-01;2.7250000e+02;1.5251786e-01;2.7250000e+02;1.1433408e-01;2.7250000e+02;6.9465324e-02;2.7250000e+02;2.3241706e-02;2.7250000e+02;-2.3459971e-02;2.7250000e+02;-6.9986887e-02;2.7250000e+02;-1.1922804e-01;2.7250000e+02;-7.5365603e-02;2.7250000e+02;-5.9184879e-02;2.7250000e+02;-2.1605439e-02;2.7250000e+02;3.7350796e-02;2.7250000e+02;1.1795075e-01;2.7250000e+02;2.1036759e-01;2.7250000e+02;2.6974106e-01;2.7250000e+02;2.6178497e-01;2.7250000e+02;2.2146222e-01;2.7250000e+02;1.8674845e-01;2.7250000e+02;1.7380922e-01;2.7250000e+02;1.5251786e-01;2.7250000e+02;1.1433408e-01;2.7250000e+02;6.9465324e-02;2.7250000e+02;2.3241706e-02;2.7250000e+02;-2.3459971e-02;2.7250000e+02;-6.9986887e-02;2.7250000e+02;-1.1922804e-01;2.7250000e+02;-7.5365603e-02;2.7250000e+02;-5.9184879e-02;2.7250000e+02;-2.1605439e-02;2.7250000e+02;3.7350796e-02;2.7250000e+02;1.1795075e-01;2.7250000e+02;2.1036759e-01;2.7250000e+02;2.6974106e-01;2.7250000e+02;2.6178497e-01;2.7250000e+02;2.2146222e-01;2.7250000e+02;1.8674845e-01;2.7250000e+02;1.7380922e-01;2.7250000e+02;1.5251786e-01;2.7250000e+02;1.1433408e-01;2.7250000e+02;6.9465324e-02;2.7250000e+02;2.3241706e-02;2.7250000e+02;-2.3459971e-02;2.7250000e+02;-6.9986887e-02;2.7250000e+02;-1.1922804e-01;2.7250000e+02;-7.5365603e-02;2.7250000e+02;-5.9184879e-02;2.7250000e+02;-2.1605439e-02;2.7250000e+02;3.7350796e-02;2.7250000e+02;1.1795075e-01;2.7250000e+02;2.1036759e-01;2.7250000e+02;2.6974106e-01;2.7250000e+02;2.6178497e-01;2.7250000e+02;2.2146222e-01;2.7250000e+02;1.8674845e-01;2.7250000e+02;1.7380922e-01;2.7250000e+02;1.5251786e-01;2.7250000e+02;1.1433408e-01;2.7250000e+02;6.9465324e-02;2.7250000e+02;2.3241706e-02;2.7250000e+02;-2.3459971e-02;2.7250000e+02;-6.9986887e-02;2.7250000e+02;-1.1922804e-01;2.7250000e+02;-7.5365603e-02;2.7250000e+02;-5.9184879e-02;2.7250000e+02;-2.1605439e-02;2.7250000e+02;3.7350796e-02;2.7250000e+02;1.1795075e-01;2.7250000e+02;2.1036759e-01;2.7250000e+02;2.6974106e-01;2.7250000e+02;2.6178497e-01;2.7250000e+02;2.2146222e-01;2.7250000e+02;1.8674845e-01;2.7250000e+02;1.7380922e-01;2.7250000e+02;1.5251786e-01;2.7250000e+02;1.1433408e-01;2.7250000e+02;6.9465324e-02;2.7250000e+02;2.3241706e-02;2.7250000e+02;-2.3459971e-02;2.7250000e+02;-6.9986887e-02;2.7250000e+02;-1.1922804e-01;2.7250000e+02;-7.5365603e-02;2.7250000e+02;-5.9184879e-02;2.7250000e+02;-2.1605439e-02;2.7250000e+02;3.7350796e-02;2.7250000e+02;1.1795075e-01;2.7250000e+02;2.1036759e-01;2.7250000e+02;2.6974106e-01;2.7250000e+02;2.6178497e-01;2.7250000e+02;2.2146222e-01;2.7250000e+02;1.8674845e-01;2.7250000e+02;1.7380922e-01;2.7250000e+02;1.5251786e-01;2.7250000e+02;1.1433408e-01;2.7250000e+02;6.9465324e-02;2.7250000e+02;2.3241706e-02;2.7250000e+02;-2.3459971e-02;2.7250000e+02;-6.9986887e-02;2.7250000e+02;-1.1922804e-01;2.7250000e+02;-7.5365603e-02;2.7250000e+02;-5.9184879e-02;2.7250000e+02;-2.1605439e-02;2.7250000e+02;3.7350796e-02;2.7250000e+02;1.1795075e-01;2.7250000e+02;2.1036759e-01;2.7250000e+02;2.6974106e-01;2.7250000e+02;2.6178497e-01;2.7250000e+02;2.2146222e-01;2.7250000e+02;1.8674845e-01;2.7250000e+02;1.7380922e-01;2.7250000e+02;1.5251786e-01;2.7250000e+02;1.1433408e-01;2.7250000e+02;6.9465324e-02;2.7250000e+02;2.3241706e-02;2.7250000e+02;-2.3459971e-02;2.7250000e+02;-6.9986887e-02;2.7250000e+02;-1.1922804e-01;2.7250000e+02;-7.5365603e-02;2.7250000e+02;-5.9184879e-02;2.7250000e+02;-2.1605439e-02;2.7250000e+02;3.7350796e-02;2.7250000e+02;1.1795075e-01;2.7250000e+02;2.1036759e-01;2.7250000e+02;2.6974106e-01;2.7250000e+02;2.6178497e-01;2.7250000e+02;2.2146222e-01;2.7250000e+02;1.8674845e-01;2.7250000e+02;1.7380922e-01;2.7250000e+02;1.5251786e-01;2.7250000e+02;1.1433408e-01;2.7250000e+02;6.9465324e-02;2.7250000e+02;2.3241706e-02;2.7250000e+02;-2.3459971e-02;2.7250000e+02;-6.9986887e-02;2.7250000e+02;-1.1922804e-01;2.7250000e+02;-7.5365603e-02;2.7250000e+02;-5.9184879e-02;2.7250000e+02;-2.1605439e-02;2.7250000e+02;3.7350796e-02;2.7250000e+02;1.1795075e-01;2.7250000e+02;2.1036759e-01;2.7250000e+02;2.6974106e-01;2.7250000e+02;2.6178497e-01;2.7250000e+02;2.2146222e-01;2.7250000e+02;1.8674845e-01;2.7250000e+02;1.7380922e-01;2.7250000e+02;1.5251786e-01;2.7250000e+02;1.1433408e-01;2.7250000e+02;6.9465324e-02;2.7250000e+02;2.3241706e-02;2.7250000e+02;-2.3459971e-02;2.7250000e+02;-6.9986887e-02;2.7250000e+02;-1.1922804e-01;2.7250000e+02;-7.5365603e-02;2.7250000e+02;-5.9184879e-02;2.7250000e+02;-2.1605439e-02;2.7250000e+02;3.7350796e-02;2.7250000e+02;1.1795075e-01;2.7250000e+02;2.1036759e-01;2.7250000e+02;2.6974106e-01;2.7250000e+02;2.6178497e-01;2.7250000e+02;2.2146222e-01;2.7250000e+02;1.8674845e-01;2.7250000e+02;1.7380922e-01;2.7250000e+02;1.5251786e-01;2.7250000e+02;1.1433408e-01;2.7250000e+02;6.9465324e-02;2.7250000e+02;2.3241706e-02;2.7250000e+02;-2.3459971e-02;2.7250000e+02;-6.9986887e-02;2.7250000e+02;-1.1922804e-01;2.7250000e+02;-7.5365603e-02;2.7250000e+02;-5.9184879e-02;2.7250000e+02;-2.1605439e-02;2.7250000e+02;3.7350796e-02;2.7250000e+02;1.1795075e-01;2.7250000e+02;2.1036759e-01;2.7250000e+02;2.6974106e-01;2.7250000e+02;2.6178497e-01;2.7250000e+02;2.2146222e-01;2.7250000e+02;1.8674845e-01;2.7250000e+02;1.7380922e-01;2.7250000e+02;1.5251786e-01;2.7250000e+02;1.1433408e-01;2.7250000e+02;6.9465324e-02;2.7250000e+02;2.3241706e-02;2.7250000e+02;-2.3459971e-02;2.7250000e+02;-6.9986887e-02;2.7250000e+02;-1.1922804e-01;2.7250000e+02;-7.5365603e-02;2.7250000e+02;-5.9184879e-02;2.7250000e+02;-2.1605439e-02;2.7250000e+02;3.7350796e-02;2.7250000e+02;1.1795075e-01;2.7250000e+02;2.1036759e-01;2.7250000e+02;2.6974106e-01;2.7250000e+02;2.6178497e-01;2.7250000e+02;2.2146222e-01;2.7250000e+02;1.8674845e-01;2.7250000e+02;1.7380922e-01;2.7250000e+02;1.5251786e-01;2.7250000e+02;1.1433408e-01;2.7250000e+02;6.9465324e-02;2.7250000e+02;2.3241706e-02;2.7250000e+02;-2.3459971e-02;2.7250000e+02;-6.9986887e-02;2.7250000e+02;-1.1922804e-01;2.7250000e+02;-7.5365603e-02;2.7250000e+02;-5.9184879e-02;2.7250000e+02;-2.1605439e-02;2.7250000e+02;3.7350796e-02;2.7250000e+02;1.1795075e-01;2.7250000e+02;2.1036759e-01;2.7250000e+02;2.6974106e-01;2.7250000e+02;2.6178497e-01;2.7250000e+02;2.2146222e-01;2.7250000e+02;1.8674845e-01;2.7250000e+02;1.7380922e-01;2.7250000e+02;1.5251786e-01;2.7250000e+02;1.1433408e-01;2.7250000e+02;6.9465324e-02;2.7250000e+02;2.3241706e-02;2.7250000e+02;-2.3459971e-02;2.7250000e+02;-6.9986887e-02;2.7250000e+02;-1.1922804e-01;2.7250000e+02;-7.5365603e-02;2.7250000e+02;-5.9184879e-02;2.7250000e+02;-2.1605439e-02;2.7250000e+02;3.7350796e-02;2.7250000e+02;1.1795075e-01;2.7250000e+02;2.1036759e-01;2.7250000e+02;2.6974106e-01;2.7250000e+02;2.6178497e-01;2.7250000e+02;2.2146222e-01;2.7250000e+02;1.8674845e-01;2.7250000e+02;1.7380922e-01;2.7250000e+02;1.5251786e-01;2.7250000e+02;1.1433408e-01;2.7250000e+02;6.9465324e-02;2.7250000e+02;2.3241706e-02;2.7250000e+02;-2.3459971e-02;2.7250000e+02;-6.9986887e-02;2.7250000e+02;-1.1922804e-01;2.7250000e+02;-7.5365603e-02;2.7250000e+02;-5.9184879e-02;2.7250000e+02;-2.1605439e-02;2.7250000e+02;3.7350796e-02;2.7250000e+02;1.1795075e-01;2.7250000e+02;2.1036759e-01;2.7250000e+02;2.6974106e-01;2.7250000e+02;2.6178497e-01;2.7250000e+02;2.2146222e-01;2.7250000e+02;1.8674845e-01;2.7250000e+02;1.7380922e-01;2.7250000e+02;1.5251786e-01;2.7250000e+02;1.1433408e-01;2.7250000e+02;6.9465324e-02;2.7250000e+02;2.3241706e-02;2.7250000e+02;-2.3459971e-02;2.7250000e+02;-6.9986887e-02;2.7250000e+02;-1.1922804e-01;2.7250000e+02;-7.5365603e-02;2.7250000e+02;-5.9184879e-02;2.7250000e+02;-2.1605439e-02;2.7250000e+02;3.7350796e-02;2.7250000e+02;1.1795075e-01;2.7250000e+02;2.1036759e-01;2.7250000e+02;2.6974106e-01;2.7250000e+02;2.6178497e-01;2.7250000e+02;2.2146222e-01;2.7250000e+02;1.8674845e-01;2.7250000e+02;1.7380922e-01;2.7250000e+02;1.5251786e-01;2.7250000e+02;1.1433408e-01;2.7250000e+02;6.9465324e-02;2.7250000e+02;2.3241706e-02;2.7250000e+02;-2.3459971e-02;2.7250000e+02;-6.9986887e-02;2.7250000e+02;-1.1922804e-01;2.7250000e+02;-7.5365603e-02;2.7250000e+02;-5.9184879e-02;2.7250000e+02;-2.1605439e-02;2.7250000e+02;3.7350796e-02;2.7250000e+02;1.1795075e-01;2.7250000e+02;2.1036759e-01;2.7250000e+02;2.6974106e-01;2.7250000e+02;2.6178497e-01;2.7250000e+02;2.2146222e-01;2.7250000e+02;1.8674845e-01;2.7250000e+02;1.7380922e-01;2.7250000e+02;1.5251786e-01;2.7250000e+02;1.1433408e-01;2.7250000e+02;6.9465324e-02;2.7250000e+02;2.3241706e-02;2.7250000e+02;-2.3459971e-02;2.7250000e+02;-6.9986887e-02;2.7250000e+02;-1.1922804e-01;2.7250000e+02;-7.5365603e-02;2.7250000e+02;-5.9184879e-02;2.7250000e+02;-2.1605439e-02;2.7250000e+02;3.7350796e-02;2.7250000e+02;1.1795075e-01;2.7250000e+02;2.1036759e-01;2.7250000e+02;2.6974106e-01;2.7250000e+02;2.6178497e-01;2.7250000e+02;2.2146222e-01;2.7250000e+02;1.8674845e-01;2.7250000e+02;1.7380922e-01;2.7250000e+02;1.5251786e-01;2.7250000e+02;1.1433408e-01;2.7250000e+02;6.9465324e-02;2.7250000e+02;2.3241706e-02;2.7250000e+02;-2.3459971e-02;2.7250000e+02;-6.9986887e-02;2.7250000e+02;-1.1922804e-01;2.7250000e+02;-7.5365603e-02;2.7250000e+02;-5.9184879e-02;2.7250000e+02;-2.1605439e-02;2.7250000e+02;3.7350796e-02;2.7250000e+02;1.1795075e-01;2.7250000e+02;2.1036759e-01;2.7250000e+02;2.6974106e-01;2.7250000e+02;2.6178497e-01;2.7250000e+02;2.2146222e-01;2.7250000e+02;1.8674845e-01;2.7250000e+02;1.7380922e-01;2.7250000e+02;1.5251786e-01;2.7250000e+02;1.1433408e-01;2.7250000e+02;6.9465324e-02;2.7250000e+02;2.3241706e-02;2.7250000e+02;-2.3459971e-02;2.7250000e+02;-6.9986887e-02;2.7250000e+02;-1.1922804e-01;2.7250000e+02;-7.5365603e-02;2.7250000e+02;-5.9184879e-02;2.7250000e+02;-2.1605439e-02;2.7250000e+02;3.7350796e-02;2.7250000e+02;1.1795075e-01;2.7250000e+02;2.1036759e-01;2.7250000e+02;2.6974106e-01;2.7250000e+02;2.6178497e-01;2.7250000e+02;2.2146222e-01;2.7250000e+02;1.8674845e-01;2.7250000e+02;1.7380922e-01;2.7250000e+02;1.5251786e-01;2.7250000e+02;1.1433408e-01;2.7250000e+02;6.9465324e-02;2.7250000e+02;2.3241706e-02;2.7250000e+02;-2.3459971e-02;2.7250000e+02;-6.9986887e-02;2.7250000e+02;-1.1922804e-01;2.7250000e+02;-7.5365603e-02;2.7250000e+02;-5.9184879e-02;2.7250000e+02;-2.1605439e-02;2.7250000e+02;3.7350796e-02;2.7250000e+02;1.1795075e-01;2.7250000e+02;2.1036759e-01;2.7250000e+02;2.6974106e-01;2.7250000e+02;2.6178497e-01;2.7250000e+02;2.2146222e-01;2.7250000e+02;1.8674845e-01;2.7250000e+02;1.7380922e-01;2.7250000e+02;1.5251786e-01;2.7250000e+02;1.1433408e-01;2.7250000e+02;6.9465324e-02;2.7250000e+02;2.3241706e-02;2.7250000e+02;-2.3459971e-02;2.7250000e+02;-6.9986887e-02;2.7250000e+02;-1.1922804e-01;2.7250000e+02;-7.5365603e-02;2.7250000e+02;-5.9184879e-02;2.7250000e+02;-2.1605439e-02;2.7250000e+02;3.7350796e-02;2.7250000e+02;1.1795075e-01;2.7250000e+02;2.1036759e-01;2.7250000e+02;2.6974106e-01;2.7250000e+02;2.6178497e-01;2.7250000e+02;2.2146222e-01;2.7250000e+02;1.8674845e-01;2.7250000e+02;1.7380922e-01;2.7250000e+02;1.5251786e-01;2.7250000e+02;1.1433408e-01;2.7250000e+02;6.9465324e-02;2.7250000e+02;2.3241706e-02;2.7250000e+02;-2.3459971e-02;2.7250000e+02;-6.9986887e-02;2.7250000e+02;-1.1922804e-01;2.7250000e+02;-7.5365603e-02;2.7250000e+02;-5.9184879e-02;2.7250000e+02;-2.1605439e-02;2.7250000e+02;3.7350796e-02;2.7250000e+02;1.1795075e-01;2.7250000e+02;2.1036759e-01;2.7250000e+02;2.6974106e-01;2.7250000e+02;2.6178497e-01;2.7250000e+02;2.2146222e-01;2.7250000e+02;1.8674845e-01;2.7250000e+02;1.7380922e-01;2.7250000e+02;1.5251786e-01;2.7250000e+02;1.1433408e-01;2.7250000e+02;6.9465324e-02;2.7250000e+02;2.3241706e-02;2.7250000e+02;-2.3459971e-02;2.7250000e+02;-6.9986887e-02;2.7250000e+02;-1.1922804e-01;2.7250000e+02;-7.5365603e-02;2.7250000e+02;-5.9184879e-02;2.7250000e+02;-2.1605439e-02;2.7250000e+02;3.7350796e-02;2.7250000e+02;1.1795075e-01;2.7250000e+02;2.1036759e-01;2.7250000e+02;2.6974106e-01;2.7250000e+02;2.6178497e-01;2.7250000e+02;2.2146222e-01;2.7250000e+02;1.8674845e-01;2.7250000e+02;1.7380922e-01;2.7250000e+02;1.5251786e-01;2.7250000e+02;1.1433408e-01;2.7250000e+02;6.9465324e-02;2.7250000e+02;2.3241706e-02;2.7250000e+02;-2.3459971e-02;2.7250000e+02;-6.9986887e-02;2.7250000e+02;-1.1922804e-01;2.7250000e+02;-7.5365603e-02;2.7250000e+02;-5.9184879e-02;2.7250000e+02;-2.1605439e-02;2.7250000e+02;3.7350796e-02;2.7250000e+02;1.1795075e-01;2.7250000e+02;2.1036759e-01;2.7250000e+02;2.6974106e-01;2.7250000e+02;2.6178497e-01;2.7250000e+02;2.2146222e-01;2.7250000e+02;1.8674845e-01;2.7250000e+02;1.7380922e-01;2.7250000e+02;1.5251786e-01;2.7250000e+02;1.1433408e-01;2.7250000e+02;6.9465324e-02;2.7250000e+02;2.3241706e-02;2.7250000e+02;-2.3459971e-02;2.7250000e+02;-6.9986887e-02;2.7250000e+02;-1.1922804e-01
2.7750000e+02;-6.9002539e-02;2.7750000e+02;-4.6573393e-02;2.7750000e+02;-2.1521356e-03;2.7750000e+02;6.2403195e-02;2.7750000e+02;1.4771393e-01;2.7750000e+02;2.4346827e-01;2.7750000e+02;3.0127481e-01;2.7750000e+02;2.8461951e-01;2.7750000e+02;2.4109936e-01;2.7750000e+02;2.0031065e-01;2.7750000e+02;1.7564362e-01;2.7750000e+02;1.5058902e-01;2.7750000e+02;1.1538282e-01;2.7750000e+02;7.2167888e-02;2.7750000e+02;2.7534753e-02;2.7750000e+02;-1.8312886e-02;2.7750000e+02;-6.5481231e-02;2.7750000e+02;-1.1435666e-01;2.7750000e+02;-6.9002539e-02;2.7750000e+02;-4.6573393e-02;2.7750000e+02;-2.1521356e-03;2.7750000e+02;6.2403195e-02;2.7750000e+02;1.4771393e-01;2.7750000e+02;2.4346827e-01;2.7750000e+02;3.0127481e-01;2.7750000e+02;2.8461951e-01;2.7750000e+02;2.4109936e-01;2.7750000e+02;2.0031065e-01;2.7750000e+02;1.7564362e-01;2.7750000e+02;1.5058902e-01;2.7750000e+02;1.1538282e-01;2.7750000e+02;7.2167888e-02;2.7750000e+02;2.7534753e-02;2.7750000e+02;-1.8312886e-02;2.7750000e+02;-6.5481231e-02;2.7750000e+02;-1.1435666e-01;2.7750000e+02;-6.9002539e-02;2.7750000e+02;-4.6573393e-02;2.7750000e+02;-2.1521356e-03;2.7750000e+02;6.2403195e-02;2.7750000e+02;1.4771393e-01;2.7750000e+02;2.4346827e-01;2.7750000e+02;3.0127481e-01;2.7750000e+02;2.8461951e-01;2.7750000e+02;2.4109936e-01;2.7750000e+02;2.0031065e-01;2.7750000e+02;1.7564362e-01;2.7750000e+02;1.5058902e-01;2.7750000e+02;1.1538282e-01;2.7750000e+02;7.2167888e-02;2.7750000e+02;2.7534753e-02;2.7750000e+02;-1.8312886e-02;2.7750000e+02;-6.5481231e-02;2.7750000e+02;-1.1435666e-01;2.7750000e+02;-6.9002539e-02;2.7750000e+02;-4.6573393e-02;2.7750000e+02;-2.1521356e-03;2.7750000e+02;6.2403195e-02;2.7750000e+02;1.4771393e-01;2.7750000e+02;2.4346827e-01;2.7750000e+02;3.0127481e-01;2.7750000e+02;2.8461951e-01;2.7750000e+02;2.4109936e-01;2.7750000e+02;2.0031065e-01;2.7750000e+02;1.7564362e-01;2.7750000e+02;1.5058902e-01;2.7750000e+02;1.1538282e-01;2.7750000e+02;7.2167888e-02;2.7750000e+02;2.7534753e-02;2.7750000e+02;-1.8312886e-02;2.7750000e+02;-6.5481231e-02;2.7750000e+02;-1.1435666e-01;2.7750000e+02;-6.9002539e-02;2.7750000e+02;-4.6573393e-02;2.7750000e+02;-2.1521356e-03;2.7750000e+02;6.2403195e-02;2.7750000e+02;1.4771393e-01;2.7750000e+02;2.4346827e-01;2.7750000e+02;3.0127481e-01;2.7750000e+02;2.8461951e-01;2.7750000e+02;2.4109936e-01;2.7750000e+02;2.0031065e-01;2.7750000e+02;1.7564362e-01;2.7750000e+02;1.5058902e-01;2.7750000e+02;1.1538282e-01;2.7750000e+02;7.2167888e-02;2.7750000e+02;2.7534753e-02;2.7750000e+02;-1.8312886e-02;2.7750000e+02;-6.5481231e-02;2.7750000e+02;-1.1435666e-01;2.7750000e+02;-6.9002539e-02;2.7750000e+02;-4.6573393e-02;2.7750000e+02;-2.1521356e-03;2.7750000e+02;6.2403195e-02;2.7750000e+02;1.4771393e-01;2.7750000e+02;2.4346827e-01;2.7750000e+02;3.0127481e-01;2.7750000e+02;2.8461951e-01;2.7750000e+02;2.4109936e-01;2.7750000e+02;2.0031065e-01;2.7750000e+02;1.7564362e-01;2.7750000e+02;1.5058902e-01;2.7750000e+02;1.1538282e-01;2.7750000e+02;7.2167888e-02;2.7750000e+02;2.7534753e-02;2.7750000e+02;-1.8312886e-02;2.7750000e+02;-6.5481231e-02;2.7750000e+02;-1.1435666e-01;2.7750000e+02;-6.9002539e-02;2.7750000e+02;-4.6573393e-02;2.7750000e+02;-2.1521356e-03;2.7750000e+02;6.2403195e-02;2.7750000e+02;1.4771393e-01;2.7750000e+02;2.4346827e-01;2.7750000e+02;3.0127481e-01;2.7750000e+02;2.8461951e-01;2.7750000e+02;2.4109936e-01;2.7750000e+02;2.0031065e-01;2.7750000e+02;1.7564362e-01;2.7750000e+02;1.5058902e-01;2.7750000e+02;1.1538282e-01;2.7750000e+02;7.2167888e-02;2.7750000e+02;2.7534753e-02;2.7750000e+02;-1.8312886e-02;2.7750000e+02;-6.5481231e-02;2.7750000e+02;-1.1435666e-01;2.7750000e+02;-6.9002539e-02;2.7750000e+02;-4.6573393e-02;2.7750000e+02;-2.1521356e-03;2.7750000e+02;6.2403195e-02;2.7750000e+02;1.4771393e-01;2.7750000e+02;2.4346827e-01;2.7750000e+02;3.0127481e-01;2.7750000e+02;2.8461951e-01;2.7750000e+02;2.4109936e-01;2.7750000e+02;2.0031065e-01;2.7750000e+02;1.7564362e-01;2.7750000e+02;1.5058902e-01;2.7750000e+02;1.1538282e-01;2.7750000e+02;7.2167888e-02;2.7750000e+02;2.7534753e-02;2.7750000e+02;-1.8312886e-02;2.7750000e+02;-6.5481231e-02;2.7750000e+02;-1.1435666e-01;2.7750000e+02;-6.9002539e-02;2.7750000e+02;-4.6573393e-02;2.7750000e+02;-2.1521356e-03;2.7750000e+02;6.2403195e-02;2.7750000e+02;1.4771393e-01;2.7750000e+02;2.4346827e-01;2.7750000e+02;3.0127481e-01;2.7750000e+02;2.8461951e-01;2.7750000e+02;2.4109936e-01;2.7750000e+02;2.0031065e-01;2.7750000e+02;1.7564362e-01;2.7750000e+02;1.5058902e-01;2.7750000e+02;1.1538282e-01;2.7750000e+02;7.2167888e-02;2.7750000e+02;2.7534753e-02;2.7750000e+02;-1.8312886e-02;2.7750000e+02;-6.5481231e-02;2.7750000e+02;-1.1435666e-01;2.7750000e+02;-6.9002539e-02;2.7750000e+02;-4.6573393e-02;2.7750000e+02;-2.1521356e-03;2.7750000e+02;6.2403195e-02;2.7750000e+02;1.4771393e-01;2.7750000e+02;2.4346827e-01;2.7750000e+02;3.0127481e-01;2.7750000e+02;2.8461951e-01;2.7750000e+02;2.4109936e-01;2.7750000e+02;2.0031065e-01;2.7750000e+02;1.7564362e-01;2.7750000e+02;1.5058902e-01;2.7750000e+02;1.1538282e-01;2.7750000e+02;7.2167888e-02;2.7750000e+02;2.7534753e-02;2.7750000e+02;-1.8312886e-02;2.7750000e+02;-6.5481231e-02;2.7750000e+02;-1.1435666e-01;2.7750000e+02;-6.9002539e-02;2.7750000e+02;-4.6573393e-02;2.7750000e+02;-2.1521356e-03;2.7750000e+02;6.2403195e-02;2.7750000e+02;1.4771393e-01;2.7750000e+02;2.4346827e-01;2.7750000e+02;3.0127481e-01;2.7750000e+02;2.8461951e-01;2.7750000e+02;2.4109936e-01;2.7750000e+02;2.0031065e-01;2.7750000e+02;1.7564362e-01;2.7750000e+02;1.5058902e-01;2.7750000e+02;1.1538282e-01;2.7750000e+02;7.2167888e-02;2.7750000e+02;2.7534753e-02;2.7750000e+02;-1.8312886e-02;2.7750000e+02;-6.5481231e-02;2.7750000e+02;-1.1435666e-01;2.7750000e+02;-6.9002539e-02;2.7750000e+02;-4.6573393e-02;2.7750000e+02;-2.1521356e-03;2.7750000e+02;6.2403195e-02;2.7750000e+02;1.4771393e-01;2.7750000e+02;2.4346827e-01;2.7750000e+02;3.0127481e-01;2.7750000e+02;2.8461951e-01;2.7750000e+02;2.4109936e-01;2.7750000e+02;2.0031065e-01;2.7750000e+02;1.7564362e-01;2.7750000e+02;1.5058902e-01;2.7750000e+02;1.1538282e-01;2.7750000e+02;7.2167888e-02;2.7750000e+02;2.7534753e-02;2.7750000e+02;-1.8312886e-02;2.7750000e+02;-6.5481231e-02;2.7750000e+02;-1.1435666e-01;2.7750000e+02;-6.9002539e-02;2.7750000e+02;-4.6573393e-02;2.7750000e+02;-2.1521356e-03;2.7750000e+02;6.2403195e-02;2.7750000e+02;1.4771393e-01;2.7750000e+02;2.4346827e-01;2.7750000e+02;3.0127481e-01;2.7750000e+02;2.8461951e-01;2.7750000e+02;2.4109936e-01;2.7750000e+02;2.0031065e-01;2.7750000e+02;1.7564362e-01;2.7750000e+02;1.5058902e-01;2.7750000e+02;1.1538282e-01;2.7750000e+02;7.2167888e-02;2.7750000e+02;2.7534753e-02;2.7750000e+02;-1.8312886e-02;2.7750000e+02;-6.5481231e-02;2.7750000e+02;-1.1435666e-01;2.7750000e+02;-6.9002539e-02;2.7750000e+02;-4.6573393e-02;2.7750000e+02;-2.1521356e-03;2.7750000e+02;6.2403195e-02;2.7750000e+02;1.4771393e-01;2.7750000e+02;2.4346827e-01;2.7750000e+02;3.0127481e-01;2.7750000e+02;2.8461951e-01;2.7750000e+02;2.4109936e-01;2.7750000e+02;2.0031065e-01;2.7750000e+02;1.7564362e-01;2.7750000e+02;1.5058902e-01;2.7750000e+02;1.1538282e-01;2.7750000e+02;7.2167888e-02;2.7750000e+02;2.7534753e-02;2.7750000e+02;-1.8312886e-02;2.7750000e+02;-6.5481231e-02;2.7750000e+02;-1.1435666e-01;2.7750000e+02;-6.9002539e-02;2.7750000e+02;-4.6573393e-02;2.7750000e+02;-2.1521356e-03;2.7750000e+02;6.2403195e-02;2.7750000e+02;1.4771393e-01;2.7750000e+02;2.4346827e-01;2.7750000e+02;3.0127481e-01;2.7750000e+02;2.8461951e-01;2.7750000e+02;2.4109936e-01;2.7750000e+02;2.0031065e-01;2.7750000e+02;1.7564362e-01;2.7750000e+02;1.5058902e-01;2.7750000e+02;1.1538282e-01;2.7750000e+02;7.2167888e-02;2.7750000e+02;2.7534753e-02;2.7750000e+02;-1.8312886e-02;2.7750000e+02;-6.5481231e-02;2.7750000e+02;-1.1435666e-01;2.7750000e+02;-6.9002539e-02;2.7750000e+02;-4.6573393e-02;2.7750000e+02;-2.1521356e-03;2.7750000e+02;6.2403195e-02;2.7750000e+02;1.4771393e-01;2.7750000e+02;2.4346827e-01;2.7750000e+02;3.0127481e-01;2.7750000e+02;2.8461951e-01;2.7750000e+02;2.4109936e-01;2.7750000e+02;2.0031065e-01;2.7750000e+02;1.7564362e-01;2.7750000e+02;1.5058902e-01;2.7750000e+02;1.1538282e-01;2.7750000e+02;7.2167888e-02;2.7750000e+02;2.7534753e-02;2.7750000e+02;-1.8312886e-02;2.7750000e+02;-6.5481231e-02;2.7750000e+02;-1.1435666e-01;2.7750000e+02;-6.9002539e-02;2.7750000e+02;-4.6573393e-02;2.7750000e+02;-2.1521356e-03;2.7750000e+02;6.2403195e-02;2.7750000e+02;1.4771393e-01;2.7750000e+02;2.4346827e-01;2.7750000e+02;3.0127481e-01;2.7750000e+02;2.8461951e-01;2.7750000e+02;2.4109936e-01;2.7750000e+02;2.0031065e-01;2.7750000e+02;1.7564362e-01;2.7750000e+02;1.5058902e-01;2.7750000e+02;1.1538282e-01;2.7750000e+02;7.2167888e-02;2.7750000e+02;2.7534753e-02;2.7750000e+02;-1.8312886e-02;2.7750000e+02;-6.5481231e-02;2.7750000e+02;-1.1435666e-01;2.7750000e+02;-6.9002539e-02;2.7750000e+02;-4.6573393e-02;2.7750000e+02;-2.1521356e-03;2.7750000e+02;6.2403195e-02;2.7750000e+02;1.4771393e-01;2.7750000e+02;2.4346827e-01;2.7750000e+02;3.0127481e-01;2.7750000e+02;2.8461951e-01;2.7750000e+02;2.4109936e-01;2.7750000e+02;2.0031065e-01;2.7750000e+02;1.7564362e-01;2.7750000e+02;1.5058902e-01;2.7750000e+02;1.1538282e-01;2.7750000e+02;7.2167888e-02;2.7750000e+02;2.7534753e-02;2.7750000e+02;-1.8312886e-02;2.7750000e+02;-6.5481231e-02;2.7750000e+02;-1.1435666e-01;2.7750000e+02;-6.9002539e-02;2.7750000e+02;-4.6573393e-02;2.7750000e+02;-2.1521356e-03;2.7750000e+02;6.2403195e-02;2.7750000e+02;1.4771393e-01;2.7750000e+02;2.4346827e-01;2.7750000e+02;3.0127481e-01;2.7750000e+02;2.8461951e-01;2.7750000e+02;2.4109936e-01;2.7750000e+02;2.0031065e-01;2.7750000e+02;1.7564362e-01;2.7750000e+02;1.5058902e-01;2.7750000e+02;1.1538282e-01;2.7750000e+02;7.2167888e-02;2.7750000e+02;2.7534753e-02;2.7750000e+02;-1.8312886e-02;2.7750000e+02;-6.5481231e-02;2.7750000e+02;-1.1435666e-01;2.7750000e+02;-6.9002539e-02;2.7750000e+02;-4.6573393e-02;2.7750000e+02;-2.1521356e-03;2.7750000e+02;6.2403195e-02;2.7750000e+02;1.4771393e-01;2.7750000e+02;2.4346827e-01;2.7750000e+02;3.0127481e-01;2.7750000e+02;2.8461951e-01;2.7750000e+02;2.4109936e-01;2.7750000e+02;2.0031065e-01;2.7750000e+02;1.7564362e-01;2.7750000e+02;1.5058902e-01;2.7750000e+02;1.1538282e-01;2.7750000e+02;7.2167888e-02;2.7750000e+02;2.7534753e-02;2.7750000e+02;-1.8312886e-02;2.7750000e+02;-6.5481231e-02;2.7750000e+02;-1.1435666e-01;2.7750000e+02;-6.9002539e-02;2.7750000e+02;-4.6573393e-02;2.7750000e+02;-2.1521356e-03;2.7750000e+02;6.2403195e-02;2.7750000e+02;1.4771393e-01;2.7750000e+02;2.4346827e-01;2.7750000e+02;3.0127481e-01;2.7750000e+02;2.8461951e-01;2.7750000e+02;2.4109936e-01;2.7750000e+02;2.0031065e-01;2.7750000e+02;1.7564362e-01;2.7750000e+02;1.5058902e-01;2.7750000e+02;1.1538282e-01;2.7750000e+02;7.2167888e-02;2.7750000e+02;2.7534753e-02;2.7750000e+02;-1.8312886e-02;2.7750000e+02;-6.5481231e-02;2.7750000e+02;-1.1435666e-01;2.7750000e+02;-6.9002539e-02;2.7750000e+02;-4.6573393e-02;2.7750000e+02;-2.1521356e-03;2.7750000e+02;6.2403195e-02;2.7750000e+02;1.4771393e-01;2.7750000e+02;2.4346827e-01;2.7750000e+02;3.0127481e-01;2.7750000e+02;2.8461951e-01;2.7750000e+02;2.4109936e-01;2.7750000e+02;2.0031065e-01;2.7750000e+02;1.7564362e-01;2.7750000e+02;1.5058902e-01;2.7750000e+02;1.1538282e-01;2.7750000e+02;7.2167888e-02;2.7750000e+02;2.7534753e-02;2.7750000e+02;-1.8312886e-02;2.7750000e+02;-6.5481231e-02;2.7750000e+02;-1.1435666e-01;2.7750000e+02;-6.9002539e-02;2.7750000e+02;-4.6573393e-02;2.7750000e+02;-2.1521356e-03;2.7750000e+02;6.2403195e-02;2.7750000e+02;1.4771393e-01;2.7750000e+02;2.4346827e-01;2.7750000e+02;3.0127481e-01;2.7750000e+02;2.8461951e-01;2.7750000e+02;2.4109936e-01;2.7750000e+02;2.0031065e-01;2.7750000e+02;1.7564362e-01;2.7750000e+02;1.5058902e-01;2.7750000e+02;1.1538282e-01;2.7750000e+02;7.2167888e-02;2.7750000e+02;2.7534753e-02;2.7750000e+02;-1.8312886e-02;2.7750000e+02;-6.5481231e-02;2.7750000e+02;-1.1435666e-01;2.7750000e+02;-6.9002539e-02;2.7750000e+02;-4.6573393e-02;2.7750000e+02;-2.1521356e-03;2.7750000e+02;6.2403195e-02;2.7750000e+02;1.4771393e-01;2.7750000e+02;2.4346827e-01;2.7750000e+02;3.0127481e-01;2.7750000e+02;2.8461951e-01;2.7750000e+02;2.4109936e-01;2.7750000e+02;2.0031065e-01;2.7750000e+02;1.7564362e-01;2.7750000e+02;1.5058902e-01;2.7750000e+02;1.1538282e-01;2.7750000e+02;7.2167888e-02;2.7750000e+02;2.7534753e-02;2.7750000e+02;-1.8312886e-02;2.7750000e+02;-6.5481231e-02;2.7750000e+02;-1.1435666e-01;2.7750000e+02;-6.9002539e-02;2.7750000e+02;-4.6573393e-02;2.7750000e+02;-2.1521356e-03;2.7750000e+02;6.2403195e-02;2.7750000e+02;1.4771393e-01;2.7750000e+02;2.4346827e-01;2.7750000e+02;3.0127481e-01;2.7750000e+02;2.8461951e-01;2.7750000e+02;2.4109936e-01;2.7750000e+02;2.0031065e-01;2.7750000e+02;1.7564362e-01;2.7750000e+02;1.5058902e-01;2.7750000e+02;1.1538282e-01;2.7750000e+02;7.2167888e-02;2.7750000e+02;2.7534753e-02;2.7750000e+02;-1.8312886e-02;2.7750000e+02;-6.5481231e-02;2.7750000e+02;-1.1435666e-01;2.7750000e+02;-6.9002539e-02;2.7750000e+02;-4.6573393e-02;2.7750000e+02;-2.1521356e-03;2.7750000e+02;6.2403195e-02;2.7750000e+02;1.4771393e-01;2.7750000e+02;2.4346827e-01;2.7750000e+02;3.0127481e-01;2.7750000e+02;2.8461951e-01;2.7750000e+02;2.4109936e-01;2.7750000e+02;2.0031065e-01;2.7750000e+02;1.7564362e-01;2.7750000e+02;1.5058902e-01;2.7750000e+02;1.1538282e-01;2.7750000e+02;7.2167888e-02;2.7750000e+02;2.7534753e-02;2.7750000e+02;-1.8312886e-02;2.7750000e+02;-6.5481231e-02;2.7750000e+02;-1.1435666e-01;2.7750000e+02;-6.9002539e-02;2.7750000e+02;-4.6573393e-02;2.7750000e+02;-2.1521356e-03;2.7750000e+02;6.2403195e-02;2.7750000e+02;1.4771393e-01;2.7750000e+02;2.4346827e-01;2.7750000e+02;3.0127481e-01;2.7750000e+02;2.8461951e-01;2.7750000e+02;2.4109936e-01;2.7750000e+02;2.0031065e-01;2.7750000e+02;1.7564362e-01;2.7750000e+02;1.5058902e-01;2.7750000e+02;1.1538282e-01;2.7750000e+02;7.2167888e-02;2.7750000e+02;2.7534753e-02;2.7750000e+02;-1.8312886e-02;2.7750000e+02;-6.5481231e-02;2.7750000e+02;-1.1435666e-01;2.7750000e+02;-6.9002539e-02;2.7750000e+02;-4.6573393e-02;2.7750000e+02;-2.1521356e-03;2.7750000e+02;6.2403195e-02;2.7750000e+02;1.4771393e-01;2.7750000e+02;2.4346827e-01;2.7750000e+02;3.0127481e-01;2.7750000e+02;2.8461951e-01;2.7750000e+02;2.4109936e-01;2.7750000e+02;2.0031065e-01;2.7750000e+02;1.7564362e-01;2.7750000e+02;1.5058902e-01;2.7750000e+02;1.1538282e-01;2.7750000e+02;7.2167888e-02;2.7750000e+02;2.7534753e-02;2.7750000e+02;-1.8312886e-02;2.7750000e+02;-6.5481231e-02;2.7750000e+02;-1.1435666e-01;2.7750000e+02;-6.9002539e-02;2.7750000e+02;-4.6573393e-02;2.7750000e+02;-2.1521356e-03;2.7750000e+02;6.2403195e-02;2.7750000e+02;1.4771393e-01;2.7750000e+02;2.4346827e-01;2.7750000e+02;3.0127481e-01;2.7750000e+02;2.8461951e-01;2.7750000e+02;2.4109936e-01;2.7750000e+02;2.0031065e-01;2.7750000e+02;1.7564362e-01;2.7750000e+02;1.5058902e-01;2.7750000e+02;1.1538282e-01;2.7750000e+02;7.2167888e-02;2.7750000e+02;2.7534753e-02;2.7750000e+02;-1.8312886e-02;2.7750000e+02;-6.5481231e-02;2.7750000e+02;-1.1435666e-01;2.7750000e+02;-6.9002539e-02;2.7750000e+02;-4.6573393e-02;2.7750000e+02;-2.1521356e-03;2.7750000e+02;6.2403195e-02;2.7750000e+02;1.4771393e-01;2.7750000e+02;2.4346827e-01;2.7750000e+02;3.0127481e-01;2.7750000e+02;2.8461951e-01;2.7750000e+02;2.4109936e-01;2.7750000e+02;2.0031065e-01;2.7750000e+02;1.7564362e-01;2.7750000e+02;1.5058902e-01;2.7750000e+02;1.1538282e-01;2.7750000e+02;7.2167888e-02;2.7750000e+02;2.7534753e-02;2.7750000e+02;-1.8312886e-02;2.7750000e+02;-6.5481231e-02;2.7750000e+02;-1.1435666e-01;2.7750000e+02;-6.9002539e-02;2.7750000e+02;-4.6573393e-02;2.7750000e+02;-2.1521356e-03;2.7750000e+02;6.2403195e-02;2.7750000e+02;1.4771393e-01;2.7750000e+02;2.4346827e-01;2.7750000e+02;3.0127481e-01;2.7750000e+02;2.8461951e-01;2.7750000e+02;2.4109936e-01;2.7750000e+02;2.0031065e-01;2.7750000e+02;1.7564362e-01;2.7750000e+02;1.5058902e-01;2.7750000e+02;1.1538282e-01;2.7750000e+02;7.2167888e-02;2.7750000e+02;2.7534753e-02;2.7750000e+02;-1.8312886e-02;2.7750000e+02;-6.5481231e-02;2.7750000e+02;-1.1435666e-01;2.7750000e+02;-6.9002539e-02;2.7750000e+02;-4.6573393e-02;2.7750000e+02;-2.1521356e-03;2.7750000e+02;6.2403195e-02;2.7750000e+02;1.4771393e-01;2.7750000e+02;2.4346827e-01;2.7750000e+02;3.0127481e-01;2.7750000e+02;2.8461951e-01;2.7750000e+02;2.4109936e-01;2.7750000e+02;2.0031065e-01;2.7750000e+02;1.7564362e-01;2.7750000e+02;1.5058902e-01;2.7750000e+02;1.1538282e-01;2.7750000e+02;7.2167888e-02;2.7750000e+02;2.7534753e-02;2.7750000e+02;-1.8312886e-02;2.7750000e+02;-6.5481231e-02;2.7750000e+02;-1.1435666e-01;2.7750000e+02;-6.9002539e-02;2.7750000e+02;-4.6573393e-02;2.7750000e+02;-2.1521356e-03;2.7750000e+02;6.2403195e-02;2.7750000e+02;1.4771393e-01;2.7750000e+02;2.4346827e-01;2.7750000e+02;3.0127481e-01;2.7750000e+02;2.8461951e-01;2.7750000e+02;2.4109936e-01;2.7750000e+02;2.0031065e-01;2.7750000e+02;1.7564362e-01;2.7750000e+02;1.5058902e-01;2.7750000e+02;1.1538282e-01;2.7750000e+02;7.2167888e-02;2.7750000e+02;2.7534753e-02;2.7750000e+02;-1.8312886e-02;2.7750000e+02;-6.5481231e-02;2.7750000e+02;-1.1435666e-01;2.7750000e+02;-6.9002539e-02;2.7750000e+02;-4.6573393e-02;2.7750000e+02;-2.1521356e-03;2.7750000e+02;6.2403195e-02;2.7750000e+02;1.4771393e-01;2.7750000e+02;2.4346827e-01;2.7750000e+02;3.0127481e-01;2.7750000e+02;2.8461951e-01;2.7750000e+02;2.4109936e-01;2.7750000e+02;2.0031065e-01;2.7750000e+02;1.7564362e-01;2.7750000e+02;1.5058902e-01;2.7750000e+02;1.1538282e-01;2.7750000e+02;7.2167888e-02;2.7750000e+02;2.7534753e-02;2.7750000e+02;-1.8312886e-02;2.7750000e+02;-6.5481231e-02;2.7750000e+02;-1.1435666e-01;2.7750000e+02;-6.9002539e-02;2.7750000e+02;-4.6573393e-02;2.7750000e+02;-2.1521356e-03;2.7750000e+02;6.2403195e-02;2.7750000e+02;1.4771393e-01;2.7750000e+02;2.4346827e-01;2.7750000e+02;3.0127481e-01;2.7750000e+02;2.8461951e-01;2.7750000e+02;2.4109936e-01;2.7750000e+02;2.0031065e-01;2.7750000e+02;1.7564362e-01;2.7750000e+02;1.5058902e-01;2.7750000e+02;1.1538282e-01;2.7750000e+02;7.2167888e-02;2.7750000e+02;2.7534753e-02;2.7750000e+02;-1.8312886e-02;2.7750000e+02;-6.5481231e-02;2.7750000e+02;-1.1435666e-01;2.7750000e+02;-6.9002539e-02;2.7750000e+02;-4.6573393e-02;2.7750000e+02;-2.1521356e-03;2.7750000e+02;6.2403195e-02;2.7750000e+02;1.4771393e-01;2.7750000e+02;2.4346827e-01;2.7750000e+02;3.0127481e-01;2.7750000e+02;2.8461951e-01;2.7750000e+02;2.4109936e-01;2.7750000e+02;2.0031065e-01;2.7750000e+02;1.7564362e-01;2.7750000e+02;1.5058902e-01;2.7750000e+02;1.1538282e-01;2.7750000e+02;7.2167888e-02;2.7750000e+02;2.7534753e-02;2.7750000e+02;-1.8312886e-02;2.7750000e+02;-6.5481231e-02;2.7750000e+02;-1.1435666e-01;2.7750000e+02;-6.9002539e-02;2.7750000e+02;-4.6573393e-02;2.7750000e+02;-2.1521356e-03;2.7750000e+02;6.2403195e-02;2.7750000e+02;1.4771393e-01;2.7750000e+02;2.4346827e-01;2.7750000e+02;3.0127481e-01;2.7750000e+02;2.8461951e-01;2.7750000e+02;2.4109936e-01;2.7750000e+02;2.0031065e-01;2.7750000e+02;1.7564362e-01;2.7750000e+02;1.5058902e-01;2.7750000e+02;1.1538282e-01;2.7750000e+02;7.2167888e-02;2.7750000e+02;2.7534753e-02;2.7750000e+02;-1.8312886e-02;2.7750000e+02;-6.5481231e-02;2.7750000e+02;-1.1435666e-01;2.7750000e+02;-6.9002539e-02;2.7750000e+02;-4.6573393e-02;2.7750000e+02;-2.1521356e-03;2.7750000e+02;6.2403195e-02;2.7750000e+02;1.4771393e-01;2.7750000e+02;2.4346827e-01;2.7750000e+02;3.0127481e-01;2.7750000e+02;2.8461951e-01;2.7750000e+02;2.4109936e-01;2.7750000e+02;2.0031065e-01;2.7750000e+02;1.7564362e-01;2.7750000e+02;1.5058902e-01;2.7750000e+02;1.1538282e-01;2.7750000e+02;7.2167888e-02;2.7750000e+02;2.7534753e-02;2.7750000e+02;-1.8312886e-02;2.7750000e+02;-6.5481231e-02;2.7750000e+02;-1.1435666e-01;2.7750000e+02;-6.9002539e-02;2.7750000e+02;-4.6573393e-02;2.7750000e+02;-2.1521356e-03;2.7750000e+02;6.2403195e-02;2.7750000e+02;1.4771393e-01;2.7750000e+02;2.4346827e-01;2.7750000e+02;3.0127481e-01;2.7750000e+02;2.8461951e-01;2.7750000e+02;2.4109936e-01;2.7750000e+02;2.0031065e-01;2.7750000e+02;1.7564362e-01;2.7750000e+02;1.5058902e-01;2.7750000e+02;1.1538282e-01;2.7750000e+02;7.2167888e-02;2.7750000e+02;2.7534753e-02;2.7750000e+02;-1.8312886e-02;2.7750000e+02;-6.5481231e-02;2.7750000e+02;-1.1435666e-01;2.7750000e+02;-6.9002539e-02;2.7750000e+02;-4.6573393e-02;2.7750000e+02;-2.1521356e-03;2.7750000e+02;6.2403195e-02;2.7750000e+02;1.4771393e-01;2.7750000e+02;2.4346827e-01;2.7750000e+02;3.0127481e-01;2.7750000e+02;2.8461951e-01;2.7750000e+02;2.4109936e-01;2.7750000e+02;2.0031065e-01;2.7750000e+02;1.7564362e-01;2.7750000e+02;1.5058902e-01;2.7750000e+02;1.1538282e-01;2.7750000e+02;7.2167888e-02;2.7750000e+02;2.7534753e-02;2.7750000e+02;-1.8312886e-02;2.7750000e+02;-6.5481231e-02;2.7750000e+02;-1.1435666e-01;2.7750000e+02;-6.9002539e-02;2.7750000e+02;-4.6573393e-02;2.7750000e+02;-2.1521356e-03;2.7750000e+02;6.2403195e-02;2.7750000e+02;1.4771393e-01;2.7750000e+02;2.4346827e-01;2.7750000e+02;3.0127481e-01;2.7750000e+02;2.8461951e-01;2.7750000e+02;2.4109936e-01;2.7750000e+02;2.0031065e-01;2.7750000e+02;1.7564362e-01;2.7750000e+02;1.5058902e-01;2.7750000e+02;1.1538282e-01;2.7750000e+02;7.2167888e-02;2.7750000e+02;2.7534753e-02;2.7750000e+02;-1.8312886e-02;2.7750000e+02;-6.5481231e-02;2.7750000e+02;-1.1435666e-01;2.7750000e+02;-6.9002539e-02;2.7750000e+02;-4.6573393e-02;2.7750000e+02;-2.1521356e-03;2.7750000e+02;6.2403195e-02;2.7750000e+02;1.4771393e-01;2.7750000e+02;2.4346827e-01;2.7750000e+02;3.0127481e-01;2.7750000e+02;2.8461951e-01;2.7750000e+02;2.4109936e-01;2.7750000e+02;2.0031065e-01;2.7750000e+02;1.7564362e-01;2.7750000e+02;1.5058902e-01;2.7750000e+02;1.1538282e-01;2.7750000e+02;7.2167888e-02;2.7750000e+02;2.7534753e-02;2.7750000e+02;-1.8312886e-02;2.7750000e+02;-6.5481231e-02;2.7750000e+02;-1.1435666e-01;2.7750000e+02;-6.9002539e-02;2.7750000e+02;-4.6573393e-02;2.7750000e+02;-2.1521356e-03;2.7750000e+02;6.2403195e-02;2.7750000e+02;1.4771393e-01;2.7750000e+02;2.4346827e-01;2.7750000e+02;3.0127481e-01;2.7750000e+02;2.8461951e-01;2.7750000e+02;2.4109936e-01;2.7750000e+02;2.0031065e-01;2.7750000e+02;1.7564362e-01;2.7750000e+02;1.5058902e-01;2.7750000e+02;1.1538282e-01;2.7750000e+02;7.2167888e-02;2.7750000e+02;2.7534753e-02;2.7750000e+02;-1.8312886e-02;2.7750000e+02;-6.5481231e-02;2.7750000e+02;-1.1435666e-01;2.7750000e+02;-6.9002539e-02;2.7750000e+02;-4.6573393e-02;2.7750000e+02;-2.1521356e-03;2.7750000e+02;6.2403195e-02;2.7750000e+02;1.4771393e-01;2.7750000e+02;2.4346827e-01;2.7750000e+02;3.0127481e-01;2.7750000e+02;2.8461951e-01;2.7750000e+02;2.4109936e-01;2.7750000e+02;2.0031065e-01;2.7750000e+02;1.7564362e-01;2.7750000e+02;1.5058902e-01;2.7750000e+02;1.1538282e-01;2.7750000e+02;7.2167888e-02;2.7750000e+02;2.7534753e-02;2.7750000e+02;-1.8312886e-02;2.7750000e+02;-6.5481231e-02;2.7750000e+02;-1.1435666e-01;2.7750000e+02;-6.9002539e-02;2.7750000e+02;-4.6573393e-02;2.7750000e+02;-2.1521356e-03;2.7750000e+02;6.2403195e-02;2.7750000e+02;1.4771393e-01;2.7750000e+02;2.4346827e-01;2.7750000e+02;3.0127481e-01;2.7750000e+02;2.8461951e-01;2.7750000e+02;2.4109936e-01;2.7750000e+02;2.0031065e-01;2.7750000e+02;1.7564362e-01;2.7750000e+02;1.5058902e-01;2.7750000e+02;1.1538282e-01;2.7750000e+02;7.2167888e-02;2.7750000e+02;2.7534753e-02;2.7750000e+02;-1.8312886e-02;2.7750000e+02;-6.5481231e-02;2.7750000e+02;-1.1435666e-01;2.7750000e+02;-6.9002539e-02;2.7750000e+02;-4.6573393e-02;2.7750000e+02;-2.1521356e-03;2.7750000e+02;6.2403195e-02;2.7750000e+02;1.4771393e-01;2.7750000e+02;2.4346827e-01;2.7750000e+02;3.0127481e-01;2.7750000e+02;2.8461951e-01;2.7750000e+02;2.4109936e-01;2.7750000e+02;2.0031065e-01;2.7750000e+02;1.7564362e-01;2.7750000e+02;1.5058902e-01;2.7750000e+02;1.1538282e-01;2.7750000e+02;7.2167888e-02;2.7750000e+02;2.7534753e-02;2.7750000e+02;-1.8312886e-02;2.7750000e+02;-6.5481231e-02;2.7750000e+02;-1.1435666e-01;2.7750000e+02;-6.9002539e-02;2.7750000e+02;-4.6573393e-02;2.7750000e+02;-2.1521356e-03;2.7750000e+02;6.2403195e-02;2.7750000e+02;1.4771393e-01;2.7750000e+02;2.4346827e-01;2.7750000e+02;3.0127481e-01;2.7750000e+02;2.8461951e-01;2.7750000e+02;2.4109936e-01;2.7750000e+02;2.0031065e-01;2.7750000e+02;1.7564362e-01;2.7750000e+02;1.5058902e-01;2.7750000e+02;1.1538282e-01;2.7750000e+02;7.2167888e-02;2.7750000e+02;2.7534753e-02;2.7750000e+02;-1.8312886e-02;2.7750000e+02;-6.5481231e-02;2.7750000e+02;-1.1435666e-01;2.7750000e+02;-6.9002539e-02;2.7750000e+02;-4.6573393e-02;2.7750000e+02;-2.1521356e-03;2.7750000e+02;6.2403195e-02;2.7750000e+02;1.4771393e-01;2.7750000e+02;2.4346827e-01;2.7750000e+02;3.0127481e-01;2.7750000e+02;2.8461951e-01;2.7750000e+02;2.4109936e-01;2.7750000e+02;2.0031065e-01;2.7750000e+02;1.7564362e-01;2.7750000e+02;1.5058902e-01;2.7750000e+02;1.1538282e-01;2.7750000e+02;7.2167888e-02;2.7750000e+02;2.7534753e-02;2.7750000e+02;-1.8312886e-02;2.7750000e+02;-6.5481231e-02;2.7750000e+02;-1.1435666e-01;2.7750000e+02;-6.9002539e-02;2.7750000e+02;-4.6573393e-02;2.7750000e+02;-2.1521356e-03;2.7750000e+02;6.2403195e-02;2.7750000e+02;1.4771393e-01;2.7750000e+02;2.4346827e-01;2.7750000e+02;3.0127481e-01;2.7750000e+02;2.8461951e-01;2.7750000e+02;2.4109936e-01;2.7750000e+02;2.0031065e-01;2.7750000e+02;1.7564362e-01;2.7750000e+02;1.5058902e-01;2.7750000e+02;1.1538282e-01;2.7750000e+02;7.2167888e-02;2.7750000e+02;2.7534753e-02;2.7750000e+02;-1.8312886e-02;2.7750000e+02;-6.5481231e-02;2.7750000e+02;-1.1435666e-01;2.7750000e+02;-6.9002539e-02;2.7750000e+02;-4.6573393e-02;2.7750000e+02;-2.1521356e-03;2.7750000e+02;6.2403195e-02;2.7750000e+02;1.4771393e-01;2.7750000e+02;2.4346827e-01;2.7750000e+02;3.0127481e-01;2.7750000e+02;2.8461951e-01;2.7750000e+02;2.4109936e-01;2.7750000e+02;2.0031065e-01;2.7750000e+02;1.7564362e-01;2.7750000e+02;1.5058902e-01;2.7750000e+02;1.1538282e-01;2.7750000e+02;7.2167888e-02;2.7750000e+02;2.7534753e-02;2.7750000e+02;-1.8312886e-02;2.7750000e+02;-6.5481231e-02;2.7750000e+02;-1.1435666e-01;2.7750000e+02;-6.9002539e-02;2.7750000e+02;-4.6573393e-02;2.7750000e+02;-2.1521356e-03;2.7750000e+02;6.2403195e-02;2.7750000e+02;1.4771393e-01;2.7750000e+02;2.4346827e-01;2.7750000e+02;3.0127481e-01;2.7750000e+02;2.8461951e-01;2.7750000e+02;2.4109936e-01;2.7750000e+02;2.0031065e-01;2.7750000e+02;1.7564362e-01;2.7750000e+02;1.5058902e-01;2.7750000e+02;1.1538282e-01;2.7750000e+02;7.2167888e-02;2.7750000e+02;2.7534753e-02;2.7750000e+02;-1.8312886e-02;2.7750000e+02;-6.5481231e-02;2.7750000e+02;-1.1435666e-01;2.7750000e+02;-6.9002539e-02;2.7750000e+02;-4.6573393e-02;2.7750000e+02;-2.1521356e-03;2.7750000e+02;6.2403195e-02;2.7750000e+02;1.4771393e-01;2.7750000e+02;2.4346827e-01;2.7750000e+02;3.0127481e-01;2.7750000e+02;2.8461951e-01;2.7750000e+02;2.4109936e-01;2.7750000e+02;2.0031065e-01;2.7750000e+02;1.7564362e-01;2.7750000e+02;1.5058902e-01;2.7750000e+02;1.1538282e-01;2.7750000e+02;7.2167888e-02;2.7750000e+02;2.7534753e-02;2.7750000e+02;-1.8312886e-02;2.7750000e+02;-6.5481231e-02;2.7750000e+02;-1.1435666e-01;2.7750000e+02;-6.9002539e-02;2.7750000e+02;-4.6573393e-02;2.7750000e+02;-2.1521356e-03;2.7750000e+02;6.2403195e-02;2.7750000e+02;1.4771393e-01;2.7750000e+02;2.4346827e-01;2.7750000e+02;3.0127481e-01;2.7750000e+02;2.8461951e-01;2.7750000e+02;2.4109936e-01;2.7750000e+02;2.0031065e-01;2.7750000e+02;1.7564362e-01;2.7750000e+02;1.5058902e-01;2.7750000e+02;1.1538282e-01;2.7750000e+02;7.2167888e-02;2.7750000e+02;2.7534753e-02;2.7750000e+02;-1.8312886e-02;2.7750000e+02;-6.5481231e-02;2.7750000e+02;-1.1435666e-01;2.7750000e+02;-6.9002539e-02;2.7750000e+02;-4.6573393e-02;2.7750000e+02;-2.1521356e-03;2.7750000e+02;6.2403195e-02;2.7750000e+02;1.4771393e-01;2.7750000e+02;2.4346827e-01;2.7750000e+02;3.0127481e-01;2.7750000e+02;2.8461951e-01;2.7750000e+02;2.4109936e-01;2.7750000e+02;2.0031065e-01;2.7750000e+02;1.7564362e-01;2.7750000e+02;1.5058902e-01;2.7750000e+02;1.1538282e-01;2.7750000e+02;7.2167888e-02;2.7750000e+02;2.7534753e-02;2.7750000e+02;-1.8312886e-02;2.7750000e+02;-6.5481231e-02;2.7750000e+02;-1.1435666e-01;2.7750000e+02;-6.9002539e-02;2.7750000e+02;-4.6573393e-02;2.7750000e+02;-2.1521356e-03;2.7750000e+02;6.2403195e-02;2.7750000e+02;1.4771393e-01;2.7750000e+02;2.4346827e-01;2.7750000e+02;3.0127481e-01;2.7750000e+02;2.8461951e-01;2.7750000e+02;2.4109936e-01;2.7750000e+02;2.0031065e-01;2.7750000e+02;1.7564362e-01;2.7750000e+02;1.5058902e-01;2.7750000e+02;1.1538282e-01;2.7750000e+02;7.2167888e-02;2.7750000e+02;2.7534753e-02;2.7750000e+02;-1.8312886e-02;2.7750000e+02;-6.5481231e-02;2.7750000e+02;-1.1435666e-01;2.7750000e+02;-6.9002539e-02;2.7750000e+02;-4.6573393e-02;2.7750000e+02;-2.1521356e-03;2.7750000e+02;6.2403195e-02;2.7750000e+02;1.4771393e-01;2.7750000e+02;2.4346827e-01;2.7750000e+02;3.0127481e-01;2.7750000e+02;2.8461951e-01;2.7750000e+02;2.4109936e-01;2.7750000e+02;2.0031065e-01;2.7750000e+02;1.7564362e-01;2.7750000e+02;1.5058902e-01;2.7750000e+02;1.1538282e-01;2.7750000e+02;7.2167888e-02;2.7750000e+02;2.7534753e-02;2.7750000e+02;-1.8312886e-02;2.7750000e+02;-6.5481231e-02;2.7750000e+02;-1.1435666e-01;2.7750000e+02;-6.9002539e-02;2.7750000e+02;-4.6573393e-02;2.7750000e+02;-2.1521356e-03;2.7750000e+02;6.2403195e-02;2.7750000e+02;1.4771393e-01;2.7750000e+02;2.4346827e-01;2.7750000e+02;3.0127481e-01;2.7750000e+02;2.8461951e-01;2.7750000e+02;2.4109936e-01;2.7750000e+02;2.0031065e-01;2.7750000e+02;1.7564362e-01;2.7750000e+02;1.5058902e-01;2.7750000e+02;1.1538282e-01;2.7750000e+02;7.2167888e-02;2.7750000e+02;2.7534753e-02;2.7750000e+02;-1.8312886e-02;2.7750000e+02;-6.5481231e-02;2.7750000e+02;-1.1435666e-01;2.7750000e+02;-6.9002539e-02;2.7750000e+02;-4.6573393e-02;2.7750000e+02;-2.1521356e-03;2.7750000e+02;6.2403195e-02;2.7750000e+02;1.4771393e-01;2.7750000e+02;2.4346827e-01;2.7750000e+02;3.0127481e-01;2.7750000e+02;2.8461951e-01;2.7750000e+02;2.4109936e-01;2.7750000e+02;2.0031065e-01;2.7750000e+02;1.7564362e-01;2.7750000e+02;1.5058902e-01;2.7750000e+02;1.1538282e-01;2.7750000e+02;7.2167888e-02;2.7750000e+02;2.7534753e-02;2.7750000e+02;-1.8312886e-02;2.7750000e+02;-6.5481231e-02;2.7750000e+02;-1.1435666e-01;2.7750000e+02;-6.9002539e-02;2.7750000e+02;-4.6573393e-02;2.7750000e+02;-2.1521356e-03;2.7750000e+02;6.2403195e-02;2.7750000e+02;1.4771393e-01;2.7750000e+02;2.4346827e-01;2.7750000e+02;3.0127481e-01;2.7750000e+02;2.8461951e-01;2.7750000e+02;2.4109936e-01;2.7750000e+02;2.0031065e-01;2.7750000e+02;1.7564362e-01;2.7750000e+02;1.5058902e-01;2.7750000e+02;1.1538282e-01;2.7750000e+02;7.2167888e-02;2.7750000e+02;2.7534753e-02;2.7750000e+02;-1.8312886e-02;2.7750000e+02;-6.5481231e-02;2.7750000e+02;-1.1435666e-01;2.7750000e+02;-6.9002539e-02;2.7750000e+02;-4.6573393e-02;2.7750000e+02;-2.1521356e-03;2.7750000e+02;6.2403195e-02;2.7750000e+02;1.4771393e-01;2.7750000e+02;2.4346827e-01;2.7750000e+02;3.0127481e-01;2.7750000e+02;2.8461951e-01;2.7750000e+02;2.4109936e-01;2.7750000e+02;2.0031065e-01;2.7750000e+02;1.7564362e-01;2.7750000e+02;1.5058902e-01;2.7750000e+02;1.1538282e-01;2.7750000e+02;7.2167888e-02;2.7750000e+02;2.7534753e-02;2.7750000e+02;-1.8312886e-02;2.7750000e+02;-6.5481231e-02;2.7750000e+02;-1.1435666e-01;2.7750000e+02;-6.9002539e-02;2.7750000e+02;-4.6573393e-02;2.7750000e+02;-2.1521356e-03;2.7750000e+02;6.2403195e-02;2.7750000e+02;1.4771393e-01;2.7750000e+02;2.4346827e-01;2.7750000e+02;3.0127481e-01;2.7750000e+02;2.8461951e-01;2.7750000e+02;2.4109936e-01;2.7750000e+02;2.0031065e-01;2.7750000e+02;1.7564362e-01;2.7750000e+02;1.5058902e-01;2.7750000e+02;1.1538282e-01;2.7750000e+02;7.2167888e-02;2.7750000e+02;2.7534753e-02;2.7750000e+02;-1.8312886e-02;2.7750000e+02;-6.5481231e-02;2.7750000e+02;-1.1435666e-01;2.7750000e+02;-6.9002539e-02;2.7750000e+02;-4.6573393e-02;2.7750000e+02;-2.1521356e-03;2.7750000e+02;6.2403195e-02;2.7750000e+02;1.4771393e-01;2.7750000e+02;2.4346827e-01;2.7750000e+02;3.0127481e-01;2.7750000e+02;2.8461951e-01;2.7750000e+02;2.4109936e-01;2.7750000e+02;2.0031065e-01;2.7750000e+02;1.7564362e-01;2.7750000e+02;1.5058902e-01;2.7750000e+02;1.1538282e-01;2.7750000e+02;7.2167888e-02;2.7750000e+02;2.7534753e-02;2.7750000e+02;-1.8312886e-02;2.7750000e+02;-6.5481231e-02;2.7750000e+02;-1.1435666e-01;2.7750000e+02;-6.9002539e-02;2.7750000e+02;-4.6573393e-02;2.7750000e+02;-2.1521356e-03;2.7750000e+02;6.2403195e-02;2.7750000e+02;1.4771393e-01;2.7750000e+02;2.4346827e-01;2.7750000e+02;3.0127481e-01;2.7750000e+02;2.8461951e-01;2.7750000e+02;2.4109936e-01;2.7750000e+02;2.0031065e-01;2.7750000e+02;1.7564362e-01;2.7750000e+02;1.5058902e-01;2.7750000e+02;1.1538282e-01;2.7750000e+02;7.2167888e-02;2.7750000e+02;2.7534753e-02;2.7750000e+02;-1.8312886e-02;2.7750000e+02;-6.5481231e-02;2.7750000e+02;-1.1435666e-01;2.7750000e+02;-6.9002539e-02;2.7750000e+02;-4.6573393e-02;2.7750000e+02;-2.1521356e-03;2.7750000e+02;6.2403195e-02;2.7750000e+02;1.4771393e-01;2.7750000e+02;2.4346827e-01;2.7750000e+02;3.0127481e-01;2.7750000e+02;2.8461951e-01;2.7750000e+02;2.4109936e-01;2.7750000e+02;2.0031065e-01;2.7750000e+02;1.7564362e-01;2.7750000e+02;1.5058902e-01;2.7750000e+02;1.1538282e-01;2.7750000e+02;7.2167888e-02;2.7750000e+02;2.7534753e-02;2.7750000e+02;-1.8312886e-02;2.7750000e+02;-6.5481231e-02;2.7750000e+02;-1.1435666e-01;2.7750000e+02;-6.9002539e-02;2.7750000e+02;-4.6573393e-02;2.7750000e+02;-2.1521356e-03;2.7750000e+02;6.2403195e-02;2.7750000e+02;1.4771393e-01;2.7750000e+02;2.4346827e-01;2.7750000e+02;3.0127481e-01;2.7750000e+02;2.8461951e-01;2.7750000e+02;2.4109936e-01;2.7750000e+02;2.0031065e-01;2.7750000e+02;1.7564362e-01;2.7750000e+02;1.5058902e-01;2.7750000e+02;1.1538282e-01;2.7750000e+02;7.2167888e-02;2.7750000e+02;2.7534753e-02;2.7750000e+02;-1.8312886e-02;2.7750000e+02;-6.5481231e-02;2.7750000e+02;-1.1435666e-01;2.7750000e+02;-6.9002539e-02;2.7750000e+02;-4.6573393e-02;2.7750000e+02;-2.1521356e-03;2.7750000e+02;6.2403195e-02;2.7750000e+02;1.4771393e-01;2.7750000e+02;2.4346827e-01;2.7750000e+02;3.0127481e-01;2.7750000e+02;2.8461951e-01;2.7750000e+02;2.4109936e-01;2.7750000e+02;2.0031065e-01;2.7750000e+02;1.7564362e-01;2.7750000e+02;1.5058902e-01;2.7750000e+02;1.1538282e-01;2.7750000e+02;7.2167888e-02;2.7750000e+02;2.7534753e-02;2.7750000e+02;-1.8312886e-02;2.7750000e+02;-6.5481231e-02;2.7750000e+02;-1.1435666e-01;2.7750000e+02;-6.9002539e-02;2.7750000e+02;-4.6573393e-02;2.7750000e+02;-2.1521356e-03;2.7750000e+02;6.2403195e-02;2.7750000e+02;1.4771393e-01;2.7750000e+02;2.4346827e-01;2.7750000e+02;3.0127481e-01;2.7750000e+02;2.8461951e-01;2.7750000e+02;2.4109936e-01;2.7750000e+02;2.0031065e-01;2.7750000e+02;1.7564362e-01;2.7750000e+02;1.5058902e-01;2.7750000e+02;1.1538282e-01;2.7750000e+02;7.2167888e-02;2.7750000e+02;2.7534753e-02;2.7750000e+02;-1.8312886e-02;2.7750000e+02;-6.5481231e-02;2.7750000e+02;-1.1435666e-01;2.7750000e+02;-6.9002539e-02;2.7750000e+02;-4.6573393e-02;2.7750000e+02;-2.1521356e-03;2.7750000e+02;6.2403195e-02;2.7750000e+02;1.4771393e-01;2.7750000e+02;2.4346827e-01;2.7750000e+02;3.0127481e-01;2.7750000e+02;2.8461951e-01;2.7750000e+02;2.4109936e-01;2.7750000e+02;2.0031065e-01;2.7750000e+02;1.7564362e-01;2.7750000e+02;1.5058902e-01;2.7750000e+02;1.1538282e-01;2.7750000e+02;7.2167888e-02;2.7750000e+02;2.7534753e-02;2.7750000e+02;-1.8312886e-02;2.7750000e+02;-6.5481231e-02;2.7750000e+02;-1.1435666e-01;2.7750000e+02;-6.9002539e-02;2.7750000e+02;-4.6573393e-02;2.7750000e+02;-2.1521356e-03;2.7750000e+02;6.2403195e-02;2.7750000e+02;1.4771393e-01;2.7750000e+02;2.4346827e-01;2.7750000e+02;3.0127481e-01;2.7750000e+02;2.8461951e-01;2.7750000e+02;2.4109936e-01;2.7750000e+02;2.0031065e-01;2.7750000e+02;1.7564362e-01;2.7750000e+02;1.5058902e-01;2.7750000e+02;1.1538282e-01;2.7750000e+02;7.2167888e-02;2.7750000e+02;2.7534753e-02;2.7750000e+02;-1.8312886e-02;2.7750000e+02;-6.5481231e-02;2.7750000e+02;-1.1435666e-01;2.7750000e+02;-6.9002539e-02;2.7750000e+02;-4.6573393e-02;2.7750000e+02;-2.1521356e-03;2.7750000e+02;6.2403195e-02;2.7750000e+02;1.4771393e-01;2.7750000e+02;2.4346827e-01;2.7750000e+02;3.0127481e-01;2.7750000e+02;2.8461951e-01;2.7750000e+02;2.4109936e-01;2.7750000e+02;2.0031065e-01;2.7750000e+02;1.7564362e-01;2.7750000e+02;1.5058902e-01;2.7750000e+02;1.1538282e-01;2.7750000e+02;7.2167888e-02;2.7750000e+02;2.7534753e-02;2.7750000e+02;-1.8312886e-02;2.7750000e+02;-6.5481231e-02;2.7750000e+02;-1.1435666e-01;2.7750000e+02;-6.9002539e-02;2.7750000e+02;-4.6573393e-02;2.7750000e+02;-2.1521356e-03;2.7750000e+02;6.2403195e-02;2.7750000e+02;1.4771393e-01;2.7750000e+02;2.4346827e-01;2.7750000e+02;3.0127481e-01;2.7750000e+02;2.8461951e-01;2.7750000e+02;2.4109936e-01;2.7750000e+02;2.0031065e-01;2.7750000e+02;1.7564362e-01;2.7750000e+02;1.5058902e-01;2.7750000e+02;1.1538282e-01;2.7750000e+02;7.2167888e-02;2.7750000e+02;2.7534753e-02;2.7750000e+02;-1.8312886e-02;2.7750000e+02;-6.5481231e-02;2.7750000e+02;-1.1435666e-01;2.7750000e+02;-6.9002539e-02;2.7750000e+02;-4.6573393e-02;2.7750000e+02;-2.1521356e-03;2.7750000e+02;6.2403195e-02;2.7750000e+02;1.4771393e-01;2.7750000e+02;2.4346827e-01;2.7750000e+02;3.0127481e-01;2.7750000e+02;2.8461951e-01;2.7750000e+02;2.4109936e-01;2.7750000e+02;2.0031065e-01;2.7750000e+02;1.7564362e-01;2.7750000e+02;1.5058902e-01;2.7750000e+02;1.1538282e-01;2.7750000e+02;7.2167888e-02;2.7750000e+02;2.7534753e-02;2.7750000e+02;-1.8312886e-02;2.7750000e+02;-6.5481231e-02;2.7750000e+02;-1.1435666e-01;2.7750000e+02;-6.9002539e-02;2.7750000e+02;-4.6573393e-02;2.7750000e+02;-2.1521356e-03;2.7750000e+02;6.2403195e-02;2.7750000e+02;1.4771393e-01;2.7750000e+02;2.4346827e-01;2.7750000e+02;3.0127481e-01;2.7750000e+02;2.8461951e-01;2.7750000e+02;2.4109936e-01;2.7750000e+02;2.0031065e-01;2.7750000e+02;1.7564362e-01;2.7750000e+02;1.5058902e-01;2.7750000e+02;1.1538282e-01;2.7750000e+02;7.2167888e-02;2.7750000e+02;2.7534753e-02;2.7750000e+02;-1.8312886e-02;2.7750000e+02;-6.5481231e-02;2.7750000e+02;-1.1435666e-01;2.7750000e+02;-6.9002539e-02;2.7750000e+02;-4.6573393e-02;2.7750000e+02;-2.1521356e-03;2.7750000e+02;6.2403195e-02;2.7750000e+02;1.4771393e-01;2.7750000e+02;2.4346827e-01;2.7750000e+02;3.0127481e-01;2.7750000e+02;2.8461951e-01;2.7750000e+02;2.4109936e-01;2.7750000e+02;2.0031065e-01;2.7750000e+02;1.7564362e-01;2.7750000e+02;1.5058902e-01;2.7750000e+02;1.1538282e-01;2.7750000e+02;7.2167888e-02;2.7750000e+02;2.7534753e-02;2.7750000e+02;-1.8312886e-02;2.7750000e+02;-6.5481231e-02;2.7750000e+02;-1.1435666e-01;2.7750000e+02;-6.9002539e-02;2.7750000e+02;-4.6573393e-02;2.7750000e+02;-2.1521356e-03;2.7750000e+02;6.2403195e-02;2.7750000e+02;1.4771393e-01;2.7750000e+02;2.4346827e-01;2.7750000e+02;3.0127481e-01;2.7750000e+02;2.8461951e-01;2.7750000e+02;2.4109936e-01;2.7750000e+02;2.0031065e-01;2.7750000e+02;1.7564362e-01;2.7750000e+02;1.5058902e-01;2.7750000e+02;1.1538282e-01;2.7750000e+02;7.2167888e-02;2.7750000e+02;2.7534753e-02;2.7750000e+02;-1.8312886e-02;2.7750000e+02;-6.5481231e-02;2.7750000e+02;-1.1435666e-01;2.7750000e+02;-6.9002539e-02;2.7750000e+02;-4.6573393e-02;2.7750000e+02;-2.1521356e-03;2.7750000e+02;6.2403195e-02;2.7750000e+02;1.4771393e-01;2.7750000e+02;2.4346827e-01;2.7750000e+02;3.0127481e-01;2.7750000e+02;2.8461951e-01;2.7750000e+02;2.4109936e-01;2.7750000e+02;2.0031065e-01;2.7750000e+02;1.7564362e-01;2.7750000e+02;1.5058902e-01;2.7750000e+02;1.1538282e-01;2.7750000e+02;7.2167888e-02;2.7750000e+02;2.7534753e-02;2.7750000e+02;-1.8312886e-02;2.7750000e+02;-6.5481231e-02;2.7750000e+02;-1.1435666e-01;2.7750000e+02;-6.9002539e-02;2.7750000e+02;-4.6573393e-02;2.7750000e+02;-2.1521356e-03;2.7750000e+02;6.2403195e-02;2.7750000e+02;1.4771393e-01;2.7750000e+02;2.4346827e-01;2.7750000e+02;3.0127481e-01;2.7750000e+02;2.8461951e-01;2.7750000e+02;2.4109936e-01;2.7750000e+02;2.0031065e-01;2.7750000e+02;1.7564362e-01;2.7750000e+02;1.5058902e-01;2.7750000e+02;1.1538282e-01;2.7750000e+02;7.2167888e-02;2.7750000e+02;2.7534753e-02;2.7750000e+02;-1.8312886e-02;2.7750000e+02;-6.5481231e-02;2.7750000e+02;-1.1435666e-01;2.7750000e+02;-6.9002539e-02;2.7750000e+02;-4.6573393e-02;2.7750000e+02;-2.1521356e-03;2.7750000e+02;6.2403195e-02;2.7750000e+02;1.4771393e-01;2.7750000e+02;2.4346827e-01;2.7750000e+02;3.0127481e-01;2.7750000e+02;2.8461951e-01;2.7750000e+02;2.4109936e-01;2.7750000e+02;2.0031065e-01;2.7750000e+02;1.7564362e-01;2.7750000e+02;1.5058902e-01;2.7750000e+02;1.1538282e-01;2.7750000e+02;7.2167888e-02;2.7750000e+02;2.7534753e-02;2.7750000e+02;-1.8312886e-02;2.7750000e+02;-6.5481231e-02;2.7750000e+02;-1.1435666e-01;2.7750000e+02;-6.9002539e-02;2.7750000e+02;-4.6573393e-02;2.7750000e+02;-2.1521356e-03;2.7750000e+02;6.2403195e-02;2.7750000e+02;1.4771393e-01;2.7750000e+02;2.4346827e-01;2.7750000e+02;3.0127481e-01;2.7750000e+02;2.8461951e-01;2.7750000e+02;2.4109936e-01;2.7750000e+02;2.0031065e-01;2.7750000e+02;1.7564362e-01;2.7750000e+02;1.5058902e-01;2.7750000e+02;1.1538282e-01;2.7750000e+02;7.2167888e-02;2.7750000e+02;2.7534753e-02;2.7750000e+02;-1.8312886e-02;2.7750000e+02;-6.5481231e-02;2.7750000e+02;-1.1435666e-01;2.7750000e+02;-6.9002539e-02;2.7750000e+02;-4.6573393e-02;2.7750000e+02;-2.1521356e-03;2.7750000e+02;6.2403195e-02;2.7750000e+02;1.4771393e-01;2.7750000e+02;2.4346827e-01;2.7750000e+02;3.0127481e-01;2.7750000e+02;2.8461951e-01;2.7750000e+02;2.4109936e-01;2.7750000e+02;2.0031065e-01;2.7750000e+02;1.7564362e-01;2.7750000e+02;1.5058902e-01;2.7750000e+02;1.1538282e-01;2.7750000e+02;7.2167888e-02;2.7750000e+02;2.7534753e-02;2.7750000e+02;-1.8312886e-02;2.7750000e+02;-6.5481231e-02;2.7750000e+02;-1.1435666e-01;2.7750000e+02;-6.9002539e-02;2.7750000e+02;-4.6573393e-02;2.7750000e+02;-2.1521356e-03;2.7750000e+02;6.2403195e-02;2.7750000e+02;1.4771393e-01;2.7750000e+02;2.4346827e-01;2.7750000e+02;3.0127481e-01;2.7750000e+02;2.8461951e-01;2.7750000e+02;2.4109936e-01;2.7750000e+02;2.0031065e-01;2.7750000e+02;1.7564362e-01;2.7750000e+02;1.5058902e-01;2.7750000e+02;1.1538282e-01;2.7750000e+02;7.2167888e-02;2.7750000e+02;2.7534753e-02;2.7750000e+02;-1.8312886e-02;2.7750000e+02;-6.5481231e-02;2.7750000e+02;-1.1435666e-01;2.7750000e+02;-6.9002539e-02;2.7750000e+02;-4.6573393e-02;2.7750000e+02;-2.1521356e-03;2.7750000e+02;6.2403195e-02;2.7750000e+02;1.4771393e-01;2.7750000e+02;2.4346827e-01;2.7750000e+02;3.0127481e-01;2.7750000e+02;2.8461951e-01;2.7750000e+02;2.4109936e-01;2.7750000e+02;2.0031065e-01;2.7750000e+02;1.7564362e-01;2.7750000e+02;1.5058902e-01;2.7750000e+02;1.1538282e-01;2.7750000e+02;7.2167888e-02;2.7750000e+02;2.7534753e-02;2.7750000e+02;-1.8312886e-02;2.7750000e+02;-6.5481231e-02;2.7750000e+02;-1.1435666e-01;2.7750000e+02;-6.9002539e-02;2.7750000e+02;-4.6573393e-02;2.7750000e+02;-2.1521356e-03;2.7750000e+02;6.2403195e-02;2.7750000e+02;1.4771393e-01;2.7750000e+02;2.4346827e-01;2.7750000e+02;3.0127481e-01;2.7750000e+02;2.8461951e-01;2.7750000e+02;2.4109936e-01;2.7750000e+02;2.0031065e-01;2.7750000e+02;1.7564362e-01;2.7750000e+02;1.5058902e-01;2.7750000e+02;1.1538282e-01;2.7750000e+02;7.2167888e-02;2.7750000e+02;2.7534753e-02;2.7750000e+02;-1.8312886e-02;2.7750000e+02;-6.5481231e-02;2.7750000e+02;-1.1435666e-01
2.8250000e+02;-6.5104432e-02;2.8250000e+02;-3.6816295e-02;2.8250000e+02;1.4170030e-02;2.8250000e+02;8.5149512e-02;2.8250000e+02;1.7622276e-01;2.8250000e+02;2.7089632e-01;2.8250000e+02;3.2654160e-01;2.8250000e+02;3.0589315e-01;2.8250000e+02;2.6327199e-01;2.8250000e+02;2.1807086e-01;2.8250000e+02;1.8053654e-01;2.8250000e+02;1.5003535e-01;2.8250000e+02;1.1601254e-01;2.8250000e+02;7.4307397e-02;2.8250000e+02;3.1313568e-02;2.8250000e+02;-1.5058339e-02;2.8250000e+02;-6.2071435e-02;2.8250000e+02;-1.1012961e-01;2.8250000e+02;-6.5104432e-02;2.8250000e+02;-3.6816295e-02;2.8250000e+02;1.4170030e-02;2.8250000e+02;8.5149512e-02;2.8250000e+02;1.7622276e-01;2.8250000e+02;2.7089632e-01;2.8250000e+02;3.2654160e-01;2.8250000e+02;3.0589315e-01;2.8250000e+02;2.6327199e-01;2.8250000e+02;2.1807086e-01;2.8250000e+02;1.8053654e-01;2.8250000e+02;1.5003535e-01;2.8250000e+02;1.1601254e-01;2.8250000e+02;7.4307397e-02;2.8250000e+02;3.1313568e-02;2.8250000e+02;-1.5058339e-02;2.8250000e+02;-6.2071435e-02;2.8250000e+02;-1.1012961e-01;2.8250000e+02;-6.5104432e-02;2.8250000e+02;-3.6816295e-02;2.8250000e+02;1.4170030e-02;2.8250000e+02;8.5149512e-02;2.8250000e+02;1.7622276e-01;2.8250000e+02;2.7089632e-01;2.8250000e+02;3.2654160e-01;2.8250000e+02;3.0589315e-01;2.8250000e+02;2.6327199e-01;2.8250000e+02;2.1807086e-01;2.8250000e+02;1.8053654e-01;2.8250000e+02;1.5003535e-01;2.8250000e+02;1.1601254e-01;2.8250000e+02;7.4307397e-02;2.8250000e+02;3.1313568e-02;2.8250000e+02;-1.5058339e-02;2.8250000e+02;-6.2071435e-02;2.8250000e+02;-1.1012961e-01;2.8250000e+02;-6.5104432e-02;2.8250000e+02;-3.6816295e-02;2.8250000e+02;1.4170030e-02;2.8250000e+02;8.5149512e-02;2.8250000e+02;1.7622276e-01;2.8250000e+02;2.7089632e-01;2.8250000e+02;3.2654160e-01;2.8250000e+02;3.0589315e-01;2.8250000e+02;2.6327199e-01;2.8250000e+02;2.1807086e-01;2.8250000e+02;1.8053654e-01;2.8250000e+02;1.5003535e-01;2.8250000e+02;1.1601254e-01;2.8250000e+02;7.4307397e-02;2.8250000e+02;3.1313568e-02;2.8250000e+02;-1.5058339e-02;2.8250000e+02;-6.2071435e-02;2.8250000e+02;-1.1012961e-01;2.8250000e+02;-6.5104432e-02;2.8250000e+02;-3.6816295e-02;2.8250000e+02;1.4170030e-02;2.8250000e+02;8.5149512e-02;2.8250000e+02;1.7622276e-01;2.8250000e+02;2.7089632e-01;2.8250000e+02;3.2654160e-01;2.8250000e+02;3.0589315e-01;2.8250000e+02;2.6327199e-01;2.8250000e+02;2.1807086e-01;2.8250000e+02;1.8053654e-01;2.8250000e+02;1.5003535e-01;2.8250000e+02;1.1601254e-01;2.8250000e+02;7.4307397e-02;2.8250000e+02;3.1313568e-02;2.8250000e+02;-1.5058339e-02;2.8250000e+02;-6.2071435e-02;2.8250000e+02;-1.1012961e-01;2.8250000e+02;-6.5104432e-02;2.8250000e+02;-3.6816295e-02;2.8250000e+02;1.4170030e-02;2.8250000e+02;8.5149512e-02;2.8250000e+02;1.7622276e-01;2.8250000e+02;2.7089632e-01;2.8250000e+02;3.2654160e-01;2.8250000e+02;3.0589315e-01;2.8250000e+02;2.6327199e-01;2.8250000e+02;2.1807086e-01;2.8250000e+02;1.8053654e-01;2.8250000e+02;1.5003535e-01;2.8250000e+02;1.1601254e-01;2.8250000e+02;7.4307397e-02;2.8250000e+02;3.1313568e-02;2.8250000e+02;-1.5058339e-02;2.8250000e+02;-6.2071435e-02;2.8250000e+02;-1.1012961e-01;2.8250000e+02;-6.5104432e-02;2.8250000e+02;-3.6816295e-02;2.8250000e+02;1.4170030e-02;2.8250000e+02;8.5149512e-02;2.8250000e+02;1.7622276e-01;2.8250000e+02;2.7089632e-01;2.8250000e+02;3.2654160e-01;2.8250000e+02;3.0589315e-01;2.8250000e+02;2.6327199e-01;2.8250000e+02;2.1807086e-01;2.8250000e+02;1.8053654e-01;2.8250000e+02;1.5003535e-01;2.8250000e+02;1.1601254e-01;2.8250000e+02;7.4307397e-02;2.8250000e+02;3.1313568e-02;2.8250000e+02;-1.5058339e-02;2.8250000e+02;-6.2071435e-02;2.8250000e+02;-1.1012961e-01;2.8250000e+02;-6.5104432e-02;2.8250000e+02;-3.6816295e-02;2.8250000e+02;1.4170030e-02;2.8250000e+02;8.5149512e-02;2.8250000e+02;1.7622276e-01;2.8250000e+02;2.7089632e-01;2.8250000e+02;3.2654160e-01;2.8250000e+02;3.0589315e-01;2.8250000e+02;2.6327199e-01;2.8250000e+02;2.1807086e-01;2.8250000e+02;1.8053654e-01;2.8250000e+02;1.5003535e-01;2.8250000e+02;1.1601254e-01;2.8250000e+02;7.4307397e-02;2.8250000e+02;3.1313568e-02;2.8250000e+02;-1.5058339e-02;2.8250000e+02;-6.2071435e-02;2.8250000e+02;-1.1012961e-01;2.8250000e+02;-6.5104432e-02;2.8250000e+02;-3.6816295e-02;2.8250000e+02;1.4170030e-02;2.8250000e+02;8.5149512e-02;2.8250000e+02;1.7622276e-01;2.8250000e+02;2.7089632e-01;2.8250000e+02;3.2654160e-01;2.8250000e+02;3.0589315e-01;2.8250000e+02;2.6327199e-01;2.8250000e+02;2.1807086e-01;2.8250000e+02;1.8053654e-01;2.8250000e+02;1.5003535e-01;2.8250000e+02;1.1601254e-01;2.8250000e+02;7.4307397e-02;2.8250000e+02;3.1313568e-02;2.8250000e+02;-1.5058339e-02;2.8250000e+02;-6.2071435e-02;2.8250000e+02;-1.1012961e-01;2.8250000e+02;-6.5104432e-02;2.8250000e+02;-3.6816295e-02;2.8250000e+02;1.4170030e-02;2.8250000e+02;8.5149512e-02;2.8250000e+02;1.7622276e-01;2.8250000e+02;2.7089632e-01;2.8250000e+02;3.2654160e-01;2.8250000e+02;3.0589315e-01;2.8250000e+02;2.6327199e-01;2.8250000e+02;2.1807086e-01;2.8250000e+02;1.8053654e-01;2.8250000e+02;1.5003535e-01;2.8250000e+02;1.1601254e-01;2.8250000e+02;7.4307397e-02;2.8250000e+02;3.1313568e-02;2.8250000e+02;-1.5058339e-02;2.8250000e+02;-6.2071435e-02;2.8250000e+02;-1.1012961e-01;2.8250000e+02;-6.5104432e-02;2.8250000e+02;-3.6816295e-02;2.8250000e+02;1.4170030e-02;2.8250000e+02;8.5149512e-02;2.8250000e+02;1.7622276e-01;2.8250000e+02;2.7089632e-01;2.8250000e+02;3.2654160e-01;2.8250000e+02;3.0589315e-01;2.8250000e+02;2.6327199e-01;2.8250000e+02;2.1807086e-01;2.8250000e+02;1.8053654e-01;2.8250000e+02;1.5003535e-01;2.8250000e+02;1.1601254e-01;2.8250000e+02;7.4307397e-02;2.8250000e+02;3.1313568e-02;2.8250000e+02;-1.5058339e-02;2.8250000e+02;-6.2071435e-02;2.8250000e+02;-1.1012961e-01;2.8250000e+02;-6.5104432e-02;2.8250000e+02;-3.6816295e-02;2.8250000e+02;1.4170030e-02;2.8250000e+02;8.5149512e-02;2.8250000e+02;1.7622276e-01;2.8250000e+02;2.7089632e-01;2.8250000e+02;3.2654160e-01;2.8250000e+02;3.0589315e-01;2.8250000e+02;2.6327199e-01;2.8250000e+02;2.1807086e-01;2.8250000e+02;1.8053654e-01;2.8250000e+02;1.5003535e-01;2.8250000e+02;1.1601254e-01;2.8250000e+02;7.4307397e-02;2.8250000e+02;3.1313568e-02;2.8250000e+02;-1.5058339e-02;2.8250000e+02;-6.2071435e-02;2.8250000e+02;-1.1012961e-01;2.8250000e+02;-6.5104432e-02;2.8250000e+02;-3.6816295e-02;2.8250000e+02;1.4170030e-02;2.8250000e+02;8.5149512e-02;2.8250000e+02;1.7622276e-01;2.8250000e+02;2.7089632e-01;2.8250000e+02;3.2654160e-01;2.8250000e+02;3.0589315e-01;2.8250000e+02;2.6327199e-01;2.8250000e+02;2.1807086e-01;2.8250000e+02;1.8053654e-01;2.8250000e+02;1.5003535e-01;2.8250000e+02;1.1601254e-01;2.8250000e+02;7.4307397e-02;2.8250000e+02;3.1313568e-02;2.8250000e+02;-1.5058339e-02;2.8250000e+02;-6.2071435e-02;2.8250000e+02;-1.1012961e-01;2.8250000e+02;-6.5104432e-02;2.8250000e+02;-3.6816295e-02;2.8250000e+02;1.4170030e-02;2.8250000e+02;8.5149512e-02;2.8250000e+02;1.7622276e-01;2.8250000e+02;2.7089632e-01;2.8250000e+02;3.2654160e-01;2.8250000e+02;3.0589315e-01;2.8250000e+02;2.6327199e-01;2.8250000e+02;2.1807086e-01;2.8250000e+02;1.8053654e-01;2.8250000e+02;1.5003535e-01;2.8250000e+02;1.1601254e-01;2.8250000e+02;7.4307397e-02;2.8250000e+02;3.1313568e-02;2.8250000e+02;-1.5058339e-02;2.8250000e+02;-6.2071435e-02;2.8250000e+02;-1.1012961e-01;2.8250000e+02;-6.5104432e-02;2.8250000e+02;-3.6816295e-02;2.8250000e+02;1.4170030e-02;2.8250000e+02;8.5149512e-02;2.8250000e+02;1.7622276e-01;2.8250000e+02;2.7089632e-01;2.8250000e+02;3.2654160e-01;2.8250000e+02;3.0589315e-01;2.8250000e+02;2.6327199e-01;2.8250000e+02;2.1807086e-01;2.8250000e+02;1.8053654e-01;2.8250000e+02;1.5003535e-01;2.8250000e+02;1.1601254e-01;2.8250000e+02;7.4307397e-02;2.8250000e+02;3.1313568e-02;2.8250000e+02;-1.5058339e-02;2.8250000e+02;-6.2071435e-02;2.8250000e+02;-1.1012961e-01;2.8250000e+02;-6.5104432e-02;2.8250000e+02;-3.6816295e-02;2.8250000e+02;1.4170030e-02;2.8250000e+02;8.5149512e-02;2.8250000e+02;1.7622276e-01;2.8250000e+02;2.7089632e-01;2.8250000e+02;3.2654160e-01;2.8250000e+02;3.0589315e-01;2.8250000e+02;2.6327199e-01;2.8250000e+02;2.1807086e-01;2.8250000e+02;1.8053654e-01;2.8250000e+02;1.5003535e-01;2.8250000e+02;1.1601254e-01;2.8250000e+02;7.4307397e-02;2.8250000e+02;3.1313568e-02;2.8250000e+02;-1.5058339e-02;2.8250000e+02;-6.2071435e-02;2.8250000e+02;-1.1012961e-01;2.8250000e+02;-6.5104432e-02;2.8250000e+02;-3.6816295e-02;2.8250000e+02;1.4170030e-02;2.8250000e+02;8.5149512e-02;2.8250000e+02;1.7622276e-01;2.8250000e+02;2.7089632e-01;2.8250000e+02;3.2654160e-01;2.8250000e+02;3.0589315e-01;2.8250000e+02;2.6327199e-01;2.8250000e+02;2.1807086e-01;2.8250000e+02;1.8053654e-01;2.8250000e+02;1.5003535e-01;2.8250000e+02;1.1601254e-01;2.8250000e+02;7.4307397e-02;2.8250000e+02;3.1313568e-02;2.8250000e+02;-1.5058339e-02;2.8250000e+02;-6.2071435e-02;2.8250000e+02;-1.1012961e-01;2.8250000e+02;-6.5104432e-02;2.8250000e+02;-3.6816295e-02;2.8250000e+02;1.4170030e-02;2.8250000e+02;8.5149512e-02;2.8250000e+02;1.7622276e-01;2.8250000e+02;2.7089632e-01;2.8250000e+02;3.2654160e-01;2.8250000e+02;3.0589315e-01;2.8250000e+02;2.6327199e-01;2.8250000e+02;2.1807086e-01;2.8250000e+02;1.8053654e-01;2.8250000e+02;1.5003535e-01;2.8250000e+02;1.1601254e-01;2.8250000e+02;7.4307397e-02;2.8250000e+02;3.1313568e-02;2.8250000e+02;-1.5058339e-02;2.8250000e+02;-6.2071435e-02;2.8250000e+02;-1.1012961e-01;2.8250000e+02;-6.5104432e-02;2.8250000e+02;-3.6816295e-02;2.8250000e+02;1.4170030e-02;2.8250000e+02;8.5149512e-02;2.8250000e+02;1.7622276e-01;2.8250000e+02;2.7089632e-01;2.8250000e+02;3.2654160e-01;2.8250000e+02;3.0589315e-01;2.8250000e+02;2.6327199e-01;2.8250000e+02;2.1807086e-01;2.8250000e+02;1.8053654e-01;2.8250000e+02;1.5003535e-01;2.8250000e+02;1.1601254e-01;2.8250000e+02;7.4307397e-02;2.8250000e+02;3.1313568e-02;2.8250000e+02;-1.5058339e-02;2.8250000e+02;-6.2071435e-02;2.8250000e+02;-1.1012961e-01;2.8250000e+02;-6.5104432e-02;2.8250000e+02;-3.6816295e-02;2.8250000e+02;1.4170030e-02;2.8250000e+02;8.5149512e-02;2.8250000e+02;1.7622276e-01;2.8250000e+02;2.7089632e-01;2.8250000e+02;3.2654160e-01;2.8250000e+02;3.0589315e-01;2.8250000e+02;2.6327199e-01;2.8250000e+02;2.1807086e-01;2.8250000e+02;1.8053654e-01;2.8250000e+02;1.5003535e-01;2.8250000e+02;1.1601254e-01;2.8250000e+02;7.4307397e-02;2.8250000e+02;3.1313568e-02;2.8250000e+02;-1.5058339e-02;2.8250000e+02;-6.2071435e-02;2.8250000e+02;-1.1012961e-01;2.8250000e+02;-6.5104432e-02;2.8250000e+02;-3.6816295e-02;2.8250000e+02;1.4170030e-02;2.8250000e+02;8.5149512e-02;2.8250000e+02;1.7622276e-01;2.8250000e+02;2.7089632e-01;2.8250000e+02;3.2654160e-01;2.8250000e+02;3.0589315e-01;2.8250000e+02;2.6327199e-01;2.8250000e+02;2.1807086e-01;2.8250000e+02;1.8053654e-01;2.8250000e+02;1.5003535e-01;2.8250000e+02;1.1601254e-01;2.8250000e+02;7.4307397e-02;2.8250000e+02;3.1313568e-02;2.8250000e+02;-1.5058339e-02;2.8250000e+02;-6.2071435e-02;2.8250000e+02;-1.1012961e-01;2.8250000e+02;-6.5104432e-02;2.8250000e+02;-3.6816295e-02;2.8250000e+02;1.4170030e-02;2.8250000e+02;8.5149512e-02;2.8250000e+02;1.7622276e-01;2.8250000e+02;2.7089632e-01;2.8250000e+02;3.2654160e-01;2.8250000e+02;3.0589315e-01;2.8250000e+02;2.6327199e-01;2.8250000e+02;2.1807086e-01;2.8250000e+02;1.8053654e-01;2.8250000e+02;1.5003535e-01;2.8250000e+02;1.1601254e-01;2.8250000e+02;7.4307397e-02;2.8250000e+02;3.1313568e-02;2.8250000e+02;-1.5058339e-02;2.8250000e+02;-6.2071435e-02;2.8250000e+02;-1.1012961e-01;2.8250000e+02;-6.5104432e-02;2.8250000e+02;-3.6816295e-02;2.8250000e+02;1.4170030e-02;2.8250000e+02;8.5149512e-02;2.8250000e+02;1.7622276e-01;2.8250000e+02;2.7089632e-01;2.8250000e+02;3.2654160e-01;2.8250000e+02;3.0589315e-01;2.8250000e+02;2.6327199e-01;2.8250000e+02;2.1807086e-01;2.8250000e+02;1.8053654e-01;2.8250000e+02;1.5003535e-01;2.8250000e+02;1.1601254e-01;2.8250000e+02;7.4307397e-02;2.8250000e+02;3.1313568e-02;2.8250000e+02;-1.5058339e-02;2.8250000e+02;-6.2071435e-02;2.8250000e+02;-1.1012961e-01;2.8250000e+02;-6.5104432e-02;2.8250000e+02;-3.6816295e-02;2.8250000e+02;1.4170030e-02;2.8250000e+02;8.5149512e-02;2.8250000e+02;1.7622276e-01;2.8250000e+02;2.7089632e-01;2.8250000e+02;3.2654160e-01;2.8250000e+02;3.0589315e-01;2.8250000e+02;2.6327199e-01;2.8250000e+02;2.1807086e-01;2.8250000e+02;1.8053654e-01;2.8250000e+02;1.5003535e-01;2.8250000e+02;1.1601254e-01;2.8250000e+02;7.4307397e-02;2.8250000e+02;3.1313568e-02;2.8250000e+02;-1.5058339e-02;2.8250000e+02;-6.2071435e-02;2.8250000e+02;-1.1012961e-01;2.8250000e+02;-6.5104432e-02;2.8250000e+02;-3.6816295e-02;2.8250000e+02;1.4170030e-02;2.8250000e+02;8.5149512e-02;2.8250000e+02;1.7622276e-01;2.8250000e+02;2.7089632e-01;2.8250000e+02;3.2654160e-01;2.8250000e+02;3.0589315e-01;2.8250000e+02;2.6327199e-01;2.8250000e+02;2.1807086e-01;2.8250000e+02;1.8053654e-01;2.8250000e+02;1.5003535e-01;2.8250000e+02;1.1601254e-01;2.8250000e+02;7.4307397e-02;2.8250000e+02;3.1313568e-02;2.8250000e+02;-1.5058339e-02;2.8250000e+02;-6.2071435e-02;2.8250000e+02;-1.1012961e-01;2.8250000e+02;-6.5104432e-02;2.8250000e+02;-3.6816295e-02;2.8250000e+02;1.4170030e-02;2.8250000e+02;8.5149512e-02;2.8250000e+02;1.7622276e-01;2.8250000e+02;2.7089632e-01;2.8250000e+02;3.2654160e-01;2.8250000e+02;3.0589315e-01;2.8250000e+02;2.6327199e-01;2.8250000e+02;2.1807086e-01;2.8250000e+02;1.8053654e-01;2.8250000e+02;1.5003535e-01;2.8250000e+02;1.1601254e-01;2.8250000e+02;7.4307397e-02;2.8250000e+02;3.1313568e-02;2.8250000e+02;-1.5058339e-02;2.8250000e+02;-6.2071435e-02;2.8250000e+02;-1.1012961e-01;2.8250000e+02;-6.5104432e-02;2.8250000e+02;-3.6816295e-02;2.8250000e+02;1.4170030e-02;2.8250000e+02;8.5149512e-02;2.8250000e+02;1.7622276e-01;2.8250000e+02;2.7089632e-01;2.8250000e+02;3.2654160e-01;2.8250000e+02;3.0589315e-01;2.8250000e+02;2.6327199e-01;2.8250000e+02;2.1807086e-01;2.8250000e+02;1.8053654e-01;2.8250000e+02;1.5003535e-01;2.8250000e+02;1.1601254e-01;2.8250000e+02;7.4307397e-02;2.8250000e+02;3.1313568e-02;2.8250000e+02;-1.5058339e-02;2.8250000e+02;-6.2071435e-02;2.8250000e+02;-1.1012961e-01;2.8250000e+02;-6.5104432e-02;2.8250000e+02;-3.6816295e-02;2.8250000e+02;1.4170030e-02;2.8250000e+02;8.5149512e-02;2.8250000e+02;1.7622276e-01;2.8250000e+02;2.7089632e-01;2.8250000e+02;3.2654160e-01;2.8250000e+02;3.0589315e-01;2.8250000e+02;2.6327199e-01;2.8250000e+02;2.1807086e-01;2.8250000e+02;1.8053654e-01;2.8250000e+02;1.5003535e-01;2.8250000e+02;1.1601254e-01;2.8250000e+02;7.4307397e-02;2.8250000e+02;3.1313568e-02;2.8250000e+02;-1.5058339e-02;2.8250000e+02;-6.2071435e-02;2.8250000e+02;-1.1012961e-01;2.8250000e+02;-6.5104432e-02;2.8250000e+02;-3.6816295e-02;2.8250000e+02;1.4170030e-02;2.8250000e+02;8.5149512e-02;2.8250000e+02;1.7622276e-01;2.8250000e+02;2.7089632e-01;2.8250000e+02;3.2654160e-01;2.8250000e+02;3.0589315e-01;2.8250000e+02;2.6327199e-01;2.8250000e+02;2.1807086e-01;2.8250000e+02;1.8053654e-01;2.8250000e+02;1.5003535e-01;2.8250000e+02;1.1601254e-01;2.8250000e+02;7.4307397e-02;2.8250000e+02;3.1313568e-02;2.8250000e+02;-1.5058339e-02;2.8250000e+02;-6.2071435e-02;2.8250000e+02;-1.1012961e-01;2.8250000e+02;-6.5104432e-02;2.8250000e+02;-3.6816295e-02;2.8250000e+02;1.4170030e-02;2.8250000e+02;8.5149512e-02;2.8250000e+02;1.7622276e-01;2.8250000e+02;2.7089632e-01;2.8250000e+02;3.2654160e-01;2.8250000e+02;3.0589315e-01;2.8250000e+02;2.6327199e-01;2.8250000e+02;2.1807086e-01;2.8250000e+02;1.8053654e-01;2.8250000e+02;1.5003535e-01;2.8250000e+02;1.1601254e-01;2.8250000e+02;7.4307397e-02;2.8250000e+02;3.1313568e-02;2.8250000e+02;-1.5058339e-02;2.8250000e+02;-6.2071435e-02;2.8250000e+02;-1.1012961e-01;2.8250000e+02;-6.5104432e-02;2.8250000e+02;-3.6816295e-02;2.8250000e+02;1.4170030e-02;2.8250000e+02;8.5149512e-02;2.8250000e+02;1.7622276e-01;2.8250000e+02;2.7089632e-01;2.8250000e+02;3.2654160e-01;2.8250000e+02;3.0589315e-01;2.8250000e+02;2.6327199e-01;2.8250000e+02;2.1807086e-01;2.8250000e+02;1.8053654e-01;2.8250000e+02;1.5003535e-01;2.8250000e+02;1.1601254e-01;2.8250000e+02;7.4307397e-02;2.8250000e+02;3.1313568e-02;2.8250000e+02;-1.5058339e-02;2.8250000e+02;-6.2071435e-02;2.8250000e+02;-1.1012961e-01;2.8250000e+02;-6.5104432e-02;2.8250000e+02;-3.6816295e-02;2.8250000e+02;1.4170030e-02;2.8250000e+02;8.5149512e-02;2.8250000e+02;1.7622276e-01;2.8250000e+02;2.7089632e-01;2.8250000e+02;3.2654160e-01;2.8250000e+02;3.0589315e-01;2.8250000e+02;2.6327199e-01;2.8250000e+02;2.1807086e-01;2.8250000e+02;1.8053654e-01;2.8250000e+02;1.5003535e-01;2.8250000e+02;1.1601254e-01;2.8250000e+02;7.4307397e-02;2.8250000e+02;3.1313568e-02;2.8250000e+02;-1.5058339e-02;2.8250000e+02;-6.2071435e-02;2.8250000e+02;-1.1012961e-01;2.8250000e+02;-6.5104432e-02;2.8250000e+02;-3.6816295e-02;2.8250000e+02;1.4170030e-02;2.8250000e+02;8.5149512e-02;2.8250000e+02;1.7622276e-01;2.8250000e+02;2.7089632e-01;2.8250000e+02;3.2654160e-01;2.8250000e+02;3.0589315e-01;2.8250000e+02;2.6327199e-01;2.8250000e+02;2.1807086e-01;2.8250000e+02;1.8053654e-01;2.8250000e+02;1.5003535e-01;2.8250000e+02;1.1601254e-01;2.8250000e+02;7.4307397e-02;2.8250000e+02;3.1313568e-02;2.8250000e+02;-1.5058339e-02;2.8250000e+02;-6.2071435e-02;2.8250000e+02;-1.1012961e-01;2.8250000e+02;-6.5104432e-02;2.8250000e+02;-3.6816295e-02;2.8250000e+02;1.4170030e-02;2.8250000e+02;8.5149512e-02;2.8250000e+02;1.7622276e-01;2.8250000e+02;2.7089632e-01;2.8250000e+02;3.2654160e-01;2.8250000e+02;3.0589315e-01;2.8250000e+02;2.6327199e-01;2.8250000e+02;2.1807086e-01;2.8250000e+02;1.8053654e-01;2.8250000e+02;1.5003535e-01;2.8250000e+02;1.1601254e-01;2.8250000e+02;7.4307397e-02;2.8250000e+02;3.1313568e-02;2.8250000e+02;-1.5058339e-02;2.8250000e+02;-6.2071435e-02;2.8250000e+02;-1.1012961e-01;2.8250000e+02;-6.5104432e-02;2.8250000e+02;-3.6816295e-02;2.8250000e+02;1.4170030e-02;2.8250000e+02;8.5149512e-02;2.8250000e+02;1.7622276e-01;2.8250000e+02;2.7089632e-01;2.8250000e+02;3.2654160e-01;2.8250000e+02;3.0589315e-01;2.8250000e+02;2.6327199e-01;2.8250000e+02;2.1807086e-01;2.8250000e+02;1.8053654e-01;2.8250000e+02;1.5003535e-01;2.8250000e+02;1.1601254e-01;2.8250000e+02;7.4307397e-02;2.8250000e+02;3.1313568e-02;2.8250000e+02;-1.5058339e-02;2.8250000e+02;-6.2071435e-02;2.8250000e+02;-1.1012961e-01;2.8250000e+02;-6.5104432e-02;2.8250000e+02;-3.6816295e-02;2.8250000e+02;1.4170030e-02;2.8250000e+02;8.5149512e-02;2.8250000e+02;1.7622276e-01;2.8250000e+02;2.7089632e-01;2.8250000e+02;3.2654160e-01;2.8250000e+02;3.0589315e-01;2.8250000e+02;2.6327199e-01;2.8250000e+02;2.1807086e-01;2.8250000e+02;1.8053654e-01;2.8250000e+02;1.5003535e-01;2.8250000e+02;1.1601254e-01;2.8250000e+02;7.4307397e-02;2.8250000e+02;3.1313568e-02;2.8250000e+02;-1.5058339e-02;2.8250000e+02;-6.2071435e-02;2.8250000e+02;-1.1012961e-01;2.8250000e+02;-6.5104432e-02;2.8250000e+02;-3.6816295e-02;2.8250000e+02;1.4170030e-02;2.8250000e+02;8.5149512e-02;2.8250000e+02;1.7622276e-01;2.8250000e+02;2.7089632e-01;2.8250000e+02;3.2654160e-01;2.8250000e+02;3.0589315e-01;2.8250000e+02;2.6327199e-01;2.8250000e+02;2.1807086e-01;2.8250000e+02;1.8053654e-01;2.8250000e+02;1.5003535e-01;2.8250000e+02;1.1601254e-01;2.8250000e+02;7.4307397e-02;2.8250000e+02;3.1313568e-02;2.8250000e+02;-1.5058339e-02;2.8250000e+02;-6.2071435e-02;2.8250000e+02;-1.1012961e-01;2.8250000e+02;-6.5104432e-02;2.8250000e+02;-3.6816295e-02;2.8250000e+02;1.4170030e-02;2.8250000e+02;8.5149512e-02;2.8250000e+02;1.7622276e-01;2.8250000e+02;2.7089632e-01;2.8250000e+02;3.2654160e-01;2.8250000e+02;3.0589315e-01;2.8250000e+02;2.6327199e-01;2.8250000e+02;2.1807086e-01;2.8250000e+02;1.8053654e-01;2.8250000e+02;1.5003535e-01;2.8250000e+02;1.1601254e-01;2.8250000e+02;7.4307397e-02;2.8250000e+02;3.1313568e-02;2.8250000e+02;-1.5058339e-02;2.8250000e+02;-6.2071435e-02;2.8250000e+02;-1.1012961e-01;2.8250000e+02;-6.5104432e-02;2.8250000e+02;-3.6816295e-02;2.8250000e+02;1.4170030e-02;2.8250000e+02;8.5149512e-02;2.8250000e+02;1.7622276e-01;2.8250000e+02;2.7089632e-01;2.8250000e+02;3.2654160e-01;2.8250000e+02;3.0589315e-01;2.8250000e+02;2.6327199e-01;2.8250000e+02;2.1807086e-01;2.8250000e+02;1.8053654e-01;2.8250000e+02;1.5003535e-01;2.8250000e+02;1.1601254e-01;2.8250000e+02;7.4307397e-02;2.8250000e+02;3.1313568e-02;2.8250000e+02;-1.5058339e-02;2.8250000e+02;-6.2071435e-02;2.8250000e+02;-1.1012961e-01;2.8250000e+02;-6.5104432e-02;2.8250000e+02;-3.6816295e-02;2.8250000e+02;1.4170030e-02;2.8250000e+02;8.5149512e-02;2.8250000e+02;1.7622276e-01;2.8250000e+02;2.7089632e-01;2.8250000e+02;3.2654160e-01;2.8250000e+02;3.0589315e-01;2.8250000e+02;2.6327199e-01;2.8250000e+02;2.1807086e-01;2.8250000e+02;1.8053654e-01;2.8250000e+02;1.5003535e-01;2.8250000e+02;1.1601254e-01;2.8250000e+02;7.4307397e-02;2.8250000e+02;3.1313568e-02;2.8250000e+02;-1.5058339e-02;2.8250000e+02;-6.2071435e-02;2.8250000e+02;-1.1012961e-01;2.8250000e+02;-6.5104432e-02;2.8250000e+02;-3.6816295e-02;2.8250000e+02;1.4170030e-02;2.8250000e+02;8.5149512e-02;2.8250000e+02;1.7622276e-01;2.8250000e+02;2.7089632e-01;2.8250000e+02;3.2654160e-01;2.8250000e+02;3.0589315e-01;2.8250000e+02;2.6327199e-01;2.8250000e+02;2.1807086e-01;2.8250000e+02;1.8053654e-01;2.8250000e+02;1.5003535e-01;2.8250000e+02;1.1601254e-01;2.8250000e+02;7.4307397e-02;2.8250000e+02;3.1313568e-02;2.8250000e+02;-1.5058339e-02;2.8250000e+02;-6.2071435e-02;2.8250000e+02;-1.1012961e-01;2.8250000e+02;-6.5104432e-02;2.8250000e+02;-3.6816295e-02;2.8250000e+02;1.4170030e-02;2.8250000e+02;8.5149512e-02;2.8250000e+02;1.7622276e-01;2.8250000e+02;2.7089632e-01;2.8250000e+02;3.2654160e-01;2.8250000e+02;3.0589315e-01;2.8250000e+02;2.6327199e-01;2.8250000e+02;2.1807086e-01;2.8250000e+02;1.8053654e-01;2.8250000e+02;1.5003535e-01;2.8250000e+02;1.1601254e-01;2.8250000e+02;7.4307397e-02;2.8250000e+02;3.1313568e-02;2.8250000e+02;-1.5058339e-02;2.8250000e+02;-6.2071435e-02;2.8250000e+02;-1.1012961e-01;2.8250000e+02;-6.5104432e-02;2.8250000e+02;-3.6816295e-02;2.8250000e+02;1.4170030e-02;2.8250000e+02;8.5149512e-02;2.8250000e+02;1.7622276e-01;2.8250000e+02;2.7089632e-01;2.8250000e+02;3.2654160e-01;2.8250000e+02;3.0589315e-01;2.8250000e+02;2.6327199e-01;2.8250000e+02;2.1807086e-01;2.8250000e+02;1.8053654e-01;2.8250000e+02;1.5003535e-01;2.8250000e+02;1.1601254e-01;2.8250000e+02;7.4307397e-02;2.8250000e+02;3.1313568e-02;2.8250000e+02;-1.5058339e-02;2.8250000e+02;-6.2071435e-02;2.8250000e+02;-1.1012961e-01;2.8250000e+02;-6.5104432e-02;2.8250000e+02;-3.6816295e-02;2.8250000e+02;1.4170030e-02;2.8250000e+02;8.5149512e-02;2.8250000e+02;1.7622276e-01;2.8250000e+02;2.7089632e-01;2.8250000e+02;3.2654160e-01;2.8250000e+02;3.0589315e-01;2.8250000e+02;2.6327199e-01;2.8250000e+02;2.1807086e-01;2.8250000e+02;1.8053654e-01;2.8250000e+02;1.5003535e-01;2.8250000e+02;1.1601254e-01;2.8250000e+02;7.4307397e-02;2.8250000e+02;3.1313568e-02;2.8250000e+02;-1.5058339e-02;2.8250000e+02;-6.2071435e-02;2.8250000e+02;-1.1012961e-01;2.8250000e+02;-6.5104432e-02;2.8250000e+02;-3.6816295e-02;2.8250000e+02;1.4170030e-02;2.8250000e+02;8.5149512e-02;2.8250000e+02;1.7622276e-01;2.8250000e+02;2.7089632e-01;2.8250000e+02;3.2654160e-01;2.8250000e+02;3.0589315e-01;2.8250000e+02;2.6327199e-01;2.8250000e+02;2.1807086e-01;2.8250000e+02;1.8053654e-01;2.8250000e+02;1.5003535e-01;2.8250000e+02;1.1601254e-01;2.8250000e+02;7.4307397e-02;2.8250000e+02;3.1313568e-02;2.8250000e+02;-1.5058339e-02;2.8250000e+02;-6.2071435e-02;2.8250000e+02;-1.1012961e-01;2.8250000e+02;-6.5104432e-02;2.8250000e+02;-3.6816295e-02;2.8250000e+02;1.4170030e-02;2.8250000e+02;8.5149512e-02;2.8250000e+02;1.7622276e-01;2.8250000e+02;2.7089632e-01;2.8250000e+02;3.2654160e-01;2.8250000e+02;3.0589315e-01;2.8250000e+02;2.6327199e-01;2.8250000e+02;2.1807086e-01;2.8250000e+02;1.8053654e-01;2.8250000e+02;1.5003535e-01;2.8250000e+02;1.1601254e-01;2.8250000e+02;7.4307397e-02;2.8250000e+02;3.1313568e-02;2.8250000e+02;-1.5058339e-02;2.8250000e+02;-6.2071435e-02;2.8250000e+02;-1.1012961e-01;2.8250000e+02;-6.5104432e-02;2.8250000e+02;-3.6816295e-02;2.8250000e+02;1.4170030e-02;2.8250000e+02;8.5149512e-02;2.8250000e+02;1.7622276e-01;2.8250000e+02;2.7089632e-01;2.8250000e+02;3.2654160e-01;2.8250000e+02;3.0589315e-01;2.8250000e+02;2.6327199e-01;2.8250000e+02;2.1807086e-01;2.8250000e+02;1.8053654e-01;2.8250000e+02;1.5003535e-01;2.8250000e+02;1.1601254e-01;2.8250000e+02;7.4307397e-02;2.8250000e+02;3.1313568e-02;2.8250000e+02;-1.5058339e-02;2.8250000e+02;-6.2071435e-02;2.8250000e+02;-1.1012961e-01;2.8250000e+02;-6.5104432e-02;2.8250000e+02;-3.6816295e-02;2.8250000e+02;1.4170030e-02;2.8250000e+02;8.5149512e-02;2.8250000e+02;1.7622276e-01;2.8250000e+02;2.7089632e-01;2.8250000e+02;3.2654160e-01;2.8250000e+02;3.0589315e-01;2.8250000e+02;2.6327199e-01;2.8250000e+02;2.1807086e-01;2.8250000e+02;1.8053654e-01;2.8250000e+02;1.5003535e-01;2.8250000e+02;1.1601254e-01;2.8250000e+02;7.4307397e-02;2.8250000e+02;3.1313568e-02;2.8250000e+02;-1.5058339e-02;2.8250000e+02;-6.2071435e-02;2.8250000e+02;-1.1012961e-01;2.8250000e+02;-6.5104432e-02;2.8250000e+02;-3.6816295e-02;2.8250000e+02;1.4170030e-02;2.8250000e+02;8.5149512e-02;2.8250000e+02;1.7622276e-01;2.8250000e+02;2.7089632e-01;2.8250000e+02;3.2654160e-01;2.8250000e+02;3.0589315e-01;2.8250000e+02;2.6327199e-01;2.8250000e+02;2.1807086e-01;2.8250000e+02;1.8053654e-01;2.8250000e+02;1.5003535e-01;2.8250000e+02;1.1601254e-01;2.8250000e+02;7.4307397e-02;2.8250000e+02;3.1313568e-02;2.8250000e+02;-1.5058339e-02;2.8250000e+02;-6.2071435e-02;2.8250000e+02;-1.1012961e-01;2.8250000e+02;-6.5104432e-02;2.8250000e+02;-3.6816295e-02;2.8250000e+02;1.4170030e-02;2.8250000e+02;8.5149512e-02;2.8250000e+02;1.7622276e-01;2.8250000e+02;2.7089632e-01;2.8250000e+02;3.2654160e-01;2.8250000e+02;3.0589315e-01;2.8250000e+02;2.6327199e-01;2.8250000e+02;2.1807086e-01;2.8250000e+02;1.8053654e-01;2.8250000e+02;1.5003535e-01;2.8250000e+02;1.1601254e-01;2.8250000e+02;7.4307397e-02;2.8250000e+02;3.1313568e-02;2.8250000e+02;-1.5058339e-02;2.8250000e+02;-6.2071435e-02;2.8250000e+02;-1.1012961e-01;2.8250000e+02;-6.5104432e-02;2.8250000e+02;-3.6816295e-02;2.8250000e+02;1.4170030e-02;2.8250000e+02;8.5149512e-02;2.8250000e+02;1.7622276e-01;2.8250000e+02;2.7089632e-01;2.8250000e+02;3.2654160e-01;2.8250000e+02;3.0589315e-01;2.8250000e+02;2.6327199e-01;2.8250000e+02;2.1807086e-01;2.8250000e+02;1.8053654e-01;2.8250000e+02;1.5003535e-01;2.8250000e+02;1.1601254e-01;2.8250000e+02;7.4307397e-02;2.8250000e+02;3.1313568e-02;2.8250000e+02;-1.5058339e-02;2.8250000e+02;-6.2071435e-02;2.8250000e+02;-1.1012961e-01;2.8250000e+02;-6.5104432e-02;2.8250000e+02;-3.6816295e-02;2.8250000e+02;1.4170030e-02;2.8250000e+02;8.5149512e-02;2.8250000e+02;1.7622276e-01;2.8250000e+02;2.7089632e-01;2.8250000e+02;3.2654160e-01;2.8250000e+02;3.0589315e-01;2.8250000e+02;2.6327199e-01;2.8250000e+02;2.1807086e-01;2.8250000e+02;1.8053654e-01;2.8250000e+02;1.5003535e-01;2.8250000e+02;1.1601254e-01;2.8250000e+02;7.4307397e-02;2.8250000e+02;3.1313568e-02;2.8250000e+02;-1.5058339e-02;2.8250000e+02;-6.2071435e-02;2.8250000e+02;-1.1012961e-01;2.8250000e+02;-6.5104432e-02;2.8250000e+02;-3.6816295e-02;2.8250000e+02;1.4170030e-02;2.8250000e+02;8.5149512e-02;2.8250000e+02;1.7622276e-01;2.8250000e+02;2.7089632e-01;2.8250000e+02;3.2654160e-01;2.8250000e+02;3.0589315e-01;2.8250000e+02;2.6327199e-01;2.8250000e+02;2.1807086e-01;2.8250000e+02;1.8053654e-01;2.8250000e+02;1.5003535e-01;2.8250000e+02;1.1601254e-01;2.8250000e+02;7.4307397e-02;2.8250000e+02;3.1313568e-02;2.8250000e+02;-1.5058339e-02;2.8250000e+02;-6.2071435e-02;2.8250000e+02;-1.1012961e-01;2.8250000e+02;-6.5104432e-02;2.8250000e+02;-3.6816295e-02;2.8250000e+02;1.4170030e-02;2.8250000e+02;8.5149512e-02;2.8250000e+02;1.7622276e-01;2.8250000e+02;2.7089632e-01;2.8250000e+02;3.2654160e-01;2.8250000e+02;3.0589315e-01;2.8250000e+02;2.6327199e-01;2.8250000e+02;2.1807086e-01;2.8250000e+02;1.8053654e-01;2.8250000e+02;1.5003535e-01;2.8250000e+02;1.1601254e-01;2.8250000e+02;7.4307397e-02;2.8250000e+02;3.1313568e-02;2.8250000e+02;-1.5058339e-02;2.8250000e+02;-6.2071435e-02;2.8250000e+02;-1.1012961e-01;2.8250000e+02;-6.5104432e-02;2.8250000e+02;-3.6816295e-02;2.8250000e+02;1.4170030e-02;2.8250000e+02;8.5149512e-02;2.8250000e+02;1.7622276e-01;2.8250000e+02;2.7089632e-01;2.8250000e+02;3.2654160e-01;2.8250000e+02;3.0589315e-01;2.8250000e+02;2.6327199e-01;2.8250000e+02;2.1807086e-01;2.8250000e+02;1.8053654e-01;2.8250000e+02;1.5003535e-01;2.8250000e+02;1.1601254e-01;2.8250000e+02;7.4307397e-02;2.8250000e+02;3.1313568e-02;2.8250000e+02;-1.5058339e-02;2.8250000e+02;-6.2071435e-02;2.8250000e+02;-1.1012961e-01;2.8250000e+02;-6.5104432e-02;2.8250000e+02;-3.6816295e-02;2.8250000e+02;1.4170030e-02;2.8250000e+02;8.5149512e-02;2.8250000e+02;1.7622276e-01;2.8250000e+02;2.7089632e-01;2.8250000e+02;3.2654160e-01;2.8250000e+02;3.0589315e-01;2.8250000e+02;2.6327199e-01;2.8250000e+02;2.1807086e-01;2.8250000e+02;1.8053654e-01;2.8250000e+02;1.5003535e-01;2.8250000e+02;1.1601254e-01;2.8250000e+02;7.4307397e-02;2.8250000e+02;3.1313568e-02;2.8250000e+02;-1.5058339e-02;2.8250000e+02;-6.2071435e-02;2.8250000e+02;-1.1012961e-01;2.8250000e+02;-6.5104432e-02;2.8250000e+02;-3.6816295e-02;2.8250000e+02;1.4170030e-02;2.8250000e+02;8.5149512e-02;2.8250000e+02;1.7622276e-01;2.8250000e+02;2.7089632e-01;2.8250000e+02;3.2654160e-01;2.8250000e+02;3.0589315e-01;2.8250000e+02;2.6327199e-01;2.8250000e+02;2.1807086e-01;2.8250000e+02;1.8053654e-01;2.8250000e+02;1.5003535e-01;2.8250000e+02;1.1601254e-01;2.8250000e+02;7.4307397e-02;2.8250000e+02;3.1313568e-02;2.8250000e+02;-1.5058339e-02;2.8250000e+02;-6.2071435e-02;2.8250000e+02;-1.1012961e-01;2.8250000e+02;-6.5104432e-02;2.8250000e+02;-3.6816295e-02;2.8250000e+02;1.4170030e-02;2.8250000e+02;8.5149512e-02;2.8250000e+02;1.7622276e-01;2.8250000e+02;2.7089632e-01;2.8250000e+02;3.2654160e-01;2.8250000e+02;3.0589315e-01;2.8250000e+02;2.6327199e-01;2.8250000e+02;2.1807086e-01;2.8250000e+02;1.8053654e-01;2.8250000e+02;1.5003535e-01;2.8250000e+02;1.1601254e-01;2.8250000e+02;7.4307397e-02;2.8250000e+02;3.1313568e-02;2.8250000e+02;-1.5058339e-02;2.8250000e+02;-6.2071435e-02;2.8250000e+02;-1.1012961e-01;2.8250000e+02;-6.5104432e-02;2.8250000e+02;-3.6816295e-02;2.8250000e+02;1.4170030e-02;2.8250000e+02;8.5149512e-02;2.8250000e+02;1.7622276e-01;2.8250000e+02;2.7089632e-01;2.8250000e+02;3.2654160e-01;2.8250000e+02;3.0589315e-01;2.8250000e+02;2.6327199e-01;2.8250000e+02;2.1807086e-01;2.8250000e+02;1.8053654e-01;2.8250000e+02;1.5003535e-01;2.8250000e+02;1.1601254e-01;2.8250000e+02;7.4307397e-02;2.8250000e+02;3.1313568e-02;2.8250000e+02;-1.5058339e-02;2.8250000e+02;-6.2071435e-02;2.8250000e+02;-1.1012961e-01;2.8250000e+02;-6.5104432e-02;2.8250000e+02;-3.6816295e-02;2.8250000e+02;1.4170030e-02;2.8250000e+02;8.5149512e-02;2.8250000e+02;1.7622276e-01;2.8250000e+02;2.7089632e-01;2.8250000e+02;3.2654160e-01;2.8250000e+02;3.0589315e-01;2.8250000e+02;2.6327199e-01;2.8250000e+02;2.1807086e-01;2.8250000e+02;1.8053654e-01;2.8250000e+02;1.5003535e-01;2.8250000e+02;1.1601254e-01;2.8250000e+02;7.4307397e-02;2.8250000e+02;3.1313568e-02;2.8250000e+02;-1.5058339e-02;2.8250000e+02;-6.2071435e-02;2.8250000e+02;-1.1012961e-01;2.8250000e+02;-6.5104432e-02;2.8250000e+02;-3.6816295e-02;2.8250000e+02;1.4170030e-02;2.8250000e+02;8.5149512e-02;2.8250000e+02;1.7622276e-01;2.8250000e+02;2.7089632e-01;2.8250000e+02;3.2654160e-01;2.8250000e+02;3.0589315e-01;2.8250000e+02;2.6327199e-01;2.8250000e+02;2.1807086e-01;2.8250000e+02;1.8053654e-01;2.8250000e+02;1.5003535e-01;2.8250000e+02;1.1601254e-01;2.8250000e+02;7.4307397e-02;2.8250000e+02;3.1313568e-02;2.8250000e+02;-1.5058339e-02;2.8250000e+02;-6.2071435e-02;2.8250000e+02;-1.1012961e-01;2.8250000e+02;-6.5104432e-02;2.8250000e+02;-3.6816295e-02;2.8250000e+02;1.4170030e-02;2.8250000e+02;8.5149512e-02;2.8250000e+02;1.7622276e-01;2.8250000e+02;2.7089632e-01;2.8250000e+02;3.2654160e-01;2.8250000e+02;3.0589315e-01;2.8250000e+02;2.6327199e-01;2.8250000e+02;2.1807086e-01;2.8250000e+02;1.8053654e-01;2.8250000e+02;1.5003535e-01;2.8250000e+02;1.1601254e-01;2.8250000e+02;7.4307397e-02;2.8250000e+02;3.1313568e-02;2.8250000e+02;-1.5058339e-02;2.8250000e+02;-6.2071435e-02;2.8250000e+02;-1.1012961e-01;2.8250000e+02;-6.5104432e-02;2.8250000e+02;-3.6816295e-02;2.8250000e+02;1.4170030e-02;2.8250000e+02;8.5149512e-02;2.8250000e+02;1.7622276e-01;2.8250000e+02;2.7089632e-01;2.8250000e+02;3.2654160e-01;2.8250000e+02;3.0589315e-01;2.8250000e+02;2.6327199e-01;2.8250000e+02;2.1807086e-01;2.8250000e+02;1.8053654e-01;2.8250000e+02;1.5003535e-01;2.8250000e+02;1.1601254e-01;2.8250000e+02;7.4307397e-02;2.8250000e+02;3.1313568e-02;2.8250000e+02;-1.5058339e-02;2.8250000e+02;-6.2071435e-02;2.8250000e+02;-1.1012961e-01;2.8250000e+02;-6.5104432e-02;2.8250000e+02;-3.6816295e-02;2.8250000e+02;1.4170030e-02;2.8250000e+02;8.5149512e-02;2.8250000e+02;1.7622276e-01;2.8250000e+02;2.7089632e-01;2.8250000e+02;3.2654160e-01;2.8250000e+02;3.0589315e-01;2.8250000e+02;2.6327199e-01;2.8250000e+02;2.1807086e-01;2.8250000e+02;1.8053654e-01;2.8250000e+02;1.5003535e-01;2.8250000e+02;1.1601254e-01;2.8250000e+02;7.4307397e-02;2.8250000e+02;3.1313568e-02;2.8250000e+02;-1.5058339e-02;2.8250000e+02;-6.2071435e-02;2.8250000e+02;-1.1012961e-01;2.8250000e+02;-6.5104432e-02;2.8250000e+02;-3.6816295e-02;2.8250000e+02;1.4170030e-02;2.8250000e+02;8.5149512e-02;2.8250000e+02;1.7622276e-01;2.8250000e+02;2.7089632e-01;2.8250000e+02;3.2654160e-01;2.8250000e+02;3.0589315e-01;2.8250000e+02;2.6327199e-01;2.8250000e+02;2.1807086e-01;2.8250000e+02;1.8053654e-01;2.8250000e+02;1.5003535e-01;2.8250000e+02;1.1601254e-01;2.8250000e+02;7.4307397e-02;2.8250000e+02;3.1313568e-02;2.8250000e+02;-1.5058339e-02;2.8250000e+02;-6.2071435e-02;2.8250000e+02;-1.1012961e-01;2.8250000e+02;-6.5104432e-02;2.8250000e+02;-3.6816295e-02;2.8250000e+02;1.4170030e-02;2.8250000e+02;8.5149512e-02;2.8250000e+02;1.7622276e-01;2.8250000e+02;2.7089632e-01;2.8250000e+02;3.2654160e-01;2.8250000e+02;3.0589315e-01;2.8250000e+02;2.6327199e-01;2.8250000e+02;2.1807086e-01;2.8250000e+02;1.8053654e-01;2.8250000e+02;1.5003535e-01;2.8250000e+02;1.1601254e-01;2.8250000e+02;7.4307397e-02;2.8250000e+02;3.1313568e-02;2.8250000e+02;-1.5058339e-02;2.8250000e+02;-6.2071435e-02;2.8250000e+02;-1.1012961e-01;2.8250000e+02;-6.5104432e-02;2.8250000e+02;-3.6816295e-02;2.8250000e+02;1.4170030e-02;2.8250000e+02;8.5149512e-02;2.8250000e+02;1.7622276e-01;2.8250000e+02;2.7089632e-01;2.8250000e+02;3.2654160e-01;2.8250000e+02;3.0589315e-01;2.8250000e+02;2.6327199e-01;2.8250000e+02;2.1807086e-01;2.8250000e+02;1.8053654e-01;2.8250000e+02;1.5003535e-01;2.8250000e+02;1.1601254e-01;2.8250000e+02;7.4307397e-02;2.8250000e+02;3.1313568e-02;2.8250000e+02;-1.5058339e-02;2.8250000e+02;-6.2071435e-02;2.8250000e+02;-1.1012961e-01;2.8250000e+02;-6.5104432e-02;2.8250000e+02;-3.6816295e-02;2.8250000e+02;1.4170030e-02;2.8250000e+02;8.5149512e-02;2.8250000e+02;1.7622276e-01;2.8250000e+02;2.7089632e-01;2.8250000e+02;3.2654160e-01;2.8250000e+02;3.0589315e-01;2.8250000e+02;2.6327199e-01;2.8250000e+02;2.1807086e-01;2.8250000e+02;1.8053654e-01;2.8250000e+02;1.5003535e-01;2.8250000e+02;1.1601254e-01;2.8250000e+02;7.4307397e-02;2.8250000e+02;3.1313568e-02;2.8250000e+02;-1.5058339e-02;2.8250000e+02;-6.2071435e-02;2.8250000e+02;-1.1012961e-01;2.8250000e+02;-6.5104432e-02;2.8250000e+02;-3.6816295e-02;2.8250000e+02;1.4170030e-02;2.8250000e+02;8.5149512e-02;2.8250000e+02;1.7622276e-01;2.8250000e+02;2.7089632e-01;2.8250000e+02;3.2654160e-01;2.8250000e+02;3.0589315e-01;2.8250000e+02;2.6327199e-01;2.8250000e+02;2.1807086e-01;2.8250000e+02;1.8053654e-01;2.8250000e+02;1.5003535e-01;2.8250000e+02;1.1601254e-01;2.8250000e+02;7.4307397e-02;2.8250000e+02;3.1313568e-02;2.8250000e+02;-1.5058339e-02;2.8250000e+02;-6.2071435e-02;2.8250000e+02;-1.1012961e-01;2.8250000e+02;-6.5104432e-02;2.8250000e+02;-3.6816295e-02;2.8250000e+02;1.4170030e-02;2.8250000e+02;8.5149512e-02;2.8250000e+02;1.7622276e-01;2.8250000e+02;2.7089632e-01;2.8250000e+02;3.2654160e-01;2.8250000e+02;3.0589315e-01;2.8250000e+02;2.6327199e-01;2.8250000e+02;2.1807086e-01;2.8250000e+02;1.8053654e-01;2.8250000e+02;1.5003535e-01;2.8250000e+02;1.1601254e-01;2.8250000e+02;7.4307397e-02;2.8250000e+02;3.1313568e-02;2.8250000e+02;-1.5058339e-02;2.8250000e+02;-6.2071435e-02;2.8250000e+02;-1.1012961e-01;2.8250000e+02;-6.5104432e-02;2.8250000e+02;-3.6816295e-02;2.8250000e+02;1.4170030e-02;2.8250000e+02;8.5149512e-02;2.8250000e+02;1.7622276e-01;2.8250000e+02;2.7089632e-01;2.8250000e+02;3.2654160e-01;2.8250000e+02;3.0589315e-01;2.8250000e+02;2.6327199e-01;2.8250000e+02;2.1807086e-01;2.8250000e+02;1.8053654e-01;2.8250000e+02;1.5003535e-01;2.8250000e+02;1.1601254e-01;2.8250000e+02;7.4307397e-02;2.8250000e+02;3.1313568e-02;2.8250000e+02;-1.5058339e-02;2.8250000e+02;-6.2071435e-02;2.8250000e+02;-1.1012961e-01;2.8250000e+02;-6.5104432e-02;2.8250000e+02;-3.6816295e-02;2.8250000e+02;1.4170030e-02;2.8250000e+02;8.5149512e-02;2.8250000e+02;1.7622276e-01;2.8250000e+02;2.7089632e-01;2.8250000e+02;3.2654160e-01;2.8250000e+02;3.0589315e-01;2.8250000e+02;2.6327199e-01;2.8250000e+02;2.1807086e-01;2.8250000e+02;1.8053654e-01;2.8250000e+02;1.5003535e-01;2.8250000e+02;1.1601254e-01;2.8250000e+02;7.4307397e-02;2.8250000e+02;3.1313568e-02;2.8250000e+02;-1.5058339e-02;2.8250000e+02;-6.2071435e-02;2.8250000e+02;-1.1012961e-01;2.8250000e+02;-6.5104432e-02;2.8250000e+02;-3.6816295e-02;2.8250000e+02;1.4170030e-02;2.8250000e+02;8.5149512e-02;2.8250000e+02;1.7622276e-01;2.8250000e+02;2.7089632e-01;2.8250000e+02;3.2654160e-01;2.8250000e+02;3.0589315e-01;2.8250000e+02;2.6327199e-01;2.8250000e+02;2.1807086e-01;2.8250000e+02;1.8053654e-01;2.8250000e+02;1.5003535e-01;2.8250000e+02;1.1601254e-01;2.8250000e+02;7.4307397e-02;2.8250000e+02;3.1313568e-02;2.8250000e+02;-1.5058339e-02;2.8250000e+02;-6.2071435e-02;2.8250000e+02;-1.1012961e-01;2.8250000e+02;-6.5104432e-02;2.8250000e+02;-3.6816295e-02;2.8250000e+02;1.4170030e-02;2.8250000e+02;8.5149512e-02;2.8250000e+02;1.7622276e-01;2.8250000e+02;2.7089632e-01;2.8250000e+02;3.2654160e-01;2.8250000e+02;3.0589315e-01;2.8250000e+02;2.6327199e-01;2.8250000e+02;2.1807086e-01;2.8250000e+02;1.8053654e-01;2.8250000e+02;1.5003535e-01;2.8250000e+02;1.1601254e-01;2.8250000e+02;7.4307397e-02;2.8250000e+02;3.1313568e-02;2.8250000e+02;-1.5058339e-02;2.8250000e+02;-6.2071435e-02;2.8250000e+02;-1.1012961e-01;2.8250000e+02;-6.5104432e-02;2.8250000e+02;-3.6816295e-02;2.8250000e+02;1.4170030e-02;2.8250000e+02;8.5149512e-02;2.8250000e+02;1.7622276e-01;2.8250000e+02;2.7089632e-01;2.8250000e+02;3.2654160e-01;2.8250000e+02;3.0589315e-01;2.8250000e+02;2.6327199e-01;2.8250000e+02;2.1807086e-01;2.8250000e+02;1.8053654e-01;2.8250000e+02;1.5003535e-01;2.8250000e+02;1.1601254e-01;2.8250000e+02;7.4307397e-02;2.8250000e+02;3.1313568e-02;2.8250000e+02;-1.5058339e-02;2.8250000e+02;-6.2071435e-02;2.8250000e+02;-1.1012961e-01;2.8250000e+02;-6.5104432e-02;2.8250000e+02;-3.6816295e-02;2.8250000e+02;1.4170030e-02;2.8250000e+02;8.5149512e-02;2.8250000e+02;1.7622276e-01;2.8250000e+02;2.7089632e-01;2.8250000e+02;3.2654160e-01;2.8250000e+02;3.0589315e-01;2.8250000e+02;2.6327199e-01;2.8250000e+02;2.1807086e-01;2.8250000e+02;1.8053654e-01;2.8250000e+02;1.5003535e-01;2.8250000e+02;1.1601254e-01;2.8250000e+02;7.4307397e-02;2.8250000e+02;3.1313568e-02;2.8250000e+02;-1.5058339e-02;2.8250000e+02;-6.2071435e-02;2.8250000e+02;-1.1012961e-01;2.8250000e+02;-6.5104432e-02;2.8250000e+02;-3.6816295e-02;2.8250000e+02;1.4170030e-02;2.8250000e+02;8.5149512e-02;2.8250000e+02;1.7622276e-01;2.8250000e+02;2.7089632e-01;2.8250000e+02;3.2654160e-01;2.8250000e+02;3.0589315e-01;2.8250000e+02;2.6327199e-01;2.8250000e+02;2.1807086e-01;2.8250000e+02;1.8053654e-01;2.8250000e+02;1.5003535e-01;2.8250000e+02;1.1601254e-01;2.8250000e+02;7.4307397e-02;2.8250000e+02;3.1313568e-02;2.8250000e+02;-1.5058339e-02;2.8250000e+02;-6.2071435e-02;2.8250000e+02;-1.1012961e-01;2.8250000e+02;-6.5104432e-02;2.8250000e+02;-3.6816295e-02;2.8250000e+02;1.4170030e-02;2.8250000e+02;8.5149512e-02;2.8250000e+02;1.7622276e-01;2.8250000e+02;2.7089632e-01;2.8250000e+02;3.2654160e-01;2.8250000e+02;3.0589315e-01;2.8250000e+02;2.6327199e-01;2.8250000e+02;2.1807086e-01;2.8250000e+02;1.8053654e-01;2.8250000e+02;1.5003535e-01;2.8250000e+02;1.1601254e-01;2.8250000e+02;7.4307397e-02;2.8250000e+02;3.1313568e-02;2.8250000e+02;-1.5058339e-02;2.8250000e+02;-6.2071435e-02;2.8250000e+02;-1.1012961e-01;2.8250000e+02;-6.5104432e-02;2.8250000e+02;-3.6816295e-02;2.8250000e+02;1.4170030e-02;2.8250000e+02;8.5149512e-02;2.8250000e+02;1.7622276e-01;2.8250000e+02;2.7089632e-01;2.8250000e+02;3.2654160e-01;2.8250000e+02;3.0589315e-01;2.8250000e+02;2.6327199e-01;2.8250000e+02;2.1807086e-01;2.8250000e+02;1.8053654e-01;2.8250000e+02;1.5003535e-01;2.8250000e+02;1.1601254e-01;2.8250000e+02;7.4307397e-02;2.8250000e+02;3.1313568e-02;2.8250000e+02;-1.5058339e-02;2.8250000e+02;-6.2071435e-02;2.8250000e+02;-1.1012961e-01;2.8250000e+02;-6.5104432e-02;2.8250000e+02;-3.6816295e-02;2.8250000e+02;1.4170030e-02;2.8250000e+02;8.5149512e-02;2.8250000e+02;1.7622276e-01;2.8250000e+02;2.7089632e-01;2.8250000e+02;3.2654160e-01;2.8250000e+02;3.0589315e-01;2.8250000e+02;2.6327199e-01;2.8250000e+02;2.1807086e-01;2.8250000e+02;1.8053654e-01;2.8250000e+02;1.5003535e-01;2.8250000e+02;1.1601254e-01;2.8250000e+02;7.4307397e-02;2.8250000e+02;3.1313568e-02;2.8250000e+02;-1.5058339e-02;2.8250000e+02;-6.2071435e-02;2.8250000e+02;-1.1012961e-01;2.8250000e+02;-6.5104432e-02;2.8250000e+02;-3.6816295e-02;2.8250000e+02;1.4170030e-02;2.8250000e+02;8.5149512e-02;2.8250000e+02;1.7622276e-01;2.8250000e+02;2.7089632e-01;2.8250000e+02;3.2654160e-01;2.8250000e+02;3.0589315e-01;2.8250000e+02;2.6327199e-01;2.8250000e+02;2.1807086e-01;2.8250000e+02;1.8053654e-01;2.8250000e+02;1.5003535e-01;2.8250000e+02;1.1601254e-01;2.8250000e+02;7.4307397e-02;2.8250000e+02;3.1313568e-02;2.8250000e+02;-1.5058339e-02;2.8250000e+02;-6.2071435e-02;2.8250000e+02;-1.1012961e-01;2.8250000e+02;-6.5104432e-02;2.8250000e+02;-3.6816295e-02;2.8250000e+02;1.4170030e-02;2.8250000e+02;8.5149512e-02;2.8250000e+02;1.7622276e-01;2.8250000e+02;2.7089632e-01;2.8250000e+02;3.2654160e-01;2.8250000e+02;3.0589315e-01;2.8250000e+02;2.6327199e-01;2.8250000e+02;2.1807086e-01;2.8250000e+02;1.8053654e-01;2.8250000e+02;1.5003535e-01;2.8250000e+02;1.1601254e-01;2.8250000e+02;7.4307397e-02;2.8250000e+02;3.1313568e-02;2.8250000e+02;-1.5058339e-02;2.8250000e+02;-6.2071435e-02;2.8250000e+02;-1.1012961e-01;2.8250000e+02;-6.5104432e-02;2.8250000e+02;-3.6816295e-02;2.8250000e+02;1.4170030e-02;2.8250000e+02;8.5149512e-02;2.8250000e+02;1.7622276e-01;2.8250000e+02;2.7089632e-01;2.8250000e+02;3.2654160e-01;2.8250000e+02;3.0589315e-01;2.8250000e+02;2.6327199e-01;2.8250000e+02;2.1807086e-01;2.8250000e+02;1.8053654e-01;2.8250000e+02;1.5003535e-01;2.8250000e+02;1.1601254e-01;2.8250000e+02;7.4307397e-02;2.8250000e+02;3.1313568e-02;2.8250000e+02;-1.5058339e-02;2.8250000e+02;-6.2071435e-02;2.8250000e+02;-1.1012961e-01
2.8750000e+02;-6.4081691e-02;2.8750000e+02;-3.0952394e-02;2.8750000e+02;2.5688456e-02;2.8750000e+02;1.0284849e-01;2.8750000e+02;1.9884028e-01;2.8750000e+02;2.9453349e-01;2.8750000e+02;3.4412503e-01;2.8750000e+02;3.2594433e-01;2.8750000e+02;2.8804606e-01;2.8750000e+02;2.3744309e-01;2.8750000e+02;1.8784732e-01;2.8750000e+02;1.5160400e-01;2.8750000e+02;1.1536735e-01;2.8750000e+02;7.3622569e-02;2.8750000e+02;2.9563528e-02;2.8750000e+02;-1.6002893e-02;2.8750000e+02;-6.3044503e-02;2.8750000e+02;-1.1209680e-01;2.8750000e+02;-6.4081691e-02;2.8750000e+02;-3.0952394e-02;2.8750000e+02;2.5688456e-02;2.8750000e+02;1.0284849e-01;2.8750000e+02;1.9884028e-01;2.8750000e+02;2.9453349e-01;2.8750000e+02;3.4412503e-01;2.8750000e+02;3.2594433e-01;2.8750000e+02;2.8804606e-01;2.8750000e+02;2.3744309e-01;2.8750000e+02;1.8784732e-01;2.8750000e+02;1.5160400e-01;2.8750000e+02;1.1536735e-01;2.8750000e+02;7.3622569e-02;2.8750000e+02;2.9563528e-02;2.8750000e+02;-1.6002893e-02;2.8750000e+02;-6.3044503e-02;2.8750000e+02;-1.1209680e-01;2.8750000e+02;-6.4081691e-02;2.8750000e+02;-3.0952394e-02;2.8750000e+02;2.5688456e-02;2.8750000e+02;1.0284849e-01;2.8750000e+02;1.9884028e-01;2.8750000e+02;2.9453349e-01;2.8750000e+02;3.4412503e-01;2.8750000e+02;3.2594433e-01;2.8750000e+02;2.8804606e-01;2.8750000e+02;2.3744309e-01;2.8750000e+02;1.8784732e-01;2.8750000e+02;1.5160400e-01;2.8750000e+02;1.1536735e-01;2.8750000e+02;7.3622569e-02;2.8750000e+02;2.9563528e-02;2.8750000e+02;-1.6002893e-02;2.8750000e+02;-6.3044503e-02;2.8750000e+02;-1.1209680e-01;2.8750000e+02;-6.4081691e-02;2.8750000e+02;-3.0952394e-02;2.8750000e+02;2.5688456e-02;2.8750000e+02;1.0284849e-01;2.8750000e+02;1.9884028e-01;2.8750000e+02;2.9453349e-01;2.8750000e+02;3.4412503e-01;2.8750000e+02;3.2594433e-01;2.8750000e+02;2.8804606e-01;2.8750000e+02;2.3744309e-01;2.8750000e+02;1.8784732e-01;2.8750000e+02;1.5160400e-01;2.8750000e+02;1.1536735e-01;2.8750000e+02;7.3622569e-02;2.8750000e+02;2.9563528e-02;2.8750000e+02;-1.6002893e-02;2.8750000e+02;-6.3044503e-02;2.8750000e+02;-1.1209680e-01;2.8750000e+02;-6.4081691e-02;2.8750000e+02;-3.0952394e-02;2.8750000e+02;2.5688456e-02;2.8750000e+02;1.0284849e-01;2.8750000e+02;1.9884028e-01;2.8750000e+02;2.9453349e-01;2.8750000e+02;3.4412503e-01;2.8750000e+02;3.2594433e-01;2.8750000e+02;2.8804606e-01;2.8750000e+02;2.3744309e-01;2.8750000e+02;1.8784732e-01;2.8750000e+02;1.5160400e-01;2.8750000e+02;1.1536735e-01;2.8750000e+02;7.3622569e-02;2.8750000e+02;2.9563528e-02;2.8750000e+02;-1.6002893e-02;2.8750000e+02;-6.3044503e-02;2.8750000e+02;-1.1209680e-01;2.8750000e+02;-6.4081691e-02;2.8750000e+02;-3.0952394e-02;2.8750000e+02;2.5688456e-02;2.8750000e+02;1.0284849e-01;2.8750000e+02;1.9884028e-01;2.8750000e+02;2.9453349e-01;2.8750000e+02;3.4412503e-01;2.8750000e+02;3.2594433e-01;2.8750000e+02;2.8804606e-01;2.8750000e+02;2.3744309e-01;2.8750000e+02;1.8784732e-01;2.8750000e+02;1.5160400e-01;2.8750000e+02;1.1536735e-01;2.8750000e+02;7.3622569e-02;2.8750000e+02;2.9563528e-02;2.8750000e+02;-1.6002893e-02;2.8750000e+02;-6.3044503e-02;2.8750000e+02;-1.1209680e-01;2.8750000e+02;-6.4081691e-02;2.8750000e+02;-3.0952394e-02;2.8750000e+02;2.5688456e-02;2.8750000e+02;1.0284849e-01;2.8750000e+02;1.9884028e-01;2.8750000e+02;2.9453349e-01;2.8750000e+02;3.4412503e-01;2.8750000e+02;3.2594433e-01;2.8750000e+02;2.8804606e-01;2.8750000e+02;2.3744309e-01;2.8750000e+02;1.8784732e-01;2.8750000e+02;1.5160400e-01;2.8750000e+02;1.1536735e-01;2.8750000e+02;7.3622569e-02;2.8750000e+02;2.9563528e-02;2.8750000e+02;-1.6002893e-02;2.8750000e+02;-6.3044503e-02;2.8750000e+02;-1.1209680e-01;2.8750000e+02;-6.4081691e-02;2.8750000e+02;-3.0952394e-02;2.8750000e+02;2.5688456e-02;2.8750000e+02;1.0284849e-01;2.8750000e+02;1.9884028e-01;2.8750000e+02;2.9453349e-01;2.8750000e+02;3.4412503e-01;2.8750000e+02;3.2594433e-01;2.8750000e+02;2.8804606e-01;2.8750000e+02;2.3744309e-01;2.8750000e+02;1.8784732e-01;2.8750000e+02;1.5160400e-01;2.8750000e+02;1.1536735e-01;2.8750000e+02;7.3622569e-02;2.8750000e+02;2.9563528e-02;2.8750000e+02;-1.6002893e-02;2.8750000e+02;-6.3044503e-02;2.8750000e+02;-1.1209680e-01;2.8750000e+02;-6.4081691e-02;2.8750000e+02;-3.0952394e-02;2.8750000e+02;2.5688456e-02;2.8750000e+02;1.0284849e-01;2.8750000e+02;1.9884028e-01;2.8750000e+02;2.9453349e-01;2.8750000e+02;3.4412503e-01;2.8750000e+02;3.2594433e-01;2.8750000e+02;2.8804606e-01;2.8750000e+02;2.3744309e-01;2.8750000e+02;1.8784732e-01;2.8750000e+02;1.5160400e-01;2.8750000e+02;1.1536735e-01;2.8750000e+02;7.3622569e-02;2.8750000e+02;2.9563528e-02;2.8750000e+02;-1.6002893e-02;2.8750000e+02;-6.3044503e-02;2.8750000e+02;-1.1209680e-01;2.8750000e+02;-6.4081691e-02;2.8750000e+02;-3.0952394e-02;2.8750000e+02;2.5688456e-02;2.8750000e+02;1.0284849e-01;2.8750000e+02;1.9884028e-01;2.8750000e+02;2.9453349e-01;2.8750000e+02;3.4412503e-01;2.8750000e+02;3.2594433e-01;2.8750000e+02;2.8804606e-01;2.8750000e+02;2.3744309e-01;2.8750000e+02;1.8784732e-01;2.8750000e+02;1.5160400e-01;2.8750000e+02;1.1536735e-01;2.8750000e+02;7.3622569e-02;2.8750000e+02;2.9563528e-02;2.8750000e+02;-1.6002893e-02;2.8750000e+02;-6.3044503e-02;2.8750000e+02;-1.1209680e-01;2.8750000e+02;-6.4081691e-02;2.8750000e+02;-3.0952394e-02;2.8750000e+02;2.5688456e-02;2.8750000e+02;1.0284849e-01;2.8750000e+02;1.9884028e-01;2.8750000e+02;2.9453349e-01;2.8750000e+02;3.4412503e-01;2.8750000e+02;3.2594433e-01;2.8750000e+02;2.8804606e-01;2.8750000e+02;2.3744309e-01;2.8750000e+02;1.8784732e-01;2.8750000e+02;1.5160400e-01;2.8750000e+02;1.1536735e-01;2.8750000e+02;7.3622569e-02;2.8750000e+02;2.9563528e-02;2.8750000e+02;-1.6002893e-02;2.8750000e+02;-6.3044503e-02;2.8750000e+02;-1.1209680e-01;2.8750000e+02;-6.4081691e-02;2.8750000e+02;-3.0952394e-02;2.8750000e+02;2.5688456e-02;2.8750000e+02;1.0284849e-01;2.8750000e+02;1.9884028e-01;2.8750000e+02;2.9453349e-01;2.8750000e+02;3.4412503e-01;2.8750000e+02;3.2594433e-01;2.8750000e+02;2.8804606e-01;2.8750000e+02;2.3744309e-01;2.8750000e+02;1.8784732e-01;2.8750000e+02;1.5160400e-01;2.8750000e+02;1.1536735e-01;2.8750000e+02;7.3622569e-02;2.8750000e+02;2.9563528e-02;2.8750000e+02;-1.6002893e-02;2.8750000e+02;-6.3044503e-02;2.8750000e+02;-1.1209680e-01;2.8750000e+02;-6.4081691e-02;2.8750000e+02;-3.0952394e-02;2.8750000e+02;2.5688456e-02;2.8750000e+02;1.0284849e-01;2.8750000e+02;1.9884028e-01;2.8750000e+02;2.9453349e-01;2.8750000e+02;3.4412503e-01;2.8750000e+02;3.2594433e-01;2.8750000e+02;2.8804606e-01;2.8750000e+02;2.3744309e-01;2.8750000e+02;1.8784732e-01;2.8750000e+02;1.5160400e-01;2.8750000e+02;1.1536735e-01;2.8750000e+02;7.3622569e-02;2.8750000e+02;2.9563528e-02;2.8750000e+02;-1.6002893e-02;2.8750000e+02;-6.3044503e-02;2.8750000e+02;-1.1209680e-01;2.8750000e+02;-6.4081691e-02;2.8750000e+02;-3.0952394e-02;2.8750000e+02;2.5688456e-02;2.8750000e+02;1.0284849e-01;2.8750000e+02;1.9884028e-01;2.8750000e+02;2.9453349e-01;2.8750000e+02;3.4412503e-01;2.8750000e+02;3.2594433e-01;2.8750000e+02;2.8804606e-01;2.8750000e+02;2.3744309e-01;2.8750000e+02;1.8784732e-01;2.8750000e+02;1.5160400e-01;2.8750000e+02;1.1536735e-01;2.8750000e+02;7.3622569e-02;2.8750000e+02;2.9563528e-02;2.8750000e+02;-1.6002893e-02;2.8750000e+02;-6.3044503e-02;2.8750000e+02;-1.1209680e-01;2.8750000e+02;-6.4081691e-02;2.8750000e+02;-3.0952394e-02;2.8750000e+02;2.5688456e-02;2.8750000e+02;1.0284849e-01;2.8750000e+02;1.9884028e-01;2.8750000e+02;2.9453349e-01;2.8750000e+02;3.4412503e-01;2.8750000e+02;3.2594433e-01;2.8750000e+02;2.8804606e-01;2.8750000e+02;2.3744309e-01;2.8750000e+02;1.8784732e-01;2.8750000e+02;1.5160400e-01;2.8750000e+02;1.1536735e-01;2.8750000e+02;7.3622569e-02;2.8750000e+02;2.9563528e-02;2.8750000e+02;-1.6002893e-02;2.8750000e+02;-6.3044503e-02;2.8750000e+02;-1.1209680e-01;2.8750000e+02;-6.4081691e-02;2.8750000e+02;-3.0952394e-02;2.8750000e+02;2.5688456e-02;2.8750000e+02;1.0284849e-01;2.8750000e+02;1.9884028e-01;2.8750000e+02;2.9453349e-01;2.8750000e+02;3.4412503e-01;2.8750000e+02;3.2594433e-01;2.8750000e+02;2.8804606e-01;2.8750000e+02;2.3744309e-01;2.8750000e+02;1.8784732e-01;2.8750000e+02;1.5160400e-01;2.8750000e+02;1.1536735e-01;2.8750000e+02;7.3622569e-02;2.8750000e+02;2.9563528e-02;2.8750000e+02;-1.6002893e-02;2.8750000e+02;-6.3044503e-02;2.8750000e+02;-1.1209680e-01;2.8750000e+02;-6.4081691e-02;2.8750000e+02;-3.0952394e-02;2.8750000e+02;2.5688456e-02;2.8750000e+02;1.0284849e-01;2.8750000e+02;1.9884028e-01;2.8750000e+02;2.9453349e-01;2.8750000e+02;3.4412503e-01;2.8750000e+02;3.2594433e-01;2.8750000e+02;2.8804606e-01;2.8750000e+02;2.3744309e-01;2.8750000e+02;1.8784732e-01;2.8750000e+02;1.5160400e-01;2.8750000e+02;1.1536735e-01;2.8750000e+02;7.3622569e-02;2.8750000e+02;2.9563528e-02;2.8750000e+02;-1.6002893e-02;2.8750000e+02;-6.3044503e-02;2.8750000e+02;-1.1209680e-01;2.8750000e+02;-6.4081691e-02;2.8750000e+02;-3.0952394e-02;2.8750000e+02;2.5688456e-02;2.8750000e+02;1.0284849e-01;2.8750000e+02;1.9884028e-01;2.8750000e+02;2.9453349e-01;2.8750000e+02;3.4412503e-01;2.8750000e+02;3.2594433e-01;2.8750000e+02;2.8804606e-01;2.8750000e+02;2.3744309e-01;2.8750000e+02;1.8784732e-01;2.8750000e+02;1.5160400e-01;2.8750000e+02;1.1536735e-01;2.8750000e+02;7.3622569e-02;2.8750000e+02;2.9563528e-02;2.8750000e+02;-1.6002893e-02;2.8750000e+02;-6.3044503e-02;2.8750000e+02;-1.1209680e-01;2.8750000e+02;-6.4081691e-02;2.8750000e+02;-3.0952394e-02;2.8750000e+02;2.5688456e-02;2.8750000e+02;1.0284849e-01;2.8750000e+02;1.9884028e-01;2.8750000e+02;2.9453349e-01;2.8750000e+02;3.4412503e-01;2.8750000e+02;3.2594433e-01;2.8750000e+02;2.8804606e-01;2.8750000e+02;2.3744309e-01;2.8750000e+02;1.8784732e-01;2.8750000e+02;1.5160400e-01;2.8750000e+02;1.1536735e-01;2.8750000e+02;7.3622569e-02;2.8750000e+02;2.9563528e-02;2.8750000e+02;-1.6002893e-02;2.8750000e+02;-6.3044503e-02;2.8750000e+02;-1.1209680e-01;2.8750000e+02;-6.4081691e-02;2.8750000e+02;-3.0952394e-02;2.8750000e+02;2.5688456e-02;2.8750000e+02;1.0284849e-01;2.8750000e+02;1.9884028e-01;2.8750000e+02;2.9453349e-01;2.8750000e+02;3.4412503e-01;2.8750000e+02;3.2594433e-01;2.8750000e+02;2.8804606e-01;2.8750000e+02;2.3744309e-01;2.8750000e+02;1.8784732e-01;2.8750000e+02;1.5160400e-01;2.8750000e+02;1.1536735e-01;2.8750000e+02;7.3622569e-02;2.8750000e+02;2.9563528e-02;2.8750000e+02;-1.6002893e-02;2.8750000e+02;-6.3044503e-02;2.8750000e+02;-1.1209680e-01;2.8750000e+02;-6.4081691e-02;2.8750000e+02;-3.0952394e-02;2.8750000e+02;2.5688456e-02;2.8750000e+02;1.0284849e-01;2.8750000e+02;1.9884028e-01;2.8750000e+02;2.9453349e-01;2.8750000e+02;3.4412503e-01;2.8750000e+02;3.2594433e-01;2.8750000e+02;2.8804606e-01;2.8750000e+02;2.3744309e-01;2.8750000e+02;1.8784732e-01;2.8750000e+02;1.5160400e-01;2.8750000e+02;1.1536735e-01;2.8750000e+02;7.3622569e-02;2.8750000e+02;2.9563528e-02;2.8750000e+02;-1.6002893e-02;2.8750000e+02;-6.3044503e-02;2.8750000e+02;-1.1209680e-01;2.8750000e+02;-6.4081691e-02;2.8750000e+02;-3.0952394e-02;2.8750000e+02;2.5688456e-02;2.8750000e+02;1.0284849e-01;2.8750000e+02;1.9884028e-01;2.8750000e+02;2.9453349e-01;2.8750000e+02;3.4412503e-01;2.8750000e+02;3.2594433e-01;2.8750000e+02;2.8804606e-01;2.8750000e+02;2.3744309e-01;2.8750000e+02;1.8784732e-01;2.8750000e+02;1.5160400e-01;2.8750000e+02;1.1536735e-01;2.8750000e+02;7.3622569e-02;2.8750000e+02;2.9563528e-02;2.8750000e+02;-1.6002893e-02;2.8750000e+02;-6.3044503e-02;2.8750000e+02;-1.1209680e-01;2.8750000e+02;-6.4081691e-02;2.8750000e+02;-3.0952394e-02;2.8750000e+02;2.5688456e-02;2.8750000e+02;1.0284849e-01;2.8750000e+02;1.9884028e-01;2.8750000e+02;2.9453349e-01;2.8750000e+02;3.4412503e-01;2.8750000e+02;3.2594433e-01;2.8750000e+02;2.8804606e-01;2.8750000e+02;2.3744309e-01;2.8750000e+02;1.8784732e-01;2.8750000e+02;1.5160400e-01;2.8750000e+02;1.1536735e-01;2.8750000e+02;7.3622569e-02;2.8750000e+02;2.9563528e-02;2.8750000e+02;-1.6002893e-02;2.8750000e+02;-6.3044503e-02;2.8750000e+02;-1.1209680e-01;2.8750000e+02;-6.4081691e-02;2.8750000e+02;-3.0952394e-02;2.8750000e+02;2.5688456e-02;2.8750000e+02;1.0284849e-01;2.8750000e+02;1.9884028e-01;2.8750000e+02;2.9453349e-01;2.8750000e+02;3.4412503e-01;2.8750000e+02;3.2594433e-01;2.8750000e+02;2.8804606e-01;2.8750000e+02;2.3744309e-01;2.8750000e+02;1.8784732e-01;2.8750000e+02;1.5160400e-01;2.8750000e+02;1.1536735e-01;2.8750000e+02;7.3622569e-02;2.8750000e+02;2.9563528e-02;2.8750000e+02;-1.6002893e-02;2.8750000e+02;-6.3044503e-02;2.8750000e+02;-1.1209680e-01;2.8750000e+02;-6.4081691e-02;2.8750000e+02;-3.0952394e-02;2.8750000e+02;2.5688456e-02;2.8750000e+02;1.0284849e-01;2.8750000e+02;1.9884028e-01;2.8750000e+02;2.9453349e-01;2.8750000e+02;3.4412503e-01;2.8750000e+02;3.2594433e-01;2.8750000e+02;2.8804606e-01;2.8750000e+02;2.3744309e-01;2.8750000e+02;1.8784732e-01;2.8750000e+02;1.5160400e-01;2.8750000e+02;1.1536735e-01;2.8750000e+02;7.3622569e-02;2.8750000e+02;2.9563528e-02;2.8750000e+02;-1.6002893e-02;2.8750000e+02;-6.3044503e-02;2.8750000e+02;-1.1209680e-01;2.8750000e+02;-6.4081691e-02;2.8750000e+02;-3.0952394e-02;2.8750000e+02;2.5688456e-02;2.8750000e+02;1.0284849e-01;2.8750000e+02;1.9884028e-01;2.8750000e+02;2.9453349e-01;2.8750000e+02;3.4412503e-01;2.8750000e+02;3.2594433e-01;2.8750000e+02;2.8804606e-01;2.8750000e+02;2.3744309e-01;2.8750000e+02;1.8784732e-01;2.8750000e+02;1.5160400e-01;2.8750000e+02;1.1536735e-01;2.8750000e+02;7.3622569e-02;2.8750000e+02;2.9563528e-02;2.8750000e+02;-1.6002893e-02;2.8750000e+02;-6.3044503e-02;2.8750000e+02;-1.1209680e-01;2.8750000e+02;-6.4081691e-02;2.8750000e+02;-3.0952394e-02;2.8750000e+02;2.5688456e-02;2.8750000e+02;1.0284849e-01;2.8750000e+02;1.9884028e-01;2.8750000e+02;2.9453349e-01;2.8750000e+02;3.4412503e-01;2.8750000e+02;3.2594433e-01;2.8750000e+02;2.8804606e-01;2.8750000e+02;2.3744309e-01;2.8750000e+02;1.8784732e-01;2.8750000e+02;1.5160400e-01;2.8750000e+02;1.1536735e-01;2.8750000e+02;7.3622569e-02;2.8750000e+02;2.9563528e-02;2.8750000e+02;-1.6002893e-02;2.8750000e+02;-6.3044503e-02;2.8750000e+02;-1.1209680e-01;2.8750000e+02;-6.4081691e-02;2.8750000e+02;-3.0952394e-02;2.8750000e+02;2.5688456e-02;2.8750000e+02;1.0284849e-01;2.8750000e+02;1.9884028e-01;2.8750000e+02;2.9453349e-01;2.8750000e+02;3.4412503e-01;2.8750000e+02;3.2594433e-01;2.8750000e+02;2.8804606e-01;2.8750000e+02;2.3744309e-01;2.8750000e+02;1.8784732e-01;2.8750000e+02;1.5160400e-01;2.8750000e+02;1.1536735e-01;2.8750000e+02;7.3622569e-02;2.8750000e+02;2.9563528e-02;2.8750000e+02;-1.6002893e-02;2.8750000e+02;-6.3044503e-02;2.8750000e+02;-1.1209680e-01;2.8750000e+02;-6.4081691e-02;2.8750000e+02;-3.0952394e-02;2.8750000e+02;2.5688456e-02;2.8750000e+02;1.0284849e-01;2.8750000e+02;1.9884028e-01;2.8750000e+02;2.9453349e-01;2.8750000e+02;3.4412503e-01;2.8750000e+02;3.2594433e-01;2.8750000e+02;2.8804606e-01;2.8750000e+02;2.3744309e-01;2.8750000e+02;1.8784732e-01;2.8750000e+02;1.5160400e-01;2.8750000e+02;1.1536735e-01;2.8750000e+02;7.3622569e-02;2.8750000e+02;2.9563528e-02;2.8750000e+02;-1.6002893e-02;2.8750000e+02;-6.3044503e-02;2.8750000e+02;-1.1209680e-01;2.8750000e+02;-6.4081691e-02;2.8750000e+02;-3.0952394e-02;2.8750000e+02;2.5688456e-02;2.8750000e+02;1.0284849e-01;2.8750000e+02;1.9884028e-01;2.8750000e+02;2.9453349e-01;2.8750000e+02;3.4412503e-01;2.8750000e+02;3.2594433e-01;2.8750000e+02;2.8804606e-01;2.8750000e+02;2.3744309e-01;2.8750000e+02;1.8784732e-01;2.8750000e+02;1.5160400e-01;2.8750000e+02;1.1536735e-01;2.8750000e+02;7.3622569e-02;2.8750000e+02;2.9563528e-02;2.8750000e+02;-1.6002893e-02;2.8750000e+02;-6.3044503e-02;2.8750000e+02;-1.1209680e-01;2.8750000e+02;-6.4081691e-02;2.8750000e+02;-3.0952394e-02;2.8750000e+02;2.5688456e-02;2.8750000e+02;1.0284849e-01;2.8750000e+02;1.9884028e-01;2.8750000e+02;2.9453349e-01;2.8750000e+02;3.4412503e-01;2.8750000e+02;3.2594433e-01;2.8750000e+02;2.8804606e-01;2.8750000e+02;2.3744309e-01;2.8750000e+02;1.8784732e-01;2.8750000e+02;1.5160400e-01;2.8750000e+02;1.1536735e-01;2.8750000e+02;7.3622569e-02;2.8750000e+02;2.9563528e-02;2.8750000e+02;-1.6002893e-02;2.8750000e+02;-6.3044503e-02;2.8750000e+02;-1.1209680e-01;2.8750000e+02;-6.4081691e-02;2.8750000e+02;-3.0952394e-02;2.8750000e+02;2.5688456e-02;2.8750000e+02;1.0284849e-01;2.8750000e+02;1.9884028e-01;2.8750000e+02;2.9453349e-01;2.8750000e+02;3.4412503e-01;2.8750000e+02;3.2594433e-01;2.8750000e+02;2.8804606e-01;2.8750000e+02;2.3744309e-01;2.8750000e+02;1.8784732e-01;2.8750000e+02;1.5160400e-01;2.8750000e+02;1.1536735e-01;2.8750000e+02;7.3622569e-02;2.8750000e+02;2.9563528e-02;2.8750000e+02;-1.6002893e-02;2.8750000e+02;-6.3044503e-02;2.8750000e+02;-1.1209680e-01;2.8750000e+02;-6.4081691e-02;2.8750000e+02;-3.0952394e-02;2.8750000e+02;2.5688456e-02;2.8750000e+02;1.0284849e-01;2.8750000e+02;1.9884028e-01;2.8750000e+02;2.9453349e-01;2.8750000e+02;3.4412503e-01;2.8750000e+02;3.2594433e-01;2.8750000e+02;2.8804606e-01;2.8750000e+02;2.3744309e-01;2.8750000e+02;1.8784732e-01;2.8750000e+02;1.5160400e-01;2.8750000e+02;1.1536735e-01;2.8750000e+02;7.3622569e-02;2.8750000e+02;2.9563528e-02;2.8750000e+02;-1.6002893e-02;2.8750000e+02;-6.3044503e-02;2.8750000e+02;-1.1209680e-01;2.8750000e+02;-6.4081691e-02;2.8750000e+02;-3.0952394e-02;2.8750000e+02;2.5688456e-02;2.8750000e+02;1.0284849e-01;2.8750000e+02;1.9884028e-01;2.8750000e+02;2.9453349e-01;2.8750000e+02;3.4412503e-01;2.8750000e+02;3.2594433e-01;2.8750000e+02;2.8804606e-01;2.8750000e+02;2.3744309e-01;2.8750000e+02;1.8784732e-01;2.8750000e+02;1.5160400e-01;2.8750000e+02;1.1536735e-01;2.8750000e+02;7.3622569e-02;2.8750000e+02;2.9563528e-02;2.8750000e+02;-1.6002893e-02;2.8750000e+02;-6.3044503e-02;2.8750000e+02;-1.1209680e-01;2.8750000e+02;-6.4081691e-02;2.8750000e+02;-3.0952394e-02;2.8750000e+02;2.5688456e-02;2.8750000e+02;1.0284849e-01;2.8750000e+02;1.9884028e-01;2.8750000e+02;2.9453349e-01;2.8750000e+02;3.4412503e-01;2.8750000e+02;3.2594433e-01;2.8750000e+02;2.8804606e-01;2.8750000e+02;2.3744309e-01;2.8750000e+02;1.8784732e-01;2.8750000e+02;1.5160400e-01;2.8750000e+02;1.1536735e-01;2.8750000e+02;7.3622569e-02;2.8750000e+02;2.9563528e-02;2.8750000e+02;-1.6002893e-02;2.8750000e+02;-6.3044503e-02;2.8750000e+02;-1.1209680e-01;2.8750000e+02;-6.4081691e-02;2.8750000e+02;-3.0952394e-02;2.8750000e+02;2.5688456e-02;2.8750000e+02;1.0284849e-01;2.8750000e+02;1.9884028e-01;2.8750000e+02;2.9453349e-01;2.8750000e+02;3.4412503e-01;2.8750000e+02;3.2594433e-01;2.8750000e+02;2.8804606e-01;2.8750000e+02;2.3744309e-01;2.8750000e+02;1.8784732e-01;2.8750000e+02;1.5160400e-01;2.8750000e+02;1.1536735e-01;2.8750000e+02;7.3622569e-02;2.8750000e+02;2.9563528e-02;2.8750000e+02;-1.6002893e-02;2.8750000e+02;-6.3044503e-02;2.8750000e+02;-1.1209680e-01;2.8750000e+02;-6.4081691e-02;2.8750000e+02;-3.0952394e-02;2.8750000e+02;2.5688456e-02;2.8750000e+02;1.0284849e-01;2.8750000e+02;1.9884028e-01;2.8750000e+02;2.9453349e-01;2.8750000e+02;3.4412503e-01;2.8750000e+02;3.2594433e-01;2.8750000e+02;2.8804606e-01;2.8750000e+02;2.3744309e-01;2.8750000e+02;1.8784732e-01;2.8750000e+02;1.5160400e-01;2.8750000e+02;1.1536735e-01;2.8750000e+02;7.3622569e-02;2.8750000e+02;2.9563528e-02;2.8750000e+02;-1.6002893e-02;2.8750000e+02;-6.3044503e-02;2.8750000e+02;-1.1209680e-01;2.8750000e+02;-6.4081691e-02;2.8750000e+02;-3.0952394e-02;2.8750000e+02;2.5688456e-02;2.8750000e+02;1.0284849e-01;2.8750000e+02;1.9884028e-01;2.8750000e+02;2.9453349e-01;2.8750000e+02;3.4412503e-01;2.8750000e+02;3.2594433e-01;2.8750000e+02;2.8804606e-01;2.8750000e+02;2.3744309e-01;2.8750000e+02;1.8784732e-01;2.8750000e+02;1.5160400e-01;2.8750000e+02;1.1536735e-01;2.8750000e+02;7.3622569e-02;2.8750000e+02;2.9563528e-02;2.8750000e+02;-1.6002893e-02;2.8750000e+02;-6.3044503e-02;2.8750000e+02;-1.1209680e-01;2.8750000e+02;-6.4081691e-02;2.8750000e+02;-3.0952394e-02;2.8750000e+02;2.5688456e-02;2.8750000e+02;1.0284849e-01;2.8750000e+02;1.9884028e-01;2.8750000e+02;2.9453349e-01;2.8750000e+02;3.4412503e-01;2.8750000e+02;3.2594433e-01;2.8750000e+02;2.8804606e-01;2.8750000e+02;2.3744309e-01;2.8750000e+02;1.8784732e-01;2.8750000e+02;1.5160400e-01;2.8750000e+02;1.1536735e-01;2.8750000e+02;7.3622569e-02;2.8750000e+02;2.9563528e-02;2.8750000e+02;-1.6002893e-02;2.8750000e+02;-6.3044503e-02;2.8750000e+02;-1.1209680e-01;2.8750000e+02;-6.4081691e-02;2.8750000e+02;-3.0952394e-02;2.8750000e+02;2.5688456e-02;2.8750000e+02;1.0284849e-01;2.8750000e+02;1.9884028e-01;2.8750000e+02;2.9453349e-01;2.8750000e+02;3.4412503e-01;2.8750000e+02;3.2594433e-01;2.8750000e+02;2.8804606e-01;2.8750000e+02;2.3744309e-01;2.8750000e+02;1.8784732e-01;2.8750000e+02;1.5160400e-01;2.8750000e+02;1.1536735e-01;2.8750000e+02;7.3622569e-02;2.8750000e+02;2.9563528e-02;2.8750000e+02;-1.6002893e-02;2.8750000e+02;-6.3044503e-02;2.8750000e+02;-1.1209680e-01;2.8750000e+02;-6.4081691e-02;2.8750000e+02;-3.0952394e-02;2.8750000e+02;2.5688456e-02;2.8750000e+02;1.0284849e-01;2.8750000e+02;1.9884028e-01;2.8750000e+02;2.9453349e-01;2.8750000e+02;3.4412503e-01;2.8750000e+02;3.2594433e-01;2.8750000e+02;2.8804606e-01;2.8750000e+02;2.3744309e-01;2.8750000e+02;1.8784732e-01;2.8750000e+02;1.5160400e-01;2.8750000e+02;1.1536735e-01;2.8750000e+02;7.3622569e-02;2.8750000e+02;2.9563528e-02;2.8750000e+02;-1.6002893e-02;2.8750000e+02;-6.3044503e-02;2.8750000e+02;-1.1209680e-01;2.8750000e+02;-6.4081691e-02;2.8750000e+02;-3.0952394e-02;2.8750000e+02;2.5688456e-02;2.8750000e+02;1.0284849e-01;2.8750000e+02;1.9884028e-01;2.8750000e+02;2.9453349e-01;2.8750000e+02;3.4412503e-01;2.8750000e+02;3.2594433e-01;2.8750000e+02;2.8804606e-01;2.8750000e+02;2.3744309e-01;2.8750000e+02;1.8784732e-01;2.8750000e+02;1.5160400e-01;2.8750000e+02;1.1536735e-01;2.8750000e+02;7.3622569e-02;2.8750000e+02;2.9563528e-02;2.8750000e+02;-1.6002893e-02;2.8750000e+02;-6.3044503e-02;2.8750000e+02;-1.1209680e-01;2.8750000e+02;-6.4081691e-02;2.8750000e+02;-3.0952394e-02;2.8750000e+02;2.5688456e-02;2.8750000e+02;1.0284849e-01;2.8750000e+02;1.9884028e-01;2.8750000e+02;2.9453349e-01;2.8750000e+02;3.4412503e-01;2.8750000e+02;3.2594433e-01;2.8750000e+02;2.8804606e-01;2.8750000e+02;2.3744309e-01;2.8750000e+02;1.8784732e-01;2.8750000e+02;1.5160400e-01;2.8750000e+02;1.1536735e-01;2.8750000e+02;7.3622569e-02;2.8750000e+02;2.9563528e-02;2.8750000e+02;-1.6002893e-02;2.8750000e+02;-6.3044503e-02;2.8750000e+02;-1.1209680e-01;2.8750000e+02;-6.4081691e-02;2.8750000e+02;-3.0952394e-02;2.8750000e+02;2.5688456e-02;2.8750000e+02;1.0284849e-01;2.8750000e+02;1.9884028e-01;2.8750000e+02;2.9453349e-01;2.8750000e+02;3.4412503e-01;2.8750000e+02;3.2594433e-01;2.8750000e+02;2.8804606e-01;2.8750000e+02;2.3744309e-01;2.8750000e+02;1.8784732e-01;2.8750000e+02;1.5160400e-01;2.8750000e+02;1.1536735e-01;2.8750000e+02;7.3622569e-02;2.8750000e+02;2.9563528e-02;2.8750000e+02;-1.6002893e-02;2.8750000e+02;-6.3044503e-02;2.8750000e+02;-1.1209680e-01;2.8750000e+02;-6.4081691e-02;2.8750000e+02;-3.0952394e-02;2.8750000e+02;2.5688456e-02;2.8750000e+02;1.0284849e-01;2.8750000e+02;1.9884028e-01;2.8750000e+02;2.9453349e-01;2.8750000e+02;3.4412503e-01;2.8750000e+02;3.2594433e-01;2.8750000e+02;2.8804606e-01;2.8750000e+02;2.3744309e-01;2.8750000e+02;1.8784732e-01;2.8750000e+02;1.5160400e-01;2.8750000e+02;1.1536735e-01;2.8750000e+02;7.3622569e-02;2.8750000e+02;2.9563528e-02;2.8750000e+02;-1.6002893e-02;2.8750000e+02;-6.3044503e-02;2.8750000e+02;-1.1209680e-01;2.8750000e+02;-6.4081691e-02;2.8750000e+02;-3.0952394e-02;2.8750000e+02;2.5688456e-02;2.8750000e+02;1.0284849e-01;2.8750000e+02;1.9884028e-01;2.8750000e+02;2.9453349e-01;2.8750000e+02;3.4412503e-01;2.8750000e+02;3.2594433e-01;2.8750000e+02;2.8804606e-01;2.8750000e+02;2.3744309e-01;2.8750000e+02;1.8784732e-01;2.8750000e+02;1.5160400e-01;2.8750000e+02;1.1536735e-01;2.8750000e+02;7.3622569e-02;2.8750000e+02;2.9563528e-02;2.8750000e+02;-1.6002893e-02;2.8750000e+02;-6.3044503e-02;2.8750000e+02;-1.1209680e-01;2.8750000e+02;-6.4081691e-02;2.8750000e+02;-3.0952394e-02;2.8750000e+02;2.5688456e-02;2.8750000e+02;1.0284849e-01;2.8750000e+02;1.9884028e-01;2.8750000e+02;2.9453349e-01;2.8750000e+02;3.4412503e-01;2.8750000e+02;3.2594433e-01;2.8750000e+02;2.8804606e-01;2.8750000e+02;2.3744309e-01;2.8750000e+02;1.8784732e-01;2.8750000e+02;1.5160400e-01;2.8750000e+02;1.1536735e-01;2.8750000e+02;7.3622569e-02;2.8750000e+02;2.9563528e-02;2.8750000e+02;-1.6002893e-02;2.8750000e+02;-6.3044503e-02;2.8750000e+02;-1.1209680e-01;2.8750000e+02;-6.4081691e-02;2.8750000e+02;-3.0952394e-02;2.8750000e+02;2.5688456e-02;2.8750000e+02;1.0284849e-01;2.8750000e+02;1.9884028e-01;2.8750000e+02;2.9453349e-01;2.8750000e+02;3.4412503e-01;2.8750000e+02;3.2594433e-01;2.8750000e+02;2.8804606e-01;2.8750000e+02;2.3744309e-01;2.8750000e+02;1.8784732e-01;2.8750000e+02;1.5160400e-01;2.8750000e+02;1.1536735e-01;2.8750000e+02;7.3622569e-02;2.8750000e+02;2.9563528e-02;2.8750000e+02;-1.6002893e-02;2.8750000e+02;-6.3044503e-02;2.8750000e+02;-1.1209680e-01;2.8750000e+02;-6.4081691e-02;2.8750000e+02;-3.0952394e-02;2.8750000e+02;2.5688456e-02;2.8750000e+02;1.0284849e-01;2.8750000e+02;1.9884028e-01;2.8750000e+02;2.9453349e-01;2.8750000e+02;3.4412503e-01;2.8750000e+02;3.2594433e-01;2.8750000e+02;2.8804606e-01;2.8750000e+02;2.3744309e-01;2.8750000e+02;1.8784732e-01;2.8750000e+02;1.5160400e-01;2.8750000e+02;1.1536735e-01;2.8750000e+02;7.3622569e-02;2.8750000e+02;2.9563528e-02;2.8750000e+02;-1.6002893e-02;2.8750000e+02;-6.3044503e-02;2.8750000e+02;-1.1209680e-01;2.8750000e+02;-6.4081691e-02;2.8750000e+02;-3.0952394e-02;2.8750000e+02;2.5688456e-02;2.8750000e+02;1.0284849e-01;2.8750000e+02;1.9884028e-01;2.8750000e+02;2.9453349e-01;2.8750000e+02;3.4412503e-01;2.8750000e+02;3.2594433e-01;2.8750000e+02;2.8804606e-01;2.8750000e+02;2.3744309e-01;2.8750000e+02;1.8784732e-01;2.8750000e+02;1.5160400e-01;2.8750000e+02;1.1536735e-01;2.8750000e+02;7.3622569e-02;2.8750000e+02;2.9563528e-02;2.8750000e+02;-1.6002893e-02;2.8750000e+02;-6.3044503e-02;2.8750000e+02;-1.1209680e-01;2.8750000e+02;-6.4081691e-02;2.8750000e+02;-3.0952394e-02;2.8750000e+02;2.5688456e-02;2.8750000e+02;1.0284849e-01;2.8750000e+02;1.9884028e-01;2.8750000e+02;2.9453349e-01;2.8750000e+02;3.4412503e-01;2.8750000e+02;3.2594433e-01;2.8750000e+02;2.8804606e-01;2.8750000e+02;2.3744309e-01;2.8750000e+02;1.8784732e-01;2.8750000e+02;1.5160400e-01;2.8750000e+02;1.1536735e-01;2.8750000e+02;7.3622569e-02;2.8750000e+02;2.9563528e-02;2.8750000e+02;-1.6002893e-02;2.8750000e+02;-6.3044503e-02;2.8750000e+02;-1.1209680e-01;2.8750000e+02;-6.4081691e-02;2.8750000e+02;-3.0952394e-02;2.8750000e+02;2.5688456e-02;2.8750000e+02;1.0284849e-01;2.8750000e+02;1.9884028e-01;2.8750000e+02;2.9453349e-01;2.8750000e+02;3.4412503e-01;2.8750000e+02;3.2594433e-01;2.8750000e+02;2.8804606e-01;2.8750000e+02;2.3744309e-01;2.8750000e+02;1.8784732e-01;2.8750000e+02;1.5160400e-01;2.8750000e+02;1.1536735e-01;2.8750000e+02;7.3622569e-02;2.8750000e+02;2.9563528e-02;2.8750000e+02;-1.6002893e-02;2.8750000e+02;-6.3044503e-02;2.8750000e+02;-1.1209680e-01;2.8750000e+02;-6.4081691e-02;2.8750000e+02;-3.0952394e-02;2.8750000e+02;2.5688456e-02;2.8750000e+02;1.0284849e-01;2.8750000e+02;1.9884028e-01;2.8750000e+02;2.9453349e-01;2.8750000e+02;3.4412503e-01;2.8750000e+02;3.2594433e-01;2.8750000e+02;2.8804606e-01;2.8750000e+02;2.3744309e-01;2.8750000e+02;1.8784732e-01;2.8750000e+02;1.5160400e-01;2.8750000e+02;1.1536735e-01;2.8750000e+02;7.3622569e-02;2.8750000e+02;2.9563528e-02;2.8750000e+02;-1.6002893e-02;2.8750000e+02;-6.3044503e-02;2.8750000e+02;-1.1209680e-01;2.8750000e+02;-6.4081691e-02;2.8750000e+02;-3.0952394e-02;2.8750000e+02;2.5688456e-02;2.8750000e+02;1.0284849e-01;2.8750000e+02;1.9884028e-01;2.8750000e+02;2.9453349e-01;2.8750000e+02;3.4412503e-01;2.8750000e+02;3.2594433e-01;2.8750000e+02;2.8804606e-01;2.8750000e+02;2.3744309e-01;2.8750000e+02;1.8784732e-01;2.8750000e+02;1.5160400e-01;2.8750000e+02;1.1536735e-01;2.8750000e+02;7.3622569e-02;2.8750000e+02;2.9563528e-02;2.8750000e+02;-1.6002893e-02;2.8750000e+02;-6.3044503e-02;2.8750000e+02;-1.1209680e-01;2.8750000e+02;-6.4081691e-02;2.8750000e+02;-3.0952394e-02;2.8750000e+02;2.5688456e-02;2.8750000e+02;1.0284849e-01;2.8750000e+02;1.9884028e-01;2.8750000e+02;2.9453349e-01;2.8750000e+02;3.4412503e-01;2.8750000e+02;3.2594433e-01;2.8750000e+02;2.8804606e-01;2.8750000e+02;2.3744309e-01;2.8750000e+02;1.8784732e-01;2.8750000e+02;1.5160400e-01;2.8750000e+02;1.1536735e-01;2.8750000e+02;7.3622569e-02;2.8750000e+02;2.9563528e-02;2.8750000e+02;-1.6002893e-02;2.8750000e+02;-6.3044503e-02;2.8750000e+02;-1.1209680e-01;2.8750000e+02;-6.4081691e-02;2.8750000e+02;-3.0952394e-02;2.8750000e+02;2.5688456e-02;2.8750000e+02;1.0284849e-01;2.8750000e+02;1.9884028e-01;2.8750000e+02;2.9453349e-01;2.8750000e+02;3.4412503e-01;2.8750000e+02;3.2594433e-01;2.8750000e+02;2.8804606e-01;2.8750000e+02;2.3744309e-01;2.8750000e+02;1.8784732e-01;2.8750000e+02;1.5160400e-01;2.8750000e+02;1.1536735e-01;2.8750000e+02;7.3622569e-02;2.8750000e+02;2.9563528e-02;2.8750000e+02;-1.6002893e-02;2.8750000e+02;-6.3044503e-02;2.8750000e+02;-1.1209680e-01;2.8750000e+02;-6.4081691e-02;2.8750000e+02;-3.0952394e-02;2.8750000e+02;2.5688456e-02;2.8750000e+02;1.0284849e-01;2.8750000e+02;1.9884028e-01;2.8750000e+02;2.9453349e-01;2.8750000e+02;3.4412503e-01;2.8750000e+02;3.2594433e-01;2.8750000e+02;2.8804606e-01;2.8750000e+02;2.3744309e-01;2.8750000e+02;1.8784732e-01;2.8750000e+02;1.5160400e-01;2.8750000e+02;1.1536735e-01;2.8750000e+02;7.3622569e-02;2.8750000e+02;2.9563528e-02;2.8750000e+02;-1.6002893e-02;2.8750000e+02;-6.3044503e-02;2.8750000e+02;-1.1209680e-01;2.8750000e+02;-6.4081691e-02;2.8750000e+02;-3.0952394e-02;2.8750000e+02;2.5688456e-02;2.8750000e+02;1.0284849e-01;2.8750000e+02;1.9884028e-01;2.8750000e+02;2.9453349e-01;2.8750000e+02;3.4412503e-01;2.8750000e+02;3.2594433e-01;2.8750000e+02;2.8804606e-01;2.8750000e+02;2.3744309e-01;2.8750000e+02;1.8784732e-01;2.8750000e+02;1.5160400e-01;2.8750000e+02;1.1536735e-01;2.8750000e+02;7.3622569e-02;2.8750000e+02;2.9563528e-02;2.8750000e+02;-1.6002893e-02;2.8750000e+02;-6.3044503e-02;2.8750000e+02;-1.1209680e-01;2.8750000e+02;-6.4081691e-02;2.8750000e+02;-3.0952394e-02;2.8750000e+02;2.5688456e-02;2.8750000e+02;1.0284849e-01;2.8750000e+02;1.9884028e-01;2.8750000e+02;2.9453349e-01;2.8750000e+02;3.4412503e-01;2.8750000e+02;3.2594433e-01;2.8750000e+02;2.8804606e-01;2.8750000e+02;2.3744309e-01;2.8750000e+02;1.8784732e-01;2.8750000e+02;1.5160400e-01;2.8750000e+02;1.1536735e-01;2.8750000e+02;7.3622569e-02;2.8750000e+02;2.9563528e-02;2.8750000e+02;-1.6002893e-02;2.8750000e+02;-6.3044503e-02;2.8750000e+02;-1.1209680e-01;2.8750000e+02;-6.4081691e-02;2.8750000e+02;-3.0952394e-02;2.8750000e+02;2.5688456e-02;2.8750000e+02;1.0284849e-01;2.8750000e+02;1.9884028e-01;2.8750000e+02;2.9453349e-01;2.8750000e+02;3.4412503e-01;2.8750000e+02;3.2594433e-01;2.8750000e+02;2.8804606e-01;2.8750000e+02;2.3744309e-01;2.8750000e+02;1.8784732e-01;2.8750000e+02;1.5160400e-01;2.8750000e+02;1.1536735e-01;2.8750000e+02;7.3622569e-02;2.8750000e+02;2.9563528e-02;2.8750000e+02;-1.6002893e-02;2.8750000e+02;-6.3044503e-02;2.8750000e+02;-1.1209680e-01;2.8750000e+02;-6.4081691e-02;2.8750000e+02;-3.0952394e-02;2.8750000e+02;2.5688456e-02;2.8750000e+02;1.0284849e-01;2.8750000e+02;1.9884028e-01;2.8750000e+02;2.9453349e-01;2.8750000e+02;3.4412503e-01;2.8750000e+02;3.2594433e-01;2.8750000e+02;2.8804606e-01;2.8750000e+02;2.3744309e-01;2.8750000e+02;1.8784732e-01;2.8750000e+02;1.5160400e-01;2.8750000e+02;1.1536735e-01;2.8750000e+02;7.3622569e-02;2.8750000e+02;2.9563528e-02;2.8750000e+02;-1.6002893e-02;2.8750000e+02;-6.3044503e-02;2.8750000e+02;-1.1209680e-01;2.8750000e+02;-6.4081691e-02;2.8750000e+02;-3.0952394e-02;2.8750000e+02;2.5688456e-02;2.8750000e+02;1.0284849e-01;2.8750000e+02;1.9884028e-01;2.8750000e+02;2.9453349e-01;2.8750000e+02;3.4412503e-01;2.8750000e+02;3.2594433e-01;2.8750000e+02;2.8804606e-01;2.8750000e+02;2.3744309e-01;2.8750000e+02;1.8784732e-01;2.8750000e+02;1.5160400e-01;2.8750000e+02;1.1536735e-01;2.8750000e+02;7.3622569e-02;2.8750000e+02;2.9563528e-02;2.8750000e+02;-1.6002893e-02;2.8750000e+02;-6.3044503e-02;2.8750000e+02;-1.1209680e-01;2.8750000e+02;-6.4081691e-02;2.8750000e+02;-3.0952394e-02;2.8750000e+02;2.5688456e-02;2.8750000e+02;1.0284849e-01;2.8750000e+02;1.9884028e-01;2.8750000e+02;2.9453349e-01;2.8750000e+02;3.4412503e-01;2.8750000e+02;3.2594433e-01;2.8750000e+02;2.8804606e-01;2.8750000e+02;2.3744309e-01;2.8750000e+02;1.8784732e-01;2.8750000e+02;1.5160400e-01;2.8750000e+02;1.1536735e-01;2.8750000e+02;7.3622569e-02;2.8750000e+02;2.9563528e-02;2.8750000e+02;-1.6002893e-02;2.8750000e+02;-6.3044503e-02;2.8750000e+02;-1.1209680e-01;2.8750000e+02;-6.4081691e-02;2.8750000e+02;-3.0952394e-02;2.8750000e+02;2.5688456e-02;2.8750000e+02;1.0284849e-01;2.8750000e+02;1.9884028e-01;2.8750000e+02;2.9453349e-01;2.8750000e+02;3.4412503e-01;2.8750000e+02;3.2594433e-01;2.8750000e+02;2.8804606e-01;2.8750000e+02;2.3744309e-01;2.8750000e+02;1.8784732e-01;2.8750000e+02;1.5160400e-01;2.8750000e+02;1.1536735e-01;2.8750000e+02;7.3622569e-02;2.8750000e+02;2.9563528e-02;2.8750000e+02;-1.6002893e-02;2.8750000e+02;-6.3044503e-02;2.8750000e+02;-1.1209680e-01;2.8750000e+02;-6.4081691e-02;2.8750000e+02;-3.0952394e-02;2.8750000e+02;2.5688456e-02;2.8750000e+02;1.0284849e-01;2.8750000e+02;1.9884028e-01;2.8750000e+02;2.9453349e-01;2.8750000e+02;3.4412503e-01;2.8750000e+02;3.2594433e-01;2.8750000e+02;2.8804606e-01;2.8750000e+02;2.3744309e-01;2.8750000e+02;1.8784732e-01;2.8750000e+02;1.5160400e-01;2.8750000e+02;1.1536735e-01;2.8750000e+02;7.3622569e-02;2.8750000e+02;2.9563528e-02;2.8750000e+02;-1.6002893e-02;2.8750000e+02;-6.3044503e-02;2.8750000e+02;-1.1209680e-01;2.8750000e+02;-6.4081691e-02;2.8750000e+02;-3.0952394e-02;2.8750000e+02;2.5688456e-02;2.8750000e+02;1.0284849e-01;2.8750000e+02;1.9884028e-01;2.8750000e+02;2.9453349e-01;2.8750000e+02;3.4412503e-01;2.8750000e+02;3.2594433e-01;2.8750000e+02;2.8804606e-01;2.8750000e+02;2.3744309e-01;2.8750000e+02;1.8784732e-01;2.8750000e+02;1.5160400e-01;2.8750000e+02;1.1536735e-01;2.8750000e+02;7.3622569e-02;2.8750000e+02;2.9563528e-02;2.8750000e+02;-1.6002893e-02;2.8750000e+02;-6.3044503e-02;2.8750000e+02;-1.1209680e-01;2.8750000e+02;-6.4081691e-02;2.8750000e+02;-3.0952394e-02;2.8750000e+02;2.5688456e-02;2.8750000e+02;1.0284849e-01;2.8750000e+02;1.9884028e-01;2.8750000e+02;2.9453349e-01;2.8750000e+02;3.4412503e-01;2.8750000e+02;3.2594433e-01;2.8750000e+02;2.8804606e-01;2.8750000e+02;2.3744309e-01;2.8750000e+02;1.8784732e-01;2.8750000e+02;1.5160400e-01;2.8750000e+02;1.1536735e-01;2.8750000e+02;7.3622569e-02;2.8750000e+02;2.9563528e-02;2.8750000e+02;-1.6002893e-02;2.8750000e+02;-6.3044503e-02;2.8750000e+02;-1.1209680e-01;2.8750000e+02;-6.4081691e-02;2.8750000e+02;-3.0952394e-02;2.8750000e+02;2.5688456e-02;2.8750000e+02;1.0284849e-01;2.8750000e+02;1.9884028e-01;2.8750000e+02;2.9453349e-01;2.8750000e+02;3.4412503e-01;2.8750000e+02;3.2594433e-01;2.8750000e+02;2.8804606e-01;2.8750000e+02;2.3744309e-01;2.8750000e+02;1.8784732e-01;2.8750000e+02;1.5160400e-01;2.8750000e+02;1.1536735e-01;2.8750000e+02;7.3622569e-02;2.8750000e+02;2.9563528e-02;2.8750000e+02;-1.6002893e-02;2.8750000e+02;-6.3044503e-02;2.8750000e+02;-1.1209680e-01;2.8750000e+02;-6.4081691e-02;2.8750000e+02;-3.0952394e-02;2.8750000e+02;2.5688456e-02;2.8750000e+02;1.0284849e-01;2.8750000e+02;1.9884028e-01;2.8750000e+02;2.9453349e-01;2.8750000e+02;3.4412503e-01;2.8750000e+02;3.2594433e-01;2.8750000e+02;2.8804606e-01;2.8750000e+02;2.3744309e-01;2.8750000e+02;1.8784732e-01;2.8750000e+02;1.5160400e-01;2.8750000e+02;1.1536735e-01;2.8750000e+02;7.3622569e-02;2.8750000e+02;2.9563528e-02;2.8750000e+02;-1.6002893e-02;2.8750000e+02;-6.3044503e-02;2.8750000e+02;-1.1209680e-01;2.8750000e+02;-6.4081691e-02;2.8750000e+02;-3.0952394e-02;2.8750000e+02;2.5688456e-02;2.8750000e+02;1.0284849e-01;2.8750000e+02;1.9884028e-01;2.8750000e+02;2.9453349e-01;2.8750000e+02;3.4412503e-01;2.8750000e+02;3.2594433e-01;2.8750000e+02;2.8804606e-01;2.8750000e+02;2.3744309e-01;2.8750000e+02;1.8784732e-01;2.8750000e+02;1.5160400e-01;2.8750000e+02;1.1536735e-01;2.8750000e+02;7.3622569e-02;2.8750000e+02;2.9563528e-02;2.8750000e+02;-1.6002893e-02;2.8750000e+02;-6.3044503e-02;2.8750000e+02;-1.1209680e-01;2.8750000e+02;-6.4081691e-02;2.8750000e+02;-3.0952394e-02;2.8750000e+02;2.5688456e-02;2.8750000e+02;1.0284849e-01;2.8750000e+02;1.9884028e-01;2.8750000e+02;2.9453349e-01;2.8750000e+02;3.4412503e-01;2.8750000e+02;3.2594433e-01;2.8750000e+02;2.8804606e-01;2.8750000e+02;2.3744309e-01;2.8750000e+02;1.8784732e-01;2.8750000e+02;1.5160400e-01;2.8750000e+02;1.1536735e-01;2.8750000e+02;7.3622569e-02;2.8750000e+02;2.9563528e-02;2.8750000e+02;-1.6002893e-02;2.8750000e+02;-6.3044503e-02;2.8750000e+02;-1.1209680e-01;2.8750000e+02;-6.4081691e-02;2.8750000e+02;-3.0952394e-02;2.8750000e+02;2.5688456e-02;2.8750000e+02;1.0284849e-01;2.8750000e+02;1.9884028e-01;2.8750000e+02;2.9453349e-01;2.8750000e+02;3.4412503e-01;2.8750000e+02;3.2594433e-01;2.8750000e+02;2.8804606e-01;2.8750000e+02;2.3744309e-01;2.8750000e+02;1.8784732e-01;2.8750000e+02;1.5160400e-01;2.8750000e+02;1.1536735e-01;2.8750000e+02;7.3622569e-02;2.8750000e+02;2.9563528e-02;2.8750000e+02;-1.6002893e-02;2.8750000e+02;-6.3044503e-02;2.8750000e+02;-1.1209680e-01;2.8750000e+02;-6.4081691e-02;2.8750000e+02;-3.0952394e-02;2.8750000e+02;2.5688456e-02;2.8750000e+02;1.0284849e-01;2.8750000e+02;1.9884028e-01;2.8750000e+02;2.9453349e-01;2.8750000e+02;3.4412503e-01;2.8750000e+02;3.2594433e-01;2.8750000e+02;2.8804606e-01;2.8750000e+02;2.3744309e-01;2.8750000e+02;1.8784732e-01;2.8750000e+02;1.5160400e-01;2.8750000e+02;1.1536735e-01;2.8750000e+02;7.3622569e-02;2.8750000e+02;2.9563528e-02;2.8750000e+02;-1.6002893e-02;2.8750000e+02;-6.3044503e-02;2.8750000e+02;-1.1209680e-01;2.8750000e+02;-6.4081691e-02;2.8750000e+02;-3.0952394e-02;2.8750000e+02;2.5688456e-02;2.8750000e+02;1.0284849e-01;2.8750000e+02;1.9884028e-01;2.8750000e+02;2.9453349e-01;2.8750000e+02;3.4412503e-01;2.8750000e+02;3.2594433e-01;2.8750000e+02;2.8804606e-01;2.8750000e+02;2.3744309e-01;2.8750000e+02;1.8784732e-01;2.8750000e+02;1.5160400e-01;2.8750000e+02;1.1536735e-01;2.8750000e+02;7.3622569e-02;2.8750000e+02;2.9563528e-02;2.8750000e+02;-1.6002893e-02;2.8750000e+02;-6.3044503e-02;2.8750000e+02;-1.1209680e-01;2.8750000e+02;-6.4081691e-02;2.8750000e+02;-3.0952394e-02;2.8750000e+02;2.5688456e-02;2.8750000e+02;1.0284849e-01;2.8750000e+02;1.9884028e-01;2.8750000e+02;2.9453349e-01;2.8750000e+02;3.4412503e-01;2.8750000e+02;3.2594433e-01;2.8750000e+02;2.8804606e-01;2.8750000e+02;2.3744309e-01;2.8750000e+02;1.8784732e-01;2.8750000e+02;1.5160400e-01;2.8750000e+02;1.1536735e-01;2.8750000e+02;7.3622569e-02;2.8750000e+02;2.9563528e-02;2.8750000e+02;-1.6002893e-02;2.8750000e+02;-6.3044503e-02;2.8750000e+02;-1.1209680e-01;2.8750000e+02;-6.4081691e-02;2.8750000e+02;-3.0952394e-02;2.8750000e+02;2.5688456e-02;2.8750000e+02;1.0284849e-01;2.8750000e+02;1.9884028e-01;2.8750000e+02;2.9453349e-01;2.8750000e+02;3.4412503e-01;2.8750000e+02;3.2594433e-01;2.8750000e+02;2.8804606e-01;2.8750000e+02;2.3744309e-01;2.8750000e+02;1.8784732e-01;2.8750000e+02;1.5160400e-01;2.8750000e+02;1.1536735e-01;2.8750000e+02;7.3622569e-02;2.8750000e+02;2.9563528e-02;2.8750000e+02;-1.6002893e-02;2.8750000e+02;-6.3044503e-02;2.8750000e+02;-1.1209680e-01;2.8750000e+02;-6.4081691e-02;2.8750000e+02;-3.0952394e-02;2.8750000e+02;2.5688456e-02;2.8750000e+02;1.0284849e-01;2.8750000e+02;1.9884028e-01;2.8750000e+02;2.9453349e-01;2.8750000e+02;3.4412503e-01;2.8750000e+02;3.2594433e-01;2.8750000e+02;2.8804606e-01;2.8750000e+02;2.3744309e-01;2.8750000e+02;1.8784732e-01;2.8750000e+02;1.5160400e-01;2.8750000e+02;1.1536735e-01;2.8750000e+02;7.3622569e-02;2.8750000e+02;2.9563528e-02;2.8750000e+02;-1.6002893e-02;2.8750000e+02;-6.3044503e-02;2.8750000e+02;-1.1209680e-01;2.8750000e+02;-6.4081691e-02;2.8750000e+02;-3.0952394e-02;2.8750000e+02;2.5688456e-02;2.8750000e+02;1.0284849e-01;2.8750000e+02;1.9884028e-01;2.8750000e+02;2.9453349e-01;2.8750000e+02;3.4412503e-01;2.8750000e+02;3.2594433e-01;2.8750000e+02;2.8804606e-01;2.8750000e+02;2.3744309e-01;2.8750000e+02;1.8784732e-01;2.8750000e+02;1.5160400e-01;2.8750000e+02;1.1536735e-01;2.8750000e+02;7.3622569e-02;2.8750000e+02;2.9563528e-02;2.8750000e+02;-1.6002893e-02;2.8750000e+02;-6.3044503e-02;2.8750000e+02;-1.1209680e-01;2.8750000e+02;-6.4081691e-02;2.8750000e+02;-3.0952394e-02;2.8750000e+02;2.5688456e-02;2.8750000e+02;1.0284849e-01;2.8750000e+02;1.9884028e-01;2.8750000e+02;2.9453349e-01;2.8750000e+02;3.4412503e-01;2.8750000e+02;3.2594433e-01;2.8750000e+02;2.8804606e-01;2.8750000e+02;2.3744309e-01;2.8750000e+02;1.8784732e-01;2.8750000e+02;1.5160400e-01;2.8750000e+02;1.1536735e-01;2.8750000e+02;7.3622569e-02;2.8750000e+02;2.9563528e-02;2.8750000e+02;-1.6002893e-02;2.8750000e+02;-6.3044503e-02;2.8750000e+02;-1.1209680e-01;2.8750000e+02;-6.4081691e-02;2.8750000e+02;-3.0952394e-02;2.8750000e+02;2.5688456e-02;2.8750000e+02;1.0284849e-01;2.8750000e+02;1.9884028e-01;2.8750000e+02;2.9453349e-01;2.8750000e+02;3.4412503e-01;2.8750000e+02;3.2594433e-01;2.8750000e+02;2.8804606e-01;2.8750000e+02;2.3744309e-01;2.8750000e+02;1.8784732e-01;2.8750000e+02;1.5160400e-01;2.8750000e+02;1.1536735e-01;2.8750000e+02;7.3622569e-02;2.8750000e+02;2.9563528e-02;2.8750000e+02;-1.6002893e-02;2.8750000e+02;-6.3044503e-02;2.8750000e+02;-1.1209680e-01;2.8750000e+02;-6.4081691e-02;2.8750000e+02;-3.0952394e-02;2.8750000e+02;2.5688456e-02;2.8750000e+02;1.0284849e-01;2.8750000e+02;1.9884028e-01;2.8750000e+02;2.9453349e-01;2.8750000e+02;3.4412503e-01;2.8750000e+02;3.2594433e-01;2.8750000e+02;2.8804606e-01;2.8750000e+02;2.3744309e-01;2.8750000e+02;1.8784732e-01;2.8750000e+02;1.5160400e-01;2.8750000e+02;1.1536735e-01;2.8750000e+02;7.3622569e-02;2.8750000e+02;2.9563528e-02;2.8750000e+02;-1.6002893e-02;2.8750000e+02;-6.3044503e-02;2.8750000e+02;-1.1209680e-01;2.8750000e+02;-6.4081691e-02;2.8750000e+02;-3.0952394e-02;2.8750000e+02;2.5688456e-02;2.8750000e+02;1.0284849e-01;2.8750000e+02;1.9884028e-01;2.8750000e+02;2.9453349e-01;2.8750000e+02;3.4412503e-01;2.8750000e+02;3.2594433e-01;2.8750000e+02;2.8804606e-01;2.8750000e+02;2.3744309e-01;2.8750000e+02;1.8784732e-01;2.8750000e+02;1.5160400e-01;2.8750000e+02;1.1536735e-01;2.8750000e+02;7.3622569e-02;2.8750000e+02;2.9563528e-02;2.8750000e+02;-1.6002893e-02;2.8750000e+02;-6.3044503e-02;2.8750000e+02;-1.1209680e-01;2.8750000e+02;-6.4081691e-02;2.8750000e+02;-3.0952394e-02;2.8750000e+02;2.5688456e-02;2.8750000e+02;1.0284849e-01;2.8750000e+02;1.9884028e-01;2.8750000e+02;2.9453349e-01;2.8750000e+02;3.4412503e-01;2.8750000e+02;3.2594433e-01;2.8750000e+02;2.8804606e-01;2.8750000e+02;2.3744309e-01;2.8750000e+02;1.8784732e-01;2.8750000e+02;1.5160400e-01;2.8750000e+02;1.1536735e-01;2.8750000e+02;7.3622569e-02;2.8750000e+02;2.9563528e-02;2.8750000e+02;-1.6002893e-02;2.8750000e+02;-6.3044503e-02;2.8750000e+02;-1.1209680e-01
2.9250000e+02;-6.5412499e-02;2.9250000e+02;-2.7982792e-02;2.9250000e+02;3.2582432e-02;2.9250000e+02;1.1450044e-01;2.9250000e+02;2.1333931e-01;2.9250000e+02;3.0912045e-01;2.9250000e+02;3.5354194e-01;2.9250000e+02;3.4217742e-01;2.9250000e+02;3.1488109e-01;2.9250000e+02;2.5682613e-01;2.9250000e+02;1.9569103e-01;2.9250000e+02;1.5347652e-01;2.9250000e+02;1.1238317e-01;2.9250000e+02;6.8281129e-02;2.9250000e+02;2.3081552e-02;2.9250000e+02;-2.1626547e-02;2.9250000e+02;-6.8620473e-02;2.9250000e+02;-1.1906666e-01;2.9250000e+02;-6.5412499e-02;2.9250000e+02;-2.7982792e-02;2.9250000e+02;3.2582432e-02;2.9250000e+02;1.1450044e-01;2.9250000e+02;2.1333931e-01;2.9250000e+02;3.0912045e-01;2.9250000e+02;3.5354194e-01;2.9250000e+02;3.4217742e-01;2.9250000e+02;3.1488109e-01;2.9250000e+02;2.5682613e-01;2.9250000e+02;1.9569103e-01;2.9250000e+02;1.5347652e-01;2.9250000e+02;1.1238317e-01;2.9250000e+02;6.8281129e-02;2.9250000e+02;2.3081552e-02;2.9250000e+02;-2.1626547e-02;2.9250000e+02;-6.8620473e-02;2.9250000e+02;-1.1906666e-01;2.9250000e+02;-6.5412499e-02;2.9250000e+02;-2.7982792e-02;2.9250000e+02;3.2582432e-02;2.9250000e+02;1.1450044e-01;2.9250000e+02;2.1333931e-01;2.9250000e+02;3.0912045e-01;2.9250000e+02;3.5354194e-01;2.9250000e+02;3.4217742e-01;2.9250000e+02;3.1488109e-01;2.9250000e+02;2.5682613e-01;2.9250000e+02;1.9569103e-01;2.9250000e+02;1.5347652e-01;2.9250000e+02;1.1238317e-01;2.9250000e+02;6.8281129e-02;2.9250000e+02;2.3081552e-02;2.9250000e+02;-2.1626547e-02;2.9250000e+02;-6.8620473e-02;2.9250000e+02;-1.1906666e-01;2.9250000e+02;-6.5412499e-02;2.9250000e+02;-2.7982792e-02;2.9250000e+02;3.2582432e-02;2.9250000e+02;1.1450044e-01;2.9250000e+02;2.1333931e-01;2.9250000e+02;3.0912045e-01;2.9250000e+02;3.5354194e-01;2.9250000e+02;3.4217742e-01;2.9250000e+02;3.1488109e-01;2.9250000e+02;2.5682613e-01;2.9250000e+02;1.9569103e-01;2.9250000e+02;1.5347652e-01;2.9250000e+02;1.1238317e-01;2.9250000e+02;6.8281129e-02;2.9250000e+02;2.3081552e-02;2.9250000e+02;-2.1626547e-02;2.9250000e+02;-6.8620473e-02;2.9250000e+02;-1.1906666e-01;2.9250000e+02;-6.5412499e-02;2.9250000e+02;-2.7982792e-02;2.9250000e+02;3.2582432e-02;2.9250000e+02;1.1450044e-01;2.9250000e+02;2.1333931e-01;2.9250000e+02;3.0912045e-01;2.9250000e+02;3.5354194e-01;2.9250000e+02;3.4217742e-01;2.9250000e+02;3.1488109e-01;2.9250000e+02;2.5682613e-01;2.9250000e+02;1.9569103e-01;2.9250000e+02;1.5347652e-01;2.9250000e+02;1.1238317e-01;2.9250000e+02;6.8281129e-02;2.9250000e+02;2.3081552e-02;2.9250000e+02;-2.1626547e-02;2.9250000e+02;-6.8620473e-02;2.9250000e+02;-1.1906666e-01;2.9250000e+02;-6.5412499e-02;2.9250000e+02;-2.7982792e-02;2.9250000e+02;3.2582432e-02;2.9250000e+02;1.1450044e-01;2.9250000e+02;2.1333931e-01;2.9250000e+02;3.0912045e-01;2.9250000e+02;3.5354194e-01;2.9250000e+02;3.4217742e-01;2.9250000e+02;3.1488109e-01;2.9250000e+02;2.5682613e-01;2.9250000e+02;1.9569103e-01;2.9250000e+02;1.5347652e-01;2.9250000e+02;1.1238317e-01;2.9250000e+02;6.8281129e-02;2.9250000e+02;2.3081552e-02;2.9250000e+02;-2.1626547e-02;2.9250000e+02;-6.8620473e-02;2.9250000e+02;-1.1906666e-01;2.9250000e+02;-6.5412499e-02;2.9250000e+02;-2.7982792e-02;2.9250000e+02;3.2582432e-02;2.9250000e+02;1.1450044e-01;2.9250000e+02;2.1333931e-01;2.9250000e+02;3.0912045e-01;2.9250000e+02;3.5354194e-01;2.9250000e+02;3.4217742e-01;2.9250000e+02;3.1488109e-01;2.9250000e+02;2.5682613e-01;2.9250000e+02;1.9569103e-01;2.9250000e+02;1.5347652e-01;2.9250000e+02;1.1238317e-01;2.9250000e+02;6.8281129e-02;2.9250000e+02;2.3081552e-02;2.9250000e+02;-2.1626547e-02;2.9250000e+02;-6.8620473e-02;2.9250000e+02;-1.1906666e-01;2.9250000e+02;-6.5412499e-02;2.9250000e+02;-2.7982792e-02;2.9250000e+02;3.2582432e-02;2.9250000e+02;1.1450044e-01;2.9250000e+02;2.1333931e-01;2.9250000e+02;3.0912045e-01;2.9250000e+02;3.5354194e-01;2.9250000e+02;3.4217742e-01;2.9250000e+02;3.1488109e-01;2.9250000e+02;2.5682613e-01;2.9250000e+02;1.9569103e-01;2.9250000e+02;1.5347652e-01;2.9250000e+02;1.1238317e-01;2.9250000e+02;6.8281129e-02;2.9250000e+02;2.3081552e-02;2.9250000e+02;-2.1626547e-02;2.9250000e+02;-6.8620473e-02;2.9250000e+02;-1.1906666e-01;2.9250000e+02;-6.5412499e-02;2.9250000e+02;-2.7982792e-02;2.9250000e+02;3.2582432e-02;2.9250000e+02;1.1450044e-01;2.9250000e+02;2.1333931e-01;2.9250000e+02;3.0912045e-01;2.9250000e+02;3.5354194e-01;2.9250000e+02;3.4217742e-01;2.9250000e+02;3.1488109e-01;2.9250000e+02;2.5682613e-01;2.9250000e+02;1.9569103e-01;2.9250000e+02;1.5347652e-01;2.9250000e+02;1.1238317e-01;2.9250000e+02;6.8281129e-02;2.9250000e+02;2.3081552e-02;2.9250000e+02;-2.1626547e-02;2.9250000e+02;-6.8620473e-02;2.9250000e+02;-1.1906666e-01;2.9250000e+02;-6.5412499e-02;2.9250000e+02;-2.7982792e-02;2.9250000e+02;3.2582432e-02;2.9250000e+02;1.1450044e-01;2.9250000e+02;2.1333931e-01;2.9250000e+02;3.0912045e-01;2.9250000e+02;3.5354194e-01;2.9250000e+02;3.4217742e-01;2.9250000e+02;3.1488109e-01;2.9250000e+02;2.5682613e-01;2.9250000e+02;1.9569103e-01;2.9250000e+02;1.5347652e-01;2.9250000e+02;1.1238317e-01;2.9250000e+02;6.8281129e-02;2.9250000e+02;2.3081552e-02;2.9250000e+02;-2.1626547e-02;2.9250000e+02;-6.8620473e-02;2.9250000e+02;-1.1906666e-01;2.9250000e+02;-6.5412499e-02;2.9250000e+02;-2.7982792e-02;2.9250000e+02;3.2582432e-02;2.9250000e+02;1.1450044e-01;2.9250000e+02;2.1333931e-01;2.9250000e+02;3.0912045e-01;2.9250000e+02;3.5354194e-01;2.9250000e+02;3.4217742e-01;2.9250000e+02;3.1488109e-01;2.9250000e+02;2.5682613e-01;2.9250000e+02;1.9569103e-01;2.9250000e+02;1.5347652e-01;2.9250000e+02;1.1238317e-01;2.9250000e+02;6.8281129e-02;2.9250000e+02;2.3081552e-02;2.9250000e+02;-2.1626547e-02;2.9250000e+02;-6.8620473e-02;2.9250000e+02;-1.1906666e-01;2.9250000e+02;-6.5412499e-02;2.9250000e+02;-2.7982792e-02;2.9250000e+02;3.2582432e-02;2.9250000e+02;1.1450044e-01;2.9250000e+02;2.1333931e-01;2.9250000e+02;3.0912045e-01;2.9250000e+02;3.5354194e-01;2.9250000e+02;3.4217742e-01;2.9250000e+02;3.1488109e-01;2.9250000e+02;2.5682613e-01;2.9250000e+02;1.9569103e-01;2.9250000e+02;1.5347652e-01;2.9250000e+02;1.1238317e-01;2.9250000e+02;6.8281129e-02;2.9250000e+02;2.3081552e-02;2.9250000e+02;-2.1626547e-02;2.9250000e+02;-6.8620473e-02;2.9250000e+02;-1.1906666e-01;2.9250000e+02;-6.5412499e-02;2.9250000e+02;-2.7982792e-02;2.9250000e+02;3.2582432e-02;2.9250000e+02;1.1450044e-01;2.9250000e+02;2.1333931e-01;2.9250000e+02;3.0912045e-01;2.9250000e+02;3.5354194e-01;2.9250000e+02;3.4217742e-01;2.9250000e+02;3.1488109e-01;2.9250000e+02;2.5682613e-01;2.9250000e+02;1.9569103e-01;2.9250000e+02;1.5347652e-01;2.9250000e+02;1.1238317e-01;2.9250000e+02;6.8281129e-02;2.9250000e+02;2.3081552e-02;2.9250000e+02;-2.1626547e-02;2.9250000e+02;-6.8620473e-02;2.9250000e+02;-1.1906666e-01;2.9250000e+02;-6.5412499e-02;2.9250000e+02;-2.7982792e-02;2.9250000e+02;3.2582432e-02;2.9250000e+02;1.1450044e-01;2.9250000e+02;2.1333931e-01;2.9250000e+02;3.0912045e-01;2.9250000e+02;3.5354194e-01;2.9250000e+02;3.4217742e-01;2.9250000e+02;3.1488109e-01;2.9250000e+02;2.5682613e-01;2.9250000e+02;1.9569103e-01;2.9250000e+02;1.5347652e-01;2.9250000e+02;1.1238317e-01;2.9250000e+02;6.8281129e-02;2.9250000e+02;2.3081552e-02;2.9250000e+02;-2.1626547e-02;2.9250000e+02;-6.8620473e-02;2.9250000e+02;-1.1906666e-01;2.9250000e+02;-6.5412499e-02;2.9250000e+02;-2.7982792e-02;2.9250000e+02;3.2582432e-02;2.9250000e+02;1.1450044e-01;2.9250000e+02;2.1333931e-01;2.9250000e+02;3.0912045e-01;2.9250000e+02;3.5354194e-01;2.9250000e+02;3.4217742e-01;2.9250000e+02;3.1488109e-01;2.9250000e+02;2.5682613e-01;2.9250000e+02;1.9569103e-01;2.9250000e+02;1.5347652e-01;2.9250000e+02;1.1238317e-01;2.9250000e+02;6.8281129e-02;2.9250000e+02;2.3081552e-02;2.9250000e+02;-2.1626547e-02;2.9250000e+02;-6.8620473e-02;2.9250000e+02;-1.1906666e-01;2.9250000e+02;-6.5412499e-02;2.9250000e+02;-2.7982792e-02;2.9250000e+02;3.2582432e-02;2.9250000e+02;1.1450044e-01;2.9250000e+02;2.1333931e-01;2.9250000e+02;3.0912045e-01;2.9250000e+02;3.5354194e-01;2.9250000e+02;3.4217742e-01;2.9250000e+02;3.1488109e-01;2.9250000e+02;2.5682613e-01;2.9250000e+02;1.9569103e-01;2.9250000e+02;1.5347652e-01;2.9250000e+02;1.1238317e-01;2.9250000e+02;6.8281129e-02;2.9250000e+02;2.3081552e-02;2.9250000e+02;-2.1626547e-02;2.9250000e+02;-6.8620473e-02;2.9250000e+02;-1.1906666e-01;2.9250000e+02;-6.5412499e-02;2.9250000e+02;-2.7982792e-02;2.9250000e+02;3.2582432e-02;2.9250000e+02;1.1450044e-01;2.9250000e+02;2.1333931e-01;2.9250000e+02;3.0912045e-01;2.9250000e+02;3.5354194e-01;2.9250000e+02;3.4217742e-01;2.9250000e+02;3.1488109e-01;2.9250000e+02;2.5682613e-01;2.9250000e+02;1.9569103e-01;2.9250000e+02;1.5347652e-01;2.9250000e+02;1.1238317e-01;2.9250000e+02;6.8281129e-02;2.9250000e+02;2.3081552e-02;2.9250000e+02;-2.1626547e-02;2.9250000e+02;-6.8620473e-02;2.9250000e+02;-1.1906666e-01;2.9250000e+02;-6.5412499e-02;2.9250000e+02;-2.7982792e-02;2.9250000e+02;3.2582432e-02;2.9250000e+02;1.1450044e-01;2.9250000e+02;2.1333931e-01;2.9250000e+02;3.0912045e-01;2.9250000e+02;3.5354194e-01;2.9250000e+02;3.4217742e-01;2.9250000e+02;3.1488109e-01;2.9250000e+02;2.5682613e-01;2.9250000e+02;1.9569103e-01;2.9250000e+02;1.5347652e-01;2.9250000e+02;1.1238317e-01;2.9250000e+02;6.8281129e-02;2.9250000e+02;2.3081552e-02;2.9250000e+02;-2.1626547e-02;2.9250000e+02;-6.8620473e-02;2.9250000e+02;-1.1906666e-01;2.9250000e+02;-6.5412499e-02;2.9250000e+02;-2.7982792e-02;2.9250000e+02;3.2582432e-02;2.9250000e+02;1.1450044e-01;2.9250000e+02;2.1333931e-01;2.9250000e+02;3.0912045e-01;2.9250000e+02;3.5354194e-01;2.9250000e+02;3.4217742e-01;2.9250000e+02;3.1488109e-01;2.9250000e+02;2.5682613e-01;2.9250000e+02;1.9569103e-01;2.9250000e+02;1.5347652e-01;2.9250000e+02;1.1238317e-01;2.9250000e+02;6.8281129e-02;2.9250000e+02;2.3081552e-02;2.9250000e+02;-2.1626547e-02;2.9250000e+02;-6.8620473e-02;2.9250000e+02;-1.1906666e-01;2.9250000e+02;-6.5412499e-02;2.9250000e+02;-2.7982792e-02;2.9250000e+02;3.2582432e-02;2.9250000e+02;1.1450044e-01;2.9250000e+02;2.1333931e-01;2.9250000e+02;3.0912045e-01;2.9250000e+02;3.5354194e-01;2.9250000e+02;3.4217742e-01;2.9250000e+02;3.1488109e-01;2.9250000e+02;2.5682613e-01;2.9250000e+02;1.9569103e-01;2.9250000e+02;1.5347652e-01;2.9250000e+02;1.1238317e-01;2.9250000e+02;6.8281129e-02;2.9250000e+02;2.3081552e-02;2.9250000e+02;-2.1626547e-02;2.9250000e+02;-6.8620473e-02;2.9250000e+02;-1.1906666e-01;2.9250000e+02;-6.5412499e-02;2.9250000e+02;-2.7982792e-02;2.9250000e+02;3.2582432e-02;2.9250000e+02;1.1450044e-01;2.9250000e+02;2.1333931e-01;2.9250000e+02;3.0912045e-01;2.9250000e+02;3.5354194e-01;2.9250000e+02;3.4217742e-01;2.9250000e+02;3.1488109e-01;2.9250000e+02;2.5682613e-01;2.9250000e+02;1.9569103e-01;2.9250000e+02;1.5347652e-01;2.9250000e+02;1.1238317e-01;2.9250000e+02;6.8281129e-02;2.9250000e+02;2.3081552e-02;2.9250000e+02;-2.1626547e-02;2.9250000e+02;-6.8620473e-02;2.9250000e+02;-1.1906666e-01;2.9250000e+02;-6.5412499e-02;2.9250000e+02;-2.7982792e-02;2.9250000e+02;3.2582432e-02;2.9250000e+02;1.1450044e-01;2.9250000e+02;2.1333931e-01;2.9250000e+02;3.0912045e-01;2.9250000e+02;3.5354194e-01;2.9250000e+02;3.4217742e-01;2.9250000e+02;3.1488109e-01;2.9250000e+02;2.5682613e-01;2.9250000e+02;1.9569103e-01;2.9250000e+02;1.5347652e-01;2.9250000e+02;1.1238317e-01;2.9250000e+02;6.8281129e-02;2.9250000e+02;2.3081552e-02;2.9250000e+02;-2.1626547e-02;2.9250000e+02;-6.8620473e-02;2.9250000e+02;-1.1906666e-01;2.9250000e+02;-6.5412499e-02;2.9250000e+02;-2.7982792e-02;2.9250000e+02;3.2582432e-02;2.9250000e+02;1.1450044e-01;2.9250000e+02;2.1333931e-01;2.9250000e+02;3.0912045e-01;2.9250000e+02;3.5354194e-01;2.9250000e+02;3.4217742e-01;2.9250000e+02;3.1488109e-01;2.9250000e+02;2.5682613e-01;2.9250000e+02;1.9569103e-01;2.9250000e+02;1.5347652e-01;2.9250000e+02;1.1238317e-01;2.9250000e+02;6.8281129e-02;2.9250000e+02;2.3081552e-02;2.9250000e+02;-2.1626547e-02;2.9250000e+02;-6.8620473e-02;2.9250000e+02;-1.1906666e-01;2.9250000e+02;-6.5412499e-02;2.9250000e+02;-2.7982792e-02;2.9250000e+02;3.2582432e-02;2.9250000e+02;1.1450044e-01;2.9250000e+02;2.1333931e-01;2.9250000e+02;3.0912045e-01;2.9250000e+02;3.5354194e-01;2.9250000e+02;3.4217742e-01;2.9250000e+02;3.1488109e-01;2.9250000e+02;2.5682613e-01;2.9250000e+02;1.9569103e-01;2.9250000e+02;1.5347652e-01;2.9250000e+02;1.1238317e-01;2.9250000e+02;6.8281129e-02;2.9250000e+02;2.3081552e-02;2.9250000e+02;-2.1626547e-02;2.9250000e+02;-6.8620473e-02;2.9250000e+02;-1.1906666e-01;2.9250000e+02;-6.5412499e-02;2.9250000e+02;-2.7982792e-02;2.9250000e+02;3.2582432e-02;2.9250000e+02;1.1450044e-01;2.9250000e+02;2.1333931e-01;2.9250000e+02;3.0912045e-01;2.9250000e+02;3.5354194e-01;2.9250000e+02;3.4217742e-01;2.9250000e+02;3.1488109e-01;2.9250000e+02;2.5682613e-01;2.9250000e+02;1.9569103e-01;2.9250000e+02;1.5347652e-01;2.9250000e+02;1.1238317e-01;2.9250000e+02;6.8281129e-02;2.9250000e+02;2.3081552e-02;2.9250000e+02;-2.1626547e-02;2.9250000e+02;-6.8620473e-02;2.9250000e+02;-1.1906666e-01;2.9250000e+02;-6.5412499e-02;2.9250000e+02;-2.7982792e-02;2.9250000e+02;3.2582432e-02;2.9250000e+02;1.1450044e-01;2.9250000e+02;2.1333931e-01;2.9250000e+02;3.0912045e-01;2.9250000e+02;3.5354194e-01;2.9250000e+02;3.4217742e-01;2.9250000e+02;3.1488109e-01;2.9250000e+02;2.5682613e-01;2.9250000e+02;1.9569103e-01;2.9250000e+02;1.5347652e-01;2.9250000e+02;1.1238317e-01;2.9250000e+02;6.8281129e-02;2.9250000e+02;2.3081552e-02;2.9250000e+02;-2.1626547e-02;2.9250000e+02;-6.8620473e-02;2.9250000e+02;-1.1906666e-01;2.9250000e+02;-6.5412499e-02;2.9250000e+02;-2.7982792e-02;2.9250000e+02;3.2582432e-02;2.9250000e+02;1.1450044e-01;2.9250000e+02;2.1333931e-01;2.9250000e+02;3.0912045e-01;2.9250000e+02;3.5354194e-01;2.9250000e+02;3.4217742e-01;2.9250000e+02;3.1488109e-01;2.9250000e+02;2.5682613e-01;2.9250000e+02;1.9569103e-01;2.9250000e+02;1.5347652e-01;2.9250000e+02;1.1238317e-01;2.9250000e+02;6.8281129e-02;2.9250000e+02;2.3081552e-02;2.9250000e+02;-2.1626547e-02;2.9250000e+02;-6.8620473e-02;2.9250000e+02;-1.1906666e-01;2.9250000e+02;-6.5412499e-02;2.9250000e+02;-2.7982792e-02;2.9250000e+02;3.2582432e-02;2.9250000e+02;1.1450044e-01;2.9250000e+02;2.1333931e-01;2.9250000e+02;3.0912045e-01;2.9250000e+02;3.5354194e-01;2.9250000e+02;3.4217742e-01;2.9250000e+02;3.1488109e-01;2.9250000e+02;2.5682613e-01;2.9250000e+02;1.9569103e-01;2.9250000e+02;1.5347652e-01;2.9250000e+02;1.1238317e-01;2.9250000e+02;6.8281129e-02;2.9250000e+02;2.3081552e-02;2.9250000e+02;-2.1626547e-02;2.9250000e+02;-6.8620473e-02;2.9250000e+02;-1.1906666e-01;2.9250000e+02;-6.5412499e-02;2.9250000e+02;-2.7982792e-02;2.9250000e+02;3.2582432e-02;2.9250000e+02;1.1450044e-01;2.9250000e+02;2.1333931e-01;2.9250000e+02;3.0912045e-01;2.9250000e+02;3.5354194e-01;2.9250000e+02;3.4217742e-01;2.9250000e+02;3.1488109e-01;2.9250000e+02;2.5682613e-01;2.9250000e+02;1.9569103e-01;2.9250000e+02;1.5347652e-01;2.9250000e+02;1.1238317e-01;2.9250000e+02;6.8281129e-02;2.9250000e+02;2.3081552e-02;2.9250000e+02;-2.1626547e-02;2.9250000e+02;-6.8620473e-02;2.9250000e+02;-1.1906666e-01;2.9250000e+02;-6.5412499e-02;2.9250000e+02;-2.7982792e-02;2.9250000e+02;3.2582432e-02;2.9250000e+02;1.1450044e-01;2.9250000e+02;2.1333931e-01;2.9250000e+02;3.0912045e-01;2.9250000e+02;3.5354194e-01;2.9250000e+02;3.4217742e-01;2.9250000e+02;3.1488109e-01;2.9250000e+02;2.5682613e-01;2.9250000e+02;1.9569103e-01;2.9250000e+02;1.5347652e-01;2.9250000e+02;1.1238317e-01;2.9250000e+02;6.8281129e-02;2.9250000e+02;2.3081552e-02;2.9250000e+02;-2.1626547e-02;2.9250000e+02;-6.8620473e-02;2.9250000e+02;-1.1906666e-01;2.9250000e+02;-6.5412499e-02;2.9250000e+02;-2.7982792e-02;2.9250000e+02;3.2582432e-02;2.9250000e+02;1.1450044e-01;2.9250000e+02;2.1333931e-01;2.9250000e+02;3.0912045e-01;2.9250000e+02;3.5354194e-01;2.9250000e+02;3.4217742e-01;2.9250000e+02;3.1488109e-01;2.9250000e+02;2.5682613e-01;2.9250000e+02;1.9569103e-01;2.9250000e+02;1.5347652e-01;2.9250000e+02;1.1238317e-01;2.9250000e+02;6.8281129e-02;2.9250000e+02;2.3081552e-02;2.9250000e+02;-2.1626547e-02;2.9250000e+02;-6.8620473e-02;2.9250000e+02;-1.1906666e-01;2.9250000e+02;-6.5412499e-02;2.9250000e+02;-2.7982792e-02;2.9250000e+02;3.2582432e-02;2.9250000e+02;1.1450044e-01;2.9250000e+02;2.1333931e-01;2.9250000e+02;3.0912045e-01;2.9250000e+02;3.5354194e-01;2.9250000e+02;3.4217742e-01;2.9250000e+02;3.1488109e-01;2.9250000e+02;2.5682613e-01;2.9250000e+02;1.9569103e-01;2.9250000e+02;1.5347652e-01;2.9250000e+02;1.1238317e-01;2.9250000e+02;6.8281129e-02;2.9250000e+02;2.3081552e-02;2.9250000e+02;-2.1626547e-02;2.9250000e+02;-6.8620473e-02;2.9250000e+02;-1.1906666e-01;2.9250000e+02;-6.5412499e-02;2.9250000e+02;-2.7982792e-02;2.9250000e+02;3.2582432e-02;2.9250000e+02;1.1450044e-01;2.9250000e+02;2.1333931e-01;2.9250000e+02;3.0912045e-01;2.9250000e+02;3.5354194e-01;2.9250000e+02;3.4217742e-01;2.9250000e+02;3.1488109e-01;2.9250000e+02;2.5682613e-01;2.9250000e+02;1.9569103e-01;2.9250000e+02;1.5347652e-01;2.9250000e+02;1.1238317e-01;2.9250000e+02;6.8281129e-02;2.9250000e+02;2.3081552e-02;2.9250000e+02;-2.1626547e-02;2.9250000e+02;-6.8620473e-02;2.9250000e+02;-1.1906666e-01;2.9250000e+02;-6.5412499e-02;2.9250000e+02;-2.7982792e-02;2.9250000e+02;3.2582432e-02;2.9250000e+02;1.1450044e-01;2.9250000e+02;2.1333931e-01;2.9250000e+02;3.0912045e-01;2.9250000e+02;3.5354194e-01;2.9250000e+02;3.4217742e-01;2.9250000e+02;3.1488109e-01;2.9250000e+02;2.5682613e-01;2.9250000e+02;1.9569103e-01;2.9250000e+02;1.5347652e-01;2.9250000e+02;1.1238317e-01;2.9250000e+02;6.8281129e-02;2.9250000e+02;2.3081552e-02;2.9250000e+02;-2.1626547e-02;2.9250000e+02;-6.8620473e-02;2.9250000e+02;-1.1906666e-01;2.9250000e+02;-6.5412499e-02;2.9250000e+02;-2.7982792e-02;2.9250000e+02;3.2582432e-02;2.9250000e+02;1.1450044e-01;2.9250000e+02;2.1333931e-01;2.9250000e+02;3.0912045e-01;2.9250000e+02;3.5354194e-01;2.9250000e+02;3.4217742e-01;2.9250000e+02;3.1488109e-01;2.9250000e+02;2.5682613e-01;2.9250000e+02;1.9569103e-01;2.9250000e+02;1.5347652e-01;2.9250000e+02;1.1238317e-01;2.9250000e+02;6.8281129e-02;2.9250000e+02;2.3081552e-02;2.9250000e+02;-2.1626547e-02;2.9250000e+02;-6.8620473e-02;2.9250000e+02;-1.1906666e-01;2.9250000e+02;-6.5412499e-02;2.9250000e+02;-2.7982792e-02;2.9250000e+02;3.2582432e-02;2.9250000e+02;1.1450044e-01;2.9250000e+02;2.1333931e-01;2.9250000e+02;3.0912045e-01;2.9250000e+02;3.5354194e-01;2.9250000e+02;3.4217742e-01;2.9250000e+02;3.1488109e-01;2.9250000e+02;2.5682613e-01;2.9250000e+02;1.9569103e-01;2.9250000e+02;1.5347652e-01;2.9250000e+02;1.1238317e-01;2.9250000e+02;6.8281129e-02;2.9250000e+02;2.3081552e-02;2.9250000e+02;-2.1626547e-02;2.9250000e+02;-6.8620473e-02;2.9250000e+02;-1.1906666e-01;2.9250000e+02;-6.5412499e-02;2.9250000e+02;-2.7982792e-02;2.9250000e+02;3.2582432e-02;2.9250000e+02;1.1450044e-01;2.9250000e+02;2.1333931e-01;2.9250000e+02;3.0912045e-01;2.9250000e+02;3.5354194e-01;2.9250000e+02;3.4217742e-01;2.9250000e+02;3.1488109e-01;2.9250000e+02;2.5682613e-01;2.9250000e+02;1.9569103e-01;2.9250000e+02;1.5347652e-01;2.9250000e+02;1.1238317e-01;2.9250000e+02;6.8281129e-02;2.9250000e+02;2.3081552e-02;2.9250000e+02;-2.1626547e-02;2.9250000e+02;-6.8620473e-02;2.9250000e+02;-1.1906666e-01;2.9250000e+02;-6.5412499e-02;2.9250000e+02;-2.7982792e-02;2.9250000e+02;3.2582432e-02;2.9250000e+02;1.1450044e-01;2.9250000e+02;2.1333931e-01;2.9250000e+02;3.0912045e-01;2.9250000e+02;3.5354194e-01;2.9250000e+02;3.4217742e-01;2.9250000e+02;3.1488109e-01;2.9250000e+02;2.5682613e-01;2.9250000e+02;1.9569103e-01;2.9250000e+02;1.5347652e-01;2.9250000e+02;1.1238317e-01;2.9250000e+02;6.8281129e-02;2.9250000e+02;2.3081552e-02;2.9250000e+02;-2.1626547e-02;2.9250000e+02;-6.8620473e-02;2.9250000e+02;-1.1906666e-01;2.9250000e+02;-6.5412499e-02;2.9250000e+02;-2.7982792e-02;2.9250000e+02;3.2582432e-02;2.9250000e+02;1.1450044e-01;2.9250000e+02;2.1333931e-01;2.9250000e+02;3.0912045e-01;2.9250000e+02;3.5354194e-01;2.9250000e+02;3.4217742e-01;2.9250000e+02;3.1488109e-01;2.9250000e+02;2.5682613e-01;2.9250000e+02;1.9569103e-01;2.9250000e+02;1.5347652e-01;2.9250000e+02;1.1238317e-01;2.9250000e+02;6.8281129e-02;2.9250000e+02;2.3081552e-02;2.9250000e+02;-2.1626547e-02;2.9250000e+02;-6.8620473e-02;2.9250000e+02;-1.1906666e-01;2.9250000e+02;-6.5412499e-02;2.9250000e+02;-2.7982792e-02;2.9250000e+02;3.2582432e-02;2.9250000e+02;1.1450044e-01;2.9250000e+02;2.1333931e-01;2.9250000e+02;3.0912045e-01;2.9250000e+02;3.5354194e-01;2.9250000e+02;3.4217742e-01;2.9250000e+02;3.1488109e-01;2.9250000e+02;2.5682613e-01;2.9250000e+02;1.9569103e-01;2.9250000e+02;1.5347652e-01;2.9250000e+02;1.1238317e-01;2.9250000e+02;6.8281129e-02;2.9250000e+02;2.3081552e-02;2.9250000e+02;-2.1626547e-02;2.9250000e+02;-6.8620473e-02;2.9250000e+02;-1.1906666e-01;2.9250000e+02;-6.5412499e-02;2.9250000e+02;-2.7982792e-02;2.9250000e+02;3.2582432e-02;2.9250000e+02;1.1450044e-01;2.9250000e+02;2.1333931e-01;2.9250000e+02;3.0912045e-01;2.9250000e+02;3.5354194e-01;2.9250000e+02;3.4217742e-01;2.9250000e+02;3.1488109e-01;2.9250000e+02;2.5682613e-01;2.9250000e+02;1.9569103e-01;2.9250000e+02;1.5347652e-01;2.9250000e+02;1.1238317e-01;2.9250000e+02;6.8281129e-02;2.9250000e+02;2.3081552e-02;2.9250000e+02;-2.1626547e-02;2.9250000e+02;-6.8620473e-02;2.9250000e+02;-1.1906666e-01;2.9250000e+02;-6.5412499e-02;2.9250000e+02;-2.7982792e-02;2.9250000e+02;3.2582432e-02;2.9250000e+02;1.1450044e-01;2.9250000e+02;2.1333931e-01;2.9250000e+02;3.0912045e-01;2.9250000e+02;3.5354194e-01;2.9250000e+02;3.4217742e-01;2.9250000e+02;3.1488109e-01;2.9250000e+02;2.5682613e-01;2.9250000e+02;1.9569103e-01;2.9250000e+02;1.5347652e-01;2.9250000e+02;1.1238317e-01;2.9250000e+02;6.8281129e-02;2.9250000e+02;2.3081552e-02;2.9250000e+02;-2.1626547e-02;2.9250000e+02;-6.8620473e-02;2.9250000e+02;-1.1906666e-01;2.9250000e+02;-6.5412499e-02;2.9250000e+02;-2.7982792e-02;2.9250000e+02;3.2582432e-02;2.9250000e+02;1.1450044e-01;2.9250000e+02;2.1333931e-01;2.9250000e+02;3.0912045e-01;2.9250000e+02;3.5354194e-01;2.9250000e+02;3.4217742e-01;2.9250000e+02;3.1488109e-01;2.9250000e+02;2.5682613e-01;2.9250000e+02;1.9569103e-01;2.9250000e+02;1.5347652e-01;2.9250000e+02;1.1238317e-01;2.9250000e+02;6.8281129e-02;2.9250000e+02;2.3081552e-02;2.9250000e+02;-2.1626547e-02;2.9250000e+02;-6.8620473e-02;2.9250000e+02;-1.1906666e-01;2.9250000e+02;-6.5412499e-02;2.9250000e+02;-2.7982792e-02;2.9250000e+02;3.2582432e-02;2.9250000e+02;1.1450044e-01;2.9250000e+02;2.1333931e-01;2.9250000e+02;3.0912045e-01;2.9250000e+02;3.5354194e-01;2.9250000e+02;3.4217742e-01;2.9250000e+02;3.1488109e-01;2.9250000e+02;2.5682613e-01;2.9250000e+02;1.9569103e-01;2.9250000e+02;1.5347652e-01;2.9250000e+02;1.1238317e-01;2.9250000e+02;6.8281129e-02;2.9250000e+02;2.3081552e-02;2.9250000e+02;-2.1626547e-02;2.9250000e+02;-6.8620473e-02;2.9250000e+02;-1.1906666e-01;2.9250000e+02;-6.5412499e-02;2.9250000e+02;-2.7982792e-02;2.9250000e+02;3.2582432e-02;2.9250000e+02;1.1450044e-01;2.9250000e+02;2.1333931e-01;2.9250000e+02;3.0912045e-01;2.9250000e+02;3.5354194e-01;2.9250000e+02;3.4217742e-01;2.9250000e+02;3.1488109e-01;2.9250000e+02;2.5682613e-01;2.9250000e+02;1.9569103e-01;2.9250000e+02;1.5347652e-01;2.9250000e+02;1.1238317e-01;2.9250000e+02;6.8281129e-02;2.9250000e+02;2.3081552e-02;2.9250000e+02;-2.1626547e-02;2.9250000e+02;-6.8620473e-02;2.9250000e+02;-1.1906666e-01;2.9250000e+02;-6.5412499e-02;2.9250000e+02;-2.7982792e-02;2.9250000e+02;3.2582432e-02;2.9250000e+02;1.1450044e-01;2.9250000e+02;2.1333931e-01;2.9250000e+02;3.0912045e-01;2.9250000e+02;3.5354194e-01;2.9250000e+02;3.4217742e-01;2.9250000e+02;3.1488109e-01;2.9250000e+02;2.5682613e-01;2.9250000e+02;1.9569103e-01;2.9250000e+02;1.5347652e-01;2.9250000e+02;1.1238317e-01;2.9250000e+02;6.8281129e-02;2.9250000e+02;2.3081552e-02;2.9250000e+02;-2.1626547e-02;2.9250000e+02;-6.8620473e-02;2.9250000e+02;-1.1906666e-01;2.9250000e+02;-6.5412499e-02;2.9250000e+02;-2.7982792e-02;2.9250000e+02;3.2582432e-02;2.9250000e+02;1.1450044e-01;2.9250000e+02;2.1333931e-01;2.9250000e+02;3.0912045e-01;2.9250000e+02;3.5354194e-01;2.9250000e+02;3.4217742e-01;2.9250000e+02;3.1488109e-01;2.9250000e+02;2.5682613e-01;2.9250000e+02;1.9569103e-01;2.9250000e+02;1.5347652e-01;2.9250000e+02;1.1238317e-01;2.9250000e+02;6.8281129e-02;2.9250000e+02;2.3081552e-02;2.9250000e+02;-2.1626547e-02;2.9250000e+02;-6.8620473e-02;2.9250000e+02;-1.1906666e-01;2.9250000e+02;-6.5412499e-02;2.9250000e+02;-2.7982792e-02;2.9250000e+02;3.2582432e-02;2.9250000e+02;1.1450044e-01;2.9250000e+02;2.1333931e-01;2.9250000e+02;3.0912045e-01;2.9250000e+02;3.5354194e-01;2.9250000e+02;3.4217742e-01;2.9250000e+02;3.1488109e-01;2.9250000e+02;2.5682613e-01;2.9250000e+02;1.9569103e-01;2.9250000e+02;1.5347652e-01;2.9250000e+02;1.1238317e-01;2.9250000e+02;6.8281129e-02;2.9250000e+02;2.3081552e-02;2.9250000e+02;-2.1626547e-02;2.9250000e+02;-6.8620473e-02;2.9250000e+02;-1.1906666e-01;2.9250000e+02;-6.5412499e-02;2.9250000e+02;-2.7982792e-02;2.9250000e+02;3.2582432e-02;2.9250000e+02;1.1450044e-01;2.9250000e+02;2.1333931e-01;2.9250000e+02;3.0912045e-01;2.9250000e+02;3.5354194e-01;2.9250000e+02;3.4217742e-01;2.9250000e+02;3.1488109e-01;2.9250000e+02;2.5682613e-01;2.9250000e+02;1.9569103e-01;2.9250000e+02;1.5347652e-01;2.9250000e+02;1.1238317e-01;2.9250000e+02;6.8281129e-02;2.9250000e+02;2.3081552e-02;2.9250000e+02;-2.1626547e-02;2.9250000e+02;-6.8620473e-02;2.9250000e+02;-1.1906666e-01;2.9250000e+02;-6.5412499e-02;2.9250000e+02;-2.7982792e-02;2.9250000e+02;3.2582432e-02;2.9250000e+02;1.1450044e-01;2.9250000e+02;2.1333931e-01;2.9250000e+02;3.0912045e-01;2.9250000e+02;3.5354194e-01;2.9250000e+02;3.4217742e-01;2.9250000e+02;3.1488109e-01;2.9250000e+02;2.5682613e-01;2.9250000e+02;1.9569103e-01;2.9250000e+02;1.5347652e-01;2.9250000e+02;1.1238317e-01;2.9250000e+02;6.8281129e-02;2.9250000e+02;2.3081552e-02;2.9250000e+02;-2.1626547e-02;2.9250000e+02;-6.8620473e-02;2.9250000e+02;-1.1906666e-01;2.9250000e+02;-6.5412499e-02;2.9250000e+02;-2.7982792e-02;2.9250000e+02;3.2582432e-02;2.9250000e+02;1.1450044e-01;2.9250000e+02;2.1333931e-01;2.9250000e+02;3.0912045e-01;2.9250000e+02;3.5354194e-01;2.9250000e+02;3.4217742e-01;2.9250000e+02;3.1488109e-01;2.9250000e+02;2.5682613e-01;2.9250000e+02;1.9569103e-01;2.9250000e+02;1.5347652e-01;2.9250000e+02;1.1238317e-01;2.9250000e+02;6.8281129e-02;2.9250000e+02;2.3081552e-02;2.9250000e+02;-2.1626547e-02;2.9250000e+02;-6.8620473e-02;2.9250000e+02;-1.1906666e-01;2.9250000e+02;-6.5412499e-02;2.9250000e+02;-2.7982792e-02;2.9250000e+02;3.2582432e-02;2.9250000e+02;1.1450044e-01;2.9250000e+02;2.1333931e-01;2.9250000e+02;3.0912045e-01;2.9250000e+02;3.5354194e-01;2.9250000e+02;3.4217742e-01;2.9250000e+02;3.1488109e-01;2.9250000e+02;2.5682613e-01;2.9250000e+02;1.9569103e-01;2.9250000e+02;1.5347652e-01;2.9250000e+02;1.1238317e-01;2.9250000e+02;6.8281129e-02;2.9250000e+02;2.3081552e-02;2.9250000e+02;-2.1626547e-02;2.9250000e+02;-6.8620473e-02;2.9250000e+02;-1.1906666e-01;2.9250000e+02;-6.5412499e-02;2.9250000e+02;-2.7982792e-02;2.9250000e+02;3.2582432e-02;2.9250000e+02;1.1450044e-01;2.9250000e+02;2.1333931e-01;2.9250000e+02;3.0912045e-01;2.9250000e+02;3.5354194e-01;2.9250000e+02;3.4217742e-01;2.9250000e+02;3.1488109e-01;2.9250000e+02;2.5682613e-01;2.9250000e+02;1.9569103e-01;2.9250000e+02;1.5347652e-01;2.9250000e+02;1.1238317e-01;2.9250000e+02;6.8281129e-02;2.9250000e+02;2.3081552e-02;2.9250000e+02;-2.1626547e-02;2.9250000e+02;-6.8620473e-02;2.9250000e+02;-1.1906666e-01;2.9250000e+02;-6.5412499e-02;2.9250000e+02;-2.7982792e-02;2.9250000e+02;3.2582432e-02;2.9250000e+02;1.1450044e-01;2.9250000e+02;2.1333931e-01;2.9250000e+02;3.0912045e-01;2.9250000e+02;3.5354194e-01;2.9250000e+02;3.4217742e-01;2.9250000e+02;3.1488109e-01;2.9250000e+02;2.5682613e-01;2.9250000e+02;1.9569103e-01;2.9250000e+02;1.5347652e-01;2.9250000e+02;1.1238317e-01;2.9250000e+02;6.8281129e-02;2.9250000e+02;2.3081552e-02;2.9250000e+02;-2.1626547e-02;2.9250000e+02;-6.8620473e-02;2.9250000e+02;-1.1906666e-01;2.9250000e+02;-6.5412499e-02;2.9250000e+02;-2.7982792e-02;2.9250000e+02;3.2582432e-02;2.9250000e+02;1.1450044e-01;2.9250000e+02;2.1333931e-01;2.9250000e+02;3.0912045e-01;2.9250000e+02;3.5354194e-01;2.9250000e+02;3.4217742e-01;2.9250000e+02;3.1488109e-01;2.9250000e+02;2.5682613e-01;2.9250000e+02;1.9569103e-01;2.9250000e+02;1.5347652e-01;2.9250000e+02;1.1238317e-01;2.9250000e+02;6.8281129e-02;2.9250000e+02;2.3081552e-02;2.9250000e+02;-2.1626547e-02;2.9250000e+02;-6.8620473e-02;2.9250000e+02;-1.1906666e-01;2.9250000e+02;-6.5412499e-02;2.9250000e+02;-2.7982792e-02;2.9250000e+02;3.2582432e-02;2.9250000e+02;1.1450044e-01;2.9250000e+02;2.1333931e-01;2.9250000e+02;3.0912045e-01;2.9250000e+02;3.5354194e-01;2.9250000e+02;3.4217742e-01;2.9250000e+02;3.1488109e-01;2.9250000e+02;2.5682613e-01;2.9250000e+02;1.9569103e-01;2.9250000e+02;1.5347652e-01;2.9250000e+02;1.1238317e-01;2.9250000e+02;6.8281129e-02;2.9250000e+02;2.3081552e-02;2.9250000e+02;-2.1626547e-02;2.9250000e+02;-6.8620473e-02;2.9250000e+02;-1.1906666e-01;2.9250000e+02;-6.5412499e-02;2.9250000e+02;-2.7982792e-02;2.9250000e+02;3.2582432e-02;2.9250000e+02;1.1450044e-01;2.9250000e+02;2.1333931e-01;2.9250000e+02;3.0912045e-01;2.9250000e+02;3.5354194e-01;2.9250000e+02;3.4217742e-01;2.9250000e+02;3.1488109e-01;2.9250000e+02;2.5682613e-01;2.9250000e+02;1.9569103e-01;2.9250000e+02;1.5347652e-01;2.9250000e+02;1.1238317e-01;2.9250000e+02;6.8281129e-02;2.9250000e+02;2.3081552e-02;2.9250000e+02;-2.1626547e-02;2.9250000e+02;-6.8620473e-02;2.9250000e+02;-1.1906666e-01;2.9250000e+02;-6.5412499e-02;2.9250000e+02;-2.7982792e-02;2.9250000e+02;3.2582432e-02;2.9250000e+02;1.1450044e-01;2.9250000e+02;2.1333931e-01;2.9250000e+02;3.0912045e-01;2.9250000e+02;3.5354194e-01;2.9250000e+02;3.4217742e-01;2.9250000e+02;3.1488109e-01;2.9250000e+02;2.5682613e-01;2.9250000e+02;1.9569103e-01;2.9250000e+02;1.5347652e-01;2.9250000e+02;1.1238317e-01;2.9250000e+02;6.8281129e-02;2.9250000e+02;2.3081552e-02;2.9250000e+02;-2.1626547e-02;2.9250000e+02;-6.8620473e-02;2.9250000e+02;-1.1906666e-01;2.9250000e+02;-6.5412499e-02;2.9250000e+02;-2.7982792e-02;2.9250000e+02;3.2582432e-02;2.9250000e+02;1.1450044e-01;2.9250000e+02;2.1333931e-01;2.9250000e+02;3.0912045e-01;2.9250000e+02;3.5354194e-01;2.9250000e+02;3.4217742e-01;2.9250000e+02;3.1488109e-01;2.9250000e+02;2.5682613e-01;2.9250000e+02;1.9569103e-01;2.9250000e+02;1.5347652e-01;2.9250000e+02;1.1238317e-01;2.9250000e+02;6.8281129e-02;2.9250000e+02;2.3081552e-02;2.9250000e+02;-2.1626547e-02;2.9250000e+02;-6.8620473e-02;2.9250000e+02;-1.1906666e-01;2.9250000e+02;-6.5412499e-02;2.9250000e+02;-2.7982792e-02;2.9250000e+02;3.2582432e-02;2.9250000e+02;1.1450044e-01;2.9250000e+02;2.1333931e-01;2.9250000e+02;3.0912045e-01;2.9250000e+02;3.5354194e-01;2.9250000e+02;3.4217742e-01;2.9250000e+02;3.1488109e-01;2.9250000e+02;2.5682613e-01;2.9250000e+02;1.9569103e-01;2.9250000e+02;1.5347652e-01;2.9250000e+02;1.1238317e-01;2.9250000e+02;6.8281129e-02;2.9250000e+02;2.3081552e-02;2.9250000e+02;-2.1626547e-02;2.9250000e+02;-6.8620473e-02;2.9250000e+02;-1.1906666e-01;2.9250000e+02;-6.5412499e-02;2.9250000e+02;-2.7982792e-02;2.9250000e+02;3.2582432e-02;2.9250000e+02;1.1450044e-01;2.9250000e+02;2.1333931e-01;2.9250000e+02;3.0912045e-01;2.9250000e+02;3.5354194e-01;2.9250000e+02;3.4217742e-01;2.9250000e+02;3.1488109e-01;2.9250000e+02;2.5682613e-01;2.9250000e+02;1.9569103e-01;2.9250000e+02;1.5347652e-01;2.9250000e+02;1.1238317e-01;2.9250000e+02;6.8281129e-02;2.9250000e+02;2.3081552e-02;2.9250000e+02;-2.1626547e-02;2.9250000e+02;-6.8620473e-02;2.9250000e+02;-1.1906666e-01;2.9250000e+02;-6.5412499e-02;2.9250000e+02;-2.7982792e-02;2.9250000e+02;3.2582432e-02;2.9250000e+02;1.1450044e-01;2.9250000e+02;2.1333931e-01;2.9250000e+02;3.0912045e-01;2.9250000e+02;3.5354194e-01;2.9250000e+02;3.4217742e-01;2.9250000e+02;3.1488109e-01;2.9250000e+02;2.5682613e-01;2.9250000e+02;1.9569103e-01;2.9250000e+02;1.5347652e-01;2.9250000e+02;1.1238317e-01;2.9250000e+02;6.8281129e-02;2.9250000e+02;2.3081552e-02;2.9250000e+02;-2.1626547e-02;2.9250000e+02;-6.8620473e-02;2.9250000e+02;-1.1906666e-01;2.9250000e+02;-6.5412499e-02;2.9250000e+02;-2.7982792e-02;2.9250000e+02;3.2582432e-02;2.9250000e+02;1.1450044e-01;2.9250000e+02;2.1333931e-01;2.9250000e+02;3.0912045e-01;2.9250000e+02;3.5354194e-01;2.9250000e+02;3.4217742e-01;2.9250000e+02;3.1488109e-01;2.9250000e+02;2.5682613e-01;2.9250000e+02;1.9569103e-01;2.9250000e+02;1.5347652e-01;2.9250000e+02;1.1238317e-01;2.9250000e+02;6.8281129e-02;2.9250000e+02;2.3081552e-02;2.9250000e+02;-2.1626547e-02;2.9250000e+02;-6.8620473e-02;2.9250000e+02;-1.1906666e-01;2.9250000e+02;-6.5412499e-02;2.9250000e+02;-2.7982792e-02;2.9250000e+02;3.2582432e-02;2.9250000e+02;1.1450044e-01;2.9250000e+02;2.1333931e-01;2.9250000e+02;3.0912045e-01;2.9250000e+02;3.5354194e-01;2.9250000e+02;3.4217742e-01;2.9250000e+02;3.1488109e-01;2.9250000e+02;2.5682613e-01;2.9250000e+02;1.9569103e-01;2.9250000e+02;1.5347652e-01;2.9250000e+02;1.1238317e-01;2.9250000e+02;6.8281129e-02;2.9250000e+02;2.3081552e-02;2.9250000e+02;-2.1626547e-02;2.9250000e+02;-6.8620473e-02;2.9250000e+02;-1.1906666e-01;2.9250000e+02;-6.5412499e-02;2.9250000e+02;-2.7982792e-02;2.9250000e+02;3.2582432e-02;2.9250000e+02;1.1450044e-01;2.9250000e+02;2.1333931e-01;2.9250000e+02;3.0912045e-01;2.9250000e+02;3.5354194e-01;2.9250000e+02;3.4217742e-01;2.9250000e+02;3.1488109e-01;2.9250000e+02;2.5682613e-01;2.9250000e+02;1.9569103e-01;2.9250000e+02;1.5347652e-01;2.9250000e+02;1.1238317e-01;2.9250000e+02;6.8281129e-02;2.9250000e+02;2.3081552e-02;2.9250000e+02;-2.1626547e-02;2.9250000e+02;-6.8620473e-02;2.9250000e+02;-1.1906666e-01;2.9250000e+02;-6.5412499e-02;2.9250000e+02;-2.7982792e-02;2.9250000e+02;3.2582432e-02;2.9250000e+02;1.1450044e-01;2.9250000e+02;2.1333931e-01;2.9250000e+02;3.0912045e-01;2.9250000e+02;3.5354194e-01;2.9250000e+02;3.4217742e-01;2.9250000e+02;3.1488109e-01;2.9250000e+02;2.5682613e-01;2.9250000e+02;1.9569103e-01;2.9250000e+02;1.5347652e-01;2.9250000e+02;1.1238317e-01;2.9250000e+02;6.8281129e-02;2.9250000e+02;2.3081552e-02;2.9250000e+02;-2.1626547e-02;2.9250000e+02;-6.8620473e-02;2.9250000e+02;-1.1906666e-01;2.9250000e+02;-6.5412499e-02;2.9250000e+02;-2.7982792e-02;2.9250000e+02;3.2582432e-02;2.9250000e+02;1.1450044e-01;2.9250000e+02;2.1333931e-01;2.9250000e+02;3.0912045e-01;2.9250000e+02;3.5354194e-01;2.9250000e+02;3.4217742e-01;2.9250000e+02;3.1488109e-01;2.9250000e+02;2.5682613e-01;2.9250000e+02;1.9569103e-01;2.9250000e+02;1.5347652e-01;2.9250000e+02;1.1238317e-01;2.9250000e+02;6.8281129e-02;2.9250000e+02;2.3081552e-02;2.9250000e+02;-2.1626547e-02;2.9250000e+02;-6.8620473e-02;2.9250000e+02;-1.1906666e-01;2.9250000e+02;-6.5412499e-02;2.9250000e+02;-2.7982792e-02;2.9250000e+02;3.2582432e-02;2.9250000e+02;1.1450044e-01;2.9250000e+02;2.1333931e-01;2.9250000e+02;3.0912045e-01;2.9250000e+02;3.5354194e-01;2.9250000e+02;3.4217742e-01;2.9250000e+02;3.1488109e-01;2.9250000e+02;2.5682613e-01;2.9250000e+02;1.9569103e-01;2.9250000e+02;1.5347652e-01;2.9250000e+02;1.1238317e-01;2.9250000e+02;6.8281129e-02;2.9250000e+02;2.3081552e-02;2.9250000e+02;-2.1626547e-02;2.9250000e+02;-6.8620473e-02;2.9250000e+02;-1.1906666e-01;2.9250000e+02;-6.5412499e-02;2.9250000e+02;-2.7982792e-02;2.9250000e+02;3.2582432e-02;2.9250000e+02;1.1450044e-01;2.9250000e+02;2.1333931e-01;2.9250000e+02;3.0912045e-01;2.9250000e+02;3.5354194e-01;2.9250000e+02;3.4217742e-01;2.9250000e+02;3.1488109e-01;2.9250000e+02;2.5682613e-01;2.9250000e+02;1.9569103e-01;2.9250000e+02;1.5347652e-01;2.9250000e+02;1.1238317e-01;2.9250000e+02;6.8281129e-02;2.9250000e+02;2.3081552e-02;2.9250000e+02;-2.1626547e-02;2.9250000e+02;-6.8620473e-02;2.9250000e+02;-1.1906666e-01;2.9250000e+02;-6.5412499e-02;2.9250000e+02;-2.7982792e-02;2.9250000e+02;3.2582432e-02;2.9250000e+02;1.1450044e-01;2.9250000e+02;2.1333931e-01;2.9250000e+02;3.0912045e-01;2.9250000e+02;3.5354194e-01;2.9250000e+02;3.4217742e-01;2.9250000e+02;3.1488109e-01;2.9250000e+02;2.5682613e-01;2.9250000e+02;1.9569103e-01;2.9250000e+02;1.5347652e-01;2.9250000e+02;1.1238317e-01;2.9250000e+02;6.8281129e-02;2.9250000e+02;2.3081552e-02;2.9250000e+02;-2.1626547e-02;2.9250000e+02;-6.8620473e-02;2.9250000e+02;-1.1906666e-01;2.9250000e+02;-6.5412499e-02;2.9250000e+02;-2.7982792e-02;2.9250000e+02;3.2582432e-02;2.9250000e+02;1.1450044e-01;2.9250000e+02;2.1333931e-01;2.9250000e+02;3.0912045e-01;2.9250000e+02;3.5354194e-01;2.9250000e+02;3.4217742e-01;2.9250000e+02;3.1488109e-01;2.9250000e+02;2.5682613e-01;2.9250000e+02;1.9569103e-01;2.9250000e+02;1.5347652e-01;2.9250000e+02;1.1238317e-01;2.9250000e+02;6.8281129e-02;2.9250000e+02;2.3081552e-02;2.9250000e+02;-2.1626547e-02;2.9250000e+02;-6.8620473e-02;2.9250000e+02;-1.1906666e-01;2.9250000e+02;-6.5412499e-02;2.9250000e+02;-2.7982792e-02;2.9250000e+02;3.2582432e-02;2.9250000e+02;1.1450044e-01;2.9250000e+02;2.1333931e-01;2.9250000e+02;3.0912045e-01;2.9250000e+02;3.5354194e-01;2.9250000e+02;3.4217742e-01;2.9250000e+02;3.1488109e-01;2.9250000e+02;2.5682613e-01;2.9250000e+02;1.9569103e-01;2.9250000e+02;1.5347652e-01;2.9250000e+02;1.1238317e-01;2.9250000e+02;6.8281129e-02;2.9250000e+02;2.3081552e-02;2.9250000e+02;-2.1626547e-02;2.9250000e+02;-6.8620473e-02;2.9250000e+02;-1.1906666e-01;2.9250000e+02;-6.5412499e-02;2.9250000e+02;-2.7982792e-02;2.9250000e+02;3.2582432e-02;2.9250000e+02;1.1450044e-01;2.9250000e+02;2.1333931e-01;2.9250000e+02;3.0912045e-01;2.9250000e+02;3.5354194e-01;2.9250000e+02;3.4217742e-01;2.9250000e+02;3.1488109e-01;2.9250000e+02;2.5682613e-01;2.9250000e+02;1.9569103e-01;2.9250000e+02;1.5347652e-01;2.9250000e+02;1.1238317e-01;2.9250000e+02;6.8281129e-02;2.9250000e+02;2.3081552e-02;2.9250000e+02;-2.1626547e-02;2.9250000e+02;-6.8620473e-02;2.9250000e+02;-1.1906666e-01;2.9250000e+02;-6.5412499e-02;2.9250000e+02;-2.7982792e-02;2.9250000e+02;3.2582432e-02;2.9250000e+02;1.1450044e-01;2.9250000e+02;2.1333931e-01;2.9250000e+02;3.0912045e-01;2.9250000e+02;3.5354194e-01;2.9250000e+02;3.4217742e-01;2.9250000e+02;3.1488109e-01;2.9250000e+02;2.5682613e-01;2.9250000e+02;1.9569103e-01;2.9250000e+02;1.5347652e-01;2.9250000e+02;1.1238317e-01;2.9250000e+02;6.8281129e-02;2.9250000e+02;2.3081552e-02;2.9250000e+02;-2.1626547e-02;2.9250000e+02;-6.8620473e-02;2.9250000e+02;-1.1906666e-01;2.9250000e+02;-6.5412499e-02;2.9250000e+02;-2.7982792e-02;2.9250000e+02;3.2582432e-02;2.9250000e+02;1.1450044e-01;2.9250000e+02;2.1333931e-01;2.9250000e+02;3.0912045e-01;2.9250000e+02;3.5354194e-01;2.9250000e+02;3.4217742e-01;2.9250000e+02;3.1488109e-01;2.9250000e+02;2.5682613e-01;2.9250000e+02;1.9569103e-01;2.9250000e+02;1.5347652e-01;2.9250000e+02;1.1238317e-01;2.9250000e+02;6.8281129e-02;2.9250000e+02;2.3081552e-02;2.9250000e+02;-2.1626547e-02;2.9250000e+02;-6.8620473e-02;2.9250000e+02;-1.1906666e-01;2.9250000e+02;-6.5412499e-02;2.9250000e+02;-2.7982792e-02;2.9250000e+02;3.2582432e-02;2.9250000e+02;1.1450044e-01;2.9250000e+02;2.1333931e-01;2.9250000e+02;3.0912045e-01;2.9250000e+02;3.5354194e-01;2.9250000e+02;3.4217742e-01;2.9250000e+02;3.1488109e-01;2.9250000e+02;2.5682613e-01;2.9250000e+02;1.9569103e-01;2.9250000e+02;1.5347652e-01;2.9250000e+02;1.1238317e-01;2.9250000e+02;6.8281129e-02;2.9250000e+02;2.3081552e-02;2.9250000e+02;-2.1626547e-02;2.9250000e+02;-6.8620473e-02;2.9250000e+02;-1.1906666e-01;2.9250000e+02;-6.5412499e-02;2.9250000e+02;-2.7982792e-02;2.9250000e+02;3.2582432e-02;2.9250000e+02;1.1450044e-01;2.9250000e+02;2.1333931e-01;2.9250000e+02;3.0912045e-01;2.9250000e+02;3.5354194e-01;2.9250000e+02;3.4217742e-01;2.9250000e+02;3.1488109e-01;2.9250000e+02;2.5682613e-01;2.9250000e+02;1.9569103e-01;2.9250000e+02;1.5347652e-01;2.9250000e+02;1.1238317e-01;2.9250000e+02;6.8281129e-02;2.9250000e+02;2.3081552e-02;2.9250000e+02;-2.1626547e-02;2.9250000e+02;-6.8620473e-02;2.9250000e+02;-1.1906666e-01;2.9250000e+02;-6.5412499e-02;2.9250000e+02;-2.7982792e-02;2.9250000e+02;3.2582432e-02;2.9250000e+02;1.1450044e-01;2.9250000e+02;2.1333931e-01;2.9250000e+02;3.0912045e-01;2.9250000e+02;3.5354194e-01;2.9250000e+02;3.4217742e-01;2.9250000e+02;3.1488109e-01;2.9250000e+02;2.5682613e-01;2.9250000e+02;1.9569103e-01;2.9250000e+02;1.5347652e-01;2.9250000e+02;1.1238317e-01;2.9250000e+02;6.8281129e-02;2.9250000e+02;2.3081552e-02;2.9250000e+02;-2.1626547e-02;2.9250000e+02;-6.8620473e-02;2.9250000e+02;-1.1906666e-01;2.9250000e+02;-6.5412499e-02;2.9250000e+02;-2.7982792e-02;2.9250000e+02;3.2582432e-02;2.9250000e+02;1.1450044e-01;2.9250000e+02;2.1333931e-01;2.9250000e+02;3.0912045e-01;2.9250000e+02;3.5354194e-01;2.9250000e+02;3.4217742e-01;2.9250000e+02;3.1488109e-01;2.9250000e+02;2.5682613e-01;2.9250000e+02;1.9569103e-01;2.9250000e+02;1.5347652e-01;2.9250000e+02;1.1238317e-01;2.9250000e+02;6.8281129e-02;2.9250000e+02;2.3081552e-02;2.9250000e+02;-2.1626547e-02;2.9250000e+02;-6.8620473e-02;2.9250000e+02;-1.1906666e-01;2.9250000e+02;-6.5412499e-02;2.9250000e+02;-2.7982792e-02;2.9250000e+02;3.2582432e-02;2.9250000e+02;1.1450044e-01;2.9250000e+02;2.1333931e-01;2.9250000e+02;3.0912045e-01;2.9250000e+02;3.5354194e-01;2.9250000e+02;3.4217742e-01;2.9250000e+02;3.1488109e-01;2.9250000e+02;2.5682613e-01;2.9250000e+02;1.9569103e-01;2.9250000e+02;1.5347652e-01;2.9250000e+02;1.1238317e-01;2.9250000e+02;6.8281129e-02;2.9250000e+02;2.3081552e-02;2.9250000e+02;-2.1626547e-02;2.9250000e+02;-6.8620473e-02;2.9250000e+02;-1.1906666e-01;2.9250000e+02;-6.5412499e-02;2.9250000e+02;-2.7982792e-02;2.9250000e+02;3.2582432e-02;2.9250000e+02;1.1450044e-01;2.9250000e+02;2.1333931e-01;2.9250000e+02;3.0912045e-01;2.9250000e+02;3.5354194e-01;2.9250000e+02;3.4217742e-01;2.9250000e+02;3.1488109e-01;2.9250000e+02;2.5682613e-01;2.9250000e+02;1.9569103e-01;2.9250000e+02;1.5347652e-01;2.9250000e+02;1.1238317e-01;2.9250000e+02;6.8281129e-02;2.9250000e+02;2.3081552e-02;2.9250000e+02;-2.1626547e-02;2.9250000e+02;-6.8620473e-02;2.9250000e+02;-1.1906666e-01;2.9250000e+02;-6.5412499e-02;2.9250000e+02;-2.7982792e-02;2.9250000e+02;3.2582432e-02;2.9250000e+02;1.1450044e-01;2.9250000e+02;2.1333931e-01;2.9250000e+02;3.0912045e-01;2.9250000e+02;3.5354194e-01;2.9250000e+02;3.4217742e-01;2.9250000e+02;3.1488109e-01;2.9250000e+02;2.5682613e-01;2.9250000e+02;1.9569103e-01;2.9250000e+02;1.5347652e-01;2.9250000e+02;1.1238317e-01;2.9250000e+02;6.8281129e-02;2.9250000e+02;2.3081552e-02;2.9250000e+02;-2.1626547e-02;2.9250000e+02;-6.8620473e-02;2.9250000e+02;-1.1906666e-01;2.9250000e+02;-6.5412499e-02;2.9250000e+02;-2.7982792e-02;2.9250000e+02;3.2582432e-02;2.9250000e+02;1.1450044e-01;2.9250000e+02;2.1333931e-01;2.9250000e+02;3.0912045e-01;2.9250000e+02;3.5354194e-01;2.9250000e+02;3.4217742e-01;2.9250000e+02;3.1488109e-01;2.9250000e+02;2.5682613e-01;2.9250000e+02;1.9569103e-01;2.9250000e+02;1.5347652e-01;2.9250000e+02;1.1238317e-01;2.9250000e+02;6.8281129e-02;2.9250000e+02;2.3081552e-02;2.9250000e+02;-2.1626547e-02;2.9250000e+02;-6.8620473e-02;2.9250000e+02;-1.1906666e-01
2.9750000e+02;-6.8281218e-02;2.9750000e+02;-2.7506720e-02;2.9750000e+02;3.4759492e-02;2.9750000e+02;1.1924373e-01;2.9750000e+02;2.1821608e-01;2.9750000e+02;3.1121898e-01;2.9750000e+02;3.5463166e-01;2.9750000e+02;3.5637656e-01;2.9750000e+02;3.3778375e-01;2.9750000e+02;2.7482355e-01;2.9750000e+02;2.0311108e-01;2.9750000e+02;1.5352526e-01;2.9750000e+02;1.0587366e-01;2.9750000e+02;5.8686033e-02;2.9750000e+02;1.1829179e-02;2.9750000e+02;-3.4251057e-02;2.9750000e+02;-8.0444001e-02;2.9750000e+02;-1.3146061e-01;2.9750000e+02;-6.8281218e-02;2.9750000e+02;-2.7506720e-02;2.9750000e+02;3.4759492e-02;2.9750000e+02;1.1924373e-01;2.9750000e+02;2.1821608e-01;2.9750000e+02;3.1121898e-01;2.9750000e+02;3.5463166e-01;2.9750000e+02;3.5637656e-01;2.9750000e+02;3.3778375e-01;2.9750000e+02;2.7482355e-01;2.9750000e+02;2.0311108e-01;2.9750000e+02;1.5352526e-01;2.9750000e+02;1.0587366e-01;2.9750000e+02;5.8686033e-02;2.9750000e+02;1.1829179e-02;2.9750000e+02;-3.4251057e-02;2.9750000e+02;-8.0444001e-02;2.9750000e+02;-1.3146061e-01;2.9750000e+02;-6.8281218e-02;2.9750000e+02;-2.7506720e-02;2.9750000e+02;3.4759492e-02;2.9750000e+02;1.1924373e-01;2.9750000e+02;2.1821608e-01;2.9750000e+02;3.1121898e-01;2.9750000e+02;3.5463166e-01;2.9750000e+02;3.5637656e-01;2.9750000e+02;3.3778375e-01;2.9750000e+02;2.7482355e-01;2.9750000e+02;2.0311108e-01;2.9750000e+02;1.5352526e-01;2.9750000e+02;1.0587366e-01;2.9750000e+02;5.8686033e-02;2.9750000e+02;1.1829179e-02;2.9750000e+02;-3.4251057e-02;2.9750000e+02;-8.0444001e-02;2.9750000e+02;-1.3146061e-01;2.9750000e+02;-6.8281218e-02;2.9750000e+02;-2.7506720e-02;2.9750000e+02;3.4759492e-02;2.9750000e+02;1.1924373e-01;2.9750000e+02;2.1821608e-01;2.9750000e+02;3.1121898e-01;2.9750000e+02;3.5463166e-01;2.9750000e+02;3.5637656e-01;2.9750000e+02;3.3778375e-01;2.9750000e+02;2.7482355e-01;2.9750000e+02;2.0311108e-01;2.9750000e+02;1.5352526e-01;2.9750000e+02;1.0587366e-01;2.9750000e+02;5.8686033e-02;2.9750000e+02;1.1829179e-02;2.9750000e+02;-3.4251057e-02;2.9750000e+02;-8.0444001e-02;2.9750000e+02;-1.3146061e-01;2.9750000e+02;-6.8281218e-02;2.9750000e+02;-2.7506720e-02;2.9750000e+02;3.4759492e-02;2.9750000e+02;1.1924373e-01;2.9750000e+02;2.1821608e-01;2.9750000e+02;3.1121898e-01;2.9750000e+02;3.5463166e-01;2.9750000e+02;3.5637656e-01;2.9750000e+02;3.3778375e-01;2.9750000e+02;2.7482355e-01;2.9750000e+02;2.0311108e-01;2.9750000e+02;1.5352526e-01;2.9750000e+02;1.0587366e-01;2.9750000e+02;5.8686033e-02;2.9750000e+02;1.1829179e-02;2.9750000e+02;-3.4251057e-02;2.9750000e+02;-8.0444001e-02;2.9750000e+02;-1.3146061e-01;2.9750000e+02;-6.8281218e-02;2.9750000e+02;-2.7506720e-02;2.9750000e+02;3.4759492e-02;2.9750000e+02;1.1924373e-01;2.9750000e+02;2.1821608e-01;2.9750000e+02;3.1121898e-01;2.9750000e+02;3.5463166e-01;2.9750000e+02;3.5637656e-01;2.9750000e+02;3.3778375e-01;2.9750000e+02;2.7482355e-01;2.9750000e+02;2.0311108e-01;2.9750000e+02;1.5352526e-01;2.9750000e+02;1.0587366e-01;2.9750000e+02;5.8686033e-02;2.9750000e+02;1.1829179e-02;2.9750000e+02;-3.4251057e-02;2.9750000e+02;-8.0444001e-02;2.9750000e+02;-1.3146061e-01;2.9750000e+02;-6.8281218e-02;2.9750000e+02;-2.7506720e-02;2.9750000e+02;3.4759492e-02;2.9750000e+02;1.1924373e-01;2.9750000e+02;2.1821608e-01;2.9750000e+02;3.1121898e-01;2.9750000e+02;3.5463166e-01;2.9750000e+02;3.5637656e-01;2.9750000e+02;3.3778375e-01;2.9750000e+02;2.7482355e-01;2.9750000e+02;2.0311108e-01;2.9750000e+02;1.5352526e-01;2.9750000e+02;1.0587366e-01;2.9750000e+02;5.8686033e-02;2.9750000e+02;1.1829179e-02;2.9750000e+02;-3.4251057e-02;2.9750000e+02;-8.0444001e-02;2.9750000e+02;-1.3146061e-01;2.9750000e+02;-6.8281218e-02;2.9750000e+02;-2.7506720e-02;2.9750000e+02;3.4759492e-02;2.9750000e+02;1.1924373e-01;2.9750000e+02;2.1821608e-01;2.9750000e+02;3.1121898e-01;2.9750000e+02;3.5463166e-01;2.9750000e+02;3.5637656e-01;2.9750000e+02;3.3778375e-01;2.9750000e+02;2.7482355e-01;2.9750000e+02;2.0311108e-01;2.9750000e+02;1.5352526e-01;2.9750000e+02;1.0587366e-01;2.9750000e+02;5.8686033e-02;2.9750000e+02;1.1829179e-02;2.9750000e+02;-3.4251057e-02;2.9750000e+02;-8.0444001e-02;2.9750000e+02;-1.3146061e-01;2.9750000e+02;-6.8281218e-02;2.9750000e+02;-2.7506720e-02;2.9750000e+02;3.4759492e-02;2.9750000e+02;1.1924373e-01;2.9750000e+02;2.1821608e-01;2.9750000e+02;3.1121898e-01;2.9750000e+02;3.5463166e-01;2.9750000e+02;3.5637656e-01;2.9750000e+02;3.3778375e-01;2.9750000e+02;2.7482355e-01;2.9750000e+02;2.0311108e-01;2.9750000e+02;1.5352526e-01;2.9750000e+02;1.0587366e-01;2.9750000e+02;5.8686033e-02;2.9750000e+02;1.1829179e-02;2.9750000e+02;-3.4251057e-02;2.9750000e+02;-8.0444001e-02;2.9750000e+02;-1.3146061e-01;2.9750000e+02;-6.8281218e-02;2.9750000e+02;-2.7506720e-02;2.9750000e+02;3.4759492e-02;2.9750000e+02;1.1924373e-01;2.9750000e+02;2.1821608e-01;2.9750000e+02;3.1121898e-01;2.9750000e+02;3.5463166e-01;2.9750000e+02;3.5637656e-01;2.9750000e+02;3.3778375e-01;2.9750000e+02;2.7482355e-01;2.9750000e+02;2.0311108e-01;2.9750000e+02;1.5352526e-01;2.9750000e+02;1.0587366e-01;2.9750000e+02;5.8686033e-02;2.9750000e+02;1.1829179e-02;2.9750000e+02;-3.4251057e-02;2.9750000e+02;-8.0444001e-02;2.9750000e+02;-1.3146061e-01;2.9750000e+02;-6.8281218e-02;2.9750000e+02;-2.7506720e-02;2.9750000e+02;3.4759492e-02;2.9750000e+02;1.1924373e-01;2.9750000e+02;2.1821608e-01;2.9750000e+02;3.1121898e-01;2.9750000e+02;3.5463166e-01;2.9750000e+02;3.5637656e-01;2.9750000e+02;3.3778375e-01;2.9750000e+02;2.7482355e-01;2.9750000e+02;2.0311108e-01;2.9750000e+02;1.5352526e-01;2.9750000e+02;1.0587366e-01;2.9750000e+02;5.8686033e-02;2.9750000e+02;1.1829179e-02;2.9750000e+02;-3.4251057e-02;2.9750000e+02;-8.0444001e-02;2.9750000e+02;-1.3146061e-01;2.9750000e+02;-6.8281218e-02;2.9750000e+02;-2.7506720e-02;2.9750000e+02;3.4759492e-02;2.9750000e+02;1.1924373e-01;2.9750000e+02;2.1821608e-01;2.9750000e+02;3.1121898e-01;2.9750000e+02;3.5463166e-01;2.9750000e+02;3.5637656e-01;2.9750000e+02;3.3778375e-01;2.9750000e+02;2.7482355e-01;2.9750000e+02;2.0311108e-01;2.9750000e+02;1.5352526e-01;2.9750000e+02;1.0587366e-01;2.9750000e+02;5.8686033e-02;2.9750000e+02;1.1829179e-02;2.9750000e+02;-3.4251057e-02;2.9750000e+02;-8.0444001e-02;2.9750000e+02;-1.3146061e-01;2.9750000e+02;-6.8281218e-02;2.9750000e+02;-2.7506720e-02;2.9750000e+02;3.4759492e-02;2.9750000e+02;1.1924373e-01;2.9750000e+02;2.1821608e-01;2.9750000e+02;3.1121898e-01;2.9750000e+02;3.5463166e-01;2.9750000e+02;3.5637656e-01;2.9750000e+02;3.3778375e-01;2.9750000e+02;2.7482355e-01;2.9750000e+02;2.0311108e-01;2.9750000e+02;1.5352526e-01;2.9750000e+02;1.0587366e-01;2.9750000e+02;5.8686033e-02;2.9750000e+02;1.1829179e-02;2.9750000e+02;-3.4251057e-02;2.9750000e+02;-8.0444001e-02;2.9750000e+02;-1.3146061e-01;2.9750000e+02;-6.8281218e-02;2.9750000e+02;-2.7506720e-02;2.9750000e+02;3.4759492e-02;2.9750000e+02;1.1924373e-01;2.9750000e+02;2.1821608e-01;2.9750000e+02;3.1121898e-01;2.9750000e+02;3.5463166e-01;2.9750000e+02;3.5637656e-01;2.9750000e+02;3.3778375e-01;2.9750000e+02;2.7482355e-01;2.9750000e+02;2.0311108e-01;2.9750000e+02;1.5352526e-01;2.9750000e+02;1.0587366e-01;2.9750000e+02;5.8686033e-02;2.9750000e+02;1.1829179e-02;2.9750000e+02;-3.4251057e-02;2.9750000e+02;-8.0444001e-02;2.9750000e+02;-1.3146061e-01;2.9750000e+02;-6.8281218e-02;2.9750000e+02;-2.7506720e-02;2.9750000e+02;3.4759492e-02;2.9750000e+02;1.1924373e-01;2.9750000e+02;2.1821608e-01;2.9750000e+02;3.1121898e-01;2.9750000e+02;3.5463166e-01;2.9750000e+02;3.5637656e-01;2.9750000e+02;3.3778375e-01;2.9750000e+02;2.7482355e-01;2.9750000e+02;2.0311108e-01;2.9750000e+02;1.5352526e-01;2.9750000e+02;1.0587366e-01;2.9750000e+02;5.8686033e-02;2.9750000e+02;1.1829179e-02;2.9750000e+02;-3.4251057e-02;2.9750000e+02;-8.0444001e-02;2.9750000e+02;-1.3146061e-01;2.9750000e+02;-6.8281218e-02;2.9750000e+02;-2.7506720e-02;2.9750000e+02;3.4759492e-02;2.9750000e+02;1.1924373e-01;2.9750000e+02;2.1821608e-01;2.9750000e+02;3.1121898e-01;2.9750000e+02;3.5463166e-01;2.9750000e+02;3.5637656e-01;2.9750000e+02;3.3778375e-01;2.9750000e+02;2.7482355e-01;2.9750000e+02;2.0311108e-01;2.9750000e+02;1.5352526e-01;2.9750000e+02;1.0587366e-01;2.9750000e+02;5.8686033e-02;2.9750000e+02;1.1829179e-02;2.9750000e+02;-3.4251057e-02;2.9750000e+02;-8.0444001e-02;2.9750000e+02;-1.3146061e-01;2.9750000e+02;-6.8281218e-02;2.9750000e+02;-2.7506720e-02;2.9750000e+02;3.4759492e-02;2.9750000e+02;1.1924373e-01;2.9750000e+02;2.1821608e-01;2.9750000e+02;3.1121898e-01;2.9750000e+02;3.5463166e-01;2.9750000e+02;3.5637656e-01;2.9750000e+02;3.3778375e-01;2.9750000e+02;2.7482355e-01;2.9750000e+02;2.0311108e-01;2.9750000e+02;1.5352526e-01;2.9750000e+02;1.0587366e-01;2.9750000e+02;5.8686033e-02;2.9750000e+02;1.1829179e-02;2.9750000e+02;-3.4251057e-02;2.9750000e+02;-8.0444001e-02;2.9750000e+02;-1.3146061e-01;2.9750000e+02;-6.8281218e-02;2.9750000e+02;-2.7506720e-02;2.9750000e+02;3.4759492e-02;2.9750000e+02;1.1924373e-01;2.9750000e+02;2.1821608e-01;2.9750000e+02;3.1121898e-01;2.9750000e+02;3.5463166e-01;2.9750000e+02;3.5637656e-01;2.9750000e+02;3.3778375e-01;2.9750000e+02;2.7482355e-01;2.9750000e+02;2.0311108e-01;2.9750000e+02;1.5352526e-01;2.9750000e+02;1.0587366e-01;2.9750000e+02;5.8686033e-02;2.9750000e+02;1.1829179e-02;2.9750000e+02;-3.4251057e-02;2.9750000e+02;-8.0444001e-02;2.9750000e+02;-1.3146061e-01;2.9750000e+02;-6.8281218e-02;2.9750000e+02;-2.7506720e-02;2.9750000e+02;3.4759492e-02;2.9750000e+02;1.1924373e-01;2.9750000e+02;2.1821608e-01;2.9750000e+02;3.1121898e-01;2.9750000e+02;3.5463166e-01;2.9750000e+02;3.5637656e-01;2.9750000e+02;3.3778375e-01;2.9750000e+02;2.7482355e-01;2.9750000e+02;2.0311108e-01;2.9750000e+02;1.5352526e-01;2.9750000e+02;1.0587366e-01;2.9750000e+02;5.8686033e-02;2.9750000e+02;1.1829179e-02;2.9750000e+02;-3.4251057e-02;2.9750000e+02;-8.0444001e-02;2.9750000e+02;-1.3146061e-01;2.9750000e+02;-6.8281218e-02;2.9750000e+02;-2.7506720e-02;2.9750000e+02;3.4759492e-02;2.9750000e+02;1.1924373e-01;2.9750000e+02;2.1821608e-01;2.9750000e+02;3.1121898e-01;2.9750000e+02;3.5463166e-01;2.9750000e+02;3.5637656e-01;2.9750000e+02;3.3778375e-01;2.9750000e+02;2.7482355e-01;2.9750000e+02;2.0311108e-01;2.9750000e+02;1.5352526e-01;2.9750000e+02;1.0587366e-01;2.9750000e+02;5.8686033e-02;2.9750000e+02;1.1829179e-02;2.9750000e+02;-3.4251057e-02;2.9750000e+02;-8.0444001e-02;2.9750000e+02;-1.3146061e-01;2.9750000e+02;-6.8281218e-02;2.9750000e+02;-2.7506720e-02;2.9750000e+02;3.4759492e-02;2.9750000e+02;1.1924373e-01;2.9750000e+02;2.1821608e-01;2.9750000e+02;3.1121898e-01;2.9750000e+02;3.5463166e-01;2.9750000e+02;3.5637656e-01;2.9750000e+02;3.3778375e-01;2.9750000e+02;2.7482355e-01;2.9750000e+02;2.0311108e-01;2.9750000e+02;1.5352526e-01;2.9750000e+02;1.0587366e-01;2.9750000e+02;5.8686033e-02;2.9750000e+02;1.1829179e-02;2.9750000e+02;-3.4251057e-02;2.9750000e+02;-8.0444001e-02;2.9750000e+02;-1.3146061e-01;2.9750000e+02;-6.8281218e-02;2.9750000e+02;-2.7506720e-02;2.9750000e+02;3.4759492e-02;2.9750000e+02;1.1924373e-01;2.9750000e+02;2.1821608e-01;2.9750000e+02;3.1121898e-01;2.9750000e+02;3.5463166e-01;2.9750000e+02;3.5637656e-01;2.9750000e+02;3.3778375e-01;2.9750000e+02;2.7482355e-01;2.9750000e+02;2.0311108e-01;2.9750000e+02;1.5352526e-01;2.9750000e+02;1.0587366e-01;2.9750000e+02;5.8686033e-02;2.9750000e+02;1.1829179e-02;2.9750000e+02;-3.4251057e-02;2.9750000e+02;-8.0444001e-02;2.9750000e+02;-1.3146061e-01;2.9750000e+02;-6.8281218e-02;2.9750000e+02;-2.7506720e-02;2.9750000e+02;3.4759492e-02;2.9750000e+02;1.1924373e-01;2.9750000e+02;2.1821608e-01;2.9750000e+02;3.1121898e-01;2.9750000e+02;3.5463166e-01;2.9750000e+02;3.5637656e-01;2.9750000e+02;3.3778375e-01;2.9750000e+02;2.7482355e-01;2.9750000e+02;2.0311108e-01;2.9750000e+02;1.5352526e-01;2.9750000e+02;1.0587366e-01;2.9750000e+02;5.8686033e-02;2.9750000e+02;1.1829179e-02;2.9750000e+02;-3.4251057e-02;2.9750000e+02;-8.0444001e-02;2.9750000e+02;-1.3146061e-01;2.9750000e+02;-6.8281218e-02;2.9750000e+02;-2.7506720e-02;2.9750000e+02;3.4759492e-02;2.9750000e+02;1.1924373e-01;2.9750000e+02;2.1821608e-01;2.9750000e+02;3.1121898e-01;2.9750000e+02;3.5463166e-01;2.9750000e+02;3.5637656e-01;2.9750000e+02;3.3778375e-01;2.9750000e+02;2.7482355e-01;2.9750000e+02;2.0311108e-01;2.9750000e+02;1.5352526e-01;2.9750000e+02;1.0587366e-01;2.9750000e+02;5.8686033e-02;2.9750000e+02;1.1829179e-02;2.9750000e+02;-3.4251057e-02;2.9750000e+02;-8.0444001e-02;2.9750000e+02;-1.3146061e-01;2.9750000e+02;-6.8281218e-02;2.9750000e+02;-2.7506720e-02;2.9750000e+02;3.4759492e-02;2.9750000e+02;1.1924373e-01;2.9750000e+02;2.1821608e-01;2.9750000e+02;3.1121898e-01;2.9750000e+02;3.5463166e-01;2.9750000e+02;3.5637656e-01;2.9750000e+02;3.3778375e-01;2.9750000e+02;2.7482355e-01;2.9750000e+02;2.0311108e-01;2.9750000e+02;1.5352526e-01;2.9750000e+02;1.0587366e-01;2.9750000e+02;5.8686033e-02;2.9750000e+02;1.1829179e-02;2.9750000e+02;-3.4251057e-02;2.9750000e+02;-8.0444001e-02;2.9750000e+02;-1.3146061e-01;2.9750000e+02;-6.8281218e-02;2.9750000e+02;-2.7506720e-02;2.9750000e+02;3.4759492e-02;2.9750000e+02;1.1924373e-01;2.9750000e+02;2.1821608e-01;2.9750000e+02;3.1121898e-01;2.9750000e+02;3.5463166e-01;2.9750000e+02;3.5637656e-01;2.9750000e+02;3.3778375e-01;2.9750000e+02;2.7482355e-01;2.9750000e+02;2.0311108e-01;2.9750000e+02;1.5352526e-01;2.9750000e+02;1.0587366e-01;2.9750000e+02;5.8686033e-02;2.9750000e+02;1.1829179e-02;2.9750000e+02;-3.4251057e-02;2.9750000e+02;-8.0444001e-02;2.9750000e+02;-1.3146061e-01;2.9750000e+02;-6.8281218e-02;2.9750000e+02;-2.7506720e-02;2.9750000e+02;3.4759492e-02;2.9750000e+02;1.1924373e-01;2.9750000e+02;2.1821608e-01;2.9750000e+02;3.1121898e-01;2.9750000e+02;3.5463166e-01;2.9750000e+02;3.5637656e-01;2.9750000e+02;3.3778375e-01;2.9750000e+02;2.7482355e-01;2.9750000e+02;2.0311108e-01;2.9750000e+02;1.5352526e-01;2.9750000e+02;1.0587366e-01;2.9750000e+02;5.8686033e-02;2.9750000e+02;1.1829179e-02;2.9750000e+02;-3.4251057e-02;2.9750000e+02;-8.0444001e-02;2.9750000e+02;-1.3146061e-01;2.9750000e+02;-6.8281218e-02;2.9750000e+02;-2.7506720e-02;2.9750000e+02;3.4759492e-02;2.9750000e+02;1.1924373e-01;2.9750000e+02;2.1821608e-01;2.9750000e+02;3.1121898e-01;2.9750000e+02;3.5463166e-01;2.9750000e+02;3.5637656e-01;2.9750000e+02;3.3778375e-01;2.9750000e+02;2.7482355e-01;2.9750000e+02;2.0311108e-01;2.9750000e+02;1.5352526e-01;2.9750000e+02;1.0587366e-01;2.9750000e+02;5.8686033e-02;2.9750000e+02;1.1829179e-02;2.9750000e+02;-3.4251057e-02;2.9750000e+02;-8.0444001e-02;2.9750000e+02;-1.3146061e-01;2.9750000e+02;-6.8281218e-02;2.9750000e+02;-2.7506720e-02;2.9750000e+02;3.4759492e-02;2.9750000e+02;1.1924373e-01;2.9750000e+02;2.1821608e-01;2.9750000e+02;3.1121898e-01;2.9750000e+02;3.5463166e-01;2.9750000e+02;3.5637656e-01;2.9750000e+02;3.3778375e-01;2.9750000e+02;2.7482355e-01;2.9750000e+02;2.0311108e-01;2.9750000e+02;1.5352526e-01;2.9750000e+02;1.0587366e-01;2.9750000e+02;5.8686033e-02;2.9750000e+02;1.1829179e-02;2.9750000e+02;-3.4251057e-02;2.9750000e+02;-8.0444001e-02;2.9750000e+02;-1.3146061e-01;2.9750000e+02;-6.8281218e-02;2.9750000e+02;-2.7506720e-02;2.9750000e+02;3.4759492e-02;2.9750000e+02;1.1924373e-01;2.9750000e+02;2.1821608e-01;2.9750000e+02;3.1121898e-01;2.9750000e+02;3.5463166e-01;2.9750000e+02;3.5637656e-01;2.9750000e+02;3.3778375e-01;2.9750000e+02;2.7482355e-01;2.9750000e+02;2.0311108e-01;2.9750000e+02;1.5352526e-01;2.9750000e+02;1.0587366e-01;2.9750000e+02;5.8686033e-02;2.9750000e+02;1.1829179e-02;2.9750000e+02;-3.4251057e-02;2.9750000e+02;-8.0444001e-02;2.9750000e+02;-1.3146061e-01;2.9750000e+02;-6.8281218e-02;2.9750000e+02;-2.7506720e-02;2.9750000e+02;3.4759492e-02;2.9750000e+02;1.1924373e-01;2.9750000e+02;2.1821608e-01;2.9750000e+02;3.1121898e-01;2.9750000e+02;3.5463166e-01;2.9750000e+02;3.5637656e-01;2.9750000e+02;3.3778375e-01;2.9750000e+02;2.7482355e-01;2.9750000e+02;2.0311108e-01;2.9750000e+02;1.5352526e-01;2.9750000e+02;1.0587366e-01;2.9750000e+02;5.8686033e-02;2.9750000e+02;1.1829179e-02;2.9750000e+02;-3.4251057e-02;2.9750000e+02;-8.0444001e-02;2.9750000e+02;-1.3146061e-01;2.9750000e+02;-6.8281218e-02;2.9750000e+02;-2.7506720e-02;2.9750000e+02;3.4759492e-02;2.9750000e+02;1.1924373e-01;2.9750000e+02;2.1821608e-01;2.9750000e+02;3.1121898e-01;2.9750000e+02;3.5463166e-01;2.9750000e+02;3.5637656e-01;2.9750000e+02;3.3778375e-01;2.9750000e+02;2.7482355e-01;2.9750000e+02;2.0311108e-01;2.9750000e+02;1.5352526e-01;2.9750000e+02;1.0587366e-01;2.9750000e+02;5.8686033e-02;2.9750000e+02;1.1829179e-02;2.9750000e+02;-3.4251057e-02;2.9750000e+02;-8.0444001e-02;2.9750000e+02;-1.3146061e-01;2.9750000e+02;-6.8281218e-02;2.9750000e+02;-2.7506720e-02;2.9750000e+02;3.4759492e-02;2.9750000e+02;1.1924373e-01;2.9750000e+02;2.1821608e-01;2.9750000e+02;3.1121898e-01;2.9750000e+02;3.5463166e-01;2.9750000e+02;3.5637656e-01;2.9750000e+02;3.3778375e-01;2.9750000e+02;2.7482355e-01;2.9750000e+02;2.0311108e-01;2.9750000e+02;1.5352526e-01;2.9750000e+02;1.0587366e-01;2.9750000e+02;5.8686033e-02;2.9750000e+02;1.1829179e-02;2.9750000e+02;-3.4251057e-02;2.9750000e+02;-8.0444001e-02;2.9750000e+02;-1.3146061e-01;2.9750000e+02;-6.8281218e-02;2.9750000e+02;-2.7506720e-02;2.9750000e+02;3.4759492e-02;2.9750000e+02;1.1924373e-01;2.9750000e+02;2.1821608e-01;2.9750000e+02;3.1121898e-01;2.9750000e+02;3.5463166e-01;2.9750000e+02;3.5637656e-01;2.9750000e+02;3.3778375e-01;2.9750000e+02;2.7482355e-01;2.9750000e+02;2.0311108e-01;2.9750000e+02;1.5352526e-01;2.9750000e+02;1.0587366e-01;2.9750000e+02;5.8686033e-02;2.9750000e+02;1.1829179e-02;2.9750000e+02;-3.4251057e-02;2.9750000e+02;-8.0444001e-02;2.9750000e+02;-1.3146061e-01;2.9750000e+02;-6.8281218e-02;2.9750000e+02;-2.7506720e-02;2.9750000e+02;3.4759492e-02;2.9750000e+02;1.1924373e-01;2.9750000e+02;2.1821608e-01;2.9750000e+02;3.1121898e-01;2.9750000e+02;3.5463166e-01;2.9750000e+02;3.5637656e-01;2.9750000e+02;3.3778375e-01;2.9750000e+02;2.7482355e-01;2.9750000e+02;2.0311108e-01;2.9750000e+02;1.5352526e-01;2.9750000e+02;1.0587366e-01;2.9750000e+02;5.8686033e-02;2.9750000e+02;1.1829179e-02;2.9750000e+02;-3.4251057e-02;2.9750000e+02;-8.0444001e-02;2.9750000e+02;-1.3146061e-01;2.9750000e+02;-6.8281218e-02;2.9750000e+02;-2.7506720e-02;2.9750000e+02;3.4759492e-02;2.9750000e+02;1.1924373e-01;2.9750000e+02;2.1821608e-01;2.9750000e+02;3.1121898e-01;2.9750000e+02;3.5463166e-01;2.9750000e+02;3.5637656e-01;2.9750000e+02;3.3778375e-01;2.9750000e+02;2.7482355e-01;2.9750000e+02;2.0311108e-01;2.9750000e+02;1.5352526e-01;2.9750000e+02;1.0587366e-01;2.9750000e+02;5.8686033e-02;2.9750000e+02;1.1829179e-02;2.9750000e+02;-3.4251057e-02;2.9750000e+02;-8.0444001e-02;2.9750000e+02;-1.3146061e-01;2.9750000e+02;-6.8281218e-02;2.9750000e+02;-2.7506720e-02;2.9750000e+02;3.4759492e-02;2.9750000e+02;1.1924373e-01;2.9750000e+02;2.1821608e-01;2.9750000e+02;3.1121898e-01;2.9750000e+02;3.5463166e-01;2.9750000e+02;3.5637656e-01;2.9750000e+02;3.3778375e-01;2.9750000e+02;2.7482355e-01;2.9750000e+02;2.0311108e-01;2.9750000e+02;1.5352526e-01;2.9750000e+02;1.0587366e-01;2.9750000e+02;5.8686033e-02;2.9750000e+02;1.1829179e-02;2.9750000e+02;-3.4251057e-02;2.9750000e+02;-8.0444001e-02;2.9750000e+02;-1.3146061e-01;2.9750000e+02;-6.8281218e-02;2.9750000e+02;-2.7506720e-02;2.9750000e+02;3.4759492e-02;2.9750000e+02;1.1924373e-01;2.9750000e+02;2.1821608e-01;2.9750000e+02;3.1121898e-01;2.9750000e+02;3.5463166e-01;2.9750000e+02;3.5637656e-01;2.9750000e+02;3.3778375e-01;2.9750000e+02;2.7482355e-01;2.9750000e+02;2.0311108e-01;2.9750000e+02;1.5352526e-01;2.9750000e+02;1.0587366e-01;2.9750000e+02;5.8686033e-02;2.9750000e+02;1.1829179e-02;2.9750000e+02;-3.4251057e-02;2.9750000e+02;-8.0444001e-02;2.9750000e+02;-1.3146061e-01;2.9750000e+02;-6.8281218e-02;2.9750000e+02;-2.7506720e-02;2.9750000e+02;3.4759492e-02;2.9750000e+02;1.1924373e-01;2.9750000e+02;2.1821608e-01;2.9750000e+02;3.1121898e-01;2.9750000e+02;3.5463166e-01;2.9750000e+02;3.5637656e-01;2.9750000e+02;3.3778375e-01;2.9750000e+02;2.7482355e-01;2.9750000e+02;2.0311108e-01;2.9750000e+02;1.5352526e-01;2.9750000e+02;1.0587366e-01;2.9750000e+02;5.8686033e-02;2.9750000e+02;1.1829179e-02;2.9750000e+02;-3.4251057e-02;2.9750000e+02;-8.0444001e-02;2.9750000e+02;-1.3146061e-01;2.9750000e+02;-6.8281218e-02;2.9750000e+02;-2.7506720e-02;2.9750000e+02;3.4759492e-02;2.9750000e+02;1.1924373e-01;2.9750000e+02;2.1821608e-01;2.9750000e+02;3.1121898e-01;2.9750000e+02;3.5463166e-01;2.9750000e+02;3.5637656e-01;2.9750000e+02;3.3778375e-01;2.9750000e+02;2.7482355e-01;2.9750000e+02;2.0311108e-01;2.9750000e+02;1.5352526e-01;2.9750000e+02;1.0587366e-01;2.9750000e+02;5.8686033e-02;2.9750000e+02;1.1829179e-02;2.9750000e+02;-3.4251057e-02;2.9750000e+02;-8.0444001e-02;2.9750000e+02;-1.3146061e-01;2.9750000e+02;-6.8281218e-02;2.9750000e+02;-2.7506720e-02;2.9750000e+02;3.4759492e-02;2.9750000e+02;1.1924373e-01;2.9750000e+02;2.1821608e-01;2.9750000e+02;3.1121898e-01;2.9750000e+02;3.5463166e-01;2.9750000e+02;3.5637656e-01;2.9750000e+02;3.3778375e-01;2.9750000e+02;2.7482355e-01;2.9750000e+02;2.0311108e-01;2.9750000e+02;1.5352526e-01;2.9750000e+02;1.0587366e-01;2.9750000e+02;5.8686033e-02;2.9750000e+02;1.1829179e-02;2.9750000e+02;-3.4251057e-02;2.9750000e+02;-8.0444001e-02;2.9750000e+02;-1.3146061e-01;2.9750000e+02;-6.8281218e-02;2.9750000e+02;-2.7506720e-02;2.9750000e+02;3.4759492e-02;2.9750000e+02;1.1924373e-01;2.9750000e+02;2.1821608e-01;2.9750000e+02;3.1121898e-01;2.9750000e+02;3.5463166e-01;2.9750000e+02;3.5637656e-01;2.9750000e+02;3.3778375e-01;2.9750000e+02;2.7482355e-01;2.9750000e+02;2.0311108e-01;2.9750000e+02;1.5352526e-01;2.9750000e+02;1.0587366e-01;2.9750000e+02;5.8686033e-02;2.9750000e+02;1.1829179e-02;2.9750000e+02;-3.4251057e-02;2.9750000e+02;-8.0444001e-02;2.9750000e+02;-1.3146061e-01;2.9750000e+02;-6.8281218e-02;2.9750000e+02;-2.7506720e-02;2.9750000e+02;3.4759492e-02;2.9750000e+02;1.1924373e-01;2.9750000e+02;2.1821608e-01;2.9750000e+02;3.1121898e-01;2.9750000e+02;3.5463166e-01;2.9750000e+02;3.5637656e-01;2.9750000e+02;3.3778375e-01;2.9750000e+02;2.7482355e-01;2.9750000e+02;2.0311108e-01;2.9750000e+02;1.5352526e-01;2.9750000e+02;1.0587366e-01;2.9750000e+02;5.8686033e-02;2.9750000e+02;1.1829179e-02;2.9750000e+02;-3.4251057e-02;2.9750000e+02;-8.0444001e-02;2.9750000e+02;-1.3146061e-01;2.9750000e+02;-6.8281218e-02;2.9750000e+02;-2.7506720e-02;2.9750000e+02;3.4759492e-02;2.9750000e+02;1.1924373e-01;2.9750000e+02;2.1821608e-01;2.9750000e+02;3.1121898e-01;2.9750000e+02;3.5463166e-01;2.9750000e+02;3.5637656e-01;2.9750000e+02;3.3778375e-01;2.9750000e+02;2.7482355e-01;2.9750000e+02;2.0311108e-01;2.9750000e+02;1.5352526e-01;2.9750000e+02;1.0587366e-01;2.9750000e+02;5.8686033e-02;2.9750000e+02;1.1829179e-02;2.9750000e+02;-3.4251057e-02;2.9750000e+02;-8.0444001e-02;2.9750000e+02;-1.3146061e-01;2.9750000e+02;-6.8281218e-02;2.9750000e+02;-2.7506720e-02;2.9750000e+02;3.4759492e-02;2.9750000e+02;1.1924373e-01;2.9750000e+02;2.1821608e-01;2.9750000e+02;3.1121898e-01;2.9750000e+02;3.5463166e-01;2.9750000e+02;3.5637656e-01;2.9750000e+02;3.3778375e-01;2.9750000e+02;2.7482355e-01;2.9750000e+02;2.0311108e-01;2.9750000e+02;1.5352526e-01;2.9750000e+02;1.0587366e-01;2.9750000e+02;5.8686033e-02;2.9750000e+02;1.1829179e-02;2.9750000e+02;-3.4251057e-02;2.9750000e+02;-8.0444001e-02;2.9750000e+02;-1.3146061e-01;2.9750000e+02;-6.8281218e-02;2.9750000e+02;-2.7506720e-02;2.9750000e+02;3.4759492e-02;2.9750000e+02;1.1924373e-01;2.9750000e+02;2.1821608e-01;2.9750000e+02;3.1121898e-01;2.9750000e+02;3.5463166e-01;2.9750000e+02;3.5637656e-01;2.9750000e+02;3.3778375e-01;2.9750000e+02;2.7482355e-01;2.9750000e+02;2.0311108e-01;2.9750000e+02;1.5352526e-01;2.9750000e+02;1.0587366e-01;2.9750000e+02;5.8686033e-02;2.9750000e+02;1.1829179e-02;2.9750000e+02;-3.4251057e-02;2.9750000e+02;-8.0444001e-02;2.9750000e+02;-1.3146061e-01;2.9750000e+02;-6.8281218e-02;2.9750000e+02;-2.7506720e-02;2.9750000e+02;3.4759492e-02;2.9750000e+02;1.1924373e-01;2.9750000e+02;2.1821608e-01;2.9750000e+02;3.1121898e-01;2.9750000e+02;3.5463166e-01;2.9750000e+02;3.5637656e-01;2.9750000e+02;3.3778375e-01;2.9750000e+02;2.7482355e-01;2.9750000e+02;2.0311108e-01;2.9750000e+02;1.5352526e-01;2.9750000e+02;1.0587366e-01;2.9750000e+02;5.8686033e-02;2.9750000e+02;1.1829179e-02;2.9750000e+02;-3.4251057e-02;2.9750000e+02;-8.0444001e-02;2.9750000e+02;-1.3146061e-01;2.9750000e+02;-6.8281218e-02;2.9750000e+02;-2.7506720e-02;2.9750000e+02;3.4759492e-02;2.9750000e+02;1.1924373e-01;2.9750000e+02;2.1821608e-01;2.9750000e+02;3.1121898e-01;2.9750000e+02;3.5463166e-01;2.9750000e+02;3.5637656e-01;2.9750000e+02;3.3778375e-01;2.9750000e+02;2.7482355e-01;2.9750000e+02;2.0311108e-01;2.9750000e+02;1.5352526e-01;2.9750000e+02;1.0587366e-01;2.9750000e+02;5.8686033e-02;2.9750000e+02;1.1829179e-02;2.9750000e+02;-3.4251057e-02;2.9750000e+02;-8.0444001e-02;2.9750000e+02;-1.3146061e-01;2.9750000e+02;-6.8281218e-02;2.9750000e+02;-2.7506720e-02;2.9750000e+02;3.4759492e-02;2.9750000e+02;1.1924373e-01;2.9750000e+02;2.1821608e-01;2.9750000e+02;3.1121898e-01;2.9750000e+02;3.5463166e-01;2.9750000e+02;3.5637656e-01;2.9750000e+02;3.3778375e-01;2.9750000e+02;2.7482355e-01;2.9750000e+02;2.0311108e-01;2.9750000e+02;1.5352526e-01;2.9750000e+02;1.0587366e-01;2.9750000e+02;5.8686033e-02;2.9750000e+02;1.1829179e-02;2.9750000e+02;-3.4251057e-02;2.9750000e+02;-8.0444001e-02;2.9750000e+02;-1.3146061e-01;2.9750000e+02;-6.8281218e-02;2.9750000e+02;-2.7506720e-02;2.9750000e+02;3.4759492e-02;2.9750000e+02;1.1924373e-01;2.9750000e+02;2.1821608e-01;2.9750000e+02;3.1121898e-01;2.9750000e+02;3.5463166e-01;2.9750000e+02;3.5637656e-01;2.9750000e+02;3.3778375e-01;2.9750000e+02;2.7482355e-01;2.9750000e+02;2.0311108e-01;2.9750000e+02;1.5352526e-01;2.9750000e+02;1.0587366e-01;2.9750000e+02;5.8686033e-02;2.9750000e+02;1.1829179e-02;2.9750000e+02;-3.4251057e-02;2.9750000e+02;-8.0444001e-02;2.9750000e+02;-1.3146061e-01;2.9750000e+02;-6.8281218e-02;2.9750000e+02;-2.7506720e-02;2.9750000e+02;3.4759492e-02;2.9750000e+02;1.1924373e-01;2.9750000e+02;2.1821608e-01;2.9750000e+02;3.1121898e-01;2.9750000e+02;3.5463166e-01;2.9750000e+02;3.5637656e-01;2.9750000e+02;3.3778375e-01;2.9750000e+02;2.7482355e-01;2.9750000e+02;2.0311108e-01;2.9750000e+02;1.5352526e-01;2.9750000e+02;1.0587366e-01;2.9750000e+02;5.8686033e-02;2.9750000e+02;1.1829179e-02;2.9750000e+02;-3.4251057e-02;2.9750000e+02;-8.0444001e-02;2.9750000e+02;-1.3146061e-01;2.9750000e+02;-6.8281218e-02;2.9750000e+02;-2.7506720e-02;2.9750000e+02;3.4759492e-02;2.9750000e+02;1.1924373e-01;2.9750000e+02;2.1821608e-01;2.9750000e+02;3.1121898e-01;2.9750000e+02;3.5463166e-01;2.9750000e+02;3.5637656e-01;2.9750000e+02;3.3778375e-01;2.9750000e+02;2.7482355e-01;2.9750000e+02;2.0311108e-01;2.9750000e+02;1.5352526e-01;2.9750000e+02;1.0587366e-01;2.9750000e+02;5.8686033e-02;2.9750000e+02;1.1829179e-02;2.9750000e+02;-3.4251057e-02;2.9750000e+02;-8.0444001e-02;2.9750000e+02;-1.3146061e-01;2.9750000e+02;-6.8281218e-02;2.9750000e+02;-2.7506720e-02;2.9750000e+02;3.4759492e-02;2.9750000e+02;1.1924373e-01;2.9750000e+02;2.1821608e-01;2.9750000e+02;3.1121898e-01;2.9750000e+02;3.5463166e-01;2.9750000e+02;3.5637656e-01;2.9750000e+02;3.3778375e-01;2.9750000e+02;2.7482355e-01;2.9750000e+02;2.0311108e-01;2.9750000e+02;1.5352526e-01;2.9750000e+02;1.0587366e-01;2.9750000e+02;5.8686033e-02;2.9750000e+02;1.1829179e-02;2.9750000e+02;-3.4251057e-02;2.9750000e+02;-8.0444001e-02;2.9750000e+02;-1.3146061e-01;2.9750000e+02;-6.8281218e-02;2.9750000e+02;-2.7506720e-02;2.9750000e+02;3.4759492e-02;2.9750000e+02;1.1924373e-01;2.9750000e+02;2.1821608e-01;2.9750000e+02;3.1121898e-01;2.9750000e+02;3.5463166e-01;2.9750000e+02;3.5637656e-01;2.9750000e+02;3.3778375e-01;2.9750000e+02;2.7482355e-01;2.9750000e+02;2.0311108e-01;2.9750000e+02;1.5352526e-01;2.9750000e+02;1.0587366e-01;2.9750000e+02;5.8686033e-02;2.9750000e+02;1.1829179e-02;2.9750000e+02;-3.4251057e-02;2.9750000e+02;-8.0444001e-02;2.9750000e+02;-1.3146061e-01;2.9750000e+02;-6.8281218e-02;2.9750000e+02;-2.7506720e-02;2.9750000e+02;3.4759492e-02;2.9750000e+02;1.1924373e-01;2.9750000e+02;2.1821608e-01;2.9750000e+02;3.1121898e-01;2.9750000e+02;3.5463166e-01;2.9750000e+02;3.5637656e-01;2.9750000e+02;3.3778375e-01;2.9750000e+02;2.7482355e-01;2.9750000e+02;2.0311108e-01;2.9750000e+02;1.5352526e-01;2.9750000e+02;1.0587366e-01;2.9750000e+02;5.8686033e-02;2.9750000e+02;1.1829179e-02;2.9750000e+02;-3.4251057e-02;2.9750000e+02;-8.0444001e-02;2.9750000e+02;-1.3146061e-01;2.9750000e+02;-6.8281218e-02;2.9750000e+02;-2.7506720e-02;2.9750000e+02;3.4759492e-02;2.9750000e+02;1.1924373e-01;2.9750000e+02;2.1821608e-01;2.9750000e+02;3.1121898e-01;2.9750000e+02;3.5463166e-01;2.9750000e+02;3.5637656e-01;2.9750000e+02;3.3778375e-01;2.9750000e+02;2.7482355e-01;2.9750000e+02;2.0311108e-01;2.9750000e+02;1.5352526e-01;2.9750000e+02;1.0587366e-01;2.9750000e+02;5.8686033e-02;2.9750000e+02;1.1829179e-02;2.9750000e+02;-3.4251057e-02;2.9750000e+02;-8.0444001e-02;2.9750000e+02;-1.3146061e-01;2.9750000e+02;-6.8281218e-02;2.9750000e+02;-2.7506720e-02;2.9750000e+02;3.4759492e-02;2.9750000e+02;1.1924373e-01;2.9750000e+02;2.1821608e-01;2.9750000e+02;3.1121898e-01;2.9750000e+02;3.5463166e-01;2.9750000e+02;3.5637656e-01;2.9750000e+02;3.3778375e-01;2.9750000e+02;2.7482355e-01;2.9750000e+02;2.0311108e-01;2.9750000e+02;1.5352526e-01;2.9750000e+02;1.0587366e-01;2.9750000e+02;5.8686033e-02;2.9750000e+02;1.1829179e-02;2.9750000e+02;-3.4251057e-02;2.9750000e+02;-8.0444001e-02;2.9750000e+02;-1.3146061e-01;2.9750000e+02;-6.8281218e-02;2.9750000e+02;-2.7506720e-02;2.9750000e+02;3.4759492e-02;2.9750000e+02;1.1924373e-01;2.9750000e+02;2.1821608e-01;2.9750000e+02;3.1121898e-01;2.9750000e+02;3.5463166e-01;2.9750000e+02;3.5637656e-01;2.9750000e+02;3.3778375e-01;2.9750000e+02;2.7482355e-01;2.9750000e+02;2.0311108e-01;2.9750000e+02;1.5352526e-01;2.9750000e+02;1.0587366e-01;2.9750000e+02;5.8686033e-02;2.9750000e+02;1.1829179e-02;2.9750000e+02;-3.4251057e-02;2.9750000e+02;-8.0444001e-02;2.9750000e+02;-1.3146061e-01;2.9750000e+02;-6.8281218e-02;2.9750000e+02;-2.7506720e-02;2.9750000e+02;3.4759492e-02;2.9750000e+02;1.1924373e-01;2.9750000e+02;2.1821608e-01;2.9750000e+02;3.1121898e-01;2.9750000e+02;3.5463166e-01;2.9750000e+02;3.5637656e-01;2.9750000e+02;3.3778375e-01;2.9750000e+02;2.7482355e-01;2.9750000e+02;2.0311108e-01;2.9750000e+02;1.5352526e-01;2.9750000e+02;1.0587366e-01;2.9750000e+02;5.8686033e-02;2.9750000e+02;1.1829179e-02;2.9750000e+02;-3.4251057e-02;2.9750000e+02;-8.0444001e-02;2.9750000e+02;-1.3146061e-01;2.9750000e+02;-6.8281218e-02;2.9750000e+02;-2.7506720e-02;2.9750000e+02;3.4759492e-02;2.9750000e+02;1.1924373e-01;2.9750000e+02;2.1821608e-01;2.9750000e+02;3.1121898e-01;2.9750000e+02;3.5463166e-01;2.9750000e+02;3.5637656e-01;2.9750000e+02;3.3778375e-01;2.9750000e+02;2.7482355e-01;2.9750000e+02;2.0311108e-01;2.9750000e+02;1.5352526e-01;2.9750000e+02;1.0587366e-01;2.9750000e+02;5.8686033e-02;2.9750000e+02;1.1829179e-02;2.9750000e+02;-3.4251057e-02;2.9750000e+02;-8.0444001e-02;2.9750000e+02;-1.3146061e-01;2.9750000e+02;-6.8281218e-02;2.9750000e+02;-2.7506720e-02;2.9750000e+02;3.4759492e-02;2.9750000e+02;1.1924373e-01;2.9750000e+02;2.1821608e-01;2.9750000e+02;3.1121898e-01;2.9750000e+02;3.5463166e-01;2.9750000e+02;3.5637656e-01;2.9750000e+02;3.3778375e-01;2.9750000e+02;2.7482355e-01;2.9750000e+02;2.0311108e-01;2.9750000e+02;1.5352526e-01;2.9750000e+02;1.0587366e-01;2.9750000e+02;5.8686033e-02;2.9750000e+02;1.1829179e-02;2.9750000e+02;-3.4251057e-02;2.9750000e+02;-8.0444001e-02;2.9750000e+02;-1.3146061e-01;2.9750000e+02;-6.8281218e-02;2.9750000e+02;-2.7506720e-02;2.9750000e+02;3.4759492e-02;2.9750000e+02;1.1924373e-01;2.9750000e+02;2.1821608e-01;2.9750000e+02;3.1121898e-01;2.9750000e+02;3.5463166e-01;2.9750000e+02;3.5637656e-01;2.9750000e+02;3.3778375e-01;2.9750000e+02;2.7482355e-01;2.9750000e+02;2.0311108e-01;2.9750000e+02;1.5352526e-01;2.9750000e+02;1.0587366e-01;2.9750000e+02;5.8686033e-02;2.9750000e+02;1.1829179e-02;2.9750000e+02;-3.4251057e-02;2.9750000e+02;-8.0444001e-02;2.9750000e+02;-1.3146061e-01;2.9750000e+02;-6.8281218e-02;2.9750000e+02;-2.7506720e-02;2.9750000e+02;3.4759492e-02;2.9750000e+02;1.1924373e-01;2.9750000e+02;2.1821608e-01;2.9750000e+02;3.1121898e-01;2.9750000e+02;3.5463166e-01;2.9750000e+02;3.5637656e-01;2.9750000e+02;3.3778375e-01;2.9750000e+02;2.7482355e-01;2.9750000e+02;2.0311108e-01;2.9750000e+02;1.5352526e-01;2.9750000e+02;1.0587366e-01;2.9750000e+02;5.8686033e-02;2.9750000e+02;1.1829179e-02;2.9750000e+02;-3.4251057e-02;2.9750000e+02;-8.0444001e-02;2.9750000e+02;-1.3146061e-01;2.9750000e+02;-6.8281218e-02;2.9750000e+02;-2.7506720e-02;2.9750000e+02;3.4759492e-02;2.9750000e+02;1.1924373e-01;2.9750000e+02;2.1821608e-01;2.9750000e+02;3.1121898e-01;2.9750000e+02;3.5463166e-01;2.9750000e+02;3.5637656e-01;2.9750000e+02;3.3778375e-01;2.9750000e+02;2.7482355e-01;2.9750000e+02;2.0311108e-01;2.9750000e+02;1.5352526e-01;2.9750000e+02;1.0587366e-01;2.9750000e+02;5.8686033e-02;2.9750000e+02;1.1829179e-02;2.9750000e+02;-3.4251057e-02;2.9750000e+02;-8.0444001e-02;2.9750000e+02;-1.3146061e-01;2.9750000e+02;-6.8281218e-02;2.9750000e+02;-2.7506720e-02;2.9750000e+02;3.4759492e-02;2.9750000e+02;1.1924373e-01;2.9750000e+02;2.1821608e-01;2.9750000e+02;3.1121898e-01;2.9750000e+02;3.5463166e-01;2.9750000e+02;3.5637656e-01;2.9750000e+02;3.3778375e-01;2.9750000e+02;2.7482355e-01;2.9750000e+02;2.0311108e-01;2.9750000e+02;1.5352526e-01;2.9750000e+02;1.0587366e-01;2.9750000e+02;5.8686033e-02;2.9750000e+02;1.1829179e-02;2.9750000e+02;-3.4251057e-02;2.9750000e+02;-8.0444001e-02;2.9750000e+02;-1.3146061e-01;2.9750000e+02;-6.8281218e-02;2.9750000e+02;-2.7506720e-02;2.9750000e+02;3.4759492e-02;2.9750000e+02;1.1924373e-01;2.9750000e+02;2.1821608e-01;2.9750000e+02;3.1121898e-01;2.9750000e+02;3.5463166e-01;2.9750000e+02;3.5637656e-01;2.9750000e+02;3.3778375e-01;2.9750000e+02;2.7482355e-01;2.9750000e+02;2.0311108e-01;2.9750000e+02;1.5352526e-01;2.9750000e+02;1.0587366e-01;2.9750000e+02;5.8686033e-02;2.9750000e+02;1.1829179e-02;2.9750000e+02;-3.4251057e-02;2.9750000e+02;-8.0444001e-02;2.9750000e+02;-1.3146061e-01;2.9750000e+02;-6.8281218e-02;2.9750000e+02;-2.7506720e-02;2.9750000e+02;3.4759492e-02;2.9750000e+02;1.1924373e-01;2.9750000e+02;2.1821608e-01;2.9750000e+02;3.1121898e-01;2.9750000e+02;3.5463166e-01;2.9750000e+02;3.5637656e-01;2.9750000e+02;3.3778375e-01;2.9750000e+02;2.7482355e-01;2.9750000e+02;2.0311108e-01;2.9750000e+02;1.5352526e-01;2.9750000e+02;1.0587366e-01;2.9750000e+02;5.8686033e-02;2.9750000e+02;1.1829179e-02;2.9750000e+02;-3.4251057e-02;2.9750000e+02;-8.0444001e-02;2.9750000e+02;-1.3146061e-01;2.9750000e+02;-6.8281218e-02;2.9750000e+02;-2.7506720e-02;2.9750000e+02;3.4759492e-02;2.9750000e+02;1.1924373e-01;2.9750000e+02;2.1821608e-01;2.9750000e+02;3.1121898e-01;2.9750000e+02;3.5463166e-01;2.9750000e+02;3.5637656e-01;2.9750000e+02;3.3778375e-01;2.9750000e+02;2.7482355e-01;2.9750000e+02;2.0311108e-01;2.9750000e+02;1.5352526e-01;2.9750000e+02;1.0587366e-01;2.9750000e+02;5.8686033e-02;2.9750000e+02;1.1829179e-02;2.9750000e+02;-3.4251057e-02;2.9750000e+02;-8.0444001e-02;2.9750000e+02;-1.3146061e-01;2.9750000e+02;-6.8281218e-02;2.9750000e+02;-2.7506720e-02;2.9750000e+02;3.4759492e-02;2.9750000e+02;1.1924373e-01;2.9750000e+02;2.1821608e-01;2.9750000e+02;3.1121898e-01;2.9750000e+02;3.5463166e-01;2.9750000e+02;3.5637656e-01;2.9750000e+02;3.3778375e-01;2.9750000e+02;2.7482355e-01;2.9750000e+02;2.0311108e-01;2.9750000e+02;1.5352526e-01;2.9750000e+02;1.0587366e-01;2.9750000e+02;5.8686033e-02;2.9750000e+02;1.1829179e-02;2.9750000e+02;-3.4251057e-02;2.9750000e+02;-8.0444001e-02;2.9750000e+02;-1.3146061e-01;2.9750000e+02;-6.8281218e-02;2.9750000e+02;-2.7506720e-02;2.9750000e+02;3.4759492e-02;2.9750000e+02;1.1924373e-01;2.9750000e+02;2.1821608e-01;2.9750000e+02;3.1121898e-01;2.9750000e+02;3.5463166e-01;2.9750000e+02;3.5637656e-01;2.9750000e+02;3.3778375e-01;2.9750000e+02;2.7482355e-01;2.9750000e+02;2.0311108e-01;2.9750000e+02;1.5352526e-01;2.9750000e+02;1.0587366e-01;2.9750000e+02;5.8686033e-02;2.9750000e+02;1.1829179e-02;2.9750000e+02;-3.4251057e-02;2.9750000e+02;-8.0444001e-02;2.9750000e+02;-1.3146061e-01;2.9750000e+02;-6.8281218e-02;2.9750000e+02;-2.7506720e-02;2.9750000e+02;3.4759492e-02;2.9750000e+02;1.1924373e-01;2.9750000e+02;2.1821608e-01;2.9750000e+02;3.1121898e-01;2.9750000e+02;3.5463166e-01;2.9750000e+02;3.5637656e-01;2.9750000e+02;3.3778375e-01;2.9750000e+02;2.7482355e-01;2.9750000e+02;2.0311108e-01;2.9750000e+02;1.5352526e-01;2.9750000e+02;1.0587366e-01;2.9750000e+02;5.8686033e-02;2.9750000e+02;1.1829179e-02;2.9750000e+02;-3.4251057e-02;2.9750000e+02;-8.0444001e-02;2.9750000e+02;-1.3146061e-01;2.9750000e+02;-6.8281218e-02;2.9750000e+02;-2.7506720e-02;2.9750000e+02;3.4759492e-02;2.9750000e+02;1.1924373e-01;2.9750000e+02;2.1821608e-01;2.9750000e+02;3.1121898e-01;2.9750000e+02;3.5463166e-01;2.9750000e+02;3.5637656e-01;2.9750000e+02;3.3778375e-01;2.9750000e+02;2.7482355e-01;2.9750000e+02;2.0311108e-01;2.9750000e+02;1.5352526e-01;2.9750000e+02;1.0587366e-01;2.9750000e+02;5.8686033e-02;2.9750000e+02;1.1829179e-02;2.9750000e+02;-3.4251057e-02;2.9750000e+02;-8.0444001e-02;2.9750000e+02;-1.3146061e-01;2.9750000e+02;-6.8281218e-02;2.9750000e+02;-2.7506720e-02;2.9750000e+02;3.4759492e-02;2.9750000e+02;1.1924373e-01;2.9750000e+02;2.1821608e-01;2.9750000e+02;3.1121898e-01;2.9750000e+02;3.5463166e-01;2.9750000e+02;3.5637656e-01;2.9750000e+02;3.3778375e-01;2.9750000e+02;2.7482355e-01;2.9750000e+02;2.0311108e-01;2.9750000e+02;1.5352526e-01;2.9750000e+02;1.0587366e-01;2.9750000e+02;5.8686033e-02;2.9750000e+02;1.1829179e-02;2.9750000e+02;-3.4251057e-02;2.9750000e+02;-8.0444001e-02;2.9750000e+02;-1.3146061e-01;2.9750000e+02;-6.8281218e-02;2.9750000e+02;-2.7506720e-02;2.9750000e+02;3.4759492e-02;2.9750000e+02;1.1924373e-01;2.9750000e+02;2.1821608e-01;2.9750000e+02;3.1121898e-01;2.9750000e+02;3.5463166e-01;2.9750000e+02;3.5637656e-01;2.9750000e+02;3.3778375e-01;2.9750000e+02;2.7482355e-01;2.9750000e+02;2.0311108e-01;2.9750000e+02;1.5352526e-01;2.9750000e+02;1.0587366e-01;2.9750000e+02;5.8686033e-02;2.9750000e+02;1.1829179e-02;2.9750000e+02;-3.4251057e-02;2.9750000e+02;-8.0444001e-02;2.9750000e+02;-1.3146061e-01;2.9750000e+02;-6.8281218e-02;2.9750000e+02;-2.7506720e-02;2.9750000e+02;3.4759492e-02;2.9750000e+02;1.1924373e-01;2.9750000e+02;2.1821608e-01;2.9750000e+02;3.1121898e-01;2.9750000e+02;3.5463166e-01;2.9750000e+02;3.5637656e-01;2.9750000e+02;3.3778375e-01;2.9750000e+02;2.7482355e-01;2.9750000e+02;2.0311108e-01;2.9750000e+02;1.5352526e-01;2.9750000e+02;1.0587366e-01;2.9750000e+02;5.8686033e-02;2.9750000e+02;1.1829179e-02;2.9750000e+02;-3.4251057e-02;2.9750000e+02;-8.0444001e-02;2.9750000e+02;-1.3146061e-01;2.9750000e+02;-6.8281218e-02;2.9750000e+02;-2.7506720e-02;2.9750000e+02;3.4759492e-02;2.9750000e+02;1.1924373e-01;2.9750000e+02;2.1821608e-01;2.9750000e+02;3.1121898e-01;2.9750000e+02;3.5463166e-01;2.9750000e+02;3.5637656e-01;2.9750000e+02;3.3778375e-01;2.9750000e+02;2.7482355e-01;2.9750000e+02;2.0311108e-01;2.9750000e+02;1.5352526e-01;2.9750000e+02;1.0587366e-01;2.9750000e+02;5.8686033e-02;2.9750000e+02;1.1829179e-02;2.9750000e+02;-3.4251057e-02;2.9750000e+02;-8.0444001e-02;2.9750000e+02;-1.3146061e-01;2.9750000e+02;-6.8281218e-02;2.9750000e+02;-2.7506720e-02;2.9750000e+02;3.4759492e-02;2.9750000e+02;1.1924373e-01;2.9750000e+02;2.1821608e-01;2.9750000e+02;3.1121898e-01;2.9750000e+02;3.5463166e-01;2.9750000e+02;3.5637656e-01;2.9750000e+02;3.3778375e-01;2.9750000e+02;2.7482355e-01;2.9750000e+02;2.0311108e-01;2.9750000e+02;1.5352526e-01;2.9750000e+02;1.0587366e-01;2.9750000e+02;5.8686033e-02;2.9750000e+02;1.1829179e-02;2.9750000e+02;-3.4251057e-02;2.9750000e+02;-8.0444001e-02;2.9750000e+02;-1.3146061e-01;2.9750000e+02;-6.8281218e-02;2.9750000e+02;-2.7506720e-02;2.9750000e+02;3.4759492e-02;2.9750000e+02;1.1924373e-01;2.9750000e+02;2.1821608e-01;2.9750000e+02;3.1121898e-01;2.9750000e+02;3.5463166e-01;2.9750000e+02;3.5637656e-01;2.9750000e+02;3.3778375e-01;2.9750000e+02;2.7482355e-01;2.9750000e+02;2.0311108e-01;2.9750000e+02;1.5352526e-01;2.9750000e+02;1.0587366e-01;2.9750000e+02;5.8686033e-02;2.9750000e+02;1.1829179e-02;2.9750000e+02;-3.4251057e-02;2.9750000e+02;-8.0444001e-02;2.9750000e+02;-1.3146061e-01;2.9750000e+02;-6.8281218e-02;2.9750000e+02;-2.7506720e-02;2.9750000e+02;3.4759492e-02;2.9750000e+02;1.1924373e-01;2.9750000e+02;2.1821608e-01;2.9750000e+02;3.1121898e-01;2.9750000e+02;3.5463166e-01;2.9750000e+02;3.5637656e-01;2.9750000e+02;3.3778375e-01;2.9750000e+02;2.7482355e-01;2.9750000e+02;2.0311108e-01;2.9750000e+02;1.5352526e-01;2.9750000e+02;1.0587366e-01;2.9750000e+02;5.8686033e-02;2.9750000e+02;1.1829179e-02;2.9750000e+02;-3.4251057e-02;2.9750000e+02;-8.0444001e-02;2.9750000e+02;-1.3146061e-01;2.9750000e+02;-6.8281218e-02;2.9750000e+02;-2.7506720e-02;2.9750000e+02;3.4759492e-02;2.9750000e+02;1.1924373e-01;2.9750000e+02;2.1821608e-01;2.9750000e+02;3.1121898e-01;2.9750000e+02;3.5463166e-01;2.9750000e+02;3.5637656e-01;2.9750000e+02;3.3778375e-01;2.9750000e+02;2.7482355e-01;2.9750000e+02;2.0311108e-01;2.9750000e+02;1.5352526e-01;2.9750000e+02;1.0587366e-01;2.9750000e+02;5.8686033e-02;2.9750000e+02;1.1829179e-02;2.9750000e+02;-3.4251057e-02;2.9750000e+02;-8.0444001e-02;2.9750000e+02;-1.3146061e-01;2.9750000e+02;-6.8281218e-02;2.9750000e+02;-2.7506720e-02;2.9750000e+02;3.4759492e-02;2.9750000e+02;1.1924373e-01;2.9750000e+02;2.1821608e-01;2.9750000e+02;3.1121898e-01;2.9750000e+02;3.5463166e-01;2.9750000e+02;3.5637656e-01;2.9750000e+02;3.3778375e-01;2.9750000e+02;2.7482355e-01;2.9750000e+02;2.0311108e-01;2.9750000e+02;1.5352526e-01;2.9750000e+02;1.0587366e-01;2.9750000e+02;5.8686033e-02;2.9750000e+02;1.1829179e-02;2.9750000e+02;-3.4251057e-02;2.9750000e+02;-8.0444001e-02;2.9750000e+02;-1.3146061e-01;2.9750000e+02;-6.8281218e-02;2.9750000e+02;-2.7506720e-02;2.9750000e+02;3.4759492e-02;2.9750000e+02;1.1924373e-01;2.9750000e+02;2.1821608e-01;2.9750000e+02;3.1121898e-01;2.9750000e+02;3.5463166e-01;2.9750000e+02;3.5637656e-01;2.9750000e+02;3.3778375e-01;2.9750000e+02;2.7482355e-01;2.9750000e+02;2.0311108e-01;2.9750000e+02;1.5352526e-01;2.9750000e+02;1.0587366e-01;2.9750000e+02;5.8686033e-02;2.9750000e+02;1.1829179e-02;2.9750000e+02;-3.4251057e-02;2.9750000e+02;-8.0444001e-02;2.9750000e+02;-1.3146061e-01;2.9750000e+02;-6.8281218e-02;2.9750000e+02;-2.7506720e-02;2.9750000e+02;3.4759492e-02;2.9750000e+02;1.1924373e-01;2.9750000e+02;2.1821608e-01;2.9750000e+02;3.1121898e-01;2.9750000e+02;3.5463166e-01;2.9750000e+02;3.5637656e-01;2.9750000e+02;3.3778375e-01;2.9750000e+02;2.7482355e-01;2.9750000e+02;2.0311108e-01;2.9750000e+02;1.5352526e-01;2.9750000e+02;1.0587366e-01;2.9750000e+02;5.8686033e-02;2.9750000e+02;1.1829179e-02;2.9750000e+02;-3.4251057e-02;2.9750000e+02;-8.0444001e-02;2.9750000e+02;-1.3146061e-01
3.0250000e+02;-7.0186302e-02;3.0250000e+02;-3.0675707e-02;3.0250000e+02;3.2541554e-02;3.0250000e+02;1.1718579e-01;3.0250000e+02;2.1390839e-01;3.0250000e+02;3.0188087e-01;3.0250000e+02;3.4781167e-01;3.0250000e+02;3.6324006e-01;3.0250000e+02;3.5278881e-01;3.0250000e+02;2.8966454e-01;3.0250000e+02;2.0884927e-01;3.0250000e+02;1.5077332e-01;3.0250000e+02;9.7167954e-02;3.0250000e+02;4.7060423e-02;3.0250000e+02;-6.6815317e-04;3.0250000e+02;-5.0027408e-02;3.0250000e+02;-9.6532390e-02;3.0250000e+02;-1.4621750e-01;3.0250000e+02;-7.0186302e-02;3.0250000e+02;-3.0675707e-02;3.0250000e+02;3.2541554e-02;3.0250000e+02;1.1718579e-01;3.0250000e+02;2.1390839e-01;3.0250000e+02;3.0188087e-01;3.0250000e+02;3.4781167e-01;3.0250000e+02;3.6324006e-01;3.0250000e+02;3.5278881e-01;3.0250000e+02;2.8966454e-01;3.0250000e+02;2.0884927e-01;3.0250000e+02;1.5077332e-01;3.0250000e+02;9.7167954e-02;3.0250000e+02;4.7060423e-02;3.0250000e+02;-6.6815317e-04;3.0250000e+02;-5.0027408e-02;3.0250000e+02;-9.6532390e-02;3.0250000e+02;-1.4621750e-01;3.0250000e+02;-7.0186302e-02;3.0250000e+02;-3.0675707e-02;3.0250000e+02;3.2541554e-02;3.0250000e+02;1.1718579e-01;3.0250000e+02;2.1390839e-01;3.0250000e+02;3.0188087e-01;3.0250000e+02;3.4781167e-01;3.0250000e+02;3.6324006e-01;3.0250000e+02;3.5278881e-01;3.0250000e+02;2.8966454e-01;3.0250000e+02;2.0884927e-01;3.0250000e+02;1.5077332e-01;3.0250000e+02;9.7167954e-02;3.0250000e+02;4.7060423e-02;3.0250000e+02;-6.6815317e-04;3.0250000e+02;-5.0027408e-02;3.0250000e+02;-9.6532390e-02;3.0250000e+02;-1.4621750e-01;3.0250000e+02;-7.0186302e-02;3.0250000e+02;-3.0675707e-02;3.0250000e+02;3.2541554e-02;3.0250000e+02;1.1718579e-01;3.0250000e+02;2.1390839e-01;3.0250000e+02;3.0188087e-01;3.0250000e+02;3.4781167e-01;3.0250000e+02;3.6324006e-01;3.0250000e+02;3.5278881e-01;3.0250000e+02;2.8966454e-01;3.0250000e+02;2.0884927e-01;3.0250000e+02;1.5077332e-01;3.0250000e+02;9.7167954e-02;3.0250000e+02;4.7060423e-02;3.0250000e+02;-6.6815317e-04;3.0250000e+02;-5.0027408e-02;3.0250000e+02;-9.6532390e-02;3.0250000e+02;-1.4621750e-01;3.0250000e+02;-7.0186302e-02;3.0250000e+02;-3.0675707e-02;3.0250000e+02;3.2541554e-02;3.0250000e+02;1.1718579e-01;3.0250000e+02;2.1390839e-01;3.0250000e+02;3.0188087e-01;3.0250000e+02;3.4781167e-01;3.0250000e+02;3.6324006e-01;3.0250000e+02;3.5278881e-01;3.0250000e+02;2.8966454e-01;3.0250000e+02;2.0884927e-01;3.0250000e+02;1.5077332e-01;3.0250000e+02;9.7167954e-02;3.0250000e+02;4.7060423e-02;3.0250000e+02;-6.6815317e-04;3.0250000e+02;-5.0027408e-02;3.0250000e+02;-9.6532390e-02;3.0250000e+02;-1.4621750e-01;3.0250000e+02;-7.0186302e-02;3.0250000e+02;-3.0675707e-02;3.0250000e+02;3.2541554e-02;3.0250000e+02;1.1718579e-01;3.0250000e+02;2.1390839e-01;3.0250000e+02;3.0188087e-01;3.0250000e+02;3.4781167e-01;3.0250000e+02;3.6324006e-01;3.0250000e+02;3.5278881e-01;3.0250000e+02;2.8966454e-01;3.0250000e+02;2.0884927e-01;3.0250000e+02;1.5077332e-01;3.0250000e+02;9.7167954e-02;3.0250000e+02;4.7060423e-02;3.0250000e+02;-6.6815317e-04;3.0250000e+02;-5.0027408e-02;3.0250000e+02;-9.6532390e-02;3.0250000e+02;-1.4621750e-01;3.0250000e+02;-7.0186302e-02;3.0250000e+02;-3.0675707e-02;3.0250000e+02;3.2541554e-02;3.0250000e+02;1.1718579e-01;3.0250000e+02;2.1390839e-01;3.0250000e+02;3.0188087e-01;3.0250000e+02;3.4781167e-01;3.0250000e+02;3.6324006e-01;3.0250000e+02;3.5278881e-01;3.0250000e+02;2.8966454e-01;3.0250000e+02;2.0884927e-01;3.0250000e+02;1.5077332e-01;3.0250000e+02;9.7167954e-02;3.0250000e+02;4.7060423e-02;3.0250000e+02;-6.6815317e-04;3.0250000e+02;-5.0027408e-02;3.0250000e+02;-9.6532390e-02;3.0250000e+02;-1.4621750e-01;3.0250000e+02;-7.0186302e-02;3.0250000e+02;-3.0675707e-02;3.0250000e+02;3.2541554e-02;3.0250000e+02;1.1718579e-01;3.0250000e+02;2.1390839e-01;3.0250000e+02;3.0188087e-01;3.0250000e+02;3.4781167e-01;3.0250000e+02;3.6324006e-01;3.0250000e+02;3.5278881e-01;3.0250000e+02;2.8966454e-01;3.0250000e+02;2.0884927e-01;3.0250000e+02;1.5077332e-01;3.0250000e+02;9.7167954e-02;3.0250000e+02;4.7060423e-02;3.0250000e+02;-6.6815317e-04;3.0250000e+02;-5.0027408e-02;3.0250000e+02;-9.6532390e-02;3.0250000e+02;-1.4621750e-01;3.0250000e+02;-7.0186302e-02;3.0250000e+02;-3.0675707e-02;3.0250000e+02;3.2541554e-02;3.0250000e+02;1.1718579e-01;3.0250000e+02;2.1390839e-01;3.0250000e+02;3.0188087e-01;3.0250000e+02;3.4781167e-01;3.0250000e+02;3.6324006e-01;3.0250000e+02;3.5278881e-01;3.0250000e+02;2.8966454e-01;3.0250000e+02;2.0884927e-01;3.0250000e+02;1.5077332e-01;3.0250000e+02;9.7167954e-02;3.0250000e+02;4.7060423e-02;3.0250000e+02;-6.6815317e-04;3.0250000e+02;-5.0027408e-02;3.0250000e+02;-9.6532390e-02;3.0250000e+02;-1.4621750e-01;3.0250000e+02;-7.0186302e-02;3.0250000e+02;-3.0675707e-02;3.0250000e+02;3.2541554e-02;3.0250000e+02;1.1718579e-01;3.0250000e+02;2.1390839e-01;3.0250000e+02;3.0188087e-01;3.0250000e+02;3.4781167e-01;3.0250000e+02;3.6324006e-01;3.0250000e+02;3.5278881e-01;3.0250000e+02;2.8966454e-01;3.0250000e+02;2.0884927e-01;3.0250000e+02;1.5077332e-01;3.0250000e+02;9.7167954e-02;3.0250000e+02;4.7060423e-02;3.0250000e+02;-6.6815317e-04;3.0250000e+02;-5.0027408e-02;3.0250000e+02;-9.6532390e-02;3.0250000e+02;-1.4621750e-01;3.0250000e+02;-7.0186302e-02;3.0250000e+02;-3.0675707e-02;3.0250000e+02;3.2541554e-02;3.0250000e+02;1.1718579e-01;3.0250000e+02;2.1390839e-01;3.0250000e+02;3.0188087e-01;3.0250000e+02;3.4781167e-01;3.0250000e+02;3.6324006e-01;3.0250000e+02;3.5278881e-01;3.0250000e+02;2.8966454e-01;3.0250000e+02;2.0884927e-01;3.0250000e+02;1.5077332e-01;3.0250000e+02;9.7167954e-02;3.0250000e+02;4.7060423e-02;3.0250000e+02;-6.6815317e-04;3.0250000e+02;-5.0027408e-02;3.0250000e+02;-9.6532390e-02;3.0250000e+02;-1.4621750e-01;3.0250000e+02;-7.0186302e-02;3.0250000e+02;-3.0675707e-02;3.0250000e+02;3.2541554e-02;3.0250000e+02;1.1718579e-01;3.0250000e+02;2.1390839e-01;3.0250000e+02;3.0188087e-01;3.0250000e+02;3.4781167e-01;3.0250000e+02;3.6324006e-01;3.0250000e+02;3.5278881e-01;3.0250000e+02;2.8966454e-01;3.0250000e+02;2.0884927e-01;3.0250000e+02;1.5077332e-01;3.0250000e+02;9.7167954e-02;3.0250000e+02;4.7060423e-02;3.0250000e+02;-6.6815317e-04;3.0250000e+02;-5.0027408e-02;3.0250000e+02;-9.6532390e-02;3.0250000e+02;-1.4621750e-01;3.0250000e+02;-7.0186302e-02;3.0250000e+02;-3.0675707e-02;3.0250000e+02;3.2541554e-02;3.0250000e+02;1.1718579e-01;3.0250000e+02;2.1390839e-01;3.0250000e+02;3.0188087e-01;3.0250000e+02;3.4781167e-01;3.0250000e+02;3.6324006e-01;3.0250000e+02;3.5278881e-01;3.0250000e+02;2.8966454e-01;3.0250000e+02;2.0884927e-01;3.0250000e+02;1.5077332e-01;3.0250000e+02;9.7167954e-02;3.0250000e+02;4.7060423e-02;3.0250000e+02;-6.6815317e-04;3.0250000e+02;-5.0027408e-02;3.0250000e+02;-9.6532390e-02;3.0250000e+02;-1.4621750e-01;3.0250000e+02;-7.0186302e-02;3.0250000e+02;-3.0675707e-02;3.0250000e+02;3.2541554e-02;3.0250000e+02;1.1718579e-01;3.0250000e+02;2.1390839e-01;3.0250000e+02;3.0188087e-01;3.0250000e+02;3.4781167e-01;3.0250000e+02;3.6324006e-01;3.0250000e+02;3.5278881e-01;3.0250000e+02;2.8966454e-01;3.0250000e+02;2.0884927e-01;3.0250000e+02;1.5077332e-01;3.0250000e+02;9.7167954e-02;3.0250000e+02;4.7060423e-02;3.0250000e+02;-6.6815317e-04;3.0250000e+02;-5.0027408e-02;3.0250000e+02;-9.6532390e-02;3.0250000e+02;-1.4621750e-01;3.0250000e+02;-7.0186302e-02;3.0250000e+02;-3.0675707e-02;3.0250000e+02;3.2541554e-02;3.0250000e+02;1.1718579e-01;3.0250000e+02;2.1390839e-01;3.0250000e+02;3.0188087e-01;3.0250000e+02;3.4781167e-01;3.0250000e+02;3.6324006e-01;3.0250000e+02;3.5278881e-01;3.0250000e+02;2.8966454e-01;3.0250000e+02;2.0884927e-01;3.0250000e+02;1.5077332e-01;3.0250000e+02;9.7167954e-02;3.0250000e+02;4.7060423e-02;3.0250000e+02;-6.6815317e-04;3.0250000e+02;-5.0027408e-02;3.0250000e+02;-9.6532390e-02;3.0250000e+02;-1.4621750e-01;3.0250000e+02;-7.0186302e-02;3.0250000e+02;-3.0675707e-02;3.0250000e+02;3.2541554e-02;3.0250000e+02;1.1718579e-01;3.0250000e+02;2.1390839e-01;3.0250000e+02;3.0188087e-01;3.0250000e+02;3.4781167e-01;3.0250000e+02;3.6324006e-01;3.0250000e+02;3.5278881e-01;3.0250000e+02;2.8966454e-01;3.0250000e+02;2.0884927e-01;3.0250000e+02;1.5077332e-01;3.0250000e+02;9.7167954e-02;3.0250000e+02;4.7060423e-02;3.0250000e+02;-6.6815317e-04;3.0250000e+02;-5.0027408e-02;3.0250000e+02;-9.6532390e-02;3.0250000e+02;-1.4621750e-01;3.0250000e+02;-7.0186302e-02;3.0250000e+02;-3.0675707e-02;3.0250000e+02;3.2541554e-02;3.0250000e+02;1.1718579e-01;3.0250000e+02;2.1390839e-01;3.0250000e+02;3.0188087e-01;3.0250000e+02;3.4781167e-01;3.0250000e+02;3.6324006e-01;3.0250000e+02;3.5278881e-01;3.0250000e+02;2.8966454e-01;3.0250000e+02;2.0884927e-01;3.0250000e+02;1.5077332e-01;3.0250000e+02;9.7167954e-02;3.0250000e+02;4.7060423e-02;3.0250000e+02;-6.6815317e-04;3.0250000e+02;-5.0027408e-02;3.0250000e+02;-9.6532390e-02;3.0250000e+02;-1.4621750e-01;3.0250000e+02;-7.0186302e-02;3.0250000e+02;-3.0675707e-02;3.0250000e+02;3.2541554e-02;3.0250000e+02;1.1718579e-01;3.0250000e+02;2.1390839e-01;3.0250000e+02;3.0188087e-01;3.0250000e+02;3.4781167e-01;3.0250000e+02;3.6324006e-01;3.0250000e+02;3.5278881e-01;3.0250000e+02;2.8966454e-01;3.0250000e+02;2.0884927e-01;3.0250000e+02;1.5077332e-01;3.0250000e+02;9.7167954e-02;3.0250000e+02;4.7060423e-02;3.0250000e+02;-6.6815317e-04;3.0250000e+02;-5.0027408e-02;3.0250000e+02;-9.6532390e-02;3.0250000e+02;-1.4621750e-01;3.0250000e+02;-7.0186302e-02;3.0250000e+02;-3.0675707e-02;3.0250000e+02;3.2541554e-02;3.0250000e+02;1.1718579e-01;3.0250000e+02;2.1390839e-01;3.0250000e+02;3.0188087e-01;3.0250000e+02;3.4781167e-01;3.0250000e+02;3.6324006e-01;3.0250000e+02;3.5278881e-01;3.0250000e+02;2.8966454e-01;3.0250000e+02;2.0884927e-01;3.0250000e+02;1.5077332e-01;3.0250000e+02;9.7167954e-02;3.0250000e+02;4.7060423e-02;3.0250000e+02;-6.6815317e-04;3.0250000e+02;-5.0027408e-02;3.0250000e+02;-9.6532390e-02;3.0250000e+02;-1.4621750e-01;3.0250000e+02;-7.0186302e-02;3.0250000e+02;-3.0675707e-02;3.0250000e+02;3.2541554e-02;3.0250000e+02;1.1718579e-01;3.0250000e+02;2.1390839e-01;3.0250000e+02;3.0188087e-01;3.0250000e+02;3.4781167e-01;3.0250000e+02;3.6324006e-01;3.0250000e+02;3.5278881e-01;3.0250000e+02;2.8966454e-01;3.0250000e+02;2.0884927e-01;3.0250000e+02;1.5077332e-01;3.0250000e+02;9.7167954e-02;3.0250000e+02;4.7060423e-02;3.0250000e+02;-6.6815317e-04;3.0250000e+02;-5.0027408e-02;3.0250000e+02;-9.6532390e-02;3.0250000e+02;-1.4621750e-01;3.0250000e+02;-7.0186302e-02;3.0250000e+02;-3.0675707e-02;3.0250000e+02;3.2541554e-02;3.0250000e+02;1.1718579e-01;3.0250000e+02;2.1390839e-01;3.0250000e+02;3.0188087e-01;3.0250000e+02;3.4781167e-01;3.0250000e+02;3.6324006e-01;3.0250000e+02;3.5278881e-01;3.0250000e+02;2.8966454e-01;3.0250000e+02;2.0884927e-01;3.0250000e+02;1.5077332e-01;3.0250000e+02;9.7167954e-02;3.0250000e+02;4.7060423e-02;3.0250000e+02;-6.6815317e-04;3.0250000e+02;-5.0027408e-02;3.0250000e+02;-9.6532390e-02;3.0250000e+02;-1.4621750e-01;3.0250000e+02;-7.0186302e-02;3.0250000e+02;-3.0675707e-02;3.0250000e+02;3.2541554e-02;3.0250000e+02;1.1718579e-01;3.0250000e+02;2.1390839e-01;3.0250000e+02;3.0188087e-01;3.0250000e+02;3.4781167e-01;3.0250000e+02;3.6324006e-01;3.0250000e+02;3.5278881e-01;3.0250000e+02;2.8966454e-01;3.0250000e+02;2.0884927e-01;3.0250000e+02;1.5077332e-01;3.0250000e+02;9.7167954e-02;3.0250000e+02;4.7060423e-02;3.0250000e+02;-6.6815317e-04;3.0250000e+02;-5.0027408e-02;3.0250000e+02;-9.6532390e-02;3.0250000e+02;-1.4621750e-01;3.0250000e+02;-7.0186302e-02;3.0250000e+02;-3.0675707e-02;3.0250000e+02;3.2541554e-02;3.0250000e+02;1.1718579e-01;3.0250000e+02;2.1390839e-01;3.0250000e+02;3.0188087e-01;3.0250000e+02;3.4781167e-01;3.0250000e+02;3.6324006e-01;3.0250000e+02;3.5278881e-01;3.0250000e+02;2.8966454e-01;3.0250000e+02;2.0884927e-01;3.0250000e+02;1.5077332e-01;3.0250000e+02;9.7167954e-02;3.0250000e+02;4.7060423e-02;3.0250000e+02;-6.6815317e-04;3.0250000e+02;-5.0027408e-02;3.0250000e+02;-9.6532390e-02;3.0250000e+02;-1.4621750e-01;3.0250000e+02;-7.0186302e-02;3.0250000e+02;-3.0675707e-02;3.0250000e+02;3.2541554e-02;3.0250000e+02;1.1718579e-01;3.0250000e+02;2.1390839e-01;3.0250000e+02;3.0188087e-01;3.0250000e+02;3.4781167e-01;3.0250000e+02;3.6324006e-01;3.0250000e+02;3.5278881e-01;3.0250000e+02;2.8966454e-01;3.0250000e+02;2.0884927e-01;3.0250000e+02;1.5077332e-01;3.0250000e+02;9.7167954e-02;3.0250000e+02;4.7060423e-02;3.0250000e+02;-6.6815317e-04;3.0250000e+02;-5.0027408e-02;3.0250000e+02;-9.6532390e-02;3.0250000e+02;-1.4621750e-01;3.0250000e+02;-7.0186302e-02;3.0250000e+02;-3.0675707e-02;3.0250000e+02;3.2541554e-02;3.0250000e+02;1.1718579e-01;3.0250000e+02;2.1390839e-01;3.0250000e+02;3.0188087e-01;3.0250000e+02;3.4781167e-01;3.0250000e+02;3.6324006e-01;3.0250000e+02;3.5278881e-01;3.0250000e+02;2.8966454e-01;3.0250000e+02;2.0884927e-01;3.0250000e+02;1.5077332e-01;3.0250000e+02;9.7167954e-02;3.0250000e+02;4.7060423e-02;3.0250000e+02;-6.6815317e-04;3.0250000e+02;-5.0027408e-02;3.0250000e+02;-9.6532390e-02;3.0250000e+02;-1.4621750e-01;3.0250000e+02;-7.0186302e-02;3.0250000e+02;-3.0675707e-02;3.0250000e+02;3.2541554e-02;3.0250000e+02;1.1718579e-01;3.0250000e+02;2.1390839e-01;3.0250000e+02;3.0188087e-01;3.0250000e+02;3.4781167e-01;3.0250000e+02;3.6324006e-01;3.0250000e+02;3.5278881e-01;3.0250000e+02;2.8966454e-01;3.0250000e+02;2.0884927e-01;3.0250000e+02;1.5077332e-01;3.0250000e+02;9.7167954e-02;3.0250000e+02;4.7060423e-02;3.0250000e+02;-6.6815317e-04;3.0250000e+02;-5.0027408e-02;3.0250000e+02;-9.6532390e-02;3.0250000e+02;-1.4621750e-01;3.0250000e+02;-7.0186302e-02;3.0250000e+02;-3.0675707e-02;3.0250000e+02;3.2541554e-02;3.0250000e+02;1.1718579e-01;3.0250000e+02;2.1390839e-01;3.0250000e+02;3.0188087e-01;3.0250000e+02;3.4781167e-01;3.0250000e+02;3.6324006e-01;3.0250000e+02;3.5278881e-01;3.0250000e+02;2.8966454e-01;3.0250000e+02;2.0884927e-01;3.0250000e+02;1.5077332e-01;3.0250000e+02;9.7167954e-02;3.0250000e+02;4.7060423e-02;3.0250000e+02;-6.6815317e-04;3.0250000e+02;-5.0027408e-02;3.0250000e+02;-9.6532390e-02;3.0250000e+02;-1.4621750e-01;3.0250000e+02;-7.0186302e-02;3.0250000e+02;-3.0675707e-02;3.0250000e+02;3.2541554e-02;3.0250000e+02;1.1718579e-01;3.0250000e+02;2.1390839e-01;3.0250000e+02;3.0188087e-01;3.0250000e+02;3.4781167e-01;3.0250000e+02;3.6324006e-01;3.0250000e+02;3.5278881e-01;3.0250000e+02;2.8966454e-01;3.0250000e+02;2.0884927e-01;3.0250000e+02;1.5077332e-01;3.0250000e+02;9.7167954e-02;3.0250000e+02;4.7060423e-02;3.0250000e+02;-6.6815317e-04;3.0250000e+02;-5.0027408e-02;3.0250000e+02;-9.6532390e-02;3.0250000e+02;-1.4621750e-01;3.0250000e+02;-7.0186302e-02;3.0250000e+02;-3.0675707e-02;3.0250000e+02;3.2541554e-02;3.0250000e+02;1.1718579e-01;3.0250000e+02;2.1390839e-01;3.0250000e+02;3.0188087e-01;3.0250000e+02;3.4781167e-01;3.0250000e+02;3.6324006e-01;3.0250000e+02;3.5278881e-01;3.0250000e+02;2.8966454e-01;3.0250000e+02;2.0884927e-01;3.0250000e+02;1.5077332e-01;3.0250000e+02;9.7167954e-02;3.0250000e+02;4.7060423e-02;3.0250000e+02;-6.6815317e-04;3.0250000e+02;-5.0027408e-02;3.0250000e+02;-9.6532390e-02;3.0250000e+02;-1.4621750e-01;3.0250000e+02;-7.0186302e-02;3.0250000e+02;-3.0675707e-02;3.0250000e+02;3.2541554e-02;3.0250000e+02;1.1718579e-01;3.0250000e+02;2.1390839e-01;3.0250000e+02;3.0188087e-01;3.0250000e+02;3.4781167e-01;3.0250000e+02;3.6324006e-01;3.0250000e+02;3.5278881e-01;3.0250000e+02;2.8966454e-01;3.0250000e+02;2.0884927e-01;3.0250000e+02;1.5077332e-01;3.0250000e+02;9.7167954e-02;3.0250000e+02;4.7060423e-02;3.0250000e+02;-6.6815317e-04;3.0250000e+02;-5.0027408e-02;3.0250000e+02;-9.6532390e-02;3.0250000e+02;-1.4621750e-01;3.0250000e+02;-7.0186302e-02;3.0250000e+02;-3.0675707e-02;3.0250000e+02;3.2541554e-02;3.0250000e+02;1.1718579e-01;3.0250000e+02;2.1390839e-01;3.0250000e+02;3.0188087e-01;3.0250000e+02;3.4781167e-01;3.0250000e+02;3.6324006e-01;3.0250000e+02;3.5278881e-01;3.0250000e+02;2.8966454e-01;3.0250000e+02;2.0884927e-01;3.0250000e+02;1.5077332e-01;3.0250000e+02;9.7167954e-02;3.0250000e+02;4.7060423e-02;3.0250000e+02;-6.6815317e-04;3.0250000e+02;-5.0027408e-02;3.0250000e+02;-9.6532390e-02;3.0250000e+02;-1.4621750e-01;3.0250000e+02;-7.0186302e-02;3.0250000e+02;-3.0675707e-02;3.0250000e+02;3.2541554e-02;3.0250000e+02;1.1718579e-01;3.0250000e+02;2.1390839e-01;3.0250000e+02;3.0188087e-01;3.0250000e+02;3.4781167e-01;3.0250000e+02;3.6324006e-01;3.0250000e+02;3.5278881e-01;3.0250000e+02;2.8966454e-01;3.0250000e+02;2.0884927e-01;3.0250000e+02;1.5077332e-01;3.0250000e+02;9.7167954e-02;3.0250000e+02;4.7060423e-02;3.0250000e+02;-6.6815317e-04;3.0250000e+02;-5.0027408e-02;3.0250000e+02;-9.6532390e-02;3.0250000e+02;-1.4621750e-01;3.0250000e+02;-7.0186302e-02;3.0250000e+02;-3.0675707e-02;3.0250000e+02;3.2541554e-02;3.0250000e+02;1.1718579e-01;3.0250000e+02;2.1390839e-01;3.0250000e+02;3.0188087e-01;3.0250000e+02;3.4781167e-01;3.0250000e+02;3.6324006e-01;3.0250000e+02;3.5278881e-01;3.0250000e+02;2.8966454e-01;3.0250000e+02;2.0884927e-01;3.0250000e+02;1.5077332e-01;3.0250000e+02;9.7167954e-02;3.0250000e+02;4.7060423e-02;3.0250000e+02;-6.6815317e-04;3.0250000e+02;-5.0027408e-02;3.0250000e+02;-9.6532390e-02;3.0250000e+02;-1.4621750e-01;3.0250000e+02;-7.0186302e-02;3.0250000e+02;-3.0675707e-02;3.0250000e+02;3.2541554e-02;3.0250000e+02;1.1718579e-01;3.0250000e+02;2.1390839e-01;3.0250000e+02;3.0188087e-01;3.0250000e+02;3.4781167e-01;3.0250000e+02;3.6324006e-01;3.0250000e+02;3.5278881e-01;3.0250000e+02;2.8966454e-01;3.0250000e+02;2.0884927e-01;3.0250000e+02;1.5077332e-01;3.0250000e+02;9.7167954e-02;3.0250000e+02;4.7060423e-02;3.0250000e+02;-6.6815317e-04;3.0250000e+02;-5.0027408e-02;3.0250000e+02;-9.6532390e-02;3.0250000e+02;-1.4621750e-01;3.0250000e+02;-7.0186302e-02;3.0250000e+02;-3.0675707e-02;3.0250000e+02;3.2541554e-02;3.0250000e+02;1.1718579e-01;3.0250000e+02;2.1390839e-01;3.0250000e+02;3.0188087e-01;3.0250000e+02;3.4781167e-01;3.0250000e+02;3.6324006e-01;3.0250000e+02;3.5278881e-01;3.0250000e+02;2.8966454e-01;3.0250000e+02;2.0884927e-01;3.0250000e+02;1.5077332e-01;3.0250000e+02;9.7167954e-02;3.0250000e+02;4.7060423e-02;3.0250000e+02;-6.6815317e-04;3.0250000e+02;-5.0027408e-02;3.0250000e+02;-9.6532390e-02;3.0250000e+02;-1.4621750e-01;3.0250000e+02;-7.0186302e-02;3.0250000e+02;-3.0675707e-02;3.0250000e+02;3.2541554e-02;3.0250000e+02;1.1718579e-01;3.0250000e+02;2.1390839e-01;3.0250000e+02;3.0188087e-01;3.0250000e+02;3.4781167e-01;3.0250000e+02;3.6324006e-01;3.0250000e+02;3.5278881e-01;3.0250000e+02;2.8966454e-01;3.0250000e+02;2.0884927e-01;3.0250000e+02;1.5077332e-01;3.0250000e+02;9.7167954e-02;3.0250000e+02;4.7060423e-02;3.0250000e+02;-6.6815317e-04;3.0250000e+02;-5.0027408e-02;3.0250000e+02;-9.6532390e-02;3.0250000e+02;-1.4621750e-01;3.0250000e+02;-7.0186302e-02;3.0250000e+02;-3.0675707e-02;3.0250000e+02;3.2541554e-02;3.0250000e+02;1.1718579e-01;3.0250000e+02;2.1390839e-01;3.0250000e+02;3.0188087e-01;3.0250000e+02;3.4781167e-01;3.0250000e+02;3.6324006e-01;3.0250000e+02;3.5278881e-01;3.0250000e+02;2.8966454e-01;3.0250000e+02;2.0884927e-01;3.0250000e+02;1.5077332e-01;3.0250000e+02;9.7167954e-02;3.0250000e+02;4.7060423e-02;3.0250000e+02;-6.6815317e-04;3.0250000e+02;-5.0027408e-02;3.0250000e+02;-9.6532390e-02;3.0250000e+02;-1.4621750e-01;3.0250000e+02;-7.0186302e-02;3.0250000e+02;-3.0675707e-02;3.0250000e+02;3.2541554e-02;3.0250000e+02;1.1718579e-01;3.0250000e+02;2.1390839e-01;3.0250000e+02;3.0188087e-01;3.0250000e+02;3.4781167e-01;3.0250000e+02;3.6324006e-01;3.0250000e+02;3.5278881e-01;3.0250000e+02;2.8966454e-01;3.0250000e+02;2.0884927e-01;3.0250000e+02;1.5077332e-01;3.0250000e+02;9.7167954e-02;3.0250000e+02;4.7060423e-02;3.0250000e+02;-6.6815317e-04;3.0250000e+02;-5.0027408e-02;3.0250000e+02;-9.6532390e-02;3.0250000e+02;-1.4621750e-01;3.0250000e+02;-7.0186302e-02;3.0250000e+02;-3.0675707e-02;3.0250000e+02;3.2541554e-02;3.0250000e+02;1.1718579e-01;3.0250000e+02;2.1390839e-01;3.0250000e+02;3.0188087e-01;3.0250000e+02;3.4781167e-01;3.0250000e+02;3.6324006e-01;3.0250000e+02;3.5278881e-01;3.0250000e+02;2.8966454e-01;3.0250000e+02;2.0884927e-01;3.0250000e+02;1.5077332e-01;3.0250000e+02;9.7167954e-02;3.0250000e+02;4.7060423e-02;3.0250000e+02;-6.6815317e-04;3.0250000e+02;-5.0027408e-02;3.0250000e+02;-9.6532390e-02;3.0250000e+02;-1.4621750e-01;3.0250000e+02;-7.0186302e-02;3.0250000e+02;-3.0675707e-02;3.0250000e+02;3.2541554e-02;3.0250000e+02;1.1718579e-01;3.0250000e+02;2.1390839e-01;3.0250000e+02;3.0188087e-01;3.0250000e+02;3.4781167e-01;3.0250000e+02;3.6324006e-01;3.0250000e+02;3.5278881e-01;3.0250000e+02;2.8966454e-01;3.0250000e+02;2.0884927e-01;3.0250000e+02;1.5077332e-01;3.0250000e+02;9.7167954e-02;3.0250000e+02;4.7060423e-02;3.0250000e+02;-6.6815317e-04;3.0250000e+02;-5.0027408e-02;3.0250000e+02;-9.6532390e-02;3.0250000e+02;-1.4621750e-01;3.0250000e+02;-7.0186302e-02;3.0250000e+02;-3.0675707e-02;3.0250000e+02;3.2541554e-02;3.0250000e+02;1.1718579e-01;3.0250000e+02;2.1390839e-01;3.0250000e+02;3.0188087e-01;3.0250000e+02;3.4781167e-01;3.0250000e+02;3.6324006e-01;3.0250000e+02;3.5278881e-01;3.0250000e+02;2.8966454e-01;3.0250000e+02;2.0884927e-01;3.0250000e+02;1.5077332e-01;3.0250000e+02;9.7167954e-02;3.0250000e+02;4.7060423e-02;3.0250000e+02;-6.6815317e-04;3.0250000e+02;-5.0027408e-02;3.0250000e+02;-9.6532390e-02;3.0250000e+02;-1.4621750e-01;3.0250000e+02;-7.0186302e-02;3.0250000e+02;-3.0675707e-02;3.0250000e+02;3.2541554e-02;3.0250000e+02;1.1718579e-01;3.0250000e+02;2.1390839e-01;3.0250000e+02;3.0188087e-01;3.0250000e+02;3.4781167e-01;3.0250000e+02;3.6324006e-01;3.0250000e+02;3.5278881e-01;3.0250000e+02;2.8966454e-01;3.0250000e+02;2.0884927e-01;3.0250000e+02;1.5077332e-01;3.0250000e+02;9.7167954e-02;3.0250000e+02;4.7060423e-02;3.0250000e+02;-6.6815317e-04;3.0250000e+02;-5.0027408e-02;3.0250000e+02;-9.6532390e-02;3.0250000e+02;-1.4621750e-01;3.0250000e+02;-7.0186302e-02;3.0250000e+02;-3.0675707e-02;3.0250000e+02;3.2541554e-02;3.0250000e+02;1.1718579e-01;3.0250000e+02;2.1390839e-01;3.0250000e+02;3.0188087e-01;3.0250000e+02;3.4781167e-01;3.0250000e+02;3.6324006e-01;3.0250000e+02;3.5278881e-01;3.0250000e+02;2.8966454e-01;3.0250000e+02;2.0884927e-01;3.0250000e+02;1.5077332e-01;3.0250000e+02;9.7167954e-02;3.0250000e+02;4.7060423e-02;3.0250000e+02;-6.6815317e-04;3.0250000e+02;-5.0027408e-02;3.0250000e+02;-9.6532390e-02;3.0250000e+02;-1.4621750e-01;3.0250000e+02;-7.0186302e-02;3.0250000e+02;-3.0675707e-02;3.0250000e+02;3.2541554e-02;3.0250000e+02;1.1718579e-01;3.0250000e+02;2.1390839e-01;3.0250000e+02;3.0188087e-01;3.0250000e+02;3.4781167e-01;3.0250000e+02;3.6324006e-01;3.0250000e+02;3.5278881e-01;3.0250000e+02;2.8966454e-01;3.0250000e+02;2.0884927e-01;3.0250000e+02;1.5077332e-01;3.0250000e+02;9.7167954e-02;3.0250000e+02;4.7060423e-02;3.0250000e+02;-6.6815317e-04;3.0250000e+02;-5.0027408e-02;3.0250000e+02;-9.6532390e-02;3.0250000e+02;-1.4621750e-01;3.0250000e+02;-7.0186302e-02;3.0250000e+02;-3.0675707e-02;3.0250000e+02;3.2541554e-02;3.0250000e+02;1.1718579e-01;3.0250000e+02;2.1390839e-01;3.0250000e+02;3.0188087e-01;3.0250000e+02;3.4781167e-01;3.0250000e+02;3.6324006e-01;3.0250000e+02;3.5278881e-01;3.0250000e+02;2.8966454e-01;3.0250000e+02;2.0884927e-01;3.0250000e+02;1.5077332e-01;3.0250000e+02;9.7167954e-02;3.0250000e+02;4.7060423e-02;3.0250000e+02;-6.6815317e-04;3.0250000e+02;-5.0027408e-02;3.0250000e+02;-9.6532390e-02;3.0250000e+02;-1.4621750e-01;3.0250000e+02;-7.0186302e-02;3.0250000e+02;-3.0675707e-02;3.0250000e+02;3.2541554e-02;3.0250000e+02;1.1718579e-01;3.0250000e+02;2.1390839e-01;3.0250000e+02;3.0188087e-01;3.0250000e+02;3.4781167e-01;3.0250000e+02;3.6324006e-01;3.0250000e+02;3.5278881e-01;3.0250000e+02;2.8966454e-01;3.0250000e+02;2.0884927e-01;3.0250000e+02;1.5077332e-01;3.0250000e+02;9.7167954e-02;3.0250000e+02;4.7060423e-02;3.0250000e+02;-6.6815317e-04;3.0250000e+02;-5.0027408e-02;3.0250000e+02;-9.6532390e-02;3.0250000e+02;-1.4621750e-01;3.0250000e+02;-7.0186302e-02;3.0250000e+02;-3.0675707e-02;3.0250000e+02;3.2541554e-02;3.0250000e+02;1.1718579e-01;3.0250000e+02;2.1390839e-01;3.0250000e+02;3.0188087e-01;3.0250000e+02;3.4781167e-01;3.0250000e+02;3.6324006e-01;3.0250000e+02;3.5278881e-01;3.0250000e+02;2.8966454e-01;3.0250000e+02;2.0884927e-01;3.0250000e+02;1.5077332e-01;3.0250000e+02;9.7167954e-02;3.0250000e+02;4.7060423e-02;3.0250000e+02;-6.6815317e-04;3.0250000e+02;-5.0027408e-02;3.0250000e+02;-9.6532390e-02;3.0250000e+02;-1.4621750e-01;3.0250000e+02;-7.0186302e-02;3.0250000e+02;-3.0675707e-02;3.0250000e+02;3.2541554e-02;3.0250000e+02;1.1718579e-01;3.0250000e+02;2.1390839e-01;3.0250000e+02;3.0188087e-01;3.0250000e+02;3.4781167e-01;3.0250000e+02;3.6324006e-01;3.0250000e+02;3.5278881e-01;3.0250000e+02;2.8966454e-01;3.0250000e+02;2.0884927e-01;3.0250000e+02;1.5077332e-01;3.0250000e+02;9.7167954e-02;3.0250000e+02;4.7060423e-02;3.0250000e+02;-6.6815317e-04;3.0250000e+02;-5.0027408e-02;3.0250000e+02;-9.6532390e-02;3.0250000e+02;-1.4621750e-01;3.0250000e+02;-7.0186302e-02;3.0250000e+02;-3.0675707e-02;3.0250000e+02;3.2541554e-02;3.0250000e+02;1.1718579e-01;3.0250000e+02;2.1390839e-01;3.0250000e+02;3.0188087e-01;3.0250000e+02;3.4781167e-01;3.0250000e+02;3.6324006e-01;3.0250000e+02;3.5278881e-01;3.0250000e+02;2.8966454e-01;3.0250000e+02;2.0884927e-01;3.0250000e+02;1.5077332e-01;3.0250000e+02;9.7167954e-02;3.0250000e+02;4.7060423e-02;3.0250000e+02;-6.6815317e-04;3.0250000e+02;-5.0027408e-02;3.0250000e+02;-9.6532390e-02;3.0250000e+02;-1.4621750e-01;3.0250000e+02;-7.0186302e-02;3.0250000e+02;-3.0675707e-02;3.0250000e+02;3.2541554e-02;3.0250000e+02;1.1718579e-01;3.0250000e+02;2.1390839e-01;3.0250000e+02;3.0188087e-01;3.0250000e+02;3.4781167e-01;3.0250000e+02;3.6324006e-01;3.0250000e+02;3.5278881e-01;3.0250000e+02;2.8966454e-01;3.0250000e+02;2.0884927e-01;3.0250000e+02;1.5077332e-01;3.0250000e+02;9.7167954e-02;3.0250000e+02;4.7060423e-02;3.0250000e+02;-6.6815317e-04;3.0250000e+02;-5.0027408e-02;3.0250000e+02;-9.6532390e-02;3.0250000e+02;-1.4621750e-01;3.0250000e+02;-7.0186302e-02;3.0250000e+02;-3.0675707e-02;3.0250000e+02;3.2541554e-02;3.0250000e+02;1.1718579e-01;3.0250000e+02;2.1390839e-01;3.0250000e+02;3.0188087e-01;3.0250000e+02;3.4781167e-01;3.0250000e+02;3.6324006e-01;3.0250000e+02;3.5278881e-01;3.0250000e+02;2.8966454e-01;3.0250000e+02;2.0884927e-01;3.0250000e+02;1.5077332e-01;3.0250000e+02;9.7167954e-02;3.0250000e+02;4.7060423e-02;3.0250000e+02;-6.6815317e-04;3.0250000e+02;-5.0027408e-02;3.0250000e+02;-9.6532390e-02;3.0250000e+02;-1.4621750e-01;3.0250000e+02;-7.0186302e-02;3.0250000e+02;-3.0675707e-02;3.0250000e+02;3.2541554e-02;3.0250000e+02;1.1718579e-01;3.0250000e+02;2.1390839e-01;3.0250000e+02;3.0188087e-01;3.0250000e+02;3.4781167e-01;3.0250000e+02;3.6324006e-01;3.0250000e+02;3.5278881e-01;3.0250000e+02;2.8966454e-01;3.0250000e+02;2.0884927e-01;3.0250000e+02;1.5077332e-01;3.0250000e+02;9.7167954e-02;3.0250000e+02;4.7060423e-02;3.0250000e+02;-6.6815317e-04;3.0250000e+02;-5.0027408e-02;3.0250000e+02;-9.6532390e-02;3.0250000e+02;-1.4621750e-01;3.0250000e+02;-7.0186302e-02;3.0250000e+02;-3.0675707e-02;3.0250000e+02;3.2541554e-02;3.0250000e+02;1.1718579e-01;3.0250000e+02;2.1390839e-01;3.0250000e+02;3.0188087e-01;3.0250000e+02;3.4781167e-01;3.0250000e+02;3.6324006e-01;3.0250000e+02;3.5278881e-01;3.0250000e+02;2.8966454e-01;3.0250000e+02;2.0884927e-01;3.0250000e+02;1.5077332e-01;3.0250000e+02;9.7167954e-02;3.0250000e+02;4.7060423e-02;3.0250000e+02;-6.6815317e-04;3.0250000e+02;-5.0027408e-02;3.0250000e+02;-9.6532390e-02;3.0250000e+02;-1.4621750e-01;3.0250000e+02;-7.0186302e-02;3.0250000e+02;-3.0675707e-02;3.0250000e+02;3.2541554e-02;3.0250000e+02;1.1718579e-01;3.0250000e+02;2.1390839e-01;3.0250000e+02;3.0188087e-01;3.0250000e+02;3.4781167e-01;3.0250000e+02;3.6324006e-01;3.0250000e+02;3.5278881e-01;3.0250000e+02;2.8966454e-01;3.0250000e+02;2.0884927e-01;3.0250000e+02;1.5077332e-01;3.0250000e+02;9.7167954e-02;3.0250000e+02;4.7060423e-02;3.0250000e+02;-6.6815317e-04;3.0250000e+02;-5.0027408e-02;3.0250000e+02;-9.6532390e-02;3.0250000e+02;-1.4621750e-01;3.0250000e+02;-7.0186302e-02;3.0250000e+02;-3.0675707e-02;3.0250000e+02;3.2541554e-02;3.0250000e+02;1.1718579e-01;3.0250000e+02;2.1390839e-01;3.0250000e+02;3.0188087e-01;3.0250000e+02;3.4781167e-01;3.0250000e+02;3.6324006e-01;3.0250000e+02;3.5278881e-01;3.0250000e+02;2.8966454e-01;3.0250000e+02;2.0884927e-01;3.0250000e+02;1.5077332e-01;3.0250000e+02;9.7167954e-02;3.0250000e+02;4.7060423e-02;3.0250000e+02;-6.6815317e-04;3.0250000e+02;-5.0027408e-02;3.0250000e+02;-9.6532390e-02;3.0250000e+02;-1.4621750e-01;3.0250000e+02;-7.0186302e-02;3.0250000e+02;-3.0675707e-02;3.0250000e+02;3.2541554e-02;3.0250000e+02;1.1718579e-01;3.0250000e+02;2.1390839e-01;3.0250000e+02;3.0188087e-01;3.0250000e+02;3.4781167e-01;3.0250000e+02;3.6324006e-01;3.0250000e+02;3.5278881e-01;3.0250000e+02;2.8966454e-01;3.0250000e+02;2.0884927e-01;3.0250000e+02;1.5077332e-01;3.0250000e+02;9.7167954e-02;3.0250000e+02;4.7060423e-02;3.0250000e+02;-6.6815317e-04;3.0250000e+02;-5.0027408e-02;3.0250000e+02;-9.6532390e-02;3.0250000e+02;-1.4621750e-01;3.0250000e+02;-7.0186302e-02;3.0250000e+02;-3.0675707e-02;3.0250000e+02;3.2541554e-02;3.0250000e+02;1.1718579e-01;3.0250000e+02;2.1390839e-01;3.0250000e+02;3.0188087e-01;3.0250000e+02;3.4781167e-01;3.0250000e+02;3.6324006e-01;3.0250000e+02;3.5278881e-01;3.0250000e+02;2.8966454e-01;3.0250000e+02;2.0884927e-01;3.0250000e+02;1.5077332e-01;3.0250000e+02;9.7167954e-02;3.0250000e+02;4.7060423e-02;3.0250000e+02;-6.6815317e-04;3.0250000e+02;-5.0027408e-02;3.0250000e+02;-9.6532390e-02;3.0250000e+02;-1.4621750e-01;3.0250000e+02;-7.0186302e-02;3.0250000e+02;-3.0675707e-02;3.0250000e+02;3.2541554e-02;3.0250000e+02;1.1718579e-01;3.0250000e+02;2.1390839e-01;3.0250000e+02;3.0188087e-01;3.0250000e+02;3.4781167e-01;3.0250000e+02;3.6324006e-01;3.0250000e+02;3.5278881e-01;3.0250000e+02;2.8966454e-01;3.0250000e+02;2.0884927e-01;3.0250000e+02;1.5077332e-01;3.0250000e+02;9.7167954e-02;3.0250000e+02;4.7060423e-02;3.0250000e+02;-6.6815317e-04;3.0250000e+02;-5.0027408e-02;3.0250000e+02;-9.6532390e-02;3.0250000e+02;-1.4621750e-01;3.0250000e+02;-7.0186302e-02;3.0250000e+02;-3.0675707e-02;3.0250000e+02;3.2541554e-02;3.0250000e+02;1.1718579e-01;3.0250000e+02;2.1390839e-01;3.0250000e+02;3.0188087e-01;3.0250000e+02;3.4781167e-01;3.0250000e+02;3.6324006e-01;3.0250000e+02;3.5278881e-01;3.0250000e+02;2.8966454e-01;3.0250000e+02;2.0884927e-01;3.0250000e+02;1.5077332e-01;3.0250000e+02;9.7167954e-02;3.0250000e+02;4.7060423e-02;3.0250000e+02;-6.6815317e-04;3.0250000e+02;-5.0027408e-02;3.0250000e+02;-9.6532390e-02;3.0250000e+02;-1.4621750e-01;3.0250000e+02;-7.0186302e-02;3.0250000e+02;-3.0675707e-02;3.0250000e+02;3.2541554e-02;3.0250000e+02;1.1718579e-01;3.0250000e+02;2.1390839e-01;3.0250000e+02;3.0188087e-01;3.0250000e+02;3.4781167e-01;3.0250000e+02;3.6324006e-01;3.0250000e+02;3.5278881e-01;3.0250000e+02;2.8966454e-01;3.0250000e+02;2.0884927e-01;3.0250000e+02;1.5077332e-01;3.0250000e+02;9.7167954e-02;3.0250000e+02;4.7060423e-02;3.0250000e+02;-6.6815317e-04;3.0250000e+02;-5.0027408e-02;3.0250000e+02;-9.6532390e-02;3.0250000e+02;-1.4621750e-01;3.0250000e+02;-7.0186302e-02;3.0250000e+02;-3.0675707e-02;3.0250000e+02;3.2541554e-02;3.0250000e+02;1.1718579e-01;3.0250000e+02;2.1390839e-01;3.0250000e+02;3.0188087e-01;3.0250000e+02;3.4781167e-01;3.0250000e+02;3.6324006e-01;3.0250000e+02;3.5278881e-01;3.0250000e+02;2.8966454e-01;3.0250000e+02;2.0884927e-01;3.0250000e+02;1.5077332e-01;3.0250000e+02;9.7167954e-02;3.0250000e+02;4.7060423e-02;3.0250000e+02;-6.6815317e-04;3.0250000e+02;-5.0027408e-02;3.0250000e+02;-9.6532390e-02;3.0250000e+02;-1.4621750e-01;3.0250000e+02;-7.0186302e-02;3.0250000e+02;-3.0675707e-02;3.0250000e+02;3.2541554e-02;3.0250000e+02;1.1718579e-01;3.0250000e+02;2.1390839e-01;3.0250000e+02;3.0188087e-01;3.0250000e+02;3.4781167e-01;3.0250000e+02;3.6324006e-01;3.0250000e+02;3.5278881e-01;3.0250000e+02;2.8966454e-01;3.0250000e+02;2.0884927e-01;3.0250000e+02;1.5077332e-01;3.0250000e+02;9.7167954e-02;3.0250000e+02;4.7060423e-02;3.0250000e+02;-6.6815317e-04;3.0250000e+02;-5.0027408e-02;3.0250000e+02;-9.6532390e-02;3.0250000e+02;-1.4621750e-01;3.0250000e+02;-7.0186302e-02;3.0250000e+02;-3.0675707e-02;3.0250000e+02;3.2541554e-02;3.0250000e+02;1.1718579e-01;3.0250000e+02;2.1390839e-01;3.0250000e+02;3.0188087e-01;3.0250000e+02;3.4781167e-01;3.0250000e+02;3.6324006e-01;3.0250000e+02;3.5278881e-01;3.0250000e+02;2.8966454e-01;3.0250000e+02;2.0884927e-01;3.0250000e+02;1.5077332e-01;3.0250000e+02;9.7167954e-02;3.0250000e+02;4.7060423e-02;3.0250000e+02;-6.6815317e-04;3.0250000e+02;-5.0027408e-02;3.0250000e+02;-9.6532390e-02;3.0250000e+02;-1.4621750e-01;3.0250000e+02;-7.0186302e-02;3.0250000e+02;-3.0675707e-02;3.0250000e+02;3.2541554e-02;3.0250000e+02;1.1718579e-01;3.0250000e+02;2.1390839e-01;3.0250000e+02;3.0188087e-01;3.0250000e+02;3.4781167e-01;3.0250000e+02;3.6324006e-01;3.0250000e+02;3.5278881e-01;3.0250000e+02;2.8966454e-01;3.0250000e+02;2.0884927e-01;3.0250000e+02;1.5077332e-01;3.0250000e+02;9.7167954e-02;3.0250000e+02;4.7060423e-02;3.0250000e+02;-6.6815317e-04;3.0250000e+02;-5.0027408e-02;3.0250000e+02;-9.6532390e-02;3.0250000e+02;-1.4621750e-01;3.0250000e+02;-7.0186302e-02;3.0250000e+02;-3.0675707e-02;3.0250000e+02;3.2541554e-02;3.0250000e+02;1.1718579e-01;3.0250000e+02;2.1390839e-01;3.0250000e+02;3.0188087e-01;3.0250000e+02;3.4781167e-01;3.0250000e+02;3.6324006e-01;3.0250000e+02;3.5278881e-01;3.0250000e+02;2.8966454e-01;3.0250000e+02;2.0884927e-01;3.0250000e+02;1.5077332e-01;3.0250000e+02;9.7167954e-02;3.0250000e+02;4.7060423e-02;3.0250000e+02;-6.6815317e-04;3.0250000e+02;-5.0027408e-02;3.0250000e+02;-9.6532390e-02;3.0250000e+02;-1.4621750e-01;3.0250000e+02;-7.0186302e-02;3.0250000e+02;-3.0675707e-02;3.0250000e+02;3.2541554e-02;3.0250000e+02;1.1718579e-01;3.0250000e+02;2.1390839e-01;3.0250000e+02;3.0188087e-01;3.0250000e+02;3.4781167e-01;3.0250000e+02;3.6324006e-01;3.0250000e+02;3.5278881e-01;3.0250000e+02;2.8966454e-01;3.0250000e+02;2.0884927e-01;3.0250000e+02;1.5077332e-01;3.0250000e+02;9.7167954e-02;3.0250000e+02;4.7060423e-02;3.0250000e+02;-6.6815317e-04;3.0250000e+02;-5.0027408e-02;3.0250000e+02;-9.6532390e-02;3.0250000e+02;-1.4621750e-01;3.0250000e+02;-7.0186302e-02;3.0250000e+02;-3.0675707e-02;3.0250000e+02;3.2541554e-02;3.0250000e+02;1.1718579e-01;3.0250000e+02;2.1390839e-01;3.0250000e+02;3.0188087e-01;3.0250000e+02;3.4781167e-01;3.0250000e+02;3.6324006e-01;3.0250000e+02;3.5278881e-01;3.0250000e+02;2.8966454e-01;3.0250000e+02;2.0884927e-01;3.0250000e+02;1.5077332e-01;3.0250000e+02;9.7167954e-02;3.0250000e+02;4.7060423e-02;3.0250000e+02;-6.6815317e-04;3.0250000e+02;-5.0027408e-02;3.0250000e+02;-9.6532390e-02;3.0250000e+02;-1.4621750e-01;3.0250000e+02;-7.0186302e-02;3.0250000e+02;-3.0675707e-02;3.0250000e+02;3.2541554e-02;3.0250000e+02;1.1718579e-01;3.0250000e+02;2.1390839e-01;3.0250000e+02;3.0188087e-01;3.0250000e+02;3.4781167e-01;3.0250000e+02;3.6324006e-01;3.0250000e+02;3.5278881e-01;3.0250000e+02;2.8966454e-01;3.0250000e+02;2.0884927e-01;3.0250000e+02;1.5077332e-01;3.0250000e+02;9.7167954e-02;3.0250000e+02;4.7060423e-02;3.0250000e+02;-6.6815317e-04;3.0250000e+02;-5.0027408e-02;3.0250000e+02;-9.6532390e-02;3.0250000e+02;-1.4621750e-01;3.0250000e+02;-7.0186302e-02;3.0250000e+02;-3.0675707e-02;3.0250000e+02;3.2541554e-02;3.0250000e+02;1.1718579e-01;3.0250000e+02;2.1390839e-01;3.0250000e+02;3.0188087e-01;3.0250000e+02;3.4781167e-01;3.0250000e+02;3.6324006e-01;3.0250000e+02;3.5278881e-01;3.0250000e+02;2.8966454e-01;3.0250000e+02;2.0884927e-01;3.0250000e+02;1.5077332e-01;3.0250000e+02;9.7167954e-02;3.0250000e+02;4.7060423e-02;3.0250000e+02;-6.6815317e-04;3.0250000e+02;-5.0027408e-02;3.0250000e+02;-9.6532390e-02;3.0250000e+02;-1.4621750e-01;3.0250000e+02;-7.0186302e-02;3.0250000e+02;-3.0675707e-02;3.0250000e+02;3.2541554e-02;3.0250000e+02;1.1718579e-01;3.0250000e+02;2.1390839e-01;3.0250000e+02;3.0188087e-01;3.0250000e+02;3.4781167e-01;3.0250000e+02;3.6324006e-01;3.0250000e+02;3.5278881e-01;3.0250000e+02;2.8966454e-01;3.0250000e+02;2.0884927e-01;3.0250000e+02;1.5077332e-01;3.0250000e+02;9.7167954e-02;3.0250000e+02;4.7060423e-02;3.0250000e+02;-6.6815317e-04;3.0250000e+02;-5.0027408e-02;3.0250000e+02;-9.6532390e-02;3.0250000e+02;-1.4621750e-01;3.0250000e+02;-7.0186302e-02;3.0250000e+02;-3.0675707e-02;3.0250000e+02;3.2541554e-02;3.0250000e+02;1.1718579e-01;3.0250000e+02;2.1390839e-01;3.0250000e+02;3.0188087e-01;3.0250000e+02;3.4781167e-01;3.0250000e+02;3.6324006e-01;3.0250000e+02;3.5278881e-01;3.0250000e+02;2.8966454e-01;3.0250000e+02;2.0884927e-01;3.0250000e+02;1.5077332e-01;3.0250000e+02;9.7167954e-02;3.0250000e+02;4.7060423e-02;3.0250000e+02;-6.6815317e-04;3.0250000e+02;-5.0027408e-02;3.0250000e+02;-9.6532390e-02;3.0250000e+02;-1.4621750e-01;3.0250000e+02;-7.0186302e-02;3.0250000e+02;-3.0675707e-02;3.0250000e+02;3.2541554e-02;3.0250000e+02;1.1718579e-01;3.0250000e+02;2.1390839e-01;3.0250000e+02;3.0188087e-01;3.0250000e+02;3.4781167e-01;3.0250000e+02;3.6324006e-01;3.0250000e+02;3.5278881e-01;3.0250000e+02;2.8966454e-01;3.0250000e+02;2.0884927e-01;3.0250000e+02;1.5077332e-01;3.0250000e+02;9.7167954e-02;3.0250000e+02;4.7060423e-02;3.0250000e+02;-6.6815317e-04;3.0250000e+02;-5.0027408e-02;3.0250000e+02;-9.6532390e-02;3.0250000e+02;-1.4621750e-01;3.0250000e+02;-7.0186302e-02;3.0250000e+02;-3.0675707e-02;3.0250000e+02;3.2541554e-02;3.0250000e+02;1.1718579e-01;3.0250000e+02;2.1390839e-01;3.0250000e+02;3.0188087e-01;3.0250000e+02;3.4781167e-01;3.0250000e+02;3.6324006e-01;3.0250000e+02;3.5278881e-01;3.0250000e+02;2.8966454e-01;3.0250000e+02;2.0884927e-01;3.0250000e+02;1.5077332e-01;3.0250000e+02;9.7167954e-02;3.0250000e+02;4.7060423e-02;3.0250000e+02;-6.6815317e-04;3.0250000e+02;-5.0027408e-02;3.0250000e+02;-9.6532390e-02;3.0250000e+02;-1.4621750e-01;3.0250000e+02;-7.0186302e-02;3.0250000e+02;-3.0675707e-02;3.0250000e+02;3.2541554e-02;3.0250000e+02;1.1718579e-01;3.0250000e+02;2.1390839e-01;3.0250000e+02;3.0188087e-01;3.0250000e+02;3.4781167e-01;3.0250000e+02;3.6324006e-01;3.0250000e+02;3.5278881e-01;3.0250000e+02;2.8966454e-01;3.0250000e+02;2.0884927e-01;3.0250000e+02;1.5077332e-01;3.0250000e+02;9.7167954e-02;3.0250000e+02;4.7060423e-02;3.0250000e+02;-6.6815317e-04;3.0250000e+02;-5.0027408e-02;3.0250000e+02;-9.6532390e-02;3.0250000e+02;-1.4621750e-01;3.0250000e+02;-7.0186302e-02;3.0250000e+02;-3.0675707e-02;3.0250000e+02;3.2541554e-02;3.0250000e+02;1.1718579e-01;3.0250000e+02;2.1390839e-01;3.0250000e+02;3.0188087e-01;3.0250000e+02;3.4781167e-01;3.0250000e+02;3.6324006e-01;3.0250000e+02;3.5278881e-01;3.0250000e+02;2.8966454e-01;3.0250000e+02;2.0884927e-01;3.0250000e+02;1.5077332e-01;3.0250000e+02;9.7167954e-02;3.0250000e+02;4.7060423e-02;3.0250000e+02;-6.6815317e-04;3.0250000e+02;-5.0027408e-02;3.0250000e+02;-9.6532390e-02;3.0250000e+02;-1.4621750e-01;3.0250000e+02;-7.0186302e-02;3.0250000e+02;-3.0675707e-02;3.0250000e+02;3.2541554e-02;3.0250000e+02;1.1718579e-01;3.0250000e+02;2.1390839e-01;3.0250000e+02;3.0188087e-01;3.0250000e+02;3.4781167e-01;3.0250000e+02;3.6324006e-01;3.0250000e+02;3.5278881e-01;3.0250000e+02;2.8966454e-01;3.0250000e+02;2.0884927e-01;3.0250000e+02;1.5077332e-01;3.0250000e+02;9.7167954e-02;3.0250000e+02;4.7060423e-02;3.0250000e+02;-6.6815317e-04;3.0250000e+02;-5.0027408e-02;3.0250000e+02;-9.6532390e-02;3.0250000e+02;-1.4621750e-01;3.0250000e+02;-7.0186302e-02;3.0250000e+02;-3.0675707e-02;3.0250000e+02;3.2541554e-02;3.0250000e+02;1.1718579e-01;3.0250000e+02;2.1390839e-01;3.0250000e+02;3.0188087e-01;3.0250000e+02;3.4781167e-01;3.0250000e+02;3.6324006e-01;3.0250000e+02;3.5278881e-01;3.0250000e+02;2.8966454e-01;3.0250000e+02;2.0884927e-01;3.0250000e+02;1.5077332e-01;3.0250000e+02;9.7167954e-02;3.0250000e+02;4.7060423e-02;3.0250000e+02;-6.6815317e-04;3.0250000e+02;-5.0027408e-02;3.0250000e+02;-9.6532390e-02;3.0250000e+02;-1.4621750e-01;3.0250000e+02;-7.0186302e-02;3.0250000e+02;-3.0675707e-02;3.0250000e+02;3.2541554e-02;3.0250000e+02;1.1718579e-01;3.0250000e+02;2.1390839e-01;3.0250000e+02;3.0188087e-01;3.0250000e+02;3.4781167e-01;3.0250000e+02;3.6324006e-01;3.0250000e+02;3.5278881e-01;3.0250000e+02;2.8966454e-01;3.0250000e+02;2.0884927e-01;3.0250000e+02;1.5077332e-01;3.0250000e+02;9.7167954e-02;3.0250000e+02;4.7060423e-02;3.0250000e+02;-6.6815317e-04;3.0250000e+02;-5.0027408e-02;3.0250000e+02;-9.6532390e-02;3.0250000e+02;-1.4621750e-01;3.0250000e+02;-7.0186302e-02;3.0250000e+02;-3.0675707e-02;3.0250000e+02;3.2541554e-02;3.0250000e+02;1.1718579e-01;3.0250000e+02;2.1390839e-01;3.0250000e+02;3.0188087e-01;3.0250000e+02;3.4781167e-01;3.0250000e+02;3.6324006e-01;3.0250000e+02;3.5278881e-01;3.0250000e+02;2.8966454e-01;3.0250000e+02;2.0884927e-01;3.0250000e+02;1.5077332e-01;3.0250000e+02;9.7167954e-02;3.0250000e+02;4.7060423e-02;3.0250000e+02;-6.6815317e-04;3.0250000e+02;-5.0027408e-02;3.0250000e+02;-9.6532390e-02;3.0250000e+02;-1.4621750e-01;3.0250000e+02;-7.0186302e-02;3.0250000e+02;-3.0675707e-02;3.0250000e+02;3.2541554e-02;3.0250000e+02;1.1718579e-01;3.0250000e+02;2.1390839e-01;3.0250000e+02;3.0188087e-01;3.0250000e+02;3.4781167e-01;3.0250000e+02;3.6324006e-01;3.0250000e+02;3.5278881e-01;3.0250000e+02;2.8966454e-01;3.0250000e+02;2.0884927e-01;3.0250000e+02;1.5077332e-01;3.0250000e+02;9.7167954e-02;3.0250000e+02;4.7060423e-02;3.0250000e+02;-6.6815317e-04;3.0250000e+02;-5.0027408e-02;3.0250000e+02;-9.6532390e-02;3.0250000e+02;-1.4621750e-01;3.0250000e+02;-7.0186302e-02;3.0250000e+02;-3.0675707e-02;3.0250000e+02;3.2541554e-02;3.0250000e+02;1.1718579e-01;3.0250000e+02;2.1390839e-01;3.0250000e+02;3.0188087e-01;3.0250000e+02;3.4781167e-01;3.0250000e+02;3.6324006e-01;3.0250000e+02;3.5278881e-01;3.0250000e+02;2.8966454e-01;3.0250000e+02;2.0884927e-01;3.0250000e+02;1.5077332e-01;3.0250000e+02;9.7167954e-02;3.0250000e+02;4.7060423e-02;3.0250000e+02;-6.6815317e-04;3.0250000e+02;-5.0027408e-02;3.0250000e+02;-9.6532390e-02;3.0250000e+02;-1.4621750e-01;3.0250000e+02;-7.0186302e-02;3.0250000e+02;-3.0675707e-02;3.0250000e+02;3.2541554e-02;3.0250000e+02;1.1718579e-01;3.0250000e+02;2.1390839e-01;3.0250000e+02;3.0188087e-01;3.0250000e+02;3.4781167e-01;3.0250000e+02;3.6324006e-01;3.0250000e+02;3.5278881e-01;3.0250000e+02;2.8966454e-01;3.0250000e+02;2.0884927e-01;3.0250000e+02;1.5077332e-01;3.0250000e+02;9.7167954e-02;3.0250000e+02;4.7060423e-02;3.0250000e+02;-6.6815317e-04;3.0250000e+02;-5.0027408e-02;3.0250000e+02;-9.6532390e-02;3.0250000e+02;-1.4621750e-01;3.0250000e+02;-7.0186302e-02;3.0250000e+02;-3.0675707e-02;3.0250000e+02;3.2541554e-02;3.0250000e+02;1.1718579e-01;3.0250000e+02;2.1390839e-01;3.0250000e+02;3.0188087e-01;3.0250000e+02;3.4781167e-01;3.0250000e+02;3.6324006e-01;3.0250000e+02;3.5278881e-01;3.0250000e+02;2.8966454e-01;3.0250000e+02;2.0884927e-01;3.0250000e+02;1.5077332e-01;3.0250000e+02;9.7167954e-02;3.0250000e+02;4.7060423e-02;3.0250000e+02;-6.6815317e-04;3.0250000e+02;-5.0027408e-02;3.0250000e+02;-9.6532390e-02;3.0250000e+02;-1.4621750e-01
3.0750000e+02;-7.3557362e-02;3.0750000e+02;-3.4855016e-02;3.0750000e+02;2.7530616e-02;3.0750000e+02;1.0850350e-01;3.0750000e+02;2.0124267e-01;3.0750000e+02;2.8523859e-01;3.0750000e+02;3.3121821e-01;3.0750000e+02;3.5799968e-01;3.0750000e+02;3.5988218e-01;3.0750000e+02;3.0090117e-01;3.0750000e+02;2.1220344e-01;3.0750000e+02;1.4649723e-01;3.0750000e+02;8.8216402e-02;3.0750000e+02;3.5099998e-02;3.0750000e+02;-1.3777136e-02;3.0750000e+02;-6.4815700e-02;3.0750000e+02;-1.1414291e-01;3.0750000e+02;-1.6233169e-01;3.0750000e+02;-7.3557362e-02;3.0750000e+02;-3.4855016e-02;3.0750000e+02;2.7530616e-02;3.0750000e+02;1.0850350e-01;3.0750000e+02;2.0124267e-01;3.0750000e+02;2.8523859e-01;3.0750000e+02;3.3121821e-01;3.0750000e+02;3.5799968e-01;3.0750000e+02;3.5988218e-01;3.0750000e+02;3.0090117e-01;3.0750000e+02;2.1220344e-01;3.0750000e+02;1.4649723e-01;3.0750000e+02;8.8216402e-02;3.0750000e+02;3.5099998e-02;3.0750000e+02;-1.3777136e-02;3.0750000e+02;-6.4815700e-02;3.0750000e+02;-1.1414291e-01;3.0750000e+02;-1.6233169e-01;3.0750000e+02;-7.3557362e-02;3.0750000e+02;-3.4855016e-02;3.0750000e+02;2.7530616e-02;3.0750000e+02;1.0850350e-01;3.0750000e+02;2.0124267e-01;3.0750000e+02;2.8523859e-01;3.0750000e+02;3.3121821e-01;3.0750000e+02;3.5799968e-01;3.0750000e+02;3.5988218e-01;3.0750000e+02;3.0090117e-01;3.0750000e+02;2.1220344e-01;3.0750000e+02;1.4649723e-01;3.0750000e+02;8.8216402e-02;3.0750000e+02;3.5099998e-02;3.0750000e+02;-1.3777136e-02;3.0750000e+02;-6.4815700e-02;3.0750000e+02;-1.1414291e-01;3.0750000e+02;-1.6233169e-01;3.0750000e+02;-7.3557362e-02;3.0750000e+02;-3.4855016e-02;3.0750000e+02;2.7530616e-02;3.0750000e+02;1.0850350e-01;3.0750000e+02;2.0124267e-01;3.0750000e+02;2.8523859e-01;3.0750000e+02;3.3121821e-01;3.0750000e+02;3.5799968e-01;3.0750000e+02;3.5988218e-01;3.0750000e+02;3.0090117e-01;3.0750000e+02;2.1220344e-01;3.0750000e+02;1.4649723e-01;3.0750000e+02;8.8216402e-02;3.0750000e+02;3.5099998e-02;3.0750000e+02;-1.3777136e-02;3.0750000e+02;-6.4815700e-02;3.0750000e+02;-1.1414291e-01;3.0750000e+02;-1.6233169e-01;3.0750000e+02;-7.3557362e-02;3.0750000e+02;-3.4855016e-02;3.0750000e+02;2.7530616e-02;3.0750000e+02;1.0850350e-01;3.0750000e+02;2.0124267e-01;3.0750000e+02;2.8523859e-01;3.0750000e+02;3.3121821e-01;3.0750000e+02;3.5799968e-01;3.0750000e+02;3.5988218e-01;3.0750000e+02;3.0090117e-01;3.0750000e+02;2.1220344e-01;3.0750000e+02;1.4649723e-01;3.0750000e+02;8.8216402e-02;3.0750000e+02;3.5099998e-02;3.0750000e+02;-1.3777136e-02;3.0750000e+02;-6.4815700e-02;3.0750000e+02;-1.1414291e-01;3.0750000e+02;-1.6233169e-01;3.0750000e+02;-7.3557362e-02;3.0750000e+02;-3.4855016e-02;3.0750000e+02;2.7530616e-02;3.0750000e+02;1.0850350e-01;3.0750000e+02;2.0124267e-01;3.0750000e+02;2.8523859e-01;3.0750000e+02;3.3121821e-01;3.0750000e+02;3.5799968e-01;3.0750000e+02;3.5988218e-01;3.0750000e+02;3.0090117e-01;3.0750000e+02;2.1220344e-01;3.0750000e+02;1.4649723e-01;3.0750000e+02;8.8216402e-02;3.0750000e+02;3.5099998e-02;3.0750000e+02;-1.3777136e-02;3.0750000e+02;-6.4815700e-02;3.0750000e+02;-1.1414291e-01;3.0750000e+02;-1.6233169e-01;3.0750000e+02;-7.3557362e-02;3.0750000e+02;-3.4855016e-02;3.0750000e+02;2.7530616e-02;3.0750000e+02;1.0850350e-01;3.0750000e+02;2.0124267e-01;3.0750000e+02;2.8523859e-01;3.0750000e+02;3.3121821e-01;3.0750000e+02;3.5799968e-01;3.0750000e+02;3.5988218e-01;3.0750000e+02;3.0090117e-01;3.0750000e+02;2.1220344e-01;3.0750000e+02;1.4649723e-01;3.0750000e+02;8.8216402e-02;3.0750000e+02;3.5099998e-02;3.0750000e+02;-1.3777136e-02;3.0750000e+02;-6.4815700e-02;3.0750000e+02;-1.1414291e-01;3.0750000e+02;-1.6233169e-01;3.0750000e+02;-7.3557362e-02;3.0750000e+02;-3.4855016e-02;3.0750000e+02;2.7530616e-02;3.0750000e+02;1.0850350e-01;3.0750000e+02;2.0124267e-01;3.0750000e+02;2.8523859e-01;3.0750000e+02;3.3121821e-01;3.0750000e+02;3.5799968e-01;3.0750000e+02;3.5988218e-01;3.0750000e+02;3.0090117e-01;3.0750000e+02;2.1220344e-01;3.0750000e+02;1.4649723e-01;3.0750000e+02;8.8216402e-02;3.0750000e+02;3.5099998e-02;3.0750000e+02;-1.3777136e-02;3.0750000e+02;-6.4815700e-02;3.0750000e+02;-1.1414291e-01;3.0750000e+02;-1.6233169e-01;3.0750000e+02;-7.3557362e-02;3.0750000e+02;-3.4855016e-02;3.0750000e+02;2.7530616e-02;3.0750000e+02;1.0850350e-01;3.0750000e+02;2.0124267e-01;3.0750000e+02;2.8523859e-01;3.0750000e+02;3.3121821e-01;3.0750000e+02;3.5799968e-01;3.0750000e+02;3.5988218e-01;3.0750000e+02;3.0090117e-01;3.0750000e+02;2.1220344e-01;3.0750000e+02;1.4649723e-01;3.0750000e+02;8.8216402e-02;3.0750000e+02;3.5099998e-02;3.0750000e+02;-1.3777136e-02;3.0750000e+02;-6.4815700e-02;3.0750000e+02;-1.1414291e-01;3.0750000e+02;-1.6233169e-01;3.0750000e+02;-7.3557362e-02;3.0750000e+02;-3.4855016e-02;3.0750000e+02;2.7530616e-02;3.0750000e+02;1.0850350e-01;3.0750000e+02;2.0124267e-01;3.0750000e+02;2.8523859e-01;3.0750000e+02;3.3121821e-01;3.0750000e+02;3.5799968e-01;3.0750000e+02;3.5988218e-01;3.0750000e+02;3.0090117e-01;3.0750000e+02;2.1220344e-01;3.0750000e+02;1.4649723e-01;3.0750000e+02;8.8216402e-02;3.0750000e+02;3.5099998e-02;3.0750000e+02;-1.3777136e-02;3.0750000e+02;-6.4815700e-02;3.0750000e+02;-1.1414291e-01;3.0750000e+02;-1.6233169e-01;3.0750000e+02;-7.3557362e-02;3.0750000e+02;-3.4855016e-02;3.0750000e+02;2.7530616e-02;3.0750000e+02;1.0850350e-01;3.0750000e+02;2.0124267e-01;3.0750000e+02;2.8523859e-01;3.0750000e+02;3.3121821e-01;3.0750000e+02;3.5799968e-01;3.0750000e+02;3.5988218e-01;3.0750000e+02;3.0090117e-01;3.0750000e+02;2.1220344e-01;3.0750000e+02;1.4649723e-01;3.0750000e+02;8.8216402e-02;3.0750000e+02;3.5099998e-02;3.0750000e+02;-1.3777136e-02;3.0750000e+02;-6.4815700e-02;3.0750000e+02;-1.1414291e-01;3.0750000e+02;-1.6233169e-01;3.0750000e+02;-7.3557362e-02;3.0750000e+02;-3.4855016e-02;3.0750000e+02;2.7530616e-02;3.0750000e+02;1.0850350e-01;3.0750000e+02;2.0124267e-01;3.0750000e+02;2.8523859e-01;3.0750000e+02;3.3121821e-01;3.0750000e+02;3.5799968e-01;3.0750000e+02;3.5988218e-01;3.0750000e+02;3.0090117e-01;3.0750000e+02;2.1220344e-01;3.0750000e+02;1.4649723e-01;3.0750000e+02;8.8216402e-02;3.0750000e+02;3.5099998e-02;3.0750000e+02;-1.3777136e-02;3.0750000e+02;-6.4815700e-02;3.0750000e+02;-1.1414291e-01;3.0750000e+02;-1.6233169e-01;3.0750000e+02;-7.3557362e-02;3.0750000e+02;-3.4855016e-02;3.0750000e+02;2.7530616e-02;3.0750000e+02;1.0850350e-01;3.0750000e+02;2.0124267e-01;3.0750000e+02;2.8523859e-01;3.0750000e+02;3.3121821e-01;3.0750000e+02;3.5799968e-01;3.0750000e+02;3.5988218e-01;3.0750000e+02;3.0090117e-01;3.0750000e+02;2.1220344e-01;3.0750000e+02;1.4649723e-01;3.0750000e+02;8.8216402e-02;3.0750000e+02;3.5099998e-02;3.0750000e+02;-1.3777136e-02;3.0750000e+02;-6.4815700e-02;3.0750000e+02;-1.1414291e-01;3.0750000e+02;-1.6233169e-01;3.0750000e+02;-7.3557362e-02;3.0750000e+02;-3.4855016e-02;3.0750000e+02;2.7530616e-02;3.0750000e+02;1.0850350e-01;3.0750000e+02;2.0124267e-01;3.0750000e+02;2.8523859e-01;3.0750000e+02;3.3121821e-01;3.0750000e+02;3.5799968e-01;3.0750000e+02;3.5988218e-01;3.0750000e+02;3.0090117e-01;3.0750000e+02;2.1220344e-01;3.0750000e+02;1.4649723e-01;3.0750000e+02;8.8216402e-02;3.0750000e+02;3.5099998e-02;3.0750000e+02;-1.3777136e-02;3.0750000e+02;-6.4815700e-02;3.0750000e+02;-1.1414291e-01;3.0750000e+02;-1.6233169e-01;3.0750000e+02;-7.3557362e-02;3.0750000e+02;-3.4855016e-02;3.0750000e+02;2.7530616e-02;3.0750000e+02;1.0850350e-01;3.0750000e+02;2.0124267e-01;3.0750000e+02;2.8523859e-01;3.0750000e+02;3.3121821e-01;3.0750000e+02;3.5799968e-01;3.0750000e+02;3.5988218e-01;3.0750000e+02;3.0090117e-01;3.0750000e+02;2.1220344e-01;3.0750000e+02;1.4649723e-01;3.0750000e+02;8.8216402e-02;3.0750000e+02;3.5099998e-02;3.0750000e+02;-1.3777136e-02;3.0750000e+02;-6.4815700e-02;3.0750000e+02;-1.1414291e-01;3.0750000e+02;-1.6233169e-01;3.0750000e+02;-7.3557362e-02;3.0750000e+02;-3.4855016e-02;3.0750000e+02;2.7530616e-02;3.0750000e+02;1.0850350e-01;3.0750000e+02;2.0124267e-01;3.0750000e+02;2.8523859e-01;3.0750000e+02;3.3121821e-01;3.0750000e+02;3.5799968e-01;3.0750000e+02;3.5988218e-01;3.0750000e+02;3.0090117e-01;3.0750000e+02;2.1220344e-01;3.0750000e+02;1.4649723e-01;3.0750000e+02;8.8216402e-02;3.0750000e+02;3.5099998e-02;3.0750000e+02;-1.3777136e-02;3.0750000e+02;-6.4815700e-02;3.0750000e+02;-1.1414291e-01;3.0750000e+02;-1.6233169e-01;3.0750000e+02;-7.3557362e-02;3.0750000e+02;-3.4855016e-02;3.0750000e+02;2.7530616e-02;3.0750000e+02;1.0850350e-01;3.0750000e+02;2.0124267e-01;3.0750000e+02;2.8523859e-01;3.0750000e+02;3.3121821e-01;3.0750000e+02;3.5799968e-01;3.0750000e+02;3.5988218e-01;3.0750000e+02;3.0090117e-01;3.0750000e+02;2.1220344e-01;3.0750000e+02;1.4649723e-01;3.0750000e+02;8.8216402e-02;3.0750000e+02;3.5099998e-02;3.0750000e+02;-1.3777136e-02;3.0750000e+02;-6.4815700e-02;3.0750000e+02;-1.1414291e-01;3.0750000e+02;-1.6233169e-01;3.0750000e+02;-7.3557362e-02;3.0750000e+02;-3.4855016e-02;3.0750000e+02;2.7530616e-02;3.0750000e+02;1.0850350e-01;3.0750000e+02;2.0124267e-01;3.0750000e+02;2.8523859e-01;3.0750000e+02;3.3121821e-01;3.0750000e+02;3.5799968e-01;3.0750000e+02;3.5988218e-01;3.0750000e+02;3.0090117e-01;3.0750000e+02;2.1220344e-01;3.0750000e+02;1.4649723e-01;3.0750000e+02;8.8216402e-02;3.0750000e+02;3.5099998e-02;3.0750000e+02;-1.3777136e-02;3.0750000e+02;-6.4815700e-02;3.0750000e+02;-1.1414291e-01;3.0750000e+02;-1.6233169e-01;3.0750000e+02;-7.3557362e-02;3.0750000e+02;-3.4855016e-02;3.0750000e+02;2.7530616e-02;3.0750000e+02;1.0850350e-01;3.0750000e+02;2.0124267e-01;3.0750000e+02;2.8523859e-01;3.0750000e+02;3.3121821e-01;3.0750000e+02;3.5799968e-01;3.0750000e+02;3.5988218e-01;3.0750000e+02;3.0090117e-01;3.0750000e+02;2.1220344e-01;3.0750000e+02;1.4649723e-01;3.0750000e+02;8.8216402e-02;3.0750000e+02;3.5099998e-02;3.0750000e+02;-1.3777136e-02;3.0750000e+02;-6.4815700e-02;3.0750000e+02;-1.1414291e-01;3.0750000e+02;-1.6233169e-01;3.0750000e+02;-7.3557362e-02;3.0750000e+02;-3.4855016e-02;3.0750000e+02;2.7530616e-02;3.0750000e+02;1.0850350e-01;3.0750000e+02;2.0124267e-01;3.0750000e+02;2.8523859e-01;3.0750000e+02;3.3121821e-01;3.0750000e+02;3.5799968e-01;3.0750000e+02;3.5988218e-01;3.0750000e+02;3.0090117e-01;3.0750000e+02;2.1220344e-01;3.0750000e+02;1.4649723e-01;3.0750000e+02;8.8216402e-02;3.0750000e+02;3.5099998e-02;3.0750000e+02;-1.3777136e-02;3.0750000e+02;-6.4815700e-02;3.0750000e+02;-1.1414291e-01;3.0750000e+02;-1.6233169e-01;3.0750000e+02;-7.3557362e-02;3.0750000e+02;-3.4855016e-02;3.0750000e+02;2.7530616e-02;3.0750000e+02;1.0850350e-01;3.0750000e+02;2.0124267e-01;3.0750000e+02;2.8523859e-01;3.0750000e+02;3.3121821e-01;3.0750000e+02;3.5799968e-01;3.0750000e+02;3.5988218e-01;3.0750000e+02;3.0090117e-01;3.0750000e+02;2.1220344e-01;3.0750000e+02;1.4649723e-01;3.0750000e+02;8.8216402e-02;3.0750000e+02;3.5099998e-02;3.0750000e+02;-1.3777136e-02;3.0750000e+02;-6.4815700e-02;3.0750000e+02;-1.1414291e-01;3.0750000e+02;-1.6233169e-01;3.0750000e+02;-7.3557362e-02;3.0750000e+02;-3.4855016e-02;3.0750000e+02;2.7530616e-02;3.0750000e+02;1.0850350e-01;3.0750000e+02;2.0124267e-01;3.0750000e+02;2.8523859e-01;3.0750000e+02;3.3121821e-01;3.0750000e+02;3.5799968e-01;3.0750000e+02;3.5988218e-01;3.0750000e+02;3.0090117e-01;3.0750000e+02;2.1220344e-01;3.0750000e+02;1.4649723e-01;3.0750000e+02;8.8216402e-02;3.0750000e+02;3.5099998e-02;3.0750000e+02;-1.3777136e-02;3.0750000e+02;-6.4815700e-02;3.0750000e+02;-1.1414291e-01;3.0750000e+02;-1.6233169e-01;3.0750000e+02;-7.3557362e-02;3.0750000e+02;-3.4855016e-02;3.0750000e+02;2.7530616e-02;3.0750000e+02;1.0850350e-01;3.0750000e+02;2.0124267e-01;3.0750000e+02;2.8523859e-01;3.0750000e+02;3.3121821e-01;3.0750000e+02;3.5799968e-01;3.0750000e+02;3.5988218e-01;3.0750000e+02;3.0090117e-01;3.0750000e+02;2.1220344e-01;3.0750000e+02;1.4649723e-01;3.0750000e+02;8.8216402e-02;3.0750000e+02;3.5099998e-02;3.0750000e+02;-1.3777136e-02;3.0750000e+02;-6.4815700e-02;3.0750000e+02;-1.1414291e-01;3.0750000e+02;-1.6233169e-01;3.0750000e+02;-7.3557362e-02;3.0750000e+02;-3.4855016e-02;3.0750000e+02;2.7530616e-02;3.0750000e+02;1.0850350e-01;3.0750000e+02;2.0124267e-01;3.0750000e+02;2.8523859e-01;3.0750000e+02;3.3121821e-01;3.0750000e+02;3.5799968e-01;3.0750000e+02;3.5988218e-01;3.0750000e+02;3.0090117e-01;3.0750000e+02;2.1220344e-01;3.0750000e+02;1.4649723e-01;3.0750000e+02;8.8216402e-02;3.0750000e+02;3.5099998e-02;3.0750000e+02;-1.3777136e-02;3.0750000e+02;-6.4815700e-02;3.0750000e+02;-1.1414291e-01;3.0750000e+02;-1.6233169e-01;3.0750000e+02;-7.3557362e-02;3.0750000e+02;-3.4855016e-02;3.0750000e+02;2.7530616e-02;3.0750000e+02;1.0850350e-01;3.0750000e+02;2.0124267e-01;3.0750000e+02;2.8523859e-01;3.0750000e+02;3.3121821e-01;3.0750000e+02;3.5799968e-01;3.0750000e+02;3.5988218e-01;3.0750000e+02;3.0090117e-01;3.0750000e+02;2.1220344e-01;3.0750000e+02;1.4649723e-01;3.0750000e+02;8.8216402e-02;3.0750000e+02;3.5099998e-02;3.0750000e+02;-1.3777136e-02;3.0750000e+02;-6.4815700e-02;3.0750000e+02;-1.1414291e-01;3.0750000e+02;-1.6233169e-01;3.0750000e+02;-7.3557362e-02;3.0750000e+02;-3.4855016e-02;3.0750000e+02;2.7530616e-02;3.0750000e+02;1.0850350e-01;3.0750000e+02;2.0124267e-01;3.0750000e+02;2.8523859e-01;3.0750000e+02;3.3121821e-01;3.0750000e+02;3.5799968e-01;3.0750000e+02;3.5988218e-01;3.0750000e+02;3.0090117e-01;3.0750000e+02;2.1220344e-01;3.0750000e+02;1.4649723e-01;3.0750000e+02;8.8216402e-02;3.0750000e+02;3.5099998e-02;3.0750000e+02;-1.3777136e-02;3.0750000e+02;-6.4815700e-02;3.0750000e+02;-1.1414291e-01;3.0750000e+02;-1.6233169e-01;3.0750000e+02;-7.3557362e-02;3.0750000e+02;-3.4855016e-02;3.0750000e+02;2.7530616e-02;3.0750000e+02;1.0850350e-01;3.0750000e+02;2.0124267e-01;3.0750000e+02;2.8523859e-01;3.0750000e+02;3.3121821e-01;3.0750000e+02;3.5799968e-01;3.0750000e+02;3.5988218e-01;3.0750000e+02;3.0090117e-01;3.0750000e+02;2.1220344e-01;3.0750000e+02;1.4649723e-01;3.0750000e+02;8.8216402e-02;3.0750000e+02;3.5099998e-02;3.0750000e+02;-1.3777136e-02;3.0750000e+02;-6.4815700e-02;3.0750000e+02;-1.1414291e-01;3.0750000e+02;-1.6233169e-01;3.0750000e+02;-7.3557362e-02;3.0750000e+02;-3.4855016e-02;3.0750000e+02;2.7530616e-02;3.0750000e+02;1.0850350e-01;3.0750000e+02;2.0124267e-01;3.0750000e+02;2.8523859e-01;3.0750000e+02;3.3121821e-01;3.0750000e+02;3.5799968e-01;3.0750000e+02;3.5988218e-01;3.0750000e+02;3.0090117e-01;3.0750000e+02;2.1220344e-01;3.0750000e+02;1.4649723e-01;3.0750000e+02;8.8216402e-02;3.0750000e+02;3.5099998e-02;3.0750000e+02;-1.3777136e-02;3.0750000e+02;-6.4815700e-02;3.0750000e+02;-1.1414291e-01;3.0750000e+02;-1.6233169e-01;3.0750000e+02;-7.3557362e-02;3.0750000e+02;-3.4855016e-02;3.0750000e+02;2.7530616e-02;3.0750000e+02;1.0850350e-01;3.0750000e+02;2.0124267e-01;3.0750000e+02;2.8523859e-01;3.0750000e+02;3.3121821e-01;3.0750000e+02;3.5799968e-01;3.0750000e+02;3.5988218e-01;3.0750000e+02;3.0090117e-01;3.0750000e+02;2.1220344e-01;3.0750000e+02;1.4649723e-01;3.0750000e+02;8.8216402e-02;3.0750000e+02;3.5099998e-02;3.0750000e+02;-1.3777136e-02;3.0750000e+02;-6.4815700e-02;3.0750000e+02;-1.1414291e-01;3.0750000e+02;-1.6233169e-01;3.0750000e+02;-7.3557362e-02;3.0750000e+02;-3.4855016e-02;3.0750000e+02;2.7530616e-02;3.0750000e+02;1.0850350e-01;3.0750000e+02;2.0124267e-01;3.0750000e+02;2.8523859e-01;3.0750000e+02;3.3121821e-01;3.0750000e+02;3.5799968e-01;3.0750000e+02;3.5988218e-01;3.0750000e+02;3.0090117e-01;3.0750000e+02;2.1220344e-01;3.0750000e+02;1.4649723e-01;3.0750000e+02;8.8216402e-02;3.0750000e+02;3.5099998e-02;3.0750000e+02;-1.3777136e-02;3.0750000e+02;-6.4815700e-02;3.0750000e+02;-1.1414291e-01;3.0750000e+02;-1.6233169e-01;3.0750000e+02;-7.3557362e-02;3.0750000e+02;-3.4855016e-02;3.0750000e+02;2.7530616e-02;3.0750000e+02;1.0850350e-01;3.0750000e+02;2.0124267e-01;3.0750000e+02;2.8523859e-01;3.0750000e+02;3.3121821e-01;3.0750000e+02;3.5799968e-01;3.0750000e+02;3.5988218e-01;3.0750000e+02;3.0090117e-01;3.0750000e+02;2.1220344e-01;3.0750000e+02;1.4649723e-01;3.0750000e+02;8.8216402e-02;3.0750000e+02;3.5099998e-02;3.0750000e+02;-1.3777136e-02;3.0750000e+02;-6.4815700e-02;3.0750000e+02;-1.1414291e-01;3.0750000e+02;-1.6233169e-01;3.0750000e+02;-7.3557362e-02;3.0750000e+02;-3.4855016e-02;3.0750000e+02;2.7530616e-02;3.0750000e+02;1.0850350e-01;3.0750000e+02;2.0124267e-01;3.0750000e+02;2.8523859e-01;3.0750000e+02;3.3121821e-01;3.0750000e+02;3.5799968e-01;3.0750000e+02;3.5988218e-01;3.0750000e+02;3.0090117e-01;3.0750000e+02;2.1220344e-01;3.0750000e+02;1.4649723e-01;3.0750000e+02;8.8216402e-02;3.0750000e+02;3.5099998e-02;3.0750000e+02;-1.3777136e-02;3.0750000e+02;-6.4815700e-02;3.0750000e+02;-1.1414291e-01;3.0750000e+02;-1.6233169e-01;3.0750000e+02;-7.3557362e-02;3.0750000e+02;-3.4855016e-02;3.0750000e+02;2.7530616e-02;3.0750000e+02;1.0850350e-01;3.0750000e+02;2.0124267e-01;3.0750000e+02;2.8523859e-01;3.0750000e+02;3.3121821e-01;3.0750000e+02;3.5799968e-01;3.0750000e+02;3.5988218e-01;3.0750000e+02;3.0090117e-01;3.0750000e+02;2.1220344e-01;3.0750000e+02;1.4649723e-01;3.0750000e+02;8.8216402e-02;3.0750000e+02;3.5099998e-02;3.0750000e+02;-1.3777136e-02;3.0750000e+02;-6.4815700e-02;3.0750000e+02;-1.1414291e-01;3.0750000e+02;-1.6233169e-01;3.0750000e+02;-7.3557362e-02;3.0750000e+02;-3.4855016e-02;3.0750000e+02;2.7530616e-02;3.0750000e+02;1.0850350e-01;3.0750000e+02;2.0124267e-01;3.0750000e+02;2.8523859e-01;3.0750000e+02;3.3121821e-01;3.0750000e+02;3.5799968e-01;3.0750000e+02;3.5988218e-01;3.0750000e+02;3.0090117e-01;3.0750000e+02;2.1220344e-01;3.0750000e+02;1.4649723e-01;3.0750000e+02;8.8216402e-02;3.0750000e+02;3.5099998e-02;3.0750000e+02;-1.3777136e-02;3.0750000e+02;-6.4815700e-02;3.0750000e+02;-1.1414291e-01;3.0750000e+02;-1.6233169e-01;3.0750000e+02;-7.3557362e-02;3.0750000e+02;-3.4855016e-02;3.0750000e+02;2.7530616e-02;3.0750000e+02;1.0850350e-01;3.0750000e+02;2.0124267e-01;3.0750000e+02;2.8523859e-01;3.0750000e+02;3.3121821e-01;3.0750000e+02;3.5799968e-01;3.0750000e+02;3.5988218e-01;3.0750000e+02;3.0090117e-01;3.0750000e+02;2.1220344e-01;3.0750000e+02;1.4649723e-01;3.0750000e+02;8.8216402e-02;3.0750000e+02;3.5099998e-02;3.0750000e+02;-1.3777136e-02;3.0750000e+02;-6.4815700e-02;3.0750000e+02;-1.1414291e-01;3.0750000e+02;-1.6233169e-01;3.0750000e+02;-7.3557362e-02;3.0750000e+02;-3.4855016e-02;3.0750000e+02;2.7530616e-02;3.0750000e+02;1.0850350e-01;3.0750000e+02;2.0124267e-01;3.0750000e+02;2.8523859e-01;3.0750000e+02;3.3121821e-01;3.0750000e+02;3.5799968e-01;3.0750000e+02;3.5988218e-01;3.0750000e+02;3.0090117e-01;3.0750000e+02;2.1220344e-01;3.0750000e+02;1.4649723e-01;3.0750000e+02;8.8216402e-02;3.0750000e+02;3.5099998e-02;3.0750000e+02;-1.3777136e-02;3.0750000e+02;-6.4815700e-02;3.0750000e+02;-1.1414291e-01;3.0750000e+02;-1.6233169e-01;3.0750000e+02;-7.3557362e-02;3.0750000e+02;-3.4855016e-02;3.0750000e+02;2.7530616e-02;3.0750000e+02;1.0850350e-01;3.0750000e+02;2.0124267e-01;3.0750000e+02;2.8523859e-01;3.0750000e+02;3.3121821e-01;3.0750000e+02;3.5799968e-01;3.0750000e+02;3.5988218e-01;3.0750000e+02;3.0090117e-01;3.0750000e+02;2.1220344e-01;3.0750000e+02;1.4649723e-01;3.0750000e+02;8.8216402e-02;3.0750000e+02;3.5099998e-02;3.0750000e+02;-1.3777136e-02;3.0750000e+02;-6.4815700e-02;3.0750000e+02;-1.1414291e-01;3.0750000e+02;-1.6233169e-01;3.0750000e+02;-7.3557362e-02;3.0750000e+02;-3.4855016e-02;3.0750000e+02;2.7530616e-02;3.0750000e+02;1.0850350e-01;3.0750000e+02;2.0124267e-01;3.0750000e+02;2.8523859e-01;3.0750000e+02;3.3121821e-01;3.0750000e+02;3.5799968e-01;3.0750000e+02;3.5988218e-01;3.0750000e+02;3.0090117e-01;3.0750000e+02;2.1220344e-01;3.0750000e+02;1.4649723e-01;3.0750000e+02;8.8216402e-02;3.0750000e+02;3.5099998e-02;3.0750000e+02;-1.3777136e-02;3.0750000e+02;-6.4815700e-02;3.0750000e+02;-1.1414291e-01;3.0750000e+02;-1.6233169e-01;3.0750000e+02;-7.3557362e-02;3.0750000e+02;-3.4855016e-02;3.0750000e+02;2.7530616e-02;3.0750000e+02;1.0850350e-01;3.0750000e+02;2.0124267e-01;3.0750000e+02;2.8523859e-01;3.0750000e+02;3.3121821e-01;3.0750000e+02;3.5799968e-01;3.0750000e+02;3.5988218e-01;3.0750000e+02;3.0090117e-01;3.0750000e+02;2.1220344e-01;3.0750000e+02;1.4649723e-01;3.0750000e+02;8.8216402e-02;3.0750000e+02;3.5099998e-02;3.0750000e+02;-1.3777136e-02;3.0750000e+02;-6.4815700e-02;3.0750000e+02;-1.1414291e-01;3.0750000e+02;-1.6233169e-01;3.0750000e+02;-7.3557362e-02;3.0750000e+02;-3.4855016e-02;3.0750000e+02;2.7530616e-02;3.0750000e+02;1.0850350e-01;3.0750000e+02;2.0124267e-01;3.0750000e+02;2.8523859e-01;3.0750000e+02;3.3121821e-01;3.0750000e+02;3.5799968e-01;3.0750000e+02;3.5988218e-01;3.0750000e+02;3.0090117e-01;3.0750000e+02;2.1220344e-01;3.0750000e+02;1.4649723e-01;3.0750000e+02;8.8216402e-02;3.0750000e+02;3.5099998e-02;3.0750000e+02;-1.3777136e-02;3.0750000e+02;-6.4815700e-02;3.0750000e+02;-1.1414291e-01;3.0750000e+02;-1.6233169e-01;3.0750000e+02;-7.3557362e-02;3.0750000e+02;-3.4855016e-02;3.0750000e+02;2.7530616e-02;3.0750000e+02;1.0850350e-01;3.0750000e+02;2.0124267e-01;3.0750000e+02;2.8523859e-01;3.0750000e+02;3.3121821e-01;3.0750000e+02;3.5799968e-01;3.0750000e+02;3.5988218e-01;3.0750000e+02;3.0090117e-01;3.0750000e+02;2.1220344e-01;3.0750000e+02;1.4649723e-01;3.0750000e+02;8.8216402e-02;3.0750000e+02;3.5099998e-02;3.0750000e+02;-1.3777136e-02;3.0750000e+02;-6.4815700e-02;3.0750000e+02;-1.1414291e-01;3.0750000e+02;-1.6233169e-01;3.0750000e+02;-7.3557362e-02;3.0750000e+02;-3.4855016e-02;3.0750000e+02;2.7530616e-02;3.0750000e+02;1.0850350e-01;3.0750000e+02;2.0124267e-01;3.0750000e+02;2.8523859e-01;3.0750000e+02;3.3121821e-01;3.0750000e+02;3.5799968e-01;3.0750000e+02;3.5988218e-01;3.0750000e+02;3.0090117e-01;3.0750000e+02;2.1220344e-01;3.0750000e+02;1.4649723e-01;3.0750000e+02;8.8216402e-02;3.0750000e+02;3.5099998e-02;3.0750000e+02;-1.3777136e-02;3.0750000e+02;-6.4815700e-02;3.0750000e+02;-1.1414291e-01;3.0750000e+02;-1.6233169e-01;3.0750000e+02;-7.3557362e-02;3.0750000e+02;-3.4855016e-02;3.0750000e+02;2.7530616e-02;3.0750000e+02;1.0850350e-01;3.0750000e+02;2.0124267e-01;3.0750000e+02;2.8523859e-01;3.0750000e+02;3.3121821e-01;3.0750000e+02;3.5799968e-01;3.0750000e+02;3.5988218e-01;3.0750000e+02;3.0090117e-01;3.0750000e+02;2.1220344e-01;3.0750000e+02;1.4649723e-01;3.0750000e+02;8.8216402e-02;3.0750000e+02;3.5099998e-02;3.0750000e+02;-1.3777136e-02;3.0750000e+02;-6.4815700e-02;3.0750000e+02;-1.1414291e-01;3.0750000e+02;-1.6233169e-01;3.0750000e+02;-7.3557362e-02;3.0750000e+02;-3.4855016e-02;3.0750000e+02;2.7530616e-02;3.0750000e+02;1.0850350e-01;3.0750000e+02;2.0124267e-01;3.0750000e+02;2.8523859e-01;3.0750000e+02;3.3121821e-01;3.0750000e+02;3.5799968e-01;3.0750000e+02;3.5988218e-01;3.0750000e+02;3.0090117e-01;3.0750000e+02;2.1220344e-01;3.0750000e+02;1.4649723e-01;3.0750000e+02;8.8216402e-02;3.0750000e+02;3.5099998e-02;3.0750000e+02;-1.3777136e-02;3.0750000e+02;-6.4815700e-02;3.0750000e+02;-1.1414291e-01;3.0750000e+02;-1.6233169e-01;3.0750000e+02;-7.3557362e-02;3.0750000e+02;-3.4855016e-02;3.0750000e+02;2.7530616e-02;3.0750000e+02;1.0850350e-01;3.0750000e+02;2.0124267e-01;3.0750000e+02;2.8523859e-01;3.0750000e+02;3.3121821e-01;3.0750000e+02;3.5799968e-01;3.0750000e+02;3.5988218e-01;3.0750000e+02;3.0090117e-01;3.0750000e+02;2.1220344e-01;3.0750000e+02;1.4649723e-01;3.0750000e+02;8.8216402e-02;3.0750000e+02;3.5099998e-02;3.0750000e+02;-1.3777136e-02;3.0750000e+02;-6.4815700e-02;3.0750000e+02;-1.1414291e-01;3.0750000e+02;-1.6233169e-01;3.0750000e+02;-7.3557362e-02;3.0750000e+02;-3.4855016e-02;3.0750000e+02;2.7530616e-02;3.0750000e+02;1.0850350e-01;3.0750000e+02;2.0124267e-01;3.0750000e+02;2.8523859e-01;3.0750000e+02;3.3121821e-01;3.0750000e+02;3.5799968e-01;3.0750000e+02;3.5988218e-01;3.0750000e+02;3.0090117e-01;3.0750000e+02;2.1220344e-01;3.0750000e+02;1.4649723e-01;3.0750000e+02;8.8216402e-02;3.0750000e+02;3.5099998e-02;3.0750000e+02;-1.3777136e-02;3.0750000e+02;-6.4815700e-02;3.0750000e+02;-1.1414291e-01;3.0750000e+02;-1.6233169e-01;3.0750000e+02;-7.3557362e-02;3.0750000e+02;-3.4855016e-02;3.0750000e+02;2.7530616e-02;3.0750000e+02;1.0850350e-01;3.0750000e+02;2.0124267e-01;3.0750000e+02;2.8523859e-01;3.0750000e+02;3.3121821e-01;3.0750000e+02;3.5799968e-01;3.0750000e+02;3.5988218e-01;3.0750000e+02;3.0090117e-01;3.0750000e+02;2.1220344e-01;3.0750000e+02;1.4649723e-01;3.0750000e+02;8.8216402e-02;3.0750000e+02;3.5099998e-02;3.0750000e+02;-1.3777136e-02;3.0750000e+02;-6.4815700e-02;3.0750000e+02;-1.1414291e-01;3.0750000e+02;-1.6233169e-01;3.0750000e+02;-7.3557362e-02;3.0750000e+02;-3.4855016e-02;3.0750000e+02;2.7530616e-02;3.0750000e+02;1.0850350e-01;3.0750000e+02;2.0124267e-01;3.0750000e+02;2.8523859e-01;3.0750000e+02;3.3121821e-01;3.0750000e+02;3.5799968e-01;3.0750000e+02;3.5988218e-01;3.0750000e+02;3.0090117e-01;3.0750000e+02;2.1220344e-01;3.0750000e+02;1.4649723e-01;3.0750000e+02;8.8216402e-02;3.0750000e+02;3.5099998e-02;3.0750000e+02;-1.3777136e-02;3.0750000e+02;-6.4815700e-02;3.0750000e+02;-1.1414291e-01;3.0750000e+02;-1.6233169e-01;3.0750000e+02;-7.3557362e-02;3.0750000e+02;-3.4855016e-02;3.0750000e+02;2.7530616e-02;3.0750000e+02;1.0850350e-01;3.0750000e+02;2.0124267e-01;3.0750000e+02;2.8523859e-01;3.0750000e+02;3.3121821e-01;3.0750000e+02;3.5799968e-01;3.0750000e+02;3.5988218e-01;3.0750000e+02;3.0090117e-01;3.0750000e+02;2.1220344e-01;3.0750000e+02;1.4649723e-01;3.0750000e+02;8.8216402e-02;3.0750000e+02;3.5099998e-02;3.0750000e+02;-1.3777136e-02;3.0750000e+02;-6.4815700e-02;3.0750000e+02;-1.1414291e-01;3.0750000e+02;-1.6233169e-01;3.0750000e+02;-7.3557362e-02;3.0750000e+02;-3.4855016e-02;3.0750000e+02;2.7530616e-02;3.0750000e+02;1.0850350e-01;3.0750000e+02;2.0124267e-01;3.0750000e+02;2.8523859e-01;3.0750000e+02;3.3121821e-01;3.0750000e+02;3.5799968e-01;3.0750000e+02;3.5988218e-01;3.0750000e+02;3.0090117e-01;3.0750000e+02;2.1220344e-01;3.0750000e+02;1.4649723e-01;3.0750000e+02;8.8216402e-02;3.0750000e+02;3.5099998e-02;3.0750000e+02;-1.3777136e-02;3.0750000e+02;-6.4815700e-02;3.0750000e+02;-1.1414291e-01;3.0750000e+02;-1.6233169e-01;3.0750000e+02;-7.3557362e-02;3.0750000e+02;-3.4855016e-02;3.0750000e+02;2.7530616e-02;3.0750000e+02;1.0850350e-01;3.0750000e+02;2.0124267e-01;3.0750000e+02;2.8523859e-01;3.0750000e+02;3.3121821e-01;3.0750000e+02;3.5799968e-01;3.0750000e+02;3.5988218e-01;3.0750000e+02;3.0090117e-01;3.0750000e+02;2.1220344e-01;3.0750000e+02;1.4649723e-01;3.0750000e+02;8.8216402e-02;3.0750000e+02;3.5099998e-02;3.0750000e+02;-1.3777136e-02;3.0750000e+02;-6.4815700e-02;3.0750000e+02;-1.1414291e-01;3.0750000e+02;-1.6233169e-01;3.0750000e+02;-7.3557362e-02;3.0750000e+02;-3.4855016e-02;3.0750000e+02;2.7530616e-02;3.0750000e+02;1.0850350e-01;3.0750000e+02;2.0124267e-01;3.0750000e+02;2.8523859e-01;3.0750000e+02;3.3121821e-01;3.0750000e+02;3.5799968e-01;3.0750000e+02;3.5988218e-01;3.0750000e+02;3.0090117e-01;3.0750000e+02;2.1220344e-01;3.0750000e+02;1.4649723e-01;3.0750000e+02;8.8216402e-02;3.0750000e+02;3.5099998e-02;3.0750000e+02;-1.3777136e-02;3.0750000e+02;-6.4815700e-02;3.0750000e+02;-1.1414291e-01;3.0750000e+02;-1.6233169e-01;3.0750000e+02;-7.3557362e-02;3.0750000e+02;-3.4855016e-02;3.0750000e+02;2.7530616e-02;3.0750000e+02;1.0850350e-01;3.0750000e+02;2.0124267e-01;3.0750000e+02;2.8523859e-01;3.0750000e+02;3.3121821e-01;3.0750000e+02;3.5799968e-01;3.0750000e+02;3.5988218e-01;3.0750000e+02;3.0090117e-01;3.0750000e+02;2.1220344e-01;3.0750000e+02;1.4649723e-01;3.0750000e+02;8.8216402e-02;3.0750000e+02;3.5099998e-02;3.0750000e+02;-1.3777136e-02;3.0750000e+02;-6.4815700e-02;3.0750000e+02;-1.1414291e-01;3.0750000e+02;-1.6233169e-01;3.0750000e+02;-7.3557362e-02;3.0750000e+02;-3.4855016e-02;3.0750000e+02;2.7530616e-02;3.0750000e+02;1.0850350e-01;3.0750000e+02;2.0124267e-01;3.0750000e+02;2.8523859e-01;3.0750000e+02;3.3121821e-01;3.0750000e+02;3.5799968e-01;3.0750000e+02;3.5988218e-01;3.0750000e+02;3.0090117e-01;3.0750000e+02;2.1220344e-01;3.0750000e+02;1.4649723e-01;3.0750000e+02;8.8216402e-02;3.0750000e+02;3.5099998e-02;3.0750000e+02;-1.3777136e-02;3.0750000e+02;-6.4815700e-02;3.0750000e+02;-1.1414291e-01;3.0750000e+02;-1.6233169e-01;3.0750000e+02;-7.3557362e-02;3.0750000e+02;-3.4855016e-02;3.0750000e+02;2.7530616e-02;3.0750000e+02;1.0850350e-01;3.0750000e+02;2.0124267e-01;3.0750000e+02;2.8523859e-01;3.0750000e+02;3.3121821e-01;3.0750000e+02;3.5799968e-01;3.0750000e+02;3.5988218e-01;3.0750000e+02;3.0090117e-01;3.0750000e+02;2.1220344e-01;3.0750000e+02;1.4649723e-01;3.0750000e+02;8.8216402e-02;3.0750000e+02;3.5099998e-02;3.0750000e+02;-1.3777136e-02;3.0750000e+02;-6.4815700e-02;3.0750000e+02;-1.1414291e-01;3.0750000e+02;-1.6233169e-01;3.0750000e+02;-7.3557362e-02;3.0750000e+02;-3.4855016e-02;3.0750000e+02;2.7530616e-02;3.0750000e+02;1.0850350e-01;3.0750000e+02;2.0124267e-01;3.0750000e+02;2.8523859e-01;3.0750000e+02;3.3121821e-01;3.0750000e+02;3.5799968e-01;3.0750000e+02;3.5988218e-01;3.0750000e+02;3.0090117e-01;3.0750000e+02;2.1220344e-01;3.0750000e+02;1.4649723e-01;3.0750000e+02;8.8216402e-02;3.0750000e+02;3.5099998e-02;3.0750000e+02;-1.3777136e-02;3.0750000e+02;-6.4815700e-02;3.0750000e+02;-1.1414291e-01;3.0750000e+02;-1.6233169e-01;3.0750000e+02;-7.3557362e-02;3.0750000e+02;-3.4855016e-02;3.0750000e+02;2.7530616e-02;3.0750000e+02;1.0850350e-01;3.0750000e+02;2.0124267e-01;3.0750000e+02;2.8523859e-01;3.0750000e+02;3.3121821e-01;3.0750000e+02;3.5799968e-01;3.0750000e+02;3.5988218e-01;3.0750000e+02;3.0090117e-01;3.0750000e+02;2.1220344e-01;3.0750000e+02;1.4649723e-01;3.0750000e+02;8.8216402e-02;3.0750000e+02;3.5099998e-02;3.0750000e+02;-1.3777136e-02;3.0750000e+02;-6.4815700e-02;3.0750000e+02;-1.1414291e-01;3.0750000e+02;-1.6233169e-01;3.0750000e+02;-7.3557362e-02;3.0750000e+02;-3.4855016e-02;3.0750000e+02;2.7530616e-02;3.0750000e+02;1.0850350e-01;3.0750000e+02;2.0124267e-01;3.0750000e+02;2.8523859e-01;3.0750000e+02;3.3121821e-01;3.0750000e+02;3.5799968e-01;3.0750000e+02;3.5988218e-01;3.0750000e+02;3.0090117e-01;3.0750000e+02;2.1220344e-01;3.0750000e+02;1.4649723e-01;3.0750000e+02;8.8216402e-02;3.0750000e+02;3.5099998e-02;3.0750000e+02;-1.3777136e-02;3.0750000e+02;-6.4815700e-02;3.0750000e+02;-1.1414291e-01;3.0750000e+02;-1.6233169e-01;3.0750000e+02;-7.3557362e-02;3.0750000e+02;-3.4855016e-02;3.0750000e+02;2.7530616e-02;3.0750000e+02;1.0850350e-01;3.0750000e+02;2.0124267e-01;3.0750000e+02;2.8523859e-01;3.0750000e+02;3.3121821e-01;3.0750000e+02;3.5799968e-01;3.0750000e+02;3.5988218e-01;3.0750000e+02;3.0090117e-01;3.0750000e+02;2.1220344e-01;3.0750000e+02;1.4649723e-01;3.0750000e+02;8.8216402e-02;3.0750000e+02;3.5099998e-02;3.0750000e+02;-1.3777136e-02;3.0750000e+02;-6.4815700e-02;3.0750000e+02;-1.1414291e-01;3.0750000e+02;-1.6233169e-01;3.0750000e+02;-7.3557362e-02;3.0750000e+02;-3.4855016e-02;3.0750000e+02;2.7530616e-02;3.0750000e+02;1.0850350e-01;3.0750000e+02;2.0124267e-01;3.0750000e+02;2.8523859e-01;3.0750000e+02;3.3121821e-01;3.0750000e+02;3.5799968e-01;3.0750000e+02;3.5988218e-01;3.0750000e+02;3.0090117e-01;3.0750000e+02;2.1220344e-01;3.0750000e+02;1.4649723e-01;3.0750000e+02;8.8216402e-02;3.0750000e+02;3.5099998e-02;3.0750000e+02;-1.3777136e-02;3.0750000e+02;-6.4815700e-02;3.0750000e+02;-1.1414291e-01;3.0750000e+02;-1.6233169e-01;3.0750000e+02;-7.3557362e-02;3.0750000e+02;-3.4855016e-02;3.0750000e+02;2.7530616e-02;3.0750000e+02;1.0850350e-01;3.0750000e+02;2.0124267e-01;3.0750000e+02;2.8523859e-01;3.0750000e+02;3.3121821e-01;3.0750000e+02;3.5799968e-01;3.0750000e+02;3.5988218e-01;3.0750000e+02;3.0090117e-01;3.0750000e+02;2.1220344e-01;3.0750000e+02;1.4649723e-01;3.0750000e+02;8.8216402e-02;3.0750000e+02;3.5099998e-02;3.0750000e+02;-1.3777136e-02;3.0750000e+02;-6.4815700e-02;3.0750000e+02;-1.1414291e-01;3.0750000e+02;-1.6233169e-01;3.0750000e+02;-7.3557362e-02;3.0750000e+02;-3.4855016e-02;3.0750000e+02;2.7530616e-02;3.0750000e+02;1.0850350e-01;3.0750000e+02;2.0124267e-01;3.0750000e+02;2.8523859e-01;3.0750000e+02;3.3121821e-01;3.0750000e+02;3.5799968e-01;3.0750000e+02;3.5988218e-01;3.0750000e+02;3.0090117e-01;3.0750000e+02;2.1220344e-01;3.0750000e+02;1.4649723e-01;3.0750000e+02;8.8216402e-02;3.0750000e+02;3.5099998e-02;3.0750000e+02;-1.3777136e-02;3.0750000e+02;-6.4815700e-02;3.0750000e+02;-1.1414291e-01;3.0750000e+02;-1.6233169e-01;3.0750000e+02;-7.3557362e-02;3.0750000e+02;-3.4855016e-02;3.0750000e+02;2.7530616e-02;3.0750000e+02;1.0850350e-01;3.0750000e+02;2.0124267e-01;3.0750000e+02;2.8523859e-01;3.0750000e+02;3.3121821e-01;3.0750000e+02;3.5799968e-01;3.0750000e+02;3.5988218e-01;3.0750000e+02;3.0090117e-01;3.0750000e+02;2.1220344e-01;3.0750000e+02;1.4649723e-01;3.0750000e+02;8.8216402e-02;3.0750000e+02;3.5099998e-02;3.0750000e+02;-1.3777136e-02;3.0750000e+02;-6.4815700e-02;3.0750000e+02;-1.1414291e-01;3.0750000e+02;-1.6233169e-01;3.0750000e+02;-7.3557362e-02;3.0750000e+02;-3.4855016e-02;3.0750000e+02;2.7530616e-02;3.0750000e+02;1.0850350e-01;3.0750000e+02;2.0124267e-01;3.0750000e+02;2.8523859e-01;3.0750000e+02;3.3121821e-01;3.0750000e+02;3.5799968e-01;3.0750000e+02;3.5988218e-01;3.0750000e+02;3.0090117e-01;3.0750000e+02;2.1220344e-01;3.0750000e+02;1.4649723e-01;3.0750000e+02;8.8216402e-02;3.0750000e+02;3.5099998e-02;3.0750000e+02;-1.3777136e-02;3.0750000e+02;-6.4815700e-02;3.0750000e+02;-1.1414291e-01;3.0750000e+02;-1.6233169e-01;3.0750000e+02;-7.3557362e-02;3.0750000e+02;-3.4855016e-02;3.0750000e+02;2.7530616e-02;3.0750000e+02;1.0850350e-01;3.0750000e+02;2.0124267e-01;3.0750000e+02;2.8523859e-01;3.0750000e+02;3.3121821e-01;3.0750000e+02;3.5799968e-01;3.0750000e+02;3.5988218e-01;3.0750000e+02;3.0090117e-01;3.0750000e+02;2.1220344e-01;3.0750000e+02;1.4649723e-01;3.0750000e+02;8.8216402e-02;3.0750000e+02;3.5099998e-02;3.0750000e+02;-1.3777136e-02;3.0750000e+02;-6.4815700e-02;3.0750000e+02;-1.1414291e-01;3.0750000e+02;-1.6233169e-01;3.0750000e+02;-7.3557362e-02;3.0750000e+02;-3.4855016e-02;3.0750000e+02;2.7530616e-02;3.0750000e+02;1.0850350e-01;3.0750000e+02;2.0124267e-01;3.0750000e+02;2.8523859e-01;3.0750000e+02;3.3121821e-01;3.0750000e+02;3.5799968e-01;3.0750000e+02;3.5988218e-01;3.0750000e+02;3.0090117e-01;3.0750000e+02;2.1220344e-01;3.0750000e+02;1.4649723e-01;3.0750000e+02;8.8216402e-02;3.0750000e+02;3.5099998e-02;3.0750000e+02;-1.3777136e-02;3.0750000e+02;-6.4815700e-02;3.0750000e+02;-1.1414291e-01;3.0750000e+02;-1.6233169e-01;3.0750000e+02;-7.3557362e-02;3.0750000e+02;-3.4855016e-02;3.0750000e+02;2.7530616e-02;3.0750000e+02;1.0850350e-01;3.0750000e+02;2.0124267e-01;3.0750000e+02;2.8523859e-01;3.0750000e+02;3.3121821e-01;3.0750000e+02;3.5799968e-01;3.0750000e+02;3.5988218e-01;3.0750000e+02;3.0090117e-01;3.0750000e+02;2.1220344e-01;3.0750000e+02;1.4649723e-01;3.0750000e+02;8.8216402e-02;3.0750000e+02;3.5099998e-02;3.0750000e+02;-1.3777136e-02;3.0750000e+02;-6.4815700e-02;3.0750000e+02;-1.1414291e-01;3.0750000e+02;-1.6233169e-01;3.0750000e+02;-7.3557362e-02;3.0750000e+02;-3.4855016e-02;3.0750000e+02;2.7530616e-02;3.0750000e+02;1.0850350e-01;3.0750000e+02;2.0124267e-01;3.0750000e+02;2.8523859e-01;3.0750000e+02;3.3121821e-01;3.0750000e+02;3.5799968e-01;3.0750000e+02;3.5988218e-01;3.0750000e+02;3.0090117e-01;3.0750000e+02;2.1220344e-01;3.0750000e+02;1.4649723e-01;3.0750000e+02;8.8216402e-02;3.0750000e+02;3.5099998e-02;3.0750000e+02;-1.3777136e-02;3.0750000e+02;-6.4815700e-02;3.0750000e+02;-1.1414291e-01;3.0750000e+02;-1.6233169e-01;3.0750000e+02;-7.3557362e-02;3.0750000e+02;-3.4855016e-02;3.0750000e+02;2.7530616e-02;3.0750000e+02;1.0850350e-01;3.0750000e+02;2.0124267e-01;3.0750000e+02;2.8523859e-01;3.0750000e+02;3.3121821e-01;3.0750000e+02;3.5799968e-01;3.0750000e+02;3.5988218e-01;3.0750000e+02;3.0090117e-01;3.0750000e+02;2.1220344e-01;3.0750000e+02;1.4649723e-01;3.0750000e+02;8.8216402e-02;3.0750000e+02;3.5099998e-02;3.0750000e+02;-1.3777136e-02;3.0750000e+02;-6.4815700e-02;3.0750000e+02;-1.1414291e-01;3.0750000e+02;-1.6233169e-01;3.0750000e+02;-7.3557362e-02;3.0750000e+02;-3.4855016e-02;3.0750000e+02;2.7530616e-02;3.0750000e+02;1.0850350e-01;3.0750000e+02;2.0124267e-01;3.0750000e+02;2.8523859e-01;3.0750000e+02;3.3121821e-01;3.0750000e+02;3.5799968e-01;3.0750000e+02;3.5988218e-01;3.0750000e+02;3.0090117e-01;3.0750000e+02;2.1220344e-01;3.0750000e+02;1.4649723e-01;3.0750000e+02;8.8216402e-02;3.0750000e+02;3.5099998e-02;3.0750000e+02;-1.3777136e-02;3.0750000e+02;-6.4815700e-02;3.0750000e+02;-1.1414291e-01;3.0750000e+02;-1.6233169e-01;3.0750000e+02;-7.3557362e-02;3.0750000e+02;-3.4855016e-02;3.0750000e+02;2.7530616e-02;3.0750000e+02;1.0850350e-01;3.0750000e+02;2.0124267e-01;3.0750000e+02;2.8523859e-01;3.0750000e+02;3.3121821e-01;3.0750000e+02;3.5799968e-01;3.0750000e+02;3.5988218e-01;3.0750000e+02;3.0090117e-01;3.0750000e+02;2.1220344e-01;3.0750000e+02;1.4649723e-01;3.0750000e+02;8.8216402e-02;3.0750000e+02;3.5099998e-02;3.0750000e+02;-1.3777136e-02;3.0750000e+02;-6.4815700e-02;3.0750000e+02;-1.1414291e-01;3.0750000e+02;-1.6233169e-01;3.0750000e+02;-7.3557362e-02;3.0750000e+02;-3.4855016e-02;3.0750000e+02;2.7530616e-02;3.0750000e+02;1.0850350e-01;3.0750000e+02;2.0124267e-01;3.0750000e+02;2.8523859e-01;3.0750000e+02;3.3121821e-01;3.0750000e+02;3.5799968e-01;3.0750000e+02;3.5988218e-01;3.0750000e+02;3.0090117e-01;3.0750000e+02;2.1220344e-01;3.0750000e+02;1.4649723e-01;3.0750000e+02;8.8216402e-02;3.0750000e+02;3.5099998e-02;3.0750000e+02;-1.3777136e-02;3.0750000e+02;-6.4815700e-02;3.0750000e+02;-1.1414291e-01;3.0750000e+02;-1.6233169e-01;3.0750000e+02;-7.3557362e-02;3.0750000e+02;-3.4855016e-02;3.0750000e+02;2.7530616e-02;3.0750000e+02;1.0850350e-01;3.0750000e+02;2.0124267e-01;3.0750000e+02;2.8523859e-01;3.0750000e+02;3.3121821e-01;3.0750000e+02;3.5799968e-01;3.0750000e+02;3.5988218e-01;3.0750000e+02;3.0090117e-01;3.0750000e+02;2.1220344e-01;3.0750000e+02;1.4649723e-01;3.0750000e+02;8.8216402e-02;3.0750000e+02;3.5099998e-02;3.0750000e+02;-1.3777136e-02;3.0750000e+02;-6.4815700e-02;3.0750000e+02;-1.1414291e-01;3.0750000e+02;-1.6233169e-01;3.0750000e+02;-7.3557362e-02;3.0750000e+02;-3.4855016e-02;3.0750000e+02;2.7530616e-02;3.0750000e+02;1.0850350e-01;3.0750000e+02;2.0124267e-01;3.0750000e+02;2.8523859e-01;3.0750000e+02;3.3121821e-01;3.0750000e+02;3.5799968e-01;3.0750000e+02;3.5988218e-01;3.0750000e+02;3.0090117e-01;3.0750000e+02;2.1220344e-01;3.0750000e+02;1.4649723e-01;3.0750000e+02;8.8216402e-02;3.0750000e+02;3.5099998e-02;3.0750000e+02;-1.3777136e-02;3.0750000e+02;-6.4815700e-02;3.0750000e+02;-1.1414291e-01;3.0750000e+02;-1.6233169e-01;3.0750000e+02;-7.3557362e-02;3.0750000e+02;-3.4855016e-02;3.0750000e+02;2.7530616e-02;3.0750000e+02;1.0850350e-01;3.0750000e+02;2.0124267e-01;3.0750000e+02;2.8523859e-01;3.0750000e+02;3.3121821e-01;3.0750000e+02;3.5799968e-01;3.0750000e+02;3.5988218e-01;3.0750000e+02;3.0090117e-01;3.0750000e+02;2.1220344e-01;3.0750000e+02;1.4649723e-01;3.0750000e+02;8.8216402e-02;3.0750000e+02;3.5099998e-02;3.0750000e+02;-1.3777136e-02;3.0750000e+02;-6.4815700e-02;3.0750000e+02;-1.1414291e-01;3.0750000e+02;-1.6233169e-01;3.0750000e+02;-7.3557362e-02;3.0750000e+02;-3.4855016e-02;3.0750000e+02;2.7530616e-02;3.0750000e+02;1.0850350e-01;3.0750000e+02;2.0124267e-01;3.0750000e+02;2.8523859e-01;3.0750000e+02;3.3121821e-01;3.0750000e+02;3.5799968e-01;3.0750000e+02;3.5988218e-01;3.0750000e+02;3.0090117e-01;3.0750000e+02;2.1220344e-01;3.0750000e+02;1.4649723e-01;3.0750000e+02;8.8216402e-02;3.0750000e+02;3.5099998e-02;3.0750000e+02;-1.3777136e-02;3.0750000e+02;-6.4815700e-02;3.0750000e+02;-1.1414291e-01;3.0750000e+02;-1.6233169e-01;3.0750000e+02;-7.3557362e-02;3.0750000e+02;-3.4855016e-02;3.0750000e+02;2.7530616e-02;3.0750000e+02;1.0850350e-01;3.0750000e+02;2.0124267e-01;3.0750000e+02;2.8523859e-01;3.0750000e+02;3.3121821e-01;3.0750000e+02;3.5799968e-01;3.0750000e+02;3.5988218e-01;3.0750000e+02;3.0090117e-01;3.0750000e+02;2.1220344e-01;3.0750000e+02;1.4649723e-01;3.0750000e+02;8.8216402e-02;3.0750000e+02;3.5099998e-02;3.0750000e+02;-1.3777136e-02;3.0750000e+02;-6.4815700e-02;3.0750000e+02;-1.1414291e-01;3.0750000e+02;-1.6233169e-01;3.0750000e+02;-7.3557362e-02;3.0750000e+02;-3.4855016e-02;3.0750000e+02;2.7530616e-02;3.0750000e+02;1.0850350e-01;3.0750000e+02;2.0124267e-01;3.0750000e+02;2.8523859e-01;3.0750000e+02;3.3121821e-01;3.0750000e+02;3.5799968e-01;3.0750000e+02;3.5988218e-01;3.0750000e+02;3.0090117e-01;3.0750000e+02;2.1220344e-01;3.0750000e+02;1.4649723e-01;3.0750000e+02;8.8216402e-02;3.0750000e+02;3.5099998e-02;3.0750000e+02;-1.3777136e-02;3.0750000e+02;-6.4815700e-02;3.0750000e+02;-1.1414291e-01;3.0750000e+02;-1.6233169e-01;3.0750000e+02;-7.3557362e-02;3.0750000e+02;-3.4855016e-02;3.0750000e+02;2.7530616e-02;3.0750000e+02;1.0850350e-01;3.0750000e+02;2.0124267e-01;3.0750000e+02;2.8523859e-01;3.0750000e+02;3.3121821e-01;3.0750000e+02;3.5799968e-01;3.0750000e+02;3.5988218e-01;3.0750000e+02;3.0090117e-01;3.0750000e+02;2.1220344e-01;3.0750000e+02;1.4649723e-01;3.0750000e+02;8.8216402e-02;3.0750000e+02;3.5099998e-02;3.0750000e+02;-1.3777136e-02;3.0750000e+02;-6.4815700e-02;3.0750000e+02;-1.1414291e-01;3.0750000e+02;-1.6233169e-01;3.0750000e+02;-7.3557362e-02;3.0750000e+02;-3.4855016e-02;3.0750000e+02;2.7530616e-02;3.0750000e+02;1.0850350e-01;3.0750000e+02;2.0124267e-01;3.0750000e+02;2.8523859e-01;3.0750000e+02;3.3121821e-01;3.0750000e+02;3.5799968e-01;3.0750000e+02;3.5988218e-01;3.0750000e+02;3.0090117e-01;3.0750000e+02;2.1220344e-01;3.0750000e+02;1.4649723e-01;3.0750000e+02;8.8216402e-02;3.0750000e+02;3.5099998e-02;3.0750000e+02;-1.3777136e-02;3.0750000e+02;-6.4815700e-02;3.0750000e+02;-1.1414291e-01;3.0750000e+02;-1.6233169e-01;3.0750000e+02;-7.3557362e-02;3.0750000e+02;-3.4855016e-02;3.0750000e+02;2.7530616e-02;3.0750000e+02;1.0850350e-01;3.0750000e+02;2.0124267e-01;3.0750000e+02;2.8523859e-01;3.0750000e+02;3.3121821e-01;3.0750000e+02;3.5799968e-01;3.0750000e+02;3.5988218e-01;3.0750000e+02;3.0090117e-01;3.0750000e+02;2.1220344e-01;3.0750000e+02;1.4649723e-01;3.0750000e+02;8.8216402e-02;3.0750000e+02;3.5099998e-02;3.0750000e+02;-1.3777136e-02;3.0750000e+02;-6.4815700e-02;3.0750000e+02;-1.1414291e-01;3.0750000e+02;-1.6233169e-01;3.0750000e+02;-7.3557362e-02;3.0750000e+02;-3.4855016e-02;3.0750000e+02;2.7530616e-02;3.0750000e+02;1.0850350e-01;3.0750000e+02;2.0124267e-01;3.0750000e+02;2.8523859e-01;3.0750000e+02;3.3121821e-01;3.0750000e+02;3.5799968e-01;3.0750000e+02;3.5988218e-01;3.0750000e+02;3.0090117e-01;3.0750000e+02;2.1220344e-01;3.0750000e+02;1.4649723e-01;3.0750000e+02;8.8216402e-02;3.0750000e+02;3.5099998e-02;3.0750000e+02;-1.3777136e-02;3.0750000e+02;-6.4815700e-02;3.0750000e+02;-1.1414291e-01;3.0750000e+02;-1.6233169e-01;3.0750000e+02;-7.3557362e-02;3.0750000e+02;-3.4855016e-02;3.0750000e+02;2.7530616e-02;3.0750000e+02;1.0850350e-01;3.0750000e+02;2.0124267e-01;3.0750000e+02;2.8523859e-01;3.0750000e+02;3.3121821e-01;3.0750000e+02;3.5799968e-01;3.0750000e+02;3.5988218e-01;3.0750000e+02;3.0090117e-01;3.0750000e+02;2.1220344e-01;3.0750000e+02;1.4649723e-01;3.0750000e+02;8.8216402e-02;3.0750000e+02;3.5099998e-02;3.0750000e+02;-1.3777136e-02;3.0750000e+02;-6.4815700e-02;3.0750000e+02;-1.1414291e-01;3.0750000e+02;-1.6233169e-01
3.1250000e+02;-7.6849811e-02;3.1250000e+02;-3.9476037e-02;3.1250000e+02;1.7975841e-02;3.1250000e+02;9.4133310e-02;3.1250000e+02;1.8223941e-01;3.1250000e+02;2.5901505e-01;3.1250000e+02;3.0512041e-01;3.1250000e+02;3.4284046e-01;3.1250000e+02;3.6034024e-01;3.1250000e+02;3.0780226e-01;3.1250000e+02;2.1408388e-01;3.1250000e+02;1.4208543e-01;3.1250000e+02;8.0052659e-02;3.1250000e+02;2.4332017e-02;3.1250000e+02;-2.7476978e-02;3.1250000e+02;-7.8594424e-02;3.1250000e+02;-1.2879020e-01;3.1250000e+02;-1.7930427e-01;3.1250000e+02;-7.6849811e-02;3.1250000e+02;-3.9476037e-02;3.1250000e+02;1.7975841e-02;3.1250000e+02;9.4133310e-02;3.1250000e+02;1.8223941e-01;3.1250000e+02;2.5901505e-01;3.1250000e+02;3.0512041e-01;3.1250000e+02;3.4284046e-01;3.1250000e+02;3.6034024e-01;3.1250000e+02;3.0780226e-01;3.1250000e+02;2.1408388e-01;3.1250000e+02;1.4208543e-01;3.1250000e+02;8.0052659e-02;3.1250000e+02;2.4332017e-02;3.1250000e+02;-2.7476978e-02;3.1250000e+02;-7.8594424e-02;3.1250000e+02;-1.2879020e-01;3.1250000e+02;-1.7930427e-01;3.1250000e+02;-7.6849811e-02;3.1250000e+02;-3.9476037e-02;3.1250000e+02;1.7975841e-02;3.1250000e+02;9.4133310e-02;3.1250000e+02;1.8223941e-01;3.1250000e+02;2.5901505e-01;3.1250000e+02;3.0512041e-01;3.1250000e+02;3.4284046e-01;3.1250000e+02;3.6034024e-01;3.1250000e+02;3.0780226e-01;3.1250000e+02;2.1408388e-01;3.1250000e+02;1.4208543e-01;3.1250000e+02;8.0052659e-02;3.1250000e+02;2.4332017e-02;3.1250000e+02;-2.7476978e-02;3.1250000e+02;-7.8594424e-02;3.1250000e+02;-1.2879020e-01;3.1250000e+02;-1.7930427e-01;3.1250000e+02;-7.6849811e-02;3.1250000e+02;-3.9476037e-02;3.1250000e+02;1.7975841e-02;3.1250000e+02;9.4133310e-02;3.1250000e+02;1.8223941e-01;3.1250000e+02;2.5901505e-01;3.1250000e+02;3.0512041e-01;3.1250000e+02;3.4284046e-01;3.1250000e+02;3.6034024e-01;3.1250000e+02;3.0780226e-01;3.1250000e+02;2.1408388e-01;3.1250000e+02;1.4208543e-01;3.1250000e+02;8.0052659e-02;3.1250000e+02;2.4332017e-02;3.1250000e+02;-2.7476978e-02;3.1250000e+02;-7.8594424e-02;3.1250000e+02;-1.2879020e-01;3.1250000e+02;-1.7930427e-01;3.1250000e+02;-7.6849811e-02;3.1250000e+02;-3.9476037e-02;3.1250000e+02;1.7975841e-02;3.1250000e+02;9.4133310e-02;3.1250000e+02;1.8223941e-01;3.1250000e+02;2.5901505e-01;3.1250000e+02;3.0512041e-01;3.1250000e+02;3.4284046e-01;3.1250000e+02;3.6034024e-01;3.1250000e+02;3.0780226e-01;3.1250000e+02;2.1408388e-01;3.1250000e+02;1.4208543e-01;3.1250000e+02;8.0052659e-02;3.1250000e+02;2.4332017e-02;3.1250000e+02;-2.7476978e-02;3.1250000e+02;-7.8594424e-02;3.1250000e+02;-1.2879020e-01;3.1250000e+02;-1.7930427e-01;3.1250000e+02;-7.6849811e-02;3.1250000e+02;-3.9476037e-02;3.1250000e+02;1.7975841e-02;3.1250000e+02;9.4133310e-02;3.1250000e+02;1.8223941e-01;3.1250000e+02;2.5901505e-01;3.1250000e+02;3.0512041e-01;3.1250000e+02;3.4284046e-01;3.1250000e+02;3.6034024e-01;3.1250000e+02;3.0780226e-01;3.1250000e+02;2.1408388e-01;3.1250000e+02;1.4208543e-01;3.1250000e+02;8.0052659e-02;3.1250000e+02;2.4332017e-02;3.1250000e+02;-2.7476978e-02;3.1250000e+02;-7.8594424e-02;3.1250000e+02;-1.2879020e-01;3.1250000e+02;-1.7930427e-01;3.1250000e+02;-7.6849811e-02;3.1250000e+02;-3.9476037e-02;3.1250000e+02;1.7975841e-02;3.1250000e+02;9.4133310e-02;3.1250000e+02;1.8223941e-01;3.1250000e+02;2.5901505e-01;3.1250000e+02;3.0512041e-01;3.1250000e+02;3.4284046e-01;3.1250000e+02;3.6034024e-01;3.1250000e+02;3.0780226e-01;3.1250000e+02;2.1408388e-01;3.1250000e+02;1.4208543e-01;3.1250000e+02;8.0052659e-02;3.1250000e+02;2.4332017e-02;3.1250000e+02;-2.7476978e-02;3.1250000e+02;-7.8594424e-02;3.1250000e+02;-1.2879020e-01;3.1250000e+02;-1.7930427e-01;3.1250000e+02;-7.6849811e-02;3.1250000e+02;-3.9476037e-02;3.1250000e+02;1.7975841e-02;3.1250000e+02;9.4133310e-02;3.1250000e+02;1.8223941e-01;3.1250000e+02;2.5901505e-01;3.1250000e+02;3.0512041e-01;3.1250000e+02;3.4284046e-01;3.1250000e+02;3.6034024e-01;3.1250000e+02;3.0780226e-01;3.1250000e+02;2.1408388e-01;3.1250000e+02;1.4208543e-01;3.1250000e+02;8.0052659e-02;3.1250000e+02;2.4332017e-02;3.1250000e+02;-2.7476978e-02;3.1250000e+02;-7.8594424e-02;3.1250000e+02;-1.2879020e-01;3.1250000e+02;-1.7930427e-01;3.1250000e+02;-7.6849811e-02;3.1250000e+02;-3.9476037e-02;3.1250000e+02;1.7975841e-02;3.1250000e+02;9.4133310e-02;3.1250000e+02;1.8223941e-01;3.1250000e+02;2.5901505e-01;3.1250000e+02;3.0512041e-01;3.1250000e+02;3.4284046e-01;3.1250000e+02;3.6034024e-01;3.1250000e+02;3.0780226e-01;3.1250000e+02;2.1408388e-01;3.1250000e+02;1.4208543e-01;3.1250000e+02;8.0052659e-02;3.1250000e+02;2.4332017e-02;3.1250000e+02;-2.7476978e-02;3.1250000e+02;-7.8594424e-02;3.1250000e+02;-1.2879020e-01;3.1250000e+02;-1.7930427e-01;3.1250000e+02;-7.6849811e-02;3.1250000e+02;-3.9476037e-02;3.1250000e+02;1.7975841e-02;3.1250000e+02;9.4133310e-02;3.1250000e+02;1.8223941e-01;3.1250000e+02;2.5901505e-01;3.1250000e+02;3.0512041e-01;3.1250000e+02;3.4284046e-01;3.1250000e+02;3.6034024e-01;3.1250000e+02;3.0780226e-01;3.1250000e+02;2.1408388e-01;3.1250000e+02;1.4208543e-01;3.1250000e+02;8.0052659e-02;3.1250000e+02;2.4332017e-02;3.1250000e+02;-2.7476978e-02;3.1250000e+02;-7.8594424e-02;3.1250000e+02;-1.2879020e-01;3.1250000e+02;-1.7930427e-01;3.1250000e+02;-7.6849811e-02;3.1250000e+02;-3.9476037e-02;3.1250000e+02;1.7975841e-02;3.1250000e+02;9.4133310e-02;3.1250000e+02;1.8223941e-01;3.1250000e+02;2.5901505e-01;3.1250000e+02;3.0512041e-01;3.1250000e+02;3.4284046e-01;3.1250000e+02;3.6034024e-01;3.1250000e+02;3.0780226e-01;3.1250000e+02;2.1408388e-01;3.1250000e+02;1.4208543e-01;3.1250000e+02;8.0052659e-02;3.1250000e+02;2.4332017e-02;3.1250000e+02;-2.7476978e-02;3.1250000e+02;-7.8594424e-02;3.1250000e+02;-1.2879020e-01;3.1250000e+02;-1.7930427e-01;3.1250000e+02;-7.6849811e-02;3.1250000e+02;-3.9476037e-02;3.1250000e+02;1.7975841e-02;3.1250000e+02;9.4133310e-02;3.1250000e+02;1.8223941e-01;3.1250000e+02;2.5901505e-01;3.1250000e+02;3.0512041e-01;3.1250000e+02;3.4284046e-01;3.1250000e+02;3.6034024e-01;3.1250000e+02;3.0780226e-01;3.1250000e+02;2.1408388e-01;3.1250000e+02;1.4208543e-01;3.1250000e+02;8.0052659e-02;3.1250000e+02;2.4332017e-02;3.1250000e+02;-2.7476978e-02;3.1250000e+02;-7.8594424e-02;3.1250000e+02;-1.2879020e-01;3.1250000e+02;-1.7930427e-01;3.1250000e+02;-7.6849811e-02;3.1250000e+02;-3.9476037e-02;3.1250000e+02;1.7975841e-02;3.1250000e+02;9.4133310e-02;3.1250000e+02;1.8223941e-01;3.1250000e+02;2.5901505e-01;3.1250000e+02;3.0512041e-01;3.1250000e+02;3.4284046e-01;3.1250000e+02;3.6034024e-01;3.1250000e+02;3.0780226e-01;3.1250000e+02;2.1408388e-01;3.1250000e+02;1.4208543e-01;3.1250000e+02;8.0052659e-02;3.1250000e+02;2.4332017e-02;3.1250000e+02;-2.7476978e-02;3.1250000e+02;-7.8594424e-02;3.1250000e+02;-1.2879020e-01;3.1250000e+02;-1.7930427e-01;3.1250000e+02;-7.6849811e-02;3.1250000e+02;-3.9476037e-02;3.1250000e+02;1.7975841e-02;3.1250000e+02;9.4133310e-02;3.1250000e+02;1.8223941e-01;3.1250000e+02;2.5901505e-01;3.1250000e+02;3.0512041e-01;3.1250000e+02;3.4284046e-01;3.1250000e+02;3.6034024e-01;3.1250000e+02;3.0780226e-01;3.1250000e+02;2.1408388e-01;3.1250000e+02;1.4208543e-01;3.1250000e+02;8.0052659e-02;3.1250000e+02;2.4332017e-02;3.1250000e+02;-2.7476978e-02;3.1250000e+02;-7.8594424e-02;3.1250000e+02;-1.2879020e-01;3.1250000e+02;-1.7930427e-01;3.1250000e+02;-7.6849811e-02;3.1250000e+02;-3.9476037e-02;3.1250000e+02;1.7975841e-02;3.1250000e+02;9.4133310e-02;3.1250000e+02;1.8223941e-01;3.1250000e+02;2.5901505e-01;3.1250000e+02;3.0512041e-01;3.1250000e+02;3.4284046e-01;3.1250000e+02;3.6034024e-01;3.1250000e+02;3.0780226e-01;3.1250000e+02;2.1408388e-01;3.1250000e+02;1.4208543e-01;3.1250000e+02;8.0052659e-02;3.1250000e+02;2.4332017e-02;3.1250000e+02;-2.7476978e-02;3.1250000e+02;-7.8594424e-02;3.1250000e+02;-1.2879020e-01;3.1250000e+02;-1.7930427e-01;3.1250000e+02;-7.6849811e-02;3.1250000e+02;-3.9476037e-02;3.1250000e+02;1.7975841e-02;3.1250000e+02;9.4133310e-02;3.1250000e+02;1.8223941e-01;3.1250000e+02;2.5901505e-01;3.1250000e+02;3.0512041e-01;3.1250000e+02;3.4284046e-01;3.1250000e+02;3.6034024e-01;3.1250000e+02;3.0780226e-01;3.1250000e+02;2.1408388e-01;3.1250000e+02;1.4208543e-01;3.1250000e+02;8.0052659e-02;3.1250000e+02;2.4332017e-02;3.1250000e+02;-2.7476978e-02;3.1250000e+02;-7.8594424e-02;3.1250000e+02;-1.2879020e-01;3.1250000e+02;-1.7930427e-01;3.1250000e+02;-7.6849811e-02;3.1250000e+02;-3.9476037e-02;3.1250000e+02;1.7975841e-02;3.1250000e+02;9.4133310e-02;3.1250000e+02;1.8223941e-01;3.1250000e+02;2.5901505e-01;3.1250000e+02;3.0512041e-01;3.1250000e+02;3.4284046e-01;3.1250000e+02;3.6034024e-01;3.1250000e+02;3.0780226e-01;3.1250000e+02;2.1408388e-01;3.1250000e+02;1.4208543e-01;3.1250000e+02;8.0052659e-02;3.1250000e+02;2.4332017e-02;3.1250000e+02;-2.7476978e-02;3.1250000e+02;-7.8594424e-02;3.1250000e+02;-1.2879020e-01;3.1250000e+02;-1.7930427e-01;3.1250000e+02;-7.6849811e-02;3.1250000e+02;-3.9476037e-02;3.1250000e+02;1.7975841e-02;3.1250000e+02;9.4133310e-02;3.1250000e+02;1.8223941e-01;3.1250000e+02;2.5901505e-01;3.1250000e+02;3.0512041e-01;3.1250000e+02;3.4284046e-01;3.1250000e+02;3.6034024e-01;3.1250000e+02;3.0780226e-01;3.1250000e+02;2.1408388e-01;3.1250000e+02;1.4208543e-01;3.1250000e+02;8.0052659e-02;3.1250000e+02;2.4332017e-02;3.1250000e+02;-2.7476978e-02;3.1250000e+02;-7.8594424e-02;3.1250000e+02;-1.2879020e-01;3.1250000e+02;-1.7930427e-01;3.1250000e+02;-7.6849811e-02;3.1250000e+02;-3.9476037e-02;3.1250000e+02;1.7975841e-02;3.1250000e+02;9.4133310e-02;3.1250000e+02;1.8223941e-01;3.1250000e+02;2.5901505e-01;3.1250000e+02;3.0512041e-01;3.1250000e+02;3.4284046e-01;3.1250000e+02;3.6034024e-01;3.1250000e+02;3.0780226e-01;3.1250000e+02;2.1408388e-01;3.1250000e+02;1.4208543e-01;3.1250000e+02;8.0052659e-02;3.1250000e+02;2.4332017e-02;3.1250000e+02;-2.7476978e-02;3.1250000e+02;-7.8594424e-02;3.1250000e+02;-1.2879020e-01;3.1250000e+02;-1.7930427e-01;3.1250000e+02;-7.6849811e-02;3.1250000e+02;-3.9476037e-02;3.1250000e+02;1.7975841e-02;3.1250000e+02;9.4133310e-02;3.1250000e+02;1.8223941e-01;3.1250000e+02;2.5901505e-01;3.1250000e+02;3.0512041e-01;3.1250000e+02;3.4284046e-01;3.1250000e+02;3.6034024e-01;3.1250000e+02;3.0780226e-01;3.1250000e+02;2.1408388e-01;3.1250000e+02;1.4208543e-01;3.1250000e+02;8.0052659e-02;3.1250000e+02;2.4332017e-02;3.1250000e+02;-2.7476978e-02;3.1250000e+02;-7.8594424e-02;3.1250000e+02;-1.2879020e-01;3.1250000e+02;-1.7930427e-01;3.1250000e+02;-7.6849811e-02;3.1250000e+02;-3.9476037e-02;3.1250000e+02;1.7975841e-02;3.1250000e+02;9.4133310e-02;3.1250000e+02;1.8223941e-01;3.1250000e+02;2.5901505e-01;3.1250000e+02;3.0512041e-01;3.1250000e+02;3.4284046e-01;3.1250000e+02;3.6034024e-01;3.1250000e+02;3.0780226e-01;3.1250000e+02;2.1408388e-01;3.1250000e+02;1.4208543e-01;3.1250000e+02;8.0052659e-02;3.1250000e+02;2.4332017e-02;3.1250000e+02;-2.7476978e-02;3.1250000e+02;-7.8594424e-02;3.1250000e+02;-1.2879020e-01;3.1250000e+02;-1.7930427e-01;3.1250000e+02;-7.6849811e-02;3.1250000e+02;-3.9476037e-02;3.1250000e+02;1.7975841e-02;3.1250000e+02;9.4133310e-02;3.1250000e+02;1.8223941e-01;3.1250000e+02;2.5901505e-01;3.1250000e+02;3.0512041e-01;3.1250000e+02;3.4284046e-01;3.1250000e+02;3.6034024e-01;3.1250000e+02;3.0780226e-01;3.1250000e+02;2.1408388e-01;3.1250000e+02;1.4208543e-01;3.1250000e+02;8.0052659e-02;3.1250000e+02;2.4332017e-02;3.1250000e+02;-2.7476978e-02;3.1250000e+02;-7.8594424e-02;3.1250000e+02;-1.2879020e-01;3.1250000e+02;-1.7930427e-01;3.1250000e+02;-7.6849811e-02;3.1250000e+02;-3.9476037e-02;3.1250000e+02;1.7975841e-02;3.1250000e+02;9.4133310e-02;3.1250000e+02;1.8223941e-01;3.1250000e+02;2.5901505e-01;3.1250000e+02;3.0512041e-01;3.1250000e+02;3.4284046e-01;3.1250000e+02;3.6034024e-01;3.1250000e+02;3.0780226e-01;3.1250000e+02;2.1408388e-01;3.1250000e+02;1.4208543e-01;3.1250000e+02;8.0052659e-02;3.1250000e+02;2.4332017e-02;3.1250000e+02;-2.7476978e-02;3.1250000e+02;-7.8594424e-02;3.1250000e+02;-1.2879020e-01;3.1250000e+02;-1.7930427e-01;3.1250000e+02;-7.6849811e-02;3.1250000e+02;-3.9476037e-02;3.1250000e+02;1.7975841e-02;3.1250000e+02;9.4133310e-02;3.1250000e+02;1.8223941e-01;3.1250000e+02;2.5901505e-01;3.1250000e+02;3.0512041e-01;3.1250000e+02;3.4284046e-01;3.1250000e+02;3.6034024e-01;3.1250000e+02;3.0780226e-01;3.1250000e+02;2.1408388e-01;3.1250000e+02;1.4208543e-01;3.1250000e+02;8.0052659e-02;3.1250000e+02;2.4332017e-02;3.1250000e+02;-2.7476978e-02;3.1250000e+02;-7.8594424e-02;3.1250000e+02;-1.2879020e-01;3.1250000e+02;-1.7930427e-01;3.1250000e+02;-7.6849811e-02;3.1250000e+02;-3.9476037e-02;3.1250000e+02;1.7975841e-02;3.1250000e+02;9.4133310e-02;3.1250000e+02;1.8223941e-01;3.1250000e+02;2.5901505e-01;3.1250000e+02;3.0512041e-01;3.1250000e+02;3.4284046e-01;3.1250000e+02;3.6034024e-01;3.1250000e+02;3.0780226e-01;3.1250000e+02;2.1408388e-01;3.1250000e+02;1.4208543e-01;3.1250000e+02;8.0052659e-02;3.1250000e+02;2.4332017e-02;3.1250000e+02;-2.7476978e-02;3.1250000e+02;-7.8594424e-02;3.1250000e+02;-1.2879020e-01;3.1250000e+02;-1.7930427e-01;3.1250000e+02;-7.6849811e-02;3.1250000e+02;-3.9476037e-02;3.1250000e+02;1.7975841e-02;3.1250000e+02;9.4133310e-02;3.1250000e+02;1.8223941e-01;3.1250000e+02;2.5901505e-01;3.1250000e+02;3.0512041e-01;3.1250000e+02;3.4284046e-01;3.1250000e+02;3.6034024e-01;3.1250000e+02;3.0780226e-01;3.1250000e+02;2.1408388e-01;3.1250000e+02;1.4208543e-01;3.1250000e+02;8.0052659e-02;3.1250000e+02;2.4332017e-02;3.1250000e+02;-2.7476978e-02;3.1250000e+02;-7.8594424e-02;3.1250000e+02;-1.2879020e-01;3.1250000e+02;-1.7930427e-01;3.1250000e+02;-7.6849811e-02;3.1250000e+02;-3.9476037e-02;3.1250000e+02;1.7975841e-02;3.1250000e+02;9.4133310e-02;3.1250000e+02;1.8223941e-01;3.1250000e+02;2.5901505e-01;3.1250000e+02;3.0512041e-01;3.1250000e+02;3.4284046e-01;3.1250000e+02;3.6034024e-01;3.1250000e+02;3.0780226e-01;3.1250000e+02;2.1408388e-01;3.1250000e+02;1.4208543e-01;3.1250000e+02;8.0052659e-02;3.1250000e+02;2.4332017e-02;3.1250000e+02;-2.7476978e-02;3.1250000e+02;-7.8594424e-02;3.1250000e+02;-1.2879020e-01;3.1250000e+02;-1.7930427e-01;3.1250000e+02;-7.6849811e-02;3.1250000e+02;-3.9476037e-02;3.1250000e+02;1.7975841e-02;3.1250000e+02;9.4133310e-02;3.1250000e+02;1.8223941e-01;3.1250000e+02;2.5901505e-01;3.1250000e+02;3.0512041e-01;3.1250000e+02;3.4284046e-01;3.1250000e+02;3.6034024e-01;3.1250000e+02;3.0780226e-01;3.1250000e+02;2.1408388e-01;3.1250000e+02;1.4208543e-01;3.1250000e+02;8.0052659e-02;3.1250000e+02;2.4332017e-02;3.1250000e+02;-2.7476978e-02;3.1250000e+02;-7.8594424e-02;3.1250000e+02;-1.2879020e-01;3.1250000e+02;-1.7930427e-01;3.1250000e+02;-7.6849811e-02;3.1250000e+02;-3.9476037e-02;3.1250000e+02;1.7975841e-02;3.1250000e+02;9.4133310e-02;3.1250000e+02;1.8223941e-01;3.1250000e+02;2.5901505e-01;3.1250000e+02;3.0512041e-01;3.1250000e+02;3.4284046e-01;3.1250000e+02;3.6034024e-01;3.1250000e+02;3.0780226e-01;3.1250000e+02;2.1408388e-01;3.1250000e+02;1.4208543e-01;3.1250000e+02;8.0052659e-02;3.1250000e+02;2.4332017e-02;3.1250000e+02;-2.7476978e-02;3.1250000e+02;-7.8594424e-02;3.1250000e+02;-1.2879020e-01;3.1250000e+02;-1.7930427e-01;3.1250000e+02;-7.6849811e-02;3.1250000e+02;-3.9476037e-02;3.1250000e+02;1.7975841e-02;3.1250000e+02;9.4133310e-02;3.1250000e+02;1.8223941e-01;3.1250000e+02;2.5901505e-01;3.1250000e+02;3.0512041e-01;3.1250000e+02;3.4284046e-01;3.1250000e+02;3.6034024e-01;3.1250000e+02;3.0780226e-01;3.1250000e+02;2.1408388e-01;3.1250000e+02;1.4208543e-01;3.1250000e+02;8.0052659e-02;3.1250000e+02;2.4332017e-02;3.1250000e+02;-2.7476978e-02;3.1250000e+02;-7.8594424e-02;3.1250000e+02;-1.2879020e-01;3.1250000e+02;-1.7930427e-01;3.1250000e+02;-7.6849811e-02;3.1250000e+02;-3.9476037e-02;3.1250000e+02;1.7975841e-02;3.1250000e+02;9.4133310e-02;3.1250000e+02;1.8223941e-01;3.1250000e+02;2.5901505e-01;3.1250000e+02;3.0512041e-01;3.1250000e+02;3.4284046e-01;3.1250000e+02;3.6034024e-01;3.1250000e+02;3.0780226e-01;3.1250000e+02;2.1408388e-01;3.1250000e+02;1.4208543e-01;3.1250000e+02;8.0052659e-02;3.1250000e+02;2.4332017e-02;3.1250000e+02;-2.7476978e-02;3.1250000e+02;-7.8594424e-02;3.1250000e+02;-1.2879020e-01;3.1250000e+02;-1.7930427e-01;3.1250000e+02;-7.6849811e-02;3.1250000e+02;-3.9476037e-02;3.1250000e+02;1.7975841e-02;3.1250000e+02;9.4133310e-02;3.1250000e+02;1.8223941e-01;3.1250000e+02;2.5901505e-01;3.1250000e+02;3.0512041e-01;3.1250000e+02;3.4284046e-01;3.1250000e+02;3.6034024e-01;3.1250000e+02;3.0780226e-01;3.1250000e+02;2.1408388e-01;3.1250000e+02;1.4208543e-01;3.1250000e+02;8.0052659e-02;3.1250000e+02;2.4332017e-02;3.1250000e+02;-2.7476978e-02;3.1250000e+02;-7.8594424e-02;3.1250000e+02;-1.2879020e-01;3.1250000e+02;-1.7930427e-01;3.1250000e+02;-7.6849811e-02;3.1250000e+02;-3.9476037e-02;3.1250000e+02;1.7975841e-02;3.1250000e+02;9.4133310e-02;3.1250000e+02;1.8223941e-01;3.1250000e+02;2.5901505e-01;3.1250000e+02;3.0512041e-01;3.1250000e+02;3.4284046e-01;3.1250000e+02;3.6034024e-01;3.1250000e+02;3.0780226e-01;3.1250000e+02;2.1408388e-01;3.1250000e+02;1.4208543e-01;3.1250000e+02;8.0052659e-02;3.1250000e+02;2.4332017e-02;3.1250000e+02;-2.7476978e-02;3.1250000e+02;-7.8594424e-02;3.1250000e+02;-1.2879020e-01;3.1250000e+02;-1.7930427e-01;3.1250000e+02;-7.6849811e-02;3.1250000e+02;-3.9476037e-02;3.1250000e+02;1.7975841e-02;3.1250000e+02;9.4133310e-02;3.1250000e+02;1.8223941e-01;3.1250000e+02;2.5901505e-01;3.1250000e+02;3.0512041e-01;3.1250000e+02;3.4284046e-01;3.1250000e+02;3.6034024e-01;3.1250000e+02;3.0780226e-01;3.1250000e+02;2.1408388e-01;3.1250000e+02;1.4208543e-01;3.1250000e+02;8.0052659e-02;3.1250000e+02;2.4332017e-02;3.1250000e+02;-2.7476978e-02;3.1250000e+02;-7.8594424e-02;3.1250000e+02;-1.2879020e-01;3.1250000e+02;-1.7930427e-01;3.1250000e+02;-7.6849811e-02;3.1250000e+02;-3.9476037e-02;3.1250000e+02;1.7975841e-02;3.1250000e+02;9.4133310e-02;3.1250000e+02;1.8223941e-01;3.1250000e+02;2.5901505e-01;3.1250000e+02;3.0512041e-01;3.1250000e+02;3.4284046e-01;3.1250000e+02;3.6034024e-01;3.1250000e+02;3.0780226e-01;3.1250000e+02;2.1408388e-01;3.1250000e+02;1.4208543e-01;3.1250000e+02;8.0052659e-02;3.1250000e+02;2.4332017e-02;3.1250000e+02;-2.7476978e-02;3.1250000e+02;-7.8594424e-02;3.1250000e+02;-1.2879020e-01;3.1250000e+02;-1.7930427e-01;3.1250000e+02;-7.6849811e-02;3.1250000e+02;-3.9476037e-02;3.1250000e+02;1.7975841e-02;3.1250000e+02;9.4133310e-02;3.1250000e+02;1.8223941e-01;3.1250000e+02;2.5901505e-01;3.1250000e+02;3.0512041e-01;3.1250000e+02;3.4284046e-01;3.1250000e+02;3.6034024e-01;3.1250000e+02;3.0780226e-01;3.1250000e+02;2.1408388e-01;3.1250000e+02;1.4208543e-01;3.1250000e+02;8.0052659e-02;3.1250000e+02;2.4332017e-02;3.1250000e+02;-2.7476978e-02;3.1250000e+02;-7.8594424e-02;3.1250000e+02;-1.2879020e-01;3.1250000e+02;-1.7930427e-01;3.1250000e+02;-7.6849811e-02;3.1250000e+02;-3.9476037e-02;3.1250000e+02;1.7975841e-02;3.1250000e+02;9.4133310e-02;3.1250000e+02;1.8223941e-01;3.1250000e+02;2.5901505e-01;3.1250000e+02;3.0512041e-01;3.1250000e+02;3.4284046e-01;3.1250000e+02;3.6034024e-01;3.1250000e+02;3.0780226e-01;3.1250000e+02;2.1408388e-01;3.1250000e+02;1.4208543e-01;3.1250000e+02;8.0052659e-02;3.1250000e+02;2.4332017e-02;3.1250000e+02;-2.7476978e-02;3.1250000e+02;-7.8594424e-02;3.1250000e+02;-1.2879020e-01;3.1250000e+02;-1.7930427e-01;3.1250000e+02;-7.6849811e-02;3.1250000e+02;-3.9476037e-02;3.1250000e+02;1.7975841e-02;3.1250000e+02;9.4133310e-02;3.1250000e+02;1.8223941e-01;3.1250000e+02;2.5901505e-01;3.1250000e+02;3.0512041e-01;3.1250000e+02;3.4284046e-01;3.1250000e+02;3.6034024e-01;3.1250000e+02;3.0780226e-01;3.1250000e+02;2.1408388e-01;3.1250000e+02;1.4208543e-01;3.1250000e+02;8.0052659e-02;3.1250000e+02;2.4332017e-02;3.1250000e+02;-2.7476978e-02;3.1250000e+02;-7.8594424e-02;3.1250000e+02;-1.2879020e-01;3.1250000e+02;-1.7930427e-01;3.1250000e+02;-7.6849811e-02;3.1250000e+02;-3.9476037e-02;3.1250000e+02;1.7975841e-02;3.1250000e+02;9.4133310e-02;3.1250000e+02;1.8223941e-01;3.1250000e+02;2.5901505e-01;3.1250000e+02;3.0512041e-01;3.1250000e+02;3.4284046e-01;3.1250000e+02;3.6034024e-01;3.1250000e+02;3.0780226e-01;3.1250000e+02;2.1408388e-01;3.1250000e+02;1.4208543e-01;3.1250000e+02;8.0052659e-02;3.1250000e+02;2.4332017e-02;3.1250000e+02;-2.7476978e-02;3.1250000e+02;-7.8594424e-02;3.1250000e+02;-1.2879020e-01;3.1250000e+02;-1.7930427e-01;3.1250000e+02;-7.6849811e-02;3.1250000e+02;-3.9476037e-02;3.1250000e+02;1.7975841e-02;3.1250000e+02;9.4133310e-02;3.1250000e+02;1.8223941e-01;3.1250000e+02;2.5901505e-01;3.1250000e+02;3.0512041e-01;3.1250000e+02;3.4284046e-01;3.1250000e+02;3.6034024e-01;3.1250000e+02;3.0780226e-01;3.1250000e+02;2.1408388e-01;3.1250000e+02;1.4208543e-01;3.1250000e+02;8.0052659e-02;3.1250000e+02;2.4332017e-02;3.1250000e+02;-2.7476978e-02;3.1250000e+02;-7.8594424e-02;3.1250000e+02;-1.2879020e-01;3.1250000e+02;-1.7930427e-01;3.1250000e+02;-7.6849811e-02;3.1250000e+02;-3.9476037e-02;3.1250000e+02;1.7975841e-02;3.1250000e+02;9.4133310e-02;3.1250000e+02;1.8223941e-01;3.1250000e+02;2.5901505e-01;3.1250000e+02;3.0512041e-01;3.1250000e+02;3.4284046e-01;3.1250000e+02;3.6034024e-01;3.1250000e+02;3.0780226e-01;3.1250000e+02;2.1408388e-01;3.1250000e+02;1.4208543e-01;3.1250000e+02;8.0052659e-02;3.1250000e+02;2.4332017e-02;3.1250000e+02;-2.7476978e-02;3.1250000e+02;-7.8594424e-02;3.1250000e+02;-1.2879020e-01;3.1250000e+02;-1.7930427e-01;3.1250000e+02;-7.6849811e-02;3.1250000e+02;-3.9476037e-02;3.1250000e+02;1.7975841e-02;3.1250000e+02;9.4133310e-02;3.1250000e+02;1.8223941e-01;3.1250000e+02;2.5901505e-01;3.1250000e+02;3.0512041e-01;3.1250000e+02;3.4284046e-01;3.1250000e+02;3.6034024e-01;3.1250000e+02;3.0780226e-01;3.1250000e+02;2.1408388e-01;3.1250000e+02;1.4208543e-01;3.1250000e+02;8.0052659e-02;3.1250000e+02;2.4332017e-02;3.1250000e+02;-2.7476978e-02;3.1250000e+02;-7.8594424e-02;3.1250000e+02;-1.2879020e-01;3.1250000e+02;-1.7930427e-01;3.1250000e+02;-7.6849811e-02;3.1250000e+02;-3.9476037e-02;3.1250000e+02;1.7975841e-02;3.1250000e+02;9.4133310e-02;3.1250000e+02;1.8223941e-01;3.1250000e+02;2.5901505e-01;3.1250000e+02;3.0512041e-01;3.1250000e+02;3.4284046e-01;3.1250000e+02;3.6034024e-01;3.1250000e+02;3.0780226e-01;3.1250000e+02;2.1408388e-01;3.1250000e+02;1.4208543e-01;3.1250000e+02;8.0052659e-02;3.1250000e+02;2.4332017e-02;3.1250000e+02;-2.7476978e-02;3.1250000e+02;-7.8594424e-02;3.1250000e+02;-1.2879020e-01;3.1250000e+02;-1.7930427e-01;3.1250000e+02;-7.6849811e-02;3.1250000e+02;-3.9476037e-02;3.1250000e+02;1.7975841e-02;3.1250000e+02;9.4133310e-02;3.1250000e+02;1.8223941e-01;3.1250000e+02;2.5901505e-01;3.1250000e+02;3.0512041e-01;3.1250000e+02;3.4284046e-01;3.1250000e+02;3.6034024e-01;3.1250000e+02;3.0780226e-01;3.1250000e+02;2.1408388e-01;3.1250000e+02;1.4208543e-01;3.1250000e+02;8.0052659e-02;3.1250000e+02;2.4332017e-02;3.1250000e+02;-2.7476978e-02;3.1250000e+02;-7.8594424e-02;3.1250000e+02;-1.2879020e-01;3.1250000e+02;-1.7930427e-01;3.1250000e+02;-7.6849811e-02;3.1250000e+02;-3.9476037e-02;3.1250000e+02;1.7975841e-02;3.1250000e+02;9.4133310e-02;3.1250000e+02;1.8223941e-01;3.1250000e+02;2.5901505e-01;3.1250000e+02;3.0512041e-01;3.1250000e+02;3.4284046e-01;3.1250000e+02;3.6034024e-01;3.1250000e+02;3.0780226e-01;3.1250000e+02;2.1408388e-01;3.1250000e+02;1.4208543e-01;3.1250000e+02;8.0052659e-02;3.1250000e+02;2.4332017e-02;3.1250000e+02;-2.7476978e-02;3.1250000e+02;-7.8594424e-02;3.1250000e+02;-1.2879020e-01;3.1250000e+02;-1.7930427e-01;3.1250000e+02;-7.6849811e-02;3.1250000e+02;-3.9476037e-02;3.1250000e+02;1.7975841e-02;3.1250000e+02;9.4133310e-02;3.1250000e+02;1.8223941e-01;3.1250000e+02;2.5901505e-01;3.1250000e+02;3.0512041e-01;3.1250000e+02;3.4284046e-01;3.1250000e+02;3.6034024e-01;3.1250000e+02;3.0780226e-01;3.1250000e+02;2.1408388e-01;3.1250000e+02;1.4208543e-01;3.1250000e+02;8.0052659e-02;3.1250000e+02;2.4332017e-02;3.1250000e+02;-2.7476978e-02;3.1250000e+02;-7.8594424e-02;3.1250000e+02;-1.2879020e-01;3.1250000e+02;-1.7930427e-01;3.1250000e+02;-7.6849811e-02;3.1250000e+02;-3.9476037e-02;3.1250000e+02;1.7975841e-02;3.1250000e+02;9.4133310e-02;3.1250000e+02;1.8223941e-01;3.1250000e+02;2.5901505e-01;3.1250000e+02;3.0512041e-01;3.1250000e+02;3.4284046e-01;3.1250000e+02;3.6034024e-01;3.1250000e+02;3.0780226e-01;3.1250000e+02;2.1408388e-01;3.1250000e+02;1.4208543e-01;3.1250000e+02;8.0052659e-02;3.1250000e+02;2.4332017e-02;3.1250000e+02;-2.7476978e-02;3.1250000e+02;-7.8594424e-02;3.1250000e+02;-1.2879020e-01;3.1250000e+02;-1.7930427e-01;3.1250000e+02;-7.6849811e-02;3.1250000e+02;-3.9476037e-02;3.1250000e+02;1.7975841e-02;3.1250000e+02;9.4133310e-02;3.1250000e+02;1.8223941e-01;3.1250000e+02;2.5901505e-01;3.1250000e+02;3.0512041e-01;3.1250000e+02;3.4284046e-01;3.1250000e+02;3.6034024e-01;3.1250000e+02;3.0780226e-01;3.1250000e+02;2.1408388e-01;3.1250000e+02;1.4208543e-01;3.1250000e+02;8.0052659e-02;3.1250000e+02;2.4332017e-02;3.1250000e+02;-2.7476978e-02;3.1250000e+02;-7.8594424e-02;3.1250000e+02;-1.2879020e-01;3.1250000e+02;-1.7930427e-01;3.1250000e+02;-7.6849811e-02;3.1250000e+02;-3.9476037e-02;3.1250000e+02;1.7975841e-02;3.1250000e+02;9.4133310e-02;3.1250000e+02;1.8223941e-01;3.1250000e+02;2.5901505e-01;3.1250000e+02;3.0512041e-01;3.1250000e+02;3.4284046e-01;3.1250000e+02;3.6034024e-01;3.1250000e+02;3.0780226e-01;3.1250000e+02;2.1408388e-01;3.1250000e+02;1.4208543e-01;3.1250000e+02;8.0052659e-02;3.1250000e+02;2.4332017e-02;3.1250000e+02;-2.7476978e-02;3.1250000e+02;-7.8594424e-02;3.1250000e+02;-1.2879020e-01;3.1250000e+02;-1.7930427e-01;3.1250000e+02;-7.6849811e-02;3.1250000e+02;-3.9476037e-02;3.1250000e+02;1.7975841e-02;3.1250000e+02;9.4133310e-02;3.1250000e+02;1.8223941e-01;3.1250000e+02;2.5901505e-01;3.1250000e+02;3.0512041e-01;3.1250000e+02;3.4284046e-01;3.1250000e+02;3.6034024e-01;3.1250000e+02;3.0780226e-01;3.1250000e+02;2.1408388e-01;3.1250000e+02;1.4208543e-01;3.1250000e+02;8.0052659e-02;3.1250000e+02;2.4332017e-02;3.1250000e+02;-2.7476978e-02;3.1250000e+02;-7.8594424e-02;3.1250000e+02;-1.2879020e-01;3.1250000e+02;-1.7930427e-01;3.1250000e+02;-7.6849811e-02;3.1250000e+02;-3.9476037e-02;3.1250000e+02;1.7975841e-02;3.1250000e+02;9.4133310e-02;3.1250000e+02;1.8223941e-01;3.1250000e+02;2.5901505e-01;3.1250000e+02;3.0512041e-01;3.1250000e+02;3.4284046e-01;3.1250000e+02;3.6034024e-01;3.1250000e+02;3.0780226e-01;3.1250000e+02;2.1408388e-01;3.1250000e+02;1.4208543e-01;3.1250000e+02;8.0052659e-02;3.1250000e+02;2.4332017e-02;3.1250000e+02;-2.7476978e-02;3.1250000e+02;-7.8594424e-02;3.1250000e+02;-1.2879020e-01;3.1250000e+02;-1.7930427e-01;3.1250000e+02;-7.6849811e-02;3.1250000e+02;-3.9476037e-02;3.1250000e+02;1.7975841e-02;3.1250000e+02;9.4133310e-02;3.1250000e+02;1.8223941e-01;3.1250000e+02;2.5901505e-01;3.1250000e+02;3.0512041e-01;3.1250000e+02;3.4284046e-01;3.1250000e+02;3.6034024e-01;3.1250000e+02;3.0780226e-01;3.1250000e+02;2.1408388e-01;3.1250000e+02;1.4208543e-01;3.1250000e+02;8.0052659e-02;3.1250000e+02;2.4332017e-02;3.1250000e+02;-2.7476978e-02;3.1250000e+02;-7.8594424e-02;3.1250000e+02;-1.2879020e-01;3.1250000e+02;-1.7930427e-01;3.1250000e+02;-7.6849811e-02;3.1250000e+02;-3.9476037e-02;3.1250000e+02;1.7975841e-02;3.1250000e+02;9.4133310e-02;3.1250000e+02;1.8223941e-01;3.1250000e+02;2.5901505e-01;3.1250000e+02;3.0512041e-01;3.1250000e+02;3.4284046e-01;3.1250000e+02;3.6034024e-01;3.1250000e+02;3.0780226e-01;3.1250000e+02;2.1408388e-01;3.1250000e+02;1.4208543e-01;3.1250000e+02;8.0052659e-02;3.1250000e+02;2.4332017e-02;3.1250000e+02;-2.7476978e-02;3.1250000e+02;-7.8594424e-02;3.1250000e+02;-1.2879020e-01;3.1250000e+02;-1.7930427e-01;3.1250000e+02;-7.6849811e-02;3.1250000e+02;-3.9476037e-02;3.1250000e+02;1.7975841e-02;3.1250000e+02;9.4133310e-02;3.1250000e+02;1.8223941e-01;3.1250000e+02;2.5901505e-01;3.1250000e+02;3.0512041e-01;3.1250000e+02;3.4284046e-01;3.1250000e+02;3.6034024e-01;3.1250000e+02;3.0780226e-01;3.1250000e+02;2.1408388e-01;3.1250000e+02;1.4208543e-01;3.1250000e+02;8.0052659e-02;3.1250000e+02;2.4332017e-02;3.1250000e+02;-2.7476978e-02;3.1250000e+02;-7.8594424e-02;3.1250000e+02;-1.2879020e-01;3.1250000e+02;-1.7930427e-01;3.1250000e+02;-7.6849811e-02;3.1250000e+02;-3.9476037e-02;3.1250000e+02;1.7975841e-02;3.1250000e+02;9.4133310e-02;3.1250000e+02;1.8223941e-01;3.1250000e+02;2.5901505e-01;3.1250000e+02;3.0512041e-01;3.1250000e+02;3.4284046e-01;3.1250000e+02;3.6034024e-01;3.1250000e+02;3.0780226e-01;3.1250000e+02;2.1408388e-01;3.1250000e+02;1.4208543e-01;3.1250000e+02;8.0052659e-02;3.1250000e+02;2.4332017e-02;3.1250000e+02;-2.7476978e-02;3.1250000e+02;-7.8594424e-02;3.1250000e+02;-1.2879020e-01;3.1250000e+02;-1.7930427e-01;3.1250000e+02;-7.6849811e-02;3.1250000e+02;-3.9476037e-02;3.1250000e+02;1.7975841e-02;3.1250000e+02;9.4133310e-02;3.1250000e+02;1.8223941e-01;3.1250000e+02;2.5901505e-01;3.1250000e+02;3.0512041e-01;3.1250000e+02;3.4284046e-01;3.1250000e+02;3.6034024e-01;3.1250000e+02;3.0780226e-01;3.1250000e+02;2.1408388e-01;3.1250000e+02;1.4208543e-01;3.1250000e+02;8.0052659e-02;3.1250000e+02;2.4332017e-02;3.1250000e+02;-2.7476978e-02;3.1250000e+02;-7.8594424e-02;3.1250000e+02;-1.2879020e-01;3.1250000e+02;-1.7930427e-01;3.1250000e+02;-7.6849811e-02;3.1250000e+02;-3.9476037e-02;3.1250000e+02;1.7975841e-02;3.1250000e+02;9.4133310e-02;3.1250000e+02;1.8223941e-01;3.1250000e+02;2.5901505e-01;3.1250000e+02;3.0512041e-01;3.1250000e+02;3.4284046e-01;3.1250000e+02;3.6034024e-01;3.1250000e+02;3.0780226e-01;3.1250000e+02;2.1408388e-01;3.1250000e+02;1.4208543e-01;3.1250000e+02;8.0052659e-02;3.1250000e+02;2.4332017e-02;3.1250000e+02;-2.7476978e-02;3.1250000e+02;-7.8594424e-02;3.1250000e+02;-1.2879020e-01;3.1250000e+02;-1.7930427e-01;3.1250000e+02;-7.6849811e-02;3.1250000e+02;-3.9476037e-02;3.1250000e+02;1.7975841e-02;3.1250000e+02;9.4133310e-02;3.1250000e+02;1.8223941e-01;3.1250000e+02;2.5901505e-01;3.1250000e+02;3.0512041e-01;3.1250000e+02;3.4284046e-01;3.1250000e+02;3.6034024e-01;3.1250000e+02;3.0780226e-01;3.1250000e+02;2.1408388e-01;3.1250000e+02;1.4208543e-01;3.1250000e+02;8.0052659e-02;3.1250000e+02;2.4332017e-02;3.1250000e+02;-2.7476978e-02;3.1250000e+02;-7.8594424e-02;3.1250000e+02;-1.2879020e-01;3.1250000e+02;-1.7930427e-01;3.1250000e+02;-7.6849811e-02;3.1250000e+02;-3.9476037e-02;3.1250000e+02;1.7975841e-02;3.1250000e+02;9.4133310e-02;3.1250000e+02;1.8223941e-01;3.1250000e+02;2.5901505e-01;3.1250000e+02;3.0512041e-01;3.1250000e+02;3.4284046e-01;3.1250000e+02;3.6034024e-01;3.1250000e+02;3.0780226e-01;3.1250000e+02;2.1408388e-01;3.1250000e+02;1.4208543e-01;3.1250000e+02;8.0052659e-02;3.1250000e+02;2.4332017e-02;3.1250000e+02;-2.7476978e-02;3.1250000e+02;-7.8594424e-02;3.1250000e+02;-1.2879020e-01;3.1250000e+02;-1.7930427e-01;3.1250000e+02;-7.6849811e-02;3.1250000e+02;-3.9476037e-02;3.1250000e+02;1.7975841e-02;3.1250000e+02;9.4133310e-02;3.1250000e+02;1.8223941e-01;3.1250000e+02;2.5901505e-01;3.1250000e+02;3.0512041e-01;3.1250000e+02;3.4284046e-01;3.1250000e+02;3.6034024e-01;3.1250000e+02;3.0780226e-01;3.1250000e+02;2.1408388e-01;3.1250000e+02;1.4208543e-01;3.1250000e+02;8.0052659e-02;3.1250000e+02;2.4332017e-02;3.1250000e+02;-2.7476978e-02;3.1250000e+02;-7.8594424e-02;3.1250000e+02;-1.2879020e-01;3.1250000e+02;-1.7930427e-01;3.1250000e+02;-7.6849811e-02;3.1250000e+02;-3.9476037e-02;3.1250000e+02;1.7975841e-02;3.1250000e+02;9.4133310e-02;3.1250000e+02;1.8223941e-01;3.1250000e+02;2.5901505e-01;3.1250000e+02;3.0512041e-01;3.1250000e+02;3.4284046e-01;3.1250000e+02;3.6034024e-01;3.1250000e+02;3.0780226e-01;3.1250000e+02;2.1408388e-01;3.1250000e+02;1.4208543e-01;3.1250000e+02;8.0052659e-02;3.1250000e+02;2.4332017e-02;3.1250000e+02;-2.7476978e-02;3.1250000e+02;-7.8594424e-02;3.1250000e+02;-1.2879020e-01;3.1250000e+02;-1.7930427e-01;3.1250000e+02;-7.6849811e-02;3.1250000e+02;-3.9476037e-02;3.1250000e+02;1.7975841e-02;3.1250000e+02;9.4133310e-02;3.1250000e+02;1.8223941e-01;3.1250000e+02;2.5901505e-01;3.1250000e+02;3.0512041e-01;3.1250000e+02;3.4284046e-01;3.1250000e+02;3.6034024e-01;3.1250000e+02;3.0780226e-01;3.1250000e+02;2.1408388e-01;3.1250000e+02;1.4208543e-01;3.1250000e+02;8.0052659e-02;3.1250000e+02;2.4332017e-02;3.1250000e+02;-2.7476978e-02;3.1250000e+02;-7.8594424e-02;3.1250000e+02;-1.2879020e-01;3.1250000e+02;-1.7930427e-01;3.1250000e+02;-7.6849811e-02;3.1250000e+02;-3.9476037e-02;3.1250000e+02;1.7975841e-02;3.1250000e+02;9.4133310e-02;3.1250000e+02;1.8223941e-01;3.1250000e+02;2.5901505e-01;3.1250000e+02;3.0512041e-01;3.1250000e+02;3.4284046e-01;3.1250000e+02;3.6034024e-01;3.1250000e+02;3.0780226e-01;3.1250000e+02;2.1408388e-01;3.1250000e+02;1.4208543e-01;3.1250000e+02;8.0052659e-02;3.1250000e+02;2.4332017e-02;3.1250000e+02;-2.7476978e-02;3.1250000e+02;-7.8594424e-02;3.1250000e+02;-1.2879020e-01;3.1250000e+02;-1.7930427e-01;3.1250000e+02;-7.6849811e-02;3.1250000e+02;-3.9476037e-02;3.1250000e+02;1.7975841e-02;3.1250000e+02;9.4133310e-02;3.1250000e+02;1.8223941e-01;3.1250000e+02;2.5901505e-01;3.1250000e+02;3.0512041e-01;3.1250000e+02;3.4284046e-01;3.1250000e+02;3.6034024e-01;3.1250000e+02;3.0780226e-01;3.1250000e+02;2.1408388e-01;3.1250000e+02;1.4208543e-01;3.1250000e+02;8.0052659e-02;3.1250000e+02;2.4332017e-02;3.1250000e+02;-2.7476978e-02;3.1250000e+02;-7.8594424e-02;3.1250000e+02;-1.2879020e-01;3.1250000e+02;-1.7930427e-01;3.1250000e+02;-7.6849811e-02;3.1250000e+02;-3.9476037e-02;3.1250000e+02;1.7975841e-02;3.1250000e+02;9.4133310e-02;3.1250000e+02;1.8223941e-01;3.1250000e+02;2.5901505e-01;3.1250000e+02;3.0512041e-01;3.1250000e+02;3.4284046e-01;3.1250000e+02;3.6034024e-01;3.1250000e+02;3.0780226e-01;3.1250000e+02;2.1408388e-01;3.1250000e+02;1.4208543e-01;3.1250000e+02;8.0052659e-02;3.1250000e+02;2.4332017e-02;3.1250000e+02;-2.7476978e-02;3.1250000e+02;-7.8594424e-02;3.1250000e+02;-1.2879020e-01;3.1250000e+02;-1.7930427e-01;3.1250000e+02;-7.6849811e-02;3.1250000e+02;-3.9476037e-02;3.1250000e+02;1.7975841e-02;3.1250000e+02;9.4133310e-02;3.1250000e+02;1.8223941e-01;3.1250000e+02;2.5901505e-01;3.1250000e+02;3.0512041e-01;3.1250000e+02;3.4284046e-01;3.1250000e+02;3.6034024e-01;3.1250000e+02;3.0780226e-01;3.1250000e+02;2.1408388e-01;3.1250000e+02;1.4208543e-01;3.1250000e+02;8.0052659e-02;3.1250000e+02;2.4332017e-02;3.1250000e+02;-2.7476978e-02;3.1250000e+02;-7.8594424e-02;3.1250000e+02;-1.2879020e-01;3.1250000e+02;-1.7930427e-01;3.1250000e+02;-7.6849811e-02;3.1250000e+02;-3.9476037e-02;3.1250000e+02;1.7975841e-02;3.1250000e+02;9.4133310e-02;3.1250000e+02;1.8223941e-01;3.1250000e+02;2.5901505e-01;3.1250000e+02;3.0512041e-01;3.1250000e+02;3.4284046e-01;3.1250000e+02;3.6034024e-01;3.1250000e+02;3.0780226e-01;3.1250000e+02;2.1408388e-01;3.1250000e+02;1.4208543e-01;3.1250000e+02;8.0052659e-02;3.1250000e+02;2.4332017e-02;3.1250000e+02;-2.7476978e-02;3.1250000e+02;-7.8594424e-02;3.1250000e+02;-1.2879020e-01;3.1250000e+02;-1.7930427e-01;3.1250000e+02;-7.6849811e-02;3.1250000e+02;-3.9476037e-02;3.1250000e+02;1.7975841e-02;3.1250000e+02;9.4133310e-02;3.1250000e+02;1.8223941e-01;3.1250000e+02;2.5901505e-01;3.1250000e+02;3.0512041e-01;3.1250000e+02;3.4284046e-01;3.1250000e+02;3.6034024e-01;3.1250000e+02;3.0780226e-01;3.1250000e+02;2.1408388e-01;3.1250000e+02;1.4208543e-01;3.1250000e+02;8.0052659e-02;3.1250000e+02;2.4332017e-02;3.1250000e+02;-2.7476978e-02;3.1250000e+02;-7.8594424e-02;3.1250000e+02;-1.2879020e-01;3.1250000e+02;-1.7930427e-01;3.1250000e+02;-7.6849811e-02;3.1250000e+02;-3.9476037e-02;3.1250000e+02;1.7975841e-02;3.1250000e+02;9.4133310e-02;3.1250000e+02;1.8223941e-01;3.1250000e+02;2.5901505e-01;3.1250000e+02;3.0512041e-01;3.1250000e+02;3.4284046e-01;3.1250000e+02;3.6034024e-01;3.1250000e+02;3.0780226e-01;3.1250000e+02;2.1408388e-01;3.1250000e+02;1.4208543e-01;3.1250000e+02;8.0052659e-02;3.1250000e+02;2.4332017e-02;3.1250000e+02;-2.7476978e-02;3.1250000e+02;-7.8594424e-02;3.1250000e+02;-1.2879020e-01;3.1250000e+02;-1.7930427e-01;3.1250000e+02;-7.6849811e-02;3.1250000e+02;-3.9476037e-02;3.1250000e+02;1.7975841e-02;3.1250000e+02;9.4133310e-02;3.1250000e+02;1.8223941e-01;3.1250000e+02;2.5901505e-01;3.1250000e+02;3.0512041e-01;3.1250000e+02;3.4284046e-01;3.1250000e+02;3.6034024e-01;3.1250000e+02;3.0780226e-01;3.1250000e+02;2.1408388e-01;3.1250000e+02;1.4208543e-01;3.1250000e+02;8.0052659e-02;3.1250000e+02;2.4332017e-02;3.1250000e+02;-2.7476978e-02;3.1250000e+02;-7.8594424e-02;3.1250000e+02;-1.2879020e-01;3.1250000e+02;-1.7930427e-01;3.1250000e+02;-7.6849811e-02;3.1250000e+02;-3.9476037e-02;3.1250000e+02;1.7975841e-02;3.1250000e+02;9.4133310e-02;3.1250000e+02;1.8223941e-01;3.1250000e+02;2.5901505e-01;3.1250000e+02;3.0512041e-01;3.1250000e+02;3.4284046e-01;3.1250000e+02;3.6034024e-01;3.1250000e+02;3.0780226e-01;3.1250000e+02;2.1408388e-01;3.1250000e+02;1.4208543e-01;3.1250000e+02;8.0052659e-02;3.1250000e+02;2.4332017e-02;3.1250000e+02;-2.7476978e-02;3.1250000e+02;-7.8594424e-02;3.1250000e+02;-1.2879020e-01;3.1250000e+02;-1.7930427e-01;3.1250000e+02;-7.6849811e-02;3.1250000e+02;-3.9476037e-02;3.1250000e+02;1.7975841e-02;3.1250000e+02;9.4133310e-02;3.1250000e+02;1.8223941e-01;3.1250000e+02;2.5901505e-01;3.1250000e+02;3.0512041e-01;3.1250000e+02;3.4284046e-01;3.1250000e+02;3.6034024e-01;3.1250000e+02;3.0780226e-01;3.1250000e+02;2.1408388e-01;3.1250000e+02;1.4208543e-01;3.1250000e+02;8.0052659e-02;3.1250000e+02;2.4332017e-02;3.1250000e+02;-2.7476978e-02;3.1250000e+02;-7.8594424e-02;3.1250000e+02;-1.2879020e-01;3.1250000e+02;-1.7930427e-01;3.1250000e+02;-7.6849811e-02;3.1250000e+02;-3.9476037e-02;3.1250000e+02;1.7975841e-02;3.1250000e+02;9.4133310e-02;3.1250000e+02;1.8223941e-01;3.1250000e+02;2.5901505e-01;3.1250000e+02;3.0512041e-01;3.1250000e+02;3.4284046e-01;3.1250000e+02;3.6034024e-01;3.1250000e+02;3.0780226e-01;3.1250000e+02;2.1408388e-01;3.1250000e+02;1.4208543e-01;3.1250000e+02;8.0052659e-02;3.1250000e+02;2.4332017e-02;3.1250000e+02;-2.7476978e-02;3.1250000e+02;-7.8594424e-02;3.1250000e+02;-1.2879020e-01;3.1250000e+02;-1.7930427e-01;3.1250000e+02;-7.6849811e-02;3.1250000e+02;-3.9476037e-02;3.1250000e+02;1.7975841e-02;3.1250000e+02;9.4133310e-02;3.1250000e+02;1.8223941e-01;3.1250000e+02;2.5901505e-01;3.1250000e+02;3.0512041e-01;3.1250000e+02;3.4284046e-01;3.1250000e+02;3.6034024e-01;3.1250000e+02;3.0780226e-01;3.1250000e+02;2.1408388e-01;3.1250000e+02;1.4208543e-01;3.1250000e+02;8.0052659e-02;3.1250000e+02;2.4332017e-02;3.1250000e+02;-2.7476978e-02;3.1250000e+02;-7.8594424e-02;3.1250000e+02;-1.2879020e-01;3.1250000e+02;-1.7930427e-01;3.1250000e+02;-7.6849811e-02;3.1250000e+02;-3.9476037e-02;3.1250000e+02;1.7975841e-02;3.1250000e+02;9.4133310e-02;3.1250000e+02;1.8223941e-01;3.1250000e+02;2.5901505e-01;3.1250000e+02;3.0512041e-01;3.1250000e+02;3.4284046e-01;3.1250000e+02;3.6034024e-01;3.1250000e+02;3.0780226e-01;3.1250000e+02;2.1408388e-01;3.1250000e+02;1.4208543e-01;3.1250000e+02;8.0052659e-02;3.1250000e+02;2.4332017e-02;3.1250000e+02;-2.7476978e-02;3.1250000e+02;-7.8594424e-02;3.1250000e+02;-1.2879020e-01;3.1250000e+02;-1.7930427e-01;3.1250000e+02;-7.6849811e-02;3.1250000e+02;-3.9476037e-02;3.1250000e+02;1.7975841e-02;3.1250000e+02;9.4133310e-02;3.1250000e+02;1.8223941e-01;3.1250000e+02;2.5901505e-01;3.1250000e+02;3.0512041e-01;3.1250000e+02;3.4284046e-01;3.1250000e+02;3.6034024e-01;3.1250000e+02;3.0780226e-01;3.1250000e+02;2.1408388e-01;3.1250000e+02;1.4208543e-01;3.1250000e+02;8.0052659e-02;3.1250000e+02;2.4332017e-02;3.1250000e+02;-2.7476978e-02;3.1250000e+02;-7.8594424e-02;3.1250000e+02;-1.2879020e-01;3.1250000e+02;-1.7930427e-01;3.1250000e+02;-7.6849811e-02;3.1250000e+02;-3.9476037e-02;3.1250000e+02;1.7975841e-02;3.1250000e+02;9.4133310e-02;3.1250000e+02;1.8223941e-01;3.1250000e+02;2.5901505e-01;3.1250000e+02;3.0512041e-01;3.1250000e+02;3.4284046e-01;3.1250000e+02;3.6034024e-01;3.1250000e+02;3.0780226e-01;3.1250000e+02;2.1408388e-01;3.1250000e+02;1.4208543e-01;3.1250000e+02;8.0052659e-02;3.1250000e+02;2.4332017e-02;3.1250000e+02;-2.7476978e-02;3.1250000e+02;-7.8594424e-02;3.1250000e+02;-1.2879020e-01;3.1250000e+02;-1.7930427e-01;3.1250000e+02;-7.6849811e-02;3.1250000e+02;-3.9476037e-02;3.1250000e+02;1.7975841e-02;3.1250000e+02;9.4133310e-02;3.1250000e+02;1.8223941e-01;3.1250000e+02;2.5901505e-01;3.1250000e+02;3.0512041e-01;3.1250000e+02;3.4284046e-01;3.1250000e+02;3.6034024e-01;3.1250000e+02;3.0780226e-01;3.1250000e+02;2.1408388e-01;3.1250000e+02;1.4208543e-01;3.1250000e+02;8.0052659e-02;3.1250000e+02;2.4332017e-02;3.1250000e+02;-2.7476978e-02;3.1250000e+02;-7.8594424e-02;3.1250000e+02;-1.2879020e-01;3.1250000e+02;-1.7930427e-01;3.1250000e+02;-7.6849811e-02;3.1250000e+02;-3.9476037e-02;3.1250000e+02;1.7975841e-02;3.1250000e+02;9.4133310e-02;3.1250000e+02;1.8223941e-01;3.1250000e+02;2.5901505e-01;3.1250000e+02;3.0512041e-01;3.1250000e+02;3.4284046e-01;3.1250000e+02;3.6034024e-01;3.1250000e+02;3.0780226e-01;3.1250000e+02;2.1408388e-01;3.1250000e+02;1.4208543e-01;3.1250000e+02;8.0052659e-02;3.1250000e+02;2.4332017e-02;3.1250000e+02;-2.7476978e-02;3.1250000e+02;-7.8594424e-02;3.1250000e+02;-1.2879020e-01;3.1250000e+02;-1.7930427e-01;3.1250000e+02;-7.6849811e-02;3.1250000e+02;-3.9476037e-02;3.1250000e+02;1.7975841e-02;3.1250000e+02;9.4133310e-02;3.1250000e+02;1.8223941e-01;3.1250000e+02;2.5901505e-01;3.1250000e+02;3.0512041e-01;3.1250000e+02;3.4284046e-01;3.1250000e+02;3.6034024e-01;3.1250000e+02;3.0780226e-01;3.1250000e+02;2.1408388e-01;3.1250000e+02;1.4208543e-01;3.1250000e+02;8.0052659e-02;3.1250000e+02;2.4332017e-02;3.1250000e+02;-2.7476978e-02;3.1250000e+02;-7.8594424e-02;3.1250000e+02;-1.2879020e-01;3.1250000e+02;-1.7930427e-01;3.1250000e+02;-7.6849811e-02;3.1250000e+02;-3.9476037e-02;3.1250000e+02;1.7975841e-02;3.1250000e+02;9.4133310e-02;3.1250000e+02;1.8223941e-01;3.1250000e+02;2.5901505e-01;3.1250000e+02;3.0512041e-01;3.1250000e+02;3.4284046e-01;3.1250000e+02;3.6034024e-01;3.1250000e+02;3.0780226e-01;3.1250000e+02;2.1408388e-01;3.1250000e+02;1.4208543e-01;3.1250000e+02;8.0052659e-02;3.1250000e+02;2.4332017e-02;3.1250000e+02;-2.7476978e-02;3.1250000e+02;-7.8594424e-02;3.1250000e+02;-1.2879020e-01;3.1250000e+02;-1.7930427e-01;3.1250000e+02;-7.6849811e-02;3.1250000e+02;-3.9476037e-02;3.1250000e+02;1.7975841e-02;3.1250000e+02;9.4133310e-02;3.1250000e+02;1.8223941e-01;3.1250000e+02;2.5901505e-01;3.1250000e+02;3.0512041e-01;3.1250000e+02;3.4284046e-01;3.1250000e+02;3.6034024e-01;3.1250000e+02;3.0780226e-01;3.1250000e+02;2.1408388e-01;3.1250000e+02;1.4208543e-01;3.1250000e+02;8.0052659e-02;3.1250000e+02;2.4332017e-02;3.1250000e+02;-2.7476978e-02;3.1250000e+02;-7.8594424e-02;3.1250000e+02;-1.2879020e-01;3.1250000e+02;-1.7930427e-01;3.1250000e+02;-7.6849811e-02;3.1250000e+02;-3.9476037e-02;3.1250000e+02;1.7975841e-02;3.1250000e+02;9.4133310e-02;3.1250000e+02;1.8223941e-01;3.1250000e+02;2.5901505e-01;3.1250000e+02;3.0512041e-01;3.1250000e+02;3.4284046e-01;3.1250000e+02;3.6034024e-01;3.1250000e+02;3.0780226e-01;3.1250000e+02;2.1408388e-01;3.1250000e+02;1.4208543e-01;3.1250000e+02;8.0052659e-02;3.1250000e+02;2.4332017e-02;3.1250000e+02;-2.7476978e-02;3.1250000e+02;-7.8594424e-02;3.1250000e+02;-1.2879020e-01;3.1250000e+02;-1.7930427e-01
3.1750000e+02;-8.0466650e-02;3.1750000e+02;-4.6809755e-02;3.1750000e+02;5.8934502e-03;3.1750000e+02;7.5287923e-02;3.1750000e+02;1.5658963e-01;3.1750000e+02;2.2324863e-01;3.1750000e+02;2.7242160e-01;3.1750000e+02;3.2167387e-01;3.1750000e+02;3.5610485e-01;3.1750000e+02;3.1016973e-01;3.1750000e+02;2.1562688e-01;3.1750000e+02;1.3860029e-01;3.1750000e+02;7.3502056e-02;3.1750000e+02;1.5472092e-02;3.1750000e+02;-3.8124219e-02;3.1750000e+02;-9.0247631e-02;3.1750000e+02;-1.4098424e-01;3.1750000e+02;-1.9189580e-01;3.1750000e+02;-8.0466650e-02;3.1750000e+02;-4.6809755e-02;3.1750000e+02;5.8934502e-03;3.1750000e+02;7.5287923e-02;3.1750000e+02;1.5658963e-01;3.1750000e+02;2.2324863e-01;3.1750000e+02;2.7242160e-01;3.1750000e+02;3.2167387e-01;3.1750000e+02;3.5610485e-01;3.1750000e+02;3.1016973e-01;3.1750000e+02;2.1562688e-01;3.1750000e+02;1.3860029e-01;3.1750000e+02;7.3502056e-02;3.1750000e+02;1.5472092e-02;3.1750000e+02;-3.8124219e-02;3.1750000e+02;-9.0247631e-02;3.1750000e+02;-1.4098424e-01;3.1750000e+02;-1.9189580e-01;3.1750000e+02;-8.0466650e-02;3.1750000e+02;-4.6809755e-02;3.1750000e+02;5.8934502e-03;3.1750000e+02;7.5287923e-02;3.1750000e+02;1.5658963e-01;3.1750000e+02;2.2324863e-01;3.1750000e+02;2.7242160e-01;3.1750000e+02;3.2167387e-01;3.1750000e+02;3.5610485e-01;3.1750000e+02;3.1016973e-01;3.1750000e+02;2.1562688e-01;3.1750000e+02;1.3860029e-01;3.1750000e+02;7.3502056e-02;3.1750000e+02;1.5472092e-02;3.1750000e+02;-3.8124219e-02;3.1750000e+02;-9.0247631e-02;3.1750000e+02;-1.4098424e-01;3.1750000e+02;-1.9189580e-01;3.1750000e+02;-8.0466650e-02;3.1750000e+02;-4.6809755e-02;3.1750000e+02;5.8934502e-03;3.1750000e+02;7.5287923e-02;3.1750000e+02;1.5658963e-01;3.1750000e+02;2.2324863e-01;3.1750000e+02;2.7242160e-01;3.1750000e+02;3.2167387e-01;3.1750000e+02;3.5610485e-01;3.1750000e+02;3.1016973e-01;3.1750000e+02;2.1562688e-01;3.1750000e+02;1.3860029e-01;3.1750000e+02;7.3502056e-02;3.1750000e+02;1.5472092e-02;3.1750000e+02;-3.8124219e-02;3.1750000e+02;-9.0247631e-02;3.1750000e+02;-1.4098424e-01;3.1750000e+02;-1.9189580e-01;3.1750000e+02;-8.0466650e-02;3.1750000e+02;-4.6809755e-02;3.1750000e+02;5.8934502e-03;3.1750000e+02;7.5287923e-02;3.1750000e+02;1.5658963e-01;3.1750000e+02;2.2324863e-01;3.1750000e+02;2.7242160e-01;3.1750000e+02;3.2167387e-01;3.1750000e+02;3.5610485e-01;3.1750000e+02;3.1016973e-01;3.1750000e+02;2.1562688e-01;3.1750000e+02;1.3860029e-01;3.1750000e+02;7.3502056e-02;3.1750000e+02;1.5472092e-02;3.1750000e+02;-3.8124219e-02;3.1750000e+02;-9.0247631e-02;3.1750000e+02;-1.4098424e-01;3.1750000e+02;-1.9189580e-01;3.1750000e+02;-8.0466650e-02;3.1750000e+02;-4.6809755e-02;3.1750000e+02;5.8934502e-03;3.1750000e+02;7.5287923e-02;3.1750000e+02;1.5658963e-01;3.1750000e+02;2.2324863e-01;3.1750000e+02;2.7242160e-01;3.1750000e+02;3.2167387e-01;3.1750000e+02;3.5610485e-01;3.1750000e+02;3.1016973e-01;3.1750000e+02;2.1562688e-01;3.1750000e+02;1.3860029e-01;3.1750000e+02;7.3502056e-02;3.1750000e+02;1.5472092e-02;3.1750000e+02;-3.8124219e-02;3.1750000e+02;-9.0247631e-02;3.1750000e+02;-1.4098424e-01;3.1750000e+02;-1.9189580e-01;3.1750000e+02;-8.0466650e-02;3.1750000e+02;-4.6809755e-02;3.1750000e+02;5.8934502e-03;3.1750000e+02;7.5287923e-02;3.1750000e+02;1.5658963e-01;3.1750000e+02;2.2324863e-01;3.1750000e+02;2.7242160e-01;3.1750000e+02;3.2167387e-01;3.1750000e+02;3.5610485e-01;3.1750000e+02;3.1016973e-01;3.1750000e+02;2.1562688e-01;3.1750000e+02;1.3860029e-01;3.1750000e+02;7.3502056e-02;3.1750000e+02;1.5472092e-02;3.1750000e+02;-3.8124219e-02;3.1750000e+02;-9.0247631e-02;3.1750000e+02;-1.4098424e-01;3.1750000e+02;-1.9189580e-01;3.1750000e+02;-8.0466650e-02;3.1750000e+02;-4.6809755e-02;3.1750000e+02;5.8934502e-03;3.1750000e+02;7.5287923e-02;3.1750000e+02;1.5658963e-01;3.1750000e+02;2.2324863e-01;3.1750000e+02;2.7242160e-01;3.1750000e+02;3.2167387e-01;3.1750000e+02;3.5610485e-01;3.1750000e+02;3.1016973e-01;3.1750000e+02;2.1562688e-01;3.1750000e+02;1.3860029e-01;3.1750000e+02;7.3502056e-02;3.1750000e+02;1.5472092e-02;3.1750000e+02;-3.8124219e-02;3.1750000e+02;-9.0247631e-02;3.1750000e+02;-1.4098424e-01;3.1750000e+02;-1.9189580e-01;3.1750000e+02;-8.0466650e-02;3.1750000e+02;-4.6809755e-02;3.1750000e+02;5.8934502e-03;3.1750000e+02;7.5287923e-02;3.1750000e+02;1.5658963e-01;3.1750000e+02;2.2324863e-01;3.1750000e+02;2.7242160e-01;3.1750000e+02;3.2167387e-01;3.1750000e+02;3.5610485e-01;3.1750000e+02;3.1016973e-01;3.1750000e+02;2.1562688e-01;3.1750000e+02;1.3860029e-01;3.1750000e+02;7.3502056e-02;3.1750000e+02;1.5472092e-02;3.1750000e+02;-3.8124219e-02;3.1750000e+02;-9.0247631e-02;3.1750000e+02;-1.4098424e-01;3.1750000e+02;-1.9189580e-01;3.1750000e+02;-8.0466650e-02;3.1750000e+02;-4.6809755e-02;3.1750000e+02;5.8934502e-03;3.1750000e+02;7.5287923e-02;3.1750000e+02;1.5658963e-01;3.1750000e+02;2.2324863e-01;3.1750000e+02;2.7242160e-01;3.1750000e+02;3.2167387e-01;3.1750000e+02;3.5610485e-01;3.1750000e+02;3.1016973e-01;3.1750000e+02;2.1562688e-01;3.1750000e+02;1.3860029e-01;3.1750000e+02;7.3502056e-02;3.1750000e+02;1.5472092e-02;3.1750000e+02;-3.8124219e-02;3.1750000e+02;-9.0247631e-02;3.1750000e+02;-1.4098424e-01;3.1750000e+02;-1.9189580e-01;3.1750000e+02;-8.0466650e-02;3.1750000e+02;-4.6809755e-02;3.1750000e+02;5.8934502e-03;3.1750000e+02;7.5287923e-02;3.1750000e+02;1.5658963e-01;3.1750000e+02;2.2324863e-01;3.1750000e+02;2.7242160e-01;3.1750000e+02;3.2167387e-01;3.1750000e+02;3.5610485e-01;3.1750000e+02;3.1016973e-01;3.1750000e+02;2.1562688e-01;3.1750000e+02;1.3860029e-01;3.1750000e+02;7.3502056e-02;3.1750000e+02;1.5472092e-02;3.1750000e+02;-3.8124219e-02;3.1750000e+02;-9.0247631e-02;3.1750000e+02;-1.4098424e-01;3.1750000e+02;-1.9189580e-01;3.1750000e+02;-8.0466650e-02;3.1750000e+02;-4.6809755e-02;3.1750000e+02;5.8934502e-03;3.1750000e+02;7.5287923e-02;3.1750000e+02;1.5658963e-01;3.1750000e+02;2.2324863e-01;3.1750000e+02;2.7242160e-01;3.1750000e+02;3.2167387e-01;3.1750000e+02;3.5610485e-01;3.1750000e+02;3.1016973e-01;3.1750000e+02;2.1562688e-01;3.1750000e+02;1.3860029e-01;3.1750000e+02;7.3502056e-02;3.1750000e+02;1.5472092e-02;3.1750000e+02;-3.8124219e-02;3.1750000e+02;-9.0247631e-02;3.1750000e+02;-1.4098424e-01;3.1750000e+02;-1.9189580e-01;3.1750000e+02;-8.0466650e-02;3.1750000e+02;-4.6809755e-02;3.1750000e+02;5.8934502e-03;3.1750000e+02;7.5287923e-02;3.1750000e+02;1.5658963e-01;3.1750000e+02;2.2324863e-01;3.1750000e+02;2.7242160e-01;3.1750000e+02;3.2167387e-01;3.1750000e+02;3.5610485e-01;3.1750000e+02;3.1016973e-01;3.1750000e+02;2.1562688e-01;3.1750000e+02;1.3860029e-01;3.1750000e+02;7.3502056e-02;3.1750000e+02;1.5472092e-02;3.1750000e+02;-3.8124219e-02;3.1750000e+02;-9.0247631e-02;3.1750000e+02;-1.4098424e-01;3.1750000e+02;-1.9189580e-01;3.1750000e+02;-8.0466650e-02;3.1750000e+02;-4.6809755e-02;3.1750000e+02;5.8934502e-03;3.1750000e+02;7.5287923e-02;3.1750000e+02;1.5658963e-01;3.1750000e+02;2.2324863e-01;3.1750000e+02;2.7242160e-01;3.1750000e+02;3.2167387e-01;3.1750000e+02;3.5610485e-01;3.1750000e+02;3.1016973e-01;3.1750000e+02;2.1562688e-01;3.1750000e+02;1.3860029e-01;3.1750000e+02;7.3502056e-02;3.1750000e+02;1.5472092e-02;3.1750000e+02;-3.8124219e-02;3.1750000e+02;-9.0247631e-02;3.1750000e+02;-1.4098424e-01;3.1750000e+02;-1.9189580e-01;3.1750000e+02;-8.0466650e-02;3.1750000e+02;-4.6809755e-02;3.1750000e+02;5.8934502e-03;3.1750000e+02;7.5287923e-02;3.1750000e+02;1.5658963e-01;3.1750000e+02;2.2324863e-01;3.1750000e+02;2.7242160e-01;3.1750000e+02;3.2167387e-01;3.1750000e+02;3.5610485e-01;3.1750000e+02;3.1016973e-01;3.1750000e+02;2.1562688e-01;3.1750000e+02;1.3860029e-01;3.1750000e+02;7.3502056e-02;3.1750000e+02;1.5472092e-02;3.1750000e+02;-3.8124219e-02;3.1750000e+02;-9.0247631e-02;3.1750000e+02;-1.4098424e-01;3.1750000e+02;-1.9189580e-01;3.1750000e+02;-8.0466650e-02;3.1750000e+02;-4.6809755e-02;3.1750000e+02;5.8934502e-03;3.1750000e+02;7.5287923e-02;3.1750000e+02;1.5658963e-01;3.1750000e+02;2.2324863e-01;3.1750000e+02;2.7242160e-01;3.1750000e+02;3.2167387e-01;3.1750000e+02;3.5610485e-01;3.1750000e+02;3.1016973e-01;3.1750000e+02;2.1562688e-01;3.1750000e+02;1.3860029e-01;3.1750000e+02;7.3502056e-02;3.1750000e+02;1.5472092e-02;3.1750000e+02;-3.8124219e-02;3.1750000e+02;-9.0247631e-02;3.1750000e+02;-1.4098424e-01;3.1750000e+02;-1.9189580e-01;3.1750000e+02;-8.0466650e-02;3.1750000e+02;-4.6809755e-02;3.1750000e+02;5.8934502e-03;3.1750000e+02;7.5287923e-02;3.1750000e+02;1.5658963e-01;3.1750000e+02;2.2324863e-01;3.1750000e+02;2.7242160e-01;3.1750000e+02;3.2167387e-01;3.1750000e+02;3.5610485e-01;3.1750000e+02;3.1016973e-01;3.1750000e+02;2.1562688e-01;3.1750000e+02;1.3860029e-01;3.1750000e+02;7.3502056e-02;3.1750000e+02;1.5472092e-02;3.1750000e+02;-3.8124219e-02;3.1750000e+02;-9.0247631e-02;3.1750000e+02;-1.4098424e-01;3.1750000e+02;-1.9189580e-01;3.1750000e+02;-8.0466650e-02;3.1750000e+02;-4.6809755e-02;3.1750000e+02;5.8934502e-03;3.1750000e+02;7.5287923e-02;3.1750000e+02;1.5658963e-01;3.1750000e+02;2.2324863e-01;3.1750000e+02;2.7242160e-01;3.1750000e+02;3.2167387e-01;3.1750000e+02;3.5610485e-01;3.1750000e+02;3.1016973e-01;3.1750000e+02;2.1562688e-01;3.1750000e+02;1.3860029e-01;3.1750000e+02;7.3502056e-02;3.1750000e+02;1.5472092e-02;3.1750000e+02;-3.8124219e-02;3.1750000e+02;-9.0247631e-02;3.1750000e+02;-1.4098424e-01;3.1750000e+02;-1.9189580e-01;3.1750000e+02;-8.0466650e-02;3.1750000e+02;-4.6809755e-02;3.1750000e+02;5.8934502e-03;3.1750000e+02;7.5287923e-02;3.1750000e+02;1.5658963e-01;3.1750000e+02;2.2324863e-01;3.1750000e+02;2.7242160e-01;3.1750000e+02;3.2167387e-01;3.1750000e+02;3.5610485e-01;3.1750000e+02;3.1016973e-01;3.1750000e+02;2.1562688e-01;3.1750000e+02;1.3860029e-01;3.1750000e+02;7.3502056e-02;3.1750000e+02;1.5472092e-02;3.1750000e+02;-3.8124219e-02;3.1750000e+02;-9.0247631e-02;3.1750000e+02;-1.4098424e-01;3.1750000e+02;-1.9189580e-01;3.1750000e+02;-8.0466650e-02;3.1750000e+02;-4.6809755e-02;3.1750000e+02;5.8934502e-03;3.1750000e+02;7.5287923e-02;3.1750000e+02;1.5658963e-01;3.1750000e+02;2.2324863e-01;3.1750000e+02;2.7242160e-01;3.1750000e+02;3.2167387e-01;3.1750000e+02;3.5610485e-01;3.1750000e+02;3.1016973e-01;3.1750000e+02;2.1562688e-01;3.1750000e+02;1.3860029e-01;3.1750000e+02;7.3502056e-02;3.1750000e+02;1.5472092e-02;3.1750000e+02;-3.8124219e-02;3.1750000e+02;-9.0247631e-02;3.1750000e+02;-1.4098424e-01;3.1750000e+02;-1.9189580e-01;3.1750000e+02;-8.0466650e-02;3.1750000e+02;-4.6809755e-02;3.1750000e+02;5.8934502e-03;3.1750000e+02;7.5287923e-02;3.1750000e+02;1.5658963e-01;3.1750000e+02;2.2324863e-01;3.1750000e+02;2.7242160e-01;3.1750000e+02;3.2167387e-01;3.1750000e+02;3.5610485e-01;3.1750000e+02;3.1016973e-01;3.1750000e+02;2.1562688e-01;3.1750000e+02;1.3860029e-01;3.1750000e+02;7.3502056e-02;3.1750000e+02;1.5472092e-02;3.1750000e+02;-3.8124219e-02;3.1750000e+02;-9.0247631e-02;3.1750000e+02;-1.4098424e-01;3.1750000e+02;-1.9189580e-01;3.1750000e+02;-8.0466650e-02;3.1750000e+02;-4.6809755e-02;3.1750000e+02;5.8934502e-03;3.1750000e+02;7.5287923e-02;3.1750000e+02;1.5658963e-01;3.1750000e+02;2.2324863e-01;3.1750000e+02;2.7242160e-01;3.1750000e+02;3.2167387e-01;3.1750000e+02;3.5610485e-01;3.1750000e+02;3.1016973e-01;3.1750000e+02;2.1562688e-01;3.1750000e+02;1.3860029e-01;3.1750000e+02;7.3502056e-02;3.1750000e+02;1.5472092e-02;3.1750000e+02;-3.8124219e-02;3.1750000e+02;-9.0247631e-02;3.1750000e+02;-1.4098424e-01;3.1750000e+02;-1.9189580e-01;3.1750000e+02;-8.0466650e-02;3.1750000e+02;-4.6809755e-02;3.1750000e+02;5.8934502e-03;3.1750000e+02;7.5287923e-02;3.1750000e+02;1.5658963e-01;3.1750000e+02;2.2324863e-01;3.1750000e+02;2.7242160e-01;3.1750000e+02;3.2167387e-01;3.1750000e+02;3.5610485e-01;3.1750000e+02;3.1016973e-01;3.1750000e+02;2.1562688e-01;3.1750000e+02;1.3860029e-01;3.1750000e+02;7.3502056e-02;3.1750000e+02;1.5472092e-02;3.1750000e+02;-3.8124219e-02;3.1750000e+02;-9.0247631e-02;3.1750000e+02;-1.4098424e-01;3.1750000e+02;-1.9189580e-01;3.1750000e+02;-8.0466650e-02;3.1750000e+02;-4.6809755e-02;3.1750000e+02;5.8934502e-03;3.1750000e+02;7.5287923e-02;3.1750000e+02;1.5658963e-01;3.1750000e+02;2.2324863e-01;3.1750000e+02;2.7242160e-01;3.1750000e+02;3.2167387e-01;3.1750000e+02;3.5610485e-01;3.1750000e+02;3.1016973e-01;3.1750000e+02;2.1562688e-01;3.1750000e+02;1.3860029e-01;3.1750000e+02;7.3502056e-02;3.1750000e+02;1.5472092e-02;3.1750000e+02;-3.8124219e-02;3.1750000e+02;-9.0247631e-02;3.1750000e+02;-1.4098424e-01;3.1750000e+02;-1.9189580e-01;3.1750000e+02;-8.0466650e-02;3.1750000e+02;-4.6809755e-02;3.1750000e+02;5.8934502e-03;3.1750000e+02;7.5287923e-02;3.1750000e+02;1.5658963e-01;3.1750000e+02;2.2324863e-01;3.1750000e+02;2.7242160e-01;3.1750000e+02;3.2167387e-01;3.1750000e+02;3.5610485e-01;3.1750000e+02;3.1016973e-01;3.1750000e+02;2.1562688e-01;3.1750000e+02;1.3860029e-01;3.1750000e+02;7.3502056e-02;3.1750000e+02;1.5472092e-02;3.1750000e+02;-3.8124219e-02;3.1750000e+02;-9.0247631e-02;3.1750000e+02;-1.4098424e-01;3.1750000e+02;-1.9189580e-01;3.1750000e+02;-8.0466650e-02;3.1750000e+02;-4.6809755e-02;3.1750000e+02;5.8934502e-03;3.1750000e+02;7.5287923e-02;3.1750000e+02;1.5658963e-01;3.1750000e+02;2.2324863e-01;3.1750000e+02;2.7242160e-01;3.1750000e+02;3.2167387e-01;3.1750000e+02;3.5610485e-01;3.1750000e+02;3.1016973e-01;3.1750000e+02;2.1562688e-01;3.1750000e+02;1.3860029e-01;3.1750000e+02;7.3502056e-02;3.1750000e+02;1.5472092e-02;3.1750000e+02;-3.8124219e-02;3.1750000e+02;-9.0247631e-02;3.1750000e+02;-1.4098424e-01;3.1750000e+02;-1.9189580e-01;3.1750000e+02;-8.0466650e-02;3.1750000e+02;-4.6809755e-02;3.1750000e+02;5.8934502e-03;3.1750000e+02;7.5287923e-02;3.1750000e+02;1.5658963e-01;3.1750000e+02;2.2324863e-01;3.1750000e+02;2.7242160e-01;3.1750000e+02;3.2167387e-01;3.1750000e+02;3.5610485e-01;3.1750000e+02;3.1016973e-01;3.1750000e+02;2.1562688e-01;3.1750000e+02;1.3860029e-01;3.1750000e+02;7.3502056e-02;3.1750000e+02;1.5472092e-02;3.1750000e+02;-3.8124219e-02;3.1750000e+02;-9.0247631e-02;3.1750000e+02;-1.4098424e-01;3.1750000e+02;-1.9189580e-01;3.1750000e+02;-8.0466650e-02;3.1750000e+02;-4.6809755e-02;3.1750000e+02;5.8934502e-03;3.1750000e+02;7.5287923e-02;3.1750000e+02;1.5658963e-01;3.1750000e+02;2.2324863e-01;3.1750000e+02;2.7242160e-01;3.1750000e+02;3.2167387e-01;3.1750000e+02;3.5610485e-01;3.1750000e+02;3.1016973e-01;3.1750000e+02;2.1562688e-01;3.1750000e+02;1.3860029e-01;3.1750000e+02;7.3502056e-02;3.1750000e+02;1.5472092e-02;3.1750000e+02;-3.8124219e-02;3.1750000e+02;-9.0247631e-02;3.1750000e+02;-1.4098424e-01;3.1750000e+02;-1.9189580e-01;3.1750000e+02;-8.0466650e-02;3.1750000e+02;-4.6809755e-02;3.1750000e+02;5.8934502e-03;3.1750000e+02;7.5287923e-02;3.1750000e+02;1.5658963e-01;3.1750000e+02;2.2324863e-01;3.1750000e+02;2.7242160e-01;3.1750000e+02;3.2167387e-01;3.1750000e+02;3.5610485e-01;3.1750000e+02;3.1016973e-01;3.1750000e+02;2.1562688e-01;3.1750000e+02;1.3860029e-01;3.1750000e+02;7.3502056e-02;3.1750000e+02;1.5472092e-02;3.1750000e+02;-3.8124219e-02;3.1750000e+02;-9.0247631e-02;3.1750000e+02;-1.4098424e-01;3.1750000e+02;-1.9189580e-01;3.1750000e+02;-8.0466650e-02;3.1750000e+02;-4.6809755e-02;3.1750000e+02;5.8934502e-03;3.1750000e+02;7.5287923e-02;3.1750000e+02;1.5658963e-01;3.1750000e+02;2.2324863e-01;3.1750000e+02;2.7242160e-01;3.1750000e+02;3.2167387e-01;3.1750000e+02;3.5610485e-01;3.1750000e+02;3.1016973e-01;3.1750000e+02;2.1562688e-01;3.1750000e+02;1.3860029e-01;3.1750000e+02;7.3502056e-02;3.1750000e+02;1.5472092e-02;3.1750000e+02;-3.8124219e-02;3.1750000e+02;-9.0247631e-02;3.1750000e+02;-1.4098424e-01;3.1750000e+02;-1.9189580e-01;3.1750000e+02;-8.0466650e-02;3.1750000e+02;-4.6809755e-02;3.1750000e+02;5.8934502e-03;3.1750000e+02;7.5287923e-02;3.1750000e+02;1.5658963e-01;3.1750000e+02;2.2324863e-01;3.1750000e+02;2.7242160e-01;3.1750000e+02;3.2167387e-01;3.1750000e+02;3.5610485e-01;3.1750000e+02;3.1016973e-01;3.1750000e+02;2.1562688e-01;3.1750000e+02;1.3860029e-01;3.1750000e+02;7.3502056e-02;3.1750000e+02;1.5472092e-02;3.1750000e+02;-3.8124219e-02;3.1750000e+02;-9.0247631e-02;3.1750000e+02;-1.4098424e-01;3.1750000e+02;-1.9189580e-01;3.1750000e+02;-8.0466650e-02;3.1750000e+02;-4.6809755e-02;3.1750000e+02;5.8934502e-03;3.1750000e+02;7.5287923e-02;3.1750000e+02;1.5658963e-01;3.1750000e+02;2.2324863e-01;3.1750000e+02;2.7242160e-01;3.1750000e+02;3.2167387e-01;3.1750000e+02;3.5610485e-01;3.1750000e+02;3.1016973e-01;3.1750000e+02;2.1562688e-01;3.1750000e+02;1.3860029e-01;3.1750000e+02;7.3502056e-02;3.1750000e+02;1.5472092e-02;3.1750000e+02;-3.8124219e-02;3.1750000e+02;-9.0247631e-02;3.1750000e+02;-1.4098424e-01;3.1750000e+02;-1.9189580e-01;3.1750000e+02;-8.0466650e-02;3.1750000e+02;-4.6809755e-02;3.1750000e+02;5.8934502e-03;3.1750000e+02;7.5287923e-02;3.1750000e+02;1.5658963e-01;3.1750000e+02;2.2324863e-01;3.1750000e+02;2.7242160e-01;3.1750000e+02;3.2167387e-01;3.1750000e+02;3.5610485e-01;3.1750000e+02;3.1016973e-01;3.1750000e+02;2.1562688e-01;3.1750000e+02;1.3860029e-01;3.1750000e+02;7.3502056e-02;3.1750000e+02;1.5472092e-02;3.1750000e+02;-3.8124219e-02;3.1750000e+02;-9.0247631e-02;3.1750000e+02;-1.4098424e-01;3.1750000e+02;-1.9189580e-01;3.1750000e+02;-8.0466650e-02;3.1750000e+02;-4.6809755e-02;3.1750000e+02;5.8934502e-03;3.1750000e+02;7.5287923e-02;3.1750000e+02;1.5658963e-01;3.1750000e+02;2.2324863e-01;3.1750000e+02;2.7242160e-01;3.1750000e+02;3.2167387e-01;3.1750000e+02;3.5610485e-01;3.1750000e+02;3.1016973e-01;3.1750000e+02;2.1562688e-01;3.1750000e+02;1.3860029e-01;3.1750000e+02;7.3502056e-02;3.1750000e+02;1.5472092e-02;3.1750000e+02;-3.8124219e-02;3.1750000e+02;-9.0247631e-02;3.1750000e+02;-1.4098424e-01;3.1750000e+02;-1.9189580e-01;3.1750000e+02;-8.0466650e-02;3.1750000e+02;-4.6809755e-02;3.1750000e+02;5.8934502e-03;3.1750000e+02;7.5287923e-02;3.1750000e+02;1.5658963e-01;3.1750000e+02;2.2324863e-01;3.1750000e+02;2.7242160e-01;3.1750000e+02;3.2167387e-01;3.1750000e+02;3.5610485e-01;3.1750000e+02;3.1016973e-01;3.1750000e+02;2.1562688e-01;3.1750000e+02;1.3860029e-01;3.1750000e+02;7.3502056e-02;3.1750000e+02;1.5472092e-02;3.1750000e+02;-3.8124219e-02;3.1750000e+02;-9.0247631e-02;3.1750000e+02;-1.4098424e-01;3.1750000e+02;-1.9189580e-01;3.1750000e+02;-8.0466650e-02;3.1750000e+02;-4.6809755e-02;3.1750000e+02;5.8934502e-03;3.1750000e+02;7.5287923e-02;3.1750000e+02;1.5658963e-01;3.1750000e+02;2.2324863e-01;3.1750000e+02;2.7242160e-01;3.1750000e+02;3.2167387e-01;3.1750000e+02;3.5610485e-01;3.1750000e+02;3.1016973e-01;3.1750000e+02;2.1562688e-01;3.1750000e+02;1.3860029e-01;3.1750000e+02;7.3502056e-02;3.1750000e+02;1.5472092e-02;3.1750000e+02;-3.8124219e-02;3.1750000e+02;-9.0247631e-02;3.1750000e+02;-1.4098424e-01;3.1750000e+02;-1.9189580e-01;3.1750000e+02;-8.0466650e-02;3.1750000e+02;-4.6809755e-02;3.1750000e+02;5.8934502e-03;3.1750000e+02;7.5287923e-02;3.1750000e+02;1.5658963e-01;3.1750000e+02;2.2324863e-01;3.1750000e+02;2.7242160e-01;3.1750000e+02;3.2167387e-01;3.1750000e+02;3.5610485e-01;3.1750000e+02;3.1016973e-01;3.1750000e+02;2.1562688e-01;3.1750000e+02;1.3860029e-01;3.1750000e+02;7.3502056e-02;3.1750000e+02;1.5472092e-02;3.1750000e+02;-3.8124219e-02;3.1750000e+02;-9.0247631e-02;3.1750000e+02;-1.4098424e-01;3.1750000e+02;-1.9189580e-01;3.1750000e+02;-8.0466650e-02;3.1750000e+02;-4.6809755e-02;3.1750000e+02;5.8934502e-03;3.1750000e+02;7.5287923e-02;3.1750000e+02;1.5658963e-01;3.1750000e+02;2.2324863e-01;3.1750000e+02;2.7242160e-01;3.1750000e+02;3.2167387e-01;3.1750000e+02;3.5610485e-01;3.1750000e+02;3.1016973e-01;3.1750000e+02;2.1562688e-01;3.1750000e+02;1.3860029e-01;3.1750000e+02;7.3502056e-02;3.1750000e+02;1.5472092e-02;3.1750000e+02;-3.8124219e-02;3.1750000e+02;-9.0247631e-02;3.1750000e+02;-1.4098424e-01;3.1750000e+02;-1.9189580e-01;3.1750000e+02;-8.0466650e-02;3.1750000e+02;-4.6809755e-02;3.1750000e+02;5.8934502e-03;3.1750000e+02;7.5287923e-02;3.1750000e+02;1.5658963e-01;3.1750000e+02;2.2324863e-01;3.1750000e+02;2.7242160e-01;3.1750000e+02;3.2167387e-01;3.1750000e+02;3.5610485e-01;3.1750000e+02;3.1016973e-01;3.1750000e+02;2.1562688e-01;3.1750000e+02;1.3860029e-01;3.1750000e+02;7.3502056e-02;3.1750000e+02;1.5472092e-02;3.1750000e+02;-3.8124219e-02;3.1750000e+02;-9.0247631e-02;3.1750000e+02;-1.4098424e-01;3.1750000e+02;-1.9189580e-01;3.1750000e+02;-8.0466650e-02;3.1750000e+02;-4.6809755e-02;3.1750000e+02;5.8934502e-03;3.1750000e+02;7.5287923e-02;3.1750000e+02;1.5658963e-01;3.1750000e+02;2.2324863e-01;3.1750000e+02;2.7242160e-01;3.1750000e+02;3.2167387e-01;3.1750000e+02;3.5610485e-01;3.1750000e+02;3.1016973e-01;3.1750000e+02;2.1562688e-01;3.1750000e+02;1.3860029e-01;3.1750000e+02;7.3502056e-02;3.1750000e+02;1.5472092e-02;3.1750000e+02;-3.8124219e-02;3.1750000e+02;-9.0247631e-02;3.1750000e+02;-1.4098424e-01;3.1750000e+02;-1.9189580e-01;3.1750000e+02;-8.0466650e-02;3.1750000e+02;-4.6809755e-02;3.1750000e+02;5.8934502e-03;3.1750000e+02;7.5287923e-02;3.1750000e+02;1.5658963e-01;3.1750000e+02;2.2324863e-01;3.1750000e+02;2.7242160e-01;3.1750000e+02;3.2167387e-01;3.1750000e+02;3.5610485e-01;3.1750000e+02;3.1016973e-01;3.1750000e+02;2.1562688e-01;3.1750000e+02;1.3860029e-01;3.1750000e+02;7.3502056e-02;3.1750000e+02;1.5472092e-02;3.1750000e+02;-3.8124219e-02;3.1750000e+02;-9.0247631e-02;3.1750000e+02;-1.4098424e-01;3.1750000e+02;-1.9189580e-01;3.1750000e+02;-8.0466650e-02;3.1750000e+02;-4.6809755e-02;3.1750000e+02;5.8934502e-03;3.1750000e+02;7.5287923e-02;3.1750000e+02;1.5658963e-01;3.1750000e+02;2.2324863e-01;3.1750000e+02;2.7242160e-01;3.1750000e+02;3.2167387e-01;3.1750000e+02;3.5610485e-01;3.1750000e+02;3.1016973e-01;3.1750000e+02;2.1562688e-01;3.1750000e+02;1.3860029e-01;3.1750000e+02;7.3502056e-02;3.1750000e+02;1.5472092e-02;3.1750000e+02;-3.8124219e-02;3.1750000e+02;-9.0247631e-02;3.1750000e+02;-1.4098424e-01;3.1750000e+02;-1.9189580e-01;3.1750000e+02;-8.0466650e-02;3.1750000e+02;-4.6809755e-02;3.1750000e+02;5.8934502e-03;3.1750000e+02;7.5287923e-02;3.1750000e+02;1.5658963e-01;3.1750000e+02;2.2324863e-01;3.1750000e+02;2.7242160e-01;3.1750000e+02;3.2167387e-01;3.1750000e+02;3.5610485e-01;3.1750000e+02;3.1016973e-01;3.1750000e+02;2.1562688e-01;3.1750000e+02;1.3860029e-01;3.1750000e+02;7.3502056e-02;3.1750000e+02;1.5472092e-02;3.1750000e+02;-3.8124219e-02;3.1750000e+02;-9.0247631e-02;3.1750000e+02;-1.4098424e-01;3.1750000e+02;-1.9189580e-01;3.1750000e+02;-8.0466650e-02;3.1750000e+02;-4.6809755e-02;3.1750000e+02;5.8934502e-03;3.1750000e+02;7.5287923e-02;3.1750000e+02;1.5658963e-01;3.1750000e+02;2.2324863e-01;3.1750000e+02;2.7242160e-01;3.1750000e+02;3.2167387e-01;3.1750000e+02;3.5610485e-01;3.1750000e+02;3.1016973e-01;3.1750000e+02;2.1562688e-01;3.1750000e+02;1.3860029e-01;3.1750000e+02;7.3502056e-02;3.1750000e+02;1.5472092e-02;3.1750000e+02;-3.8124219e-02;3.1750000e+02;-9.0247631e-02;3.1750000e+02;-1.4098424e-01;3.1750000e+02;-1.9189580e-01;3.1750000e+02;-8.0466650e-02;3.1750000e+02;-4.6809755e-02;3.1750000e+02;5.8934502e-03;3.1750000e+02;7.5287923e-02;3.1750000e+02;1.5658963e-01;3.1750000e+02;2.2324863e-01;3.1750000e+02;2.7242160e-01;3.1750000e+02;3.2167387e-01;3.1750000e+02;3.5610485e-01;3.1750000e+02;3.1016973e-01;3.1750000e+02;2.1562688e-01;3.1750000e+02;1.3860029e-01;3.1750000e+02;7.3502056e-02;3.1750000e+02;1.5472092e-02;3.1750000e+02;-3.8124219e-02;3.1750000e+02;-9.0247631e-02;3.1750000e+02;-1.4098424e-01;3.1750000e+02;-1.9189580e-01;3.1750000e+02;-8.0466650e-02;3.1750000e+02;-4.6809755e-02;3.1750000e+02;5.8934502e-03;3.1750000e+02;7.5287923e-02;3.1750000e+02;1.5658963e-01;3.1750000e+02;2.2324863e-01;3.1750000e+02;2.7242160e-01;3.1750000e+02;3.2167387e-01;3.1750000e+02;3.5610485e-01;3.1750000e+02;3.1016973e-01;3.1750000e+02;2.1562688e-01;3.1750000e+02;1.3860029e-01;3.1750000e+02;7.3502056e-02;3.1750000e+02;1.5472092e-02;3.1750000e+02;-3.8124219e-02;3.1750000e+02;-9.0247631e-02;3.1750000e+02;-1.4098424e-01;3.1750000e+02;-1.9189580e-01;3.1750000e+02;-8.0466650e-02;3.1750000e+02;-4.6809755e-02;3.1750000e+02;5.8934502e-03;3.1750000e+02;7.5287923e-02;3.1750000e+02;1.5658963e-01;3.1750000e+02;2.2324863e-01;3.1750000e+02;2.7242160e-01;3.1750000e+02;3.2167387e-01;3.1750000e+02;3.5610485e-01;3.1750000e+02;3.1016973e-01;3.1750000e+02;2.1562688e-01;3.1750000e+02;1.3860029e-01;3.1750000e+02;7.3502056e-02;3.1750000e+02;1.5472092e-02;3.1750000e+02;-3.8124219e-02;3.1750000e+02;-9.0247631e-02;3.1750000e+02;-1.4098424e-01;3.1750000e+02;-1.9189580e-01;3.1750000e+02;-8.0466650e-02;3.1750000e+02;-4.6809755e-02;3.1750000e+02;5.8934502e-03;3.1750000e+02;7.5287923e-02;3.1750000e+02;1.5658963e-01;3.1750000e+02;2.2324863e-01;3.1750000e+02;2.7242160e-01;3.1750000e+02;3.2167387e-01;3.1750000e+02;3.5610485e-01;3.1750000e+02;3.1016973e-01;3.1750000e+02;2.1562688e-01;3.1750000e+02;1.3860029e-01;3.1750000e+02;7.3502056e-02;3.1750000e+02;1.5472092e-02;3.1750000e+02;-3.8124219e-02;3.1750000e+02;-9.0247631e-02;3.1750000e+02;-1.4098424e-01;3.1750000e+02;-1.9189580e-01;3.1750000e+02;-8.0466650e-02;3.1750000e+02;-4.6809755e-02;3.1750000e+02;5.8934502e-03;3.1750000e+02;7.5287923e-02;3.1750000e+02;1.5658963e-01;3.1750000e+02;2.2324863e-01;3.1750000e+02;2.7242160e-01;3.1750000e+02;3.2167387e-01;3.1750000e+02;3.5610485e-01;3.1750000e+02;3.1016973e-01;3.1750000e+02;2.1562688e-01;3.1750000e+02;1.3860029e-01;3.1750000e+02;7.3502056e-02;3.1750000e+02;1.5472092e-02;3.1750000e+02;-3.8124219e-02;3.1750000e+02;-9.0247631e-02;3.1750000e+02;-1.4098424e-01;3.1750000e+02;-1.9189580e-01;3.1750000e+02;-8.0466650e-02;3.1750000e+02;-4.6809755e-02;3.1750000e+02;5.8934502e-03;3.1750000e+02;7.5287923e-02;3.1750000e+02;1.5658963e-01;3.1750000e+02;2.2324863e-01;3.1750000e+02;2.7242160e-01;3.1750000e+02;3.2167387e-01;3.1750000e+02;3.5610485e-01;3.1750000e+02;3.1016973e-01;3.1750000e+02;2.1562688e-01;3.1750000e+02;1.3860029e-01;3.1750000e+02;7.3502056e-02;3.1750000e+02;1.5472092e-02;3.1750000e+02;-3.8124219e-02;3.1750000e+02;-9.0247631e-02;3.1750000e+02;-1.4098424e-01;3.1750000e+02;-1.9189580e-01;3.1750000e+02;-8.0466650e-02;3.1750000e+02;-4.6809755e-02;3.1750000e+02;5.8934502e-03;3.1750000e+02;7.5287923e-02;3.1750000e+02;1.5658963e-01;3.1750000e+02;2.2324863e-01;3.1750000e+02;2.7242160e-01;3.1750000e+02;3.2167387e-01;3.1750000e+02;3.5610485e-01;3.1750000e+02;3.1016973e-01;3.1750000e+02;2.1562688e-01;3.1750000e+02;1.3860029e-01;3.1750000e+02;7.3502056e-02;3.1750000e+02;1.5472092e-02;3.1750000e+02;-3.8124219e-02;3.1750000e+02;-9.0247631e-02;3.1750000e+02;-1.4098424e-01;3.1750000e+02;-1.9189580e-01;3.1750000e+02;-8.0466650e-02;3.1750000e+02;-4.6809755e-02;3.1750000e+02;5.8934502e-03;3.1750000e+02;7.5287923e-02;3.1750000e+02;1.5658963e-01;3.1750000e+02;2.2324863e-01;3.1750000e+02;2.7242160e-01;3.1750000e+02;3.2167387e-01;3.1750000e+02;3.5610485e-01;3.1750000e+02;3.1016973e-01;3.1750000e+02;2.1562688e-01;3.1750000e+02;1.3860029e-01;3.1750000e+02;7.3502056e-02;3.1750000e+02;1.5472092e-02;3.1750000e+02;-3.8124219e-02;3.1750000e+02;-9.0247631e-02;3.1750000e+02;-1.4098424e-01;3.1750000e+02;-1.9189580e-01;3.1750000e+02;-8.0466650e-02;3.1750000e+02;-4.6809755e-02;3.1750000e+02;5.8934502e-03;3.1750000e+02;7.5287923e-02;3.1750000e+02;1.5658963e-01;3.1750000e+02;2.2324863e-01;3.1750000e+02;2.7242160e-01;3.1750000e+02;3.2167387e-01;3.1750000e+02;3.5610485e-01;3.1750000e+02;3.1016973e-01;3.1750000e+02;2.1562688e-01;3.1750000e+02;1.3860029e-01;3.1750000e+02;7.3502056e-02;3.1750000e+02;1.5472092e-02;3.1750000e+02;-3.8124219e-02;3.1750000e+02;-9.0247631e-02;3.1750000e+02;-1.4098424e-01;3.1750000e+02;-1.9189580e-01;3.1750000e+02;-8.0466650e-02;3.1750000e+02;-4.6809755e-02;3.1750000e+02;5.8934502e-03;3.1750000e+02;7.5287923e-02;3.1750000e+02;1.5658963e-01;3.1750000e+02;2.2324863e-01;3.1750000e+02;2.7242160e-01;3.1750000e+02;3.2167387e-01;3.1750000e+02;3.5610485e-01;3.1750000e+02;3.1016973e-01;3.1750000e+02;2.1562688e-01;3.1750000e+02;1.3860029e-01;3.1750000e+02;7.3502056e-02;3.1750000e+02;1.5472092e-02;3.1750000e+02;-3.8124219e-02;3.1750000e+02;-9.0247631e-02;3.1750000e+02;-1.4098424e-01;3.1750000e+02;-1.9189580e-01;3.1750000e+02;-8.0466650e-02;3.1750000e+02;-4.6809755e-02;3.1750000e+02;5.8934502e-03;3.1750000e+02;7.5287923e-02;3.1750000e+02;1.5658963e-01;3.1750000e+02;2.2324863e-01;3.1750000e+02;2.7242160e-01;3.1750000e+02;3.2167387e-01;3.1750000e+02;3.5610485e-01;3.1750000e+02;3.1016973e-01;3.1750000e+02;2.1562688e-01;3.1750000e+02;1.3860029e-01;3.1750000e+02;7.3502056e-02;3.1750000e+02;1.5472092e-02;3.1750000e+02;-3.8124219e-02;3.1750000e+02;-9.0247631e-02;3.1750000e+02;-1.4098424e-01;3.1750000e+02;-1.9189580e-01;3.1750000e+02;-8.0466650e-02;3.1750000e+02;-4.6809755e-02;3.1750000e+02;5.8934502e-03;3.1750000e+02;7.5287923e-02;3.1750000e+02;1.5658963e-01;3.1750000e+02;2.2324863e-01;3.1750000e+02;2.7242160e-01;3.1750000e+02;3.2167387e-01;3.1750000e+02;3.5610485e-01;3.1750000e+02;3.1016973e-01;3.1750000e+02;2.1562688e-01;3.1750000e+02;1.3860029e-01;3.1750000e+02;7.3502056e-02;3.1750000e+02;1.5472092e-02;3.1750000e+02;-3.8124219e-02;3.1750000e+02;-9.0247631e-02;3.1750000e+02;-1.4098424e-01;3.1750000e+02;-1.9189580e-01;3.1750000e+02;-8.0466650e-02;3.1750000e+02;-4.6809755e-02;3.1750000e+02;5.8934502e-03;3.1750000e+02;7.5287923e-02;3.1750000e+02;1.5658963e-01;3.1750000e+02;2.2324863e-01;3.1750000e+02;2.7242160e-01;3.1750000e+02;3.2167387e-01;3.1750000e+02;3.5610485e-01;3.1750000e+02;3.1016973e-01;3.1750000e+02;2.1562688e-01;3.1750000e+02;1.3860029e-01;3.1750000e+02;7.3502056e-02;3.1750000e+02;1.5472092e-02;3.1750000e+02;-3.8124219e-02;3.1750000e+02;-9.0247631e-02;3.1750000e+02;-1.4098424e-01;3.1750000e+02;-1.9189580e-01;3.1750000e+02;-8.0466650e-02;3.1750000e+02;-4.6809755e-02;3.1750000e+02;5.8934502e-03;3.1750000e+02;7.5287923e-02;3.1750000e+02;1.5658963e-01;3.1750000e+02;2.2324863e-01;3.1750000e+02;2.7242160e-01;3.1750000e+02;3.2167387e-01;3.1750000e+02;3.5610485e-01;3.1750000e+02;3.1016973e-01;3.1750000e+02;2.1562688e-01;3.1750000e+02;1.3860029e-01;3.1750000e+02;7.3502056e-02;3.1750000e+02;1.5472092e-02;3.1750000e+02;-3.8124219e-02;3.1750000e+02;-9.0247631e-02;3.1750000e+02;-1.4098424e-01;3.1750000e+02;-1.9189580e-01;3.1750000e+02;-8.0466650e-02;3.1750000e+02;-4.6809755e-02;3.1750000e+02;5.8934502e-03;3.1750000e+02;7.5287923e-02;3.1750000e+02;1.5658963e-01;3.1750000e+02;2.2324863e-01;3.1750000e+02;2.7242160e-01;3.1750000e+02;3.2167387e-01;3.1750000e+02;3.5610485e-01;3.1750000e+02;3.1016973e-01;3.1750000e+02;2.1562688e-01;3.1750000e+02;1.3860029e-01;3.1750000e+02;7.3502056e-02;3.1750000e+02;1.5472092e-02;3.1750000e+02;-3.8124219e-02;3.1750000e+02;-9.0247631e-02;3.1750000e+02;-1.4098424e-01;3.1750000e+02;-1.9189580e-01;3.1750000e+02;-8.0466650e-02;3.1750000e+02;-4.6809755e-02;3.1750000e+02;5.8934502e-03;3.1750000e+02;7.5287923e-02;3.1750000e+02;1.5658963e-01;3.1750000e+02;2.2324863e-01;3.1750000e+02;2.7242160e-01;3.1750000e+02;3.2167387e-01;3.1750000e+02;3.5610485e-01;3.1750000e+02;3.1016973e-01;3.1750000e+02;2.1562688e-01;3.1750000e+02;1.3860029e-01;3.1750000e+02;7.3502056e-02;3.1750000e+02;1.5472092e-02;3.1750000e+02;-3.8124219e-02;3.1750000e+02;-9.0247631e-02;3.1750000e+02;-1.4098424e-01;3.1750000e+02;-1.9189580e-01;3.1750000e+02;-8.0466650e-02;3.1750000e+02;-4.6809755e-02;3.1750000e+02;5.8934502e-03;3.1750000e+02;7.5287923e-02;3.1750000e+02;1.5658963e-01;3.1750000e+02;2.2324863e-01;3.1750000e+02;2.7242160e-01;3.1750000e+02;3.2167387e-01;3.1750000e+02;3.5610485e-01;3.1750000e+02;3.1016973e-01;3.1750000e+02;2.1562688e-01;3.1750000e+02;1.3860029e-01;3.1750000e+02;7.3502056e-02;3.1750000e+02;1.5472092e-02;3.1750000e+02;-3.8124219e-02;3.1750000e+02;-9.0247631e-02;3.1750000e+02;-1.4098424e-01;3.1750000e+02;-1.9189580e-01;3.1750000e+02;-8.0466650e-02;3.1750000e+02;-4.6809755e-02;3.1750000e+02;5.8934502e-03;3.1750000e+02;7.5287923e-02;3.1750000e+02;1.5658963e-01;3.1750000e+02;2.2324863e-01;3.1750000e+02;2.7242160e-01;3.1750000e+02;3.2167387e-01;3.1750000e+02;3.5610485e-01;3.1750000e+02;3.1016973e-01;3.1750000e+02;2.1562688e-01;3.1750000e+02;1.3860029e-01;3.1750000e+02;7.3502056e-02;3.1750000e+02;1.5472092e-02;3.1750000e+02;-3.8124219e-02;3.1750000e+02;-9.0247631e-02;3.1750000e+02;-1.4098424e-01;3.1750000e+02;-1.9189580e-01;3.1750000e+02;-8.0466650e-02;3.1750000e+02;-4.6809755e-02;3.1750000e+02;5.8934502e-03;3.1750000e+02;7.5287923e-02;3.1750000e+02;1.5658963e-01;3.1750000e+02;2.2324863e-01;3.1750000e+02;2.7242160e-01;3.1750000e+02;3.2167387e-01;3.1750000e+02;3.5610485e-01;3.1750000e+02;3.1016973e-01;3.1750000e+02;2.1562688e-01;3.1750000e+02;1.3860029e-01;3.1750000e+02;7.3502056e-02;3.1750000e+02;1.5472092e-02;3.1750000e+02;-3.8124219e-02;3.1750000e+02;-9.0247631e-02;3.1750000e+02;-1.4098424e-01;3.1750000e+02;-1.9189580e-01;3.1750000e+02;-8.0466650e-02;3.1750000e+02;-4.6809755e-02;3.1750000e+02;5.8934502e-03;3.1750000e+02;7.5287923e-02;3.1750000e+02;1.5658963e-01;3.1750000e+02;2.2324863e-01;3.1750000e+02;2.7242160e-01;3.1750000e+02;3.2167387e-01;3.1750000e+02;3.5610485e-01;3.1750000e+02;3.1016973e-01;3.1750000e+02;2.1562688e-01;3.1750000e+02;1.3860029e-01;3.1750000e+02;7.3502056e-02;3.1750000e+02;1.5472092e-02;3.1750000e+02;-3.8124219e-02;3.1750000e+02;-9.0247631e-02;3.1750000e+02;-1.4098424e-01;3.1750000e+02;-1.9189580e-01;3.1750000e+02;-8.0466650e-02;3.1750000e+02;-4.6809755e-02;3.1750000e+02;5.8934502e-03;3.1750000e+02;7.5287923e-02;3.1750000e+02;1.5658963e-01;3.1750000e+02;2.2324863e-01;3.1750000e+02;2.7242160e-01;3.1750000e+02;3.2167387e-01;3.1750000e+02;3.5610485e-01;3.1750000e+02;3.1016973e-01;3.1750000e+02;2.1562688e-01;3.1750000e+02;1.3860029e-01;3.1750000e+02;7.3502056e-02;3.1750000e+02;1.5472092e-02;3.1750000e+02;-3.8124219e-02;3.1750000e+02;-9.0247631e-02;3.1750000e+02;-1.4098424e-01;3.1750000e+02;-1.9189580e-01;3.1750000e+02;-8.0466650e-02;3.1750000e+02;-4.6809755e-02;3.1750000e+02;5.8934502e-03;3.1750000e+02;7.5287923e-02;3.1750000e+02;1.5658963e-01;3.1750000e+02;2.2324863e-01;3.1750000e+02;2.7242160e-01;3.1750000e+02;3.2167387e-01;3.1750000e+02;3.5610485e-01;3.1750000e+02;3.1016973e-01;3.1750000e+02;2.1562688e-01;3.1750000e+02;1.3860029e-01;3.1750000e+02;7.3502056e-02;3.1750000e+02;1.5472092e-02;3.1750000e+02;-3.8124219e-02;3.1750000e+02;-9.0247631e-02;3.1750000e+02;-1.4098424e-01;3.1750000e+02;-1.9189580e-01;3.1750000e+02;-8.0466650e-02;3.1750000e+02;-4.6809755e-02;3.1750000e+02;5.8934502e-03;3.1750000e+02;7.5287923e-02;3.1750000e+02;1.5658963e-01;3.1750000e+02;2.2324863e-01;3.1750000e+02;2.7242160e-01;3.1750000e+02;3.2167387e-01;3.1750000e+02;3.5610485e-01;3.1750000e+02;3.1016973e-01;3.1750000e+02;2.1562688e-01;3.1750000e+02;1.3860029e-01;3.1750000e+02;7.3502056e-02;3.1750000e+02;1.5472092e-02;3.1750000e+02;-3.8124219e-02;3.1750000e+02;-9.0247631e-02;3.1750000e+02;-1.4098424e-01;3.1750000e+02;-1.9189580e-01;3.1750000e+02;-8.0466650e-02;3.1750000e+02;-4.6809755e-02;3.1750000e+02;5.8934502e-03;3.1750000e+02;7.5287923e-02;3.1750000e+02;1.5658963e-01;3.1750000e+02;2.2324863e-01;3.1750000e+02;2.7242160e-01;3.1750000e+02;3.2167387e-01;3.1750000e+02;3.5610485e-01;3.1750000e+02;3.1016973e-01;3.1750000e+02;2.1562688e-01;3.1750000e+02;1.3860029e-01;3.1750000e+02;7.3502056e-02;3.1750000e+02;1.5472092e-02;3.1750000e+02;-3.8124219e-02;3.1750000e+02;-9.0247631e-02;3.1750000e+02;-1.4098424e-01;3.1750000e+02;-1.9189580e-01;3.1750000e+02;-8.0466650e-02;3.1750000e+02;-4.6809755e-02;3.1750000e+02;5.8934502e-03;3.1750000e+02;7.5287923e-02;3.1750000e+02;1.5658963e-01;3.1750000e+02;2.2324863e-01;3.1750000e+02;2.7242160e-01;3.1750000e+02;3.2167387e-01;3.1750000e+02;3.5610485e-01;3.1750000e+02;3.1016973e-01;3.1750000e+02;2.1562688e-01;3.1750000e+02;1.3860029e-01;3.1750000e+02;7.3502056e-02;3.1750000e+02;1.5472092e-02;3.1750000e+02;-3.8124219e-02;3.1750000e+02;-9.0247631e-02;3.1750000e+02;-1.4098424e-01;3.1750000e+02;-1.9189580e-01;3.1750000e+02;-8.0466650e-02;3.1750000e+02;-4.6809755e-02;3.1750000e+02;5.8934502e-03;3.1750000e+02;7.5287923e-02;3.1750000e+02;1.5658963e-01;3.1750000e+02;2.2324863e-01;3.1750000e+02;2.7242160e-01;3.1750000e+02;3.2167387e-01;3.1750000e+02;3.5610485e-01;3.1750000e+02;3.1016973e-01;3.1750000e+02;2.1562688e-01;3.1750000e+02;1.3860029e-01;3.1750000e+02;7.3502056e-02;3.1750000e+02;1.5472092e-02;3.1750000e+02;-3.8124219e-02;3.1750000e+02;-9.0247631e-02;3.1750000e+02;-1.4098424e-01;3.1750000e+02;-1.9189580e-01;3.1750000e+02;-8.0466650e-02;3.1750000e+02;-4.6809755e-02;3.1750000e+02;5.8934502e-03;3.1750000e+02;7.5287923e-02;3.1750000e+02;1.5658963e-01;3.1750000e+02;2.2324863e-01;3.1750000e+02;2.7242160e-01;3.1750000e+02;3.2167387e-01;3.1750000e+02;3.5610485e-01;3.1750000e+02;3.1016973e-01;3.1750000e+02;2.1562688e-01;3.1750000e+02;1.3860029e-01;3.1750000e+02;7.3502056e-02;3.1750000e+02;1.5472092e-02;3.1750000e+02;-3.8124219e-02;3.1750000e+02;-9.0247631e-02;3.1750000e+02;-1.4098424e-01;3.1750000e+02;-1.9189580e-01;3.1750000e+02;-8.0466650e-02;3.1750000e+02;-4.6809755e-02;3.1750000e+02;5.8934502e-03;3.1750000e+02;7.5287923e-02;3.1750000e+02;1.5658963e-01;3.1750000e+02;2.2324863e-01;3.1750000e+02;2.7242160e-01;3.1750000e+02;3.2167387e-01;3.1750000e+02;3.5610485e-01;3.1750000e+02;3.1016973e-01;3.1750000e+02;2.1562688e-01;3.1750000e+02;1.3860029e-01;3.1750000e+02;7.3502056e-02;3.1750000e+02;1.5472092e-02;3.1750000e+02;-3.8124219e-02;3.1750000e+02;-9.0247631e-02;3.1750000e+02;-1.4098424e-01;3.1750000e+02;-1.9189580e-01;3.1750000e+02;-8.0466650e-02;3.1750000e+02;-4.6809755e-02;3.1750000e+02;5.8934502e-03;3.1750000e+02;7.5287923e-02;3.1750000e+02;1.5658963e-01;3.1750000e+02;2.2324863e-01;3.1750000e+02;2.7242160e-01;3.1750000e+02;3.2167387e-01;3.1750000e+02;3.5610485e-01;3.1750000e+02;3.1016973e-01;3.1750000e+02;2.1562688e-01;3.1750000e+02;1.3860029e-01;3.1750000e+02;7.3502056e-02;3.1750000e+02;1.5472092e-02;3.1750000e+02;-3.8124219e-02;3.1750000e+02;-9.0247631e-02;3.1750000e+02;-1.4098424e-01;3.1750000e+02;-1.9189580e-01;3.1750000e+02;-8.0466650e-02;3.1750000e+02;-4.6809755e-02;3.1750000e+02;5.8934502e-03;3.1750000e+02;7.5287923e-02;3.1750000e+02;1.5658963e-01;3.1750000e+02;2.2324863e-01;3.1750000e+02;2.7242160e-01;3.1750000e+02;3.2167387e-01;3.1750000e+02;3.5610485e-01;3.1750000e+02;3.1016973e-01;3.1750000e+02;2.1562688e-01;3.1750000e+02;1.3860029e-01;3.1750000e+02;7.3502056e-02;3.1750000e+02;1.5472092e-02;3.1750000e+02;-3.8124219e-02;3.1750000e+02;-9.0247631e-02;3.1750000e+02;-1.4098424e-01;3.1750000e+02;-1.9189580e-01;3.1750000e+02;-8.0466650e-02;3.1750000e+02;-4.6809755e-02;3.1750000e+02;5.8934502e-03;3.1750000e+02;7.5287923e-02;3.1750000e+02;1.5658963e-01;3.1750000e+02;2.2324863e-01;3.1750000e+02;2.7242160e-01;3.1750000e+02;3.2167387e-01;3.1750000e+02;3.5610485e-01;3.1750000e+02;3.1016973e-01;3.1750000e+02;2.1562688e-01;3.1750000e+02;1.3860029e-01;3.1750000e+02;7.3502056e-02;3.1750000e+02;1.5472092e-02;3.1750000e+02;-3.8124219e-02;3.1750000e+02;-9.0247631e-02;3.1750000e+02;-1.4098424e-01;3.1750000e+02;-1.9189580e-01;3.1750000e+02;-8.0466650e-02;3.1750000e+02;-4.6809755e-02;3.1750000e+02;5.8934502e-03;3.1750000e+02;7.5287923e-02;3.1750000e+02;1.5658963e-01;3.1750000e+02;2.2324863e-01;3.1750000e+02;2.7242160e-01;3.1750000e+02;3.2167387e-01;3.1750000e+02;3.5610485e-01;3.1750000e+02;3.1016973e-01;3.1750000e+02;2.1562688e-01;3.1750000e+02;1.3860029e-01;3.1750000e+02;7.3502056e-02;3.1750000e+02;1.5472092e-02;3.1750000e+02;-3.8124219e-02;3.1750000e+02;-9.0247631e-02;3.1750000e+02;-1.4098424e-01;3.1750000e+02;-1.9189580e-01;3.1750000e+02;-8.0466650e-02;3.1750000e+02;-4.6809755e-02;3.1750000e+02;5.8934502e-03;3.1750000e+02;7.5287923e-02;3.1750000e+02;1.5658963e-01;3.1750000e+02;2.2324863e-01;3.1750000e+02;2.7242160e-01;3.1750000e+02;3.2167387e-01;3.1750000e+02;3.5610485e-01;3.1750000e+02;3.1016973e-01;3.1750000e+02;2.1562688e-01;3.1750000e+02;1.3860029e-01;3.1750000e+02;7.3502056e-02;3.1750000e+02;1.5472092e-02;3.1750000e+02;-3.8124219e-02;3.1750000e+02;-9.0247631e-02;3.1750000e+02;-1.4098424e-01;3.1750000e+02;-1.9189580e-01;3.1750000e+02;-8.0466650e-02;3.1750000e+02;-4.6809755e-02;3.1750000e+02;5.8934502e-03;3.1750000e+02;7.5287923e-02;3.1750000e+02;1.5658963e-01;3.1750000e+02;2.2324863e-01;3.1750000e+02;2.7242160e-01;3.1750000e+02;3.2167387e-01;3.1750000e+02;3.5610485e-01;3.1750000e+02;3.1016973e-01;3.1750000e+02;2.1562688e-01;3.1750000e+02;1.3860029e-01;3.1750000e+02;7.3502056e-02;3.1750000e+02;1.5472092e-02;3.1750000e+02;-3.8124219e-02;3.1750000e+02;-9.0247631e-02;3.1750000e+02;-1.4098424e-01;3.1750000e+02;-1.9189580e-01;3.1750000e+02;-8.0466650e-02;3.1750000e+02;-4.6809755e-02;3.1750000e+02;5.8934502e-03;3.1750000e+02;7.5287923e-02;3.1750000e+02;1.5658963e-01;3.1750000e+02;2.2324863e-01;3.1750000e+02;2.7242160e-01;3.1750000e+02;3.2167387e-01;3.1750000e+02;3.5610485e-01;3.1750000e+02;3.1016973e-01;3.1750000e+02;2.1562688e-01;3.1750000e+02;1.3860029e-01;3.1750000e+02;7.3502056e-02;3.1750000e+02;1.5472092e-02;3.1750000e+02;-3.8124219e-02;3.1750000e+02;-9.0247631e-02;3.1750000e+02;-1.4098424e-01;3.1750000e+02;-1.9189580e-01;3.1750000e+02;-8.0466650e-02;3.1750000e+02;-4.6809755e-02;3.1750000e+02;5.8934502e-03;3.1750000e+02;7.5287923e-02;3.1750000e+02;1.5658963e-01;3.1750000e+02;2.2324863e-01;3.1750000e+02;2.7242160e-01;3.1750000e+02;3.2167387e-01;3.1750000e+02;3.5610485e-01;3.1750000e+02;3.1016973e-01;3.1750000e+02;2.1562688e-01;3.1750000e+02;1.3860029e-01;3.1750000e+02;7.3502056e-02;3.1750000e+02;1.5472092e-02;3.1750000e+02;-3.8124219e-02;3.1750000e+02;-9.0247631e-02;3.1750000e+02;-1.4098424e-01;3.1750000e+02;-1.9189580e-01;3.1750000e+02;-8.0466650e-02;3.1750000e+02;-4.6809755e-02;3.1750000e+02;5.8934502e-03;3.1750000e+02;7.5287923e-02;3.1750000e+02;1.5658963e-01;3.1750000e+02;2.2324863e-01;3.1750000e+02;2.7242160e-01;3.1750000e+02;3.2167387e-01;3.1750000e+02;3.5610485e-01;3.1750000e+02;3.1016973e-01;3.1750000e+02;2.1562688e-01;3.1750000e+02;1.3860029e-01;3.1750000e+02;7.3502056e-02;3.1750000e+02;1.5472092e-02;3.1750000e+02;-3.8124219e-02;3.1750000e+02;-9.0247631e-02;3.1750000e+02;-1.4098424e-01;3.1750000e+02;-1.9189580e-01;3.1750000e+02;-8.0466650e-02;3.1750000e+02;-4.6809755e-02;3.1750000e+02;5.8934502e-03;3.1750000e+02;7.5287923e-02;3.1750000e+02;1.5658963e-01;3.1750000e+02;2.2324863e-01;3.1750000e+02;2.7242160e-01;3.1750000e+02;3.2167387e-01;3.1750000e+02;3.5610485e-01;3.1750000e+02;3.1016973e-01;3.1750000e+02;2.1562688e-01;3.1750000e+02;1.3860029e-01;3.1750000e+02;7.3502056e-02;3.1750000e+02;1.5472092e-02;3.1750000e+02;-3.8124219e-02;3.1750000e+02;-9.0247631e-02;3.1750000e+02;-1.4098424e-01;3.1750000e+02;-1.9189580e-01;3.1750000e+02;-8.0466650e-02;3.1750000e+02;-4.6809755e-02;3.1750000e+02;5.8934502e-03;3.1750000e+02;7.5287923e-02;3.1750000e+02;1.5658963e-01;3.1750000e+02;2.2324863e-01;3.1750000e+02;2.7242160e-01;3.1750000e+02;3.2167387e-01;3.1750000e+02;3.5610485e-01;3.1750000e+02;3.1016973e-01;3.1750000e+02;2.1562688e-01;3.1750000e+02;1.3860029e-01;3.1750000e+02;7.3502056e-02;3.1750000e+02;1.5472092e-02;3.1750000e+02;-3.8124219e-02;3.1750000e+02;-9.0247631e-02;3.1750000e+02;-1.4098424e-01;3.1750000e+02;-1.9189580e-01
3.2250000e+02;-8.4509730e-02;3.2250000e+02;-5.6596898e-02;3.2250000e+02;-9.3833208e-03;3.2250000e+02;5.2754313e-02;3.2250000e+02;1.2386580e-01;3.2250000e+02;1.8357189e-01;3.2250000e+02;2.3643531e-01;3.2250000e+02;2.9921842e-01;3.2250000e+02;3.4739384e-01;3.2250000e+02;3.0869448e-01;3.2250000e+02;2.1720999e-01;3.2250000e+02;1.3625588e-01;3.2250000e+02;6.8659730e-02;3.2250000e+02;8.7921880e-03;3.2250000e+02;-4.6379022e-02;3.2250000e+02;-9.9337980e-02;3.2250000e+02;-1.5061617e-01;3.2250000e+02;-2.0166428e-01;3.2250000e+02;-8.4509730e-02;3.2250000e+02;-5.6596898e-02;3.2250000e+02;-9.3833208e-03;3.2250000e+02;5.2754313e-02;3.2250000e+02;1.2386580e-01;3.2250000e+02;1.8357189e-01;3.2250000e+02;2.3643531e-01;3.2250000e+02;2.9921842e-01;3.2250000e+02;3.4739384e-01;3.2250000e+02;3.0869448e-01;3.2250000e+02;2.1720999e-01;3.2250000e+02;1.3625588e-01;3.2250000e+02;6.8659730e-02;3.2250000e+02;8.7921880e-03;3.2250000e+02;-4.6379022e-02;3.2250000e+02;-9.9337980e-02;3.2250000e+02;-1.5061617e-01;3.2250000e+02;-2.0166428e-01;3.2250000e+02;-8.4509730e-02;3.2250000e+02;-5.6596898e-02;3.2250000e+02;-9.3833208e-03;3.2250000e+02;5.2754313e-02;3.2250000e+02;1.2386580e-01;3.2250000e+02;1.8357189e-01;3.2250000e+02;2.3643531e-01;3.2250000e+02;2.9921842e-01;3.2250000e+02;3.4739384e-01;3.2250000e+02;3.0869448e-01;3.2250000e+02;2.1720999e-01;3.2250000e+02;1.3625588e-01;3.2250000e+02;6.8659730e-02;3.2250000e+02;8.7921880e-03;3.2250000e+02;-4.6379022e-02;3.2250000e+02;-9.9337980e-02;3.2250000e+02;-1.5061617e-01;3.2250000e+02;-2.0166428e-01;3.2250000e+02;-8.4509730e-02;3.2250000e+02;-5.6596898e-02;3.2250000e+02;-9.3833208e-03;3.2250000e+02;5.2754313e-02;3.2250000e+02;1.2386580e-01;3.2250000e+02;1.8357189e-01;3.2250000e+02;2.3643531e-01;3.2250000e+02;2.9921842e-01;3.2250000e+02;3.4739384e-01;3.2250000e+02;3.0869448e-01;3.2250000e+02;2.1720999e-01;3.2250000e+02;1.3625588e-01;3.2250000e+02;6.8659730e-02;3.2250000e+02;8.7921880e-03;3.2250000e+02;-4.6379022e-02;3.2250000e+02;-9.9337980e-02;3.2250000e+02;-1.5061617e-01;3.2250000e+02;-2.0166428e-01;3.2250000e+02;-8.4509730e-02;3.2250000e+02;-5.6596898e-02;3.2250000e+02;-9.3833208e-03;3.2250000e+02;5.2754313e-02;3.2250000e+02;1.2386580e-01;3.2250000e+02;1.8357189e-01;3.2250000e+02;2.3643531e-01;3.2250000e+02;2.9921842e-01;3.2250000e+02;3.4739384e-01;3.2250000e+02;3.0869448e-01;3.2250000e+02;2.1720999e-01;3.2250000e+02;1.3625588e-01;3.2250000e+02;6.8659730e-02;3.2250000e+02;8.7921880e-03;3.2250000e+02;-4.6379022e-02;3.2250000e+02;-9.9337980e-02;3.2250000e+02;-1.5061617e-01;3.2250000e+02;-2.0166428e-01;3.2250000e+02;-8.4509730e-02;3.2250000e+02;-5.6596898e-02;3.2250000e+02;-9.3833208e-03;3.2250000e+02;5.2754313e-02;3.2250000e+02;1.2386580e-01;3.2250000e+02;1.8357189e-01;3.2250000e+02;2.3643531e-01;3.2250000e+02;2.9921842e-01;3.2250000e+02;3.4739384e-01;3.2250000e+02;3.0869448e-01;3.2250000e+02;2.1720999e-01;3.2250000e+02;1.3625588e-01;3.2250000e+02;6.8659730e-02;3.2250000e+02;8.7921880e-03;3.2250000e+02;-4.6379022e-02;3.2250000e+02;-9.9337980e-02;3.2250000e+02;-1.5061617e-01;3.2250000e+02;-2.0166428e-01;3.2250000e+02;-8.4509730e-02;3.2250000e+02;-5.6596898e-02;3.2250000e+02;-9.3833208e-03;3.2250000e+02;5.2754313e-02;3.2250000e+02;1.2386580e-01;3.2250000e+02;1.8357189e-01;3.2250000e+02;2.3643531e-01;3.2250000e+02;2.9921842e-01;3.2250000e+02;3.4739384e-01;3.2250000e+02;3.0869448e-01;3.2250000e+02;2.1720999e-01;3.2250000e+02;1.3625588e-01;3.2250000e+02;6.8659730e-02;3.2250000e+02;8.7921880e-03;3.2250000e+02;-4.6379022e-02;3.2250000e+02;-9.9337980e-02;3.2250000e+02;-1.5061617e-01;3.2250000e+02;-2.0166428e-01;3.2250000e+02;-8.4509730e-02;3.2250000e+02;-5.6596898e-02;3.2250000e+02;-9.3833208e-03;3.2250000e+02;5.2754313e-02;3.2250000e+02;1.2386580e-01;3.2250000e+02;1.8357189e-01;3.2250000e+02;2.3643531e-01;3.2250000e+02;2.9921842e-01;3.2250000e+02;3.4739384e-01;3.2250000e+02;3.0869448e-01;3.2250000e+02;2.1720999e-01;3.2250000e+02;1.3625588e-01;3.2250000e+02;6.8659730e-02;3.2250000e+02;8.7921880e-03;3.2250000e+02;-4.6379022e-02;3.2250000e+02;-9.9337980e-02;3.2250000e+02;-1.5061617e-01;3.2250000e+02;-2.0166428e-01;3.2250000e+02;-8.4509730e-02;3.2250000e+02;-5.6596898e-02;3.2250000e+02;-9.3833208e-03;3.2250000e+02;5.2754313e-02;3.2250000e+02;1.2386580e-01;3.2250000e+02;1.8357189e-01;3.2250000e+02;2.3643531e-01;3.2250000e+02;2.9921842e-01;3.2250000e+02;3.4739384e-01;3.2250000e+02;3.0869448e-01;3.2250000e+02;2.1720999e-01;3.2250000e+02;1.3625588e-01;3.2250000e+02;6.8659730e-02;3.2250000e+02;8.7921880e-03;3.2250000e+02;-4.6379022e-02;3.2250000e+02;-9.9337980e-02;3.2250000e+02;-1.5061617e-01;3.2250000e+02;-2.0166428e-01;3.2250000e+02;-8.4509730e-02;3.2250000e+02;-5.6596898e-02;3.2250000e+02;-9.3833208e-03;3.2250000e+02;5.2754313e-02;3.2250000e+02;1.2386580e-01;3.2250000e+02;1.8357189e-01;3.2250000e+02;2.3643531e-01;3.2250000e+02;2.9921842e-01;3.2250000e+02;3.4739384e-01;3.2250000e+02;3.0869448e-01;3.2250000e+02;2.1720999e-01;3.2250000e+02;1.3625588e-01;3.2250000e+02;6.8659730e-02;3.2250000e+02;8.7921880e-03;3.2250000e+02;-4.6379022e-02;3.2250000e+02;-9.9337980e-02;3.2250000e+02;-1.5061617e-01;3.2250000e+02;-2.0166428e-01;3.2250000e+02;-8.4509730e-02;3.2250000e+02;-5.6596898e-02;3.2250000e+02;-9.3833208e-03;3.2250000e+02;5.2754313e-02;3.2250000e+02;1.2386580e-01;3.2250000e+02;1.8357189e-01;3.2250000e+02;2.3643531e-01;3.2250000e+02;2.9921842e-01;3.2250000e+02;3.4739384e-01;3.2250000e+02;3.0869448e-01;3.2250000e+02;2.1720999e-01;3.2250000e+02;1.3625588e-01;3.2250000e+02;6.8659730e-02;3.2250000e+02;8.7921880e-03;3.2250000e+02;-4.6379022e-02;3.2250000e+02;-9.9337980e-02;3.2250000e+02;-1.5061617e-01;3.2250000e+02;-2.0166428e-01;3.2250000e+02;-8.4509730e-02;3.2250000e+02;-5.6596898e-02;3.2250000e+02;-9.3833208e-03;3.2250000e+02;5.2754313e-02;3.2250000e+02;1.2386580e-01;3.2250000e+02;1.8357189e-01;3.2250000e+02;2.3643531e-01;3.2250000e+02;2.9921842e-01;3.2250000e+02;3.4739384e-01;3.2250000e+02;3.0869448e-01;3.2250000e+02;2.1720999e-01;3.2250000e+02;1.3625588e-01;3.2250000e+02;6.8659730e-02;3.2250000e+02;8.7921880e-03;3.2250000e+02;-4.6379022e-02;3.2250000e+02;-9.9337980e-02;3.2250000e+02;-1.5061617e-01;3.2250000e+02;-2.0166428e-01;3.2250000e+02;-8.4509730e-02;3.2250000e+02;-5.6596898e-02;3.2250000e+02;-9.3833208e-03;3.2250000e+02;5.2754313e-02;3.2250000e+02;1.2386580e-01;3.2250000e+02;1.8357189e-01;3.2250000e+02;2.3643531e-01;3.2250000e+02;2.9921842e-01;3.2250000e+02;3.4739384e-01;3.2250000e+02;3.0869448e-01;3.2250000e+02;2.1720999e-01;3.2250000e+02;1.3625588e-01;3.2250000e+02;6.8659730e-02;3.2250000e+02;8.7921880e-03;3.2250000e+02;-4.6379022e-02;3.2250000e+02;-9.9337980e-02;3.2250000e+02;-1.5061617e-01;3.2250000e+02;-2.0166428e-01;3.2250000e+02;-8.4509730e-02;3.2250000e+02;-5.6596898e-02;3.2250000e+02;-9.3833208e-03;3.2250000e+02;5.2754313e-02;3.2250000e+02;1.2386580e-01;3.2250000e+02;1.8357189e-01;3.2250000e+02;2.3643531e-01;3.2250000e+02;2.9921842e-01;3.2250000e+02;3.4739384e-01;3.2250000e+02;3.0869448e-01;3.2250000e+02;2.1720999e-01;3.2250000e+02;1.3625588e-01;3.2250000e+02;6.8659730e-02;3.2250000e+02;8.7921880e-03;3.2250000e+02;-4.6379022e-02;3.2250000e+02;-9.9337980e-02;3.2250000e+02;-1.5061617e-01;3.2250000e+02;-2.0166428e-01;3.2250000e+02;-8.4509730e-02;3.2250000e+02;-5.6596898e-02;3.2250000e+02;-9.3833208e-03;3.2250000e+02;5.2754313e-02;3.2250000e+02;1.2386580e-01;3.2250000e+02;1.8357189e-01;3.2250000e+02;2.3643531e-01;3.2250000e+02;2.9921842e-01;3.2250000e+02;3.4739384e-01;3.2250000e+02;3.0869448e-01;3.2250000e+02;2.1720999e-01;3.2250000e+02;1.3625588e-01;3.2250000e+02;6.8659730e-02;3.2250000e+02;8.7921880e-03;3.2250000e+02;-4.6379022e-02;3.2250000e+02;-9.9337980e-02;3.2250000e+02;-1.5061617e-01;3.2250000e+02;-2.0166428e-01;3.2250000e+02;-8.4509730e-02;3.2250000e+02;-5.6596898e-02;3.2250000e+02;-9.3833208e-03;3.2250000e+02;5.2754313e-02;3.2250000e+02;1.2386580e-01;3.2250000e+02;1.8357189e-01;3.2250000e+02;2.3643531e-01;3.2250000e+02;2.9921842e-01;3.2250000e+02;3.4739384e-01;3.2250000e+02;3.0869448e-01;3.2250000e+02;2.1720999e-01;3.2250000e+02;1.3625588e-01;3.2250000e+02;6.8659730e-02;3.2250000e+02;8.7921880e-03;3.2250000e+02;-4.6379022e-02;3.2250000e+02;-9.9337980e-02;3.2250000e+02;-1.5061617e-01;3.2250000e+02;-2.0166428e-01;3.2250000e+02;-8.4509730e-02;3.2250000e+02;-5.6596898e-02;3.2250000e+02;-9.3833208e-03;3.2250000e+02;5.2754313e-02;3.2250000e+02;1.2386580e-01;3.2250000e+02;1.8357189e-01;3.2250000e+02;2.3643531e-01;3.2250000e+02;2.9921842e-01;3.2250000e+02;3.4739384e-01;3.2250000e+02;3.0869448e-01;3.2250000e+02;2.1720999e-01;3.2250000e+02;1.3625588e-01;3.2250000e+02;6.8659730e-02;3.2250000e+02;8.7921880e-03;3.2250000e+02;-4.6379022e-02;3.2250000e+02;-9.9337980e-02;3.2250000e+02;-1.5061617e-01;3.2250000e+02;-2.0166428e-01;3.2250000e+02;-8.4509730e-02;3.2250000e+02;-5.6596898e-02;3.2250000e+02;-9.3833208e-03;3.2250000e+02;5.2754313e-02;3.2250000e+02;1.2386580e-01;3.2250000e+02;1.8357189e-01;3.2250000e+02;2.3643531e-01;3.2250000e+02;2.9921842e-01;3.2250000e+02;3.4739384e-01;3.2250000e+02;3.0869448e-01;3.2250000e+02;2.1720999e-01;3.2250000e+02;1.3625588e-01;3.2250000e+02;6.8659730e-02;3.2250000e+02;8.7921880e-03;3.2250000e+02;-4.6379022e-02;3.2250000e+02;-9.9337980e-02;3.2250000e+02;-1.5061617e-01;3.2250000e+02;-2.0166428e-01;3.2250000e+02;-8.4509730e-02;3.2250000e+02;-5.6596898e-02;3.2250000e+02;-9.3833208e-03;3.2250000e+02;5.2754313e-02;3.2250000e+02;1.2386580e-01;3.2250000e+02;1.8357189e-01;3.2250000e+02;2.3643531e-01;3.2250000e+02;2.9921842e-01;3.2250000e+02;3.4739384e-01;3.2250000e+02;3.0869448e-01;3.2250000e+02;2.1720999e-01;3.2250000e+02;1.3625588e-01;3.2250000e+02;6.8659730e-02;3.2250000e+02;8.7921880e-03;3.2250000e+02;-4.6379022e-02;3.2250000e+02;-9.9337980e-02;3.2250000e+02;-1.5061617e-01;3.2250000e+02;-2.0166428e-01;3.2250000e+02;-8.4509730e-02;3.2250000e+02;-5.6596898e-02;3.2250000e+02;-9.3833208e-03;3.2250000e+02;5.2754313e-02;3.2250000e+02;1.2386580e-01;3.2250000e+02;1.8357189e-01;3.2250000e+02;2.3643531e-01;3.2250000e+02;2.9921842e-01;3.2250000e+02;3.4739384e-01;3.2250000e+02;3.0869448e-01;3.2250000e+02;2.1720999e-01;3.2250000e+02;1.3625588e-01;3.2250000e+02;6.8659730e-02;3.2250000e+02;8.7921880e-03;3.2250000e+02;-4.6379022e-02;3.2250000e+02;-9.9337980e-02;3.2250000e+02;-1.5061617e-01;3.2250000e+02;-2.0166428e-01;3.2250000e+02;-8.4509730e-02;3.2250000e+02;-5.6596898e-02;3.2250000e+02;-9.3833208e-03;3.2250000e+02;5.2754313e-02;3.2250000e+02;1.2386580e-01;3.2250000e+02;1.8357189e-01;3.2250000e+02;2.3643531e-01;3.2250000e+02;2.9921842e-01;3.2250000e+02;3.4739384e-01;3.2250000e+02;3.0869448e-01;3.2250000e+02;2.1720999e-01;3.2250000e+02;1.3625588e-01;3.2250000e+02;6.8659730e-02;3.2250000e+02;8.7921880e-03;3.2250000e+02;-4.6379022e-02;3.2250000e+02;-9.9337980e-02;3.2250000e+02;-1.5061617e-01;3.2250000e+02;-2.0166428e-01;3.2250000e+02;-8.4509730e-02;3.2250000e+02;-5.6596898e-02;3.2250000e+02;-9.3833208e-03;3.2250000e+02;5.2754313e-02;3.2250000e+02;1.2386580e-01;3.2250000e+02;1.8357189e-01;3.2250000e+02;2.3643531e-01;3.2250000e+02;2.9921842e-01;3.2250000e+02;3.4739384e-01;3.2250000e+02;3.0869448e-01;3.2250000e+02;2.1720999e-01;3.2250000e+02;1.3625588e-01;3.2250000e+02;6.8659730e-02;3.2250000e+02;8.7921880e-03;3.2250000e+02;-4.6379022e-02;3.2250000e+02;-9.9337980e-02;3.2250000e+02;-1.5061617e-01;3.2250000e+02;-2.0166428e-01;3.2250000e+02;-8.4509730e-02;3.2250000e+02;-5.6596898e-02;3.2250000e+02;-9.3833208e-03;3.2250000e+02;5.2754313e-02;3.2250000e+02;1.2386580e-01;3.2250000e+02;1.8357189e-01;3.2250000e+02;2.3643531e-01;3.2250000e+02;2.9921842e-01;3.2250000e+02;3.4739384e-01;3.2250000e+02;3.0869448e-01;3.2250000e+02;2.1720999e-01;3.2250000e+02;1.3625588e-01;3.2250000e+02;6.8659730e-02;3.2250000e+02;8.7921880e-03;3.2250000e+02;-4.6379022e-02;3.2250000e+02;-9.9337980e-02;3.2250000e+02;-1.5061617e-01;3.2250000e+02;-2.0166428e-01;3.2250000e+02;-8.4509730e-02;3.2250000e+02;-5.6596898e-02;3.2250000e+02;-9.3833208e-03;3.2250000e+02;5.2754313e-02;3.2250000e+02;1.2386580e-01;3.2250000e+02;1.8357189e-01;3.2250000e+02;2.3643531e-01;3.2250000e+02;2.9921842e-01;3.2250000e+02;3.4739384e-01;3.2250000e+02;3.0869448e-01;3.2250000e+02;2.1720999e-01;3.2250000e+02;1.3625588e-01;3.2250000e+02;6.8659730e-02;3.2250000e+02;8.7921880e-03;3.2250000e+02;-4.6379022e-02;3.2250000e+02;-9.9337980e-02;3.2250000e+02;-1.5061617e-01;3.2250000e+02;-2.0166428e-01;3.2250000e+02;-8.4509730e-02;3.2250000e+02;-5.6596898e-02;3.2250000e+02;-9.3833208e-03;3.2250000e+02;5.2754313e-02;3.2250000e+02;1.2386580e-01;3.2250000e+02;1.8357189e-01;3.2250000e+02;2.3643531e-01;3.2250000e+02;2.9921842e-01;3.2250000e+02;3.4739384e-01;3.2250000e+02;3.0869448e-01;3.2250000e+02;2.1720999e-01;3.2250000e+02;1.3625588e-01;3.2250000e+02;6.8659730e-02;3.2250000e+02;8.7921880e-03;3.2250000e+02;-4.6379022e-02;3.2250000e+02;-9.9337980e-02;3.2250000e+02;-1.5061617e-01;3.2250000e+02;-2.0166428e-01;3.2250000e+02;-8.4509730e-02;3.2250000e+02;-5.6596898e-02;3.2250000e+02;-9.3833208e-03;3.2250000e+02;5.2754313e-02;3.2250000e+02;1.2386580e-01;3.2250000e+02;1.8357189e-01;3.2250000e+02;2.3643531e-01;3.2250000e+02;2.9921842e-01;3.2250000e+02;3.4739384e-01;3.2250000e+02;3.0869448e-01;3.2250000e+02;2.1720999e-01;3.2250000e+02;1.3625588e-01;3.2250000e+02;6.8659730e-02;3.2250000e+02;8.7921880e-03;3.2250000e+02;-4.6379022e-02;3.2250000e+02;-9.9337980e-02;3.2250000e+02;-1.5061617e-01;3.2250000e+02;-2.0166428e-01;3.2250000e+02;-8.4509730e-02;3.2250000e+02;-5.6596898e-02;3.2250000e+02;-9.3833208e-03;3.2250000e+02;5.2754313e-02;3.2250000e+02;1.2386580e-01;3.2250000e+02;1.8357189e-01;3.2250000e+02;2.3643531e-01;3.2250000e+02;2.9921842e-01;3.2250000e+02;3.4739384e-01;3.2250000e+02;3.0869448e-01;3.2250000e+02;2.1720999e-01;3.2250000e+02;1.3625588e-01;3.2250000e+02;6.8659730e-02;3.2250000e+02;8.7921880e-03;3.2250000e+02;-4.6379022e-02;3.2250000e+02;-9.9337980e-02;3.2250000e+02;-1.5061617e-01;3.2250000e+02;-2.0166428e-01;3.2250000e+02;-8.4509730e-02;3.2250000e+02;-5.6596898e-02;3.2250000e+02;-9.3833208e-03;3.2250000e+02;5.2754313e-02;3.2250000e+02;1.2386580e-01;3.2250000e+02;1.8357189e-01;3.2250000e+02;2.3643531e-01;3.2250000e+02;2.9921842e-01;3.2250000e+02;3.4739384e-01;3.2250000e+02;3.0869448e-01;3.2250000e+02;2.1720999e-01;3.2250000e+02;1.3625588e-01;3.2250000e+02;6.8659730e-02;3.2250000e+02;8.7921880e-03;3.2250000e+02;-4.6379022e-02;3.2250000e+02;-9.9337980e-02;3.2250000e+02;-1.5061617e-01;3.2250000e+02;-2.0166428e-01;3.2250000e+02;-8.4509730e-02;3.2250000e+02;-5.6596898e-02;3.2250000e+02;-9.3833208e-03;3.2250000e+02;5.2754313e-02;3.2250000e+02;1.2386580e-01;3.2250000e+02;1.8357189e-01;3.2250000e+02;2.3643531e-01;3.2250000e+02;2.9921842e-01;3.2250000e+02;3.4739384e-01;3.2250000e+02;3.0869448e-01;3.2250000e+02;2.1720999e-01;3.2250000e+02;1.3625588e-01;3.2250000e+02;6.8659730e-02;3.2250000e+02;8.7921880e-03;3.2250000e+02;-4.6379022e-02;3.2250000e+02;-9.9337980e-02;3.2250000e+02;-1.5061617e-01;3.2250000e+02;-2.0166428e-01;3.2250000e+02;-8.4509730e-02;3.2250000e+02;-5.6596898e-02;3.2250000e+02;-9.3833208e-03;3.2250000e+02;5.2754313e-02;3.2250000e+02;1.2386580e-01;3.2250000e+02;1.8357189e-01;3.2250000e+02;2.3643531e-01;3.2250000e+02;2.9921842e-01;3.2250000e+02;3.4739384e-01;3.2250000e+02;3.0869448e-01;3.2250000e+02;2.1720999e-01;3.2250000e+02;1.3625588e-01;3.2250000e+02;6.8659730e-02;3.2250000e+02;8.7921880e-03;3.2250000e+02;-4.6379022e-02;3.2250000e+02;-9.9337980e-02;3.2250000e+02;-1.5061617e-01;3.2250000e+02;-2.0166428e-01;3.2250000e+02;-8.4509730e-02;3.2250000e+02;-5.6596898e-02;3.2250000e+02;-9.3833208e-03;3.2250000e+02;5.2754313e-02;3.2250000e+02;1.2386580e-01;3.2250000e+02;1.8357189e-01;3.2250000e+02;2.3643531e-01;3.2250000e+02;2.9921842e-01;3.2250000e+02;3.4739384e-01;3.2250000e+02;3.0869448e-01;3.2250000e+02;2.1720999e-01;3.2250000e+02;1.3625588e-01;3.2250000e+02;6.8659730e-02;3.2250000e+02;8.7921880e-03;3.2250000e+02;-4.6379022e-02;3.2250000e+02;-9.9337980e-02;3.2250000e+02;-1.5061617e-01;3.2250000e+02;-2.0166428e-01;3.2250000e+02;-8.4509730e-02;3.2250000e+02;-5.6596898e-02;3.2250000e+02;-9.3833208e-03;3.2250000e+02;5.2754313e-02;3.2250000e+02;1.2386580e-01;3.2250000e+02;1.8357189e-01;3.2250000e+02;2.3643531e-01;3.2250000e+02;2.9921842e-01;3.2250000e+02;3.4739384e-01;3.2250000e+02;3.0869448e-01;3.2250000e+02;2.1720999e-01;3.2250000e+02;1.3625588e-01;3.2250000e+02;6.8659730e-02;3.2250000e+02;8.7921880e-03;3.2250000e+02;-4.6379022e-02;3.2250000e+02;-9.9337980e-02;3.2250000e+02;-1.5061617e-01;3.2250000e+02;-2.0166428e-01;3.2250000e+02;-8.4509730e-02;3.2250000e+02;-5.6596898e-02;3.2250000e+02;-9.3833208e-03;3.2250000e+02;5.2754313e-02;3.2250000e+02;1.2386580e-01;3.2250000e+02;1.8357189e-01;3.2250000e+02;2.3643531e-01;3.2250000e+02;2.9921842e-01;3.2250000e+02;3.4739384e-01;3.2250000e+02;3.0869448e-01;3.2250000e+02;2.1720999e-01;3.2250000e+02;1.3625588e-01;3.2250000e+02;6.8659730e-02;3.2250000e+02;8.7921880e-03;3.2250000e+02;-4.6379022e-02;3.2250000e+02;-9.9337980e-02;3.2250000e+02;-1.5061617e-01;3.2250000e+02;-2.0166428e-01;3.2250000e+02;-8.4509730e-02;3.2250000e+02;-5.6596898e-02;3.2250000e+02;-9.3833208e-03;3.2250000e+02;5.2754313e-02;3.2250000e+02;1.2386580e-01;3.2250000e+02;1.8357189e-01;3.2250000e+02;2.3643531e-01;3.2250000e+02;2.9921842e-01;3.2250000e+02;3.4739384e-01;3.2250000e+02;3.0869448e-01;3.2250000e+02;2.1720999e-01;3.2250000e+02;1.3625588e-01;3.2250000e+02;6.8659730e-02;3.2250000e+02;8.7921880e-03;3.2250000e+02;-4.6379022e-02;3.2250000e+02;-9.9337980e-02;3.2250000e+02;-1.5061617e-01;3.2250000e+02;-2.0166428e-01;3.2250000e+02;-8.4509730e-02;3.2250000e+02;-5.6596898e-02;3.2250000e+02;-9.3833208e-03;3.2250000e+02;5.2754313e-02;3.2250000e+02;1.2386580e-01;3.2250000e+02;1.8357189e-01;3.2250000e+02;2.3643531e-01;3.2250000e+02;2.9921842e-01;3.2250000e+02;3.4739384e-01;3.2250000e+02;3.0869448e-01;3.2250000e+02;2.1720999e-01;3.2250000e+02;1.3625588e-01;3.2250000e+02;6.8659730e-02;3.2250000e+02;8.7921880e-03;3.2250000e+02;-4.6379022e-02;3.2250000e+02;-9.9337980e-02;3.2250000e+02;-1.5061617e-01;3.2250000e+02;-2.0166428e-01;3.2250000e+02;-8.4509730e-02;3.2250000e+02;-5.6596898e-02;3.2250000e+02;-9.3833208e-03;3.2250000e+02;5.2754313e-02;3.2250000e+02;1.2386580e-01;3.2250000e+02;1.8357189e-01;3.2250000e+02;2.3643531e-01;3.2250000e+02;2.9921842e-01;3.2250000e+02;3.4739384e-01;3.2250000e+02;3.0869448e-01;3.2250000e+02;2.1720999e-01;3.2250000e+02;1.3625588e-01;3.2250000e+02;6.8659730e-02;3.2250000e+02;8.7921880e-03;3.2250000e+02;-4.6379022e-02;3.2250000e+02;-9.9337980e-02;3.2250000e+02;-1.5061617e-01;3.2250000e+02;-2.0166428e-01;3.2250000e+02;-8.4509730e-02;3.2250000e+02;-5.6596898e-02;3.2250000e+02;-9.3833208e-03;3.2250000e+02;5.2754313e-02;3.2250000e+02;1.2386580e-01;3.2250000e+02;1.8357189e-01;3.2250000e+02;2.3643531e-01;3.2250000e+02;2.9921842e-01;3.2250000e+02;3.4739384e-01;3.2250000e+02;3.0869448e-01;3.2250000e+02;2.1720999e-01;3.2250000e+02;1.3625588e-01;3.2250000e+02;6.8659730e-02;3.2250000e+02;8.7921880e-03;3.2250000e+02;-4.6379022e-02;3.2250000e+02;-9.9337980e-02;3.2250000e+02;-1.5061617e-01;3.2250000e+02;-2.0166428e-01;3.2250000e+02;-8.4509730e-02;3.2250000e+02;-5.6596898e-02;3.2250000e+02;-9.3833208e-03;3.2250000e+02;5.2754313e-02;3.2250000e+02;1.2386580e-01;3.2250000e+02;1.8357189e-01;3.2250000e+02;2.3643531e-01;3.2250000e+02;2.9921842e-01;3.2250000e+02;3.4739384e-01;3.2250000e+02;3.0869448e-01;3.2250000e+02;2.1720999e-01;3.2250000e+02;1.3625588e-01;3.2250000e+02;6.8659730e-02;3.2250000e+02;8.7921880e-03;3.2250000e+02;-4.6379022e-02;3.2250000e+02;-9.9337980e-02;3.2250000e+02;-1.5061617e-01;3.2250000e+02;-2.0166428e-01;3.2250000e+02;-8.4509730e-02;3.2250000e+02;-5.6596898e-02;3.2250000e+02;-9.3833208e-03;3.2250000e+02;5.2754313e-02;3.2250000e+02;1.2386580e-01;3.2250000e+02;1.8357189e-01;3.2250000e+02;2.3643531e-01;3.2250000e+02;2.9921842e-01;3.2250000e+02;3.4739384e-01;3.2250000e+02;3.0869448e-01;3.2250000e+02;2.1720999e-01;3.2250000e+02;1.3625588e-01;3.2250000e+02;6.8659730e-02;3.2250000e+02;8.7921880e-03;3.2250000e+02;-4.6379022e-02;3.2250000e+02;-9.9337980e-02;3.2250000e+02;-1.5061617e-01;3.2250000e+02;-2.0166428e-01;3.2250000e+02;-8.4509730e-02;3.2250000e+02;-5.6596898e-02;3.2250000e+02;-9.3833208e-03;3.2250000e+02;5.2754313e-02;3.2250000e+02;1.2386580e-01;3.2250000e+02;1.8357189e-01;3.2250000e+02;2.3643531e-01;3.2250000e+02;2.9921842e-01;3.2250000e+02;3.4739384e-01;3.2250000e+02;3.0869448e-01;3.2250000e+02;2.1720999e-01;3.2250000e+02;1.3625588e-01;3.2250000e+02;6.8659730e-02;3.2250000e+02;8.7921880e-03;3.2250000e+02;-4.6379022e-02;3.2250000e+02;-9.9337980e-02;3.2250000e+02;-1.5061617e-01;3.2250000e+02;-2.0166428e-01;3.2250000e+02;-8.4509730e-02;3.2250000e+02;-5.6596898e-02;3.2250000e+02;-9.3833208e-03;3.2250000e+02;5.2754313e-02;3.2250000e+02;1.2386580e-01;3.2250000e+02;1.8357189e-01;3.2250000e+02;2.3643531e-01;3.2250000e+02;2.9921842e-01;3.2250000e+02;3.4739384e-01;3.2250000e+02;3.0869448e-01;3.2250000e+02;2.1720999e-01;3.2250000e+02;1.3625588e-01;3.2250000e+02;6.8659730e-02;3.2250000e+02;8.7921880e-03;3.2250000e+02;-4.6379022e-02;3.2250000e+02;-9.9337980e-02;3.2250000e+02;-1.5061617e-01;3.2250000e+02;-2.0166428e-01;3.2250000e+02;-8.4509730e-02;3.2250000e+02;-5.6596898e-02;3.2250000e+02;-9.3833208e-03;3.2250000e+02;5.2754313e-02;3.2250000e+02;1.2386580e-01;3.2250000e+02;1.8357189e-01;3.2250000e+02;2.3643531e-01;3.2250000e+02;2.9921842e-01;3.2250000e+02;3.4739384e-01;3.2250000e+02;3.0869448e-01;3.2250000e+02;2.1720999e-01;3.2250000e+02;1.3625588e-01;3.2250000e+02;6.8659730e-02;3.2250000e+02;8.7921880e-03;3.2250000e+02;-4.6379022e-02;3.2250000e+02;-9.9337980e-02;3.2250000e+02;-1.5061617e-01;3.2250000e+02;-2.0166428e-01;3.2250000e+02;-8.4509730e-02;3.2250000e+02;-5.6596898e-02;3.2250000e+02;-9.3833208e-03;3.2250000e+02;5.2754313e-02;3.2250000e+02;1.2386580e-01;3.2250000e+02;1.8357189e-01;3.2250000e+02;2.3643531e-01;3.2250000e+02;2.9921842e-01;3.2250000e+02;3.4739384e-01;3.2250000e+02;3.0869448e-01;3.2250000e+02;2.1720999e-01;3.2250000e+02;1.3625588e-01;3.2250000e+02;6.8659730e-02;3.2250000e+02;8.7921880e-03;3.2250000e+02;-4.6379022e-02;3.2250000e+02;-9.9337980e-02;3.2250000e+02;-1.5061617e-01;3.2250000e+02;-2.0166428e-01;3.2250000e+02;-8.4509730e-02;3.2250000e+02;-5.6596898e-02;3.2250000e+02;-9.3833208e-03;3.2250000e+02;5.2754313e-02;3.2250000e+02;1.2386580e-01;3.2250000e+02;1.8357189e-01;3.2250000e+02;2.3643531e-01;3.2250000e+02;2.9921842e-01;3.2250000e+02;3.4739384e-01;3.2250000e+02;3.0869448e-01;3.2250000e+02;2.1720999e-01;3.2250000e+02;1.3625588e-01;3.2250000e+02;6.8659730e-02;3.2250000e+02;8.7921880e-03;3.2250000e+02;-4.6379022e-02;3.2250000e+02;-9.9337980e-02;3.2250000e+02;-1.5061617e-01;3.2250000e+02;-2.0166428e-01;3.2250000e+02;-8.4509730e-02;3.2250000e+02;-5.6596898e-02;3.2250000e+02;-9.3833208e-03;3.2250000e+02;5.2754313e-02;3.2250000e+02;1.2386580e-01;3.2250000e+02;1.8357189e-01;3.2250000e+02;2.3643531e-01;3.2250000e+02;2.9921842e-01;3.2250000e+02;3.4739384e-01;3.2250000e+02;3.0869448e-01;3.2250000e+02;2.1720999e-01;3.2250000e+02;1.3625588e-01;3.2250000e+02;6.8659730e-02;3.2250000e+02;8.7921880e-03;3.2250000e+02;-4.6379022e-02;3.2250000e+02;-9.9337980e-02;3.2250000e+02;-1.5061617e-01;3.2250000e+02;-2.0166428e-01;3.2250000e+02;-8.4509730e-02;3.2250000e+02;-5.6596898e-02;3.2250000e+02;-9.3833208e-03;3.2250000e+02;5.2754313e-02;3.2250000e+02;1.2386580e-01;3.2250000e+02;1.8357189e-01;3.2250000e+02;2.3643531e-01;3.2250000e+02;2.9921842e-01;3.2250000e+02;3.4739384e-01;3.2250000e+02;3.0869448e-01;3.2250000e+02;2.1720999e-01;3.2250000e+02;1.3625588e-01;3.2250000e+02;6.8659730e-02;3.2250000e+02;8.7921880e-03;3.2250000e+02;-4.6379022e-02;3.2250000e+02;-9.9337980e-02;3.2250000e+02;-1.5061617e-01;3.2250000e+02;-2.0166428e-01;3.2250000e+02;-8.4509730e-02;3.2250000e+02;-5.6596898e-02;3.2250000e+02;-9.3833208e-03;3.2250000e+02;5.2754313e-02;3.2250000e+02;1.2386580e-01;3.2250000e+02;1.8357189e-01;3.2250000e+02;2.3643531e-01;3.2250000e+02;2.9921842e-01;3.2250000e+02;3.4739384e-01;3.2250000e+02;3.0869448e-01;3.2250000e+02;2.1720999e-01;3.2250000e+02;1.3625588e-01;3.2250000e+02;6.8659730e-02;3.2250000e+02;8.7921880e-03;3.2250000e+02;-4.6379022e-02;3.2250000e+02;-9.9337980e-02;3.2250000e+02;-1.5061617e-01;3.2250000e+02;-2.0166428e-01;3.2250000e+02;-8.4509730e-02;3.2250000e+02;-5.6596898e-02;3.2250000e+02;-9.3833208e-03;3.2250000e+02;5.2754313e-02;3.2250000e+02;1.2386580e-01;3.2250000e+02;1.8357189e-01;3.2250000e+02;2.3643531e-01;3.2250000e+02;2.9921842e-01;3.2250000e+02;3.4739384e-01;3.2250000e+02;3.0869448e-01;3.2250000e+02;2.1720999e-01;3.2250000e+02;1.3625588e-01;3.2250000e+02;6.8659730e-02;3.2250000e+02;8.7921880e-03;3.2250000e+02;-4.6379022e-02;3.2250000e+02;-9.9337980e-02;3.2250000e+02;-1.5061617e-01;3.2250000e+02;-2.0166428e-01;3.2250000e+02;-8.4509730e-02;3.2250000e+02;-5.6596898e-02;3.2250000e+02;-9.3833208e-03;3.2250000e+02;5.2754313e-02;3.2250000e+02;1.2386580e-01;3.2250000e+02;1.8357189e-01;3.2250000e+02;2.3643531e-01;3.2250000e+02;2.9921842e-01;3.2250000e+02;3.4739384e-01;3.2250000e+02;3.0869448e-01;3.2250000e+02;2.1720999e-01;3.2250000e+02;1.3625588e-01;3.2250000e+02;6.8659730e-02;3.2250000e+02;8.7921880e-03;3.2250000e+02;-4.6379022e-02;3.2250000e+02;-9.9337980e-02;3.2250000e+02;-1.5061617e-01;3.2250000e+02;-2.0166428e-01;3.2250000e+02;-8.4509730e-02;3.2250000e+02;-5.6596898e-02;3.2250000e+02;-9.3833208e-03;3.2250000e+02;5.2754313e-02;3.2250000e+02;1.2386580e-01;3.2250000e+02;1.8357189e-01;3.2250000e+02;2.3643531e-01;3.2250000e+02;2.9921842e-01;3.2250000e+02;3.4739384e-01;3.2250000e+02;3.0869448e-01;3.2250000e+02;2.1720999e-01;3.2250000e+02;1.3625588e-01;3.2250000e+02;6.8659730e-02;3.2250000e+02;8.7921880e-03;3.2250000e+02;-4.6379022e-02;3.2250000e+02;-9.9337980e-02;3.2250000e+02;-1.5061617e-01;3.2250000e+02;-2.0166428e-01;3.2250000e+02;-8.4509730e-02;3.2250000e+02;-5.6596898e-02;3.2250000e+02;-9.3833208e-03;3.2250000e+02;5.2754313e-02;3.2250000e+02;1.2386580e-01;3.2250000e+02;1.8357189e-01;3.2250000e+02;2.3643531e-01;3.2250000e+02;2.9921842e-01;3.2250000e+02;3.4739384e-01;3.2250000e+02;3.0869448e-01;3.2250000e+02;2.1720999e-01;3.2250000e+02;1.3625588e-01;3.2250000e+02;6.8659730e-02;3.2250000e+02;8.7921880e-03;3.2250000e+02;-4.6379022e-02;3.2250000e+02;-9.9337980e-02;3.2250000e+02;-1.5061617e-01;3.2250000e+02;-2.0166428e-01;3.2250000e+02;-8.4509730e-02;3.2250000e+02;-5.6596898e-02;3.2250000e+02;-9.3833208e-03;3.2250000e+02;5.2754313e-02;3.2250000e+02;1.2386580e-01;3.2250000e+02;1.8357189e-01;3.2250000e+02;2.3643531e-01;3.2250000e+02;2.9921842e-01;3.2250000e+02;3.4739384e-01;3.2250000e+02;3.0869448e-01;3.2250000e+02;2.1720999e-01;3.2250000e+02;1.3625588e-01;3.2250000e+02;6.8659730e-02;3.2250000e+02;8.7921880e-03;3.2250000e+02;-4.6379022e-02;3.2250000e+02;-9.9337980e-02;3.2250000e+02;-1.5061617e-01;3.2250000e+02;-2.0166428e-01;3.2250000e+02;-8.4509730e-02;3.2250000e+02;-5.6596898e-02;3.2250000e+02;-9.3833208e-03;3.2250000e+02;5.2754313e-02;3.2250000e+02;1.2386580e-01;3.2250000e+02;1.8357189e-01;3.2250000e+02;2.3643531e-01;3.2250000e+02;2.9921842e-01;3.2250000e+02;3.4739384e-01;3.2250000e+02;3.0869448e-01;3.2250000e+02;2.1720999e-01;3.2250000e+02;1.3625588e-01;3.2250000e+02;6.8659730e-02;3.2250000e+02;8.7921880e-03;3.2250000e+02;-4.6379022e-02;3.2250000e+02;-9.9337980e-02;3.2250000e+02;-1.5061617e-01;3.2250000e+02;-2.0166428e-01;3.2250000e+02;-8.4509730e-02;3.2250000e+02;-5.6596898e-02;3.2250000e+02;-9.3833208e-03;3.2250000e+02;5.2754313e-02;3.2250000e+02;1.2386580e-01;3.2250000e+02;1.8357189e-01;3.2250000e+02;2.3643531e-01;3.2250000e+02;2.9921842e-01;3.2250000e+02;3.4739384e-01;3.2250000e+02;3.0869448e-01;3.2250000e+02;2.1720999e-01;3.2250000e+02;1.3625588e-01;3.2250000e+02;6.8659730e-02;3.2250000e+02;8.7921880e-03;3.2250000e+02;-4.6379022e-02;3.2250000e+02;-9.9337980e-02;3.2250000e+02;-1.5061617e-01;3.2250000e+02;-2.0166428e-01;3.2250000e+02;-8.4509730e-02;3.2250000e+02;-5.6596898e-02;3.2250000e+02;-9.3833208e-03;3.2250000e+02;5.2754313e-02;3.2250000e+02;1.2386580e-01;3.2250000e+02;1.8357189e-01;3.2250000e+02;2.3643531e-01;3.2250000e+02;2.9921842e-01;3.2250000e+02;3.4739384e-01;3.2250000e+02;3.0869448e-01;3.2250000e+02;2.1720999e-01;3.2250000e+02;1.3625588e-01;3.2250000e+02;6.8659730e-02;3.2250000e+02;8.7921880e-03;3.2250000e+02;-4.6379022e-02;3.2250000e+02;-9.9337980e-02;3.2250000e+02;-1.5061617e-01;3.2250000e+02;-2.0166428e-01;3.2250000e+02;-8.4509730e-02;3.2250000e+02;-5.6596898e-02;3.2250000e+02;-9.3833208e-03;3.2250000e+02;5.2754313e-02;3.2250000e+02;1.2386580e-01;3.2250000e+02;1.8357189e-01;3.2250000e+02;2.3643531e-01;3.2250000e+02;2.9921842e-01;3.2250000e+02;3.4739384e-01;3.2250000e+02;3.0869448e-01;3.2250000e+02;2.1720999e-01;3.2250000e+02;1.3625588e-01;3.2250000e+02;6.8659730e-02;3.2250000e+02;8.7921880e-03;3.2250000e+02;-4.6379022e-02;3.2250000e+02;-9.9337980e-02;3.2250000e+02;-1.5061617e-01;3.2250000e+02;-2.0166428e-01;3.2250000e+02;-8.4509730e-02;3.2250000e+02;-5.6596898e-02;3.2250000e+02;-9.3833208e-03;3.2250000e+02;5.2754313e-02;3.2250000e+02;1.2386580e-01;3.2250000e+02;1.8357189e-01;3.2250000e+02;2.3643531e-01;3.2250000e+02;2.9921842e-01;3.2250000e+02;3.4739384e-01;3.2250000e+02;3.0869448e-01;3.2250000e+02;2.1720999e-01;3.2250000e+02;1.3625588e-01;3.2250000e+02;6.8659730e-02;3.2250000e+02;8.7921880e-03;3.2250000e+02;-4.6379022e-02;3.2250000e+02;-9.9337980e-02;3.2250000e+02;-1.5061617e-01;3.2250000e+02;-2.0166428e-01;3.2250000e+02;-8.4509730e-02;3.2250000e+02;-5.6596898e-02;3.2250000e+02;-9.3833208e-03;3.2250000e+02;5.2754313e-02;3.2250000e+02;1.2386580e-01;3.2250000e+02;1.8357189e-01;3.2250000e+02;2.3643531e-01;3.2250000e+02;2.9921842e-01;3.2250000e+02;3.4739384e-01;3.2250000e+02;3.0869448e-01;3.2250000e+02;2.1720999e-01;3.2250000e+02;1.3625588e-01;3.2250000e+02;6.8659730e-02;3.2250000e+02;8.7921880e-03;3.2250000e+02;-4.6379022e-02;3.2250000e+02;-9.9337980e-02;3.2250000e+02;-1.5061617e-01;3.2250000e+02;-2.0166428e-01;3.2250000e+02;-8.4509730e-02;3.2250000e+02;-5.6596898e-02;3.2250000e+02;-9.3833208e-03;3.2250000e+02;5.2754313e-02;3.2250000e+02;1.2386580e-01;3.2250000e+02;1.8357189e-01;3.2250000e+02;2.3643531e-01;3.2250000e+02;2.9921842e-01;3.2250000e+02;3.4739384e-01;3.2250000e+02;3.0869448e-01;3.2250000e+02;2.1720999e-01;3.2250000e+02;1.3625588e-01;3.2250000e+02;6.8659730e-02;3.2250000e+02;8.7921880e-03;3.2250000e+02;-4.6379022e-02;3.2250000e+02;-9.9337980e-02;3.2250000e+02;-1.5061617e-01;3.2250000e+02;-2.0166428e-01;3.2250000e+02;-8.4509730e-02;3.2250000e+02;-5.6596898e-02;3.2250000e+02;-9.3833208e-03;3.2250000e+02;5.2754313e-02;3.2250000e+02;1.2386580e-01;3.2250000e+02;1.8357189e-01;3.2250000e+02;2.3643531e-01;3.2250000e+02;2.9921842e-01;3.2250000e+02;3.4739384e-01;3.2250000e+02;3.0869448e-01;3.2250000e+02;2.1720999e-01;3.2250000e+02;1.3625588e-01;3.2250000e+02;6.8659730e-02;3.2250000e+02;8.7921880e-03;3.2250000e+02;-4.6379022e-02;3.2250000e+02;-9.9337980e-02;3.2250000e+02;-1.5061617e-01;3.2250000e+02;-2.0166428e-01;3.2250000e+02;-8.4509730e-02;3.2250000e+02;-5.6596898e-02;3.2250000e+02;-9.3833208e-03;3.2250000e+02;5.2754313e-02;3.2250000e+02;1.2386580e-01;3.2250000e+02;1.8357189e-01;3.2250000e+02;2.3643531e-01;3.2250000e+02;2.9921842e-01;3.2250000e+02;3.4739384e-01;3.2250000e+02;3.0869448e-01;3.2250000e+02;2.1720999e-01;3.2250000e+02;1.3625588e-01;3.2250000e+02;6.8659730e-02;3.2250000e+02;8.7921880e-03;3.2250000e+02;-4.6379022e-02;3.2250000e+02;-9.9337980e-02;3.2250000e+02;-1.5061617e-01;3.2250000e+02;-2.0166428e-01;3.2250000e+02;-8.4509730e-02;3.2250000e+02;-5.6596898e-02;3.2250000e+02;-9.3833208e-03;3.2250000e+02;5.2754313e-02;3.2250000e+02;1.2386580e-01;3.2250000e+02;1.8357189e-01;3.2250000e+02;2.3643531e-01;3.2250000e+02;2.9921842e-01;3.2250000e+02;3.4739384e-01;3.2250000e+02;3.0869448e-01;3.2250000e+02;2.1720999e-01;3.2250000e+02;1.3625588e-01;3.2250000e+02;6.8659730e-02;3.2250000e+02;8.7921880e-03;3.2250000e+02;-4.6379022e-02;3.2250000e+02;-9.9337980e-02;3.2250000e+02;-1.5061617e-01;3.2250000e+02;-2.0166428e-01;3.2250000e+02;-8.4509730e-02;3.2250000e+02;-5.6596898e-02;3.2250000e+02;-9.3833208e-03;3.2250000e+02;5.2754313e-02;3.2250000e+02;1.2386580e-01;3.2250000e+02;1.8357189e-01;3.2250000e+02;2.3643531e-01;3.2250000e+02;2.9921842e-01;3.2250000e+02;3.4739384e-01;3.2250000e+02;3.0869448e-01;3.2250000e+02;2.1720999e-01;3.2250000e+02;1.3625588e-01;3.2250000e+02;6.8659730e-02;3.2250000e+02;8.7921880e-03;3.2250000e+02;-4.6379022e-02;3.2250000e+02;-9.9337980e-02;3.2250000e+02;-1.5061617e-01;3.2250000e+02;-2.0166428e-01;3.2250000e+02;-8.4509730e-02;3.2250000e+02;-5.6596898e-02;3.2250000e+02;-9.3833208e-03;3.2250000e+02;5.2754313e-02;3.2250000e+02;1.2386580e-01;3.2250000e+02;1.8357189e-01;3.2250000e+02;2.3643531e-01;3.2250000e+02;2.9921842e-01;3.2250000e+02;3.4739384e-01;3.2250000e+02;3.0869448e-01;3.2250000e+02;2.1720999e-01;3.2250000e+02;1.3625588e-01;3.2250000e+02;6.8659730e-02;3.2250000e+02;8.7921880e-03;3.2250000e+02;-4.6379022e-02;3.2250000e+02;-9.9337980e-02;3.2250000e+02;-1.5061617e-01;3.2250000e+02;-2.0166428e-01;3.2250000e+02;-8.4509730e-02;3.2250000e+02;-5.6596898e-02;3.2250000e+02;-9.3833208e-03;3.2250000e+02;5.2754313e-02;3.2250000e+02;1.2386580e-01;3.2250000e+02;1.8357189e-01;3.2250000e+02;2.3643531e-01;3.2250000e+02;2.9921842e-01;3.2250000e+02;3.4739384e-01;3.2250000e+02;3.0869448e-01;3.2250000e+02;2.1720999e-01;3.2250000e+02;1.3625588e-01;3.2250000e+02;6.8659730e-02;3.2250000e+02;8.7921880e-03;3.2250000e+02;-4.6379022e-02;3.2250000e+02;-9.9337980e-02;3.2250000e+02;-1.5061617e-01;3.2250000e+02;-2.0166428e-01;3.2250000e+02;-8.4509730e-02;3.2250000e+02;-5.6596898e-02;3.2250000e+02;-9.3833208e-03;3.2250000e+02;5.2754313e-02;3.2250000e+02;1.2386580e-01;3.2250000e+02;1.8357189e-01;3.2250000e+02;2.3643531e-01;3.2250000e+02;2.9921842e-01;3.2250000e+02;3.4739384e-01;3.2250000e+02;3.0869448e-01;3.2250000e+02;2.1720999e-01;3.2250000e+02;1.3625588e-01;3.2250000e+02;6.8659730e-02;3.2250000e+02;8.7921880e-03;3.2250000e+02;-4.6379022e-02;3.2250000e+02;-9.9337980e-02;3.2250000e+02;-1.5061617e-01;3.2250000e+02;-2.0166428e-01;3.2250000e+02;-8.4509730e-02;3.2250000e+02;-5.6596898e-02;3.2250000e+02;-9.3833208e-03;3.2250000e+02;5.2754313e-02;3.2250000e+02;1.2386580e-01;3.2250000e+02;1.8357189e-01;3.2250000e+02;2.3643531e-01;3.2250000e+02;2.9921842e-01;3.2250000e+02;3.4739384e-01;3.2250000e+02;3.0869448e-01;3.2250000e+02;2.1720999e-01;3.2250000e+02;1.3625588e-01;3.2250000e+02;6.8659730e-02;3.2250000e+02;8.7921880e-03;3.2250000e+02;-4.6379022e-02;3.2250000e+02;-9.9337980e-02;3.2250000e+02;-1.5061617e-01;3.2250000e+02;-2.0166428e-01;3.2250000e+02;-8.4509730e-02;3.2250000e+02;-5.6596898e-02;3.2250000e+02;-9.3833208e-03;3.2250000e+02;5.2754313e-02;3.2250000e+02;1.2386580e-01;3.2250000e+02;1.8357189e-01;3.2250000e+02;2.3643531e-01;3.2250000e+02;2.9921842e-01;3.2250000e+02;3.4739384e-01;3.2250000e+02;3.0869448e-01;3.2250000e+02;2.1720999e-01;3.2250000e+02;1.3625588e-01;3.2250000e+02;6.8659730e-02;3.2250000e+02;8.7921880e-03;3.2250000e+02;-4.6379022e-02;3.2250000e+02;-9.9337980e-02;3.2250000e+02;-1.5061617e-01;3.2250000e+02;-2.0166428e-01;3.2250000e+02;-8.4509730e-02;3.2250000e+02;-5.6596898e-02;3.2250000e+02;-9.3833208e-03;3.2250000e+02;5.2754313e-02;3.2250000e+02;1.2386580e-01;3.2250000e+02;1.8357189e-01;3.2250000e+02;2.3643531e-01;3.2250000e+02;2.9921842e-01;3.2250000e+02;3.4739384e-01;3.2250000e+02;3.0869448e-01;3.2250000e+02;2.1720999e-01;3.2250000e+02;1.3625588e-01;3.2250000e+02;6.8659730e-02;3.2250000e+02;8.7921880e-03;3.2250000e+02;-4.6379022e-02;3.2250000e+02;-9.9337980e-02;3.2250000e+02;-1.5061617e-01;3.2250000e+02;-2.0166428e-01;3.2250000e+02;-8.4509730e-02;3.2250000e+02;-5.6596898e-02;3.2250000e+02;-9.3833208e-03;3.2250000e+02;5.2754313e-02;3.2250000e+02;1.2386580e-01;3.2250000e+02;1.8357189e-01;3.2250000e+02;2.3643531e-01;3.2250000e+02;2.9921842e-01;3.2250000e+02;3.4739384e-01;3.2250000e+02;3.0869448e-01;3.2250000e+02;2.1720999e-01;3.2250000e+02;1.3625588e-01;3.2250000e+02;6.8659730e-02;3.2250000e+02;8.7921880e-03;3.2250000e+02;-4.6379022e-02;3.2250000e+02;-9.9337980e-02;3.2250000e+02;-1.5061617e-01;3.2250000e+02;-2.0166428e-01;3.2250000e+02;-8.4509730e-02;3.2250000e+02;-5.6596898e-02;3.2250000e+02;-9.3833208e-03;3.2250000e+02;5.2754313e-02;3.2250000e+02;1.2386580e-01;3.2250000e+02;1.8357189e-01;3.2250000e+02;2.3643531e-01;3.2250000e+02;2.9921842e-01;3.2250000e+02;3.4739384e-01;3.2250000e+02;3.0869448e-01;3.2250000e+02;2.1720999e-01;3.2250000e+02;1.3625588e-01;3.2250000e+02;6.8659730e-02;3.2250000e+02;8.7921880e-03;3.2250000e+02;-4.6379022e-02;3.2250000e+02;-9.9337980e-02;3.2250000e+02;-1.5061617e-01;3.2250000e+02;-2.0166428e-01;3.2250000e+02;-8.4509730e-02;3.2250000e+02;-5.6596898e-02;3.2250000e+02;-9.3833208e-03;3.2250000e+02;5.2754313e-02;3.2250000e+02;1.2386580e-01;3.2250000e+02;1.8357189e-01;3.2250000e+02;2.3643531e-01;3.2250000e+02;2.9921842e-01;3.2250000e+02;3.4739384e-01;3.2250000e+02;3.0869448e-01;3.2250000e+02;2.1720999e-01;3.2250000e+02;1.3625588e-01;3.2250000e+02;6.8659730e-02;3.2250000e+02;8.7921880e-03;3.2250000e+02;-4.6379022e-02;3.2250000e+02;-9.9337980e-02;3.2250000e+02;-1.5061617e-01;3.2250000e+02;-2.0166428e-01;3.2250000e+02;-8.4509730e-02;3.2250000e+02;-5.6596898e-02;3.2250000e+02;-9.3833208e-03;3.2250000e+02;5.2754313e-02;3.2250000e+02;1.2386580e-01;3.2250000e+02;1.8357189e-01;3.2250000e+02;2.3643531e-01;3.2250000e+02;2.9921842e-01;3.2250000e+02;3.4739384e-01;3.2250000e+02;3.0869448e-01;3.2250000e+02;2.1720999e-01;3.2250000e+02;1.3625588e-01;3.2250000e+02;6.8659730e-02;3.2250000e+02;8.7921880e-03;3.2250000e+02;-4.6379022e-02;3.2250000e+02;-9.9337980e-02;3.2250000e+02;-1.5061617e-01;3.2250000e+02;-2.0166428e-01;3.2250000e+02;-8.4509730e-02;3.2250000e+02;-5.6596898e-02;3.2250000e+02;-9.3833208e-03;3.2250000e+02;5.2754313e-02;3.2250000e+02;1.2386580e-01;3.2250000e+02;1.8357189e-01;3.2250000e+02;2.3643531e-01;3.2250000e+02;2.9921842e-01;3.2250000e+02;3.4739384e-01;3.2250000e+02;3.0869448e-01;3.2250000e+02;2.1720999e-01;3.2250000e+02;1.3625588e-01;3.2250000e+02;6.8659730e-02;3.2250000e+02;8.7921880e-03;3.2250000e+02;-4.6379022e-02;3.2250000e+02;-9.9337980e-02;3.2250000e+02;-1.5061617e-01;3.2250000e+02;-2.0166428e-01;3.2250000e+02;-8.4509730e-02;3.2250000e+02;-5.6596898e-02;3.2250000e+02;-9.3833208e-03;3.2250000e+02;5.2754313e-02;3.2250000e+02;1.2386580e-01;3.2250000e+02;1.8357189e-01;3.2250000e+02;2.3643531e-01;3.2250000e+02;2.9921842e-01;3.2250000e+02;3.4739384e-01;3.2250000e+02;3.0869448e-01;3.2250000e+02;2.1720999e-01;3.2250000e+02;1.3625588e-01;3.2250000e+02;6.8659730e-02;3.2250000e+02;8.7921880e-03;3.2250000e+02;-4.6379022e-02;3.2250000e+02;-9.9337980e-02;3.2250000e+02;-1.5061617e-01;3.2250000e+02;-2.0166428e-01;3.2250000e+02;-8.4509730e-02;3.2250000e+02;-5.6596898e-02;3.2250000e+02;-9.3833208e-03;3.2250000e+02;5.2754313e-02;3.2250000e+02;1.2386580e-01;3.2250000e+02;1.8357189e-01;3.2250000e+02;2.3643531e-01;3.2250000e+02;2.9921842e-01;3.2250000e+02;3.4739384e-01;3.2250000e+02;3.0869448e-01;3.2250000e+02;2.1720999e-01;3.2250000e+02;1.3625588e-01;3.2250000e+02;6.8659730e-02;3.2250000e+02;8.7921880e-03;3.2250000e+02;-4.6379022e-02;3.2250000e+02;-9.9337980e-02;3.2250000e+02;-1.5061617e-01;3.2250000e+02;-2.0166428e-01;3.2250000e+02;-8.4509730e-02;3.2250000e+02;-5.6596898e-02;3.2250000e+02;-9.3833208e-03;3.2250000e+02;5.2754313e-02;3.2250000e+02;1.2386580e-01;3.2250000e+02;1.8357189e-01;3.2250000e+02;2.3643531e-01;3.2250000e+02;2.9921842e-01;3.2250000e+02;3.4739384e-01;3.2250000e+02;3.0869448e-01;3.2250000e+02;2.1720999e-01;3.2250000e+02;1.3625588e-01;3.2250000e+02;6.8659730e-02;3.2250000e+02;8.7921880e-03;3.2250000e+02;-4.6379022e-02;3.2250000e+02;-9.9337980e-02;3.2250000e+02;-1.5061617e-01;3.2250000e+02;-2.0166428e-01;3.2250000e+02;-8.4509730e-02;3.2250000e+02;-5.6596898e-02;3.2250000e+02;-9.3833208e-03;3.2250000e+02;5.2754313e-02;3.2250000e+02;1.2386580e-01;3.2250000e+02;1.8357189e-01;3.2250000e+02;2.3643531e-01;3.2250000e+02;2.9921842e-01;3.2250000e+02;3.4739384e-01;3.2250000e+02;3.0869448e-01;3.2250000e+02;2.1720999e-01;3.2250000e+02;1.3625588e-01;3.2250000e+02;6.8659730e-02;3.2250000e+02;8.7921880e-03;3.2250000e+02;-4.6379022e-02;3.2250000e+02;-9.9337980e-02;3.2250000e+02;-1.5061617e-01;3.2250000e+02;-2.0166428e-01;3.2250000e+02;-8.4509730e-02;3.2250000e+02;-5.6596898e-02;3.2250000e+02;-9.3833208e-03;3.2250000e+02;5.2754313e-02;3.2250000e+02;1.2386580e-01;3.2250000e+02;1.8357189e-01;3.2250000e+02;2.3643531e-01;3.2250000e+02;2.9921842e-01;3.2250000e+02;3.4739384e-01;3.2250000e+02;3.0869448e-01;3.2250000e+02;2.1720999e-01;3.2250000e+02;1.3625588e-01;3.2250000e+02;6.8659730e-02;3.2250000e+02;8.7921880e-03;3.2250000e+02;-4.6379022e-02;3.2250000e+02;-9.9337980e-02;3.2250000e+02;-1.5061617e-01;3.2250000e+02;-2.0166428e-01;3.2250000e+02;-8.4509730e-02;3.2250000e+02;-5.6596898e-02;3.2250000e+02;-9.3833208e-03;3.2250000e+02;5.2754313e-02;3.2250000e+02;1.2386580e-01;3.2250000e+02;1.8357189e-01;3.2250000e+02;2.3643531e-01;3.2250000e+02;2.9921842e-01;3.2250000e+02;3.4739384e-01;3.2250000e+02;3.0869448e-01;3.2250000e+02;2.1720999e-01;3.2250000e+02;1.3625588e-01;3.2250000e+02;6.8659730e-02;3.2250000e+02;8.7921880e-03;3.2250000e+02;-4.6379022e-02;3.2250000e+02;-9.9337980e-02;3.2250000e+02;-1.5061617e-01;3.2250000e+02;-2.0166428e-01;3.2250000e+02;-8.4509730e-02;3.2250000e+02;-5.6596898e-02;3.2250000e+02;-9.3833208e-03;3.2250000e+02;5.2754313e-02;3.2250000e+02;1.2386580e-01;3.2250000e+02;1.8357189e-01;3.2250000e+02;2.3643531e-01;3.2250000e+02;2.9921842e-01;3.2250000e+02;3.4739384e-01;3.2250000e+02;3.0869448e-01;3.2250000e+02;2.1720999e-01;3.2250000e+02;1.3625588e-01;3.2250000e+02;6.8659730e-02;3.2250000e+02;8.7921880e-03;3.2250000e+02;-4.6379022e-02;3.2250000e+02;-9.9337980e-02;3.2250000e+02;-1.5061617e-01;3.2250000e+02;-2.0166428e-01;3.2250000e+02;-8.4509730e-02;3.2250000e+02;-5.6596898e-02;3.2250000e+02;-9.3833208e-03;3.2250000e+02;5.2754313e-02;3.2250000e+02;1.2386580e-01;3.2250000e+02;1.8357189e-01;3.2250000e+02;2.3643531e-01;3.2250000e+02;2.9921842e-01;3.2250000e+02;3.4739384e-01;3.2250000e+02;3.0869448e-01;3.2250000e+02;2.1720999e-01;3.2250000e+02;1.3625588e-01;3.2250000e+02;6.8659730e-02;3.2250000e+02;8.7921880e-03;3.2250000e+02;-4.6379022e-02;3.2250000e+02;-9.9337980e-02;3.2250000e+02;-1.5061617e-01;3.2250000e+02;-2.0166428e-01;3.2250000e+02;-8.4509730e-02;3.2250000e+02;-5.6596898e-02;3.2250000e+02;-9.3833208e-03;3.2250000e+02;5.2754313e-02;3.2250000e+02;1.2386580e-01;3.2250000e+02;1.8357189e-01;3.2250000e+02;2.3643531e-01;3.2250000e+02;2.9921842e-01;3.2250000e+02;3.4739384e-01;3.2250000e+02;3.0869448e-01;3.2250000e+02;2.1720999e-01;3.2250000e+02;1.3625588e-01;3.2250000e+02;6.8659730e-02;3.2250000e+02;8.7921880e-03;3.2250000e+02;-4.6379022e-02;3.2250000e+02;-9.9337980e-02;3.2250000e+02;-1.5061617e-01;3.2250000e+02;-2.0166428e-01
3.2750000e+02;-8.9052387e-02;3.2750000e+02;-6.7225933e-02;3.2750000e+02;-2.7732834e-02;3.2750000e+02;2.8078714e-02;3.2750000e+02;8.7893739e-02;3.2750000e+02;1.4336091e-01;3.2750000e+02;2.0034967e-01;3.2750000e+02;2.7824578e-01;3.2750000e+02;3.3436093e-01;3.2750000e+02;3.0341753e-01;3.2750000e+02;2.1802643e-01;3.2750000e+02;1.3505304e-01;3.2750000e+02;6.5386184e-02;3.2750000e+02;4.5434609e-03;3.2750000e+02;-5.1934846e-02;3.2750000e+02;-1.0596716e-01;3.2750000e+02;-1.5772155e-01;3.2750000e+02;-2.0890617e-01;3.2750000e+02;-8.9052387e-02;3.2750000e+02;-6.7225933e-02;3.2750000e+02;-2.7732834e-02;3.2750000e+02;2.8078714e-02;3.2750000e+02;8.7893739e-02;3.2750000e+02;1.4336091e-01;3.2750000e+02;2.0034967e-01;3.2750000e+02;2.7824578e-01;3.2750000e+02;3.3436093e-01;3.2750000e+02;3.0341753e-01;3.2750000e+02;2.1802643e-01;3.2750000e+02;1.3505304e-01;3.2750000e+02;6.5386184e-02;3.2750000e+02;4.5434609e-03;3.2750000e+02;-5.1934846e-02;3.2750000e+02;-1.0596716e-01;3.2750000e+02;-1.5772155e-01;3.2750000e+02;-2.0890617e-01;3.2750000e+02;-8.9052387e-02;3.2750000e+02;-6.7225933e-02;3.2750000e+02;-2.7732834e-02;3.2750000e+02;2.8078714e-02;3.2750000e+02;8.7893739e-02;3.2750000e+02;1.4336091e-01;3.2750000e+02;2.0034967e-01;3.2750000e+02;2.7824578e-01;3.2750000e+02;3.3436093e-01;3.2750000e+02;3.0341753e-01;3.2750000e+02;2.1802643e-01;3.2750000e+02;1.3505304e-01;3.2750000e+02;6.5386184e-02;3.2750000e+02;4.5434609e-03;3.2750000e+02;-5.1934846e-02;3.2750000e+02;-1.0596716e-01;3.2750000e+02;-1.5772155e-01;3.2750000e+02;-2.0890617e-01;3.2750000e+02;-8.9052387e-02;3.2750000e+02;-6.7225933e-02;3.2750000e+02;-2.7732834e-02;3.2750000e+02;2.8078714e-02;3.2750000e+02;8.7893739e-02;3.2750000e+02;1.4336091e-01;3.2750000e+02;2.0034967e-01;3.2750000e+02;2.7824578e-01;3.2750000e+02;3.3436093e-01;3.2750000e+02;3.0341753e-01;3.2750000e+02;2.1802643e-01;3.2750000e+02;1.3505304e-01;3.2750000e+02;6.5386184e-02;3.2750000e+02;4.5434609e-03;3.2750000e+02;-5.1934846e-02;3.2750000e+02;-1.0596716e-01;3.2750000e+02;-1.5772155e-01;3.2750000e+02;-2.0890617e-01;3.2750000e+02;-8.9052387e-02;3.2750000e+02;-6.7225933e-02;3.2750000e+02;-2.7732834e-02;3.2750000e+02;2.8078714e-02;3.2750000e+02;8.7893739e-02;3.2750000e+02;1.4336091e-01;3.2750000e+02;2.0034967e-01;3.2750000e+02;2.7824578e-01;3.2750000e+02;3.3436093e-01;3.2750000e+02;3.0341753e-01;3.2750000e+02;2.1802643e-01;3.2750000e+02;1.3505304e-01;3.2750000e+02;6.5386184e-02;3.2750000e+02;4.5434609e-03;3.2750000e+02;-5.1934846e-02;3.2750000e+02;-1.0596716e-01;3.2750000e+02;-1.5772155e-01;3.2750000e+02;-2.0890617e-01;3.2750000e+02;-8.9052387e-02;3.2750000e+02;-6.7225933e-02;3.2750000e+02;-2.7732834e-02;3.2750000e+02;2.8078714e-02;3.2750000e+02;8.7893739e-02;3.2750000e+02;1.4336091e-01;3.2750000e+02;2.0034967e-01;3.2750000e+02;2.7824578e-01;3.2750000e+02;3.3436093e-01;3.2750000e+02;3.0341753e-01;3.2750000e+02;2.1802643e-01;3.2750000e+02;1.3505304e-01;3.2750000e+02;6.5386184e-02;3.2750000e+02;4.5434609e-03;3.2750000e+02;-5.1934846e-02;3.2750000e+02;-1.0596716e-01;3.2750000e+02;-1.5772155e-01;3.2750000e+02;-2.0890617e-01;3.2750000e+02;-8.9052387e-02;3.2750000e+02;-6.7225933e-02;3.2750000e+02;-2.7732834e-02;3.2750000e+02;2.8078714e-02;3.2750000e+02;8.7893739e-02;3.2750000e+02;1.4336091e-01;3.2750000e+02;2.0034967e-01;3.2750000e+02;2.7824578e-01;3.2750000e+02;3.3436093e-01;3.2750000e+02;3.0341753e-01;3.2750000e+02;2.1802643e-01;3.2750000e+02;1.3505304e-01;3.2750000e+02;6.5386184e-02;3.2750000e+02;4.5434609e-03;3.2750000e+02;-5.1934846e-02;3.2750000e+02;-1.0596716e-01;3.2750000e+02;-1.5772155e-01;3.2750000e+02;-2.0890617e-01;3.2750000e+02;-8.9052387e-02;3.2750000e+02;-6.7225933e-02;3.2750000e+02;-2.7732834e-02;3.2750000e+02;2.8078714e-02;3.2750000e+02;8.7893739e-02;3.2750000e+02;1.4336091e-01;3.2750000e+02;2.0034967e-01;3.2750000e+02;2.7824578e-01;3.2750000e+02;3.3436093e-01;3.2750000e+02;3.0341753e-01;3.2750000e+02;2.1802643e-01;3.2750000e+02;1.3505304e-01;3.2750000e+02;6.5386184e-02;3.2750000e+02;4.5434609e-03;3.2750000e+02;-5.1934846e-02;3.2750000e+02;-1.0596716e-01;3.2750000e+02;-1.5772155e-01;3.2750000e+02;-2.0890617e-01;3.2750000e+02;-8.9052387e-02;3.2750000e+02;-6.7225933e-02;3.2750000e+02;-2.7732834e-02;3.2750000e+02;2.8078714e-02;3.2750000e+02;8.7893739e-02;3.2750000e+02;1.4336091e-01;3.2750000e+02;2.0034967e-01;3.2750000e+02;2.7824578e-01;3.2750000e+02;3.3436093e-01;3.2750000e+02;3.0341753e-01;3.2750000e+02;2.1802643e-01;3.2750000e+02;1.3505304e-01;3.2750000e+02;6.5386184e-02;3.2750000e+02;4.5434609e-03;3.2750000e+02;-5.1934846e-02;3.2750000e+02;-1.0596716e-01;3.2750000e+02;-1.5772155e-01;3.2750000e+02;-2.0890617e-01;3.2750000e+02;-8.9052387e-02;3.2750000e+02;-6.7225933e-02;3.2750000e+02;-2.7732834e-02;3.2750000e+02;2.8078714e-02;3.2750000e+02;8.7893739e-02;3.2750000e+02;1.4336091e-01;3.2750000e+02;2.0034967e-01;3.2750000e+02;2.7824578e-01;3.2750000e+02;3.3436093e-01;3.2750000e+02;3.0341753e-01;3.2750000e+02;2.1802643e-01;3.2750000e+02;1.3505304e-01;3.2750000e+02;6.5386184e-02;3.2750000e+02;4.5434609e-03;3.2750000e+02;-5.1934846e-02;3.2750000e+02;-1.0596716e-01;3.2750000e+02;-1.5772155e-01;3.2750000e+02;-2.0890617e-01;3.2750000e+02;-8.9052387e-02;3.2750000e+02;-6.7225933e-02;3.2750000e+02;-2.7732834e-02;3.2750000e+02;2.8078714e-02;3.2750000e+02;8.7893739e-02;3.2750000e+02;1.4336091e-01;3.2750000e+02;2.0034967e-01;3.2750000e+02;2.7824578e-01;3.2750000e+02;3.3436093e-01;3.2750000e+02;3.0341753e-01;3.2750000e+02;2.1802643e-01;3.2750000e+02;1.3505304e-01;3.2750000e+02;6.5386184e-02;3.2750000e+02;4.5434609e-03;3.2750000e+02;-5.1934846e-02;3.2750000e+02;-1.0596716e-01;3.2750000e+02;-1.5772155e-01;3.2750000e+02;-2.0890617e-01;3.2750000e+02;-8.9052387e-02;3.2750000e+02;-6.7225933e-02;3.2750000e+02;-2.7732834e-02;3.2750000e+02;2.8078714e-02;3.2750000e+02;8.7893739e-02;3.2750000e+02;1.4336091e-01;3.2750000e+02;2.0034967e-01;3.2750000e+02;2.7824578e-01;3.2750000e+02;3.3436093e-01;3.2750000e+02;3.0341753e-01;3.2750000e+02;2.1802643e-01;3.2750000e+02;1.3505304e-01;3.2750000e+02;6.5386184e-02;3.2750000e+02;4.5434609e-03;3.2750000e+02;-5.1934846e-02;3.2750000e+02;-1.0596716e-01;3.2750000e+02;-1.5772155e-01;3.2750000e+02;-2.0890617e-01;3.2750000e+02;-8.9052387e-02;3.2750000e+02;-6.7225933e-02;3.2750000e+02;-2.7732834e-02;3.2750000e+02;2.8078714e-02;3.2750000e+02;8.7893739e-02;3.2750000e+02;1.4336091e-01;3.2750000e+02;2.0034967e-01;3.2750000e+02;2.7824578e-01;3.2750000e+02;3.3436093e-01;3.2750000e+02;3.0341753e-01;3.2750000e+02;2.1802643e-01;3.2750000e+02;1.3505304e-01;3.2750000e+02;6.5386184e-02;3.2750000e+02;4.5434609e-03;3.2750000e+02;-5.1934846e-02;3.2750000e+02;-1.0596716e-01;3.2750000e+02;-1.5772155e-01;3.2750000e+02;-2.0890617e-01;3.2750000e+02;-8.9052387e-02;3.2750000e+02;-6.7225933e-02;3.2750000e+02;-2.7732834e-02;3.2750000e+02;2.8078714e-02;3.2750000e+02;8.7893739e-02;3.2750000e+02;1.4336091e-01;3.2750000e+02;2.0034967e-01;3.2750000e+02;2.7824578e-01;3.2750000e+02;3.3436093e-01;3.2750000e+02;3.0341753e-01;3.2750000e+02;2.1802643e-01;3.2750000e+02;1.3505304e-01;3.2750000e+02;6.5386184e-02;3.2750000e+02;4.5434609e-03;3.2750000e+02;-5.1934846e-02;3.2750000e+02;-1.0596716e-01;3.2750000e+02;-1.5772155e-01;3.2750000e+02;-2.0890617e-01;3.2750000e+02;-8.9052387e-02;3.2750000e+02;-6.7225933e-02;3.2750000e+02;-2.7732834e-02;3.2750000e+02;2.8078714e-02;3.2750000e+02;8.7893739e-02;3.2750000e+02;1.4336091e-01;3.2750000e+02;2.0034967e-01;3.2750000e+02;2.7824578e-01;3.2750000e+02;3.3436093e-01;3.2750000e+02;3.0341753e-01;3.2750000e+02;2.1802643e-01;3.2750000e+02;1.3505304e-01;3.2750000e+02;6.5386184e-02;3.2750000e+02;4.5434609e-03;3.2750000e+02;-5.1934846e-02;3.2750000e+02;-1.0596716e-01;3.2750000e+02;-1.5772155e-01;3.2750000e+02;-2.0890617e-01;3.2750000e+02;-8.9052387e-02;3.2750000e+02;-6.7225933e-02;3.2750000e+02;-2.7732834e-02;3.2750000e+02;2.8078714e-02;3.2750000e+02;8.7893739e-02;3.2750000e+02;1.4336091e-01;3.2750000e+02;2.0034967e-01;3.2750000e+02;2.7824578e-01;3.2750000e+02;3.3436093e-01;3.2750000e+02;3.0341753e-01;3.2750000e+02;2.1802643e-01;3.2750000e+02;1.3505304e-01;3.2750000e+02;6.5386184e-02;3.2750000e+02;4.5434609e-03;3.2750000e+02;-5.1934846e-02;3.2750000e+02;-1.0596716e-01;3.2750000e+02;-1.5772155e-01;3.2750000e+02;-2.0890617e-01;3.2750000e+02;-8.9052387e-02;3.2750000e+02;-6.7225933e-02;3.2750000e+02;-2.7732834e-02;3.2750000e+02;2.8078714e-02;3.2750000e+02;8.7893739e-02;3.2750000e+02;1.4336091e-01;3.2750000e+02;2.0034967e-01;3.2750000e+02;2.7824578e-01;3.2750000e+02;3.3436093e-01;3.2750000e+02;3.0341753e-01;3.2750000e+02;2.1802643e-01;3.2750000e+02;1.3505304e-01;3.2750000e+02;6.5386184e-02;3.2750000e+02;4.5434609e-03;3.2750000e+02;-5.1934846e-02;3.2750000e+02;-1.0596716e-01;3.2750000e+02;-1.5772155e-01;3.2750000e+02;-2.0890617e-01;3.2750000e+02;-8.9052387e-02;3.2750000e+02;-6.7225933e-02;3.2750000e+02;-2.7732834e-02;3.2750000e+02;2.8078714e-02;3.2750000e+02;8.7893739e-02;3.2750000e+02;1.4336091e-01;3.2750000e+02;2.0034967e-01;3.2750000e+02;2.7824578e-01;3.2750000e+02;3.3436093e-01;3.2750000e+02;3.0341753e-01;3.2750000e+02;2.1802643e-01;3.2750000e+02;1.3505304e-01;3.2750000e+02;6.5386184e-02;3.2750000e+02;4.5434609e-03;3.2750000e+02;-5.1934846e-02;3.2750000e+02;-1.0596716e-01;3.2750000e+02;-1.5772155e-01;3.2750000e+02;-2.0890617e-01;3.2750000e+02;-8.9052387e-02;3.2750000e+02;-6.7225933e-02;3.2750000e+02;-2.7732834e-02;3.2750000e+02;2.8078714e-02;3.2750000e+02;8.7893739e-02;3.2750000e+02;1.4336091e-01;3.2750000e+02;2.0034967e-01;3.2750000e+02;2.7824578e-01;3.2750000e+02;3.3436093e-01;3.2750000e+02;3.0341753e-01;3.2750000e+02;2.1802643e-01;3.2750000e+02;1.3505304e-01;3.2750000e+02;6.5386184e-02;3.2750000e+02;4.5434609e-03;3.2750000e+02;-5.1934846e-02;3.2750000e+02;-1.0596716e-01;3.2750000e+02;-1.5772155e-01;3.2750000e+02;-2.0890617e-01;3.2750000e+02;-8.9052387e-02;3.2750000e+02;-6.7225933e-02;3.2750000e+02;-2.7732834e-02;3.2750000e+02;2.8078714e-02;3.2750000e+02;8.7893739e-02;3.2750000e+02;1.4336091e-01;3.2750000e+02;2.0034967e-01;3.2750000e+02;2.7824578e-01;3.2750000e+02;3.3436093e-01;3.2750000e+02;3.0341753e-01;3.2750000e+02;2.1802643e-01;3.2750000e+02;1.3505304e-01;3.2750000e+02;6.5386184e-02;3.2750000e+02;4.5434609e-03;3.2750000e+02;-5.1934846e-02;3.2750000e+02;-1.0596716e-01;3.2750000e+02;-1.5772155e-01;3.2750000e+02;-2.0890617e-01;3.2750000e+02;-8.9052387e-02;3.2750000e+02;-6.7225933e-02;3.2750000e+02;-2.7732834e-02;3.2750000e+02;2.8078714e-02;3.2750000e+02;8.7893739e-02;3.2750000e+02;1.4336091e-01;3.2750000e+02;2.0034967e-01;3.2750000e+02;2.7824578e-01;3.2750000e+02;3.3436093e-01;3.2750000e+02;3.0341753e-01;3.2750000e+02;2.1802643e-01;3.2750000e+02;1.3505304e-01;3.2750000e+02;6.5386184e-02;3.2750000e+02;4.5434609e-03;3.2750000e+02;-5.1934846e-02;3.2750000e+02;-1.0596716e-01;3.2750000e+02;-1.5772155e-01;3.2750000e+02;-2.0890617e-01;3.2750000e+02;-8.9052387e-02;3.2750000e+02;-6.7225933e-02;3.2750000e+02;-2.7732834e-02;3.2750000e+02;2.8078714e-02;3.2750000e+02;8.7893739e-02;3.2750000e+02;1.4336091e-01;3.2750000e+02;2.0034967e-01;3.2750000e+02;2.7824578e-01;3.2750000e+02;3.3436093e-01;3.2750000e+02;3.0341753e-01;3.2750000e+02;2.1802643e-01;3.2750000e+02;1.3505304e-01;3.2750000e+02;6.5386184e-02;3.2750000e+02;4.5434609e-03;3.2750000e+02;-5.1934846e-02;3.2750000e+02;-1.0596716e-01;3.2750000e+02;-1.5772155e-01;3.2750000e+02;-2.0890617e-01;3.2750000e+02;-8.9052387e-02;3.2750000e+02;-6.7225933e-02;3.2750000e+02;-2.7732834e-02;3.2750000e+02;2.8078714e-02;3.2750000e+02;8.7893739e-02;3.2750000e+02;1.4336091e-01;3.2750000e+02;2.0034967e-01;3.2750000e+02;2.7824578e-01;3.2750000e+02;3.3436093e-01;3.2750000e+02;3.0341753e-01;3.2750000e+02;2.1802643e-01;3.2750000e+02;1.3505304e-01;3.2750000e+02;6.5386184e-02;3.2750000e+02;4.5434609e-03;3.2750000e+02;-5.1934846e-02;3.2750000e+02;-1.0596716e-01;3.2750000e+02;-1.5772155e-01;3.2750000e+02;-2.0890617e-01;3.2750000e+02;-8.9052387e-02;3.2750000e+02;-6.7225933e-02;3.2750000e+02;-2.7732834e-02;3.2750000e+02;2.8078714e-02;3.2750000e+02;8.7893739e-02;3.2750000e+02;1.4336091e-01;3.2750000e+02;2.0034967e-01;3.2750000e+02;2.7824578e-01;3.2750000e+02;3.3436093e-01;3.2750000e+02;3.0341753e-01;3.2750000e+02;2.1802643e-01;3.2750000e+02;1.3505304e-01;3.2750000e+02;6.5386184e-02;3.2750000e+02;4.5434609e-03;3.2750000e+02;-5.1934846e-02;3.2750000e+02;-1.0596716e-01;3.2750000e+02;-1.5772155e-01;3.2750000e+02;-2.0890617e-01;3.2750000e+02;-8.9052387e-02;3.2750000e+02;-6.7225933e-02;3.2750000e+02;-2.7732834e-02;3.2750000e+02;2.8078714e-02;3.2750000e+02;8.7893739e-02;3.2750000e+02;1.4336091e-01;3.2750000e+02;2.0034967e-01;3.2750000e+02;2.7824578e-01;3.2750000e+02;3.3436093e-01;3.2750000e+02;3.0341753e-01;3.2750000e+02;2.1802643e-01;3.2750000e+02;1.3505304e-01;3.2750000e+02;6.5386184e-02;3.2750000e+02;4.5434609e-03;3.2750000e+02;-5.1934846e-02;3.2750000e+02;-1.0596716e-01;3.2750000e+02;-1.5772155e-01;3.2750000e+02;-2.0890617e-01;3.2750000e+02;-8.9052387e-02;3.2750000e+02;-6.7225933e-02;3.2750000e+02;-2.7732834e-02;3.2750000e+02;2.8078714e-02;3.2750000e+02;8.7893739e-02;3.2750000e+02;1.4336091e-01;3.2750000e+02;2.0034967e-01;3.2750000e+02;2.7824578e-01;3.2750000e+02;3.3436093e-01;3.2750000e+02;3.0341753e-01;3.2750000e+02;2.1802643e-01;3.2750000e+02;1.3505304e-01;3.2750000e+02;6.5386184e-02;3.2750000e+02;4.5434609e-03;3.2750000e+02;-5.1934846e-02;3.2750000e+02;-1.0596716e-01;3.2750000e+02;-1.5772155e-01;3.2750000e+02;-2.0890617e-01;3.2750000e+02;-8.9052387e-02;3.2750000e+02;-6.7225933e-02;3.2750000e+02;-2.7732834e-02;3.2750000e+02;2.8078714e-02;3.2750000e+02;8.7893739e-02;3.2750000e+02;1.4336091e-01;3.2750000e+02;2.0034967e-01;3.2750000e+02;2.7824578e-01;3.2750000e+02;3.3436093e-01;3.2750000e+02;3.0341753e-01;3.2750000e+02;2.1802643e-01;3.2750000e+02;1.3505304e-01;3.2750000e+02;6.5386184e-02;3.2750000e+02;4.5434609e-03;3.2750000e+02;-5.1934846e-02;3.2750000e+02;-1.0596716e-01;3.2750000e+02;-1.5772155e-01;3.2750000e+02;-2.0890617e-01;3.2750000e+02;-8.9052387e-02;3.2750000e+02;-6.7225933e-02;3.2750000e+02;-2.7732834e-02;3.2750000e+02;2.8078714e-02;3.2750000e+02;8.7893739e-02;3.2750000e+02;1.4336091e-01;3.2750000e+02;2.0034967e-01;3.2750000e+02;2.7824578e-01;3.2750000e+02;3.3436093e-01;3.2750000e+02;3.0341753e-01;3.2750000e+02;2.1802643e-01;3.2750000e+02;1.3505304e-01;3.2750000e+02;6.5386184e-02;3.2750000e+02;4.5434609e-03;3.2750000e+02;-5.1934846e-02;3.2750000e+02;-1.0596716e-01;3.2750000e+02;-1.5772155e-01;3.2750000e+02;-2.0890617e-01;3.2750000e+02;-8.9052387e-02;3.2750000e+02;-6.7225933e-02;3.2750000e+02;-2.7732834e-02;3.2750000e+02;2.8078714e-02;3.2750000e+02;8.7893739e-02;3.2750000e+02;1.4336091e-01;3.2750000e+02;2.0034967e-01;3.2750000e+02;2.7824578e-01;3.2750000e+02;3.3436093e-01;3.2750000e+02;3.0341753e-01;3.2750000e+02;2.1802643e-01;3.2750000e+02;1.3505304e-01;3.2750000e+02;6.5386184e-02;3.2750000e+02;4.5434609e-03;3.2750000e+02;-5.1934846e-02;3.2750000e+02;-1.0596716e-01;3.2750000e+02;-1.5772155e-01;3.2750000e+02;-2.0890617e-01;3.2750000e+02;-8.9052387e-02;3.2750000e+02;-6.7225933e-02;3.2750000e+02;-2.7732834e-02;3.2750000e+02;2.8078714e-02;3.2750000e+02;8.7893739e-02;3.2750000e+02;1.4336091e-01;3.2750000e+02;2.0034967e-01;3.2750000e+02;2.7824578e-01;3.2750000e+02;3.3436093e-01;3.2750000e+02;3.0341753e-01;3.2750000e+02;2.1802643e-01;3.2750000e+02;1.3505304e-01;3.2750000e+02;6.5386184e-02;3.2750000e+02;4.5434609e-03;3.2750000e+02;-5.1934846e-02;3.2750000e+02;-1.0596716e-01;3.2750000e+02;-1.5772155e-01;3.2750000e+02;-2.0890617e-01;3.2750000e+02;-8.9052387e-02;3.2750000e+02;-6.7225933e-02;3.2750000e+02;-2.7732834e-02;3.2750000e+02;2.8078714e-02;3.2750000e+02;8.7893739e-02;3.2750000e+02;1.4336091e-01;3.2750000e+02;2.0034967e-01;3.2750000e+02;2.7824578e-01;3.2750000e+02;3.3436093e-01;3.2750000e+02;3.0341753e-01;3.2750000e+02;2.1802643e-01;3.2750000e+02;1.3505304e-01;3.2750000e+02;6.5386184e-02;3.2750000e+02;4.5434609e-03;3.2750000e+02;-5.1934846e-02;3.2750000e+02;-1.0596716e-01;3.2750000e+02;-1.5772155e-01;3.2750000e+02;-2.0890617e-01;3.2750000e+02;-8.9052387e-02;3.2750000e+02;-6.7225933e-02;3.2750000e+02;-2.7732834e-02;3.2750000e+02;2.8078714e-02;3.2750000e+02;8.7893739e-02;3.2750000e+02;1.4336091e-01;3.2750000e+02;2.0034967e-01;3.2750000e+02;2.7824578e-01;3.2750000e+02;3.3436093e-01;3.2750000e+02;3.0341753e-01;3.2750000e+02;2.1802643e-01;3.2750000e+02;1.3505304e-01;3.2750000e+02;6.5386184e-02;3.2750000e+02;4.5434609e-03;3.2750000e+02;-5.1934846e-02;3.2750000e+02;-1.0596716e-01;3.2750000e+02;-1.5772155e-01;3.2750000e+02;-2.0890617e-01;3.2750000e+02;-8.9052387e-02;3.2750000e+02;-6.7225933e-02;3.2750000e+02;-2.7732834e-02;3.2750000e+02;2.8078714e-02;3.2750000e+02;8.7893739e-02;3.2750000e+02;1.4336091e-01;3.2750000e+02;2.0034967e-01;3.2750000e+02;2.7824578e-01;3.2750000e+02;3.3436093e-01;3.2750000e+02;3.0341753e-01;3.2750000e+02;2.1802643e-01;3.2750000e+02;1.3505304e-01;3.2750000e+02;6.5386184e-02;3.2750000e+02;4.5434609e-03;3.2750000e+02;-5.1934846e-02;3.2750000e+02;-1.0596716e-01;3.2750000e+02;-1.5772155e-01;3.2750000e+02;-2.0890617e-01;3.2750000e+02;-8.9052387e-02;3.2750000e+02;-6.7225933e-02;3.2750000e+02;-2.7732834e-02;3.2750000e+02;2.8078714e-02;3.2750000e+02;8.7893739e-02;3.2750000e+02;1.4336091e-01;3.2750000e+02;2.0034967e-01;3.2750000e+02;2.7824578e-01;3.2750000e+02;3.3436093e-01;3.2750000e+02;3.0341753e-01;3.2750000e+02;2.1802643e-01;3.2750000e+02;1.3505304e-01;3.2750000e+02;6.5386184e-02;3.2750000e+02;4.5434609e-03;3.2750000e+02;-5.1934846e-02;3.2750000e+02;-1.0596716e-01;3.2750000e+02;-1.5772155e-01;3.2750000e+02;-2.0890617e-01;3.2750000e+02;-8.9052387e-02;3.2750000e+02;-6.7225933e-02;3.2750000e+02;-2.7732834e-02;3.2750000e+02;2.8078714e-02;3.2750000e+02;8.7893739e-02;3.2750000e+02;1.4336091e-01;3.2750000e+02;2.0034967e-01;3.2750000e+02;2.7824578e-01;3.2750000e+02;3.3436093e-01;3.2750000e+02;3.0341753e-01;3.2750000e+02;2.1802643e-01;3.2750000e+02;1.3505304e-01;3.2750000e+02;6.5386184e-02;3.2750000e+02;4.5434609e-03;3.2750000e+02;-5.1934846e-02;3.2750000e+02;-1.0596716e-01;3.2750000e+02;-1.5772155e-01;3.2750000e+02;-2.0890617e-01;3.2750000e+02;-8.9052387e-02;3.2750000e+02;-6.7225933e-02;3.2750000e+02;-2.7732834e-02;3.2750000e+02;2.8078714e-02;3.2750000e+02;8.7893739e-02;3.2750000e+02;1.4336091e-01;3.2750000e+02;2.0034967e-01;3.2750000e+02;2.7824578e-01;3.2750000e+02;3.3436093e-01;3.2750000e+02;3.0341753e-01;3.2750000e+02;2.1802643e-01;3.2750000e+02;1.3505304e-01;3.2750000e+02;6.5386184e-02;3.2750000e+02;4.5434609e-03;3.2750000e+02;-5.1934846e-02;3.2750000e+02;-1.0596716e-01;3.2750000e+02;-1.5772155e-01;3.2750000e+02;-2.0890617e-01;3.2750000e+02;-8.9052387e-02;3.2750000e+02;-6.7225933e-02;3.2750000e+02;-2.7732834e-02;3.2750000e+02;2.8078714e-02;3.2750000e+02;8.7893739e-02;3.2750000e+02;1.4336091e-01;3.2750000e+02;2.0034967e-01;3.2750000e+02;2.7824578e-01;3.2750000e+02;3.3436093e-01;3.2750000e+02;3.0341753e-01;3.2750000e+02;2.1802643e-01;3.2750000e+02;1.3505304e-01;3.2750000e+02;6.5386184e-02;3.2750000e+02;4.5434609e-03;3.2750000e+02;-5.1934846e-02;3.2750000e+02;-1.0596716e-01;3.2750000e+02;-1.5772155e-01;3.2750000e+02;-2.0890617e-01;3.2750000e+02;-8.9052387e-02;3.2750000e+02;-6.7225933e-02;3.2750000e+02;-2.7732834e-02;3.2750000e+02;2.8078714e-02;3.2750000e+02;8.7893739e-02;3.2750000e+02;1.4336091e-01;3.2750000e+02;2.0034967e-01;3.2750000e+02;2.7824578e-01;3.2750000e+02;3.3436093e-01;3.2750000e+02;3.0341753e-01;3.2750000e+02;2.1802643e-01;3.2750000e+02;1.3505304e-01;3.2750000e+02;6.5386184e-02;3.2750000e+02;4.5434609e-03;3.2750000e+02;-5.1934846e-02;3.2750000e+02;-1.0596716e-01;3.2750000e+02;-1.5772155e-01;3.2750000e+02;-2.0890617e-01;3.2750000e+02;-8.9052387e-02;3.2750000e+02;-6.7225933e-02;3.2750000e+02;-2.7732834e-02;3.2750000e+02;2.8078714e-02;3.2750000e+02;8.7893739e-02;3.2750000e+02;1.4336091e-01;3.2750000e+02;2.0034967e-01;3.2750000e+02;2.7824578e-01;3.2750000e+02;3.3436093e-01;3.2750000e+02;3.0341753e-01;3.2750000e+02;2.1802643e-01;3.2750000e+02;1.3505304e-01;3.2750000e+02;6.5386184e-02;3.2750000e+02;4.5434609e-03;3.2750000e+02;-5.1934846e-02;3.2750000e+02;-1.0596716e-01;3.2750000e+02;-1.5772155e-01;3.2750000e+02;-2.0890617e-01;3.2750000e+02;-8.9052387e-02;3.2750000e+02;-6.7225933e-02;3.2750000e+02;-2.7732834e-02;3.2750000e+02;2.8078714e-02;3.2750000e+02;8.7893739e-02;3.2750000e+02;1.4336091e-01;3.2750000e+02;2.0034967e-01;3.2750000e+02;2.7824578e-01;3.2750000e+02;3.3436093e-01;3.2750000e+02;3.0341753e-01;3.2750000e+02;2.1802643e-01;3.2750000e+02;1.3505304e-01;3.2750000e+02;6.5386184e-02;3.2750000e+02;4.5434609e-03;3.2750000e+02;-5.1934846e-02;3.2750000e+02;-1.0596716e-01;3.2750000e+02;-1.5772155e-01;3.2750000e+02;-2.0890617e-01;3.2750000e+02;-8.9052387e-02;3.2750000e+02;-6.7225933e-02;3.2750000e+02;-2.7732834e-02;3.2750000e+02;2.8078714e-02;3.2750000e+02;8.7893739e-02;3.2750000e+02;1.4336091e-01;3.2750000e+02;2.0034967e-01;3.2750000e+02;2.7824578e-01;3.2750000e+02;3.3436093e-01;3.2750000e+02;3.0341753e-01;3.2750000e+02;2.1802643e-01;3.2750000e+02;1.3505304e-01;3.2750000e+02;6.5386184e-02;3.2750000e+02;4.5434609e-03;3.2750000e+02;-5.1934846e-02;3.2750000e+02;-1.0596716e-01;3.2750000e+02;-1.5772155e-01;3.2750000e+02;-2.0890617e-01;3.2750000e+02;-8.9052387e-02;3.2750000e+02;-6.7225933e-02;3.2750000e+02;-2.7732834e-02;3.2750000e+02;2.8078714e-02;3.2750000e+02;8.7893739e-02;3.2750000e+02;1.4336091e-01;3.2750000e+02;2.0034967e-01;3.2750000e+02;2.7824578e-01;3.2750000e+02;3.3436093e-01;3.2750000e+02;3.0341753e-01;3.2750000e+02;2.1802643e-01;3.2750000e+02;1.3505304e-01;3.2750000e+02;6.5386184e-02;3.2750000e+02;4.5434609e-03;3.2750000e+02;-5.1934846e-02;3.2750000e+02;-1.0596716e-01;3.2750000e+02;-1.5772155e-01;3.2750000e+02;-2.0890617e-01;3.2750000e+02;-8.9052387e-02;3.2750000e+02;-6.7225933e-02;3.2750000e+02;-2.7732834e-02;3.2750000e+02;2.8078714e-02;3.2750000e+02;8.7893739e-02;3.2750000e+02;1.4336091e-01;3.2750000e+02;2.0034967e-01;3.2750000e+02;2.7824578e-01;3.2750000e+02;3.3436093e-01;3.2750000e+02;3.0341753e-01;3.2750000e+02;2.1802643e-01;3.2750000e+02;1.3505304e-01;3.2750000e+02;6.5386184e-02;3.2750000e+02;4.5434609e-03;3.2750000e+02;-5.1934846e-02;3.2750000e+02;-1.0596716e-01;3.2750000e+02;-1.5772155e-01;3.2750000e+02;-2.0890617e-01;3.2750000e+02;-8.9052387e-02;3.2750000e+02;-6.7225933e-02;3.2750000e+02;-2.7732834e-02;3.2750000e+02;2.8078714e-02;3.2750000e+02;8.7893739e-02;3.2750000e+02;1.4336091e-01;3.2750000e+02;2.0034967e-01;3.2750000e+02;2.7824578e-01;3.2750000e+02;3.3436093e-01;3.2750000e+02;3.0341753e-01;3.2750000e+02;2.1802643e-01;3.2750000e+02;1.3505304e-01;3.2750000e+02;6.5386184e-02;3.2750000e+02;4.5434609e-03;3.2750000e+02;-5.1934846e-02;3.2750000e+02;-1.0596716e-01;3.2750000e+02;-1.5772155e-01;3.2750000e+02;-2.0890617e-01;3.2750000e+02;-8.9052387e-02;3.2750000e+02;-6.7225933e-02;3.2750000e+02;-2.7732834e-02;3.2750000e+02;2.8078714e-02;3.2750000e+02;8.7893739e-02;3.2750000e+02;1.4336091e-01;3.2750000e+02;2.0034967e-01;3.2750000e+02;2.7824578e-01;3.2750000e+02;3.3436093e-01;3.2750000e+02;3.0341753e-01;3.2750000e+02;2.1802643e-01;3.2750000e+02;1.3505304e-01;3.2750000e+02;6.5386184e-02;3.2750000e+02;4.5434609e-03;3.2750000e+02;-5.1934846e-02;3.2750000e+02;-1.0596716e-01;3.2750000e+02;-1.5772155e-01;3.2750000e+02;-2.0890617e-01;3.2750000e+02;-8.9052387e-02;3.2750000e+02;-6.7225933e-02;3.2750000e+02;-2.7732834e-02;3.2750000e+02;2.8078714e-02;3.2750000e+02;8.7893739e-02;3.2750000e+02;1.4336091e-01;3.2750000e+02;2.0034967e-01;3.2750000e+02;2.7824578e-01;3.2750000e+02;3.3436093e-01;3.2750000e+02;3.0341753e-01;3.2750000e+02;2.1802643e-01;3.2750000e+02;1.3505304e-01;3.2750000e+02;6.5386184e-02;3.2750000e+02;4.5434609e-03;3.2750000e+02;-5.1934846e-02;3.2750000e+02;-1.0596716e-01;3.2750000e+02;-1.5772155e-01;3.2750000e+02;-2.0890617e-01;3.2750000e+02;-8.9052387e-02;3.2750000e+02;-6.7225933e-02;3.2750000e+02;-2.7732834e-02;3.2750000e+02;2.8078714e-02;3.2750000e+02;8.7893739e-02;3.2750000e+02;1.4336091e-01;3.2750000e+02;2.0034967e-01;3.2750000e+02;2.7824578e-01;3.2750000e+02;3.3436093e-01;3.2750000e+02;3.0341753e-01;3.2750000e+02;2.1802643e-01;3.2750000e+02;1.3505304e-01;3.2750000e+02;6.5386184e-02;3.2750000e+02;4.5434609e-03;3.2750000e+02;-5.1934846e-02;3.2750000e+02;-1.0596716e-01;3.2750000e+02;-1.5772155e-01;3.2750000e+02;-2.0890617e-01;3.2750000e+02;-8.9052387e-02;3.2750000e+02;-6.7225933e-02;3.2750000e+02;-2.7732834e-02;3.2750000e+02;2.8078714e-02;3.2750000e+02;8.7893739e-02;3.2750000e+02;1.4336091e-01;3.2750000e+02;2.0034967e-01;3.2750000e+02;2.7824578e-01;3.2750000e+02;3.3436093e-01;3.2750000e+02;3.0341753e-01;3.2750000e+02;2.1802643e-01;3.2750000e+02;1.3505304e-01;3.2750000e+02;6.5386184e-02;3.2750000e+02;4.5434609e-03;3.2750000e+02;-5.1934846e-02;3.2750000e+02;-1.0596716e-01;3.2750000e+02;-1.5772155e-01;3.2750000e+02;-2.0890617e-01;3.2750000e+02;-8.9052387e-02;3.2750000e+02;-6.7225933e-02;3.2750000e+02;-2.7732834e-02;3.2750000e+02;2.8078714e-02;3.2750000e+02;8.7893739e-02;3.2750000e+02;1.4336091e-01;3.2750000e+02;2.0034967e-01;3.2750000e+02;2.7824578e-01;3.2750000e+02;3.3436093e-01;3.2750000e+02;3.0341753e-01;3.2750000e+02;2.1802643e-01;3.2750000e+02;1.3505304e-01;3.2750000e+02;6.5386184e-02;3.2750000e+02;4.5434609e-03;3.2750000e+02;-5.1934846e-02;3.2750000e+02;-1.0596716e-01;3.2750000e+02;-1.5772155e-01;3.2750000e+02;-2.0890617e-01;3.2750000e+02;-8.9052387e-02;3.2750000e+02;-6.7225933e-02;3.2750000e+02;-2.7732834e-02;3.2750000e+02;2.8078714e-02;3.2750000e+02;8.7893739e-02;3.2750000e+02;1.4336091e-01;3.2750000e+02;2.0034967e-01;3.2750000e+02;2.7824578e-01;3.2750000e+02;3.3436093e-01;3.2750000e+02;3.0341753e-01;3.2750000e+02;2.1802643e-01;3.2750000e+02;1.3505304e-01;3.2750000e+02;6.5386184e-02;3.2750000e+02;4.5434609e-03;3.2750000e+02;-5.1934846e-02;3.2750000e+02;-1.0596716e-01;3.2750000e+02;-1.5772155e-01;3.2750000e+02;-2.0890617e-01;3.2750000e+02;-8.9052387e-02;3.2750000e+02;-6.7225933e-02;3.2750000e+02;-2.7732834e-02;3.2750000e+02;2.8078714e-02;3.2750000e+02;8.7893739e-02;3.2750000e+02;1.4336091e-01;3.2750000e+02;2.0034967e-01;3.2750000e+02;2.7824578e-01;3.2750000e+02;3.3436093e-01;3.2750000e+02;3.0341753e-01;3.2750000e+02;2.1802643e-01;3.2750000e+02;1.3505304e-01;3.2750000e+02;6.5386184e-02;3.2750000e+02;4.5434609e-03;3.2750000e+02;-5.1934846e-02;3.2750000e+02;-1.0596716e-01;3.2750000e+02;-1.5772155e-01;3.2750000e+02;-2.0890617e-01;3.2750000e+02;-8.9052387e-02;3.2750000e+02;-6.7225933e-02;3.2750000e+02;-2.7732834e-02;3.2750000e+02;2.8078714e-02;3.2750000e+02;8.7893739e-02;3.2750000e+02;1.4336091e-01;3.2750000e+02;2.0034967e-01;3.2750000e+02;2.7824578e-01;3.2750000e+02;3.3436093e-01;3.2750000e+02;3.0341753e-01;3.2750000e+02;2.1802643e-01;3.2750000e+02;1.3505304e-01;3.2750000e+02;6.5386184e-02;3.2750000e+02;4.5434609e-03;3.2750000e+02;-5.1934846e-02;3.2750000e+02;-1.0596716e-01;3.2750000e+02;-1.5772155e-01;3.2750000e+02;-2.0890617e-01;3.2750000e+02;-8.9052387e-02;3.2750000e+02;-6.7225933e-02;3.2750000e+02;-2.7732834e-02;3.2750000e+02;2.8078714e-02;3.2750000e+02;8.7893739e-02;3.2750000e+02;1.4336091e-01;3.2750000e+02;2.0034967e-01;3.2750000e+02;2.7824578e-01;3.2750000e+02;3.3436093e-01;3.2750000e+02;3.0341753e-01;3.2750000e+02;2.1802643e-01;3.2750000e+02;1.3505304e-01;3.2750000e+02;6.5386184e-02;3.2750000e+02;4.5434609e-03;3.2750000e+02;-5.1934846e-02;3.2750000e+02;-1.0596716e-01;3.2750000e+02;-1.5772155e-01;3.2750000e+02;-2.0890617e-01;3.2750000e+02;-8.9052387e-02;3.2750000e+02;-6.7225933e-02;3.2750000e+02;-2.7732834e-02;3.2750000e+02;2.8078714e-02;3.2750000e+02;8.7893739e-02;3.2750000e+02;1.4336091e-01;3.2750000e+02;2.0034967e-01;3.2750000e+02;2.7824578e-01;3.2750000e+02;3.3436093e-01;3.2750000e+02;3.0341753e-01;3.2750000e+02;2.1802643e-01;3.2750000e+02;1.3505304e-01;3.2750000e+02;6.5386184e-02;3.2750000e+02;4.5434609e-03;3.2750000e+02;-5.1934846e-02;3.2750000e+02;-1.0596716e-01;3.2750000e+02;-1.5772155e-01;3.2750000e+02;-2.0890617e-01;3.2750000e+02;-8.9052387e-02;3.2750000e+02;-6.7225933e-02;3.2750000e+02;-2.7732834e-02;3.2750000e+02;2.8078714e-02;3.2750000e+02;8.7893739e-02;3.2750000e+02;1.4336091e-01;3.2750000e+02;2.0034967e-01;3.2750000e+02;2.7824578e-01;3.2750000e+02;3.3436093e-01;3.2750000e+02;3.0341753e-01;3.2750000e+02;2.1802643e-01;3.2750000e+02;1.3505304e-01;3.2750000e+02;6.5386184e-02;3.2750000e+02;4.5434609e-03;3.2750000e+02;-5.1934846e-02;3.2750000e+02;-1.0596716e-01;3.2750000e+02;-1.5772155e-01;3.2750000e+02;-2.0890617e-01;3.2750000e+02;-8.9052387e-02;3.2750000e+02;-6.7225933e-02;3.2750000e+02;-2.7732834e-02;3.2750000e+02;2.8078714e-02;3.2750000e+02;8.7893739e-02;3.2750000e+02;1.4336091e-01;3.2750000e+02;2.0034967e-01;3.2750000e+02;2.7824578e-01;3.2750000e+02;3.3436093e-01;3.2750000e+02;3.0341753e-01;3.2750000e+02;2.1802643e-01;3.2750000e+02;1.3505304e-01;3.2750000e+02;6.5386184e-02;3.2750000e+02;4.5434609e-03;3.2750000e+02;-5.1934846e-02;3.2750000e+02;-1.0596716e-01;3.2750000e+02;-1.5772155e-01;3.2750000e+02;-2.0890617e-01;3.2750000e+02;-8.9052387e-02;3.2750000e+02;-6.7225933e-02;3.2750000e+02;-2.7732834e-02;3.2750000e+02;2.8078714e-02;3.2750000e+02;8.7893739e-02;3.2750000e+02;1.4336091e-01;3.2750000e+02;2.0034967e-01;3.2750000e+02;2.7824578e-01;3.2750000e+02;3.3436093e-01;3.2750000e+02;3.0341753e-01;3.2750000e+02;2.1802643e-01;3.2750000e+02;1.3505304e-01;3.2750000e+02;6.5386184e-02;3.2750000e+02;4.5434609e-03;3.2750000e+02;-5.1934846e-02;3.2750000e+02;-1.0596716e-01;3.2750000e+02;-1.5772155e-01;3.2750000e+02;-2.0890617e-01;3.2750000e+02;-8.9052387e-02;3.2750000e+02;-6.7225933e-02;3.2750000e+02;-2.7732834e-02;3.2750000e+02;2.8078714e-02;3.2750000e+02;8.7893739e-02;3.2750000e+02;1.4336091e-01;3.2750000e+02;2.0034967e-01;3.2750000e+02;2.7824578e-01;3.2750000e+02;3.3436093e-01;3.2750000e+02;3.0341753e-01;3.2750000e+02;2.1802643e-01;3.2750000e+02;1.3505304e-01;3.2750000e+02;6.5386184e-02;3.2750000e+02;4.5434609e-03;3.2750000e+02;-5.1934846e-02;3.2750000e+02;-1.0596716e-01;3.2750000e+02;-1.5772155e-01;3.2750000e+02;-2.0890617e-01;3.2750000e+02;-8.9052387e-02;3.2750000e+02;-6.7225933e-02;3.2750000e+02;-2.7732834e-02;3.2750000e+02;2.8078714e-02;3.2750000e+02;8.7893739e-02;3.2750000e+02;1.4336091e-01;3.2750000e+02;2.0034967e-01;3.2750000e+02;2.7824578e-01;3.2750000e+02;3.3436093e-01;3.2750000e+02;3.0341753e-01;3.2750000e+02;2.1802643e-01;3.2750000e+02;1.3505304e-01;3.2750000e+02;6.5386184e-02;3.2750000e+02;4.5434609e-03;3.2750000e+02;-5.1934846e-02;3.2750000e+02;-1.0596716e-01;3.2750000e+02;-1.5772155e-01;3.2750000e+02;-2.0890617e-01;3.2750000e+02;-8.9052387e-02;3.2750000e+02;-6.7225933e-02;3.2750000e+02;-2.7732834e-02;3.2750000e+02;2.8078714e-02;3.2750000e+02;8.7893739e-02;3.2750000e+02;1.4336091e-01;3.2750000e+02;2.0034967e-01;3.2750000e+02;2.7824578e-01;3.2750000e+02;3.3436093e-01;3.2750000e+02;3.0341753e-01;3.2750000e+02;2.1802643e-01;3.2750000e+02;1.3505304e-01;3.2750000e+02;6.5386184e-02;3.2750000e+02;4.5434609e-03;3.2750000e+02;-5.1934846e-02;3.2750000e+02;-1.0596716e-01;3.2750000e+02;-1.5772155e-01;3.2750000e+02;-2.0890617e-01;3.2750000e+02;-8.9052387e-02;3.2750000e+02;-6.7225933e-02;3.2750000e+02;-2.7732834e-02;3.2750000e+02;2.8078714e-02;3.2750000e+02;8.7893739e-02;3.2750000e+02;1.4336091e-01;3.2750000e+02;2.0034967e-01;3.2750000e+02;2.7824578e-01;3.2750000e+02;3.3436093e-01;3.2750000e+02;3.0341753e-01;3.2750000e+02;2.1802643e-01;3.2750000e+02;1.3505304e-01;3.2750000e+02;6.5386184e-02;3.2750000e+02;4.5434609e-03;3.2750000e+02;-5.1934846e-02;3.2750000e+02;-1.0596716e-01;3.2750000e+02;-1.5772155e-01;3.2750000e+02;-2.0890617e-01;3.2750000e+02;-8.9052387e-02;3.2750000e+02;-6.7225933e-02;3.2750000e+02;-2.7732834e-02;3.2750000e+02;2.8078714e-02;3.2750000e+02;8.7893739e-02;3.2750000e+02;1.4336091e-01;3.2750000e+02;2.0034967e-01;3.2750000e+02;2.7824578e-01;3.2750000e+02;3.3436093e-01;3.2750000e+02;3.0341753e-01;3.2750000e+02;2.1802643e-01;3.2750000e+02;1.3505304e-01;3.2750000e+02;6.5386184e-02;3.2750000e+02;4.5434609e-03;3.2750000e+02;-5.1934846e-02;3.2750000e+02;-1.0596716e-01;3.2750000e+02;-1.5772155e-01;3.2750000e+02;-2.0890617e-01;3.2750000e+02;-8.9052387e-02;3.2750000e+02;-6.7225933e-02;3.2750000e+02;-2.7732834e-02;3.2750000e+02;2.8078714e-02;3.2750000e+02;8.7893739e-02;3.2750000e+02;1.4336091e-01;3.2750000e+02;2.0034967e-01;3.2750000e+02;2.7824578e-01;3.2750000e+02;3.3436093e-01;3.2750000e+02;3.0341753e-01;3.2750000e+02;2.1802643e-01;3.2750000e+02;1.3505304e-01;3.2750000e+02;6.5386184e-02;3.2750000e+02;4.5434609e-03;3.2750000e+02;-5.1934846e-02;3.2750000e+02;-1.0596716e-01;3.2750000e+02;-1.5772155e-01;3.2750000e+02;-2.0890617e-01;3.2750000e+02;-8.9052387e-02;3.2750000e+02;-6.7225933e-02;3.2750000e+02;-2.7732834e-02;3.2750000e+02;2.8078714e-02;3.2750000e+02;8.7893739e-02;3.2750000e+02;1.4336091e-01;3.2750000e+02;2.0034967e-01;3.2750000e+02;2.7824578e-01;3.2750000e+02;3.3436093e-01;3.2750000e+02;3.0341753e-01;3.2750000e+02;2.1802643e-01;3.2750000e+02;1.3505304e-01;3.2750000e+02;6.5386184e-02;3.2750000e+02;4.5434609e-03;3.2750000e+02;-5.1934846e-02;3.2750000e+02;-1.0596716e-01;3.2750000e+02;-1.5772155e-01;3.2750000e+02;-2.0890617e-01;3.2750000e+02;-8.9052387e-02;3.2750000e+02;-6.7225933e-02;3.2750000e+02;-2.7732834e-02;3.2750000e+02;2.8078714e-02;3.2750000e+02;8.7893739e-02;3.2750000e+02;1.4336091e-01;3.2750000e+02;2.0034967e-01;3.2750000e+02;2.7824578e-01;3.2750000e+02;3.3436093e-01;3.2750000e+02;3.0341753e-01;3.2750000e+02;2.1802643e-01;3.2750000e+02;1.3505304e-01;3.2750000e+02;6.5386184e-02;3.2750000e+02;4.5434609e-03;3.2750000e+02;-5.1934846e-02;3.2750000e+02;-1.0596716e-01;3.2750000e+02;-1.5772155e-01;3.2750000e+02;-2.0890617e-01;3.2750000e+02;-8.9052387e-02;3.2750000e+02;-6.7225933e-02;3.2750000e+02;-2.7732834e-02;3.2750000e+02;2.8078714e-02;3.2750000e+02;8.7893739e-02;3.2750000e+02;1.4336091e-01;3.2750000e+02;2.0034967e-01;3.2750000e+02;2.7824578e-01;3.2750000e+02;3.3436093e-01;3.2750000e+02;3.0341753e-01;3.2750000e+02;2.1802643e-01;3.2750000e+02;1.3505304e-01;3.2750000e+02;6.5386184e-02;3.2750000e+02;4.5434609e-03;3.2750000e+02;-5.1934846e-02;3.2750000e+02;-1.0596716e-01;3.2750000e+02;-1.5772155e-01;3.2750000e+02;-2.0890617e-01;3.2750000e+02;-8.9052387e-02;3.2750000e+02;-6.7225933e-02;3.2750000e+02;-2.7732834e-02;3.2750000e+02;2.8078714e-02;3.2750000e+02;8.7893739e-02;3.2750000e+02;1.4336091e-01;3.2750000e+02;2.0034967e-01;3.2750000e+02;2.7824578e-01;3.2750000e+02;3.3436093e-01;3.2750000e+02;3.0341753e-01;3.2750000e+02;2.1802643e-01;3.2750000e+02;1.3505304e-01;3.2750000e+02;6.5386184e-02;3.2750000e+02;4.5434609e-03;3.2750000e+02;-5.1934846e-02;3.2750000e+02;-1.0596716e-01;3.2750000e+02;-1.5772155e-01;3.2750000e+02;-2.0890617e-01;3.2750000e+02;-8.9052387e-02;3.2750000e+02;-6.7225933e-02;3.2750000e+02;-2.7732834e-02;3.2750000e+02;2.8078714e-02;3.2750000e+02;8.7893739e-02;3.2750000e+02;1.4336091e-01;3.2750000e+02;2.0034967e-01;3.2750000e+02;2.7824578e-01;3.2750000e+02;3.3436093e-01;3.2750000e+02;3.0341753e-01;3.2750000e+02;2.1802643e-01;3.2750000e+02;1.3505304e-01;3.2750000e+02;6.5386184e-02;3.2750000e+02;4.5434609e-03;3.2750000e+02;-5.1934846e-02;3.2750000e+02;-1.0596716e-01;3.2750000e+02;-1.5772155e-01;3.2750000e+02;-2.0890617e-01;3.2750000e+02;-8.9052387e-02;3.2750000e+02;-6.7225933e-02;3.2750000e+02;-2.7732834e-02;3.2750000e+02;2.8078714e-02;3.2750000e+02;8.7893739e-02;3.2750000e+02;1.4336091e-01;3.2750000e+02;2.0034967e-01;3.2750000e+02;2.7824578e-01;3.2750000e+02;3.3436093e-01;3.2750000e+02;3.0341753e-01;3.2750000e+02;2.1802643e-01;3.2750000e+02;1.3505304e-01;3.2750000e+02;6.5386184e-02;3.2750000e+02;4.5434609e-03;3.2750000e+02;-5.1934846e-02;3.2750000e+02;-1.0596716e-01;3.2750000e+02;-1.5772155e-01;3.2750000e+02;-2.0890617e-01;3.2750000e+02;-8.9052387e-02;3.2750000e+02;-6.7225933e-02;3.2750000e+02;-2.7732834e-02;3.2750000e+02;2.8078714e-02;3.2750000e+02;8.7893739e-02;3.2750000e+02;1.4336091e-01;3.2750000e+02;2.0034967e-01;3.2750000e+02;2.7824578e-01;3.2750000e+02;3.3436093e-01;3.2750000e+02;3.0341753e-01;3.2750000e+02;2.1802643e-01;3.2750000e+02;1.3505304e-01;3.2750000e+02;6.5386184e-02;3.2750000e+02;4.5434609e-03;3.2750000e+02;-5.1934846e-02;3.2750000e+02;-1.0596716e-01;3.2750000e+02;-1.5772155e-01;3.2750000e+02;-2.0890617e-01;3.2750000e+02;-8.9052387e-02;3.2750000e+02;-6.7225933e-02;3.2750000e+02;-2.7732834e-02;3.2750000e+02;2.8078714e-02;3.2750000e+02;8.7893739e-02;3.2750000e+02;1.4336091e-01;3.2750000e+02;2.0034967e-01;3.2750000e+02;2.7824578e-01;3.2750000e+02;3.3436093e-01;3.2750000e+02;3.0341753e-01;3.2750000e+02;2.1802643e-01;3.2750000e+02;1.3505304e-01;3.2750000e+02;6.5386184e-02;3.2750000e+02;4.5434609e-03;3.2750000e+02;-5.1934846e-02;3.2750000e+02;-1.0596716e-01;3.2750000e+02;-1.5772155e-01;3.2750000e+02;-2.0890617e-01;3.2750000e+02;-8.9052387e-02;3.2750000e+02;-6.7225933e-02;3.2750000e+02;-2.7732834e-02;3.2750000e+02;2.8078714e-02;3.2750000e+02;8.7893739e-02;3.2750000e+02;1.4336091e-01;3.2750000e+02;2.0034967e-01;3.2750000e+02;2.7824578e-01;3.2750000e+02;3.3436093e-01;3.2750000e+02;3.0341753e-01;3.2750000e+02;2.1802643e-01;3.2750000e+02;1.3505304e-01;3.2750000e+02;6.5386184e-02;3.2750000e+02;4.5434609e-03;3.2750000e+02;-5.1934846e-02;3.2750000e+02;-1.0596716e-01;3.2750000e+02;-1.5772155e-01;3.2750000e+02;-2.0890617e-01;3.2750000e+02;-8.9052387e-02;3.2750000e+02;-6.7225933e-02;3.2750000e+02;-2.7732834e-02;3.2750000e+02;2.8078714e-02;3.2750000e+02;8.7893739e-02;3.2750000e+02;1.4336091e-01;3.2750000e+02;2.0034967e-01;3.2750000e+02;2.7824578e-01;3.2750000e+02;3.3436093e-01;3.2750000e+02;3.0341753e-01;3.2750000e+02;2.1802643e-01;3.2750000e+02;1.3505304e-01;3.2750000e+02;6.5386184e-02;3.2750000e+02;4.5434609e-03;3.2750000e+02;-5.1934846e-02;3.2750000e+02;-1.0596716e-01;3.2750000e+02;-1.5772155e-01;3.2750000e+02;-2.0890617e-01;3.2750000e+02;-8.9052387e-02;3.2750000e+02;-6.7225933e-02;3.2750000e+02;-2.7732834e-02;3.2750000e+02;2.8078714e-02;3.2750000e+02;8.7893739e-02;3.2750000e+02;1.4336091e-01;3.2750000e+02;2.0034967e-01;3.2750000e+02;2.7824578e-01;3.2750000e+02;3.3436093e-01;3.2750000e+02;3.0341753e-01;3.2750000e+02;2.1802643e-01;3.2750000e+02;1.3505304e-01;3.2750000e+02;6.5386184e-02;3.2750000e+02;4.5434609e-03;3.2750000e+02;-5.1934846e-02;3.2750000e+02;-1.0596716e-01;3.2750000e+02;-1.5772155e-01;3.2750000e+02;-2.0890617e-01;3.2750000e+02;-8.9052387e-02;3.2750000e+02;-6.7225933e-02;3.2750000e+02;-2.7732834e-02;3.2750000e+02;2.8078714e-02;3.2750000e+02;8.7893739e-02;3.2750000e+02;1.4336091e-01;3.2750000e+02;2.0034967e-01;3.2750000e+02;2.7824578e-01;3.2750000e+02;3.3436093e-01;3.2750000e+02;3.0341753e-01;3.2750000e+02;2.1802643e-01;3.2750000e+02;1.3505304e-01;3.2750000e+02;6.5386184e-02;3.2750000e+02;4.5434609e-03;3.2750000e+02;-5.1934846e-02;3.2750000e+02;-1.0596716e-01;3.2750000e+02;-1.5772155e-01;3.2750000e+02;-2.0890617e-01;3.2750000e+02;-8.9052387e-02;3.2750000e+02;-6.7225933e-02;3.2750000e+02;-2.7732834e-02;3.2750000e+02;2.8078714e-02;3.2750000e+02;8.7893739e-02;3.2750000e+02;1.4336091e-01;3.2750000e+02;2.0034967e-01;3.2750000e+02;2.7824578e-01;3.2750000e+02;3.3436093e-01;3.2750000e+02;3.0341753e-01;3.2750000e+02;2.1802643e-01;3.2750000e+02;1.3505304e-01;3.2750000e+02;6.5386184e-02;3.2750000e+02;4.5434609e-03;3.2750000e+02;-5.1934846e-02;3.2750000e+02;-1.0596716e-01;3.2750000e+02;-1.5772155e-01;3.2750000e+02;-2.0890617e-01;3.2750000e+02;-8.9052387e-02;3.2750000e+02;-6.7225933e-02;3.2750000e+02;-2.7732834e-02;3.2750000e+02;2.8078714e-02;3.2750000e+02;8.7893739e-02;3.2750000e+02;1.4336091e-01;3.2750000e+02;2.0034967e-01;3.2750000e+02;2.7824578e-01;3.2750000e+02;3.3436093e-01;3.2750000e+02;3.0341753e-01;3.2750000e+02;2.1802643e-01;3.2750000e+02;1.3505304e-01;3.2750000e+02;6.5386184e-02;3.2750000e+02;4.5434609e-03;3.2750000e+02;-5.1934846e-02;3.2750000e+02;-1.0596716e-01;3.2750000e+02;-1.5772155e-01;3.2750000e+02;-2.0890617e-01;3.2750000e+02;-8.9052387e-02;3.2750000e+02;-6.7225933e-02;3.2750000e+02;-2.7732834e-02;3.2750000e+02;2.8078714e-02;3.2750000e+02;8.7893739e-02;3.2750000e+02;1.4336091e-01;3.2750000e+02;2.0034967e-01;3.2750000e+02;2.7824578e-01;3.2750000e+02;3.3436093e-01;3.2750000e+02;3.0341753e-01;3.2750000e+02;2.1802643e-01;3.2750000e+02;1.3505304e-01;3.2750000e+02;6.5386184e-02;3.2750000e+02;4.5434609e-03;3.2750000e+02;-5.1934846e-02;3.2750000e+02;-1.0596716e-01;3.2750000e+02;-1.5772155e-01;3.2750000e+02;-2.0890617e-01;3.2750000e+02;-8.9052387e-02;3.2750000e+02;-6.7225933e-02;3.2750000e+02;-2.7732834e-02;3.2750000e+02;2.8078714e-02;3.2750000e+02;8.7893739e-02;3.2750000e+02;1.4336091e-01;3.2750000e+02;2.0034967e-01;3.2750000e+02;2.7824578e-01;3.2750000e+02;3.3436093e-01;3.2750000e+02;3.0341753e-01;3.2750000e+02;2.1802643e-01;3.2750000e+02;1.3505304e-01;3.2750000e+02;6.5386184e-02;3.2750000e+02;4.5434609e-03;3.2750000e+02;-5.1934846e-02;3.2750000e+02;-1.0596716e-01;3.2750000e+02;-1.5772155e-01;3.2750000e+02;-2.0890617e-01;3.2750000e+02;-8.9052387e-02;3.2750000e+02;-6.7225933e-02;3.2750000e+02;-2.7732834e-02;3.2750000e+02;2.8078714e-02;3.2750000e+02;8.7893739e-02;3.2750000e+02;1.4336091e-01;3.2750000e+02;2.0034967e-01;3.2750000e+02;2.7824578e-01;3.2750000e+02;3.3436093e-01;3.2750000e+02;3.0341753e-01;3.2750000e+02;2.1802643e-01;3.2750000e+02;1.3505304e-01;3.2750000e+02;6.5386184e-02;3.2750000e+02;4.5434609e-03;3.2750000e+02;-5.1934846e-02;3.2750000e+02;-1.0596716e-01;3.2750000e+02;-1.5772155e-01;3.2750000e+02;-2.0890617e-01;3.2750000e+02;-8.9052387e-02;3.2750000e+02;-6.7225933e-02;3.2750000e+02;-2.7732834e-02;3.2750000e+02;2.8078714e-02;3.2750000e+02;8.7893739e-02;3.2750000e+02;1.4336091e-01;3.2750000e+02;2.0034967e-01;3.2750000e+02;2.7824578e-01;3.2750000e+02;3.3436093e-01;3.2750000e+02;3.0341753e-01;3.2750000e+02;2.1802643e-01;3.2750000e+02;1.3505304e-01;3.2750000e+02;6.5386184e-02;3.2750000e+02;4.5434609e-03;3.2750000e+02;-5.1934846e-02;3.2750000e+02;-1.0596716e-01;3.2750000e+02;-1.5772155e-01;3.2750000e+02;-2.0890617e-01;3.2750000e+02;-8.9052387e-02;3.2750000e+02;-6.7225933e-02;3.2750000e+02;-2.7732834e-02;3.2750000e+02;2.8078714e-02;3.2750000e+02;8.7893739e-02;3.2750000e+02;1.4336091e-01;3.2750000e+02;2.0034967e-01;3.2750000e+02;2.7824578e-01;3.2750000e+02;3.3436093e-01;3.2750000e+02;3.0341753e-01;3.2750000e+02;2.1802643e-01;3.2750000e+02;1.3505304e-01;3.2750000e+02;6.5386184e-02;3.2750000e+02;4.5434609e-03;3.2750000e+02;-5.1934846e-02;3.2750000e+02;-1.0596716e-01;3.2750000e+02;-1.5772155e-01;3.2750000e+02;-2.0890617e-01;3.2750000e+02;-8.9052387e-02;3.2750000e+02;-6.7225933e-02;3.2750000e+02;-2.7732834e-02;3.2750000e+02;2.8078714e-02;3.2750000e+02;8.7893739e-02;3.2750000e+02;1.4336091e-01;3.2750000e+02;2.0034967e-01;3.2750000e+02;2.7824578e-01;3.2750000e+02;3.3436093e-01;3.2750000e+02;3.0341753e-01;3.2750000e+02;2.1802643e-01;3.2750000e+02;1.3505304e-01;3.2750000e+02;6.5386184e-02;3.2750000e+02;4.5434609e-03;3.2750000e+02;-5.1934846e-02;3.2750000e+02;-1.0596716e-01;3.2750000e+02;-1.5772155e-01;3.2750000e+02;-2.0890617e-01
3.3250000e+02;-9.3818001e-02;3.3250000e+02;-7.9027072e-02;3.3250000e+02;-4.5572471e-02;3.3250000e+02;1.2577437e-03;3.3250000e+02;5.1165860e-02;3.3250000e+02;1.0477044e-01;3.3250000e+02;1.6673882e-01;3.3250000e+02;2.5818527e-01;3.3250000e+02;3.1722581e-01;3.3250000e+02;2.9425266e-01;3.3250000e+02;2.1737754e-01;3.3250000e+02;1.3487697e-01;3.3250000e+02;6.2978819e-02;3.3250000e+02;1.7249808e-03;3.3250000e+02;-5.5664957e-02;3.3250000e+02;-1.1032699e-01;3.3250000e+02;-1.6254224e-01;3.3250000e+02;-2.1337089e-01;3.3250000e+02;-9.3818001e-02;3.3250000e+02;-7.9027072e-02;3.3250000e+02;-4.5572471e-02;3.3250000e+02;1.2577437e-03;3.3250000e+02;5.1165860e-02;3.3250000e+02;1.0477044e-01;3.3250000e+02;1.6673882e-01;3.3250000e+02;2.5818527e-01;3.3250000e+02;3.1722581e-01;3.3250000e+02;2.9425266e-01;3.3250000e+02;2.1737754e-01;3.3250000e+02;1.3487697e-01;3.3250000e+02;6.2978819e-02;3.3250000e+02;1.7249808e-03;3.3250000e+02;-5.5664957e-02;3.3250000e+02;-1.1032699e-01;3.3250000e+02;-1.6254224e-01;3.3250000e+02;-2.1337089e-01;3.3250000e+02;-9.3818001e-02;3.3250000e+02;-7.9027072e-02;3.3250000e+02;-4.5572471e-02;3.3250000e+02;1.2577437e-03;3.3250000e+02;5.1165860e-02;3.3250000e+02;1.0477044e-01;3.3250000e+02;1.6673882e-01;3.3250000e+02;2.5818527e-01;3.3250000e+02;3.1722581e-01;3.3250000e+02;2.9425266e-01;3.3250000e+02;2.1737754e-01;3.3250000e+02;1.3487697e-01;3.3250000e+02;6.2978819e-02;3.3250000e+02;1.7249808e-03;3.3250000e+02;-5.5664957e-02;3.3250000e+02;-1.1032699e-01;3.3250000e+02;-1.6254224e-01;3.3250000e+02;-2.1337089e-01;3.3250000e+02;-9.3818001e-02;3.3250000e+02;-7.9027072e-02;3.3250000e+02;-4.5572471e-02;3.3250000e+02;1.2577437e-03;3.3250000e+02;5.1165860e-02;3.3250000e+02;1.0477044e-01;3.3250000e+02;1.6673882e-01;3.3250000e+02;2.5818527e-01;3.3250000e+02;3.1722581e-01;3.3250000e+02;2.9425266e-01;3.3250000e+02;2.1737754e-01;3.3250000e+02;1.3487697e-01;3.3250000e+02;6.2978819e-02;3.3250000e+02;1.7249808e-03;3.3250000e+02;-5.5664957e-02;3.3250000e+02;-1.1032699e-01;3.3250000e+02;-1.6254224e-01;3.3250000e+02;-2.1337089e-01;3.3250000e+02;-9.3818001e-02;3.3250000e+02;-7.9027072e-02;3.3250000e+02;-4.5572471e-02;3.3250000e+02;1.2577437e-03;3.3250000e+02;5.1165860e-02;3.3250000e+02;1.0477044e-01;3.3250000e+02;1.6673882e-01;3.3250000e+02;2.5818527e-01;3.3250000e+02;3.1722581e-01;3.3250000e+02;2.9425266e-01;3.3250000e+02;2.1737754e-01;3.3250000e+02;1.3487697e-01;3.3250000e+02;6.2978819e-02;3.3250000e+02;1.7249808e-03;3.3250000e+02;-5.5664957e-02;3.3250000e+02;-1.1032699e-01;3.3250000e+02;-1.6254224e-01;3.3250000e+02;-2.1337089e-01;3.3250000e+02;-9.3818001e-02;3.3250000e+02;-7.9027072e-02;3.3250000e+02;-4.5572471e-02;3.3250000e+02;1.2577437e-03;3.3250000e+02;5.1165860e-02;3.3250000e+02;1.0477044e-01;3.3250000e+02;1.6673882e-01;3.3250000e+02;2.5818527e-01;3.3250000e+02;3.1722581e-01;3.3250000e+02;2.9425266e-01;3.3250000e+02;2.1737754e-01;3.3250000e+02;1.3487697e-01;3.3250000e+02;6.2978819e-02;3.3250000e+02;1.7249808e-03;3.3250000e+02;-5.5664957e-02;3.3250000e+02;-1.1032699e-01;3.3250000e+02;-1.6254224e-01;3.3250000e+02;-2.1337089e-01;3.3250000e+02;-9.3818001e-02;3.3250000e+02;-7.9027072e-02;3.3250000e+02;-4.5572471e-02;3.3250000e+02;1.2577437e-03;3.3250000e+02;5.1165860e-02;3.3250000e+02;1.0477044e-01;3.3250000e+02;1.6673882e-01;3.3250000e+02;2.5818527e-01;3.3250000e+02;3.1722581e-01;3.3250000e+02;2.9425266e-01;3.3250000e+02;2.1737754e-01;3.3250000e+02;1.3487697e-01;3.3250000e+02;6.2978819e-02;3.3250000e+02;1.7249808e-03;3.3250000e+02;-5.5664957e-02;3.3250000e+02;-1.1032699e-01;3.3250000e+02;-1.6254224e-01;3.3250000e+02;-2.1337089e-01;3.3250000e+02;-9.3818001e-02;3.3250000e+02;-7.9027072e-02;3.3250000e+02;-4.5572471e-02;3.3250000e+02;1.2577437e-03;3.3250000e+02;5.1165860e-02;3.3250000e+02;1.0477044e-01;3.3250000e+02;1.6673882e-01;3.3250000e+02;2.5818527e-01;3.3250000e+02;3.1722581e-01;3.3250000e+02;2.9425266e-01;3.3250000e+02;2.1737754e-01;3.3250000e+02;1.3487697e-01;3.3250000e+02;6.2978819e-02;3.3250000e+02;1.7249808e-03;3.3250000e+02;-5.5664957e-02;3.3250000e+02;-1.1032699e-01;3.3250000e+02;-1.6254224e-01;3.3250000e+02;-2.1337089e-01;3.3250000e+02;-9.3818001e-02;3.3250000e+02;-7.9027072e-02;3.3250000e+02;-4.5572471e-02;3.3250000e+02;1.2577437e-03;3.3250000e+02;5.1165860e-02;3.3250000e+02;1.0477044e-01;3.3250000e+02;1.6673882e-01;3.3250000e+02;2.5818527e-01;3.3250000e+02;3.1722581e-01;3.3250000e+02;2.9425266e-01;3.3250000e+02;2.1737754e-01;3.3250000e+02;1.3487697e-01;3.3250000e+02;6.2978819e-02;3.3250000e+02;1.7249808e-03;3.3250000e+02;-5.5664957e-02;3.3250000e+02;-1.1032699e-01;3.3250000e+02;-1.6254224e-01;3.3250000e+02;-2.1337089e-01;3.3250000e+02;-9.3818001e-02;3.3250000e+02;-7.9027072e-02;3.3250000e+02;-4.5572471e-02;3.3250000e+02;1.2577437e-03;3.3250000e+02;5.1165860e-02;3.3250000e+02;1.0477044e-01;3.3250000e+02;1.6673882e-01;3.3250000e+02;2.5818527e-01;3.3250000e+02;3.1722581e-01;3.3250000e+02;2.9425266e-01;3.3250000e+02;2.1737754e-01;3.3250000e+02;1.3487697e-01;3.3250000e+02;6.2978819e-02;3.3250000e+02;1.7249808e-03;3.3250000e+02;-5.5664957e-02;3.3250000e+02;-1.1032699e-01;3.3250000e+02;-1.6254224e-01;3.3250000e+02;-2.1337089e-01;3.3250000e+02;-9.3818001e-02;3.3250000e+02;-7.9027072e-02;3.3250000e+02;-4.5572471e-02;3.3250000e+02;1.2577437e-03;3.3250000e+02;5.1165860e-02;3.3250000e+02;1.0477044e-01;3.3250000e+02;1.6673882e-01;3.3250000e+02;2.5818527e-01;3.3250000e+02;3.1722581e-01;3.3250000e+02;2.9425266e-01;3.3250000e+02;2.1737754e-01;3.3250000e+02;1.3487697e-01;3.3250000e+02;6.2978819e-02;3.3250000e+02;1.7249808e-03;3.3250000e+02;-5.5664957e-02;3.3250000e+02;-1.1032699e-01;3.3250000e+02;-1.6254224e-01;3.3250000e+02;-2.1337089e-01;3.3250000e+02;-9.3818001e-02;3.3250000e+02;-7.9027072e-02;3.3250000e+02;-4.5572471e-02;3.3250000e+02;1.2577437e-03;3.3250000e+02;5.1165860e-02;3.3250000e+02;1.0477044e-01;3.3250000e+02;1.6673882e-01;3.3250000e+02;2.5818527e-01;3.3250000e+02;3.1722581e-01;3.3250000e+02;2.9425266e-01;3.3250000e+02;2.1737754e-01;3.3250000e+02;1.3487697e-01;3.3250000e+02;6.2978819e-02;3.3250000e+02;1.7249808e-03;3.3250000e+02;-5.5664957e-02;3.3250000e+02;-1.1032699e-01;3.3250000e+02;-1.6254224e-01;3.3250000e+02;-2.1337089e-01;3.3250000e+02;-9.3818001e-02;3.3250000e+02;-7.9027072e-02;3.3250000e+02;-4.5572471e-02;3.3250000e+02;1.2577437e-03;3.3250000e+02;5.1165860e-02;3.3250000e+02;1.0477044e-01;3.3250000e+02;1.6673882e-01;3.3250000e+02;2.5818527e-01;3.3250000e+02;3.1722581e-01;3.3250000e+02;2.9425266e-01;3.3250000e+02;2.1737754e-01;3.3250000e+02;1.3487697e-01;3.3250000e+02;6.2978819e-02;3.3250000e+02;1.7249808e-03;3.3250000e+02;-5.5664957e-02;3.3250000e+02;-1.1032699e-01;3.3250000e+02;-1.6254224e-01;3.3250000e+02;-2.1337089e-01;3.3250000e+02;-9.3818001e-02;3.3250000e+02;-7.9027072e-02;3.3250000e+02;-4.5572471e-02;3.3250000e+02;1.2577437e-03;3.3250000e+02;5.1165860e-02;3.3250000e+02;1.0477044e-01;3.3250000e+02;1.6673882e-01;3.3250000e+02;2.5818527e-01;3.3250000e+02;3.1722581e-01;3.3250000e+02;2.9425266e-01;3.3250000e+02;2.1737754e-01;3.3250000e+02;1.3487697e-01;3.3250000e+02;6.2978819e-02;3.3250000e+02;1.7249808e-03;3.3250000e+02;-5.5664957e-02;3.3250000e+02;-1.1032699e-01;3.3250000e+02;-1.6254224e-01;3.3250000e+02;-2.1337089e-01;3.3250000e+02;-9.3818001e-02;3.3250000e+02;-7.9027072e-02;3.3250000e+02;-4.5572471e-02;3.3250000e+02;1.2577437e-03;3.3250000e+02;5.1165860e-02;3.3250000e+02;1.0477044e-01;3.3250000e+02;1.6673882e-01;3.3250000e+02;2.5818527e-01;3.3250000e+02;3.1722581e-01;3.3250000e+02;2.9425266e-01;3.3250000e+02;2.1737754e-01;3.3250000e+02;1.3487697e-01;3.3250000e+02;6.2978819e-02;3.3250000e+02;1.7249808e-03;3.3250000e+02;-5.5664957e-02;3.3250000e+02;-1.1032699e-01;3.3250000e+02;-1.6254224e-01;3.3250000e+02;-2.1337089e-01;3.3250000e+02;-9.3818001e-02;3.3250000e+02;-7.9027072e-02;3.3250000e+02;-4.5572471e-02;3.3250000e+02;1.2577437e-03;3.3250000e+02;5.1165860e-02;3.3250000e+02;1.0477044e-01;3.3250000e+02;1.6673882e-01;3.3250000e+02;2.5818527e-01;3.3250000e+02;3.1722581e-01;3.3250000e+02;2.9425266e-01;3.3250000e+02;2.1737754e-01;3.3250000e+02;1.3487697e-01;3.3250000e+02;6.2978819e-02;3.3250000e+02;1.7249808e-03;3.3250000e+02;-5.5664957e-02;3.3250000e+02;-1.1032699e-01;3.3250000e+02;-1.6254224e-01;3.3250000e+02;-2.1337089e-01;3.3250000e+02;-9.3818001e-02;3.3250000e+02;-7.9027072e-02;3.3250000e+02;-4.5572471e-02;3.3250000e+02;1.2577437e-03;3.3250000e+02;5.1165860e-02;3.3250000e+02;1.0477044e-01;3.3250000e+02;1.6673882e-01;3.3250000e+02;2.5818527e-01;3.3250000e+02;3.1722581e-01;3.3250000e+02;2.9425266e-01;3.3250000e+02;2.1737754e-01;3.3250000e+02;1.3487697e-01;3.3250000e+02;6.2978819e-02;3.3250000e+02;1.7249808e-03;3.3250000e+02;-5.5664957e-02;3.3250000e+02;-1.1032699e-01;3.3250000e+02;-1.6254224e-01;3.3250000e+02;-2.1337089e-01;3.3250000e+02;-9.3818001e-02;3.3250000e+02;-7.9027072e-02;3.3250000e+02;-4.5572471e-02;3.3250000e+02;1.2577437e-03;3.3250000e+02;5.1165860e-02;3.3250000e+02;1.0477044e-01;3.3250000e+02;1.6673882e-01;3.3250000e+02;2.5818527e-01;3.3250000e+02;3.1722581e-01;3.3250000e+02;2.9425266e-01;3.3250000e+02;2.1737754e-01;3.3250000e+02;1.3487697e-01;3.3250000e+02;6.2978819e-02;3.3250000e+02;1.7249808e-03;3.3250000e+02;-5.5664957e-02;3.3250000e+02;-1.1032699e-01;3.3250000e+02;-1.6254224e-01;3.3250000e+02;-2.1337089e-01;3.3250000e+02;-9.3818001e-02;3.3250000e+02;-7.9027072e-02;3.3250000e+02;-4.5572471e-02;3.3250000e+02;1.2577437e-03;3.3250000e+02;5.1165860e-02;3.3250000e+02;1.0477044e-01;3.3250000e+02;1.6673882e-01;3.3250000e+02;2.5818527e-01;3.3250000e+02;3.1722581e-01;3.3250000e+02;2.9425266e-01;3.3250000e+02;2.1737754e-01;3.3250000e+02;1.3487697e-01;3.3250000e+02;6.2978819e-02;3.3250000e+02;1.7249808e-03;3.3250000e+02;-5.5664957e-02;3.3250000e+02;-1.1032699e-01;3.3250000e+02;-1.6254224e-01;3.3250000e+02;-2.1337089e-01;3.3250000e+02;-9.3818001e-02;3.3250000e+02;-7.9027072e-02;3.3250000e+02;-4.5572471e-02;3.3250000e+02;1.2577437e-03;3.3250000e+02;5.1165860e-02;3.3250000e+02;1.0477044e-01;3.3250000e+02;1.6673882e-01;3.3250000e+02;2.5818527e-01;3.3250000e+02;3.1722581e-01;3.3250000e+02;2.9425266e-01;3.3250000e+02;2.1737754e-01;3.3250000e+02;1.3487697e-01;3.3250000e+02;6.2978819e-02;3.3250000e+02;1.7249808e-03;3.3250000e+02;-5.5664957e-02;3.3250000e+02;-1.1032699e-01;3.3250000e+02;-1.6254224e-01;3.3250000e+02;-2.1337089e-01;3.3250000e+02;-9.3818001e-02;3.3250000e+02;-7.9027072e-02;3.3250000e+02;-4.5572471e-02;3.3250000e+02;1.2577437e-03;3.3250000e+02;5.1165860e-02;3.3250000e+02;1.0477044e-01;3.3250000e+02;1.6673882e-01;3.3250000e+02;2.5818527e-01;3.3250000e+02;3.1722581e-01;3.3250000e+02;2.9425266e-01;3.3250000e+02;2.1737754e-01;3.3250000e+02;1.3487697e-01;3.3250000e+02;6.2978819e-02;3.3250000e+02;1.7249808e-03;3.3250000e+02;-5.5664957e-02;3.3250000e+02;-1.1032699e-01;3.3250000e+02;-1.6254224e-01;3.3250000e+02;-2.1337089e-01;3.3250000e+02;-9.3818001e-02;3.3250000e+02;-7.9027072e-02;3.3250000e+02;-4.5572471e-02;3.3250000e+02;1.2577437e-03;3.3250000e+02;5.1165860e-02;3.3250000e+02;1.0477044e-01;3.3250000e+02;1.6673882e-01;3.3250000e+02;2.5818527e-01;3.3250000e+02;3.1722581e-01;3.3250000e+02;2.9425266e-01;3.3250000e+02;2.1737754e-01;3.3250000e+02;1.3487697e-01;3.3250000e+02;6.2978819e-02;3.3250000e+02;1.7249808e-03;3.3250000e+02;-5.5664957e-02;3.3250000e+02;-1.1032699e-01;3.3250000e+02;-1.6254224e-01;3.3250000e+02;-2.1337089e-01;3.3250000e+02;-9.3818001e-02;3.3250000e+02;-7.9027072e-02;3.3250000e+02;-4.5572471e-02;3.3250000e+02;1.2577437e-03;3.3250000e+02;5.1165860e-02;3.3250000e+02;1.0477044e-01;3.3250000e+02;1.6673882e-01;3.3250000e+02;2.5818527e-01;3.3250000e+02;3.1722581e-01;3.3250000e+02;2.9425266e-01;3.3250000e+02;2.1737754e-01;3.3250000e+02;1.3487697e-01;3.3250000e+02;6.2978819e-02;3.3250000e+02;1.7249808e-03;3.3250000e+02;-5.5664957e-02;3.3250000e+02;-1.1032699e-01;3.3250000e+02;-1.6254224e-01;3.3250000e+02;-2.1337089e-01;3.3250000e+02;-9.3818001e-02;3.3250000e+02;-7.9027072e-02;3.3250000e+02;-4.5572471e-02;3.3250000e+02;1.2577437e-03;3.3250000e+02;5.1165860e-02;3.3250000e+02;1.0477044e-01;3.3250000e+02;1.6673882e-01;3.3250000e+02;2.5818527e-01;3.3250000e+02;3.1722581e-01;3.3250000e+02;2.9425266e-01;3.3250000e+02;2.1737754e-01;3.3250000e+02;1.3487697e-01;3.3250000e+02;6.2978819e-02;3.3250000e+02;1.7249808e-03;3.3250000e+02;-5.5664957e-02;3.3250000e+02;-1.1032699e-01;3.3250000e+02;-1.6254224e-01;3.3250000e+02;-2.1337089e-01;3.3250000e+02;-9.3818001e-02;3.3250000e+02;-7.9027072e-02;3.3250000e+02;-4.5572471e-02;3.3250000e+02;1.2577437e-03;3.3250000e+02;5.1165860e-02;3.3250000e+02;1.0477044e-01;3.3250000e+02;1.6673882e-01;3.3250000e+02;2.5818527e-01;3.3250000e+02;3.1722581e-01;3.3250000e+02;2.9425266e-01;3.3250000e+02;2.1737754e-01;3.3250000e+02;1.3487697e-01;3.3250000e+02;6.2978819e-02;3.3250000e+02;1.7249808e-03;3.3250000e+02;-5.5664957e-02;3.3250000e+02;-1.1032699e-01;3.3250000e+02;-1.6254224e-01;3.3250000e+02;-2.1337089e-01;3.3250000e+02;-9.3818001e-02;3.3250000e+02;-7.9027072e-02;3.3250000e+02;-4.5572471e-02;3.3250000e+02;1.2577437e-03;3.3250000e+02;5.1165860e-02;3.3250000e+02;1.0477044e-01;3.3250000e+02;1.6673882e-01;3.3250000e+02;2.5818527e-01;3.3250000e+02;3.1722581e-01;3.3250000e+02;2.9425266e-01;3.3250000e+02;2.1737754e-01;3.3250000e+02;1.3487697e-01;3.3250000e+02;6.2978819e-02;3.3250000e+02;1.7249808e-03;3.3250000e+02;-5.5664957e-02;3.3250000e+02;-1.1032699e-01;3.3250000e+02;-1.6254224e-01;3.3250000e+02;-2.1337089e-01;3.3250000e+02;-9.3818001e-02;3.3250000e+02;-7.9027072e-02;3.3250000e+02;-4.5572471e-02;3.3250000e+02;1.2577437e-03;3.3250000e+02;5.1165860e-02;3.3250000e+02;1.0477044e-01;3.3250000e+02;1.6673882e-01;3.3250000e+02;2.5818527e-01;3.3250000e+02;3.1722581e-01;3.3250000e+02;2.9425266e-01;3.3250000e+02;2.1737754e-01;3.3250000e+02;1.3487697e-01;3.3250000e+02;6.2978819e-02;3.3250000e+02;1.7249808e-03;3.3250000e+02;-5.5664957e-02;3.3250000e+02;-1.1032699e-01;3.3250000e+02;-1.6254224e-01;3.3250000e+02;-2.1337089e-01;3.3250000e+02;-9.3818001e-02;3.3250000e+02;-7.9027072e-02;3.3250000e+02;-4.5572471e-02;3.3250000e+02;1.2577437e-03;3.3250000e+02;5.1165860e-02;3.3250000e+02;1.0477044e-01;3.3250000e+02;1.6673882e-01;3.3250000e+02;2.5818527e-01;3.3250000e+02;3.1722581e-01;3.3250000e+02;2.9425266e-01;3.3250000e+02;2.1737754e-01;3.3250000e+02;1.3487697e-01;3.3250000e+02;6.2978819e-02;3.3250000e+02;1.7249808e-03;3.3250000e+02;-5.5664957e-02;3.3250000e+02;-1.1032699e-01;3.3250000e+02;-1.6254224e-01;3.3250000e+02;-2.1337089e-01;3.3250000e+02;-9.3818001e-02;3.3250000e+02;-7.9027072e-02;3.3250000e+02;-4.5572471e-02;3.3250000e+02;1.2577437e-03;3.3250000e+02;5.1165860e-02;3.3250000e+02;1.0477044e-01;3.3250000e+02;1.6673882e-01;3.3250000e+02;2.5818527e-01;3.3250000e+02;3.1722581e-01;3.3250000e+02;2.9425266e-01;3.3250000e+02;2.1737754e-01;3.3250000e+02;1.3487697e-01;3.3250000e+02;6.2978819e-02;3.3250000e+02;1.7249808e-03;3.3250000e+02;-5.5664957e-02;3.3250000e+02;-1.1032699e-01;3.3250000e+02;-1.6254224e-01;3.3250000e+02;-2.1337089e-01;3.3250000e+02;-9.3818001e-02;3.3250000e+02;-7.9027072e-02;3.3250000e+02;-4.5572471e-02;3.3250000e+02;1.2577437e-03;3.3250000e+02;5.1165860e-02;3.3250000e+02;1.0477044e-01;3.3250000e+02;1.6673882e-01;3.3250000e+02;2.5818527e-01;3.3250000e+02;3.1722581e-01;3.3250000e+02;2.9425266e-01;3.3250000e+02;2.1737754e-01;3.3250000e+02;1.3487697e-01;3.3250000e+02;6.2978819e-02;3.3250000e+02;1.7249808e-03;3.3250000e+02;-5.5664957e-02;3.3250000e+02;-1.1032699e-01;3.3250000e+02;-1.6254224e-01;3.3250000e+02;-2.1337089e-01;3.3250000e+02;-9.3818001e-02;3.3250000e+02;-7.9027072e-02;3.3250000e+02;-4.5572471e-02;3.3250000e+02;1.2577437e-03;3.3250000e+02;5.1165860e-02;3.3250000e+02;1.0477044e-01;3.3250000e+02;1.6673882e-01;3.3250000e+02;2.5818527e-01;3.3250000e+02;3.1722581e-01;3.3250000e+02;2.9425266e-01;3.3250000e+02;2.1737754e-01;3.3250000e+02;1.3487697e-01;3.3250000e+02;6.2978819e-02;3.3250000e+02;1.7249808e-03;3.3250000e+02;-5.5664957e-02;3.3250000e+02;-1.1032699e-01;3.3250000e+02;-1.6254224e-01;3.3250000e+02;-2.1337089e-01;3.3250000e+02;-9.3818001e-02;3.3250000e+02;-7.9027072e-02;3.3250000e+02;-4.5572471e-02;3.3250000e+02;1.2577437e-03;3.3250000e+02;5.1165860e-02;3.3250000e+02;1.0477044e-01;3.3250000e+02;1.6673882e-01;3.3250000e+02;2.5818527e-01;3.3250000e+02;3.1722581e-01;3.3250000e+02;2.9425266e-01;3.3250000e+02;2.1737754e-01;3.3250000e+02;1.3487697e-01;3.3250000e+02;6.2978819e-02;3.3250000e+02;1.7249808e-03;3.3250000e+02;-5.5664957e-02;3.3250000e+02;-1.1032699e-01;3.3250000e+02;-1.6254224e-01;3.3250000e+02;-2.1337089e-01;3.3250000e+02;-9.3818001e-02;3.3250000e+02;-7.9027072e-02;3.3250000e+02;-4.5572471e-02;3.3250000e+02;1.2577437e-03;3.3250000e+02;5.1165860e-02;3.3250000e+02;1.0477044e-01;3.3250000e+02;1.6673882e-01;3.3250000e+02;2.5818527e-01;3.3250000e+02;3.1722581e-01;3.3250000e+02;2.9425266e-01;3.3250000e+02;2.1737754e-01;3.3250000e+02;1.3487697e-01;3.3250000e+02;6.2978819e-02;3.3250000e+02;1.7249808e-03;3.3250000e+02;-5.5664957e-02;3.3250000e+02;-1.1032699e-01;3.3250000e+02;-1.6254224e-01;3.3250000e+02;-2.1337089e-01;3.3250000e+02;-9.3818001e-02;3.3250000e+02;-7.9027072e-02;3.3250000e+02;-4.5572471e-02;3.3250000e+02;1.2577437e-03;3.3250000e+02;5.1165860e-02;3.3250000e+02;1.0477044e-01;3.3250000e+02;1.6673882e-01;3.3250000e+02;2.5818527e-01;3.3250000e+02;3.1722581e-01;3.3250000e+02;2.9425266e-01;3.3250000e+02;2.1737754e-01;3.3250000e+02;1.3487697e-01;3.3250000e+02;6.2978819e-02;3.3250000e+02;1.7249808e-03;3.3250000e+02;-5.5664957e-02;3.3250000e+02;-1.1032699e-01;3.3250000e+02;-1.6254224e-01;3.3250000e+02;-2.1337089e-01;3.3250000e+02;-9.3818001e-02;3.3250000e+02;-7.9027072e-02;3.3250000e+02;-4.5572471e-02;3.3250000e+02;1.2577437e-03;3.3250000e+02;5.1165860e-02;3.3250000e+02;1.0477044e-01;3.3250000e+02;1.6673882e-01;3.3250000e+02;2.5818527e-01;3.3250000e+02;3.1722581e-01;3.3250000e+02;2.9425266e-01;3.3250000e+02;2.1737754e-01;3.3250000e+02;1.3487697e-01;3.3250000e+02;6.2978819e-02;3.3250000e+02;1.7249808e-03;3.3250000e+02;-5.5664957e-02;3.3250000e+02;-1.1032699e-01;3.3250000e+02;-1.6254224e-01;3.3250000e+02;-2.1337089e-01;3.3250000e+02;-9.3818001e-02;3.3250000e+02;-7.9027072e-02;3.3250000e+02;-4.5572471e-02;3.3250000e+02;1.2577437e-03;3.3250000e+02;5.1165860e-02;3.3250000e+02;1.0477044e-01;3.3250000e+02;1.6673882e-01;3.3250000e+02;2.5818527e-01;3.3250000e+02;3.1722581e-01;3.3250000e+02;2.9425266e-01;3.3250000e+02;2.1737754e-01;3.3250000e+02;1.3487697e-01;3.3250000e+02;6.2978819e-02;3.3250000e+02;1.7249808e-03;3.3250000e+02;-5.5664957e-02;3.3250000e+02;-1.1032699e-01;3.3250000e+02;-1.6254224e-01;3.3250000e+02;-2.1337089e-01;3.3250000e+02;-9.3818001e-02;3.3250000e+02;-7.9027072e-02;3.3250000e+02;-4.5572471e-02;3.3250000e+02;1.2577437e-03;3.3250000e+02;5.1165860e-02;3.3250000e+02;1.0477044e-01;3.3250000e+02;1.6673882e-01;3.3250000e+02;2.5818527e-01;3.3250000e+02;3.1722581e-01;3.3250000e+02;2.9425266e-01;3.3250000e+02;2.1737754e-01;3.3250000e+02;1.3487697e-01;3.3250000e+02;6.2978819e-02;3.3250000e+02;1.7249808e-03;3.3250000e+02;-5.5664957e-02;3.3250000e+02;-1.1032699e-01;3.3250000e+02;-1.6254224e-01;3.3250000e+02;-2.1337089e-01;3.3250000e+02;-9.3818001e-02;3.3250000e+02;-7.9027072e-02;3.3250000e+02;-4.5572471e-02;3.3250000e+02;1.2577437e-03;3.3250000e+02;5.1165860e-02;3.3250000e+02;1.0477044e-01;3.3250000e+02;1.6673882e-01;3.3250000e+02;2.5818527e-01;3.3250000e+02;3.1722581e-01;3.3250000e+02;2.9425266e-01;3.3250000e+02;2.1737754e-01;3.3250000e+02;1.3487697e-01;3.3250000e+02;6.2978819e-02;3.3250000e+02;1.7249808e-03;3.3250000e+02;-5.5664957e-02;3.3250000e+02;-1.1032699e-01;3.3250000e+02;-1.6254224e-01;3.3250000e+02;-2.1337089e-01;3.3250000e+02;-9.3818001e-02;3.3250000e+02;-7.9027072e-02;3.3250000e+02;-4.5572471e-02;3.3250000e+02;1.2577437e-03;3.3250000e+02;5.1165860e-02;3.3250000e+02;1.0477044e-01;3.3250000e+02;1.6673882e-01;3.3250000e+02;2.5818527e-01;3.3250000e+02;3.1722581e-01;3.3250000e+02;2.9425266e-01;3.3250000e+02;2.1737754e-01;3.3250000e+02;1.3487697e-01;3.3250000e+02;6.2978819e-02;3.3250000e+02;1.7249808e-03;3.3250000e+02;-5.5664957e-02;3.3250000e+02;-1.1032699e-01;3.3250000e+02;-1.6254224e-01;3.3250000e+02;-2.1337089e-01;3.3250000e+02;-9.3818001e-02;3.3250000e+02;-7.9027072e-02;3.3250000e+02;-4.5572471e-02;3.3250000e+02;1.2577437e-03;3.3250000e+02;5.1165860e-02;3.3250000e+02;1.0477044e-01;3.3250000e+02;1.6673882e-01;3.3250000e+02;2.5818527e-01;3.3250000e+02;3.1722581e-01;3.3250000e+02;2.9425266e-01;3.3250000e+02;2.1737754e-01;3.3250000e+02;1.3487697e-01;3.3250000e+02;6.2978819e-02;3.3250000e+02;1.7249808e-03;3.3250000e+02;-5.5664957e-02;3.3250000e+02;-1.1032699e-01;3.3250000e+02;-1.6254224e-01;3.3250000e+02;-2.1337089e-01;3.3250000e+02;-9.3818001e-02;3.3250000e+02;-7.9027072e-02;3.3250000e+02;-4.5572471e-02;3.3250000e+02;1.2577437e-03;3.3250000e+02;5.1165860e-02;3.3250000e+02;1.0477044e-01;3.3250000e+02;1.6673882e-01;3.3250000e+02;2.5818527e-01;3.3250000e+02;3.1722581e-01;3.3250000e+02;2.9425266e-01;3.3250000e+02;2.1737754e-01;3.3250000e+02;1.3487697e-01;3.3250000e+02;6.2978819e-02;3.3250000e+02;1.7249808e-03;3.3250000e+02;-5.5664957e-02;3.3250000e+02;-1.1032699e-01;3.3250000e+02;-1.6254224e-01;3.3250000e+02;-2.1337089e-01;3.3250000e+02;-9.3818001e-02;3.3250000e+02;-7.9027072e-02;3.3250000e+02;-4.5572471e-02;3.3250000e+02;1.2577437e-03;3.3250000e+02;5.1165860e-02;3.3250000e+02;1.0477044e-01;3.3250000e+02;1.6673882e-01;3.3250000e+02;2.5818527e-01;3.3250000e+02;3.1722581e-01;3.3250000e+02;2.9425266e-01;3.3250000e+02;2.1737754e-01;3.3250000e+02;1.3487697e-01;3.3250000e+02;6.2978819e-02;3.3250000e+02;1.7249808e-03;3.3250000e+02;-5.5664957e-02;3.3250000e+02;-1.1032699e-01;3.3250000e+02;-1.6254224e-01;3.3250000e+02;-2.1337089e-01;3.3250000e+02;-9.3818001e-02;3.3250000e+02;-7.9027072e-02;3.3250000e+02;-4.5572471e-02;3.3250000e+02;1.2577437e-03;3.3250000e+02;5.1165860e-02;3.3250000e+02;1.0477044e-01;3.3250000e+02;1.6673882e-01;3.3250000e+02;2.5818527e-01;3.3250000e+02;3.1722581e-01;3.3250000e+02;2.9425266e-01;3.3250000e+02;2.1737754e-01;3.3250000e+02;1.3487697e-01;3.3250000e+02;6.2978819e-02;3.3250000e+02;1.7249808e-03;3.3250000e+02;-5.5664957e-02;3.3250000e+02;-1.1032699e-01;3.3250000e+02;-1.6254224e-01;3.3250000e+02;-2.1337089e-01;3.3250000e+02;-9.3818001e-02;3.3250000e+02;-7.9027072e-02;3.3250000e+02;-4.5572471e-02;3.3250000e+02;1.2577437e-03;3.3250000e+02;5.1165860e-02;3.3250000e+02;1.0477044e-01;3.3250000e+02;1.6673882e-01;3.3250000e+02;2.5818527e-01;3.3250000e+02;3.1722581e-01;3.3250000e+02;2.9425266e-01;3.3250000e+02;2.1737754e-01;3.3250000e+02;1.3487697e-01;3.3250000e+02;6.2978819e-02;3.3250000e+02;1.7249808e-03;3.3250000e+02;-5.5664957e-02;3.3250000e+02;-1.1032699e-01;3.3250000e+02;-1.6254224e-01;3.3250000e+02;-2.1337089e-01;3.3250000e+02;-9.3818001e-02;3.3250000e+02;-7.9027072e-02;3.3250000e+02;-4.5572471e-02;3.3250000e+02;1.2577437e-03;3.3250000e+02;5.1165860e-02;3.3250000e+02;1.0477044e-01;3.3250000e+02;1.6673882e-01;3.3250000e+02;2.5818527e-01;3.3250000e+02;3.1722581e-01;3.3250000e+02;2.9425266e-01;3.3250000e+02;2.1737754e-01;3.3250000e+02;1.3487697e-01;3.3250000e+02;6.2978819e-02;3.3250000e+02;1.7249808e-03;3.3250000e+02;-5.5664957e-02;3.3250000e+02;-1.1032699e-01;3.3250000e+02;-1.6254224e-01;3.3250000e+02;-2.1337089e-01;3.3250000e+02;-9.3818001e-02;3.3250000e+02;-7.9027072e-02;3.3250000e+02;-4.5572471e-02;3.3250000e+02;1.2577437e-03;3.3250000e+02;5.1165860e-02;3.3250000e+02;1.0477044e-01;3.3250000e+02;1.6673882e-01;3.3250000e+02;2.5818527e-01;3.3250000e+02;3.1722581e-01;3.3250000e+02;2.9425266e-01;3.3250000e+02;2.1737754e-01;3.3250000e+02;1.3487697e-01;3.3250000e+02;6.2978819e-02;3.3250000e+02;1.7249808e-03;3.3250000e+02;-5.5664957e-02;3.3250000e+02;-1.1032699e-01;3.3250000e+02;-1.6254224e-01;3.3250000e+02;-2.1337089e-01;3.3250000e+02;-9.3818001e-02;3.3250000e+02;-7.9027072e-02;3.3250000e+02;-4.5572471e-02;3.3250000e+02;1.2577437e-03;3.3250000e+02;5.1165860e-02;3.3250000e+02;1.0477044e-01;3.3250000e+02;1.6673882e-01;3.3250000e+02;2.5818527e-01;3.3250000e+02;3.1722581e-01;3.3250000e+02;2.9425266e-01;3.3250000e+02;2.1737754e-01;3.3250000e+02;1.3487697e-01;3.3250000e+02;6.2978819e-02;3.3250000e+02;1.7249808e-03;3.3250000e+02;-5.5664957e-02;3.3250000e+02;-1.1032699e-01;3.3250000e+02;-1.6254224e-01;3.3250000e+02;-2.1337089e-01;3.3250000e+02;-9.3818001e-02;3.3250000e+02;-7.9027072e-02;3.3250000e+02;-4.5572471e-02;3.3250000e+02;1.2577437e-03;3.3250000e+02;5.1165860e-02;3.3250000e+02;1.0477044e-01;3.3250000e+02;1.6673882e-01;3.3250000e+02;2.5818527e-01;3.3250000e+02;3.1722581e-01;3.3250000e+02;2.9425266e-01;3.3250000e+02;2.1737754e-01;3.3250000e+02;1.3487697e-01;3.3250000e+02;6.2978819e-02;3.3250000e+02;1.7249808e-03;3.3250000e+02;-5.5664957e-02;3.3250000e+02;-1.1032699e-01;3.3250000e+02;-1.6254224e-01;3.3250000e+02;-2.1337089e-01;3.3250000e+02;-9.3818001e-02;3.3250000e+02;-7.9027072e-02;3.3250000e+02;-4.5572471e-02;3.3250000e+02;1.2577437e-03;3.3250000e+02;5.1165860e-02;3.3250000e+02;1.0477044e-01;3.3250000e+02;1.6673882e-01;3.3250000e+02;2.5818527e-01;3.3250000e+02;3.1722581e-01;3.3250000e+02;2.9425266e-01;3.3250000e+02;2.1737754e-01;3.3250000e+02;1.3487697e-01;3.3250000e+02;6.2978819e-02;3.3250000e+02;1.7249808e-03;3.3250000e+02;-5.5664957e-02;3.3250000e+02;-1.1032699e-01;3.3250000e+02;-1.6254224e-01;3.3250000e+02;-2.1337089e-01;3.3250000e+02;-9.3818001e-02;3.3250000e+02;-7.9027072e-02;3.3250000e+02;-4.5572471e-02;3.3250000e+02;1.2577437e-03;3.3250000e+02;5.1165860e-02;3.3250000e+02;1.0477044e-01;3.3250000e+02;1.6673882e-01;3.3250000e+02;2.5818527e-01;3.3250000e+02;3.1722581e-01;3.3250000e+02;2.9425266e-01;3.3250000e+02;2.1737754e-01;3.3250000e+02;1.3487697e-01;3.3250000e+02;6.2978819e-02;3.3250000e+02;1.7249808e-03;3.3250000e+02;-5.5664957e-02;3.3250000e+02;-1.1032699e-01;3.3250000e+02;-1.6254224e-01;3.3250000e+02;-2.1337089e-01;3.3250000e+02;-9.3818001e-02;3.3250000e+02;-7.9027072e-02;3.3250000e+02;-4.5572471e-02;3.3250000e+02;1.2577437e-03;3.3250000e+02;5.1165860e-02;3.3250000e+02;1.0477044e-01;3.3250000e+02;1.6673882e-01;3.3250000e+02;2.5818527e-01;3.3250000e+02;3.1722581e-01;3.3250000e+02;2.9425266e-01;3.3250000e+02;2.1737754e-01;3.3250000e+02;1.3487697e-01;3.3250000e+02;6.2978819e-02;3.3250000e+02;1.7249808e-03;3.3250000e+02;-5.5664957e-02;3.3250000e+02;-1.1032699e-01;3.3250000e+02;-1.6254224e-01;3.3250000e+02;-2.1337089e-01;3.3250000e+02;-9.3818001e-02;3.3250000e+02;-7.9027072e-02;3.3250000e+02;-4.5572471e-02;3.3250000e+02;1.2577437e-03;3.3250000e+02;5.1165860e-02;3.3250000e+02;1.0477044e-01;3.3250000e+02;1.6673882e-01;3.3250000e+02;2.5818527e-01;3.3250000e+02;3.1722581e-01;3.3250000e+02;2.9425266e-01;3.3250000e+02;2.1737754e-01;3.3250000e+02;1.3487697e-01;3.3250000e+02;6.2978819e-02;3.3250000e+02;1.7249808e-03;3.3250000e+02;-5.5664957e-02;3.3250000e+02;-1.1032699e-01;3.3250000e+02;-1.6254224e-01;3.3250000e+02;-2.1337089e-01;3.3250000e+02;-9.3818001e-02;3.3250000e+02;-7.9027072e-02;3.3250000e+02;-4.5572471e-02;3.3250000e+02;1.2577437e-03;3.3250000e+02;5.1165860e-02;3.3250000e+02;1.0477044e-01;3.3250000e+02;1.6673882e-01;3.3250000e+02;2.5818527e-01;3.3250000e+02;3.1722581e-01;3.3250000e+02;2.9425266e-01;3.3250000e+02;2.1737754e-01;3.3250000e+02;1.3487697e-01;3.3250000e+02;6.2978819e-02;3.3250000e+02;1.7249808e-03;3.3250000e+02;-5.5664957e-02;3.3250000e+02;-1.1032699e-01;3.3250000e+02;-1.6254224e-01;3.3250000e+02;-2.1337089e-01;3.3250000e+02;-9.3818001e-02;3.3250000e+02;-7.9027072e-02;3.3250000e+02;-4.5572471e-02;3.3250000e+02;1.2577437e-03;3.3250000e+02;5.1165860e-02;3.3250000e+02;1.0477044e-01;3.3250000e+02;1.6673882e-01;3.3250000e+02;2.5818527e-01;3.3250000e+02;3.1722581e-01;3.3250000e+02;2.9425266e-01;3.3250000e+02;2.1737754e-01;3.3250000e+02;1.3487697e-01;3.3250000e+02;6.2978819e-02;3.3250000e+02;1.7249808e-03;3.3250000e+02;-5.5664957e-02;3.3250000e+02;-1.1032699e-01;3.3250000e+02;-1.6254224e-01;3.3250000e+02;-2.1337089e-01;3.3250000e+02;-9.3818001e-02;3.3250000e+02;-7.9027072e-02;3.3250000e+02;-4.5572471e-02;3.3250000e+02;1.2577437e-03;3.3250000e+02;5.1165860e-02;3.3250000e+02;1.0477044e-01;3.3250000e+02;1.6673882e-01;3.3250000e+02;2.5818527e-01;3.3250000e+02;3.1722581e-01;3.3250000e+02;2.9425266e-01;3.3250000e+02;2.1737754e-01;3.3250000e+02;1.3487697e-01;3.3250000e+02;6.2978819e-02;3.3250000e+02;1.7249808e-03;3.3250000e+02;-5.5664957e-02;3.3250000e+02;-1.1032699e-01;3.3250000e+02;-1.6254224e-01;3.3250000e+02;-2.1337089e-01;3.3250000e+02;-9.3818001e-02;3.3250000e+02;-7.9027072e-02;3.3250000e+02;-4.5572471e-02;3.3250000e+02;1.2577437e-03;3.3250000e+02;5.1165860e-02;3.3250000e+02;1.0477044e-01;3.3250000e+02;1.6673882e-01;3.3250000e+02;2.5818527e-01;3.3250000e+02;3.1722581e-01;3.3250000e+02;2.9425266e-01;3.3250000e+02;2.1737754e-01;3.3250000e+02;1.3487697e-01;3.3250000e+02;6.2978819e-02;3.3250000e+02;1.7249808e-03;3.3250000e+02;-5.5664957e-02;3.3250000e+02;-1.1032699e-01;3.3250000e+02;-1.6254224e-01;3.3250000e+02;-2.1337089e-01;3.3250000e+02;-9.3818001e-02;3.3250000e+02;-7.9027072e-02;3.3250000e+02;-4.5572471e-02;3.3250000e+02;1.2577437e-03;3.3250000e+02;5.1165860e-02;3.3250000e+02;1.0477044e-01;3.3250000e+02;1.6673882e-01;3.3250000e+02;2.5818527e-01;3.3250000e+02;3.1722581e-01;3.3250000e+02;2.9425266e-01;3.3250000e+02;2.1737754e-01;3.3250000e+02;1.3487697e-01;3.3250000e+02;6.2978819e-02;3.3250000e+02;1.7249808e-03;3.3250000e+02;-5.5664957e-02;3.3250000e+02;-1.1032699e-01;3.3250000e+02;-1.6254224e-01;3.3250000e+02;-2.1337089e-01;3.3250000e+02;-9.3818001e-02;3.3250000e+02;-7.9027072e-02;3.3250000e+02;-4.5572471e-02;3.3250000e+02;1.2577437e-03;3.3250000e+02;5.1165860e-02;3.3250000e+02;1.0477044e-01;3.3250000e+02;1.6673882e-01;3.3250000e+02;2.5818527e-01;3.3250000e+02;3.1722581e-01;3.3250000e+02;2.9425266e-01;3.3250000e+02;2.1737754e-01;3.3250000e+02;1.3487697e-01;3.3250000e+02;6.2978819e-02;3.3250000e+02;1.7249808e-03;3.3250000e+02;-5.5664957e-02;3.3250000e+02;-1.1032699e-01;3.3250000e+02;-1.6254224e-01;3.3250000e+02;-2.1337089e-01;3.3250000e+02;-9.3818001e-02;3.3250000e+02;-7.9027072e-02;3.3250000e+02;-4.5572471e-02;3.3250000e+02;1.2577437e-03;3.3250000e+02;5.1165860e-02;3.3250000e+02;1.0477044e-01;3.3250000e+02;1.6673882e-01;3.3250000e+02;2.5818527e-01;3.3250000e+02;3.1722581e-01;3.3250000e+02;2.9425266e-01;3.3250000e+02;2.1737754e-01;3.3250000e+02;1.3487697e-01;3.3250000e+02;6.2978819e-02;3.3250000e+02;1.7249808e-03;3.3250000e+02;-5.5664957e-02;3.3250000e+02;-1.1032699e-01;3.3250000e+02;-1.6254224e-01;3.3250000e+02;-2.1337089e-01;3.3250000e+02;-9.3818001e-02;3.3250000e+02;-7.9027072e-02;3.3250000e+02;-4.5572471e-02;3.3250000e+02;1.2577437e-03;3.3250000e+02;5.1165860e-02;3.3250000e+02;1.0477044e-01;3.3250000e+02;1.6673882e-01;3.3250000e+02;2.5818527e-01;3.3250000e+02;3.1722581e-01;3.3250000e+02;2.9425266e-01;3.3250000e+02;2.1737754e-01;3.3250000e+02;1.3487697e-01;3.3250000e+02;6.2978819e-02;3.3250000e+02;1.7249808e-03;3.3250000e+02;-5.5664957e-02;3.3250000e+02;-1.1032699e-01;3.3250000e+02;-1.6254224e-01;3.3250000e+02;-2.1337089e-01;3.3250000e+02;-9.3818001e-02;3.3250000e+02;-7.9027072e-02;3.3250000e+02;-4.5572471e-02;3.3250000e+02;1.2577437e-03;3.3250000e+02;5.1165860e-02;3.3250000e+02;1.0477044e-01;3.3250000e+02;1.6673882e-01;3.3250000e+02;2.5818527e-01;3.3250000e+02;3.1722581e-01;3.3250000e+02;2.9425266e-01;3.3250000e+02;2.1737754e-01;3.3250000e+02;1.3487697e-01;3.3250000e+02;6.2978819e-02;3.3250000e+02;1.7249808e-03;3.3250000e+02;-5.5664957e-02;3.3250000e+02;-1.1032699e-01;3.3250000e+02;-1.6254224e-01;3.3250000e+02;-2.1337089e-01;3.3250000e+02;-9.3818001e-02;3.3250000e+02;-7.9027072e-02;3.3250000e+02;-4.5572471e-02;3.3250000e+02;1.2577437e-03;3.3250000e+02;5.1165860e-02;3.3250000e+02;1.0477044e-01;3.3250000e+02;1.6673882e-01;3.3250000e+02;2.5818527e-01;3.3250000e+02;3.1722581e-01;3.3250000e+02;2.9425266e-01;3.3250000e+02;2.1737754e-01;3.3250000e+02;1.3487697e-01;3.3250000e+02;6.2978819e-02;3.3250000e+02;1.7249808e-03;3.3250000e+02;-5.5664957e-02;3.3250000e+02;-1.1032699e-01;3.3250000e+02;-1.6254224e-01;3.3250000e+02;-2.1337089e-01;3.3250000e+02;-9.3818001e-02;3.3250000e+02;-7.9027072e-02;3.3250000e+02;-4.5572471e-02;3.3250000e+02;1.2577437e-03;3.3250000e+02;5.1165860e-02;3.3250000e+02;1.0477044e-01;3.3250000e+02;1.6673882e-01;3.3250000e+02;2.5818527e-01;3.3250000e+02;3.1722581e-01;3.3250000e+02;2.9425266e-01;3.3250000e+02;2.1737754e-01;3.3250000e+02;1.3487697e-01;3.3250000e+02;6.2978819e-02;3.3250000e+02;1.7249808e-03;3.3250000e+02;-5.5664957e-02;3.3250000e+02;-1.1032699e-01;3.3250000e+02;-1.6254224e-01;3.3250000e+02;-2.1337089e-01;3.3250000e+02;-9.3818001e-02;3.3250000e+02;-7.9027072e-02;3.3250000e+02;-4.5572471e-02;3.3250000e+02;1.2577437e-03;3.3250000e+02;5.1165860e-02;3.3250000e+02;1.0477044e-01;3.3250000e+02;1.6673882e-01;3.3250000e+02;2.5818527e-01;3.3250000e+02;3.1722581e-01;3.3250000e+02;2.9425266e-01;3.3250000e+02;2.1737754e-01;3.3250000e+02;1.3487697e-01;3.3250000e+02;6.2978819e-02;3.3250000e+02;1.7249808e-03;3.3250000e+02;-5.5664957e-02;3.3250000e+02;-1.1032699e-01;3.3250000e+02;-1.6254224e-01;3.3250000e+02;-2.1337089e-01;3.3250000e+02;-9.3818001e-02;3.3250000e+02;-7.9027072e-02;3.3250000e+02;-4.5572471e-02;3.3250000e+02;1.2577437e-03;3.3250000e+02;5.1165860e-02;3.3250000e+02;1.0477044e-01;3.3250000e+02;1.6673882e-01;3.3250000e+02;2.5818527e-01;3.3250000e+02;3.1722581e-01;3.3250000e+02;2.9425266e-01;3.3250000e+02;2.1737754e-01;3.3250000e+02;1.3487697e-01;3.3250000e+02;6.2978819e-02;3.3250000e+02;1.7249808e-03;3.3250000e+02;-5.5664957e-02;3.3250000e+02;-1.1032699e-01;3.3250000e+02;-1.6254224e-01;3.3250000e+02;-2.1337089e-01;3.3250000e+02;-9.3818001e-02;3.3250000e+02;-7.9027072e-02;3.3250000e+02;-4.5572471e-02;3.3250000e+02;1.2577437e-03;3.3250000e+02;5.1165860e-02;3.3250000e+02;1.0477044e-01;3.3250000e+02;1.6673882e-01;3.3250000e+02;2.5818527e-01;3.3250000e+02;3.1722581e-01;3.3250000e+02;2.9425266e-01;3.3250000e+02;2.1737754e-01;3.3250000e+02;1.3487697e-01;3.3250000e+02;6.2978819e-02;3.3250000e+02;1.7249808e-03;3.3250000e+02;-5.5664957e-02;3.3250000e+02;-1.1032699e-01;3.3250000e+02;-1.6254224e-01;3.3250000e+02;-2.1337089e-01;3.3250000e+02;-9.3818001e-02;3.3250000e+02;-7.9027072e-02;3.3250000e+02;-4.5572471e-02;3.3250000e+02;1.2577437e-03;3.3250000e+02;5.1165860e-02;3.3250000e+02;1.0477044e-01;3.3250000e+02;1.6673882e-01;3.3250000e+02;2.5818527e-01;3.3250000e+02;3.1722581e-01;3.3250000e+02;2.9425266e-01;3.3250000e+02;2.1737754e-01;3.3250000e+02;1.3487697e-01;3.3250000e+02;6.2978819e-02;3.3250000e+02;1.7249808e-03;3.3250000e+02;-5.5664957e-02;3.3250000e+02;-1.1032699e-01;3.3250000e+02;-1.6254224e-01;3.3250000e+02;-2.1337089e-01;3.3250000e+02;-9.3818001e-02;3.3250000e+02;-7.9027072e-02;3.3250000e+02;-4.5572471e-02;3.3250000e+02;1.2577437e-03;3.3250000e+02;5.1165860e-02;3.3250000e+02;1.0477044e-01;3.3250000e+02;1.6673882e-01;3.3250000e+02;2.5818527e-01;3.3250000e+02;3.1722581e-01;3.3250000e+02;2.9425266e-01;3.3250000e+02;2.1737754e-01;3.3250000e+02;1.3487697e-01;3.3250000e+02;6.2978819e-02;3.3250000e+02;1.7249808e-03;3.3250000e+02;-5.5664957e-02;3.3250000e+02;-1.1032699e-01;3.3250000e+02;-1.6254224e-01;3.3250000e+02;-2.1337089e-01;3.3250000e+02;-9.3818001e-02;3.3250000e+02;-7.9027072e-02;3.3250000e+02;-4.5572471e-02;3.3250000e+02;1.2577437e-03;3.3250000e+02;5.1165860e-02;3.3250000e+02;1.0477044e-01;3.3250000e+02;1.6673882e-01;3.3250000e+02;2.5818527e-01;3.3250000e+02;3.1722581e-01;3.3250000e+02;2.9425266e-01;3.3250000e+02;2.1737754e-01;3.3250000e+02;1.3487697e-01;3.3250000e+02;6.2978819e-02;3.3250000e+02;1.7249808e-03;3.3250000e+02;-5.5664957e-02;3.3250000e+02;-1.1032699e-01;3.3250000e+02;-1.6254224e-01;3.3250000e+02;-2.1337089e-01;3.3250000e+02;-9.3818001e-02;3.3250000e+02;-7.9027072e-02;3.3250000e+02;-4.5572471e-02;3.3250000e+02;1.2577437e-03;3.3250000e+02;5.1165860e-02;3.3250000e+02;1.0477044e-01;3.3250000e+02;1.6673882e-01;3.3250000e+02;2.5818527e-01;3.3250000e+02;3.1722581e-01;3.3250000e+02;2.9425266e-01;3.3250000e+02;2.1737754e-01;3.3250000e+02;1.3487697e-01;3.3250000e+02;6.2978819e-02;3.3250000e+02;1.7249808e-03;3.3250000e+02;-5.5664957e-02;3.3250000e+02;-1.1032699e-01;3.3250000e+02;-1.6254224e-01;3.3250000e+02;-2.1337089e-01;3.3250000e+02;-9.3818001e-02;3.3250000e+02;-7.9027072e-02;3.3250000e+02;-4.5572471e-02;3.3250000e+02;1.2577437e-03;3.3250000e+02;5.1165860e-02;3.3250000e+02;1.0477044e-01;3.3250000e+02;1.6673882e-01;3.3250000e+02;2.5818527e-01;3.3250000e+02;3.1722581e-01;3.3250000e+02;2.9425266e-01;3.3250000e+02;2.1737754e-01;3.3250000e+02;1.3487697e-01;3.3250000e+02;6.2978819e-02;3.3250000e+02;1.7249808e-03;3.3250000e+02;-5.5664957e-02;3.3250000e+02;-1.1032699e-01;3.3250000e+02;-1.6254224e-01;3.3250000e+02;-2.1337089e-01;3.3250000e+02;-9.3818001e-02;3.3250000e+02;-7.9027072e-02;3.3250000e+02;-4.5572471e-02;3.3250000e+02;1.2577437e-03;3.3250000e+02;5.1165860e-02;3.3250000e+02;1.0477044e-01;3.3250000e+02;1.6673882e-01;3.3250000e+02;2.5818527e-01;3.3250000e+02;3.1722581e-01;3.3250000e+02;2.9425266e-01;3.3250000e+02;2.1737754e-01;3.3250000e+02;1.3487697e-01;3.3250000e+02;6.2978819e-02;3.3250000e+02;1.7249808e-03;3.3250000e+02;-5.5664957e-02;3.3250000e+02;-1.1032699e-01;3.3250000e+02;-1.6254224e-01;3.3250000e+02;-2.1337089e-01;3.3250000e+02;-9.3818001e-02;3.3250000e+02;-7.9027072e-02;3.3250000e+02;-4.5572471e-02;3.3250000e+02;1.2577437e-03;3.3250000e+02;5.1165860e-02;3.3250000e+02;1.0477044e-01;3.3250000e+02;1.6673882e-01;3.3250000e+02;2.5818527e-01;3.3250000e+02;3.1722581e-01;3.3250000e+02;2.9425266e-01;3.3250000e+02;2.1737754e-01;3.3250000e+02;1.3487697e-01;3.3250000e+02;6.2978819e-02;3.3250000e+02;1.7249808e-03;3.3250000e+02;-5.5664957e-02;3.3250000e+02;-1.1032699e-01;3.3250000e+02;-1.6254224e-01;3.3250000e+02;-2.1337089e-01;3.3250000e+02;-9.3818001e-02;3.3250000e+02;-7.9027072e-02;3.3250000e+02;-4.5572471e-02;3.3250000e+02;1.2577437e-03;3.3250000e+02;5.1165860e-02;3.3250000e+02;1.0477044e-01;3.3250000e+02;1.6673882e-01;3.3250000e+02;2.5818527e-01;3.3250000e+02;3.1722581e-01;3.3250000e+02;2.9425266e-01;3.3250000e+02;2.1737754e-01;3.3250000e+02;1.3487697e-01;3.3250000e+02;6.2978819e-02;3.3250000e+02;1.7249808e-03;3.3250000e+02;-5.5664957e-02;3.3250000e+02;-1.1032699e-01;3.3250000e+02;-1.6254224e-01;3.3250000e+02;-2.1337089e-01;3.3250000e+02;-9.3818001e-02;3.3250000e+02;-7.9027072e-02;3.3250000e+02;-4.5572471e-02;3.3250000e+02;1.2577437e-03;3.3250000e+02;5.1165860e-02;3.3250000e+02;1.0477044e-01;3.3250000e+02;1.6673882e-01;3.3250000e+02;2.5818527e-01;3.3250000e+02;3.1722581e-01;3.3250000e+02;2.9425266e-01;3.3250000e+02;2.1737754e-01;3.3250000e+02;1.3487697e-01;3.3250000e+02;6.2978819e-02;3.3250000e+02;1.7249808e-03;3.3250000e+02;-5.5664957e-02;3.3250000e+02;-1.1032699e-01;3.3250000e+02;-1.6254224e-01;3.3250000e+02;-2.1337089e-01;3.3250000e+02;-9.3818001e-02;3.3250000e+02;-7.9027072e-02;3.3250000e+02;-4.5572471e-02;3.3250000e+02;1.2577437e-03;3.3250000e+02;5.1165860e-02;3.3250000e+02;1.0477044e-01;3.3250000e+02;1.6673882e-01;3.3250000e+02;2.5818527e-01;3.3250000e+02;3.1722581e-01;3.3250000e+02;2.9425266e-01;3.3250000e+02;2.1737754e-01;3.3250000e+02;1.3487697e-01;3.3250000e+02;6.2978819e-02;3.3250000e+02;1.7249808e-03;3.3250000e+02;-5.5664957e-02;3.3250000e+02;-1.1032699e-01;3.3250000e+02;-1.6254224e-01;3.3250000e+02;-2.1337089e-01;3.3250000e+02;-9.3818001e-02;3.3250000e+02;-7.9027072e-02;3.3250000e+02;-4.5572471e-02;3.3250000e+02;1.2577437e-03;3.3250000e+02;5.1165860e-02;3.3250000e+02;1.0477044e-01;3.3250000e+02;1.6673882e-01;3.3250000e+02;2.5818527e-01;3.3250000e+02;3.1722581e-01;3.3250000e+02;2.9425266e-01;3.3250000e+02;2.1737754e-01;3.3250000e+02;1.3487697e-01;3.3250000e+02;6.2978819e-02;3.3250000e+02;1.7249808e-03;3.3250000e+02;-5.5664957e-02;3.3250000e+02;-1.1032699e-01;3.3250000e+02;-1.6254224e-01;3.3250000e+02;-2.1337089e-01;3.3250000e+02;-9.3818001e-02;3.3250000e+02;-7.9027072e-02;3.3250000e+02;-4.5572471e-02;3.3250000e+02;1.2577437e-03;3.3250000e+02;5.1165860e-02;3.3250000e+02;1.0477044e-01;3.3250000e+02;1.6673882e-01;3.3250000e+02;2.5818527e-01;3.3250000e+02;3.1722581e-01;3.3250000e+02;2.9425266e-01;3.3250000e+02;2.1737754e-01;3.3250000e+02;1.3487697e-01;3.3250000e+02;6.2978819e-02;3.3250000e+02;1.7249808e-03;3.3250000e+02;-5.5664957e-02;3.3250000e+02;-1.1032699e-01;3.3250000e+02;-1.6254224e-01;3.3250000e+02;-2.1337089e-01;3.3250000e+02;-9.3818001e-02;3.3250000e+02;-7.9027072e-02;3.3250000e+02;-4.5572471e-02;3.3250000e+02;1.2577437e-03;3.3250000e+02;5.1165860e-02;3.3250000e+02;1.0477044e-01;3.3250000e+02;1.6673882e-01;3.3250000e+02;2.5818527e-01;3.3250000e+02;3.1722581e-01;3.3250000e+02;2.9425266e-01;3.3250000e+02;2.1737754e-01;3.3250000e+02;1.3487697e-01;3.3250000e+02;6.2978819e-02;3.3250000e+02;1.7249808e-03;3.3250000e+02;-5.5664957e-02;3.3250000e+02;-1.1032699e-01;3.3250000e+02;-1.6254224e-01;3.3250000e+02;-2.1337089e-01;3.3250000e+02;-9.3818001e-02;3.3250000e+02;-7.9027072e-02;3.3250000e+02;-4.5572471e-02;3.3250000e+02;1.2577437e-03;3.3250000e+02;5.1165860e-02;3.3250000e+02;1.0477044e-01;3.3250000e+02;1.6673882e-01;3.3250000e+02;2.5818527e-01;3.3250000e+02;3.1722581e-01;3.3250000e+02;2.9425266e-01;3.3250000e+02;2.1737754e-01;3.3250000e+02;1.3487697e-01;3.3250000e+02;6.2978819e-02;3.3250000e+02;1.7249808e-03;3.3250000e+02;-5.5664957e-02;3.3250000e+02;-1.1032699e-01;3.3250000e+02;-1.6254224e-01;3.3250000e+02;-2.1337089e-01;3.3250000e+02;-9.3818001e-02;3.3250000e+02;-7.9027072e-02;3.3250000e+02;-4.5572471e-02;3.3250000e+02;1.2577437e-03;3.3250000e+02;5.1165860e-02;3.3250000e+02;1.0477044e-01;3.3250000e+02;1.6673882e-01;3.3250000e+02;2.5818527e-01;3.3250000e+02;3.1722581e-01;3.3250000e+02;2.9425266e-01;3.3250000e+02;2.1737754e-01;3.3250000e+02;1.3487697e-01;3.3250000e+02;6.2978819e-02;3.3250000e+02;1.7249808e-03;3.3250000e+02;-5.5664957e-02;3.3250000e+02;-1.1032699e-01;3.3250000e+02;-1.6254224e-01;3.3250000e+02;-2.1337089e-01;3.3250000e+02;-9.3818001e-02;3.3250000e+02;-7.9027072e-02;3.3250000e+02;-4.5572471e-02;3.3250000e+02;1.2577437e-03;3.3250000e+02;5.1165860e-02;3.3250000e+02;1.0477044e-01;3.3250000e+02;1.6673882e-01;3.3250000e+02;2.5818527e-01;3.3250000e+02;3.1722581e-01;3.3250000e+02;2.9425266e-01;3.3250000e+02;2.1737754e-01;3.3250000e+02;1.3487697e-01;3.3250000e+02;6.2978819e-02;3.3250000e+02;1.7249808e-03;3.3250000e+02;-5.5664957e-02;3.3250000e+02;-1.1032699e-01;3.3250000e+02;-1.6254224e-01;3.3250000e+02;-2.1337089e-01;3.3250000e+02;-9.3818001e-02;3.3250000e+02;-7.9027072e-02;3.3250000e+02;-4.5572471e-02;3.3250000e+02;1.2577437e-03;3.3250000e+02;5.1165860e-02;3.3250000e+02;1.0477044e-01;3.3250000e+02;1.6673882e-01;3.3250000e+02;2.5818527e-01;3.3250000e+02;3.1722581e-01;3.3250000e+02;2.9425266e-01;3.3250000e+02;2.1737754e-01;3.3250000e+02;1.3487697e-01;3.3250000e+02;6.2978819e-02;3.3250000e+02;1.7249808e-03;3.3250000e+02;-5.5664957e-02;3.3250000e+02;-1.1032699e-01;3.3250000e+02;-1.6254224e-01;3.3250000e+02;-2.1337089e-01
3.3750000e+02;-9.9195033e-02;3.3750000e+02;-8.9928083e-02;3.3750000e+02;-6.2849775e-02;3.3750000e+02;-2.6710443e-02;3.3750000e+02;1.6379736e-02;3.3750000e+02;6.8942465e-02;3.3750000e+02;1.3707599e-01;3.3750000e+02;2.3805645e-01;3.3750000e+02;2.9713994e-01;3.3750000e+02;2.8189284e-01;3.3750000e+02;2.1500382e-01;3.3750000e+02;1.3456081e-01;3.3750000e+02;6.1975725e-02;3.3750000e+02;2.0042062e-05;3.3750000e+02;-5.7611614e-02;3.3750000e+02;-1.1235154e-01;3.3750000e+02;-1.6412607e-01;3.3750000e+02;-2.1609871e-01;3.3750000e+02;-9.9195033e-02;3.3750000e+02;-8.9928083e-02;3.3750000e+02;-6.2849775e-02;3.3750000e+02;-2.6710443e-02;3.3750000e+02;1.6379736e-02;3.3750000e+02;6.8942465e-02;3.3750000e+02;1.3707599e-01;3.3750000e+02;2.3805645e-01;3.3750000e+02;2.9713994e-01;3.3750000e+02;2.8189284e-01;3.3750000e+02;2.1500382e-01;3.3750000e+02;1.3456081e-01;3.3750000e+02;6.1975725e-02;3.3750000e+02;2.0042062e-05;3.3750000e+02;-5.7611614e-02;3.3750000e+02;-1.1235154e-01;3.3750000e+02;-1.6412607e-01;3.3750000e+02;-2.1609871e-01;3.3750000e+02;-9.9195033e-02;3.3750000e+02;-8.9928083e-02;3.3750000e+02;-6.2849775e-02;3.3750000e+02;-2.6710443e-02;3.3750000e+02;1.6379736e-02;3.3750000e+02;6.8942465e-02;3.3750000e+02;1.3707599e-01;3.3750000e+02;2.3805645e-01;3.3750000e+02;2.9713994e-01;3.3750000e+02;2.8189284e-01;3.3750000e+02;2.1500382e-01;3.3750000e+02;1.3456081e-01;3.3750000e+02;6.1975725e-02;3.3750000e+02;2.0042062e-05;3.3750000e+02;-5.7611614e-02;3.3750000e+02;-1.1235154e-01;3.3750000e+02;-1.6412607e-01;3.3750000e+02;-2.1609871e-01;3.3750000e+02;-9.9195033e-02;3.3750000e+02;-8.9928083e-02;3.3750000e+02;-6.2849775e-02;3.3750000e+02;-2.6710443e-02;3.3750000e+02;1.6379736e-02;3.3750000e+02;6.8942465e-02;3.3750000e+02;1.3707599e-01;3.3750000e+02;2.3805645e-01;3.3750000e+02;2.9713994e-01;3.3750000e+02;2.8189284e-01;3.3750000e+02;2.1500382e-01;3.3750000e+02;1.3456081e-01;3.3750000e+02;6.1975725e-02;3.3750000e+02;2.0042062e-05;3.3750000e+02;-5.7611614e-02;3.3750000e+02;-1.1235154e-01;3.3750000e+02;-1.6412607e-01;3.3750000e+02;-2.1609871e-01;3.3750000e+02;-9.9195033e-02;3.3750000e+02;-8.9928083e-02;3.3750000e+02;-6.2849775e-02;3.3750000e+02;-2.6710443e-02;3.3750000e+02;1.6379736e-02;3.3750000e+02;6.8942465e-02;3.3750000e+02;1.3707599e-01;3.3750000e+02;2.3805645e-01;3.3750000e+02;2.9713994e-01;3.3750000e+02;2.8189284e-01;3.3750000e+02;2.1500382e-01;3.3750000e+02;1.3456081e-01;3.3750000e+02;6.1975725e-02;3.3750000e+02;2.0042062e-05;3.3750000e+02;-5.7611614e-02;3.3750000e+02;-1.1235154e-01;3.3750000e+02;-1.6412607e-01;3.3750000e+02;-2.1609871e-01;3.3750000e+02;-9.9195033e-02;3.3750000e+02;-8.9928083e-02;3.3750000e+02;-6.2849775e-02;3.3750000e+02;-2.6710443e-02;3.3750000e+02;1.6379736e-02;3.3750000e+02;6.8942465e-02;3.3750000e+02;1.3707599e-01;3.3750000e+02;2.3805645e-01;3.3750000e+02;2.9713994e-01;3.3750000e+02;2.8189284e-01;3.3750000e+02;2.1500382e-01;3.3750000e+02;1.3456081e-01;3.3750000e+02;6.1975725e-02;3.3750000e+02;2.0042062e-05;3.3750000e+02;-5.7611614e-02;3.3750000e+02;-1.1235154e-01;3.3750000e+02;-1.6412607e-01;3.3750000e+02;-2.1609871e-01;3.3750000e+02;-9.9195033e-02;3.3750000e+02;-8.9928083e-02;3.3750000e+02;-6.2849775e-02;3.3750000e+02;-2.6710443e-02;3.3750000e+02;1.6379736e-02;3.3750000e+02;6.8942465e-02;3.3750000e+02;1.3707599e-01;3.3750000e+02;2.3805645e-01;3.3750000e+02;2.9713994e-01;3.3750000e+02;2.8189284e-01;3.3750000e+02;2.1500382e-01;3.3750000e+02;1.3456081e-01;3.3750000e+02;6.1975725e-02;3.3750000e+02;2.0042062e-05;3.3750000e+02;-5.7611614e-02;3.3750000e+02;-1.1235154e-01;3.3750000e+02;-1.6412607e-01;3.3750000e+02;-2.1609871e-01;3.3750000e+02;-9.9195033e-02;3.3750000e+02;-8.9928083e-02;3.3750000e+02;-6.2849775e-02;3.3750000e+02;-2.6710443e-02;3.3750000e+02;1.6379736e-02;3.3750000e+02;6.8942465e-02;3.3750000e+02;1.3707599e-01;3.3750000e+02;2.3805645e-01;3.3750000e+02;2.9713994e-01;3.3750000e+02;2.8189284e-01;3.3750000e+02;2.1500382e-01;3.3750000e+02;1.3456081e-01;3.3750000e+02;6.1975725e-02;3.3750000e+02;2.0042062e-05;3.3750000e+02;-5.7611614e-02;3.3750000e+02;-1.1235154e-01;3.3750000e+02;-1.6412607e-01;3.3750000e+02;-2.1609871e-01;3.3750000e+02;-9.9195033e-02;3.3750000e+02;-8.9928083e-02;3.3750000e+02;-6.2849775e-02;3.3750000e+02;-2.6710443e-02;3.3750000e+02;1.6379736e-02;3.3750000e+02;6.8942465e-02;3.3750000e+02;1.3707599e-01;3.3750000e+02;2.3805645e-01;3.3750000e+02;2.9713994e-01;3.3750000e+02;2.8189284e-01;3.3750000e+02;2.1500382e-01;3.3750000e+02;1.3456081e-01;3.3750000e+02;6.1975725e-02;3.3750000e+02;2.0042062e-05;3.3750000e+02;-5.7611614e-02;3.3750000e+02;-1.1235154e-01;3.3750000e+02;-1.6412607e-01;3.3750000e+02;-2.1609871e-01;3.3750000e+02;-9.9195033e-02;3.3750000e+02;-8.9928083e-02;3.3750000e+02;-6.2849775e-02;3.3750000e+02;-2.6710443e-02;3.3750000e+02;1.6379736e-02;3.3750000e+02;6.8942465e-02;3.3750000e+02;1.3707599e-01;3.3750000e+02;2.3805645e-01;3.3750000e+02;2.9713994e-01;3.3750000e+02;2.8189284e-01;3.3750000e+02;2.1500382e-01;3.3750000e+02;1.3456081e-01;3.3750000e+02;6.1975725e-02;3.3750000e+02;2.0042062e-05;3.3750000e+02;-5.7611614e-02;3.3750000e+02;-1.1235154e-01;3.3750000e+02;-1.6412607e-01;3.3750000e+02;-2.1609871e-01;3.3750000e+02;-9.9195033e-02;3.3750000e+02;-8.9928083e-02;3.3750000e+02;-6.2849775e-02;3.3750000e+02;-2.6710443e-02;3.3750000e+02;1.6379736e-02;3.3750000e+02;6.8942465e-02;3.3750000e+02;1.3707599e-01;3.3750000e+02;2.3805645e-01;3.3750000e+02;2.9713994e-01;3.3750000e+02;2.8189284e-01;3.3750000e+02;2.1500382e-01;3.3750000e+02;1.3456081e-01;3.3750000e+02;6.1975725e-02;3.3750000e+02;2.0042062e-05;3.3750000e+02;-5.7611614e-02;3.3750000e+02;-1.1235154e-01;3.3750000e+02;-1.6412607e-01;3.3750000e+02;-2.1609871e-01;3.3750000e+02;-9.9195033e-02;3.3750000e+02;-8.9928083e-02;3.3750000e+02;-6.2849775e-02;3.3750000e+02;-2.6710443e-02;3.3750000e+02;1.6379736e-02;3.3750000e+02;6.8942465e-02;3.3750000e+02;1.3707599e-01;3.3750000e+02;2.3805645e-01;3.3750000e+02;2.9713994e-01;3.3750000e+02;2.8189284e-01;3.3750000e+02;2.1500382e-01;3.3750000e+02;1.3456081e-01;3.3750000e+02;6.1975725e-02;3.3750000e+02;2.0042062e-05;3.3750000e+02;-5.7611614e-02;3.3750000e+02;-1.1235154e-01;3.3750000e+02;-1.6412607e-01;3.3750000e+02;-2.1609871e-01;3.3750000e+02;-9.9195033e-02;3.3750000e+02;-8.9928083e-02;3.3750000e+02;-6.2849775e-02;3.3750000e+02;-2.6710443e-02;3.3750000e+02;1.6379736e-02;3.3750000e+02;6.8942465e-02;3.3750000e+02;1.3707599e-01;3.3750000e+02;2.3805645e-01;3.3750000e+02;2.9713994e-01;3.3750000e+02;2.8189284e-01;3.3750000e+02;2.1500382e-01;3.3750000e+02;1.3456081e-01;3.3750000e+02;6.1975725e-02;3.3750000e+02;2.0042062e-05;3.3750000e+02;-5.7611614e-02;3.3750000e+02;-1.1235154e-01;3.3750000e+02;-1.6412607e-01;3.3750000e+02;-2.1609871e-01;3.3750000e+02;-9.9195033e-02;3.3750000e+02;-8.9928083e-02;3.3750000e+02;-6.2849775e-02;3.3750000e+02;-2.6710443e-02;3.3750000e+02;1.6379736e-02;3.3750000e+02;6.8942465e-02;3.3750000e+02;1.3707599e-01;3.3750000e+02;2.3805645e-01;3.3750000e+02;2.9713994e-01;3.3750000e+02;2.8189284e-01;3.3750000e+02;2.1500382e-01;3.3750000e+02;1.3456081e-01;3.3750000e+02;6.1975725e-02;3.3750000e+02;2.0042062e-05;3.3750000e+02;-5.7611614e-02;3.3750000e+02;-1.1235154e-01;3.3750000e+02;-1.6412607e-01;3.3750000e+02;-2.1609871e-01;3.3750000e+02;-9.9195033e-02;3.3750000e+02;-8.9928083e-02;3.3750000e+02;-6.2849775e-02;3.3750000e+02;-2.6710443e-02;3.3750000e+02;1.6379736e-02;3.3750000e+02;6.8942465e-02;3.3750000e+02;1.3707599e-01;3.3750000e+02;2.3805645e-01;3.3750000e+02;2.9713994e-01;3.3750000e+02;2.8189284e-01;3.3750000e+02;2.1500382e-01;3.3750000e+02;1.3456081e-01;3.3750000e+02;6.1975725e-02;3.3750000e+02;2.0042062e-05;3.3750000e+02;-5.7611614e-02;3.3750000e+02;-1.1235154e-01;3.3750000e+02;-1.6412607e-01;3.3750000e+02;-2.1609871e-01;3.3750000e+02;-9.9195033e-02;3.3750000e+02;-8.9928083e-02;3.3750000e+02;-6.2849775e-02;3.3750000e+02;-2.6710443e-02;3.3750000e+02;1.6379736e-02;3.3750000e+02;6.8942465e-02;3.3750000e+02;1.3707599e-01;3.3750000e+02;2.3805645e-01;3.3750000e+02;2.9713994e-01;3.3750000e+02;2.8189284e-01;3.3750000e+02;2.1500382e-01;3.3750000e+02;1.3456081e-01;3.3750000e+02;6.1975725e-02;3.3750000e+02;2.0042062e-05;3.3750000e+02;-5.7611614e-02;3.3750000e+02;-1.1235154e-01;3.3750000e+02;-1.6412607e-01;3.3750000e+02;-2.1609871e-01;3.3750000e+02;-9.9195033e-02;3.3750000e+02;-8.9928083e-02;3.3750000e+02;-6.2849775e-02;3.3750000e+02;-2.6710443e-02;3.3750000e+02;1.6379736e-02;3.3750000e+02;6.8942465e-02;3.3750000e+02;1.3707599e-01;3.3750000e+02;2.3805645e-01;3.3750000e+02;2.9713994e-01;3.3750000e+02;2.8189284e-01;3.3750000e+02;2.1500382e-01;3.3750000e+02;1.3456081e-01;3.3750000e+02;6.1975725e-02;3.3750000e+02;2.0042062e-05;3.3750000e+02;-5.7611614e-02;3.3750000e+02;-1.1235154e-01;3.3750000e+02;-1.6412607e-01;3.3750000e+02;-2.1609871e-01;3.3750000e+02;-9.9195033e-02;3.3750000e+02;-8.9928083e-02;3.3750000e+02;-6.2849775e-02;3.3750000e+02;-2.6710443e-02;3.3750000e+02;1.6379736e-02;3.3750000e+02;6.8942465e-02;3.3750000e+02;1.3707599e-01;3.3750000e+02;2.3805645e-01;3.3750000e+02;2.9713994e-01;3.3750000e+02;2.8189284e-01;3.3750000e+02;2.1500382e-01;3.3750000e+02;1.3456081e-01;3.3750000e+02;6.1975725e-02;3.3750000e+02;2.0042062e-05;3.3750000e+02;-5.7611614e-02;3.3750000e+02;-1.1235154e-01;3.3750000e+02;-1.6412607e-01;3.3750000e+02;-2.1609871e-01;3.3750000e+02;-9.9195033e-02;3.3750000e+02;-8.9928083e-02;3.3750000e+02;-6.2849775e-02;3.3750000e+02;-2.6710443e-02;3.3750000e+02;1.6379736e-02;3.3750000e+02;6.8942465e-02;3.3750000e+02;1.3707599e-01;3.3750000e+02;2.3805645e-01;3.3750000e+02;2.9713994e-01;3.3750000e+02;2.8189284e-01;3.3750000e+02;2.1500382e-01;3.3750000e+02;1.3456081e-01;3.3750000e+02;6.1975725e-02;3.3750000e+02;2.0042062e-05;3.3750000e+02;-5.7611614e-02;3.3750000e+02;-1.1235154e-01;3.3750000e+02;-1.6412607e-01;3.3750000e+02;-2.1609871e-01;3.3750000e+02;-9.9195033e-02;3.3750000e+02;-8.9928083e-02;3.3750000e+02;-6.2849775e-02;3.3750000e+02;-2.6710443e-02;3.3750000e+02;1.6379736e-02;3.3750000e+02;6.8942465e-02;3.3750000e+02;1.3707599e-01;3.3750000e+02;2.3805645e-01;3.3750000e+02;2.9713994e-01;3.3750000e+02;2.8189284e-01;3.3750000e+02;2.1500382e-01;3.3750000e+02;1.3456081e-01;3.3750000e+02;6.1975725e-02;3.3750000e+02;2.0042062e-05;3.3750000e+02;-5.7611614e-02;3.3750000e+02;-1.1235154e-01;3.3750000e+02;-1.6412607e-01;3.3750000e+02;-2.1609871e-01;3.3750000e+02;-9.9195033e-02;3.3750000e+02;-8.9928083e-02;3.3750000e+02;-6.2849775e-02;3.3750000e+02;-2.6710443e-02;3.3750000e+02;1.6379736e-02;3.3750000e+02;6.8942465e-02;3.3750000e+02;1.3707599e-01;3.3750000e+02;2.3805645e-01;3.3750000e+02;2.9713994e-01;3.3750000e+02;2.8189284e-01;3.3750000e+02;2.1500382e-01;3.3750000e+02;1.3456081e-01;3.3750000e+02;6.1975725e-02;3.3750000e+02;2.0042062e-05;3.3750000e+02;-5.7611614e-02;3.3750000e+02;-1.1235154e-01;3.3750000e+02;-1.6412607e-01;3.3750000e+02;-2.1609871e-01;3.3750000e+02;-9.9195033e-02;3.3750000e+02;-8.9928083e-02;3.3750000e+02;-6.2849775e-02;3.3750000e+02;-2.6710443e-02;3.3750000e+02;1.6379736e-02;3.3750000e+02;6.8942465e-02;3.3750000e+02;1.3707599e-01;3.3750000e+02;2.3805645e-01;3.3750000e+02;2.9713994e-01;3.3750000e+02;2.8189284e-01;3.3750000e+02;2.1500382e-01;3.3750000e+02;1.3456081e-01;3.3750000e+02;6.1975725e-02;3.3750000e+02;2.0042062e-05;3.3750000e+02;-5.7611614e-02;3.3750000e+02;-1.1235154e-01;3.3750000e+02;-1.6412607e-01;3.3750000e+02;-2.1609871e-01;3.3750000e+02;-9.9195033e-02;3.3750000e+02;-8.9928083e-02;3.3750000e+02;-6.2849775e-02;3.3750000e+02;-2.6710443e-02;3.3750000e+02;1.6379736e-02;3.3750000e+02;6.8942465e-02;3.3750000e+02;1.3707599e-01;3.3750000e+02;2.3805645e-01;3.3750000e+02;2.9713994e-01;3.3750000e+02;2.8189284e-01;3.3750000e+02;2.1500382e-01;3.3750000e+02;1.3456081e-01;3.3750000e+02;6.1975725e-02;3.3750000e+02;2.0042062e-05;3.3750000e+02;-5.7611614e-02;3.3750000e+02;-1.1235154e-01;3.3750000e+02;-1.6412607e-01;3.3750000e+02;-2.1609871e-01;3.3750000e+02;-9.9195033e-02;3.3750000e+02;-8.9928083e-02;3.3750000e+02;-6.2849775e-02;3.3750000e+02;-2.6710443e-02;3.3750000e+02;1.6379736e-02;3.3750000e+02;6.8942465e-02;3.3750000e+02;1.3707599e-01;3.3750000e+02;2.3805645e-01;3.3750000e+02;2.9713994e-01;3.3750000e+02;2.8189284e-01;3.3750000e+02;2.1500382e-01;3.3750000e+02;1.3456081e-01;3.3750000e+02;6.1975725e-02;3.3750000e+02;2.0042062e-05;3.3750000e+02;-5.7611614e-02;3.3750000e+02;-1.1235154e-01;3.3750000e+02;-1.6412607e-01;3.3750000e+02;-2.1609871e-01;3.3750000e+02;-9.9195033e-02;3.3750000e+02;-8.9928083e-02;3.3750000e+02;-6.2849775e-02;3.3750000e+02;-2.6710443e-02;3.3750000e+02;1.6379736e-02;3.3750000e+02;6.8942465e-02;3.3750000e+02;1.3707599e-01;3.3750000e+02;2.3805645e-01;3.3750000e+02;2.9713994e-01;3.3750000e+02;2.8189284e-01;3.3750000e+02;2.1500382e-01;3.3750000e+02;1.3456081e-01;3.3750000e+02;6.1975725e-02;3.3750000e+02;2.0042062e-05;3.3750000e+02;-5.7611614e-02;3.3750000e+02;-1.1235154e-01;3.3750000e+02;-1.6412607e-01;3.3750000e+02;-2.1609871e-01;3.3750000e+02;-9.9195033e-02;3.3750000e+02;-8.9928083e-02;3.3750000e+02;-6.2849775e-02;3.3750000e+02;-2.6710443e-02;3.3750000e+02;1.6379736e-02;3.3750000e+02;6.8942465e-02;3.3750000e+02;1.3707599e-01;3.3750000e+02;2.3805645e-01;3.3750000e+02;2.9713994e-01;3.3750000e+02;2.8189284e-01;3.3750000e+02;2.1500382e-01;3.3750000e+02;1.3456081e-01;3.3750000e+02;6.1975725e-02;3.3750000e+02;2.0042062e-05;3.3750000e+02;-5.7611614e-02;3.3750000e+02;-1.1235154e-01;3.3750000e+02;-1.6412607e-01;3.3750000e+02;-2.1609871e-01;3.3750000e+02;-9.9195033e-02;3.3750000e+02;-8.9928083e-02;3.3750000e+02;-6.2849775e-02;3.3750000e+02;-2.6710443e-02;3.3750000e+02;1.6379736e-02;3.3750000e+02;6.8942465e-02;3.3750000e+02;1.3707599e-01;3.3750000e+02;2.3805645e-01;3.3750000e+02;2.9713994e-01;3.3750000e+02;2.8189284e-01;3.3750000e+02;2.1500382e-01;3.3750000e+02;1.3456081e-01;3.3750000e+02;6.1975725e-02;3.3750000e+02;2.0042062e-05;3.3750000e+02;-5.7611614e-02;3.3750000e+02;-1.1235154e-01;3.3750000e+02;-1.6412607e-01;3.3750000e+02;-2.1609871e-01;3.3750000e+02;-9.9195033e-02;3.3750000e+02;-8.9928083e-02;3.3750000e+02;-6.2849775e-02;3.3750000e+02;-2.6710443e-02;3.3750000e+02;1.6379736e-02;3.3750000e+02;6.8942465e-02;3.3750000e+02;1.3707599e-01;3.3750000e+02;2.3805645e-01;3.3750000e+02;2.9713994e-01;3.3750000e+02;2.8189284e-01;3.3750000e+02;2.1500382e-01;3.3750000e+02;1.3456081e-01;3.3750000e+02;6.1975725e-02;3.3750000e+02;2.0042062e-05;3.3750000e+02;-5.7611614e-02;3.3750000e+02;-1.1235154e-01;3.3750000e+02;-1.6412607e-01;3.3750000e+02;-2.1609871e-01;3.3750000e+02;-9.9195033e-02;3.3750000e+02;-8.9928083e-02;3.3750000e+02;-6.2849775e-02;3.3750000e+02;-2.6710443e-02;3.3750000e+02;1.6379736e-02;3.3750000e+02;6.8942465e-02;3.3750000e+02;1.3707599e-01;3.3750000e+02;2.3805645e-01;3.3750000e+02;2.9713994e-01;3.3750000e+02;2.8189284e-01;3.3750000e+02;2.1500382e-01;3.3750000e+02;1.3456081e-01;3.3750000e+02;6.1975725e-02;3.3750000e+02;2.0042062e-05;3.3750000e+02;-5.7611614e-02;3.3750000e+02;-1.1235154e-01;3.3750000e+02;-1.6412607e-01;3.3750000e+02;-2.1609871e-01;3.3750000e+02;-9.9195033e-02;3.3750000e+02;-8.9928083e-02;3.3750000e+02;-6.2849775e-02;3.3750000e+02;-2.6710443e-02;3.3750000e+02;1.6379736e-02;3.3750000e+02;6.8942465e-02;3.3750000e+02;1.3707599e-01;3.3750000e+02;2.3805645e-01;3.3750000e+02;2.9713994e-01;3.3750000e+02;2.8189284e-01;3.3750000e+02;2.1500382e-01;3.3750000e+02;1.3456081e-01;3.3750000e+02;6.1975725e-02;3.3750000e+02;2.0042062e-05;3.3750000e+02;-5.7611614e-02;3.3750000e+02;-1.1235154e-01;3.3750000e+02;-1.6412607e-01;3.3750000e+02;-2.1609871e-01;3.3750000e+02;-9.9195033e-02;3.3750000e+02;-8.9928083e-02;3.3750000e+02;-6.2849775e-02;3.3750000e+02;-2.6710443e-02;3.3750000e+02;1.6379736e-02;3.3750000e+02;6.8942465e-02;3.3750000e+02;1.3707599e-01;3.3750000e+02;2.3805645e-01;3.3750000e+02;2.9713994e-01;3.3750000e+02;2.8189284e-01;3.3750000e+02;2.1500382e-01;3.3750000e+02;1.3456081e-01;3.3750000e+02;6.1975725e-02;3.3750000e+02;2.0042062e-05;3.3750000e+02;-5.7611614e-02;3.3750000e+02;-1.1235154e-01;3.3750000e+02;-1.6412607e-01;3.3750000e+02;-2.1609871e-01;3.3750000e+02;-9.9195033e-02;3.3750000e+02;-8.9928083e-02;3.3750000e+02;-6.2849775e-02;3.3750000e+02;-2.6710443e-02;3.3750000e+02;1.6379736e-02;3.3750000e+02;6.8942465e-02;3.3750000e+02;1.3707599e-01;3.3750000e+02;2.3805645e-01;3.3750000e+02;2.9713994e-01;3.3750000e+02;2.8189284e-01;3.3750000e+02;2.1500382e-01;3.3750000e+02;1.3456081e-01;3.3750000e+02;6.1975725e-02;3.3750000e+02;2.0042062e-05;3.3750000e+02;-5.7611614e-02;3.3750000e+02;-1.1235154e-01;3.3750000e+02;-1.6412607e-01;3.3750000e+02;-2.1609871e-01;3.3750000e+02;-9.9195033e-02;3.3750000e+02;-8.9928083e-02;3.3750000e+02;-6.2849775e-02;3.3750000e+02;-2.6710443e-02;3.3750000e+02;1.6379736e-02;3.3750000e+02;6.8942465e-02;3.3750000e+02;1.3707599e-01;3.3750000e+02;2.3805645e-01;3.3750000e+02;2.9713994e-01;3.3750000e+02;2.8189284e-01;3.3750000e+02;2.1500382e-01;3.3750000e+02;1.3456081e-01;3.3750000e+02;6.1975725e-02;3.3750000e+02;2.0042062e-05;3.3750000e+02;-5.7611614e-02;3.3750000e+02;-1.1235154e-01;3.3750000e+02;-1.6412607e-01;3.3750000e+02;-2.1609871e-01;3.3750000e+02;-9.9195033e-02;3.3750000e+02;-8.9928083e-02;3.3750000e+02;-6.2849775e-02;3.3750000e+02;-2.6710443e-02;3.3750000e+02;1.6379736e-02;3.3750000e+02;6.8942465e-02;3.3750000e+02;1.3707599e-01;3.3750000e+02;2.3805645e-01;3.3750000e+02;2.9713994e-01;3.3750000e+02;2.8189284e-01;3.3750000e+02;2.1500382e-01;3.3750000e+02;1.3456081e-01;3.3750000e+02;6.1975725e-02;3.3750000e+02;2.0042062e-05;3.3750000e+02;-5.7611614e-02;3.3750000e+02;-1.1235154e-01;3.3750000e+02;-1.6412607e-01;3.3750000e+02;-2.1609871e-01;3.3750000e+02;-9.9195033e-02;3.3750000e+02;-8.9928083e-02;3.3750000e+02;-6.2849775e-02;3.3750000e+02;-2.6710443e-02;3.3750000e+02;1.6379736e-02;3.3750000e+02;6.8942465e-02;3.3750000e+02;1.3707599e-01;3.3750000e+02;2.3805645e-01;3.3750000e+02;2.9713994e-01;3.3750000e+02;2.8189284e-01;3.3750000e+02;2.1500382e-01;3.3750000e+02;1.3456081e-01;3.3750000e+02;6.1975725e-02;3.3750000e+02;2.0042062e-05;3.3750000e+02;-5.7611614e-02;3.3750000e+02;-1.1235154e-01;3.3750000e+02;-1.6412607e-01;3.3750000e+02;-2.1609871e-01;3.3750000e+02;-9.9195033e-02;3.3750000e+02;-8.9928083e-02;3.3750000e+02;-6.2849775e-02;3.3750000e+02;-2.6710443e-02;3.3750000e+02;1.6379736e-02;3.3750000e+02;6.8942465e-02;3.3750000e+02;1.3707599e-01;3.3750000e+02;2.3805645e-01;3.3750000e+02;2.9713994e-01;3.3750000e+02;2.8189284e-01;3.3750000e+02;2.1500382e-01;3.3750000e+02;1.3456081e-01;3.3750000e+02;6.1975725e-02;3.3750000e+02;2.0042062e-05;3.3750000e+02;-5.7611614e-02;3.3750000e+02;-1.1235154e-01;3.3750000e+02;-1.6412607e-01;3.3750000e+02;-2.1609871e-01;3.3750000e+02;-9.9195033e-02;3.3750000e+02;-8.9928083e-02;3.3750000e+02;-6.2849775e-02;3.3750000e+02;-2.6710443e-02;3.3750000e+02;1.6379736e-02;3.3750000e+02;6.8942465e-02;3.3750000e+02;1.3707599e-01;3.3750000e+02;2.3805645e-01;3.3750000e+02;2.9713994e-01;3.3750000e+02;2.8189284e-01;3.3750000e+02;2.1500382e-01;3.3750000e+02;1.3456081e-01;3.3750000e+02;6.1975725e-02;3.3750000e+02;2.0042062e-05;3.3750000e+02;-5.7611614e-02;3.3750000e+02;-1.1235154e-01;3.3750000e+02;-1.6412607e-01;3.3750000e+02;-2.1609871e-01;3.3750000e+02;-9.9195033e-02;3.3750000e+02;-8.9928083e-02;3.3750000e+02;-6.2849775e-02;3.3750000e+02;-2.6710443e-02;3.3750000e+02;1.6379736e-02;3.3750000e+02;6.8942465e-02;3.3750000e+02;1.3707599e-01;3.3750000e+02;2.3805645e-01;3.3750000e+02;2.9713994e-01;3.3750000e+02;2.8189284e-01;3.3750000e+02;2.1500382e-01;3.3750000e+02;1.3456081e-01;3.3750000e+02;6.1975725e-02;3.3750000e+02;2.0042062e-05;3.3750000e+02;-5.7611614e-02;3.3750000e+02;-1.1235154e-01;3.3750000e+02;-1.6412607e-01;3.3750000e+02;-2.1609871e-01;3.3750000e+02;-9.9195033e-02;3.3750000e+02;-8.9928083e-02;3.3750000e+02;-6.2849775e-02;3.3750000e+02;-2.6710443e-02;3.3750000e+02;1.6379736e-02;3.3750000e+02;6.8942465e-02;3.3750000e+02;1.3707599e-01;3.3750000e+02;2.3805645e-01;3.3750000e+02;2.9713994e-01;3.3750000e+02;2.8189284e-01;3.3750000e+02;2.1500382e-01;3.3750000e+02;1.3456081e-01;3.3750000e+02;6.1975725e-02;3.3750000e+02;2.0042062e-05;3.3750000e+02;-5.7611614e-02;3.3750000e+02;-1.1235154e-01;3.3750000e+02;-1.6412607e-01;3.3750000e+02;-2.1609871e-01;3.3750000e+02;-9.9195033e-02;3.3750000e+02;-8.9928083e-02;3.3750000e+02;-6.2849775e-02;3.3750000e+02;-2.6710443e-02;3.3750000e+02;1.6379736e-02;3.3750000e+02;6.8942465e-02;3.3750000e+02;1.3707599e-01;3.3750000e+02;2.3805645e-01;3.3750000e+02;2.9713994e-01;3.3750000e+02;2.8189284e-01;3.3750000e+02;2.1500382e-01;3.3750000e+02;1.3456081e-01;3.3750000e+02;6.1975725e-02;3.3750000e+02;2.0042062e-05;3.3750000e+02;-5.7611614e-02;3.3750000e+02;-1.1235154e-01;3.3750000e+02;-1.6412607e-01;3.3750000e+02;-2.1609871e-01;3.3750000e+02;-9.9195033e-02;3.3750000e+02;-8.9928083e-02;3.3750000e+02;-6.2849775e-02;3.3750000e+02;-2.6710443e-02;3.3750000e+02;1.6379736e-02;3.3750000e+02;6.8942465e-02;3.3750000e+02;1.3707599e-01;3.3750000e+02;2.3805645e-01;3.3750000e+02;2.9713994e-01;3.3750000e+02;2.8189284e-01;3.3750000e+02;2.1500382e-01;3.3750000e+02;1.3456081e-01;3.3750000e+02;6.1975725e-02;3.3750000e+02;2.0042062e-05;3.3750000e+02;-5.7611614e-02;3.3750000e+02;-1.1235154e-01;3.3750000e+02;-1.6412607e-01;3.3750000e+02;-2.1609871e-01;3.3750000e+02;-9.9195033e-02;3.3750000e+02;-8.9928083e-02;3.3750000e+02;-6.2849775e-02;3.3750000e+02;-2.6710443e-02;3.3750000e+02;1.6379736e-02;3.3750000e+02;6.8942465e-02;3.3750000e+02;1.3707599e-01;3.3750000e+02;2.3805645e-01;3.3750000e+02;2.9713994e-01;3.3750000e+02;2.8189284e-01;3.3750000e+02;2.1500382e-01;3.3750000e+02;1.3456081e-01;3.3750000e+02;6.1975725e-02;3.3750000e+02;2.0042062e-05;3.3750000e+02;-5.7611614e-02;3.3750000e+02;-1.1235154e-01;3.3750000e+02;-1.6412607e-01;3.3750000e+02;-2.1609871e-01;3.3750000e+02;-9.9195033e-02;3.3750000e+02;-8.9928083e-02;3.3750000e+02;-6.2849775e-02;3.3750000e+02;-2.6710443e-02;3.3750000e+02;1.6379736e-02;3.3750000e+02;6.8942465e-02;3.3750000e+02;1.3707599e-01;3.3750000e+02;2.3805645e-01;3.3750000e+02;2.9713994e-01;3.3750000e+02;2.8189284e-01;3.3750000e+02;2.1500382e-01;3.3750000e+02;1.3456081e-01;3.3750000e+02;6.1975725e-02;3.3750000e+02;2.0042062e-05;3.3750000e+02;-5.7611614e-02;3.3750000e+02;-1.1235154e-01;3.3750000e+02;-1.6412607e-01;3.3750000e+02;-2.1609871e-01;3.3750000e+02;-9.9195033e-02;3.3750000e+02;-8.9928083e-02;3.3750000e+02;-6.2849775e-02;3.3750000e+02;-2.6710443e-02;3.3750000e+02;1.6379736e-02;3.3750000e+02;6.8942465e-02;3.3750000e+02;1.3707599e-01;3.3750000e+02;2.3805645e-01;3.3750000e+02;2.9713994e-01;3.3750000e+02;2.8189284e-01;3.3750000e+02;2.1500382e-01;3.3750000e+02;1.3456081e-01;3.3750000e+02;6.1975725e-02;3.3750000e+02;2.0042062e-05;3.3750000e+02;-5.7611614e-02;3.3750000e+02;-1.1235154e-01;3.3750000e+02;-1.6412607e-01;3.3750000e+02;-2.1609871e-01;3.3750000e+02;-9.9195033e-02;3.3750000e+02;-8.9928083e-02;3.3750000e+02;-6.2849775e-02;3.3750000e+02;-2.6710443e-02;3.3750000e+02;1.6379736e-02;3.3750000e+02;6.8942465e-02;3.3750000e+02;1.3707599e-01;3.3750000e+02;2.3805645e-01;3.3750000e+02;2.9713994e-01;3.3750000e+02;2.8189284e-01;3.3750000e+02;2.1500382e-01;3.3750000e+02;1.3456081e-01;3.3750000e+02;6.1975725e-02;3.3750000e+02;2.0042062e-05;3.3750000e+02;-5.7611614e-02;3.3750000e+02;-1.1235154e-01;3.3750000e+02;-1.6412607e-01;3.3750000e+02;-2.1609871e-01;3.3750000e+02;-9.9195033e-02;3.3750000e+02;-8.9928083e-02;3.3750000e+02;-6.2849775e-02;3.3750000e+02;-2.6710443e-02;3.3750000e+02;1.6379736e-02;3.3750000e+02;6.8942465e-02;3.3750000e+02;1.3707599e-01;3.3750000e+02;2.3805645e-01;3.3750000e+02;2.9713994e-01;3.3750000e+02;2.8189284e-01;3.3750000e+02;2.1500382e-01;3.3750000e+02;1.3456081e-01;3.3750000e+02;6.1975725e-02;3.3750000e+02;2.0042062e-05;3.3750000e+02;-5.7611614e-02;3.3750000e+02;-1.1235154e-01;3.3750000e+02;-1.6412607e-01;3.3750000e+02;-2.1609871e-01;3.3750000e+02;-9.9195033e-02;3.3750000e+02;-8.9928083e-02;3.3750000e+02;-6.2849775e-02;3.3750000e+02;-2.6710443e-02;3.3750000e+02;1.6379736e-02;3.3750000e+02;6.8942465e-02;3.3750000e+02;1.3707599e-01;3.3750000e+02;2.3805645e-01;3.3750000e+02;2.9713994e-01;3.3750000e+02;2.8189284e-01;3.3750000e+02;2.1500382e-01;3.3750000e+02;1.3456081e-01;3.3750000e+02;6.1975725e-02;3.3750000e+02;2.0042062e-05;3.3750000e+02;-5.7611614e-02;3.3750000e+02;-1.1235154e-01;3.3750000e+02;-1.6412607e-01;3.3750000e+02;-2.1609871e-01;3.3750000e+02;-9.9195033e-02;3.3750000e+02;-8.9928083e-02;3.3750000e+02;-6.2849775e-02;3.3750000e+02;-2.6710443e-02;3.3750000e+02;1.6379736e-02;3.3750000e+02;6.8942465e-02;3.3750000e+02;1.3707599e-01;3.3750000e+02;2.3805645e-01;3.3750000e+02;2.9713994e-01;3.3750000e+02;2.8189284e-01;3.3750000e+02;2.1500382e-01;3.3750000e+02;1.3456081e-01;3.3750000e+02;6.1975725e-02;3.3750000e+02;2.0042062e-05;3.3750000e+02;-5.7611614e-02;3.3750000e+02;-1.1235154e-01;3.3750000e+02;-1.6412607e-01;3.3750000e+02;-2.1609871e-01;3.3750000e+02;-9.9195033e-02;3.3750000e+02;-8.9928083e-02;3.3750000e+02;-6.2849775e-02;3.3750000e+02;-2.6710443e-02;3.3750000e+02;1.6379736e-02;3.3750000e+02;6.8942465e-02;3.3750000e+02;1.3707599e-01;3.3750000e+02;2.3805645e-01;3.3750000e+02;2.9713994e-01;3.3750000e+02;2.8189284e-01;3.3750000e+02;2.1500382e-01;3.3750000e+02;1.3456081e-01;3.3750000e+02;6.1975725e-02;3.3750000e+02;2.0042062e-05;3.3750000e+02;-5.7611614e-02;3.3750000e+02;-1.1235154e-01;3.3750000e+02;-1.6412607e-01;3.3750000e+02;-2.1609871e-01;3.3750000e+02;-9.9195033e-02;3.3750000e+02;-8.9928083e-02;3.3750000e+02;-6.2849775e-02;3.3750000e+02;-2.6710443e-02;3.3750000e+02;1.6379736e-02;3.3750000e+02;6.8942465e-02;3.3750000e+02;1.3707599e-01;3.3750000e+02;2.3805645e-01;3.3750000e+02;2.9713994e-01;3.3750000e+02;2.8189284e-01;3.3750000e+02;2.1500382e-01;3.3750000e+02;1.3456081e-01;3.3750000e+02;6.1975725e-02;3.3750000e+02;2.0042062e-05;3.3750000e+02;-5.7611614e-02;3.3750000e+02;-1.1235154e-01;3.3750000e+02;-1.6412607e-01;3.3750000e+02;-2.1609871e-01;3.3750000e+02;-9.9195033e-02;3.3750000e+02;-8.9928083e-02;3.3750000e+02;-6.2849775e-02;3.3750000e+02;-2.6710443e-02;3.3750000e+02;1.6379736e-02;3.3750000e+02;6.8942465e-02;3.3750000e+02;1.3707599e-01;3.3750000e+02;2.3805645e-01;3.3750000e+02;2.9713994e-01;3.3750000e+02;2.8189284e-01;3.3750000e+02;2.1500382e-01;3.3750000e+02;1.3456081e-01;3.3750000e+02;6.1975725e-02;3.3750000e+02;2.0042062e-05;3.3750000e+02;-5.7611614e-02;3.3750000e+02;-1.1235154e-01;3.3750000e+02;-1.6412607e-01;3.3750000e+02;-2.1609871e-01;3.3750000e+02;-9.9195033e-02;3.3750000e+02;-8.9928083e-02;3.3750000e+02;-6.2849775e-02;3.3750000e+02;-2.6710443e-02;3.3750000e+02;1.6379736e-02;3.3750000e+02;6.8942465e-02;3.3750000e+02;1.3707599e-01;3.3750000e+02;2.3805645e-01;3.3750000e+02;2.9713994e-01;3.3750000e+02;2.8189284e-01;3.3750000e+02;2.1500382e-01;3.3750000e+02;1.3456081e-01;3.3750000e+02;6.1975725e-02;3.3750000e+02;2.0042062e-05;3.3750000e+02;-5.7611614e-02;3.3750000e+02;-1.1235154e-01;3.3750000e+02;-1.6412607e-01;3.3750000e+02;-2.1609871e-01;3.3750000e+02;-9.9195033e-02;3.3750000e+02;-8.9928083e-02;3.3750000e+02;-6.2849775e-02;3.3750000e+02;-2.6710443e-02;3.3750000e+02;1.6379736e-02;3.3750000e+02;6.8942465e-02;3.3750000e+02;1.3707599e-01;3.3750000e+02;2.3805645e-01;3.3750000e+02;2.9713994e-01;3.3750000e+02;2.8189284e-01;3.3750000e+02;2.1500382e-01;3.3750000e+02;1.3456081e-01;3.3750000e+02;6.1975725e-02;3.3750000e+02;2.0042062e-05;3.3750000e+02;-5.7611614e-02;3.3750000e+02;-1.1235154e-01;3.3750000e+02;-1.6412607e-01;3.3750000e+02;-2.1609871e-01;3.3750000e+02;-9.9195033e-02;3.3750000e+02;-8.9928083e-02;3.3750000e+02;-6.2849775e-02;3.3750000e+02;-2.6710443e-02;3.3750000e+02;1.6379736e-02;3.3750000e+02;6.8942465e-02;3.3750000e+02;1.3707599e-01;3.3750000e+02;2.3805645e-01;3.3750000e+02;2.9713994e-01;3.3750000e+02;2.8189284e-01;3.3750000e+02;2.1500382e-01;3.3750000e+02;1.3456081e-01;3.3750000e+02;6.1975725e-02;3.3750000e+02;2.0042062e-05;3.3750000e+02;-5.7611614e-02;3.3750000e+02;-1.1235154e-01;3.3750000e+02;-1.6412607e-01;3.3750000e+02;-2.1609871e-01;3.3750000e+02;-9.9195033e-02;3.3750000e+02;-8.9928083e-02;3.3750000e+02;-6.2849775e-02;3.3750000e+02;-2.6710443e-02;3.3750000e+02;1.6379736e-02;3.3750000e+02;6.8942465e-02;3.3750000e+02;1.3707599e-01;3.3750000e+02;2.3805645e-01;3.3750000e+02;2.9713994e-01;3.3750000e+02;2.8189284e-01;3.3750000e+02;2.1500382e-01;3.3750000e+02;1.3456081e-01;3.3750000e+02;6.1975725e-02;3.3750000e+02;2.0042062e-05;3.3750000e+02;-5.7611614e-02;3.3750000e+02;-1.1235154e-01;3.3750000e+02;-1.6412607e-01;3.3750000e+02;-2.1609871e-01;3.3750000e+02;-9.9195033e-02;3.3750000e+02;-8.9928083e-02;3.3750000e+02;-6.2849775e-02;3.3750000e+02;-2.6710443e-02;3.3750000e+02;1.6379736e-02;3.3750000e+02;6.8942465e-02;3.3750000e+02;1.3707599e-01;3.3750000e+02;2.3805645e-01;3.3750000e+02;2.9713994e-01;3.3750000e+02;2.8189284e-01;3.3750000e+02;2.1500382e-01;3.3750000e+02;1.3456081e-01;3.3750000e+02;6.1975725e-02;3.3750000e+02;2.0042062e-05;3.3750000e+02;-5.7611614e-02;3.3750000e+02;-1.1235154e-01;3.3750000e+02;-1.6412607e-01;3.3750000e+02;-2.1609871e-01;3.3750000e+02;-9.9195033e-02;3.3750000e+02;-8.9928083e-02;3.3750000e+02;-6.2849775e-02;3.3750000e+02;-2.6710443e-02;3.3750000e+02;1.6379736e-02;3.3750000e+02;6.8942465e-02;3.3750000e+02;1.3707599e-01;3.3750000e+02;2.3805645e-01;3.3750000e+02;2.9713994e-01;3.3750000e+02;2.8189284e-01;3.3750000e+02;2.1500382e-01;3.3750000e+02;1.3456081e-01;3.3750000e+02;6.1975725e-02;3.3750000e+02;2.0042062e-05;3.3750000e+02;-5.7611614e-02;3.3750000e+02;-1.1235154e-01;3.3750000e+02;-1.6412607e-01;3.3750000e+02;-2.1609871e-01;3.3750000e+02;-9.9195033e-02;3.3750000e+02;-8.9928083e-02;3.3750000e+02;-6.2849775e-02;3.3750000e+02;-2.6710443e-02;3.3750000e+02;1.6379736e-02;3.3750000e+02;6.8942465e-02;3.3750000e+02;1.3707599e-01;3.3750000e+02;2.3805645e-01;3.3750000e+02;2.9713994e-01;3.3750000e+02;2.8189284e-01;3.3750000e+02;2.1500382e-01;3.3750000e+02;1.3456081e-01;3.3750000e+02;6.1975725e-02;3.3750000e+02;2.0042062e-05;3.3750000e+02;-5.7611614e-02;3.3750000e+02;-1.1235154e-01;3.3750000e+02;-1.6412607e-01;3.3750000e+02;-2.1609871e-01;3.3750000e+02;-9.9195033e-02;3.3750000e+02;-8.9928083e-02;3.3750000e+02;-6.2849775e-02;3.3750000e+02;-2.6710443e-02;3.3750000e+02;1.6379736e-02;3.3750000e+02;6.8942465e-02;3.3750000e+02;1.3707599e-01;3.3750000e+02;2.3805645e-01;3.3750000e+02;2.9713994e-01;3.3750000e+02;2.8189284e-01;3.3750000e+02;2.1500382e-01;3.3750000e+02;1.3456081e-01;3.3750000e+02;6.1975725e-02;3.3750000e+02;2.0042062e-05;3.3750000e+02;-5.7611614e-02;3.3750000e+02;-1.1235154e-01;3.3750000e+02;-1.6412607e-01;3.3750000e+02;-2.1609871e-01;3.3750000e+02;-9.9195033e-02;3.3750000e+02;-8.9928083e-02;3.3750000e+02;-6.2849775e-02;3.3750000e+02;-2.6710443e-02;3.3750000e+02;1.6379736e-02;3.3750000e+02;6.8942465e-02;3.3750000e+02;1.3707599e-01;3.3750000e+02;2.3805645e-01;3.3750000e+02;2.9713994e-01;3.3750000e+02;2.8189284e-01;3.3750000e+02;2.1500382e-01;3.3750000e+02;1.3456081e-01;3.3750000e+02;6.1975725e-02;3.3750000e+02;2.0042062e-05;3.3750000e+02;-5.7611614e-02;3.3750000e+02;-1.1235154e-01;3.3750000e+02;-1.6412607e-01;3.3750000e+02;-2.1609871e-01;3.3750000e+02;-9.9195033e-02;3.3750000e+02;-8.9928083e-02;3.3750000e+02;-6.2849775e-02;3.3750000e+02;-2.6710443e-02;3.3750000e+02;1.6379736e-02;3.3750000e+02;6.8942465e-02;3.3750000e+02;1.3707599e-01;3.3750000e+02;2.3805645e-01;3.3750000e+02;2.9713994e-01;3.3750000e+02;2.8189284e-01;3.3750000e+02;2.1500382e-01;3.3750000e+02;1.3456081e-01;3.3750000e+02;6.1975725e-02;3.3750000e+02;2.0042062e-05;3.3750000e+02;-5.7611614e-02;3.3750000e+02;-1.1235154e-01;3.3750000e+02;-1.6412607e-01;3.3750000e+02;-2.1609871e-01;3.3750000e+02;-9.9195033e-02;3.3750000e+02;-8.9928083e-02;3.3750000e+02;-6.2849775e-02;3.3750000e+02;-2.6710443e-02;3.3750000e+02;1.6379736e-02;3.3750000e+02;6.8942465e-02;3.3750000e+02;1.3707599e-01;3.3750000e+02;2.3805645e-01;3.3750000e+02;2.9713994e-01;3.3750000e+02;2.8189284e-01;3.3750000e+02;2.1500382e-01;3.3750000e+02;1.3456081e-01;3.3750000e+02;6.1975725e-02;3.3750000e+02;2.0042062e-05;3.3750000e+02;-5.7611614e-02;3.3750000e+02;-1.1235154e-01;3.3750000e+02;-1.6412607e-01;3.3750000e+02;-2.1609871e-01;3.3750000e+02;-9.9195033e-02;3.3750000e+02;-8.9928083e-02;3.3750000e+02;-6.2849775e-02;3.3750000e+02;-2.6710443e-02;3.3750000e+02;1.6379736e-02;3.3750000e+02;6.8942465e-02;3.3750000e+02;1.3707599e-01;3.3750000e+02;2.3805645e-01;3.3750000e+02;2.9713994e-01;3.3750000e+02;2.8189284e-01;3.3750000e+02;2.1500382e-01;3.3750000e+02;1.3456081e-01;3.3750000e+02;6.1975725e-02;3.3750000e+02;2.0042062e-05;3.3750000e+02;-5.7611614e-02;3.3750000e+02;-1.1235154e-01;3.3750000e+02;-1.6412607e-01;3.3750000e+02;-2.1609871e-01;3.3750000e+02;-9.9195033e-02;3.3750000e+02;-8.9928083e-02;3.3750000e+02;-6.2849775e-02;3.3750000e+02;-2.6710443e-02;3.3750000e+02;1.6379736e-02;3.3750000e+02;6.8942465e-02;3.3750000e+02;1.3707599e-01;3.3750000e+02;2.3805645e-01;3.3750000e+02;2.9713994e-01;3.3750000e+02;2.8189284e-01;3.3750000e+02;2.1500382e-01;3.3750000e+02;1.3456081e-01;3.3750000e+02;6.1975725e-02;3.3750000e+02;2.0042062e-05;3.3750000e+02;-5.7611614e-02;3.3750000e+02;-1.1235154e-01;3.3750000e+02;-1.6412607e-01;3.3750000e+02;-2.1609871e-01;3.3750000e+02;-9.9195033e-02;3.3750000e+02;-8.9928083e-02;3.3750000e+02;-6.2849775e-02;3.3750000e+02;-2.6710443e-02;3.3750000e+02;1.6379736e-02;3.3750000e+02;6.8942465e-02;3.3750000e+02;1.3707599e-01;3.3750000e+02;2.3805645e-01;3.3750000e+02;2.9713994e-01;3.3750000e+02;2.8189284e-01;3.3750000e+02;2.1500382e-01;3.3750000e+02;1.3456081e-01;3.3750000e+02;6.1975725e-02;3.3750000e+02;2.0042062e-05;3.3750000e+02;-5.7611614e-02;3.3750000e+02;-1.1235154e-01;3.3750000e+02;-1.6412607e-01;3.3750000e+02;-2.1609871e-01;3.3750000e+02;-9.9195033e-02;3.3750000e+02;-8.9928083e-02;3.3750000e+02;-6.2849775e-02;3.3750000e+02;-2.6710443e-02;3.3750000e+02;1.6379736e-02;3.3750000e+02;6.8942465e-02;3.3750000e+02;1.3707599e-01;3.3750000e+02;2.3805645e-01;3.3750000e+02;2.9713994e-01;3.3750000e+02;2.8189284e-01;3.3750000e+02;2.1500382e-01;3.3750000e+02;1.3456081e-01;3.3750000e+02;6.1975725e-02;3.3750000e+02;2.0042062e-05;3.3750000e+02;-5.7611614e-02;3.3750000e+02;-1.1235154e-01;3.3750000e+02;-1.6412607e-01;3.3750000e+02;-2.1609871e-01;3.3750000e+02;-9.9195033e-02;3.3750000e+02;-8.9928083e-02;3.3750000e+02;-6.2849775e-02;3.3750000e+02;-2.6710443e-02;3.3750000e+02;1.6379736e-02;3.3750000e+02;6.8942465e-02;3.3750000e+02;1.3707599e-01;3.3750000e+02;2.3805645e-01;3.3750000e+02;2.9713994e-01;3.3750000e+02;2.8189284e-01;3.3750000e+02;2.1500382e-01;3.3750000e+02;1.3456081e-01;3.3750000e+02;6.1975725e-02;3.3750000e+02;2.0042062e-05;3.3750000e+02;-5.7611614e-02;3.3750000e+02;-1.1235154e-01;3.3750000e+02;-1.6412607e-01;3.3750000e+02;-2.1609871e-01;3.3750000e+02;-9.9195033e-02;3.3750000e+02;-8.9928083e-02;3.3750000e+02;-6.2849775e-02;3.3750000e+02;-2.6710443e-02;3.3750000e+02;1.6379736e-02;3.3750000e+02;6.8942465e-02;3.3750000e+02;1.3707599e-01;3.3750000e+02;2.3805645e-01;3.3750000e+02;2.9713994e-01;3.3750000e+02;2.8189284e-01;3.3750000e+02;2.1500382e-01;3.3750000e+02;1.3456081e-01;3.3750000e+02;6.1975725e-02;3.3750000e+02;2.0042062e-05;3.3750000e+02;-5.7611614e-02;3.3750000e+02;-1.1235154e-01;3.3750000e+02;-1.6412607e-01;3.3750000e+02;-2.1609871e-01;3.3750000e+02;-9.9195033e-02;3.3750000e+02;-8.9928083e-02;3.3750000e+02;-6.2849775e-02;3.3750000e+02;-2.6710443e-02;3.3750000e+02;1.6379736e-02;3.3750000e+02;6.8942465e-02;3.3750000e+02;1.3707599e-01;3.3750000e+02;2.3805645e-01;3.3750000e+02;2.9713994e-01;3.3750000e+02;2.8189284e-01;3.3750000e+02;2.1500382e-01;3.3750000e+02;1.3456081e-01;3.3750000e+02;6.1975725e-02;3.3750000e+02;2.0042062e-05;3.3750000e+02;-5.7611614e-02;3.3750000e+02;-1.1235154e-01;3.3750000e+02;-1.6412607e-01;3.3750000e+02;-2.1609871e-01;3.3750000e+02;-9.9195033e-02;3.3750000e+02;-8.9928083e-02;3.3750000e+02;-6.2849775e-02;3.3750000e+02;-2.6710443e-02;3.3750000e+02;1.6379736e-02;3.3750000e+02;6.8942465e-02;3.3750000e+02;1.3707599e-01;3.3750000e+02;2.3805645e-01;3.3750000e+02;2.9713994e-01;3.3750000e+02;2.8189284e-01;3.3750000e+02;2.1500382e-01;3.3750000e+02;1.3456081e-01;3.3750000e+02;6.1975725e-02;3.3750000e+02;2.0042062e-05;3.3750000e+02;-5.7611614e-02;3.3750000e+02;-1.1235154e-01;3.3750000e+02;-1.6412607e-01;3.3750000e+02;-2.1609871e-01;3.3750000e+02;-9.9195033e-02;3.3750000e+02;-8.9928083e-02;3.3750000e+02;-6.2849775e-02;3.3750000e+02;-2.6710443e-02;3.3750000e+02;1.6379736e-02;3.3750000e+02;6.8942465e-02;3.3750000e+02;1.3707599e-01;3.3750000e+02;2.3805645e-01;3.3750000e+02;2.9713994e-01;3.3750000e+02;2.8189284e-01;3.3750000e+02;2.1500382e-01;3.3750000e+02;1.3456081e-01;3.3750000e+02;6.1975725e-02;3.3750000e+02;2.0042062e-05;3.3750000e+02;-5.7611614e-02;3.3750000e+02;-1.1235154e-01;3.3750000e+02;-1.6412607e-01;3.3750000e+02;-2.1609871e-01;3.3750000e+02;-9.9195033e-02;3.3750000e+02;-8.9928083e-02;3.3750000e+02;-6.2849775e-02;3.3750000e+02;-2.6710443e-02;3.3750000e+02;1.6379736e-02;3.3750000e+02;6.8942465e-02;3.3750000e+02;1.3707599e-01;3.3750000e+02;2.3805645e-01;3.3750000e+02;2.9713994e-01;3.3750000e+02;2.8189284e-01;3.3750000e+02;2.1500382e-01;3.3750000e+02;1.3456081e-01;3.3750000e+02;6.1975725e-02;3.3750000e+02;2.0042062e-05;3.3750000e+02;-5.7611614e-02;3.3750000e+02;-1.1235154e-01;3.3750000e+02;-1.6412607e-01;3.3750000e+02;-2.1609871e-01;3.3750000e+02;-9.9195033e-02;3.3750000e+02;-8.9928083e-02;3.3750000e+02;-6.2849775e-02;3.3750000e+02;-2.6710443e-02;3.3750000e+02;1.6379736e-02;3.3750000e+02;6.8942465e-02;3.3750000e+02;1.3707599e-01;3.3750000e+02;2.3805645e-01;3.3750000e+02;2.9713994e-01;3.3750000e+02;2.8189284e-01;3.3750000e+02;2.1500382e-01;3.3750000e+02;1.3456081e-01;3.3750000e+02;6.1975725e-02;3.3750000e+02;2.0042062e-05;3.3750000e+02;-5.7611614e-02;3.3750000e+02;-1.1235154e-01;3.3750000e+02;-1.6412607e-01;3.3750000e+02;-2.1609871e-01;3.3750000e+02;-9.9195033e-02;3.3750000e+02;-8.9928083e-02;3.3750000e+02;-6.2849775e-02;3.3750000e+02;-2.6710443e-02;3.3750000e+02;1.6379736e-02;3.3750000e+02;6.8942465e-02;3.3750000e+02;1.3707599e-01;3.3750000e+02;2.3805645e-01;3.3750000e+02;2.9713994e-01;3.3750000e+02;2.8189284e-01;3.3750000e+02;2.1500382e-01;3.3750000e+02;1.3456081e-01;3.3750000e+02;6.1975725e-02;3.3750000e+02;2.0042062e-05;3.3750000e+02;-5.7611614e-02;3.3750000e+02;-1.1235154e-01;3.3750000e+02;-1.6412607e-01;3.3750000e+02;-2.1609871e-01;3.3750000e+02;-9.9195033e-02;3.3750000e+02;-8.9928083e-02;3.3750000e+02;-6.2849775e-02;3.3750000e+02;-2.6710443e-02;3.3750000e+02;1.6379736e-02;3.3750000e+02;6.8942465e-02;3.3750000e+02;1.3707599e-01;3.3750000e+02;2.3805645e-01;3.3750000e+02;2.9713994e-01;3.3750000e+02;2.8189284e-01;3.3750000e+02;2.1500382e-01;3.3750000e+02;1.3456081e-01;3.3750000e+02;6.1975725e-02;3.3750000e+02;2.0042062e-05;3.3750000e+02;-5.7611614e-02;3.3750000e+02;-1.1235154e-01;3.3750000e+02;-1.6412607e-01;3.3750000e+02;-2.1609871e-01;3.3750000e+02;-9.9195033e-02;3.3750000e+02;-8.9928083e-02;3.3750000e+02;-6.2849775e-02;3.3750000e+02;-2.6710443e-02;3.3750000e+02;1.6379736e-02;3.3750000e+02;6.8942465e-02;3.3750000e+02;1.3707599e-01;3.3750000e+02;2.3805645e-01;3.3750000e+02;2.9713994e-01;3.3750000e+02;2.8189284e-01;3.3750000e+02;2.1500382e-01;3.3750000e+02;1.3456081e-01;3.3750000e+02;6.1975725e-02;3.3750000e+02;2.0042062e-05;3.3750000e+02;-5.7611614e-02;3.3750000e+02;-1.1235154e-01;3.3750000e+02;-1.6412607e-01;3.3750000e+02;-2.1609871e-01;3.3750000e+02;-9.9195033e-02;3.3750000e+02;-8.9928083e-02;3.3750000e+02;-6.2849775e-02;3.3750000e+02;-2.6710443e-02;3.3750000e+02;1.6379736e-02;3.3750000e+02;6.8942465e-02;3.3750000e+02;1.3707599e-01;3.3750000e+02;2.3805645e-01;3.3750000e+02;2.9713994e-01;3.3750000e+02;2.8189284e-01;3.3750000e+02;2.1500382e-01;3.3750000e+02;1.3456081e-01;3.3750000e+02;6.1975725e-02;3.3750000e+02;2.0042062e-05;3.3750000e+02;-5.7611614e-02;3.3750000e+02;-1.1235154e-01;3.3750000e+02;-1.6412607e-01;3.3750000e+02;-2.1609871e-01;3.3750000e+02;-9.9195033e-02;3.3750000e+02;-8.9928083e-02;3.3750000e+02;-6.2849775e-02;3.3750000e+02;-2.6710443e-02;3.3750000e+02;1.6379736e-02;3.3750000e+02;6.8942465e-02;3.3750000e+02;1.3707599e-01;3.3750000e+02;2.3805645e-01;3.3750000e+02;2.9713994e-01;3.3750000e+02;2.8189284e-01;3.3750000e+02;2.1500382e-01;3.3750000e+02;1.3456081e-01;3.3750000e+02;6.1975725e-02;3.3750000e+02;2.0042062e-05;3.3750000e+02;-5.7611614e-02;3.3750000e+02;-1.1235154e-01;3.3750000e+02;-1.6412607e-01;3.3750000e+02;-2.1609871e-01;3.3750000e+02;-9.9195033e-02;3.3750000e+02;-8.9928083e-02;3.3750000e+02;-6.2849775e-02;3.3750000e+02;-2.6710443e-02;3.3750000e+02;1.6379736e-02;3.3750000e+02;6.8942465e-02;3.3750000e+02;1.3707599e-01;3.3750000e+02;2.3805645e-01;3.3750000e+02;2.9713994e-01;3.3750000e+02;2.8189284e-01;3.3750000e+02;2.1500382e-01;3.3750000e+02;1.3456081e-01;3.3750000e+02;6.1975725e-02;3.3750000e+02;2.0042062e-05;3.3750000e+02;-5.7611614e-02;3.3750000e+02;-1.1235154e-01;3.3750000e+02;-1.6412607e-01;3.3750000e+02;-2.1609871e-01;3.3750000e+02;-9.9195033e-02;3.3750000e+02;-8.9928083e-02;3.3750000e+02;-6.2849775e-02;3.3750000e+02;-2.6710443e-02;3.3750000e+02;1.6379736e-02;3.3750000e+02;6.8942465e-02;3.3750000e+02;1.3707599e-01;3.3750000e+02;2.3805645e-01;3.3750000e+02;2.9713994e-01;3.3750000e+02;2.8189284e-01;3.3750000e+02;2.1500382e-01;3.3750000e+02;1.3456081e-01;3.3750000e+02;6.1975725e-02;3.3750000e+02;2.0042062e-05;3.3750000e+02;-5.7611614e-02;3.3750000e+02;-1.1235154e-01;3.3750000e+02;-1.6412607e-01;3.3750000e+02;-2.1609871e-01;3.3750000e+02;-9.9195033e-02;3.3750000e+02;-8.9928083e-02;3.3750000e+02;-6.2849775e-02;3.3750000e+02;-2.6710443e-02;3.3750000e+02;1.6379736e-02;3.3750000e+02;6.8942465e-02;3.3750000e+02;1.3707599e-01;3.3750000e+02;2.3805645e-01;3.3750000e+02;2.9713994e-01;3.3750000e+02;2.8189284e-01;3.3750000e+02;2.1500382e-01;3.3750000e+02;1.3456081e-01;3.3750000e+02;6.1975725e-02;3.3750000e+02;2.0042062e-05;3.3750000e+02;-5.7611614e-02;3.3750000e+02;-1.1235154e-01;3.3750000e+02;-1.6412607e-01;3.3750000e+02;-2.1609871e-01;3.3750000e+02;-9.9195033e-02;3.3750000e+02;-8.9928083e-02;3.3750000e+02;-6.2849775e-02;3.3750000e+02;-2.6710443e-02;3.3750000e+02;1.6379736e-02;3.3750000e+02;6.8942465e-02;3.3750000e+02;1.3707599e-01;3.3750000e+02;2.3805645e-01;3.3750000e+02;2.9713994e-01;3.3750000e+02;2.8189284e-01;3.3750000e+02;2.1500382e-01;3.3750000e+02;1.3456081e-01;3.3750000e+02;6.1975725e-02;3.3750000e+02;2.0042062e-05;3.3750000e+02;-5.7611614e-02;3.3750000e+02;-1.1235154e-01;3.3750000e+02;-1.6412607e-01;3.3750000e+02;-2.1609871e-01;3.3750000e+02;-9.9195033e-02;3.3750000e+02;-8.9928083e-02;3.3750000e+02;-6.2849775e-02;3.3750000e+02;-2.6710443e-02;3.3750000e+02;1.6379736e-02;3.3750000e+02;6.8942465e-02;3.3750000e+02;1.3707599e-01;3.3750000e+02;2.3805645e-01;3.3750000e+02;2.9713994e-01;3.3750000e+02;2.8189284e-01;3.3750000e+02;2.1500382e-01;3.3750000e+02;1.3456081e-01;3.3750000e+02;6.1975725e-02;3.3750000e+02;2.0042062e-05;3.3750000e+02;-5.7611614e-02;3.3750000e+02;-1.1235154e-01;3.3750000e+02;-1.6412607e-01;3.3750000e+02;-2.1609871e-01
3.4250000e+02;-1.0171612e-01;3.4250000e+02;-9.9204883e-02;3.4250000e+02;-8.2128122e-02;3.4250000e+02;-5.4634556e-02;3.4250000e+02;-1.4824031e-02;3.4250000e+02;3.8151793e-02;3.4250000e+02;1.1222484e-01;3.4250000e+02;2.1779875e-01;3.4250000e+02;2.7569097e-01;3.4250000e+02;2.6770428e-01;3.4250000e+02;2.1043427e-01;3.4250000e+02;1.3401671e-01;3.4250000e+02;6.3014761e-02;3.4250000e+02;9.7236782e-04;3.4250000e+02;-5.6579910e-02;3.4250000e+02;-1.1060284e-01;3.4250000e+02;-1.6233653e-01;3.4250000e+02;-2.1538463e-01;3.4250000e+02;-1.0171612e-01;3.4250000e+02;-9.9204883e-02;3.4250000e+02;-8.2128122e-02;3.4250000e+02;-5.4634556e-02;3.4250000e+02;-1.4824031e-02;3.4250000e+02;3.8151793e-02;3.4250000e+02;1.1222484e-01;3.4250000e+02;2.1779875e-01;3.4250000e+02;2.7569097e-01;3.4250000e+02;2.6770428e-01;3.4250000e+02;2.1043427e-01;3.4250000e+02;1.3401671e-01;3.4250000e+02;6.3014761e-02;3.4250000e+02;9.7236782e-04;3.4250000e+02;-5.6579910e-02;3.4250000e+02;-1.1060284e-01;3.4250000e+02;-1.6233653e-01;3.4250000e+02;-2.1538463e-01;3.4250000e+02;-1.0171612e-01;3.4250000e+02;-9.9204883e-02;3.4250000e+02;-8.2128122e-02;3.4250000e+02;-5.4634556e-02;3.4250000e+02;-1.4824031e-02;3.4250000e+02;3.8151793e-02;3.4250000e+02;1.1222484e-01;3.4250000e+02;2.1779875e-01;3.4250000e+02;2.7569097e-01;3.4250000e+02;2.6770428e-01;3.4250000e+02;2.1043427e-01;3.4250000e+02;1.3401671e-01;3.4250000e+02;6.3014761e-02;3.4250000e+02;9.7236782e-04;3.4250000e+02;-5.6579910e-02;3.4250000e+02;-1.1060284e-01;3.4250000e+02;-1.6233653e-01;3.4250000e+02;-2.1538463e-01;3.4250000e+02;-1.0171612e-01;3.4250000e+02;-9.9204883e-02;3.4250000e+02;-8.2128122e-02;3.4250000e+02;-5.4634556e-02;3.4250000e+02;-1.4824031e-02;3.4250000e+02;3.8151793e-02;3.4250000e+02;1.1222484e-01;3.4250000e+02;2.1779875e-01;3.4250000e+02;2.7569097e-01;3.4250000e+02;2.6770428e-01;3.4250000e+02;2.1043427e-01;3.4250000e+02;1.3401671e-01;3.4250000e+02;6.3014761e-02;3.4250000e+02;9.7236782e-04;3.4250000e+02;-5.6579910e-02;3.4250000e+02;-1.1060284e-01;3.4250000e+02;-1.6233653e-01;3.4250000e+02;-2.1538463e-01;3.4250000e+02;-1.0171612e-01;3.4250000e+02;-9.9204883e-02;3.4250000e+02;-8.2128122e-02;3.4250000e+02;-5.4634556e-02;3.4250000e+02;-1.4824031e-02;3.4250000e+02;3.8151793e-02;3.4250000e+02;1.1222484e-01;3.4250000e+02;2.1779875e-01;3.4250000e+02;2.7569097e-01;3.4250000e+02;2.6770428e-01;3.4250000e+02;2.1043427e-01;3.4250000e+02;1.3401671e-01;3.4250000e+02;6.3014761e-02;3.4250000e+02;9.7236782e-04;3.4250000e+02;-5.6579910e-02;3.4250000e+02;-1.1060284e-01;3.4250000e+02;-1.6233653e-01;3.4250000e+02;-2.1538463e-01;3.4250000e+02;-1.0171612e-01;3.4250000e+02;-9.9204883e-02;3.4250000e+02;-8.2128122e-02;3.4250000e+02;-5.4634556e-02;3.4250000e+02;-1.4824031e-02;3.4250000e+02;3.8151793e-02;3.4250000e+02;1.1222484e-01;3.4250000e+02;2.1779875e-01;3.4250000e+02;2.7569097e-01;3.4250000e+02;2.6770428e-01;3.4250000e+02;2.1043427e-01;3.4250000e+02;1.3401671e-01;3.4250000e+02;6.3014761e-02;3.4250000e+02;9.7236782e-04;3.4250000e+02;-5.6579910e-02;3.4250000e+02;-1.1060284e-01;3.4250000e+02;-1.6233653e-01;3.4250000e+02;-2.1538463e-01;3.4250000e+02;-1.0171612e-01;3.4250000e+02;-9.9204883e-02;3.4250000e+02;-8.2128122e-02;3.4250000e+02;-5.4634556e-02;3.4250000e+02;-1.4824031e-02;3.4250000e+02;3.8151793e-02;3.4250000e+02;1.1222484e-01;3.4250000e+02;2.1779875e-01;3.4250000e+02;2.7569097e-01;3.4250000e+02;2.6770428e-01;3.4250000e+02;2.1043427e-01;3.4250000e+02;1.3401671e-01;3.4250000e+02;6.3014761e-02;3.4250000e+02;9.7236782e-04;3.4250000e+02;-5.6579910e-02;3.4250000e+02;-1.1060284e-01;3.4250000e+02;-1.6233653e-01;3.4250000e+02;-2.1538463e-01;3.4250000e+02;-1.0171612e-01;3.4250000e+02;-9.9204883e-02;3.4250000e+02;-8.2128122e-02;3.4250000e+02;-5.4634556e-02;3.4250000e+02;-1.4824031e-02;3.4250000e+02;3.8151793e-02;3.4250000e+02;1.1222484e-01;3.4250000e+02;2.1779875e-01;3.4250000e+02;2.7569097e-01;3.4250000e+02;2.6770428e-01;3.4250000e+02;2.1043427e-01;3.4250000e+02;1.3401671e-01;3.4250000e+02;6.3014761e-02;3.4250000e+02;9.7236782e-04;3.4250000e+02;-5.6579910e-02;3.4250000e+02;-1.1060284e-01;3.4250000e+02;-1.6233653e-01;3.4250000e+02;-2.1538463e-01;3.4250000e+02;-1.0171612e-01;3.4250000e+02;-9.9204883e-02;3.4250000e+02;-8.2128122e-02;3.4250000e+02;-5.4634556e-02;3.4250000e+02;-1.4824031e-02;3.4250000e+02;3.8151793e-02;3.4250000e+02;1.1222484e-01;3.4250000e+02;2.1779875e-01;3.4250000e+02;2.7569097e-01;3.4250000e+02;2.6770428e-01;3.4250000e+02;2.1043427e-01;3.4250000e+02;1.3401671e-01;3.4250000e+02;6.3014761e-02;3.4250000e+02;9.7236782e-04;3.4250000e+02;-5.6579910e-02;3.4250000e+02;-1.1060284e-01;3.4250000e+02;-1.6233653e-01;3.4250000e+02;-2.1538463e-01;3.4250000e+02;-1.0171612e-01;3.4250000e+02;-9.9204883e-02;3.4250000e+02;-8.2128122e-02;3.4250000e+02;-5.4634556e-02;3.4250000e+02;-1.4824031e-02;3.4250000e+02;3.8151793e-02;3.4250000e+02;1.1222484e-01;3.4250000e+02;2.1779875e-01;3.4250000e+02;2.7569097e-01;3.4250000e+02;2.6770428e-01;3.4250000e+02;2.1043427e-01;3.4250000e+02;1.3401671e-01;3.4250000e+02;6.3014761e-02;3.4250000e+02;9.7236782e-04;3.4250000e+02;-5.6579910e-02;3.4250000e+02;-1.1060284e-01;3.4250000e+02;-1.6233653e-01;3.4250000e+02;-2.1538463e-01;3.4250000e+02;-1.0171612e-01;3.4250000e+02;-9.9204883e-02;3.4250000e+02;-8.2128122e-02;3.4250000e+02;-5.4634556e-02;3.4250000e+02;-1.4824031e-02;3.4250000e+02;3.8151793e-02;3.4250000e+02;1.1222484e-01;3.4250000e+02;2.1779875e-01;3.4250000e+02;2.7569097e-01;3.4250000e+02;2.6770428e-01;3.4250000e+02;2.1043427e-01;3.4250000e+02;1.3401671e-01;3.4250000e+02;6.3014761e-02;3.4250000e+02;9.7236782e-04;3.4250000e+02;-5.6579910e-02;3.4250000e+02;-1.1060284e-01;3.4250000e+02;-1.6233653e-01;3.4250000e+02;-2.1538463e-01;3.4250000e+02;-1.0171612e-01;3.4250000e+02;-9.9204883e-02;3.4250000e+02;-8.2128122e-02;3.4250000e+02;-5.4634556e-02;3.4250000e+02;-1.4824031e-02;3.4250000e+02;3.8151793e-02;3.4250000e+02;1.1222484e-01;3.4250000e+02;2.1779875e-01;3.4250000e+02;2.7569097e-01;3.4250000e+02;2.6770428e-01;3.4250000e+02;2.1043427e-01;3.4250000e+02;1.3401671e-01;3.4250000e+02;6.3014761e-02;3.4250000e+02;9.7236782e-04;3.4250000e+02;-5.6579910e-02;3.4250000e+02;-1.1060284e-01;3.4250000e+02;-1.6233653e-01;3.4250000e+02;-2.1538463e-01;3.4250000e+02;-1.0171612e-01;3.4250000e+02;-9.9204883e-02;3.4250000e+02;-8.2128122e-02;3.4250000e+02;-5.4634556e-02;3.4250000e+02;-1.4824031e-02;3.4250000e+02;3.8151793e-02;3.4250000e+02;1.1222484e-01;3.4250000e+02;2.1779875e-01;3.4250000e+02;2.7569097e-01;3.4250000e+02;2.6770428e-01;3.4250000e+02;2.1043427e-01;3.4250000e+02;1.3401671e-01;3.4250000e+02;6.3014761e-02;3.4250000e+02;9.7236782e-04;3.4250000e+02;-5.6579910e-02;3.4250000e+02;-1.1060284e-01;3.4250000e+02;-1.6233653e-01;3.4250000e+02;-2.1538463e-01;3.4250000e+02;-1.0171612e-01;3.4250000e+02;-9.9204883e-02;3.4250000e+02;-8.2128122e-02;3.4250000e+02;-5.4634556e-02;3.4250000e+02;-1.4824031e-02;3.4250000e+02;3.8151793e-02;3.4250000e+02;1.1222484e-01;3.4250000e+02;2.1779875e-01;3.4250000e+02;2.7569097e-01;3.4250000e+02;2.6770428e-01;3.4250000e+02;2.1043427e-01;3.4250000e+02;1.3401671e-01;3.4250000e+02;6.3014761e-02;3.4250000e+02;9.7236782e-04;3.4250000e+02;-5.6579910e-02;3.4250000e+02;-1.1060284e-01;3.4250000e+02;-1.6233653e-01;3.4250000e+02;-2.1538463e-01;3.4250000e+02;-1.0171612e-01;3.4250000e+02;-9.9204883e-02;3.4250000e+02;-8.2128122e-02;3.4250000e+02;-5.4634556e-02;3.4250000e+02;-1.4824031e-02;3.4250000e+02;3.8151793e-02;3.4250000e+02;1.1222484e-01;3.4250000e+02;2.1779875e-01;3.4250000e+02;2.7569097e-01;3.4250000e+02;2.6770428e-01;3.4250000e+02;2.1043427e-01;3.4250000e+02;1.3401671e-01;3.4250000e+02;6.3014761e-02;3.4250000e+02;9.7236782e-04;3.4250000e+02;-5.6579910e-02;3.4250000e+02;-1.1060284e-01;3.4250000e+02;-1.6233653e-01;3.4250000e+02;-2.1538463e-01;3.4250000e+02;-1.0171612e-01;3.4250000e+02;-9.9204883e-02;3.4250000e+02;-8.2128122e-02;3.4250000e+02;-5.4634556e-02;3.4250000e+02;-1.4824031e-02;3.4250000e+02;3.8151793e-02;3.4250000e+02;1.1222484e-01;3.4250000e+02;2.1779875e-01;3.4250000e+02;2.7569097e-01;3.4250000e+02;2.6770428e-01;3.4250000e+02;2.1043427e-01;3.4250000e+02;1.3401671e-01;3.4250000e+02;6.3014761e-02;3.4250000e+02;9.7236782e-04;3.4250000e+02;-5.6579910e-02;3.4250000e+02;-1.1060284e-01;3.4250000e+02;-1.6233653e-01;3.4250000e+02;-2.1538463e-01;3.4250000e+02;-1.0171612e-01;3.4250000e+02;-9.9204883e-02;3.4250000e+02;-8.2128122e-02;3.4250000e+02;-5.4634556e-02;3.4250000e+02;-1.4824031e-02;3.4250000e+02;3.8151793e-02;3.4250000e+02;1.1222484e-01;3.4250000e+02;2.1779875e-01;3.4250000e+02;2.7569097e-01;3.4250000e+02;2.6770428e-01;3.4250000e+02;2.1043427e-01;3.4250000e+02;1.3401671e-01;3.4250000e+02;6.3014761e-02;3.4250000e+02;9.7236782e-04;3.4250000e+02;-5.6579910e-02;3.4250000e+02;-1.1060284e-01;3.4250000e+02;-1.6233653e-01;3.4250000e+02;-2.1538463e-01;3.4250000e+02;-1.0171612e-01;3.4250000e+02;-9.9204883e-02;3.4250000e+02;-8.2128122e-02;3.4250000e+02;-5.4634556e-02;3.4250000e+02;-1.4824031e-02;3.4250000e+02;3.8151793e-02;3.4250000e+02;1.1222484e-01;3.4250000e+02;2.1779875e-01;3.4250000e+02;2.7569097e-01;3.4250000e+02;2.6770428e-01;3.4250000e+02;2.1043427e-01;3.4250000e+02;1.3401671e-01;3.4250000e+02;6.3014761e-02;3.4250000e+02;9.7236782e-04;3.4250000e+02;-5.6579910e-02;3.4250000e+02;-1.1060284e-01;3.4250000e+02;-1.6233653e-01;3.4250000e+02;-2.1538463e-01;3.4250000e+02;-1.0171612e-01;3.4250000e+02;-9.9204883e-02;3.4250000e+02;-8.2128122e-02;3.4250000e+02;-5.4634556e-02;3.4250000e+02;-1.4824031e-02;3.4250000e+02;3.8151793e-02;3.4250000e+02;1.1222484e-01;3.4250000e+02;2.1779875e-01;3.4250000e+02;2.7569097e-01;3.4250000e+02;2.6770428e-01;3.4250000e+02;2.1043427e-01;3.4250000e+02;1.3401671e-01;3.4250000e+02;6.3014761e-02;3.4250000e+02;9.7236782e-04;3.4250000e+02;-5.6579910e-02;3.4250000e+02;-1.1060284e-01;3.4250000e+02;-1.6233653e-01;3.4250000e+02;-2.1538463e-01;3.4250000e+02;-1.0171612e-01;3.4250000e+02;-9.9204883e-02;3.4250000e+02;-8.2128122e-02;3.4250000e+02;-5.4634556e-02;3.4250000e+02;-1.4824031e-02;3.4250000e+02;3.8151793e-02;3.4250000e+02;1.1222484e-01;3.4250000e+02;2.1779875e-01;3.4250000e+02;2.7569097e-01;3.4250000e+02;2.6770428e-01;3.4250000e+02;2.1043427e-01;3.4250000e+02;1.3401671e-01;3.4250000e+02;6.3014761e-02;3.4250000e+02;9.7236782e-04;3.4250000e+02;-5.6579910e-02;3.4250000e+02;-1.1060284e-01;3.4250000e+02;-1.6233653e-01;3.4250000e+02;-2.1538463e-01;3.4250000e+02;-1.0171612e-01;3.4250000e+02;-9.9204883e-02;3.4250000e+02;-8.2128122e-02;3.4250000e+02;-5.4634556e-02;3.4250000e+02;-1.4824031e-02;3.4250000e+02;3.8151793e-02;3.4250000e+02;1.1222484e-01;3.4250000e+02;2.1779875e-01;3.4250000e+02;2.7569097e-01;3.4250000e+02;2.6770428e-01;3.4250000e+02;2.1043427e-01;3.4250000e+02;1.3401671e-01;3.4250000e+02;6.3014761e-02;3.4250000e+02;9.7236782e-04;3.4250000e+02;-5.6579910e-02;3.4250000e+02;-1.1060284e-01;3.4250000e+02;-1.6233653e-01;3.4250000e+02;-2.1538463e-01;3.4250000e+02;-1.0171612e-01;3.4250000e+02;-9.9204883e-02;3.4250000e+02;-8.2128122e-02;3.4250000e+02;-5.4634556e-02;3.4250000e+02;-1.4824031e-02;3.4250000e+02;3.8151793e-02;3.4250000e+02;1.1222484e-01;3.4250000e+02;2.1779875e-01;3.4250000e+02;2.7569097e-01;3.4250000e+02;2.6770428e-01;3.4250000e+02;2.1043427e-01;3.4250000e+02;1.3401671e-01;3.4250000e+02;6.3014761e-02;3.4250000e+02;9.7236782e-04;3.4250000e+02;-5.6579910e-02;3.4250000e+02;-1.1060284e-01;3.4250000e+02;-1.6233653e-01;3.4250000e+02;-2.1538463e-01;3.4250000e+02;-1.0171612e-01;3.4250000e+02;-9.9204883e-02;3.4250000e+02;-8.2128122e-02;3.4250000e+02;-5.4634556e-02;3.4250000e+02;-1.4824031e-02;3.4250000e+02;3.8151793e-02;3.4250000e+02;1.1222484e-01;3.4250000e+02;2.1779875e-01;3.4250000e+02;2.7569097e-01;3.4250000e+02;2.6770428e-01;3.4250000e+02;2.1043427e-01;3.4250000e+02;1.3401671e-01;3.4250000e+02;6.3014761e-02;3.4250000e+02;9.7236782e-04;3.4250000e+02;-5.6579910e-02;3.4250000e+02;-1.1060284e-01;3.4250000e+02;-1.6233653e-01;3.4250000e+02;-2.1538463e-01;3.4250000e+02;-1.0171612e-01;3.4250000e+02;-9.9204883e-02;3.4250000e+02;-8.2128122e-02;3.4250000e+02;-5.4634556e-02;3.4250000e+02;-1.4824031e-02;3.4250000e+02;3.8151793e-02;3.4250000e+02;1.1222484e-01;3.4250000e+02;2.1779875e-01;3.4250000e+02;2.7569097e-01;3.4250000e+02;2.6770428e-01;3.4250000e+02;2.1043427e-01;3.4250000e+02;1.3401671e-01;3.4250000e+02;6.3014761e-02;3.4250000e+02;9.7236782e-04;3.4250000e+02;-5.6579910e-02;3.4250000e+02;-1.1060284e-01;3.4250000e+02;-1.6233653e-01;3.4250000e+02;-2.1538463e-01;3.4250000e+02;-1.0171612e-01;3.4250000e+02;-9.9204883e-02;3.4250000e+02;-8.2128122e-02;3.4250000e+02;-5.4634556e-02;3.4250000e+02;-1.4824031e-02;3.4250000e+02;3.8151793e-02;3.4250000e+02;1.1222484e-01;3.4250000e+02;2.1779875e-01;3.4250000e+02;2.7569097e-01;3.4250000e+02;2.6770428e-01;3.4250000e+02;2.1043427e-01;3.4250000e+02;1.3401671e-01;3.4250000e+02;6.3014761e-02;3.4250000e+02;9.7236782e-04;3.4250000e+02;-5.6579910e-02;3.4250000e+02;-1.1060284e-01;3.4250000e+02;-1.6233653e-01;3.4250000e+02;-2.1538463e-01;3.4250000e+02;-1.0171612e-01;3.4250000e+02;-9.9204883e-02;3.4250000e+02;-8.2128122e-02;3.4250000e+02;-5.4634556e-02;3.4250000e+02;-1.4824031e-02;3.4250000e+02;3.8151793e-02;3.4250000e+02;1.1222484e-01;3.4250000e+02;2.1779875e-01;3.4250000e+02;2.7569097e-01;3.4250000e+02;2.6770428e-01;3.4250000e+02;2.1043427e-01;3.4250000e+02;1.3401671e-01;3.4250000e+02;6.3014761e-02;3.4250000e+02;9.7236782e-04;3.4250000e+02;-5.6579910e-02;3.4250000e+02;-1.1060284e-01;3.4250000e+02;-1.6233653e-01;3.4250000e+02;-2.1538463e-01;3.4250000e+02;-1.0171612e-01;3.4250000e+02;-9.9204883e-02;3.4250000e+02;-8.2128122e-02;3.4250000e+02;-5.4634556e-02;3.4250000e+02;-1.4824031e-02;3.4250000e+02;3.8151793e-02;3.4250000e+02;1.1222484e-01;3.4250000e+02;2.1779875e-01;3.4250000e+02;2.7569097e-01;3.4250000e+02;2.6770428e-01;3.4250000e+02;2.1043427e-01;3.4250000e+02;1.3401671e-01;3.4250000e+02;6.3014761e-02;3.4250000e+02;9.7236782e-04;3.4250000e+02;-5.6579910e-02;3.4250000e+02;-1.1060284e-01;3.4250000e+02;-1.6233653e-01;3.4250000e+02;-2.1538463e-01;3.4250000e+02;-1.0171612e-01;3.4250000e+02;-9.9204883e-02;3.4250000e+02;-8.2128122e-02;3.4250000e+02;-5.4634556e-02;3.4250000e+02;-1.4824031e-02;3.4250000e+02;3.8151793e-02;3.4250000e+02;1.1222484e-01;3.4250000e+02;2.1779875e-01;3.4250000e+02;2.7569097e-01;3.4250000e+02;2.6770428e-01;3.4250000e+02;2.1043427e-01;3.4250000e+02;1.3401671e-01;3.4250000e+02;6.3014761e-02;3.4250000e+02;9.7236782e-04;3.4250000e+02;-5.6579910e-02;3.4250000e+02;-1.1060284e-01;3.4250000e+02;-1.6233653e-01;3.4250000e+02;-2.1538463e-01;3.4250000e+02;-1.0171612e-01;3.4250000e+02;-9.9204883e-02;3.4250000e+02;-8.2128122e-02;3.4250000e+02;-5.4634556e-02;3.4250000e+02;-1.4824031e-02;3.4250000e+02;3.8151793e-02;3.4250000e+02;1.1222484e-01;3.4250000e+02;2.1779875e-01;3.4250000e+02;2.7569097e-01;3.4250000e+02;2.6770428e-01;3.4250000e+02;2.1043427e-01;3.4250000e+02;1.3401671e-01;3.4250000e+02;6.3014761e-02;3.4250000e+02;9.7236782e-04;3.4250000e+02;-5.6579910e-02;3.4250000e+02;-1.1060284e-01;3.4250000e+02;-1.6233653e-01;3.4250000e+02;-2.1538463e-01;3.4250000e+02;-1.0171612e-01;3.4250000e+02;-9.9204883e-02;3.4250000e+02;-8.2128122e-02;3.4250000e+02;-5.4634556e-02;3.4250000e+02;-1.4824031e-02;3.4250000e+02;3.8151793e-02;3.4250000e+02;1.1222484e-01;3.4250000e+02;2.1779875e-01;3.4250000e+02;2.7569097e-01;3.4250000e+02;2.6770428e-01;3.4250000e+02;2.1043427e-01;3.4250000e+02;1.3401671e-01;3.4250000e+02;6.3014761e-02;3.4250000e+02;9.7236782e-04;3.4250000e+02;-5.6579910e-02;3.4250000e+02;-1.1060284e-01;3.4250000e+02;-1.6233653e-01;3.4250000e+02;-2.1538463e-01;3.4250000e+02;-1.0171612e-01;3.4250000e+02;-9.9204883e-02;3.4250000e+02;-8.2128122e-02;3.4250000e+02;-5.4634556e-02;3.4250000e+02;-1.4824031e-02;3.4250000e+02;3.8151793e-02;3.4250000e+02;1.1222484e-01;3.4250000e+02;2.1779875e-01;3.4250000e+02;2.7569097e-01;3.4250000e+02;2.6770428e-01;3.4250000e+02;2.1043427e-01;3.4250000e+02;1.3401671e-01;3.4250000e+02;6.3014761e-02;3.4250000e+02;9.7236782e-04;3.4250000e+02;-5.6579910e-02;3.4250000e+02;-1.1060284e-01;3.4250000e+02;-1.6233653e-01;3.4250000e+02;-2.1538463e-01;3.4250000e+02;-1.0171612e-01;3.4250000e+02;-9.9204883e-02;3.4250000e+02;-8.2128122e-02;3.4250000e+02;-5.4634556e-02;3.4250000e+02;-1.4824031e-02;3.4250000e+02;3.8151793e-02;3.4250000e+02;1.1222484e-01;3.4250000e+02;2.1779875e-01;3.4250000e+02;2.7569097e-01;3.4250000e+02;2.6770428e-01;3.4250000e+02;2.1043427e-01;3.4250000e+02;1.3401671e-01;3.4250000e+02;6.3014761e-02;3.4250000e+02;9.7236782e-04;3.4250000e+02;-5.6579910e-02;3.4250000e+02;-1.1060284e-01;3.4250000e+02;-1.6233653e-01;3.4250000e+02;-2.1538463e-01;3.4250000e+02;-1.0171612e-01;3.4250000e+02;-9.9204883e-02;3.4250000e+02;-8.2128122e-02;3.4250000e+02;-5.4634556e-02;3.4250000e+02;-1.4824031e-02;3.4250000e+02;3.8151793e-02;3.4250000e+02;1.1222484e-01;3.4250000e+02;2.1779875e-01;3.4250000e+02;2.7569097e-01;3.4250000e+02;2.6770428e-01;3.4250000e+02;2.1043427e-01;3.4250000e+02;1.3401671e-01;3.4250000e+02;6.3014761e-02;3.4250000e+02;9.7236782e-04;3.4250000e+02;-5.6579910e-02;3.4250000e+02;-1.1060284e-01;3.4250000e+02;-1.6233653e-01;3.4250000e+02;-2.1538463e-01;3.4250000e+02;-1.0171612e-01;3.4250000e+02;-9.9204883e-02;3.4250000e+02;-8.2128122e-02;3.4250000e+02;-5.4634556e-02;3.4250000e+02;-1.4824031e-02;3.4250000e+02;3.8151793e-02;3.4250000e+02;1.1222484e-01;3.4250000e+02;2.1779875e-01;3.4250000e+02;2.7569097e-01;3.4250000e+02;2.6770428e-01;3.4250000e+02;2.1043427e-01;3.4250000e+02;1.3401671e-01;3.4250000e+02;6.3014761e-02;3.4250000e+02;9.7236782e-04;3.4250000e+02;-5.6579910e-02;3.4250000e+02;-1.1060284e-01;3.4250000e+02;-1.6233653e-01;3.4250000e+02;-2.1538463e-01;3.4250000e+02;-1.0171612e-01;3.4250000e+02;-9.9204883e-02;3.4250000e+02;-8.2128122e-02;3.4250000e+02;-5.4634556e-02;3.4250000e+02;-1.4824031e-02;3.4250000e+02;3.8151793e-02;3.4250000e+02;1.1222484e-01;3.4250000e+02;2.1779875e-01;3.4250000e+02;2.7569097e-01;3.4250000e+02;2.6770428e-01;3.4250000e+02;2.1043427e-01;3.4250000e+02;1.3401671e-01;3.4250000e+02;6.3014761e-02;3.4250000e+02;9.7236782e-04;3.4250000e+02;-5.6579910e-02;3.4250000e+02;-1.1060284e-01;3.4250000e+02;-1.6233653e-01;3.4250000e+02;-2.1538463e-01;3.4250000e+02;-1.0171612e-01;3.4250000e+02;-9.9204883e-02;3.4250000e+02;-8.2128122e-02;3.4250000e+02;-5.4634556e-02;3.4250000e+02;-1.4824031e-02;3.4250000e+02;3.8151793e-02;3.4250000e+02;1.1222484e-01;3.4250000e+02;2.1779875e-01;3.4250000e+02;2.7569097e-01;3.4250000e+02;2.6770428e-01;3.4250000e+02;2.1043427e-01;3.4250000e+02;1.3401671e-01;3.4250000e+02;6.3014761e-02;3.4250000e+02;9.7236782e-04;3.4250000e+02;-5.6579910e-02;3.4250000e+02;-1.1060284e-01;3.4250000e+02;-1.6233653e-01;3.4250000e+02;-2.1538463e-01;3.4250000e+02;-1.0171612e-01;3.4250000e+02;-9.9204883e-02;3.4250000e+02;-8.2128122e-02;3.4250000e+02;-5.4634556e-02;3.4250000e+02;-1.4824031e-02;3.4250000e+02;3.8151793e-02;3.4250000e+02;1.1222484e-01;3.4250000e+02;2.1779875e-01;3.4250000e+02;2.7569097e-01;3.4250000e+02;2.6770428e-01;3.4250000e+02;2.1043427e-01;3.4250000e+02;1.3401671e-01;3.4250000e+02;6.3014761e-02;3.4250000e+02;9.7236782e-04;3.4250000e+02;-5.6579910e-02;3.4250000e+02;-1.1060284e-01;3.4250000e+02;-1.6233653e-01;3.4250000e+02;-2.1538463e-01;3.4250000e+02;-1.0171612e-01;3.4250000e+02;-9.9204883e-02;3.4250000e+02;-8.2128122e-02;3.4250000e+02;-5.4634556e-02;3.4250000e+02;-1.4824031e-02;3.4250000e+02;3.8151793e-02;3.4250000e+02;1.1222484e-01;3.4250000e+02;2.1779875e-01;3.4250000e+02;2.7569097e-01;3.4250000e+02;2.6770428e-01;3.4250000e+02;2.1043427e-01;3.4250000e+02;1.3401671e-01;3.4250000e+02;6.3014761e-02;3.4250000e+02;9.7236782e-04;3.4250000e+02;-5.6579910e-02;3.4250000e+02;-1.1060284e-01;3.4250000e+02;-1.6233653e-01;3.4250000e+02;-2.1538463e-01;3.4250000e+02;-1.0171612e-01;3.4250000e+02;-9.9204883e-02;3.4250000e+02;-8.2128122e-02;3.4250000e+02;-5.4634556e-02;3.4250000e+02;-1.4824031e-02;3.4250000e+02;3.8151793e-02;3.4250000e+02;1.1222484e-01;3.4250000e+02;2.1779875e-01;3.4250000e+02;2.7569097e-01;3.4250000e+02;2.6770428e-01;3.4250000e+02;2.1043427e-01;3.4250000e+02;1.3401671e-01;3.4250000e+02;6.3014761e-02;3.4250000e+02;9.7236782e-04;3.4250000e+02;-5.6579910e-02;3.4250000e+02;-1.1060284e-01;3.4250000e+02;-1.6233653e-01;3.4250000e+02;-2.1538463e-01;3.4250000e+02;-1.0171612e-01;3.4250000e+02;-9.9204883e-02;3.4250000e+02;-8.2128122e-02;3.4250000e+02;-5.4634556e-02;3.4250000e+02;-1.4824031e-02;3.4250000e+02;3.8151793e-02;3.4250000e+02;1.1222484e-01;3.4250000e+02;2.1779875e-01;3.4250000e+02;2.7569097e-01;3.4250000e+02;2.6770428e-01;3.4250000e+02;2.1043427e-01;3.4250000e+02;1.3401671e-01;3.4250000e+02;6.3014761e-02;3.4250000e+02;9.7236782e-04;3.4250000e+02;-5.6579910e-02;3.4250000e+02;-1.1060284e-01;3.4250000e+02;-1.6233653e-01;3.4250000e+02;-2.1538463e-01;3.4250000e+02;-1.0171612e-01;3.4250000e+02;-9.9204883e-02;3.4250000e+02;-8.2128122e-02;3.4250000e+02;-5.4634556e-02;3.4250000e+02;-1.4824031e-02;3.4250000e+02;3.8151793e-02;3.4250000e+02;1.1222484e-01;3.4250000e+02;2.1779875e-01;3.4250000e+02;2.7569097e-01;3.4250000e+02;2.6770428e-01;3.4250000e+02;2.1043427e-01;3.4250000e+02;1.3401671e-01;3.4250000e+02;6.3014761e-02;3.4250000e+02;9.7236782e-04;3.4250000e+02;-5.6579910e-02;3.4250000e+02;-1.1060284e-01;3.4250000e+02;-1.6233653e-01;3.4250000e+02;-2.1538463e-01;3.4250000e+02;-1.0171612e-01;3.4250000e+02;-9.9204883e-02;3.4250000e+02;-8.2128122e-02;3.4250000e+02;-5.4634556e-02;3.4250000e+02;-1.4824031e-02;3.4250000e+02;3.8151793e-02;3.4250000e+02;1.1222484e-01;3.4250000e+02;2.1779875e-01;3.4250000e+02;2.7569097e-01;3.4250000e+02;2.6770428e-01;3.4250000e+02;2.1043427e-01;3.4250000e+02;1.3401671e-01;3.4250000e+02;6.3014761e-02;3.4250000e+02;9.7236782e-04;3.4250000e+02;-5.6579910e-02;3.4250000e+02;-1.1060284e-01;3.4250000e+02;-1.6233653e-01;3.4250000e+02;-2.1538463e-01;3.4250000e+02;-1.0171612e-01;3.4250000e+02;-9.9204883e-02;3.4250000e+02;-8.2128122e-02;3.4250000e+02;-5.4634556e-02;3.4250000e+02;-1.4824031e-02;3.4250000e+02;3.8151793e-02;3.4250000e+02;1.1222484e-01;3.4250000e+02;2.1779875e-01;3.4250000e+02;2.7569097e-01;3.4250000e+02;2.6770428e-01;3.4250000e+02;2.1043427e-01;3.4250000e+02;1.3401671e-01;3.4250000e+02;6.3014761e-02;3.4250000e+02;9.7236782e-04;3.4250000e+02;-5.6579910e-02;3.4250000e+02;-1.1060284e-01;3.4250000e+02;-1.6233653e-01;3.4250000e+02;-2.1538463e-01;3.4250000e+02;-1.0171612e-01;3.4250000e+02;-9.9204883e-02;3.4250000e+02;-8.2128122e-02;3.4250000e+02;-5.4634556e-02;3.4250000e+02;-1.4824031e-02;3.4250000e+02;3.8151793e-02;3.4250000e+02;1.1222484e-01;3.4250000e+02;2.1779875e-01;3.4250000e+02;2.7569097e-01;3.4250000e+02;2.6770428e-01;3.4250000e+02;2.1043427e-01;3.4250000e+02;1.3401671e-01;3.4250000e+02;6.3014761e-02;3.4250000e+02;9.7236782e-04;3.4250000e+02;-5.6579910e-02;3.4250000e+02;-1.1060284e-01;3.4250000e+02;-1.6233653e-01;3.4250000e+02;-2.1538463e-01;3.4250000e+02;-1.0171612e-01;3.4250000e+02;-9.9204883e-02;3.4250000e+02;-8.2128122e-02;3.4250000e+02;-5.4634556e-02;3.4250000e+02;-1.4824031e-02;3.4250000e+02;3.8151793e-02;3.4250000e+02;1.1222484e-01;3.4250000e+02;2.1779875e-01;3.4250000e+02;2.7569097e-01;3.4250000e+02;2.6770428e-01;3.4250000e+02;2.1043427e-01;3.4250000e+02;1.3401671e-01;3.4250000e+02;6.3014761e-02;3.4250000e+02;9.7236782e-04;3.4250000e+02;-5.6579910e-02;3.4250000e+02;-1.1060284e-01;3.4250000e+02;-1.6233653e-01;3.4250000e+02;-2.1538463e-01;3.4250000e+02;-1.0171612e-01;3.4250000e+02;-9.9204883e-02;3.4250000e+02;-8.2128122e-02;3.4250000e+02;-5.4634556e-02;3.4250000e+02;-1.4824031e-02;3.4250000e+02;3.8151793e-02;3.4250000e+02;1.1222484e-01;3.4250000e+02;2.1779875e-01;3.4250000e+02;2.7569097e-01;3.4250000e+02;2.6770428e-01;3.4250000e+02;2.1043427e-01;3.4250000e+02;1.3401671e-01;3.4250000e+02;6.3014761e-02;3.4250000e+02;9.7236782e-04;3.4250000e+02;-5.6579910e-02;3.4250000e+02;-1.1060284e-01;3.4250000e+02;-1.6233653e-01;3.4250000e+02;-2.1538463e-01;3.4250000e+02;-1.0171612e-01;3.4250000e+02;-9.9204883e-02;3.4250000e+02;-8.2128122e-02;3.4250000e+02;-5.4634556e-02;3.4250000e+02;-1.4824031e-02;3.4250000e+02;3.8151793e-02;3.4250000e+02;1.1222484e-01;3.4250000e+02;2.1779875e-01;3.4250000e+02;2.7569097e-01;3.4250000e+02;2.6770428e-01;3.4250000e+02;2.1043427e-01;3.4250000e+02;1.3401671e-01;3.4250000e+02;6.3014761e-02;3.4250000e+02;9.7236782e-04;3.4250000e+02;-5.6579910e-02;3.4250000e+02;-1.1060284e-01;3.4250000e+02;-1.6233653e-01;3.4250000e+02;-2.1538463e-01;3.4250000e+02;-1.0171612e-01;3.4250000e+02;-9.9204883e-02;3.4250000e+02;-8.2128122e-02;3.4250000e+02;-5.4634556e-02;3.4250000e+02;-1.4824031e-02;3.4250000e+02;3.8151793e-02;3.4250000e+02;1.1222484e-01;3.4250000e+02;2.1779875e-01;3.4250000e+02;2.7569097e-01;3.4250000e+02;2.6770428e-01;3.4250000e+02;2.1043427e-01;3.4250000e+02;1.3401671e-01;3.4250000e+02;6.3014761e-02;3.4250000e+02;9.7236782e-04;3.4250000e+02;-5.6579910e-02;3.4250000e+02;-1.1060284e-01;3.4250000e+02;-1.6233653e-01;3.4250000e+02;-2.1538463e-01;3.4250000e+02;-1.0171612e-01;3.4250000e+02;-9.9204883e-02;3.4250000e+02;-8.2128122e-02;3.4250000e+02;-5.4634556e-02;3.4250000e+02;-1.4824031e-02;3.4250000e+02;3.8151793e-02;3.4250000e+02;1.1222484e-01;3.4250000e+02;2.1779875e-01;3.4250000e+02;2.7569097e-01;3.4250000e+02;2.6770428e-01;3.4250000e+02;2.1043427e-01;3.4250000e+02;1.3401671e-01;3.4250000e+02;6.3014761e-02;3.4250000e+02;9.7236782e-04;3.4250000e+02;-5.6579910e-02;3.4250000e+02;-1.1060284e-01;3.4250000e+02;-1.6233653e-01;3.4250000e+02;-2.1538463e-01;3.4250000e+02;-1.0171612e-01;3.4250000e+02;-9.9204883e-02;3.4250000e+02;-8.2128122e-02;3.4250000e+02;-5.4634556e-02;3.4250000e+02;-1.4824031e-02;3.4250000e+02;3.8151793e-02;3.4250000e+02;1.1222484e-01;3.4250000e+02;2.1779875e-01;3.4250000e+02;2.7569097e-01;3.4250000e+02;2.6770428e-01;3.4250000e+02;2.1043427e-01;3.4250000e+02;1.3401671e-01;3.4250000e+02;6.3014761e-02;3.4250000e+02;9.7236782e-04;3.4250000e+02;-5.6579910e-02;3.4250000e+02;-1.1060284e-01;3.4250000e+02;-1.6233653e-01;3.4250000e+02;-2.1538463e-01;3.4250000e+02;-1.0171612e-01;3.4250000e+02;-9.9204883e-02;3.4250000e+02;-8.2128122e-02;3.4250000e+02;-5.4634556e-02;3.4250000e+02;-1.4824031e-02;3.4250000e+02;3.8151793e-02;3.4250000e+02;1.1222484e-01;3.4250000e+02;2.1779875e-01;3.4250000e+02;2.7569097e-01;3.4250000e+02;2.6770428e-01;3.4250000e+02;2.1043427e-01;3.4250000e+02;1.3401671e-01;3.4250000e+02;6.3014761e-02;3.4250000e+02;9.7236782e-04;3.4250000e+02;-5.6579910e-02;3.4250000e+02;-1.1060284e-01;3.4250000e+02;-1.6233653e-01;3.4250000e+02;-2.1538463e-01;3.4250000e+02;-1.0171612e-01;3.4250000e+02;-9.9204883e-02;3.4250000e+02;-8.2128122e-02;3.4250000e+02;-5.4634556e-02;3.4250000e+02;-1.4824031e-02;3.4250000e+02;3.8151793e-02;3.4250000e+02;1.1222484e-01;3.4250000e+02;2.1779875e-01;3.4250000e+02;2.7569097e-01;3.4250000e+02;2.6770428e-01;3.4250000e+02;2.1043427e-01;3.4250000e+02;1.3401671e-01;3.4250000e+02;6.3014761e-02;3.4250000e+02;9.7236782e-04;3.4250000e+02;-5.6579910e-02;3.4250000e+02;-1.1060284e-01;3.4250000e+02;-1.6233653e-01;3.4250000e+02;-2.1538463e-01;3.4250000e+02;-1.0171612e-01;3.4250000e+02;-9.9204883e-02;3.4250000e+02;-8.2128122e-02;3.4250000e+02;-5.4634556e-02;3.4250000e+02;-1.4824031e-02;3.4250000e+02;3.8151793e-02;3.4250000e+02;1.1222484e-01;3.4250000e+02;2.1779875e-01;3.4250000e+02;2.7569097e-01;3.4250000e+02;2.6770428e-01;3.4250000e+02;2.1043427e-01;3.4250000e+02;1.3401671e-01;3.4250000e+02;6.3014761e-02;3.4250000e+02;9.7236782e-04;3.4250000e+02;-5.6579910e-02;3.4250000e+02;-1.1060284e-01;3.4250000e+02;-1.6233653e-01;3.4250000e+02;-2.1538463e-01;3.4250000e+02;-1.0171612e-01;3.4250000e+02;-9.9204883e-02;3.4250000e+02;-8.2128122e-02;3.4250000e+02;-5.4634556e-02;3.4250000e+02;-1.4824031e-02;3.4250000e+02;3.8151793e-02;3.4250000e+02;1.1222484e-01;3.4250000e+02;2.1779875e-01;3.4250000e+02;2.7569097e-01;3.4250000e+02;2.6770428e-01;3.4250000e+02;2.1043427e-01;3.4250000e+02;1.3401671e-01;3.4250000e+02;6.3014761e-02;3.4250000e+02;9.7236782e-04;3.4250000e+02;-5.6579910e-02;3.4250000e+02;-1.1060284e-01;3.4250000e+02;-1.6233653e-01;3.4250000e+02;-2.1538463e-01;3.4250000e+02;-1.0171612e-01;3.4250000e+02;-9.9204883e-02;3.4250000e+02;-8.2128122e-02;3.4250000e+02;-5.4634556e-02;3.4250000e+02;-1.4824031e-02;3.4250000e+02;3.8151793e-02;3.4250000e+02;1.1222484e-01;3.4250000e+02;2.1779875e-01;3.4250000e+02;2.7569097e-01;3.4250000e+02;2.6770428e-01;3.4250000e+02;2.1043427e-01;3.4250000e+02;1.3401671e-01;3.4250000e+02;6.3014761e-02;3.4250000e+02;9.7236782e-04;3.4250000e+02;-5.6579910e-02;3.4250000e+02;-1.1060284e-01;3.4250000e+02;-1.6233653e-01;3.4250000e+02;-2.1538463e-01;3.4250000e+02;-1.0171612e-01;3.4250000e+02;-9.9204883e-02;3.4250000e+02;-8.2128122e-02;3.4250000e+02;-5.4634556e-02;3.4250000e+02;-1.4824031e-02;3.4250000e+02;3.8151793e-02;3.4250000e+02;1.1222484e-01;3.4250000e+02;2.1779875e-01;3.4250000e+02;2.7569097e-01;3.4250000e+02;2.6770428e-01;3.4250000e+02;2.1043427e-01;3.4250000e+02;1.3401671e-01;3.4250000e+02;6.3014761e-02;3.4250000e+02;9.7236782e-04;3.4250000e+02;-5.6579910e-02;3.4250000e+02;-1.1060284e-01;3.4250000e+02;-1.6233653e-01;3.4250000e+02;-2.1538463e-01;3.4250000e+02;-1.0171612e-01;3.4250000e+02;-9.9204883e-02;3.4250000e+02;-8.2128122e-02;3.4250000e+02;-5.4634556e-02;3.4250000e+02;-1.4824031e-02;3.4250000e+02;3.8151793e-02;3.4250000e+02;1.1222484e-01;3.4250000e+02;2.1779875e-01;3.4250000e+02;2.7569097e-01;3.4250000e+02;2.6770428e-01;3.4250000e+02;2.1043427e-01;3.4250000e+02;1.3401671e-01;3.4250000e+02;6.3014761e-02;3.4250000e+02;9.7236782e-04;3.4250000e+02;-5.6579910e-02;3.4250000e+02;-1.1060284e-01;3.4250000e+02;-1.6233653e-01;3.4250000e+02;-2.1538463e-01;3.4250000e+02;-1.0171612e-01;3.4250000e+02;-9.9204883e-02;3.4250000e+02;-8.2128122e-02;3.4250000e+02;-5.4634556e-02;3.4250000e+02;-1.4824031e-02;3.4250000e+02;3.8151793e-02;3.4250000e+02;1.1222484e-01;3.4250000e+02;2.1779875e-01;3.4250000e+02;2.7569097e-01;3.4250000e+02;2.6770428e-01;3.4250000e+02;2.1043427e-01;3.4250000e+02;1.3401671e-01;3.4250000e+02;6.3014761e-02;3.4250000e+02;9.7236782e-04;3.4250000e+02;-5.6579910e-02;3.4250000e+02;-1.1060284e-01;3.4250000e+02;-1.6233653e-01;3.4250000e+02;-2.1538463e-01;3.4250000e+02;-1.0171612e-01;3.4250000e+02;-9.9204883e-02;3.4250000e+02;-8.2128122e-02;3.4250000e+02;-5.4634556e-02;3.4250000e+02;-1.4824031e-02;3.4250000e+02;3.8151793e-02;3.4250000e+02;1.1222484e-01;3.4250000e+02;2.1779875e-01;3.4250000e+02;2.7569097e-01;3.4250000e+02;2.6770428e-01;3.4250000e+02;2.1043427e-01;3.4250000e+02;1.3401671e-01;3.4250000e+02;6.3014761e-02;3.4250000e+02;9.7236782e-04;3.4250000e+02;-5.6579910e-02;3.4250000e+02;-1.1060284e-01;3.4250000e+02;-1.6233653e-01;3.4250000e+02;-2.1538463e-01;3.4250000e+02;-1.0171612e-01;3.4250000e+02;-9.9204883e-02;3.4250000e+02;-8.2128122e-02;3.4250000e+02;-5.4634556e-02;3.4250000e+02;-1.4824031e-02;3.4250000e+02;3.8151793e-02;3.4250000e+02;1.1222484e-01;3.4250000e+02;2.1779875e-01;3.4250000e+02;2.7569097e-01;3.4250000e+02;2.6770428e-01;3.4250000e+02;2.1043427e-01;3.4250000e+02;1.3401671e-01;3.4250000e+02;6.3014761e-02;3.4250000e+02;9.7236782e-04;3.4250000e+02;-5.6579910e-02;3.4250000e+02;-1.1060284e-01;3.4250000e+02;-1.6233653e-01;3.4250000e+02;-2.1538463e-01;3.4250000e+02;-1.0171612e-01;3.4250000e+02;-9.9204883e-02;3.4250000e+02;-8.2128122e-02;3.4250000e+02;-5.4634556e-02;3.4250000e+02;-1.4824031e-02;3.4250000e+02;3.8151793e-02;3.4250000e+02;1.1222484e-01;3.4250000e+02;2.1779875e-01;3.4250000e+02;2.7569097e-01;3.4250000e+02;2.6770428e-01;3.4250000e+02;2.1043427e-01;3.4250000e+02;1.3401671e-01;3.4250000e+02;6.3014761e-02;3.4250000e+02;9.7236782e-04;3.4250000e+02;-5.6579910e-02;3.4250000e+02;-1.1060284e-01;3.4250000e+02;-1.6233653e-01;3.4250000e+02;-2.1538463e-01;3.4250000e+02;-1.0171612e-01;3.4250000e+02;-9.9204883e-02;3.4250000e+02;-8.2128122e-02;3.4250000e+02;-5.4634556e-02;3.4250000e+02;-1.4824031e-02;3.4250000e+02;3.8151793e-02;3.4250000e+02;1.1222484e-01;3.4250000e+02;2.1779875e-01;3.4250000e+02;2.7569097e-01;3.4250000e+02;2.6770428e-01;3.4250000e+02;2.1043427e-01;3.4250000e+02;1.3401671e-01;3.4250000e+02;6.3014761e-02;3.4250000e+02;9.7236782e-04;3.4250000e+02;-5.6579910e-02;3.4250000e+02;-1.1060284e-01;3.4250000e+02;-1.6233653e-01;3.4250000e+02;-2.1538463e-01;3.4250000e+02;-1.0171612e-01;3.4250000e+02;-9.9204883e-02;3.4250000e+02;-8.2128122e-02;3.4250000e+02;-5.4634556e-02;3.4250000e+02;-1.4824031e-02;3.4250000e+02;3.8151793e-02;3.4250000e+02;1.1222484e-01;3.4250000e+02;2.1779875e-01;3.4250000e+02;2.7569097e-01;3.4250000e+02;2.6770428e-01;3.4250000e+02;2.1043427e-01;3.4250000e+02;1.3401671e-01;3.4250000e+02;6.3014761e-02;3.4250000e+02;9.7236782e-04;3.4250000e+02;-5.6579910e-02;3.4250000e+02;-1.1060284e-01;3.4250000e+02;-1.6233653e-01;3.4250000e+02;-2.1538463e-01;3.4250000e+02;-1.0171612e-01;3.4250000e+02;-9.9204883e-02;3.4250000e+02;-8.2128122e-02;3.4250000e+02;-5.4634556e-02;3.4250000e+02;-1.4824031e-02;3.4250000e+02;3.8151793e-02;3.4250000e+02;1.1222484e-01;3.4250000e+02;2.1779875e-01;3.4250000e+02;2.7569097e-01;3.4250000e+02;2.6770428e-01;3.4250000e+02;2.1043427e-01;3.4250000e+02;1.3401671e-01;3.4250000e+02;6.3014761e-02;3.4250000e+02;9.7236782e-04;3.4250000e+02;-5.6579910e-02;3.4250000e+02;-1.1060284e-01;3.4250000e+02;-1.6233653e-01;3.4250000e+02;-2.1538463e-01;3.4250000e+02;-1.0171612e-01;3.4250000e+02;-9.9204883e-02;3.4250000e+02;-8.2128122e-02;3.4250000e+02;-5.4634556e-02;3.4250000e+02;-1.4824031e-02;3.4250000e+02;3.8151793e-02;3.4250000e+02;1.1222484e-01;3.4250000e+02;2.1779875e-01;3.4250000e+02;2.7569097e-01;3.4250000e+02;2.6770428e-01;3.4250000e+02;2.1043427e-01;3.4250000e+02;1.3401671e-01;3.4250000e+02;6.3014761e-02;3.4250000e+02;9.7236782e-04;3.4250000e+02;-5.6579910e-02;3.4250000e+02;-1.1060284e-01;3.4250000e+02;-1.6233653e-01;3.4250000e+02;-2.1538463e-01;3.4250000e+02;-1.0171612e-01;3.4250000e+02;-9.9204883e-02;3.4250000e+02;-8.2128122e-02;3.4250000e+02;-5.4634556e-02;3.4250000e+02;-1.4824031e-02;3.4250000e+02;3.8151793e-02;3.4250000e+02;1.1222484e-01;3.4250000e+02;2.1779875e-01;3.4250000e+02;2.7569097e-01;3.4250000e+02;2.6770428e-01;3.4250000e+02;2.1043427e-01;3.4250000e+02;1.3401671e-01;3.4250000e+02;6.3014761e-02;3.4250000e+02;9.7236782e-04;3.4250000e+02;-5.6579910e-02;3.4250000e+02;-1.1060284e-01;3.4250000e+02;-1.6233653e-01;3.4250000e+02;-2.1538463e-01;3.4250000e+02;-1.0171612e-01;3.4250000e+02;-9.9204883e-02;3.4250000e+02;-8.2128122e-02;3.4250000e+02;-5.4634556e-02;3.4250000e+02;-1.4824031e-02;3.4250000e+02;3.8151793e-02;3.4250000e+02;1.1222484e-01;3.4250000e+02;2.1779875e-01;3.4250000e+02;2.7569097e-01;3.4250000e+02;2.6770428e-01;3.4250000e+02;2.1043427e-01;3.4250000e+02;1.3401671e-01;3.4250000e+02;6.3014761e-02;3.4250000e+02;9.7236782e-04;3.4250000e+02;-5.6579910e-02;3.4250000e+02;-1.1060284e-01;3.4250000e+02;-1.6233653e-01;3.4250000e+02;-2.1538463e-01;3.4250000e+02;-1.0171612e-01;3.4250000e+02;-9.9204883e-02;3.4250000e+02;-8.2128122e-02;3.4250000e+02;-5.4634556e-02;3.4250000e+02;-1.4824031e-02;3.4250000e+02;3.8151793e-02;3.4250000e+02;1.1222484e-01;3.4250000e+02;2.1779875e-01;3.4250000e+02;2.7569097e-01;3.4250000e+02;2.6770428e-01;3.4250000e+02;2.1043427e-01;3.4250000e+02;1.3401671e-01;3.4250000e+02;6.3014761e-02;3.4250000e+02;9.7236782e-04;3.4250000e+02;-5.6579910e-02;3.4250000e+02;-1.1060284e-01;3.4250000e+02;-1.6233653e-01;3.4250000e+02;-2.1538463e-01;3.4250000e+02;-1.0171612e-01;3.4250000e+02;-9.9204883e-02;3.4250000e+02;-8.2128122e-02;3.4250000e+02;-5.4634556e-02;3.4250000e+02;-1.4824031e-02;3.4250000e+02;3.8151793e-02;3.4250000e+02;1.1222484e-01;3.4250000e+02;2.1779875e-01;3.4250000e+02;2.7569097e-01;3.4250000e+02;2.6770428e-01;3.4250000e+02;2.1043427e-01;3.4250000e+02;1.3401671e-01;3.4250000e+02;6.3014761e-02;3.4250000e+02;9.7236782e-04;3.4250000e+02;-5.6579910e-02;3.4250000e+02;-1.1060284e-01;3.4250000e+02;-1.6233653e-01;3.4250000e+02;-2.1538463e-01;3.4250000e+02;-1.0171612e-01;3.4250000e+02;-9.9204883e-02;3.4250000e+02;-8.2128122e-02;3.4250000e+02;-5.4634556e-02;3.4250000e+02;-1.4824031e-02;3.4250000e+02;3.8151793e-02;3.4250000e+02;1.1222484e-01;3.4250000e+02;2.1779875e-01;3.4250000e+02;2.7569097e-01;3.4250000e+02;2.6770428e-01;3.4250000e+02;2.1043427e-01;3.4250000e+02;1.3401671e-01;3.4250000e+02;6.3014761e-02;3.4250000e+02;9.7236782e-04;3.4250000e+02;-5.6579910e-02;3.4250000e+02;-1.1060284e-01;3.4250000e+02;-1.6233653e-01;3.4250000e+02;-2.1538463e-01;3.4250000e+02;-1.0171612e-01;3.4250000e+02;-9.9204883e-02;3.4250000e+02;-8.2128122e-02;3.4250000e+02;-5.4634556e-02;3.4250000e+02;-1.4824031e-02;3.4250000e+02;3.8151793e-02;3.4250000e+02;1.1222484e-01;3.4250000e+02;2.1779875e-01;3.4250000e+02;2.7569097e-01;3.4250000e+02;2.6770428e-01;3.4250000e+02;2.1043427e-01;3.4250000e+02;1.3401671e-01;3.4250000e+02;6.3014761e-02;3.4250000e+02;9.7236782e-04;3.4250000e+02;-5.6579910e-02;3.4250000e+02;-1.1060284e-01;3.4250000e+02;-1.6233653e-01;3.4250000e+02;-2.1538463e-01;3.4250000e+02;-1.0171612e-01;3.4250000e+02;-9.9204883e-02;3.4250000e+02;-8.2128122e-02;3.4250000e+02;-5.4634556e-02;3.4250000e+02;-1.4824031e-02;3.4250000e+02;3.8151793e-02;3.4250000e+02;1.1222484e-01;3.4250000e+02;2.1779875e-01;3.4250000e+02;2.7569097e-01;3.4250000e+02;2.6770428e-01;3.4250000e+02;2.1043427e-01;3.4250000e+02;1.3401671e-01;3.4250000e+02;6.3014761e-02;3.4250000e+02;9.7236782e-04;3.4250000e+02;-5.6579910e-02;3.4250000e+02;-1.1060284e-01;3.4250000e+02;-1.6233653e-01;3.4250000e+02;-2.1538463e-01;3.4250000e+02;-1.0171612e-01;3.4250000e+02;-9.9204883e-02;3.4250000e+02;-8.2128122e-02;3.4250000e+02;-5.4634556e-02;3.4250000e+02;-1.4824031e-02;3.4250000e+02;3.8151793e-02;3.4250000e+02;1.1222484e-01;3.4250000e+02;2.1779875e-01;3.4250000e+02;2.7569097e-01;3.4250000e+02;2.6770428e-01;3.4250000e+02;2.1043427e-01;3.4250000e+02;1.3401671e-01;3.4250000e+02;6.3014761e-02;3.4250000e+02;9.7236782e-04;3.4250000e+02;-5.6579910e-02;3.4250000e+02;-1.1060284e-01;3.4250000e+02;-1.6233653e-01;3.4250000e+02;-2.1538463e-01;3.4250000e+02;-1.0171612e-01;3.4250000e+02;-9.9204883e-02;3.4250000e+02;-8.2128122e-02;3.4250000e+02;-5.4634556e-02;3.4250000e+02;-1.4824031e-02;3.4250000e+02;3.8151793e-02;3.4250000e+02;1.1222484e-01;3.4250000e+02;2.1779875e-01;3.4250000e+02;2.7569097e-01;3.4250000e+02;2.6770428e-01;3.4250000e+02;2.1043427e-01;3.4250000e+02;1.3401671e-01;3.4250000e+02;6.3014761e-02;3.4250000e+02;9.7236782e-04;3.4250000e+02;-5.6579910e-02;3.4250000e+02;-1.1060284e-01;3.4250000e+02;-1.6233653e-01;3.4250000e+02;-2.1538463e-01;3.4250000e+02;-1.0171612e-01;3.4250000e+02;-9.9204883e-02;3.4250000e+02;-8.2128122e-02;3.4250000e+02;-5.4634556e-02;3.4250000e+02;-1.4824031e-02;3.4250000e+02;3.8151793e-02;3.4250000e+02;1.1222484e-01;3.4250000e+02;2.1779875e-01;3.4250000e+02;2.7569097e-01;3.4250000e+02;2.6770428e-01;3.4250000e+02;2.1043427e-01;3.4250000e+02;1.3401671e-01;3.4250000e+02;6.3014761e-02;3.4250000e+02;9.7236782e-04;3.4250000e+02;-5.6579910e-02;3.4250000e+02;-1.1060284e-01;3.4250000e+02;-1.6233653e-01;3.4250000e+02;-2.1538463e-01;3.4250000e+02;-1.0171612e-01;3.4250000e+02;-9.9204883e-02;3.4250000e+02;-8.2128122e-02;3.4250000e+02;-5.4634556e-02;3.4250000e+02;-1.4824031e-02;3.4250000e+02;3.8151793e-02;3.4250000e+02;1.1222484e-01;3.4250000e+02;2.1779875e-01;3.4250000e+02;2.7569097e-01;3.4250000e+02;2.6770428e-01;3.4250000e+02;2.1043427e-01;3.4250000e+02;1.3401671e-01;3.4250000e+02;6.3014761e-02;3.4250000e+02;9.7236782e-04;3.4250000e+02;-5.6579910e-02;3.4250000e+02;-1.1060284e-01;3.4250000e+02;-1.6233653e-01;3.4250000e+02;-2.1538463e-01;3.4250000e+02;-1.0171612e-01;3.4250000e+02;-9.9204883e-02;3.4250000e+02;-8.2128122e-02;3.4250000e+02;-5.4634556e-02;3.4250000e+02;-1.4824031e-02;3.4250000e+02;3.8151793e-02;3.4250000e+02;1.1222484e-01;3.4250000e+02;2.1779875e-01;3.4250000e+02;2.7569097e-01;3.4250000e+02;2.6770428e-01;3.4250000e+02;2.1043427e-01;3.4250000e+02;1.3401671e-01;3.4250000e+02;6.3014761e-02;3.4250000e+02;9.7236782e-04;3.4250000e+02;-5.6579910e-02;3.4250000e+02;-1.1060284e-01;3.4250000e+02;-1.6233653e-01;3.4250000e+02;-2.1538463e-01;3.4250000e+02;-1.0171612e-01;3.4250000e+02;-9.9204883e-02;3.4250000e+02;-8.2128122e-02;3.4250000e+02;-5.4634556e-02;3.4250000e+02;-1.4824031e-02;3.4250000e+02;3.8151793e-02;3.4250000e+02;1.1222484e-01;3.4250000e+02;2.1779875e-01;3.4250000e+02;2.7569097e-01;3.4250000e+02;2.6770428e-01;3.4250000e+02;2.1043427e-01;3.4250000e+02;1.3401671e-01;3.4250000e+02;6.3014761e-02;3.4250000e+02;9.7236782e-04;3.4250000e+02;-5.6579910e-02;3.4250000e+02;-1.1060284e-01;3.4250000e+02;-1.6233653e-01;3.4250000e+02;-2.1538463e-01;3.4250000e+02;-1.0171612e-01;3.4250000e+02;-9.9204883e-02;3.4250000e+02;-8.2128122e-02;3.4250000e+02;-5.4634556e-02;3.4250000e+02;-1.4824031e-02;3.4250000e+02;3.8151793e-02;3.4250000e+02;1.1222484e-01;3.4250000e+02;2.1779875e-01;3.4250000e+02;2.7569097e-01;3.4250000e+02;2.6770428e-01;3.4250000e+02;2.1043427e-01;3.4250000e+02;1.3401671e-01;3.4250000e+02;6.3014761e-02;3.4250000e+02;9.7236782e-04;3.4250000e+02;-5.6579910e-02;3.4250000e+02;-1.1060284e-01;3.4250000e+02;-1.6233653e-01;3.4250000e+02;-2.1538463e-01;3.4250000e+02;-1.0171612e-01;3.4250000e+02;-9.9204883e-02;3.4250000e+02;-8.2128122e-02;3.4250000e+02;-5.4634556e-02;3.4250000e+02;-1.4824031e-02;3.4250000e+02;3.8151793e-02;3.4250000e+02;1.1222484e-01;3.4250000e+02;2.1779875e-01;3.4250000e+02;2.7569097e-01;3.4250000e+02;2.6770428e-01;3.4250000e+02;2.1043427e-01;3.4250000e+02;1.3401671e-01;3.4250000e+02;6.3014761e-02;3.4250000e+02;9.7236782e-04;3.4250000e+02;-5.6579910e-02;3.4250000e+02;-1.1060284e-01;3.4250000e+02;-1.6233653e-01;3.4250000e+02;-2.1538463e-01;3.4250000e+02;-1.0171612e-01;3.4250000e+02;-9.9204883e-02;3.4250000e+02;-8.2128122e-02;3.4250000e+02;-5.4634556e-02;3.4250000e+02;-1.4824031e-02;3.4250000e+02;3.8151793e-02;3.4250000e+02;1.1222484e-01;3.4250000e+02;2.1779875e-01;3.4250000e+02;2.7569097e-01;3.4250000e+02;2.6770428e-01;3.4250000e+02;2.1043427e-01;3.4250000e+02;1.3401671e-01;3.4250000e+02;6.3014761e-02;3.4250000e+02;9.7236782e-04;3.4250000e+02;-5.6579910e-02;3.4250000e+02;-1.1060284e-01;3.4250000e+02;-1.6233653e-01;3.4250000e+02;-2.1538463e-01;3.4250000e+02;-1.0171612e-01;3.4250000e+02;-9.9204883e-02;3.4250000e+02;-8.2128122e-02;3.4250000e+02;-5.4634556e-02;3.4250000e+02;-1.4824031e-02;3.4250000e+02;3.8151793e-02;3.4250000e+02;1.1222484e-01;3.4250000e+02;2.1779875e-01;3.4250000e+02;2.7569097e-01;3.4250000e+02;2.6770428e-01;3.4250000e+02;2.1043427e-01;3.4250000e+02;1.3401671e-01;3.4250000e+02;6.3014761e-02;3.4250000e+02;9.7236782e-04;3.4250000e+02;-5.6579910e-02;3.4250000e+02;-1.1060284e-01;3.4250000e+02;-1.6233653e-01;3.4250000e+02;-2.1538463e-01;3.4250000e+02;-1.0171612e-01;3.4250000e+02;-9.9204883e-02;3.4250000e+02;-8.2128122e-02;3.4250000e+02;-5.4634556e-02;3.4250000e+02;-1.4824031e-02;3.4250000e+02;3.8151793e-02;3.4250000e+02;1.1222484e-01;3.4250000e+02;2.1779875e-01;3.4250000e+02;2.7569097e-01;3.4250000e+02;2.6770428e-01;3.4250000e+02;2.1043427e-01;3.4250000e+02;1.3401671e-01;3.4250000e+02;6.3014761e-02;3.4250000e+02;9.7236782e-04;3.4250000e+02;-5.6579910e-02;3.4250000e+02;-1.1060284e-01;3.4250000e+02;-1.6233653e-01;3.4250000e+02;-2.1538463e-01
3.4750000e+02;-1.0164002e-01;3.4750000e+02;-1.0853820e-01;3.4750000e+02;-1.0068330e-01;3.4750000e+02;-7.9307541e-02;3.4750000e+02;-4.0354311e-02;3.4750000e+02;1.4538255e-02;3.4750000e+02;9.3505964e-02;3.4750000e+02;1.9788125e-01;3.4750000e+02;2.5376666e-01;3.4750000e+02;2.5168130e-01;3.4750000e+02;2.0382746e-01;3.4750000e+02;1.3332346e-01;3.4750000e+02;6.5531321e-02;3.4750000e+02;4.1520894e-03;3.4750000e+02;-5.1700011e-02;3.4750000e+02;-1.0568784e-01;3.4750000e+02;-1.5766826e-01;3.4750000e+02;-2.0980111e-01;3.4750000e+02;-1.0164002e-01;3.4750000e+02;-1.0853820e-01;3.4750000e+02;-1.0068330e-01;3.4750000e+02;-7.9307541e-02;3.4750000e+02;-4.0354311e-02;3.4750000e+02;1.4538255e-02;3.4750000e+02;9.3505964e-02;3.4750000e+02;1.9788125e-01;3.4750000e+02;2.5376666e-01;3.4750000e+02;2.5168130e-01;3.4750000e+02;2.0382746e-01;3.4750000e+02;1.3332346e-01;3.4750000e+02;6.5531321e-02;3.4750000e+02;4.1520894e-03;3.4750000e+02;-5.1700011e-02;3.4750000e+02;-1.0568784e-01;3.4750000e+02;-1.5766826e-01;3.4750000e+02;-2.0980111e-01;3.4750000e+02;-1.0164002e-01;3.4750000e+02;-1.0853820e-01;3.4750000e+02;-1.0068330e-01;3.4750000e+02;-7.9307541e-02;3.4750000e+02;-4.0354311e-02;3.4750000e+02;1.4538255e-02;3.4750000e+02;9.3505964e-02;3.4750000e+02;1.9788125e-01;3.4750000e+02;2.5376666e-01;3.4750000e+02;2.5168130e-01;3.4750000e+02;2.0382746e-01;3.4750000e+02;1.3332346e-01;3.4750000e+02;6.5531321e-02;3.4750000e+02;4.1520894e-03;3.4750000e+02;-5.1700011e-02;3.4750000e+02;-1.0568784e-01;3.4750000e+02;-1.5766826e-01;3.4750000e+02;-2.0980111e-01;3.4750000e+02;-1.0164002e-01;3.4750000e+02;-1.0853820e-01;3.4750000e+02;-1.0068330e-01;3.4750000e+02;-7.9307541e-02;3.4750000e+02;-4.0354311e-02;3.4750000e+02;1.4538255e-02;3.4750000e+02;9.3505964e-02;3.4750000e+02;1.9788125e-01;3.4750000e+02;2.5376666e-01;3.4750000e+02;2.5168130e-01;3.4750000e+02;2.0382746e-01;3.4750000e+02;1.3332346e-01;3.4750000e+02;6.5531321e-02;3.4750000e+02;4.1520894e-03;3.4750000e+02;-5.1700011e-02;3.4750000e+02;-1.0568784e-01;3.4750000e+02;-1.5766826e-01;3.4750000e+02;-2.0980111e-01;3.4750000e+02;-1.0164002e-01;3.4750000e+02;-1.0853820e-01;3.4750000e+02;-1.0068330e-01;3.4750000e+02;-7.9307541e-02;3.4750000e+02;-4.0354311e-02;3.4750000e+02;1.4538255e-02;3.4750000e+02;9.3505964e-02;3.4750000e+02;1.9788125e-01;3.4750000e+02;2.5376666e-01;3.4750000e+02;2.5168130e-01;3.4750000e+02;2.0382746e-01;3.4750000e+02;1.3332346e-01;3.4750000e+02;6.5531321e-02;3.4750000e+02;4.1520894e-03;3.4750000e+02;-5.1700011e-02;3.4750000e+02;-1.0568784e-01;3.4750000e+02;-1.5766826e-01;3.4750000e+02;-2.0980111e-01;3.4750000e+02;-1.0164002e-01;3.4750000e+02;-1.0853820e-01;3.4750000e+02;-1.0068330e-01;3.4750000e+02;-7.9307541e-02;3.4750000e+02;-4.0354311e-02;3.4750000e+02;1.4538255e-02;3.4750000e+02;9.3505964e-02;3.4750000e+02;1.9788125e-01;3.4750000e+02;2.5376666e-01;3.4750000e+02;2.5168130e-01;3.4750000e+02;2.0382746e-01;3.4750000e+02;1.3332346e-01;3.4750000e+02;6.5531321e-02;3.4750000e+02;4.1520894e-03;3.4750000e+02;-5.1700011e-02;3.4750000e+02;-1.0568784e-01;3.4750000e+02;-1.5766826e-01;3.4750000e+02;-2.0980111e-01;3.4750000e+02;-1.0164002e-01;3.4750000e+02;-1.0853820e-01;3.4750000e+02;-1.0068330e-01;3.4750000e+02;-7.9307541e-02;3.4750000e+02;-4.0354311e-02;3.4750000e+02;1.4538255e-02;3.4750000e+02;9.3505964e-02;3.4750000e+02;1.9788125e-01;3.4750000e+02;2.5376666e-01;3.4750000e+02;2.5168130e-01;3.4750000e+02;2.0382746e-01;3.4750000e+02;1.3332346e-01;3.4750000e+02;6.5531321e-02;3.4750000e+02;4.1520894e-03;3.4750000e+02;-5.1700011e-02;3.4750000e+02;-1.0568784e-01;3.4750000e+02;-1.5766826e-01;3.4750000e+02;-2.0980111e-01;3.4750000e+02;-1.0164002e-01;3.4750000e+02;-1.0853820e-01;3.4750000e+02;-1.0068330e-01;3.4750000e+02;-7.9307541e-02;3.4750000e+02;-4.0354311e-02;3.4750000e+02;1.4538255e-02;3.4750000e+02;9.3505964e-02;3.4750000e+02;1.9788125e-01;3.4750000e+02;2.5376666e-01;3.4750000e+02;2.5168130e-01;3.4750000e+02;2.0382746e-01;3.4750000e+02;1.3332346e-01;3.4750000e+02;6.5531321e-02;3.4750000e+02;4.1520894e-03;3.4750000e+02;-5.1700011e-02;3.4750000e+02;-1.0568784e-01;3.4750000e+02;-1.5766826e-01;3.4750000e+02;-2.0980111e-01;3.4750000e+02;-1.0164002e-01;3.4750000e+02;-1.0853820e-01;3.4750000e+02;-1.0068330e-01;3.4750000e+02;-7.9307541e-02;3.4750000e+02;-4.0354311e-02;3.4750000e+02;1.4538255e-02;3.4750000e+02;9.3505964e-02;3.4750000e+02;1.9788125e-01;3.4750000e+02;2.5376666e-01;3.4750000e+02;2.5168130e-01;3.4750000e+02;2.0382746e-01;3.4750000e+02;1.3332346e-01;3.4750000e+02;6.5531321e-02;3.4750000e+02;4.1520894e-03;3.4750000e+02;-5.1700011e-02;3.4750000e+02;-1.0568784e-01;3.4750000e+02;-1.5766826e-01;3.4750000e+02;-2.0980111e-01;3.4750000e+02;-1.0164002e-01;3.4750000e+02;-1.0853820e-01;3.4750000e+02;-1.0068330e-01;3.4750000e+02;-7.9307541e-02;3.4750000e+02;-4.0354311e-02;3.4750000e+02;1.4538255e-02;3.4750000e+02;9.3505964e-02;3.4750000e+02;1.9788125e-01;3.4750000e+02;2.5376666e-01;3.4750000e+02;2.5168130e-01;3.4750000e+02;2.0382746e-01;3.4750000e+02;1.3332346e-01;3.4750000e+02;6.5531321e-02;3.4750000e+02;4.1520894e-03;3.4750000e+02;-5.1700011e-02;3.4750000e+02;-1.0568784e-01;3.4750000e+02;-1.5766826e-01;3.4750000e+02;-2.0980111e-01;3.4750000e+02;-1.0164002e-01;3.4750000e+02;-1.0853820e-01;3.4750000e+02;-1.0068330e-01;3.4750000e+02;-7.9307541e-02;3.4750000e+02;-4.0354311e-02;3.4750000e+02;1.4538255e-02;3.4750000e+02;9.3505964e-02;3.4750000e+02;1.9788125e-01;3.4750000e+02;2.5376666e-01;3.4750000e+02;2.5168130e-01;3.4750000e+02;2.0382746e-01;3.4750000e+02;1.3332346e-01;3.4750000e+02;6.5531321e-02;3.4750000e+02;4.1520894e-03;3.4750000e+02;-5.1700011e-02;3.4750000e+02;-1.0568784e-01;3.4750000e+02;-1.5766826e-01;3.4750000e+02;-2.0980111e-01;3.4750000e+02;-1.0164002e-01;3.4750000e+02;-1.0853820e-01;3.4750000e+02;-1.0068330e-01;3.4750000e+02;-7.9307541e-02;3.4750000e+02;-4.0354311e-02;3.4750000e+02;1.4538255e-02;3.4750000e+02;9.3505964e-02;3.4750000e+02;1.9788125e-01;3.4750000e+02;2.5376666e-01;3.4750000e+02;2.5168130e-01;3.4750000e+02;2.0382746e-01;3.4750000e+02;1.3332346e-01;3.4750000e+02;6.5531321e-02;3.4750000e+02;4.1520894e-03;3.4750000e+02;-5.1700011e-02;3.4750000e+02;-1.0568784e-01;3.4750000e+02;-1.5766826e-01;3.4750000e+02;-2.0980111e-01;3.4750000e+02;-1.0164002e-01;3.4750000e+02;-1.0853820e-01;3.4750000e+02;-1.0068330e-01;3.4750000e+02;-7.9307541e-02;3.4750000e+02;-4.0354311e-02;3.4750000e+02;1.4538255e-02;3.4750000e+02;9.3505964e-02;3.4750000e+02;1.9788125e-01;3.4750000e+02;2.5376666e-01;3.4750000e+02;2.5168130e-01;3.4750000e+02;2.0382746e-01;3.4750000e+02;1.3332346e-01;3.4750000e+02;6.5531321e-02;3.4750000e+02;4.1520894e-03;3.4750000e+02;-5.1700011e-02;3.4750000e+02;-1.0568784e-01;3.4750000e+02;-1.5766826e-01;3.4750000e+02;-2.0980111e-01;3.4750000e+02;-1.0164002e-01;3.4750000e+02;-1.0853820e-01;3.4750000e+02;-1.0068330e-01;3.4750000e+02;-7.9307541e-02;3.4750000e+02;-4.0354311e-02;3.4750000e+02;1.4538255e-02;3.4750000e+02;9.3505964e-02;3.4750000e+02;1.9788125e-01;3.4750000e+02;2.5376666e-01;3.4750000e+02;2.5168130e-01;3.4750000e+02;2.0382746e-01;3.4750000e+02;1.3332346e-01;3.4750000e+02;6.5531321e-02;3.4750000e+02;4.1520894e-03;3.4750000e+02;-5.1700011e-02;3.4750000e+02;-1.0568784e-01;3.4750000e+02;-1.5766826e-01;3.4750000e+02;-2.0980111e-01;3.4750000e+02;-1.0164002e-01;3.4750000e+02;-1.0853820e-01;3.4750000e+02;-1.0068330e-01;3.4750000e+02;-7.9307541e-02;3.4750000e+02;-4.0354311e-02;3.4750000e+02;1.4538255e-02;3.4750000e+02;9.3505964e-02;3.4750000e+02;1.9788125e-01;3.4750000e+02;2.5376666e-01;3.4750000e+02;2.5168130e-01;3.4750000e+02;2.0382746e-01;3.4750000e+02;1.3332346e-01;3.4750000e+02;6.5531321e-02;3.4750000e+02;4.1520894e-03;3.4750000e+02;-5.1700011e-02;3.4750000e+02;-1.0568784e-01;3.4750000e+02;-1.5766826e-01;3.4750000e+02;-2.0980111e-01;3.4750000e+02;-1.0164002e-01;3.4750000e+02;-1.0853820e-01;3.4750000e+02;-1.0068330e-01;3.4750000e+02;-7.9307541e-02;3.4750000e+02;-4.0354311e-02;3.4750000e+02;1.4538255e-02;3.4750000e+02;9.3505964e-02;3.4750000e+02;1.9788125e-01;3.4750000e+02;2.5376666e-01;3.4750000e+02;2.5168130e-01;3.4750000e+02;2.0382746e-01;3.4750000e+02;1.3332346e-01;3.4750000e+02;6.5531321e-02;3.4750000e+02;4.1520894e-03;3.4750000e+02;-5.1700011e-02;3.4750000e+02;-1.0568784e-01;3.4750000e+02;-1.5766826e-01;3.4750000e+02;-2.0980111e-01;3.4750000e+02;-1.0164002e-01;3.4750000e+02;-1.0853820e-01;3.4750000e+02;-1.0068330e-01;3.4750000e+02;-7.9307541e-02;3.4750000e+02;-4.0354311e-02;3.4750000e+02;1.4538255e-02;3.4750000e+02;9.3505964e-02;3.4750000e+02;1.9788125e-01;3.4750000e+02;2.5376666e-01;3.4750000e+02;2.5168130e-01;3.4750000e+02;2.0382746e-01;3.4750000e+02;1.3332346e-01;3.4750000e+02;6.5531321e-02;3.4750000e+02;4.1520894e-03;3.4750000e+02;-5.1700011e-02;3.4750000e+02;-1.0568784e-01;3.4750000e+02;-1.5766826e-01;3.4750000e+02;-2.0980111e-01;3.4750000e+02;-1.0164002e-01;3.4750000e+02;-1.0853820e-01;3.4750000e+02;-1.0068330e-01;3.4750000e+02;-7.9307541e-02;3.4750000e+02;-4.0354311e-02;3.4750000e+02;1.4538255e-02;3.4750000e+02;9.3505964e-02;3.4750000e+02;1.9788125e-01;3.4750000e+02;2.5376666e-01;3.4750000e+02;2.5168130e-01;3.4750000e+02;2.0382746e-01;3.4750000e+02;1.3332346e-01;3.4750000e+02;6.5531321e-02;3.4750000e+02;4.1520894e-03;3.4750000e+02;-5.1700011e-02;3.4750000e+02;-1.0568784e-01;3.4750000e+02;-1.5766826e-01;3.4750000e+02;-2.0980111e-01;3.4750000e+02;-1.0164002e-01;3.4750000e+02;-1.0853820e-01;3.4750000e+02;-1.0068330e-01;3.4750000e+02;-7.9307541e-02;3.4750000e+02;-4.0354311e-02;3.4750000e+02;1.4538255e-02;3.4750000e+02;9.3505964e-02;3.4750000e+02;1.9788125e-01;3.4750000e+02;2.5376666e-01;3.4750000e+02;2.5168130e-01;3.4750000e+02;2.0382746e-01;3.4750000e+02;1.3332346e-01;3.4750000e+02;6.5531321e-02;3.4750000e+02;4.1520894e-03;3.4750000e+02;-5.1700011e-02;3.4750000e+02;-1.0568784e-01;3.4750000e+02;-1.5766826e-01;3.4750000e+02;-2.0980111e-01;3.4750000e+02;-1.0164002e-01;3.4750000e+02;-1.0853820e-01;3.4750000e+02;-1.0068330e-01;3.4750000e+02;-7.9307541e-02;3.4750000e+02;-4.0354311e-02;3.4750000e+02;1.4538255e-02;3.4750000e+02;9.3505964e-02;3.4750000e+02;1.9788125e-01;3.4750000e+02;2.5376666e-01;3.4750000e+02;2.5168130e-01;3.4750000e+02;2.0382746e-01;3.4750000e+02;1.3332346e-01;3.4750000e+02;6.5531321e-02;3.4750000e+02;4.1520894e-03;3.4750000e+02;-5.1700011e-02;3.4750000e+02;-1.0568784e-01;3.4750000e+02;-1.5766826e-01;3.4750000e+02;-2.0980111e-01;3.4750000e+02;-1.0164002e-01;3.4750000e+02;-1.0853820e-01;3.4750000e+02;-1.0068330e-01;3.4750000e+02;-7.9307541e-02;3.4750000e+02;-4.0354311e-02;3.4750000e+02;1.4538255e-02;3.4750000e+02;9.3505964e-02;3.4750000e+02;1.9788125e-01;3.4750000e+02;2.5376666e-01;3.4750000e+02;2.5168130e-01;3.4750000e+02;2.0382746e-01;3.4750000e+02;1.3332346e-01;3.4750000e+02;6.5531321e-02;3.4750000e+02;4.1520894e-03;3.4750000e+02;-5.1700011e-02;3.4750000e+02;-1.0568784e-01;3.4750000e+02;-1.5766826e-01;3.4750000e+02;-2.0980111e-01;3.4750000e+02;-1.0164002e-01;3.4750000e+02;-1.0853820e-01;3.4750000e+02;-1.0068330e-01;3.4750000e+02;-7.9307541e-02;3.4750000e+02;-4.0354311e-02;3.4750000e+02;1.4538255e-02;3.4750000e+02;9.3505964e-02;3.4750000e+02;1.9788125e-01;3.4750000e+02;2.5376666e-01;3.4750000e+02;2.5168130e-01;3.4750000e+02;2.0382746e-01;3.4750000e+02;1.3332346e-01;3.4750000e+02;6.5531321e-02;3.4750000e+02;4.1520894e-03;3.4750000e+02;-5.1700011e-02;3.4750000e+02;-1.0568784e-01;3.4750000e+02;-1.5766826e-01;3.4750000e+02;-2.0980111e-01;3.4750000e+02;-1.0164002e-01;3.4750000e+02;-1.0853820e-01;3.4750000e+02;-1.0068330e-01;3.4750000e+02;-7.9307541e-02;3.4750000e+02;-4.0354311e-02;3.4750000e+02;1.4538255e-02;3.4750000e+02;9.3505964e-02;3.4750000e+02;1.9788125e-01;3.4750000e+02;2.5376666e-01;3.4750000e+02;2.5168130e-01;3.4750000e+02;2.0382746e-01;3.4750000e+02;1.3332346e-01;3.4750000e+02;6.5531321e-02;3.4750000e+02;4.1520894e-03;3.4750000e+02;-5.1700011e-02;3.4750000e+02;-1.0568784e-01;3.4750000e+02;-1.5766826e-01;3.4750000e+02;-2.0980111e-01;3.4750000e+02;-1.0164002e-01;3.4750000e+02;-1.0853820e-01;3.4750000e+02;-1.0068330e-01;3.4750000e+02;-7.9307541e-02;3.4750000e+02;-4.0354311e-02;3.4750000e+02;1.4538255e-02;3.4750000e+02;9.3505964e-02;3.4750000e+02;1.9788125e-01;3.4750000e+02;2.5376666e-01;3.4750000e+02;2.5168130e-01;3.4750000e+02;2.0382746e-01;3.4750000e+02;1.3332346e-01;3.4750000e+02;6.5531321e-02;3.4750000e+02;4.1520894e-03;3.4750000e+02;-5.1700011e-02;3.4750000e+02;-1.0568784e-01;3.4750000e+02;-1.5766826e-01;3.4750000e+02;-2.0980111e-01;3.4750000e+02;-1.0164002e-01;3.4750000e+02;-1.0853820e-01;3.4750000e+02;-1.0068330e-01;3.4750000e+02;-7.9307541e-02;3.4750000e+02;-4.0354311e-02;3.4750000e+02;1.4538255e-02;3.4750000e+02;9.3505964e-02;3.4750000e+02;1.9788125e-01;3.4750000e+02;2.5376666e-01;3.4750000e+02;2.5168130e-01;3.4750000e+02;2.0382746e-01;3.4750000e+02;1.3332346e-01;3.4750000e+02;6.5531321e-02;3.4750000e+02;4.1520894e-03;3.4750000e+02;-5.1700011e-02;3.4750000e+02;-1.0568784e-01;3.4750000e+02;-1.5766826e-01;3.4750000e+02;-2.0980111e-01;3.4750000e+02;-1.0164002e-01;3.4750000e+02;-1.0853820e-01;3.4750000e+02;-1.0068330e-01;3.4750000e+02;-7.9307541e-02;3.4750000e+02;-4.0354311e-02;3.4750000e+02;1.4538255e-02;3.4750000e+02;9.3505964e-02;3.4750000e+02;1.9788125e-01;3.4750000e+02;2.5376666e-01;3.4750000e+02;2.5168130e-01;3.4750000e+02;2.0382746e-01;3.4750000e+02;1.3332346e-01;3.4750000e+02;6.5531321e-02;3.4750000e+02;4.1520894e-03;3.4750000e+02;-5.1700011e-02;3.4750000e+02;-1.0568784e-01;3.4750000e+02;-1.5766826e-01;3.4750000e+02;-2.0980111e-01;3.4750000e+02;-1.0164002e-01;3.4750000e+02;-1.0853820e-01;3.4750000e+02;-1.0068330e-01;3.4750000e+02;-7.9307541e-02;3.4750000e+02;-4.0354311e-02;3.4750000e+02;1.4538255e-02;3.4750000e+02;9.3505964e-02;3.4750000e+02;1.9788125e-01;3.4750000e+02;2.5376666e-01;3.4750000e+02;2.5168130e-01;3.4750000e+02;2.0382746e-01;3.4750000e+02;1.3332346e-01;3.4750000e+02;6.5531321e-02;3.4750000e+02;4.1520894e-03;3.4750000e+02;-5.1700011e-02;3.4750000e+02;-1.0568784e-01;3.4750000e+02;-1.5766826e-01;3.4750000e+02;-2.0980111e-01;3.4750000e+02;-1.0164002e-01;3.4750000e+02;-1.0853820e-01;3.4750000e+02;-1.0068330e-01;3.4750000e+02;-7.9307541e-02;3.4750000e+02;-4.0354311e-02;3.4750000e+02;1.4538255e-02;3.4750000e+02;9.3505964e-02;3.4750000e+02;1.9788125e-01;3.4750000e+02;2.5376666e-01;3.4750000e+02;2.5168130e-01;3.4750000e+02;2.0382746e-01;3.4750000e+02;1.3332346e-01;3.4750000e+02;6.5531321e-02;3.4750000e+02;4.1520894e-03;3.4750000e+02;-5.1700011e-02;3.4750000e+02;-1.0568784e-01;3.4750000e+02;-1.5766826e-01;3.4750000e+02;-2.0980111e-01;3.4750000e+02;-1.0164002e-01;3.4750000e+02;-1.0853820e-01;3.4750000e+02;-1.0068330e-01;3.4750000e+02;-7.9307541e-02;3.4750000e+02;-4.0354311e-02;3.4750000e+02;1.4538255e-02;3.4750000e+02;9.3505964e-02;3.4750000e+02;1.9788125e-01;3.4750000e+02;2.5376666e-01;3.4750000e+02;2.5168130e-01;3.4750000e+02;2.0382746e-01;3.4750000e+02;1.3332346e-01;3.4750000e+02;6.5531321e-02;3.4750000e+02;4.1520894e-03;3.4750000e+02;-5.1700011e-02;3.4750000e+02;-1.0568784e-01;3.4750000e+02;-1.5766826e-01;3.4750000e+02;-2.0980111e-01;3.4750000e+02;-1.0164002e-01;3.4750000e+02;-1.0853820e-01;3.4750000e+02;-1.0068330e-01;3.4750000e+02;-7.9307541e-02;3.4750000e+02;-4.0354311e-02;3.4750000e+02;1.4538255e-02;3.4750000e+02;9.3505964e-02;3.4750000e+02;1.9788125e-01;3.4750000e+02;2.5376666e-01;3.4750000e+02;2.5168130e-01;3.4750000e+02;2.0382746e-01;3.4750000e+02;1.3332346e-01;3.4750000e+02;6.5531321e-02;3.4750000e+02;4.1520894e-03;3.4750000e+02;-5.1700011e-02;3.4750000e+02;-1.0568784e-01;3.4750000e+02;-1.5766826e-01;3.4750000e+02;-2.0980111e-01;3.4750000e+02;-1.0164002e-01;3.4750000e+02;-1.0853820e-01;3.4750000e+02;-1.0068330e-01;3.4750000e+02;-7.9307541e-02;3.4750000e+02;-4.0354311e-02;3.4750000e+02;1.4538255e-02;3.4750000e+02;9.3505964e-02;3.4750000e+02;1.9788125e-01;3.4750000e+02;2.5376666e-01;3.4750000e+02;2.5168130e-01;3.4750000e+02;2.0382746e-01;3.4750000e+02;1.3332346e-01;3.4750000e+02;6.5531321e-02;3.4750000e+02;4.1520894e-03;3.4750000e+02;-5.1700011e-02;3.4750000e+02;-1.0568784e-01;3.4750000e+02;-1.5766826e-01;3.4750000e+02;-2.0980111e-01;3.4750000e+02;-1.0164002e-01;3.4750000e+02;-1.0853820e-01;3.4750000e+02;-1.0068330e-01;3.4750000e+02;-7.9307541e-02;3.4750000e+02;-4.0354311e-02;3.4750000e+02;1.4538255e-02;3.4750000e+02;9.3505964e-02;3.4750000e+02;1.9788125e-01;3.4750000e+02;2.5376666e-01;3.4750000e+02;2.5168130e-01;3.4750000e+02;2.0382746e-01;3.4750000e+02;1.3332346e-01;3.4750000e+02;6.5531321e-02;3.4750000e+02;4.1520894e-03;3.4750000e+02;-5.1700011e-02;3.4750000e+02;-1.0568784e-01;3.4750000e+02;-1.5766826e-01;3.4750000e+02;-2.0980111e-01;3.4750000e+02;-1.0164002e-01;3.4750000e+02;-1.0853820e-01;3.4750000e+02;-1.0068330e-01;3.4750000e+02;-7.9307541e-02;3.4750000e+02;-4.0354311e-02;3.4750000e+02;1.4538255e-02;3.4750000e+02;9.3505964e-02;3.4750000e+02;1.9788125e-01;3.4750000e+02;2.5376666e-01;3.4750000e+02;2.5168130e-01;3.4750000e+02;2.0382746e-01;3.4750000e+02;1.3332346e-01;3.4750000e+02;6.5531321e-02;3.4750000e+02;4.1520894e-03;3.4750000e+02;-5.1700011e-02;3.4750000e+02;-1.0568784e-01;3.4750000e+02;-1.5766826e-01;3.4750000e+02;-2.0980111e-01;3.4750000e+02;-1.0164002e-01;3.4750000e+02;-1.0853820e-01;3.4750000e+02;-1.0068330e-01;3.4750000e+02;-7.9307541e-02;3.4750000e+02;-4.0354311e-02;3.4750000e+02;1.4538255e-02;3.4750000e+02;9.3505964e-02;3.4750000e+02;1.9788125e-01;3.4750000e+02;2.5376666e-01;3.4750000e+02;2.5168130e-01;3.4750000e+02;2.0382746e-01;3.4750000e+02;1.3332346e-01;3.4750000e+02;6.5531321e-02;3.4750000e+02;4.1520894e-03;3.4750000e+02;-5.1700011e-02;3.4750000e+02;-1.0568784e-01;3.4750000e+02;-1.5766826e-01;3.4750000e+02;-2.0980111e-01;3.4750000e+02;-1.0164002e-01;3.4750000e+02;-1.0853820e-01;3.4750000e+02;-1.0068330e-01;3.4750000e+02;-7.9307541e-02;3.4750000e+02;-4.0354311e-02;3.4750000e+02;1.4538255e-02;3.4750000e+02;9.3505964e-02;3.4750000e+02;1.9788125e-01;3.4750000e+02;2.5376666e-01;3.4750000e+02;2.5168130e-01;3.4750000e+02;2.0382746e-01;3.4750000e+02;1.3332346e-01;3.4750000e+02;6.5531321e-02;3.4750000e+02;4.1520894e-03;3.4750000e+02;-5.1700011e-02;3.4750000e+02;-1.0568784e-01;3.4750000e+02;-1.5766826e-01;3.4750000e+02;-2.0980111e-01;3.4750000e+02;-1.0164002e-01;3.4750000e+02;-1.0853820e-01;3.4750000e+02;-1.0068330e-01;3.4750000e+02;-7.9307541e-02;3.4750000e+02;-4.0354311e-02;3.4750000e+02;1.4538255e-02;3.4750000e+02;9.3505964e-02;3.4750000e+02;1.9788125e-01;3.4750000e+02;2.5376666e-01;3.4750000e+02;2.5168130e-01;3.4750000e+02;2.0382746e-01;3.4750000e+02;1.3332346e-01;3.4750000e+02;6.5531321e-02;3.4750000e+02;4.1520894e-03;3.4750000e+02;-5.1700011e-02;3.4750000e+02;-1.0568784e-01;3.4750000e+02;-1.5766826e-01;3.4750000e+02;-2.0980111e-01;3.4750000e+02;-1.0164002e-01;3.4750000e+02;-1.0853820e-01;3.4750000e+02;-1.0068330e-01;3.4750000e+02;-7.9307541e-02;3.4750000e+02;-4.0354311e-02;3.4750000e+02;1.4538255e-02;3.4750000e+02;9.3505964e-02;3.4750000e+02;1.9788125e-01;3.4750000e+02;2.5376666e-01;3.4750000e+02;2.5168130e-01;3.4750000e+02;2.0382746e-01;3.4750000e+02;1.3332346e-01;3.4750000e+02;6.5531321e-02;3.4750000e+02;4.1520894e-03;3.4750000e+02;-5.1700011e-02;3.4750000e+02;-1.0568784e-01;3.4750000e+02;-1.5766826e-01;3.4750000e+02;-2.0980111e-01;3.4750000e+02;-1.0164002e-01;3.4750000e+02;-1.0853820e-01;3.4750000e+02;-1.0068330e-01;3.4750000e+02;-7.9307541e-02;3.4750000e+02;-4.0354311e-02;3.4750000e+02;1.4538255e-02;3.4750000e+02;9.3505964e-02;3.4750000e+02;1.9788125e-01;3.4750000e+02;2.5376666e-01;3.4750000e+02;2.5168130e-01;3.4750000e+02;2.0382746e-01;3.4750000e+02;1.3332346e-01;3.4750000e+02;6.5531321e-02;3.4750000e+02;4.1520894e-03;3.4750000e+02;-5.1700011e-02;3.4750000e+02;-1.0568784e-01;3.4750000e+02;-1.5766826e-01;3.4750000e+02;-2.0980111e-01;3.4750000e+02;-1.0164002e-01;3.4750000e+02;-1.0853820e-01;3.4750000e+02;-1.0068330e-01;3.4750000e+02;-7.9307541e-02;3.4750000e+02;-4.0354311e-02;3.4750000e+02;1.4538255e-02;3.4750000e+02;9.3505964e-02;3.4750000e+02;1.9788125e-01;3.4750000e+02;2.5376666e-01;3.4750000e+02;2.5168130e-01;3.4750000e+02;2.0382746e-01;3.4750000e+02;1.3332346e-01;3.4750000e+02;6.5531321e-02;3.4750000e+02;4.1520894e-03;3.4750000e+02;-5.1700011e-02;3.4750000e+02;-1.0568784e-01;3.4750000e+02;-1.5766826e-01;3.4750000e+02;-2.0980111e-01;3.4750000e+02;-1.0164002e-01;3.4750000e+02;-1.0853820e-01;3.4750000e+02;-1.0068330e-01;3.4750000e+02;-7.9307541e-02;3.4750000e+02;-4.0354311e-02;3.4750000e+02;1.4538255e-02;3.4750000e+02;9.3505964e-02;3.4750000e+02;1.9788125e-01;3.4750000e+02;2.5376666e-01;3.4750000e+02;2.5168130e-01;3.4750000e+02;2.0382746e-01;3.4750000e+02;1.3332346e-01;3.4750000e+02;6.5531321e-02;3.4750000e+02;4.1520894e-03;3.4750000e+02;-5.1700011e-02;3.4750000e+02;-1.0568784e-01;3.4750000e+02;-1.5766826e-01;3.4750000e+02;-2.0980111e-01;3.4750000e+02;-1.0164002e-01;3.4750000e+02;-1.0853820e-01;3.4750000e+02;-1.0068330e-01;3.4750000e+02;-7.9307541e-02;3.4750000e+02;-4.0354311e-02;3.4750000e+02;1.4538255e-02;3.4750000e+02;9.3505964e-02;3.4750000e+02;1.9788125e-01;3.4750000e+02;2.5376666e-01;3.4750000e+02;2.5168130e-01;3.4750000e+02;2.0382746e-01;3.4750000e+02;1.3332346e-01;3.4750000e+02;6.5531321e-02;3.4750000e+02;4.1520894e-03;3.4750000e+02;-5.1700011e-02;3.4750000e+02;-1.0568784e-01;3.4750000e+02;-1.5766826e-01;3.4750000e+02;-2.0980111e-01;3.4750000e+02;-1.0164002e-01;3.4750000e+02;-1.0853820e-01;3.4750000e+02;-1.0068330e-01;3.4750000e+02;-7.9307541e-02;3.4750000e+02;-4.0354311e-02;3.4750000e+02;1.4538255e-02;3.4750000e+02;9.3505964e-02;3.4750000e+02;1.9788125e-01;3.4750000e+02;2.5376666e-01;3.4750000e+02;2.5168130e-01;3.4750000e+02;2.0382746e-01;3.4750000e+02;1.3332346e-01;3.4750000e+02;6.5531321e-02;3.4750000e+02;4.1520894e-03;3.4750000e+02;-5.1700011e-02;3.4750000e+02;-1.0568784e-01;3.4750000e+02;-1.5766826e-01;3.4750000e+02;-2.0980111e-01;3.4750000e+02;-1.0164002e-01;3.4750000e+02;-1.0853820e-01;3.4750000e+02;-1.0068330e-01;3.4750000e+02;-7.9307541e-02;3.4750000e+02;-4.0354311e-02;3.4750000e+02;1.4538255e-02;3.4750000e+02;9.3505964e-02;3.4750000e+02;1.9788125e-01;3.4750000e+02;2.5376666e-01;3.4750000e+02;2.5168130e-01;3.4750000e+02;2.0382746e-01;3.4750000e+02;1.3332346e-01;3.4750000e+02;6.5531321e-02;3.4750000e+02;4.1520894e-03;3.4750000e+02;-5.1700011e-02;3.4750000e+02;-1.0568784e-01;3.4750000e+02;-1.5766826e-01;3.4750000e+02;-2.0980111e-01;3.4750000e+02;-1.0164002e-01;3.4750000e+02;-1.0853820e-01;3.4750000e+02;-1.0068330e-01;3.4750000e+02;-7.9307541e-02;3.4750000e+02;-4.0354311e-02;3.4750000e+02;1.4538255e-02;3.4750000e+02;9.3505964e-02;3.4750000e+02;1.9788125e-01;3.4750000e+02;2.5376666e-01;3.4750000e+02;2.5168130e-01;3.4750000e+02;2.0382746e-01;3.4750000e+02;1.3332346e-01;3.4750000e+02;6.5531321e-02;3.4750000e+02;4.1520894e-03;3.4750000e+02;-5.1700011e-02;3.4750000e+02;-1.0568784e-01;3.4750000e+02;-1.5766826e-01;3.4750000e+02;-2.0980111e-01;3.4750000e+02;-1.0164002e-01;3.4750000e+02;-1.0853820e-01;3.4750000e+02;-1.0068330e-01;3.4750000e+02;-7.9307541e-02;3.4750000e+02;-4.0354311e-02;3.4750000e+02;1.4538255e-02;3.4750000e+02;9.3505964e-02;3.4750000e+02;1.9788125e-01;3.4750000e+02;2.5376666e-01;3.4750000e+02;2.5168130e-01;3.4750000e+02;2.0382746e-01;3.4750000e+02;1.3332346e-01;3.4750000e+02;6.5531321e-02;3.4750000e+02;4.1520894e-03;3.4750000e+02;-5.1700011e-02;3.4750000e+02;-1.0568784e-01;3.4750000e+02;-1.5766826e-01;3.4750000e+02;-2.0980111e-01;3.4750000e+02;-1.0164002e-01;3.4750000e+02;-1.0853820e-01;3.4750000e+02;-1.0068330e-01;3.4750000e+02;-7.9307541e-02;3.4750000e+02;-4.0354311e-02;3.4750000e+02;1.4538255e-02;3.4750000e+02;9.3505964e-02;3.4750000e+02;1.9788125e-01;3.4750000e+02;2.5376666e-01;3.4750000e+02;2.5168130e-01;3.4750000e+02;2.0382746e-01;3.4750000e+02;1.3332346e-01;3.4750000e+02;6.5531321e-02;3.4750000e+02;4.1520894e-03;3.4750000e+02;-5.1700011e-02;3.4750000e+02;-1.0568784e-01;3.4750000e+02;-1.5766826e-01;3.4750000e+02;-2.0980111e-01;3.4750000e+02;-1.0164002e-01;3.4750000e+02;-1.0853820e-01;3.4750000e+02;-1.0068330e-01;3.4750000e+02;-7.9307541e-02;3.4750000e+02;-4.0354311e-02;3.4750000e+02;1.4538255e-02;3.4750000e+02;9.3505964e-02;3.4750000e+02;1.9788125e-01;3.4750000e+02;2.5376666e-01;3.4750000e+02;2.5168130e-01;3.4750000e+02;2.0382746e-01;3.4750000e+02;1.3332346e-01;3.4750000e+02;6.5531321e-02;3.4750000e+02;4.1520894e-03;3.4750000e+02;-5.1700011e-02;3.4750000e+02;-1.0568784e-01;3.4750000e+02;-1.5766826e-01;3.4750000e+02;-2.0980111e-01;3.4750000e+02;-1.0164002e-01;3.4750000e+02;-1.0853820e-01;3.4750000e+02;-1.0068330e-01;3.4750000e+02;-7.9307541e-02;3.4750000e+02;-4.0354311e-02;3.4750000e+02;1.4538255e-02;3.4750000e+02;9.3505964e-02;3.4750000e+02;1.9788125e-01;3.4750000e+02;2.5376666e-01;3.4750000e+02;2.5168130e-01;3.4750000e+02;2.0382746e-01;3.4750000e+02;1.3332346e-01;3.4750000e+02;6.5531321e-02;3.4750000e+02;4.1520894e-03;3.4750000e+02;-5.1700011e-02;3.4750000e+02;-1.0568784e-01;3.4750000e+02;-1.5766826e-01;3.4750000e+02;-2.0980111e-01;3.4750000e+02;-1.0164002e-01;3.4750000e+02;-1.0853820e-01;3.4750000e+02;-1.0068330e-01;3.4750000e+02;-7.9307541e-02;3.4750000e+02;-4.0354311e-02;3.4750000e+02;1.4538255e-02;3.4750000e+02;9.3505964e-02;3.4750000e+02;1.9788125e-01;3.4750000e+02;2.5376666e-01;3.4750000e+02;2.5168130e-01;3.4750000e+02;2.0382746e-01;3.4750000e+02;1.3332346e-01;3.4750000e+02;6.5531321e-02;3.4750000e+02;4.1520894e-03;3.4750000e+02;-5.1700011e-02;3.4750000e+02;-1.0568784e-01;3.4750000e+02;-1.5766826e-01;3.4750000e+02;-2.0980111e-01;3.4750000e+02;-1.0164002e-01;3.4750000e+02;-1.0853820e-01;3.4750000e+02;-1.0068330e-01;3.4750000e+02;-7.9307541e-02;3.4750000e+02;-4.0354311e-02;3.4750000e+02;1.4538255e-02;3.4750000e+02;9.3505964e-02;3.4750000e+02;1.9788125e-01;3.4750000e+02;2.5376666e-01;3.4750000e+02;2.5168130e-01;3.4750000e+02;2.0382746e-01;3.4750000e+02;1.3332346e-01;3.4750000e+02;6.5531321e-02;3.4750000e+02;4.1520894e-03;3.4750000e+02;-5.1700011e-02;3.4750000e+02;-1.0568784e-01;3.4750000e+02;-1.5766826e-01;3.4750000e+02;-2.0980111e-01;3.4750000e+02;-1.0164002e-01;3.4750000e+02;-1.0853820e-01;3.4750000e+02;-1.0068330e-01;3.4750000e+02;-7.9307541e-02;3.4750000e+02;-4.0354311e-02;3.4750000e+02;1.4538255e-02;3.4750000e+02;9.3505964e-02;3.4750000e+02;1.9788125e-01;3.4750000e+02;2.5376666e-01;3.4750000e+02;2.5168130e-01;3.4750000e+02;2.0382746e-01;3.4750000e+02;1.3332346e-01;3.4750000e+02;6.5531321e-02;3.4750000e+02;4.1520894e-03;3.4750000e+02;-5.1700011e-02;3.4750000e+02;-1.0568784e-01;3.4750000e+02;-1.5766826e-01;3.4750000e+02;-2.0980111e-01;3.4750000e+02;-1.0164002e-01;3.4750000e+02;-1.0853820e-01;3.4750000e+02;-1.0068330e-01;3.4750000e+02;-7.9307541e-02;3.4750000e+02;-4.0354311e-02;3.4750000e+02;1.4538255e-02;3.4750000e+02;9.3505964e-02;3.4750000e+02;1.9788125e-01;3.4750000e+02;2.5376666e-01;3.4750000e+02;2.5168130e-01;3.4750000e+02;2.0382746e-01;3.4750000e+02;1.3332346e-01;3.4750000e+02;6.5531321e-02;3.4750000e+02;4.1520894e-03;3.4750000e+02;-5.1700011e-02;3.4750000e+02;-1.0568784e-01;3.4750000e+02;-1.5766826e-01;3.4750000e+02;-2.0980111e-01;3.4750000e+02;-1.0164002e-01;3.4750000e+02;-1.0853820e-01;3.4750000e+02;-1.0068330e-01;3.4750000e+02;-7.9307541e-02;3.4750000e+02;-4.0354311e-02;3.4750000e+02;1.4538255e-02;3.4750000e+02;9.3505964e-02;3.4750000e+02;1.9788125e-01;3.4750000e+02;2.5376666e-01;3.4750000e+02;2.5168130e-01;3.4750000e+02;2.0382746e-01;3.4750000e+02;1.3332346e-01;3.4750000e+02;6.5531321e-02;3.4750000e+02;4.1520894e-03;3.4750000e+02;-5.1700011e-02;3.4750000e+02;-1.0568784e-01;3.4750000e+02;-1.5766826e-01;3.4750000e+02;-2.0980111e-01;3.4750000e+02;-1.0164002e-01;3.4750000e+02;-1.0853820e-01;3.4750000e+02;-1.0068330e-01;3.4750000e+02;-7.9307541e-02;3.4750000e+02;-4.0354311e-02;3.4750000e+02;1.4538255e-02;3.4750000e+02;9.3505964e-02;3.4750000e+02;1.9788125e-01;3.4750000e+02;2.5376666e-01;3.4750000e+02;2.5168130e-01;3.4750000e+02;2.0382746e-01;3.4750000e+02;1.3332346e-01;3.4750000e+02;6.5531321e-02;3.4750000e+02;4.1520894e-03;3.4750000e+02;-5.1700011e-02;3.4750000e+02;-1.0568784e-01;3.4750000e+02;-1.5766826e-01;3.4750000e+02;-2.0980111e-01;3.4750000e+02;-1.0164002e-01;3.4750000e+02;-1.0853820e-01;3.4750000e+02;-1.0068330e-01;3.4750000e+02;-7.9307541e-02;3.4750000e+02;-4.0354311e-02;3.4750000e+02;1.4538255e-02;3.4750000e+02;9.3505964e-02;3.4750000e+02;1.9788125e-01;3.4750000e+02;2.5376666e-01;3.4750000e+02;2.5168130e-01;3.4750000e+02;2.0382746e-01;3.4750000e+02;1.3332346e-01;3.4750000e+02;6.5531321e-02;3.4750000e+02;4.1520894e-03;3.4750000e+02;-5.1700011e-02;3.4750000e+02;-1.0568784e-01;3.4750000e+02;-1.5766826e-01;3.4750000e+02;-2.0980111e-01;3.4750000e+02;-1.0164002e-01;3.4750000e+02;-1.0853820e-01;3.4750000e+02;-1.0068330e-01;3.4750000e+02;-7.9307541e-02;3.4750000e+02;-4.0354311e-02;3.4750000e+02;1.4538255e-02;3.4750000e+02;9.3505964e-02;3.4750000e+02;1.9788125e-01;3.4750000e+02;2.5376666e-01;3.4750000e+02;2.5168130e-01;3.4750000e+02;2.0382746e-01;3.4750000e+02;1.3332346e-01;3.4750000e+02;6.5531321e-02;3.4750000e+02;4.1520894e-03;3.4750000e+02;-5.1700011e-02;3.4750000e+02;-1.0568784e-01;3.4750000e+02;-1.5766826e-01;3.4750000e+02;-2.0980111e-01;3.4750000e+02;-1.0164002e-01;3.4750000e+02;-1.0853820e-01;3.4750000e+02;-1.0068330e-01;3.4750000e+02;-7.9307541e-02;3.4750000e+02;-4.0354311e-02;3.4750000e+02;1.4538255e-02;3.4750000e+02;9.3505964e-02;3.4750000e+02;1.9788125e-01;3.4750000e+02;2.5376666e-01;3.4750000e+02;2.5168130e-01;3.4750000e+02;2.0382746e-01;3.4750000e+02;1.3332346e-01;3.4750000e+02;6.5531321e-02;3.4750000e+02;4.1520894e-03;3.4750000e+02;-5.1700011e-02;3.4750000e+02;-1.0568784e-01;3.4750000e+02;-1.5766826e-01;3.4750000e+02;-2.0980111e-01;3.4750000e+02;-1.0164002e-01;3.4750000e+02;-1.0853820e-01;3.4750000e+02;-1.0068330e-01;3.4750000e+02;-7.9307541e-02;3.4750000e+02;-4.0354311e-02;3.4750000e+02;1.4538255e-02;3.4750000e+02;9.3505964e-02;3.4750000e+02;1.9788125e-01;3.4750000e+02;2.5376666e-01;3.4750000e+02;2.5168130e-01;3.4750000e+02;2.0382746e-01;3.4750000e+02;1.3332346e-01;3.4750000e+02;6.5531321e-02;3.4750000e+02;4.1520894e-03;3.4750000e+02;-5.1700011e-02;3.4750000e+02;-1.0568784e-01;3.4750000e+02;-1.5766826e-01;3.4750000e+02;-2.0980111e-01;3.4750000e+02;-1.0164002e-01;3.4750000e+02;-1.0853820e-01;3.4750000e+02;-1.0068330e-01;3.4750000e+02;-7.9307541e-02;3.4750000e+02;-4.0354311e-02;3.4750000e+02;1.4538255e-02;3.4750000e+02;9.3505964e-02;3.4750000e+02;1.9788125e-01;3.4750000e+02;2.5376666e-01;3.4750000e+02;2.5168130e-01;3.4750000e+02;2.0382746e-01;3.4750000e+02;1.3332346e-01;3.4750000e+02;6.5531321e-02;3.4750000e+02;4.1520894e-03;3.4750000e+02;-5.1700011e-02;3.4750000e+02;-1.0568784e-01;3.4750000e+02;-1.5766826e-01;3.4750000e+02;-2.0980111e-01;3.4750000e+02;-1.0164002e-01;3.4750000e+02;-1.0853820e-01;3.4750000e+02;-1.0068330e-01;3.4750000e+02;-7.9307541e-02;3.4750000e+02;-4.0354311e-02;3.4750000e+02;1.4538255e-02;3.4750000e+02;9.3505964e-02;3.4750000e+02;1.9788125e-01;3.4750000e+02;2.5376666e-01;3.4750000e+02;2.5168130e-01;3.4750000e+02;2.0382746e-01;3.4750000e+02;1.3332346e-01;3.4750000e+02;6.5531321e-02;3.4750000e+02;4.1520894e-03;3.4750000e+02;-5.1700011e-02;3.4750000e+02;-1.0568784e-01;3.4750000e+02;-1.5766826e-01;3.4750000e+02;-2.0980111e-01;3.4750000e+02;-1.0164002e-01;3.4750000e+02;-1.0853820e-01;3.4750000e+02;-1.0068330e-01;3.4750000e+02;-7.9307541e-02;3.4750000e+02;-4.0354311e-02;3.4750000e+02;1.4538255e-02;3.4750000e+02;9.3505964e-02;3.4750000e+02;1.9788125e-01;3.4750000e+02;2.5376666e-01;3.4750000e+02;2.5168130e-01;3.4750000e+02;2.0382746e-01;3.4750000e+02;1.3332346e-01;3.4750000e+02;6.5531321e-02;3.4750000e+02;4.1520894e-03;3.4750000e+02;-5.1700011e-02;3.4750000e+02;-1.0568784e-01;3.4750000e+02;-1.5766826e-01;3.4750000e+02;-2.0980111e-01;3.4750000e+02;-1.0164002e-01;3.4750000e+02;-1.0853820e-01;3.4750000e+02;-1.0068330e-01;3.4750000e+02;-7.9307541e-02;3.4750000e+02;-4.0354311e-02;3.4750000e+02;1.4538255e-02;3.4750000e+02;9.3505964e-02;3.4750000e+02;1.9788125e-01;3.4750000e+02;2.5376666e-01;3.4750000e+02;2.5168130e-01;3.4750000e+02;2.0382746e-01;3.4750000e+02;1.3332346e-01;3.4750000e+02;6.5531321e-02;3.4750000e+02;4.1520894e-03;3.4750000e+02;-5.1700011e-02;3.4750000e+02;-1.0568784e-01;3.4750000e+02;-1.5766826e-01;3.4750000e+02;-2.0980111e-01;3.4750000e+02;-1.0164002e-01;3.4750000e+02;-1.0853820e-01;3.4750000e+02;-1.0068330e-01;3.4750000e+02;-7.9307541e-02;3.4750000e+02;-4.0354311e-02;3.4750000e+02;1.4538255e-02;3.4750000e+02;9.3505964e-02;3.4750000e+02;1.9788125e-01;3.4750000e+02;2.5376666e-01;3.4750000e+02;2.5168130e-01;3.4750000e+02;2.0382746e-01;3.4750000e+02;1.3332346e-01;3.4750000e+02;6.5531321e-02;3.4750000e+02;4.1520894e-03;3.4750000e+02;-5.1700011e-02;3.4750000e+02;-1.0568784e-01;3.4750000e+02;-1.5766826e-01;3.4750000e+02;-2.0980111e-01;3.4750000e+02;-1.0164002e-01;3.4750000e+02;-1.0853820e-01;3.4750000e+02;-1.0068330e-01;3.4750000e+02;-7.9307541e-02;3.4750000e+02;-4.0354311e-02;3.4750000e+02;1.4538255e-02;3.4750000e+02;9.3505964e-02;3.4750000e+02;1.9788125e-01;3.4750000e+02;2.5376666e-01;3.4750000e+02;2.5168130e-01;3.4750000e+02;2.0382746e-01;3.4750000e+02;1.3332346e-01;3.4750000e+02;6.5531321e-02;3.4750000e+02;4.1520894e-03;3.4750000e+02;-5.1700011e-02;3.4750000e+02;-1.0568784e-01;3.4750000e+02;-1.5766826e-01;3.4750000e+02;-2.0980111e-01;3.4750000e+02;-1.0164002e-01;3.4750000e+02;-1.0853820e-01;3.4750000e+02;-1.0068330e-01;3.4750000e+02;-7.9307541e-02;3.4750000e+02;-4.0354311e-02;3.4750000e+02;1.4538255e-02;3.4750000e+02;9.3505964e-02;3.4750000e+02;1.9788125e-01;3.4750000e+02;2.5376666e-01;3.4750000e+02;2.5168130e-01;3.4750000e+02;2.0382746e-01;3.4750000e+02;1.3332346e-01;3.4750000e+02;6.5531321e-02;3.4750000e+02;4.1520894e-03;3.4750000e+02;-5.1700011e-02;3.4750000e+02;-1.0568784e-01;3.4750000e+02;-1.5766826e-01;3.4750000e+02;-2.0980111e-01;3.4750000e+02;-1.0164002e-01;3.4750000e+02;-1.0853820e-01;3.4750000e+02;-1.0068330e-01;3.4750000e+02;-7.9307541e-02;3.4750000e+02;-4.0354311e-02;3.4750000e+02;1.4538255e-02;3.4750000e+02;9.3505964e-02;3.4750000e+02;1.9788125e-01;3.4750000e+02;2.5376666e-01;3.4750000e+02;2.5168130e-01;3.4750000e+02;2.0382746e-01;3.4750000e+02;1.3332346e-01;3.4750000e+02;6.5531321e-02;3.4750000e+02;4.1520894e-03;3.4750000e+02;-5.1700011e-02;3.4750000e+02;-1.0568784e-01;3.4750000e+02;-1.5766826e-01;3.4750000e+02;-2.0980111e-01;3.4750000e+02;-1.0164002e-01;3.4750000e+02;-1.0853820e-01;3.4750000e+02;-1.0068330e-01;3.4750000e+02;-7.9307541e-02;3.4750000e+02;-4.0354311e-02;3.4750000e+02;1.4538255e-02;3.4750000e+02;9.3505964e-02;3.4750000e+02;1.9788125e-01;3.4750000e+02;2.5376666e-01;3.4750000e+02;2.5168130e-01;3.4750000e+02;2.0382746e-01;3.4750000e+02;1.3332346e-01;3.4750000e+02;6.5531321e-02;3.4750000e+02;4.1520894e-03;3.4750000e+02;-5.1700011e-02;3.4750000e+02;-1.0568784e-01;3.4750000e+02;-1.5766826e-01;3.4750000e+02;-2.0980111e-01;3.4750000e+02;-1.0164002e-01;3.4750000e+02;-1.0853820e-01;3.4750000e+02;-1.0068330e-01;3.4750000e+02;-7.9307541e-02;3.4750000e+02;-4.0354311e-02;3.4750000e+02;1.4538255e-02;3.4750000e+02;9.3505964e-02;3.4750000e+02;1.9788125e-01;3.4750000e+02;2.5376666e-01;3.4750000e+02;2.5168130e-01;3.4750000e+02;2.0382746e-01;3.4750000e+02;1.3332346e-01;3.4750000e+02;6.5531321e-02;3.4750000e+02;4.1520894e-03;3.4750000e+02;-5.1700011e-02;3.4750000e+02;-1.0568784e-01;3.4750000e+02;-1.5766826e-01;3.4750000e+02;-2.0980111e-01;3.4750000e+02;-1.0164002e-01;3.4750000e+02;-1.0853820e-01;3.4750000e+02;-1.0068330e-01;3.4750000e+02;-7.9307541e-02;3.4750000e+02;-4.0354311e-02;3.4750000e+02;1.4538255e-02;3.4750000e+02;9.3505964e-02;3.4750000e+02;1.9788125e-01;3.4750000e+02;2.5376666e-01;3.4750000e+02;2.5168130e-01;3.4750000e+02;2.0382746e-01;3.4750000e+02;1.3332346e-01;3.4750000e+02;6.5531321e-02;3.4750000e+02;4.1520894e-03;3.4750000e+02;-5.1700011e-02;3.4750000e+02;-1.0568784e-01;3.4750000e+02;-1.5766826e-01;3.4750000e+02;-2.0980111e-01;3.4750000e+02;-1.0164002e-01;3.4750000e+02;-1.0853820e-01;3.4750000e+02;-1.0068330e-01;3.4750000e+02;-7.9307541e-02;3.4750000e+02;-4.0354311e-02;3.4750000e+02;1.4538255e-02;3.4750000e+02;9.3505964e-02;3.4750000e+02;1.9788125e-01;3.4750000e+02;2.5376666e-01;3.4750000e+02;2.5168130e-01;3.4750000e+02;2.0382746e-01;3.4750000e+02;1.3332346e-01;3.4750000e+02;6.5531321e-02;3.4750000e+02;4.1520894e-03;3.4750000e+02;-5.1700011e-02;3.4750000e+02;-1.0568784e-01;3.4750000e+02;-1.5766826e-01;3.4750000e+02;-2.0980111e-01;3.4750000e+02;-1.0164002e-01;3.4750000e+02;-1.0853820e-01;3.4750000e+02;-1.0068330e-01;3.4750000e+02;-7.9307541e-02;3.4750000e+02;-4.0354311e-02;3.4750000e+02;1.4538255e-02;3.4750000e+02;9.3505964e-02;3.4750000e+02;1.9788125e-01;3.4750000e+02;2.5376666e-01;3.4750000e+02;2.5168130e-01;3.4750000e+02;2.0382746e-01;3.4750000e+02;1.3332346e-01;3.4750000e+02;6.5531321e-02;3.4750000e+02;4.1520894e-03;3.4750000e+02;-5.1700011e-02;3.4750000e+02;-1.0568784e-01;3.4750000e+02;-1.5766826e-01;3.4750000e+02;-2.0980111e-01;3.4750000e+02;-1.0164002e-01;3.4750000e+02;-1.0853820e-01;3.4750000e+02;-1.0068330e-01;3.4750000e+02;-7.9307541e-02;3.4750000e+02;-4.0354311e-02;3.4750000e+02;1.4538255e-02;3.4750000e+02;9.3505964e-02;3.4750000e+02;1.9788125e-01;3.4750000e+02;2.5376666e-01;3.4750000e+02;2.5168130e-01;3.4750000e+02;2.0382746e-01;3.4750000e+02;1.3332346e-01;3.4750000e+02;6.5531321e-02;3.4750000e+02;4.1520894e-03;3.4750000e+02;-5.1700011e-02;3.4750000e+02;-1.0568784e-01;3.4750000e+02;-1.5766826e-01;3.4750000e+02;-2.0980111e-01;3.4750000e+02;-1.0164002e-01;3.4750000e+02;-1.0853820e-01;3.4750000e+02;-1.0068330e-01;3.4750000e+02;-7.9307541e-02;3.4750000e+02;-4.0354311e-02;3.4750000e+02;1.4538255e-02;3.4750000e+02;9.3505964e-02;3.4750000e+02;1.9788125e-01;3.4750000e+02;2.5376666e-01;3.4750000e+02;2.5168130e-01;3.4750000e+02;2.0382746e-01;3.4750000e+02;1.3332346e-01;3.4750000e+02;6.5531321e-02;3.4750000e+02;4.1520894e-03;3.4750000e+02;-5.1700011e-02;3.4750000e+02;-1.0568784e-01;3.4750000e+02;-1.5766826e-01;3.4750000e+02;-2.0980111e-01;3.4750000e+02;-1.0164002e-01;3.4750000e+02;-1.0853820e-01;3.4750000e+02;-1.0068330e-01;3.4750000e+02;-7.9307541e-02;3.4750000e+02;-4.0354311e-02;3.4750000e+02;1.4538255e-02;3.4750000e+02;9.3505964e-02;3.4750000e+02;1.9788125e-01;3.4750000e+02;2.5376666e-01;3.4750000e+02;2.5168130e-01;3.4750000e+02;2.0382746e-01;3.4750000e+02;1.3332346e-01;3.4750000e+02;6.5531321e-02;3.4750000e+02;4.1520894e-03;3.4750000e+02;-5.1700011e-02;3.4750000e+02;-1.0568784e-01;3.4750000e+02;-1.5766826e-01;3.4750000e+02;-2.0980111e-01;3.4750000e+02;-1.0164002e-01;3.4750000e+02;-1.0853820e-01;3.4750000e+02;-1.0068330e-01;3.4750000e+02;-7.9307541e-02;3.4750000e+02;-4.0354311e-02;3.4750000e+02;1.4538255e-02;3.4750000e+02;9.3505964e-02;3.4750000e+02;1.9788125e-01;3.4750000e+02;2.5376666e-01;3.4750000e+02;2.5168130e-01;3.4750000e+02;2.0382746e-01;3.4750000e+02;1.3332346e-01;3.4750000e+02;6.5531321e-02;3.4750000e+02;4.1520894e-03;3.4750000e+02;-5.1700011e-02;3.4750000e+02;-1.0568784e-01;3.4750000e+02;-1.5766826e-01;3.4750000e+02;-2.0980111e-01;3.4750000e+02;-1.0164002e-01;3.4750000e+02;-1.0853820e-01;3.4750000e+02;-1.0068330e-01;3.4750000e+02;-7.9307541e-02;3.4750000e+02;-4.0354311e-02;3.4750000e+02;1.4538255e-02;3.4750000e+02;9.3505964e-02;3.4750000e+02;1.9788125e-01;3.4750000e+02;2.5376666e-01;3.4750000e+02;2.5168130e-01;3.4750000e+02;2.0382746e-01;3.4750000e+02;1.3332346e-01;3.4750000e+02;6.5531321e-02;3.4750000e+02;4.1520894e-03;3.4750000e+02;-5.1700011e-02;3.4750000e+02;-1.0568784e-01;3.4750000e+02;-1.5766826e-01;3.4750000e+02;-2.0980111e-01;3.4750000e+02;-1.0164002e-01;3.4750000e+02;-1.0853820e-01;3.4750000e+02;-1.0068330e-01;3.4750000e+02;-7.9307541e-02;3.4750000e+02;-4.0354311e-02;3.4750000e+02;1.4538255e-02;3.4750000e+02;9.3505964e-02;3.4750000e+02;1.9788125e-01;3.4750000e+02;2.5376666e-01;3.4750000e+02;2.5168130e-01;3.4750000e+02;2.0382746e-01;3.4750000e+02;1.3332346e-01;3.4750000e+02;6.5531321e-02;3.4750000e+02;4.1520894e-03;3.4750000e+02;-5.1700011e-02;3.4750000e+02;-1.0568784e-01;3.4750000e+02;-1.5766826e-01;3.4750000e+02;-2.0980111e-01;3.4750000e+02;-1.0164002e-01;3.4750000e+02;-1.0853820e-01;3.4750000e+02;-1.0068330e-01;3.4750000e+02;-7.9307541e-02;3.4750000e+02;-4.0354311e-02;3.4750000e+02;1.4538255e-02;3.4750000e+02;9.3505964e-02;3.4750000e+02;1.9788125e-01;3.4750000e+02;2.5376666e-01;3.4750000e+02;2.5168130e-01;3.4750000e+02;2.0382746e-01;3.4750000e+02;1.3332346e-01;3.4750000e+02;6.5531321e-02;3.4750000e+02;4.1520894e-03;3.4750000e+02;-5.1700011e-02;3.4750000e+02;-1.0568784e-01;3.4750000e+02;-1.5766826e-01;3.4750000e+02;-2.0980111e-01;3.4750000e+02;-1.0164002e-01;3.4750000e+02;-1.0853820e-01;3.4750000e+02;-1.0068330e-01;3.4750000e+02;-7.9307541e-02;3.4750000e+02;-4.0354311e-02;3.4750000e+02;1.4538255e-02;3.4750000e+02;9.3505964e-02;3.4750000e+02;1.9788125e-01;3.4750000e+02;2.5376666e-01;3.4750000e+02;2.5168130e-01;3.4750000e+02;2.0382746e-01;3.4750000e+02;1.3332346e-01;3.4750000e+02;6.5531321e-02;3.4750000e+02;4.1520894e-03;3.4750000e+02;-5.1700011e-02;3.4750000e+02;-1.0568784e-01;3.4750000e+02;-1.5766826e-01;3.4750000e+02;-2.0980111e-01;3.4750000e+02;-1.0164002e-01;3.4750000e+02;-1.0853820e-01;3.4750000e+02;-1.0068330e-01;3.4750000e+02;-7.9307541e-02;3.4750000e+02;-4.0354311e-02;3.4750000e+02;1.4538255e-02;3.4750000e+02;9.3505964e-02;3.4750000e+02;1.9788125e-01;3.4750000e+02;2.5376666e-01;3.4750000e+02;2.5168130e-01;3.4750000e+02;2.0382746e-01;3.4750000e+02;1.3332346e-01;3.4750000e+02;6.5531321e-02;3.4750000e+02;4.1520894e-03;3.4750000e+02;-5.1700011e-02;3.4750000e+02;-1.0568784e-01;3.4750000e+02;-1.5766826e-01;3.4750000e+02;-2.0980111e-01;3.4750000e+02;-1.0164002e-01;3.4750000e+02;-1.0853820e-01;3.4750000e+02;-1.0068330e-01;3.4750000e+02;-7.9307541e-02;3.4750000e+02;-4.0354311e-02;3.4750000e+02;1.4538255e-02;3.4750000e+02;9.3505964e-02;3.4750000e+02;1.9788125e-01;3.4750000e+02;2.5376666e-01;3.4750000e+02;2.5168130e-01;3.4750000e+02;2.0382746e-01;3.4750000e+02;1.3332346e-01;3.4750000e+02;6.5531321e-02;3.4750000e+02;4.1520894e-03;3.4750000e+02;-5.1700011e-02;3.4750000e+02;-1.0568784e-01;3.4750000e+02;-1.5766826e-01;3.4750000e+02;-2.0980111e-01;3.4750000e+02;-1.0164002e-01;3.4750000e+02;-1.0853820e-01;3.4750000e+02;-1.0068330e-01;3.4750000e+02;-7.9307541e-02;3.4750000e+02;-4.0354311e-02;3.4750000e+02;1.4538255e-02;3.4750000e+02;9.3505964e-02;3.4750000e+02;1.9788125e-01;3.4750000e+02;2.5376666e-01;3.4750000e+02;2.5168130e-01;3.4750000e+02;2.0382746e-01;3.4750000e+02;1.3332346e-01;3.4750000e+02;6.5531321e-02;3.4750000e+02;4.1520894e-03;3.4750000e+02;-5.1700011e-02;3.4750000e+02;-1.0568784e-01;3.4750000e+02;-1.5766826e-01;3.4750000e+02;-2.0980111e-01;3.4750000e+02;-1.0164002e-01;3.4750000e+02;-1.0853820e-01;3.4750000e+02;-1.0068330e-01;3.4750000e+02;-7.9307541e-02;3.4750000e+02;-4.0354311e-02;3.4750000e+02;1.4538255e-02;3.4750000e+02;9.3505964e-02;3.4750000e+02;1.9788125e-01;3.4750000e+02;2.5376666e-01;3.4750000e+02;2.5168130e-01;3.4750000e+02;2.0382746e-01;3.4750000e+02;1.3332346e-01;3.4750000e+02;6.5531321e-02;3.4750000e+02;4.1520894e-03;3.4750000e+02;-5.1700011e-02;3.4750000e+02;-1.0568784e-01;3.4750000e+02;-1.5766826e-01;3.4750000e+02;-2.0980111e-01
3.5250000e+02;-1.0387955e-01;3.5250000e+02;-1.1779934e-01;3.5250000e+02;-1.1522678e-01;3.5250000e+02;-9.6235618e-02;3.5250000e+02;-5.8432885e-02;3.5250000e+02;-8.3308620e-04;3.5250000e+02;8.4782019e-02;3.5250000e+02;1.8146305e-01;3.5250000e+02;2.3218596e-01;3.5250000e+02;2.3481993e-01;3.5250000e+02;1.9706717e-01;3.5250000e+02;1.3328478e-01;3.5250000e+02;6.9560319e-02;3.5250000e+02;9.9836662e-03;3.5250000e+02;-4.4981249e-02;3.5250000e+02;-9.8857388e-02;3.5250000e+02;-1.5035519e-01;3.5250000e+02;-2.0117064e-01;3.5250000e+02;-1.0387955e-01;3.5250000e+02;-1.1779934e-01;3.5250000e+02;-1.1522678e-01;3.5250000e+02;-9.6235618e-02;3.5250000e+02;-5.8432885e-02;3.5250000e+02;-8.3308620e-04;3.5250000e+02;8.4782019e-02;3.5250000e+02;1.8146305e-01;3.5250000e+02;2.3218596e-01;3.5250000e+02;2.3481993e-01;3.5250000e+02;1.9706717e-01;3.5250000e+02;1.3328478e-01;3.5250000e+02;6.9560319e-02;3.5250000e+02;9.9836662e-03;3.5250000e+02;-4.4981249e-02;3.5250000e+02;-9.8857388e-02;3.5250000e+02;-1.5035519e-01;3.5250000e+02;-2.0117064e-01;3.5250000e+02;-1.0387955e-01;3.5250000e+02;-1.1779934e-01;3.5250000e+02;-1.1522678e-01;3.5250000e+02;-9.6235618e-02;3.5250000e+02;-5.8432885e-02;3.5250000e+02;-8.3308620e-04;3.5250000e+02;8.4782019e-02;3.5250000e+02;1.8146305e-01;3.5250000e+02;2.3218596e-01;3.5250000e+02;2.3481993e-01;3.5250000e+02;1.9706717e-01;3.5250000e+02;1.3328478e-01;3.5250000e+02;6.9560319e-02;3.5250000e+02;9.9836662e-03;3.5250000e+02;-4.4981249e-02;3.5250000e+02;-9.8857388e-02;3.5250000e+02;-1.5035519e-01;3.5250000e+02;-2.0117064e-01;3.5250000e+02;-1.0387955e-01;3.5250000e+02;-1.1779934e-01;3.5250000e+02;-1.1522678e-01;3.5250000e+02;-9.6235618e-02;3.5250000e+02;-5.8432885e-02;3.5250000e+02;-8.3308620e-04;3.5250000e+02;8.4782019e-02;3.5250000e+02;1.8146305e-01;3.5250000e+02;2.3218596e-01;3.5250000e+02;2.3481993e-01;3.5250000e+02;1.9706717e-01;3.5250000e+02;1.3328478e-01;3.5250000e+02;6.9560319e-02;3.5250000e+02;9.9836662e-03;3.5250000e+02;-4.4981249e-02;3.5250000e+02;-9.8857388e-02;3.5250000e+02;-1.5035519e-01;3.5250000e+02;-2.0117064e-01;3.5250000e+02;-1.0387955e-01;3.5250000e+02;-1.1779934e-01;3.5250000e+02;-1.1522678e-01;3.5250000e+02;-9.6235618e-02;3.5250000e+02;-5.8432885e-02;3.5250000e+02;-8.3308620e-04;3.5250000e+02;8.4782019e-02;3.5250000e+02;1.8146305e-01;3.5250000e+02;2.3218596e-01;3.5250000e+02;2.3481993e-01;3.5250000e+02;1.9706717e-01;3.5250000e+02;1.3328478e-01;3.5250000e+02;6.9560319e-02;3.5250000e+02;9.9836662e-03;3.5250000e+02;-4.4981249e-02;3.5250000e+02;-9.8857388e-02;3.5250000e+02;-1.5035519e-01;3.5250000e+02;-2.0117064e-01;3.5250000e+02;-1.0387955e-01;3.5250000e+02;-1.1779934e-01;3.5250000e+02;-1.1522678e-01;3.5250000e+02;-9.6235618e-02;3.5250000e+02;-5.8432885e-02;3.5250000e+02;-8.3308620e-04;3.5250000e+02;8.4782019e-02;3.5250000e+02;1.8146305e-01;3.5250000e+02;2.3218596e-01;3.5250000e+02;2.3481993e-01;3.5250000e+02;1.9706717e-01;3.5250000e+02;1.3328478e-01;3.5250000e+02;6.9560319e-02;3.5250000e+02;9.9836662e-03;3.5250000e+02;-4.4981249e-02;3.5250000e+02;-9.8857388e-02;3.5250000e+02;-1.5035519e-01;3.5250000e+02;-2.0117064e-01;3.5250000e+02;-1.0387955e-01;3.5250000e+02;-1.1779934e-01;3.5250000e+02;-1.1522678e-01;3.5250000e+02;-9.6235618e-02;3.5250000e+02;-5.8432885e-02;3.5250000e+02;-8.3308620e-04;3.5250000e+02;8.4782019e-02;3.5250000e+02;1.8146305e-01;3.5250000e+02;2.3218596e-01;3.5250000e+02;2.3481993e-01;3.5250000e+02;1.9706717e-01;3.5250000e+02;1.3328478e-01;3.5250000e+02;6.9560319e-02;3.5250000e+02;9.9836662e-03;3.5250000e+02;-4.4981249e-02;3.5250000e+02;-9.8857388e-02;3.5250000e+02;-1.5035519e-01;3.5250000e+02;-2.0117064e-01;3.5250000e+02;-1.0387955e-01;3.5250000e+02;-1.1779934e-01;3.5250000e+02;-1.1522678e-01;3.5250000e+02;-9.6235618e-02;3.5250000e+02;-5.8432885e-02;3.5250000e+02;-8.3308620e-04;3.5250000e+02;8.4782019e-02;3.5250000e+02;1.8146305e-01;3.5250000e+02;2.3218596e-01;3.5250000e+02;2.3481993e-01;3.5250000e+02;1.9706717e-01;3.5250000e+02;1.3328478e-01;3.5250000e+02;6.9560319e-02;3.5250000e+02;9.9836662e-03;3.5250000e+02;-4.4981249e-02;3.5250000e+02;-9.8857388e-02;3.5250000e+02;-1.5035519e-01;3.5250000e+02;-2.0117064e-01;3.5250000e+02;-1.0387955e-01;3.5250000e+02;-1.1779934e-01;3.5250000e+02;-1.1522678e-01;3.5250000e+02;-9.6235618e-02;3.5250000e+02;-5.8432885e-02;3.5250000e+02;-8.3308620e-04;3.5250000e+02;8.4782019e-02;3.5250000e+02;1.8146305e-01;3.5250000e+02;2.3218596e-01;3.5250000e+02;2.3481993e-01;3.5250000e+02;1.9706717e-01;3.5250000e+02;1.3328478e-01;3.5250000e+02;6.9560319e-02;3.5250000e+02;9.9836662e-03;3.5250000e+02;-4.4981249e-02;3.5250000e+02;-9.8857388e-02;3.5250000e+02;-1.5035519e-01;3.5250000e+02;-2.0117064e-01;3.5250000e+02;-1.0387955e-01;3.5250000e+02;-1.1779934e-01;3.5250000e+02;-1.1522678e-01;3.5250000e+02;-9.6235618e-02;3.5250000e+02;-5.8432885e-02;3.5250000e+02;-8.3308620e-04;3.5250000e+02;8.4782019e-02;3.5250000e+02;1.8146305e-01;3.5250000e+02;2.3218596e-01;3.5250000e+02;2.3481993e-01;3.5250000e+02;1.9706717e-01;3.5250000e+02;1.3328478e-01;3.5250000e+02;6.9560319e-02;3.5250000e+02;9.9836662e-03;3.5250000e+02;-4.4981249e-02;3.5250000e+02;-9.8857388e-02;3.5250000e+02;-1.5035519e-01;3.5250000e+02;-2.0117064e-01;3.5250000e+02;-1.0387955e-01;3.5250000e+02;-1.1779934e-01;3.5250000e+02;-1.1522678e-01;3.5250000e+02;-9.6235618e-02;3.5250000e+02;-5.8432885e-02;3.5250000e+02;-8.3308620e-04;3.5250000e+02;8.4782019e-02;3.5250000e+02;1.8146305e-01;3.5250000e+02;2.3218596e-01;3.5250000e+02;2.3481993e-01;3.5250000e+02;1.9706717e-01;3.5250000e+02;1.3328478e-01;3.5250000e+02;6.9560319e-02;3.5250000e+02;9.9836662e-03;3.5250000e+02;-4.4981249e-02;3.5250000e+02;-9.8857388e-02;3.5250000e+02;-1.5035519e-01;3.5250000e+02;-2.0117064e-01;3.5250000e+02;-1.0387955e-01;3.5250000e+02;-1.1779934e-01;3.5250000e+02;-1.1522678e-01;3.5250000e+02;-9.6235618e-02;3.5250000e+02;-5.8432885e-02;3.5250000e+02;-8.3308620e-04;3.5250000e+02;8.4782019e-02;3.5250000e+02;1.8146305e-01;3.5250000e+02;2.3218596e-01;3.5250000e+02;2.3481993e-01;3.5250000e+02;1.9706717e-01;3.5250000e+02;1.3328478e-01;3.5250000e+02;6.9560319e-02;3.5250000e+02;9.9836662e-03;3.5250000e+02;-4.4981249e-02;3.5250000e+02;-9.8857388e-02;3.5250000e+02;-1.5035519e-01;3.5250000e+02;-2.0117064e-01;3.5250000e+02;-1.0387955e-01;3.5250000e+02;-1.1779934e-01;3.5250000e+02;-1.1522678e-01;3.5250000e+02;-9.6235618e-02;3.5250000e+02;-5.8432885e-02;3.5250000e+02;-8.3308620e-04;3.5250000e+02;8.4782019e-02;3.5250000e+02;1.8146305e-01;3.5250000e+02;2.3218596e-01;3.5250000e+02;2.3481993e-01;3.5250000e+02;1.9706717e-01;3.5250000e+02;1.3328478e-01;3.5250000e+02;6.9560319e-02;3.5250000e+02;9.9836662e-03;3.5250000e+02;-4.4981249e-02;3.5250000e+02;-9.8857388e-02;3.5250000e+02;-1.5035519e-01;3.5250000e+02;-2.0117064e-01;3.5250000e+02;-1.0387955e-01;3.5250000e+02;-1.1779934e-01;3.5250000e+02;-1.1522678e-01;3.5250000e+02;-9.6235618e-02;3.5250000e+02;-5.8432885e-02;3.5250000e+02;-8.3308620e-04;3.5250000e+02;8.4782019e-02;3.5250000e+02;1.8146305e-01;3.5250000e+02;2.3218596e-01;3.5250000e+02;2.3481993e-01;3.5250000e+02;1.9706717e-01;3.5250000e+02;1.3328478e-01;3.5250000e+02;6.9560319e-02;3.5250000e+02;9.9836662e-03;3.5250000e+02;-4.4981249e-02;3.5250000e+02;-9.8857388e-02;3.5250000e+02;-1.5035519e-01;3.5250000e+02;-2.0117064e-01;3.5250000e+02;-1.0387955e-01;3.5250000e+02;-1.1779934e-01;3.5250000e+02;-1.1522678e-01;3.5250000e+02;-9.6235618e-02;3.5250000e+02;-5.8432885e-02;3.5250000e+02;-8.3308620e-04;3.5250000e+02;8.4782019e-02;3.5250000e+02;1.8146305e-01;3.5250000e+02;2.3218596e-01;3.5250000e+02;2.3481993e-01;3.5250000e+02;1.9706717e-01;3.5250000e+02;1.3328478e-01;3.5250000e+02;6.9560319e-02;3.5250000e+02;9.9836662e-03;3.5250000e+02;-4.4981249e-02;3.5250000e+02;-9.8857388e-02;3.5250000e+02;-1.5035519e-01;3.5250000e+02;-2.0117064e-01;3.5250000e+02;-1.0387955e-01;3.5250000e+02;-1.1779934e-01;3.5250000e+02;-1.1522678e-01;3.5250000e+02;-9.6235618e-02;3.5250000e+02;-5.8432885e-02;3.5250000e+02;-8.3308620e-04;3.5250000e+02;8.4782019e-02;3.5250000e+02;1.8146305e-01;3.5250000e+02;2.3218596e-01;3.5250000e+02;2.3481993e-01;3.5250000e+02;1.9706717e-01;3.5250000e+02;1.3328478e-01;3.5250000e+02;6.9560319e-02;3.5250000e+02;9.9836662e-03;3.5250000e+02;-4.4981249e-02;3.5250000e+02;-9.8857388e-02;3.5250000e+02;-1.5035519e-01;3.5250000e+02;-2.0117064e-01;3.5250000e+02;-1.0387955e-01;3.5250000e+02;-1.1779934e-01;3.5250000e+02;-1.1522678e-01;3.5250000e+02;-9.6235618e-02;3.5250000e+02;-5.8432885e-02;3.5250000e+02;-8.3308620e-04;3.5250000e+02;8.4782019e-02;3.5250000e+02;1.8146305e-01;3.5250000e+02;2.3218596e-01;3.5250000e+02;2.3481993e-01;3.5250000e+02;1.9706717e-01;3.5250000e+02;1.3328478e-01;3.5250000e+02;6.9560319e-02;3.5250000e+02;9.9836662e-03;3.5250000e+02;-4.4981249e-02;3.5250000e+02;-9.8857388e-02;3.5250000e+02;-1.5035519e-01;3.5250000e+02;-2.0117064e-01;3.5250000e+02;-1.0387955e-01;3.5250000e+02;-1.1779934e-01;3.5250000e+02;-1.1522678e-01;3.5250000e+02;-9.6235618e-02;3.5250000e+02;-5.8432885e-02;3.5250000e+02;-8.3308620e-04;3.5250000e+02;8.4782019e-02;3.5250000e+02;1.8146305e-01;3.5250000e+02;2.3218596e-01;3.5250000e+02;2.3481993e-01;3.5250000e+02;1.9706717e-01;3.5250000e+02;1.3328478e-01;3.5250000e+02;6.9560319e-02;3.5250000e+02;9.9836662e-03;3.5250000e+02;-4.4981249e-02;3.5250000e+02;-9.8857388e-02;3.5250000e+02;-1.5035519e-01;3.5250000e+02;-2.0117064e-01;3.5250000e+02;-1.0387955e-01;3.5250000e+02;-1.1779934e-01;3.5250000e+02;-1.1522678e-01;3.5250000e+02;-9.6235618e-02;3.5250000e+02;-5.8432885e-02;3.5250000e+02;-8.3308620e-04;3.5250000e+02;8.4782019e-02;3.5250000e+02;1.8146305e-01;3.5250000e+02;2.3218596e-01;3.5250000e+02;2.3481993e-01;3.5250000e+02;1.9706717e-01;3.5250000e+02;1.3328478e-01;3.5250000e+02;6.9560319e-02;3.5250000e+02;9.9836662e-03;3.5250000e+02;-4.4981249e-02;3.5250000e+02;-9.8857388e-02;3.5250000e+02;-1.5035519e-01;3.5250000e+02;-2.0117064e-01;3.5250000e+02;-1.0387955e-01;3.5250000e+02;-1.1779934e-01;3.5250000e+02;-1.1522678e-01;3.5250000e+02;-9.6235618e-02;3.5250000e+02;-5.8432885e-02;3.5250000e+02;-8.3308620e-04;3.5250000e+02;8.4782019e-02;3.5250000e+02;1.8146305e-01;3.5250000e+02;2.3218596e-01;3.5250000e+02;2.3481993e-01;3.5250000e+02;1.9706717e-01;3.5250000e+02;1.3328478e-01;3.5250000e+02;6.9560319e-02;3.5250000e+02;9.9836662e-03;3.5250000e+02;-4.4981249e-02;3.5250000e+02;-9.8857388e-02;3.5250000e+02;-1.5035519e-01;3.5250000e+02;-2.0117064e-01;3.5250000e+02;-1.0387955e-01;3.5250000e+02;-1.1779934e-01;3.5250000e+02;-1.1522678e-01;3.5250000e+02;-9.6235618e-02;3.5250000e+02;-5.8432885e-02;3.5250000e+02;-8.3308620e-04;3.5250000e+02;8.4782019e-02;3.5250000e+02;1.8146305e-01;3.5250000e+02;2.3218596e-01;3.5250000e+02;2.3481993e-01;3.5250000e+02;1.9706717e-01;3.5250000e+02;1.3328478e-01;3.5250000e+02;6.9560319e-02;3.5250000e+02;9.9836662e-03;3.5250000e+02;-4.4981249e-02;3.5250000e+02;-9.8857388e-02;3.5250000e+02;-1.5035519e-01;3.5250000e+02;-2.0117064e-01;3.5250000e+02;-1.0387955e-01;3.5250000e+02;-1.1779934e-01;3.5250000e+02;-1.1522678e-01;3.5250000e+02;-9.6235618e-02;3.5250000e+02;-5.8432885e-02;3.5250000e+02;-8.3308620e-04;3.5250000e+02;8.4782019e-02;3.5250000e+02;1.8146305e-01;3.5250000e+02;2.3218596e-01;3.5250000e+02;2.3481993e-01;3.5250000e+02;1.9706717e-01;3.5250000e+02;1.3328478e-01;3.5250000e+02;6.9560319e-02;3.5250000e+02;9.9836662e-03;3.5250000e+02;-4.4981249e-02;3.5250000e+02;-9.8857388e-02;3.5250000e+02;-1.5035519e-01;3.5250000e+02;-2.0117064e-01;3.5250000e+02;-1.0387955e-01;3.5250000e+02;-1.1779934e-01;3.5250000e+02;-1.1522678e-01;3.5250000e+02;-9.6235618e-02;3.5250000e+02;-5.8432885e-02;3.5250000e+02;-8.3308620e-04;3.5250000e+02;8.4782019e-02;3.5250000e+02;1.8146305e-01;3.5250000e+02;2.3218596e-01;3.5250000e+02;2.3481993e-01;3.5250000e+02;1.9706717e-01;3.5250000e+02;1.3328478e-01;3.5250000e+02;6.9560319e-02;3.5250000e+02;9.9836662e-03;3.5250000e+02;-4.4981249e-02;3.5250000e+02;-9.8857388e-02;3.5250000e+02;-1.5035519e-01;3.5250000e+02;-2.0117064e-01;3.5250000e+02;-1.0387955e-01;3.5250000e+02;-1.1779934e-01;3.5250000e+02;-1.1522678e-01;3.5250000e+02;-9.6235618e-02;3.5250000e+02;-5.8432885e-02;3.5250000e+02;-8.3308620e-04;3.5250000e+02;8.4782019e-02;3.5250000e+02;1.8146305e-01;3.5250000e+02;2.3218596e-01;3.5250000e+02;2.3481993e-01;3.5250000e+02;1.9706717e-01;3.5250000e+02;1.3328478e-01;3.5250000e+02;6.9560319e-02;3.5250000e+02;9.9836662e-03;3.5250000e+02;-4.4981249e-02;3.5250000e+02;-9.8857388e-02;3.5250000e+02;-1.5035519e-01;3.5250000e+02;-2.0117064e-01;3.5250000e+02;-1.0387955e-01;3.5250000e+02;-1.1779934e-01;3.5250000e+02;-1.1522678e-01;3.5250000e+02;-9.6235618e-02;3.5250000e+02;-5.8432885e-02;3.5250000e+02;-8.3308620e-04;3.5250000e+02;8.4782019e-02;3.5250000e+02;1.8146305e-01;3.5250000e+02;2.3218596e-01;3.5250000e+02;2.3481993e-01;3.5250000e+02;1.9706717e-01;3.5250000e+02;1.3328478e-01;3.5250000e+02;6.9560319e-02;3.5250000e+02;9.9836662e-03;3.5250000e+02;-4.4981249e-02;3.5250000e+02;-9.8857388e-02;3.5250000e+02;-1.5035519e-01;3.5250000e+02;-2.0117064e-01;3.5250000e+02;-1.0387955e-01;3.5250000e+02;-1.1779934e-01;3.5250000e+02;-1.1522678e-01;3.5250000e+02;-9.6235618e-02;3.5250000e+02;-5.8432885e-02;3.5250000e+02;-8.3308620e-04;3.5250000e+02;8.4782019e-02;3.5250000e+02;1.8146305e-01;3.5250000e+02;2.3218596e-01;3.5250000e+02;2.3481993e-01;3.5250000e+02;1.9706717e-01;3.5250000e+02;1.3328478e-01;3.5250000e+02;6.9560319e-02;3.5250000e+02;9.9836662e-03;3.5250000e+02;-4.4981249e-02;3.5250000e+02;-9.8857388e-02;3.5250000e+02;-1.5035519e-01;3.5250000e+02;-2.0117064e-01;3.5250000e+02;-1.0387955e-01;3.5250000e+02;-1.1779934e-01;3.5250000e+02;-1.1522678e-01;3.5250000e+02;-9.6235618e-02;3.5250000e+02;-5.8432885e-02;3.5250000e+02;-8.3308620e-04;3.5250000e+02;8.4782019e-02;3.5250000e+02;1.8146305e-01;3.5250000e+02;2.3218596e-01;3.5250000e+02;2.3481993e-01;3.5250000e+02;1.9706717e-01;3.5250000e+02;1.3328478e-01;3.5250000e+02;6.9560319e-02;3.5250000e+02;9.9836662e-03;3.5250000e+02;-4.4981249e-02;3.5250000e+02;-9.8857388e-02;3.5250000e+02;-1.5035519e-01;3.5250000e+02;-2.0117064e-01;3.5250000e+02;-1.0387955e-01;3.5250000e+02;-1.1779934e-01;3.5250000e+02;-1.1522678e-01;3.5250000e+02;-9.6235618e-02;3.5250000e+02;-5.8432885e-02;3.5250000e+02;-8.3308620e-04;3.5250000e+02;8.4782019e-02;3.5250000e+02;1.8146305e-01;3.5250000e+02;2.3218596e-01;3.5250000e+02;2.3481993e-01;3.5250000e+02;1.9706717e-01;3.5250000e+02;1.3328478e-01;3.5250000e+02;6.9560319e-02;3.5250000e+02;9.9836662e-03;3.5250000e+02;-4.4981249e-02;3.5250000e+02;-9.8857388e-02;3.5250000e+02;-1.5035519e-01;3.5250000e+02;-2.0117064e-01;3.5250000e+02;-1.0387955e-01;3.5250000e+02;-1.1779934e-01;3.5250000e+02;-1.1522678e-01;3.5250000e+02;-9.6235618e-02;3.5250000e+02;-5.8432885e-02;3.5250000e+02;-8.3308620e-04;3.5250000e+02;8.4782019e-02;3.5250000e+02;1.8146305e-01;3.5250000e+02;2.3218596e-01;3.5250000e+02;2.3481993e-01;3.5250000e+02;1.9706717e-01;3.5250000e+02;1.3328478e-01;3.5250000e+02;6.9560319e-02;3.5250000e+02;9.9836662e-03;3.5250000e+02;-4.4981249e-02;3.5250000e+02;-9.8857388e-02;3.5250000e+02;-1.5035519e-01;3.5250000e+02;-2.0117064e-01;3.5250000e+02;-1.0387955e-01;3.5250000e+02;-1.1779934e-01;3.5250000e+02;-1.1522678e-01;3.5250000e+02;-9.6235618e-02;3.5250000e+02;-5.8432885e-02;3.5250000e+02;-8.3308620e-04;3.5250000e+02;8.4782019e-02;3.5250000e+02;1.8146305e-01;3.5250000e+02;2.3218596e-01;3.5250000e+02;2.3481993e-01;3.5250000e+02;1.9706717e-01;3.5250000e+02;1.3328478e-01;3.5250000e+02;6.9560319e-02;3.5250000e+02;9.9836662e-03;3.5250000e+02;-4.4981249e-02;3.5250000e+02;-9.8857388e-02;3.5250000e+02;-1.5035519e-01;3.5250000e+02;-2.0117064e-01;3.5250000e+02;-1.0387955e-01;3.5250000e+02;-1.1779934e-01;3.5250000e+02;-1.1522678e-01;3.5250000e+02;-9.6235618e-02;3.5250000e+02;-5.8432885e-02;3.5250000e+02;-8.3308620e-04;3.5250000e+02;8.4782019e-02;3.5250000e+02;1.8146305e-01;3.5250000e+02;2.3218596e-01;3.5250000e+02;2.3481993e-01;3.5250000e+02;1.9706717e-01;3.5250000e+02;1.3328478e-01;3.5250000e+02;6.9560319e-02;3.5250000e+02;9.9836662e-03;3.5250000e+02;-4.4981249e-02;3.5250000e+02;-9.8857388e-02;3.5250000e+02;-1.5035519e-01;3.5250000e+02;-2.0117064e-01;3.5250000e+02;-1.0387955e-01;3.5250000e+02;-1.1779934e-01;3.5250000e+02;-1.1522678e-01;3.5250000e+02;-9.6235618e-02;3.5250000e+02;-5.8432885e-02;3.5250000e+02;-8.3308620e-04;3.5250000e+02;8.4782019e-02;3.5250000e+02;1.8146305e-01;3.5250000e+02;2.3218596e-01;3.5250000e+02;2.3481993e-01;3.5250000e+02;1.9706717e-01;3.5250000e+02;1.3328478e-01;3.5250000e+02;6.9560319e-02;3.5250000e+02;9.9836662e-03;3.5250000e+02;-4.4981249e-02;3.5250000e+02;-9.8857388e-02;3.5250000e+02;-1.5035519e-01;3.5250000e+02;-2.0117064e-01;3.5250000e+02;-1.0387955e-01;3.5250000e+02;-1.1779934e-01;3.5250000e+02;-1.1522678e-01;3.5250000e+02;-9.6235618e-02;3.5250000e+02;-5.8432885e-02;3.5250000e+02;-8.3308620e-04;3.5250000e+02;8.4782019e-02;3.5250000e+02;1.8146305e-01;3.5250000e+02;2.3218596e-01;3.5250000e+02;2.3481993e-01;3.5250000e+02;1.9706717e-01;3.5250000e+02;1.3328478e-01;3.5250000e+02;6.9560319e-02;3.5250000e+02;9.9836662e-03;3.5250000e+02;-4.4981249e-02;3.5250000e+02;-9.8857388e-02;3.5250000e+02;-1.5035519e-01;3.5250000e+02;-2.0117064e-01;3.5250000e+02;-1.0387955e-01;3.5250000e+02;-1.1779934e-01;3.5250000e+02;-1.1522678e-01;3.5250000e+02;-9.6235618e-02;3.5250000e+02;-5.8432885e-02;3.5250000e+02;-8.3308620e-04;3.5250000e+02;8.4782019e-02;3.5250000e+02;1.8146305e-01;3.5250000e+02;2.3218596e-01;3.5250000e+02;2.3481993e-01;3.5250000e+02;1.9706717e-01;3.5250000e+02;1.3328478e-01;3.5250000e+02;6.9560319e-02;3.5250000e+02;9.9836662e-03;3.5250000e+02;-4.4981249e-02;3.5250000e+02;-9.8857388e-02;3.5250000e+02;-1.5035519e-01;3.5250000e+02;-2.0117064e-01;3.5250000e+02;-1.0387955e-01;3.5250000e+02;-1.1779934e-01;3.5250000e+02;-1.1522678e-01;3.5250000e+02;-9.6235618e-02;3.5250000e+02;-5.8432885e-02;3.5250000e+02;-8.3308620e-04;3.5250000e+02;8.4782019e-02;3.5250000e+02;1.8146305e-01;3.5250000e+02;2.3218596e-01;3.5250000e+02;2.3481993e-01;3.5250000e+02;1.9706717e-01;3.5250000e+02;1.3328478e-01;3.5250000e+02;6.9560319e-02;3.5250000e+02;9.9836662e-03;3.5250000e+02;-4.4981249e-02;3.5250000e+02;-9.8857388e-02;3.5250000e+02;-1.5035519e-01;3.5250000e+02;-2.0117064e-01;3.5250000e+02;-1.0387955e-01;3.5250000e+02;-1.1779934e-01;3.5250000e+02;-1.1522678e-01;3.5250000e+02;-9.6235618e-02;3.5250000e+02;-5.8432885e-02;3.5250000e+02;-8.3308620e-04;3.5250000e+02;8.4782019e-02;3.5250000e+02;1.8146305e-01;3.5250000e+02;2.3218596e-01;3.5250000e+02;2.3481993e-01;3.5250000e+02;1.9706717e-01;3.5250000e+02;1.3328478e-01;3.5250000e+02;6.9560319e-02;3.5250000e+02;9.9836662e-03;3.5250000e+02;-4.4981249e-02;3.5250000e+02;-9.8857388e-02;3.5250000e+02;-1.5035519e-01;3.5250000e+02;-2.0117064e-01;3.5250000e+02;-1.0387955e-01;3.5250000e+02;-1.1779934e-01;3.5250000e+02;-1.1522678e-01;3.5250000e+02;-9.6235618e-02;3.5250000e+02;-5.8432885e-02;3.5250000e+02;-8.3308620e-04;3.5250000e+02;8.4782019e-02;3.5250000e+02;1.8146305e-01;3.5250000e+02;2.3218596e-01;3.5250000e+02;2.3481993e-01;3.5250000e+02;1.9706717e-01;3.5250000e+02;1.3328478e-01;3.5250000e+02;6.9560319e-02;3.5250000e+02;9.9836662e-03;3.5250000e+02;-4.4981249e-02;3.5250000e+02;-9.8857388e-02;3.5250000e+02;-1.5035519e-01;3.5250000e+02;-2.0117064e-01;3.5250000e+02;-1.0387955e-01;3.5250000e+02;-1.1779934e-01;3.5250000e+02;-1.1522678e-01;3.5250000e+02;-9.6235618e-02;3.5250000e+02;-5.8432885e-02;3.5250000e+02;-8.3308620e-04;3.5250000e+02;8.4782019e-02;3.5250000e+02;1.8146305e-01;3.5250000e+02;2.3218596e-01;3.5250000e+02;2.3481993e-01;3.5250000e+02;1.9706717e-01;3.5250000e+02;1.3328478e-01;3.5250000e+02;6.9560319e-02;3.5250000e+02;9.9836662e-03;3.5250000e+02;-4.4981249e-02;3.5250000e+02;-9.8857388e-02;3.5250000e+02;-1.5035519e-01;3.5250000e+02;-2.0117064e-01;3.5250000e+02;-1.0387955e-01;3.5250000e+02;-1.1779934e-01;3.5250000e+02;-1.1522678e-01;3.5250000e+02;-9.6235618e-02;3.5250000e+02;-5.8432885e-02;3.5250000e+02;-8.3308620e-04;3.5250000e+02;8.4782019e-02;3.5250000e+02;1.8146305e-01;3.5250000e+02;2.3218596e-01;3.5250000e+02;2.3481993e-01;3.5250000e+02;1.9706717e-01;3.5250000e+02;1.3328478e-01;3.5250000e+02;6.9560319e-02;3.5250000e+02;9.9836662e-03;3.5250000e+02;-4.4981249e-02;3.5250000e+02;-9.8857388e-02;3.5250000e+02;-1.5035519e-01;3.5250000e+02;-2.0117064e-01;3.5250000e+02;-1.0387955e-01;3.5250000e+02;-1.1779934e-01;3.5250000e+02;-1.1522678e-01;3.5250000e+02;-9.6235618e-02;3.5250000e+02;-5.8432885e-02;3.5250000e+02;-8.3308620e-04;3.5250000e+02;8.4782019e-02;3.5250000e+02;1.8146305e-01;3.5250000e+02;2.3218596e-01;3.5250000e+02;2.3481993e-01;3.5250000e+02;1.9706717e-01;3.5250000e+02;1.3328478e-01;3.5250000e+02;6.9560319e-02;3.5250000e+02;9.9836662e-03;3.5250000e+02;-4.4981249e-02;3.5250000e+02;-9.8857388e-02;3.5250000e+02;-1.5035519e-01;3.5250000e+02;-2.0117064e-01;3.5250000e+02;-1.0387955e-01;3.5250000e+02;-1.1779934e-01;3.5250000e+02;-1.1522678e-01;3.5250000e+02;-9.6235618e-02;3.5250000e+02;-5.8432885e-02;3.5250000e+02;-8.3308620e-04;3.5250000e+02;8.4782019e-02;3.5250000e+02;1.8146305e-01;3.5250000e+02;2.3218596e-01;3.5250000e+02;2.3481993e-01;3.5250000e+02;1.9706717e-01;3.5250000e+02;1.3328478e-01;3.5250000e+02;6.9560319e-02;3.5250000e+02;9.9836662e-03;3.5250000e+02;-4.4981249e-02;3.5250000e+02;-9.8857388e-02;3.5250000e+02;-1.5035519e-01;3.5250000e+02;-2.0117064e-01;3.5250000e+02;-1.0387955e-01;3.5250000e+02;-1.1779934e-01;3.5250000e+02;-1.1522678e-01;3.5250000e+02;-9.6235618e-02;3.5250000e+02;-5.8432885e-02;3.5250000e+02;-8.3308620e-04;3.5250000e+02;8.4782019e-02;3.5250000e+02;1.8146305e-01;3.5250000e+02;2.3218596e-01;3.5250000e+02;2.3481993e-01;3.5250000e+02;1.9706717e-01;3.5250000e+02;1.3328478e-01;3.5250000e+02;6.9560319e-02;3.5250000e+02;9.9836662e-03;3.5250000e+02;-4.4981249e-02;3.5250000e+02;-9.8857388e-02;3.5250000e+02;-1.5035519e-01;3.5250000e+02;-2.0117064e-01;3.5250000e+02;-1.0387955e-01;3.5250000e+02;-1.1779934e-01;3.5250000e+02;-1.1522678e-01;3.5250000e+02;-9.6235618e-02;3.5250000e+02;-5.8432885e-02;3.5250000e+02;-8.3308620e-04;3.5250000e+02;8.4782019e-02;3.5250000e+02;1.8146305e-01;3.5250000e+02;2.3218596e-01;3.5250000e+02;2.3481993e-01;3.5250000e+02;1.9706717e-01;3.5250000e+02;1.3328478e-01;3.5250000e+02;6.9560319e-02;3.5250000e+02;9.9836662e-03;3.5250000e+02;-4.4981249e-02;3.5250000e+02;-9.8857388e-02;3.5250000e+02;-1.5035519e-01;3.5250000e+02;-2.0117064e-01;3.5250000e+02;-1.0387955e-01;3.5250000e+02;-1.1779934e-01;3.5250000e+02;-1.1522678e-01;3.5250000e+02;-9.6235618e-02;3.5250000e+02;-5.8432885e-02;3.5250000e+02;-8.3308620e-04;3.5250000e+02;8.4782019e-02;3.5250000e+02;1.8146305e-01;3.5250000e+02;2.3218596e-01;3.5250000e+02;2.3481993e-01;3.5250000e+02;1.9706717e-01;3.5250000e+02;1.3328478e-01;3.5250000e+02;6.9560319e-02;3.5250000e+02;9.9836662e-03;3.5250000e+02;-4.4981249e-02;3.5250000e+02;-9.8857388e-02;3.5250000e+02;-1.5035519e-01;3.5250000e+02;-2.0117064e-01;3.5250000e+02;-1.0387955e-01;3.5250000e+02;-1.1779934e-01;3.5250000e+02;-1.1522678e-01;3.5250000e+02;-9.6235618e-02;3.5250000e+02;-5.8432885e-02;3.5250000e+02;-8.3308620e-04;3.5250000e+02;8.4782019e-02;3.5250000e+02;1.8146305e-01;3.5250000e+02;2.3218596e-01;3.5250000e+02;2.3481993e-01;3.5250000e+02;1.9706717e-01;3.5250000e+02;1.3328478e-01;3.5250000e+02;6.9560319e-02;3.5250000e+02;9.9836662e-03;3.5250000e+02;-4.4981249e-02;3.5250000e+02;-9.8857388e-02;3.5250000e+02;-1.5035519e-01;3.5250000e+02;-2.0117064e-01;3.5250000e+02;-1.0387955e-01;3.5250000e+02;-1.1779934e-01;3.5250000e+02;-1.1522678e-01;3.5250000e+02;-9.6235618e-02;3.5250000e+02;-5.8432885e-02;3.5250000e+02;-8.3308620e-04;3.5250000e+02;8.4782019e-02;3.5250000e+02;1.8146305e-01;3.5250000e+02;2.3218596e-01;3.5250000e+02;2.3481993e-01;3.5250000e+02;1.9706717e-01;3.5250000e+02;1.3328478e-01;3.5250000e+02;6.9560319e-02;3.5250000e+02;9.9836662e-03;3.5250000e+02;-4.4981249e-02;3.5250000e+02;-9.8857388e-02;3.5250000e+02;-1.5035519e-01;3.5250000e+02;-2.0117064e-01;3.5250000e+02;-1.0387955e-01;3.5250000e+02;-1.1779934e-01;3.5250000e+02;-1.1522678e-01;3.5250000e+02;-9.6235618e-02;3.5250000e+02;-5.8432885e-02;3.5250000e+02;-8.3308620e-04;3.5250000e+02;8.4782019e-02;3.5250000e+02;1.8146305e-01;3.5250000e+02;2.3218596e-01;3.5250000e+02;2.3481993e-01;3.5250000e+02;1.9706717e-01;3.5250000e+02;1.3328478e-01;3.5250000e+02;6.9560319e-02;3.5250000e+02;9.9836662e-03;3.5250000e+02;-4.4981249e-02;3.5250000e+02;-9.8857388e-02;3.5250000e+02;-1.5035519e-01;3.5250000e+02;-2.0117064e-01;3.5250000e+02;-1.0387955e-01;3.5250000e+02;-1.1779934e-01;3.5250000e+02;-1.1522678e-01;3.5250000e+02;-9.6235618e-02;3.5250000e+02;-5.8432885e-02;3.5250000e+02;-8.3308620e-04;3.5250000e+02;8.4782019e-02;3.5250000e+02;1.8146305e-01;3.5250000e+02;2.3218596e-01;3.5250000e+02;2.3481993e-01;3.5250000e+02;1.9706717e-01;3.5250000e+02;1.3328478e-01;3.5250000e+02;6.9560319e-02;3.5250000e+02;9.9836662e-03;3.5250000e+02;-4.4981249e-02;3.5250000e+02;-9.8857388e-02;3.5250000e+02;-1.5035519e-01;3.5250000e+02;-2.0117064e-01;3.5250000e+02;-1.0387955e-01;3.5250000e+02;-1.1779934e-01;3.5250000e+02;-1.1522678e-01;3.5250000e+02;-9.6235618e-02;3.5250000e+02;-5.8432885e-02;3.5250000e+02;-8.3308620e-04;3.5250000e+02;8.4782019e-02;3.5250000e+02;1.8146305e-01;3.5250000e+02;2.3218596e-01;3.5250000e+02;2.3481993e-01;3.5250000e+02;1.9706717e-01;3.5250000e+02;1.3328478e-01;3.5250000e+02;6.9560319e-02;3.5250000e+02;9.9836662e-03;3.5250000e+02;-4.4981249e-02;3.5250000e+02;-9.8857388e-02;3.5250000e+02;-1.5035519e-01;3.5250000e+02;-2.0117064e-01;3.5250000e+02;-1.0387955e-01;3.5250000e+02;-1.1779934e-01;3.5250000e+02;-1.1522678e-01;3.5250000e+02;-9.6235618e-02;3.5250000e+02;-5.8432885e-02;3.5250000e+02;-8.3308620e-04;3.5250000e+02;8.4782019e-02;3.5250000e+02;1.8146305e-01;3.5250000e+02;2.3218596e-01;3.5250000e+02;2.3481993e-01;3.5250000e+02;1.9706717e-01;3.5250000e+02;1.3328478e-01;3.5250000e+02;6.9560319e-02;3.5250000e+02;9.9836662e-03;3.5250000e+02;-4.4981249e-02;3.5250000e+02;-9.8857388e-02;3.5250000e+02;-1.5035519e-01;3.5250000e+02;-2.0117064e-01;3.5250000e+02;-1.0387955e-01;3.5250000e+02;-1.1779934e-01;3.5250000e+02;-1.1522678e-01;3.5250000e+02;-9.6235618e-02;3.5250000e+02;-5.8432885e-02;3.5250000e+02;-8.3308620e-04;3.5250000e+02;8.4782019e-02;3.5250000e+02;1.8146305e-01;3.5250000e+02;2.3218596e-01;3.5250000e+02;2.3481993e-01;3.5250000e+02;1.9706717e-01;3.5250000e+02;1.3328478e-01;3.5250000e+02;6.9560319e-02;3.5250000e+02;9.9836662e-03;3.5250000e+02;-4.4981249e-02;3.5250000e+02;-9.8857388e-02;3.5250000e+02;-1.5035519e-01;3.5250000e+02;-2.0117064e-01;3.5250000e+02;-1.0387955e-01;3.5250000e+02;-1.1779934e-01;3.5250000e+02;-1.1522678e-01;3.5250000e+02;-9.6235618e-02;3.5250000e+02;-5.8432885e-02;3.5250000e+02;-8.3308620e-04;3.5250000e+02;8.4782019e-02;3.5250000e+02;1.8146305e-01;3.5250000e+02;2.3218596e-01;3.5250000e+02;2.3481993e-01;3.5250000e+02;1.9706717e-01;3.5250000e+02;1.3328478e-01;3.5250000e+02;6.9560319e-02;3.5250000e+02;9.9836662e-03;3.5250000e+02;-4.4981249e-02;3.5250000e+02;-9.8857388e-02;3.5250000e+02;-1.5035519e-01;3.5250000e+02;-2.0117064e-01;3.5250000e+02;-1.0387955e-01;3.5250000e+02;-1.1779934e-01;3.5250000e+02;-1.1522678e-01;3.5250000e+02;-9.6235618e-02;3.5250000e+02;-5.8432885e-02;3.5250000e+02;-8.3308620e-04;3.5250000e+02;8.4782019e-02;3.5250000e+02;1.8146305e-01;3.5250000e+02;2.3218596e-01;3.5250000e+02;2.3481993e-01;3.5250000e+02;1.9706717e-01;3.5250000e+02;1.3328478e-01;3.5250000e+02;6.9560319e-02;3.5250000e+02;9.9836662e-03;3.5250000e+02;-4.4981249e-02;3.5250000e+02;-9.8857388e-02;3.5250000e+02;-1.5035519e-01;3.5250000e+02;-2.0117064e-01;3.5250000e+02;-1.0387955e-01;3.5250000e+02;-1.1779934e-01;3.5250000e+02;-1.1522678e-01;3.5250000e+02;-9.6235618e-02;3.5250000e+02;-5.8432885e-02;3.5250000e+02;-8.3308620e-04;3.5250000e+02;8.4782019e-02;3.5250000e+02;1.8146305e-01;3.5250000e+02;2.3218596e-01;3.5250000e+02;2.3481993e-01;3.5250000e+02;1.9706717e-01;3.5250000e+02;1.3328478e-01;3.5250000e+02;6.9560319e-02;3.5250000e+02;9.9836662e-03;3.5250000e+02;-4.4981249e-02;3.5250000e+02;-9.8857388e-02;3.5250000e+02;-1.5035519e-01;3.5250000e+02;-2.0117064e-01;3.5250000e+02;-1.0387955e-01;3.5250000e+02;-1.1779934e-01;3.5250000e+02;-1.1522678e-01;3.5250000e+02;-9.6235618e-02;3.5250000e+02;-5.8432885e-02;3.5250000e+02;-8.3308620e-04;3.5250000e+02;8.4782019e-02;3.5250000e+02;1.8146305e-01;3.5250000e+02;2.3218596e-01;3.5250000e+02;2.3481993e-01;3.5250000e+02;1.9706717e-01;3.5250000e+02;1.3328478e-01;3.5250000e+02;6.9560319e-02;3.5250000e+02;9.9836662e-03;3.5250000e+02;-4.4981249e-02;3.5250000e+02;-9.8857388e-02;3.5250000e+02;-1.5035519e-01;3.5250000e+02;-2.0117064e-01;3.5250000e+02;-1.0387955e-01;3.5250000e+02;-1.1779934e-01;3.5250000e+02;-1.1522678e-01;3.5250000e+02;-9.6235618e-02;3.5250000e+02;-5.8432885e-02;3.5250000e+02;-8.3308620e-04;3.5250000e+02;8.4782019e-02;3.5250000e+02;1.8146305e-01;3.5250000e+02;2.3218596e-01;3.5250000e+02;2.3481993e-01;3.5250000e+02;1.9706717e-01;3.5250000e+02;1.3328478e-01;3.5250000e+02;6.9560319e-02;3.5250000e+02;9.9836662e-03;3.5250000e+02;-4.4981249e-02;3.5250000e+02;-9.8857388e-02;3.5250000e+02;-1.5035519e-01;3.5250000e+02;-2.0117064e-01;3.5250000e+02;-1.0387955e-01;3.5250000e+02;-1.1779934e-01;3.5250000e+02;-1.1522678e-01;3.5250000e+02;-9.6235618e-02;3.5250000e+02;-5.8432885e-02;3.5250000e+02;-8.3308620e-04;3.5250000e+02;8.4782019e-02;3.5250000e+02;1.8146305e-01;3.5250000e+02;2.3218596e-01;3.5250000e+02;2.3481993e-01;3.5250000e+02;1.9706717e-01;3.5250000e+02;1.3328478e-01;3.5250000e+02;6.9560319e-02;3.5250000e+02;9.9836662e-03;3.5250000e+02;-4.4981249e-02;3.5250000e+02;-9.8857388e-02;3.5250000e+02;-1.5035519e-01;3.5250000e+02;-2.0117064e-01;3.5250000e+02;-1.0387955e-01;3.5250000e+02;-1.1779934e-01;3.5250000e+02;-1.1522678e-01;3.5250000e+02;-9.6235618e-02;3.5250000e+02;-5.8432885e-02;3.5250000e+02;-8.3308620e-04;3.5250000e+02;8.4782019e-02;3.5250000e+02;1.8146305e-01;3.5250000e+02;2.3218596e-01;3.5250000e+02;2.3481993e-01;3.5250000e+02;1.9706717e-01;3.5250000e+02;1.3328478e-01;3.5250000e+02;6.9560319e-02;3.5250000e+02;9.9836662e-03;3.5250000e+02;-4.4981249e-02;3.5250000e+02;-9.8857388e-02;3.5250000e+02;-1.5035519e-01;3.5250000e+02;-2.0117064e-01;3.5250000e+02;-1.0387955e-01;3.5250000e+02;-1.1779934e-01;3.5250000e+02;-1.1522678e-01;3.5250000e+02;-9.6235618e-02;3.5250000e+02;-5.8432885e-02;3.5250000e+02;-8.3308620e-04;3.5250000e+02;8.4782019e-02;3.5250000e+02;1.8146305e-01;3.5250000e+02;2.3218596e-01;3.5250000e+02;2.3481993e-01;3.5250000e+02;1.9706717e-01;3.5250000e+02;1.3328478e-01;3.5250000e+02;6.9560319e-02;3.5250000e+02;9.9836662e-03;3.5250000e+02;-4.4981249e-02;3.5250000e+02;-9.8857388e-02;3.5250000e+02;-1.5035519e-01;3.5250000e+02;-2.0117064e-01;3.5250000e+02;-1.0387955e-01;3.5250000e+02;-1.1779934e-01;3.5250000e+02;-1.1522678e-01;3.5250000e+02;-9.6235618e-02;3.5250000e+02;-5.8432885e-02;3.5250000e+02;-8.3308620e-04;3.5250000e+02;8.4782019e-02;3.5250000e+02;1.8146305e-01;3.5250000e+02;2.3218596e-01;3.5250000e+02;2.3481993e-01;3.5250000e+02;1.9706717e-01;3.5250000e+02;1.3328478e-01;3.5250000e+02;6.9560319e-02;3.5250000e+02;9.9836662e-03;3.5250000e+02;-4.4981249e-02;3.5250000e+02;-9.8857388e-02;3.5250000e+02;-1.5035519e-01;3.5250000e+02;-2.0117064e-01;3.5250000e+02;-1.0387955e-01;3.5250000e+02;-1.1779934e-01;3.5250000e+02;-1.1522678e-01;3.5250000e+02;-9.6235618e-02;3.5250000e+02;-5.8432885e-02;3.5250000e+02;-8.3308620e-04;3.5250000e+02;8.4782019e-02;3.5250000e+02;1.8146305e-01;3.5250000e+02;2.3218596e-01;3.5250000e+02;2.3481993e-01;3.5250000e+02;1.9706717e-01;3.5250000e+02;1.3328478e-01;3.5250000e+02;6.9560319e-02;3.5250000e+02;9.9836662e-03;3.5250000e+02;-4.4981249e-02;3.5250000e+02;-9.8857388e-02;3.5250000e+02;-1.5035519e-01;3.5250000e+02;-2.0117064e-01;3.5250000e+02;-1.0387955e-01;3.5250000e+02;-1.1779934e-01;3.5250000e+02;-1.1522678e-01;3.5250000e+02;-9.6235618e-02;3.5250000e+02;-5.8432885e-02;3.5250000e+02;-8.3308620e-04;3.5250000e+02;8.4782019e-02;3.5250000e+02;1.8146305e-01;3.5250000e+02;2.3218596e-01;3.5250000e+02;2.3481993e-01;3.5250000e+02;1.9706717e-01;3.5250000e+02;1.3328478e-01;3.5250000e+02;6.9560319e-02;3.5250000e+02;9.9836662e-03;3.5250000e+02;-4.4981249e-02;3.5250000e+02;-9.8857388e-02;3.5250000e+02;-1.5035519e-01;3.5250000e+02;-2.0117064e-01;3.5250000e+02;-1.0387955e-01;3.5250000e+02;-1.1779934e-01;3.5250000e+02;-1.1522678e-01;3.5250000e+02;-9.6235618e-02;3.5250000e+02;-5.8432885e-02;3.5250000e+02;-8.3308620e-04;3.5250000e+02;8.4782019e-02;3.5250000e+02;1.8146305e-01;3.5250000e+02;2.3218596e-01;3.5250000e+02;2.3481993e-01;3.5250000e+02;1.9706717e-01;3.5250000e+02;1.3328478e-01;3.5250000e+02;6.9560319e-02;3.5250000e+02;9.9836662e-03;3.5250000e+02;-4.4981249e-02;3.5250000e+02;-9.8857388e-02;3.5250000e+02;-1.5035519e-01;3.5250000e+02;-2.0117064e-01;3.5250000e+02;-1.0387955e-01;3.5250000e+02;-1.1779934e-01;3.5250000e+02;-1.1522678e-01;3.5250000e+02;-9.6235618e-02;3.5250000e+02;-5.8432885e-02;3.5250000e+02;-8.3308620e-04;3.5250000e+02;8.4782019e-02;3.5250000e+02;1.8146305e-01;3.5250000e+02;2.3218596e-01;3.5250000e+02;2.3481993e-01;3.5250000e+02;1.9706717e-01;3.5250000e+02;1.3328478e-01;3.5250000e+02;6.9560319e-02;3.5250000e+02;9.9836662e-03;3.5250000e+02;-4.4981249e-02;3.5250000e+02;-9.8857388e-02;3.5250000e+02;-1.5035519e-01;3.5250000e+02;-2.0117064e-01;3.5250000e+02;-1.0387955e-01;3.5250000e+02;-1.1779934e-01;3.5250000e+02;-1.1522678e-01;3.5250000e+02;-9.6235618e-02;3.5250000e+02;-5.8432885e-02;3.5250000e+02;-8.3308620e-04;3.5250000e+02;8.4782019e-02;3.5250000e+02;1.8146305e-01;3.5250000e+02;2.3218596e-01;3.5250000e+02;2.3481993e-01;3.5250000e+02;1.9706717e-01;3.5250000e+02;1.3328478e-01;3.5250000e+02;6.9560319e-02;3.5250000e+02;9.9836662e-03;3.5250000e+02;-4.4981249e-02;3.5250000e+02;-9.8857388e-02;3.5250000e+02;-1.5035519e-01;3.5250000e+02;-2.0117064e-01;3.5250000e+02;-1.0387955e-01;3.5250000e+02;-1.1779934e-01;3.5250000e+02;-1.1522678e-01;3.5250000e+02;-9.6235618e-02;3.5250000e+02;-5.8432885e-02;3.5250000e+02;-8.3308620e-04;3.5250000e+02;8.4782019e-02;3.5250000e+02;1.8146305e-01;3.5250000e+02;2.3218596e-01;3.5250000e+02;2.3481993e-01;3.5250000e+02;1.9706717e-01;3.5250000e+02;1.3328478e-01;3.5250000e+02;6.9560319e-02;3.5250000e+02;9.9836662e-03;3.5250000e+02;-4.4981249e-02;3.5250000e+02;-9.8857388e-02;3.5250000e+02;-1.5035519e-01;3.5250000e+02;-2.0117064e-01;3.5250000e+02;-1.0387955e-01;3.5250000e+02;-1.1779934e-01;3.5250000e+02;-1.1522678e-01;3.5250000e+02;-9.6235618e-02;3.5250000e+02;-5.8432885e-02;3.5250000e+02;-8.3308620e-04;3.5250000e+02;8.4782019e-02;3.5250000e+02;1.8146305e-01;3.5250000e+02;2.3218596e-01;3.5250000e+02;2.3481993e-01;3.5250000e+02;1.9706717e-01;3.5250000e+02;1.3328478e-01;3.5250000e+02;6.9560319e-02;3.5250000e+02;9.9836662e-03;3.5250000e+02;-4.4981249e-02;3.5250000e+02;-9.8857388e-02;3.5250000e+02;-1.5035519e-01;3.5250000e+02;-2.0117064e-01;3.5250000e+02;-1.0387955e-01;3.5250000e+02;-1.1779934e-01;3.5250000e+02;-1.1522678e-01;3.5250000e+02;-9.6235618e-02;3.5250000e+02;-5.8432885e-02;3.5250000e+02;-8.3308620e-04;3.5250000e+02;8.4782019e-02;3.5250000e+02;1.8146305e-01;3.5250000e+02;2.3218596e-01;3.5250000e+02;2.3481993e-01;3.5250000e+02;1.9706717e-01;3.5250000e+02;1.3328478e-01;3.5250000e+02;6.9560319e-02;3.5250000e+02;9.9836662e-03;3.5250000e+02;-4.4981249e-02;3.5250000e+02;-9.8857388e-02;3.5250000e+02;-1.5035519e-01;3.5250000e+02;-2.0117064e-01;3.5250000e+02;-1.0387955e-01;3.5250000e+02;-1.1779934e-01;3.5250000e+02;-1.1522678e-01;3.5250000e+02;-9.6235618e-02;3.5250000e+02;-5.8432885e-02;3.5250000e+02;-8.3308620e-04;3.5250000e+02;8.4782019e-02;3.5250000e+02;1.8146305e-01;3.5250000e+02;2.3218596e-01;3.5250000e+02;2.3481993e-01;3.5250000e+02;1.9706717e-01;3.5250000e+02;1.3328478e-01;3.5250000e+02;6.9560319e-02;3.5250000e+02;9.9836662e-03;3.5250000e+02;-4.4981249e-02;3.5250000e+02;-9.8857388e-02;3.5250000e+02;-1.5035519e-01;3.5250000e+02;-2.0117064e-01;3.5250000e+02;-1.0387955e-01;3.5250000e+02;-1.1779934e-01;3.5250000e+02;-1.1522678e-01;3.5250000e+02;-9.6235618e-02;3.5250000e+02;-5.8432885e-02;3.5250000e+02;-8.3308620e-04;3.5250000e+02;8.4782019e-02;3.5250000e+02;1.8146305e-01;3.5250000e+02;2.3218596e-01;3.5250000e+02;2.3481993e-01;3.5250000e+02;1.9706717e-01;3.5250000e+02;1.3328478e-01;3.5250000e+02;6.9560319e-02;3.5250000e+02;9.9836662e-03;3.5250000e+02;-4.4981249e-02;3.5250000e+02;-9.8857388e-02;3.5250000e+02;-1.5035519e-01;3.5250000e+02;-2.0117064e-01;3.5250000e+02;-1.0387955e-01;3.5250000e+02;-1.1779934e-01;3.5250000e+02;-1.1522678e-01;3.5250000e+02;-9.6235618e-02;3.5250000e+02;-5.8432885e-02;3.5250000e+02;-8.3308620e-04;3.5250000e+02;8.4782019e-02;3.5250000e+02;1.8146305e-01;3.5250000e+02;2.3218596e-01;3.5250000e+02;2.3481993e-01;3.5250000e+02;1.9706717e-01;3.5250000e+02;1.3328478e-01;3.5250000e+02;6.9560319e-02;3.5250000e+02;9.9836662e-03;3.5250000e+02;-4.4981249e-02;3.5250000e+02;-9.8857388e-02;3.5250000e+02;-1.5035519e-01;3.5250000e+02;-2.0117064e-01;3.5250000e+02;-1.0387955e-01;3.5250000e+02;-1.1779934e-01;3.5250000e+02;-1.1522678e-01;3.5250000e+02;-9.6235618e-02;3.5250000e+02;-5.8432885e-02;3.5250000e+02;-8.3308620e-04;3.5250000e+02;8.4782019e-02;3.5250000e+02;1.8146305e-01;3.5250000e+02;2.3218596e-01;3.5250000e+02;2.3481993e-01;3.5250000e+02;1.9706717e-01;3.5250000e+02;1.3328478e-01;3.5250000e+02;6.9560319e-02;3.5250000e+02;9.9836662e-03;3.5250000e+02;-4.4981249e-02;3.5250000e+02;-9.8857388e-02;3.5250000e+02;-1.5035519e-01;3.5250000e+02;-2.0117064e-01;3.5250000e+02;-1.0387955e-01;3.5250000e+02;-1.1779934e-01;3.5250000e+02;-1.1522678e-01;3.5250000e+02;-9.6235618e-02;3.5250000e+02;-5.8432885e-02;3.5250000e+02;-8.3308620e-04;3.5250000e+02;8.4782019e-02;3.5250000e+02;1.8146305e-01;3.5250000e+02;2.3218596e-01;3.5250000e+02;2.3481993e-01;3.5250000e+02;1.9706717e-01;3.5250000e+02;1.3328478e-01;3.5250000e+02;6.9560319e-02;3.5250000e+02;9.9836662e-03;3.5250000e+02;-4.4981249e-02;3.5250000e+02;-9.8857388e-02;3.5250000e+02;-1.5035519e-01;3.5250000e+02;-2.0117064e-01;3.5250000e+02;-1.0387955e-01;3.5250000e+02;-1.1779934e-01;3.5250000e+02;-1.1522678e-01;3.5250000e+02;-9.6235618e-02;3.5250000e+02;-5.8432885e-02;3.5250000e+02;-8.3308620e-04;3.5250000e+02;8.4782019e-02;3.5250000e+02;1.8146305e-01;3.5250000e+02;2.3218596e-01;3.5250000e+02;2.3481993e-01;3.5250000e+02;1.9706717e-01;3.5250000e+02;1.3328478e-01;3.5250000e+02;6.9560319e-02;3.5250000e+02;9.9836662e-03;3.5250000e+02;-4.4981249e-02;3.5250000e+02;-9.8857388e-02;3.5250000e+02;-1.5035519e-01;3.5250000e+02;-2.0117064e-01;3.5250000e+02;-1.0387955e-01;3.5250000e+02;-1.1779934e-01;3.5250000e+02;-1.1522678e-01;3.5250000e+02;-9.6235618e-02;3.5250000e+02;-5.8432885e-02;3.5250000e+02;-8.3308620e-04;3.5250000e+02;8.4782019e-02;3.5250000e+02;1.8146305e-01;3.5250000e+02;2.3218596e-01;3.5250000e+02;2.3481993e-01;3.5250000e+02;1.9706717e-01;3.5250000e+02;1.3328478e-01;3.5250000e+02;6.9560319e-02;3.5250000e+02;9.9836662e-03;3.5250000e+02;-4.4981249e-02;3.5250000e+02;-9.8857388e-02;3.5250000e+02;-1.5035519e-01;3.5250000e+02;-2.0117064e-01;3.5250000e+02;-1.0387955e-01;3.5250000e+02;-1.1779934e-01;3.5250000e+02;-1.1522678e-01;3.5250000e+02;-9.6235618e-02;3.5250000e+02;-5.8432885e-02;3.5250000e+02;-8.3308620e-04;3.5250000e+02;8.4782019e-02;3.5250000e+02;1.8146305e-01;3.5250000e+02;2.3218596e-01;3.5250000e+02;2.3481993e-01;3.5250000e+02;1.9706717e-01;3.5250000e+02;1.3328478e-01;3.5250000e+02;6.9560319e-02;3.5250000e+02;9.9836662e-03;3.5250000e+02;-4.4981249e-02;3.5250000e+02;-9.8857388e-02;3.5250000e+02;-1.5035519e-01;3.5250000e+02;-2.0117064e-01;3.5250000e+02;-1.0387955e-01;3.5250000e+02;-1.1779934e-01;3.5250000e+02;-1.1522678e-01;3.5250000e+02;-9.6235618e-02;3.5250000e+02;-5.8432885e-02;3.5250000e+02;-8.3308620e-04;3.5250000e+02;8.4782019e-02;3.5250000e+02;1.8146305e-01;3.5250000e+02;2.3218596e-01;3.5250000e+02;2.3481993e-01;3.5250000e+02;1.9706717e-01;3.5250000e+02;1.3328478e-01;3.5250000e+02;6.9560319e-02;3.5250000e+02;9.9836662e-03;3.5250000e+02;-4.4981249e-02;3.5250000e+02;-9.8857388e-02;3.5250000e+02;-1.5035519e-01;3.5250000e+02;-2.0117064e-01;3.5250000e+02;-1.0387955e-01;3.5250000e+02;-1.1779934e-01;3.5250000e+02;-1.1522678e-01;3.5250000e+02;-9.6235618e-02;3.5250000e+02;-5.8432885e-02;3.5250000e+02;-8.3308620e-04;3.5250000e+02;8.4782019e-02;3.5250000e+02;1.8146305e-01;3.5250000e+02;2.3218596e-01;3.5250000e+02;2.3481993e-01;3.5250000e+02;1.9706717e-01;3.5250000e+02;1.3328478e-01;3.5250000e+02;6.9560319e-02;3.5250000e+02;9.9836662e-03;3.5250000e+02;-4.4981249e-02;3.5250000e+02;-9.8857388e-02;3.5250000e+02;-1.5035519e-01;3.5250000e+02;-2.0117064e-01;3.5250000e+02;-1.0387955e-01;3.5250000e+02;-1.1779934e-01;3.5250000e+02;-1.1522678e-01;3.5250000e+02;-9.6235618e-02;3.5250000e+02;-5.8432885e-02;3.5250000e+02;-8.3308620e-04;3.5250000e+02;8.4782019e-02;3.5250000e+02;1.8146305e-01;3.5250000e+02;2.3218596e-01;3.5250000e+02;2.3481993e-01;3.5250000e+02;1.9706717e-01;3.5250000e+02;1.3328478e-01;3.5250000e+02;6.9560319e-02;3.5250000e+02;9.9836662e-03;3.5250000e+02;-4.4981249e-02;3.5250000e+02;-9.8857388e-02;3.5250000e+02;-1.5035519e-01;3.5250000e+02;-2.0117064e-01;3.5250000e+02;-1.0387955e-01;3.5250000e+02;-1.1779934e-01;3.5250000e+02;-1.1522678e-01;3.5250000e+02;-9.6235618e-02;3.5250000e+02;-5.8432885e-02;3.5250000e+02;-8.3308620e-04;3.5250000e+02;8.4782019e-02;3.5250000e+02;1.8146305e-01;3.5250000e+02;2.3218596e-01;3.5250000e+02;2.3481993e-01;3.5250000e+02;1.9706717e-01;3.5250000e+02;1.3328478e-01;3.5250000e+02;6.9560319e-02;3.5250000e+02;9.9836662e-03;3.5250000e+02;-4.4981249e-02;3.5250000e+02;-9.8857388e-02;3.5250000e+02;-1.5035519e-01;3.5250000e+02;-2.0117064e-01;3.5250000e+02;-1.0387955e-01;3.5250000e+02;-1.1779934e-01;3.5250000e+02;-1.1522678e-01;3.5250000e+02;-9.6235618e-02;3.5250000e+02;-5.8432885e-02;3.5250000e+02;-8.3308620e-04;3.5250000e+02;8.4782019e-02;3.5250000e+02;1.8146305e-01;3.5250000e+02;2.3218596e-01;3.5250000e+02;2.3481993e-01;3.5250000e+02;1.9706717e-01;3.5250000e+02;1.3328478e-01;3.5250000e+02;6.9560319e-02;3.5250000e+02;9.9836662e-03;3.5250000e+02;-4.4981249e-02;3.5250000e+02;-9.8857388e-02;3.5250000e+02;-1.5035519e-01;3.5250000e+02;-2.0117064e-01;3.5250000e+02;-1.0387955e-01;3.5250000e+02;-1.1779934e-01;3.5250000e+02;-1.1522678e-01;3.5250000e+02;-9.6235618e-02;3.5250000e+02;-5.8432885e-02;3.5250000e+02;-8.3308620e-04;3.5250000e+02;8.4782019e-02;3.5250000e+02;1.8146305e-01;3.5250000e+02;2.3218596e-01;3.5250000e+02;2.3481993e-01;3.5250000e+02;1.9706717e-01;3.5250000e+02;1.3328478e-01;3.5250000e+02;6.9560319e-02;3.5250000e+02;9.9836662e-03;3.5250000e+02;-4.4981249e-02;3.5250000e+02;-9.8857388e-02;3.5250000e+02;-1.5035519e-01;3.5250000e+02;-2.0117064e-01;3.5250000e+02;-1.0387955e-01;3.5250000e+02;-1.1779934e-01;3.5250000e+02;-1.1522678e-01;3.5250000e+02;-9.6235618e-02;3.5250000e+02;-5.8432885e-02;3.5250000e+02;-8.3308620e-04;3.5250000e+02;8.4782019e-02;3.5250000e+02;1.8146305e-01;3.5250000e+02;2.3218596e-01;3.5250000e+02;2.3481993e-01;3.5250000e+02;1.9706717e-01;3.5250000e+02;1.3328478e-01;3.5250000e+02;6.9560319e-02;3.5250000e+02;9.9836662e-03;3.5250000e+02;-4.4981249e-02;3.5250000e+02;-9.8857388e-02;3.5250000e+02;-1.5035519e-01;3.5250000e+02;-2.0117064e-01
3.5750000e+02;-1.0614167e-01;3.5750000e+02;-1.2314235e-01;3.5750000e+02;-1.2292325e-01;3.5750000e+02;-1.0418698e-01;3.5750000e+02;-6.5763354e-02;3.5750000e+02;-5.4145912e-03;3.5750000e+02;8.4816173e-02;3.5750000e+02;1.7021379e-01;3.5750000e+02;2.1260849e-01;3.5750000e+02;2.1833719e-01;3.5750000e+02;1.9144233e-01;3.5750000e+02;1.3477692e-01;3.5750000e+02;7.5566471e-02;3.5750000e+02;1.8534847e-02;3.5750000e+02;-3.5598636e-02;3.5750000e+02;-8.7139346e-02;3.5750000e+02;-1.3762324e-01;3.5750000e+02;-1.8882567e-01;3.5750000e+02;-1.0614167e-01;3.5750000e+02;-1.2314235e-01;3.5750000e+02;-1.2292325e-01;3.5750000e+02;-1.0418698e-01;3.5750000e+02;-6.5763354e-02;3.5750000e+02;-5.4145912e-03;3.5750000e+02;8.4816173e-02;3.5750000e+02;1.7021379e-01;3.5750000e+02;2.1260849e-01;3.5750000e+02;2.1833719e-01;3.5750000e+02;1.9144233e-01;3.5750000e+02;1.3477692e-01;3.5750000e+02;7.5566471e-02;3.5750000e+02;1.8534847e-02;3.5750000e+02;-3.5598636e-02;3.5750000e+02;-8.7139346e-02;3.5750000e+02;-1.3762324e-01;3.5750000e+02;-1.8882567e-01;3.5750000e+02;-1.0614167e-01;3.5750000e+02;-1.2314235e-01;3.5750000e+02;-1.2292325e-01;3.5750000e+02;-1.0418698e-01;3.5750000e+02;-6.5763354e-02;3.5750000e+02;-5.4145912e-03;3.5750000e+02;8.4816173e-02;3.5750000e+02;1.7021379e-01;3.5750000e+02;2.1260849e-01;3.5750000e+02;2.1833719e-01;3.5750000e+02;1.9144233e-01;3.5750000e+02;1.3477692e-01;3.5750000e+02;7.5566471e-02;3.5750000e+02;1.8534847e-02;3.5750000e+02;-3.5598636e-02;3.5750000e+02;-8.7139346e-02;3.5750000e+02;-1.3762324e-01;3.5750000e+02;-1.8882567e-01;3.5750000e+02;-1.0614167e-01;3.5750000e+02;-1.2314235e-01;3.5750000e+02;-1.2292325e-01;3.5750000e+02;-1.0418698e-01;3.5750000e+02;-6.5763354e-02;3.5750000e+02;-5.4145912e-03;3.5750000e+02;8.4816173e-02;3.5750000e+02;1.7021379e-01;3.5750000e+02;2.1260849e-01;3.5750000e+02;2.1833719e-01;3.5750000e+02;1.9144233e-01;3.5750000e+02;1.3477692e-01;3.5750000e+02;7.5566471e-02;3.5750000e+02;1.8534847e-02;3.5750000e+02;-3.5598636e-02;3.5750000e+02;-8.7139346e-02;3.5750000e+02;-1.3762324e-01;3.5750000e+02;-1.8882567e-01;3.5750000e+02;-1.0614167e-01;3.5750000e+02;-1.2314235e-01;3.5750000e+02;-1.2292325e-01;3.5750000e+02;-1.0418698e-01;3.5750000e+02;-6.5763354e-02;3.5750000e+02;-5.4145912e-03;3.5750000e+02;8.4816173e-02;3.5750000e+02;1.7021379e-01;3.5750000e+02;2.1260849e-01;3.5750000e+02;2.1833719e-01;3.5750000e+02;1.9144233e-01;3.5750000e+02;1.3477692e-01;3.5750000e+02;7.5566471e-02;3.5750000e+02;1.8534847e-02;3.5750000e+02;-3.5598636e-02;3.5750000e+02;-8.7139346e-02;3.5750000e+02;-1.3762324e-01;3.5750000e+02;-1.8882567e-01;3.5750000e+02;-1.0614167e-01;3.5750000e+02;-1.2314235e-01;3.5750000e+02;-1.2292325e-01;3.5750000e+02;-1.0418698e-01;3.5750000e+02;-6.5763354e-02;3.5750000e+02;-5.4145912e-03;3.5750000e+02;8.4816173e-02;3.5750000e+02;1.7021379e-01;3.5750000e+02;2.1260849e-01;3.5750000e+02;2.1833719e-01;3.5750000e+02;1.9144233e-01;3.5750000e+02;1.3477692e-01;3.5750000e+02;7.5566471e-02;3.5750000e+02;1.8534847e-02;3.5750000e+02;-3.5598636e-02;3.5750000e+02;-8.7139346e-02;3.5750000e+02;-1.3762324e-01;3.5750000e+02;-1.8882567e-01;3.5750000e+02;-1.0614167e-01;3.5750000e+02;-1.2314235e-01;3.5750000e+02;-1.2292325e-01;3.5750000e+02;-1.0418698e-01;3.5750000e+02;-6.5763354e-02;3.5750000e+02;-5.4145912e-03;3.5750000e+02;8.4816173e-02;3.5750000e+02;1.7021379e-01;3.5750000e+02;2.1260849e-01;3.5750000e+02;2.1833719e-01;3.5750000e+02;1.9144233e-01;3.5750000e+02;1.3477692e-01;3.5750000e+02;7.5566471e-02;3.5750000e+02;1.8534847e-02;3.5750000e+02;-3.5598636e-02;3.5750000e+02;-8.7139346e-02;3.5750000e+02;-1.3762324e-01;3.5750000e+02;-1.8882567e-01;3.5750000e+02;-1.0614167e-01;3.5750000e+02;-1.2314235e-01;3.5750000e+02;-1.2292325e-01;3.5750000e+02;-1.0418698e-01;3.5750000e+02;-6.5763354e-02;3.5750000e+02;-5.4145912e-03;3.5750000e+02;8.4816173e-02;3.5750000e+02;1.7021379e-01;3.5750000e+02;2.1260849e-01;3.5750000e+02;2.1833719e-01;3.5750000e+02;1.9144233e-01;3.5750000e+02;1.3477692e-01;3.5750000e+02;7.5566471e-02;3.5750000e+02;1.8534847e-02;3.5750000e+02;-3.5598636e-02;3.5750000e+02;-8.7139346e-02;3.5750000e+02;-1.3762324e-01;3.5750000e+02;-1.8882567e-01;3.5750000e+02;-1.0614167e-01;3.5750000e+02;-1.2314235e-01;3.5750000e+02;-1.2292325e-01;3.5750000e+02;-1.0418698e-01;3.5750000e+02;-6.5763354e-02;3.5750000e+02;-5.4145912e-03;3.5750000e+02;8.4816173e-02;3.5750000e+02;1.7021379e-01;3.5750000e+02;2.1260849e-01;3.5750000e+02;2.1833719e-01;3.5750000e+02;1.9144233e-01;3.5750000e+02;1.3477692e-01;3.5750000e+02;7.5566471e-02;3.5750000e+02;1.8534847e-02;3.5750000e+02;-3.5598636e-02;3.5750000e+02;-8.7139346e-02;3.5750000e+02;-1.3762324e-01;3.5750000e+02;-1.8882567e-01;3.5750000e+02;-1.0614167e-01;3.5750000e+02;-1.2314235e-01;3.5750000e+02;-1.2292325e-01;3.5750000e+02;-1.0418698e-01;3.5750000e+02;-6.5763354e-02;3.5750000e+02;-5.4145912e-03;3.5750000e+02;8.4816173e-02;3.5750000e+02;1.7021379e-01;3.5750000e+02;2.1260849e-01;3.5750000e+02;2.1833719e-01;3.5750000e+02;1.9144233e-01;3.5750000e+02;1.3477692e-01;3.5750000e+02;7.5566471e-02;3.5750000e+02;1.8534847e-02;3.5750000e+02;-3.5598636e-02;3.5750000e+02;-8.7139346e-02;3.5750000e+02;-1.3762324e-01;3.5750000e+02;-1.8882567e-01;3.5750000e+02;-1.0614167e-01;3.5750000e+02;-1.2314235e-01;3.5750000e+02;-1.2292325e-01;3.5750000e+02;-1.0418698e-01;3.5750000e+02;-6.5763354e-02;3.5750000e+02;-5.4145912e-03;3.5750000e+02;8.4816173e-02;3.5750000e+02;1.7021379e-01;3.5750000e+02;2.1260849e-01;3.5750000e+02;2.1833719e-01;3.5750000e+02;1.9144233e-01;3.5750000e+02;1.3477692e-01;3.5750000e+02;7.5566471e-02;3.5750000e+02;1.8534847e-02;3.5750000e+02;-3.5598636e-02;3.5750000e+02;-8.7139346e-02;3.5750000e+02;-1.3762324e-01;3.5750000e+02;-1.8882567e-01;3.5750000e+02;-1.0614167e-01;3.5750000e+02;-1.2314235e-01;3.5750000e+02;-1.2292325e-01;3.5750000e+02;-1.0418698e-01;3.5750000e+02;-6.5763354e-02;3.5750000e+02;-5.4145912e-03;3.5750000e+02;8.4816173e-02;3.5750000e+02;1.7021379e-01;3.5750000e+02;2.1260849e-01;3.5750000e+02;2.1833719e-01;3.5750000e+02;1.9144233e-01;3.5750000e+02;1.3477692e-01;3.5750000e+02;7.5566471e-02;3.5750000e+02;1.8534847e-02;3.5750000e+02;-3.5598636e-02;3.5750000e+02;-8.7139346e-02;3.5750000e+02;-1.3762324e-01;3.5750000e+02;-1.8882567e-01;3.5750000e+02;-1.0614167e-01;3.5750000e+02;-1.2314235e-01;3.5750000e+02;-1.2292325e-01;3.5750000e+02;-1.0418698e-01;3.5750000e+02;-6.5763354e-02;3.5750000e+02;-5.4145912e-03;3.5750000e+02;8.4816173e-02;3.5750000e+02;1.7021379e-01;3.5750000e+02;2.1260849e-01;3.5750000e+02;2.1833719e-01;3.5750000e+02;1.9144233e-01;3.5750000e+02;1.3477692e-01;3.5750000e+02;7.5566471e-02;3.5750000e+02;1.8534847e-02;3.5750000e+02;-3.5598636e-02;3.5750000e+02;-8.7139346e-02;3.5750000e+02;-1.3762324e-01;3.5750000e+02;-1.8882567e-01;3.5750000e+02;-1.0614167e-01;3.5750000e+02;-1.2314235e-01;3.5750000e+02;-1.2292325e-01;3.5750000e+02;-1.0418698e-01;3.5750000e+02;-6.5763354e-02;3.5750000e+02;-5.4145912e-03;3.5750000e+02;8.4816173e-02;3.5750000e+02;1.7021379e-01;3.5750000e+02;2.1260849e-01;3.5750000e+02;2.1833719e-01;3.5750000e+02;1.9144233e-01;3.5750000e+02;1.3477692e-01;3.5750000e+02;7.5566471e-02;3.5750000e+02;1.8534847e-02;3.5750000e+02;-3.5598636e-02;3.5750000e+02;-8.7139346e-02;3.5750000e+02;-1.3762324e-01;3.5750000e+02;-1.8882567e-01;3.5750000e+02;-1.0614167e-01;3.5750000e+02;-1.2314235e-01;3.5750000e+02;-1.2292325e-01;3.5750000e+02;-1.0418698e-01;3.5750000e+02;-6.5763354e-02;3.5750000e+02;-5.4145912e-03;3.5750000e+02;8.4816173e-02;3.5750000e+02;1.7021379e-01;3.5750000e+02;2.1260849e-01;3.5750000e+02;2.1833719e-01;3.5750000e+02;1.9144233e-01;3.5750000e+02;1.3477692e-01;3.5750000e+02;7.5566471e-02;3.5750000e+02;1.8534847e-02;3.5750000e+02;-3.5598636e-02;3.5750000e+02;-8.7139346e-02;3.5750000e+02;-1.3762324e-01;3.5750000e+02;-1.8882567e-01;3.5750000e+02;-1.0614167e-01;3.5750000e+02;-1.2314235e-01;3.5750000e+02;-1.2292325e-01;3.5750000e+02;-1.0418698e-01;3.5750000e+02;-6.5763354e-02;3.5750000e+02;-5.4145912e-03;3.5750000e+02;8.4816173e-02;3.5750000e+02;1.7021379e-01;3.5750000e+02;2.1260849e-01;3.5750000e+02;2.1833719e-01;3.5750000e+02;1.9144233e-01;3.5750000e+02;1.3477692e-01;3.5750000e+02;7.5566471e-02;3.5750000e+02;1.8534847e-02;3.5750000e+02;-3.5598636e-02;3.5750000e+02;-8.7139346e-02;3.5750000e+02;-1.3762324e-01;3.5750000e+02;-1.8882567e-01;3.5750000e+02;-1.0614167e-01;3.5750000e+02;-1.2314235e-01;3.5750000e+02;-1.2292325e-01;3.5750000e+02;-1.0418698e-01;3.5750000e+02;-6.5763354e-02;3.5750000e+02;-5.4145912e-03;3.5750000e+02;8.4816173e-02;3.5750000e+02;1.7021379e-01;3.5750000e+02;2.1260849e-01;3.5750000e+02;2.1833719e-01;3.5750000e+02;1.9144233e-01;3.5750000e+02;1.3477692e-01;3.5750000e+02;7.5566471e-02;3.5750000e+02;1.8534847e-02;3.5750000e+02;-3.5598636e-02;3.5750000e+02;-8.7139346e-02;3.5750000e+02;-1.3762324e-01;3.5750000e+02;-1.8882567e-01;3.5750000e+02;-1.0614167e-01;3.5750000e+02;-1.2314235e-01;3.5750000e+02;-1.2292325e-01;3.5750000e+02;-1.0418698e-01;3.5750000e+02;-6.5763354e-02;3.5750000e+02;-5.4145912e-03;3.5750000e+02;8.4816173e-02;3.5750000e+02;1.7021379e-01;3.5750000e+02;2.1260849e-01;3.5750000e+02;2.1833719e-01;3.5750000e+02;1.9144233e-01;3.5750000e+02;1.3477692e-01;3.5750000e+02;7.5566471e-02;3.5750000e+02;1.8534847e-02;3.5750000e+02;-3.5598636e-02;3.5750000e+02;-8.7139346e-02;3.5750000e+02;-1.3762324e-01;3.5750000e+02;-1.8882567e-01;3.5750000e+02;-1.0614167e-01;3.5750000e+02;-1.2314235e-01;3.5750000e+02;-1.2292325e-01;3.5750000e+02;-1.0418698e-01;3.5750000e+02;-6.5763354e-02;3.5750000e+02;-5.4145912e-03;3.5750000e+02;8.4816173e-02;3.5750000e+02;1.7021379e-01;3.5750000e+02;2.1260849e-01;3.5750000e+02;2.1833719e-01;3.5750000e+02;1.9144233e-01;3.5750000e+02;1.3477692e-01;3.5750000e+02;7.5566471e-02;3.5750000e+02;1.8534847e-02;3.5750000e+02;-3.5598636e-02;3.5750000e+02;-8.7139346e-02;3.5750000e+02;-1.3762324e-01;3.5750000e+02;-1.8882567e-01;3.5750000e+02;-1.0614167e-01;3.5750000e+02;-1.2314235e-01;3.5750000e+02;-1.2292325e-01;3.5750000e+02;-1.0418698e-01;3.5750000e+02;-6.5763354e-02;3.5750000e+02;-5.4145912e-03;3.5750000e+02;8.4816173e-02;3.5750000e+02;1.7021379e-01;3.5750000e+02;2.1260849e-01;3.5750000e+02;2.1833719e-01;3.5750000e+02;1.9144233e-01;3.5750000e+02;1.3477692e-01;3.5750000e+02;7.5566471e-02;3.5750000e+02;1.8534847e-02;3.5750000e+02;-3.5598636e-02;3.5750000e+02;-8.7139346e-02;3.5750000e+02;-1.3762324e-01;3.5750000e+02;-1.8882567e-01;3.5750000e+02;-1.0614167e-01;3.5750000e+02;-1.2314235e-01;3.5750000e+02;-1.2292325e-01;3.5750000e+02;-1.0418698e-01;3.5750000e+02;-6.5763354e-02;3.5750000e+02;-5.4145912e-03;3.5750000e+02;8.4816173e-02;3.5750000e+02;1.7021379e-01;3.5750000e+02;2.1260849e-01;3.5750000e+02;2.1833719e-01;3.5750000e+02;1.9144233e-01;3.5750000e+02;1.3477692e-01;3.5750000e+02;7.5566471e-02;3.5750000e+02;1.8534847e-02;3.5750000e+02;-3.5598636e-02;3.5750000e+02;-8.7139346e-02;3.5750000e+02;-1.3762324e-01;3.5750000e+02;-1.8882567e-01;3.5750000e+02;-1.0614167e-01;3.5750000e+02;-1.2314235e-01;3.5750000e+02;-1.2292325e-01;3.5750000e+02;-1.0418698e-01;3.5750000e+02;-6.5763354e-02;3.5750000e+02;-5.4145912e-03;3.5750000e+02;8.4816173e-02;3.5750000e+02;1.7021379e-01;3.5750000e+02;2.1260849e-01;3.5750000e+02;2.1833719e-01;3.5750000e+02;1.9144233e-01;3.5750000e+02;1.3477692e-01;3.5750000e+02;7.5566471e-02;3.5750000e+02;1.8534847e-02;3.5750000e+02;-3.5598636e-02;3.5750000e+02;-8.7139346e-02;3.5750000e+02;-1.3762324e-01;3.5750000e+02;-1.8882567e-01;3.5750000e+02;-1.0614167e-01;3.5750000e+02;-1.2314235e-01;3.5750000e+02;-1.2292325e-01;3.5750000e+02;-1.0418698e-01;3.5750000e+02;-6.5763354e-02;3.5750000e+02;-5.4145912e-03;3.5750000e+02;8.4816173e-02;3.5750000e+02;1.7021379e-01;3.5750000e+02;2.1260849e-01;3.5750000e+02;2.1833719e-01;3.5750000e+02;1.9144233e-01;3.5750000e+02;1.3477692e-01;3.5750000e+02;7.5566471e-02;3.5750000e+02;1.8534847e-02;3.5750000e+02;-3.5598636e-02;3.5750000e+02;-8.7139346e-02;3.5750000e+02;-1.3762324e-01;3.5750000e+02;-1.8882567e-01;3.5750000e+02;-1.0614167e-01;3.5750000e+02;-1.2314235e-01;3.5750000e+02;-1.2292325e-01;3.5750000e+02;-1.0418698e-01;3.5750000e+02;-6.5763354e-02;3.5750000e+02;-5.4145912e-03;3.5750000e+02;8.4816173e-02;3.5750000e+02;1.7021379e-01;3.5750000e+02;2.1260849e-01;3.5750000e+02;2.1833719e-01;3.5750000e+02;1.9144233e-01;3.5750000e+02;1.3477692e-01;3.5750000e+02;7.5566471e-02;3.5750000e+02;1.8534847e-02;3.5750000e+02;-3.5598636e-02;3.5750000e+02;-8.7139346e-02;3.5750000e+02;-1.3762324e-01;3.5750000e+02;-1.8882567e-01;3.5750000e+02;-1.0614167e-01;3.5750000e+02;-1.2314235e-01;3.5750000e+02;-1.2292325e-01;3.5750000e+02;-1.0418698e-01;3.5750000e+02;-6.5763354e-02;3.5750000e+02;-5.4145912e-03;3.5750000e+02;8.4816173e-02;3.5750000e+02;1.7021379e-01;3.5750000e+02;2.1260849e-01;3.5750000e+02;2.1833719e-01;3.5750000e+02;1.9144233e-01;3.5750000e+02;1.3477692e-01;3.5750000e+02;7.5566471e-02;3.5750000e+02;1.8534847e-02;3.5750000e+02;-3.5598636e-02;3.5750000e+02;-8.7139346e-02;3.5750000e+02;-1.3762324e-01;3.5750000e+02;-1.8882567e-01;3.5750000e+02;-1.0614167e-01;3.5750000e+02;-1.2314235e-01;3.5750000e+02;-1.2292325e-01;3.5750000e+02;-1.0418698e-01;3.5750000e+02;-6.5763354e-02;3.5750000e+02;-5.4145912e-03;3.5750000e+02;8.4816173e-02;3.5750000e+02;1.7021379e-01;3.5750000e+02;2.1260849e-01;3.5750000e+02;2.1833719e-01;3.5750000e+02;1.9144233e-01;3.5750000e+02;1.3477692e-01;3.5750000e+02;7.5566471e-02;3.5750000e+02;1.8534847e-02;3.5750000e+02;-3.5598636e-02;3.5750000e+02;-8.7139346e-02;3.5750000e+02;-1.3762324e-01;3.5750000e+02;-1.8882567e-01;3.5750000e+02;-1.0614167e-01;3.5750000e+02;-1.2314235e-01;3.5750000e+02;-1.2292325e-01;3.5750000e+02;-1.0418698e-01;3.5750000e+02;-6.5763354e-02;3.5750000e+02;-5.4145912e-03;3.5750000e+02;8.4816173e-02;3.5750000e+02;1.7021379e-01;3.5750000e+02;2.1260849e-01;3.5750000e+02;2.1833719e-01;3.5750000e+02;1.9144233e-01;3.5750000e+02;1.3477692e-01;3.5750000e+02;7.5566471e-02;3.5750000e+02;1.8534847e-02;3.5750000e+02;-3.5598636e-02;3.5750000e+02;-8.7139346e-02;3.5750000e+02;-1.3762324e-01;3.5750000e+02;-1.8882567e-01;3.5750000e+02;-1.0614167e-01;3.5750000e+02;-1.2314235e-01;3.5750000e+02;-1.2292325e-01;3.5750000e+02;-1.0418698e-01;3.5750000e+02;-6.5763354e-02;3.5750000e+02;-5.4145912e-03;3.5750000e+02;8.4816173e-02;3.5750000e+02;1.7021379e-01;3.5750000e+02;2.1260849e-01;3.5750000e+02;2.1833719e-01;3.5750000e+02;1.9144233e-01;3.5750000e+02;1.3477692e-01;3.5750000e+02;7.5566471e-02;3.5750000e+02;1.8534847e-02;3.5750000e+02;-3.5598636e-02;3.5750000e+02;-8.7139346e-02;3.5750000e+02;-1.3762324e-01;3.5750000e+02;-1.8882567e-01;3.5750000e+02;-1.0614167e-01;3.5750000e+02;-1.2314235e-01;3.5750000e+02;-1.2292325e-01;3.5750000e+02;-1.0418698e-01;3.5750000e+02;-6.5763354e-02;3.5750000e+02;-5.4145912e-03;3.5750000e+02;8.4816173e-02;3.5750000e+02;1.7021379e-01;3.5750000e+02;2.1260849e-01;3.5750000e+02;2.1833719e-01;3.5750000e+02;1.9144233e-01;3.5750000e+02;1.3477692e-01;3.5750000e+02;7.5566471e-02;3.5750000e+02;1.8534847e-02;3.5750000e+02;-3.5598636e-02;3.5750000e+02;-8.7139346e-02;3.5750000e+02;-1.3762324e-01;3.5750000e+02;-1.8882567e-01;3.5750000e+02;-1.0614167e-01;3.5750000e+02;-1.2314235e-01;3.5750000e+02;-1.2292325e-01;3.5750000e+02;-1.0418698e-01;3.5750000e+02;-6.5763354e-02;3.5750000e+02;-5.4145912e-03;3.5750000e+02;8.4816173e-02;3.5750000e+02;1.7021379e-01;3.5750000e+02;2.1260849e-01;3.5750000e+02;2.1833719e-01;3.5750000e+02;1.9144233e-01;3.5750000e+02;1.3477692e-01;3.5750000e+02;7.5566471e-02;3.5750000e+02;1.8534847e-02;3.5750000e+02;-3.5598636e-02;3.5750000e+02;-8.7139346e-02;3.5750000e+02;-1.3762324e-01;3.5750000e+02;-1.8882567e-01;3.5750000e+02;-1.0614167e-01;3.5750000e+02;-1.2314235e-01;3.5750000e+02;-1.2292325e-01;3.5750000e+02;-1.0418698e-01;3.5750000e+02;-6.5763354e-02;3.5750000e+02;-5.4145912e-03;3.5750000e+02;8.4816173e-02;3.5750000e+02;1.7021379e-01;3.5750000e+02;2.1260849e-01;3.5750000e+02;2.1833719e-01;3.5750000e+02;1.9144233e-01;3.5750000e+02;1.3477692e-01;3.5750000e+02;7.5566471e-02;3.5750000e+02;1.8534847e-02;3.5750000e+02;-3.5598636e-02;3.5750000e+02;-8.7139346e-02;3.5750000e+02;-1.3762324e-01;3.5750000e+02;-1.8882567e-01;3.5750000e+02;-1.0614167e-01;3.5750000e+02;-1.2314235e-01;3.5750000e+02;-1.2292325e-01;3.5750000e+02;-1.0418698e-01;3.5750000e+02;-6.5763354e-02;3.5750000e+02;-5.4145912e-03;3.5750000e+02;8.4816173e-02;3.5750000e+02;1.7021379e-01;3.5750000e+02;2.1260849e-01;3.5750000e+02;2.1833719e-01;3.5750000e+02;1.9144233e-01;3.5750000e+02;1.3477692e-01;3.5750000e+02;7.5566471e-02;3.5750000e+02;1.8534847e-02;3.5750000e+02;-3.5598636e-02;3.5750000e+02;-8.7139346e-02;3.5750000e+02;-1.3762324e-01;3.5750000e+02;-1.8882567e-01;3.5750000e+02;-1.0614167e-01;3.5750000e+02;-1.2314235e-01;3.5750000e+02;-1.2292325e-01;3.5750000e+02;-1.0418698e-01;3.5750000e+02;-6.5763354e-02;3.5750000e+02;-5.4145912e-03;3.5750000e+02;8.4816173e-02;3.5750000e+02;1.7021379e-01;3.5750000e+02;2.1260849e-01;3.5750000e+02;2.1833719e-01;3.5750000e+02;1.9144233e-01;3.5750000e+02;1.3477692e-01;3.5750000e+02;7.5566471e-02;3.5750000e+02;1.8534847e-02;3.5750000e+02;-3.5598636e-02;3.5750000e+02;-8.7139346e-02;3.5750000e+02;-1.3762324e-01;3.5750000e+02;-1.8882567e-01;3.5750000e+02;-1.0614167e-01;3.5750000e+02;-1.2314235e-01;3.5750000e+02;-1.2292325e-01;3.5750000e+02;-1.0418698e-01;3.5750000e+02;-6.5763354e-02;3.5750000e+02;-5.4145912e-03;3.5750000e+02;8.4816173e-02;3.5750000e+02;1.7021379e-01;3.5750000e+02;2.1260849e-01;3.5750000e+02;2.1833719e-01;3.5750000e+02;1.9144233e-01;3.5750000e+02;1.3477692e-01;3.5750000e+02;7.5566471e-02;3.5750000e+02;1.8534847e-02;3.5750000e+02;-3.5598636e-02;3.5750000e+02;-8.7139346e-02;3.5750000e+02;-1.3762324e-01;3.5750000e+02;-1.8882567e-01;3.5750000e+02;-1.0614167e-01;3.5750000e+02;-1.2314235e-01;3.5750000e+02;-1.2292325e-01;3.5750000e+02;-1.0418698e-01;3.5750000e+02;-6.5763354e-02;3.5750000e+02;-5.4145912e-03;3.5750000e+02;8.4816173e-02;3.5750000e+02;1.7021379e-01;3.5750000e+02;2.1260849e-01;3.5750000e+02;2.1833719e-01;3.5750000e+02;1.9144233e-01;3.5750000e+02;1.3477692e-01;3.5750000e+02;7.5566471e-02;3.5750000e+02;1.8534847e-02;3.5750000e+02;-3.5598636e-02;3.5750000e+02;-8.7139346e-02;3.5750000e+02;-1.3762324e-01;3.5750000e+02;-1.8882567e-01;3.5750000e+02;-1.0614167e-01;3.5750000e+02;-1.2314235e-01;3.5750000e+02;-1.2292325e-01;3.5750000e+02;-1.0418698e-01;3.5750000e+02;-6.5763354e-02;3.5750000e+02;-5.4145912e-03;3.5750000e+02;8.4816173e-02;3.5750000e+02;1.7021379e-01;3.5750000e+02;2.1260849e-01;3.5750000e+02;2.1833719e-01;3.5750000e+02;1.9144233e-01;3.5750000e+02;1.3477692e-01;3.5750000e+02;7.5566471e-02;3.5750000e+02;1.8534847e-02;3.5750000e+02;-3.5598636e-02;3.5750000e+02;-8.7139346e-02;3.5750000e+02;-1.3762324e-01;3.5750000e+02;-1.8882567e-01;3.5750000e+02;-1.0614167e-01;3.5750000e+02;-1.2314235e-01;3.5750000e+02;-1.2292325e-01;3.5750000e+02;-1.0418698e-01;3.5750000e+02;-6.5763354e-02;3.5750000e+02;-5.4145912e-03;3.5750000e+02;8.4816173e-02;3.5750000e+02;1.7021379e-01;3.5750000e+02;2.1260849e-01;3.5750000e+02;2.1833719e-01;3.5750000e+02;1.9144233e-01;3.5750000e+02;1.3477692e-01;3.5750000e+02;7.5566471e-02;3.5750000e+02;1.8534847e-02;3.5750000e+02;-3.5598636e-02;3.5750000e+02;-8.7139346e-02;3.5750000e+02;-1.3762324e-01;3.5750000e+02;-1.8882567e-01;3.5750000e+02;-1.0614167e-01;3.5750000e+02;-1.2314235e-01;3.5750000e+02;-1.2292325e-01;3.5750000e+02;-1.0418698e-01;3.5750000e+02;-6.5763354e-02;3.5750000e+02;-5.4145912e-03;3.5750000e+02;8.4816173e-02;3.5750000e+02;1.7021379e-01;3.5750000e+02;2.1260849e-01;3.5750000e+02;2.1833719e-01;3.5750000e+02;1.9144233e-01;3.5750000e+02;1.3477692e-01;3.5750000e+02;7.5566471e-02;3.5750000e+02;1.8534847e-02;3.5750000e+02;-3.5598636e-02;3.5750000e+02;-8.7139346e-02;3.5750000e+02;-1.3762324e-01;3.5750000e+02;-1.8882567e-01;3.5750000e+02;-1.0614167e-01;3.5750000e+02;-1.2314235e-01;3.5750000e+02;-1.2292325e-01;3.5750000e+02;-1.0418698e-01;3.5750000e+02;-6.5763354e-02;3.5750000e+02;-5.4145912e-03;3.5750000e+02;8.4816173e-02;3.5750000e+02;1.7021379e-01;3.5750000e+02;2.1260849e-01;3.5750000e+02;2.1833719e-01;3.5750000e+02;1.9144233e-01;3.5750000e+02;1.3477692e-01;3.5750000e+02;7.5566471e-02;3.5750000e+02;1.8534847e-02;3.5750000e+02;-3.5598636e-02;3.5750000e+02;-8.7139346e-02;3.5750000e+02;-1.3762324e-01;3.5750000e+02;-1.8882567e-01;3.5750000e+02;-1.0614167e-01;3.5750000e+02;-1.2314235e-01;3.5750000e+02;-1.2292325e-01;3.5750000e+02;-1.0418698e-01;3.5750000e+02;-6.5763354e-02;3.5750000e+02;-5.4145912e-03;3.5750000e+02;8.4816173e-02;3.5750000e+02;1.7021379e-01;3.5750000e+02;2.1260849e-01;3.5750000e+02;2.1833719e-01;3.5750000e+02;1.9144233e-01;3.5750000e+02;1.3477692e-01;3.5750000e+02;7.5566471e-02;3.5750000e+02;1.8534847e-02;3.5750000e+02;-3.5598636e-02;3.5750000e+02;-8.7139346e-02;3.5750000e+02;-1.3762324e-01;3.5750000e+02;-1.8882567e-01;3.5750000e+02;-1.0614167e-01;3.5750000e+02;-1.2314235e-01;3.5750000e+02;-1.2292325e-01;3.5750000e+02;-1.0418698e-01;3.5750000e+02;-6.5763354e-02;3.5750000e+02;-5.4145912e-03;3.5750000e+02;8.4816173e-02;3.5750000e+02;1.7021379e-01;3.5750000e+02;2.1260849e-01;3.5750000e+02;2.1833719e-01;3.5750000e+02;1.9144233e-01;3.5750000e+02;1.3477692e-01;3.5750000e+02;7.5566471e-02;3.5750000e+02;1.8534847e-02;3.5750000e+02;-3.5598636e-02;3.5750000e+02;-8.7139346e-02;3.5750000e+02;-1.3762324e-01;3.5750000e+02;-1.8882567e-01;3.5750000e+02;-1.0614167e-01;3.5750000e+02;-1.2314235e-01;3.5750000e+02;-1.2292325e-01;3.5750000e+02;-1.0418698e-01;3.5750000e+02;-6.5763354e-02;3.5750000e+02;-5.4145912e-03;3.5750000e+02;8.4816173e-02;3.5750000e+02;1.7021379e-01;3.5750000e+02;2.1260849e-01;3.5750000e+02;2.1833719e-01;3.5750000e+02;1.9144233e-01;3.5750000e+02;1.3477692e-01;3.5750000e+02;7.5566471e-02;3.5750000e+02;1.8534847e-02;3.5750000e+02;-3.5598636e-02;3.5750000e+02;-8.7139346e-02;3.5750000e+02;-1.3762324e-01;3.5750000e+02;-1.8882567e-01;3.5750000e+02;-1.0614167e-01;3.5750000e+02;-1.2314235e-01;3.5750000e+02;-1.2292325e-01;3.5750000e+02;-1.0418698e-01;3.5750000e+02;-6.5763354e-02;3.5750000e+02;-5.4145912e-03;3.5750000e+02;8.4816173e-02;3.5750000e+02;1.7021379e-01;3.5750000e+02;2.1260849e-01;3.5750000e+02;2.1833719e-01;3.5750000e+02;1.9144233e-01;3.5750000e+02;1.3477692e-01;3.5750000e+02;7.5566471e-02;3.5750000e+02;1.8534847e-02;3.5750000e+02;-3.5598636e-02;3.5750000e+02;-8.7139346e-02;3.5750000e+02;-1.3762324e-01;3.5750000e+02;-1.8882567e-01;3.5750000e+02;-1.0614167e-01;3.5750000e+02;-1.2314235e-01;3.5750000e+02;-1.2292325e-01;3.5750000e+02;-1.0418698e-01;3.5750000e+02;-6.5763354e-02;3.5750000e+02;-5.4145912e-03;3.5750000e+02;8.4816173e-02;3.5750000e+02;1.7021379e-01;3.5750000e+02;2.1260849e-01;3.5750000e+02;2.1833719e-01;3.5750000e+02;1.9144233e-01;3.5750000e+02;1.3477692e-01;3.5750000e+02;7.5566471e-02;3.5750000e+02;1.8534847e-02;3.5750000e+02;-3.5598636e-02;3.5750000e+02;-8.7139346e-02;3.5750000e+02;-1.3762324e-01;3.5750000e+02;-1.8882567e-01;3.5750000e+02;-1.0614167e-01;3.5750000e+02;-1.2314235e-01;3.5750000e+02;-1.2292325e-01;3.5750000e+02;-1.0418698e-01;3.5750000e+02;-6.5763354e-02;3.5750000e+02;-5.4145912e-03;3.5750000e+02;8.4816173e-02;3.5750000e+02;1.7021379e-01;3.5750000e+02;2.1260849e-01;3.5750000e+02;2.1833719e-01;3.5750000e+02;1.9144233e-01;3.5750000e+02;1.3477692e-01;3.5750000e+02;7.5566471e-02;3.5750000e+02;1.8534847e-02;3.5750000e+02;-3.5598636e-02;3.5750000e+02;-8.7139346e-02;3.5750000e+02;-1.3762324e-01;3.5750000e+02;-1.8882567e-01;3.5750000e+02;-1.0614167e-01;3.5750000e+02;-1.2314235e-01;3.5750000e+02;-1.2292325e-01;3.5750000e+02;-1.0418698e-01;3.5750000e+02;-6.5763354e-02;3.5750000e+02;-5.4145912e-03;3.5750000e+02;8.4816173e-02;3.5750000e+02;1.7021379e-01;3.5750000e+02;2.1260849e-01;3.5750000e+02;2.1833719e-01;3.5750000e+02;1.9144233e-01;3.5750000e+02;1.3477692e-01;3.5750000e+02;7.5566471e-02;3.5750000e+02;1.8534847e-02;3.5750000e+02;-3.5598636e-02;3.5750000e+02;-8.7139346e-02;3.5750000e+02;-1.3762324e-01;3.5750000e+02;-1.8882567e-01;3.5750000e+02;-1.0614167e-01;3.5750000e+02;-1.2314235e-01;3.5750000e+02;-1.2292325e-01;3.5750000e+02;-1.0418698e-01;3.5750000e+02;-6.5763354e-02;3.5750000e+02;-5.4145912e-03;3.5750000e+02;8.4816173e-02;3.5750000e+02;1.7021379e-01;3.5750000e+02;2.1260849e-01;3.5750000e+02;2.1833719e-01;3.5750000e+02;1.9144233e-01;3.5750000e+02;1.3477692e-01;3.5750000e+02;7.5566471e-02;3.5750000e+02;1.8534847e-02;3.5750000e+02;-3.5598636e-02;3.5750000e+02;-8.7139346e-02;3.5750000e+02;-1.3762324e-01;3.5750000e+02;-1.8882567e-01;3.5750000e+02;-1.0614167e-01;3.5750000e+02;-1.2314235e-01;3.5750000e+02;-1.2292325e-01;3.5750000e+02;-1.0418698e-01;3.5750000e+02;-6.5763354e-02;3.5750000e+02;-5.4145912e-03;3.5750000e+02;8.4816173e-02;3.5750000e+02;1.7021379e-01;3.5750000e+02;2.1260849e-01;3.5750000e+02;2.1833719e-01;3.5750000e+02;1.9144233e-01;3.5750000e+02;1.3477692e-01;3.5750000e+02;7.5566471e-02;3.5750000e+02;1.8534847e-02;3.5750000e+02;-3.5598636e-02;3.5750000e+02;-8.7139346e-02;3.5750000e+02;-1.3762324e-01;3.5750000e+02;-1.8882567e-01;3.5750000e+02;-1.0614167e-01;3.5750000e+02;-1.2314235e-01;3.5750000e+02;-1.2292325e-01;3.5750000e+02;-1.0418698e-01;3.5750000e+02;-6.5763354e-02;3.5750000e+02;-5.4145912e-03;3.5750000e+02;8.4816173e-02;3.5750000e+02;1.7021379e-01;3.5750000e+02;2.1260849e-01;3.5750000e+02;2.1833719e-01;3.5750000e+02;1.9144233e-01;3.5750000e+02;1.3477692e-01;3.5750000e+02;7.5566471e-02;3.5750000e+02;1.8534847e-02;3.5750000e+02;-3.5598636e-02;3.5750000e+02;-8.7139346e-02;3.5750000e+02;-1.3762324e-01;3.5750000e+02;-1.8882567e-01;3.5750000e+02;-1.0614167e-01;3.5750000e+02;-1.2314235e-01;3.5750000e+02;-1.2292325e-01;3.5750000e+02;-1.0418698e-01;3.5750000e+02;-6.5763354e-02;3.5750000e+02;-5.4145912e-03;3.5750000e+02;8.4816173e-02;3.5750000e+02;1.7021379e-01;3.5750000e+02;2.1260849e-01;3.5750000e+02;2.1833719e-01;3.5750000e+02;1.9144233e-01;3.5750000e+02;1.3477692e-01;3.5750000e+02;7.5566471e-02;3.5750000e+02;1.8534847e-02;3.5750000e+02;-3.5598636e-02;3.5750000e+02;-8.7139346e-02;3.5750000e+02;-1.3762324e-01;3.5750000e+02;-1.8882567e-01;3.5750000e+02;-1.0614167e-01;3.5750000e+02;-1.2314235e-01;3.5750000e+02;-1.2292325e-01;3.5750000e+02;-1.0418698e-01;3.5750000e+02;-6.5763354e-02;3.5750000e+02;-5.4145912e-03;3.5750000e+02;8.4816173e-02;3.5750000e+02;1.7021379e-01;3.5750000e+02;2.1260849e-01;3.5750000e+02;2.1833719e-01;3.5750000e+02;1.9144233e-01;3.5750000e+02;1.3477692e-01;3.5750000e+02;7.5566471e-02;3.5750000e+02;1.8534847e-02;3.5750000e+02;-3.5598636e-02;3.5750000e+02;-8.7139346e-02;3.5750000e+02;-1.3762324e-01;3.5750000e+02;-1.8882567e-01;3.5750000e+02;-1.0614167e-01;3.5750000e+02;-1.2314235e-01;3.5750000e+02;-1.2292325e-01;3.5750000e+02;-1.0418698e-01;3.5750000e+02;-6.5763354e-02;3.5750000e+02;-5.4145912e-03;3.5750000e+02;8.4816173e-02;3.5750000e+02;1.7021379e-01;3.5750000e+02;2.1260849e-01;3.5750000e+02;2.1833719e-01;3.5750000e+02;1.9144233e-01;3.5750000e+02;1.3477692e-01;3.5750000e+02;7.5566471e-02;3.5750000e+02;1.8534847e-02;3.5750000e+02;-3.5598636e-02;3.5750000e+02;-8.7139346e-02;3.5750000e+02;-1.3762324e-01;3.5750000e+02;-1.8882567e-01;3.5750000e+02;-1.0614167e-01;3.5750000e+02;-1.2314235e-01;3.5750000e+02;-1.2292325e-01;3.5750000e+02;-1.0418698e-01;3.5750000e+02;-6.5763354e-02;3.5750000e+02;-5.4145912e-03;3.5750000e+02;8.4816173e-02;3.5750000e+02;1.7021379e-01;3.5750000e+02;2.1260849e-01;3.5750000e+02;2.1833719e-01;3.5750000e+02;1.9144233e-01;3.5750000e+02;1.3477692e-01;3.5750000e+02;7.5566471e-02;3.5750000e+02;1.8534847e-02;3.5750000e+02;-3.5598636e-02;3.5750000e+02;-8.7139346e-02;3.5750000e+02;-1.3762324e-01;3.5750000e+02;-1.8882567e-01;3.5750000e+02;-1.0614167e-01;3.5750000e+02;-1.2314235e-01;3.5750000e+02;-1.2292325e-01;3.5750000e+02;-1.0418698e-01;3.5750000e+02;-6.5763354e-02;3.5750000e+02;-5.4145912e-03;3.5750000e+02;8.4816173e-02;3.5750000e+02;1.7021379e-01;3.5750000e+02;2.1260849e-01;3.5750000e+02;2.1833719e-01;3.5750000e+02;1.9144233e-01;3.5750000e+02;1.3477692e-01;3.5750000e+02;7.5566471e-02;3.5750000e+02;1.8534847e-02;3.5750000e+02;-3.5598636e-02;3.5750000e+02;-8.7139346e-02;3.5750000e+02;-1.3762324e-01;3.5750000e+02;-1.8882567e-01;3.5750000e+02;-1.0614167e-01;3.5750000e+02;-1.2314235e-01;3.5750000e+02;-1.2292325e-01;3.5750000e+02;-1.0418698e-01;3.5750000e+02;-6.5763354e-02;3.5750000e+02;-5.4145912e-03;3.5750000e+02;8.4816173e-02;3.5750000e+02;1.7021379e-01;3.5750000e+02;2.1260849e-01;3.5750000e+02;2.1833719e-01;3.5750000e+02;1.9144233e-01;3.5750000e+02;1.3477692e-01;3.5750000e+02;7.5566471e-02;3.5750000e+02;1.8534847e-02;3.5750000e+02;-3.5598636e-02;3.5750000e+02;-8.7139346e-02;3.5750000e+02;-1.3762324e-01;3.5750000e+02;-1.8882567e-01;3.5750000e+02;-1.0614167e-01;3.5750000e+02;-1.2314235e-01;3.5750000e+02;-1.2292325e-01;3.5750000e+02;-1.0418698e-01;3.5750000e+02;-6.5763354e-02;3.5750000e+02;-5.4145912e-03;3.5750000e+02;8.4816173e-02;3.5750000e+02;1.7021379e-01;3.5750000e+02;2.1260849e-01;3.5750000e+02;2.1833719e-01;3.5750000e+02;1.9144233e-01;3.5750000e+02;1.3477692e-01;3.5750000e+02;7.5566471e-02;3.5750000e+02;1.8534847e-02;3.5750000e+02;-3.5598636e-02;3.5750000e+02;-8.7139346e-02;3.5750000e+02;-1.3762324e-01;3.5750000e+02;-1.8882567e-01;3.5750000e+02;-1.0614167e-01;3.5750000e+02;-1.2314235e-01;3.5750000e+02;-1.2292325e-01;3.5750000e+02;-1.0418698e-01;3.5750000e+02;-6.5763354e-02;3.5750000e+02;-5.4145912e-03;3.5750000e+02;8.4816173e-02;3.5750000e+02;1.7021379e-01;3.5750000e+02;2.1260849e-01;3.5750000e+02;2.1833719e-01;3.5750000e+02;1.9144233e-01;3.5750000e+02;1.3477692e-01;3.5750000e+02;7.5566471e-02;3.5750000e+02;1.8534847e-02;3.5750000e+02;-3.5598636e-02;3.5750000e+02;-8.7139346e-02;3.5750000e+02;-1.3762324e-01;3.5750000e+02;-1.8882567e-01;3.5750000e+02;-1.0614167e-01;3.5750000e+02;-1.2314235e-01;3.5750000e+02;-1.2292325e-01;3.5750000e+02;-1.0418698e-01;3.5750000e+02;-6.5763354e-02;3.5750000e+02;-5.4145912e-03;3.5750000e+02;8.4816173e-02;3.5750000e+02;1.7021379e-01;3.5750000e+02;2.1260849e-01;3.5750000e+02;2.1833719e-01;3.5750000e+02;1.9144233e-01;3.5750000e+02;1.3477692e-01;3.5750000e+02;7.5566471e-02;3.5750000e+02;1.8534847e-02;3.5750000e+02;-3.5598636e-02;3.5750000e+02;-8.7139346e-02;3.5750000e+02;-1.3762324e-01;3.5750000e+02;-1.8882567e-01;3.5750000e+02;-1.0614167e-01;3.5750000e+02;-1.2314235e-01;3.5750000e+02;-1.2292325e-01;3.5750000e+02;-1.0418698e-01;3.5750000e+02;-6.5763354e-02;3.5750000e+02;-5.4145912e-03;3.5750000e+02;8.4816173e-02;3.5750000e+02;1.7021379e-01;3.5750000e+02;2.1260849e-01;3.5750000e+02;2.1833719e-01;3.5750000e+02;1.9144233e-01;3.5750000e+02;1.3477692e-01;3.5750000e+02;7.5566471e-02;3.5750000e+02;1.8534847e-02;3.5750000e+02;-3.5598636e-02;3.5750000e+02;-8.7139346e-02;3.5750000e+02;-1.3762324e-01;3.5750000e+02;-1.8882567e-01;3.5750000e+02;-1.0614167e-01;3.5750000e+02;-1.2314235e-01;3.5750000e+02;-1.2292325e-01;3.5750000e+02;-1.0418698e-01;3.5750000e+02;-6.5763354e-02;3.5750000e+02;-5.4145912e-03;3.5750000e+02;8.4816173e-02;3.5750000e+02;1.7021379e-01;3.5750000e+02;2.1260849e-01;3.5750000e+02;2.1833719e-01;3.5750000e+02;1.9144233e-01;3.5750000e+02;1.3477692e-01;3.5750000e+02;7.5566471e-02;3.5750000e+02;1.8534847e-02;3.5750000e+02;-3.5598636e-02;3.5750000e+02;-8.7139346e-02;3.5750000e+02;-1.3762324e-01;3.5750000e+02;-1.8882567e-01;3.5750000e+02;-1.0614167e-01;3.5750000e+02;-1.2314235e-01;3.5750000e+02;-1.2292325e-01;3.5750000e+02;-1.0418698e-01;3.5750000e+02;-6.5763354e-02;3.5750000e+02;-5.4145912e-03;3.5750000e+02;8.4816173e-02;3.5750000e+02;1.7021379e-01;3.5750000e+02;2.1260849e-01;3.5750000e+02;2.1833719e-01;3.5750000e+02;1.9144233e-01;3.5750000e+02;1.3477692e-01;3.5750000e+02;7.5566471e-02;3.5750000e+02;1.8534847e-02;3.5750000e+02;-3.5598636e-02;3.5750000e+02;-8.7139346e-02;3.5750000e+02;-1.3762324e-01;3.5750000e+02;-1.8882567e-01;3.5750000e+02;-1.0614167e-01;3.5750000e+02;-1.2314235e-01;3.5750000e+02;-1.2292325e-01;3.5750000e+02;-1.0418698e-01;3.5750000e+02;-6.5763354e-02;3.5750000e+02;-5.4145912e-03;3.5750000e+02;8.4816173e-02;3.5750000e+02;1.7021379e-01;3.5750000e+02;2.1260849e-01;3.5750000e+02;2.1833719e-01;3.5750000e+02;1.9144233e-01;3.5750000e+02;1.3477692e-01;3.5750000e+02;7.5566471e-02;3.5750000e+02;1.8534847e-02;3.5750000e+02;-3.5598636e-02;3.5750000e+02;-8.7139346e-02;3.5750000e+02;-1.3762324e-01;3.5750000e+02;-1.8882567e-01;3.5750000e+02;-1.0614167e-01;3.5750000e+02;-1.2314235e-01;3.5750000e+02;-1.2292325e-01;3.5750000e+02;-1.0418698e-01;3.5750000e+02;-6.5763354e-02;3.5750000e+02;-5.4145912e-03;3.5750000e+02;8.4816173e-02;3.5750000e+02;1.7021379e-01;3.5750000e+02;2.1260849e-01;3.5750000e+02;2.1833719e-01;3.5750000e+02;1.9144233e-01;3.5750000e+02;1.3477692e-01;3.5750000e+02;7.5566471e-02;3.5750000e+02;1.8534847e-02;3.5750000e+02;-3.5598636e-02;3.5750000e+02;-8.7139346e-02;3.5750000e+02;-1.3762324e-01;3.5750000e+02;-1.8882567e-01;3.5750000e+02;-1.0614167e-01;3.5750000e+02;-1.2314235e-01;3.5750000e+02;-1.2292325e-01;3.5750000e+02;-1.0418698e-01;3.5750000e+02;-6.5763354e-02;3.5750000e+02;-5.4145912e-03;3.5750000e+02;8.4816173e-02;3.5750000e+02;1.7021379e-01;3.5750000e+02;2.1260849e-01;3.5750000e+02;2.1833719e-01;3.5750000e+02;1.9144233e-01;3.5750000e+02;1.3477692e-01;3.5750000e+02;7.5566471e-02;3.5750000e+02;1.8534847e-02;3.5750000e+02;-3.5598636e-02;3.5750000e+02;-8.7139346e-02;3.5750000e+02;-1.3762324e-01;3.5750000e+02;-1.8882567e-01;3.5750000e+02;-1.0614167e-01;3.5750000e+02;-1.2314235e-01;3.5750000e+02;-1.2292325e-01;3.5750000e+02;-1.0418698e-01;3.5750000e+02;-6.5763354e-02;3.5750000e+02;-5.4145912e-03;3.5750000e+02;8.4816173e-02;3.5750000e+02;1.7021379e-01;3.5750000e+02;2.1260849e-01;3.5750000e+02;2.1833719e-01;3.5750000e+02;1.9144233e-01;3.5750000e+02;1.3477692e-01;3.5750000e+02;7.5566471e-02;3.5750000e+02;1.8534847e-02;3.5750000e+02;-3.5598636e-02;3.5750000e+02;-8.7139346e-02;3.5750000e+02;-1.3762324e-01;3.5750000e+02;-1.8882567e-01;3.5750000e+02;-1.0614167e-01;3.5750000e+02;-1.2314235e-01;3.5750000e+02;-1.2292325e-01;3.5750000e+02;-1.0418698e-01;3.5750000e+02;-6.5763354e-02;3.5750000e+02;-5.4145912e-03;3.5750000e+02;8.4816173e-02;3.5750000e+02;1.7021379e-01;3.5750000e+02;2.1260849e-01;3.5750000e+02;2.1833719e-01;3.5750000e+02;1.9144233e-01;3.5750000e+02;1.3477692e-01;3.5750000e+02;7.5566471e-02;3.5750000e+02;1.8534847e-02;3.5750000e+02;-3.5598636e-02;3.5750000e+02;-8.7139346e-02;3.5750000e+02;-1.3762324e-01;3.5750000e+02;-1.8882567e-01;3.5750000e+02;-1.0614167e-01;3.5750000e+02;-1.2314235e-01;3.5750000e+02;-1.2292325e-01;3.5750000e+02;-1.0418698e-01;3.5750000e+02;-6.5763354e-02;3.5750000e+02;-5.4145912e-03;3.5750000e+02;8.4816173e-02;3.5750000e+02;1.7021379e-01;3.5750000e+02;2.1260849e-01;3.5750000e+02;2.1833719e-01;3.5750000e+02;1.9144233e-01;3.5750000e+02;1.3477692e-01;3.5750000e+02;7.5566471e-02;3.5750000e+02;1.8534847e-02;3.5750000e+02;-3.5598636e-02;3.5750000e+02;-8.7139346e-02;3.5750000e+02;-1.3762324e-01;3.5750000e+02;-1.8882567e-01;3.5750000e+02;-1.0614167e-01;3.5750000e+02;-1.2314235e-01;3.5750000e+02;-1.2292325e-01;3.5750000e+02;-1.0418698e-01;3.5750000e+02;-6.5763354e-02;3.5750000e+02;-5.4145912e-03;3.5750000e+02;8.4816173e-02;3.5750000e+02;1.7021379e-01;3.5750000e+02;2.1260849e-01;3.5750000e+02;2.1833719e-01;3.5750000e+02;1.9144233e-01;3.5750000e+02;1.3477692e-01;3.5750000e+02;7.5566471e-02;3.5750000e+02;1.8534847e-02;3.5750000e+02;-3.5598636e-02;3.5750000e+02;-8.7139346e-02;3.5750000e+02;-1.3762324e-01;3.5750000e+02;-1.8882567e-01;3.5750000e+02;-1.0614167e-01;3.5750000e+02;-1.2314235e-01;3.5750000e+02;-1.2292325e-01;3.5750000e+02;-1.0418698e-01;3.5750000e+02;-6.5763354e-02;3.5750000e+02;-5.4145912e-03;3.5750000e+02;8.4816173e-02;3.5750000e+02;1.7021379e-01;3.5750000e+02;2.1260849e-01;3.5750000e+02;2.1833719e-01;3.5750000e+02;1.9144233e-01;3.5750000e+02;1.3477692e-01;3.5750000e+02;7.5566471e-02;3.5750000e+02;1.8534847e-02;3.5750000e+02;-3.5598636e-02;3.5750000e+02;-8.7139346e-02;3.5750000e+02;-1.3762324e-01;3.5750000e+02;-1.8882567e-01;3.5750000e+02;-1.0614167e-01;3.5750000e+02;-1.2314235e-01;3.5750000e+02;-1.2292325e-01;3.5750000e+02;-1.0418698e-01;3.5750000e+02;-6.5763354e-02;3.5750000e+02;-5.4145912e-03;3.5750000e+02;8.4816173e-02;3.5750000e+02;1.7021379e-01;3.5750000e+02;2.1260849e-01;3.5750000e+02;2.1833719e-01;3.5750000e+02;1.9144233e-01;3.5750000e+02;1.3477692e-01;3.5750000e+02;7.5566471e-02;3.5750000e+02;1.8534847e-02;3.5750000e+02;-3.5598636e-02;3.5750000e+02;-8.7139346e-02;3.5750000e+02;-1.3762324e-01;3.5750000e+02;-1.8882567e-01;3.5750000e+02;-1.0614167e-01;3.5750000e+02;-1.2314235e-01;3.5750000e+02;-1.2292325e-01;3.5750000e+02;-1.0418698e-01;3.5750000e+02;-6.5763354e-02;3.5750000e+02;-5.4145912e-03;3.5750000e+02;8.4816173e-02;3.5750000e+02;1.7021379e-01;3.5750000e+02;2.1260849e-01;3.5750000e+02;2.1833719e-01;3.5750000e+02;1.9144233e-01;3.5750000e+02;1.3477692e-01;3.5750000e+02;7.5566471e-02;3.5750000e+02;1.8534847e-02;3.5750000e+02;-3.5598636e-02;3.5750000e+02;-8.7139346e-02;3.5750000e+02;-1.3762324e-01;3.5750000e+02;-1.8882567e-01;3.5750000e+02;-1.0614167e-01;3.5750000e+02;-1.2314235e-01;3.5750000e+02;-1.2292325e-01;3.5750000e+02;-1.0418698e-01;3.5750000e+02;-6.5763354e-02;3.5750000e+02;-5.4145912e-03;3.5750000e+02;8.4816173e-02;3.5750000e+02;1.7021379e-01;3.5750000e+02;2.1260849e-01;3.5750000e+02;2.1833719e-01;3.5750000e+02;1.9144233e-01;3.5750000e+02;1.3477692e-01;3.5750000e+02;7.5566471e-02;3.5750000e+02;1.8534847e-02;3.5750000e+02;-3.5598636e-02;3.5750000e+02;-8.7139346e-02;3.5750000e+02;-1.3762324e-01;3.5750000e+02;-1.8882567e-01;3.5750000e+02;-1.0614167e-01;3.5750000e+02;-1.2314235e-01;3.5750000e+02;-1.2292325e-01;3.5750000e+02;-1.0418698e-01;3.5750000e+02;-6.5763354e-02;3.5750000e+02;-5.4145912e-03;3.5750000e+02;8.4816173e-02;3.5750000e+02;1.7021379e-01;3.5750000e+02;2.1260849e-01;3.5750000e+02;2.1833719e-01;3.5750000e+02;1.9144233e-01;3.5750000e+02;1.3477692e-01;3.5750000e+02;7.5566471e-02;3.5750000e+02;1.8534847e-02;3.5750000e+02;-3.5598636e-02;3.5750000e+02;-8.7139346e-02;3.5750000e+02;-1.3762324e-01;3.5750000e+02;-1.8882567e-01;3.5750000e+02;-1.0614167e-01;3.5750000e+02;-1.2314235e-01;3.5750000e+02;-1.2292325e-01;3.5750000e+02;-1.0418698e-01;3.5750000e+02;-6.5763354e-02;3.5750000e+02;-5.4145912e-03;3.5750000e+02;8.4816173e-02;3.5750000e+02;1.7021379e-01;3.5750000e+02;2.1260849e-01;3.5750000e+02;2.1833719e-01;3.5750000e+02;1.9144233e-01;3.5750000e+02;1.3477692e-01;3.5750000e+02;7.5566471e-02;3.5750000e+02;1.8534847e-02;3.5750000e+02;-3.5598636e-02;3.5750000e+02;-8.7139346e-02;3.5750000e+02;-1.3762324e-01;3.5750000e+02;-1.8882567e-01;3.5750000e+02;-1.0614167e-01;3.5750000e+02;-1.2314235e-01;3.5750000e+02;-1.2292325e-01;3.5750000e+02;-1.0418698e-01;3.5750000e+02;-6.5763354e-02;3.5750000e+02;-5.4145912e-03;3.5750000e+02;8.4816173e-02;3.5750000e+02;1.7021379e-01;3.5750000e+02;2.1260849e-01;3.5750000e+02;2.1833719e-01;3.5750000e+02;1.9144233e-01;3.5750000e+02;1.3477692e-01;3.5750000e+02;7.5566471e-02;3.5750000e+02;1.8534847e-02;3.5750000e+02;-3.5598636e-02;3.5750000e+02;-8.7139346e-02;3.5750000e+02;-1.3762324e-01;3.5750000e+02;-1.8882567e-01;3.5750000e+02;-1.0614167e-01;3.5750000e+02;-1.2314235e-01;3.5750000e+02;-1.2292325e-01;3.5750000e+02;-1.0418698e-01;3.5750000e+02;-6.5763354e-02;3.5750000e+02;-5.4145912e-03;3.5750000e+02;8.4816173e-02;3.5750000e+02;1.7021379e-01;3.5750000e+02;2.1260849e-01;3.5750000e+02;2.1833719e-01;3.5750000e+02;1.9144233e-01;3.5750000e+02;1.3477692e-01;3.5750000e+02;7.5566471e-02;3.5750000e+02;1.8534847e-02;3.5750000e+02;-3.5598636e-02;3.5750000e+02;-8.7139346e-02;3.5750000e+02;-1.3762324e-01;3.5750000e+02;-1.8882567e-01;3.5750000e+02;-1.0614167e-01;3.5750000e+02;-1.2314235e-01;3.5750000e+02;-1.2292325e-01;3.5750000e+02;-1.0418698e-01;3.5750000e+02;-6.5763354e-02;3.5750000e+02;-5.4145912e-03;3.5750000e+02;8.4816173e-02;3.5750000e+02;1.7021379e-01;3.5750000e+02;2.1260849e-01;3.5750000e+02;2.1833719e-01;3.5750000e+02;1.9144233e-01;3.5750000e+02;1.3477692e-01;3.5750000e+02;7.5566471e-02;3.5750000e+02;1.8534847e-02;3.5750000e+02;-3.5598636e-02;3.5750000e+02;-8.7139346e-02;3.5750000e+02;-1.3762324e-01;3.5750000e+02;-1.8882567e-01;3.5750000e+02;-1.0614167e-01;3.5750000e+02;-1.2314235e-01;3.5750000e+02;-1.2292325e-01;3.5750000e+02;-1.0418698e-01;3.5750000e+02;-6.5763354e-02;3.5750000e+02;-5.4145912e-03;3.5750000e+02;8.4816173e-02;3.5750000e+02;1.7021379e-01;3.5750000e+02;2.1260849e-01;3.5750000e+02;2.1833719e-01;3.5750000e+02;1.9144233e-01;3.5750000e+02;1.3477692e-01;3.5750000e+02;7.5566471e-02;3.5750000e+02;1.8534847e-02;3.5750000e+02;-3.5598636e-02;3.5750000e+02;-8.7139346e-02;3.5750000e+02;-1.3762324e-01;3.5750000e+02;-1.8882567e-01;3.5750000e+02;-1.0614167e-01;3.5750000e+02;-1.2314235e-01;3.5750000e+02;-1.2292325e-01;3.5750000e+02;-1.0418698e-01;3.5750000e+02;-6.5763354e-02;3.5750000e+02;-5.4145912e-03;3.5750000e+02;8.4816173e-02;3.5750000e+02;1.7021379e-01;3.5750000e+02;2.1260849e-01;3.5750000e+02;2.1833719e-01;3.5750000e+02;1.9144233e-01;3.5750000e+02;1.3477692e-01;3.5750000e+02;7.5566471e-02;3.5750000e+02;1.8534847e-02;3.5750000e+02;-3.5598636e-02;3.5750000e+02;-8.7139346e-02;3.5750000e+02;-1.3762324e-01;3.5750000e+02;-1.8882567e-01;3.5750000e+02;-1.0614167e-01;3.5750000e+02;-1.2314235e-01;3.5750000e+02;-1.2292325e-01;3.5750000e+02;-1.0418698e-01;3.5750000e+02;-6.5763354e-02;3.5750000e+02;-5.4145912e-03;3.5750000e+02;8.4816173e-02;3.5750000e+02;1.7021379e-01;3.5750000e+02;2.1260849e-01;3.5750000e+02;2.1833719e-01;3.5750000e+02;1.9144233e-01;3.5750000e+02;1.3477692e-01;3.5750000e+02;7.5566471e-02;3.5750000e+02;1.8534847e-02;3.5750000e+02;-3.5598636e-02;3.5750000e+02;-8.7139346e-02;3.5750000e+02;-1.3762324e-01;3.5750000e+02;-1.8882567e-01;3.5750000e+02;-1.0614167e-01;3.5750000e+02;-1.2314235e-01;3.5750000e+02;-1.2292325e-01;3.5750000e+02;-1.0418698e-01;3.5750000e+02;-6.5763354e-02;3.5750000e+02;-5.4145912e-03;3.5750000e+02;8.4816173e-02;3.5750000e+02;1.7021379e-01;3.5750000e+02;2.1260849e-01;3.5750000e+02;2.1833719e-01;3.5750000e+02;1.9144233e-01;3.5750000e+02;1.3477692e-01;3.5750000e+02;7.5566471e-02;3.5750000e+02;1.8534847e-02;3.5750000e+02;-3.5598636e-02;3.5750000e+02;-8.7139346e-02;3.5750000e+02;-1.3762324e-01;3.5750000e+02;-1.8882567e-01;3.5750000e+02;-1.0614167e-01;3.5750000e+02;-1.2314235e-01;3.5750000e+02;-1.2292325e-01;3.5750000e+02;-1.0418698e-01;3.5750000e+02;-6.5763354e-02;3.5750000e+02;-5.4145912e-03;3.5750000e+02;8.4816173e-02;3.5750000e+02;1.7021379e-01;3.5750000e+02;2.1260849e-01;3.5750000e+02;2.1833719e-01;3.5750000e+02;1.9144233e-01;3.5750000e+02;1.3477692e-01;3.5750000e+02;7.5566471e-02;3.5750000e+02;1.8534847e-02;3.5750000e+02;-3.5598636e-02;3.5750000e+02;-8.7139346e-02;3.5750000e+02;-1.3762324e-01;3.5750000e+02;-1.8882567e-01;3.5750000e+02;-1.0614167e-01;3.5750000e+02;-1.2314235e-01;3.5750000e+02;-1.2292325e-01;3.5750000e+02;-1.0418698e-01;3.5750000e+02;-6.5763354e-02;3.5750000e+02;-5.4145912e-03;3.5750000e+02;8.4816173e-02;3.5750000e+02;1.7021379e-01;3.5750000e+02;2.1260849e-01;3.5750000e+02;2.1833719e-01;3.5750000e+02;1.9144233e-01;3.5750000e+02;1.3477692e-01;3.5750000e+02;7.5566471e-02;3.5750000e+02;1.8534847e-02;3.5750000e+02;-3.5598636e-02;3.5750000e+02;-8.7139346e-02;3.5750000e+02;-1.3762324e-01;3.5750000e+02;-1.8882567e-01
